#0000000000000000
#assigned_pet=-1,-1,-1,-1,-1,-1,-1,-1,
#assigned_hub=-1,-1,-1,-1,-1,-1,-1,-1,
#moving_targetting_pos=29,30|5,30|15,30|2,29|12,29|9,2|19,30|22,29|
#setting_targetting_pos=29,2|5,1|15,1|2,1|12,1|9,30|19,2|22,1|
#type=1,1,1,1,1,1,1,1,
RRRRRLRR
#0000000000000000
#assigned_pet=-1,-1,-1,-1,-1,-1,-1,-1,
#assigned_hub=-1,-1,-1,-1,-1,-1,-1,-1,
#moving_targetting_pos=29,30|5,30|15,30|2,29|12,29|9,2|19,30|22,29|
#setting_targetting_pos=29,2|5,1|15,1|2,1|12,1|9,30|19,2|22,1|
#type=1,1,1,1,1,1,1,1,
RRRRRLRR
#0000000000000000
#assigned_pet=-1,-1,-1,-1,-1,-1,-1,-1,
#assigned_hub=-1,-1,-1,-1,-1,-1,-1,-1,
#moving_targetting_pos=29,30|5,30|15,30|2,29|12,29|9,2|19,30|22,29|
#setting_targetting_pos=29,2|5,1|15,1|2,1|12,1|9,30|19,2|22,1|
#type=1,2,1,1,1,1,1,1,
RdRRRLRR
#0000000000000000
#assigned_pet=-1,-1,-1,-1,-1,-1,-1,-1,
#assigned_hub=-1,-1,-1,-1,-1,-1,-1,-1,
#moving_targetting_pos=29,30|5,30|15,30|2,29|12,29|9,2|19,30|22,29|
#setting_targetting_pos=29,2|5,1|15,1|2,1|12,1|9,30|19,2|22,1|
#type=1,2,1,1,1,1,1,1,
RLRRRLRR
#0000000000000000
#assigned_pet=-1,-1,-1,-1,-1,-1,-1,-1,
#assigned_hub=-1,-1,-1,-1,-1,-1,-1,-1,
#moving_targetting_pos=29,30|5,30|15,30|2,29|12,29|9,2|19,30|22,29|
#setting_targetting_pos=29,2|5,1|15,1|2,1|12,1|9,30|19,2|22,1|
#type=1,2,1,1,1,1,1,1,
RdRRRLRR
#0000000000000000
#assigned_pet=-1,-1,-1,-1,-1,-1,-1,-1,
#assigned_hub=-1,-1,-1,-1,-1,-1,-1,-1,
#moving_targetting_pos=29,30|5,30|15,30|2,29|12,29|9,2|19,30|22,29|
#setting_targetting_pos=29,2|5,1|15,1|2,1|12,1|9,30|19,2|22,1|
#type=2,2,1,1,1,1,1,1,
dLRURDRR
#0000000000000000
#assigned_pet=-1,-1,-1,-1,-1,-1,-1,-1,
#assigned_hub=-1,-1,-1,-1,-1,-1,-1,-1,
#moving_targetting_pos=29,30|5,30|15,30|2,29|12,29|9,2|19,30|22,29|
#setting_targetting_pos=29,2|5,1|15,1|2,1|12,1|9,30|19,2|22,1|
#type=2,2,1,1,1,1,1,1,
L.RRRDRD
#0000000000000000
#assigned_pet=-1,-1,-1,-1,-1,-1,-1,-1,
#assigned_hub=-1,-1,-1,-1,-1,-1,-1,-1,
#moving_targetting_pos=29,30|5,30|15,30|2,29|12,29|9,2|19,30|22,29|
#setting_targetting_pos=29,2|5,1|15,1|2,1|12,1|9,30|19,2|22,1|
#type=2,2,1,1,1,1,1,1,
L.RURDRD
#0000000000000000
#assigned_pet=-1,-1,-1,-1,-1,-1,-1,-1,
#assigned_hub=-1,-1,-1,-1,-1,-1,-1,-1,
#moving_targetting_pos=29,30|5,30|15,30|2,29|12,29|9,2|19,30|22,29|
#setting_targetting_pos=29,2|5,1|15,1|2,1|12,1|9,30|19,2|22,1|
#type=2,2,1,1,1,1,1,1,
r.UURDRD
#0000000000000000
#assigned_pet=-1,-1,-1,-1,-1,-1,-1,-1,
#assigned_hub=-1,-1,-1,-1,-1,-1,-1,-1,
#moving_targetting_pos=29,30|5,30|15,30|2,29|12,29|9,2|19,30|22,29|
#setting_targetting_pos=29,2|5,1|15,1|2,1|12,1|9,30|19,2|22,1|
#type=2,2,1,1,1,2,1,1,
uuUURdRD
#0000000000000000
#assigned_pet=-1,-1,-1,-1,-1,-1,-1,-1,
#assigned_hub=-1,-1,-1,-1,-1,-1,-1,-1,
#moving_targetting_pos=29,30|5,30|15,30|2,29|12,29|9,2|19,30|22,29|
#setting_targetting_pos=29,2|5,1|15,1|2,1|12,1|9,30|19,2|22,1|
#type=2,2,2,2,1,2,1,1,
LLdrRRRR
#0000000000000000
#assigned_pet=-1,-1,-1,-1,-1,-1,-1,-1,
#assigned_hub=-1,-1,-1,-1,-1,-1,-1,-1,
#moving_targetting_pos=29,30|5,30|15,30|2,29|12,29|9,2|19,30|22,29|
#setting_targetting_pos=29,2|5,1|15,1|2,1|12,1|9,30|19,2|22,1|
#type=2,2,2,2,1,2,1,1,
LLLdRRLD
#0000000000000000
#assigned_pet=-1,-1,-1,-1,-1,-1,-1,-1,
#assigned_hub=-1,-1,-1,-1,-1,-1,-1,-1,
#moving_targetting_pos=29,30|5,30|15,30|2,29|12,29|9,2|19,30|22,29|
#setting_targetting_pos=29,2|5,1|15,1|2,1|12,1|9,30|19,2|22,1|
#type=2,2,2,2,1,2,1,1,
dLdLUlDD
#0000000000000000
#assigned_pet=-1,-1,-1,-1,-1,-1,-1,-1,
#assigned_hub=-1,-1,-1,-1,-1,-1,-1,-1,
#moving_targetting_pos=29,30|5,30|15,30|2,29|12,29|9,2|19,30|22,29|
#setting_targetting_pos=29,2|5,1|15,1|2,1|12,1|9,30|19,2|22,1|
#type=2,2,2,2,2,2,1,1,
LLLLruLL
#0000000000000000
#assigned_pet=-1,-1,-1,-1,-1,-1,-1,-1,
#assigned_hub=-1,-1,-1,-1,-1,-1,-1,-1,
#moving_targetting_pos=29,30|5,30|15,30|2,29|12,29|9,2|19,30|22,29|
#setting_targetting_pos=29,2|5,1|15,1|2,1|12,1|9,30|19,2|22,1|
#type=2,2,2,2,2,2,1,1,
ru.L.RDD
#0000000000000000
#assigned_pet=-1,-1,-1,-1,-1,-1,-1,-1,
#assigned_hub=-1,-1,-1,-1,-1,-1,-1,-1,
#moving_targetting_pos=29,30|5,30|15,30|2,29|12,29|9,2|19,30|22,29|
#setting_targetting_pos=29,2|5,1|15,1|2,1|12,1|9,30|19,2|22,1|
#type=2,2,2,2,2,2,1,1,
LL.ddRDD
#0000000000000000
#assigned_pet=-1,-1,-1,-1,-1,-1,-1,-1,
#assigned_hub=-1,-1,-1,-1,-1,-1,-1,-1,
#moving_targetting_pos=29,30|5,30|15,30|2,29|12,29|9,2|19,30|22,29|
#setting_targetting_pos=29,2|5,1|15,1|2,1|12,1|9,30|19,2|22,1|
#type=2,2,2,2,2,2,1,1,
.d.uLdDD
#0000000000000000
#assigned_pet=-1,-1,-1,-1,-1,-1,-1,-1,
#assigned_hub=-1,-1,-1,-1,-1,-1,-1,-1,
#moving_targetting_pos=29,30|5,30|15,30|2,29|12,29|9,2|19,30|22,29|
#setting_targetting_pos=29,2|5,1|15,1|2,1|12,1|9,30|19,2|22,1|
#type=2,2,2,2,2,2,1,1,
.LuLLRDD
#0000000000000000
#assigned_pet=-1,-1,-1,-1,-1,-1,-1,-1,
#assigned_hub=-1,-1,-1,-1,-1,-1,-1,-1,
#moving_targetting_pos=29,30|5,30|15,30|2,29|12,29|9,2|19,30|22,29|
#setting_targetting_pos=29,2|5,1|15,1|2,1|12,1|9,30|19,2|22,1|
#type=2,2,2,2,2,2,1,1,
.dLrLlRL
#0000000000000000
#assigned_pet=-1,-1,-1,-1,-1,-1,-1,-1,
#assigned_hub=-1,-1,-1,-1,-1,-1,-1,-1,
#moving_targetting_pos=29,30|5,30|15,30|2,29|12,29|9,2|19,30|22,29|
#setting_targetting_pos=29,2|5,1|15,1|2,1|12,1|9,30|19,2|22,1|
#type=2,2,2,2,2,2,1,1,
.LLLuRRD
#0000000000000000
#assigned_pet=-1,-1,-1,-1,-1,-1,-1,-1,
#assigned_hub=-1,-1,-1,-1,-1,-1,-1,-1,
#moving_targetting_pos=29,30|5,30|15,30|2,29|12,29|9,2|19,30|22,29|
#setting_targetting_pos=29,2|5,1|15,1|2,1|12,1|9,30|19,2|22,1|
#type=2,2,2,2,2,2,1,1,
.dLLduDD
#0000000000000000
#assigned_pet=-1,-1,-1,-1,-1,-1,-1,-1,
#assigned_hub=-1,-1,-1,-1,-1,-1,-1,-1,
#moving_targetting_pos=29,30|5,30|15,30|2,29|12,29|9,2|19,30|22,29|
#setting_targetting_pos=29,2|5,1|15,1|2,1|12,1|9,30|19,2|22,1|
#type=2,2,2,2,2,2,1,1,
.LLdLRDR
#0000000000000000
#assigned_pet=-1,-1,-1,-1,-1,-1,-1,-1,
#assigned_hub=-1,-1,-1,-1,-1,-1,-1,-1,
#moving_targetting_pos=29,30|5,30|15,30|2,29|12,29|9,2|19,30|22,29|
#setting_targetting_pos=29,2|5,1|15,1|2,1|12,1|9,30|19,2|22,1|
#type=2,2,2,2,2,2,2,1,
.duLrRdD
#0000000000000000
#assigned_pet=-1,-1,-1,-1,-1,-1,-1,-1,
#assigned_hub=-1,-1,-1,-1,-1,-1,-1,-1,
#moving_targetting_pos=29,30|5,30|15,30|2,29|12,29|9,2|19,30|22,29|
#setting_targetting_pos=29,2|5,1|15,1|2,1|12,1|9,30|19,2|22,1|
#type=2,2,2,2,2,2,2,1,
.LLLLlLD
#0000000000000000
#assigned_pet=-1,-1,-1,-1,-1,-1,-1,-1,
#assigned_hub=-1,-1,-1,-1,-1,-1,-1,-1,
#moving_targetting_pos=29,30|5,30|15,30|2,29|12,29|9,2|19,30|22,29|
#setting_targetting_pos=29,2|5,1|15,1|2,1|12,1|9,30|19,2|22,1|
#type=2,2,2,2,2,2,2,1,
.ddrLdLR
#0000000000000000
#assigned_pet=-1,-1,-1,-1,-1,-1,-1,-1,
#assigned_hub=-1,-1,-1,-1,-1,-1,-1,-1,
#moving_targetting_pos=29,30|5,30|15,30|2,29|12,29|9,2|19,30|22,29|
#setting_targetting_pos=29,2|5,1|15,1|2,1|12,1|9,30|19,2|22,1|
#type=2,2,2,2,2,2,2,1,
.LLudRuD
#0000000000000000
#assigned_pet=-1,-1,-1,-1,-1,-1,-1,-1,
#assigned_hub=-1,-1,-1,-1,-1,-1,-1,-1,
#moving_targetting_pos=29,30|5,30|15,30|2,29|12,29|9,2|19,30|22,29|
#setting_targetting_pos=29,2|5,1|15,1|2,1|12,1|9,30|19,2|22,1|
#type=2,2,2,2,2,2,2,1,
.udLLR.D
#0000000000000000
#assigned_pet=-1,-1,-1,-1,-1,-1,-1,-1,
#assigned_hub=-1,-1,-1,-1,-1,-1,-1,-1,
#moving_targetting_pos=29,30|5,30|15,30|2,29|12,29|9,2|19,30|22,29|
#setting_targetting_pos=29,2|5,1|15,1|2,1|12,1|9,30|19,2|22,1|
#type=2,2,2,2,2,2,2,1,
uLLLLd.D
#0000000000000000
#assigned_pet=-1,-1,-1,-1,-1,-1,-1,-1,
#assigned_hub=-1,-1,-1,-1,-1,-1,-1,-1,
#moving_targetting_pos=29,30|5,30|15,30|2,29|12,29|9,2|19,30|22,29|
#setting_targetting_pos=29,2|5,1|15,1|2,1|12,1|9,30|19,2|22,1|
#type=2,2,2,2,2,2,2,1,
LLdrrR.D
#0000000000000000
#assigned_pet=-1,-1,-1,-1,-1,-1,-1,-1,
#assigned_hub=-1,-1,-1,-1,-1,-1,-1,-1,
#moving_targetting_pos=29,30|5,30|15,30|2,29|12,29|9,2|19,30|22,29|
#setting_targetting_pos=29,2|5,1|15,1|2,1|12,1|9,30|19,2|22,1|
#type=2,2,2,2,2,2,2,1,
LLLduRrD
#0000000000000000
#assigned_pet=-1,-1,-1,-1,-1,-1,-1,-1,
#assigned_hub=-1,-1,-1,-1,-1,-1,-1,-1,
#moving_targetting_pos=29,30|5,30|15,30|2,29|12,29|9,2|19,30|22,29|
#setting_targetting_pos=29,2|5,1|15,1|2,1|12,1|9,30|19,2|22,1|
#type=2,2,2,2,2,2,2,2,
.LdLLlLr
#0000000000000000
#assigned_pet=-1,-1,-1,-1,-1,-1,-1,-1,
#assigned_hub=-1,-1,-1,-1,-1,-1,-1,-1,
#moving_targetting_pos=29,30|5,30|15,30|2,29|12,29|9,2|19,30|22,29|
#setting_targetting_pos=29,2|5,1|15,1|2,1|12,1|9,30|19,2|22,1|
#type=2,2,2,2,2,2,2,2,
r.LLLuLd
#0000000000000000
#assigned_pet=-1,-1,-1,-1,-1,-1,-1,-1,
#assigned_hub=-1,-1,-1,-1,-1,-1,-1,-1,
#moving_targetting_pos=29,30|5,30|15,30|2,29|12,29|9,2|19,30|22,29|
#setting_targetting_pos=29,2|5,1|15,1|2,1|12,1|9,30|19,2|22,1|
#type=2,2,2,2,2,2,2,2,
dudLrRdL
#0000000000000000
#assigned_pet=-1,-1,-1,-1,-1,-1,-1,-1,
#assigned_hub=-1,-1,-1,-1,-1,-1,-1,-1,
#moving_targetting_pos=29,30|5,30|15,30|2,29|12,29|9,2|19,30|22,29|
#setting_targetting_pos=29,2|5,1|15,1|2,1|12,1|9,30|19,2|22,1|
#type=2,2,2,2,2,2,2,2,
LLLddRLL
#0000000000000000
#assigned_pet=-1,-1,-1,-1,-1,-1,-1,-1,
#assigned_hub=-1,-1,-1,-1,-1,-1,-1,-1,
#moving_targetting_pos=29,30|5,30|15,30|2,29|12,29|9,2|19,30|22,29|
#setting_targetting_pos=29,2|5,1|15,1|2,1|12,1|9,30|19,2|22,1|
#type=2,2,2,2,2,2,2,2,
L.uuLdrL
#0000000000000000
#assigned_pet=-1,-1,-1,-1,-1,-1,-1,-1,
#assigned_hub=-1,-1,-1,-1,-1,-1,-1,-1,
#moving_targetting_pos=29,30|5,30|15,30|2,29|12,29|9,2|19,30|22,29|
#setting_targetting_pos=29,2|5,1|15,1|2,1|12,1|9,30|19,2|22,1|
#type=2,2,2,2,2,2,2,2,
ddLLLRLd
#0000000000000000
#assigned_pet=-1,-1,-1,-1,-1,-1,-1,-1,
#assigned_hub=-1,-1,-1,-1,-1,-1,-1,-1,
#moving_targetting_pos=29,30|5,30|15,30|2,29|12,29|9,2|19,30|22,29|
#setting_targetting_pos=29,2|5,1|15,1|2,1|12,1|9,30|19,2|22,1|
#type=2,2,2,2,2,2,2,2,
LLLrLluu
#0000000000000000
#assigned_pet=-1,-1,-1,-1,-1,-1,-1,-1,
#assigned_hub=-1,-1,-1,-1,-1,-1,-1,-1,
#moving_targetting_pos=29,30|5,30|15,30|2,29|12,29|9,2|19,30|22,29|
#setting_targetting_pos=29,2|5,1|15,1|2,1|12,1|9,30|19,2|22,1|
#type=2,2,2,2,2,2,2,2,
L.LLdRLL
#0000000000000000
#assigned_pet=-1,-1,-1,-1,-1,-1,-1,-1,
#assigned_hub=-1,-1,-1,-1,-1,-1,-1,-1,
#moving_targetting_pos=29,30|5,30|15,30|2,29|12,29|9,2|19,30|22,29|
#setting_targetting_pos=29,2|5,1|15,1|2,1|12,1|9,30|19,2|22,1|
#type=2,2,2,2,2,2,2,2,
r.LLuuLr
#0000000000000000
#assigned_pet=-1,-1,-1,-1,-1,-1,-1,-1,
#assigned_hub=-1,-1,-1,-1,-1,-1,-1,-1,
#moving_targetting_pos=29,30|5,30|15,30|2,29|12,29|9,2|19,30|22,29|
#setting_targetting_pos=29,2|5,1|15,1|2,1|12,1|9,30|19,2|22,1|
#type=2,2,2,2,2,2,2,2,
ududLRrL
#0000000000000000
#assigned_pet=-1,-1,-1,-1,-1,-1,-1,-1,
#assigned_hub=-1,-1,-1,-1,-1,-1,-1,-1,
#moving_targetting_pos=29,30|5,30|15,30|2,29|12,29|9,2|19,30|22,29|
#setting_targetting_pos=29,2|5,1|15,1|2,1|12,1|9,30|19,2|22,1|
#type=2,2,2,2,2,2,2,2,
LLLLrRdL
#0000000000000000
#assigned_pet=-1,-1,-1,-1,-1,-1,-1,-1,
#assigned_hub=-1,-1,-1,-1,-1,-1,-1,-1,
#moving_targetting_pos=29,30|5,30|15,30|2,29|12,29|9,2|19,30|22,29|
#setting_targetting_pos=29,2|5,1|15,1|2,1|12,1|9,30|19,2|22,1|
#type=2,2,2,2,2,2,2,2,
LddLLlLd
#0000000000000000
#assigned_pet=-1,-1,-1,-1,-1,-1,-1,-1,
#assigned_hub=-1,-1,-1,-1,-1,-1,-1,-1,
#moving_targetting_pos=29,30|5,30|15,30|2,29|12,29|9,2|19,30|22,29|
#setting_targetting_pos=29,2|5,1|15,1|2,1|12,1|9,30|19,2|22,1|
#type=2,2,2,2,2,2,2,2,
dLLrLdLL
#0000000000000000
#assigned_pet=-1,-1,-1,-1,-1,-1,-1,-1,
#assigned_hub=-1,-1,-1,-1,-1,-1,-1,-1,
#moving_targetting_pos=29,30|5,30|15,30|2,29|12,29|9,2|19,30|22,29|
#setting_targetting_pos=29,2|5,1|15,1|2,1|12,1|9,30|19,2|22,1|
#type=2,2,2,2,2,2,2,2,
L.dudRdL
#0000000000000000
#assigned_pet=-1,-1,-1,-1,-1,-1,-1,-1,
#assigned_hub=-1,-1,-1,-1,-1,-1,-1,-1,
#moving_targetting_pos=29,30|5,30|15,30|2,29|12,29|9,2|19,30|22,29|
#setting_targetting_pos=29,2|5,1|15,1|2,1|12,1|9,30|19,2|22,1|
#type=2,2,2,2,2,2,2,2,
r.LLLRLr
#0000000000000000
#assigned_pet=-1,-1,-1,-1,-1,-1,-1,-1,
#assigned_hub=-1,-1,-1,-1,-1,-1,-1,-1,
#moving_targetting_pos=29,30|5,30|15,30|2,29|12,29|9,2|19,30|22,29|
#setting_targetting_pos=29,2|5,1|15,1|2,1|12,1|9,30|19,2|22,1|
#type=2,2,2,2,2,2,2,2,
L.dLLdLu
#0000000000000000
#assigned_pet=-1,-1,-1,-1,-1,-1,-1,-1,
#assigned_hub=-1,-1,-1,-1,-1,-1,-1,-1,
#moving_targetting_pos=29,30|5,30|15,30|2,29|12,29|9,2|19,30|22,29|
#setting_targetting_pos=29,2|5,1|15,1|2,1|12,1|9,30|19,2|22,1|
#type=2,2,2,2,2,2,2,2,
u.LrrRrL
#0000000000000000
#assigned_pet=-1,-1,-1,-1,-1,-1,-1,-1,
#assigned_hub=-1,-1,-1,-1,-1,-1,-1,-1,
#moving_targetting_pos=29,30|5,30|15,30|2,29|12,29|9,2|19,30|22,29|
#setting_targetting_pos=29,2|5,1|15,1|2,1|12,1|9,30|19,2|22,1|
#type=2,2,2,2,2,2,2,2,
LddduRuL
#0000000000000000
#assigned_pet=-1,-1,-1,-1,-1,-1,-1,-1,
#assigned_hub=-1,-1,-1,-1,-1,-1,-1,-1,
#moving_targetting_pos=29,30|5,30|15,30|2,29|12,29|9,2|19,30|22,29|
#setting_targetting_pos=29,2|5,1|15,1|2,1|12,1|9,30|19,2|22,1|
#type=2,2,2,2,2,2,2,2,
LLLLLlLr
#0000000000000000
#assigned_pet=-1,-1,-1,-1,-1,-1,-1,-1,
#assigned_hub=-1,-1,-1,-1,-1,-1,-1,-1,
#moving_targetting_pos=29,30|5,30|15,30|2,29|12,29|9,2|19,30|22,29|
#setting_targetting_pos=29,2|5,1|15,1|2,1|12,1|9,30|19,2|22,1|
#type=2,2,2,2,2,2,2,2,
rddLLuLd
#0000000000000000
#assigned_pet=-1,-1,-1,-1,-1,-1,-1,-1,
#assigned_hub=-1,-1,-1,-1,-1,-1,-1,-1,
#moving_targetting_pos=29,30|5,30|15,30|2,29|12,29|9,2|19,30|22,29|
#setting_targetting_pos=29,2|5,1|15,1|2,1|12,1|9,30|19,2|22,1|
#type=2,2,2,2,2,2,2,2,
dLLL.RdL
#0000000000000000
#assigned_pet=-1,-1,-1,-1,-1,-1,-1,-1,
#assigned_hub=-1,-1,-1,-1,-1,-1,-1,-1,
#moving_targetting_pos=29,30|5,30|15,30|2,29|12,29|9,2|19,30|22,29|
#setting_targetting_pos=29,2|5,1|15,1|2,1|12,1|9,30|19,2|22,1|
#type=2,2,2,2,2,2,2,2,
Lu.d.RLL
#0000000000000000
#assigned_pet=-1,-1,-1,-1,-1,-1,-1,-1,
#assigned_hub=-1,-1,-1,-1,-1,-1,-1,-1,
#moving_targetting_pos=29,30|5,30|15,30|2,29|12,29|9,2|19,30|22,29|
#setting_targetting_pos=29,2|5,1|15,1|2,1|12,1|9,30|19,2|22,1|
#type=2,2,2,2,2,2,2,2,
LLuu.drL
#0000000000000000
#assigned_pet=-1,-1,-1,-1,-1,-1,-1,-1,
#assigned_hub=-1,-1,-1,-1,-1,-1,-1,-1,
#moving_targetting_pos=29,30|5,30|15,30|2,29|12,29|9,2|19,30|22,29|
#setting_targetting_pos=29,2|5,1|15,1|2,1|12,1|9,30|19,2|22,1|
#type=2,2,2,2,2,2,2,2,
dLLLrRLd
#0000000000000000
#assigned_pet=-1,-1,-1,-1,-1,-1,-1,-1,
#assigned_hub=-1,-1,-1,-1,-1,-1,-1,-1,
#moving_targetting_pos=29,30|5,30|15,30|2,29|12,29|9,2|19,30|22,29|
#setting_targetting_pos=29,2|5,1|15,1|2,1|12,1|9,30|19,2|22,1|
#type=2,2,2,2,2,2,2,2,
LLLr.luu
#0000000000000000
#assigned_pet=-1,-1,-1,-1,-1,-1,-1,-1,
#assigned_hub=-1,-1,-1,-1,-1,-1,-1,-1,
#moving_targetting_pos=29,30|5,30|15,30|2,29|12,29|9,2|19,30|22,29|
#setting_targetting_pos=29,2|5,1|15,1|2,1|12,1|9,30|19,2|22,1|
#type=2,2,2,2,2,2,2,2,
LLLL.RLL
#0000000000000000
#assigned_pet=-1,-1,-1,-1,-1,-1,-1,-1,
#assigned_hub=-1,-1,-1,-1,-1,-1,-1,-1,
#moving_targetting_pos=29,30|5,30|15,30|2,29|12,29|9,2|19,30|22,29|
#setting_targetting_pos=29,2|5,1|15,1|2,1|12,1|9,30|19,2|22,1|
#type=2,2,2,2,2,2,2,2,
ruLL.uLr
#0000000000000000
#assigned_pet=-1,-1,-1,-1,-1,-1,-1,-1,
#assigned_hub=-1,-1,-1,-1,-1,-1,-1,-1,
#moving_targetting_pos=29,30|5,30|15,30|2,29|12,29|9,2|19,30|22,29|
#setting_targetting_pos=29,2|5,1|15,1|2,1|12,1|9,30|19,2|22,1|
#type=2,2,2,2,2,2,2,2,
uLud.RrL
#0000000000000000
#assigned_pet=-1,-1,-1,-1,-1,-1,-1,-1,
#assigned_hub=-1,-1,-1,-1,-1,-1,-1,-1,
#moving_targetting_pos=29,30|5,30|15,30|2,29|12,29|9,2|19,30|22,29|
#setting_targetting_pos=29,2|5,1|15,1|2,1|12,1|9,30|19,2|22,1|
#type=2,2,2,2,2,2,2,2,
L.LLdRdL
#0000000000000000
#assigned_pet=-1,-1,-1,-1,-1,-1,-1,-1,
#assigned_hub=-1,-1,-1,-1,-1,-1,-1,-1,
#moving_targetting_pos=29,30|5,30|15,30|2,29|12,29|9,2|19,30|22,29|
#setting_targetting_pos=29,2|5,1|15,1|2,1|12,1|9,30|19,2|22,1|
#type=2,2,2,2,2,2,2,2,
LddLLlLd
#0000000000000000
#assigned_pet=-1,-1,-1,-1,-1,-1,-1,-1,
#assigned_hub=-1,-1,-1,-1,-1,-1,-1,-1,
#moving_targetting_pos=29,30|5,30|15,30|2,29|12,29|9,2|19,30|22,29|
#setting_targetting_pos=29,2|5,1|15,1|2,1|12,1|9,30|19,2|22,1|
#type=2,2,2,2,2,2,2,2,
dLL.LdLL
#0000000000000000
#assigned_pet=-1,-1,-1,-1,-1,-1,-1,-1,
#assigned_hub=-1,-1,-1,-1,-1,-1,-1,-1,
#moving_targetting_pos=29,30|5,30|15,30|2,29|12,29|25,30|19,30|22,29|
#setting_targetting_pos=29,2|5,1|15,1|2,1|12,1|25,1|19,2|22,1|
#type=2,2,2,2,2,1,2,2,
L.d.LUdL
#0000000000000000
#assigned_pet=-1,-1,-1,-1,-1,-1,-1,-1,
#assigned_hub=-1,-1,-1,-1,-1,-1,-1,-1,
#moving_targetting_pos=29,30|5,30|15,30|2,29|12,29|25,30|19,30|22,29|
#setting_targetting_pos=29,2|5,1|15,1|2,1|12,1|25,1|19,2|22,1|
#type=2,2,2,2,2,1,2,2,
r.LudLLr
#0000000000000000
#assigned_pet=-1,-1,-1,-1,-1,-1,-1,-1,
#assigned_hub=-1,-1,-1,-1,-1,-1,-1,-1,
#moving_targetting_pos=29,30|5,30|15,30|2,29|12,29|25,30|19,30|22,29|
#setting_targetting_pos=29,2|5,1|15,1|2,1|12,1|25,1|19,2|22,1|
#type=2,2,2,2,2,1,2,2,
Ldd.uULu
#0000000000000000
#assigned_pet=-1,-1,-1,-1,-1,-1,-1,-1,
#assigned_hub=-1,-1,3,-1,-1,-1,-1,-1,
#moving_targetting_pos=29,30|5,30|16,6|2,29|12,29|25,30|19,30|22,29|
#setting_targetting_pos=29,2|5,1|15,1|2,1|12,1|25,1|19,2|22,1|
#type=2,2,3,2,2,1,2,2,
uLR.LLrL
#0000000000000000
#assigned_pet=-1,-1,-1,-1,-1,-1,-1,-1,
#assigned_hub=-1,-1,3,-1,-1,-1,-1,-1,
#moving_targetting_pos=29,30|5,30|16,6|2,29|12,29|25,30|19,30|22,29|
#setting_targetting_pos=29,2|5,1|-1,-1|2,1|12,1|25,1|19,2|22,1|
#type=2,2,3,2,2,1,2,2,
LdR.rLuL
#0000000000000000
#assigned_pet=-1,-1,-1,-1,-1,-1,-1,-1,
#assigned_hub=-1,0,3,-1,-1,-1,-1,-1,
#moving_targetting_pos=29,30|6,6|16,6|2,29|12,29|25,30|19,30|22,29|
#setting_targetting_pos=29,2|5,1|-1,-1|2,1|12,1|25,1|19,2|22,1|
#type=2,3,3,2,2,1,2,2,
LRRrLDLr
#0000000000000000
#assigned_pet=-1,-1,-1,-1,-1,-1,-1,-1,
#assigned_hub=-1,0,3,1,-1,-1,-1,-1,
#moving_targetting_pos=29,30|6,6|16,6|6,16|12,29|25,30|19,30|22,29|
#setting_targetting_pos=29,2|-1,-1|-1,-1|2,1|12,1|25,1|19,2|22,1|
#type=2,3,3,3,2,1,2,2,
dRRDLDLd
#0000000000000000
#assigned_pet=-1,-1,-1,-1,-1,-1,-1,-1,
#assigned_hub=-1,0,3,1,-1,-1,-1,-1,
#moving_targetting_pos=29,30|6,6|-1,-1|6,16|12,29|25,30|19,30|22,29|
#setting_targetting_pos=29,2|-1,-1|-1,-1|-1,-1|12,1|25,1|19,2|22,1|
#type=2,3,4,3,2,1,2,2,
.R.RdDdL
#0000000000000000
#assigned_pet=-1,-1,-1,-1,-1,-1,-1,-1,
#assigned_hub=-1,0,3,1,-1,-1,-1,-1,
#moving_targetting_pos=29,30|6,6|-1,-1|6,16|12,29|25,30|19,30|22,29|
#setting_targetting_pos=29,2|-1,-1|-1,-1|-1,-1|12,1|25,1|19,2|22,1|
#type=2,3,4,3,2,1,2,2,
.R.DLDLL
#0000000000000000
#assigned_pet=-1,7,-1,-1,-1,-1,-1,-1,
#assigned_hub=-1,0,3,1,-1,-1,-1,-1,
#moving_targetting_pos=29,30|-1,-1|-1,-1|6,16|12,29|25,30|19,30|22,29|
#setting_targetting_pos=29,2|5,4|-1,-1|-1,-1|12,1|25,1|19,2|22,1|
#type=2,4,4,3,2,1,2,2,
...RLDrL
#0000000000000000
#assigned_pet=-1,7,-1,-1,-1,-1,-1,-1,
#assigned_hub=-1,0,3,1,-1,-1,-1,-1,
#moving_targetting_pos=29,30|-1,-1|-1,-1|6,16|12,29|25,30|19,30|22,29|
#setting_targetting_pos=29,2|5,4|-1,-1|-1,-1|12,1|25,1|19,2|22,1|
#type=2,4,4,3,2,1,2,2,
...DrDLd
#0000000000000000
#assigned_pet=-1,7,-1,-1,-1,-1,-1,-1,
#assigned_hub=-1,0,3,6,-1,-1,-1,-1,
#moving_targetting_pos=29,30|-1,-1|-1,-1|26,6|12,29|25,30|19,30|22,29|
#setting_targetting_pos=29,2|5,4|-1,-1|-1,-1|12,1|25,1|19,2|22,1|
#type=2,4,4,3,2,1,2,2,
r..RuDuu
#0000000000000000
#assigned_pet=-1,7,-1,-1,-1,-1,-1,-1,
#assigned_hub=4,0,3,6,5,-1,-1,-1,
#moving_targetting_pos=16,16|-1,-1|-1,-1|26,6|16,26|25,30|19,30|22,29|
#setting_targetting_pos=29,2|5,4|-1,-1|-1,-1|12,1|25,1|19,2|22,1|
#type=3,4,4,3,3,1,2,2,
U..RDDLL
#0000000000000000
#assigned_pet=-1,7,-1,-1,-1,-1,-1,-1,
#assigned_hub=4,0,3,1,6,-1,-1,-1,
#moving_targetting_pos=16,16|-1,-1|-1,-1|6,16|26,6|25,30|19,30|22,29|
#setting_targetting_pos=-1,-1|5,4|-1,-1|-1,-1|-1,-1|25,1|19,2|22,1|
#type=3,4,4,3,3,1,2,2,
R..RRDLr
#0000000100000000
#assigned_pet=-1,7,-1,-1,-1,-1,-1,-1,
#assigned_hub=4,0,3,1,6,-1,-1,-1,
#moving_targetting_pos=16,16|-1,-1|-1,-1|6,16|26,6|25,30|19,30|22,29|
#setting_targetting_pos=-1,-1|5,4|-1,-1|-1,-1|-1,-1|25,1|19,2|22,1|
#type=3,5,4,3,3,1,2,2,
Ul.RDDrL
#0000000100000000
#assigned_pet=-1,10,-1,-1,-1,-1,-1,-1,
#assigned_hub=4,0,3,1,6,-1,-1,-1,
#moving_targetting_pos=16,16|-1,-1|-1,-1|6,16|26,6|25,30|19,30|22,29|
#setting_targetting_pos=-1,-1|7,4|-1,-1|-1,-1|-1,-1|25,1|19,2|22,1|
#type=3,4,4,3,3,1,2,2,
RD.RRDdL
#0000000100000000
#assigned_pet=-1,10,-1,-1,-1,-1,-1,-1,
#assigned_hub=4,0,3,1,6,-1,5,-1,
#moving_targetting_pos=16,16|-1,-1|-1,-1|6,16|26,6|25,30|16,26|22,29|
#setting_targetting_pos=-1,-1|7,4|-1,-1|-1,-1|-1,-1|25,1|19,2|22,1|
#type=3,4,4,3,3,1,3,2,
RL.RDDU.
#0000000100000000
#assigned_pet=-1,10,-1,-1,-1,-1,-1,-1,
#assigned_hub=4,0,3,1,6,-1,5,-1,
#moving_targetting_pos=16,16|-1,-1|-1,-1|6,16|26,6|25,30|16,26|22,29|
#setting_targetting_pos=-1,-1|7,4|-1,-1|-1,-1|-1,-1|25,1|-1,-1|22,1|
#type=3,4,4,3,3,1,3,2,
R..RRRR.
#0000000100100000
#assigned_pet=-1,10,-1,-1,-1,-1,-1,-1,
#assigned_hub=4,0,3,1,6,-1,5,-1,
#moving_targetting_pos=16,16|-1,-1|-1,-1|6,16|26,6|25,30|16,26|22,29|
#setting_targetting_pos=-1,-1|7,4|-1,-1|-1,-1|-1,-1|25,1|-1,-1|22,1|
#type=3,5,4,3,3,1,3,2,
Rd.RRDUd
#0000000100100000
#assigned_pet=-1,13,13,-1,-1,-1,-1,-1,
#assigned_hub=4,0,3,1,6,-1,5,-1,
#moving_targetting_pos=16,16|-1,-1|-1,-1|6,16|26,6|25,30|16,26|22,29|
#setting_targetting_pos=-1,-1|8,7|14,7|-1,-1|-1,-1|25,1|-1,-1|22,1|
#type=3,4,4,3,3,1,3,2,
RRRRDDRL
#0000000100100000
#assigned_pet=-1,13,13,-1,-1,-1,-1,-1,
#assigned_hub=4,0,3,1,6,-1,5,-1,
#moving_targetting_pos=16,16|-1,-1|-1,-1|6,16|26,6|25,30|16,26|22,29|
#setting_targetting_pos=-1,-1|8,7|14,7|-1,-1|-1,-1|25,1|-1,-1|22,1|
#type=3,4,4,3,3,1,3,2,
RRRRDDRL
#0000000100100000
#assigned_pet=-1,2,2,-1,-1,-1,-1,-1,
#assigned_hub=4,0,3,1,6,-1,5,-1,
#moving_targetting_pos=16,16|-1,-1|-1,-1|6,16|26,6|25,30|16,26|22,29|
#setting_targetting_pos=-1,-1|8,5|14,5|-1,-1|-1,-1|25,1|-1,-1|22,1|
#type=3,4,4,3,3,1,3,2,
RLLRDDR.
#0000000100100000
#assigned_pet=-1,2,2,-1,-1,-1,-1,-1,
#assigned_hub=4,0,3,1,6,-1,5,-1,
#moving_targetting_pos=16,16|-1,-1|-1,-1|6,16|26,6|25,30|16,26|22,29|
#setting_targetting_pos=-1,-1|8,5|14,5|-1,-1|-1,-1|25,1|-1,-1|22,1|
#type=3,4,4,3,3,1,3,2,
RDLRDDRu
#0010000100100000
#assigned_pet=-1,2,2,-1,-1,-1,-1,-1,
#assigned_hub=4,0,3,1,6,-1,5,-1,
#moving_targetting_pos=16,16|-1,-1|-1,-1|-1,-1|26,6|25,30|16,26|22,29|
#setting_targetting_pos=-1,-1|8,5|14,5|-1,-1|-1,-1|25,1|-1,-1|22,1|
#type=3,5,5,4,3,1,3,2,
Rdu.DRR.
#0010000100100000
#assigned_pet=-1,13,13,-1,-1,-1,-1,-1,
#assigned_hub=4,0,3,1,6,-1,5,-1,
#moving_targetting_pos=16,16|-1,-1|-1,-1|-1,-1|26,6|25,30|16,26|22,29|
#setting_targetting_pos=-1,-1|8,7|14,7|-1,-1|-1,-1|25,1|-1,-1|22,1|
#type=3,4,4,4,3,1,3,2,
RRR.DRR.
#0010000100100000
#assigned_pet=-1,13,13,14,-1,-1,-1,-1,
#assigned_hub=4,0,3,1,6,-1,5,-1,
#moving_targetting_pos=16,16|-1,-1|-1,-1|-1,-1|26,6|25,30|16,26|22,29|
#setting_targetting_pos=-1,-1|8,7|14,7|4,17|-1,-1|25,1|-1,-1|22,1|
#type=3,4,4,4,3,1,3,2,
RRRRDDR.
#0010000100100000
#assigned_pet=-1,-1,-1,14,-1,-1,-1,-1,
#assigned_hub=4,0,3,1,6,-1,5,-1,
#moving_targetting_pos=16,16|-1,-1|-1,-1|-1,-1|26,6|25,30|16,26|22,29|
#setting_targetting_pos=-1,-1|-1,-1|-1,-1|4,17|-1,-1|25,1|-1,-1|22,1|
#type=3,4,4,4,3,2,3,2,
R..RDdR.
#0010000100100010
#assigned_pet=-1,-1,-1,14,-1,-1,-1,-1,
#assigned_hub=4,0,3,1,6,-1,5,-1,
#moving_targetting_pos=16,16|-1,-1|-1,-1|-1,-1|26,6|25,30|16,26|22,29|
#setting_targetting_pos=-1,-1|-1,-1|-1,-1|4,17|-1,-1|25,1|-1,-1|22,1|
#type=3,4,4,5,3,2,3,2,
U..uDLRr
#0010000100100010
#assigned_pet=-1,-1,-1,-1,-1,-1,-1,-1,
#assigned_hub=4,0,3,1,6,-1,5,2,
#moving_targetting_pos=16,16|-1,-1|-1,-1|-1,-1|26,6|25,30|16,26|6,26|
#setting_targetting_pos=-1,-1|-1,-1|-1,-1|-1,-1|-1,-1|25,1|-1,-1|22,1|
#type=3,4,4,4,3,2,3,3,
U...RdRD
#0010000100100010
#assigned_pet=-1,-1,-1,-1,8,-1,-1,-1,
#assigned_hub=4,0,3,1,6,-1,5,2,
#moving_targetting_pos=16,16|-1,-1|-1,-1|-1,-1|-1,-1|25,30|16,26|6,26|
#setting_targetting_pos=-1,-1|-1,-1|-1,-1|-1,-1|27,4|25,1|-1,-1|-1,-1|
#type=3,4,4,4,4,2,3,3,
U...LLRR
#0010000100100010
#assigned_pet=-1,-1,-1,-1,3,-1,-1,-1,
#assigned_hub=4,0,3,1,6,-1,5,2,
#moving_targetting_pos=16,16|-1,-1|-1,-1|-1,-1|-1,-1|25,30|16,26|6,26|
#setting_targetting_pos=-1,-1|-1,-1|-1,-1|-1,-1|25,4|25,1|-1,-1|-1,-1|
#type=3,4,4,4,4,2,3,3,
U...LuRD
#0010000100100010
#assigned_pet=-1,13,13,-1,0,-1,-1,-1,
#assigned_hub=4,0,3,1,6,-1,5,2,
#moving_targetting_pos=16,16|-1,-1|-1,-1|-1,-1|-1,-1|25,30|16,26|6,26|
#setting_targetting_pos=-1,-1|8,7|14,7|-1,-1|27,4|25,1|-1,-1|-1,-1|
#type=3,4,4,4,4,2,3,3,
U...DLRR
#0010000100100110
#assigned_pet=-1,13,13,-1,0,-1,-1,-1,
#assigned_hub=4,0,3,1,6,-1,5,2,
#moving_targetting_pos=16,16|-1,-1|-1,-1|-1,-1|-1,-1|25,30|16,26|6,26|
#setting_targetting_pos=-1,-1|8,7|14,7|-1,-1|27,4|25,1|-1,-1|-1,-1|
#type=3,5,5,4,4,2,3,3,
Udu.DLRR
#0010000100100110
#assigned_pet=-1,-1,-1,-1,0,-1,-1,-1,
#assigned_hub=4,0,3,1,6,-1,5,2,
#moving_targetting_pos=16,16|6,6|-1,-1|-1,-1|-1,-1|25,30|16,26|6,26|
#setting_targetting_pos=-1,-1|-1,-1|-1,-1|-1,-1|27,4|25,1|-1,-1|-1,-1|
#type=3,4,4,4,4,2,3,3,
U....LRR
#0010000100100110
#assigned_pet=-1,-1,-1,-1,0,-1,-1,-1,
#assigned_hub=4,0,3,1,6,-1,5,2,
#moving_targetting_pos=16,16|6,6|-1,-1|-1,-1|-1,-1|25,30|16,26|6,26|
#setting_targetting_pos=-1,-1|-1,-1|-1,-1|-1,-1|27,4|25,1|-1,-1|-1,-1|
#type=3,4,4,4,4,2,3,3,
U....LRR
#0010000100100110
#assigned_pet=-1,-1,-1,-1,0,-1,-1,-1,
#assigned_hub=4,0,3,1,6,-1,5,2,
#moving_targetting_pos=16,16|-1,-1|-1,-1|-1,-1|-1,-1|25,30|16,26|6,26|
#setting_targetting_pos=-1,-1|-1,-1|-1,-1|-1,-1|27,4|25,1|-1,-1|-1,-1|
#type=3,4,4,4,4,2,3,3,
U....uRR
#0010000100100110
#assigned_pet=-1,-1,-1,-1,0,-1,-1,-1,
#assigned_hub=4,0,3,1,6,-1,5,7,
#moving_targetting_pos=16,16|-1,-1|-1,-1|-1,-1|-1,-1|25,30|16,26|26,16|
#setting_targetting_pos=-1,-1|-1,-1|-1,-1|-1,-1|27,4|25,1|-1,-1|-1,-1|
#type=3,4,4,4,4,2,3,3,
R....LRR
#0010000100100110
#assigned_pet=5,-1,-1,5,0,-1,-1,-1,
#assigned_hub=4,0,3,1,6,-1,5,7,
#moving_targetting_pos=-1,-1|-1,-1|-1,-1|-1,-1|-1,-1|25,30|16,26|26,16|
#setting_targetting_pos=14,15|-1,-1|-1,-1|8,15|27,4|25,1|-1,-1|-1,-1|
#type=4,4,4,4,4,2,3,3,
L..L.dRR
#0010000100100110
#assigned_pet=5,-1,-1,5,0,-1,-1,-1,
#assigned_hub=4,0,3,1,6,-1,5,7,
#moving_targetting_pos=-1,-1|-1,-1|-1,-1|-1,-1|-1,-1|25,30|16,26|26,16|
#setting_targetting_pos=14,15|-1,-1|-1,-1|8,15|27,4|25,1|-1,-1|-1,-1|
#type=4,4,4,4,4,2,3,3,
U..L.LRR
#0010000100100110
#assigned_pet=5,-1,-1,5,1,-1,-1,-1,
#assigned_hub=4,0,3,1,6,-1,5,7,
#moving_targetting_pos=-1,-1|6,6|-1,-1|-1,-1|-1,-1|25,30|16,26|26,16|
#setting_targetting_pos=14,15|-1,-1|-1,-1|8,15|25,4|25,1|-1,-1|-1,-1|
#type=4,4,4,4,4,2,3,3,
U..D.dRR
#0010000100100110
#assigned_pet=5,-1,-1,5,1,-1,-1,-1,
#assigned_hub=4,0,3,1,6,-1,5,7,
#moving_targetting_pos=-1,-1|-1,-1|-1,-1|-1,-1|-1,-1|25,30|16,26|26,16|
#setting_targetting_pos=14,15|-1,-1|-1,-1|8,15|25,4|25,1|-1,-1|-1,-1|
#type=4,4,4,4,4,2,3,3,
U..D.LRR
#0010010100100110
#assigned_pet=5,-1,-1,5,1,-1,-1,-1,
#assigned_hub=4,0,3,1,6,-1,5,7,
#moving_targetting_pos=-1,-1|-1,-1|-1,-1|-1,-1|-1,-1|25,30|-1,-1|26,16|
#setting_targetting_pos=14,15|-1,-1|-1,-1|8,15|25,4|25,1|-1,-1|-1,-1|
#type=5,4,4,5,4,2,4,3,
u..d.d.R
#0010010100100110
#assigned_pet=12,-1,12,-1,1,-1,-1,-1,
#assigned_hub=4,2,3,1,6,-1,5,7,
#moving_targetting_pos=-1,-1|6,26|-1,-1|6,16|-1,-1|25,30|-1,-1|26,16|
#setting_targetting_pos=15,14|-1,-1|15,8|-1,-1|25,4|25,1|-1,-1|-1,-1|
#type=4,3,4,4,4,2,4,3,
.R...L.R
#0010010100100110
#assigned_pet=6,-1,6,-1,1,-1,-1,-1,
#assigned_hub=4,2,3,1,6,-1,5,7,
#moving_targetting_pos=-1,-1|6,26|-1,-1|6,16|-1,-1|25,30|-1,-1|26,16|
#setting_targetting_pos=17,14|-1,-1|17,8|-1,-1|25,4|25,1|-1,-1|-1,-1|
#type=4,3,4,4,4,2,4,3,
LRR..d.R
#0010010100100110
#assigned_pet=6,-1,6,-1,0,-1,-1,-1,
#assigned_hub=4,2,3,1,6,-1,5,7,
#moving_targetting_pos=-1,-1|6,26|-1,-1|6,16|-1,-1|25,30|-1,-1|26,16|
#setting_targetting_pos=17,14|-1,-1|17,8|-1,-1|25,4|25,1|-1,-1|-1,-1|
#type=4,3,4,4,4,2,4,3,
DRD..L.R
#0010011100100110
#assigned_pet=6,-1,6,-1,1,-1,-1,-1,
#assigned_hub=4,2,3,1,6,-1,5,7,
#moving_targetting_pos=-1,-1|6,26|-1,-1|6,16|-1,-1|25,30|-1,-1|-1,-1|
#setting_targetting_pos=17,14|-1,-1|17,8|-1,-1|25,4|25,1|-1,-1|-1,-1|
#type=5,3,5,4,4,2,4,4,
dRd..d..
#0010011100101110
#assigned_pet=12,-1,12,-1,1,-1,-1,-1,
#assigned_hub=4,2,3,1,6,-1,5,7,
#moving_targetting_pos=-1,-1|6,26|-1,-1|6,16|-1,-1|25,30|-1,-1|-1,-1|
#setting_targetting_pos=15,14|-1,-1|15,8|-1,-1|25,4|25,1|-1,-1|-1,-1|
#type=5,3,5,4,4,2,4,4,
uRu..L..
#0010011100101110
#assigned_pet=-1,-1,-1,-1,1,-1,-1,-1,
#assigned_hub=4,0,3,2,6,-1,5,7,
#moving_targetting_pos=-1,-1|6,6|-1,-1|6,26|-1,-1|25,30|-1,-1|-1,-1|
#setting_targetting_pos=-1,-1|-1,-1|-1,-1|-1,-1|25,4|25,1|-1,-1|-1,-1|
#type=4,3,4,3,4,2,4,4,
.L.R.u..
#0010011100101110
#assigned_pet=-1,-1,-1,-1,1,-1,-1,-1,
#assigned_hub=4,0,3,2,6,-1,5,7,
#moving_targetting_pos=-1,-1|6,6|-1,-1|6,26|-1,-1|25,30|-1,-1|-1,-1|
#setting_targetting_pos=-1,-1|-1,-1|-1,-1|-1,-1|25,4|25,1|-1,-1|-1,-1|
#type=4,3,4,3,4,2,4,4,
.L.R.L..
#0010011100101110
#assigned_pet=4,-1,-1,-1,3,-1,4,-1,
#assigned_hub=4,0,3,2,6,-1,5,7,
#moving_targetting_pos=-1,-1|6,6|-1,-1|6,26|-1,-1|25,30|-1,-1|-1,-1|
#setting_targetting_pos=15,18|-1,-1|-1,-1|-1,-1|27,4|25,1|15,24|-1,-1|
#type=4,3,4,3,4,2,4,4,
RL.R.LL.
#0010011100101110
#assigned_pet=-1,-1,-1,-1,3,-1,-1,-1,
#assigned_hub=4,0,3,2,6,-1,5,7,
#moving_targetting_pos=-1,-1|6,6|-1,-1|6,26|-1,-1|25,30|-1,-1|-1,-1|
#setting_targetting_pos=-1,-1|-1,-1|-1,-1|-1,-1|27,4|25,1|-1,-1|-1,-1|
#type=4,3,4,3,4,2,4,4,
.L.R.L..
#0010011100101110
#assigned_pet=4,-1,-1,-1,3,-1,4,-1,
#assigned_hub=4,0,3,2,6,-1,5,7,
#moving_targetting_pos=-1,-1|6,6|-1,-1|6,26|-1,-1|25,30|-1,-1|-1,-1|
#setting_targetting_pos=15,18|-1,-1|-1,-1|-1,-1|27,4|25,1|15,24|-1,-1|
#type=4,3,4,3,4,2,4,4,
RL.R.LU.
#0010011100101110
#assigned_pet=4,-1,-1,-1,3,-1,4,-1,
#assigned_hub=4,0,3,2,6,-1,5,7,
#moving_targetting_pos=-1,-1|6,6|-1,-1|6,26|-1,-1|25,30|-1,-1|-1,-1|
#setting_targetting_pos=15,18|-1,-1|-1,-1|-1,-1|27,4|25,1|15,24|-1,-1|
#type=4,4,4,3,4,2,4,4,
R..R....
#0010011100101110
#assigned_pet=15,-1,-1,-1,3,-1,-1,15,
#assigned_hub=4,0,3,2,6,-1,5,7,
#moving_targetting_pos=-1,-1|6,6|-1,-1|6,26|-1,-1|25,30|-1,-1|-1,-1|
#setting_targetting_pos=18,15|-1,-1|-1,-1|-1,-1|27,4|25,1|-1,-1|24,15|
#type=4,4,4,3,4,2,4,4,
L..R.u..
#0010011100101110
#assigned_pet=15,-1,-1,-1,3,-1,-1,15,
#assigned_hub=4,0,3,2,6,-1,5,7,
#moving_targetting_pos=-1,-1|6,6|-1,-1|6,26|-1,-1|25,30|-1,-1|-1,-1|
#setting_targetting_pos=18,15|-1,-1|-1,-1|-1,-1|27,4|25,1|-1,-1|24,15|
#type=4,4,4,3,4,2,4,4,
L..R.L..
#0010011100101110
#assigned_pet=15,-1,-1,-1,3,-1,-1,15,
#assigned_hub=4,0,3,2,6,-1,5,7,
#moving_targetting_pos=-1,-1|6,6|-1,-1|6,26|-1,-1|25,30|-1,-1|-1,-1|
#setting_targetting_pos=18,15|-1,-1|-1,-1|-1,-1|27,4|25,1|-1,-1|24,15|
#type=4,4,4,3,4,2,4,4,
D..R.d..
#0010011100101111
#assigned_pet=15,-1,-1,-1,3,-1,-1,15,
#assigned_hub=4,0,3,2,6,-1,5,7,
#moving_targetting_pos=-1,-1|6,6|-1,-1|6,26|-1,-1|25,30|-1,-1|-1,-1|
#setting_targetting_pos=18,15|-1,-1|-1,-1|-1,-1|27,4|25,1|-1,-1|24,15|
#type=5,4,4,3,4,2,4,5,
d..R.L.l
#0010011100101111
#assigned_pet=-1,-1,-1,-1,3,-1,9,-1,
#assigned_hub=4,0,3,2,6,-1,5,7,
#moving_targetting_pos=-1,-1|6,6|-1,-1|6,26|-1,-1|25,30|-1,-1|-1,-1|
#setting_targetting_pos=-1,-1|-1,-1|-1,-1|-1,-1|27,4|25,1|17,28|-1,-1|
#type=4,4,4,4,4,2,4,4,
.....dR.
#0010011100101111
#assigned_pet=-1,-1,-1,-1,3,-1,9,-1,
#assigned_hub=4,0,3,2,6,-1,5,7,
#moving_targetting_pos=-1,-1|6,6|-1,-1|6,26|-1,-1|25,30|-1,-1|-1,-1|
#setting_targetting_pos=-1,-1|-1,-1|-1,-1|-1,-1|27,4|25,1|17,28|-1,-1|
#type=4,4,4,4,4,2,4,4,
.....LR.
#0010011100101111
#assigned_pet=-1,-1,-1,-1,3,-1,9,-1,
#assigned_hub=4,0,3,2,6,-1,5,7,
#moving_targetting_pos=-1,-1|6,6|-1,-1|6,26|-1,-1|25,30|-1,-1|-1,-1|
#setting_targetting_pos=-1,-1|-1,-1|-1,-1|-1,-1|27,4|25,1|17,28|-1,-1|
#type=4,4,4,4,4,2,4,4,
.....dR.
#0010011100101111
#assigned_pet=-1,-1,-1,-1,3,-1,9,-1,
#assigned_hub=4,0,3,2,6,-1,5,7,
#moving_targetting_pos=-1,-1|6,6|-1,-1|6,26|-1,-1|25,30|-1,-1|-1,-1|
#setting_targetting_pos=-1,-1|-1,-1|-1,-1|-1,-1|27,4|25,1|17,28|-1,-1|
#type=4,4,4,4,4,2,4,4,
.....LR.
#0010011101101111
#assigned_pet=-1,-1,-1,-1,3,-1,9,-1,
#assigned_hub=4,0,3,2,6,-1,5,7,
#moving_targetting_pos=-1,-1|6,6|-1,-1|6,26|-1,-1|25,30|-1,-1|-1,-1|
#setting_targetting_pos=-1,-1|-1,-1|-1,-1|-1,-1|27,4|25,1|17,28|-1,-1|
#type=4,4,4,4,4,2,5,4,
.....dd.
#0010011101101111
#assigned_pet=4,-1,-1,-1,3,-1,4,-1,
#assigned_hub=4,0,3,2,6,-1,5,7,
#moving_targetting_pos=-1,-1|6,6|-1,-1|6,26|-1,-1|25,30|-1,-1|-1,-1|
#setting_targetting_pos=17,18|-1,-1|-1,-1|-1,-1|27,4|25,1|17,24|-1,-1|
#type=4,4,4,4,4,2,4,4,
R....LL.
#0010011101101111
#assigned_pet=4,-1,-1,-1,3,-1,4,-1,
#assigned_hub=4,0,3,2,6,-1,5,7,
#moving_targetting_pos=-1,-1|6,6|-1,-1|6,26|-1,-1|25,30|-1,-1|-1,-1|
#setting_targetting_pos=17,18|-1,-1|-1,-1|-1,-1|27,4|25,1|17,24|-1,-1|
#type=4,4,4,4,4,2,4,4,
R....dL.
#0010011101101111
#assigned_pet=4,-1,-1,-1,3,-1,4,-1,
#assigned_hub=4,0,3,2,6,-1,5,7,
#moving_targetting_pos=-1,-1|6,6|-1,-1|6,26|-1,-1|25,30|-1,-1|-1,-1|
#setting_targetting_pos=17,18|-1,-1|-1,-1|-1,-1|27,4|25,1|17,24|-1,-1|
#type=4,4,4,4,4,2,4,4,
.....LL.
#0010011101101111
#assigned_pet=4,-1,-1,-1,3,-1,4,-1,
#assigned_hub=4,0,3,2,6,-1,5,7,
#moving_targetting_pos=-1,-1|6,6|-1,-1|6,26|-1,-1|25,30|-1,-1|-1,-1|
#setting_targetting_pos=17,18|-1,-1|-1,-1|-1,-1|27,4|25,1|17,24|-1,-1|
#type=4,4,4,4,4,2,4,4,
.....uL.
#0010111101101111
#assigned_pet=4,-1,-1,-1,3,-1,4,-1,
#assigned_hub=4,0,3,2,6,-1,5,7,
#moving_targetting_pos=-1,-1|6,6|-1,-1|6,26|-1,-1|25,30|-1,-1|-1,-1|
#setting_targetting_pos=17,18|-1,-1|-1,-1|-1,-1|27,4|25,1|17,24|-1,-1|
#type=5,4,4,4,4,2,5,4,
r....Ld.
#0010111101101111
#assigned_pet=-1,-1,-1,-1,3,-1,-1,-1,
#assigned_hub=4,0,3,2,6,-1,5,7,
#moving_targetting_pos=-1,-1|6,6|-1,-1|6,26|-1,-1|25,30|16,26|-1,-1|
#setting_targetting_pos=-1,-1|-1,-1|-1,-1|-1,-1|27,4|25,1|-1,-1|-1,-1|
#type=4,4,4,4,4,2,4,4,
.....L..
#0010111101101111
#assigned_pet=-1,-1,-1,-1,3,-1,-1,-1,
#assigned_hub=4,0,3,2,6,-1,5,7,
#moving_targetting_pos=16,16|6,6|-1,-1|6,26|-1,-1|25,30|16,26|-1,-1|
#setting_targetting_pos=-1,-1|-1,-1|-1,-1|-1,-1|27,4|25,1|-1,-1|-1,-1|
#type=4,4,4,4,4,2,4,4,
.....L..
#0010111101101111
#assigned_pet=-1,-1,-1,-1,3,-1,-1,-1,
#assigned_hub=4,0,3,2,6,-1,5,7,
#moving_targetting_pos=16,16|6,6|-1,-1|6,26|-1,-1|25,30|16,26|-1,-1|
#setting_targetting_pos=-1,-1|-1,-1|-1,-1|-1,-1|27,4|25,1|-1,-1|-1,-1|
#type=4,4,4,4,4,2,4,4,
.....L..
#0010111101101111
#assigned_pet=-1,-1,-1,-1,3,-1,-1,-1,
#assigned_hub=4,0,3,2,6,-1,5,7,
#moving_targetting_pos=-1,-1|6,6|-1,-1|6,26|-1,-1|25,30|16,26|-1,-1|
#setting_targetting_pos=-1,-1|-1,-1|-1,-1|-1,-1|27,4|25,1|-1,-1|-1,-1|
#type=4,4,4,4,4,2,4,4,
.....u..
#0010111101101111
#assigned_pet=-1,-1,-1,-1,3,-1,-1,-1,
#assigned_hub=4,0,3,2,6,-1,5,7,
#moving_targetting_pos=-1,-1|6,6|-1,-1|6,26|-1,-1|25,30|16,26|-1,-1|
#setting_targetting_pos=-1,-1|-1,-1|-1,-1|-1,-1|27,4|25,1|-1,-1|-1,-1|
#type=4,4,4,4,4,2,4,4,
.....L..
#0010111101101111
#assigned_pet=-1,-1,-1,-1,3,-1,-1,-1,
#assigned_hub=4,0,3,2,6,-1,5,7,
#moving_targetting_pos=-1,-1|6,6|-1,-1|6,26|-1,-1|25,30|16,26|-1,-1|
#setting_targetting_pos=-1,-1|-1,-1|-1,-1|-1,-1|27,4|25,1|-1,-1|-1,-1|
#type=4,4,4,4,4,2,4,4,
........
#0010111101101111
#assigned_pet=-1,-1,-1,-1,3,-1,-1,-1,
#assigned_hub=4,0,3,2,6,-1,5,7,
#moving_targetting_pos=-1,-1|6,6|-1,-1|6,26|-1,-1|25,30|16,26|-1,-1|
#setting_targetting_pos=-1,-1|-1,-1|-1,-1|-1,-1|27,4|25,1|-1,-1|-1,-1|
#type=4,4,4,4,4,2,4,4,
........
#0010111101101111
#assigned_pet=-1,-1,-1,-1,3,-1,-1,-1,
#assigned_hub=4,0,3,2,6,-1,5,7,
#moving_targetting_pos=-1,-1|6,6|-1,-1|6,26|-1,-1|25,30|16,26|-1,-1|
#setting_targetting_pos=-1,-1|-1,-1|-1,-1|-1,-1|27,4|25,1|-1,-1|-1,-1|
#type=4,4,4,4,4,2,4,4,
........
#0010111101101111
#assigned_pet=-1,-1,-1,-1,3,-1,-1,-1,
#assigned_hub=4,0,3,2,6,-1,5,7,
#moving_targetting_pos=-1,-1|6,6|-1,-1|6,26|-1,-1|25,30|16,26|-1,-1|
#setting_targetting_pos=-1,-1|-1,-1|-1,-1|-1,-1|27,4|25,1|-1,-1|-1,-1|
#type=4,4,4,4,4,2,4,4,
........
#0010111111101111
#assigned_pet=8,-1,-1,-1,3,-1,-1,8,
#assigned_hub=4,0,3,2,6,-1,5,7,
#moving_targetting_pos=-1,-1|6,6|-1,-1|6,26|-1,-1|25,30|16,26|-1,-1|
#setting_targetting_pos=18,17|-1,-1|-1,-1|-1,-1|27,4|25,1|-1,-1|24,17|
#type=5,4,4,4,4,2,4,5,
d......r
#0010111111101111
#assigned_pet=-1,-1,-1,-1,3,-1,-1,-1,
#assigned_hub=4,0,3,2,6,-1,5,7,
#moving_targetting_pos=16,16|6,6|-1,-1|6,26|-1,-1|25,30|16,26|26,16|
#setting_targetting_pos=-1,-1|-1,-1|-1,-1|-1,-1|27,4|25,1|-1,-1|-1,-1|
#type=4,4,4,4,4,2,4,4,
........
#0010111111101111
#assigned_pet=-1,-1,-1,-1,3,-1,-1,-1,
#assigned_hub=4,0,3,2,6,-1,5,7,
#moving_targetting_pos=16,16|6,6|-1,-1|6,26|-1,-1|25,30|16,26|26,16|
#setting_targetting_pos=-1,-1|-1,-1|-1,-1|-1,-1|27,4|25,1|-1,-1|-1,-1|
#type=4,4,4,4,4,2,4,4,
........
#0010111111101111
#assigned_pet=-1,-1,-1,-1,3,-1,-1,-1,
#assigned_hub=4,0,3,2,6,-1,5,7,
#moving_targetting_pos=16,16|6,6|-1,-1|6,26|-1,-1|25,30|16,26|26,16|
#setting_targetting_pos=-1,-1|-1,-1|-1,-1|-1,-1|27,4|25,1|-1,-1|-1,-1|
#type=4,4,4,4,4,2,4,4,
........
#0010111111101111
#assigned_pet=-1,-1,-1,-1,3,-1,-1,-1,
#assigned_hub=4,0,3,2,6,-1,5,7,
#moving_targetting_pos=16,16|6,6|-1,-1|6,26|-1,-1|25,30|16,26|26,16|
#setting_targetting_pos=-1,-1|-1,-1|-1,-1|-1,-1|27,4|25,1|-1,-1|-1,-1|
#type=4,4,4,4,4,2,4,4,
........
#0010111111101111
#assigned_pet=-1,-1,-1,-1,3,-1,-1,-1,
#assigned_hub=4,0,3,2,6,-1,5,7,
#moving_targetting_pos=16,16|6,6|-1,-1|6,26|-1,-1|25,30|16,26|26,16|
#setting_targetting_pos=-1,-1|-1,-1|-1,-1|-1,-1|27,4|25,1|-1,-1|-1,-1|
#type=4,4,4,4,4,2,4,4,
........
#0010111111101111
#assigned_pet=-1,-1,-1,-1,1,-1,-1,-1,
#assigned_hub=4,0,3,2,6,-1,5,7,
#moving_targetting_pos=16,16|6,6|-1,-1|6,26|-1,-1|25,30|16,26|26,16|
#setting_targetting_pos=-1,-1|-1,-1|-1,-1|-1,-1|25,4|25,1|-1,-1|-1,-1|
#type=4,4,4,4,4,2,4,4,
........
#0010111111101111
#assigned_pet=-1,-1,-1,-1,1,-1,-1,-1,
#assigned_hub=4,0,3,2,6,-1,5,7,
#moving_targetting_pos=16,16|6,6|-1,-1|6,26|-1,-1|25,30|16,26|26,16|
#setting_targetting_pos=-1,-1|-1,-1|-1,-1|-1,-1|25,4|25,1|-1,-1|-1,-1|
#type=4,4,4,4,4,2,4,4,
........
#0010111111101111
#assigned_pet=-1,-1,-1,-1,1,-1,-1,-1,
#assigned_hub=4,0,3,2,6,-1,5,7,
#moving_targetting_pos=16,16|6,6|-1,-1|6,26|-1,-1|25,30|16,26|26,16|
#setting_targetting_pos=-1,-1|-1,-1|-1,-1|-1,-1|25,4|25,1|-1,-1|-1,-1|
#type=4,4,4,4,4,2,4,4,
........
#0010111111101111
#assigned_pet=-1,-1,-1,-1,1,-1,-1,-1,
#assigned_hub=4,0,3,2,6,-1,5,7,
#moving_targetting_pos=16,16|6,6|-1,-1|6,26|-1,-1|25,30|16,26|26,16|
#setting_targetting_pos=-1,-1|-1,-1|-1,-1|-1,-1|25,4|25,1|-1,-1|-1,-1|
#type=4,4,4,4,4,2,4,4,
........
#0010111111101111
#assigned_pet=-1,-1,-1,-1,1,-1,-1,-1,
#assigned_hub=4,0,3,2,6,-1,5,7,
#moving_targetting_pos=16,16|6,6|-1,-1|6,26|-1,-1|25,30|16,26|26,16|
#setting_targetting_pos=-1,-1|-1,-1|-1,-1|-1,-1|25,4|25,1|-1,-1|-1,-1|
#type=4,4,4,4,4,2,4,4,
........
#0010111111101111
#assigned_pet=-1,-1,-1,-1,1,-1,-1,-1,
#assigned_hub=4,0,3,2,6,-1,5,7,
#moving_targetting_pos=16,16|6,6|-1,-1|6,26|-1,-1|25,30|16,26|26,16|
#setting_targetting_pos=-1,-1|-1,-1|-1,-1|-1,-1|25,4|25,1|-1,-1|-1,-1|
#type=4,4,4,4,4,2,4,4,
........
#0010111111101111
#assigned_pet=-1,-1,-1,-1,1,-1,-1,-1,
#assigned_hub=4,0,3,2,6,-1,5,7,
#moving_targetting_pos=16,16|6,6|-1,-1|6,26|-1,-1|25,30|16,26|26,16|
#setting_targetting_pos=-1,-1|-1,-1|-1,-1|-1,-1|25,4|25,1|-1,-1|-1,-1|
#type=4,4,4,4,4,2,4,4,
........
#0010111111101111
#assigned_pet=-1,-1,-1,-1,1,-1,-1,-1,
#assigned_hub=4,0,3,2,6,-1,5,7,
#moving_targetting_pos=16,16|6,6|-1,-1|6,26|-1,-1|25,30|16,26|26,16|
#setting_targetting_pos=-1,-1|-1,-1|-1,-1|-1,-1|25,4|25,1|-1,-1|-1,-1|
#type=4,4,4,4,4,2,4,4,
........
#0010111111101111
#assigned_pet=-1,-1,-1,-1,1,-1,-1,-1,
#assigned_hub=4,0,3,2,6,-1,5,7,
#moving_targetting_pos=16,16|6,6|-1,-1|6,26|-1,-1|25,30|16,26|26,16|
#setting_targetting_pos=-1,-1|-1,-1|-1,-1|-1,-1|25,4|25,1|-1,-1|-1,-1|
#type=4,4,4,4,4,2,4,4,
........
#0010111111101111
#assigned_pet=-1,-1,-1,-1,1,-1,-1,-1,
#assigned_hub=4,0,3,2,6,-1,5,7,
#moving_targetting_pos=16,16|6,6|-1,-1|6,26|-1,-1|25,30|16,26|26,16|
#setting_targetting_pos=-1,-1|-1,-1|-1,-1|-1,-1|25,4|25,1|-1,-1|-1,-1|
#type=4,4,4,4,4,2,4,4,
........
#0010111111101111
#assigned_pet=-1,-1,-1,-1,3,-1,-1,-1,
#assigned_hub=4,0,3,2,6,-1,5,7,
#moving_targetting_pos=16,16|6,6|-1,-1|6,26|-1,-1|25,30|16,26|26,16|
#setting_targetting_pos=-1,-1|-1,-1|-1,-1|-1,-1|27,4|25,1|-1,-1|-1,-1|
#type=4,4,4,4,4,2,4,4,
........
#0010111111101111
#assigned_pet=-1,-1,-1,-1,3,-1,-1,-1,
#assigned_hub=4,0,3,2,6,-1,5,7,
#moving_targetting_pos=16,16|6,6|-1,-1|6,26|-1,-1|25,30|16,26|26,16|
#setting_targetting_pos=-1,-1|-1,-1|-1,-1|-1,-1|27,4|25,1|-1,-1|-1,-1|
#type=4,4,4,4,4,2,4,4,
........
#0010111111101111
#assigned_pet=-1,-1,-1,-1,3,-1,-1,-1,
#assigned_hub=4,0,3,2,6,-1,5,7,
#moving_targetting_pos=16,16|6,6|-1,-1|6,26|-1,-1|25,30|16,26|-1,-1|
#setting_targetting_pos=-1,-1|-1,-1|-1,-1|-1,-1|27,4|25,1|-1,-1|-1,-1|
#type=4,4,4,4,4,2,4,4,
........
#0010111111101111
#assigned_pet=-1,-1,-1,-1,3,-1,-1,-1,
#assigned_hub=4,0,3,2,6,-1,5,7,
#moving_targetting_pos=16,16|6,6|-1,-1|6,26|-1,-1|25,30|16,26|-1,-1|
#setting_targetting_pos=-1,-1|-1,-1|-1,-1|-1,-1|27,4|25,1|-1,-1|-1,-1|
#type=4,4,4,4,4,2,4,4,
........
#0010111111101111
#assigned_pet=-1,-1,-1,-1,3,-1,-1,-1,
#assigned_hub=4,0,3,2,6,-1,5,7,
#moving_targetting_pos=16,16|6,6|-1,-1|6,26|-1,-1|25,30|16,26|-1,-1|
#setting_targetting_pos=-1,-1|-1,-1|-1,-1|-1,-1|27,4|25,1|-1,-1|-1,-1|
#type=4,4,4,4,4,2,4,4,
........
#0010111111101111
#assigned_pet=-1,-1,-1,-1,3,-1,-1,-1,
#assigned_hub=4,0,3,2,6,-1,5,7,
#moving_targetting_pos=16,16|6,6|-1,-1|6,26|-1,-1|25,30|16,26|-1,-1|
#setting_targetting_pos=-1,-1|-1,-1|-1,-1|-1,-1|27,4|25,1|-1,-1|-1,-1|
#type=4,4,4,4,4,2,4,4,
........
#0010111111101111
#assigned_pet=-1,-1,-1,-1,3,-1,-1,-1,
#assigned_hub=4,0,3,2,6,-1,5,7,
#moving_targetting_pos=16,16|6,6|-1,-1|6,26|-1,-1|25,30|16,26|26,16|
#setting_targetting_pos=-1,-1|-1,-1|-1,-1|-1,-1|27,4|25,1|-1,-1|-1,-1|
#type=4,4,4,4,4,2,4,4,
........
#0010111111101111
#assigned_pet=-1,-1,-1,-1,3,-1,-1,-1,
#assigned_hub=4,0,3,2,6,-1,5,7,
#moving_targetting_pos=16,16|6,6|-1,-1|6,26|-1,-1|25,30|16,26|-1,-1|
#setting_targetting_pos=-1,-1|-1,-1|-1,-1|-1,-1|27,4|25,1|-1,-1|-1,-1|
#type=4,4,4,4,4,2,4,4,
........
#0010111111101111
#assigned_pet=-1,-1,-1,-1,3,-1,-1,-1,
#assigned_hub=4,0,3,2,6,-1,5,7,
#moving_targetting_pos=16,16|6,6|-1,-1|6,26|-1,-1|25,30|16,26|26,16|
#setting_targetting_pos=-1,-1|-1,-1|-1,-1|-1,-1|27,4|25,1|-1,-1|-1,-1|
#type=4,4,4,4,4,2,4,4,
........
#0010111111101111
#assigned_pet=-1,-1,-1,-1,3,-1,-1,-1,
#assigned_hub=4,0,3,2,6,-1,5,7,
#moving_targetting_pos=16,16|6,6|-1,-1|6,26|-1,-1|25,30|16,26|-1,-1|
#setting_targetting_pos=-1,-1|-1,-1|-1,-1|-1,-1|27,4|25,1|-1,-1|-1,-1|
#type=4,4,4,4,4,2,4,4,
........
#0010111111101111
#assigned_pet=-1,-1,-1,-1,3,-1,-1,-1,
#assigned_hub=4,0,3,2,6,-1,5,7,
#moving_targetting_pos=16,16|6,6|16,6|6,26|-1,-1|25,30|16,26|26,16|
#setting_targetting_pos=-1,-1|-1,-1|-1,-1|-1,-1|27,4|25,1|-1,-1|-1,-1|
#type=4,4,4,4,4,2,4,4,
........
#0010111111101111
#assigned_pet=-1,-1,-1,-1,3,-1,-1,-1,
#assigned_hub=4,0,3,2,6,-1,5,7,
#moving_targetting_pos=16,16|6,6|16,6|6,26|-1,-1|25,30|16,26|26,16|
#setting_targetting_pos=-1,-1|-1,-1|-1,-1|-1,-1|27,4|25,1|-1,-1|-1,-1|
#type=4,4,4,4,4,2,4,4,
........
#0010111111101111
#assigned_pet=-1,-1,-1,-1,3,-1,-1,-1,
#assigned_hub=4,0,3,2,6,-1,5,7,
#moving_targetting_pos=16,16|6,6|16,6|6,26|-1,-1|25,30|16,26|26,16|
#setting_targetting_pos=-1,-1|-1,-1|-1,-1|-1,-1|27,4|25,1|-1,-1|-1,-1|
#type=4,4,4,4,4,2,4,4,
........
#0010111111101111
#assigned_pet=-1,-1,-1,-1,3,-1,-1,-1,
#assigned_hub=4,0,3,2,6,-1,5,7,
#moving_targetting_pos=16,16|6,6|16,6|6,26|-1,-1|25,30|16,26|26,16|
#setting_targetting_pos=-1,-1|-1,-1|-1,-1|-1,-1|27,4|25,1|-1,-1|-1,-1|
#type=4,4,4,4,4,2,4,4,
........
#0010111111101111
#assigned_pet=-1,-1,-1,-1,11,-1,-1,-1,
#assigned_hub=4,0,3,2,6,-1,5,7,
#moving_targetting_pos=16,16|6,6|16,6|6,26|-1,-1|25,30|16,26|26,16|
#setting_targetting_pos=-1,-1|-1,-1|-1,-1|-1,-1|27,4|25,1|-1,-1|-1,-1|
#type=4,4,4,4,4,2,4,4,
........
#0010111111101111
#assigned_pet=-1,-1,-1,-1,3,-1,-1,-1,
#assigned_hub=4,0,3,2,6,-1,5,7,
#moving_targetting_pos=16,16|6,6|16,6|6,26|-1,-1|25,30|16,26|26,16|
#setting_targetting_pos=-1,-1|-1,-1|-1,-1|-1,-1|27,4|25,1|-1,-1|-1,-1|
#type=4,4,4,4,4,2,4,4,
........
#0010111111101111
#assigned_pet=-1,-1,-1,-1,1,-1,-1,-1,
#assigned_hub=4,0,3,2,6,-1,5,7,
#moving_targetting_pos=16,16|6,6|16,6|6,26|-1,-1|25,30|16,26|26,16|
#setting_targetting_pos=-1,-1|-1,-1|-1,-1|-1,-1|27,4|25,1|-1,-1|-1,-1|
#type=4,4,4,4,4,2,4,4,
........
#0010111111101111
#assigned_pet=-1,-1,-1,-1,3,-1,-1,-1,
#assigned_hub=4,0,3,2,6,-1,5,7,
#moving_targetting_pos=16,16|6,6|-1,-1|6,26|-1,-1|25,30|16,26|-1,-1|
#setting_targetting_pos=-1,-1|-1,-1|-1,-1|-1,-1|27,4|25,1|-1,-1|-1,-1|
#type=4,4,4,4,4,2,4,4,
........
#0010111111101111
#assigned_pet=-1,-1,-1,-1,3,-1,-1,-1,
#assigned_hub=4,0,3,2,6,-1,5,7,
#moving_targetting_pos=16,16|6,6|16,6|6,26|-1,-1|25,30|16,26|26,16|
#setting_targetting_pos=-1,-1|-1,-1|-1,-1|-1,-1|27,4|25,1|-1,-1|-1,-1|
#type=4,4,4,4,4,2,4,4,
........
#0010111111101111
#assigned_pet=-1,-1,-1,-1,0,-1,-1,-1,
#assigned_hub=4,0,3,2,6,-1,5,7,
#moving_targetting_pos=16,16|6,6|-1,-1|6,26|-1,-1|25,30|16,26|-1,-1|
#setting_targetting_pos=-1,-1|-1,-1|-1,-1|-1,-1|27,4|25,1|-1,-1|-1,-1|
#type=4,4,4,4,4,2,4,4,
........
#0010111111101111
#assigned_pet=-1,-1,-1,-1,-1,-1,-1,-1,
#assigned_hub=4,0,3,2,6,-1,5,7,
#moving_targetting_pos=16,16|6,6|-1,-1|6,26|-1,-1|25,30|16,26|-1,-1|
#setting_targetting_pos=-1,-1|-1,-1|-1,-1|-1,-1|-1,-1|25,1|-1,-1|-1,-1|
#type=4,4,4,4,4,2,4,4,
........
#0010111111101111
#assigned_pet=-1,-1,-1,-1,11,-1,-1,11,
#assigned_hub=4,0,3,2,6,-1,5,7,
#moving_targetting_pos=16,16|6,6|16,6|6,26|-1,-1|25,30|16,26|-1,-1|
#setting_targetting_pos=-1,-1|-1,-1|-1,-1|-1,-1|27,8|25,1|-1,-1|27,14|
#type=4,4,4,4,4,2,4,4,
....R..D
#0010111111101111
#assigned_pet=-1,-1,-1,-1,0,-1,-1,-1,
#assigned_hub=4,0,3,2,6,-1,5,7,
#moving_targetting_pos=16,16|6,6|16,6|6,26|-1,-1|25,30|16,26|-1,-1|
#setting_targetting_pos=-1,-1|-1,-1|-1,-1|-1,-1|25,4|25,1|-1,-1|-1,-1|
#type=4,4,4,4,4,2,4,4,
....L...
#0010111111101111
#assigned_pet=-1,-1,-1,-1,0,-1,-1,-1,
#assigned_hub=4,0,3,2,6,-1,5,7,
#moving_targetting_pos=16,16|6,6|-1,-1|6,26|-1,-1|25,30|16,26|-1,-1|
#setting_targetting_pos=-1,-1|-1,-1|-1,-1|-1,-1|25,4|25,1|-1,-1|-1,-1|
#type=4,4,4,4,4,2,4,4,
........
#0010111111101111
#assigned_pet=-1,-1,-1,-1,0,-1,-1,-1,
#assigned_hub=4,0,3,2,6,-1,5,7,
#moving_targetting_pos=16,16|6,6|-1,-1|6,26|-1,-1|25,30|16,26|-1,-1|
#setting_targetting_pos=-1,-1|-1,-1|-1,-1|-1,-1|25,4|25,1|-1,-1|-1,-1|
#type=4,4,4,4,4,2,4,4,
........
#0010111111101111
#assigned_pet=-1,-1,-1,-1,0,-1,-1,-1,
#assigned_hub=4,0,3,2,6,-1,5,7,
#moving_targetting_pos=16,16|6,6|-1,-1|6,26|-1,-1|25,30|16,26|-1,-1|
#setting_targetting_pos=-1,-1|-1,-1|-1,-1|-1,-1|25,4|25,1|-1,-1|-1,-1|
#type=4,4,4,4,4,2,4,4,
........
#0010111111101111
#assigned_pet=-1,-1,-1,-1,0,-1,-1,-1,
#assigned_hub=4,0,3,2,6,-1,5,7,
#moving_targetting_pos=16,16|6,6|-1,-1|6,26|-1,-1|25,30|16,26|-1,-1|
#setting_targetting_pos=-1,-1|-1,-1|-1,-1|-1,-1|25,4|25,1|-1,-1|-1,-1|
#type=4,4,4,4,4,2,4,4,
........
#0010111111101111
#assigned_pet=-1,-1,-1,-1,0,-1,-1,-1,
#assigned_hub=4,0,3,2,6,-1,5,7,
#moving_targetting_pos=16,16|6,6|-1,-1|6,26|-1,-1|25,30|16,26|-1,-1|
#setting_targetting_pos=-1,-1|-1,-1|-1,-1|-1,-1|25,4|25,1|-1,-1|-1,-1|
#type=4,4,4,4,4,2,4,4,
........
#0010111111101111
#assigned_pet=-1,-1,-1,-1,0,-1,-1,-1,
#assigned_hub=4,0,3,2,6,-1,5,7,
#moving_targetting_pos=16,16|6,6|-1,-1|6,26|-1,-1|25,30|16,26|-1,-1|
#setting_targetting_pos=-1,-1|-1,-1|-1,-1|-1,-1|25,4|25,1|-1,-1|-1,-1|
#type=4,4,4,4,4,2,4,4,
........
#0010111111101111
#assigned_pet=-1,-1,-1,-1,0,-1,-1,-1,
#assigned_hub=4,0,3,2,6,-1,5,7,
#moving_targetting_pos=16,16|6,6|-1,-1|6,26|-1,-1|25,30|16,26|-1,-1|
#setting_targetting_pos=-1,-1|-1,-1|-1,-1|-1,-1|25,4|25,1|-1,-1|-1,-1|
#type=4,4,4,4,4,2,4,4,
........
#0010111111101111
#assigned_pet=-1,-1,-1,-1,0,-1,-1,-1,
#assigned_hub=4,0,3,2,6,-1,5,7,
#moving_targetting_pos=16,16|6,6|-1,-1|6,26|-1,-1|25,30|16,26|-1,-1|
#setting_targetting_pos=-1,-1|-1,-1|-1,-1|-1,-1|25,4|25,1|-1,-1|-1,-1|
#type=4,4,4,4,4,2,4,4,
........
#0010111111101111
#assigned_pet=-1,-1,-1,-1,0,-1,-1,-1,
#assigned_hub=4,0,3,2,6,-1,5,7,
#moving_targetting_pos=16,16|6,6|-1,-1|6,26|-1,-1|25,30|16,26|26,16|
#setting_targetting_pos=-1,-1|-1,-1|-1,-1|-1,-1|25,4|25,1|-1,-1|-1,-1|
#type=4,4,4,4,4,2,4,4,
........
#0010111111101111
#assigned_pet=-1,-1,-1,-1,0,-1,-1,-1,
#assigned_hub=4,0,3,2,6,-1,5,7,
#moving_targetting_pos=16,16|6,6|-1,-1|6,26|-1,-1|25,30|16,26|-1,-1|
#setting_targetting_pos=-1,-1|-1,-1|-1,-1|-1,-1|25,4|25,1|-1,-1|-1,-1|
#type=4,4,4,4,4,2,4,4,
........
#0010111111101111
#assigned_pet=-1,-1,-1,-1,0,-1,-1,-1,
#assigned_hub=4,0,3,2,6,-1,5,7,
#moving_targetting_pos=16,16|6,6|-1,-1|6,26|-1,-1|25,30|16,26|-1,-1|
#setting_targetting_pos=-1,-1|-1,-1|-1,-1|-1,-1|25,4|25,1|-1,-1|-1,-1|
#type=4,4,4,4,4,2,4,4,
........
#0010111111101111
#assigned_pet=-1,-1,-1,-1,0,-1,-1,-1,
#assigned_hub=4,0,3,2,6,-1,5,7,
#moving_targetting_pos=16,16|6,6|-1,-1|6,26|-1,-1|25,30|16,26|-1,-1|
#setting_targetting_pos=-1,-1|-1,-1|-1,-1|-1,-1|25,4|25,1|-1,-1|-1,-1|
#type=4,4,4,4,4,2,4,4,
........
#0010111111101111
#assigned_pet=-1,-1,-1,-1,0,-1,-1,-1,
#assigned_hub=4,0,3,2,6,-1,5,7,
#moving_targetting_pos=16,16|6,6|-1,-1|6,26|-1,-1|25,30|16,26|-1,-1|
#setting_targetting_pos=-1,-1|-1,-1|-1,-1|-1,-1|25,4|25,1|-1,-1|-1,-1|
#type=4,4,4,4,4,2,4,4,
........
#0010111111101111
#assigned_pet=-1,-1,-1,-1,0,-1,-1,-1,
#assigned_hub=4,0,3,2,6,-1,5,7,
#moving_targetting_pos=16,16|6,6|-1,-1|6,26|-1,-1|25,30|16,26|-1,-1|
#setting_targetting_pos=-1,-1|-1,-1|-1,-1|-1,-1|25,4|25,1|-1,-1|-1,-1|
#type=4,4,4,4,4,2,4,4,
........
#0010111111101111
#assigned_pet=-1,-1,-1,-1,0,-1,-1,-1,
#assigned_hub=4,0,3,2,6,-1,5,7,
#moving_targetting_pos=16,16|6,6|-1,-1|6,26|-1,-1|25,30|16,26|-1,-1|
#setting_targetting_pos=-1,-1|-1,-1|-1,-1|-1,-1|25,4|25,1|-1,-1|-1,-1|
#type=4,4,4,4,4,2,4,4,
........
#0010111111101111
#assigned_pet=-1,-1,-1,-1,0,-1,-1,-1,
#assigned_hub=4,0,3,2,6,-1,5,7,
#moving_targetting_pos=16,16|6,6|-1,-1|6,26|-1,-1|25,30|16,26|-1,-1|
#setting_targetting_pos=-1,-1|-1,-1|-1,-1|-1,-1|25,4|25,1|-1,-1|-1,-1|
#type=4,4,4,4,4,2,4,4,
........
#0010111111101111
#assigned_pet=-1,-1,-1,-1,0,-1,-1,-1,
#assigned_hub=4,0,3,2,6,-1,5,7,
#moving_targetting_pos=16,16|6,6|-1,-1|6,26|-1,-1|25,30|16,26|26,16|
#setting_targetting_pos=-1,-1|-1,-1|-1,-1|-1,-1|25,4|25,1|-1,-1|-1,-1|
#type=4,4,4,4,4,2,4,4,
........
#0010111111101111
#assigned_pet=-1,-1,-1,-1,0,-1,-1,-1,
#assigned_hub=4,0,3,2,6,-1,5,7,
#moving_targetting_pos=16,16|6,6|-1,-1|6,26|-1,-1|25,30|16,26|-1,-1|
#setting_targetting_pos=-1,-1|-1,-1|-1,-1|-1,-1|25,4|25,1|-1,-1|-1,-1|
#type=4,4,4,4,4,2,4,4,
........
#0010111111101111
#assigned_pet=-1,-1,-1,-1,0,-1,-1,-1,
#assigned_hub=4,0,3,2,6,-1,5,7,
#moving_targetting_pos=16,16|6,6|-1,-1|6,26|-1,-1|25,30|16,26|26,16|
#setting_targetting_pos=-1,-1|-1,-1|-1,-1|-1,-1|25,4|25,1|-1,-1|-1,-1|
#type=4,4,4,4,4,2,4,4,
........
#0010111111101111
#assigned_pet=-1,-1,-1,-1,3,-1,-1,-1,
#assigned_hub=4,0,3,2,6,-1,5,7,
#moving_targetting_pos=16,16|6,6|-1,-1|6,26|-1,-1|25,30|16,26|-1,-1|
#setting_targetting_pos=-1,-1|-1,-1|-1,-1|-1,-1|25,4|25,1|-1,-1|-1,-1|
#type=4,4,4,4,4,2,4,4,
........
#0010111111101111
#assigned_pet=-1,-1,-1,-1,0,-1,-1,-1,
#assigned_hub=4,0,3,2,6,-1,5,7,
#moving_targetting_pos=16,16|6,6|-1,-1|6,26|-1,-1|25,30|16,26|26,16|
#setting_targetting_pos=-1,-1|-1,-1|-1,-1|-1,-1|25,4|25,1|-1,-1|-1,-1|
#type=4,4,4,4,4,2,4,4,
........
#0010111111101111
#assigned_pet=-1,-1,-1,-1,3,-1,-1,-1,
#assigned_hub=4,0,3,2,6,-1,5,7,
#moving_targetting_pos=16,16|6,6|-1,-1|6,26|-1,-1|25,30|16,26|26,16|
#setting_targetting_pos=-1,-1|-1,-1|-1,-1|-1,-1|25,4|25,1|-1,-1|-1,-1|
#type=4,4,4,4,4,2,4,4,
........
#0010111111101111
#assigned_pet=-1,-1,-1,-1,0,-1,-1,-1,
#assigned_hub=4,0,3,2,6,-1,5,7,
#moving_targetting_pos=16,16|6,6|-1,-1|6,26|-1,-1|25,30|16,26|26,16|
#setting_targetting_pos=-1,-1|-1,-1|-1,-1|-1,-1|25,4|25,1|-1,-1|-1,-1|
#type=4,4,4,4,4,2,4,4,
........
#0010111111101111
#assigned_pet=-1,-1,1,-1,0,-1,-1,-1,
#assigned_hub=4,0,3,2,6,-1,5,7,
#moving_targetting_pos=16,16|6,6|-1,-1|6,26|-1,-1|25,30|16,26|26,16|
#setting_targetting_pos=-1,-1|-1,-1|15,4|-1,-1|25,4|25,1|-1,-1|-1,-1|
#type=4,4,4,4,4,2,4,4,
..L.....
#0010111111101111
#assigned_pet=-1,-1,1,-1,3,-1,-1,-1,
#assigned_hub=4,0,3,2,6,-1,5,7,
#moving_targetting_pos=16,16|6,6|-1,-1|6,26|-1,-1|25,30|16,26|26,16|
#setting_targetting_pos=-1,-1|-1,-1|15,4|-1,-1|25,4|25,1|-1,-1|-1,-1|
#type=4,4,4,4,4,2,4,4,
..L.....
#0010111111101111
#assigned_pet=-1,-1,1,-1,0,-1,-1,-1,
#assigned_hub=4,0,3,2,6,-1,5,7,
#moving_targetting_pos=16,16|6,6|-1,-1|6,26|-1,-1|25,30|16,26|26,16|
#setting_targetting_pos=-1,-1|-1,-1|15,4|-1,-1|25,4|25,1|-1,-1|-1,-1|
#type=4,4,4,4,4,2,4,4,
..L.....
#0010111111101111
#assigned_pet=-1,-1,1,-1,0,-1,-1,-1,
#assigned_hub=4,0,3,2,6,-1,5,7,
#moving_targetting_pos=16,16|6,6|-1,-1|6,26|-1,-1|25,30|16,26|26,16|
#setting_targetting_pos=-1,-1|-1,-1|15,4|-1,-1|25,4|25,1|-1,-1|-1,-1|
#type=4,4,4,4,4,2,4,4,
..L.....
#0110111111101111
#assigned_pet=-1,-1,1,-1,0,-1,-1,-1,
#assigned_hub=4,0,3,2,6,-1,5,7,
#moving_targetting_pos=16,16|6,6|-1,-1|6,26|-1,-1|25,30|16,26|26,16|
#setting_targetting_pos=-1,-1|-1,-1|15,4|-1,-1|25,4|25,1|-1,-1|-1,-1|
#type=4,4,5,4,4,2,4,4,
..u.....
#0110111111101111
#assigned_pet=-1,-1,-1,-1,0,-1,-1,-1,
#assigned_hub=4,0,3,2,6,-1,5,7,
#moving_targetting_pos=16,16|6,6|16,6|6,26|-1,-1|25,30|16,26|26,16|
#setting_targetting_pos=-1,-1|-1,-1|-1,-1|-1,-1|25,4|25,1|-1,-1|-1,-1|
#type=4,4,4,4,4,2,4,4,
........
#0110111111101111
#assigned_pet=-1,-1,-1,-1,0,-1,-1,-1,
#assigned_hub=4,0,3,2,6,-1,5,7,
#moving_targetting_pos=16,16|6,6|16,6|6,26|-1,-1|25,30|16,26|26,16|
#setting_targetting_pos=-1,-1|-1,-1|-1,-1|-1,-1|25,4|25,1|-1,-1|-1,-1|
#type=4,4,4,4,4,2,4,4,
........
#0110111111101111
#assigned_pet=-1,-1,-1,-1,0,-1,-1,-1,
#assigned_hub=4,0,3,2,6,-1,5,7,
#moving_targetting_pos=16,16|6,6|16,6|6,26|-1,-1|25,30|16,26|26,16|
#setting_targetting_pos=-1,-1|-1,-1|-1,-1|-1,-1|25,4|25,1|-1,-1|-1,-1|
#type=4,4,4,4,4,2,4,4,
........
#0110111111101111
#assigned_pet=-1,-1,-1,-1,0,-1,-1,-1,
#assigned_hub=4,0,3,2,6,-1,5,7,
#moving_targetting_pos=16,16|6,6|16,6|6,26|-1,-1|25,30|16,26|-1,-1|
#setting_targetting_pos=-1,-1|-1,-1|-1,-1|-1,-1|25,4|25,1|-1,-1|-1,-1|
#type=4,4,4,4,4,2,4,4,
........
#0110111111101111
#assigned_pet=-1,-1,-1,-1,0,-1,-1,-1,
#assigned_hub=4,0,3,2,6,-1,5,7,
#moving_targetting_pos=16,16|6,6|16,6|6,26|-1,-1|25,30|16,26|26,16|
#setting_targetting_pos=-1,-1|-1,-1|-1,-1|-1,-1|25,4|25,1|-1,-1|-1,-1|
#type=4,4,4,4,4,2,4,4,
........
#0110111111101111
#assigned_pet=-1,-1,-1,-1,0,-1,-1,-1,
#assigned_hub=4,0,3,2,6,-1,5,7,
#moving_targetting_pos=16,16|6,6|16,6|6,26|-1,-1|25,30|16,26|26,16|
#setting_targetting_pos=-1,-1|-1,-1|-1,-1|-1,-1|25,4|25,1|-1,-1|-1,-1|
#type=4,4,4,4,4,2,4,4,
........
#0110111111101111
#assigned_pet=-1,-1,-1,-1,0,-1,-1,-1,
#assigned_hub=4,0,3,2,6,-1,5,7,
#moving_targetting_pos=16,16|6,6|16,6|6,26|-1,-1|25,30|16,26|26,16|
#setting_targetting_pos=-1,-1|-1,-1|-1,-1|-1,-1|25,4|25,1|-1,-1|-1,-1|
#type=4,4,4,4,4,2,4,4,
........
#0110111111101111
#assigned_pet=-1,-1,-1,-1,0,-1,-1,-1,
#assigned_hub=4,0,3,2,6,-1,5,7,
#moving_targetting_pos=16,16|6,6|16,6|6,26|-1,-1|25,30|16,26|26,16|
#setting_targetting_pos=-1,-1|-1,-1|-1,-1|-1,-1|25,4|25,1|-1,-1|-1,-1|
#type=4,4,4,4,4,2,4,4,
........
#0110111111101111
#assigned_pet=-1,-1,-1,-1,0,-1,-1,-1,
#assigned_hub=4,0,3,2,6,-1,5,7,
#moving_targetting_pos=16,16|6,6|16,6|6,26|-1,-1|25,30|16,26|26,16|
#setting_targetting_pos=-1,-1|-1,-1|-1,-1|-1,-1|25,4|25,1|-1,-1|-1,-1|
#type=4,4,4,4,4,2,4,4,
........
#0110111111101111
#assigned_pet=-1,-1,-1,-1,0,-1,-1,-1,
#assigned_hub=4,0,3,2,6,-1,5,7,
#moving_targetting_pos=16,16|6,6|16,6|6,26|-1,-1|25,30|16,26|26,16|
#setting_targetting_pos=-1,-1|-1,-1|-1,-1|-1,-1|25,4|25,1|-1,-1|-1,-1|
#type=4,4,4,4,4,2,4,4,
........
#0110111111101111
#assigned_pet=-1,-1,-1,-1,0,-1,-1,-1,
#assigned_hub=4,0,3,2,6,-1,5,7,
#moving_targetting_pos=16,16|6,6|16,6|6,26|-1,-1|25,30|16,26|26,16|
#setting_targetting_pos=-1,-1|-1,-1|-1,-1|-1,-1|25,4|25,1|-1,-1|-1,-1|
#type=4,4,4,4,4,2,4,4,
........
#0110111111101111
#assigned_pet=-1,-1,-1,-1,0,-1,-1,-1,
#assigned_hub=4,0,3,2,6,-1,5,7,
#moving_targetting_pos=16,16|6,6|-1,-1|6,26|-1,-1|25,30|16,26|26,16|
#setting_targetting_pos=-1,-1|-1,-1|-1,-1|-1,-1|25,4|25,1|-1,-1|-1,-1|
#type=4,4,4,4,4,2,4,4,
........
#0110111111101111
#assigned_pet=-1,-1,-1,-1,0,-1,-1,-1,
#assigned_hub=4,0,3,2,6,-1,5,7,
#moving_targetting_pos=16,16|6,6|16,6|6,26|-1,-1|25,30|16,26|26,16|
#setting_targetting_pos=-1,-1|-1,-1|-1,-1|-1,-1|27,4|25,1|-1,-1|-1,-1|
#type=4,4,4,4,4,2,4,4,
........
#0110111111101111
#assigned_pet=-1,-1,-1,-1,11,-1,-1,-1,
#assigned_hub=4,0,3,2,6,-1,5,7,
#moving_targetting_pos=16,16|6,6|-1,-1|6,26|-1,-1|25,30|16,26|26,16|
#setting_targetting_pos=-1,-1|-1,-1|-1,-1|-1,-1|28,7|25,1|-1,-1|-1,-1|
#type=4,4,4,4,4,2,4,4,
....R...
#0110111111101111
#assigned_pet=-1,-1,-1,-1,11,-1,-1,-1,
#assigned_hub=4,0,3,2,6,-1,5,7,
#moving_targetting_pos=16,16|6,6|-1,-1|6,26|-1,-1|25,30|16,26|26,16|
#setting_targetting_pos=-1,-1|-1,-1|-1,-1|-1,-1|28,7|25,1|-1,-1|-1,-1|
#type=4,4,4,4,4,2,4,4,
....R...
#0110111111101111
#assigned_pet=-1,-1,-1,-1,11,-1,-1,-1,
#assigned_hub=4,0,3,2,6,-1,5,7,
#moving_targetting_pos=16,16|6,6|16,6|6,26|-1,-1|25,30|16,26|26,16|
#setting_targetting_pos=-1,-1|-1,-1|-1,-1|-1,-1|28,7|25,1|-1,-1|-1,-1|
#type=4,4,4,4,4,2,4,4,
....Rd..
#0110111111101111
#assigned_pet=-1,-1,-1,-1,0,-1,-1,-1,
#assigned_hub=4,0,3,2,6,-1,5,7,
#moving_targetting_pos=16,16|6,6|16,6|6,26|-1,-1|25,30|16,26|26,16|
#setting_targetting_pos=-1,-1|-1,-1|-1,-1|-1,-1|28,7|25,1|-1,-1|-1,-1|
#type=4,4,4,4,4,2,4,4,
....DL..
#0110111111101111
#assigned_pet=-1,-1,-1,-1,0,-1,-1,-1,
#assigned_hub=4,0,3,2,6,-1,5,7,
#moving_targetting_pos=16,16|6,6|16,6|6,26|-1,-1|25,30|16,26|26,16|
#setting_targetting_pos=-1,-1|-1,-1|-1,-1|-1,-1|28,7|25,1|-1,-1|-1,-1|
#type=4,4,4,4,4,2,4,4,
........
#0110111111101111
#assigned_pet=-1,-1,-1,-1,0,-1,-1,-1,
#assigned_hub=4,0,3,2,6,-1,5,7,
#moving_targetting_pos=16,16|6,6|16,6|6,26|-1,-1|25,30|16,26|26,16|
#setting_targetting_pos=-1,-1|-1,-1|-1,-1|-1,-1|28,7|25,1|-1,-1|-1,-1|
#type=4,4,4,4,4,2,4,4,
.....d..
#0110111111101111
#assigned_pet=-1,-1,-1,-1,0,-1,-1,-1,
#assigned_hub=4,0,3,2,6,-1,5,7,
#moving_targetting_pos=16,16|6,6|16,6|6,26|-1,-1|25,30|16,26|-1,-1|
#setting_targetting_pos=-1,-1|-1,-1|-1,-1|-1,-1|28,7|25,1|-1,-1|-1,-1|
#type=4,4,4,4,4,2,4,4,
.....L..
#0110111111101111
#assigned_pet=-1,-1,-1,-1,0,-1,-1,-1,
#assigned_hub=4,0,3,2,6,-1,5,7,
#moving_targetting_pos=16,16|6,6|16,6|6,26|-1,-1|25,30|16,26|26,16|
#setting_targetting_pos=-1,-1|-1,-1|-1,-1|-1,-1|28,7|25,1|-1,-1|-1,-1|
#type=4,4,4,4,4,2,4,4,
.....d..
#1110111111111111
#assigned_pet=-1,-1,-1,-1,0,-1,-1,-1,
#assigned_hub=4,0,3,2,6,-1,5,7,
#moving_targetting_pos=16,16|6,6|16,6|6,26|-1,-1|25,30|16,26|26,16|
#setting_targetting_pos=-1,-1|-1,-1|-1,-1|-1,-1|28,7|25,1|-1,-1|-1,-1|
#type=4,4,4,4,5,0,4,4,
....d...
#1110111111111111
#assigned_pet=-1,-1,-1,-1,3,-1,-1,-1,
#assigned_hub=4,0,3,2,6,-1,5,7,
#moving_targetting_pos=16,16|6,6|16,6|6,26|-1,-1|25,30|16,26|26,16|
#setting_targetting_pos=-1,-1|-1,-1|-1,-1|-1,-1|27,4|25,1|-1,-1|-1,-1|
#type=4,4,4,4,4,0,4,4,
....L...
#1110111111111111
#assigned_pet=-1,-1,-1,-1,3,-1,-1,-1,
#assigned_hub=4,0,3,2,6,-1,5,7,
#moving_targetting_pos=16,16|6,6|16,6|6,26|-1,-1|25,30|16,26|26,16|
#setting_targetting_pos=-1,-1|-1,-1|-1,-1|-1,-1|27,4|25,1|-1,-1|-1,-1|
#type=4,4,4,4,4,0,4,4,
....L...
#1111111111111111
#assigned_pet=-1,-1,-1,-1,3,-1,-1,-1,
#assigned_hub=4,0,3,2,6,-1,5,7,
#moving_targetting_pos=16,16|6,6|16,6|6,26|-1,-1|25,30|16,26|26,16|
#setting_targetting_pos=-1,-1|-1,-1|-1,-1|-1,-1|27,4|25,1|-1,-1|-1,-1|
#type=4,4,4,4,5,0,4,4,
....l...
#1111111111111111
#assigned_pet=-1,-1,-1,-1,-1,-1,-1,-1,
#assigned_hub=4,0,3,2,6,-1,5,7,
#moving_targetting_pos=16,16|6,6|16,6|6,26|26,6|25,30|16,26|26,16|
#setting_targetting_pos=-1,-1|-1,-1|-1,-1|-1,-1|-1,-1|25,1|-1,-1|-1,-1|
#type=4,4,4,4,4,0,4,4,
........
#1111111111111111
#assigned_pet=-1,-1,-1,-1,-1,-1,-1,-1,
#assigned_hub=4,0,3,2,6,-1,5,7,
#moving_targetting_pos=16,16|6,6|16,6|6,26|26,6|25,30|16,26|26,16|
#setting_targetting_pos=-1,-1|-1,-1|-1,-1|-1,-1|-1,-1|25,1|-1,-1|-1,-1|
#type=4,4,4,4,4,0,4,4,
........
#1111111111111111
#assigned_pet=-1,-1,-1,-1,-1,-1,-1,-1,
#assigned_hub=4,0,3,2,6,-1,5,7,
#moving_targetting_pos=16,16|6,6|16,6|6,26|26,6|25,30|16,26|26,16|
#setting_targetting_pos=-1,-1|-1,-1|-1,-1|-1,-1|-1,-1|25,1|-1,-1|-1,-1|
#type=4,4,4,4,4,0,4,4,
........
#1111111111111111
#assigned_pet=-1,-1,-1,-1,-1,-1,-1,-1,
#assigned_hub=4,0,3,2,6,-1,5,7,
#moving_targetting_pos=16,16|6,6|16,6|6,26|26,6|25,30|16,26|26,16|
#setting_targetting_pos=-1,-1|-1,-1|-1,-1|-1,-1|-1,-1|25,1|-1,-1|-1,-1|
#type=4,4,4,4,4,0,4,4,
........
#1111111111111111
#assigned_pet=-1,-1,-1,-1,-1,-1,-1,-1,
#assigned_hub=4,0,3,2,6,-1,5,7,
#moving_targetting_pos=16,16|6,6|16,6|6,26|26,6|25,30|16,26|26,16|
#setting_targetting_pos=-1,-1|-1,-1|-1,-1|-1,-1|-1,-1|25,1|-1,-1|-1,-1|
#type=4,4,4,4,4,0,4,4,
........
#1111111111111111
#assigned_pet=-1,-1,-1,-1,-1,-1,-1,-1,
#assigned_hub=4,0,3,2,6,-1,5,7,
#moving_targetting_pos=16,16|6,6|16,6|6,26|26,6|25,30|16,26|26,16|
#setting_targetting_pos=-1,-1|-1,-1|-1,-1|-1,-1|-1,-1|25,1|-1,-1|-1,-1|
#type=4,4,4,4,4,0,4,4,
........
#1111111111111111
#assigned_pet=-1,-1,-1,-1,-1,-1,-1,-1,
#assigned_hub=4,0,3,2,6,-1,5,7,
#moving_targetting_pos=16,16|6,6|16,6|6,26|26,6|25,30|16,26|26,16|
#setting_targetting_pos=-1,-1|-1,-1|-1,-1|-1,-1|-1,-1|25,1|-1,-1|-1,-1|
#type=4,4,4,4,4,0,4,4,
........
#1111111111111111
#assigned_pet=-1,-1,-1,-1,-1,-1,-1,-1,
#assigned_hub=4,0,3,2,6,-1,5,7,
#moving_targetting_pos=16,16|6,6|16,6|6,26|26,6|25,30|16,26|26,16|
#setting_targetting_pos=-1,-1|-1,-1|-1,-1|-1,-1|-1,-1|25,1|-1,-1|-1,-1|
#type=4,4,4,4,4,0,4,4,
........
#1111111111111111
#assigned_pet=-1,-1,-1,-1,-1,-1,-1,-1,
#assigned_hub=4,0,3,2,6,-1,5,7,
#moving_targetting_pos=16,16|6,6|16,6|6,26|26,6|25,30|16,26|26,16|
#setting_targetting_pos=-1,-1|-1,-1|-1,-1|-1,-1|-1,-1|25,1|-1,-1|-1,-1|
#type=4,4,4,4,4,0,4,4,
........
#1111111111111111
#assigned_pet=-1,-1,-1,-1,-1,-1,-1,-1,
#assigned_hub=4,0,3,2,6,-1,5,7,
#moving_targetting_pos=16,16|6,6|16,6|6,26|26,6|25,30|16,26|26,16|
#setting_targetting_pos=-1,-1|-1,-1|-1,-1|-1,-1|-1,-1|25,1|-1,-1|-1,-1|
#type=4,4,4,4,4,0,4,4,
........
#1111111111111111
#assigned_pet=-1,-1,-1,-1,-1,-1,-1,-1,
#assigned_hub=4,0,3,2,6,-1,5,7,
#moving_targetting_pos=16,16|6,6|16,6|6,26|26,6|25,30|16,26|26,16|
#setting_targetting_pos=-1,-1|-1,-1|-1,-1|-1,-1|-1,-1|25,1|-1,-1|-1,-1|
#type=4,4,4,4,4,0,4,4,
........
#1111111111111111
#assigned_pet=-1,-1,-1,-1,-1,-1,-1,-1,
#assigned_hub=4,0,3,2,6,-1,5,7,
#moving_targetting_pos=16,16|6,6|16,6|6,26|26,6|25,30|16,26|26,16|
#setting_targetting_pos=-1,-1|-1,-1|-1,-1|-1,-1|-1,-1|25,1|-1,-1|-1,-1|
#type=4,4,4,4,4,0,4,4,
........
#1111111111111111
#assigned_pet=-1,-1,-1,-1,-1,-1,-1,-1,
#assigned_hub=4,0,3,2,6,-1,5,7,
#moving_targetting_pos=16,16|6,6|16,6|6,26|26,6|25,30|16,26|26,16|
#setting_targetting_pos=-1,-1|-1,-1|-1,-1|-1,-1|-1,-1|25,1|-1,-1|-1,-1|
#type=4,4,4,4,4,0,4,4,
........
#1111111111111111
#assigned_pet=-1,-1,-1,-1,-1,-1,-1,-1,
#assigned_hub=4,0,3,2,6,-1,5,7,
#moving_targetting_pos=16,16|6,6|16,6|6,26|26,6|25,30|16,26|26,16|
#setting_targetting_pos=-1,-1|-1,-1|-1,-1|-1,-1|-1,-1|25,1|-1,-1|-1,-1|
#type=4,4,4,4,4,0,4,4,
........
#1111111111111111
#assigned_pet=-1,-1,-1,-1,-1,-1,-1,-1,
#assigned_hub=4,0,3,2,6,-1,5,7,
#moving_targetting_pos=16,16|6,6|16,6|6,26|26,6|25,30|16,26|26,16|
#setting_targetting_pos=-1,-1|-1,-1|-1,-1|-1,-1|-1,-1|25,1|-1,-1|-1,-1|
#type=4,4,4,4,4,0,4,4,
........
#1111111111111111
#assigned_pet=-1,-1,-1,-1,-1,-1,-1,-1,
#assigned_hub=4,0,3,2,6,-1,5,7,
#moving_targetting_pos=16,16|6,6|16,6|6,26|26,6|25,30|16,26|26,16|
#setting_targetting_pos=-1,-1|-1,-1|-1,-1|-1,-1|-1,-1|25,1|-1,-1|-1,-1|
#type=4,4,4,4,4,0,4,4,
........
#1111111111111111
#assigned_pet=-1,-1,-1,-1,-1,-1,-1,-1,
#assigned_hub=4,0,3,2,6,-1,5,7,
#moving_targetting_pos=16,16|6,6|16,6|6,26|26,6|25,30|16,26|26,16|
#setting_targetting_pos=-1,-1|-1,-1|-1,-1|-1,-1|-1,-1|25,1|-1,-1|-1,-1|
#type=4,4,4,4,4,0,4,4,
........
#1111111111111111
#assigned_pet=-1,-1,-1,-1,-1,-1,-1,-1,
#assigned_hub=4,0,3,2,6,-1,5,7,
#moving_targetting_pos=16,16|6,6|16,6|6,26|26,6|25,30|16,26|26,16|
#setting_targetting_pos=-1,-1|-1,-1|-1,-1|-1,-1|-1,-1|25,1|-1,-1|-1,-1|
#type=4,4,4,4,4,0,4,4,
........
#1111111111111111
#assigned_pet=-1,-1,-1,-1,-1,-1,-1,-1,
#assigned_hub=4,0,3,2,6,-1,5,7,
#moving_targetting_pos=16,16|6,6|16,6|6,26|26,6|25,30|16,26|26,16|
#setting_targetting_pos=-1,-1|-1,-1|-1,-1|-1,-1|-1,-1|25,1|-1,-1|-1,-1|
#type=4,4,4,4,4,0,4,4,
........
#1111111111111111
#assigned_pet=-1,-1,-1,-1,-1,-1,-1,-1,
#assigned_hub=4,0,3,2,6,-1,5,7,
#moving_targetting_pos=16,16|6,6|16,6|6,26|26,6|25,30|16,26|26,16|
#setting_targetting_pos=-1,-1|-1,-1|-1,-1|-1,-1|-1,-1|25,1|-1,-1|-1,-1|
#type=4,4,4,4,4,0,4,4,
........
#1111111111111111
#assigned_pet=-1,-1,-1,-1,-1,-1,-1,-1,
#assigned_hub=4,0,3,2,6,-1,5,7,
#moving_targetting_pos=16,16|6,6|16,6|6,26|26,6|25,30|16,26|26,16|
#setting_targetting_pos=-1,-1|-1,-1|-1,-1|-1,-1|-1,-1|25,1|-1,-1|-1,-1|
#type=4,4,4,4,4,0,4,4,
........
#1111111111111111
#assigned_pet=-1,-1,-1,-1,-1,-1,-1,-1,
#assigned_hub=4,0,3,2,6,-1,5,7,
#moving_targetting_pos=16,16|6,6|16,6|6,26|26,6|25,30|16,26|26,16|
#setting_targetting_pos=-1,-1|-1,-1|-1,-1|-1,-1|-1,-1|25,1|-1,-1|-1,-1|
#type=4,4,4,4,4,0,4,4,
........
#1111111111111111
#assigned_pet=-1,-1,-1,-1,-1,-1,-1,-1,
#assigned_hub=4,0,3,2,6,-1,5,7,
#moving_targetting_pos=16,16|6,6|16,6|6,26|26,6|25,30|16,26|26,16|
#setting_targetting_pos=-1,-1|-1,-1|-1,-1|-1,-1|-1,-1|25,1|-1,-1|-1,-1|
#type=4,4,4,4,4,0,4,4,
........
#1111111111111111
#assigned_pet=-1,-1,-1,-1,-1,-1,-1,-1,
#assigned_hub=4,0,3,2,6,-1,5,7,
#moving_targetting_pos=16,16|6,6|16,6|6,26|26,6|25,30|16,26|26,16|
#setting_targetting_pos=-1,-1|-1,-1|-1,-1|-1,-1|-1,-1|25,1|-1,-1|-1,-1|
#type=4,4,4,4,4,0,4,4,
........
#1111111111111111
#assigned_pet=-1,-1,-1,-1,-1,-1,-1,-1,
#assigned_hub=4,0,3,2,6,-1,5,7,
#moving_targetting_pos=16,16|6,6|16,6|6,26|26,6|25,30|16,26|26,16|
#setting_targetting_pos=-1,-1|-1,-1|-1,-1|-1,-1|-1,-1|25,1|-1,-1|-1,-1|
#type=4,4,4,4,4,0,4,4,
........
#1111111111111111
#assigned_pet=-1,-1,-1,-1,-1,-1,-1,-1,
#assigned_hub=4,0,3,2,6,-1,5,7,
#moving_targetting_pos=16,16|6,6|16,6|6,26|26,6|25,30|16,26|26,16|
#setting_targetting_pos=-1,-1|-1,-1|-1,-1|-1,-1|-1,-1|25,1|-1,-1|-1,-1|
#type=4,4,4,4,4,0,4,4,
........
#1111111111111111
#assigned_pet=-1,-1,-1,-1,-1,-1,-1,-1,
#assigned_hub=4,0,3,2,6,-1,5,7,
#moving_targetting_pos=16,16|6,6|16,6|6,26|26,6|25,30|16,26|26,16|
#setting_targetting_pos=-1,-1|-1,-1|-1,-1|-1,-1|-1,-1|25,1|-1,-1|-1,-1|
#type=4,4,4,4,4,0,4,4,
........
#1111111111111111
#assigned_pet=-1,-1,-1,-1,-1,-1,-1,-1,
#assigned_hub=4,0,3,2,6,-1,5,7,
#moving_targetting_pos=16,16|6,6|16,6|6,26|26,6|25,30|16,26|26,16|
#setting_targetting_pos=-1,-1|-1,-1|-1,-1|-1,-1|-1,-1|25,1|-1,-1|-1,-1|
#type=4,4,4,4,4,0,4,4,
........
#1111111111111111
#assigned_pet=-1,-1,-1,-1,-1,-1,-1,-1,
#assigned_hub=4,0,3,2,6,-1,5,7,
#moving_targetting_pos=16,16|6,6|16,6|6,26|26,6|25,30|16,26|26,16|
#setting_targetting_pos=-1,-1|-1,-1|-1,-1|-1,-1|-1,-1|25,1|-1,-1|-1,-1|
#type=4,4,4,4,4,0,4,4,
........
#1111111111111111
#assigned_pet=-1,-1,-1,-1,-1,-1,-1,-1,
#assigned_hub=4,0,3,2,6,-1,5,7,
#moving_targetting_pos=16,16|6,6|16,6|6,26|26,6|25,30|16,26|26,16|
#setting_targetting_pos=-1,-1|-1,-1|-1,-1|-1,-1|-1,-1|25,1|-1,-1|-1,-1|
#type=4,4,4,4,4,0,4,4,
........
#1111111111111111
#assigned_pet=-1,-1,-1,-1,-1,-1,-1,-1,
#assigned_hub=4,0,3,2,6,-1,5,7,
#moving_targetting_pos=16,16|6,6|16,6|6,26|26,6|25,30|16,26|26,16|
#setting_targetting_pos=-1,-1|-1,-1|-1,-1|-1,-1|-1,-1|25,1|-1,-1|-1,-1|
#type=4,4,4,4,4,0,4,4,
........
#1111111111111111
#assigned_pet=-1,-1,-1,-1,-1,-1,-1,-1,
#assigned_hub=4,0,3,2,6,-1,5,7,
#moving_targetting_pos=16,16|6,6|16,6|6,26|26,6|25,30|16,26|26,16|
#setting_targetting_pos=-1,-1|-1,-1|-1,-1|-1,-1|-1,-1|25,1|-1,-1|-1,-1|
#type=4,4,4,4,4,0,4,4,
........
#1111111111111111
#assigned_pet=-1,-1,-1,-1,-1,-1,-1,-1,
#assigned_hub=4,0,3,2,6,-1,5,7,
#moving_targetting_pos=16,16|6,6|16,6|6,26|26,6|25,30|16,26|26,16|
#setting_targetting_pos=-1,-1|-1,-1|-1,-1|-1,-1|-1,-1|25,1|-1,-1|-1,-1|
#type=4,4,4,4,4,0,4,4,
........
#1111111111111111
#assigned_pet=-1,-1,-1,-1,-1,-1,-1,-1,
#assigned_hub=4,0,3,2,6,-1,5,7,
#moving_targetting_pos=16,16|6,6|16,6|6,26|26,6|25,30|16,26|26,16|
#setting_targetting_pos=-1,-1|-1,-1|-1,-1|-1,-1|-1,-1|25,1|-1,-1|-1,-1|
#type=4,4,4,4,4,0,4,4,
........
#1111111111111111
#assigned_pet=-1,-1,-1,-1,-1,-1,-1,-1,
#assigned_hub=4,0,3,2,6,-1,5,7,
#moving_targetting_pos=16,16|6,6|16,6|6,26|26,6|25,30|16,26|26,16|
#setting_targetting_pos=-1,-1|-1,-1|-1,-1|-1,-1|-1,-1|25,1|-1,-1|-1,-1|
#type=4,4,4,4,4,0,4,4,
........
#1111111111111111
#assigned_pet=-1,-1,-1,-1,-1,-1,-1,-1,
#assigned_hub=4,0,3,2,6,-1,5,7,
#moving_targetting_pos=16,16|6,6|16,6|6,26|26,6|25,30|16,26|26,16|
#setting_targetting_pos=-1,-1|-1,-1|-1,-1|-1,-1|-1,-1|25,1|-1,-1|-1,-1|
#type=4,4,4,4,4,0,4,4,
........
#1111111111111111
#assigned_pet=-1,-1,-1,-1,-1,-1,-1,-1,
#assigned_hub=4,0,3,2,6,-1,5,7,
#moving_targetting_pos=16,16|6,6|16,6|6,26|26,6|25,30|16,26|26,16|
#setting_targetting_pos=-1,-1|-1,-1|-1,-1|-1,-1|-1,-1|25,1|-1,-1|-1,-1|
#type=4,4,4,4,4,0,4,4,
........
#1111111111111111
#assigned_pet=-1,-1,-1,-1,-1,-1,-1,-1,
#assigned_hub=4,0,3,2,6,-1,5,7,
#moving_targetting_pos=16,16|6,6|16,6|6,26|26,6|25,30|16,26|26,16|
#setting_targetting_pos=-1,-1|-1,-1|-1,-1|-1,-1|-1,-1|25,1|-1,-1|-1,-1|
#type=4,4,4,4,4,0,4,4,
........
#1111111111111111
#assigned_pet=-1,-1,-1,-1,-1,-1,-1,-1,
#assigned_hub=4,0,3,2,6,-1,5,7,
#moving_targetting_pos=16,16|6,6|16,6|6,26|26,6|25,30|16,26|26,16|
#setting_targetting_pos=-1,-1|-1,-1|-1,-1|-1,-1|-1,-1|25,1|-1,-1|-1,-1|
#type=4,4,4,4,4,0,4,4,
........
#1111111111111111
#assigned_pet=-1,-1,-1,-1,-1,-1,-1,-1,
#assigned_hub=4,0,3,2,6,-1,5,7,
#moving_targetting_pos=16,16|6,6|16,6|6,26|26,6|25,30|16,26|26,16|
#setting_targetting_pos=-1,-1|-1,-1|-1,-1|-1,-1|-1,-1|25,1|-1,-1|-1,-1|
#type=4,4,4,4,4,0,4,4,
........
#1111111111111111
#assigned_pet=-1,-1,-1,-1,-1,-1,-1,-1,
#assigned_hub=4,0,3,2,6,-1,5,7,
#moving_targetting_pos=16,16|6,6|16,6|6,26|26,6|25,30|16,26|26,16|
#setting_targetting_pos=-1,-1|-1,-1|-1,-1|-1,-1|-1,-1|25,1|-1,-1|-1,-1|
#type=4,4,4,4,4,0,4,4,
........
#1111111111111111
#assigned_pet=-1,-1,-1,-1,-1,-1,-1,-1,
#assigned_hub=4,0,3,2,6,-1,5,7,
#moving_targetting_pos=16,16|6,6|16,6|6,26|26,6|25,30|16,26|26,16|
#setting_targetting_pos=-1,-1|-1,-1|-1,-1|-1,-1|-1,-1|25,1|-1,-1|-1,-1|
#type=4,4,4,4,4,0,4,4,
........
#1111111111111111
#assigned_pet=-1,-1,-1,-1,-1,-1,-1,-1,
#assigned_hub=4,0,3,2,6,-1,5,7,
#moving_targetting_pos=16,16|6,6|16,6|6,26|26,6|25,30|16,26|26,16|
#setting_targetting_pos=-1,-1|-1,-1|-1,-1|-1,-1|-1,-1|25,1|-1,-1|-1,-1|
#type=4,4,4,4,4,0,4,4,
........
#1111111111111111
#assigned_pet=-1,-1,-1,-1,-1,-1,-1,-1,
#assigned_hub=4,0,3,2,6,-1,5,7,
#moving_targetting_pos=16,16|6,6|16,6|6,26|26,6|25,30|16,26|26,16|
#setting_targetting_pos=-1,-1|-1,-1|-1,-1|-1,-1|-1,-1|25,1|-1,-1|-1,-1|
#type=4,4,4,4,4,0,4,4,
........
#1111111111111111
#assigned_pet=-1,-1,-1,-1,-1,-1,-1,-1,
#assigned_hub=4,0,3,2,6,-1,5,7,
#moving_targetting_pos=16,16|6,6|16,6|6,26|26,6|25,30|16,26|26,16|
#setting_targetting_pos=-1,-1|-1,-1|-1,-1|-1,-1|-1,-1|25,1|-1,-1|-1,-1|
#type=4,4,4,4,4,0,4,4,
........
#1111111111111111
#assigned_pet=-1,-1,-1,-1,-1,-1,-1,-1,
#assigned_hub=4,0,3,2,6,-1,5,7,
#moving_targetting_pos=16,16|6,6|16,6|6,26|26,6|25,30|16,26|26,16|
#setting_targetting_pos=-1,-1|-1,-1|-1,-1|-1,-1|-1,-1|25,1|-1,-1|-1,-1|
#type=4,4,4,4,4,0,4,4,
........
#1111111111111111
#assigned_pet=-1,-1,-1,-1,-1,-1,-1,-1,
#assigned_hub=4,0,3,2,6,-1,5,7,
#moving_targetting_pos=16,16|6,6|16,6|6,26|26,6|25,30|16,26|26,16|
#setting_targetting_pos=-1,-1|-1,-1|-1,-1|-1,-1|-1,-1|25,1|-1,-1|-1,-1|
#type=4,4,4,4,4,0,4,4,
........
#1111111111111111
#assigned_pet=-1,-1,-1,-1,-1,-1,-1,-1,
#assigned_hub=4,0,3,2,6,-1,5,7,
#moving_targetting_pos=16,16|6,6|16,6|6,26|26,6|25,30|16,26|26,16|
#setting_targetting_pos=-1,-1|-1,-1|-1,-1|-1,-1|-1,-1|25,1|-1,-1|-1,-1|
#type=4,4,4,4,4,0,4,4,
........
#1111111111111111
#assigned_pet=-1,-1,-1,-1,-1,-1,-1,-1,
#assigned_hub=4,0,3,2,6,-1,5,7,
#moving_targetting_pos=16,16|6,6|16,6|6,26|26,6|25,30|16,26|26,16|
#setting_targetting_pos=-1,-1|-1,-1|-1,-1|-1,-1|-1,-1|25,1|-1,-1|-1,-1|
#type=4,4,4,4,4,0,4,4,
........
#1111111111111111
#assigned_pet=-1,-1,-1,-1,-1,-1,-1,-1,
#assigned_hub=4,0,3,2,6,-1,5,7,
#moving_targetting_pos=16,16|6,6|16,6|6,26|26,6|25,30|16,26|26,16|
#setting_targetting_pos=-1,-1|-1,-1|-1,-1|-1,-1|-1,-1|25,1|-1,-1|-1,-1|
#type=4,4,4,4,4,0,4,4,
........
#1111111111111111
#assigned_pet=-1,-1,-1,-1,-1,-1,-1,-1,
#assigned_hub=4,0,3,2,6,-1,5,7,
#moving_targetting_pos=16,16|6,6|16,6|6,26|26,6|25,30|16,26|26,16|
#setting_targetting_pos=-1,-1|-1,-1|-1,-1|-1,-1|-1,-1|25,1|-1,-1|-1,-1|
#type=4,4,4,4,4,0,4,4,
........
#1111111111111111
#assigned_pet=-1,-1,-1,-1,-1,-1,-1,-1,
#assigned_hub=4,0,3,2,6,-1,5,7,
#moving_targetting_pos=16,16|6,6|16,6|6,26|26,6|25,30|16,26|26,16|
#setting_targetting_pos=-1,-1|-1,-1|-1,-1|-1,-1|-1,-1|25,1|-1,-1|-1,-1|
#type=4,4,4,4,4,0,4,4,
........
#1111111111111111
#assigned_pet=-1,-1,-1,-1,-1,-1,-1,-1,
#assigned_hub=4,0,3,2,6,-1,5,7,
#moving_targetting_pos=16,16|6,6|16,6|6,26|26,6|25,30|16,26|26,16|
#setting_targetting_pos=-1,-1|-1,-1|-1,-1|-1,-1|-1,-1|25,1|-1,-1|-1,-1|
#type=4,4,4,4,4,0,4,4,
........
#1111111111111111
#assigned_pet=-1,-1,-1,-1,-1,-1,-1,-1,
#assigned_hub=4,0,3,2,6,-1,5,7,
#moving_targetting_pos=16,16|6,6|16,6|6,26|26,6|25,30|16,26|26,16|
#setting_targetting_pos=-1,-1|-1,-1|-1,-1|-1,-1|-1,-1|25,1|-1,-1|-1,-1|
#type=4,4,4,4,4,0,4,4,
........
#1111111111111111
#assigned_pet=-1,-1,-1,-1,-1,-1,-1,-1,
#assigned_hub=4,0,3,2,6,-1,5,7,
#moving_targetting_pos=16,16|6,6|16,6|6,26|26,6|25,30|16,26|26,16|
#setting_targetting_pos=-1,-1|-1,-1|-1,-1|-1,-1|-1,-1|25,1|-1,-1|-1,-1|
#type=4,4,4,4,4,0,4,4,
........
#1111111111111111
#assigned_pet=-1,-1,-1,-1,-1,-1,-1,-1,
#assigned_hub=4,0,3,2,6,-1,5,7,
#moving_targetting_pos=16,16|6,6|16,6|6,26|26,6|25,30|16,26|26,16|
#setting_targetting_pos=-1,-1|-1,-1|-1,-1|-1,-1|-1,-1|25,1|-1,-1|-1,-1|
#type=4,4,4,4,4,0,4,4,
........
#1111111111111111
#assigned_pet=-1,-1,-1,-1,-1,-1,-1,-1,
#assigned_hub=4,0,3,2,6,-1,5,7,
#moving_targetting_pos=16,16|6,6|16,6|6,26|26,6|25,30|16,26|26,16|
#setting_targetting_pos=-1,-1|-1,-1|-1,-1|-1,-1|-1,-1|25,1|-1,-1|-1,-1|
#type=4,4,4,4,4,0,4,4,
........
#1111111111111111
#assigned_pet=-1,-1,-1,-1,-1,-1,-1,-1,
#assigned_hub=4,0,3,2,6,-1,5,7,
#moving_targetting_pos=16,16|6,6|16,6|6,26|26,6|25,30|16,26|26,16|
#setting_targetting_pos=-1,-1|-1,-1|-1,-1|-1,-1|-1,-1|25,1|-1,-1|-1,-1|
#type=4,4,4,4,4,0,4,4,
........
#1111111111111111
#assigned_pet=-1,-1,-1,-1,-1,-1,-1,-1,
#assigned_hub=4,0,3,2,6,-1,5,7,
#moving_targetting_pos=16,16|6,6|16,6|6,26|26,6|25,30|16,26|26,16|
#setting_targetting_pos=-1,-1|-1,-1|-1,-1|-1,-1|-1,-1|25,1|-1,-1|-1,-1|
#type=4,4,4,4,4,0,4,4,
........
#1111111111111111
#assigned_pet=-1,-1,-1,-1,-1,-1,-1,-1,
#assigned_hub=4,0,3,2,6,-1,5,7,
#moving_targetting_pos=16,16|6,6|16,6|6,26|26,6|25,30|16,26|26,16|
#setting_targetting_pos=-1,-1|-1,-1|-1,-1|-1,-1|-1,-1|25,1|-1,-1|-1,-1|
#type=4,4,4,4,4,0,4,4,
........
#1111111111111111
#assigned_pet=-1,-1,-1,-1,-1,-1,-1,-1,
#assigned_hub=4,0,3,2,6,-1,5,7,
#moving_targetting_pos=16,16|6,6|16,6|6,26|26,6|25,30|16,26|26,16|
#setting_targetting_pos=-1,-1|-1,-1|-1,-1|-1,-1|-1,-1|25,1|-1,-1|-1,-1|
#type=4,4,4,4,4,0,4,4,
........
#1111111111111111
#assigned_pet=-1,-1,-1,-1,-1,-1,-1,-1,
#assigned_hub=4,0,3,2,6,-1,5,7,
#moving_targetting_pos=16,16|6,6|16,6|6,26|26,6|25,30|16,26|26,16|
#setting_targetting_pos=-1,-1|-1,-1|-1,-1|-1,-1|-1,-1|25,1|-1,-1|-1,-1|
#type=4,4,4,4,4,0,4,4,
........
#1111111111111111
#assigned_pet=-1,-1,-1,-1,-1,-1,-1,-1,
#assigned_hub=4,0,3,2,6,-1,5,7,
#moving_targetting_pos=16,16|6,6|16,6|6,26|26,6|25,30|16,26|26,16|
#setting_targetting_pos=-1,-1|-1,-1|-1,-1|-1,-1|-1,-1|25,1|-1,-1|-1,-1|
#type=4,4,4,4,4,0,4,4,
........
#1111111111111111
#assigned_pet=-1,-1,-1,-1,-1,-1,-1,-1,
#assigned_hub=4,0,3,2,6,-1,5,7,
#moving_targetting_pos=16,16|6,6|16,6|6,26|26,6|25,30|16,26|26,16|
#setting_targetting_pos=-1,-1|-1,-1|-1,-1|-1,-1|-1,-1|25,1|-1,-1|-1,-1|
#type=4,4,4,4,4,0,4,4,
........
#1111111111111111
#assigned_pet=-1,-1,-1,-1,-1,-1,-1,-1,
#assigned_hub=4,0,3,2,6,-1,5,7,
#moving_targetting_pos=16,16|6,6|16,6|6,26|26,6|25,30|16,26|26,16|
#setting_targetting_pos=-1,-1|-1,-1|-1,-1|-1,-1|-1,-1|25,1|-1,-1|-1,-1|
#type=4,4,4,4,4,0,4,4,
........
#1111111111111111
#assigned_pet=-1,-1,-1,-1,-1,-1,-1,-1,
#assigned_hub=4,0,3,2,6,-1,5,7,
#moving_targetting_pos=16,16|6,6|16,6|6,26|26,6|25,30|16,26|26,16|
#setting_targetting_pos=-1,-1|-1,-1|-1,-1|-1,-1|-1,-1|25,1|-1,-1|-1,-1|
#type=4,4,4,4,4,0,4,4,
........
#1111111111111111
#assigned_pet=-1,-1,-1,-1,-1,-1,-1,-1,
#assigned_hub=4,0,3,2,6,-1,5,7,
#moving_targetting_pos=16,16|6,6|16,6|6,26|26,6|25,30|16,26|26,16|
#setting_targetting_pos=-1,-1|-1,-1|-1,-1|-1,-1|-1,-1|25,1|-1,-1|-1,-1|
#type=4,4,4,4,4,0,4,4,
........
#1111111111111111
#assigned_pet=-1,-1,-1,-1,-1,-1,-1,-1,
#assigned_hub=4,0,3,2,6,-1,5,7,
#moving_targetting_pos=16,16|6,6|16,6|6,26|26,6|25,30|16,26|26,16|
#setting_targetting_pos=-1,-1|-1,-1|-1,-1|-1,-1|-1,-1|25,1|-1,-1|-1,-1|
#type=4,4,4,4,4,0,4,4,
........
#1111111111111111
#assigned_pet=-1,-1,-1,-1,-1,-1,-1,-1,
#assigned_hub=4,0,3,2,6,-1,5,7,
#moving_targetting_pos=16,16|6,6|16,6|6,26|26,6|25,30|16,26|26,16|
#setting_targetting_pos=-1,-1|-1,-1|-1,-1|-1,-1|-1,-1|25,1|-1,-1|-1,-1|
#type=4,4,4,4,4,0,4,4,
........
#1111111111111111
#assigned_pet=-1,-1,-1,-1,-1,-1,-1,-1,
#assigned_hub=4,0,3,2,6,-1,5,7,
#moving_targetting_pos=16,16|6,6|16,6|6,26|26,6|25,30|16,26|26,16|
#setting_targetting_pos=-1,-1|-1,-1|-1,-1|-1,-1|-1,-1|25,1|-1,-1|-1,-1|
#type=4,4,4,4,4,0,4,4,
........
#1111111111111111
#assigned_pet=-1,-1,-1,-1,-1,-1,-1,-1,
#assigned_hub=4,0,3,2,6,-1,5,7,
#moving_targetting_pos=16,16|6,6|16,6|6,26|26,6|25,30|16,26|26,16|
#setting_targetting_pos=-1,-1|-1,-1|-1,-1|-1,-1|-1,-1|25,1|-1,-1|-1,-1|
#type=4,4,4,4,4,0,4,4,
........
