#000000000000000
#assigned_pet=-1,-1,-1,-1,-1,-1,-1,-1,-1,-1,
#assigned_hub=-1,-1,-1,-1,-1,-1,-1,-1,-1,3,
#moving_targetting_pos=25,1|19,2|9,2|22,1|12,29|5,30|15,30|29,2|2,1|16,6|
#setting_targetting_pos=25,30|19,30|9,30|22,29|12,1|5,1|15,1|29,30|2,29|0,0|
#type=1,1,1,1,1,1,1,1,1,3,
LLLLRRRLUR
#000000000000000
#assigned_pet=-1,-1,-1,-1,-1,-1,-1,-1,-1,-1,
#assigned_hub=-1,-1,-1,-1,-1,-1,-1,-1,-1,3,
#moving_targetting_pos=25,1|19,2|9,2|22,1|12,29|5,30|15,30|29,2|2,1|-1,-1|
#setting_targetting_pos=25,30|19,30|9,30|22,29|12,1|5,1|15,1|29,30|2,29|-1,-1|
#type=1,1,1,1,1,1,1,1,1,4,
DULDRRDLU.
#000000000000000
#assigned_pet=-1,-1,-1,-1,-1,-1,-1,-1,-1,-1,
#assigned_hub=-1,-1,-1,-1,-1,-1,-1,-1,-1,3,
#moving_targetting_pos=25,1|19,2|9,2|22,1|12,29|5,30|15,30|29,2|2,1|-1,-1|
#setting_targetting_pos=25,30|19,30|9,30|22,29|12,1|5,1|15,1|29,30|2,29|-1,-1|
#type=2,1,1,2,2,1,1,1,2,4,
dULudRDLu.
#000000000000000
#assigned_pet=-1,-1,-1,-1,-1,-1,-1,-1,-1,-1,
#assigned_hub=-1,-1,-1,-1,-1,-1,-1,-1,-1,3,
#moving_targetting_pos=25,1|19,2|9,2|22,1|12,29|5,30|15,30|29,2|2,1|-1,-1|
#setting_targetting_pos=25,30|19,30|9,30|22,29|12,1|5,1|15,1|29,30|2,29|-1,-1|
#type=2,2,1,2,2,1,1,1,2,4,
RdLR.RDLR.
#000000000000000
#assigned_pet=-1,-1,-1,-1,-1,-1,-1,-1,-1,-1,
#assigned_hub=-1,-1,-1,-1,-1,-1,-1,-1,-1,3,
#moving_targetting_pos=25,1|19,2|9,2|22,1|12,29|5,30|15,30|29,2|2,1|-1,-1|
#setting_targetting_pos=25,30|19,30|9,30|22,29|12,1|5,1|15,1|29,30|2,29|-1,-1|
#type=2,2,1,2,2,1,1,1,2,4,
dRLR.RDLR.
#000000000000000
#assigned_pet=-1,-1,-1,-1,-1,-1,-1,-1,-1,-1,
#assigned_hub=-1,-1,-1,-1,-1,-1,-1,-1,-1,3,
#moving_targetting_pos=25,1|19,2|9,2|22,1|12,29|5,30|15,30|29,2|2,1|-1,-1|
#setting_targetting_pos=25,30|19,30|9,30|22,29|12,1|5,1|15,1|29,30|2,29|-1,-1|
#type=2,2,1,2,2,1,1,1,2,4,
RRLdrUDLl.
#000000000000000
#assigned_pet=-1,-1,-1,-1,-1,-1,-1,-1,-1,-1,
#assigned_hub=-1,-1,-1,-1,-1,-1,-1,-1,-1,3,
#moving_targetting_pos=25,1|19,2|9,2|22,1|12,29|5,30|15,30|29,2|2,1|-1,-1|
#setting_targetting_pos=25,30|19,30|9,30|22,29|12,1|5,1|15,1|29,30|2,29|-1,-1|
#type=2,2,1,2,2,2,2,1,2,4,
.lL.L.dDd.
#000000000000000
#assigned_pet=-1,-1,-1,-1,-1,-1,-1,-1,-1,-1,
#assigned_hub=-1,-1,-1,-1,-1,-1,-1,-1,-1,3,
#moving_targetting_pos=25,1|19,2|9,2|22,1|12,29|5,30|15,30|29,2|2,1|-1,-1|
#setting_targetting_pos=25,30|19,30|9,30|22,29|12,1|5,1|15,1|29,30|2,29|-1,-1|
#type=2,2,1,2,2,2,2,1,2,4,
..LlL.LDR.
#000000000000000
#assigned_pet=-1,-1,-1,-1,-1,-1,-1,-1,-1,-1,
#assigned_hub=-1,-1,-1,-1,-1,-1,-1,-1,-1,3,
#moving_targetting_pos=25,1|19,2|9,2|22,1|12,29|5,30|15,30|29,2|2,1|-1,-1|
#setting_targetting_pos=25,30|19,30|9,30|22,29|12,1|5,1|15,1|29,30|2,29|-1,-1|
#type=2,2,1,2,2,2,2,1,2,4,
..LRLddLR.
#000000000000000
#assigned_pet=-1,-1,-1,-1,-1,-1,-1,-1,-1,-1,
#assigned_hub=-1,-1,-1,-1,-1,-1,-1,-1,-1,3,
#moving_targetting_pos=25,1|19,2|9,2|22,1|12,29|5,30|15,30|29,2|2,1|-1,-1|
#setting_targetting_pos=25,30|19,30|9,30|22,29|12,1|5,1|15,1|29,30|2,29|-1,-1|
#type=2,2,1,2,2,2,2,1,2,4,
d.LRdLLDR.
#000000000000000
#assigned_pet=-1,-1,-1,-1,-1,-1,-1,-1,-1,8,
#assigned_hub=-1,-1,-1,-1,-1,-1,-1,-1,-1,3,
#moving_targetting_pos=25,1|19,2|9,2|22,1|12,29|5,30|15,30|29,2|2,1|-1,-1|
#setting_targetting_pos=25,30|19,30|9,30|22,29|12,1|5,1|15,1|29,30|2,29|17,4|
#type=2,2,1,2,2,2,2,1,2,4,
RuDRuduDd.
#000000000000000
#assigned_pet=-1,-1,-1,-1,-1,-1,-1,-1,-1,8,
#assigned_hub=-1,-1,-1,-1,-1,-1,-1,-1,-1,3,
#moving_targetting_pos=25,1|19,2|9,2|22,1|12,29|5,30|15,30|29,2|2,1|-1,-1|
#setting_targetting_pos=25,30|19,30|9,30|22,29|12,1|5,1|15,1|29,30|2,29|17,4|
#type=2,2,1,2,2,2,2,2,2,4,
uRDdLLLdu.
#000000000000000
#assigned_pet=-1,-1,-1,-1,-1,-1,-1,-1,-1,8,
#assigned_hub=-1,-1,-1,-1,-1,-1,-1,-1,-1,3,
#moving_targetting_pos=25,1|19,2|9,2|22,1|12,29|5,30|15,30|29,2|2,1|-1,-1|
#setting_targetting_pos=25,30|19,30|9,30|22,29|12,1|5,1|15,1|29,30|2,29|17,4|
#type=2,2,2,2,2,2,2,2,2,4,
RRdu.uLRR.
#000000000000000
#assigned_pet=-1,-1,-1,-1,-1,-1,-1,-1,-1,8,
#assigned_hub=-1,-1,-1,-1,-1,-1,-1,-1,-1,3,
#moving_targetting_pos=25,1|19,2|9,2|22,1|12,29|5,30|15,30|29,2|2,1|-1,-1|
#setting_targetting_pos=25,30|19,30|9,30|22,29|12,1|5,1|15,1|29,30|2,29|17,4|
#type=2,2,2,2,2,2,2,2,2,4,
RdRRrLLRl.
#000000000000000
#assigned_pet=-1,-1,-1,-1,-1,-1,-1,-1,-1,8,
#assigned_hub=-1,-1,-1,-1,-1,-1,-1,-1,-1,3,
#moving_targetting_pos=25,1|19,2|9,2|22,1|12,29|5,30|15,30|29,2|2,1|-1,-1|
#setting_targetting_pos=25,30|19,30|9,30|22,29|12,1|5,1|15,1|29,30|2,29|17,4|
#type=2,2,2,2,2,2,2,2,2,4,
RRRlLLLlR.
#000000000000000
#assigned_pet=-1,-1,-1,-1,-1,-1,-1,-1,-1,8,
#assigned_hub=-1,-1,-1,-1,-1,-1,-1,-1,-1,3,
#moving_targetting_pos=25,1|19,2|9,2|22,1|12,29|5,30|15,30|29,2|2,1|-1,-1|
#setting_targetting_pos=25,30|19,30|9,30|22,29|12,1|5,1|15,1|29,30|2,29|17,4|
#type=2,2,2,2,2,2,2,2,2,4,
RllRLLuuR.
#000000000000000
#assigned_pet=-1,-1,-1,-1,-1,-1,-1,-1,-1,8,
#assigned_hub=-1,-1,-1,-1,-1,-1,-1,-1,-1,3,
#moving_targetting_pos=25,1|19,2|9,2|22,1|12,29|5,30|15,30|29,2|2,1|-1,-1|
#setting_targetting_pos=25,30|19,30|9,30|22,29|12,1|5,1|15,1|29,30|2,29|17,4|
#type=2,2,2,2,2,2,2,2,2,4,
uRuRdLLRd.
#000000000000000
#assigned_pet=-1,-1,-1,-1,-1,-1,-1,-1,-1,8,
#assigned_hub=-1,-1,-1,-1,-1,-1,-1,-1,-1,3,
#moving_targetting_pos=25,1|19,2|9,2|22,1|12,29|5,30|15,30|29,2|2,1|-1,-1|
#setting_targetting_pos=25,30|19,30|9,30|22,29|12,1|5,1|15,1|29,30|2,29|17,4|
#type=2,2,2,2,2,2,2,2,2,4,
RuR.LudRR.
#000000000000000
#assigned_pet=-1,-1,-1,-1,-1,-1,-1,-1,-1,8,
#assigned_hub=-1,-1,-1,-1,-1,-1,-1,-1,-1,3,
#moving_targetting_pos=25,1|19,2|9,2|22,1|12,29|5,30|15,30|29,2|2,1|-1,-1|
#setting_targetting_pos=25,30|19,30|9,30|22,29|12,1|5,1|15,1|29,30|2,29|17,4|
#type=2,2,2,2,2,2,2,2,2,4,
dRRdLLLdR.
#000000000000000
#assigned_pet=-1,-1,-1,-1,-1,-1,-1,-1,-1,8,
#assigned_hub=-1,-1,-1,-1,-1,-1,-1,-1,-1,3,
#moving_targetting_pos=25,1|19,2|9,2|22,1|12,29|5,30|15,30|29,2|2,1|-1,-1|
#setting_targetting_pos=25,30|19,30|9,30|22,29|12,1|5,1|15,1|29,30|2,29|17,4|
#type=2,2,2,2,2,2,2,2,2,4,
RRdRrddRl.
#000000000000000
#assigned_pet=-1,-1,-1,-1,-1,-1,-1,-1,-1,8,
#assigned_hub=-1,-1,-1,-1,-1,-1,-1,-1,-1,3,
#moving_targetting_pos=25,1|19,2|9,2|22,1|12,29|5,30|15,30|29,2|2,1|-1,-1|
#setting_targetting_pos=25,30|19,30|9,30|22,29|12,1|5,1|15,1|29,30|2,29|17,4|
#type=2,2,2,2,2,2,2,2,2,4,
dlRRuLLlu.
#000000000000000
#assigned_pet=-1,-1,-1,-1,-1,-1,-1,-1,-1,8,
#assigned_hub=-1,-1,-1,-1,-1,-1,-1,-1,-1,3,
#moving_targetting_pos=25,1|19,2|9,2|22,1|12,29|5,30|15,30|29,2|2,1|-1,-1|
#setting_targetting_pos=25,30|19,30|9,30|22,29|12,1|5,1|15,1|29,30|2,29|17,4|
#type=2,2,2,2,2,2,2,2,2,4,
Rdl.Ld.RR.
#000000000000000
#assigned_pet=-1,-1,-1,-1,-1,-1,-1,-1,-1,8,
#assigned_hub=-1,-1,-1,-1,-1,-1,-1,-1,-1,3,
#moving_targetting_pos=25,1|19,2|9,2|22,1|12,29|5,30|15,30|29,2|2,1|-1,-1|
#setting_targetting_pos=25,30|19,30|9,30|22,29|12,1|5,1|15,1|29,30|2,29|17,4|
#type=2,2,2,2,2,2,2,2,2,4,
dRRlLLduR.
#000000000000000
#assigned_pet=-1,-1,-1,-1,-1,-1,-1,-1,-1,8,
#assigned_hub=-1,-1,-1,-1,-1,-1,-1,-1,-1,3,
#moving_targetting_pos=25,1|19,2|9,2|22,1|12,29|5,30|15,30|29,2|2,1|-1,-1|
#setting_targetting_pos=25,30|19,30|9,30|22,29|12,1|5,1|15,1|29,30|2,29|15,4|
#type=2,2,2,2,2,2,2,2,2,4,
RRuu.dLRdL
#000000000000000
#assigned_pet=-1,-1,-1,-1,-1,-1,-1,-1,-1,-1,
#assigned_hub=-1,-1,-1,-1,-1,-1,-1,-1,-1,3,
#moving_targetting_pos=25,1|19,2|9,2|22,1|12,29|5,30|15,30|29,2|2,1|-1,-1|
#setting_targetting_pos=25,30|19,30|9,30|22,29|12,1|5,1|15,1|29,30|2,29|-1,-1|
#type=2,2,2,2,2,2,2,2,2,4,
ddRRrL.R..
#000000000000000
#assigned_pet=-1,-1,-1,-1,-1,-1,-1,-1,-1,-1,
#assigned_hub=-1,-1,-1,-1,-1,-1,-1,-1,-1,3,
#moving_targetting_pos=25,1|19,2|9,2|22,1|12,29|5,30|15,30|29,2|2,1|-1,-1|
#setting_targetting_pos=25,30|19,30|9,30|22,29|12,1|5,1|15,1|29,30|2,29|-1,-1|
#type=2,2,2,2,2,2,2,2,2,4,
RRRRdddl..
#000000000000000
#assigned_pet=-1,-1,-1,-1,-1,-1,-1,-1,-1,-1,
#assigned_hub=-1,-1,-1,-1,-1,-1,-1,-1,-1,3,
#moving_targetting_pos=25,1|19,2|9,2|22,1|12,29|5,30|15,30|29,2|2,1|-1,-1|
#setting_targetting_pos=25,30|19,30|9,30|22,29|12,1|5,1|15,1|29,30|2,29|-1,-1|
#type=2,2,2,2,2,2,2,2,2,4,
dRllLLLd..
#000000000000000
#assigned_pet=-1,-1,-1,-1,-1,-1,-1,-1,-1,-1,
#assigned_hub=-1,-1,-1,-1,-1,-1,-1,-1,-1,3,
#moving_targetting_pos=25,1|19,2|9,2|22,1|12,29|5,30|15,30|29,2|2,1|-1,-1|
#setting_targetting_pos=25,30|19,30|9,30|22,29|12,1|5,1|15,1|29,30|2,29|-1,-1|
#type=2,2,2,2,2,2,2,2,2,4,
RlddLddR..
#000000000000000
#assigned_pet=-1,-1,-1,-1,-1,-1,-1,-1,-1,-1,
#assigned_hub=-1,-1,-1,-1,-1,-1,-1,-1,-1,3,
#moving_targetting_pos=25,1|19,2|9,2|22,1|12,29|5,30|15,30|29,2|2,1|-1,-1|
#setting_targetting_pos=25,30|19,30|9,30|22,29|12,1|5,1|15,1|29,30|2,29|-1,-1|
#type=2,2,2,2,2,2,2,2,2,4,
uuRRLLLR..
#000000000000000
#assigned_pet=-1,-1,-1,-1,-1,-1,-1,-1,-1,-1,
#assigned_hub=-1,-1,-1,-1,-1,-1,-1,-1,-1,3,
#moving_targetting_pos=25,1|19,2|9,2|22,1|12,29|5,30|15,30|29,2|2,1|-1,-1|
#setting_targetting_pos=25,30|19,30|9,30|22,29|12,1|5,1|15,1|29,30|2,29|-1,-1|
#type=2,2,2,2,2,2,2,2,2,4,
RRRRuu.d..
#000000000000000
#assigned_pet=-1,-1,-1,-1,-1,-1,-1,-1,-1,-1,
#assigned_hub=-1,-1,-1,-1,-1,-1,-1,-1,-1,3,
#moving_targetting_pos=25,1|19,2|9,2|22,1|12,29|5,30|15,30|29,2|2,1|-1,-1|
#setting_targetting_pos=25,30|19,30|9,30|22,29|12,1|5,1|15,1|29,30|2,29|-1,-1|
#type=2,2,2,2,2,2,2,2,2,4,
RRdR.L.R..
#000000000000000
#assigned_pet=-1,-1,-1,-1,-1,-1,-1,-1,-1,-1,
#assigned_hub=-1,-1,-1,-1,-1,-1,-1,-1,-1,3,
#moving_targetting_pos=25,1|19,2|9,2|22,1|12,29|5,30|15,30|29,2|2,1|-1,-1|
#setting_targetting_pos=25,30|19,30|9,30|22,29|12,1|5,1|15,1|29,30|2,29|-1,-1|
#type=2,2,2,2,2,2,2,2,2,4,
RdRd.LuRl.
#000000000000000
#assigned_pet=-1,-1,-1,-1,-1,-1,-1,-1,-1,-1,
#assigned_hub=-1,-1,-1,-1,-1,-1,-1,-1,-1,3,
#moving_targetting_pos=25,1|19,2|9,2|22,1|12,29|5,30|15,30|29,2|2,1|-1,-1|
#setting_targetting_pos=25,30|19,30|9,30|22,29|12,1|5,1|15,1|29,30|2,29|-1,-1|
#type=2,2,2,2,2,2,2,2,2,4,
RRRu.LL.R.
#000000000000000
#assigned_pet=-1,-1,-1,-1,-1,-1,-1,-1,-1,-1,
#assigned_hub=-1,-1,-1,-1,-1,-1,-1,-1,-1,3,
#moving_targetting_pos=25,1|19,2|9,2|22,1|12,29|5,30|15,30|29,2|2,1|-1,-1|
#setting_targetting_pos=25,30|19,30|9,30|22,29|12,1|5,1|15,1|29,30|2,29|-1,-1|
#type=2,2,2,2,2,2,2,2,2,4,
ullR.LL.R.
#000000000000000
#assigned_pet=-1,-1,-1,-1,-1,-1,-1,-1,-1,-1,
#assigned_hub=-1,-1,-1,-1,-1,-1,-1,-1,-1,3,
#moving_targetting_pos=25,1|19,2|9,2|22,1|12,29|5,30|15,30|29,2|2,1|-1,-1|
#setting_targetting_pos=25,30|19,30|9,30|22,29|12,1|5,1|15,1|29,30|2,29|-1,-1|
#type=2,2,2,2,2,2,2,2,2,4,
RR.lduLlR.
#000000000000000
#assigned_pet=-1,-1,-1,-1,-1,-1,-1,-1,-1,-1,
#assigned_hub=-1,-1,-1,-1,-1,-1,-1,-1,-1,3,
#moving_targetting_pos=25,1|19,2|9,2|22,1|12,29|5,30|15,30|29,2|2,1|-1,-1|
#setting_targetting_pos=25,30|19,30|9,30|22,29|12,1|5,1|15,1|29,30|2,29|-1,-1|
#type=2,2,2,2,2,2,2,2,2,4,
du.RLLLud.
#000000000000000
#assigned_pet=-1,-1,-1,-1,-1,-1,-1,-1,-1,-1,
#assigned_hub=-1,-1,-1,-1,-1,-1,-1,-1,-1,3,
#moving_targetting_pos=25,1|19,2|9,2|22,1|12,29|5,30|15,30|29,2|2,1|-1,-1|
#setting_targetting_pos=25,30|19,30|9,30|22,29|12,1|5,1|15,1|29,30|2,29|-1,-1|
#type=2,2,2,2,2,2,2,2,2,4,
RR.Rr..Ru.
#000000000000000
#assigned_pet=-1,-1,-1,-1,-1,-1,-1,-1,-1,-1,
#assigned_hub=-1,-1,-1,-1,-1,-1,-1,-1,-1,3,
#moving_targetting_pos=25,1|19,2|9,2|22,1|12,29|5,30|15,30|29,2|2,1|-1,-1|
#setting_targetting_pos=25,30|19,30|9,30|22,29|12,1|5,1|15,1|29,30|2,29|-1,-1|
#type=2,2,2,2,2,2,2,2,2,4,
dRudL..RR.
#000000000000000
#assigned_pet=-1,-1,-1,-1,-1,-1,-1,-1,-1,-1,
#assigned_hub=-1,-1,-1,-1,-1,-1,-1,-1,-1,3,
#moving_targetting_pos=25,1|19,2|9,2|22,1|12,29|5,30|15,30|29,2|2,1|-1,-1|
#setting_targetting_pos=25,30|19,30|9,30|22,29|12,1|5,1|15,1|29,30|2,29|-1,-1|
#type=2,2,2,2,2,2,2,2,2,4,
RlRRL..d..
#000000000000000
#assigned_pet=-1,-1,-1,-1,-1,-1,-1,-1,-1,-1,
#assigned_hub=-1,-1,-1,-1,-1,-1,-1,-1,-1,3,
#moving_targetting_pos=25,1|19,2|9,2|22,1|12,29|5,30|15,30|29,2|2,1|-1,-1|
#setting_targetting_pos=25,30|19,30|9,30|22,29|12,1|5,1|15,1|29,30|2,29|-1,-1|
#type=2,2,2,2,2,2,2,2,2,4,
ddRRd..Rl.
#000000000000000
#assigned_pet=-1,-1,-1,-1,-1,-1,-1,-1,-1,-1,
#assigned_hub=-1,-1,-1,-1,-1,-1,-1,-1,-1,3,
#moving_targetting_pos=25,1|19,2|9,2|22,1|12,29|5,30|15,30|29,2|2,1|-1,-1|
#setting_targetting_pos=25,30|19,30|9,30|22,29|12,1|5,1|15,1|29,30|2,29|-1,-1|
#type=2,2,2,2,2,2,2,2,2,4,
RRdlL.ulR.
#000000000000000
#assigned_pet=-1,-1,-1,-1,-1,-1,-1,-1,-1,-1,
#assigned_hub=-1,-1,-1,-1,-1,-1,-1,-1,-1,3,
#moving_targetting_pos=25,1|19,2|9,2|22,1|12,29|5,30|15,30|29,2|2,1|-1,-1|
#setting_targetting_pos=25,30|19,30|9,30|22,29|12,1|5,1|15,1|29,30|2,29|-1,-1|
#type=2,2,2,2,2,2,2,2,2,4,
dRRuL.LRR.
#000000000000000
#assigned_pet=-1,-1,-1,-1,-1,-1,-1,-1,-1,-1,
#assigned_hub=-1,-1,-1,-1,-1,-1,-1,-1,-1,3,
#moving_targetting_pos=25,1|19,2|9,2|22,1|12,29|5,30|15,30|29,2|2,1|-1,-1|
#setting_targetting_pos=25,30|19,30|9,30|22,29|12,1|5,1|15,1|29,30|2,29|-1,-1|
#type=2,2,2,2,2,2,2,2,2,4,
RdlR..d.d.
#000000000000000
#assigned_pet=-1,-1,-1,-1,-1,-1,-1,-1,-1,-1,
#assigned_hub=-1,-1,-1,-1,-1,-1,-1,-1,-1,3,
#moving_targetting_pos=25,1|19,2|9,2|22,1|12,29|5,30|15,30|29,2|2,1|-1,-1|
#setting_targetting_pos=25,30|19,30|9,30|22,29|12,1|5,1|15,1|29,30|2,29|-1,-1|
#type=2,2,2,2,2,2,2,2,2,4,
dRRRrdL.R.
#000000000000000
#assigned_pet=-1,-1,-1,-1,-1,-1,-1,-1,-1,-1,
#assigned_hub=-1,-1,-1,-1,-1,-1,-1,-1,-1,3,
#moving_targetting_pos=25,1|19,2|9,2|22,1|12,29|5,30|15,30|29,2|2,1|-1,-1|
#setting_targetting_pos=25,30|19,30|9,30|22,29|12,1|5,1|15,1|29,30|2,29|-1,-1|
#type=2,2,2,2,2,2,2,2,2,4,
RRuluLd.R.
#000000000000000
#assigned_pet=-1,-1,-1,-1,-1,-1,-1,-1,-1,-1,
#assigned_hub=-1,-1,-1,-1,-1,-1,-1,-1,-1,3,
#moving_targetting_pos=25,1|19,2|9,2|22,1|12,29|5,30|15,30|29,2|2,1|-1,-1|
#setting_targetting_pos=25,30|19,30|9,30|22,29|12,1|5,1|15,1|29,30|2,29|-1,-1|
#type=2,2,2,2,2,2,2,2,2,4,
ulRdLdLul.
#000000000000000
#assigned_pet=-1,-1,-1,-1,-1,-1,-1,-1,-1,-1,
#assigned_hub=-1,-1,-1,-1,-1,-1,-1,-1,-1,3,
#moving_targetting_pos=25,1|19,2|9,2|22,1|12,29|5,30|15,30|29,2|2,1|-1,-1|
#setting_targetting_pos=25,30|19,30|9,30|22,29|12,1|5,1|15,1|29,30|2,29|-1,-1|
#type=2,2,2,2,2,2,2,2,2,4,
RuRRLLdRu.
#000000000000000
#assigned_pet=-1,-1,-1,-1,-1,-1,-1,-1,-1,-1,
#assigned_hub=-1,-1,-1,-1,-1,-1,-1,-1,-1,3,
#moving_targetting_pos=25,1|19,2|9,2|22,1|12,29|5,30|15,30|29,2|2,1|-1,-1|
#setting_targetting_pos=25,30|19,30|9,30|22,29|12,1|5,1|15,1|29,30|2,29|-1,-1|
#type=2,2,2,2,2,2,2,2,2,4,
RRlRrdLRR.
#000000000000000
#assigned_pet=-1,-1,-1,-1,-1,-1,-1,-1,-1,-1,
#assigned_hub=-1,-1,-1,-1,-1,-1,-1,-1,-1,3,
#moving_targetting_pos=25,1|19,2|9,2|22,1|12,29|5,30|15,30|29,2|2,1|-1,-1|
#setting_targetting_pos=25,30|19,30|9,30|22,29|12,1|5,1|15,1|29,30|2,29|-1,-1|
#type=2,2,2,2,2,2,2,2,2,4,
RRdRdLdlR.
#000000000000000
#assigned_pet=-1,-1,-1,-1,-1,-1,-1,-1,-1,-1,
#assigned_hub=-1,-1,-1,-1,-1,-1,-1,-1,-1,3,
#moving_targetting_pos=25,1|19,2|9,2|22,1|12,29|5,30|15,30|29,2|2,1|-1,-1|
#setting_targetting_pos=25,30|19,30|9,30|22,29|12,1|5,1|15,1|29,30|2,29|-1,-1|
#type=2,2,2,2,2,2,2,2,2,4,
RdRdLdL.l.
#000000000000000
#assigned_pet=-1,-1,-1,-1,-1,-1,-1,-1,-1,-1,
#assigned_hub=-1,-1,-1,-1,-1,-1,-1,-1,-1,3,
#moving_targetting_pos=25,1|19,2|9,2|22,1|12,29|5,30|15,30|29,2|2,1|-1,-1|
#setting_targetting_pos=25,30|19,30|9,30|22,29|12,1|5,1|15,1|29,30|2,29|-1,-1|
#type=2,2,2,2,2,2,2,2,2,4,
uRRuLLd.d.
#000000000000000
#assigned_pet=-1,-1,-1,-1,-1,-1,-1,-1,-1,-1,
#assigned_hub=-1,-1,-1,-1,-1,-1,-1,-1,-1,3,
#moving_targetting_pos=25,1|19,2|9,2|22,1|12,29|5,30|15,30|29,2|2,1|-1,-1|
#setting_targetting_pos=25,30|19,30|9,30|22,29|12,1|5,1|15,1|29,30|2,29|-1,-1|
#type=2,2,2,2,2,2,2,2,2,4,
RldRLdL.R.
#000000000000000
#assigned_pet=-1,-1,-1,-1,-1,-1,-1,-1,-1,-1,
#assigned_hub=-1,-1,-1,-1,-1,-1,-1,-1,-1,3,
#moving_targetting_pos=25,1|19,2|9,2|22,1|12,29|5,30|15,30|29,2|2,1|-1,-1|
#setting_targetting_pos=25,30|19,30|9,30|22,29|12,1|5,1|15,1|29,30|2,29|-1,-1|
#type=2,2,2,2,2,2,2,2,2,4,
dRRldLudR.
#000000000000000
#assigned_pet=-1,-1,-1,-1,-1,-1,-1,-1,-1,-1,
#assigned_hub=-1,-1,-1,-1,-1,-1,-1,-1,-1,3,
#moving_targetting_pos=25,1|19,2|9,2|22,1|12,29|5,30|15,30|29,2|2,1|-1,-1|
#setting_targetting_pos=25,30|19,30|9,30|22,29|12,1|5,1|15,1|29,30|2,29|-1,-1|
#type=2,2,2,2,2,2,2,2,2,4,
RuRRuuLRR.
#000000000000000
#assigned_pet=-1,-1,-1,-1,-1,-1,-1,-1,-1,-1,
#assigned_hub=-1,-1,-1,-1,-1,-1,-1,-1,-1,3,
#moving_targetting_pos=25,1|19,2|9,2|22,1|12,29|5,30|15,30|29,2|2,1|-1,-1|
#setting_targetting_pos=25,30|19,30|9,30|22,29|12,1|5,1|15,1|29,30|2,29|-1,-1|
#type=2,2,2,2,2,2,2,2,2,4,
dRlRLLLRd.
#000000000000000
#assigned_pet=-1,-1,-1,-1,-1,-1,-1,-1,-1,-1,
#assigned_hub=8,-1,-1,-1,-1,-1,-1,-1,-1,3,
#moving_targetting_pos=26,26|19,2|9,2|22,1|12,29|5,30|15,30|29,2|2,1|-1,-1|
#setting_targetting_pos=25,30|19,30|9,30|22,29|12,1|5,1|15,1|29,30|2,29|-1,-1|
#type=3,2,2,2,2,2,2,2,2,4,
LRurrLLdu.
#000000000000000
#assigned_pet=-1,-1,-1,-1,-1,-1,-1,-1,-1,-1,
#assigned_hub=8,-1,-1,-1,-1,-1,-1,-1,-1,3,
#moving_targetting_pos=26,26|19,2|9,2|22,1|12,29|5,30|15,30|29,2|2,1|-1,-1|
#setting_targetting_pos=-1,-1|19,30|9,30|22,29|12,1|5,1|15,1|29,30|2,29|-1,-1|
#type=3,2,2,2,2,2,2,2,2,4,
LlRdLLLRR.
#000000000000000
#assigned_pet=-1,-1,-1,-1,-1,-1,-1,-1,-1,-1,
#assigned_hub=8,-1,-1,5,-1,-1,-1,-1,-1,3,
#moving_targetting_pos=26,26|19,2|9,2|16,26|12,29|5,30|15,30|29,2|2,1|-1,-1|
#setting_targetting_pos=-1,-1|19,30|9,30|22,29|12,1|5,1|15,1|29,30|2,29|-1,-1|
#type=3,2,2,3,2,2,2,2,2,4,
LdRLLLuRl.
#000000000000000
#assigned_pet=9,-1,-1,-1,-1,-1,-1,-1,-1,-1,
#assigned_hub=8,4,-1,5,-1,-1,-1,-1,-1,3,
#moving_targetting_pos=-1,-1|16,16|9,2|16,26|12,29|5,30|15,30|29,2|2,1|-1,-1|
#setting_targetting_pos=27,28|19,30|9,30|-1,-1|12,1|5,1|15,1|29,30|2,29|-1,-1|
#type=4,3,2,3,2,2,2,2,2,4,
RUdLduLlR.
#000000000000000
#assigned_pet=9,-1,-1,-1,-1,-1,-1,-1,-1,-1,
#assigned_hub=8,4,-1,5,-1,-1,-1,-1,-1,3,
#moving_targetting_pos=-1,-1|16,16|9,2|16,26|12,29|5,30|15,30|29,2|2,1|-1,-1|
#setting_targetting_pos=27,28|-1,-1|9,30|-1,-1|12,1|5,1|15,1|29,30|2,29|-1,-1|
#type=4,3,2,3,2,2,2,2,2,4,
DLRULL.uR.
#000000000000000
#assigned_pet=9,-1,-1,-1,-1,-1,-1,-1,-1,-1,
#assigned_hub=8,4,-1,5,-1,-1,-1,-1,-1,3,
#moving_targetting_pos=-1,-1|16,16|9,2|16,26|12,29|5,30|15,30|29,2|2,1|-1,-1|
#setting_targetting_pos=27,28|-1,-1|9,30|-1,-1|12,1|5,1|15,1|29,30|2,29|-1,-1|
#type=4,3,2,3,2,2,2,2,2,4,
.UlULddRr.
#000000000000000
#assigned_pet=-1,-1,-1,-1,-1,-1,-1,-1,-1,-1,
#assigned_hub=8,4,-1,7,-1,-1,-1,-1,-1,3,
#moving_targetting_pos=-1,-1|16,16|9,2|26,16|12,29|5,30|15,30|29,2|2,1|-1,-1|
#setting_targetting_pos=-1,-1|-1,-1|9,30|-1,-1|12,1|5,1|15,1|29,30|2,29|-1,-1|
#type=4,3,2,3,2,2,2,2,2,4,
.LRDrLLRd.
#000000000000000
#assigned_pet=9,-1,-1,-1,-1,-1,-1,-1,-1,1,
#assigned_hub=8,4,-1,7,-1,-1,-1,-1,1,3,
#moving_targetting_pos=-1,-1|16,16|9,2|26,16|12,29|5,30|15,30|29,2|6,16|-1,-1|
#setting_targetting_pos=27,28|-1,-1|9,30|-1,-1|12,1|5,1|15,1|29,30|2,29|17,4|
#type=4,3,2,3,2,2,2,2,3,4,
.LuDudddLR
#000000000000000
#assigned_pet=-1,-1,-1,-1,-1,-1,-1,-1,-1,1,
#assigned_hub=8,4,-1,7,0,-1,-1,-1,1,3,
#moving_targetting_pos=-1,-1|16,16|9,2|26,16|6,6|5,30|15,30|29,2|6,16|-1,-1|
#setting_targetting_pos=-1,-1|-1,-1|9,30|-1,-1|12,1|5,1|15,1|29,30|-1,-1|17,4|
#type=4,3,2,3,3,2,2,2,3,4,
.LRDDLLRL.
#000000000000000
#assigned_pet=9,-1,-1,-1,-1,-1,-1,-1,-1,1,
#assigned_hub=8,4,-1,7,0,-1,-1,-1,1,3,
#moving_targetting_pos=-1,-1|16,16|9,2|26,16|6,6|5,30|15,30|29,2|6,16|-1,-1|
#setting_targetting_pos=27,28|-1,-1|9,30|-1,-1|-1,-1|5,1|15,1|29,30|-1,-1|17,4|
#type=4,3,2,3,3,2,2,2,3,4,
.LRDRddlD.
#010000000000000
#assigned_pet=-1,-1,-1,-1,-1,-1,-1,-1,-1,1,
#assigned_hub=8,4,-1,7,0,6,-1,-1,1,3,
#moving_targetting_pos=-1,-1|16,16|9,2|26,16|6,6|26,6|15,30|29,2|6,16|-1,-1|
#setting_targetting_pos=-1,-1|-1,-1|9,30|-1,-1|-1,-1|5,1|15,1|29,30|-1,-1|17,4|
#type=4,3,2,3,3,3,0,2,3,5,
.LlLDR.RDl
#010000000000000
#assigned_pet=-1,-1,-1,-1,-1,-1,-1,-1,-1,-1,
#assigned_hub=8,4,-1,7,0,6,-1,-1,1,3,
#moving_targetting_pos=-1,-1|16,16|9,2|26,16|6,6|26,6|15,30|29,2|6,16|-1,-1|
#setting_targetting_pos=-1,-1|-1,-1|9,30|-1,-1|-1,-1|-1,-1|15,1|29,30|-1,-1|-1,-1|
#type=4,3,2,3,3,3,0,2,3,4,
.LdLRR.uL.
#010000000000000
#assigned_pet=-1,-1,-1,-1,-1,-1,-1,-1,-1,-1,
#assigned_hub=8,4,-1,7,0,6,-1,-1,1,3,
#moving_targetting_pos=-1,-1|16,16|9,2|26,16|6,6|26,6|15,30|29,2|6,16|-1,-1|
#setting_targetting_pos=-1,-1|-1,-1|9,30|-1,-1|-1,-1|-1,-1|15,1|29,30|-1,-1|-1,-1|
#type=4,3,0,3,3,3,0,2,3,4,
.L.DDR.RL.
#010000000000000
#assigned_pet=-1,-1,-1,-1,-1,-1,-1,-1,-1,-1,
#assigned_hub=8,4,-1,7,0,6,-1,-1,1,3,
#moving_targetting_pos=-1,-1|16,16|9,2|26,16|6,6|26,6|15,30|29,2|6,16|-1,-1|
#setting_targetting_pos=-1,-1|-1,-1|9,30|-1,-1|-1,-1|-1,-1|15,1|29,30|-1,-1|-1,-1|
#type=4,3,0,3,3,3,0,2,3,4,
.L.LRR.RD.
#010000000000000
#assigned_pet=-1,-1,-1,-1,-1,-1,-1,-1,-1,-1,
#assigned_hub=8,4,5,7,0,6,-1,-1,1,3,
#moving_targetting_pos=-1,-1|16,16|16,26|26,16|6,6|26,6|15,30|29,2|6,16|-1,-1|
#setting_targetting_pos=-1,-1|-1,-1|9,30|-1,-1|-1,-1|-1,-1|15,1|29,30|-1,-1|-1,-1|
#type=4,3,3,3,3,3,0,2,3,4,
.LULRD.lL.
#010000000100000
#assigned_pet=9,-1,-1,-1,-1,-1,-1,-1,-1,-1,
#assigned_hub=8,4,5,7,0,6,-1,-1,1,3,
#moving_targetting_pos=-1,-1|16,16|16,26|26,16|6,6|26,6|15,30|29,2|6,16|-1,-1|
#setting_targetting_pos=25,28|-1,-1|-1,-1|-1,-1|-1,-1|-1,-1|15,1|29,30|-1,-1|-1,-1|
#type=5,3,3,3,3,3,0,2,3,4,
uLLLUD.dL.
#010000000100000
#assigned_pet=-1,-1,-1,-1,-1,-1,-1,-1,-1,-1,
#assigned_hub=8,4,2,7,0,6,5,-1,1,3,
#moving_targetting_pos=-1,-1|16,16|6,26|26,16|6,6|26,6|16,26|29,2|6,16|-1,-1|
#setting_targetting_pos=-1,-1|-1,-1|-1,-1|-1,-1|-1,-1|-1,-1|15,1|29,30|-1,-1|-1,-1|
#type=4,3,3,3,3,3,3,0,3,4,
.LULUDR.L.
#010000000100000
#assigned_pet=-1,-1,-1,-1,-1,-1,-1,-1,-1,-1,
#assigned_hub=8,4,2,7,0,6,5,-1,1,3,
#moving_targetting_pos=-1,-1|16,16|6,26|26,16|6,6|26,6|16,26|29,2|6,16|-1,-1|
#setting_targetting_pos=-1,-1|-1,-1|-1,-1|-1,-1|-1,-1|-1,-1|-1,-1|29,30|-1,-1|-1,-1|
#type=4,3,3,3,3,3,3,0,3,4,
.LLLUDR.L.
#010000000100000
#assigned_pet=-1,-1,-1,-1,-1,-1,-1,-1,-1,-1,
#assigned_hub=8,4,2,7,0,6,5,-1,1,3,
#moving_targetting_pos=-1,-1|-1,-1|6,26|26,16|6,6|26,6|16,26|29,2|6,16|-1,-1|
#setting_targetting_pos=-1,-1|-1,-1|-1,-1|-1,-1|-1,-1|-1,-1|-1,-1|29,30|-1,-1|-1,-1|
#type=4,4,3,3,3,3,3,0,3,4,
..LLUDR.L.
#010000000100000
#assigned_pet=-1,3,-1,-1,-1,-1,-1,-1,-1,3,
#assigned_hub=8,4,2,7,0,6,5,-1,1,3,
#moving_targetting_pos=-1,-1|-1,-1|-1,-1|26,16|6,6|26,6|16,26|29,2|6,16|-1,-1|
#setting_targetting_pos=-1,-1|17,14|-1,-1|-1,-1|-1,-1|-1,-1|-1,-1|29,30|-1,-1|17,8|
#type=4,4,4,3,3,3,3,0,3,4,
.L.LUDR.LR
#010000000100000
#assigned_pet=-1,3,14,-1,-1,-1,-1,-1,-1,3,
#assigned_hub=8,4,2,7,0,6,5,-1,1,3,
#moving_targetting_pos=-1,-1|-1,-1|-1,-1|26,16|6,6|26,6|16,26|29,2|6,16|-1,-1|
#setting_targetting_pos=-1,-1|17,14|4,25|-1,-1|-1,-1|-1,-1|-1,-1|29,30|-1,-1|17,8|
#type=4,4,4,3,3,3,3,0,3,4,
.LLLUDR.LR
#010000000100000
#assigned_pet=-1,4,14,4,-1,-1,-1,-1,-1,-1,
#assigned_hub=8,4,2,7,0,6,5,-1,1,3,
#moving_targetting_pos=-1,-1|-1,-1|-1,-1|-1,-1|6,6|26,6|16,26|29,2|6,16|-1,-1|
#setting_targetting_pos=-1,-1|18,15|4,25|24,15|-1,-1|-1,-1|-1,-1|29,30|-1,-1|-1,-1|
#type=4,4,4,4,3,3,3,0,3,4,
..LLUDR.L.
#010000000100000
#assigned_pet=-1,4,-1,4,-1,-1,-1,-1,7,-1,
#assigned_hub=8,4,2,7,0,6,5,-1,1,3,
#moving_targetting_pos=-1,-1|-1,-1|-1,-1|-1,-1|6,6|26,6|16,26|29,2|-1,-1|-1,-1|
#setting_targetting_pos=-1,-1|18,15|-1,-1|24,15|-1,-1|-1,-1|-1,-1|29,30|4,15|-1,-1|
#type=4,4,4,4,3,3,3,0,4,4,
...LRDR.L.
#010000000100000
#assigned_pet=-1,3,-1,-1,-1,-1,-1,-1,7,3,
#assigned_hub=8,4,2,7,0,6,5,-1,1,3,
#moving_targetting_pos=-1,-1|-1,-1|-1,-1|-1,-1|-1,-1|26,6|16,26|29,2|-1,-1|-1,-1|
#setting_targetting_pos=-1,-1|17,14|-1,-1|-1,-1|-1,-1|-1,-1|-1,-1|29,30|4,15|17,8|
#type=4,4,4,4,4,3,3,0,4,4,
.....DR.L.
#010000010100000
#assigned_pet=-1,3,14,-1,-1,-1,-1,-1,7,3,
#assigned_hub=8,4,2,7,0,6,5,-1,1,3,
#moving_targetting_pos=-1,-1|-1,-1|-1,-1|-1,-1|-1,-1|26,6|16,26|29,2|-1,-1|-1,-1|
#setting_targetting_pos=-1,-1|17,14|4,27|-1,-1|-1,-1|-1,-1|-1,-1|29,30|4,15|17,8|
#type=4,4,4,4,4,3,3,0,5,4,
..R..DR.u.
#010100010100000
#assigned_pet=-1,3,14,-1,-1,-1,-1,-1,-1,3,
#assigned_hub=8,4,2,7,0,6,5,-1,1,3,
#moving_targetting_pos=-1,-1|-1,-1|-1,-1|-1,-1|-1,-1|26,6|16,26|29,2|-1,-1|-1,-1|
#setting_targetting_pos=-1,-1|17,14|4,27|-1,-1|-1,-1|-1,-1|-1,-1|29,30|-1,-1|17,8|
#type=4,5,4,4,4,3,3,0,4,5,
.lR..DR..r
#010110010100000
#assigned_pet=-1,4,14,4,-1,-1,-1,-1,-1,-1,
#assigned_hub=8,4,2,7,0,6,5,-1,1,3,
#moving_targetting_pos=-1,-1|-1,-1|-1,-1|-1,-1|-1,-1|26,6|16,26|29,2|-1,-1|-1,-1|
#setting_targetting_pos=-1,-1|18,15|4,27|24,15|-1,-1|-1,-1|-1,-1|29,30|-1,-1|-1,-1|
#type=4,5,4,5,4,3,3,0,4,4,
.dUu.DR...
#010110010100000
#assigned_pet=-1,-1,-1,-1,-1,-1,-1,-1,-1,-1,
#assigned_hub=8,4,2,7,0,6,5,-1,1,3,
#moving_targetting_pos=-1,-1|-1,-1|-1,-1|-1,-1|-1,-1|26,6|16,26|29,2|-1,-1|-1,-1|
#setting_targetting_pos=-1,-1|-1,-1|-1,-1|-1,-1|-1,-1|-1,-1|-1,-1|29,30|-1,-1|-1,-1|
#type=4,4,4,4,4,3,3,0,4,4,
.....DR...
#010110010100000
#assigned_pet=-1,-1,-1,-1,-1,-1,-1,-1,-1,-1,
#assigned_hub=8,4,2,7,0,6,5,-1,1,3,
#moving_targetting_pos=-1,-1|-1,-1|-1,-1|-1,-1|-1,-1|26,6|16,26|29,2|-1,-1|-1,-1|
#setting_targetting_pos=-1,-1|-1,-1|-1,-1|-1,-1|-1,-1|-1,-1|-1,-1|29,30|-1,-1|-1,-1|
#type=4,4,4,4,4,3,3,0,4,4,
.....DR...
#010110010100000
#assigned_pet=-1,-1,-1,-1,13,-1,-1,-1,13,-1,
#assigned_hub=8,4,2,7,0,6,5,-1,1,3,
#moving_targetting_pos=-1,-1|-1,-1|-1,-1|-1,-1|-1,-1|26,6|16,26|29,2|-1,-1|-1,-1|
#setting_targetting_pos=-1,-1|-1,-1|-1,-1|-1,-1|7,8|-1,-1|-1,-1|29,30|7,14|-1,-1|
#type=4,4,4,4,4,3,3,0,4,4,
....RDR.L.
#010110010100000
#assigned_pet=-1,-1,-1,-1,13,-1,-1,-1,13,-1,
#assigned_hub=8,4,2,7,0,6,5,-1,1,3,
#moving_targetting_pos=-1,-1|-1,-1|-1,-1|-1,-1|-1,-1|26,6|16,26|29,2|-1,-1|-1,-1|
#setting_targetting_pos=-1,-1|-1,-1|-1,-1|-1,-1|7,8|-1,-1|-1,-1|29,30|7,14|-1,-1|
#type=4,4,4,4,4,3,3,0,4,4,
....UDR.D.
#010110010100000
#assigned_pet=12,-1,-1,12,-1,-1,-1,-1,-1,-1,
#assigned_hub=8,4,2,7,0,6,5,-1,1,3,
#moving_targetting_pos=-1,-1|-1,-1|-1,-1|-1,-1|-1,-1|26,6|16,26|29,2|-1,-1|-1,-1|
#setting_targetting_pos=25,24|-1,-1|-1,-1|25,18|-1,-1|-1,-1|-1,-1|29,30|-1,-1|-1,-1|
#type=4,4,4,4,4,3,3,0,4,4,
L..R.DR...
#010110010100000
#assigned_pet=12,8,-1,12,-1,-1,-1,-1,-1,8,
#assigned_hub=8,4,2,7,0,6,5,-1,1,3,
#moving_targetting_pos=-1,-1|-1,-1|-1,-1|-1,-1|-1,-1|26,6|16,26|29,2|-1,-1|-1,-1|
#setting_targetting_pos=25,24|15,14|-1,-1|25,18|-1,-1|-1,-1|-1,-1|29,30|-1,-1|15,8|
#type=4,4,4,4,4,3,3,0,4,4,
LU.R.DR..U
#010110010100000
#assigned_pet=12,8,-1,12,13,-1,-1,-1,13,8,
#assigned_hub=8,4,2,7,0,6,5,-1,1,3,
#moving_targetting_pos=-1,-1|-1,-1|-1,-1|-1,-1|-1,-1|26,6|16,26|29,2|-1,-1|-1,-1|
#setting_targetting_pos=25,24|15,14|-1,-1|25,18|5,8|-1,-1|-1,-1|29,30|5,14|15,8|
#type=4,4,4,4,4,3,3,0,4,4,
LL..RRR..R
#010110011100000
#assigned_pet=12,8,-1,12,13,-1,-1,-1,13,8,
#assigned_hub=8,4,2,7,0,6,5,-1,1,3,
#moving_targetting_pos=-1,-1|-1,-1|-1,-1|-1,-1|-1,-1|-1,-1|16,26|29,2|-1,-1|-1,-1|
#setting_targetting_pos=25,24|15,14|-1,-1|25,18|5,8|-1,-1|-1,-1|29,30|5,14|15,8|
#type=4,5,4,4,4,4,3,0,4,5,
Lu..U.R..u
#010110011100010
#assigned_pet=-1,-1,-1,-1,13,5,-1,-1,13,5,
#assigned_hub=8,4,2,7,0,6,5,-1,1,3,
#moving_targetting_pos=-1,-1|-1,-1|-1,-1|-1,-1|-1,-1|-1,-1|16,26|29,2|-1,-1|-1,-1|
#setting_targetting_pos=-1,-1|-1,-1|-1,-1|-1,-1|5,8|24,7|-1,-1|29,30|5,14|18,7|
#type=4,4,4,4,5,4,3,0,5,4,
....u.R.uL
#010110011100010
#assigned_pet=-1,-1,-1,-1,-1,5,-1,-1,-1,5,
#assigned_hub=8,4,2,7,0,6,5,-1,1,3,
#moving_targetting_pos=-1,-1|-1,-1|-1,-1|-1,-1|6,6|-1,-1|16,26|29,2|-1,-1|-1,-1|
#setting_targetting_pos=-1,-1|-1,-1|-1,-1|-1,-1|-1,-1|24,7|-1,-1|29,30|-1,-1|18,7|
#type=4,4,4,4,4,4,3,0,4,4,
......R..D
#010111011100010
#assigned_pet=-1,11,-1,-1,-1,5,-1,-1,11,5,
#assigned_hub=8,4,2,7,0,6,5,-1,1,3,
#moving_targetting_pos=-1,-1|-1,-1|-1,-1|-1,-1|6,6|-1,-1|16,26|29,2|-1,-1|-1,-1|
#setting_targetting_pos=-1,-1|14,15|-1,-1|-1,-1|-1,-1|24,7|-1,-1|29,30|8,15|18,7|
#type=4,4,4,4,4,5,3,0,4,5,
.R...rR.Rd
#010111011100010
#assigned_pet=-1,11,-1,-1,-1,10,-1,-1,11,10,
#assigned_hub=8,4,2,7,0,6,5,-1,1,3,
#moving_targetting_pos=-1,-1|-1,-1|-1,-1|-1,-1|6,6|-1,-1|16,26|29,2|-1,-1|-1,-1|
#setting_targetting_pos=-1,-1|14,15|-1,-1|-1,-1|-1,-1|24,5|-1,-1|29,30|8,15|18,5|
#type=4,4,4,4,4,4,3,0,4,4,
.U....R.DL
#010111011101010
#assigned_pet=12,11,-1,12,-1,10,-1,-1,11,10,
#assigned_hub=8,4,2,7,0,6,5,-1,1,3,
#moving_targetting_pos=-1,-1|-1,-1|-1,-1|-1,-1|6,6|-1,-1|16,26|29,2|-1,-1|-1,-1|
#setting_targetting_pos=25,24|14,15|-1,-1|25,18|-1,-1|24,5|-1,-1|29,30|8,15|18,5|
#type=4,5,4,4,4,4,3,0,5,4,
.u....R.dL
#010111011101010
#assigned_pet=-1,0,-1,6,-1,6,0,-1,-1,-1,
#assigned_hub=8,4,2,7,0,6,5,-1,1,3,
#moving_targetting_pos=-1,-1|-1,-1|-1,-1|-1,-1|6,6|-1,-1|-1,-1|29,2|-1,-1|-1,-1|
#setting_targetting_pos=-1,-1|15,18|-1,-1|27,14|-1,-1|27,8|15,24|29,30|-1,-1|-1,-1|
#type=4,4,4,4,4,4,4,0,4,4,
.R.L.D....
#010111011101010
#assigned_pet=-1,0,-1,6,-1,6,0,-1,-1,-1,
#assigned_hub=8,4,2,7,0,6,5,-1,1,3,
#moving_targetting_pos=-1,-1|-1,-1|-1,-1|-1,-1|6,6|-1,-1|-1,-1|29,2|6,16|-1,-1|
#setting_targetting_pos=-1,-1|15,18|-1,-1|27,14|-1,-1|27,8|15,24|29,30|-1,-1|-1,-1|
#type=4,4,4,4,4,4,4,0,4,4,
.R.L.R....
#110111011101010
#assigned_pet=-1,0,-1,6,-1,6,0,-1,-1,-1,
#assigned_hub=8,4,2,7,0,6,5,-1,1,3,
#moving_targetting_pos=-1,-1|-1,-1|-1,-1|-1,-1|6,6|-1,-1|-1,-1|29,2|6,16|-1,-1|
#setting_targetting_pos=-1,-1|15,18|-1,-1|27,14|-1,-1|27,8|15,24|29,30|-1,-1|-1,-1|
#type=4,5,4,4,4,4,5,0,4,4,
.r.L.Rl...
#110111011101010
#assigned_pet=-1,-1,2,6,-1,6,2,-1,-1,-1,
#assigned_hub=8,4,2,7,0,6,5,-1,1,3,
#moving_targetting_pos=-1,-1|16,16|-1,-1|-1,-1|6,6|-1,-1|-1,-1|29,2|6,16|-1,-1|
#setting_targetting_pos=-1,-1|-1,-1|8,27|27,14|-1,-1|27,8|14,27|29,30|-1,-1|-1,-1|
#type=4,4,4,4,4,4,4,0,4,4,
..DD.DR...
#110111111101010
#assigned_pet=-1,-1,2,6,-1,6,2,-1,-1,-1,
#assigned_hub=8,4,2,7,0,6,5,-1,1,3,
#moving_targetting_pos=-1,-1|16,16|-1,-1|-1,-1|6,6|-1,-1|-1,-1|29,2|6,16|-1,-1|
#setting_targetting_pos=-1,-1|-1,-1|8,27|27,14|-1,-1|27,8|14,27|29,30|-1,-1|-1,-1|
#type=4,4,4,5,4,5,4,0,4,4,
...d.dR...
#110111111101010
#assigned_pet=-1,-1,2,-1,-1,-1,2,-1,-1,-1,
#assigned_hub=8,4,2,7,0,6,5,-1,1,3,
#moving_targetting_pos=-1,-1|16,16|-1,-1|-1,-1|6,6|-1,-1|-1,-1|29,2|6,16|-1,-1|
#setting_targetting_pos=-1,-1|-1,-1|8,27|-1,-1|-1,-1|-1,-1|14,27|29,30|-1,-1|-1,-1|
#type=4,4,4,4,4,4,4,0,4,4,
..........
#110111111101010
#assigned_pet=12,-1,-1,-1,-1,-1,12,-1,-1,-1,
#assigned_hub=8,4,2,7,0,6,5,-1,1,3,
#moving_targetting_pos=-1,-1|16,16|-1,-1|-1,-1|6,6|-1,-1|-1,-1|29,2|-1,-1|-1,-1|
#setting_targetting_pos=24,25|-1,-1|-1,-1|-1,-1|-1,-1|-1,-1|18,25|29,30|-1,-1|-1,-1|
#type=4,4,4,4,4,4,4,0,4,4,
R.....L...
#110111111101010
#assigned_pet=12,-1,-1,-1,-1,-1,12,-1,-1,-1,
#assigned_hub=8,4,2,7,0,6,5,-1,1,3,
#moving_targetting_pos=-1,-1|-1,-1|-1,-1|-1,-1|6,6|-1,-1|-1,-1|29,2|-1,-1|-1,-1|
#setting_targetting_pos=24,25|-1,-1|-1,-1|-1,-1|-1,-1|-1,-1|18,25|29,30|-1,-1|-1,-1|
#type=4,4,4,4,4,4,4,0,4,4,
U.....L...
#110111111101010
#assigned_pet=12,-1,-1,-1,-1,-1,12,-1,-1,-1,
#assigned_hub=8,4,2,7,0,6,5,-1,1,3,
#moving_targetting_pos=-1,-1|-1,-1|-1,-1|-1,-1|6,6|-1,-1|-1,-1|29,2|-1,-1|-1,-1|
#setting_targetting_pos=24,25|-1,-1|-1,-1|-1,-1|-1,-1|-1,-1|18,25|29,30|-1,-1|-1,-1|
#type=4,4,4,4,4,4,4,0,4,4,
......D...
#110111111101010
#assigned_pet=14,-1,-1,-1,-1,-1,14,-1,-1,-1,
#assigned_hub=8,4,2,7,0,6,5,-1,1,3,
#moving_targetting_pos=-1,-1|-1,-1|-1,-1|-1,-1|6,6|-1,-1|-1,-1|29,2|-1,-1|-1,-1|
#setting_targetting_pos=24,27|-1,-1|-1,-1|-1,-1|-1,-1|-1,-1|18,27|29,30|-1,-1|-1,-1|
#type=4,4,4,4,4,4,4,0,4,4,
R.....R...
#110111111111010
#assigned_pet=14,-1,-1,10,-1,10,14,-1,-1,-1,
#assigned_hub=8,4,2,7,0,6,5,-1,1,3,
#moving_targetting_pos=-1,-1|-1,-1|-1,-1|-1,-1|6,6|-1,-1|-1,-1|29,2|-1,-1|16,6|
#setting_targetting_pos=24,27|-1,-1|-1,-1|25,14|-1,-1|25,8|18,27|29,30|-1,-1|-1,-1|
#type=4,4,4,5,4,5,4,0,4,4,
R..u.uR...
#110111111111010
#assigned_pet=14,-1,-1,-1,-1,-1,14,-1,-1,-1,
#assigned_hub=8,4,2,7,0,6,5,-1,1,3,
#moving_targetting_pos=-1,-1|16,16|-1,-1|26,16|6,6|26,6|-1,-1|29,2|-1,-1|16,6|
#setting_targetting_pos=24,27|-1,-1|-1,-1|-1,-1|-1,-1|-1,-1|18,27|29,30|-1,-1|-1,-1|
#type=4,4,4,4,4,4,4,0,4,4,
......D...
#110111111111011
#assigned_pet=14,-1,-1,-1,-1,-1,14,-1,-1,-1,
#assigned_hub=8,4,2,7,0,6,5,-1,1,3,
#moving_targetting_pos=-1,-1|-1,-1|-1,-1|26,16|6,6|26,6|-1,-1|29,2|-1,-1|16,6|
#setting_targetting_pos=24,27|-1,-1|-1,-1|-1,-1|-1,-1|-1,-1|18,27|29,30|-1,-1|-1,-1|
#type=5,4,4,4,4,4,5,0,4,4,
u.....d...
#110111111111011
#assigned_pet=-1,-1,-1,-1,-1,-1,-1,-1,-1,-1,
#assigned_hub=8,4,2,7,0,6,5,-1,1,3,
#moving_targetting_pos=-1,-1|-1,-1|-1,-1|26,16|6,6|26,6|-1,-1|29,2|6,16|16,6|
#setting_targetting_pos=-1,-1|-1,-1|-1,-1|-1,-1|-1,-1|-1,-1|-1,-1|29,30|-1,-1|-1,-1|
#type=4,4,4,4,4,4,4,0,4,4,
..........
#110111111111011
#assigned_pet=-1,-1,-1,-1,-1,-1,-1,-1,-1,-1,
#assigned_hub=8,4,2,7,0,6,5,-1,1,3,
#moving_targetting_pos=-1,-1|-1,-1|-1,-1|26,16|6,6|26,6|-1,-1|29,2|6,16|16,6|
#setting_targetting_pos=-1,-1|-1,-1|-1,-1|-1,-1|-1,-1|-1,-1|-1,-1|29,30|-1,-1|-1,-1|
#type=4,4,4,4,4,4,4,0,4,4,
..........
#110111111111011
#assigned_pet=-1,-1,-1,-1,-1,-1,-1,-1,-1,-1,
#assigned_hub=8,4,2,7,0,6,5,-1,1,3,
#moving_targetting_pos=-1,-1|-1,-1|-1,-1|26,16|6,6|26,6|-1,-1|29,2|6,16|16,6|
#setting_targetting_pos=-1,-1|-1,-1|-1,-1|-1,-1|-1,-1|-1,-1|-1,-1|29,30|-1,-1|-1,-1|
#type=4,4,4,4,4,4,4,0,4,4,
..........
#110111111111011
#assigned_pet=-1,-1,-1,-1,-1,-1,-1,-1,-1,-1,
#assigned_hub=8,4,2,7,0,6,5,-1,1,3,
#moving_targetting_pos=-1,-1|-1,-1|-1,-1|26,16|6,6|26,6|-1,-1|29,2|6,16|16,6|
#setting_targetting_pos=-1,-1|-1,-1|-1,-1|-1,-1|-1,-1|-1,-1|-1,-1|29,30|-1,-1|-1,-1|
#type=4,4,4,4,4,4,4,0,4,4,
..........
#110111111111011
#assigned_pet=-1,-1,2,-1,-1,-1,-1,-1,-1,-1,
#assigned_hub=8,4,2,7,0,6,5,-1,1,3,
#moving_targetting_pos=-1,-1|-1,-1|-1,-1|26,16|6,6|26,6|-1,-1|29,2|6,16|16,6|
#setting_targetting_pos=-1,-1|-1,-1|4,27|-1,-1|-1,-1|-1,-1|-1,-1|29,30|-1,-1|-1,-1|
#type=4,4,4,4,4,4,4,0,4,4,
..U.......
#110111111111011
#assigned_pet=12,-1,2,-1,-1,-1,12,-1,-1,-1,
#assigned_hub=8,4,2,7,0,6,5,-1,1,3,
#moving_targetting_pos=-1,-1|-1,-1|-1,-1|26,16|6,6|26,6|-1,-1|29,2|6,16|16,6|
#setting_targetting_pos=24,25|-1,-1|4,27|-1,-1|-1,-1|-1,-1|18,25|29,30|-1,-1|-1,-1|
#type=4,4,4,4,4,4,4,0,4,4,
L.U...L...
#111111111111011
#assigned_pet=12,-1,2,-1,-1,-1,12,-1,-1,-1,
#assigned_hub=8,4,2,7,0,6,5,-1,1,3,
#moving_targetting_pos=-1,-1|-1,-1|-1,-1|26,16|6,6|26,6|-1,-1|29,2|6,16|16,6|
#setting_targetting_pos=24,25|-1,-1|4,27|-1,-1|-1,-1|-1,-1|18,25|29,30|-1,-1|-1,-1|
#type=4,4,5,4,4,4,4,0,4,4,
L.u...L...
#111111111111011
#assigned_pet=12,-1,-1,-1,-1,-1,12,-1,-1,-1,
#assigned_hub=8,4,2,7,0,6,5,-1,1,3,
#moving_targetting_pos=-1,-1|-1,-1|6,26|26,16|6,6|26,6|-1,-1|29,2|6,16|16,6|
#setting_targetting_pos=24,25|-1,-1|-1,-1|-1,-1|-1,-1|-1,-1|18,25|29,30|-1,-1|-1,-1|
#type=4,4,4,4,4,4,4,0,4,4,
..........
#111111111111011
#assigned_pet=12,-1,-1,-1,-1,-1,12,-1,-1,-1,
#assigned_hub=8,4,2,7,0,6,5,-1,1,3,
#moving_targetting_pos=-1,-1|-1,-1|6,26|26,16|6,6|26,6|-1,-1|29,2|6,16|16,6|
#setting_targetting_pos=24,25|-1,-1|-1,-1|-1,-1|-1,-1|-1,-1|18,25|29,30|-1,-1|-1,-1|
#type=4,4,4,4,4,4,4,0,4,4,
..........
#111111111111111
#assigned_pet=12,-1,-1,-1,-1,-1,12,-1,-1,-1,
#assigned_hub=8,4,2,7,0,6,5,-1,1,3,
#moving_targetting_pos=-1,-1|16,16|6,26|26,16|6,6|26,6|-1,-1|29,2|6,16|16,6|
#setting_targetting_pos=24,25|-1,-1|-1,-1|-1,-1|-1,-1|-1,-1|18,25|29,30|-1,-1|-1,-1|
#type=5,4,4,4,4,4,5,0,4,4,
u.....d...
#111111111111111
#assigned_pet=-1,-1,-1,-1,-1,-1,-1,-1,-1,-1,
#assigned_hub=8,4,2,7,0,6,5,-1,1,3,
#moving_targetting_pos=26,26|16,16|6,26|26,16|6,6|26,6|16,26|29,2|6,16|16,6|
#setting_targetting_pos=-1,-1|-1,-1|-1,-1|-1,-1|-1,-1|-1,-1|-1,-1|29,30|-1,-1|-1,-1|
#type=4,4,4,4,4,4,4,0,4,4,
..........
#111111111111111
#assigned_pet=-1,-1,-1,-1,-1,-1,-1,-1,-1,-1,
#assigned_hub=8,4,2,7,0,6,5,-1,1,3,
#moving_targetting_pos=26,26|16,16|6,26|26,16|6,6|26,6|16,26|29,2|6,16|16,6|
#setting_targetting_pos=-1,-1|-1,-1|-1,-1|-1,-1|-1,-1|-1,-1|-1,-1|29,30|-1,-1|-1,-1|
#type=4,4,4,4,4,4,4,0,4,4,
..........
#111111111111111
#assigned_pet=-1,-1,-1,-1,-1,-1,-1,-1,-1,-1,
#assigned_hub=8,4,2,7,0,6,5,-1,1,3,
#moving_targetting_pos=26,26|16,16|6,26|26,16|6,6|26,6|16,26|29,2|6,16|16,6|
#setting_targetting_pos=-1,-1|-1,-1|-1,-1|-1,-1|-1,-1|-1,-1|-1,-1|29,30|-1,-1|-1,-1|
#type=4,4,4,4,4,4,4,0,4,4,
..........
#111111111111111
#assigned_pet=-1,-1,-1,-1,-1,-1,-1,-1,-1,-1,
#assigned_hub=8,4,2,7,0,6,5,-1,1,3,
#moving_targetting_pos=26,26|16,16|6,26|26,16|6,6|26,6|16,26|29,2|6,16|16,6|
#setting_targetting_pos=-1,-1|-1,-1|-1,-1|-1,-1|-1,-1|-1,-1|-1,-1|29,30|-1,-1|-1,-1|
#type=4,4,4,4,4,4,4,0,4,4,
..........
#111111111111111
#assigned_pet=-1,-1,-1,-1,-1,-1,-1,-1,-1,-1,
#assigned_hub=8,4,2,7,0,6,5,-1,1,3,
#moving_targetting_pos=26,26|16,16|6,26|26,16|6,6|26,6|16,26|29,2|6,16|16,6|
#setting_targetting_pos=-1,-1|-1,-1|-1,-1|-1,-1|-1,-1|-1,-1|-1,-1|29,30|-1,-1|-1,-1|
#type=4,4,4,4,4,4,4,0,4,4,
..........
#111111111111111
#assigned_pet=-1,-1,-1,-1,-1,-1,-1,-1,-1,-1,
#assigned_hub=8,4,2,7,0,6,5,-1,1,3,
#moving_targetting_pos=26,26|16,16|6,26|26,16|6,6|26,6|16,26|29,2|6,16|16,6|
#setting_targetting_pos=-1,-1|-1,-1|-1,-1|-1,-1|-1,-1|-1,-1|-1,-1|29,30|-1,-1|-1,-1|
#type=4,4,4,4,4,4,4,0,4,4,
..........
#111111111111111
#assigned_pet=-1,-1,-1,-1,-1,-1,-1,-1,-1,-1,
#assigned_hub=8,4,2,7,0,6,5,-1,1,3,
#moving_targetting_pos=26,26|16,16|6,26|26,16|6,6|26,6|16,26|29,2|6,16|16,6|
#setting_targetting_pos=-1,-1|-1,-1|-1,-1|-1,-1|-1,-1|-1,-1|-1,-1|29,30|-1,-1|-1,-1|
#type=4,4,4,4,4,4,4,0,4,4,
..........
#111111111111111
#assigned_pet=-1,-1,-1,-1,-1,-1,-1,-1,-1,-1,
#assigned_hub=8,4,2,7,0,6,5,-1,1,3,
#moving_targetting_pos=26,26|16,16|6,26|26,16|6,6|26,6|16,26|29,2|6,16|16,6|
#setting_targetting_pos=-1,-1|-1,-1|-1,-1|-1,-1|-1,-1|-1,-1|-1,-1|29,30|-1,-1|-1,-1|
#type=4,4,4,4,4,4,4,0,4,4,
..........
#111111111111111
#assigned_pet=-1,-1,-1,-1,-1,-1,-1,-1,-1,-1,
#assigned_hub=8,4,2,7,0,6,5,-1,1,3,
#moving_targetting_pos=26,26|16,16|6,26|26,16|6,6|26,6|16,26|29,2|6,16|16,6|
#setting_targetting_pos=-1,-1|-1,-1|-1,-1|-1,-1|-1,-1|-1,-1|-1,-1|29,30|-1,-1|-1,-1|
#type=4,4,4,4,4,4,4,0,4,4,
..........
#111111111111111
#assigned_pet=-1,-1,-1,-1,-1,-1,-1,-1,-1,-1,
#assigned_hub=8,4,2,7,0,6,5,-1,1,3,
#moving_targetting_pos=26,26|16,16|6,26|26,16|6,6|26,6|16,26|29,2|6,16|16,6|
#setting_targetting_pos=-1,-1|-1,-1|-1,-1|-1,-1|-1,-1|-1,-1|-1,-1|29,30|-1,-1|-1,-1|
#type=4,4,4,4,4,4,4,0,4,4,
..........
#111111111111111
#assigned_pet=-1,-1,-1,-1,-1,-1,-1,-1,-1,-1,
#assigned_hub=8,4,2,7,0,6,5,-1,1,3,
#moving_targetting_pos=26,26|16,16|6,26|26,16|6,6|26,6|16,26|29,2|6,16|16,6|
#setting_targetting_pos=-1,-1|-1,-1|-1,-1|-1,-1|-1,-1|-1,-1|-1,-1|29,30|-1,-1|-1,-1|
#type=4,4,4,4,4,4,4,0,4,4,
..........
#111111111111111
#assigned_pet=-1,-1,-1,-1,-1,-1,-1,-1,-1,-1,
#assigned_hub=8,4,2,7,0,6,5,-1,1,3,
#moving_targetting_pos=26,26|16,16|6,26|26,16|6,6|26,6|16,26|29,2|6,16|16,6|
#setting_targetting_pos=-1,-1|-1,-1|-1,-1|-1,-1|-1,-1|-1,-1|-1,-1|29,30|-1,-1|-1,-1|
#type=4,4,4,4,4,4,4,0,4,4,
..........
#111111111111111
#assigned_pet=-1,-1,-1,-1,-1,-1,-1,-1,-1,-1,
#assigned_hub=8,4,2,7,0,6,5,-1,1,3,
#moving_targetting_pos=26,26|16,16|6,26|26,16|6,6|26,6|16,26|29,2|6,16|16,6|
#setting_targetting_pos=-1,-1|-1,-1|-1,-1|-1,-1|-1,-1|-1,-1|-1,-1|29,30|-1,-1|-1,-1|
#type=4,4,4,4,4,4,4,0,4,4,
..........
#111111111111111
#assigned_pet=-1,-1,-1,-1,-1,-1,-1,-1,-1,-1,
#assigned_hub=8,4,2,7,0,6,5,-1,1,3,
#moving_targetting_pos=26,26|16,16|6,26|26,16|6,6|26,6|16,26|29,2|6,16|16,6|
#setting_targetting_pos=-1,-1|-1,-1|-1,-1|-1,-1|-1,-1|-1,-1|-1,-1|29,30|-1,-1|-1,-1|
#type=4,4,4,4,4,4,4,0,4,4,
..........
#111111111111111
#assigned_pet=-1,-1,-1,-1,-1,-1,-1,-1,-1,-1,
#assigned_hub=8,4,2,7,0,6,5,-1,1,3,
#moving_targetting_pos=26,26|16,16|6,26|26,16|6,6|26,6|16,26|29,2|6,16|16,6|
#setting_targetting_pos=-1,-1|-1,-1|-1,-1|-1,-1|-1,-1|-1,-1|-1,-1|29,30|-1,-1|-1,-1|
#type=4,4,4,4,4,4,4,0,4,4,
..........
#111111111111111
#assigned_pet=-1,-1,-1,-1,-1,-1,-1,-1,-1,-1,
#assigned_hub=8,4,2,7,0,6,5,-1,1,3,
#moving_targetting_pos=26,26|16,16|6,26|26,16|6,6|26,6|16,26|29,2|6,16|16,6|
#setting_targetting_pos=-1,-1|-1,-1|-1,-1|-1,-1|-1,-1|-1,-1|-1,-1|29,30|-1,-1|-1,-1|
#type=4,4,4,4,4,4,4,0,4,4,
..........
#111111111111111
#assigned_pet=-1,-1,-1,-1,-1,-1,-1,-1,-1,-1,
#assigned_hub=8,4,2,7,0,6,5,-1,1,3,
#moving_targetting_pos=26,26|16,16|6,26|26,16|6,6|26,6|16,26|29,2|6,16|16,6|
#setting_targetting_pos=-1,-1|-1,-1|-1,-1|-1,-1|-1,-1|-1,-1|-1,-1|29,30|-1,-1|-1,-1|
#type=4,4,4,4,4,4,4,0,4,4,
..........
#111111111111111
#assigned_pet=-1,-1,-1,-1,-1,-1,-1,-1,-1,-1,
#assigned_hub=8,4,2,7,0,6,5,-1,1,3,
#moving_targetting_pos=26,26|16,16|6,26|26,16|6,6|26,6|16,26|29,2|6,16|16,6|
#setting_targetting_pos=-1,-1|-1,-1|-1,-1|-1,-1|-1,-1|-1,-1|-1,-1|29,30|-1,-1|-1,-1|
#type=4,4,4,4,4,4,4,0,4,4,
..........
#111111111111111
#assigned_pet=-1,-1,-1,-1,-1,-1,-1,-1,-1,-1,
#assigned_hub=8,4,2,7,0,6,5,-1,1,3,
#moving_targetting_pos=26,26|16,16|6,26|26,16|6,6|26,6|16,26|29,2|6,16|16,6|
#setting_targetting_pos=-1,-1|-1,-1|-1,-1|-1,-1|-1,-1|-1,-1|-1,-1|29,30|-1,-1|-1,-1|
#type=4,4,4,4,4,4,4,0,4,4,
..........
#111111111111111
#assigned_pet=-1,-1,-1,-1,-1,-1,-1,-1,-1,-1,
#assigned_hub=8,4,2,7,0,6,5,-1,1,3,
#moving_targetting_pos=26,26|16,16|6,26|26,16|6,6|26,6|16,26|29,2|6,16|16,6|
#setting_targetting_pos=-1,-1|-1,-1|-1,-1|-1,-1|-1,-1|-1,-1|-1,-1|29,30|-1,-1|-1,-1|
#type=4,4,4,4,4,4,4,0,4,4,
..........
#111111111111111
#assigned_pet=-1,-1,-1,-1,-1,-1,-1,-1,-1,-1,
#assigned_hub=8,4,2,7,0,6,5,-1,1,3,
#moving_targetting_pos=26,26|16,16|6,26|26,16|6,6|26,6|16,26|29,2|6,16|16,6|
#setting_targetting_pos=-1,-1|-1,-1|-1,-1|-1,-1|-1,-1|-1,-1|-1,-1|29,30|-1,-1|-1,-1|
#type=4,4,4,4,4,4,4,0,4,4,
..........
#111111111111111
#assigned_pet=-1,-1,-1,-1,-1,-1,-1,-1,-1,-1,
#assigned_hub=8,4,2,7,0,6,5,-1,1,3,
#moving_targetting_pos=26,26|16,16|6,26|26,16|6,6|26,6|16,26|29,2|6,16|16,6|
#setting_targetting_pos=-1,-1|-1,-1|-1,-1|-1,-1|-1,-1|-1,-1|-1,-1|29,30|-1,-1|-1,-1|
#type=4,4,4,4,4,4,4,0,4,4,
..........
#111111111111111
#assigned_pet=-1,-1,-1,-1,-1,-1,-1,-1,-1,-1,
#assigned_hub=8,4,2,7,0,6,5,-1,1,3,
#moving_targetting_pos=26,26|16,16|6,26|26,16|6,6|26,6|16,26|29,2|6,16|16,6|
#setting_targetting_pos=-1,-1|-1,-1|-1,-1|-1,-1|-1,-1|-1,-1|-1,-1|29,30|-1,-1|-1,-1|
#type=4,4,4,4,4,4,4,0,4,4,
..........
#111111111111111
#assigned_pet=-1,-1,-1,-1,-1,-1,-1,-1,-1,-1,
#assigned_hub=8,4,2,7,0,6,5,-1,1,3,
#moving_targetting_pos=26,26|16,16|6,26|26,16|6,6|26,6|16,26|29,2|6,16|16,6|
#setting_targetting_pos=-1,-1|-1,-1|-1,-1|-1,-1|-1,-1|-1,-1|-1,-1|29,30|-1,-1|-1,-1|
#type=4,4,4,4,4,4,4,0,4,4,
..........
#111111111111111
#assigned_pet=-1,-1,-1,-1,-1,-1,-1,-1,-1,-1,
#assigned_hub=8,4,2,7,0,6,5,-1,1,3,
#moving_targetting_pos=26,26|16,16|6,26|26,16|6,6|26,6|16,26|29,2|6,16|16,6|
#setting_targetting_pos=-1,-1|-1,-1|-1,-1|-1,-1|-1,-1|-1,-1|-1,-1|29,30|-1,-1|-1,-1|
#type=4,4,4,4,4,4,4,0,4,4,
..........
#111111111111111
#assigned_pet=-1,-1,-1,-1,-1,-1,-1,-1,-1,-1,
#assigned_hub=8,4,2,7,0,6,5,-1,1,3,
#moving_targetting_pos=26,26|16,16|6,26|26,16|6,6|26,6|16,26|29,2|6,16|16,6|
#setting_targetting_pos=-1,-1|-1,-1|-1,-1|-1,-1|-1,-1|-1,-1|-1,-1|29,30|-1,-1|-1,-1|
#type=4,4,4,4,4,4,4,0,4,4,
..........
#111111111111111
#assigned_pet=-1,-1,-1,-1,-1,-1,-1,-1,-1,-1,
#assigned_hub=8,4,2,7,0,6,5,-1,1,3,
#moving_targetting_pos=26,26|16,16|6,26|26,16|6,6|26,6|16,26|29,2|6,16|16,6|
#setting_targetting_pos=-1,-1|-1,-1|-1,-1|-1,-1|-1,-1|-1,-1|-1,-1|29,30|-1,-1|-1,-1|
#type=4,4,4,4,4,4,4,0,4,4,
..........
#111111111111111
#assigned_pet=-1,-1,-1,-1,-1,-1,-1,-1,-1,-1,
#assigned_hub=8,4,2,7,0,6,5,-1,1,3,
#moving_targetting_pos=26,26|16,16|6,26|26,16|6,6|26,6|16,26|29,2|6,16|16,6|
#setting_targetting_pos=-1,-1|-1,-1|-1,-1|-1,-1|-1,-1|-1,-1|-1,-1|29,30|-1,-1|-1,-1|
#type=4,4,4,4,4,4,4,0,4,4,
..........
#111111111111111
#assigned_pet=-1,-1,-1,-1,-1,-1,-1,-1,-1,-1,
#assigned_hub=8,4,2,7,0,6,5,-1,1,3,
#moving_targetting_pos=26,26|16,16|6,26|26,16|6,6|26,6|16,26|29,2|6,16|16,6|
#setting_targetting_pos=-1,-1|-1,-1|-1,-1|-1,-1|-1,-1|-1,-1|-1,-1|29,30|-1,-1|-1,-1|
#type=4,4,4,4,4,4,4,0,4,4,
..........
#111111111111111
#assigned_pet=-1,-1,-1,-1,-1,-1,-1,-1,-1,-1,
#assigned_hub=8,4,2,7,0,6,5,-1,1,3,
#moving_targetting_pos=26,26|16,16|6,26|26,16|6,6|26,6|16,26|29,2|6,16|16,6|
#setting_targetting_pos=-1,-1|-1,-1|-1,-1|-1,-1|-1,-1|-1,-1|-1,-1|29,30|-1,-1|-1,-1|
#type=4,4,4,4,4,4,4,0,4,4,
..........
#111111111111111
#assigned_pet=-1,-1,-1,-1,-1,-1,-1,-1,-1,-1,
#assigned_hub=8,4,2,7,0,6,5,-1,1,3,
#moving_targetting_pos=26,26|16,16|6,26|26,16|6,6|26,6|16,26|29,2|6,16|16,6|
#setting_targetting_pos=-1,-1|-1,-1|-1,-1|-1,-1|-1,-1|-1,-1|-1,-1|29,30|-1,-1|-1,-1|
#type=4,4,4,4,4,4,4,0,4,4,
..........
#111111111111111
#assigned_pet=-1,-1,-1,-1,-1,-1,-1,-1,-1,-1,
#assigned_hub=8,4,2,7,0,6,5,-1,1,3,
#moving_targetting_pos=26,26|16,16|6,26|26,16|6,6|26,6|16,26|29,2|6,16|16,6|
#setting_targetting_pos=-1,-1|-1,-1|-1,-1|-1,-1|-1,-1|-1,-1|-1,-1|29,30|-1,-1|-1,-1|
#type=4,4,4,4,4,4,4,0,4,4,
..........
#111111111111111
#assigned_pet=-1,-1,-1,-1,-1,-1,-1,-1,-1,-1,
#assigned_hub=8,4,2,7,0,6,5,-1,1,3,
#moving_targetting_pos=26,26|16,16|6,26|26,16|6,6|26,6|16,26|29,2|6,16|16,6|
#setting_targetting_pos=-1,-1|-1,-1|-1,-1|-1,-1|-1,-1|-1,-1|-1,-1|29,30|-1,-1|-1,-1|
#type=4,4,4,4,4,4,4,0,4,4,
..........
#111111111111111
#assigned_pet=-1,-1,-1,-1,-1,-1,-1,-1,-1,-1,
#assigned_hub=8,4,2,7,0,6,5,-1,1,3,
#moving_targetting_pos=26,26|16,16|6,26|26,16|6,6|26,6|16,26|29,2|6,16|16,6|
#setting_targetting_pos=-1,-1|-1,-1|-1,-1|-1,-1|-1,-1|-1,-1|-1,-1|29,30|-1,-1|-1,-1|
#type=4,4,4,4,4,4,4,0,4,4,
..........
#111111111111111
#assigned_pet=-1,-1,-1,-1,-1,-1,-1,-1,-1,-1,
#assigned_hub=8,4,2,7,0,6,5,-1,1,3,
#moving_targetting_pos=26,26|16,16|6,26|26,16|6,6|26,6|16,26|29,2|6,16|16,6|
#setting_targetting_pos=-1,-1|-1,-1|-1,-1|-1,-1|-1,-1|-1,-1|-1,-1|29,30|-1,-1|-1,-1|
#type=4,4,4,4,4,4,4,0,4,4,
..........
#111111111111111
#assigned_pet=-1,-1,-1,-1,-1,-1,-1,-1,-1,-1,
#assigned_hub=8,4,2,7,0,6,5,-1,1,3,
#moving_targetting_pos=26,26|16,16|6,26|26,16|6,6|26,6|16,26|29,2|6,16|16,6|
#setting_targetting_pos=-1,-1|-1,-1|-1,-1|-1,-1|-1,-1|-1,-1|-1,-1|29,30|-1,-1|-1,-1|
#type=4,4,4,4,4,4,4,0,4,4,
..........
#111111111111111
#assigned_pet=-1,-1,-1,-1,-1,-1,-1,-1,-1,-1,
#assigned_hub=8,4,2,7,0,6,5,-1,1,3,
#moving_targetting_pos=26,26|16,16|6,26|26,16|6,6|26,6|16,26|29,2|6,16|16,6|
#setting_targetting_pos=-1,-1|-1,-1|-1,-1|-1,-1|-1,-1|-1,-1|-1,-1|29,30|-1,-1|-1,-1|
#type=4,4,4,4,4,4,4,0,4,4,
..........
#111111111111111
#assigned_pet=-1,-1,-1,-1,-1,-1,-1,-1,-1,-1,
#assigned_hub=8,4,2,7,0,6,5,-1,1,3,
#moving_targetting_pos=26,26|16,16|6,26|26,16|6,6|26,6|16,26|29,2|6,16|16,6|
#setting_targetting_pos=-1,-1|-1,-1|-1,-1|-1,-1|-1,-1|-1,-1|-1,-1|29,30|-1,-1|-1,-1|
#type=4,4,4,4,4,4,4,0,4,4,
..........
#111111111111111
#assigned_pet=-1,-1,-1,-1,-1,-1,-1,-1,-1,-1,
#assigned_hub=8,4,2,7,0,6,5,-1,1,3,
#moving_targetting_pos=26,26|16,16|6,26|26,16|6,6|26,6|16,26|29,2|6,16|16,6|
#setting_targetting_pos=-1,-1|-1,-1|-1,-1|-1,-1|-1,-1|-1,-1|-1,-1|29,30|-1,-1|-1,-1|
#type=4,4,4,4,4,4,4,0,4,4,
..........
#111111111111111
#assigned_pet=-1,-1,-1,-1,-1,-1,-1,-1,-1,-1,
#assigned_hub=8,4,2,7,0,6,5,-1,1,3,
#moving_targetting_pos=26,26|16,16|6,26|26,16|6,6|26,6|16,26|29,2|6,16|16,6|
#setting_targetting_pos=-1,-1|-1,-1|-1,-1|-1,-1|-1,-1|-1,-1|-1,-1|29,30|-1,-1|-1,-1|
#type=4,4,4,4,4,4,4,0,4,4,
..........
#111111111111111
#assigned_pet=-1,-1,-1,-1,-1,-1,-1,-1,-1,-1,
#assigned_hub=8,4,2,7,0,6,5,-1,1,3,
#moving_targetting_pos=26,26|16,16|6,26|26,16|6,6|26,6|16,26|29,2|6,16|16,6|
#setting_targetting_pos=-1,-1|-1,-1|-1,-1|-1,-1|-1,-1|-1,-1|-1,-1|29,30|-1,-1|-1,-1|
#type=4,4,4,4,4,4,4,0,4,4,
..........
#111111111111111
#assigned_pet=-1,-1,-1,-1,-1,-1,-1,-1,-1,-1,
#assigned_hub=8,4,2,7,0,6,5,-1,1,3,
#moving_targetting_pos=26,26|16,16|6,26|26,16|6,6|26,6|16,26|29,2|6,16|16,6|
#setting_targetting_pos=-1,-1|-1,-1|-1,-1|-1,-1|-1,-1|-1,-1|-1,-1|29,30|-1,-1|-1,-1|
#type=4,4,4,4,4,4,4,0,4,4,
..........
#111111111111111
#assigned_pet=-1,-1,-1,-1,-1,-1,-1,-1,-1,-1,
#assigned_hub=8,4,2,7,0,6,5,-1,1,3,
#moving_targetting_pos=26,26|16,16|6,26|26,16|6,6|26,6|16,26|29,2|6,16|16,6|
#setting_targetting_pos=-1,-1|-1,-1|-1,-1|-1,-1|-1,-1|-1,-1|-1,-1|29,30|-1,-1|-1,-1|
#type=4,4,4,4,4,4,4,0,4,4,
..........
#111111111111111
#assigned_pet=-1,-1,-1,-1,-1,-1,-1,-1,-1,-1,
#assigned_hub=8,4,2,7,0,6,5,-1,1,3,
#moving_targetting_pos=26,26|16,16|6,26|26,16|6,6|26,6|16,26|29,2|6,16|16,6|
#setting_targetting_pos=-1,-1|-1,-1|-1,-1|-1,-1|-1,-1|-1,-1|-1,-1|29,30|-1,-1|-1,-1|
#type=4,4,4,4,4,4,4,0,4,4,
..........
#111111111111111
#assigned_pet=-1,-1,-1,-1,-1,-1,-1,-1,-1,-1,
#assigned_hub=8,4,2,7,0,6,5,-1,1,3,
#moving_targetting_pos=26,26|16,16|6,26|26,16|6,6|26,6|16,26|29,2|6,16|16,6|
#setting_targetting_pos=-1,-1|-1,-1|-1,-1|-1,-1|-1,-1|-1,-1|-1,-1|29,30|-1,-1|-1,-1|
#type=4,4,4,4,4,4,4,0,4,4,
..........
#111111111111111
#assigned_pet=-1,-1,-1,-1,-1,-1,-1,-1,-1,-1,
#assigned_hub=8,4,2,7,0,6,5,-1,1,3,
#moving_targetting_pos=26,26|16,16|6,26|26,16|6,6|26,6|16,26|29,2|6,16|16,6|
#setting_targetting_pos=-1,-1|-1,-1|-1,-1|-1,-1|-1,-1|-1,-1|-1,-1|29,30|-1,-1|-1,-1|
#type=4,4,4,4,4,4,4,0,4,4,
..........
#111111111111111
#assigned_pet=-1,-1,-1,-1,-1,-1,-1,-1,-1,-1,
#assigned_hub=8,4,2,7,0,6,5,-1,1,3,
#moving_targetting_pos=26,26|16,16|6,26|26,16|6,6|26,6|16,26|29,2|6,16|16,6|
#setting_targetting_pos=-1,-1|-1,-1|-1,-1|-1,-1|-1,-1|-1,-1|-1,-1|29,30|-1,-1|-1,-1|
#type=4,4,4,4,4,4,4,0,4,4,
..........
#111111111111111
#assigned_pet=-1,-1,-1,-1,-1,-1,-1,-1,-1,-1,
#assigned_hub=8,4,2,7,0,6,5,-1,1,3,
#moving_targetting_pos=26,26|16,16|6,26|26,16|6,6|26,6|16,26|29,2|6,16|16,6|
#setting_targetting_pos=-1,-1|-1,-1|-1,-1|-1,-1|-1,-1|-1,-1|-1,-1|29,30|-1,-1|-1,-1|
#type=4,4,4,4,4,4,4,0,4,4,
..........
#111111111111111
#assigned_pet=-1,-1,-1,-1,-1,-1,-1,-1,-1,-1,
#assigned_hub=8,4,2,7,0,6,5,-1,1,3,
#moving_targetting_pos=26,26|16,16|6,26|26,16|6,6|26,6|16,26|29,2|6,16|16,6|
#setting_targetting_pos=-1,-1|-1,-1|-1,-1|-1,-1|-1,-1|-1,-1|-1,-1|29,30|-1,-1|-1,-1|
#type=4,4,4,4,4,4,4,0,4,4,
..........
#111111111111111
#assigned_pet=-1,-1,-1,-1,-1,-1,-1,-1,-1,-1,
#assigned_hub=8,4,2,7,0,6,5,-1,1,3,
#moving_targetting_pos=26,26|16,16|6,26|26,16|6,6|26,6|16,26|29,2|6,16|16,6|
#setting_targetting_pos=-1,-1|-1,-1|-1,-1|-1,-1|-1,-1|-1,-1|-1,-1|29,30|-1,-1|-1,-1|
#type=4,4,4,4,4,4,4,0,4,4,
..........
#111111111111111
#assigned_pet=-1,-1,-1,-1,-1,-1,-1,-1,-1,-1,
#assigned_hub=8,4,2,7,0,6,5,-1,1,3,
#moving_targetting_pos=26,26|16,16|6,26|26,16|6,6|26,6|16,26|29,2|6,16|16,6|
#setting_targetting_pos=-1,-1|-1,-1|-1,-1|-1,-1|-1,-1|-1,-1|-1,-1|29,30|-1,-1|-1,-1|
#type=4,4,4,4,4,4,4,0,4,4,
..........
#111111111111111
#assigned_pet=-1,-1,-1,-1,-1,-1,-1,-1,-1,-1,
#assigned_hub=8,4,2,7,0,6,5,-1,1,3,
#moving_targetting_pos=26,26|16,16|6,26|26,16|6,6|26,6|16,26|29,2|6,16|16,6|
#setting_targetting_pos=-1,-1|-1,-1|-1,-1|-1,-1|-1,-1|-1,-1|-1,-1|29,30|-1,-1|-1,-1|
#type=4,4,4,4,4,4,4,0,4,4,
..........
#111111111111111
#assigned_pet=-1,-1,-1,-1,-1,-1,-1,-1,-1,-1,
#assigned_hub=8,4,2,7,0,6,5,-1,1,3,
#moving_targetting_pos=26,26|16,16|6,26|26,16|6,6|26,6|16,26|29,2|6,16|16,6|
#setting_targetting_pos=-1,-1|-1,-1|-1,-1|-1,-1|-1,-1|-1,-1|-1,-1|29,30|-1,-1|-1,-1|
#type=4,4,4,4,4,4,4,0,4,4,
..........
#111111111111111
#assigned_pet=-1,-1,-1,-1,-1,-1,-1,-1,-1,-1,
#assigned_hub=8,4,2,7,0,6,5,-1,1,3,
#moving_targetting_pos=26,26|16,16|6,26|26,16|6,6|26,6|16,26|29,2|6,16|16,6|
#setting_targetting_pos=-1,-1|-1,-1|-1,-1|-1,-1|-1,-1|-1,-1|-1,-1|29,30|-1,-1|-1,-1|
#type=4,4,4,4,4,4,4,0,4,4,
..........
#111111111111111
#assigned_pet=-1,-1,-1,-1,-1,-1,-1,-1,-1,-1,
#assigned_hub=8,4,2,7,0,6,5,-1,1,3,
#moving_targetting_pos=26,26|16,16|6,26|26,16|6,6|26,6|16,26|29,2|6,16|16,6|
#setting_targetting_pos=-1,-1|-1,-1|-1,-1|-1,-1|-1,-1|-1,-1|-1,-1|29,30|-1,-1|-1,-1|
#type=4,4,4,4,4,4,4,0,4,4,
..........
#111111111111111
#assigned_pet=-1,-1,-1,-1,-1,-1,-1,-1,-1,-1,
#assigned_hub=8,4,2,7,0,6,5,-1,1,3,
#moving_targetting_pos=26,26|16,16|6,26|26,16|6,6|26,6|16,26|29,2|6,16|16,6|
#setting_targetting_pos=-1,-1|-1,-1|-1,-1|-1,-1|-1,-1|-1,-1|-1,-1|29,30|-1,-1|-1,-1|
#type=4,4,4,4,4,4,4,0,4,4,
..........
#111111111111111
#assigned_pet=-1,-1,-1,-1,-1,-1,-1,-1,-1,-1,
#assigned_hub=8,4,2,7,0,6,5,-1,1,3,
#moving_targetting_pos=26,26|16,16|6,26|26,16|6,6|26,6|16,26|29,2|6,16|16,6|
#setting_targetting_pos=-1,-1|-1,-1|-1,-1|-1,-1|-1,-1|-1,-1|-1,-1|29,30|-1,-1|-1,-1|
#type=4,4,4,4,4,4,4,0,4,4,
..........
#111111111111111
#assigned_pet=-1,-1,-1,-1,-1,-1,-1,-1,-1,-1,
#assigned_hub=8,4,2,7,0,6,5,-1,1,3,
#moving_targetting_pos=26,26|16,16|6,26|26,16|6,6|26,6|16,26|29,2|6,16|16,6|
#setting_targetting_pos=-1,-1|-1,-1|-1,-1|-1,-1|-1,-1|-1,-1|-1,-1|29,30|-1,-1|-1,-1|
#type=4,4,4,4,4,4,4,0,4,4,
..........
#111111111111111
#assigned_pet=-1,-1,-1,-1,-1,-1,-1,-1,-1,-1,
#assigned_hub=8,4,2,7,0,6,5,-1,1,3,
#moving_targetting_pos=26,26|16,16|6,26|26,16|6,6|26,6|16,26|29,2|6,16|16,6|
#setting_targetting_pos=-1,-1|-1,-1|-1,-1|-1,-1|-1,-1|-1,-1|-1,-1|29,30|-1,-1|-1,-1|
#type=4,4,4,4,4,4,4,0,4,4,
..........
#111111111111111
#assigned_pet=-1,-1,-1,-1,-1,-1,-1,-1,-1,-1,
#assigned_hub=8,4,2,7,0,6,5,-1,1,3,
#moving_targetting_pos=26,26|16,16|6,26|26,16|6,6|26,6|16,26|29,2|6,16|16,6|
#setting_targetting_pos=-1,-1|-1,-1|-1,-1|-1,-1|-1,-1|-1,-1|-1,-1|29,30|-1,-1|-1,-1|
#type=4,4,4,4,4,4,4,0,4,4,
..........
#111111111111111
#assigned_pet=-1,-1,-1,-1,-1,-1,-1,-1,-1,-1,
#assigned_hub=8,4,2,7,0,6,5,-1,1,3,
#moving_targetting_pos=26,26|16,16|6,26|26,16|6,6|26,6|16,26|29,2|6,16|16,6|
#setting_targetting_pos=-1,-1|-1,-1|-1,-1|-1,-1|-1,-1|-1,-1|-1,-1|29,30|-1,-1|-1,-1|
#type=4,4,4,4,4,4,4,0,4,4,
..........
#111111111111111
#assigned_pet=-1,-1,-1,-1,-1,-1,-1,-1,-1,-1,
#assigned_hub=8,4,2,7,0,6,5,-1,1,3,
#moving_targetting_pos=26,26|16,16|6,26|26,16|6,6|26,6|16,26|29,2|6,16|16,6|
#setting_targetting_pos=-1,-1|-1,-1|-1,-1|-1,-1|-1,-1|-1,-1|-1,-1|29,30|-1,-1|-1,-1|
#type=4,4,4,4,4,4,4,0,4,4,
..........
#111111111111111
#assigned_pet=-1,-1,-1,-1,-1,-1,-1,-1,-1,-1,
#assigned_hub=8,4,2,7,0,6,5,-1,1,3,
#moving_targetting_pos=26,26|16,16|6,26|26,16|6,6|26,6|16,26|29,2|6,16|16,6|
#setting_targetting_pos=-1,-1|-1,-1|-1,-1|-1,-1|-1,-1|-1,-1|-1,-1|29,30|-1,-1|-1,-1|
#type=4,4,4,4,4,4,4,0,4,4,
..........
#111111111111111
#assigned_pet=-1,-1,-1,-1,-1,-1,-1,-1,-1,-1,
#assigned_hub=8,4,2,7,0,6,5,-1,1,3,
#moving_targetting_pos=26,26|16,16|6,26|26,16|6,6|26,6|16,26|29,2|6,16|16,6|
#setting_targetting_pos=-1,-1|-1,-1|-1,-1|-1,-1|-1,-1|-1,-1|-1,-1|29,30|-1,-1|-1,-1|
#type=4,4,4,4,4,4,4,0,4,4,
..........
#111111111111111
#assigned_pet=-1,-1,-1,-1,-1,-1,-1,-1,-1,-1,
#assigned_hub=8,4,2,7,0,6,5,-1,1,3,
#moving_targetting_pos=26,26|16,16|6,26|26,16|6,6|26,6|16,26|29,2|6,16|16,6|
#setting_targetting_pos=-1,-1|-1,-1|-1,-1|-1,-1|-1,-1|-1,-1|-1,-1|29,30|-1,-1|-1,-1|
#type=4,4,4,4,4,4,4,0,4,4,
..........
#111111111111111
#assigned_pet=-1,-1,-1,-1,-1,-1,-1,-1,-1,-1,
#assigned_hub=8,4,2,7,0,6,5,-1,1,3,
#moving_targetting_pos=26,26|16,16|6,26|26,16|6,6|26,6|16,26|29,2|6,16|16,6|
#setting_targetting_pos=-1,-1|-1,-1|-1,-1|-1,-1|-1,-1|-1,-1|-1,-1|29,30|-1,-1|-1,-1|
#type=4,4,4,4,4,4,4,0,4,4,
..........
#111111111111111
#assigned_pet=-1,-1,-1,-1,-1,-1,-1,-1,-1,-1,
#assigned_hub=8,4,2,7,0,6,5,-1,1,3,
#moving_targetting_pos=26,26|16,16|6,26|26,16|6,6|26,6|16,26|29,2|6,16|16,6|
#setting_targetting_pos=-1,-1|-1,-1|-1,-1|-1,-1|-1,-1|-1,-1|-1,-1|29,30|-1,-1|-1,-1|
#type=4,4,4,4,4,4,4,0,4,4,
..........
#111111111111111
#assigned_pet=-1,-1,-1,-1,-1,-1,-1,-1,-1,-1,
#assigned_hub=8,4,2,7,0,6,5,-1,1,3,
#moving_targetting_pos=26,26|16,16|6,26|26,16|6,6|26,6|16,26|29,2|6,16|16,6|
#setting_targetting_pos=-1,-1|-1,-1|-1,-1|-1,-1|-1,-1|-1,-1|-1,-1|29,30|-1,-1|-1,-1|
#type=4,4,4,4,4,4,4,0,4,4,
..........
#111111111111111
#assigned_pet=-1,-1,-1,-1,-1,-1,-1,-1,-1,-1,
#assigned_hub=8,4,2,7,0,6,5,-1,1,3,
#moving_targetting_pos=26,26|16,16|6,26|26,16|6,6|26,6|16,26|29,2|6,16|16,6|
#setting_targetting_pos=-1,-1|-1,-1|-1,-1|-1,-1|-1,-1|-1,-1|-1,-1|29,30|-1,-1|-1,-1|
#type=4,4,4,4,4,4,4,0,4,4,
..........
#111111111111111
#assigned_pet=-1,-1,-1,-1,-1,-1,-1,-1,-1,-1,
#assigned_hub=8,4,2,7,0,6,5,-1,1,3,
#moving_targetting_pos=26,26|16,16|6,26|26,16|6,6|26,6|16,26|29,2|6,16|16,6|
#setting_targetting_pos=-1,-1|-1,-1|-1,-1|-1,-1|-1,-1|-1,-1|-1,-1|29,30|-1,-1|-1,-1|
#type=4,4,4,4,4,4,4,0,4,4,
..........
#111111111111111
#assigned_pet=-1,-1,-1,-1,-1,-1,-1,-1,-1,-1,
#assigned_hub=8,4,2,7,0,6,5,-1,1,3,
#moving_targetting_pos=26,26|16,16|6,26|26,16|6,6|26,6|16,26|29,2|6,16|16,6|
#setting_targetting_pos=-1,-1|-1,-1|-1,-1|-1,-1|-1,-1|-1,-1|-1,-1|29,30|-1,-1|-1,-1|
#type=4,4,4,4,4,4,4,0,4,4,
..........
#111111111111111
#assigned_pet=-1,-1,-1,-1,-1,-1,-1,-1,-1,-1,
#assigned_hub=8,4,2,7,0,6,5,-1,1,3,
#moving_targetting_pos=26,26|16,16|6,26|26,16|6,6|26,6|16,26|29,2|6,16|16,6|
#setting_targetting_pos=-1,-1|-1,-1|-1,-1|-1,-1|-1,-1|-1,-1|-1,-1|29,30|-1,-1|-1,-1|
#type=4,4,4,4,4,4,4,0,4,4,
..........
#111111111111111
#assigned_pet=-1,-1,-1,-1,-1,-1,-1,-1,-1,-1,
#assigned_hub=8,4,2,7,0,6,5,-1,1,3,
#moving_targetting_pos=26,26|16,16|6,26|26,16|6,6|26,6|16,26|29,2|6,16|16,6|
#setting_targetting_pos=-1,-1|-1,-1|-1,-1|-1,-1|-1,-1|-1,-1|-1,-1|29,30|-1,-1|-1,-1|
#type=4,4,4,4,4,4,4,0,4,4,
..........
#111111111111111
#assigned_pet=-1,-1,-1,-1,-1,-1,-1,-1,-1,-1,
#assigned_hub=8,4,2,7,0,6,5,-1,1,3,
#moving_targetting_pos=26,26|16,16|6,26|26,16|6,6|26,6|16,26|29,2|6,16|16,6|
#setting_targetting_pos=-1,-1|-1,-1|-1,-1|-1,-1|-1,-1|-1,-1|-1,-1|29,30|-1,-1|-1,-1|
#type=4,4,4,4,4,4,4,0,4,4,
..........
#111111111111111
#assigned_pet=-1,-1,-1,-1,-1,-1,-1,-1,-1,-1,
#assigned_hub=8,4,2,7,0,6,5,-1,1,3,
#moving_targetting_pos=26,26|16,16|6,26|26,16|6,6|26,6|16,26|29,2|6,16|16,6|
#setting_targetting_pos=-1,-1|-1,-1|-1,-1|-1,-1|-1,-1|-1,-1|-1,-1|29,30|-1,-1|-1,-1|
#type=4,4,4,4,4,4,4,0,4,4,
..........
#111111111111111
#assigned_pet=-1,-1,-1,-1,-1,-1,-1,-1,-1,-1,
#assigned_hub=8,4,2,7,0,6,5,-1,1,3,
#moving_targetting_pos=26,26|16,16|6,26|26,16|6,6|26,6|16,26|29,2|6,16|16,6|
#setting_targetting_pos=-1,-1|-1,-1|-1,-1|-1,-1|-1,-1|-1,-1|-1,-1|29,30|-1,-1|-1,-1|
#type=4,4,4,4,4,4,4,0,4,4,
..........
#111111111111111
#assigned_pet=-1,-1,-1,-1,-1,-1,-1,-1,-1,-1,
#assigned_hub=8,4,2,7,0,6,5,-1,1,3,
#moving_targetting_pos=26,26|16,16|6,26|26,16|6,6|26,6|16,26|29,2|6,16|16,6|
#setting_targetting_pos=-1,-1|-1,-1|-1,-1|-1,-1|-1,-1|-1,-1|-1,-1|29,30|-1,-1|-1,-1|
#type=4,4,4,4,4,4,4,0,4,4,
..........
#111111111111111
#assigned_pet=-1,-1,-1,-1,-1,-1,-1,-1,-1,-1,
#assigned_hub=8,4,2,7,0,6,5,-1,1,3,
#moving_targetting_pos=26,26|16,16|6,26|26,16|6,6|26,6|16,26|29,2|6,16|16,6|
#setting_targetting_pos=-1,-1|-1,-1|-1,-1|-1,-1|-1,-1|-1,-1|-1,-1|29,30|-1,-1|-1,-1|
#type=4,4,4,4,4,4,4,0,4,4,
..........
#111111111111111
#assigned_pet=-1,-1,-1,-1,-1,-1,-1,-1,-1,-1,
#assigned_hub=8,4,2,7,0,6,5,-1,1,3,
#moving_targetting_pos=26,26|16,16|6,26|26,16|6,6|26,6|16,26|29,2|6,16|16,6|
#setting_targetting_pos=-1,-1|-1,-1|-1,-1|-1,-1|-1,-1|-1,-1|-1,-1|29,30|-1,-1|-1,-1|
#type=4,4,4,4,4,4,4,0,4,4,
..........
#111111111111111
#assigned_pet=-1,-1,-1,-1,-1,-1,-1,-1,-1,-1,
#assigned_hub=8,4,2,7,0,6,5,-1,1,3,
#moving_targetting_pos=26,26|16,16|6,26|26,16|6,6|26,6|16,26|29,2|6,16|16,6|
#setting_targetting_pos=-1,-1|-1,-1|-1,-1|-1,-1|-1,-1|-1,-1|-1,-1|29,30|-1,-1|-1,-1|
#type=4,4,4,4,4,4,4,0,4,4,
..........
#111111111111111
#assigned_pet=-1,-1,-1,-1,-1,-1,-1,-1,-1,-1,
#assigned_hub=8,4,2,7,0,6,5,-1,1,3,
#moving_targetting_pos=26,26|16,16|6,26|26,16|6,6|26,6|16,26|29,2|6,16|16,6|
#setting_targetting_pos=-1,-1|-1,-1|-1,-1|-1,-1|-1,-1|-1,-1|-1,-1|29,30|-1,-1|-1,-1|
#type=4,4,4,4,4,4,4,0,4,4,
..........
#111111111111111
#assigned_pet=-1,-1,-1,-1,-1,-1,-1,-1,-1,-1,
#assigned_hub=8,4,2,7,0,6,5,-1,1,3,
#moving_targetting_pos=26,26|16,16|6,26|26,16|6,6|26,6|16,26|29,2|6,16|16,6|
#setting_targetting_pos=-1,-1|-1,-1|-1,-1|-1,-1|-1,-1|-1,-1|-1,-1|29,30|-1,-1|-1,-1|
#type=4,4,4,4,4,4,4,0,4,4,
..........
#111111111111111
#assigned_pet=-1,-1,-1,-1,-1,-1,-1,-1,-1,-1,
#assigned_hub=8,4,2,7,0,6,5,-1,1,3,
#moving_targetting_pos=26,26|16,16|6,26|26,16|6,6|26,6|16,26|29,2|6,16|16,6|
#setting_targetting_pos=-1,-1|-1,-1|-1,-1|-1,-1|-1,-1|-1,-1|-1,-1|29,30|-1,-1|-1,-1|
#type=4,4,4,4,4,4,4,0,4,4,
..........
#111111111111111
#assigned_pet=-1,-1,-1,-1,-1,-1,-1,-1,-1,-1,
#assigned_hub=8,4,2,7,0,6,5,-1,1,3,
#moving_targetting_pos=26,26|16,16|6,26|26,16|6,6|26,6|16,26|29,2|6,16|16,6|
#setting_targetting_pos=-1,-1|-1,-1|-1,-1|-1,-1|-1,-1|-1,-1|-1,-1|29,30|-1,-1|-1,-1|
#type=4,4,4,4,4,4,4,0,4,4,
..........
#111111111111111
#assigned_pet=-1,-1,-1,-1,-1,-1,-1,-1,-1,-1,
#assigned_hub=8,4,2,7,0,6,5,-1,1,3,
#moving_targetting_pos=26,26|16,16|6,26|26,16|6,6|26,6|16,26|29,2|6,16|16,6|
#setting_targetting_pos=-1,-1|-1,-1|-1,-1|-1,-1|-1,-1|-1,-1|-1,-1|29,30|-1,-1|-1,-1|
#type=4,4,4,4,4,4,4,0,4,4,
..........
#111111111111111
#assigned_pet=-1,-1,-1,-1,-1,-1,-1,-1,-1,-1,
#assigned_hub=8,4,2,7,0,6,5,-1,1,3,
#moving_targetting_pos=26,26|16,16|6,26|26,16|6,6|26,6|16,26|29,2|6,16|16,6|
#setting_targetting_pos=-1,-1|-1,-1|-1,-1|-1,-1|-1,-1|-1,-1|-1,-1|29,30|-1,-1|-1,-1|
#type=4,4,4,4,4,4,4,0,4,4,
..........
#111111111111111
#assigned_pet=-1,-1,-1,-1,-1,-1,-1,-1,-1,-1,
#assigned_hub=8,4,2,7,0,6,5,-1,1,3,
#moving_targetting_pos=26,26|16,16|6,26|26,16|6,6|26,6|16,26|29,2|6,16|16,6|
#setting_targetting_pos=-1,-1|-1,-1|-1,-1|-1,-1|-1,-1|-1,-1|-1,-1|29,30|-1,-1|-1,-1|
#type=4,4,4,4,4,4,4,0,4,4,
..........
#111111111111111
#assigned_pet=-1,-1,-1,-1,-1,-1,-1,-1,-1,-1,
#assigned_hub=8,4,2,7,0,6,5,-1,1,3,
#moving_targetting_pos=26,26|16,16|6,26|26,16|6,6|26,6|16,26|29,2|6,16|16,6|
#setting_targetting_pos=-1,-1|-1,-1|-1,-1|-1,-1|-1,-1|-1,-1|-1,-1|29,30|-1,-1|-1,-1|
#type=4,4,4,4,4,4,4,0,4,4,
..........
#111111111111111
#assigned_pet=-1,-1,-1,-1,-1,-1,-1,-1,-1,-1,
#assigned_hub=8,4,2,7,0,6,5,-1,1,3,
#moving_targetting_pos=26,26|16,16|6,26|26,16|6,6|26,6|16,26|29,2|6,16|16,6|
#setting_targetting_pos=-1,-1|-1,-1|-1,-1|-1,-1|-1,-1|-1,-1|-1,-1|29,30|-1,-1|-1,-1|
#type=4,4,4,4,4,4,4,0,4,4,
..........
#111111111111111
#assigned_pet=-1,-1,-1,-1,-1,-1,-1,-1,-1,-1,
#assigned_hub=8,4,2,7,0,6,5,-1,1,3,
#moving_targetting_pos=26,26|16,16|6,26|26,16|6,6|26,6|16,26|29,2|6,16|16,6|
#setting_targetting_pos=-1,-1|-1,-1|-1,-1|-1,-1|-1,-1|-1,-1|-1,-1|29,30|-1,-1|-1,-1|
#type=4,4,4,4,4,4,4,0,4,4,
..........
#111111111111111
#assigned_pet=-1,-1,-1,-1,-1,-1,-1,-1,-1,-1,
#assigned_hub=8,4,2,7,0,6,5,-1,1,3,
#moving_targetting_pos=26,26|16,16|6,26|26,16|6,6|26,6|16,26|29,2|6,16|16,6|
#setting_targetting_pos=-1,-1|-1,-1|-1,-1|-1,-1|-1,-1|-1,-1|-1,-1|29,30|-1,-1|-1,-1|
#type=4,4,4,4,4,4,4,0,4,4,
..........
#111111111111111
#assigned_pet=-1,-1,-1,-1,-1,-1,-1,-1,-1,-1,
#assigned_hub=8,4,2,7,0,6,5,-1,1,3,
#moving_targetting_pos=26,26|16,16|6,26|26,16|6,6|26,6|16,26|29,2|6,16|16,6|
#setting_targetting_pos=-1,-1|-1,-1|-1,-1|-1,-1|-1,-1|-1,-1|-1,-1|29,30|-1,-1|-1,-1|
#type=4,4,4,4,4,4,4,0,4,4,
..........
#111111111111111
#assigned_pet=-1,-1,-1,-1,-1,-1,-1,-1,-1,-1,
#assigned_hub=8,4,2,7,0,6,5,-1,1,3,
#moving_targetting_pos=26,26|16,16|6,26|26,16|6,6|26,6|16,26|29,2|6,16|16,6|
#setting_targetting_pos=-1,-1|-1,-1|-1,-1|-1,-1|-1,-1|-1,-1|-1,-1|29,30|-1,-1|-1,-1|
#type=4,4,4,4,4,4,4,0,4,4,
..........
#111111111111111
#assigned_pet=-1,-1,-1,-1,-1,-1,-1,-1,-1,-1,
#assigned_hub=8,4,2,7,0,6,5,-1,1,3,
#moving_targetting_pos=26,26|16,16|6,26|26,16|6,6|26,6|16,26|29,2|6,16|16,6|
#setting_targetting_pos=-1,-1|-1,-1|-1,-1|-1,-1|-1,-1|-1,-1|-1,-1|29,30|-1,-1|-1,-1|
#type=4,4,4,4,4,4,4,0,4,4,
..........
#111111111111111
#assigned_pet=-1,-1,-1,-1,-1,-1,-1,-1,-1,-1,
#assigned_hub=8,4,2,7,0,6,5,-1,1,3,
#moving_targetting_pos=26,26|16,16|6,26|26,16|6,6|26,6|16,26|29,2|6,16|16,6|
#setting_targetting_pos=-1,-1|-1,-1|-1,-1|-1,-1|-1,-1|-1,-1|-1,-1|29,30|-1,-1|-1,-1|
#type=4,4,4,4,4,4,4,0,4,4,
..........
#111111111111111
#assigned_pet=-1,-1,-1,-1,-1,-1,-1,-1,-1,-1,
#assigned_hub=8,4,2,7,0,6,5,-1,1,3,
#moving_targetting_pos=26,26|16,16|6,26|26,16|6,6|26,6|16,26|29,2|6,16|16,6|
#setting_targetting_pos=-1,-1|-1,-1|-1,-1|-1,-1|-1,-1|-1,-1|-1,-1|29,30|-1,-1|-1,-1|
#type=4,4,4,4,4,4,4,0,4,4,
..........
#111111111111111
#assigned_pet=-1,-1,-1,-1,-1,-1,-1,-1,-1,-1,
#assigned_hub=8,4,2,7,0,6,5,-1,1,3,
#moving_targetting_pos=26,26|16,16|6,26|26,16|6,6|26,6|16,26|29,2|6,16|16,6|
#setting_targetting_pos=-1,-1|-1,-1|-1,-1|-1,-1|-1,-1|-1,-1|-1,-1|29,30|-1,-1|-1,-1|
#type=4,4,4,4,4,4,4,0,4,4,
..........
#111111111111111
#assigned_pet=-1,-1,-1,-1,-1,-1,-1,-1,-1,-1,
#assigned_hub=8,4,2,7,0,6,5,-1,1,3,
#moving_targetting_pos=26,26|16,16|6,26|26,16|6,6|26,6|16,26|29,2|6,16|16,6|
#setting_targetting_pos=-1,-1|-1,-1|-1,-1|-1,-1|-1,-1|-1,-1|-1,-1|29,30|-1,-1|-1,-1|
#type=4,4,4,4,4,4,4,0,4,4,
..........
#111111111111111
#assigned_pet=-1,-1,-1,-1,-1,-1,-1,-1,-1,-1,
#assigned_hub=8,4,2,7,0,6,5,-1,1,3,
#moving_targetting_pos=26,26|16,16|6,26|26,16|6,6|26,6|16,26|29,2|6,16|16,6|
#setting_targetting_pos=-1,-1|-1,-1|-1,-1|-1,-1|-1,-1|-1,-1|-1,-1|29,30|-1,-1|-1,-1|
#type=4,4,4,4,4,4,4,0,4,4,
..........
#111111111111111
#assigned_pet=-1,-1,-1,-1,-1,-1,-1,-1,-1,-1,
#assigned_hub=8,4,2,7,0,6,5,-1,1,3,
#moving_targetting_pos=26,26|16,16|6,26|26,16|6,6|26,6|16,26|29,2|6,16|16,6|
#setting_targetting_pos=-1,-1|-1,-1|-1,-1|-1,-1|-1,-1|-1,-1|-1,-1|29,30|-1,-1|-1,-1|
#type=4,4,4,4,4,4,4,0,4,4,
..........
#111111111111111
#assigned_pet=-1,-1,-1,-1,-1,-1,-1,-1,-1,-1,
#assigned_hub=8,4,2,7,0,6,5,-1,1,3,
#moving_targetting_pos=26,26|16,16|6,26|26,16|6,6|26,6|16,26|29,2|6,16|16,6|
#setting_targetting_pos=-1,-1|-1,-1|-1,-1|-1,-1|-1,-1|-1,-1|-1,-1|29,30|-1,-1|-1,-1|
#type=4,4,4,4,4,4,4,0,4,4,
..........
#111111111111111
#assigned_pet=-1,-1,-1,-1,-1,-1,-1,-1,-1,-1,
#assigned_hub=8,4,2,7,0,6,5,-1,1,3,
#moving_targetting_pos=26,26|16,16|6,26|26,16|6,6|26,6|16,26|29,2|6,16|16,6|
#setting_targetting_pos=-1,-1|-1,-1|-1,-1|-1,-1|-1,-1|-1,-1|-1,-1|29,30|-1,-1|-1,-1|
#type=4,4,4,4,4,4,4,0,4,4,
..........
#111111111111111
#assigned_pet=-1,-1,-1,-1,-1,-1,-1,-1,-1,-1,
#assigned_hub=8,4,2,7,0,6,5,-1,1,3,
#moving_targetting_pos=26,26|16,16|6,26|26,16|6,6|26,6|16,26|29,2|6,16|16,6|
#setting_targetting_pos=-1,-1|-1,-1|-1,-1|-1,-1|-1,-1|-1,-1|-1,-1|29,30|-1,-1|-1,-1|
#type=4,4,4,4,4,4,4,0,4,4,
..........
#111111111111111
#assigned_pet=-1,-1,-1,-1,-1,-1,-1,-1,-1,-1,
#assigned_hub=8,4,2,7,0,6,5,-1,1,3,
#moving_targetting_pos=26,26|16,16|6,26|26,16|6,6|26,6|16,26|29,2|6,16|16,6|
#setting_targetting_pos=-1,-1|-1,-1|-1,-1|-1,-1|-1,-1|-1,-1|-1,-1|29,30|-1,-1|-1,-1|
#type=4,4,4,4,4,4,4,0,4,4,
..........
#111111111111111
#assigned_pet=-1,-1,-1,-1,-1,-1,-1,-1,-1,-1,
#assigned_hub=8,4,2,7,0,6,5,-1,1,3,
#moving_targetting_pos=26,26|16,16|6,26|26,16|6,6|26,6|16,26|29,2|6,16|16,6|
#setting_targetting_pos=-1,-1|-1,-1|-1,-1|-1,-1|-1,-1|-1,-1|-1,-1|29,30|-1,-1|-1,-1|
#type=4,4,4,4,4,4,4,0,4,4,
..........
#111111111111111
#assigned_pet=-1,-1,-1,-1,-1,-1,-1,-1,-1,-1,
#assigned_hub=8,4,2,7,0,6,5,-1,1,3,
#moving_targetting_pos=26,26|16,16|6,26|26,16|6,6|26,6|16,26|29,2|6,16|16,6|
#setting_targetting_pos=-1,-1|-1,-1|-1,-1|-1,-1|-1,-1|-1,-1|-1,-1|29,30|-1,-1|-1,-1|
#type=4,4,4,4,4,4,4,0,4,4,
..........
#111111111111111
#assigned_pet=-1,-1,-1,-1,-1,-1,-1,-1,-1,-1,
#assigned_hub=8,4,2,7,0,6,5,-1,1,3,
#moving_targetting_pos=26,26|16,16|6,26|26,16|6,6|26,6|16,26|29,2|6,16|16,6|
#setting_targetting_pos=-1,-1|-1,-1|-1,-1|-1,-1|-1,-1|-1,-1|-1,-1|29,30|-1,-1|-1,-1|
#type=4,4,4,4,4,4,4,0,4,4,
..........
#111111111111111
#assigned_pet=-1,-1,-1,-1,-1,-1,-1,-1,-1,-1,
#assigned_hub=8,4,2,7,0,6,5,-1,1,3,
#moving_targetting_pos=26,26|16,16|6,26|26,16|6,6|26,6|16,26|29,2|6,16|16,6|
#setting_targetting_pos=-1,-1|-1,-1|-1,-1|-1,-1|-1,-1|-1,-1|-1,-1|29,30|-1,-1|-1,-1|
#type=4,4,4,4,4,4,4,0,4,4,
..........
#111111111111111
#assigned_pet=-1,-1,-1,-1,-1,-1,-1,-1,-1,-1,
#assigned_hub=8,4,2,7,0,6,5,-1,1,3,
#moving_targetting_pos=26,26|16,16|6,26|26,16|6,6|26,6|16,26|29,2|6,16|16,6|
#setting_targetting_pos=-1,-1|-1,-1|-1,-1|-1,-1|-1,-1|-1,-1|-1,-1|29,30|-1,-1|-1,-1|
#type=4,4,4,4,4,4,4,0,4,4,
..........
#111111111111111
#assigned_pet=-1,-1,-1,-1,-1,-1,-1,-1,-1,-1,
#assigned_hub=8,4,2,7,0,6,5,-1,1,3,
#moving_targetting_pos=26,26|16,16|6,26|26,16|6,6|26,6|16,26|29,2|6,16|16,6|
#setting_targetting_pos=-1,-1|-1,-1|-1,-1|-1,-1|-1,-1|-1,-1|-1,-1|29,30|-1,-1|-1,-1|
#type=4,4,4,4,4,4,4,0,4,4,
..........
#111111111111111
#assigned_pet=-1,-1,-1,-1,-1,-1,-1,-1,-1,-1,
#assigned_hub=8,4,2,7,0,6,5,-1,1,3,
#moving_targetting_pos=26,26|16,16|6,26|26,16|6,6|26,6|16,26|29,2|6,16|16,6|
#setting_targetting_pos=-1,-1|-1,-1|-1,-1|-1,-1|-1,-1|-1,-1|-1,-1|29,30|-1,-1|-1,-1|
#type=4,4,4,4,4,4,4,0,4,4,
..........
#111111111111111
#assigned_pet=-1,-1,-1,-1,-1,-1,-1,-1,-1,-1,
#assigned_hub=8,4,2,7,0,6,5,-1,1,3,
#moving_targetting_pos=26,26|16,16|6,26|26,16|6,6|26,6|16,26|29,2|6,16|16,6|
#setting_targetting_pos=-1,-1|-1,-1|-1,-1|-1,-1|-1,-1|-1,-1|-1,-1|29,30|-1,-1|-1,-1|
#type=4,4,4,4,4,4,4,0,4,4,
..........
#111111111111111
#assigned_pet=-1,-1,-1,-1,-1,-1,-1,-1,-1,-1,
#assigned_hub=8,4,2,7,0,6,5,-1,1,3,
#moving_targetting_pos=26,26|16,16|6,26|26,16|6,6|26,6|16,26|29,2|6,16|16,6|
#setting_targetting_pos=-1,-1|-1,-1|-1,-1|-1,-1|-1,-1|-1,-1|-1,-1|29,30|-1,-1|-1,-1|
#type=4,4,4,4,4,4,4,0,4,4,
..........
#111111111111111
#assigned_pet=-1,-1,-1,-1,-1,-1,-1,-1,-1,-1,
#assigned_hub=8,4,2,7,0,6,5,-1,1,3,
#moving_targetting_pos=26,26|16,16|6,26|26,16|6,6|26,6|16,26|29,2|6,16|16,6|
#setting_targetting_pos=-1,-1|-1,-1|-1,-1|-1,-1|-1,-1|-1,-1|-1,-1|29,30|-1,-1|-1,-1|
#type=4,4,4,4,4,4,4,0,4,4,
..........
#111111111111111
#assigned_pet=-1,-1,-1,-1,-1,-1,-1,-1,-1,-1,
#assigned_hub=8,4,2,7,0,6,5,-1,1,3,
#moving_targetting_pos=26,26|16,16|6,26|26,16|6,6|26,6|16,26|29,2|6,16|16,6|
#setting_targetting_pos=-1,-1|-1,-1|-1,-1|-1,-1|-1,-1|-1,-1|-1,-1|29,30|-1,-1|-1,-1|
#type=4,4,4,4,4,4,4,0,4,4,
..........
#111111111111111
#assigned_pet=-1,-1,-1,-1,-1,-1,-1,-1,-1,-1,
#assigned_hub=8,4,2,7,0,6,5,-1,1,3,
#moving_targetting_pos=26,26|16,16|6,26|26,16|6,6|26,6|16,26|29,2|6,16|16,6|
#setting_targetting_pos=-1,-1|-1,-1|-1,-1|-1,-1|-1,-1|-1,-1|-1,-1|29,30|-1,-1|-1,-1|
#type=4,4,4,4,4,4,4,0,4,4,
..........
#111111111111111
#assigned_pet=-1,-1,-1,-1,-1,-1,-1,-1,-1,-1,
#assigned_hub=8,4,2,7,0,6,5,-1,1,3,
#moving_targetting_pos=26,26|16,16|6,26|26,16|6,6|26,6|16,26|29,2|6,16|16,6|
#setting_targetting_pos=-1,-1|-1,-1|-1,-1|-1,-1|-1,-1|-1,-1|-1,-1|29,30|-1,-1|-1,-1|
#type=4,4,4,4,4,4,4,0,4,4,
..........
#111111111111111
#assigned_pet=-1,-1,-1,-1,-1,-1,-1,-1,-1,-1,
#assigned_hub=8,4,2,7,0,6,5,-1,1,3,
#moving_targetting_pos=26,26|16,16|6,26|26,16|6,6|26,6|16,26|29,2|6,16|16,6|
#setting_targetting_pos=-1,-1|-1,-1|-1,-1|-1,-1|-1,-1|-1,-1|-1,-1|29,30|-1,-1|-1,-1|
#type=4,4,4,4,4,4,4,0,4,4,
..........
#111111111111111
#assigned_pet=-1,-1,-1,-1,-1,-1,-1,-1,-1,-1,
#assigned_hub=8,4,2,7,0,6,5,-1,1,3,
#moving_targetting_pos=26,26|16,16|6,26|26,16|6,6|26,6|16,26|29,2|6,16|16,6|
#setting_targetting_pos=-1,-1|-1,-1|-1,-1|-1,-1|-1,-1|-1,-1|-1,-1|29,30|-1,-1|-1,-1|
#type=4,4,4,4,4,4,4,0,4,4,
..........
#111111111111111
#assigned_pet=-1,-1,-1,-1,-1,-1,-1,-1,-1,-1,
#assigned_hub=8,4,2,7,0,6,5,-1,1,3,
#moving_targetting_pos=26,26|16,16|6,26|26,16|6,6|26,6|16,26|29,2|6,16|16,6|
#setting_targetting_pos=-1,-1|-1,-1|-1,-1|-1,-1|-1,-1|-1,-1|-1,-1|29,30|-1,-1|-1,-1|
#type=4,4,4,4,4,4,4,0,4,4,
..........
#111111111111111
#assigned_pet=-1,-1,-1,-1,-1,-1,-1,-1,-1,-1,
#assigned_hub=8,4,2,7,0,6,5,-1,1,3,
#moving_targetting_pos=26,26|16,16|6,26|26,16|6,6|26,6|16,26|29,2|6,16|16,6|
#setting_targetting_pos=-1,-1|-1,-1|-1,-1|-1,-1|-1,-1|-1,-1|-1,-1|29,30|-1,-1|-1,-1|
#type=4,4,4,4,4,4,4,0,4,4,
..........
#111111111111111
#assigned_pet=-1,-1,-1,-1,-1,-1,-1,-1,-1,-1,
#assigned_hub=8,4,2,7,0,6,5,-1,1,3,
#moving_targetting_pos=26,26|16,16|6,26|26,16|6,6|26,6|16,26|29,2|6,16|16,6|
#setting_targetting_pos=-1,-1|-1,-1|-1,-1|-1,-1|-1,-1|-1,-1|-1,-1|29,30|-1,-1|-1,-1|
#type=4,4,4,4,4,4,4,0,4,4,
..........
#111111111111111
#assigned_pet=-1,-1,-1,-1,-1,-1,-1,-1,-1,-1,
#assigned_hub=8,4,2,7,0,6,5,-1,1,3,
#moving_targetting_pos=26,26|16,16|6,26|26,16|6,6|26,6|16,26|29,2|6,16|16,6|
#setting_targetting_pos=-1,-1|-1,-1|-1,-1|-1,-1|-1,-1|-1,-1|-1,-1|29,30|-1,-1|-1,-1|
#type=4,4,4,4,4,4,4,0,4,4,
..........
#111111111111111
#assigned_pet=-1,-1,-1,-1,-1,-1,-1,-1,-1,-1,
#assigned_hub=8,4,2,7,0,6,5,-1,1,3,
#moving_targetting_pos=26,26|16,16|6,26|26,16|6,6|26,6|16,26|29,2|6,16|16,6|
#setting_targetting_pos=-1,-1|-1,-1|-1,-1|-1,-1|-1,-1|-1,-1|-1,-1|29,30|-1,-1|-1,-1|
#type=4,4,4,4,4,4,4,0,4,4,
..........
#111111111111111
#assigned_pet=-1,-1,-1,-1,-1,-1,-1,-1,-1,-1,
#assigned_hub=8,4,2,7,0,6,5,-1,1,3,
#moving_targetting_pos=26,26|16,16|6,26|26,16|6,6|26,6|16,26|29,2|6,16|16,6|
#setting_targetting_pos=-1,-1|-1,-1|-1,-1|-1,-1|-1,-1|-1,-1|-1,-1|29,30|-1,-1|-1,-1|
#type=4,4,4,4,4,4,4,0,4,4,
..........
#111111111111111
#assigned_pet=-1,-1,-1,-1,-1,-1,-1,-1,-1,-1,
#assigned_hub=8,4,2,7,0,6,5,-1,1,3,
#moving_targetting_pos=26,26|16,16|6,26|26,16|6,6|26,6|16,26|29,2|6,16|16,6|
#setting_targetting_pos=-1,-1|-1,-1|-1,-1|-1,-1|-1,-1|-1,-1|-1,-1|29,30|-1,-1|-1,-1|
#type=4,4,4,4,4,4,4,0,4,4,
..........
#111111111111111
#assigned_pet=-1,-1,-1,-1,-1,-1,-1,-1,-1,-1,
#assigned_hub=8,4,2,7,0,6,5,-1,1,3,
#moving_targetting_pos=26,26|16,16|6,26|26,16|6,6|26,6|16,26|29,2|6,16|16,6|
#setting_targetting_pos=-1,-1|-1,-1|-1,-1|-1,-1|-1,-1|-1,-1|-1,-1|29,30|-1,-1|-1,-1|
#type=4,4,4,4,4,4,4,0,4,4,
..........
#111111111111111
#assigned_pet=-1,-1,-1,-1,-1,-1,-1,-1,-1,-1,
#assigned_hub=8,4,2,7,0,6,5,-1,1,3,
#moving_targetting_pos=26,26|16,16|6,26|26,16|6,6|26,6|16,26|29,2|6,16|16,6|
#setting_targetting_pos=-1,-1|-1,-1|-1,-1|-1,-1|-1,-1|-1,-1|-1,-1|29,30|-1,-1|-1,-1|
#type=4,4,4,4,4,4,4,0,4,4,
..........
#111111111111111
#assigned_pet=-1,-1,-1,-1,-1,-1,-1,-1,-1,-1,
#assigned_hub=8,4,2,7,0,6,5,-1,1,3,
#moving_targetting_pos=26,26|16,16|6,26|26,16|6,6|26,6|16,26|29,2|6,16|16,6|
#setting_targetting_pos=-1,-1|-1,-1|-1,-1|-1,-1|-1,-1|-1,-1|-1,-1|29,30|-1,-1|-1,-1|
#type=4,4,4,4,4,4,4,0,4,4,
..........
#111111111111111
#assigned_pet=-1,-1,-1,-1,-1,-1,-1,-1,-1,-1,
#assigned_hub=8,4,2,7,0,6,5,-1,1,3,
#moving_targetting_pos=26,26|16,16|6,26|26,16|6,6|26,6|16,26|29,2|6,16|16,6|
#setting_targetting_pos=-1,-1|-1,-1|-1,-1|-1,-1|-1,-1|-1,-1|-1,-1|29,30|-1,-1|-1,-1|
#type=4,4,4,4,4,4,4,0,4,4,
..........
#111111111111111
#assigned_pet=-1,-1,-1,-1,-1,-1,-1,-1,-1,-1,
#assigned_hub=8,4,2,7,0,6,5,-1,1,3,
#moving_targetting_pos=26,26|16,16|6,26|26,16|6,6|26,6|16,26|29,2|6,16|16,6|
#setting_targetting_pos=-1,-1|-1,-1|-1,-1|-1,-1|-1,-1|-1,-1|-1,-1|29,30|-1,-1|-1,-1|
#type=4,4,4,4,4,4,4,0,4,4,
..........
#111111111111111
#assigned_pet=-1,-1,-1,-1,-1,-1,-1,-1,-1,-1,
#assigned_hub=8,4,2,7,0,6,5,-1,1,3,
#moving_targetting_pos=26,26|16,16|6,26|26,16|6,6|26,6|16,26|29,2|6,16|16,6|
#setting_targetting_pos=-1,-1|-1,-1|-1,-1|-1,-1|-1,-1|-1,-1|-1,-1|29,30|-1,-1|-1,-1|
#type=4,4,4,4,4,4,4,0,4,4,
..........
#111111111111111
#assigned_pet=-1,-1,-1,-1,-1,-1,-1,-1,-1,-1,
#assigned_hub=8,4,2,7,0,6,5,-1,1,3,
#moving_targetting_pos=26,26|16,16|6,26|26,16|6,6|26,6|16,26|29,2|6,16|16,6|
#setting_targetting_pos=-1,-1|-1,-1|-1,-1|-1,-1|-1,-1|-1,-1|-1,-1|29,30|-1,-1|-1,-1|
#type=4,4,4,4,4,4,4,0,4,4,
..........
#111111111111111
#assigned_pet=-1,-1,-1,-1,-1,-1,-1,-1,-1,-1,
#assigned_hub=8,4,2,7,0,6,5,-1,1,3,
#moving_targetting_pos=26,26|16,16|6,26|26,16|6,6|26,6|16,26|29,2|6,16|16,6|
#setting_targetting_pos=-1,-1|-1,-1|-1,-1|-1,-1|-1,-1|-1,-1|-1,-1|29,30|-1,-1|-1,-1|
#type=4,4,4,4,4,4,4,0,4,4,
..........
#111111111111111
#assigned_pet=-1,-1,-1,-1,-1,-1,-1,-1,-1,-1,
#assigned_hub=8,4,2,7,0,6,5,-1,1,3,
#moving_targetting_pos=26,26|16,16|6,26|26,16|6,6|26,6|16,26|29,2|6,16|16,6|
#setting_targetting_pos=-1,-1|-1,-1|-1,-1|-1,-1|-1,-1|-1,-1|-1,-1|29,30|-1,-1|-1,-1|
#type=4,4,4,4,4,4,4,0,4,4,
..........
#111111111111111
#assigned_pet=-1,-1,-1,-1,-1,-1,-1,-1,-1,-1,
#assigned_hub=8,4,2,7,0,6,5,-1,1,3,
#moving_targetting_pos=26,26|16,16|6,26|26,16|6,6|26,6|16,26|29,2|6,16|16,6|
#setting_targetting_pos=-1,-1|-1,-1|-1,-1|-1,-1|-1,-1|-1,-1|-1,-1|29,30|-1,-1|-1,-1|
#type=4,4,4,4,4,4,4,0,4,4,
..........
#111111111111111
#assigned_pet=-1,-1,-1,-1,-1,-1,-1,-1,-1,-1,
#assigned_hub=8,4,2,7,0,6,5,-1,1,3,
#moving_targetting_pos=26,26|16,16|6,26|26,16|6,6|26,6|16,26|29,2|6,16|16,6|
#setting_targetting_pos=-1,-1|-1,-1|-1,-1|-1,-1|-1,-1|-1,-1|-1,-1|29,30|-1,-1|-1,-1|
#type=4,4,4,4,4,4,4,0,4,4,
..........
#111111111111111
#assigned_pet=-1,-1,-1,-1,-1,-1,-1,-1,-1,-1,
#assigned_hub=8,4,2,7,0,6,5,-1,1,3,
#moving_targetting_pos=26,26|16,16|6,26|26,16|6,6|26,6|16,26|29,2|6,16|16,6|
#setting_targetting_pos=-1,-1|-1,-1|-1,-1|-1,-1|-1,-1|-1,-1|-1,-1|29,30|-1,-1|-1,-1|
#type=4,4,4,4,4,4,4,0,4,4,
..........
#111111111111111
#assigned_pet=-1,-1,-1,-1,-1,-1,-1,-1,-1,-1,
#assigned_hub=8,4,2,7,0,6,5,-1,1,3,
#moving_targetting_pos=26,26|16,16|6,26|26,16|6,6|26,6|16,26|29,2|6,16|16,6|
#setting_targetting_pos=-1,-1|-1,-1|-1,-1|-1,-1|-1,-1|-1,-1|-1,-1|29,30|-1,-1|-1,-1|
#type=4,4,4,4,4,4,4,0,4,4,
..........
#111111111111111
#assigned_pet=-1,-1,-1,-1,-1,-1,-1,-1,-1,-1,
#assigned_hub=8,4,2,7,0,6,5,-1,1,3,
#moving_targetting_pos=26,26|16,16|6,26|26,16|6,6|26,6|16,26|29,2|6,16|16,6|
#setting_targetting_pos=-1,-1|-1,-1|-1,-1|-1,-1|-1,-1|-1,-1|-1,-1|29,30|-1,-1|-1,-1|
#type=4,4,4,4,4,4,4,0,4,4,
..........
#111111111111111
#assigned_pet=-1,-1,-1,-1,-1,-1,-1,-1,-1,-1,
#assigned_hub=8,4,2,7,0,6,5,-1,1,3,
#moving_targetting_pos=26,26|16,16|6,26|26,16|6,6|26,6|16,26|29,2|6,16|16,6|
#setting_targetting_pos=-1,-1|-1,-1|-1,-1|-1,-1|-1,-1|-1,-1|-1,-1|29,30|-1,-1|-1,-1|
#type=4,4,4,4,4,4,4,0,4,4,
..........
#111111111111111
#assigned_pet=-1,-1,-1,-1,-1,-1,-1,-1,-1,-1,
#assigned_hub=8,4,2,7,0,6,5,-1,1,3,
#moving_targetting_pos=26,26|16,16|6,26|26,16|6,6|26,6|16,26|29,2|6,16|16,6|
#setting_targetting_pos=-1,-1|-1,-1|-1,-1|-1,-1|-1,-1|-1,-1|-1,-1|29,30|-1,-1|-1,-1|
#type=4,4,4,4,4,4,4,0,4,4,
..........
#111111111111111
#assigned_pet=-1,-1,-1,-1,-1,-1,-1,-1,-1,-1,
#assigned_hub=8,4,2,7,0,6,5,-1,1,3,
#moving_targetting_pos=26,26|16,16|6,26|26,16|6,6|26,6|16,26|29,2|6,16|16,6|
#setting_targetting_pos=-1,-1|-1,-1|-1,-1|-1,-1|-1,-1|-1,-1|-1,-1|29,30|-1,-1|-1,-1|
#type=4,4,4,4,4,4,4,0,4,4,
..........
#111111111111111
#assigned_pet=-1,-1,-1,-1,-1,-1,-1,-1,-1,-1,
#assigned_hub=8,4,2,7,0,6,5,-1,1,3,
#moving_targetting_pos=26,26|16,16|6,26|26,16|6,6|26,6|16,26|29,2|6,16|16,6|
#setting_targetting_pos=-1,-1|-1,-1|-1,-1|-1,-1|-1,-1|-1,-1|-1,-1|29,30|-1,-1|-1,-1|
#type=4,4,4,4,4,4,4,0,4,4,
..........
#111111111111111
#assigned_pet=-1,-1,-1,-1,-1,-1,-1,-1,-1,-1,
#assigned_hub=8,4,2,7,0,6,5,-1,1,3,
#moving_targetting_pos=26,26|16,16|6,26|26,16|6,6|26,6|16,26|29,2|6,16|16,6|
#setting_targetting_pos=-1,-1|-1,-1|-1,-1|-1,-1|-1,-1|-1,-1|-1,-1|29,30|-1,-1|-1,-1|
#type=4,4,4,4,4,4,4,0,4,4,
..........
#111111111111111
#assigned_pet=-1,-1,-1,-1,-1,-1,-1,-1,-1,-1,
#assigned_hub=8,4,2,7,0,6,5,-1,1,3,
#moving_targetting_pos=26,26|16,16|6,26|26,16|6,6|26,6|16,26|29,2|6,16|16,6|
#setting_targetting_pos=-1,-1|-1,-1|-1,-1|-1,-1|-1,-1|-1,-1|-1,-1|29,30|-1,-1|-1,-1|
#type=4,4,4,4,4,4,4,0,4,4,
..........
#111111111111111
#assigned_pet=-1,-1,-1,-1,-1,-1,-1,-1,-1,-1,
#assigned_hub=8,4,2,7,0,6,5,-1,1,3,
#moving_targetting_pos=26,26|16,16|6,26|26,16|6,6|26,6|16,26|29,2|6,16|16,6|
#setting_targetting_pos=-1,-1|-1,-1|-1,-1|-1,-1|-1,-1|-1,-1|-1,-1|29,30|-1,-1|-1,-1|
#type=4,4,4,4,4,4,4,0,4,4,
..........
#111111111111111
#assigned_pet=-1,-1,-1,-1,-1,-1,-1,-1,-1,-1,
#assigned_hub=8,4,2,7,0,6,5,-1,1,3,
#moving_targetting_pos=26,26|16,16|6,26|26,16|6,6|26,6|16,26|29,2|6,16|16,6|
#setting_targetting_pos=-1,-1|-1,-1|-1,-1|-1,-1|-1,-1|-1,-1|-1,-1|29,30|-1,-1|-1,-1|
#type=4,4,4,4,4,4,4,0,4,4,
..........
#111111111111111
#assigned_pet=-1,-1,-1,-1,-1,-1,-1,-1,-1,-1,
#assigned_hub=8,4,2,7,0,6,5,-1,1,3,
#moving_targetting_pos=26,26|16,16|6,26|26,16|6,6|26,6|16,26|29,2|6,16|16,6|
#setting_targetting_pos=-1,-1|-1,-1|-1,-1|-1,-1|-1,-1|-1,-1|-1,-1|29,30|-1,-1|-1,-1|
#type=4,4,4,4,4,4,4,0,4,4,
..........
#111111111111111
#assigned_pet=-1,-1,-1,-1,-1,-1,-1,-1,-1,-1,
#assigned_hub=8,4,2,7,0,6,5,-1,1,3,
#moving_targetting_pos=26,26|16,16|6,26|26,16|6,6|26,6|16,26|29,2|6,16|16,6|
#setting_targetting_pos=-1,-1|-1,-1|-1,-1|-1,-1|-1,-1|-1,-1|-1,-1|29,30|-1,-1|-1,-1|
#type=4,4,4,4,4,4,4,0,4,4,
..........
#111111111111111
#assigned_pet=-1,-1,-1,-1,-1,-1,-1,-1,-1,-1,
#assigned_hub=8,4,2,7,0,6,5,-1,1,3,
#moving_targetting_pos=26,26|16,16|6,26|26,16|6,6|26,6|16,26|29,2|6,16|16,6|
#setting_targetting_pos=-1,-1|-1,-1|-1,-1|-1,-1|-1,-1|-1,-1|-1,-1|29,30|-1,-1|-1,-1|
#type=4,4,4,4,4,4,4,0,4,4,
..........
#111111111111111
#assigned_pet=-1,-1,-1,-1,-1,-1,-1,-1,-1,-1,
#assigned_hub=8,4,2,7,0,6,5,-1,1,3,
#moving_targetting_pos=26,26|16,16|6,26|26,16|6,6|26,6|16,26|29,2|6,16|16,6|
#setting_targetting_pos=-1,-1|-1,-1|-1,-1|-1,-1|-1,-1|-1,-1|-1,-1|29,30|-1,-1|-1,-1|
#type=4,4,4,4,4,4,4,0,4,4,
..........
#111111111111111
#assigned_pet=-1,-1,-1,-1,-1,-1,-1,-1,-1,-1,
#assigned_hub=8,4,2,7,0,6,5,-1,1,3,
#moving_targetting_pos=26,26|16,16|6,26|26,16|6,6|26,6|16,26|29,2|6,16|16,6|
#setting_targetting_pos=-1,-1|-1,-1|-1,-1|-1,-1|-1,-1|-1,-1|-1,-1|29,30|-1,-1|-1,-1|
#type=4,4,4,4,4,4,4,0,4,4,
..........
#111111111111111
#assigned_pet=-1,-1,-1,-1,-1,-1,-1,-1,-1,-1,
#assigned_hub=8,4,2,7,0,6,5,-1,1,3,
#moving_targetting_pos=26,26|16,16|6,26|26,16|6,6|26,6|16,26|29,2|6,16|16,6|
#setting_targetting_pos=-1,-1|-1,-1|-1,-1|-1,-1|-1,-1|-1,-1|-1,-1|29,30|-1,-1|-1,-1|
#type=4,4,4,4,4,4,4,0,4,4,
..........
#111111111111111
#assigned_pet=-1,-1,-1,-1,-1,-1,-1,-1,-1,-1,
#assigned_hub=8,4,2,7,0,6,5,-1,1,3,
#moving_targetting_pos=26,26|16,16|6,26|26,16|6,6|26,6|16,26|29,2|6,16|16,6|
#setting_targetting_pos=-1,-1|-1,-1|-1,-1|-1,-1|-1,-1|-1,-1|-1,-1|29,30|-1,-1|-1,-1|
#type=4,4,4,4,4,4,4,0,4,4,
..........
#111111111111111
#assigned_pet=-1,-1,-1,-1,-1,-1,-1,-1,-1,-1,
#assigned_hub=8,4,2,7,0,6,5,-1,1,3,
#moving_targetting_pos=26,26|16,16|6,26|26,16|6,6|26,6|16,26|29,2|6,16|16,6|
#setting_targetting_pos=-1,-1|-1,-1|-1,-1|-1,-1|-1,-1|-1,-1|-1,-1|29,30|-1,-1|-1,-1|
#type=4,4,4,4,4,4,4,0,4,4,
..........
#111111111111111
#assigned_pet=-1,-1,-1,-1,-1,-1,-1,-1,-1,-1,
#assigned_hub=8,4,2,7,0,6,5,-1,1,3,
#moving_targetting_pos=26,26|16,16|6,26|26,16|6,6|26,6|16,26|29,2|6,16|16,6|
#setting_targetting_pos=-1,-1|-1,-1|-1,-1|-1,-1|-1,-1|-1,-1|-1,-1|29,30|-1,-1|-1,-1|
#type=4,4,4,4,4,4,4,0,4,4,
..........
#111111111111111
#assigned_pet=-1,-1,-1,-1,-1,-1,-1,-1,-1,-1,
#assigned_hub=8,4,2,7,0,6,5,-1,1,3,
#moving_targetting_pos=26,26|16,16|6,26|26,16|6,6|26,6|16,26|29,2|6,16|16,6|
#setting_targetting_pos=-1,-1|-1,-1|-1,-1|-1,-1|-1,-1|-1,-1|-1,-1|29,30|-1,-1|-1,-1|
#type=4,4,4,4,4,4,4,0,4,4,
..........
#111111111111111
#assigned_pet=-1,-1,-1,-1,-1,-1,-1,-1,-1,-1,
#assigned_hub=8,4,2,7,0,6,5,-1,1,3,
#moving_targetting_pos=26,26|16,16|6,26|26,16|6,6|26,6|16,26|29,2|6,16|16,6|
#setting_targetting_pos=-1,-1|-1,-1|-1,-1|-1,-1|-1,-1|-1,-1|-1,-1|29,30|-1,-1|-1,-1|
#type=4,4,4,4,4,4,4,0,4,4,
..........
#111111111111111
#assigned_pet=-1,-1,-1,-1,-1,-1,-1,-1,-1,-1,
#assigned_hub=8,4,2,7,0,6,5,-1,1,3,
#moving_targetting_pos=26,26|16,16|6,26|26,16|6,6|26,6|16,26|29,2|6,16|16,6|
#setting_targetting_pos=-1,-1|-1,-1|-1,-1|-1,-1|-1,-1|-1,-1|-1,-1|29,30|-1,-1|-1,-1|
#type=4,4,4,4,4,4,4,0,4,4,
..........
#111111111111111
#assigned_pet=-1,-1,-1,-1,-1,-1,-1,-1,-1,-1,
#assigned_hub=8,4,2,7,0,6,5,-1,1,3,
#moving_targetting_pos=26,26|16,16|6,26|26,16|6,6|26,6|16,26|29,2|6,16|16,6|
#setting_targetting_pos=-1,-1|-1,-1|-1,-1|-1,-1|-1,-1|-1,-1|-1,-1|29,30|-1,-1|-1,-1|
#type=4,4,4,4,4,4,4,0,4,4,
..........
#111111111111111
#assigned_pet=-1,-1,-1,-1,-1,-1,-1,-1,-1,-1,
#assigned_hub=8,4,2,7,0,6,5,-1,1,3,
#moving_targetting_pos=26,26|16,16|6,26|26,16|6,6|26,6|16,26|29,2|6,16|16,6|
#setting_targetting_pos=-1,-1|-1,-1|-1,-1|-1,-1|-1,-1|-1,-1|-1,-1|29,30|-1,-1|-1,-1|
#type=4,4,4,4,4,4,4,0,4,4,
..........
#111111111111111
#assigned_pet=-1,-1,-1,-1,-1,-1,-1,-1,-1,-1,
#assigned_hub=8,4,2,7,0,6,5,-1,1,3,
#moving_targetting_pos=26,26|16,16|6,26|26,16|6,6|26,6|16,26|29,2|6,16|16,6|
#setting_targetting_pos=-1,-1|-1,-1|-1,-1|-1,-1|-1,-1|-1,-1|-1,-1|29,30|-1,-1|-1,-1|
#type=4,4,4,4,4,4,4,0,4,4,
..........
#111111111111111
#assigned_pet=-1,-1,-1,-1,-1,-1,-1,-1,-1,-1,
#assigned_hub=8,4,2,7,0,6,5,-1,1,3,
#moving_targetting_pos=26,26|16,16|6,26|26,16|6,6|26,6|16,26|29,2|6,16|16,6|
#setting_targetting_pos=-1,-1|-1,-1|-1,-1|-1,-1|-1,-1|-1,-1|-1,-1|29,30|-1,-1|-1,-1|
#type=4,4,4,4,4,4,4,0,4,4,
..........
#111111111111111
#assigned_pet=-1,-1,-1,-1,-1,-1,-1,-1,-1,-1,
#assigned_hub=8,4,2,7,0,6,5,-1,1,3,
#moving_targetting_pos=26,26|16,16|6,26|26,16|6,6|26,6|16,26|29,2|6,16|16,6|
#setting_targetting_pos=-1,-1|-1,-1|-1,-1|-1,-1|-1,-1|-1,-1|-1,-1|29,30|-1,-1|-1,-1|
#type=4,4,4,4,4,4,4,0,4,4,
..........
#111111111111111
#assigned_pet=-1,-1,-1,-1,-1,-1,-1,-1,-1,-1,
#assigned_hub=8,4,2,7,0,6,5,-1,1,3,
#moving_targetting_pos=26,26|16,16|6,26|26,16|6,6|26,6|16,26|29,2|6,16|16,6|
#setting_targetting_pos=-1,-1|-1,-1|-1,-1|-1,-1|-1,-1|-1,-1|-1,-1|29,30|-1,-1|-1,-1|
#type=4,4,4,4,4,4,4,0,4,4,
..........
#111111111111111
#assigned_pet=-1,-1,-1,-1,-1,-1,-1,-1,-1,-1,
#assigned_hub=8,4,2,7,0,6,5,-1,1,3,
#moving_targetting_pos=26,26|16,16|6,26|26,16|6,6|26,6|16,26|29,2|6,16|16,6|
#setting_targetting_pos=-1,-1|-1,-1|-1,-1|-1,-1|-1,-1|-1,-1|-1,-1|29,30|-1,-1|-1,-1|
#type=4,4,4,4,4,4,4,0,4,4,
..........
#111111111111111
#assigned_pet=-1,-1,-1,-1,-1,-1,-1,-1,-1,-1,
#assigned_hub=8,4,2,7,0,6,5,-1,1,3,
#moving_targetting_pos=26,26|16,16|6,26|26,16|6,6|26,6|16,26|29,2|6,16|16,6|
#setting_targetting_pos=-1,-1|-1,-1|-1,-1|-1,-1|-1,-1|-1,-1|-1,-1|29,30|-1,-1|-1,-1|
#type=4,4,4,4,4,4,4,0,4,4,
..........
#111111111111111
#assigned_pet=-1,-1,-1,-1,-1,-1,-1,-1,-1,-1,
#assigned_hub=8,4,2,7,0,6,5,-1,1,3,
#moving_targetting_pos=26,26|16,16|6,26|26,16|6,6|26,6|16,26|29,2|6,16|16,6|
#setting_targetting_pos=-1,-1|-1,-1|-1,-1|-1,-1|-1,-1|-1,-1|-1,-1|29,30|-1,-1|-1,-1|
#type=4,4,4,4,4,4,4,0,4,4,
..........
#111111111111111
#assigned_pet=-1,-1,-1,-1,-1,-1,-1,-1,-1,-1,
#assigned_hub=8,4,2,7,0,6,5,-1,1,3,
#moving_targetting_pos=26,26|16,16|6,26|26,16|6,6|26,6|16,26|29,2|6,16|16,6|
#setting_targetting_pos=-1,-1|-1,-1|-1,-1|-1,-1|-1,-1|-1,-1|-1,-1|29,30|-1,-1|-1,-1|
#type=4,4,4,4,4,4,4,0,4,4,
..........
#111111111111111
#assigned_pet=-1,-1,-1,-1,-1,-1,-1,-1,-1,-1,
#assigned_hub=8,4,2,7,0,6,5,-1,1,3,
#moving_targetting_pos=26,26|16,16|6,26|26,16|6,6|26,6|16,26|29,2|6,16|16,6|
#setting_targetting_pos=-1,-1|-1,-1|-1,-1|-1,-1|-1,-1|-1,-1|-1,-1|29,30|-1,-1|-1,-1|
#type=4,4,4,4,4,4,4,0,4,4,
..........
#111111111111111
#assigned_pet=-1,-1,-1,-1,-1,-1,-1,-1,-1,-1,
#assigned_hub=8,4,2,7,0,6,5,-1,1,3,
#moving_targetting_pos=26,26|16,16|6,26|26,16|6,6|26,6|16,26|29,2|6,16|16,6|
#setting_targetting_pos=-1,-1|-1,-1|-1,-1|-1,-1|-1,-1|-1,-1|-1,-1|29,30|-1,-1|-1,-1|
#type=4,4,4,4,4,4,4,0,4,4,
..........
#111111111111111
#assigned_pet=-1,-1,-1,-1,-1,-1,-1,-1,-1,-1,
#assigned_hub=8,4,2,7,0,6,5,-1,1,3,
#moving_targetting_pos=26,26|16,16|6,26|26,16|6,6|26,6|16,26|29,2|6,16|16,6|
#setting_targetting_pos=-1,-1|-1,-1|-1,-1|-1,-1|-1,-1|-1,-1|-1,-1|29,30|-1,-1|-1,-1|
#type=4,4,4,4,4,4,4,0,4,4,
..........
#111111111111111
#assigned_pet=-1,-1,-1,-1,-1,-1,-1,-1,-1,-1,
#assigned_hub=8,4,2,7,0,6,5,-1,1,3,
#moving_targetting_pos=26,26|16,16|6,26|26,16|6,6|26,6|16,26|29,2|6,16|16,6|
#setting_targetting_pos=-1,-1|-1,-1|-1,-1|-1,-1|-1,-1|-1,-1|-1,-1|29,30|-1,-1|-1,-1|
#type=4,4,4,4,4,4,4,0,4,4,
..........
#111111111111111
#assigned_pet=-1,-1,-1,-1,-1,-1,-1,-1,-1,-1,
#assigned_hub=8,4,2,7,0,6,5,-1,1,3,
#moving_targetting_pos=26,26|16,16|6,26|26,16|6,6|26,6|16,26|29,2|6,16|16,6|
#setting_targetting_pos=-1,-1|-1,-1|-1,-1|-1,-1|-1,-1|-1,-1|-1,-1|29,30|-1,-1|-1,-1|
#type=4,4,4,4,4,4,4,0,4,4,
..........
#111111111111111
#assigned_pet=-1,-1,-1,-1,-1,-1,-1,-1,-1,-1,
#assigned_hub=8,4,2,7,0,6,5,-1,1,3,
#moving_targetting_pos=26,26|16,16|6,26|26,16|6,6|26,6|16,26|29,2|6,16|16,6|
#setting_targetting_pos=-1,-1|-1,-1|-1,-1|-1,-1|-1,-1|-1,-1|-1,-1|29,30|-1,-1|-1,-1|
#type=4,4,4,4,4,4,4,0,4,4,
..........
#111111111111111
#assigned_pet=-1,-1,-1,-1,-1,-1,-1,-1,-1,-1,
#assigned_hub=8,4,2,7,0,6,5,-1,1,3,
#moving_targetting_pos=26,26|16,16|6,26|26,16|6,6|26,6|16,26|29,2|6,16|16,6|
#setting_targetting_pos=-1,-1|-1,-1|-1,-1|-1,-1|-1,-1|-1,-1|-1,-1|29,30|-1,-1|-1,-1|
#type=4,4,4,4,4,4,4,0,4,4,
..........
#111111111111111
#assigned_pet=-1,-1,-1,-1,-1,-1,-1,-1,-1,-1,
#assigned_hub=8,4,2,7,0,6,5,-1,1,3,
#moving_targetting_pos=26,26|16,16|6,26|26,16|6,6|26,6|16,26|29,2|6,16|16,6|
#setting_targetting_pos=-1,-1|-1,-1|-1,-1|-1,-1|-1,-1|-1,-1|-1,-1|29,30|-1,-1|-1,-1|
#type=4,4,4,4,4,4,4,0,4,4,
..........
#111111111111111
#assigned_pet=-1,-1,-1,-1,-1,-1,-1,-1,-1,-1,
#assigned_hub=8,4,2,7,0,6,5,-1,1,3,
#moving_targetting_pos=26,26|16,16|6,26|26,16|6,6|26,6|16,26|29,2|6,16|16,6|
#setting_targetting_pos=-1,-1|-1,-1|-1,-1|-1,-1|-1,-1|-1,-1|-1,-1|29,30|-1,-1|-1,-1|
#type=4,4,4,4,4,4,4,0,4,4,
..........
#111111111111111
#assigned_pet=-1,-1,-1,-1,-1,-1,-1,-1,-1,-1,
#assigned_hub=8,4,2,7,0,6,5,-1,1,3,
#moving_targetting_pos=26,26|16,16|6,26|26,16|6,6|26,6|16,26|29,2|6,16|16,6|
#setting_targetting_pos=-1,-1|-1,-1|-1,-1|-1,-1|-1,-1|-1,-1|-1,-1|29,30|-1,-1|-1,-1|
#type=4,4,4,4,4,4,4,0,4,4,
..........
#111111111111111
#assigned_pet=-1,-1,-1,-1,-1,-1,-1,-1,-1,-1,
#assigned_hub=8,4,2,7,0,6,5,-1,1,3,
#moving_targetting_pos=26,26|16,16|6,26|26,16|6,6|26,6|16,26|29,2|6,16|16,6|
#setting_targetting_pos=-1,-1|-1,-1|-1,-1|-1,-1|-1,-1|-1,-1|-1,-1|29,30|-1,-1|-1,-1|
#type=4,4,4,4,4,4,4,0,4,4,
..........
#111111111111111
#assigned_pet=-1,-1,-1,-1,-1,-1,-1,-1,-1,-1,
#assigned_hub=8,4,2,7,0,6,5,-1,1,3,
#moving_targetting_pos=26,26|16,16|6,26|26,16|6,6|26,6|16,26|29,2|6,16|16,6|
#setting_targetting_pos=-1,-1|-1,-1|-1,-1|-1,-1|-1,-1|-1,-1|-1,-1|29,30|-1,-1|-1,-1|
#type=4,4,4,4,4,4,4,0,4,4,
..........
