#000000000000000000
#assigned_pet=-1,-1,-1,-1,-1,-1,-1,
#assigned_hub=-1,-1,-1,-1,-1,-1,-1,
#moving_targetting_pos=19,30|25,1|29,2|22,1|15,30|12,29|9,2|
#setting_targetting_pos=19,2|25,30|29,30|22,29|15,1|12,1|9,30|
#type=1,1,1,1,1,1,1,
RLLLRRL
#000000000000000000
#assigned_pet=-1,-1,-1,-1,-1,-1,-1,
#assigned_hub=-1,-1,-1,-1,-1,-1,-1,
#moving_targetting_pos=19,30|25,1|29,2|22,1|15,30|12,29|9,2|
#setting_targetting_pos=19,2|25,30|29,30|22,29|15,1|12,1|9,30|
#type=1,1,1,1,1,1,1,
RLLLRRL
#000000000000000000
#assigned_pet=-1,-1,-1,-1,-1,-1,-1,
#assigned_hub=-1,-1,-1,-1,-1,-1,-1,
#moving_targetting_pos=19,30|25,1|29,2|22,1|15,30|12,29|9,2|
#setting_targetting_pos=19,2|25,30|29,30|22,29|15,1|12,1|9,30|
#type=1,1,1,1,1,1,1,
RLLLRRU
#000000000000000000
#assigned_pet=-1,-1,-1,-1,-1,-1,-1,
#assigned_hub=-1,-1,-1,-1,-1,-1,-1,
#moving_targetting_pos=19,30|25,1|29,2|22,1|15,30|12,29|9,2|
#setting_targetting_pos=19,2|25,30|29,30|22,29|15,1|12,1|9,30|
#type=1,1,1,1,1,1,1,
RLLLRRU
#000000000000000000
#assigned_pet=-1,-1,-1,-1,-1,-1,-1,
#assigned_hub=-1,-1,-1,-1,-1,-1,-1,
#moving_targetting_pos=19,30|25,1|29,2|22,1|15,30|12,29|9,2|
#setting_targetting_pos=19,2|25,30|29,30|22,29|15,1|12,1|9,30|
#type=1,1,1,1,1,1,1,
RLLLRRU
#000000000000000000
#assigned_pet=-1,-1,-1,-1,-1,-1,-1,
#assigned_hub=-1,-1,-1,-1,-1,-1,-1,
#moving_targetting_pos=19,30|25,1|29,2|22,1|15,30|12,29|9,2|
#setting_targetting_pos=19,2|25,30|29,30|22,29|15,1|12,1|9,30|
#type=1,1,1,1,1,1,1,
RLLLRRU
#000000000000000000
#assigned_pet=-1,-1,-1,-1,-1,-1,-1,
#assigned_hub=-1,-1,-1,-1,-1,-1,-1,
#moving_targetting_pos=19,30|25,1|29,2|22,1|15,30|12,29|9,2|
#setting_targetting_pos=19,2|25,30|29,30|22,29|15,1|12,1|9,30|
#type=1,1,1,1,1,1,1,
RLLLRRU
#000000000000000000
#assigned_pet=-1,-1,-1,-1,-1,-1,-1,
#assigned_hub=-1,-1,-1,-1,-1,-1,-1,
#moving_targetting_pos=19,30|25,1|29,2|22,1|15,30|12,29|9,2|
#setting_targetting_pos=19,2|25,30|29,30|22,29|15,1|12,1|9,30|
#type=1,1,1,1,1,1,1,
RLLLRRU
#000000000000000000
#assigned_pet=-1,-1,-1,-1,-1,-1,-1,
#assigned_hub=-1,-1,-1,-1,-1,-1,-1,
#moving_targetting_pos=19,30|25,1|29,2|22,1|15,30|12,29|9,2|
#setting_targetting_pos=19,2|25,30|29,30|22,29|15,1|12,1|9,30|
#type=1,1,1,1,1,1,1,
RLLURRU
#000000000000000000
#assigned_pet=-1,-1,-1,-1,-1,-1,-1,
#assigned_hub=-1,-1,-1,-1,-1,-1,-1,
#moving_targetting_pos=19,30|25,1|29,2|22,1|15,30|12,29|9,2|
#setting_targetting_pos=19,2|25,30|29,30|22,29|15,1|12,1|9,30|
#type=1,1,1,1,1,1,1,
RLLURRU
#000000000000000000
#assigned_pet=-1,-1,-1,-1,-1,-1,-1,
#assigned_hub=-1,-1,-1,-1,-1,-1,-1,
#moving_targetting_pos=19,30|25,1|29,2|22,1|15,30|12,29|9,2|
#setting_targetting_pos=19,2|25,30|29,30|22,29|15,1|12,1|9,30|
#type=1,1,1,1,1,1,1,
RDLURRU
#000000000000000000
#assigned_pet=-1,-1,-1,-1,-1,-1,-1,
#assigned_hub=-1,-1,-1,-1,-1,-1,-1,
#moving_targetting_pos=19,30|25,1|29,2|22,1|15,30|12,29|9,2|
#setting_targetting_pos=19,2|25,30|29,30|22,29|15,1|12,1|9,30|
#type=1,2,1,1,1,1,1,
U.LURRU
#000000000000000000
#assigned_pet=-1,-1,-1,-1,-1,-1,-1,
#assigned_hub=-1,-1,-1,-1,-1,-1,-1,
#moving_targetting_pos=19,30|25,1|29,2|22,1|15,30|12,29|9,2|
#setting_targetting_pos=19,2|25,30|29,30|22,29|15,1|12,1|9,30|
#type=2,2,1,1,1,1,1,
ddLURRU
#000000000000000000
#assigned_pet=-1,-1,-1,-1,-1,-1,-1,
#assigned_hub=-1,-1,-1,-1,-1,-1,-1,
#moving_targetting_pos=19,30|25,1|29,2|22,1|15,30|12,29|9,2|
#setting_targetting_pos=19,2|25,30|29,30|22,29|15,1|12,1|9,30|
#type=2,2,1,1,1,1,1,
LRLULUU
#000000000000000000
#assigned_pet=-1,-1,-1,-1,-1,-1,-1,
#assigned_hub=-1,-1,-1,-1,-1,-1,-1,
#moving_targetting_pos=19,30|25,1|29,2|22,1|15,30|12,29|9,2|
#setting_targetting_pos=19,2|25,30|29,30|22,29|15,1|12,1|9,30|
#type=2,2,1,2,1,1,1,
LdDuUUU
#000000000000000000
#assigned_pet=-1,-1,-1,-1,-1,-1,-1,
#assigned_hub=-1,-1,-1,-1,-1,-1,-1,
#moving_targetting_pos=19,30|25,1|29,2|22,1|15,30|12,29|9,2|
#setting_targetting_pos=19,2|25,30|29,30|22,29|15,1|12,1|9,30|
#type=2,2,2,2,1,2,1,
uR.RUrU
#000000000000000000
#assigned_pet=-1,-1,-1,-1,-1,-1,-1,
#assigned_hub=-1,-1,-1,-1,-1,-1,-1,
#moving_targetting_pos=19,30|25,1|29,2|22,1|15,30|12,29|9,2|
#setting_targetting_pos=19,2|25,30|29,30|22,29|15,1|12,1|9,30|
#type=2,2,2,2,1,2,1,
.ddRUdU
#000000000000000000
#assigned_pet=-1,-1,-1,-1,-1,-1,-1,
#assigned_hub=-1,-1,-1,-1,-1,-1,-1,
#moving_targetting_pos=19,30|25,1|29,2|22,1|15,30|12,29|9,2|
#setting_targetting_pos=19,2|25,30|29,30|22,29|15,1|12,1|9,30|
#type=2,2,2,2,1,2,2,
.RRlULd
#000000000000000000
#assigned_pet=-1,-1,-1,-1,-1,-1,-1,
#assigned_hub=-1,-1,-1,-1,-1,-1,-1,
#moving_targetting_pos=19,30|25,1|29,2|22,1|15,30|12,29|9,2|
#setting_targetting_pos=19,2|25,30|29,30|22,29|15,1|12,1|9,30|
#type=2,2,2,2,1,2,2,
.uRdULR
#000000000000000000
#assigned_pet=-1,-1,-1,-1,-1,-1,-1,
#assigned_hub=-1,-1,-1,-1,-1,-1,-1,
#moving_targetting_pos=19,30|25,1|29,2|22,1|15,30|12,29|9,2|
#setting_targetting_pos=19,2|25,30|29,30|22,29|15,1|12,1|9,30|
#type=2,2,2,2,1,2,2,
.R.RULR
#000000000000000000
#assigned_pet=-1,-1,-1,-1,-1,-1,-1,
#assigned_hub=-1,-1,-1,-1,-1,-1,-1,
#moving_targetting_pos=19,30|25,1|29,2|22,1|15,30|12,29|9,2|
#setting_targetting_pos=19,2|25,30|29,30|22,29|15,1|12,1|9,30|
#type=2,2,2,2,1,2,2,
.RlRUdl
#000000000000000000
#assigned_pet=-1,-1,-1,-1,-1,-1,-1,
#assigned_hub=-1,-1,-1,-1,-1,-1,-1,
#moving_targetting_pos=19,30|25,1|29,2|22,1|15,30|12,29|9,2|
#setting_targetting_pos=19,2|25,30|29,30|22,29|15,1|12,1|9,30|
#type=2,2,2,2,1,2,2,
.RuRRuu
#000000000000000000
#assigned_pet=-1,-1,-1,-1,-1,-1,-1,
#assigned_hub=-1,-1,-1,-1,-1,-1,-1,
#moving_targetting_pos=19,30|25,1|29,2|22,1|15,30|12,29|9,2|
#setting_targetting_pos=19,2|25,30|29,30|22,29|15,1|12,1|9,30|
#type=2,2,2,2,1,2,2,
.RRdULR
#000000000000000000
#assigned_pet=-1,-1,-1,-1,-1,-1,-1,
#assigned_hub=-1,-1,-1,-1,-1,-1,-1,
#moving_targetting_pos=19,30|25,1|29,2|22,1|15,30|12,29|9,2|
#setting_targetting_pos=19,2|25,30|29,30|22,29|15,1|12,1|9,30|
#type=2,2,2,2,1,2,2,
ruRuUrR
#000000000000000000
#assigned_pet=-1,-1,-1,-1,-1,-1,-1,
#assigned_hub=-1,-1,-1,-1,-1,-1,-1,
#moving_targetting_pos=19,30|25,1|29,2|22,1|15,30|12,29|9,2|
#setting_targetting_pos=19,2|25,30|29,30|22,29|15,1|12,1|9,30|
#type=2,2,2,2,1,2,2,
LRdRULd
#000000000000000000
#assigned_pet=-1,-1,-1,-1,-1,-1,-1,
#assigned_hub=-1,-1,-1,-1,-1,-1,-1,
#moving_targetting_pos=19,30|25,1|29,2|22,1|15,30|12,29|9,2|
#setting_targetting_pos=19,2|25,30|29,30|22,29|15,1|12,1|9,30|
#type=2,2,2,2,1,2,2,
LdRlULR
#000000000000000000
#assigned_pet=-1,-1,-1,-1,-1,-1,-1,
#assigned_hub=-1,-1,-1,-1,-1,-1,-1,
#moving_targetting_pos=19,30|25,1|29,2|22,1|15,30|12,29|9,2|
#setting_targetting_pos=19,2|25,30|29,30|22,29|15,1|12,1|9,30|
#type=2,2,2,2,2,2,2,
dRlR..l
#000000000000000000
#assigned_pet=-1,-1,-1,-1,-1,-1,-1,
#assigned_hub=-1,-1,-1,-1,-1,-1,-1,
#moving_targetting_pos=19,30|25,1|29,2|22,1|15,30|12,29|9,2|
#setting_targetting_pos=19,2|25,30|29,30|22,29|15,1|12,1|9,30|
#type=2,2,2,2,2,2,2,
LdRRddR
#000000000000000000
#assigned_pet=-1,-1,-1,-1,-1,-1,-1,
#assigned_hub=-1,-1,-1,-1,-1,-1,-1,
#moving_targetting_pos=19,30|25,1|29,2|22,1|15,30|12,29|9,2|
#setting_targetting_pos=19,2|25,30|29,30|22,29|15,1|12,1|9,30|
#type=2,2,2,2,2,2,2,
.RudLLu
#000000000000000000
#assigned_pet=-1,-1,-1,-1,-1,-1,-1,
#assigned_hub=-1,-1,-1,-1,-1,-1,-1,
#moving_targetting_pos=19,30|25,1|29,2|22,1|15,30|12,29|9,2|
#setting_targetting_pos=19,2|25,30|29,30|22,29|15,1|12,1|9,30|
#type=2,2,2,2,2,2,2,
rdRR.LR
#000000000000000000
#assigned_pet=-1,-1,-1,-1,-1,-1,-1,
#assigned_hub=-1,-1,-1,-1,-1,-1,-1,
#moving_targetting_pos=19,30|25,1|29,2|22,1|15,30|12,29|9,2|
#setting_targetting_pos=19,2|25,30|29,30|22,29|15,1|12,1|9,30|
#type=2,2,2,2,2,2,2,
LRRRd.R
#000000000000000000
#assigned_pet=-1,-1,-1,-1,-1,-1,-1,
#assigned_hub=-1,-1,-1,-1,-1,-1,-1,
#moving_targetting_pos=19,30|25,1|29,2|22,1|15,30|12,29|9,2|
#setting_targetting_pos=19,2|25,30|29,30|22,29|15,1|12,1|9,30|
#type=2,2,2,2,2,2,2,
udluLul
#000000000000000000
#assigned_pet=-1,-1,-1,-1,-1,-1,-1,
#assigned_hub=-1,-1,-1,-1,-1,-1,-1,
#moving_targetting_pos=19,30|25,1|29,2|22,1|15,30|12,29|9,2|
#setting_targetting_pos=19,2|25,30|29,30|22,29|15,1|12,1|9,30|
#type=2,2,2,2,2,2,2,
LRdl..d
#000000000000000000
#assigned_pet=-1,-1,-1,-1,-1,-1,-1,
#assigned_hub=-1,-1,-1,-1,-1,-1,-1,
#moving_targetting_pos=19,30|25,1|29,2|22,1|15,30|12,29|9,2|
#setting_targetting_pos=19,2|25,30|29,30|22,29|15,1|12,1|9,30|
#type=2,2,2,2,2,2,2,
LdRRurR
#000000000000000000
#assigned_pet=-1,-1,-1,-1,-1,-1,-1,
#assigned_hub=-1,-1,-1,-1,-1,-1,-1,
#moving_targetting_pos=19,30|25,1|29,2|22,1|15,30|12,29|9,2|
#setting_targetting_pos=19,2|25,30|29,30|22,29|15,1|12,1|9,30|
#type=2,2,2,2,2,2,2,
rRRRLLR
#000000000000000000
#assigned_pet=-1,-1,-1,-1,-1,-1,-1,
#assigned_hub=-1,-1,-1,-1,-1,-1,-1,
#moving_targetting_pos=19,30|25,1|29,2|22,1|15,30|12,29|9,2|
#setting_targetting_pos=19,2|25,30|29,30|22,29|15,1|12,1|9,30|
#type=2,2,2,2,2,2,2,
dudlLLd
#000000000000000000
#assigned_pet=-1,-1,-1,-1,-1,-1,-1,
#assigned_hub=-1,-1,-1,-1,-1,-1,-1,
#moving_targetting_pos=19,30|25,1|29,2|22,1|15,30|12,29|9,2|
#setting_targetting_pos=19,2|25,30|29,30|22,29|15,1|12,1|9,30|
#type=2,2,2,2,2,2,2,
LRRdLrR
#000000000000000000
#assigned_pet=-1,-1,-1,-1,-1,-1,-1,
#assigned_hub=-1,-1,-1,-1,-1,-1,-1,
#moving_targetting_pos=19,30|25,1|29,2|22,1|15,30|12,29|9,2|
#setting_targetting_pos=19,2|25,30|29,30|22,29|15,1|12,1|9,30|
#type=2,2,2,2,2,2,2,
LRRRL.R
#000000000000000000
#assigned_pet=-1,-1,-1,-1,-1,-1,-1,
#assigned_hub=-1,-1,-1,-1,-1,-1,-1,
#moving_targetting_pos=19,30|25,1|29,2|22,1|15,30|12,29|9,2|
#setting_targetting_pos=19,2|25,30|29,30|22,29|15,1|12,1|9,30|
#type=2,2,2,2,2,2,2,
dRuRudl
#000000000000000000
#assigned_pet=-1,-1,-1,-1,-1,-1,-1,
#assigned_hub=-1,-1,-1,-1,-1,-1,-1,
#moving_targetting_pos=19,30|25,1|29,2|22,1|15,30|12,29|9,2|
#setting_targetting_pos=19,2|25,30|29,30|22,29|15,1|12,1|9,30|
#type=2,2,2,2,2,2,2,
LRlRLLu
#000000000000000000
#assigned_pet=-1,-1,-1,-1,-1,-1,-1,
#assigned_hub=-1,-1,-1,-1,-1,-1,-1,
#moving_targetting_pos=19,30|25,1|29,2|22,1|15,30|12,29|9,2|
#setting_targetting_pos=19,2|25,30|29,30|22,29|15,1|12,1|9,30|
#type=2,2,2,2,2,2,2,
LuRddLR
#000000000000000000
#assigned_pet=-1,-1,-1,-1,-1,-1,-1,
#assigned_hub=-1,-1,-1,-1,-1,-1,-1,
#moving_targetting_pos=19,30|25,1|29,2|22,1|15,30|12,29|9,2|
#setting_targetting_pos=19,2|25,30|29,30|22,29|15,1|12,1|9,30|
#type=2,2,2,2,2,2,2,
rRRuLLR
#000000000000000000
#assigned_pet=-1,-1,-1,-1,-1,-1,-1,
#assigned_hub=-1,-1,-1,-1,-1,-1,-1,
#moving_targetting_pos=19,30|25,1|29,2|22,1|15,30|12,29|9,2|
#setting_targetting_pos=19,2|25,30|29,30|22,29|15,1|12,1|9,30|
#type=2,2,2,2,2,2,2,
uddR..d
#000000000000000000
#assigned_pet=-1,-1,-1,-1,-1,-1,-1,
#assigned_hub=-1,-1,-1,-1,-1,-1,-1,
#moving_targetting_pos=19,30|25,1|29,2|22,1|15,30|12,29|9,2|
#setting_targetting_pos=19,2|25,30|29,30|22,29|15,1|12,1|9,30|
#type=2,2,2,2,2,2,2,
LRRld.R
#000000000000000000
#assigned_pet=-1,-1,-1,-1,-1,-1,-1,
#assigned_hub=-1,-1,-1,-1,-1,-1,-1,
#moving_targetting_pos=19,30|25,1|29,2|22,1|15,30|12,29|9,2|
#setting_targetting_pos=19,2|25,30|29,30|22,29|15,1|12,1|9,30|
#type=2,2,2,2,2,2,2,
LdlRL.l
#000000000000000000
#assigned_pet=-1,-1,-1,-1,-1,-1,-1,
#assigned_hub=-1,-1,-1,-1,-1,-1,-1,
#moving_targetting_pos=19,30|25,1|29,2|22,1|15,30|12,29|9,2|
#setting_targetting_pos=19,2|25,30|29,30|22,29|15,1|12,1|9,30|
#type=2,2,2,2,2,2,2,
dRRRddR
#000000000000000000
#assigned_pet=-1,-1,-1,-1,-1,-1,-1,
#assigned_hub=-1,-1,-1,-1,-1,-1,-1,
#moving_targetting_pos=19,30|25,1|29,2|22,1|15,30|12,29|9,2|
#setting_targetting_pos=19,2|25,30|29,30|22,29|15,1|12,1|9,30|
#type=2,2,2,2,2,2,2,
LdudL.u
#000000000000000000
#assigned_pet=-1,-1,-1,-1,-1,-1,-1,
#assigned_hub=-1,-1,-1,-1,-1,-1,-1,
#moving_targetting_pos=19,30|25,1|29,2|22,1|15,30|12,29|9,2|
#setting_targetting_pos=19,2|25,30|29,30|22,29|15,1|12,1|9,30|
#type=2,2,2,2,2,2,2,
rRRRduR
#000000000000000000
#assigned_pet=-1,-1,-1,-1,-1,-1,-1,
#assigned_hub=-1,-1,-1,-1,-1,-1,-1,
#moving_targetting_pos=19,30|25,1|29,2|22,1|15,30|12,29|9,2|
#setting_targetting_pos=19,2|25,30|29,30|22,29|15,1|12,1|9,30|
#type=2,2,2,2,2,2,2,
LdRRLLR
#000000000000000000
#assigned_pet=-1,-1,-1,-1,-1,-1,-1,
#assigned_hub=-1,-1,-1,-1,-1,-1,-1,
#moving_targetting_pos=19,30|25,1|29,2|22,1|15,30|12,29|9,2|
#setting_targetting_pos=19,2|25,30|29,30|22,29|15,1|12,1|9,30|
#type=2,2,2,2,2,2,2,
uR.l.rd
#000000000000000000
#assigned_pet=-1,-1,-1,-1,-1,-1,-1,
#assigned_hub=-1,-1,-1,-1,-1,-1,-1,
#moving_targetting_pos=19,30|25,1|29,2|22,1|15,30|12,29|9,2|
#setting_targetting_pos=19,2|25,30|29,30|22,29|15,1|12,1|9,30|
#type=2,2,2,2,2,2,2,
Ld.udL.
#000000000000000000
#assigned_pet=-1,-1,-1,-1,-1,-1,-1,
#assigned_hub=-1,-1,-1,-1,-1,-1,-1,
#moving_targetting_pos=19,30|25,1|29,2|22,1|15,30|12,29|9,2|
#setting_targetting_pos=19,2|25,30|29,30|22,29|15,1|12,1|9,30|
#type=2,2,2,2,2,2,2,
LR.RLL.
#000000000000000000
#assigned_pet=-1,-1,-1,-1,-1,-1,-1,
#assigned_hub=-1,-1,-1,-1,-1,-1,-1,
#moving_targetting_pos=19,30|25,1|29,2|22,1|15,30|12,29|9,2|
#setting_targetting_pos=19,2|25,30|29,30|22,29|15,1|12,1|9,30|
#type=2,2,2,2,2,2,2,
rudRu.l
#000000000000000000
#assigned_pet=-1,-1,-1,-1,-1,-1,-1,
#assigned_hub=-1,-1,-1,-1,-1,-1,-1,
#moving_targetting_pos=19,30|25,1|29,2|22,1|15,30|12,29|9,2|
#setting_targetting_pos=19,2|25,30|29,30|22,29|15,1|12,1|9,30|
#type=2,2,2,2,2,2,2,
dRllL.R
#000000000000000000
#assigned_pet=-1,-1,-1,-1,-1,-1,-1,
#assigned_hub=-1,-1,-1,-1,-1,-1,-1,
#moving_targetting_pos=19,30|25,1|29,2|22,1|15,30|12,29|9,2|
#setting_targetting_pos=19,2|25,30|29,30|22,29|15,1|12,1|9,30|
#type=2,2,2,2,2,2,2,
LRRdLdR
#000000000000000000
#assigned_pet=-1,-1,-1,-1,-1,-1,-1,
#assigned_hub=-1,-1,-1,-1,-1,-1,-1,
#moving_targetting_pos=19,30|25,1|29,2|22,1|15,30|12,29|9,2|
#setting_targetting_pos=19,2|25,30|29,30|22,29|15,1|12,1|9,30|
#type=2,2,2,2,2,2,2,
LRRRLLd
#000000000000000000
#assigned_pet=-1,-1,-1,-1,-1,-1,-1,
#assigned_hub=-1,-1,-1,-1,-1,-1,-1,
#moving_targetting_pos=19,30|25,1|29,2|22,1|15,30|12,29|9,2|
#setting_targetting_pos=19,2|25,30|29,30|22,29|15,1|12,1|9,30|
#type=2,2,2,2,2,2,2,
dRdRLLR
#000000000000000000
#assigned_pet=-1,-1,-1,-1,-1,-1,-1,
#assigned_hub=-1,-1,-1,-1,-1,-1,-1,
#moving_targetting_pos=19,30|25,1|29,2|22,1|15,30|12,29|9,2|
#setting_targetting_pos=19,2|25,30|29,30|22,29|15,1|12,1|9,30|
#type=2,2,2,2,2,2,2,
LuRR.rR
#000000000000000000
#assigned_pet=-1,-1,-1,-1,-1,-1,-1,
#assigned_hub=-1,-1,-1,-1,-1,-1,-1,
#moving_targetting_pos=19,30|25,1|29,2|22,1|15,30|12,29|9,2|
#setting_targetting_pos=19,2|25,30|29,30|22,29|15,1|12,1|9,30|
#type=2,2,2,2,2,2,2,
LRRduul
#000000000000000000
#assigned_pet=-1,-1,-1,-1,-1,-1,-1,
#assigned_hub=-1,-1,-1,-1,-1,-1,-1,
#moving_targetting_pos=19,30|25,1|29,2|22,1|15,30|12,29|9,2|
#setting_targetting_pos=19,2|25,30|29,30|22,29|15,1|12,1|9,30|
#type=2,2,2,2,2,2,2,
rdluLLu
#000000000000000000
#assigned_pet=-1,-1,-1,-1,-1,-1,-1,
#assigned_hub=-1,-1,-1,-1,-1,-1,-1,
#moving_targetting_pos=19,30|25,1|29,2|22,1|15,30|12,29|9,2|
#setting_targetting_pos=19,2|25,30|29,30|22,29|15,1|12,1|9,30|
#type=2,2,2,2,2,2,2,
uRuRdLR
#000000000000000000
#assigned_pet=-1,-1,-1,-1,-1,-1,-1,
#assigned_hub=-1,-1,-1,-1,-1,-1,-1,
#moving_targetting_pos=19,30|25,1|29,2|22,1|15,30|12,29|9,2|
#setting_targetting_pos=19,2|25,30|29,30|22,29|15,1|12,1|9,30|
#type=2,2,2,2,2,2,2,
LdRlLrR
#000000000000000000
#assigned_pet=-1,-1,-1,-1,-1,-1,-1,
#assigned_hub=-1,-1,-1,-1,-1,-1,-1,
#moving_targetting_pos=19,30|5,30|29,2|22,1|15,30|12,29|9,2|
#setting_targetting_pos=19,2|5,1|29,30|22,29|15,1|12,1|9,30|
#type=2,1,2,2,2,2,2,
LLRRddd
#000000000000000000
#assigned_pet=-1,-1,-1,-1,-1,-1,-1,
#assigned_hub=-1,-1,-1,-1,-1,-1,-1,
#moving_targetting_pos=19,30|5,30|29,2|22,1|15,30|12,29|9,2|
#setting_targetting_pos=19,2|5,1|29,30|22,29|15,1|12,1|9,30|
#type=2,1,2,2,2,2,2,
dLdRLLR
#000000000000000000
#assigned_pet=-1,-1,-1,-1,-1,-1,-1,
#assigned_hub=-1,-1,-1,-1,-1,-1,-1,
#moving_targetting_pos=19,30|5,30|29,2|22,1|15,30|12,29|9,2|
#setting_targetting_pos=19,2|5,1|29,30|22,29|15,1|12,1|9,30|
#type=2,1,2,2,2,2,2,
LLRrdLl
#000000000000000000
#assigned_pet=-1,-1,-1,-1,-1,-1,-1,
#assigned_hub=-1,-1,-1,-1,-1,-1,-1,
#moving_targetting_pos=19,30|5,30|29,2|22,1|15,30|12,29|9,2|
#setting_targetting_pos=19,2|5,1|29,30|22,29|15,1|12,1|9,30|
#type=2,1,2,2,2,2,2,
rUldLLR
#000000000000000000
#assigned_pet=-1,-1,-1,-1,-1,-1,-1,
#assigned_hub=-1,-1,-1,-1,-1,-1,-1,
#moving_targetting_pos=19,30|5,30|29,2|2,29|15,30|12,29|9,2|
#setting_targetting_pos=19,2|5,1|29,30|2,1|15,1|12,1|9,30|
#type=2,1,2,1,2,2,2,
LURLddu
#000000000000000000
#assigned_pet=-1,-1,-1,-1,-1,-1,-1,
#assigned_hub=-1,-1,-1,-1,-1,-1,-1,
#moving_targetting_pos=19,30|5,30|29,2|2,29|15,30|12,29|9,2|
#setting_targetting_pos=19,2|5,1|29,30|2,1|15,1|12,1|9,30|
#type=2,1,2,1,2,2,2,
.UuLLuR
#000000000000000000
#assigned_pet=-1,-1,-1,-1,-1,-1,-1,
#assigned_hub=-1,-1,-1,-1,-1,-1,-1,
#moving_targetting_pos=19,30|5,30|29,2|2,29|15,30|12,29|9,2|
#setting_targetting_pos=19,2|5,1|29,30|2,1|15,1|12,1|9,30|
#type=2,1,2,1,2,2,2,
uURUdLR
#000000000000000000
#assigned_pet=-1,-1,-1,-1,-1,-1,-1,
#assigned_hub=-1,-1,-1,-1,-1,-1,-1,
#moving_targetting_pos=19,30|5,30|29,2|2,29|15,30|12,29|9,2|
#setting_targetting_pos=19,2|5,1|29,30|2,1|15,1|12,1|9,30|
#type=2,1,2,1,2,2,2,
LURULrl
#000000000000000000
#assigned_pet=-1,-1,-1,-1,-1,-1,-1,
#assigned_hub=-1,-1,-1,-1,-1,-1,-1,
#moving_targetting_pos=19,30|5,30|29,2|2,29|15,30|12,29|9,2|
#setting_targetting_pos=19,2|5,1|29,30|2,1|15,1|12,1|9,30|
#type=2,1,2,1,2,2,2,
LUlUuLd
#000000000000000000
#assigned_pet=-1,-1,-1,-1,-1,-1,-1,
#assigned_hub=-1,-1,-1,-1,-1,-1,5,
#moving_targetting_pos=19,30|5,30|29,2|2,29|15,30|12,29|16,26|
#setting_targetting_pos=19,2|5,1|29,30|2,1|15,1|12,1|9,30|
#type=2,1,2,1,2,2,3,
rUdULLU
#000000000000000000
#assigned_pet=-1,-1,-1,-1,-1,-1,-1,
#assigned_hub=-1,-1,8,-1,-1,-1,5,
#moving_targetting_pos=19,30|5,30|26,26|2,29|15,30|12,29|16,26|
#setting_targetting_pos=19,2|5,1|29,30|2,1|15,1|12,1|-1,-1|
#type=2,1,3,1,2,2,3,
dUUULdL
#000000000000000000
#assigned_pet=-1,-1,-1,-1,-1,-1,-1,
#assigned_hub=3,-1,8,-1,-1,-1,5,
#moving_targetting_pos=16,6|5,30|26,26|2,29|15,30|12,29|16,26|
#setting_targetting_pos=19,2|5,1|-1,-1|2,1|15,1|12,1|-1,-1|
#type=3,1,3,1,2,2,3,
UULULLU
#000000000000000000
#assigned_pet=-1,-1,-1,-1,-1,-1,-1,
#assigned_hub=3,-1,8,-1,-1,-1,5,
#moving_targetting_pos=16,6|5,30|26,26|2,29|15,30|12,29|16,26|
#setting_targetting_pos=-1,-1|5,1|-1,-1|2,1|15,1|12,1|-1,-1|
#type=3,1,3,1,2,2,3,
RUUULLL
#000000000000000000
#assigned_pet=-1,-1,-1,-1,-1,-1,-1,
#assigned_hub=3,-1,8,-1,-1,-1,5,
#moving_targetting_pos=16,6|5,30|26,26|2,29|15,30|12,29|16,26|
#setting_targetting_pos=-1,-1|5,1|-1,-1|2,1|15,1|12,1|-1,-1|
#type=3,1,3,1,2,2,3,
UULUurL
#000000000000000000
#assigned_pet=-1,-1,-1,-1,-1,-1,-1,
#assigned_hub=3,-1,8,-1,-1,-1,5,
#moving_targetting_pos=16,6|5,30|26,26|2,29|15,30|12,29|16,26|
#setting_targetting_pos=-1,-1|5,1|-1,-1|2,1|15,1|12,1|-1,-1|
#type=3,1,3,1,2,2,3,
RULULuD
#000000000000000000
#assigned_pet=-1,-1,-1,-1,-1,-1,-1,
#assigned_hub=3,-1,8,-1,-1,0,5,
#moving_targetting_pos=16,6|5,30|-1,-1|2,29|15,30|6,6|16,26|
#setting_targetting_pos=-1,-1|5,1|-1,-1|2,1|15,1|12,1|-1,-1|
#type=3,1,4,1,2,3,3,
RU.U.DD
#000000000000000000
#assigned_pet=15,-1,-1,-1,-1,-1,-1,
#assigned_hub=3,-1,8,-1,-1,0,5,
#moving_targetting_pos=-1,-1|5,30|-1,-1|2,29|15,30|6,6|16,26|
#setting_targetting_pos=15,4|5,1|-1,-1|2,1|15,1|-1,-1|-1,-1|
#type=4,1,4,1,2,3,3,
LU.U.RD
#000000000000000000
#assigned_pet=15,-1,-1,-1,-1,-1,-1,
#assigned_hub=3,-1,8,-1,-1,0,5,
#moving_targetting_pos=-1,-1|5,30|-1,-1|2,29|15,30|6,6|16,26|
#setting_targetting_pos=15,4|5,1|-1,-1|2,1|15,1|-1,-1|-1,-1|
#type=4,1,4,1,2,3,3,
UU.U.DD
#000000000000000000
#assigned_pet=15,-1,-1,-1,-1,-1,-1,
#assigned_hub=3,-1,8,-1,-1,0,5,
#moving_targetting_pos=-1,-1|5,30|-1,-1|2,29|15,30|6,6|16,26|
#setting_targetting_pos=15,4|5,1|-1,-1|2,1|15,1|-1,-1|-1,-1|
#type=4,1,4,1,2,3,3,
.U.U.RD
#000000000000000000
#assigned_pet=15,-1,-1,-1,-1,-1,-1,
#assigned_hub=3,-1,8,-1,-1,0,5,
#moving_targetting_pos=-1,-1|5,30|-1,-1|2,29|15,30|6,6|16,26|
#setting_targetting_pos=15,4|5,1|-1,-1|2,1|15,1|-1,-1|-1,-1|
#type=4,1,4,1,2,3,3,
.U.U.DD
#000000000000000000
#assigned_pet=15,-1,-1,-1,-1,-1,-1,
#assigned_hub=3,-1,8,-1,-1,0,5,
#moving_targetting_pos=-1,-1|5,30|-1,-1|2,29|15,30|6,6|16,26|
#setting_targetting_pos=15,4|5,1|-1,-1|2,1|15,1|-1,-1|-1,-1|
#type=4,1,4,1,2,3,3,
.U.U.RD
#000000000000000000
#assigned_pet=15,-1,-1,-1,-1,-1,-1,
#assigned_hub=3,-1,8,-1,-1,0,5,
#moving_targetting_pos=-1,-1|5,30|-1,-1|2,29|15,30|6,6|16,26|
#setting_targetting_pos=15,4|5,1|-1,-1|2,1|15,1|-1,-1|-1,-1|
#type=4,1,4,1,2,3,3,
.R.R.RL
#000000000000000000
#assigned_pet=-1,-1,3,-1,-1,-1,3,
#assigned_hub=3,-1,8,-1,-1,0,5,
#moving_targetting_pos=-1,-1|5,30|-1,-1|2,29|15,30|6,6|-1,-1|
#setting_targetting_pos=-1,-1|5,1|24,27|2,1|15,1|-1,-1|18,27|
#type=4,1,4,1,2,3,4,
.RUR.UR
#000000000000000000
#assigned_pet=5,-1,3,-1,-1,-1,3,
#assigned_hub=3,-1,8,-1,-1,0,5,
#moving_targetting_pos=-1,-1|5,30|-1,-1|2,29|15,30|6,6|-1,-1|
#setting_targetting_pos=15,4|5,1|24,27|2,1|15,1|-1,-1|18,27|
#type=4,1,4,1,2,3,4,
.RUU.UD
#000000000000000000
#assigned_pet=-1,-1,3,-1,-1,-1,3,
#assigned_hub=3,-1,8,-1,-1,0,5,
#moving_targetting_pos=-1,-1|5,30|-1,-1|2,29|15,30|6,6|-1,-1|
#setting_targetting_pos=-1,-1|5,1|24,27|2,1|15,1|-1,-1|18,27|
#type=4,1,4,1,2,3,4,
.U.U.UD
#000000000000000000
#assigned_pet=-1,-1,3,-1,-1,-1,3,
#assigned_hub=3,-1,8,-1,-1,0,5,
#moving_targetting_pos=-1,-1|5,30|-1,-1|2,29|15,30|6,6|-1,-1|
#setting_targetting_pos=-1,-1|5,1|24,27|2,1|15,1|-1,-1|18,27|
#type=4,1,4,1,2,3,4,
.U.U.UD
#000000000000000000
#assigned_pet=-1,-1,3,-1,-1,-1,3,
#assigned_hub=3,-1,8,-1,-1,0,5,
#moving_targetting_pos=-1,-1|5,30|-1,-1|2,29|15,30|6,6|-1,-1|
#setting_targetting_pos=-1,-1|5,1|24,27|2,1|15,1|-1,-1|18,27|
#type=4,2,4,1,2,3,4,
.d.U.U.
#000000000000000000
#assigned_pet=-1,-1,3,-1,-1,-1,3,
#assigned_hub=3,-1,8,-1,-1,0,5,
#moving_targetting_pos=-1,-1|5,30|-1,-1|2,29|15,30|6,6|-1,-1|
#setting_targetting_pos=-1,-1|5,1|24,27|2,1|15,1|-1,-1|18,27|
#type=4,2,4,1,2,3,4,
.L.U.U.
#000000000000000000
#assigned_pet=-1,-1,3,-1,-1,-1,3,
#assigned_hub=3,-1,8,-1,-1,0,5,
#moving_targetting_pos=-1,-1|5,30|-1,-1|2,29|15,30|6,6|-1,-1|
#setting_targetting_pos=-1,-1|5,1|24,27|2,1|15,1|-1,-1|18,27|
#type=4,2,4,2,2,3,4,
.d.r.U.
#000100000000001001
#assigned_pet=-1,-1,3,-1,-1,-1,3,
#assigned_hub=3,-1,8,-1,-1,0,5,
#moving_targetting_pos=-1,-1|5,30|-1,-1|2,29|15,30|6,6|-1,-1|
#setting_targetting_pos=-1,-1|5,1|24,27|2,1|15,1|-1,-1|18,27|
#type=4,2,5,2,2,3,5,
.Lud.Rd
#000100000000001001
#assigned_pet=-1,-1,-1,-1,-1,11,-1,
#assigned_hub=3,-1,8,-1,-1,0,5,
#moving_targetting_pos=-1,-1|5,30|-1,-1|2,29|15,30|-1,-1|-1,-1|
#setting_targetting_pos=-1,-1|5,1|-1,-1|2,1|15,1|5,4|-1,-1|
#type=4,2,4,2,2,4,4,
.u.L.L.
#000100000000001001
#assigned_pet=-1,-1,-1,-1,-1,9,-1,
#assigned_hub=3,-1,8,-1,-1,0,5,
#moving_targetting_pos=-1,-1|5,30|-1,-1|2,29|15,30|-1,-1|-1,-1|
#setting_targetting_pos=-1,-1|5,1|-1,-1|2,1|15,1|7,4|-1,-1|
#type=4,2,4,2,2,4,4,
.L.L.U.
#000100000000001001
#assigned_pet=5,-1,-1,-1,-1,5,-1,
#assigned_hub=3,-1,8,-1,-1,0,5,
#moving_targetting_pos=-1,-1|5,30|-1,-1|2,29|15,30|-1,-1|-1,-1|
#setting_targetting_pos=14,5|5,1|-1,-1|2,1|15,1|8,5|-1,-1|
#type=4,2,4,2,2,4,4,
RL.L...
#000100000000001001
#assigned_pet=5,-1,-1,-1,-1,5,-1,
#assigned_hub=3,-1,8,-1,-1,0,5,
#moving_targetting_pos=-1,-1|5,30|-1,-1|2,29|15,30|-1,-1|-1,-1|
#setting_targetting_pos=14,5|5,1|-1,-1|2,1|15,1|8,5|-1,-1|
#type=4,2,4,2,2,4,4,
UL.dd..
#000100000000001001
#assigned_pet=5,-1,-1,-1,-1,5,-1,
#assigned_hub=3,-1,8,-1,-1,0,5,
#moving_targetting_pos=-1,-1|5,30|-1,-1|2,29|15,30|-1,-1|-1,-1|
#setting_targetting_pos=14,5|5,1|-1,-1|2,1|15,1|8,5|-1,-1|
#type=4,2,4,2,2,4,4,
.L.uL..
#000100000000001001
#assigned_pet=5,-1,-1,-1,-1,5,-1,
#assigned_hub=3,-1,8,-1,-1,0,5,
#moving_targetting_pos=-1,-1|5,30|-1,-1|2,29|15,30|-1,-1|-1,-1|
#setting_targetting_pos=14,5|5,1|-1,-1|2,1|15,1|8,5|-1,-1|
#type=4,2,4,2,2,4,4,
.u.Ld..
#000100000000001001
#assigned_pet=5,-1,-1,-1,-1,5,-1,
#assigned_hub=3,-1,8,-1,-1,0,5,
#moving_targetting_pos=-1,-1|5,30|-1,-1|2,29|15,30|-1,-1|-1,-1|
#setting_targetting_pos=14,5|5,1|-1,-1|2,1|15,1|8,5|-1,-1|
#type=4,2,4,2,2,4,4,
.L.rL..
#000101000100001001
#assigned_pet=5,-1,-1,-1,-1,5,-1,
#assigned_hub=3,-1,8,-1,-1,0,5,
#moving_targetting_pos=-1,-1|5,30|-1,-1|2,29|15,30|-1,-1|-1,-1|
#setting_targetting_pos=14,5|5,1|-1,-1|2,1|15,1|8,5|-1,-1|
#type=5,2,4,2,2,5,4,
ud.Ldd.
#000101000100001001
#assigned_pet=-1,-1,-1,-1,-1,16,-1,
#assigned_hub=3,-1,8,-1,4,0,5,
#moving_targetting_pos=-1,-1|5,30|-1,-1|2,29|16,16|-1,-1|-1,-1|
#setting_targetting_pos=-1,-1|5,1|-1,-1|2,1|15,1|4,7|-1,-1|
#type=4,2,4,2,3,4,4,
.L.LRR.
#000101000100001001
#assigned_pet=-1,-1,-1,-1,-1,11,-1,
#assigned_hub=3,-1,8,-1,4,0,5,
#moving_targetting_pos=-1,-1|5,30|-1,-1|2,29|16,16|-1,-1|-1,-1|
#setting_targetting_pos=-1,-1|5,1|-1,-1|2,1|-1,-1|4,5|-1,-1|
#type=4,2,4,2,3,4,4,
.d.dRL.
#000101000100001001
#assigned_pet=-1,-1,-1,-1,-1,11,-1,
#assigned_hub=3,-1,8,-1,4,0,5,
#moving_targetting_pos=-1,-1|5,30|-1,-1|2,29|16,16|-1,-1|-1,-1|
#setting_targetting_pos=-1,-1|5,1|-1,-1|2,1|-1,-1|4,5|-1,-1|
#type=4,2,4,2,3,4,4,
.L.LRU.
#000101000100001001
#assigned_pet=-1,-1,-1,-1,-1,11,-1,
#assigned_hub=3,-1,8,-1,4,0,5,
#moving_targetting_pos=-1,-1|5,30|-1,-1|2,29|16,16|-1,-1|-1,-1|
#setting_targetting_pos=-1,-1|5,1|-1,-1|2,1|-1,-1|4,5|-1,-1|
#type=4,2,4,2,3,4,4,
.d.LRU.
#000101000100001001
#assigned_pet=-1,-1,-1,-1,-1,11,-1,
#assigned_hub=3,-1,8,-1,4,0,5,
#moving_targetting_pos=-1,-1|5,30|-1,-1|2,29|16,16|-1,-1|-1,-1|
#setting_targetting_pos=-1,-1|5,1|-1,-1|2,1|-1,-1|4,5|-1,-1|
#type=4,2,4,2,3,4,4,
.L.rR..
#000101000100001001
#assigned_pet=-1,-1,-1,-1,-1,11,-1,
#assigned_hub=3,-1,8,-1,4,0,5,
#moving_targetting_pos=-1,-1|5,30|-1,-1|2,29|16,16|-1,-1|-1,-1|
#setting_targetting_pos=-1,-1|5,1|-1,-1|2,1|-1,-1|4,5|-1,-1|
#type=4,2,4,2,3,4,4,
.d.uR..
#000101000100001001
#assigned_pet=-1,-1,-1,-1,-1,16,-1,
#assigned_hub=3,-1,8,-1,4,0,5,
#moving_targetting_pos=-1,-1|5,30|-1,-1|2,29|16,16|-1,-1|-1,-1|
#setting_targetting_pos=-1,-1|5,1|-1,-1|2,1|-1,-1|4,7|-1,-1|
#type=4,2,4,2,3,4,4,
.L.LRR.
#000101000100001001
#assigned_pet=-1,-1,-1,-1,-1,16,-1,
#assigned_hub=3,-1,8,-1,4,0,5,
#moving_targetting_pos=-1,-1|5,30|-1,-1|2,29|16,16|-1,-1|-1,-1|
#setting_targetting_pos=-1,-1|5,1|-1,-1|2,1|-1,-1|4,7|-1,-1|
#type=4,2,4,2,3,4,4,
.d.LRR.
#000101000100001001
#assigned_pet=-1,-1,-1,-1,-1,16,-1,
#assigned_hub=3,-1,8,-1,4,0,5,
#moving_targetting_pos=-1,-1|5,30|-1,-1|2,29|16,16|-1,-1|-1,-1|
#setting_targetting_pos=-1,-1|5,1|-1,-1|2,1|-1,-1|4,7|-1,-1|
#type=4,2,4,2,3,4,4,
.L.rR..
#000101000100001001
#assigned_pet=-1,-1,-1,-1,-1,11,-1,
#assigned_hub=3,-1,8,-1,4,0,5,
#moving_targetting_pos=-1,-1|5,30|-1,-1|2,29|16,16|-1,-1|-1,-1|
#setting_targetting_pos=-1,-1|5,1|-1,-1|2,1|-1,-1|4,7|-1,-1|
#type=4,2,4,2,3,4,4,
.u.dR..
#000101000100001001
#assigned_pet=-1,-1,-1,-1,-1,11,-1,
#assigned_hub=3,-1,8,-1,4,0,5,
#moving_targetting_pos=-1,-1|5,30|-1,-1|2,29|16,16|-1,-1|-1,-1|
#setting_targetting_pos=-1,-1|5,1|-1,-1|2,1|-1,-1|4,7|-1,-1|
#type=4,2,4,2,3,4,4,
.L.LR..
#000101000100001001
#assigned_pet=-1,-1,10,-1,-1,11,-1,
#assigned_hub=3,-1,8,-1,4,0,5,
#moving_targetting_pos=-1,-1|5,30|-1,-1|2,29|16,16|-1,-1|-1,-1|
#setting_targetting_pos=-1,-1|5,1|28,25|2,1|-1,-1|4,7|-1,-1|
#type=4,2,4,2,3,4,4,
.LLLR..
#000101000100001001
#assigned_pet=7,-1,10,-1,-1,7,-1,
#assigned_hub=3,-1,8,-1,4,0,5,
#moving_targetting_pos=-1,-1|5,30|-1,-1|2,29|16,16|-1,-1|-1,-1|
#setting_targetting_pos=14,7|5,1|28,25|2,1|-1,-1|8,7|-1,-1|
#type=4,2,4,2,3,4,4,
RLLLRD.
#000101000100001001
#assigned_pet=7,-1,10,-1,-1,7,-1,
#assigned_hub=3,-1,8,-1,4,0,5,
#moving_targetting_pos=-1,-1|5,30|-1,-1|2,29|16,16|-1,-1|-1,-1|
#setting_targetting_pos=14,7|5,1|28,25|2,1|-1,-1|8,7|-1,-1|
#type=4,2,4,2,3,4,4,
RLD.RD.
#000101010100011001
#assigned_pet=7,-1,10,-1,15,7,15,
#assigned_hub=3,-1,8,-1,4,0,5,
#moving_targetting_pos=-1,-1|5,30|-1,-1|2,29|-1,-1|-1,-1|-1,-1|
#setting_targetting_pos=14,7|5,1|28,25|2,1|17,18|8,7|17,24|
#type=5,2,4,2,4,5,4,
uuD.RdL
#000101010110011001
#assigned_pet=12,-1,10,-1,12,-1,-1,
#assigned_hub=3,-1,8,-1,4,0,5,
#moving_targetting_pos=-1,-1|5,30|-1,-1|2,29|-1,-1|-1,-1|-1,-1|
#setting_targetting_pos=17,8|5,1|28,25|2,1|17,14|-1,-1|-1,-1|
#type=4,2,5,2,4,4,4,
RLddL..
#000101010110011001
#assigned_pet=12,-1,-1,-1,12,11,-1,
#assigned_hub=3,-1,8,-1,4,0,5,
#moving_targetting_pos=-1,-1|5,30|-1,-1|2,29|-1,-1|-1,-1|-1,-1|
#setting_targetting_pos=17,8|5,1|-1,-1|2,1|17,14|4,7|-1,-1|
#type=4,2,4,2,4,4,4,
Dd..LU.
#000101010110011001
#assigned_pet=-1,-1,-1,-1,-1,11,-1,
#assigned_hub=3,-1,8,-1,4,0,5,
#moving_targetting_pos=-1,-1|5,30|-1,-1|2,29|-1,-1|-1,-1|-1,-1|
#setting_targetting_pos=-1,-1|5,1|-1,-1|2,1|-1,-1|4,7|-1,-1|
#type=4,2,4,2,4,4,4,
.L.u.U.
#000101010110011001
#assigned_pet=-1,-1,-1,-1,-1,11,-1,
#assigned_hub=3,-1,8,-1,4,0,5,
#moving_targetting_pos=-1,-1|5,30|-1,-1|2,29|-1,-1|-1,-1|-1,-1|
#setting_targetting_pos=-1,-1|5,1|-1,-1|2,1|-1,-1|4,7|-1,-1|
#type=4,2,4,2,4,4,4,
.d.L...
#000101010110011001
#assigned_pet=-1,-1,-1,-1,-1,11,-1,
#assigned_hub=3,-1,8,-1,4,0,5,
#moving_targetting_pos=-1,-1|5,30|-1,-1|2,29|-1,-1|-1,-1|-1,-1|
#setting_targetting_pos=-1,-1|5,1|-1,-1|2,1|-1,-1|4,7|-1,-1|
#type=4,2,4,2,4,4,4,
.L.r...
#000101010110011001
#assigned_pet=-1,-1,-1,-1,-1,11,-1,
#assigned_hub=3,-1,8,-1,4,0,5,
#moving_targetting_pos=-1,-1|5,30|-1,-1|2,29|-1,-1|-1,-1|-1,-1|
#setting_targetting_pos=-1,-1|5,1|-1,-1|2,1|-1,-1|4,7|-1,-1|
#type=4,2,4,2,4,4,4,
.d.L...
#000101010110011001
#assigned_pet=-1,-1,-1,-1,2,-1,2,
#assigned_hub=3,-1,8,-1,4,0,5,
#moving_targetting_pos=-1,-1|5,30|-1,-1|2,29|-1,-1|-1,-1|-1,-1|
#setting_targetting_pos=-1,-1|5,1|-1,-1|2,1|17,18|-1,-1|17,24|
#type=4,2,4,2,4,4,4,
.L.LR.L
#000101010110011001
#assigned_pet=-1,-1,-1,-1,2,-1,2,
#assigned_hub=3,-1,7,-1,4,0,5,
#moving_targetting_pos=-1,-1|5,30|26,16|2,29|-1,-1|-1,-1|-1,-1|
#setting_targetting_pos=-1,-1|5,1|-1,-1|2,1|17,18|-1,-1|17,24|
#type=4,2,3,2,4,4,4,
.dL.R..
#000101010110011001
#assigned_pet=-1,-1,-1,-1,2,-1,2,
#assigned_hub=3,-1,7,-1,4,0,5,
#moving_targetting_pos=-1,-1|5,30|26,16|2,29|-1,-1|-1,-1|-1,-1|
#setting_targetting_pos=-1,-1|5,1|-1,-1|2,1|17,18|-1,-1|17,24|
#type=4,2,3,2,4,4,4,
.LLdR..
#000101010110011001
#assigned_pet=-1,-1,-1,-1,-1,-1,-1,
#assigned_hub=3,-1,7,-1,4,0,5,
#moving_targetting_pos=-1,-1|5,30|26,16|2,29|-1,-1|-1,-1|-1,-1|
#setting_targetting_pos=-1,-1|5,1|-1,-1|2,1|-1,-1|-1,-1|-1,-1|
#type=4,2,3,2,4,4,4,
..LL...
#000101010110011001
#assigned_pet=-1,-1,-1,-1,-1,-1,-1,
#assigned_hub=3,-1,7,-1,4,0,5,
#moving_targetting_pos=-1,-1|5,30|26,16|2,29|-1,-1|-1,-1|-1,-1|
#setting_targetting_pos=-1,-1|5,1|-1,-1|2,1|-1,-1|-1,-1|-1,-1|
#type=4,2,3,2,4,4,4,
..LL...
#000101010110011001
#assigned_pet=-1,-1,-1,-1,-1,-1,-1,
#assigned_hub=3,-1,7,-1,4,0,5,
#moving_targetting_pos=-1,-1|5,30|26,16|2,29|-1,-1|-1,-1|-1,-1|
#setting_targetting_pos=-1,-1|5,1|-1,-1|2,1|-1,-1|-1,-1|-1,-1|
#type=4,2,3,2,4,4,4,
.dLr...
#000101010110011001
#assigned_pet=-1,-1,-1,-1,-1,-1,-1,
#assigned_hub=3,-1,7,-1,4,0,5,
#moving_targetting_pos=-1,-1|5,30|26,16|2,29|-1,-1|-1,-1|-1,-1|
#setting_targetting_pos=-1,-1|5,1|-1,-1|2,1|-1,-1|-1,-1|-1,-1|
#type=4,2,3,2,4,4,4,
.LLu...
#000101010110011001
#assigned_pet=-1,-1,-1,-1,-1,-1,-1,
#assigned_hub=3,-1,7,-1,4,0,5,
#moving_targetting_pos=-1,-1|5,30|26,16|2,29|-1,-1|-1,-1|-1,-1|
#setting_targetting_pos=-1,-1|5,1|-1,-1|2,1|-1,-1|-1,-1|-1,-1|
#type=4,2,3,2,4,4,4,
.uLL...
#000101010110011001
#assigned_pet=-1,-1,-1,-1,-1,-1,-1,
#assigned_hub=3,-1,7,-1,4,0,5,
#moving_targetting_pos=-1,-1|5,30|26,16|2,29|-1,-1|-1,-1|-1,-1|
#setting_targetting_pos=-1,-1|5,1|-1,-1|2,1|-1,-1|-1,-1|-1,-1|
#type=4,2,3,2,4,4,4,
.LLL...
#000101010110011001
#assigned_pet=-1,-1,8,-1,8,-1,-1,
#assigned_hub=3,-1,7,-1,4,0,5,
#moving_targetting_pos=-1,-1|5,30|-1,-1|2,29|-1,-1|-1,-1|-1,-1|
#setting_targetting_pos=-1,-1|5,1|24,17|2,1|18,17|-1,-1|-1,-1|
#type=4,2,4,2,4,4,4,
.LUrD..
#000101010110011001
#assigned_pet=-1,-1,8,-1,8,-1,-1,
#assigned_hub=3,-1,7,-1,4,0,5,
#moving_targetting_pos=-1,-1|5,30|-1,-1|2,29|-1,-1|-1,-1|-1,-1|
#setting_targetting_pos=-1,-1|5,1|24,17|2,1|18,17|-1,-1|-1,-1|
#type=4,2,4,2,4,4,4,
.LUdD..
#000101011110011001
#assigned_pet=-1,-1,8,-1,8,-1,-1,
#assigned_hub=3,-1,7,-1,4,0,5,
#moving_targetting_pos=-1,-1|5,30|-1,-1|2,29|-1,-1|-1,-1|-1,-1|
#setting_targetting_pos=-1,-1|5,1|24,17|2,1|18,17|-1,-1|-1,-1|
#type=4,2,5,2,5,4,4,
.LuLd..
#000101011110011001
#assigned_pet=-1,-1,-1,-1,-1,-1,-1,
#assigned_hub=3,-1,7,-1,4,0,5,
#moving_targetting_pos=-1,-1|5,30|-1,-1|2,29|-1,-1|-1,-1|-1,-1|
#setting_targetting_pos=-1,-1|5,1|-1,-1|2,1|-1,-1|-1,-1|-1,-1|
#type=4,2,4,2,4,4,4,
.u.L...
#000101011110011001
#assigned_pet=-1,-1,-1,-1,-1,-1,-1,
#assigned_hub=3,-1,7,-1,4,0,5,
#moving_targetting_pos=-1,-1|5,30|-1,-1|2,29|-1,-1|-1,-1|-1,-1|
#setting_targetting_pos=-1,-1|5,1|-1,-1|2,1|-1,-1|-1,-1|-1,-1|
#type=4,2,4,2,4,4,4,
.L.L...
#000101011110011001
#assigned_pet=-1,-1,-1,-1,2,-1,2,
#assigned_hub=3,-1,7,-1,4,0,5,
#moving_targetting_pos=-1,-1|5,30|-1,-1|2,29|-1,-1|-1,-1|-1,-1|
#setting_targetting_pos=-1,-1|5,1|-1,-1|2,1|17,18|-1,-1|17,24|
#type=4,2,4,2,4,4,4,
.d.d...
#000101011110011001
#assigned_pet=-1,-1,-1,-1,-1,-1,-1,
#assigned_hub=3,-1,7,-1,4,0,5,
#moving_targetting_pos=-1,-1|5,30|-1,-1|2,29|-1,-1|-1,-1|-1,-1|
#setting_targetting_pos=-1,-1|5,1|-1,-1|2,1|-1,-1|-1,-1|-1,-1|
#type=4,2,4,2,4,4,4,
.L.u...
#000101011110011001
#assigned_pet=-1,-1,-1,-1,-1,-1,-1,
#assigned_hub=3,-1,7,-1,4,0,5,
#moving_targetting_pos=-1,-1|5,30|-1,-1|2,29|-1,-1|-1,-1|-1,-1|
#setting_targetting_pos=-1,-1|5,1|-1,-1|2,1|-1,-1|-1,-1|-1,-1|
#type=4,2,4,2,4,4,4,
.d.L...
#000101011110011001
#assigned_pet=-1,-1,-1,-1,-1,-1,-1,
#assigned_hub=3,-1,7,-1,4,0,5,
#moving_targetting_pos=-1,-1|5,30|-1,-1|2,29|-1,-1|-1,-1|-1,-1|
#setting_targetting_pos=-1,-1|5,1|-1,-1|2,1|-1,-1|-1,-1|-1,-1|
#type=4,2,4,2,4,4,4,
.L.r...
#000101011110011001
#assigned_pet=-1,-1,-1,-1,-1,-1,-1,
#assigned_hub=3,-1,7,-1,4,0,5,
#moving_targetting_pos=-1,-1|5,30|-1,-1|2,29|-1,-1|-1,-1|-1,-1|
#setting_targetting_pos=-1,-1|5,1|-1,-1|2,1|-1,-1|-1,-1|-1,-1|
#type=4,2,4,2,4,4,4,
.d.L...
#000101011110011001
#assigned_pet=-1,-1,-1,-1,-1,-1,-1,
#assigned_hub=3,1,7,-1,4,0,5,
#moving_targetting_pos=-1,-1|6,16|-1,-1|2,29|-1,-1|-1,-1|-1,-1|
#setting_targetting_pos=-1,-1|5,1|-1,-1|2,1|-1,-1|-1,-1|-1,-1|
#type=4,3,4,2,4,4,4,
.R.L...
#000101011110011001
#assigned_pet=-1,-1,-1,-1,2,-1,2,
#assigned_hub=3,1,7,-1,4,0,5,
#moving_targetting_pos=-1,-1|6,16|-1,-1|2,29|-1,-1|-1,-1|-1,-1|
#setting_targetting_pos=-1,-1|-1,-1|-1,-1|2,1|17,18|-1,-1|17,24|
#type=4,3,4,2,4,4,4,
.R.d...
#000101011110011001
#assigned_pet=-1,-1,-1,-1,2,-1,2,
#assigned_hub=3,1,7,-1,4,0,5,
#moving_targetting_pos=-1,-1|6,16|-1,-1|2,29|-1,-1|-1,-1|-1,-1|
#setting_targetting_pos=-1,-1|-1,-1|-1,-1|2,1|17,18|-1,-1|17,24|
#type=4,3,4,2,4,4,4,
.R.L...
#000101011110011001
#assigned_pet=-1,-1,-1,-1,2,-1,2,
#assigned_hub=3,1,7,-1,4,0,5,
#moving_targetting_pos=-1,-1|6,16|-1,-1|2,29|-1,-1|-1,-1|-1,-1|
#setting_targetting_pos=-1,-1|-1,-1|-1,-1|2,1|17,18|-1,-1|17,24|
#type=4,3,4,2,4,4,4,
.R.L...
#000101011110011001
#assigned_pet=-1,-1,-1,-1,2,-1,2,
#assigned_hub=3,1,7,-1,4,0,5,
#moving_targetting_pos=-1,-1|6,16|-1,-1|2,29|-1,-1|-1,-1|-1,-1|
#setting_targetting_pos=-1,-1|-1,-1|-1,-1|2,1|17,18|-1,-1|17,24|
#type=4,3,4,2,4,4,4,
.R.r...
#001101011110011001
#assigned_pet=-1,-1,6,-1,2,-1,2,
#assigned_hub=3,1,7,-1,4,0,5,
#moving_targetting_pos=-1,-1|6,16|-1,-1|2,29|-1,-1|-1,-1|-1,-1|
#setting_targetting_pos=-1,-1|-1,-1|28,15|2,1|17,18|-1,-1|17,24|
#type=4,3,4,2,5,4,5,
.RLur.l
#001101011110011001
#assigned_pet=-1,-1,6,-1,-1,-1,-1,
#assigned_hub=3,1,7,2,4,0,5,
#moving_targetting_pos=-1,-1|6,16|-1,-1|6,26|-1,-1|-1,-1|-1,-1|
#setting_targetting_pos=-1,-1|-1,-1|28,15|2,1|-1,-1|-1,-1|-1,-1|
#type=4,3,4,3,4,4,4,
.RLD...
#001101011110011001
#assigned_pet=-1,-1,-1,-1,-1,-1,-1,
#assigned_hub=3,1,7,2,4,0,5,
#moving_targetting_pos=-1,-1|6,16|-1,-1|6,26|-1,-1|-1,-1|-1,-1|
#setting_targetting_pos=-1,-1|-1,-1|-1,-1|-1,-1|-1,-1|-1,-1|-1,-1|
#type=4,3,4,3,4,4,4,
.R.R...
#001101011110011001
#assigned_pet=-1,-1,-1,-1,-1,-1,-1,
#assigned_hub=3,1,7,2,4,0,5,
#moving_targetting_pos=-1,-1|6,16|-1,-1|6,26|-1,-1|-1,-1|-1,-1|
#setting_targetting_pos=-1,-1|-1,-1|-1,-1|-1,-1|-1,-1|-1,-1|-1,-1|
#type=4,3,4,3,4,4,4,
.R.D...
#001101011110011001
#assigned_pet=-1,-1,-1,-1,-1,-1,-1,
#assigned_hub=3,1,7,2,4,0,5,
#moving_targetting_pos=-1,-1|6,16|-1,-1|6,26|-1,-1|-1,-1|-1,-1|
#setting_targetting_pos=-1,-1|-1,-1|-1,-1|-1,-1|-1,-1|-1,-1|-1,-1|
#type=4,3,4,3,4,4,4,
.R.R...
#001101011110011001
#assigned_pet=-1,-1,-1,-1,-1,-1,-1,
#assigned_hub=3,1,7,2,4,0,5,
#moving_targetting_pos=-1,-1|6,16|-1,-1|6,26|-1,-1|-1,-1|-1,-1|
#setting_targetting_pos=-1,-1|-1,-1|-1,-1|-1,-1|-1,-1|-1,-1|-1,-1|
#type=4,3,4,3,4,4,4,
.R.D...
#001101011110011001
#assigned_pet=-1,-1,-1,-1,-1,-1,-1,
#assigned_hub=3,1,7,2,4,0,5,
#moving_targetting_pos=-1,-1|6,16|-1,-1|6,26|-1,-1|-1,-1|-1,-1|
#setting_targetting_pos=-1,-1|-1,-1|-1,-1|-1,-1|-1,-1|-1,-1|-1,-1|
#type=4,3,4,3,4,4,4,
.R.R...
#001101011110011001
#assigned_pet=-1,-1,-1,-1,-1,-1,-1,
#assigned_hub=3,1,7,2,4,0,5,
#moving_targetting_pos=-1,-1|6,16|-1,-1|6,26|-1,-1|-1,-1|-1,-1|
#setting_targetting_pos=-1,-1|-1,-1|-1,-1|-1,-1|-1,-1|-1,-1|-1,-1|
#type=4,3,4,3,4,4,4,
.R.R...
#001101011110011001
#assigned_pet=-1,-1,-1,-1,-1,-1,-1,
#assigned_hub=3,1,7,2,4,0,5,
#moving_targetting_pos=-1,-1|6,16|-1,-1|6,26|-1,-1|-1,-1|-1,-1|
#setting_targetting_pos=-1,-1|-1,-1|-1,-1|-1,-1|-1,-1|-1,-1|-1,-1|
#type=4,3,4,3,4,4,4,
.R.R...
#001101011110011001
#assigned_pet=-1,15,-1,-1,-1,15,-1,
#assigned_hub=3,1,7,2,4,0,5,
#moving_targetting_pos=-1,-1|-1,-1|-1,-1|6,26|-1,-1|-1,-1|-1,-1|
#setting_targetting_pos=-1,-1|5,14|-1,-1|-1,-1|-1,-1|5,8|-1,-1|
#type=4,4,4,3,4,4,4,
...R...
#001101011110011001
#assigned_pet=-1,15,-1,-1,-1,15,-1,
#assigned_hub=3,1,7,2,4,0,5,
#moving_targetting_pos=-1,-1|-1,-1|-1,-1|6,26|-1,-1|-1,-1|-1,-1|
#setting_targetting_pos=-1,-1|5,14|-1,-1|-1,-1|-1,-1|5,8|-1,-1|
#type=4,4,4,3,4,4,4,
...R...
#001101011110011001
#assigned_pet=-1,15,-1,-1,-1,15,-1,
#assigned_hub=3,1,7,2,4,0,5,
#moving_targetting_pos=-1,-1|-1,-1|-1,-1|6,26|-1,-1|-1,-1|-1,-1|
#setting_targetting_pos=-1,-1|5,14|-1,-1|-1,-1|-1,-1|5,8|-1,-1|
#type=4,4,4,3,4,4,4,
...R...
#001101011110011001
#assigned_pet=-1,15,-1,-1,-1,15,-1,
#assigned_hub=3,1,7,2,4,0,5,
#moving_targetting_pos=-1,-1|-1,-1|-1,-1|6,26|-1,-1|-1,-1|-1,-1|
#setting_targetting_pos=-1,-1|5,14|-1,-1|-1,-1|-1,-1|5,8|-1,-1|
#type=4,4,4,3,4,4,4,
...R...
#001101011110011001
#assigned_pet=-1,15,-1,-1,-1,15,-1,
#assigned_hub=3,1,7,2,4,0,5,
#moving_targetting_pos=-1,-1|-1,-1|-1,-1|6,26|-1,-1|-1,-1|-1,-1|
#setting_targetting_pos=-1,-1|5,14|-1,-1|-1,-1|-1,-1|5,8|-1,-1|
#type=4,4,4,3,4,4,4,
...R...
#001101011110011001
#assigned_pet=-1,15,-1,-1,-1,15,-1,
#assigned_hub=3,1,7,2,4,0,5,
#moving_targetting_pos=-1,-1|-1,-1|-1,-1|6,26|-1,-1|-1,-1|-1,-1|
#setting_targetting_pos=-1,-1|5,14|-1,-1|-1,-1|-1,-1|5,8|-1,-1|
#type=4,4,4,3,4,4,4,
...R...
#001101011110011001
#assigned_pet=-1,15,-1,-1,12,15,12,
#assigned_hub=3,1,7,2,4,0,5,
#moving_targetting_pos=-1,-1|-1,-1|-1,-1|6,26|-1,-1|-1,-1|-1,-1|
#setting_targetting_pos=-1,-1|5,14|-1,-1|-1,-1|15,18|5,8|15,24|
#type=4,4,4,3,4,4,4,
...RU.U
#001101011110011001
#assigned_pet=-1,15,-1,-1,12,15,12,
#assigned_hub=3,1,7,2,4,0,5,
#moving_targetting_pos=-1,-1|-1,-1|-1,-1|6,26|-1,-1|-1,-1|-1,-1|
#setting_targetting_pos=-1,-1|5,14|-1,-1|-1,-1|15,18|5,8|15,24|
#type=4,4,4,3,4,4,4,
...RR.L
#001101011110111001
#assigned_pet=-1,15,-1,-1,12,15,12,
#assigned_hub=3,1,7,2,4,0,5,
#moving_targetting_pos=-1,-1|-1,-1|-1,-1|6,26|-1,-1|-1,-1|-1,-1|
#setting_targetting_pos=-1,-1|5,14|-1,-1|-1,-1|15,18|5,8|15,24|
#type=4,4,4,3,5,4,5,
...Ru.u
#001101011110111001
#assigned_pet=16,15,-1,-1,16,15,-1,
#assigned_hub=3,1,7,2,4,0,5,
#moving_targetting_pos=-1,-1|-1,-1|-1,-1|6,26|-1,-1|-1,-1|-1,-1|
#setting_targetting_pos=15,8|5,14|-1,-1|-1,-1|15,14|5,8|-1,-1|
#type=4,4,4,3,4,4,4,
...RL..
#001101011110111001
#assigned_pet=16,-1,-1,-1,16,-1,-1,
#assigned_hub=3,1,7,2,4,0,5,
#moving_targetting_pos=-1,-1|-1,-1|-1,-1|6,26|-1,-1|-1,-1|-1,-1|
#setting_targetting_pos=15,8|-1,-1|-1,-1|-1,-1|15,14|-1,-1|-1,-1|
#type=4,4,4,3,4,4,4,
...RL..
#001101011110111001
#assigned_pet=16,-1,-1,-1,16,1,-1,
#assigned_hub=3,1,7,2,4,0,5,
#moving_targetting_pos=-1,-1|-1,-1|-1,-1|6,26|-1,-1|-1,-1|-1,-1|
#setting_targetting_pos=15,8|-1,-1|-1,-1|-1,-1|15,14|4,7|-1,-1|
#type=4,4,4,3,4,4,4,
...RL..
#011101011110111001
#assigned_pet=16,-1,-1,-1,16,1,-1,
#assigned_hub=3,1,7,2,4,0,5,
#moving_targetting_pos=-1,-1|-1,-1|-1,-1|6,26|-1,-1|-1,-1|-1,-1|
#setting_targetting_pos=15,8|-1,-1|-1,-1|-1,-1|15,14|4,7|-1,-1|
#type=4,4,4,3,4,5,4,
...RLu.
#011101011110111011
#assigned_pet=16,-1,-1,-1,16,-1,-1,
#assigned_hub=3,1,7,2,4,0,5,
#moving_targetting_pos=-1,-1|-1,-1|-1,-1|6,26|-1,-1|-1,-1|-1,-1|
#setting_targetting_pos=15,8|-1,-1|-1,-1|-1,-1|15,14|-1,-1|-1,-1|
#type=5,4,4,3,5,4,4,
u..Ru..
#011101011110111011
#assigned_pet=-1,15,-1,-1,-1,15,-1,
#assigned_hub=3,1,7,2,4,0,5,
#moving_targetting_pos=-1,-1|-1,-1|-1,-1|6,26|-1,-1|-1,-1|-1,-1|
#setting_targetting_pos=-1,-1|7,14|-1,-1|-1,-1|-1,-1|7,8|-1,-1|
#type=4,4,4,3,4,4,4,
.L.R.R.
#011101011110111011
#assigned_pet=-1,4,-1,-1,4,-1,-1,
#assigned_hub=3,1,7,2,4,0,5,
#moving_targetting_pos=-1,-1|-1,-1|-1,-1|6,26|-1,-1|-1,-1|-1,-1|
#setting_targetting_pos=-1,-1|8,17|-1,-1|-1,-1|14,17|-1,-1|-1,-1|
#type=4,4,4,3,4,4,4,
.R.RR..
#011101011110111011
#assigned_pet=-1,4,-1,-1,4,-1,-1,
#assigned_hub=3,1,7,2,4,0,5,
#moving_targetting_pos=-1,-1|-1,-1|-1,-1|6,26|-1,-1|-1,-1|-1,-1|
#setting_targetting_pos=-1,-1|8,17|-1,-1|-1,-1|14,17|-1,-1|-1,-1|
#type=4,4,4,3,4,4,4,
.R.RR..
#011101011110111011
#assigned_pet=-1,4,-1,-1,4,-1,-1,
#assigned_hub=3,1,7,2,4,0,5,
#moving_targetting_pos=-1,-1|-1,-1|-1,-1|6,26|-1,-1|-1,-1|-1,-1|
#setting_targetting_pos=-1,-1|8,17|-1,-1|-1,-1|14,17|-1,-1|-1,-1|
#type=4,4,4,3,4,4,4,
.R.RR..
#011101011110111011
#assigned_pet=-1,-1,-1,-1,-1,-1,-1,
#assigned_hub=3,1,7,2,4,0,5,
#moving_targetting_pos=-1,-1|-1,-1|-1,-1|6,26|-1,-1|-1,-1|-1,-1|
#setting_targetting_pos=-1,-1|-1,-1|-1,-1|-1,-1|-1,-1|-1,-1|-1,-1|
#type=4,4,4,3,4,4,4,
...R...
#011101011110111011
#assigned_pet=-1,4,-1,-1,4,-1,-1,
#assigned_hub=3,1,7,2,4,0,5,
#moving_targetting_pos=-1,-1|-1,-1|-1,-1|-1,-1|-1,-1|-1,-1|-1,-1|
#setting_targetting_pos=-1,-1|8,17|-1,-1|-1,-1|14,17|-1,-1|-1,-1|
#type=4,4,4,4,4,4,4,
.D..U..
#011101011110111011
#assigned_pet=-1,11,-1,11,-1,-1,-1,
#assigned_hub=3,1,7,2,4,0,5,
#moving_targetting_pos=-1,-1|-1,-1|-1,-1|-1,-1|-1,-1|-1,-1|-1,-1|
#setting_targetting_pos=-1,-1|7,18|-1,-1|7,24|-1,-1|-1,-1|-1,-1|
#type=4,4,4,4,4,4,4,
.R.L...
#011101011110111011
#assigned_pet=-1,11,-1,11,-1,-1,-1,
#assigned_hub=3,1,7,2,4,0,5,
#moving_targetting_pos=-1,-1|-1,-1|-1,-1|-1,-1|-1,-1|-1,-1|-1,-1|
#setting_targetting_pos=-1,-1|7,18|-1,-1|7,24|-1,-1|-1,-1|-1,-1|
#type=4,4,4,4,4,4,4,
...D...
#011101011111111011
#assigned_pet=-1,11,-1,11,-1,-1,-1,
#assigned_hub=3,1,7,2,4,0,5,
#moving_targetting_pos=-1,-1|-1,-1|-1,-1|-1,-1|-1,-1|-1,-1|-1,-1|
#setting_targetting_pos=-1,-1|7,18|-1,-1|7,24|-1,-1|-1,-1|-1,-1|
#type=4,5,4,5,4,4,4,
.d.d...
#011101011111111011
#assigned_pet=-1,4,-1,-1,4,-1,-1,
#assigned_hub=3,1,7,2,4,0,5,
#moving_targetting_pos=-1,-1|-1,-1|-1,-1|-1,-1|-1,-1|-1,-1|-1,-1|
#setting_targetting_pos=-1,-1|8,17|-1,-1|-1,-1|14,17|-1,-1|-1,-1|
#type=4,4,4,4,4,4,4,
.L.....
#011101011111111011
#assigned_pet=-1,15,-1,-1,15,-1,-1,
#assigned_hub=3,1,7,8,4,0,5,
#moving_targetting_pos=-1,-1|-1,-1|-1,-1|26,26|-1,-1|-1,-1|-1,-1|
#setting_targetting_pos=-1,-1|8,15|-1,-1|-1,-1|14,15|-1,-1|-1,-1|
#type=4,4,4,3,4,4,4,
.L.RL..
#011101011111111011
#assigned_pet=-1,15,-1,-1,15,-1,-1,
#assigned_hub=3,1,7,8,4,0,5,
#moving_targetting_pos=-1,-1|-1,-1|-1,-1|26,26|-1,-1|-1,-1|-1,-1|
#setting_targetting_pos=-1,-1|8,15|-1,-1|-1,-1|14,15|-1,-1|-1,-1|
#type=4,4,4,3,4,4,4,
.L.DL..
#011101011111111011
#assigned_pet=-1,15,-1,-1,15,-1,-1,
#assigned_hub=3,1,7,8,4,0,5,
#moving_targetting_pos=-1,-1|-1,-1|-1,-1|26,26|-1,-1|-1,-1|-1,-1|
#setting_targetting_pos=-1,-1|8,15|-1,-1|-1,-1|14,15|-1,-1|-1,-1|
#type=4,4,4,3,4,4,4,
.D.D...
#011101011111111011
#assigned_pet=-1,15,-1,-1,15,-1,-1,
#assigned_hub=3,1,7,8,4,0,5,
#moving_targetting_pos=-1,-1|-1,-1|-1,-1|26,26|-1,-1|-1,-1|-1,-1|
#setting_targetting_pos=-1,-1|8,15|-1,-1|-1,-1|14,15|-1,-1|-1,-1|
#type=4,4,4,3,4,4,4,
...D...
#011101011111111011
#assigned_pet=-1,4,-1,-1,-1,-1,-1,
#assigned_hub=3,1,7,8,4,0,5,
#moving_targetting_pos=-1,-1|-1,-1|-1,-1|26,26|-1,-1|-1,-1|-1,-1|
#setting_targetting_pos=-1,-1|4,15|-1,-1|-1,-1|-1,-1|-1,-1|-1,-1|
#type=4,4,4,3,4,4,4,
.U.D...
#011101011111111011
#assigned_pet=-1,4,-1,-1,-1,-1,-1,
#assigned_hub=3,1,7,8,4,0,5,
#moving_targetting_pos=-1,-1|-1,-1|-1,-1|26,26|-1,-1|-1,-1|-1,-1|
#setting_targetting_pos=-1,-1|4,15|-1,-1|-1,-1|-1,-1|-1,-1|-1,-1|
#type=4,4,4,3,4,4,4,
.U.D...
#011111011111111011
#assigned_pet=-1,4,-1,-1,-1,-1,-1,
#assigned_hub=3,1,7,8,4,0,5,
#moving_targetting_pos=-1,-1|-1,-1|-1,-1|26,26|-1,-1|-1,-1|-1,-1|
#setting_targetting_pos=-1,-1|4,15|-1,-1|-1,-1|-1,-1|-1,-1|-1,-1|
#type=4,5,4,3,4,4,4,
.u.D...
#011111011111111011
#assigned_pet=-1,-1,-1,-1,-1,-1,-1,
#assigned_hub=3,1,7,8,4,6,5,
#moving_targetting_pos=-1,-1|-1,-1|-1,-1|26,26|-1,-1|26,6|16,26|
#setting_targetting_pos=-1,-1|-1,-1|-1,-1|-1,-1|-1,-1|-1,-1|-1,-1|
#type=4,4,4,3,4,3,4,
...D.R.
#011111011111111011
#assigned_pet=-1,-1,-1,-1,-1,-1,-1,
#assigned_hub=3,1,7,8,4,6,5,
#moving_targetting_pos=-1,-1|-1,-1|-1,-1|26,26|-1,-1|26,6|16,26|
#setting_targetting_pos=-1,-1|-1,-1|-1,-1|-1,-1|-1,-1|-1,-1|-1,-1|
#type=4,4,4,3,4,3,4,
...D.R.
#011111011111111011
#assigned_pet=15,-1,-1,-1,15,-1,-1,
#assigned_hub=3,1,7,8,4,6,5,
#moving_targetting_pos=-1,-1|6,16|-1,-1|26,26|-1,-1|26,6|16,26|
#setting_targetting_pos=17,8|-1,-1|-1,-1|-1,-1|17,14|-1,-1|-1,-1|
#type=4,4,4,3,4,3,4,
...DDR.
#011111011111111011
#assigned_pet=15,-1,-1,-1,15,-1,-1,
#assigned_hub=3,1,7,8,4,6,5,
#moving_targetting_pos=-1,-1|6,16|-1,-1|26,26|-1,-1|26,6|16,26|
#setting_targetting_pos=17,8|-1,-1|-1,-1|-1,-1|17,14|-1,-1|-1,-1|
#type=4,4,4,3,4,3,4,
...DLR.
#011111011111111111
#assigned_pet=15,-1,-1,-1,15,-1,-1,
#assigned_hub=3,1,7,8,4,6,5,
#moving_targetting_pos=-1,-1|6,16|-1,-1|26,26|-1,-1|26,6|16,26|
#setting_targetting_pos=17,8|-1,-1|-1,-1|-1,-1|17,14|-1,-1|-1,-1|
#type=5,4,4,3,5,3,4,
d..DdR.
#011111011111111111
#assigned_pet=-1,-1,-1,-1,-1,-1,-1,
#assigned_hub=3,1,7,8,4,6,5,
#moving_targetting_pos=-1,-1|6,16|-1,-1|26,26|-1,-1|26,6|16,26|
#setting_targetting_pos=-1,-1|-1,-1|-1,-1|-1,-1|-1,-1|-1,-1|-1,-1|
#type=4,4,4,3,4,3,4,
...D.R.
#011111011111111111
#assigned_pet=-1,-1,-1,-1,-1,-1,-1,
#assigned_hub=3,1,7,8,4,6,5,
#moving_targetting_pos=-1,-1|6,16|-1,-1|26,26|-1,-1|26,6|16,26|
#setting_targetting_pos=-1,-1|-1,-1|-1,-1|-1,-1|-1,-1|-1,-1|-1,-1|
#type=4,4,4,3,4,3,4,
...D.R.
#011111011111111111
#assigned_pet=-1,-1,-1,-1,-1,-1,-1,
#assigned_hub=3,1,7,8,4,6,5,
#moving_targetting_pos=-1,-1|6,16|-1,-1|26,26|16,16|26,6|16,26|
#setting_targetting_pos=-1,-1|-1,-1|-1,-1|-1,-1|-1,-1|-1,-1|-1,-1|
#type=4,4,4,3,4,3,4,
...D.D.
#011111011111111111
#assigned_pet=-1,-1,-1,-1,-1,-1,-1,
#assigned_hub=3,1,7,8,4,6,5,
#moving_targetting_pos=-1,-1|6,16|-1,-1|26,26|16,16|26,6|16,26|
#setting_targetting_pos=-1,-1|-1,-1|-1,-1|-1,-1|-1,-1|-1,-1|-1,-1|
#type=4,4,4,3,4,3,4,
...D.D.
#011111011111111111
#assigned_pet=-1,-1,-1,-1,-1,-1,-1,
#assigned_hub=3,1,7,8,4,6,5,
#moving_targetting_pos=-1,-1|6,16|-1,-1|26,26|16,16|26,6|16,26|
#setting_targetting_pos=-1,-1|-1,-1|-1,-1|-1,-1|-1,-1|-1,-1|-1,-1|
#type=4,4,4,3,4,3,4,
...D.D.
#011111011111111111
#assigned_pet=-1,-1,-1,-1,-1,-1,-1,
#assigned_hub=3,1,7,8,4,6,5,
#moving_targetting_pos=-1,-1|6,16|-1,-1|26,26|16,16|26,6|16,26|
#setting_targetting_pos=-1,-1|-1,-1|-1,-1|-1,-1|-1,-1|-1,-1|-1,-1|
#type=4,4,4,3,4,3,4,
...D.D.
#011111011111111111
#assigned_pet=-1,-1,-1,-1,-1,-1,-1,
#assigned_hub=3,1,7,8,4,6,5,
#moving_targetting_pos=-1,-1|6,16|-1,-1|26,26|16,16|26,6|16,26|
#setting_targetting_pos=-1,-1|-1,-1|-1,-1|-1,-1|-1,-1|-1,-1|-1,-1|
#type=4,4,4,3,4,3,4,
...D.D.
#011111011111111111
#assigned_pet=-1,-1,-1,-1,-1,-1,-1,
#assigned_hub=3,1,7,8,4,6,5,
#moving_targetting_pos=-1,-1|6,16|-1,-1|26,26|16,16|26,6|16,26|
#setting_targetting_pos=-1,-1|-1,-1|-1,-1|-1,-1|-1,-1|-1,-1|-1,-1|
#type=4,4,4,3,4,3,4,
...R.D.
#011111011111111111
#assigned_pet=-1,-1,-1,-1,-1,-1,-1,
#assigned_hub=3,1,7,8,4,6,5,
#moving_targetting_pos=-1,-1|6,16|-1,-1|26,26|16,16|26,6|16,26|
#setting_targetting_pos=-1,-1|-1,-1|-1,-1|-1,-1|-1,-1|-1,-1|-1,-1|
#type=4,4,4,4,4,3,4,
.....D.
#011111011111111111
#assigned_pet=-1,-1,-1,-1,-1,-1,-1,
#assigned_hub=3,1,7,8,4,6,5,
#moving_targetting_pos=-1,-1|6,16|-1,-1|26,26|16,16|26,6|16,26|
#setting_targetting_pos=-1,-1|-1,-1|-1,-1|-1,-1|-1,-1|-1,-1|-1,-1|
#type=4,4,4,4,4,3,4,
.....D.
#011111011111111111
#assigned_pet=-1,-1,-1,-1,-1,-1,-1,
#assigned_hub=3,1,7,8,4,6,5,
#moving_targetting_pos=-1,-1|6,16|-1,-1|26,26|16,16|26,6|16,26|
#setting_targetting_pos=-1,-1|-1,-1|-1,-1|-1,-1|-1,-1|-1,-1|-1,-1|
#type=4,4,4,4,4,3,4,
.....D.
#011111011111111111
#assigned_pet=-1,-1,-1,-1,-1,-1,-1,
#assigned_hub=3,1,7,8,4,6,5,
#moving_targetting_pos=-1,-1|6,16|-1,-1|26,26|16,16|26,6|16,26|
#setting_targetting_pos=-1,-1|-1,-1|-1,-1|-1,-1|-1,-1|-1,-1|-1,-1|
#type=4,4,4,4,4,3,4,
.....D.
#011111011111111111
#assigned_pet=-1,-1,-1,-1,-1,-1,-1,
#assigned_hub=3,1,7,8,4,6,5,
#moving_targetting_pos=-1,-1|6,16|-1,-1|26,26|16,16|26,6|16,26|
#setting_targetting_pos=-1,-1|-1,-1|-1,-1|-1,-1|-1,-1|-1,-1|-1,-1|
#type=4,4,4,4,4,3,4,
.....D.
#011111011111111111
#assigned_pet=-1,-1,-1,-1,-1,-1,-1,
#assigned_hub=3,1,7,8,4,6,5,
#moving_targetting_pos=-1,-1|6,16|-1,-1|26,26|16,16|26,6|16,26|
#setting_targetting_pos=-1,-1|-1,-1|-1,-1|-1,-1|-1,-1|-1,-1|-1,-1|
#type=4,4,4,4,4,3,4,
.....D.
#011111011111111111
#assigned_pet=-1,-1,-1,-1,-1,-1,-1,
#assigned_hub=3,1,7,8,4,6,5,
#moving_targetting_pos=-1,-1|6,16|-1,-1|26,26|16,16|26,6|16,26|
#setting_targetting_pos=-1,-1|-1,-1|-1,-1|-1,-1|-1,-1|-1,-1|-1,-1|
#type=4,4,4,4,4,3,4,
.....D.
#011111011111111111
#assigned_pet=-1,-1,-1,-1,-1,-1,-1,
#assigned_hub=3,1,7,8,4,6,5,
#moving_targetting_pos=-1,-1|6,16|26,16|26,26|16,16|26,6|16,26|
#setting_targetting_pos=-1,-1|-1,-1|-1,-1|-1,-1|-1,-1|-1,-1|-1,-1|
#type=4,4,4,4,4,3,4,
.....D.
#011111011111111111
#assigned_pet=-1,-1,-1,-1,-1,-1,-1,
#assigned_hub=3,1,7,8,4,6,5,
#moving_targetting_pos=-1,-1|6,16|26,16|26,26|16,16|26,6|16,26|
#setting_targetting_pos=-1,-1|-1,-1|-1,-1|-1,-1|-1,-1|-1,-1|-1,-1|
#type=4,4,4,4,4,3,4,
.....D.
#011111011111111111
#assigned_pet=-1,-1,-1,-1,-1,-1,-1,
#assigned_hub=3,1,7,8,4,6,5,
#moving_targetting_pos=-1,-1|6,16|-1,-1|26,26|16,16|26,6|16,26|
#setting_targetting_pos=-1,-1|-1,-1|-1,-1|-1,-1|-1,-1|-1,-1|-1,-1|
#type=4,4,4,4,4,3,4,
.....D.
#011111011111111111
#assigned_pet=-1,-1,-1,-1,-1,-1,-1,
#assigned_hub=3,1,7,8,4,6,5,
#moving_targetting_pos=-1,-1|6,16|-1,-1|26,26|16,16|26,6|16,26|
#setting_targetting_pos=-1,-1|-1,-1|-1,-1|-1,-1|-1,-1|-1,-1|-1,-1|
#type=4,4,4,4,4,3,4,
.....D.
#011111011111111111
#assigned_pet=-1,-1,-1,-1,-1,-1,-1,
#assigned_hub=3,1,7,8,4,6,5,
#moving_targetting_pos=-1,-1|6,16|-1,-1|26,26|16,16|26,6|16,26|
#setting_targetting_pos=-1,-1|-1,-1|-1,-1|-1,-1|-1,-1|-1,-1|-1,-1|
#type=4,4,4,4,4,3,4,
.....D.
#011111011111111111
#assigned_pet=-1,-1,-1,-1,-1,-1,-1,
#assigned_hub=3,1,7,8,4,6,5,
#moving_targetting_pos=-1,-1|6,16|-1,-1|26,26|16,16|26,6|16,26|
#setting_targetting_pos=-1,-1|-1,-1|-1,-1|-1,-1|-1,-1|-1,-1|-1,-1|
#type=4,4,4,4,4,3,4,
.....D.
#011111011111111111
#assigned_pet=-1,-1,-1,-1,-1,-1,-1,
#assigned_hub=3,1,7,8,4,6,5,
#moving_targetting_pos=-1,-1|6,16|-1,-1|26,26|16,16|26,6|16,26|
#setting_targetting_pos=-1,-1|-1,-1|-1,-1|-1,-1|-1,-1|-1,-1|-1,-1|
#type=4,4,4,4,4,3,4,
.....D.
#011111011111111111
#assigned_pet=-1,-1,-1,-1,-1,-1,-1,
#assigned_hub=3,1,7,8,4,6,5,
#moving_targetting_pos=-1,-1|6,16|-1,-1|26,26|16,16|26,6|16,26|
#setting_targetting_pos=-1,-1|-1,-1|-1,-1|-1,-1|-1,-1|-1,-1|-1,-1|
#type=4,4,4,4,4,3,4,
.....L.
#011111011111111111
#assigned_pet=-1,-1,-1,-1,-1,-1,-1,
#assigned_hub=3,1,7,8,4,6,5,
#moving_targetting_pos=-1,-1|6,16|-1,-1|26,26|16,16|26,6|16,26|
#setting_targetting_pos=-1,-1|-1,-1|-1,-1|-1,-1|-1,-1|-1,-1|-1,-1|
#type=4,4,4,4,4,3,4,
.....L.
#011111011111111111
#assigned_pet=-1,-1,-1,-1,-1,-1,-1,
#assigned_hub=3,1,7,8,4,6,5,
#moving_targetting_pos=-1,-1|6,16|-1,-1|26,26|16,16|26,6|16,26|
#setting_targetting_pos=-1,-1|-1,-1|-1,-1|-1,-1|-1,-1|-1,-1|-1,-1|
#type=4,4,4,4,4,3,4,
.....L.
#011111011111111111
#assigned_pet=-1,-1,-1,-1,-1,-1,-1,
#assigned_hub=3,1,7,8,4,6,5,
#moving_targetting_pos=-1,-1|6,16|-1,-1|26,26|16,16|26,6|16,26|
#setting_targetting_pos=-1,-1|-1,-1|-1,-1|-1,-1|-1,-1|-1,-1|-1,-1|
#type=4,4,4,4,4,3,4,
.....L.
#011111011111111111
#assigned_pet=-1,-1,-1,-1,-1,-1,-1,
#assigned_hub=3,1,7,8,4,6,5,
#moving_targetting_pos=-1,-1|6,16|-1,-1|26,26|16,16|26,6|16,26|
#setting_targetting_pos=-1,-1|-1,-1|-1,-1|-1,-1|-1,-1|-1,-1|-1,-1|
#type=4,4,4,4,4,3,4,
.....L.
#011111011111111111
#assigned_pet=-1,-1,-1,-1,-1,-1,-1,
#assigned_hub=3,1,7,8,4,6,5,
#moving_targetting_pos=-1,-1|6,16|-1,-1|26,26|16,16|26,6|16,26|
#setting_targetting_pos=-1,-1|-1,-1|-1,-1|-1,-1|-1,-1|-1,-1|-1,-1|
#type=4,4,4,4,4,3,4,
.....L.
#011111011111111111
#assigned_pet=-1,-1,-1,-1,-1,-1,-1,
#assigned_hub=3,1,7,8,4,6,5,
#moving_targetting_pos=-1,-1|6,16|-1,-1|26,26|16,16|26,6|16,26|
#setting_targetting_pos=-1,-1|-1,-1|-1,-1|-1,-1|-1,-1|-1,-1|-1,-1|
#type=4,4,4,4,4,3,4,
.....L.
#011111011111111111
#assigned_pet=-1,-1,-1,-1,-1,-1,-1,
#assigned_hub=3,1,7,8,4,6,5,
#moving_targetting_pos=-1,-1|6,16|-1,-1|26,26|16,16|26,6|16,26|
#setting_targetting_pos=-1,-1|-1,-1|-1,-1|-1,-1|-1,-1|-1,-1|-1,-1|
#type=4,4,4,4,4,3,4,
.....L.
#011111011111111111
#assigned_pet=-1,-1,-1,-1,-1,-1,-1,
#assigned_hub=3,1,7,8,4,6,5,
#moving_targetting_pos=-1,-1|6,16|-1,-1|26,26|16,16|-1,-1|16,26|
#setting_targetting_pos=-1,-1|-1,-1|-1,-1|-1,-1|-1,-1|-1,-1|-1,-1|
#type=4,4,4,4,4,4,4,
.......
#011111011111111111
#assigned_pet=-1,-1,-1,-1,-1,-1,-1,
#assigned_hub=3,1,7,8,4,6,5,
#moving_targetting_pos=-1,-1|6,16|-1,-1|26,26|16,16|-1,-1|16,26|
#setting_targetting_pos=-1,-1|-1,-1|-1,-1|-1,-1|-1,-1|-1,-1|-1,-1|
#type=4,4,4,4,4,4,4,
.......
#011111011111111111
#assigned_pet=-1,-1,-1,-1,-1,-1,-1,
#assigned_hub=3,1,7,8,4,6,5,
#moving_targetting_pos=-1,-1|6,16|-1,-1|26,26|16,16|-1,-1|16,26|
#setting_targetting_pos=-1,-1|-1,-1|-1,-1|-1,-1|-1,-1|-1,-1|-1,-1|
#type=4,4,4,4,4,4,4,
.......
#011111011111111111
#assigned_pet=-1,-1,-1,-1,-1,-1,-1,
#assigned_hub=3,1,7,8,4,6,5,
#moving_targetting_pos=-1,-1|6,16|-1,-1|26,26|16,16|-1,-1|16,26|
#setting_targetting_pos=-1,-1|-1,-1|-1,-1|-1,-1|-1,-1|-1,-1|-1,-1|
#type=4,4,4,4,4,4,4,
.......
#011111011111111111
#assigned_pet=-1,-1,-1,-1,-1,-1,-1,
#assigned_hub=3,1,7,8,4,6,5,
#moving_targetting_pos=-1,-1|6,16|-1,-1|26,26|16,16|-1,-1|16,26|
#setting_targetting_pos=-1,-1|-1,-1|-1,-1|-1,-1|-1,-1|-1,-1|-1,-1|
#type=4,4,4,4,4,4,4,
.......
#011111011111111111
#assigned_pet=-1,-1,-1,-1,-1,-1,-1,
#assigned_hub=3,1,7,8,4,6,5,
#moving_targetting_pos=-1,-1|6,16|-1,-1|26,26|16,16|-1,-1|16,26|
#setting_targetting_pos=-1,-1|-1,-1|-1,-1|-1,-1|-1,-1|-1,-1|-1,-1|
#type=4,4,4,4,4,4,4,
.......
#011111011111111111
#assigned_pet=6,-1,-1,-1,-1,6,-1,
#assigned_hub=3,1,7,8,4,6,5,
#moving_targetting_pos=-1,-1|6,16|-1,-1|26,26|16,16|-1,-1|16,26|
#setting_targetting_pos=18,7|-1,-1|-1,-1|-1,-1|-1,-1|24,7|-1,-1|
#type=4,4,4,4,4,4,4,
L......
#011111011111111111
#assigned_pet=-1,-1,-1,-1,-1,-1,-1,
#assigned_hub=3,1,7,8,4,6,5,
#moving_targetting_pos=-1,-1|6,16|-1,-1|26,26|16,16|-1,-1|16,26|
#setting_targetting_pos=-1,-1|-1,-1|-1,-1|-1,-1|-1,-1|-1,-1|-1,-1|
#type=4,4,4,4,4,4,4,
.......
#011111011111111111
#assigned_pet=-1,-1,-1,-1,-1,-1,-1,
#assigned_hub=3,1,7,8,4,6,5,
#moving_targetting_pos=-1,-1|6,16|-1,-1|26,26|16,16|-1,-1|16,26|
#setting_targetting_pos=-1,-1|-1,-1|-1,-1|-1,-1|-1,-1|-1,-1|-1,-1|
#type=4,4,4,4,4,4,4,
.......
#011111011111111111
#assigned_pet=-1,-1,-1,-1,-1,-1,-1,
#assigned_hub=3,1,7,8,4,6,5,
#moving_targetting_pos=-1,-1|6,16|-1,-1|26,26|16,16|-1,-1|16,26|
#setting_targetting_pos=-1,-1|-1,-1|-1,-1|-1,-1|-1,-1|-1,-1|-1,-1|
#type=4,4,4,4,4,4,4,
.......
#011111011111111111
#assigned_pet=-1,-1,-1,-1,-1,0,-1,
#assigned_hub=3,1,7,8,4,6,5,
#moving_targetting_pos=-1,-1|6,16|-1,-1|26,26|16,16|-1,-1|16,26|
#setting_targetting_pos=-1,-1|-1,-1|-1,-1|-1,-1|-1,-1|25,4|-1,-1|
#type=4,4,4,4,4,4,4,
.....L.
#011111011111111111
#assigned_pet=-1,-1,-1,-1,-1,-1,-1,
#assigned_hub=3,1,7,8,4,6,5,
#moving_targetting_pos=-1,-1|6,16|-1,-1|26,26|16,16|-1,-1|16,26|
#setting_targetting_pos=-1,-1|-1,-1|-1,-1|-1,-1|-1,-1|-1,-1|-1,-1|
#type=4,4,4,4,4,4,4,
.......
#011111011111111111
#assigned_pet=-1,-1,-1,-1,-1,-1,-1,
#assigned_hub=3,1,7,8,4,6,5,
#moving_targetting_pos=-1,-1|6,16|-1,-1|26,26|16,16|-1,-1|16,26|
#setting_targetting_pos=-1,-1|-1,-1|-1,-1|-1,-1|-1,-1|-1,-1|-1,-1|
#type=4,4,4,4,4,4,4,
.......
#011111011111111111
#assigned_pet=-1,-1,-1,-1,-1,-1,-1,
#assigned_hub=3,1,7,8,4,6,5,
#moving_targetting_pos=-1,-1|6,16|-1,-1|26,26|16,16|-1,-1|16,26|
#setting_targetting_pos=-1,-1|-1,-1|-1,-1|-1,-1|-1,-1|-1,-1|-1,-1|
#type=4,4,4,4,4,4,4,
.......
#011111011111111111
#assigned_pet=0,-1,-1,-1,-1,0,-1,
#assigned_hub=3,1,7,8,4,6,5,
#moving_targetting_pos=-1,-1|6,16|-1,-1|26,26|16,16|-1,-1|16,26|
#setting_targetting_pos=18,5|-1,-1|-1,-1|-1,-1|-1,-1|24,5|-1,-1|
#type=4,4,4,4,4,4,4,
L....L.
#011111011111111111
#assigned_pet=0,-1,-1,-1,-1,0,-1,
#assigned_hub=3,1,7,8,4,6,5,
#moving_targetting_pos=-1,-1|6,16|-1,-1|26,26|16,16|-1,-1|16,26|
#setting_targetting_pos=18,5|-1,-1|-1,-1|-1,-1|-1,-1|24,5|-1,-1|
#type=4,4,4,4,4,4,4,
L......
#011111011111111111
#assigned_pet=0,-1,-1,-1,-1,0,-1,
#assigned_hub=3,1,7,8,4,6,5,
#moving_targetting_pos=-1,-1|6,16|26,16|26,26|16,16|-1,-1|16,26|
#setting_targetting_pos=18,5|-1,-1|-1,-1|-1,-1|-1,-1|24,5|-1,-1|
#type=4,4,4,4,4,4,4,
D......
#011111011111111111
#assigned_pet=0,-1,-1,-1,-1,0,-1,
#assigned_hub=3,1,7,8,4,6,5,
#moving_targetting_pos=-1,-1|6,16|26,16|26,26|16,16|-1,-1|16,26|
#setting_targetting_pos=18,5|-1,-1|-1,-1|-1,-1|-1,-1|24,5|-1,-1|
#type=4,4,4,4,4,4,4,
.......
#011111011111111111
#assigned_pet=-1,-1,-1,-1,-1,-1,-1,
#assigned_hub=3,1,7,8,4,6,5,
#moving_targetting_pos=-1,-1|6,16|26,16|26,26|16,16|-1,-1|16,26|
#setting_targetting_pos=-1,-1|-1,-1|-1,-1|-1,-1|-1,-1|-1,-1|-1,-1|
#type=4,4,4,4,4,4,4,
.......
#011111011111111111
#assigned_pet=-1,-1,-1,-1,-1,-1,-1,
#assigned_hub=3,1,7,8,4,6,5,
#moving_targetting_pos=-1,-1|6,16|26,16|26,26|16,16|-1,-1|16,26|
#setting_targetting_pos=-1,-1|-1,-1|-1,-1|-1,-1|-1,-1|-1,-1|-1,-1|
#type=4,4,4,4,4,4,4,
.......
#011111011111111111
#assigned_pet=-1,-1,-1,-1,-1,-1,-1,
#assigned_hub=3,1,7,8,4,6,5,
#moving_targetting_pos=-1,-1|6,16|26,16|26,26|16,16|-1,-1|16,26|
#setting_targetting_pos=-1,-1|-1,-1|-1,-1|-1,-1|-1,-1|-1,-1|-1,-1|
#type=4,4,4,4,4,4,4,
.......
#011111011111111111
#assigned_pet=-1,-1,-1,-1,-1,-1,-1,
#assigned_hub=3,1,7,8,4,6,5,
#moving_targetting_pos=-1,-1|6,16|26,16|26,26|16,16|-1,-1|16,26|
#setting_targetting_pos=-1,-1|-1,-1|-1,-1|-1,-1|-1,-1|-1,-1|-1,-1|
#type=4,4,4,4,4,4,4,
.......
#011111011111111111
#assigned_pet=-1,-1,-1,-1,-1,-1,-1,
#assigned_hub=3,1,7,8,4,6,5,
#moving_targetting_pos=-1,-1|6,16|26,16|26,26|16,16|-1,-1|16,26|
#setting_targetting_pos=-1,-1|-1,-1|-1,-1|-1,-1|-1,-1|-1,-1|-1,-1|
#type=4,4,4,4,4,4,4,
.......
#011111011111111111
#assigned_pet=0,-1,-1,-1,-1,-1,-1,
#assigned_hub=3,1,7,8,4,6,5,
#moving_targetting_pos=-1,-1|6,16|26,16|26,26|16,16|-1,-1|16,26|
#setting_targetting_pos=15,4|-1,-1|-1,-1|-1,-1|-1,-1|-1,-1|-1,-1|
#type=4,4,4,4,4,4,4,
L......
#011111011111111111
#assigned_pet=0,-1,-1,-1,-1,-1,-1,
#assigned_hub=3,1,7,8,4,6,5,
#moving_targetting_pos=-1,-1|6,16|26,16|26,26|16,16|-1,-1|16,26|
#setting_targetting_pos=15,4|-1,-1|-1,-1|-1,-1|-1,-1|-1,-1|-1,-1|
#type=4,4,4,4,4,4,4,
U......
#011111011111111111
#assigned_pet=-1,-1,-1,-1,-1,-1,-1,
#assigned_hub=3,1,7,8,4,6,5,
#moving_targetting_pos=-1,-1|6,16|26,16|26,26|16,16|-1,-1|16,26|
#setting_targetting_pos=-1,-1|-1,-1|-1,-1|-1,-1|-1,-1|-1,-1|-1,-1|
#type=4,4,4,4,4,4,4,
.......
#011111011111111111
#assigned_pet=0,-1,-1,-1,-1,-1,-1,
#assigned_hub=3,1,7,8,4,6,5,
#moving_targetting_pos=-1,-1|6,16|26,16|26,26|16,16|-1,-1|16,26|
#setting_targetting_pos=17,4|-1,-1|-1,-1|-1,-1|-1,-1|-1,-1|-1,-1|
#type=4,4,4,4,4,4,4,
.......
#011111011111111111
#assigned_pet=6,-1,-1,-1,-1,6,-1,
#assigned_hub=3,1,7,8,4,6,5,
#moving_targetting_pos=-1,-1|6,16|26,16|26,26|16,16|-1,-1|16,26|
#setting_targetting_pos=18,7|-1,-1|-1,-1|-1,-1|-1,-1|24,7|-1,-1|
#type=4,4,4,4,4,4,4,
R....R.
#011111011111111111
#assigned_pet=0,-1,-1,-1,-1,-1,-1,
#assigned_hub=3,1,7,8,4,6,5,
#moving_targetting_pos=-1,-1|6,16|26,16|26,26|16,16|-1,-1|16,26|
#setting_targetting_pos=17,4|-1,-1|-1,-1|-1,-1|-1,-1|-1,-1|-1,-1|
#type=4,4,4,4,4,4,4,
L......
#011111011111111111
#assigned_pet=0,-1,-1,-1,-1,-1,-1,
#assigned_hub=3,1,7,8,4,6,5,
#moving_targetting_pos=-1,-1|6,16|26,16|26,26|16,16|-1,-1|16,26|
#setting_targetting_pos=17,4|-1,-1|-1,-1|-1,-1|-1,-1|-1,-1|-1,-1|
#type=4,4,4,4,4,4,4,
.......
#011111011111111111
#assigned_pet=6,-1,-1,-1,-1,6,-1,
#assigned_hub=3,1,7,8,4,6,5,
#moving_targetting_pos=-1,-1|6,16|-1,-1|26,26|16,16|-1,-1|16,26|
#setting_targetting_pos=18,7|-1,-1|-1,-1|-1,-1|-1,-1|24,7|-1,-1|
#type=4,4,4,4,4,4,4,
R....R.
#011111011111111111
#assigned_pet=6,-1,-1,-1,-1,6,-1,
#assigned_hub=3,1,7,8,4,6,5,
#moving_targetting_pos=-1,-1|6,16|26,16|26,26|16,16|-1,-1|16,26|
#setting_targetting_pos=18,7|-1,-1|-1,-1|-1,-1|-1,-1|24,7|-1,-1|
#type=4,4,4,4,4,4,4,
R......
#011111011111111111
#assigned_pet=6,-1,-1,-1,-1,6,-1,
#assigned_hub=3,1,7,8,4,6,5,
#moving_targetting_pos=-1,-1|6,16|26,16|26,26|16,16|-1,-1|16,26|
#setting_targetting_pos=18,7|-1,-1|-1,-1|-1,-1|-1,-1|24,7|-1,-1|
#type=4,4,4,4,4,4,4,
R......
#011111011111111111
#assigned_pet=6,-1,-1,-1,-1,6,-1,
#assigned_hub=3,1,7,8,4,6,5,
#moving_targetting_pos=-1,-1|6,16|26,16|26,26|16,16|-1,-1|16,26|
#setting_targetting_pos=18,7|-1,-1|-1,-1|-1,-1|-1,-1|24,7|-1,-1|
#type=4,4,4,4,4,4,4,
D......
#011111011111111111
#assigned_pet=6,-1,-1,-1,-1,6,-1,
#assigned_hub=3,1,7,8,4,6,5,
#moving_targetting_pos=-1,-1|6,16|26,16|26,26|16,16|-1,-1|16,26|
#setting_targetting_pos=18,7|-1,-1|-1,-1|-1,-1|-1,-1|24,7|-1,-1|
#type=4,4,4,4,4,4,4,
.......
#011111011111111111
#assigned_pet=-1,-1,-1,-1,-1,-1,-1,
#assigned_hub=3,1,7,8,4,6,5,
#moving_targetting_pos=-1,-1|6,16|26,16|26,26|16,16|-1,-1|16,26|
#setting_targetting_pos=-1,-1|-1,-1|-1,-1|-1,-1|-1,-1|-1,-1|-1,-1|
#type=4,4,4,4,4,4,4,
.......
#011111011111111111
#assigned_pet=6,-1,-1,-1,-1,6,-1,
#assigned_hub=3,1,7,8,4,6,5,
#moving_targetting_pos=-1,-1|6,16|26,16|26,26|16,16|-1,-1|16,26|
#setting_targetting_pos=18,7|-1,-1|-1,-1|-1,-1|-1,-1|24,7|-1,-1|
#type=4,4,4,4,4,4,4,
.......
#011111011111111111
#assigned_pet=-1,-1,-1,-1,-1,-1,-1,
#assigned_hub=3,1,7,8,4,6,5,
#moving_targetting_pos=-1,-1|6,16|26,16|26,26|16,16|-1,-1|16,26|
#setting_targetting_pos=-1,-1|-1,-1|-1,-1|-1,-1|-1,-1|-1,-1|-1,-1|
#type=4,4,4,4,4,4,4,
.......
#011111011111111111
#assigned_pet=-1,-1,-1,-1,-1,-1,-1,
#assigned_hub=3,1,7,8,4,6,5,
#moving_targetting_pos=-1,-1|6,16|26,16|26,26|16,16|-1,-1|16,26|
#setting_targetting_pos=-1,-1|-1,-1|-1,-1|-1,-1|-1,-1|-1,-1|-1,-1|
#type=4,4,4,4,4,4,4,
.......
#011111011111111111
#assigned_pet=-1,-1,-1,-1,-1,-1,-1,
#assigned_hub=3,1,7,8,4,6,5,
#moving_targetting_pos=-1,-1|6,16|26,16|26,26|16,16|-1,-1|16,26|
#setting_targetting_pos=-1,-1|-1,-1|-1,-1|-1,-1|-1,-1|-1,-1|-1,-1|
#type=4,4,4,4,4,4,4,
.......
#011111011111111111
#assigned_pet=-1,-1,-1,-1,-1,-1,-1,
#assigned_hub=3,1,7,8,4,6,5,
#moving_targetting_pos=-1,-1|6,16|26,16|26,26|16,16|-1,-1|16,26|
#setting_targetting_pos=-1,-1|-1,-1|-1,-1|-1,-1|-1,-1|-1,-1|-1,-1|
#type=4,4,4,4,4,4,4,
.......
#011111011111111111
#assigned_pet=-1,-1,-1,-1,-1,-1,-1,
#assigned_hub=3,1,7,8,4,6,5,
#moving_targetting_pos=-1,-1|6,16|26,16|26,26|16,16|-1,-1|16,26|
#setting_targetting_pos=-1,-1|-1,-1|-1,-1|-1,-1|-1,-1|-1,-1|-1,-1|
#type=4,4,4,4,4,4,4,
.......
#011111011111111111
#assigned_pet=-1,-1,-1,-1,-1,-1,-1,
#assigned_hub=3,1,7,8,4,6,5,
#moving_targetting_pos=-1,-1|6,16|26,16|26,26|16,16|-1,-1|16,26|
#setting_targetting_pos=-1,-1|-1,-1|-1,-1|-1,-1|-1,-1|-1,-1|-1,-1|
#type=4,4,4,4,4,4,4,
.......
#011111011111111111
#assigned_pet=-1,-1,-1,-1,-1,-1,-1,
#assigned_hub=3,1,7,8,4,6,5,
#moving_targetting_pos=-1,-1|6,16|26,16|26,26|16,16|-1,-1|16,26|
#setting_targetting_pos=-1,-1|-1,-1|-1,-1|-1,-1|-1,-1|-1,-1|-1,-1|
#type=4,4,4,4,4,4,4,
.......
#011111011111111111
#assigned_pet=0,-1,-1,-1,-1,0,-1,
#assigned_hub=3,1,7,8,4,6,5,
#moving_targetting_pos=-1,-1|6,16|26,16|26,26|16,16|-1,-1|16,26|
#setting_targetting_pos=18,7|-1,-1|-1,-1|-1,-1|-1,-1|24,7|-1,-1|
#type=4,4,4,4,4,4,4,
.......
#011111011111111111
#assigned_pet=0,-1,-1,-1,-1,0,-1,
#assigned_hub=3,1,7,8,4,6,5,
#moving_targetting_pos=-1,-1|6,16|-1,-1|26,26|16,16|-1,-1|16,26|
#setting_targetting_pos=18,7|-1,-1|-1,-1|-1,-1|-1,-1|24,7|-1,-1|
#type=4,4,4,4,4,4,4,
.......
#111111111111111111
#assigned_pet=0,-1,-1,-1,-1,0,-1,
#assigned_hub=3,1,7,8,4,6,5,
#moving_targetting_pos=-1,-1|6,16|-1,-1|26,26|16,16|-1,-1|16,26|
#setting_targetting_pos=18,7|-1,-1|-1,-1|-1,-1|-1,-1|24,7|-1,-1|
#type=5,4,4,4,4,5,4,
d....u.
#111111111111111111
#assigned_pet=-1,-1,-1,-1,-1,-1,-1,
#assigned_hub=3,1,7,8,4,6,5,
#moving_targetting_pos=16,6|6,16|26,16|26,26|16,16|26,6|16,26|
#setting_targetting_pos=-1,-1|-1,-1|-1,-1|-1,-1|-1,-1|-1,-1|-1,-1|
#type=4,4,4,4,4,4,4,
.......
#111111111111111111
#assigned_pet=-1,-1,-1,-1,-1,-1,-1,
#assigned_hub=3,1,7,8,4,6,5,
#moving_targetting_pos=16,6|6,16|26,16|26,26|16,16|26,6|16,26|
#setting_targetting_pos=-1,-1|-1,-1|-1,-1|-1,-1|-1,-1|-1,-1|-1,-1|
#type=4,4,4,4,4,4,4,
.......
#111111111111111111
#assigned_pet=-1,-1,-1,-1,-1,-1,-1,
#assigned_hub=3,1,7,8,4,6,5,
#moving_targetting_pos=16,6|6,16|26,16|26,26|16,16|26,6|16,26|
#setting_targetting_pos=-1,-1|-1,-1|-1,-1|-1,-1|-1,-1|-1,-1|-1,-1|
#type=4,4,4,4,4,4,4,
.......
#111111111111111111
#assigned_pet=-1,-1,-1,-1,-1,-1,-1,
#assigned_hub=3,1,7,8,4,6,5,
#moving_targetting_pos=16,6|6,16|26,16|26,26|16,16|26,6|16,26|
#setting_targetting_pos=-1,-1|-1,-1|-1,-1|-1,-1|-1,-1|-1,-1|-1,-1|
#type=4,4,4,4,4,4,4,
.......
#111111111111111111
#assigned_pet=-1,-1,-1,-1,-1,-1,-1,
#assigned_hub=3,1,7,8,4,6,5,
#moving_targetting_pos=16,6|6,16|26,16|26,26|16,16|26,6|16,26|
#setting_targetting_pos=-1,-1|-1,-1|-1,-1|-1,-1|-1,-1|-1,-1|-1,-1|
#type=4,4,4,4,4,4,4,
.......
#111111111111111111
#assigned_pet=-1,-1,-1,-1,-1,-1,-1,
#assigned_hub=3,1,7,8,4,6,5,
#moving_targetting_pos=16,6|6,16|26,16|26,26|16,16|26,6|16,26|
#setting_targetting_pos=-1,-1|-1,-1|-1,-1|-1,-1|-1,-1|-1,-1|-1,-1|
#type=4,4,4,4,4,4,4,
.......
#111111111111111111
#assigned_pet=-1,-1,-1,-1,-1,-1,-1,
#assigned_hub=3,1,7,8,4,6,5,
#moving_targetting_pos=16,6|6,16|26,16|26,26|16,16|26,6|16,26|
#setting_targetting_pos=-1,-1|-1,-1|-1,-1|-1,-1|-1,-1|-1,-1|-1,-1|
#type=4,4,4,4,4,4,4,
.......
#111111111111111111
#assigned_pet=-1,-1,-1,-1,-1,-1,-1,
#assigned_hub=3,1,7,8,4,6,5,
#moving_targetting_pos=16,6|6,16|26,16|26,26|16,16|26,6|16,26|
#setting_targetting_pos=-1,-1|-1,-1|-1,-1|-1,-1|-1,-1|-1,-1|-1,-1|
#type=4,4,4,4,4,4,4,
.......
#111111111111111111
#assigned_pet=-1,-1,-1,-1,-1,-1,-1,
#assigned_hub=3,1,7,8,4,6,5,
#moving_targetting_pos=16,6|6,16|26,16|26,26|16,16|26,6|16,26|
#setting_targetting_pos=-1,-1|-1,-1|-1,-1|-1,-1|-1,-1|-1,-1|-1,-1|
#type=4,4,4,4,4,4,4,
.......
#111111111111111111
#assigned_pet=-1,-1,-1,-1,-1,-1,-1,
#assigned_hub=3,1,7,8,4,6,5,
#moving_targetting_pos=16,6|6,16|26,16|26,26|16,16|26,6|16,26|
#setting_targetting_pos=-1,-1|-1,-1|-1,-1|-1,-1|-1,-1|-1,-1|-1,-1|
#type=4,4,4,4,4,4,4,
.......
#111111111111111111
#assigned_pet=-1,-1,-1,-1,-1,-1,-1,
#assigned_hub=3,1,7,8,4,6,5,
#moving_targetting_pos=16,6|6,16|26,16|26,26|16,16|26,6|16,26|
#setting_targetting_pos=-1,-1|-1,-1|-1,-1|-1,-1|-1,-1|-1,-1|-1,-1|
#type=4,4,4,4,4,4,4,
.......
#111111111111111111
#assigned_pet=-1,-1,-1,-1,-1,-1,-1,
#assigned_hub=3,1,7,8,4,6,5,
#moving_targetting_pos=16,6|6,16|26,16|26,26|16,16|26,6|16,26|
#setting_targetting_pos=-1,-1|-1,-1|-1,-1|-1,-1|-1,-1|-1,-1|-1,-1|
#type=4,4,4,4,4,4,4,
.......
#111111111111111111
#assigned_pet=-1,-1,-1,-1,-1,-1,-1,
#assigned_hub=3,1,7,8,4,6,5,
#moving_targetting_pos=16,6|6,16|26,16|26,26|16,16|26,6|16,26|
#setting_targetting_pos=-1,-1|-1,-1|-1,-1|-1,-1|-1,-1|-1,-1|-1,-1|
#type=4,4,4,4,4,4,4,
.......
#111111111111111111
#assigned_pet=-1,-1,-1,-1,-1,-1,-1,
#assigned_hub=3,1,7,8,4,6,5,
#moving_targetting_pos=16,6|6,16|26,16|26,26|16,16|26,6|16,26|
#setting_targetting_pos=-1,-1|-1,-1|-1,-1|-1,-1|-1,-1|-1,-1|-1,-1|
#type=4,4,4,4,4,4,4,
.......
#111111111111111111
#assigned_pet=-1,-1,-1,-1,-1,-1,-1,
#assigned_hub=3,1,7,8,4,6,5,
#moving_targetting_pos=16,6|6,16|26,16|26,26|16,16|26,6|16,26|
#setting_targetting_pos=-1,-1|-1,-1|-1,-1|-1,-1|-1,-1|-1,-1|-1,-1|
#type=4,4,4,4,4,4,4,
.......
#111111111111111111
#assigned_pet=-1,-1,-1,-1,-1,-1,-1,
#assigned_hub=3,1,7,8,4,6,5,
#moving_targetting_pos=16,6|6,16|26,16|26,26|16,16|26,6|16,26|
#setting_targetting_pos=-1,-1|-1,-1|-1,-1|-1,-1|-1,-1|-1,-1|-1,-1|
#type=4,4,4,4,4,4,4,
.......
#111111111111111111
#assigned_pet=-1,-1,-1,-1,-1,-1,-1,
#assigned_hub=3,1,7,8,4,6,5,
#moving_targetting_pos=16,6|6,16|26,16|26,26|16,16|26,6|16,26|
#setting_targetting_pos=-1,-1|-1,-1|-1,-1|-1,-1|-1,-1|-1,-1|-1,-1|
#type=4,4,4,4,4,4,4,
.......
#111111111111111111
#assigned_pet=-1,-1,-1,-1,-1,-1,-1,
#assigned_hub=3,1,7,8,4,6,5,
#moving_targetting_pos=16,6|6,16|26,16|26,26|16,16|26,6|16,26|
#setting_targetting_pos=-1,-1|-1,-1|-1,-1|-1,-1|-1,-1|-1,-1|-1,-1|
#type=4,4,4,4,4,4,4,
.......
#111111111111111111
#assigned_pet=-1,-1,-1,-1,-1,-1,-1,
#assigned_hub=3,1,7,8,4,6,5,
#moving_targetting_pos=16,6|6,16|26,16|26,26|16,16|26,6|16,26|
#setting_targetting_pos=-1,-1|-1,-1|-1,-1|-1,-1|-1,-1|-1,-1|-1,-1|
#type=4,4,4,4,4,4,4,
.......
#111111111111111111
#assigned_pet=-1,-1,-1,-1,-1,-1,-1,
#assigned_hub=3,1,7,8,4,6,5,
#moving_targetting_pos=16,6|6,16|26,16|26,26|16,16|26,6|16,26|
#setting_targetting_pos=-1,-1|-1,-1|-1,-1|-1,-1|-1,-1|-1,-1|-1,-1|
#type=4,4,4,4,4,4,4,
.......
#111111111111111111
#assigned_pet=-1,-1,-1,-1,-1,-1,-1,
#assigned_hub=3,1,7,8,4,6,5,
#moving_targetting_pos=16,6|6,16|26,16|26,26|16,16|26,6|16,26|
#setting_targetting_pos=-1,-1|-1,-1|-1,-1|-1,-1|-1,-1|-1,-1|-1,-1|
#type=4,4,4,4,4,4,4,
.......
#111111111111111111
#assigned_pet=-1,-1,-1,-1,-1,-1,-1,
#assigned_hub=3,1,7,8,4,6,5,
#moving_targetting_pos=16,6|6,16|26,16|26,26|16,16|26,6|16,26|
#setting_targetting_pos=-1,-1|-1,-1|-1,-1|-1,-1|-1,-1|-1,-1|-1,-1|
#type=4,4,4,4,4,4,4,
.......
#111111111111111111
#assigned_pet=-1,-1,-1,-1,-1,-1,-1,
#assigned_hub=3,1,7,8,4,6,5,
#moving_targetting_pos=16,6|6,16|26,16|26,26|16,16|26,6|16,26|
#setting_targetting_pos=-1,-1|-1,-1|-1,-1|-1,-1|-1,-1|-1,-1|-1,-1|
#type=4,4,4,4,4,4,4,
.......
#111111111111111111
#assigned_pet=-1,-1,-1,-1,-1,-1,-1,
#assigned_hub=3,1,7,8,4,6,5,
#moving_targetting_pos=16,6|6,16|26,16|26,26|16,16|26,6|16,26|
#setting_targetting_pos=-1,-1|-1,-1|-1,-1|-1,-1|-1,-1|-1,-1|-1,-1|
#type=4,4,4,4,4,4,4,
.......
#111111111111111111
#assigned_pet=-1,-1,-1,-1,-1,-1,-1,
#assigned_hub=3,1,7,8,4,6,5,
#moving_targetting_pos=16,6|6,16|26,16|26,26|16,16|26,6|16,26|
#setting_targetting_pos=-1,-1|-1,-1|-1,-1|-1,-1|-1,-1|-1,-1|-1,-1|
#type=4,4,4,4,4,4,4,
.......
#111111111111111111
#assigned_pet=-1,-1,-1,-1,-1,-1,-1,
#assigned_hub=3,1,7,8,4,6,5,
#moving_targetting_pos=16,6|6,16|26,16|26,26|16,16|26,6|16,26|
#setting_targetting_pos=-1,-1|-1,-1|-1,-1|-1,-1|-1,-1|-1,-1|-1,-1|
#type=4,4,4,4,4,4,4,
.......
#111111111111111111
#assigned_pet=-1,-1,-1,-1,-1,-1,-1,
#assigned_hub=3,1,7,8,4,6,5,
#moving_targetting_pos=16,6|6,16|26,16|26,26|16,16|26,6|16,26|
#setting_targetting_pos=-1,-1|-1,-1|-1,-1|-1,-1|-1,-1|-1,-1|-1,-1|
#type=4,4,4,4,4,4,4,
.......
#111111111111111111
#assigned_pet=-1,-1,-1,-1,-1,-1,-1,
#assigned_hub=3,1,7,8,4,6,5,
#moving_targetting_pos=16,6|6,16|26,16|26,26|16,16|26,6|16,26|
#setting_targetting_pos=-1,-1|-1,-1|-1,-1|-1,-1|-1,-1|-1,-1|-1,-1|
#type=4,4,4,4,4,4,4,
.......
#111111111111111111
#assigned_pet=-1,-1,-1,-1,-1,-1,-1,
#assigned_hub=3,1,7,8,4,6,5,
#moving_targetting_pos=16,6|6,16|26,16|26,26|16,16|26,6|16,26|
#setting_targetting_pos=-1,-1|-1,-1|-1,-1|-1,-1|-1,-1|-1,-1|-1,-1|
#type=4,4,4,4,4,4,4,
.......
#111111111111111111
#assigned_pet=-1,-1,-1,-1,-1,-1,-1,
#assigned_hub=3,1,7,8,4,6,5,
#moving_targetting_pos=16,6|6,16|26,16|26,26|16,16|26,6|16,26|
#setting_targetting_pos=-1,-1|-1,-1|-1,-1|-1,-1|-1,-1|-1,-1|-1,-1|
#type=4,4,4,4,4,4,4,
.......
#111111111111111111
#assigned_pet=-1,-1,-1,-1,-1,-1,-1,
#assigned_hub=3,1,7,8,4,6,5,
#moving_targetting_pos=16,6|6,16|26,16|26,26|16,16|26,6|16,26|
#setting_targetting_pos=-1,-1|-1,-1|-1,-1|-1,-1|-1,-1|-1,-1|-1,-1|
#type=4,4,4,4,4,4,4,
.......
#111111111111111111
#assigned_pet=-1,-1,-1,-1,-1,-1,-1,
#assigned_hub=3,1,7,8,4,6,5,
#moving_targetting_pos=16,6|6,16|26,16|26,26|16,16|26,6|16,26|
#setting_targetting_pos=-1,-1|-1,-1|-1,-1|-1,-1|-1,-1|-1,-1|-1,-1|
#type=4,4,4,4,4,4,4,
.......
#111111111111111111
#assigned_pet=-1,-1,-1,-1,-1,-1,-1,
#assigned_hub=3,1,7,8,4,6,5,
#moving_targetting_pos=16,6|6,16|26,16|26,26|16,16|26,6|16,26|
#setting_targetting_pos=-1,-1|-1,-1|-1,-1|-1,-1|-1,-1|-1,-1|-1,-1|
#type=4,4,4,4,4,4,4,
.......
