#0000000000000000
#assigned_pet=-1,-1,-1,-1,-1,-1,-1,
#assigned_hub=-1,-1,-1,-1,-1,-1,-1,
#moving_targetting_pos=22,1|9,2|12,1|5,30|15,30|25,30|19,30|
#setting_targetting_pos=22,29|9,30|12,29|5,1|15,1|25,1|19,2|
#type=1,1,1,2,1,1,1,
LLLdRRR
#0000000000000000
#assigned_pet=-1,-1,-1,-1,-1,-1,-1,
#assigned_hub=-1,-1,-1,-1,-1,-1,-1,
#moving_targetting_pos=22,1|9,2|12,1|5,30|15,30|25,30|19,30|
#setting_targetting_pos=22,29|9,30|12,29|5,1|15,1|25,1|19,2|
#type=1,1,1,2,1,1,1,
LLLLRRR
#0000000000000000
#assigned_pet=-1,-1,-1,-1,-1,-1,-1,
#assigned_hub=-1,-1,-1,-1,-1,-1,-1,
#moving_targetting_pos=22,1|9,2|12,1|5,30|15,30|25,30|19,30|
#setting_targetting_pos=22,29|9,30|12,29|5,1|15,1|25,1|19,2|
#type=1,1,1,2,1,1,1,
LDLdRRR
#0000000000000000
#assigned_pet=-1,-1,-1,-1,-1,-1,-1,
#assigned_hub=-1,-1,-1,-1,-1,-1,-1,
#moving_targetting_pos=22,1|9,2|12,1|5,30|15,30|25,30|19,30|
#setting_targetting_pos=22,29|9,30|12,29|5,1|15,1|25,1|19,2|
#type=1,1,1,2,1,1,1,
LDLLRRR
#0000000000000000
#assigned_pet=-1,-1,-1,-1,-1,-1,-1,
#assigned_hub=-1,-1,-1,-1,-1,-1,-1,
#moving_targetting_pos=22,1|9,2|12,1|5,30|15,30|25,30|19,30|
#setting_targetting_pos=22,29|9,30|12,29|5,1|15,1|25,1|19,2|
#type=1,2,1,2,1,1,1,
LdLuRRR
#0000000000000000
#assigned_pet=-1,-1,-1,-1,-1,-1,-1,
#assigned_hub=-1,-1,-1,-1,-1,-1,-1,
#moving_targetting_pos=22,1|9,2|12,1|5,30|15,30|25,30|19,30|
#setting_targetting_pos=22,29|9,30|12,29|5,1|15,1|25,1|19,2|
#type=1,2,1,2,1,1,1,
LRLLRRR
#0000000000000000
#assigned_pet=-1,-1,-1,-1,-1,-1,-1,
#assigned_hub=-1,-1,-1,-1,-1,-1,-1,
#moving_targetting_pos=22,1|9,2|12,1|5,30|15,30|25,30|19,30|
#setting_targetting_pos=22,29|9,30|12,29|5,1|15,1|25,1|19,2|
#type=1,2,1,2,1,1,1,
LRLLRRR
#0000000000000000
#assigned_pet=-1,-1,-1,-1,-1,-1,-1,
#assigned_hub=-1,-1,-1,-1,-1,-1,-1,
#moving_targetting_pos=22,1|9,2|12,1|5,30|15,30|25,30|19,30|
#setting_targetting_pos=22,29|9,30|12,29|5,1|15,1|25,1|19,2|
#type=1,2,1,2,2,1,1,
LlLLdRR
#0000000000000000
#assigned_pet=-1,-1,-1,-1,-1,-1,-1,
#assigned_hub=-1,-1,-1,-1,-1,-1,-1,
#moving_targetting_pos=22,1|9,2|12,1|5,30|15,30|25,30|19,30|
#setting_targetting_pos=22,29|9,30|12,29|5,1|15,1|25,1|19,2|
#type=1,2,1,2,2,1,1,
L.LLLRR
#0000000000000000
#assigned_pet=-1,-1,-1,-1,-1,-1,-1,
#assigned_hub=-1,-1,-1,-1,-1,-1,-1,
#moving_targetting_pos=22,1|9,2|12,1|5,30|15,30|25,30|19,30|
#setting_targetting_pos=22,29|9,30|12,29|5,1|15,1|25,1|19,2|
#type=1,2,1,2,2,1,1,
L.LudRU
#0000000000000000
#assigned_pet=-1,-1,-1,-1,-1,-1,-1,
#assigned_hub=-1,-1,-1,-1,-1,-1,-1,
#moving_targetting_pos=22,1|9,2|12,1|5,30|15,30|25,30|19,30|
#setting_targetting_pos=22,29|9,30|12,29|5,1|15,1|25,1|19,2|
#type=1,2,1,2,2,1,1,
L.LLLRU
#0000000000000000
#assigned_pet=-1,-1,-1,-1,-1,-1,-1,
#assigned_hub=-1,-1,-1,-1,-1,-1,-1,
#moving_targetting_pos=22,1|9,2|12,1|5,30|15,30|25,30|19,30|
#setting_targetting_pos=22,29|9,30|12,29|5,1|15,1|25,1|19,2|
#type=1,2,1,2,2,1,1,
LuLduRU
#0000000000000000
#assigned_pet=-1,-1,-1,-1,-1,-1,-1,
#assigned_hub=-1,-1,-1,-1,-1,-1,-1,
#moving_targetting_pos=22,1|9,2|12,1|5,30|15,30|25,30|19,30|
#setting_targetting_pos=22,29|9,30|12,29|5,1|15,1|25,1|19,2|
#type=1,2,1,2,2,1,2,
LRLLLUd
#0000000000000000
#assigned_pet=-1,-1,-1,-1,-1,-1,-1,
#assigned_hub=-1,-1,-1,-1,-1,-1,-1,
#moving_targetting_pos=22,1|9,2|12,1|5,30|15,30|25,30|19,30|
#setting_targetting_pos=22,29|9,30|12,29|5,1|15,1|25,1|19,2|
#type=1,2,2,2,2,2,2,
URudLdL
#0000000000000000
#assigned_pet=-1,-1,-1,-1,-1,-1,-1,
#assigned_hub=-1,-1,-1,-1,-1,-1,-1,
#moving_targetting_pos=22,1|9,2|12,1|5,30|15,30|25,30|19,30|
#setting_targetting_pos=22,29|9,30|12,29|5,1|15,1|25,1|19,2|
#type=2,2,2,2,2,2,2,
udRLLLL
#0000000000000000
#assigned_pet=-1,-1,-1,-1,-1,-1,-1,
#assigned_hub=-1,-1,-1,-1,-1,-1,-1,
#moving_targetting_pos=22,1|9,2|12,1|5,30|15,30|25,30|19,30|
#setting_targetting_pos=22,29|9,30|12,29|5,1|15,1|25,1|19,2|
#type=2,2,2,2,2,2,2,
RRRdLdr
#0000000000000000
#assigned_pet=-1,-1,-1,-1,-1,-1,-1,
#assigned_hub=-1,-1,-1,-1,-1,-1,-1,
#moving_targetting_pos=22,1|9,2|12,1|5,30|15,30|25,30|19,30|
#setting_targetting_pos=22,29|9,30|12,29|5,1|15,1|25,1|19,2|
#type=2,2,2,2,2,2,2,
RllLuLu
#0000000000000000
#assigned_pet=-1,-1,-1,-1,-1,-1,-1,
#assigned_hub=-1,-1,-1,-1,-1,-1,-1,
#moving_targetting_pos=22,1|9,2|12,1|5,30|15,30|25,30|19,30|
#setting_targetting_pos=22,29|9,30|12,29|5,1|15,1|25,1|19,2|
#type=2,2,2,2,2,2,2,
lRddLuL
#0000000000000000
#assigned_pet=-1,-1,-1,-1,-1,-1,-1,
#assigned_hub=-1,-1,-1,-1,-1,-1,-1,
#moving_targetting_pos=22,1|9,2|12,1|5,30|15,30|25,30|19,30|
#setting_targetting_pos=22,29|9,30|12,29|5,1|15,1|25,1|19,2|
#type=2,2,2,2,2,2,2,
duRLdLL
#0000000000000000
#assigned_pet=-1,-1,-1,-1,-1,-1,-1,
#assigned_hub=-1,-1,-1,-1,-1,-1,-1,
#moving_targetting_pos=22,1|9,2|12,1|5,30|15,30|25,30|19,30|
#setting_targetting_pos=22,29|9,30|12,29|5,1|15,1|25,1|19,2|
#type=2,2,2,2,2,2,2,
RRRdLLd
#0000000000000000
#assigned_pet=-1,-1,-1,-1,-1,-1,-1,
#assigned_hub=-1,-1,-1,-1,-1,-1,-1,
#moving_targetting_pos=22,1|9,2|12,1|5,30|15,30|25,30|19,30|
#setting_targetting_pos=22,29|9,30|12,29|5,1|15,1|25,1|19,2|
#type=2,2,2,2,2,2,2,
RRRLdLL
#0000000000000000
#assigned_pet=-1,-1,-1,-1,-1,-1,-1,
#assigned_hub=-1,-1,-1,-1,-1,-1,-1,
#moving_targetting_pos=22,1|9,2|12,1|5,30|15,30|25,30|19,30|
#setting_targetting_pos=22,29|9,30|12,29|5,1|15,1|25,1|19,2|
#type=2,2,2,2,2,2,2,
RlduLLr
#0000000000000000
#assigned_pet=-1,-1,-1,-1,-1,-1,-1,
#assigned_hub=-1,-1,-1,-1,-1,-1,-1,
#moving_targetting_pos=22,1|9,2|12,1|5,30|15,30|25,30|19,30|
#setting_targetting_pos=22,29|9,30|12,29|5,1|15,1|25,1|19,2|
#type=2,2,2,2,2,2,2,
d.uLd.L
#0000000000000000
#assigned_pet=-1,-1,-1,-1,-1,-1,-1,
#assigned_hub=-1,-1,-1,-1,-1,-1,-1,
#moving_targetting_pos=22,1|9,2|12,1|5,30|15,30|25,30|19,30|
#setting_targetting_pos=22,29|9,30|12,29|5,1|15,1|25,1|19,2|
#type=2,2,2,2,2,2,2,
udRLL.u
#0000000000000000
#assigned_pet=-1,-1,-1,-1,-1,-1,-1,
#assigned_hub=-1,-1,-1,-1,-1,-1,-1,
#moving_targetting_pos=22,1|9,2|12,1|5,30|15,30|25,30|19,30|
#setting_targetting_pos=22,29|9,30|12,29|5,1|15,1|25,1|19,2|
#type=2,2,2,2,2,2,2,
RRlLd.L
#0000000000000000
#assigned_pet=-1,-1,-1,-1,-1,-1,-1,
#assigned_hub=-1,-1,-1,-1,-1,-1,-1,
#moving_targetting_pos=22,1|9,2|12,1|5,30|15,30|25,30|19,30|
#setting_targetting_pos=22,29|9,30|12,29|5,1|15,1|25,1|19,2|
#type=2,2,2,2,2,2,2,
lRRLL.L
#0000000000000000
#assigned_pet=-1,-1,-1,-1,-1,-1,-1,
#assigned_hub=-1,-1,-1,-1,-1,-1,-1,
#moving_targetting_pos=22,1|9,2|12,1|5,30|15,30|25,30|19,30|
#setting_targetting_pos=22,29|9,30|12,29|5,1|15,1|25,1|19,2|
#type=2,2,2,2,2,2,2,
RdRud.r
#0000000000000000
#assigned_pet=-1,-1,-1,-1,-1,-1,-1,
#assigned_hub=-1,-1,-1,-1,-1,-1,-1,
#moving_targetting_pos=22,1|9,2|12,1|5,30|15,30|25,30|19,30|
#setting_targetting_pos=22,29|9,30|12,29|5,1|15,1|25,1|19,2|
#type=2,2,2,2,2,2,2,
RRdLLu.
#0000000000000000
#assigned_pet=-1,-1,-1,-1,-1,-1,-1,
#assigned_hub=-1,-1,-1,-1,-1,-1,-1,
#moving_targetting_pos=22,1|9,2|12,1|5,30|15,30|25,30|19,30|
#setting_targetting_pos=22,29|9,30|12,29|5,1|15,1|25,1|19,2|
#type=2,2,2,2,2,2,2,
dRRduL.
#0000000000000000
#assigned_pet=-1,-1,-1,-1,-1,-1,-1,
#assigned_hub=-1,-1,-1,-1,-1,-1,-1,
#moving_targetting_pos=22,1|9,2|12,1|5,30|15,30|25,30|19,30|
#setting_targetting_pos=22,29|9,30|12,29|5,1|15,1|25,1|19,2|
#type=2,2,2,2,2,2,2,
RlRLLd.
#0000000000000000
#assigned_pet=-1,-1,-1,-1,-1,-1,-1,
#assigned_hub=-1,-1,-1,-1,-1,-1,-1,
#moving_targetting_pos=22,1|9,2|12,1|5,30|15,30|25,30|19,30|
#setting_targetting_pos=22,29|9,30|12,29|5,1|15,1|25,1|19,2|
#type=2,2,2,2,2,2,2,
RuldLL.
#0000000000000000
#assigned_pet=-1,-1,-1,-1,-1,-1,-1,
#assigned_hub=-1,-1,-1,-1,-1,-1,-1,
#moving_targetting_pos=22,1|9,2|12,1|5,30|15,30|25,30|19,30|
#setting_targetting_pos=22,29|9,30|12,29|5,1|15,1|25,1|19,2|
#type=2,2,2,2,2,2,2,
lR.LLd.
#0000000000000000
#assigned_pet=-1,-1,-1,-1,-1,-1,-1,
#assigned_hub=-1,-1,-1,-1,-1,-1,-1,
#moving_targetting_pos=22,1|9,2|12,1|5,30|15,30|25,30|19,30|
#setting_targetting_pos=22,29|9,30|12,29|5,1|15,1|25,1|19,2|
#type=2,2,2,2,2,2,2,
.R.dLL.
#0000000000000000
#assigned_pet=-1,-1,-1,-1,-1,-1,-1,
#assigned_hub=-1,-1,-1,-1,-1,-1,-1,
#moving_targetting_pos=22,1|9,2|12,1|5,30|15,30|25,30|19,30|
#setting_targetting_pos=22,29|9,30|12,29|5,1|15,1|25,1|19,2|
#type=2,2,2,2,2,2,2,
.d.Lud.
#0000000000000000
#assigned_pet=-1,-1,-1,-1,-1,-1,-1,
#assigned_hub=-1,-1,-1,-1,-1,-1,-1,
#moving_targetting_pos=22,1|9,2|12,1|5,30|15,30|25,30|19,30|
#setting_targetting_pos=22,29|9,30|12,29|5,1|15,1|25,1|19,2|
#type=2,2,2,2,2,2,2,
.R.dLL.
#0000000000000000
#assigned_pet=-1,-1,-1,-1,-1,-1,-1,
#assigned_hub=-1,-1,-1,-1,-1,-1,-1,
#moving_targetting_pos=22,1|9,2|12,1|5,30|15,30|25,30|19,30|
#setting_targetting_pos=22,29|9,30|12,29|5,1|15,1|25,1|19,2|
#type=2,2,2,2,2,2,2,
uluLdd.
#0000000000000000
#assigned_pet=-1,-1,-1,-1,-1,-1,-1,
#assigned_hub=-1,-1,-1,-1,-1,-1,-1,
#moving_targetting_pos=22,1|9,2|12,1|5,30|15,30|25,30|19,30|
#setting_targetting_pos=22,29|9,30|12,29|5,1|15,1|25,1|19,2|
#type=2,2,2,2,2,2,2,
RRRdLL.
#0000000000000000
#assigned_pet=-1,-1,-1,-1,-1,-1,-1,
#assigned_hub=-1,-1,-1,-1,-1,-1,-1,
#moving_targetting_pos=22,1|9,2|12,1|5,30|15,30|25,30|19,30|
#setting_targetting_pos=22,29|9,30|12,29|5,1|15,1|25,1|19,2|
#type=2,2,2,2,2,2,2,
RuRLddd
#0000000000000000
#assigned_pet=-1,-1,-1,-1,-1,-1,-1,
#assigned_hub=-1,-1,-1,-1,-1,-1,-1,
#moving_targetting_pos=22,1|9,2|12,1|5,30|15,30|25,30|19,30|
#setting_targetting_pos=22,29|9,30|12,29|5,1|15,1|25,1|19,2|
#type=2,2,2,2,2,2,2,
.RluLLL
#0000000000000000
#assigned_pet=-1,-1,-1,-1,-1,-1,-1,
#assigned_hub=-1,-1,-1,-1,-1,-1,-1,
#moving_targetting_pos=22,1|9,2|12,1|5,30|15,30|25,30|19,30|
#setting_targetting_pos=22,29|9,30|12,29|5,1|15,1|25,1|19,2|
#type=2,2,2,2,2,2,2,
dR.LduL
#0000000000000000
#assigned_pet=-1,-1,-1,-1,-1,-1,-1,
#assigned_hub=-1,-1,-1,-1,-1,-1,-1,
#moving_targetting_pos=22,1|9,2|12,1|5,30|15,30|25,30|19,30|
#setting_targetting_pos=22,29|9,30|12,29|5,1|15,1|25,1|19,2|
#type=2,2,2,2,2,2,2,
ll.LLLd
#0000000000000000
#assigned_pet=-1,-1,-1,-1,-1,-1,-1,
#assigned_hub=-1,-1,-1,-1,-1,-1,-1,
#moving_targetting_pos=22,1|9,2|12,1|5,30|15,30|25,30|19,30|
#setting_targetting_pos=22,29|9,30|12,29|5,1|15,1|25,1|19,2|
#type=2,2,2,2,2,2,2,
Rd.LdLL
#0000000000000000
#assigned_pet=-1,-1,-1,-1,-1,-1,-1,
#assigned_hub=-1,-1,-1,-1,-1,-1,-1,
#moving_targetting_pos=22,1|9,2|12,1|5,30|15,30|25,30|19,30|
#setting_targetting_pos=22,29|9,30|12,29|5,1|15,1|25,1|19,2|
#type=2,2,2,2,2,2,2,
RRdLLLL
#0000000000000000
#assigned_pet=-1,-1,-1,-1,-1,-1,-1,
#assigned_hub=-1,-1,-1,-1,-1,-1,-1,
#moving_targetting_pos=22,1|9,2|12,1|5,30|15,30|25,30|19,30|
#setting_targetting_pos=22,29|9,30|12,29|5,1|15,1|25,1|19,2|
#type=2,2,2,2,2,2,2,
RRRudLr
#0000000000000000
#assigned_pet=-1,-1,-1,-1,-1,-1,-1,
#assigned_hub=-1,-1,-1,-1,-1,-1,-1,
#moving_targetting_pos=22,1|9,2|12,1|5,30|15,30|25,30|19,30|
#setting_targetting_pos=22,29|9,30|12,29|5,1|15,1|25,1|19,2|
#type=2,2,2,2,2,2,2,
udRLLuu
#0000000000000000
#assigned_pet=-1,-1,-1,-1,-1,-1,-1,
#assigned_hub=-1,-1,-1,-1,-1,-1,-1,
#moving_targetting_pos=22,1|9,2|12,1|5,30|15,30|25,30|19,30|
#setting_targetting_pos=22,29|9,30|12,29|5,1|15,1|25,1|19,2|
#type=2,2,2,2,2,2,2,
dRRd.LL
#0000000000000000
#assigned_pet=-1,-1,-1,-1,-1,-1,-1,
#assigned_hub=-1,-1,-1,-1,-1,-1,-1,
#moving_targetting_pos=22,1|9,2|12,1|5,30|15,30|25,30|19,30|
#setting_targetting_pos=22,29|9,30|12,29|5,1|15,1|25,1|19,2|
#type=2,2,2,2,2,2,2,
RRdL.dL
#0000000000000000
#assigned_pet=-1,-1,-1,-1,-1,-1,-1,
#assigned_hub=-1,-1,-1,-1,-1,-1,-1,
#moving_targetting_pos=22,1|9,2|12,1|5,30|15,30|25,30|19,30|
#setting_targetting_pos=22,29|9,30|12,29|5,1|15,1|25,1|19,2|
#type=2,2,2,2,2,2,2,
ll.d.Ld
#0000000000000000
#assigned_pet=-1,-1,-1,-1,-1,-1,-1,
#assigned_hub=-1,-1,-1,-1,-1,-1,-1,
#moving_targetting_pos=22,1|9,2|12,1|5,30|15,30|25,30|19,30|
#setting_targetting_pos=22,29|9,30|12,29|5,1|15,1|25,1|19,2|
#type=2,2,2,2,2,2,2,
R.uL.dL
#0000000000000000
#assigned_pet=-1,-1,-1,-1,-1,-1,-1,
#assigned_hub=-1,-1,-1,-1,-1,-1,-1,
#moving_targetting_pos=22,1|9,2|12,1|5,30|15,30|25,30|19,30|
#setting_targetting_pos=22,29|9,30|12,29|5,1|15,1|25,1|19,2|
#type=2,2,2,2,2,2,2,
R.Rd.L.
#0000000000000000
#assigned_pet=-1,-1,-1,-1,-1,-1,-1,
#assigned_hub=-1,-1,-1,-1,-1,-1,-1,
#moving_targetting_pos=22,1|9,2|12,1|2,1|15,30|25,30|19,30|
#setting_targetting_pos=22,29|9,30|12,29|2,29|15,1|25,1|19,2|
#type=2,2,2,1,2,2,2,
d.lU.dr
#0000000000000000
#assigned_pet=-1,-1,-1,-1,-1,-1,-1,
#assigned_hub=-1,-1,-1,-1,-1,-1,-1,
#moving_targetting_pos=22,1|9,2|12,1|2,1|15,30|25,30|19,30|
#setting_targetting_pos=22,29|9,30|12,29|2,29|15,1|25,1|19,2|
#type=2,2,2,1,2,2,2,
R.RU.LL
#0000000000000000
#assigned_pet=-1,-1,-1,-1,-1,-1,-1,
#assigned_hub=-1,-1,-1,-1,-1,-1,-1,
#moving_targetting_pos=22,1|9,2|12,1|2,1|15,30|25,30|19,30|
#setting_targetting_pos=22,29|9,30|12,29|2,29|15,1|25,1|19,2|
#type=2,2,2,1,2,2,2,
R.RU..u
#0000000000000000
#assigned_pet=-1,-1,-1,-1,-1,-1,-1,
#assigned_hub=-1,-1,-1,-1,-1,-1,-1,
#moving_targetting_pos=22,1|9,2|12,1|2,1|15,30|25,30|19,30|
#setting_targetting_pos=22,29|9,30|12,29|2,29|15,1|25,1|19,2|
#type=2,2,2,2,2,2,2,
ludu.dL
#0000000000000000
#assigned_pet=-1,-1,-1,-1,-1,-1,-1,
#assigned_hub=-1,-1,-1,-1,-1,-1,-1,
#moving_targetting_pos=22,1|9,2|12,1|2,1|15,30|25,30|19,30|
#setting_targetting_pos=22,29|9,30|12,29|2,29|15,1|25,1|19,2|
#type=2,2,2,2,2,2,2,
uRRR.LL
#0000000000000000
#assigned_pet=-1,-1,-1,-1,-1,-1,-1,
#assigned_hub=-1,-1,-1,-1,-1,-1,-1,
#moving_targetting_pos=22,1|9,2|12,1|2,1|15,30|25,30|19,30|
#setting_targetting_pos=22,29|9,30|12,29|2,29|15,1|25,1|19,2|
#type=2,2,2,2,2,2,2,
RRRRudr
#0000000000000000
#assigned_pet=-1,-1,-1,-1,-1,-1,-1,
#assigned_hub=-1,-1,-1,-1,-1,-1,-1,
#moving_targetting_pos=22,1|9,2|12,1|2,1|15,30|25,30|19,30|
#setting_targetting_pos=22,29|9,30|12,29|2,29|15,1|25,1|19,2|
#type=2,2,2,2,2,2,2,
Rd.lLL.
#0000000000000000
#assigned_pet=-1,-1,-1,-1,-1,-1,-1,
#assigned_hub=-1,-1,-1,-1,-1,-1,-1,
#moving_targetting_pos=22,1|9,2|12,1|2,1|15,30|25,30|19,30|
#setting_targetting_pos=22,29|9,30|12,29|2,29|15,1|25,1|19,2|
#type=2,2,2,2,2,2,2,
lR.dLu.
#0000000000000000
#assigned_pet=-1,-1,-1,-1,-1,-1,-1,
#assigned_hub=-1,-1,-1,-1,-1,-1,-1,
#moving_targetting_pos=22,1|9,2|12,1|2,1|15,30|25,30|19,30|
#setting_targetting_pos=22,29|9,30|12,29|2,29|15,1|25,1|19,2|
#type=2,2,2,2,2,2,2,
dllRLL.
#0000000000000000
#assigned_pet=-1,-1,-1,-1,-1,-1,-1,
#assigned_hub=-1,-1,-1,-1,-1,-1,-1,
#moving_targetting_pos=22,1|9,2|12,1|2,1|15,30|25,30|19,30|
#setting_targetting_pos=22,29|9,30|12,29|2,29|15,1|25,1|19,2|
#type=2,2,2,2,2,2,2,
RRuRLLd
#0000000000000000
#assigned_pet=-1,-1,-1,-1,-1,-1,-1,
#assigned_hub=-1,-1,-1,-1,-1,-1,-1,
#moving_targetting_pos=22,1|9,2|12,1|2,1|15,30|25,30|19,30|
#setting_targetting_pos=22,29|9,30|12,29|2,29|15,1|25,1|19,2|
#type=2,2,2,2,2,2,2,
RuRRuLL
#0000000000000000
#assigned_pet=-1,-1,-1,-1,-1,-1,-1,
#assigned_hub=-1,-1,-1,-1,-1,-1,-1,
#moving_targetting_pos=22,1|9,2|12,1|2,1|15,30|25,30|19,30|
#setting_targetting_pos=22,29|9,30|12,29|2,29|15,1|25,1|19,2|
#type=2,2,2,2,2,2,2,
RRRdLLL
#0000000000000000
#assigned_pet=-1,-1,-1,-1,-1,-1,-1,
#assigned_hub=-1,-1,-1,-1,-1,-1,-1,
#moving_targetting_pos=22,1|9,2|12,1|2,1|15,30|25,30|19,30|
#setting_targetting_pos=22,29|9,30|12,29|2,29|15,1|25,1|19,2|
#type=2,2,2,2,2,2,2,
dRludud
#0000000000000000
#assigned_pet=-1,-1,-1,-1,-1,-1,-1,
#assigned_hub=-1,-1,-1,-1,-1,-1,-1,
#moving_targetting_pos=22,1|9,2|12,1|2,1|15,30|25,30|19,30|
#setting_targetting_pos=22,29|9,30|12,29|2,29|15,1|25,1|19,2|
#type=2,2,2,2,2,2,2,
uldRLLL
#0000000000000000
#assigned_pet=-1,-1,-1,-1,-1,-1,-1,
#assigned_hub=-1,-1,-1,-1,-1,-1,-1,
#moving_targetting_pos=22,1|9,2|12,1|2,1|15,30|25,30|19,30|
#setting_targetting_pos=22,29|9,30|12,29|2,29|15,1|25,1|19,2|
#type=2,2,2,2,2,2,2,
RdRlddL
#0000000000000000
#assigned_pet=-1,-1,-1,-1,-1,-1,-1,
#assigned_hub=-1,-1,-1,-1,-1,-1,-1,
#moving_targetting_pos=22,1|29,30|12,1|2,1|15,30|25,30|19,30|
#setting_targetting_pos=22,29|29,2|12,29|2,29|15,1|25,1|19,2|
#type=2,1,2,2,2,2,2,
lURRLLr
#0000000000000000
#assigned_pet=-1,-1,-1,-1,-1,-1,-1,
#assigned_hub=-1,-1,-1,-1,-1,-1,-1,
#moving_targetting_pos=22,1|29,30|12,1|2,1|15,30|25,30|19,30|
#setting_targetting_pos=22,29|29,2|12,29|2,29|15,1|25,1|19,2|
#type=2,1,2,2,2,2,2,
RLRRd.u
#0000000000000000
#assigned_pet=-1,-1,-1,-1,-1,-1,-1,
#assigned_hub=-1,-1,-1,-1,3,-1,-1,
#moving_targetting_pos=22,1|29,30|12,1|2,1|16,6|25,30|19,30|
#setting_targetting_pos=22,29|29,2|12,29|2,29|15,1|25,1|19,2|
#type=2,1,2,2,3,2,2,
RUddRdL
#0000000000000000
#assigned_pet=-1,-1,-1,-1,-1,-1,-1,
#assigned_hub=-1,-1,-1,-1,3,-1,-1,
#moving_targetting_pos=22,1|29,30|12,1|2,1|16,6|25,30|19,30|
#setting_targetting_pos=22,29|29,2|12,29|2,29|-1,-1|25,1|19,2|
#type=2,1,2,2,3,2,2,
rLuRRLL
#0000000000000000
#assigned_pet=-1,-1,-1,-1,-1,-1,-1,
#assigned_hub=-1,-1,-1,-1,3,-1,-1,
#moving_targetting_pos=22,1|29,30|12,1|2,1|16,6|25,30|19,30|
#setting_targetting_pos=22,29|29,2|12,29|2,29|-1,-1|25,1|19,2|
#type=2,1,2,2,3,2,2,
dLRRRdd
#0000000000000000
#assigned_pet=-1,-1,-1,-1,-1,-1,-1,
#assigned_hub=8,-1,-1,-1,3,6,-1,
#moving_targetting_pos=26,26|29,30|12,1|2,1|16,6|26,6|19,30|
#setting_targetting_pos=22,29|29,2|12,29|2,29|-1,-1|25,1|19,2|
#type=3,1,2,2,3,3,2,
LDllRRL
#0000000000000000
#assigned_pet=-1,-1,-1,-1,-1,-1,-1,
#assigned_hub=8,-1,-1,-1,3,6,-1,
#moving_targetting_pos=26,26|29,30|12,1|2,1|-1,-1|26,6|19,30|
#setting_targetting_pos=-1,-1|29,2|12,29|2,29|-1,-1|-1,-1|19,2|
#type=3,1,2,2,4,3,2,
LDRu.Rr
#0000000000000000
#assigned_pet=-1,-1,-1,-1,-1,-1,-1,
#assigned_hub=8,-1,-1,-1,3,6,-1,
#moving_targetting_pos=26,26|29,30|12,1|2,1|-1,-1|26,6|19,30|
#setting_targetting_pos=-1,-1|29,2|12,29|2,29|-1,-1|-1,-1|19,2|
#type=3,1,2,2,4,3,2,
DDRR.RL
#0000000000000000
#assigned_pet=-1,-1,-1,-1,-1,-1,-1,
#assigned_hub=8,-1,-1,-1,3,6,-1,
#moving_targetting_pos=26,26|29,30|12,1|2,1|-1,-1|26,6|19,30|
#setting_targetting_pos=-1,-1|29,2|12,29|2,29|-1,-1|-1,-1|19,2|
#type=3,1,2,2,4,3,2,
DDrR.Ru
#0000000000000000
#assigned_pet=-1,-1,-1,-1,-1,4,-1,
#assigned_hub=8,-1,-1,-1,3,6,-1,
#moving_targetting_pos=26,26|29,30|12,1|2,1|-1,-1|-1,-1|19,30|
#setting_targetting_pos=-1,-1|29,2|12,29|2,29|-1,-1|28,5|19,2|
#type=3,1,2,2,4,4,2,
LDdl.DL
#0000000000000000
#assigned_pet=-1,-1,-1,-1,-1,3,-1,
#assigned_hub=8,-1,5,-1,3,6,-1,
#moving_targetting_pos=-1,-1|29,30|16,26|2,1|-1,-1|-1,-1|19,30|
#setting_targetting_pos=-1,-1|29,2|12,29|2,29|-1,-1|28,7|19,2|
#type=4,1,3,2,4,4,2,
.DLd.RL
#0000000000000000
#assigned_pet=-1,-1,-1,-1,-1,3,-1,
#assigned_hub=8,-1,5,-1,3,6,-1,
#moving_targetting_pos=-1,-1|29,30|16,26|2,1|-1,-1|-1,-1|19,30|
#setting_targetting_pos=-1,-1|29,2|-1,-1|2,29|-1,-1|28,7|19,2|
#type=4,1,3,2,4,4,2,
.DLR.Rr
#0000000000000000
#assigned_pet=-1,-1,-1,-1,-1,3,-1,
#assigned_hub=8,-1,5,-1,3,6,-1,
#moving_targetting_pos=-1,-1|29,30|16,26|2,1|-1,-1|-1,-1|19,30|
#setting_targetting_pos=-1,-1|29,2|-1,-1|2,29|-1,-1|28,7|19,2|
#type=4,1,3,2,4,4,2,
.DDR.Dd
#0000000000000000
#assigned_pet=-1,-1,-1,-1,-1,3,-1,
#assigned_hub=8,-1,5,-1,3,6,4,
#moving_targetting_pos=-1,-1|29,30|16,26|2,1|-1,-1|-1,-1|16,16|
#setting_targetting_pos=-1,-1|29,2|-1,-1|2,29|-1,-1|28,7|19,2|
#type=4,1,3,2,4,4,3,
.DDR..U
#0000000000000000
#assigned_pet=-1,-1,-1,-1,-1,7,-1,
#assigned_hub=8,-1,5,-1,3,6,4,
#moving_targetting_pos=-1,-1|29,30|16,26|2,1|-1,-1|-1,-1|16,16|
#setting_targetting_pos=-1,-1|29,2|-1,-1|2,29|-1,-1|28,7|-1,-1|
#type=4,1,3,2,4,4,3,
.DLd..R
#0000000000000000
#assigned_pet=6,-1,6,-1,14,14,-1,
#assigned_hub=8,-1,5,-1,3,6,4,
#moving_targetting_pos=-1,-1|29,30|-1,-1|2,1|-1,-1|-1,-1|16,16|
#setting_targetting_pos=24,27|29,2|18,27|2,29|18,7|24,7|-1,-1|
#type=4,1,4,2,4,4,3,
.DRuRUU
#0000000000000000
#assigned_pet=6,-1,6,-1,-1,4,-1,
#assigned_hub=8,-1,5,-1,3,6,4,
#moving_targetting_pos=-1,-1|29,30|-1,-1|2,1|-1,-1|-1,-1|16,16|
#setting_targetting_pos=24,27|29,2|18,27|2,29|-1,-1|28,7|-1,-1|
#type=4,1,4,2,4,4,3,
.DDR.DR
#0000000000000000
#assigned_pet=6,-1,6,-1,-1,3,-1,
#assigned_hub=8,-1,5,-1,3,6,4,
#moving_targetting_pos=-1,-1|29,30|-1,-1|2,1|-1,-1|-1,-1|16,16|
#setting_targetting_pos=24,27|29,2|18,27|2,29|-1,-1|28,7|-1,-1|
#type=4,1,4,2,4,4,3,
.DDl..R
#0000000000000000
#assigned_pet=-1,-1,-1,-1,-1,3,-1,
#assigned_hub=8,-1,5,-1,3,6,4,
#moving_targetting_pos=-1,-1|29,30|-1,-1|2,1|-1,-1|-1,-1|16,16|
#setting_targetting_pos=-1,-1|29,2|-1,-1|2,29|-1,-1|28,7|-1,-1|
#type=4,1,4,2,4,4,3,
.D.R..R
#0000000000000000
#assigned_pet=6,-1,6,-1,-1,3,-1,
#assigned_hub=8,-1,5,-1,3,6,4,
#moving_targetting_pos=-1,-1|29,30|-1,-1|2,1|-1,-1|-1,-1|16,16|
#setting_targetting_pos=24,27|29,2|18,27|2,29|-1,-1|28,7|-1,-1|
#type=4,1,4,2,4,4,3,
.DDR..R
#0000000000000000
#assigned_pet=6,-1,6,-1,-1,3,-1,
#assigned_hub=8,-1,5,-1,3,6,4,
#moving_targetting_pos=-1,-1|29,30|-1,-1|2,1|-1,-1|-1,-1|16,16|
#setting_targetting_pos=24,27|29,2|18,27|2,29|-1,-1|28,7|-1,-1|
#type=4,1,4,2,4,4,3,
.D.d..R
#0000000000000000
#assigned_pet=6,-1,6,-1,-1,3,-1,
#assigned_hub=8,-1,5,-1,3,6,4,
#moving_targetting_pos=-1,-1|29,30|-1,-1|2,1|-1,-1|-1,-1|16,16|
#setting_targetting_pos=24,27|29,2|18,27|2,29|-1,-1|28,7|-1,-1|
#type=4,1,4,2,4,4,3,
.D.R..R
#0000000000000000
#assigned_pet=6,-1,6,-1,-1,4,-1,
#assigned_hub=8,-1,5,-1,3,6,4,
#moving_targetting_pos=-1,-1|29,30|-1,-1|2,1|-1,-1|-1,-1|16,16|
#setting_targetting_pos=24,27|29,2|18,27|2,29|-1,-1|28,7|-1,-1|
#type=4,1,4,2,4,4,3,
.D.R..R
#0000000000000000
#assigned_pet=-1,-1,-1,-1,-1,3,-1,
#assigned_hub=8,-1,5,-1,3,6,4,
#moving_targetting_pos=-1,-1|29,30|-1,-1|2,1|-1,-1|-1,-1|16,16|
#setting_targetting_pos=-1,-1|29,2|-1,-1|2,29|-1,-1|28,7|-1,-1|
#type=4,1,4,2,4,4,3,
.R.l..R
#0000000000000000
#assigned_pet=-1,-1,-1,-1,-1,3,-1,
#assigned_hub=8,-1,5,-1,3,6,4,
#moving_targetting_pos=-1,-1|29,30|-1,-1|2,1|-1,-1|-1,-1|16,16|
#setting_targetting_pos=-1,-1|29,2|-1,-1|2,29|-1,-1|28,7|-1,-1|
#type=4,1,4,2,4,4,3,
.D.u..R
#0000000000000000
#assigned_pet=-1,-1,-1,-1,-1,4,-1,
#assigned_hub=8,-1,5,-1,3,6,4,
#moving_targetting_pos=-1,-1|29,30|-1,-1|2,1|-1,-1|-1,-1|16,16|
#setting_targetting_pos=-1,-1|29,2|-1,-1|2,29|-1,-1|28,7|-1,-1|
#type=4,1,4,2,4,4,3,
.D.R..R
#0000000000000000
#assigned_pet=13,-1,-1,-1,-1,3,-1,
#assigned_hub=8,-1,5,-1,3,6,4,
#moving_targetting_pos=-1,-1|29,30|-1,-1|2,1|-1,-1|-1,-1|16,16|
#setting_targetting_pos=28,25|29,2|-1,-1|2,29|-1,-1|28,7|-1,-1|
#type=4,1,4,2,4,4,3,
LR.R..R
#0000000000000000
#assigned_pet=-1,-1,-1,-1,-1,4,-1,
#assigned_hub=8,-1,5,-1,3,6,4,
#moving_targetting_pos=-1,-1|29,30|-1,-1|2,1|-1,-1|-1,-1|16,16|
#setting_targetting_pos=-1,-1|29,2|-1,-1|2,29|-1,-1|28,7|-1,-1|
#type=4,1,4,2,4,4,3,
.R.l..R
#0000000000000000
#assigned_pet=-1,-1,1,-1,14,14,1,
#assigned_hub=8,-1,5,-1,3,6,4,
#moving_targetting_pos=-1,-1|29,30|-1,-1|2,1|-1,-1|-1,-1|-1,-1|
#setting_targetting_pos=-1,-1|29,2|17,24|2,29|18,7|24,7|17,18|
#type=4,1,4,2,4,4,4,
.DLdRUR
#0000000000000000
#assigned_pet=-1,-1,-1,-1,14,14,-1,
#assigned_hub=8,-1,5,-1,3,6,4,
#moving_targetting_pos=-1,-1|29,30|-1,-1|2,1|-1,-1|-1,-1|-1,-1|
#setting_targetting_pos=-1,-1|29,2|-1,-1|2,29|18,7|24,7|-1,-1|
#type=4,1,4,2,4,4,4,
.D.RDU.
#0000000000000000
#assigned_pet=-1,-1,-1,-1,14,14,-1,
#assigned_hub=8,-1,5,-1,3,6,4,
#moving_targetting_pos=-1,-1|29,30|-1,-1|2,1|-1,-1|-1,-1|-1,-1|
#setting_targetting_pos=-1,-1|29,2|-1,-1|2,29|18,7|24,7|-1,-1|
#type=4,2,4,2,4,4,4,
.d.RD..
#0000000000000010
#assigned_pet=-1,-1,-1,-1,14,14,-1,
#assigned_hub=8,-1,5,-1,3,6,4,
#moving_targetting_pos=-1,-1|29,30|-1,-1|2,1|-1,-1|-1,-1|-1,-1|
#setting_targetting_pos=-1,-1|29,2|-1,-1|2,29|18,7|24,7|-1,-1|
#type=4,2,4,2,5,5,4,
.L.Rdu.
#0000000000000010
#assigned_pet=-1,-1,-1,-1,-1,-1,-1,
#assigned_hub=8,-1,5,-1,3,6,4,
#moving_targetting_pos=-1,-1|29,30|-1,-1|2,1|-1,-1|-1,-1|-1,-1|
#setting_targetting_pos=-1,-1|29,2|-1,-1|2,29|-1,-1|-1,-1|-1,-1|
#type=4,2,4,2,4,4,4,
.L.d...
#0000000000000010
#assigned_pet=1,-1,1,-1,-1,4,-1,
#assigned_hub=8,-1,5,-1,3,6,4,
#moving_targetting_pos=-1,-1|29,30|-1,-1|2,1|-1,-1|-1,-1|-1,-1|
#setting_targetting_pos=24,25|29,2|18,25|2,29|-1,-1|28,7|-1,-1|
#type=4,2,4,2,4,4,4,
RrLu.D.
#0000000000000010
#assigned_pet=0,-1,0,-1,-1,3,-1,
#assigned_hub=8,-1,5,-1,3,6,4,
#moving_targetting_pos=-1,-1|29,30|-1,-1|2,1|-1,-1|-1,-1|-1,-1|
#setting_targetting_pos=24,25|29,2|18,25|2,29|-1,-1|28,5|-1,-1|
#type=4,2,4,2,4,4,4,
...R.L.
#1100000000000010
#assigned_pet=0,-1,0,-1,-1,3,-1,
#assigned_hub=8,-1,5,-1,3,6,4,
#moving_targetting_pos=-1,-1|29,30|-1,-1|2,1|-1,-1|-1,-1|-1,-1|
#setting_targetting_pos=24,25|29,2|18,25|2,29|-1,-1|28,5|-1,-1|
#type=5,2,5,2,4,4,4,
l.dl.L.
#1100000000000010
#assigned_pet=13,-1,10,-1,-1,4,10,
#assigned_hub=8,-1,5,-1,3,6,4,
#moving_targetting_pos=-1,-1|29,30|-1,-1|2,1|-1,-1|-1,-1|-1,-1|
#setting_targetting_pos=28,27|29,2|15,24|2,29|-1,-1|28,7|15,18|
#type=4,2,4,2,4,4,4,
R.LR.RR
#1100000000000010
#assigned_pet=13,-1,-1,-1,-1,3,-1,
#assigned_hub=8,-1,5,-1,3,6,4,
#moving_targetting_pos=-1,-1|29,30|-1,-1|2,1|-1,-1|-1,-1|-1,-1|
#setting_targetting_pos=27,28|29,2|-1,-1|2,29|-1,-1|28,7|-1,-1|
#type=4,2,4,2,4,4,4,
D..R.R.
#1100000000000010
#assigned_pet=13,-1,-1,-1,-1,3,-1,
#assigned_hub=8,-1,5,-1,3,6,4,
#moving_targetting_pos=-1,-1|29,30|-1,-1|2,1|-1,-1|-1,-1|-1,-1|
#setting_targetting_pos=27,28|29,2|-1,-1|2,29|-1,-1|28,7|-1,-1|
#type=4,2,4,2,4,4,4,
R..r.D.
#1100000000000010
#assigned_pet=13,-1,-1,-1,-1,3,-1,
#assigned_hub=8,-1,5,-1,3,6,4,
#moving_targetting_pos=-1,-1|29,30|-1,-1|2,1|-1,-1|-1,-1|-1,-1|
#setting_targetting_pos=27,28|29,2|-1,-1|2,29|-1,-1|28,7|-1,-1|
#type=4,2,4,2,4,4,4,
Du.d...
#1100000000000110
#assigned_pet=13,-1,-1,-1,-1,3,-1,
#assigned_hub=8,-1,5,2,3,6,4,
#moving_targetting_pos=-1,-1|29,30|-1,-1|6,26|-1,-1|-1,-1|-1,-1|
#setting_targetting_pos=27,28|29,2|-1,-1|2,29|-1,-1|28,7|-1,-1|
#type=5,2,4,3,4,4,4,
dL.L...
#1100000000000110
#assigned_pet=-1,-1,-1,-1,-1,3,-1,
#assigned_hub=7,-1,5,2,3,6,4,
#moving_targetting_pos=26,16|29,30|-1,-1|6,26|-1,-1|-1,-1|-1,-1|
#setting_targetting_pos=-1,-1|29,2|-1,-1|-1,-1|-1,-1|28,7|-1,-1|
#type=3,2,4,3,4,4,4,
LL.L...
#1100000000000110
#assigned_pet=-1,-1,-1,-1,-1,-1,-1,
#assigned_hub=7,-1,5,2,3,6,4,
#moving_targetting_pos=26,16|29,30|-1,-1|6,26|-1,-1|-1,-1|-1,-1|
#setting_targetting_pos=-1,-1|29,2|-1,-1|-1,-1|-1,-1|-1,-1|-1,-1|
#type=3,2,4,3,4,4,4,
Ld.D...
#1100000000000110
#assigned_pet=-1,-1,-1,-1,-1,3,-1,
#assigned_hub=7,-1,5,2,3,6,4,
#moving_targetting_pos=26,16|29,30|-1,-1|6,26|-1,-1|-1,-1|-1,-1|
#setting_targetting_pos=-1,-1|29,2|-1,-1|-1,-1|-1,-1|28,5|-1,-1|
#type=3,2,4,3,4,4,4,
LL.D.L.
#1100000000000110
#assigned_pet=-1,-1,-1,-1,-1,3,-1,
#assigned_hub=7,-1,5,2,3,6,4,
#moving_targetting_pos=26,16|29,30|-1,-1|6,26|-1,-1|-1,-1|-1,-1|
#setting_targetting_pos=-1,-1|29,2|-1,-1|-1,-1|-1,-1|28,5|-1,-1|
#type=3,2,4,3,4,4,4,
Lr.L.L.
#1100000000000110
#assigned_pet=-1,-1,-1,-1,10,3,10,
#assigned_hub=7,-1,5,2,3,6,4,
#moving_targetting_pos=26,16|29,30|-1,-1|-1,-1|-1,-1|-1,-1|-1,-1|
#setting_targetting_pos=-1,-1|29,2|-1,-1|-1,-1|15,8|28,5|15,14|
#type=3,2,4,4,4,4,4,
DL..R.L
#1100000000000110
#assigned_pet=-1,-1,-1,-1,10,3,10,
#assigned_hub=7,-1,5,2,3,6,4,
#moving_targetting_pos=26,16|29,30|-1,-1|-1,-1|-1,-1|-1,-1|-1,-1|
#setting_targetting_pos=-1,-1|29,2|-1,-1|-1,-1|15,8|28,5|15,14|
#type=3,2,4,4,4,4,4,
L...U.L
#1100000000000110
#assigned_pet=-1,-1,-1,-1,10,-1,10,
#assigned_hub=7,-1,5,2,3,6,4,
#moving_targetting_pos=26,16|29,30|-1,-1|-1,-1|-1,-1|-1,-1|-1,-1|
#setting_targetting_pos=-1,-1|29,2|-1,-1|-1,-1|15,8|-1,-1|15,14|
#type=3,2,4,4,4,4,4,
Lu....L
#1100000000000110
#assigned_pet=-1,-1,-1,-1,10,3,10,
#assigned_hub=7,-1,5,2,3,6,4,
#moving_targetting_pos=26,16|29,30|-1,-1|-1,-1|-1,-1|-1,-1|-1,-1|
#setting_targetting_pos=-1,-1|29,2|-1,-1|-1,-1|15,8|28,7|15,14|
#type=3,2,4,4,4,4,4,
LL...RU
#1100000000100110
#assigned_pet=-1,-1,-1,-1,10,3,10,
#assigned_hub=7,-1,5,2,3,6,4,
#moving_targetting_pos=26,16|29,30|-1,-1|-1,-1|-1,-1|-1,-1|-1,-1|
#setting_targetting_pos=-1,-1|29,2|-1,-1|-1,-1|15,8|28,7|15,14|
#type=3,2,4,4,5,4,5,
LL..uRu
#1100000000100110
#assigned_pet=-1,-1,-1,-1,-1,3,-1,
#assigned_hub=7,-1,5,2,3,6,4,
#moving_targetting_pos=26,16|29,30|-1,-1|-1,-1|-1,-1|-1,-1|-1,-1|
#setting_targetting_pos=-1,-1|29,2|-1,-1|-1,-1|-1,-1|28,7|-1,-1|
#type=3,2,4,4,4,4,4,
Lr.....
#1100000000100110
#assigned_pet=-1,-1,-1,-1,-1,3,-1,
#assigned_hub=7,-1,5,2,3,6,4,
#moving_targetting_pos=26,16|29,30|-1,-1|-1,-1|-1,-1|-1,-1|-1,-1|
#setting_targetting_pos=-1,-1|29,2|-1,-1|-1,-1|-1,-1|28,7|-1,-1|
#type=3,2,4,4,4,4,4,
Ld.....
#1100000000100110
#assigned_pet=-1,-1,-1,-1,-1,-1,-1,
#assigned_hub=7,-1,5,2,3,6,4,
#moving_targetting_pos=26,16|29,30|-1,-1|-1,-1|-1,-1|-1,-1|-1,-1|
#setting_targetting_pos=-1,-1|29,2|-1,-1|-1,-1|-1,-1|-1,-1|-1,-1|
#type=3,2,4,4,4,4,4,
LL.....
#1100000000100110
#assigned_pet=2,-1,-1,-1,-1,3,2,
#assigned_hub=7,-1,5,2,3,6,4,
#moving_targetting_pos=-1,-1|29,30|-1,-1|-1,-1|-1,-1|-1,-1|-1,-1|
#setting_targetting_pos=24,17|29,2|-1,-1|-1,-1|-1,-1|28,7|18,17|
#type=4,2,4,4,4,4,4,
UL....R
#1100000000100110
#assigned_pet=2,-1,-1,-1,-1,3,2,
#assigned_hub=7,-1,5,2,0,6,4,
#moving_targetting_pos=-1,-1|29,30|-1,-1|-1,-1|6,6|-1,-1|-1,-1|
#setting_targetting_pos=24,17|29,2|-1,-1|-1,-1|-1,-1|28,7|18,17|
#type=4,2,4,4,3,4,4,
Ud..L.R
#1100000000100110
#assigned_pet=2,-1,-1,-1,-1,3,2,
#assigned_hub=7,-1,5,2,0,6,4,
#moving_targetting_pos=-1,-1|29,30|-1,-1|-1,-1|6,6|-1,-1|-1,-1|
#setting_targetting_pos=24,17|29,2|-1,-1|-1,-1|-1,-1|28,7|18,17|
#type=4,2,4,4,3,4,4,
.L..U.R
#1100000000100110
#assigned_pet=2,-1,-1,-1,-1,3,2,
#assigned_hub=7,-1,5,2,0,6,4,
#moving_targetting_pos=-1,-1|29,30|-1,-1|-1,-1|6,6|-1,-1|-1,-1|
#setting_targetting_pos=24,17|29,2|-1,-1|-1,-1|-1,-1|28,7|18,17|
#type=4,2,4,4,3,4,4,
.L..U.D
#1110001000100110
#assigned_pet=2,-1,-1,-1,-1,3,2,
#assigned_hub=7,-1,5,2,0,6,4,
#moving_targetting_pos=-1,-1|29,30|-1,-1|-1,-1|6,6|-1,-1|-1,-1|
#setting_targetting_pos=24,17|29,2|-1,-1|-1,-1|-1,-1|28,7|18,17|
#type=5,2,4,4,3,4,5,
ur..U.d
#1110001000100110
#assigned_pet=-1,-1,8,8,-1,3,-1,
#assigned_hub=7,-1,5,2,0,6,4,
#moving_targetting_pos=-1,-1|29,30|-1,-1|-1,-1|6,6|-1,-1|-1,-1|
#setting_targetting_pos=-1,-1|29,2|14,27|8,27|-1,-1|28,7|-1,-1|
#type=4,2,4,4,3,4,4,
.uRRU..
#1110001000100110
#assigned_pet=-1,-1,-1,-1,-1,3,-1,
#assigned_hub=7,-1,5,2,0,6,4,
#moving_targetting_pos=-1,-1|29,30|-1,-1|-1,-1|6,6|-1,-1|-1,-1|
#setting_targetting_pos=-1,-1|29,2|-1,-1|-1,-1|-1,-1|28,7|-1,-1|
#type=4,2,4,4,3,4,4,
.L..U..
#1110001000100110
#assigned_pet=-1,-1,-1,-1,-1,3,-1,
#assigned_hub=7,-1,5,2,0,6,4,
#moving_targetting_pos=-1,-1|29,30|-1,-1|-1,-1|6,6|-1,-1|-1,-1|
#setting_targetting_pos=-1,-1|29,2|-1,-1|-1,-1|-1,-1|28,7|-1,-1|
#type=4,2,4,4,3,4,4,
.L..U..
#1110001000100110
#assigned_pet=-1,-1,-1,-1,-1,3,-1,
#assigned_hub=7,-1,1,2,0,6,4,
#moving_targetting_pos=-1,-1|29,30|6,16|-1,-1|6,6|-1,-1|-1,-1|
#setting_targetting_pos=-1,-1|29,2|-1,-1|-1,-1|-1,-1|28,7|-1,-1|
#type=4,2,3,4,3,4,4,
.dL.U..
#1110001000100110
#assigned_pet=-1,-1,-1,8,-1,3,-1,
#assigned_hub=7,-1,1,2,0,6,4,
#moving_targetting_pos=-1,-1|29,30|6,16|-1,-1|6,6|-1,-1|-1,-1|
#setting_targetting_pos=-1,-1|29,2|-1,-1|7,28|-1,-1|28,7|-1,-1|
#type=4,2,3,4,3,4,4,
.LLDU..
#1110001000100110
#assigned_pet=-1,-1,-1,8,-1,3,-1,
#assigned_hub=7,-1,1,2,0,6,4,
#moving_targetting_pos=-1,-1|29,30|6,16|-1,-1|6,6|-1,-1|-1,-1|
#setting_targetting_pos=-1,-1|29,2|-1,-1|7,28|-1,-1|28,7|-1,-1|
#type=4,2,3,4,3,4,4,
.rLRL..
#1110001000100110
#assigned_pet=4,-1,-1,8,5,4,-1,
#assigned_hub=7,-1,1,2,0,6,4,
#moving_targetting_pos=-1,-1|29,30|6,16|-1,-1|-1,-1|-1,-1|-1,-1|
#setting_targetting_pos=25,14|29,2|-1,-1|7,28|4,5|25,8|-1,-1|
#type=4,2,3,4,4,4,4,
LLLDLR.
#1110001010100110
#assigned_pet=4,-1,-1,8,5,4,-1,
#assigned_hub=7,-1,1,2,0,6,4,
#moving_targetting_pos=-1,-1|29,30|6,16|-1,-1|-1,-1|-1,-1|-1,-1|
#setting_targetting_pos=25,14|29,2|-1,-1|7,28|4,5|25,8|-1,-1|
#type=4,2,3,5,4,4,4,
LuLdUU.
#1110101010100110
#assigned_pet=4,-1,-1,-1,5,4,-1,
#assigned_hub=7,-1,1,2,0,6,4,
#moving_targetting_pos=-1,-1|29,30|6,16|6,26|-1,-1|-1,-1|-1,-1|
#setting_targetting_pos=25,14|29,2|-1,-1|-1,-1|4,5|25,8|-1,-1|
#type=5,2,3,4,4,5,4,
lLL.Uu.
#1110101010100110
#assigned_pet=3,-1,-1,-1,5,3,-1,
#assigned_hub=7,-1,1,2,0,6,4,
#moving_targetting_pos=-1,-1|29,30|6,16|6,26|-1,-1|-1,-1|-1,-1|
#setting_targetting_pos=27,14|29,2|-1,-1|-1,-1|4,5|27,8|-1,-1|
#type=4,2,3,4,4,4,4,
DLL.U..
#1110111010100110
#assigned_pet=3,-1,-1,-1,5,3,-1,
#assigned_hub=7,-1,1,2,0,6,4,
#moving_targetting_pos=-1,-1|29,30|6,16|6,26|-1,-1|-1,-1|-1,-1|
#setting_targetting_pos=27,14|29,2|-1,-1|-1,-1|4,5|27,8|-1,-1|
#type=4,2,3,4,5,4,4,
LrL.u..
#1110111010101110
#assigned_pet=3,-1,-1,-1,12,3,-1,
#assigned_hub=7,-1,1,2,0,6,4,
#moving_targetting_pos=-1,-1|29,30|6,16|6,26|-1,-1|-1,-1|-1,-1|
#setting_targetting_pos=27,14|29,2|-1,-1|-1,-1|5,4|27,8|-1,-1|
#type=4,2,3,4,5,4,4,
.dU.l..
#1110111010101110
#assigned_pet=3,-1,-1,-1,-1,3,-1,
#assigned_hub=7,-1,1,2,0,6,4,
#moving_targetting_pos=-1,-1|29,30|6,16|6,26|-1,-1|-1,-1|-1,-1|
#setting_targetting_pos=27,14|29,2|-1,-1|-1,-1|-1,-1|27,8|-1,-1|
#type=4,2,3,4,4,4,4,
.LU....
#1110111010101110
#assigned_pet=3,-1,-1,-1,-1,3,-1,
#assigned_hub=7,-1,1,2,0,6,4,
#moving_targetting_pos=-1,-1|29,30|6,16|6,26|-1,-1|-1,-1|-1,-1|
#setting_targetting_pos=27,14|29,2|-1,-1|-1,-1|-1,-1|27,8|-1,-1|
#type=4,2,3,4,4,4,4,
.LU....
#1110111010101110
#assigned_pet=3,-1,-1,-1,-1,3,-1,
#assigned_hub=7,-1,1,2,0,6,4,
#moving_targetting_pos=-1,-1|29,30|6,16|6,26|-1,-1|-1,-1|-1,-1|
#setting_targetting_pos=27,14|29,2|-1,-1|-1,-1|-1,-1|27,8|-1,-1|
#type=4,2,3,4,4,4,4,
.dU....
#1110111010101110
#assigned_pet=3,-1,-1,-1,-1,3,-1,
#assigned_hub=7,-1,1,2,0,6,4,
#moving_targetting_pos=-1,-1|29,30|6,16|6,26|-1,-1|-1,-1|-1,-1|
#setting_targetting_pos=27,14|29,2|-1,-1|-1,-1|-1,-1|27,8|-1,-1|
#type=4,2,3,4,4,4,4,
.LU....
#1110111010101110
#assigned_pet=-1,-1,-1,-1,-1,-1,-1,
#assigned_hub=7,-1,1,2,0,6,4,
#moving_targetting_pos=-1,-1|29,30|6,16|6,26|-1,-1|-1,-1|-1,-1|
#setting_targetting_pos=-1,-1|29,2|-1,-1|-1,-1|-1,-1|-1,-1|-1,-1|
#type=4,2,3,4,4,4,4,
.LU....
#1110111010101110
#assigned_pet=3,-1,-1,-1,-1,3,-1,
#assigned_hub=7,-1,1,2,0,6,4,
#moving_targetting_pos=-1,-1|29,30|6,16|6,26|-1,-1|-1,-1|-1,-1|
#setting_targetting_pos=27,14|29,2|-1,-1|-1,-1|-1,-1|27,8|-1,-1|
#type=4,2,3,4,4,4,4,
..U....
#1110111010101110
#assigned_pet=3,-1,-1,-1,-1,3,-1,
#assigned_hub=7,-1,1,2,0,6,4,
#moving_targetting_pos=-1,-1|29,30|6,16|6,26|-1,-1|-1,-1|-1,-1|
#setting_targetting_pos=27,14|29,2|-1,-1|-1,-1|-1,-1|27,8|-1,-1|
#type=4,2,3,4,4,4,4,
.rU....
#1110111010101110
#assigned_pet=3,-1,-1,-1,-1,3,-1,
#assigned_hub=7,-1,1,2,0,6,4,
#moving_targetting_pos=-1,-1|29,30|6,16|6,26|-1,-1|-1,-1|-1,-1|
#setting_targetting_pos=27,14|29,2|-1,-1|-1,-1|-1,-1|27,8|-1,-1|
#type=4,2,3,4,4,4,4,
.uU....
#1111111010101110
#assigned_pet=3,-1,-1,-1,-1,3,-1,
#assigned_hub=7,-1,1,2,0,6,4,
#moving_targetting_pos=-1,-1|29,30|6,16|6,26|-1,-1|-1,-1|-1,-1|
#setting_targetting_pos=27,14|29,2|-1,-1|-1,-1|-1,-1|27,8|-1,-1|
#type=5,2,3,4,4,5,4,
dLL..d.
#1111111010101110
#assigned_pet=-1,-1,9,-1,-1,-1,-1,
#assigned_hub=7,-1,1,2,0,6,4,
#moving_targetting_pos=-1,-1|29,30|-1,-1|6,26|-1,-1|-1,-1|-1,-1|
#setting_targetting_pos=-1,-1|29,2|4,15|-1,-1|-1,-1|-1,-1|-1,-1|
#type=4,2,4,4,4,4,4,
.LL....
#1111111010101110
#assigned_pet=-1,-1,9,-1,-1,-1,-1,
#assigned_hub=7,-1,1,2,0,6,4,
#moving_targetting_pos=-1,-1|29,30|-1,-1|6,26|-1,-1|-1,-1|-1,-1|
#setting_targetting_pos=-1,-1|29,2|4,15|-1,-1|-1,-1|-1,-1|-1,-1|
#type=4,2,4,4,4,4,4,
.dU....
#1111111010101110
#assigned_pet=-1,-1,9,-1,-1,-1,-1,
#assigned_hub=7,-1,1,2,0,6,4,
#moving_targetting_pos=-1,-1|29,30|-1,-1|6,26|-1,-1|-1,-1|-1,-1|
#setting_targetting_pos=-1,-1|29,2|4,15|-1,-1|-1,-1|-1,-1|-1,-1|
#type=4,2,4,4,4,4,4,
.LU....
#1111111010101110
#assigned_pet=-1,-1,9,-1,-1,-1,-1,
#assigned_hub=7,-1,1,2,0,6,4,
#moving_targetting_pos=-1,-1|29,30|-1,-1|6,26|-1,-1|-1,-1|-1,-1|
#setting_targetting_pos=-1,-1|29,2|4,15|-1,-1|-1,-1|-1,-1|-1,-1|
#type=4,2,4,4,4,4,4,
.rU....
#1111111011101110
#assigned_pet=-1,-1,9,-1,-1,-1,-1,
#assigned_hub=7,-1,1,2,0,6,4,
#moving_targetting_pos=-1,-1|29,30|-1,-1|6,26|-1,-1|-1,-1|-1,-1|
#setting_targetting_pos=-1,-1|29,2|4,15|-1,-1|-1,-1|-1,-1|-1,-1|
#type=4,2,5,4,4,4,4,
.Lu....
#1111111011101110
#assigned_pet=-1,-1,11,-1,11,-1,-1,
#assigned_hub=7,-1,1,2,0,6,4,
#moving_targetting_pos=-1,-1|29,30|-1,-1|6,26|-1,-1|-1,-1|-1,-1|
#setting_targetting_pos=-1,-1|29,2|5,14|-1,-1|5,8|-1,-1|-1,-1|
#type=4,2,4,4,4,4,4,
.u..R..
#1111111011101110
#assigned_pet=-1,-1,11,-1,11,-1,-1,
#assigned_hub=7,-1,1,2,0,6,4,
#moving_targetting_pos=26,16|29,30|-1,-1|6,26|-1,-1|-1,-1|-1,-1|
#setting_targetting_pos=-1,-1|29,2|5,14|-1,-1|5,8|-1,-1|-1,-1|
#type=4,2,4,4,4,4,4,
.L..R..
#1111111011111110
#assigned_pet=-1,-1,11,-1,11,-1,-1,
#assigned_hub=7,-1,1,2,0,6,4,
#moving_targetting_pos=-1,-1|29,30|-1,-1|6,26|-1,-1|-1,-1|-1,-1|
#setting_targetting_pos=-1,-1|29,2|5,14|-1,-1|5,8|-1,-1|-1,-1|
#type=4,2,5,4,5,4,4,
.Ll.r..
#1111111011111110
#assigned_pet=-1,-1,-1,-1,-1,-1,-1,
#assigned_hub=7,-1,1,2,0,6,4,
#moving_targetting_pos=-1,-1|29,30|6,16|6,26|6,6|-1,-1|-1,-1|
#setting_targetting_pos=-1,-1|29,2|-1,-1|-1,-1|-1,-1|-1,-1|-1,-1|
#type=4,2,4,4,4,4,4,
.r.....
#1111111011111110
#assigned_pet=-1,-1,-1,-1,-1,-1,-1,
#assigned_hub=7,-1,1,2,0,6,4,
#moving_targetting_pos=-1,-1|29,30|6,16|6,26|6,6|-1,-1|-1,-1|
#setting_targetting_pos=-1,-1|29,2|-1,-1|-1,-1|-1,-1|-1,-1|-1,-1|
#type=4,2,4,4,4,4,4,
.d.....
#1111111011111110
#assigned_pet=-1,-1,-1,-1,-1,-1,-1,
#assigned_hub=7,-1,1,2,0,6,4,
#moving_targetting_pos=-1,-1|29,30|-1,-1|6,26|6,6|-1,-1|-1,-1|
#setting_targetting_pos=-1,-1|29,2|-1,-1|-1,-1|-1,-1|-1,-1|-1,-1|
#type=4,0,4,4,4,4,4,
.......
#1111111011111110
#assigned_pet=-1,-1,-1,-1,-1,-1,-1,
#assigned_hub=7,-1,1,2,0,6,4,
#moving_targetting_pos=-1,-1|29,30|-1,-1|6,26|6,6|-1,-1|-1,-1|
#setting_targetting_pos=-1,-1|29,2|-1,-1|-1,-1|-1,-1|-1,-1|-1,-1|
#type=4,0,4,4,4,4,4,
.......
#1111111011111110
#assigned_pet=-1,-1,-1,-1,-1,-1,-1,
#assigned_hub=7,-1,1,2,0,6,4,
#moving_targetting_pos=-1,-1|29,30|-1,-1|6,26|6,6|-1,-1|-1,-1|
#setting_targetting_pos=-1,-1|29,2|-1,-1|-1,-1|-1,-1|-1,-1|-1,-1|
#type=4,0,4,4,4,4,4,
.......
#1111111011111110
#assigned_pet=-1,-1,-1,-1,-1,-1,-1,
#assigned_hub=7,-1,1,2,0,6,4,
#moving_targetting_pos=-1,-1|29,30|6,16|6,26|6,6|-1,-1|-1,-1|
#setting_targetting_pos=-1,-1|29,2|-1,-1|-1,-1|-1,-1|-1,-1|-1,-1|
#type=4,0,4,4,4,4,4,
.......
#1111111011111110
#assigned_pet=15,-1,-1,-1,-1,-1,15,
#assigned_hub=7,-1,1,2,0,6,4,
#moving_targetting_pos=-1,-1|29,30|6,16|6,26|6,6|-1,-1|-1,-1|
#setting_targetting_pos=24,15|29,2|-1,-1|-1,-1|-1,-1|-1,-1|18,15|
#type=4,0,4,4,4,4,4,
R.....L
#1111111011111110
#assigned_pet=15,-1,-1,-1,-1,-1,15,
#assigned_hub=7,-1,1,2,0,6,4,
#moving_targetting_pos=-1,-1|29,30|6,16|6,26|6,6|-1,-1|-1,-1|
#setting_targetting_pos=24,15|29,2|-1,-1|-1,-1|-1,-1|-1,-1|18,15|
#type=4,0,4,4,4,4,4,
U.....L
#1111111011111111
#assigned_pet=15,-1,-1,-1,-1,-1,15,
#assigned_hub=7,-1,1,2,0,6,4,
#moving_targetting_pos=-1,-1|29,30|6,16|6,26|6,6|-1,-1|-1,-1|
#setting_targetting_pos=24,15|29,2|-1,-1|-1,-1|-1,-1|-1,-1|18,15|
#type=5,0,4,4,4,4,5,
u.....d
#1111111011111111
#assigned_pet=-1,-1,-1,-1,-1,-1,-1,
#assigned_hub=7,-1,1,2,0,6,4,
#moving_targetting_pos=26,16|29,30|6,16|6,26|6,6|-1,-1|16,16|
#setting_targetting_pos=-1,-1|29,2|-1,-1|-1,-1|-1,-1|-1,-1|-1,-1|
#type=4,0,4,4,4,4,4,
.......
#1111111011111111
#assigned_pet=-1,-1,-1,-1,-1,-1,-1,
#assigned_hub=7,-1,1,2,0,6,4,
#moving_targetting_pos=26,16|29,30|6,16|6,26|6,6|-1,-1|16,16|
#setting_targetting_pos=-1,-1|29,2|-1,-1|-1,-1|-1,-1|-1,-1|-1,-1|
#type=4,0,4,4,4,4,4,
.......
#1111111011111111
#assigned_pet=-1,-1,-1,-1,-1,-1,-1,
#assigned_hub=7,-1,1,2,0,6,4,
#moving_targetting_pos=26,16|29,30|6,16|6,26|6,6|-1,-1|16,16|
#setting_targetting_pos=-1,-1|29,2|-1,-1|-1,-1|-1,-1|-1,-1|-1,-1|
#type=4,0,4,4,4,4,4,
.......
#1111111011111111
#assigned_pet=-1,-1,-1,-1,-1,-1,-1,
#assigned_hub=7,-1,1,2,0,6,4,
#moving_targetting_pos=26,16|29,30|6,16|6,26|6,6|-1,-1|16,16|
#setting_targetting_pos=-1,-1|29,2|-1,-1|-1,-1|-1,-1|-1,-1|-1,-1|
#type=4,0,4,4,4,4,4,
.......
#1111111011111111
#assigned_pet=-1,-1,-1,-1,-1,-1,-1,
#assigned_hub=7,-1,1,2,0,6,4,
#moving_targetting_pos=26,16|29,30|6,16|6,26|6,6|-1,-1|16,16|
#setting_targetting_pos=-1,-1|29,2|-1,-1|-1,-1|-1,-1|-1,-1|-1,-1|
#type=4,0,4,4,4,4,4,
.......
#1111111011111111
#assigned_pet=-1,-1,-1,-1,-1,-1,-1,
#assigned_hub=7,-1,1,2,0,6,4,
#moving_targetting_pos=26,16|29,30|6,16|6,26|6,6|-1,-1|16,16|
#setting_targetting_pos=-1,-1|29,2|-1,-1|-1,-1|-1,-1|-1,-1|-1,-1|
#type=4,0,4,4,4,4,4,
.......
#1111111011111111
#assigned_pet=-1,-1,-1,-1,-1,-1,-1,
#assigned_hub=7,-1,1,2,0,6,4,
#moving_targetting_pos=26,16|29,30|6,16|6,26|6,6|-1,-1|16,16|
#setting_targetting_pos=-1,-1|29,2|-1,-1|-1,-1|-1,-1|-1,-1|-1,-1|
#type=4,0,4,4,4,4,4,
.......
#1111111011111111
#assigned_pet=-1,-1,-1,-1,-1,-1,-1,
#assigned_hub=7,-1,1,2,0,6,4,
#moving_targetting_pos=26,16|29,30|6,16|6,26|6,6|-1,-1|16,16|
#setting_targetting_pos=-1,-1|29,2|-1,-1|-1,-1|-1,-1|-1,-1|-1,-1|
#type=4,0,4,4,4,4,4,
.......
#1111111011111111
#assigned_pet=-1,-1,-1,-1,-1,-1,-1,
#assigned_hub=7,-1,1,2,0,6,4,
#moving_targetting_pos=26,16|29,30|6,16|6,26|6,6|-1,-1|16,16|
#setting_targetting_pos=-1,-1|29,2|-1,-1|-1,-1|-1,-1|-1,-1|-1,-1|
#type=4,0,4,4,4,4,4,
.......
#1111111011111111
#assigned_pet=-1,-1,-1,-1,-1,-1,-1,
#assigned_hub=7,-1,1,2,0,6,4,
#moving_targetting_pos=26,16|29,30|6,16|6,26|6,6|-1,-1|16,16|
#setting_targetting_pos=-1,-1|29,2|-1,-1|-1,-1|-1,-1|-1,-1|-1,-1|
#type=4,0,4,4,4,4,4,
.......
#1111111011111111
#assigned_pet=-1,-1,-1,-1,-1,-1,-1,
#assigned_hub=7,-1,1,2,0,6,4,
#moving_targetting_pos=26,16|29,30|6,16|6,26|6,6|-1,-1|16,16|
#setting_targetting_pos=-1,-1|29,2|-1,-1|-1,-1|-1,-1|-1,-1|-1,-1|
#type=4,0,4,4,4,4,4,
.......
#1111111011111111
#assigned_pet=-1,-1,-1,-1,-1,-1,-1,
#assigned_hub=7,-1,1,2,0,6,4,
#moving_targetting_pos=26,16|29,30|6,16|6,26|6,6|-1,-1|16,16|
#setting_targetting_pos=-1,-1|29,2|-1,-1|-1,-1|-1,-1|-1,-1|-1,-1|
#type=4,0,4,4,4,4,4,
.......
#1111111011111111
#assigned_pet=-1,-1,-1,-1,-1,-1,-1,
#assigned_hub=7,-1,1,2,0,6,4,
#moving_targetting_pos=26,16|29,30|6,16|6,26|6,6|-1,-1|16,16|
#setting_targetting_pos=-1,-1|29,2|-1,-1|-1,-1|-1,-1|-1,-1|-1,-1|
#type=4,0,4,4,4,4,4,
.......
#1111111011111111
#assigned_pet=-1,-1,-1,-1,-1,-1,-1,
#assigned_hub=7,-1,1,2,0,6,4,
#moving_targetting_pos=26,16|29,30|6,16|6,26|6,6|-1,-1|16,16|
#setting_targetting_pos=-1,-1|29,2|-1,-1|-1,-1|-1,-1|-1,-1|-1,-1|
#type=4,0,4,4,4,4,4,
.......
#1111111011111111
#assigned_pet=-1,-1,-1,-1,-1,-1,-1,
#assigned_hub=7,-1,1,2,0,6,4,
#moving_targetting_pos=26,16|29,30|6,16|6,26|6,6|-1,-1|16,16|
#setting_targetting_pos=-1,-1|29,2|-1,-1|-1,-1|-1,-1|-1,-1|-1,-1|
#type=4,0,4,4,4,4,4,
.......
#1111111011111111
#assigned_pet=-1,-1,-1,-1,-1,-1,-1,
#assigned_hub=7,-1,1,2,0,6,4,
#moving_targetting_pos=26,16|29,30|6,16|6,26|6,6|-1,-1|16,16|
#setting_targetting_pos=-1,-1|29,2|-1,-1|-1,-1|-1,-1|-1,-1|-1,-1|
#type=4,0,4,4,4,4,4,
.......
#1111111011111111
#assigned_pet=-1,-1,-1,-1,-1,-1,-1,
#assigned_hub=7,-1,1,2,0,6,4,
#moving_targetting_pos=26,16|29,30|6,16|6,26|6,6|-1,-1|16,16|
#setting_targetting_pos=-1,-1|29,2|-1,-1|-1,-1|-1,-1|-1,-1|-1,-1|
#type=4,0,4,4,4,4,4,
.......
#1111111011111111
#assigned_pet=-1,-1,-1,-1,-1,-1,-1,
#assigned_hub=7,-1,1,2,0,6,4,
#moving_targetting_pos=26,16|29,30|6,16|6,26|6,6|-1,-1|16,16|
#setting_targetting_pos=-1,-1|29,2|-1,-1|-1,-1|-1,-1|-1,-1|-1,-1|
#type=4,0,4,4,4,4,4,
.......
#1111111011111111
#assigned_pet=-1,-1,-1,-1,-1,-1,-1,
#assigned_hub=7,-1,1,2,0,6,4,
#moving_targetting_pos=26,16|29,30|6,16|6,26|6,6|-1,-1|16,16|
#setting_targetting_pos=-1,-1|29,2|-1,-1|-1,-1|-1,-1|-1,-1|-1,-1|
#type=4,0,4,4,4,4,4,
.......
#1111111011111111
#assigned_pet=-1,-1,-1,-1,-1,-1,-1,
#assigned_hub=7,-1,1,2,0,6,4,
#moving_targetting_pos=26,16|29,30|6,16|6,26|6,6|-1,-1|16,16|
#setting_targetting_pos=-1,-1|29,2|-1,-1|-1,-1|-1,-1|-1,-1|-1,-1|
#type=4,0,4,4,4,4,4,
.......
#1111111011111111
#assigned_pet=-1,-1,-1,-1,-1,-1,-1,
#assigned_hub=7,-1,1,2,0,6,4,
#moving_targetting_pos=26,16|29,30|6,16|6,26|6,6|-1,-1|16,16|
#setting_targetting_pos=-1,-1|29,2|-1,-1|-1,-1|-1,-1|-1,-1|-1,-1|
#type=4,0,4,4,4,4,4,
.......
#1111111011111111
#assigned_pet=-1,-1,-1,-1,-1,-1,-1,
#assigned_hub=7,-1,1,2,0,6,4,
#moving_targetting_pos=26,16|29,30|6,16|6,26|6,6|-1,-1|16,16|
#setting_targetting_pos=-1,-1|29,2|-1,-1|-1,-1|-1,-1|-1,-1|-1,-1|
#type=4,0,4,4,4,4,4,
.......
#1111111011111111
#assigned_pet=-1,-1,-1,-1,-1,-1,-1,
#assigned_hub=7,-1,1,2,0,6,4,
#moving_targetting_pos=26,16|29,30|6,16|6,26|6,6|-1,-1|16,16|
#setting_targetting_pos=-1,-1|29,2|-1,-1|-1,-1|-1,-1|-1,-1|-1,-1|
#type=4,0,4,4,4,4,4,
.......
#1111111011111111
#assigned_pet=-1,-1,-1,-1,-1,7,-1,
#assigned_hub=7,-1,1,2,0,6,4,
#moving_targetting_pos=26,16|29,30|6,16|6,26|6,6|-1,-1|16,16|
#setting_targetting_pos=-1,-1|29,2|-1,-1|-1,-1|-1,-1|28,7|-1,-1|
#type=4,0,4,4,4,4,4,
.....L.
#1111111011111111
#assigned_pet=-1,-1,-1,-1,-1,-1,-1,
#assigned_hub=7,-1,1,2,0,6,4,
#moving_targetting_pos=26,16|29,30|6,16|6,26|6,6|-1,-1|16,16|
#setting_targetting_pos=-1,-1|29,2|-1,-1|-1,-1|-1,-1|-1,-1|-1,-1|
#type=4,0,4,4,4,4,4,
.......
#1111111011111111
#assigned_pet=-1,-1,-1,-1,-1,-1,-1,
#assigned_hub=7,-1,1,2,0,6,4,
#moving_targetting_pos=26,16|29,30|6,16|6,26|6,6|-1,-1|16,16|
#setting_targetting_pos=-1,-1|29,2|-1,-1|-1,-1|-1,-1|-1,-1|-1,-1|
#type=4,0,4,4,4,4,4,
.......
#1111111011111111
#assigned_pet=-1,-1,-1,-1,-1,-1,-1,
#assigned_hub=7,-1,1,2,0,6,4,
#moving_targetting_pos=26,16|29,30|6,16|6,26|6,6|-1,-1|16,16|
#setting_targetting_pos=-1,-1|29,2|-1,-1|-1,-1|-1,-1|-1,-1|-1,-1|
#type=4,0,4,4,4,4,4,
.......
#1111111011111111
#assigned_pet=-1,-1,-1,-1,-1,-1,-1,
#assigned_hub=7,-1,1,2,0,6,4,
#moving_targetting_pos=26,16|29,30|6,16|6,26|6,6|-1,-1|16,16|
#setting_targetting_pos=-1,-1|29,2|-1,-1|-1,-1|-1,-1|-1,-1|-1,-1|
#type=4,0,4,4,4,4,4,
.......
#1111111011111111
#assigned_pet=-1,-1,-1,-1,-1,-1,-1,
#assigned_hub=7,-1,1,2,0,6,4,
#moving_targetting_pos=26,16|29,30|6,16|6,26|6,6|-1,-1|16,16|
#setting_targetting_pos=-1,-1|29,2|-1,-1|-1,-1|-1,-1|-1,-1|-1,-1|
#type=4,0,4,4,4,4,4,
.......
#1111111011111111
#assigned_pet=-1,-1,-1,-1,-1,-1,-1,
#assigned_hub=7,-1,1,2,0,6,4,
#moving_targetting_pos=26,16|29,30|6,16|6,26|6,6|-1,-1|16,16|
#setting_targetting_pos=-1,-1|29,2|-1,-1|-1,-1|-1,-1|-1,-1|-1,-1|
#type=4,0,4,4,4,4,4,
.......
#1111111011111111
#assigned_pet=-1,-1,-1,-1,-1,-1,-1,
#assigned_hub=7,-1,1,2,0,6,4,
#moving_targetting_pos=26,16|29,30|6,16|6,26|6,6|-1,-1|16,16|
#setting_targetting_pos=-1,-1|29,2|-1,-1|-1,-1|-1,-1|-1,-1|-1,-1|
#type=4,0,4,4,4,4,4,
.......
#1111111011111111
#assigned_pet=-1,-1,-1,-1,-1,-1,-1,
#assigned_hub=7,-1,1,2,0,6,4,
#moving_targetting_pos=26,16|29,30|6,16|6,26|6,6|-1,-1|16,16|
#setting_targetting_pos=-1,-1|29,2|-1,-1|-1,-1|-1,-1|-1,-1|-1,-1|
#type=4,0,4,4,4,4,4,
.......
#1111111011111111
#assigned_pet=-1,-1,-1,-1,-1,-1,-1,
#assigned_hub=7,-1,1,2,0,6,4,
#moving_targetting_pos=26,16|29,30|6,16|6,26|6,6|-1,-1|16,16|
#setting_targetting_pos=-1,-1|29,2|-1,-1|-1,-1|-1,-1|-1,-1|-1,-1|
#type=4,0,4,4,4,4,4,
.......
#1111111011111111
#assigned_pet=-1,-1,-1,-1,-1,-1,-1,
#assigned_hub=7,-1,1,2,0,6,4,
#moving_targetting_pos=26,16|29,30|6,16|6,26|6,6|-1,-1|16,16|
#setting_targetting_pos=-1,-1|29,2|-1,-1|-1,-1|-1,-1|-1,-1|-1,-1|
#type=4,0,4,4,4,4,4,
.......
#1111111011111111
#assigned_pet=-1,-1,-1,-1,-1,-1,-1,
#assigned_hub=7,-1,1,2,0,6,4,
#moving_targetting_pos=26,16|29,30|6,16|6,26|6,6|-1,-1|16,16|
#setting_targetting_pos=-1,-1|29,2|-1,-1|-1,-1|-1,-1|-1,-1|-1,-1|
#type=4,0,4,4,4,4,4,
.......
#1111111011111111
#assigned_pet=-1,-1,-1,-1,-1,-1,-1,
#assigned_hub=7,-1,1,2,0,6,4,
#moving_targetting_pos=26,16|29,30|6,16|6,26|6,6|-1,-1|16,16|
#setting_targetting_pos=-1,-1|29,2|-1,-1|-1,-1|-1,-1|-1,-1|-1,-1|
#type=4,0,4,4,4,4,4,
.......
#1111111011111111
#assigned_pet=-1,-1,-1,-1,-1,-1,-1,
#assigned_hub=7,-1,1,2,0,6,4,
#moving_targetting_pos=26,16|29,30|6,16|6,26|6,6|-1,-1|16,16|
#setting_targetting_pos=-1,-1|29,2|-1,-1|-1,-1|-1,-1|-1,-1|-1,-1|
#type=4,0,4,4,4,4,4,
.......
#1111111011111111
#assigned_pet=-1,-1,-1,-1,-1,7,-1,
#assigned_hub=7,-1,1,2,0,6,4,
#moving_targetting_pos=26,16|29,30|6,16|6,26|6,6|-1,-1|16,16|
#setting_targetting_pos=-1,-1|29,2|-1,-1|-1,-1|-1,-1|27,4|-1,-1|
#type=4,0,4,4,4,4,4,
.....L.
#1111111011111111
#assigned_pet=-1,-1,-1,-1,-1,7,-1,
#assigned_hub=7,-1,1,2,0,6,4,
#moving_targetting_pos=26,16|29,30|6,16|6,26|6,6|-1,-1|16,16|
#setting_targetting_pos=-1,-1|29,2|-1,-1|-1,-1|-1,-1|27,4|-1,-1|
#type=4,0,4,4,4,4,4,
.....L.
#1111111011111111
#assigned_pet=-1,-1,-1,-1,-1,7,-1,
#assigned_hub=7,-1,1,2,0,6,4,
#moving_targetting_pos=26,16|29,30|6,16|6,26|6,6|-1,-1|16,16|
#setting_targetting_pos=-1,-1|29,2|-1,-1|-1,-1|-1,-1|27,4|-1,-1|
#type=4,0,4,4,4,4,4,
.....L.
#1111111011111111
#assigned_pet=-1,-1,-1,-1,-1,7,-1,
#assigned_hub=7,-1,1,2,0,6,4,
#moving_targetting_pos=26,16|29,30|6,16|6,26|6,6|-1,-1|16,16|
#setting_targetting_pos=-1,-1|29,2|-1,-1|-1,-1|-1,-1|27,4|-1,-1|
#type=4,0,4,4,4,4,4,
.......
#1111111011111111
#assigned_pet=-1,-1,-1,-1,-1,7,-1,
#assigned_hub=7,-1,1,2,0,6,4,
#moving_targetting_pos=26,16|29,30|6,16|6,26|6,6|-1,-1|16,16|
#setting_targetting_pos=-1,-1|29,2|-1,-1|-1,-1|-1,-1|27,4|-1,-1|
#type=4,0,4,4,4,4,4,
.......
#1111111011111111
#assigned_pet=-1,-1,-1,-1,-1,7,-1,
#assigned_hub=7,-1,1,2,0,6,4,
#moving_targetting_pos=26,16|29,30|6,16|6,26|6,6|-1,-1|16,16|
#setting_targetting_pos=-1,-1|29,2|-1,-1|-1,-1|-1,-1|27,4|-1,-1|
#type=4,0,4,4,4,4,4,
.......
#1111111011111111
#assigned_pet=-1,-1,-1,-1,-1,7,-1,
#assigned_hub=7,-1,1,2,0,6,4,
#moving_targetting_pos=26,16|29,30|6,16|6,26|6,6|-1,-1|16,16|
#setting_targetting_pos=-1,-1|29,2|-1,-1|-1,-1|-1,-1|27,4|-1,-1|
#type=4,0,4,4,4,4,4,
.......
#1111111011111111
#assigned_pet=-1,-1,-1,-1,-1,7,-1,
#assigned_hub=7,-1,1,2,0,6,4,
#moving_targetting_pos=26,16|29,30|6,16|6,26|6,6|-1,-1|16,16|
#setting_targetting_pos=-1,-1|29,2|-1,-1|-1,-1|-1,-1|27,4|-1,-1|
#type=4,0,4,4,4,4,4,
.......
#1111111011111111
#assigned_pet=-1,-1,-1,-1,-1,7,-1,
#assigned_hub=7,-1,1,2,0,6,4,
#moving_targetting_pos=26,16|29,30|6,16|6,26|6,6|-1,-1|16,16|
#setting_targetting_pos=-1,-1|29,2|-1,-1|-1,-1|-1,-1|27,4|-1,-1|
#type=4,0,4,4,4,4,4,
.......
#1111111011111111
#assigned_pet=-1,-1,-1,-1,-1,7,-1,
#assigned_hub=7,-1,1,2,0,6,4,
#moving_targetting_pos=26,16|29,30|6,16|6,26|6,6|-1,-1|16,16|
#setting_targetting_pos=-1,-1|29,2|-1,-1|-1,-1|-1,-1|27,4|-1,-1|
#type=4,0,4,4,4,4,4,
.......
#1111111011111111
#assigned_pet=-1,-1,-1,-1,-1,7,-1,
#assigned_hub=7,-1,1,2,0,6,4,
#moving_targetting_pos=26,16|29,30|6,16|6,26|6,6|-1,-1|16,16|
#setting_targetting_pos=-1,-1|29,2|-1,-1|-1,-1|-1,-1|27,4|-1,-1|
#type=4,0,4,4,4,4,4,
.......
#1111111011111111
#assigned_pet=-1,-1,-1,-1,-1,7,-1,
#assigned_hub=7,-1,1,2,0,6,4,
#moving_targetting_pos=26,16|29,30|6,16|6,26|6,6|-1,-1|16,16|
#setting_targetting_pos=-1,-1|29,2|-1,-1|-1,-1|-1,-1|27,4|-1,-1|
#type=4,0,4,4,4,4,4,
.......
#1111111011111111
#assigned_pet=-1,-1,-1,-1,-1,7,-1,
#assigned_hub=7,-1,1,2,0,6,4,
#moving_targetting_pos=26,16|29,30|6,16|6,26|6,6|-1,-1|16,16|
#setting_targetting_pos=-1,-1|29,2|-1,-1|-1,-1|-1,-1|27,4|-1,-1|
#type=4,0,4,4,4,4,4,
.......
#1111111011111111
#assigned_pet=-1,-1,-1,-1,-1,7,-1,
#assigned_hub=7,-1,1,2,0,6,4,
#moving_targetting_pos=26,16|29,30|6,16|6,26|6,6|-1,-1|16,16|
#setting_targetting_pos=-1,-1|29,2|-1,-1|-1,-1|-1,-1|27,4|-1,-1|
#type=4,0,4,4,4,4,4,
.......
#1111111011111111
#assigned_pet=-1,-1,-1,-1,-1,7,-1,
#assigned_hub=7,-1,1,2,0,6,4,
#moving_targetting_pos=26,16|29,30|6,16|6,26|6,6|-1,-1|16,16|
#setting_targetting_pos=-1,-1|29,2|-1,-1|-1,-1|-1,-1|27,4|-1,-1|
#type=4,0,4,4,4,4,4,
.......
#1111111011111111
#assigned_pet=-1,-1,-1,-1,-1,7,-1,
#assigned_hub=7,-1,1,2,0,6,4,
#moving_targetting_pos=26,16|29,30|6,16|6,26|6,6|-1,-1|16,16|
#setting_targetting_pos=-1,-1|29,2|-1,-1|-1,-1|-1,-1|27,4|-1,-1|
#type=4,0,4,4,4,4,4,
.......
#1111111011111111
#assigned_pet=-1,-1,-1,-1,-1,7,-1,
#assigned_hub=7,-1,1,2,0,6,4,
#moving_targetting_pos=26,16|29,30|6,16|6,26|6,6|-1,-1|16,16|
#setting_targetting_pos=-1,-1|29,2|-1,-1|-1,-1|-1,-1|27,4|-1,-1|
#type=4,0,4,4,4,4,4,
.......
#1111111011111111
#assigned_pet=-1,-1,-1,-1,-1,7,-1,
#assigned_hub=7,-1,1,2,0,6,4,
#moving_targetting_pos=26,16|29,30|6,16|6,26|6,6|-1,-1|16,16|
#setting_targetting_pos=-1,-1|29,2|-1,-1|-1,-1|-1,-1|27,4|-1,-1|
#type=4,0,4,4,4,4,4,
.......
#1111111011111111
#assigned_pet=-1,-1,-1,-1,-1,7,-1,
#assigned_hub=7,-1,1,2,0,6,4,
#moving_targetting_pos=26,16|29,30|6,16|6,26|6,6|-1,-1|16,16|
#setting_targetting_pos=-1,-1|29,2|-1,-1|-1,-1|-1,-1|27,4|-1,-1|
#type=4,0,4,4,4,4,4,
.......
#1111111011111111
#assigned_pet=-1,-1,-1,-1,-1,7,-1,
#assigned_hub=7,-1,1,2,0,6,4,
#moving_targetting_pos=26,16|29,30|6,16|6,26|6,6|-1,-1|16,16|
#setting_targetting_pos=-1,-1|29,2|-1,-1|-1,-1|-1,-1|27,4|-1,-1|
#type=4,0,4,4,4,4,4,
.......
#1111111011111111
#assigned_pet=-1,-1,-1,-1,-1,7,-1,
#assigned_hub=7,-1,1,2,0,6,4,
#moving_targetting_pos=26,16|29,30|6,16|6,26|6,6|-1,-1|16,16|
#setting_targetting_pos=-1,-1|29,2|-1,-1|-1,-1|-1,-1|27,4|-1,-1|
#type=4,0,4,4,4,4,4,
.......
#1111111011111111
#assigned_pet=-1,-1,-1,-1,-1,7,-1,
#assigned_hub=7,-1,1,2,0,6,4,
#moving_targetting_pos=26,16|29,30|6,16|6,26|6,6|-1,-1|16,16|
#setting_targetting_pos=-1,-1|29,2|-1,-1|-1,-1|-1,-1|27,4|-1,-1|
#type=4,0,4,4,4,4,4,
.......
#1111111011111111
#assigned_pet=-1,-1,-1,-1,-1,7,-1,
#assigned_hub=7,-1,1,2,0,6,4,
#moving_targetting_pos=26,16|29,30|6,16|6,26|6,6|-1,-1|16,16|
#setting_targetting_pos=-1,-1|29,2|-1,-1|-1,-1|-1,-1|27,4|-1,-1|
#type=4,0,4,4,4,4,4,
.......
#1111111011111111
#assigned_pet=-1,-1,-1,-1,-1,7,-1,
#assigned_hub=7,-1,1,2,0,6,4,
#moving_targetting_pos=26,16|29,30|6,16|6,26|6,6|-1,-1|16,16|
#setting_targetting_pos=-1,-1|29,2|-1,-1|-1,-1|-1,-1|27,4|-1,-1|
#type=4,0,4,4,4,4,4,
.......
#1111111011111111
#assigned_pet=-1,-1,-1,-1,-1,7,-1,
#assigned_hub=7,-1,1,2,0,6,4,
#moving_targetting_pos=26,16|29,30|6,16|6,26|6,6|-1,-1|16,16|
#setting_targetting_pos=-1,-1|29,2|-1,-1|-1,-1|-1,-1|27,4|-1,-1|
#type=4,0,4,4,4,4,4,
.......
#1111111011111111
#assigned_pet=-1,-1,-1,-1,-1,7,-1,
#assigned_hub=7,-1,1,2,0,6,4,
#moving_targetting_pos=26,16|29,30|6,16|6,26|6,6|-1,-1|16,16|
#setting_targetting_pos=-1,-1|29,2|-1,-1|-1,-1|-1,-1|27,4|-1,-1|
#type=4,0,4,4,4,4,4,
.......
#1111111011111111
#assigned_pet=-1,-1,-1,-1,-1,7,-1,
#assigned_hub=7,-1,1,2,0,6,4,
#moving_targetting_pos=26,16|29,30|6,16|6,26|6,6|-1,-1|16,16|
#setting_targetting_pos=-1,-1|29,2|-1,-1|-1,-1|-1,-1|27,4|-1,-1|
#type=4,0,4,4,4,4,4,
.......
#1111111011111111
#assigned_pet=-1,-1,-1,-1,-1,7,-1,
#assigned_hub=7,-1,1,2,0,6,4,
#moving_targetting_pos=26,16|29,30|6,16|6,26|6,6|-1,-1|16,16|
#setting_targetting_pos=-1,-1|29,2|-1,-1|-1,-1|-1,-1|27,4|-1,-1|
#type=4,0,4,4,4,4,4,
.......
#1111111011111111
#assigned_pet=-1,-1,-1,-1,-1,7,-1,
#assigned_hub=7,-1,1,2,0,6,4,
#moving_targetting_pos=26,16|29,30|6,16|6,26|6,6|-1,-1|16,16|
#setting_targetting_pos=-1,-1|29,2|-1,-1|-1,-1|-1,-1|27,4|-1,-1|
#type=4,0,4,4,4,4,4,
.......
#1111111011111111
#assigned_pet=-1,-1,-1,-1,-1,7,-1,
#assigned_hub=7,-1,1,2,0,6,4,
#moving_targetting_pos=26,16|29,30|6,16|6,26|6,6|-1,-1|16,16|
#setting_targetting_pos=-1,-1|29,2|-1,-1|-1,-1|-1,-1|27,4|-1,-1|
#type=4,0,4,4,4,4,4,
.......
#1111111011111111
#assigned_pet=-1,-1,-1,-1,-1,7,-1,
#assigned_hub=7,-1,1,2,0,6,4,
#moving_targetting_pos=26,16|29,30|6,16|6,26|6,6|-1,-1|16,16|
#setting_targetting_pos=-1,-1|29,2|-1,-1|-1,-1|-1,-1|27,4|-1,-1|
#type=4,0,4,4,4,4,4,
.......
#1111111011111111
#assigned_pet=-1,-1,-1,-1,-1,7,-1,
#assigned_hub=7,-1,1,2,0,6,4,
#moving_targetting_pos=26,16|29,30|6,16|6,26|6,6|-1,-1|16,16|
#setting_targetting_pos=-1,-1|29,2|-1,-1|-1,-1|-1,-1|27,4|-1,-1|
#type=4,0,4,4,4,4,4,
.......
#1111111011111111
#assigned_pet=-1,-1,-1,-1,-1,7,-1,
#assigned_hub=7,-1,1,2,0,6,4,
#moving_targetting_pos=26,16|29,30|6,16|6,26|6,6|-1,-1|16,16|
#setting_targetting_pos=-1,-1|29,2|-1,-1|-1,-1|-1,-1|27,4|-1,-1|
#type=4,0,4,4,4,4,4,
.......
#1111111011111111
#assigned_pet=-1,-1,-1,-1,-1,7,-1,
#assigned_hub=7,-1,1,2,0,6,4,
#moving_targetting_pos=26,16|29,30|6,16|6,26|6,6|-1,-1|16,16|
#setting_targetting_pos=-1,-1|29,2|-1,-1|-1,-1|-1,-1|27,4|-1,-1|
#type=4,0,4,4,4,4,4,
.......
#1111111011111111
#assigned_pet=-1,-1,-1,-1,-1,7,-1,
#assigned_hub=7,-1,1,2,0,6,4,
#moving_targetting_pos=26,16|29,30|6,16|6,26|6,6|-1,-1|16,16|
#setting_targetting_pos=-1,-1|29,2|-1,-1|-1,-1|-1,-1|27,4|-1,-1|
#type=4,0,4,4,4,4,4,
.......
#1111111011111111
#assigned_pet=-1,-1,-1,-1,-1,7,-1,
#assigned_hub=7,-1,1,2,0,6,4,
#moving_targetting_pos=26,16|29,30|6,16|6,26|6,6|-1,-1|16,16|
#setting_targetting_pos=-1,-1|29,2|-1,-1|-1,-1|-1,-1|27,4|-1,-1|
#type=4,0,4,4,4,4,4,
.......
#1111111011111111
#assigned_pet=-1,-1,-1,-1,-1,7,-1,
#assigned_hub=7,-1,1,2,0,6,4,
#moving_targetting_pos=26,16|29,30|6,16|6,26|6,6|-1,-1|16,16|
#setting_targetting_pos=-1,-1|29,2|-1,-1|-1,-1|-1,-1|27,4|-1,-1|
#type=4,0,4,4,4,4,4,
.......
#1111111011111111
#assigned_pet=-1,-1,-1,-1,-1,7,-1,
#assigned_hub=7,-1,1,2,0,6,4,
#moving_targetting_pos=26,16|29,30|6,16|6,26|6,6|-1,-1|16,16|
#setting_targetting_pos=-1,-1|29,2|-1,-1|-1,-1|-1,-1|27,4|-1,-1|
#type=4,0,4,4,4,4,4,
.......
#1111111011111111
#assigned_pet=-1,-1,-1,-1,-1,7,-1,
#assigned_hub=7,-1,1,2,0,6,4,
#moving_targetting_pos=26,16|29,30|6,16|6,26|6,6|-1,-1|16,16|
#setting_targetting_pos=-1,-1|29,2|-1,-1|-1,-1|-1,-1|27,4|-1,-1|
#type=4,0,4,4,4,4,4,
.......
#1111111011111111
#assigned_pet=-1,-1,-1,-1,-1,7,-1,
#assigned_hub=7,-1,1,2,0,6,4,
#moving_targetting_pos=26,16|29,30|6,16|6,26|6,6|-1,-1|16,16|
#setting_targetting_pos=-1,-1|29,2|-1,-1|-1,-1|-1,-1|27,4|-1,-1|
#type=4,0,4,4,4,4,4,
.......
#1111111011111111
#assigned_pet=-1,-1,-1,-1,-1,7,-1,
#assigned_hub=7,-1,1,2,0,6,4,
#moving_targetting_pos=26,16|29,30|6,16|6,26|6,6|-1,-1|16,16|
#setting_targetting_pos=-1,-1|29,2|-1,-1|-1,-1|-1,-1|27,4|-1,-1|
#type=4,0,4,4,4,4,4,
.......
#1111111011111111
#assigned_pet=-1,-1,-1,-1,-1,7,-1,
#assigned_hub=7,-1,1,2,0,6,4,
#moving_targetting_pos=26,16|29,30|6,16|6,26|6,6|-1,-1|16,16|
#setting_targetting_pos=-1,-1|29,2|-1,-1|-1,-1|-1,-1|27,4|-1,-1|
#type=4,0,4,4,4,4,4,
.......
#1111111011111111
#assigned_pet=-1,-1,-1,-1,-1,7,-1,
#assigned_hub=7,-1,1,2,0,6,4,
#moving_targetting_pos=26,16|29,30|6,16|6,26|6,6|-1,-1|16,16|
#setting_targetting_pos=-1,-1|29,2|-1,-1|-1,-1|-1,-1|27,4|-1,-1|
#type=4,0,4,4,4,4,4,
.......
#1111111011111111
#assigned_pet=-1,-1,-1,-1,-1,-1,-1,
#assigned_hub=7,-1,1,2,0,6,4,
#moving_targetting_pos=26,16|29,30|6,16|6,26|6,6|-1,-1|16,16|
#setting_targetting_pos=-1,-1|29,2|-1,-1|-1,-1|-1,-1|-1,-1|-1,-1|
#type=4,0,4,4,4,4,4,
.......
#1111111011111111
#assigned_pet=-1,-1,-1,-1,-1,-1,-1,
#assigned_hub=7,-1,1,2,0,6,4,
#moving_targetting_pos=26,16|29,30|6,16|6,26|6,6|-1,-1|16,16|
#setting_targetting_pos=-1,-1|29,2|-1,-1|-1,-1|-1,-1|-1,-1|-1,-1|
#type=4,0,4,4,4,4,4,
.......
#1111111011111111
#assigned_pet=-1,-1,-1,-1,-1,-1,-1,
#assigned_hub=7,-1,1,2,0,6,4,
#moving_targetting_pos=26,16|29,30|6,16|6,26|6,6|-1,-1|16,16|
#setting_targetting_pos=-1,-1|29,2|-1,-1|-1,-1|-1,-1|-1,-1|-1,-1|
#type=4,0,4,4,4,4,4,
.......
#1111111011111111
#assigned_pet=-1,-1,-1,-1,-1,-1,-1,
#assigned_hub=7,-1,1,2,0,6,4,
#moving_targetting_pos=26,16|29,30|6,16|6,26|6,6|-1,-1|16,16|
#setting_targetting_pos=-1,-1|29,2|-1,-1|-1,-1|-1,-1|-1,-1|-1,-1|
#type=4,0,4,4,4,4,4,
.......
#1111111011111111
#assigned_pet=-1,-1,-1,-1,-1,-1,-1,
#assigned_hub=7,-1,1,2,0,6,4,
#moving_targetting_pos=26,16|29,30|6,16|6,26|6,6|-1,-1|16,16|
#setting_targetting_pos=-1,-1|29,2|-1,-1|-1,-1|-1,-1|-1,-1|-1,-1|
#type=4,0,4,4,4,4,4,
.......
#1111111011111111
#assigned_pet=-1,-1,-1,-1,-1,-1,-1,
#assigned_hub=7,-1,1,2,0,6,4,
#moving_targetting_pos=26,16|29,30|6,16|6,26|6,6|-1,-1|16,16|
#setting_targetting_pos=-1,-1|29,2|-1,-1|-1,-1|-1,-1|-1,-1|-1,-1|
#type=4,0,4,4,4,4,4,
.......
#1111111011111111
#assigned_pet=-1,-1,-1,-1,-1,-1,-1,
#assigned_hub=7,-1,1,2,0,6,4,
#moving_targetting_pos=26,16|29,30|6,16|6,26|6,6|-1,-1|16,16|
#setting_targetting_pos=-1,-1|29,2|-1,-1|-1,-1|-1,-1|-1,-1|-1,-1|
#type=4,0,4,4,4,4,4,
.......
#1111111011111111
#assigned_pet=-1,-1,-1,-1,-1,-1,-1,
#assigned_hub=7,-1,1,2,0,6,4,
#moving_targetting_pos=26,16|29,30|6,16|6,26|6,6|-1,-1|16,16|
#setting_targetting_pos=-1,-1|29,2|-1,-1|-1,-1|-1,-1|-1,-1|-1,-1|
#type=4,0,4,4,4,4,4,
.......
#1111111011111111
#assigned_pet=-1,-1,-1,-1,-1,-1,-1,
#assigned_hub=7,-1,1,2,0,6,4,
#moving_targetting_pos=26,16|29,30|6,16|6,26|6,6|-1,-1|16,16|
#setting_targetting_pos=-1,-1|29,2|-1,-1|-1,-1|-1,-1|-1,-1|-1,-1|
#type=4,0,4,4,4,4,4,
.......
#1111111011111111
#assigned_pet=-1,-1,-1,-1,-1,-1,-1,
#assigned_hub=7,-1,1,2,0,6,4,
#moving_targetting_pos=26,16|29,30|6,16|6,26|6,6|-1,-1|16,16|
#setting_targetting_pos=-1,-1|29,2|-1,-1|-1,-1|-1,-1|-1,-1|-1,-1|
#type=4,0,4,4,4,4,4,
.......
#1111111011111111
#assigned_pet=-1,-1,-1,-1,-1,-1,-1,
#assigned_hub=7,-1,1,2,0,6,4,
#moving_targetting_pos=26,16|29,30|6,16|6,26|6,6|-1,-1|16,16|
#setting_targetting_pos=-1,-1|29,2|-1,-1|-1,-1|-1,-1|-1,-1|-1,-1|
#type=4,0,4,4,4,4,4,
.......
#1111111011111111
#assigned_pet=-1,-1,-1,-1,-1,-1,-1,
#assigned_hub=7,-1,1,2,0,6,4,
#moving_targetting_pos=26,16|29,30|6,16|6,26|6,6|-1,-1|16,16|
#setting_targetting_pos=-1,-1|29,2|-1,-1|-1,-1|-1,-1|-1,-1|-1,-1|
#type=4,0,4,4,4,4,4,
.......
#1111111011111111
#assigned_pet=-1,-1,-1,-1,-1,-1,-1,
#assigned_hub=7,-1,1,2,0,6,4,
#moving_targetting_pos=26,16|29,30|6,16|6,26|6,6|-1,-1|16,16|
#setting_targetting_pos=-1,-1|29,2|-1,-1|-1,-1|-1,-1|-1,-1|-1,-1|
#type=4,0,4,4,4,4,4,
.......
#1111111011111111
#assigned_pet=-1,-1,-1,-1,-1,-1,-1,
#assigned_hub=7,-1,1,2,0,6,4,
#moving_targetting_pos=26,16|29,30|6,16|6,26|6,6|-1,-1|16,16|
#setting_targetting_pos=-1,-1|29,2|-1,-1|-1,-1|-1,-1|-1,-1|-1,-1|
#type=4,0,4,4,4,4,4,
.......
#1111111011111111
#assigned_pet=-1,-1,-1,-1,-1,-1,-1,
#assigned_hub=7,-1,1,2,0,6,4,
#moving_targetting_pos=26,16|29,30|6,16|6,26|6,6|-1,-1|16,16|
#setting_targetting_pos=-1,-1|29,2|-1,-1|-1,-1|-1,-1|-1,-1|-1,-1|
#type=4,0,4,4,4,4,4,
.......
#1111111011111111
#assigned_pet=-1,-1,-1,-1,-1,-1,-1,
#assigned_hub=7,-1,1,2,0,6,4,
#moving_targetting_pos=26,16|29,30|6,16|6,26|6,6|-1,-1|16,16|
#setting_targetting_pos=-1,-1|29,2|-1,-1|-1,-1|-1,-1|-1,-1|-1,-1|
#type=4,0,4,4,4,4,4,
.......
#1111111011111111
#assigned_pet=-1,-1,-1,-1,-1,-1,-1,
#assigned_hub=7,-1,1,2,0,6,4,
#moving_targetting_pos=26,16|29,30|6,16|6,26|6,6|-1,-1|16,16|
#setting_targetting_pos=-1,-1|29,2|-1,-1|-1,-1|-1,-1|-1,-1|-1,-1|
#type=4,0,4,4,4,4,4,
.......
#1111111011111111
#assigned_pet=-1,-1,-1,-1,-1,7,-1,
#assigned_hub=7,-1,1,2,0,6,4,
#moving_targetting_pos=26,16|29,30|6,16|6,26|6,6|-1,-1|16,16|
#setting_targetting_pos=-1,-1|29,2|-1,-1|-1,-1|-1,-1|27,4|-1,-1|
#type=4,0,4,4,4,4,4,
.......
#1111111011111111
#assigned_pet=-1,-1,-1,-1,-1,7,-1,
#assigned_hub=7,-1,1,2,0,6,4,
#moving_targetting_pos=26,16|29,30|6,16|6,26|6,6|-1,-1|16,16|
#setting_targetting_pos=-1,-1|29,2|-1,-1|-1,-1|-1,-1|27,4|-1,-1|
#type=4,0,4,4,4,4,4,
.......
#1111111011111111
#assigned_pet=-1,-1,-1,-1,-1,7,-1,
#assigned_hub=7,-1,1,2,0,6,4,
#moving_targetting_pos=26,16|29,30|6,16|6,26|6,6|-1,-1|16,16|
#setting_targetting_pos=-1,-1|29,2|-1,-1|-1,-1|-1,-1|27,4|-1,-1|
#type=4,0,4,4,4,4,4,
.......
#1111111011111111
#assigned_pet=-1,-1,-1,-1,-1,7,-1,
#assigned_hub=7,-1,1,2,0,6,4,
#moving_targetting_pos=26,16|29,30|6,16|6,26|6,6|-1,-1|16,16|
#setting_targetting_pos=-1,-1|29,2|-1,-1|-1,-1|-1,-1|27,4|-1,-1|
#type=4,0,4,4,4,4,4,
.......
#1111111011111111
#assigned_pet=-1,-1,-1,-1,-1,7,-1,
#assigned_hub=7,-1,1,2,0,6,4,
#moving_targetting_pos=26,16|29,30|6,16|6,26|6,6|-1,-1|16,16|
#setting_targetting_pos=-1,-1|29,2|-1,-1|-1,-1|-1,-1|27,4|-1,-1|
#type=4,0,4,4,4,4,4,
.......
#1111111011111111
#assigned_pet=-1,-1,-1,-1,-1,7,-1,
#assigned_hub=7,-1,1,2,0,6,4,
#moving_targetting_pos=26,16|29,30|6,16|6,26|6,6|-1,-1|16,16|
#setting_targetting_pos=-1,-1|29,2|-1,-1|-1,-1|-1,-1|27,4|-1,-1|
#type=4,0,4,4,4,4,4,
.......
#1111111011111111
#assigned_pet=-1,-1,-1,-1,-1,7,-1,
#assigned_hub=7,-1,1,2,0,6,4,
#moving_targetting_pos=26,16|29,30|6,16|6,26|6,6|-1,-1|16,16|
#setting_targetting_pos=-1,-1|29,2|-1,-1|-1,-1|-1,-1|27,4|-1,-1|
#type=4,0,4,4,4,4,4,
.......
#1111111011111111
#assigned_pet=-1,-1,-1,-1,-1,7,-1,
#assigned_hub=7,-1,1,2,0,6,4,
#moving_targetting_pos=26,16|29,30|6,16|6,26|6,6|-1,-1|16,16|
#setting_targetting_pos=-1,-1|29,2|-1,-1|-1,-1|-1,-1|27,4|-1,-1|
#type=4,0,4,4,4,4,4,
.......
#1111111011111111
#assigned_pet=-1,-1,-1,-1,-1,7,-1,
#assigned_hub=7,-1,1,2,0,6,4,
#moving_targetting_pos=26,16|29,30|6,16|6,26|6,6|-1,-1|16,16|
#setting_targetting_pos=-1,-1|29,2|-1,-1|-1,-1|-1,-1|27,4|-1,-1|
#type=4,0,4,4,4,4,4,
.......
#1111111011111111
#assigned_pet=-1,-1,-1,-1,-1,7,-1,
#assigned_hub=7,-1,1,2,0,6,4,
#moving_targetting_pos=26,16|29,30|6,16|6,26|6,6|-1,-1|16,16|
#setting_targetting_pos=-1,-1|29,2|-1,-1|-1,-1|-1,-1|27,4|-1,-1|
#type=4,0,4,4,4,4,4,
.......
#1111111011111111
#assigned_pet=-1,-1,-1,-1,-1,7,-1,
#assigned_hub=7,-1,1,2,0,6,4,
#moving_targetting_pos=26,16|29,30|6,16|6,26|6,6|-1,-1|16,16|
#setting_targetting_pos=-1,-1|29,2|-1,-1|-1,-1|-1,-1|27,4|-1,-1|
#type=4,0,4,4,4,4,4,
.......
#1111111011111111
#assigned_pet=-1,-1,-1,-1,-1,7,-1,
#assigned_hub=7,-1,1,2,0,6,4,
#moving_targetting_pos=26,16|29,30|6,16|6,26|6,6|-1,-1|16,16|
#setting_targetting_pos=-1,-1|29,2|-1,-1|-1,-1|-1,-1|27,4|-1,-1|
#type=4,0,4,4,4,4,4,
.......
#1111111011111111
#assigned_pet=-1,-1,-1,-1,-1,7,-1,
#assigned_hub=7,-1,1,2,0,6,4,
#moving_targetting_pos=26,16|29,30|6,16|6,26|6,6|-1,-1|16,16|
#setting_targetting_pos=-1,-1|29,2|-1,-1|-1,-1|-1,-1|27,4|-1,-1|
#type=4,0,4,4,4,4,4,
.......
#1111111011111111
#assigned_pet=-1,-1,-1,-1,-1,7,-1,
#assigned_hub=7,-1,1,2,0,6,4,
#moving_targetting_pos=26,16|29,30|6,16|6,26|6,6|-1,-1|16,16|
#setting_targetting_pos=-1,-1|29,2|-1,-1|-1,-1|-1,-1|27,4|-1,-1|
#type=4,0,4,4,4,4,4,
.......
#1111111011111111
#assigned_pet=-1,-1,-1,-1,-1,7,-1,
#assigned_hub=7,-1,1,2,0,6,4,
#moving_targetting_pos=26,16|29,30|6,16|6,26|6,6|-1,-1|16,16|
#setting_targetting_pos=-1,-1|29,2|-1,-1|-1,-1|-1,-1|27,4|-1,-1|
#type=4,0,4,4,4,4,4,
.......
#1111111011111111
#assigned_pet=-1,-1,-1,-1,-1,7,-1,
#assigned_hub=7,-1,1,2,0,6,4,
#moving_targetting_pos=26,16|29,30|6,16|6,26|6,6|-1,-1|16,16|
#setting_targetting_pos=-1,-1|29,2|-1,-1|-1,-1|-1,-1|27,4|-1,-1|
#type=4,0,4,4,4,4,4,
.......
#1111111011111111
#assigned_pet=-1,-1,-1,-1,-1,7,-1,
#assigned_hub=7,-1,1,2,0,6,4,
#moving_targetting_pos=26,16|29,30|6,16|6,26|6,6|-1,-1|16,16|
#setting_targetting_pos=-1,-1|29,2|-1,-1|-1,-1|-1,-1|27,4|-1,-1|
#type=4,0,4,4,4,4,4,
.......
#1111111011111111
#assigned_pet=-1,-1,-1,-1,-1,7,-1,
#assigned_hub=7,-1,1,2,0,6,4,
#moving_targetting_pos=26,16|29,30|6,16|6,26|6,6|-1,-1|16,16|
#setting_targetting_pos=-1,-1|29,2|-1,-1|-1,-1|-1,-1|27,4|-1,-1|
#type=4,0,4,4,4,4,4,
.......
#1111111011111111
#assigned_pet=-1,-1,-1,-1,-1,7,-1,
#assigned_hub=7,-1,1,2,0,6,4,
#moving_targetting_pos=26,16|29,30|6,16|6,26|6,6|-1,-1|16,16|
#setting_targetting_pos=-1,-1|29,2|-1,-1|-1,-1|-1,-1|27,4|-1,-1|
#type=4,0,4,4,4,4,4,
.......
#1111111011111111
#assigned_pet=-1,-1,-1,-1,-1,7,-1,
#assigned_hub=7,-1,1,2,0,6,4,
#moving_targetting_pos=26,16|29,30|6,16|6,26|6,6|-1,-1|16,16|
#setting_targetting_pos=-1,-1|29,2|-1,-1|-1,-1|-1,-1|27,4|-1,-1|
#type=4,0,4,4,4,4,4,
.......
#1111111011111111
#assigned_pet=-1,-1,-1,-1,-1,7,-1,
#assigned_hub=7,-1,1,2,0,6,4,
#moving_targetting_pos=26,16|29,30|6,16|6,26|6,6|-1,-1|16,16|
#setting_targetting_pos=-1,-1|29,2|-1,-1|-1,-1|-1,-1|27,4|-1,-1|
#type=4,0,4,4,4,4,4,
.......
#1111111011111111
#assigned_pet=-1,-1,-1,-1,-1,-1,-1,
#assigned_hub=7,-1,1,2,0,6,4,
#moving_targetting_pos=26,16|29,30|6,16|6,26|6,6|-1,-1|16,16|
#setting_targetting_pos=-1,-1|29,2|-1,-1|-1,-1|-1,-1|-1,-1|-1,-1|
#type=4,0,4,4,4,4,4,
.......
#1111111011111111
#assigned_pet=-1,-1,-1,-1,-1,-1,-1,
#assigned_hub=7,-1,1,2,0,6,4,
#moving_targetting_pos=26,16|29,30|6,16|6,26|6,6|-1,-1|16,16|
#setting_targetting_pos=-1,-1|29,2|-1,-1|-1,-1|-1,-1|-1,-1|-1,-1|
#type=4,0,4,4,4,4,4,
.......
#1111111011111111
#assigned_pet=-1,-1,-1,-1,-1,-1,-1,
#assigned_hub=7,-1,1,2,0,6,4,
#moving_targetting_pos=26,16|29,30|6,16|6,26|6,6|-1,-1|16,16|
#setting_targetting_pos=-1,-1|29,2|-1,-1|-1,-1|-1,-1|-1,-1|-1,-1|
#type=4,0,4,4,4,4,4,
.......
#1111111011111111
#assigned_pet=-1,-1,-1,-1,-1,-1,-1,
#assigned_hub=7,-1,1,2,0,6,4,
#moving_targetting_pos=26,16|29,30|6,16|6,26|6,6|-1,-1|16,16|
#setting_targetting_pos=-1,-1|29,2|-1,-1|-1,-1|-1,-1|-1,-1|-1,-1|
#type=4,0,4,4,4,4,4,
.......
#1111111011111111
#assigned_pet=-1,-1,-1,-1,-1,-1,-1,
#assigned_hub=7,-1,1,2,0,6,4,
#moving_targetting_pos=26,16|29,30|6,16|6,26|6,6|-1,-1|16,16|
#setting_targetting_pos=-1,-1|29,2|-1,-1|-1,-1|-1,-1|-1,-1|-1,-1|
#type=4,0,4,4,4,4,4,
.......
#1111111011111111
#assigned_pet=-1,-1,-1,-1,-1,-1,-1,
#assigned_hub=7,-1,1,2,0,6,4,
#moving_targetting_pos=26,16|29,30|6,16|6,26|6,6|-1,-1|16,16|
#setting_targetting_pos=-1,-1|29,2|-1,-1|-1,-1|-1,-1|-1,-1|-1,-1|
#type=4,0,4,4,4,4,4,
.......
#1111111011111111
#assigned_pet=-1,-1,-1,-1,-1,-1,-1,
#assigned_hub=7,-1,1,2,0,6,4,
#moving_targetting_pos=26,16|29,30|6,16|6,26|6,6|-1,-1|16,16|
#setting_targetting_pos=-1,-1|29,2|-1,-1|-1,-1|-1,-1|-1,-1|-1,-1|
#type=4,0,4,4,4,4,4,
.......
#1111111011111111
#assigned_pet=-1,-1,-1,-1,-1,7,-1,
#assigned_hub=7,-1,1,2,0,6,4,
#moving_targetting_pos=26,16|29,30|6,16|6,26|6,6|-1,-1|16,16|
#setting_targetting_pos=-1,-1|29,2|-1,-1|-1,-1|-1,-1|25,4|-1,-1|
#type=4,0,4,4,4,4,4,
.......
#1111111011111111
#assigned_pet=-1,-1,-1,-1,-1,-1,-1,
#assigned_hub=7,-1,1,2,0,6,4,
#moving_targetting_pos=26,16|29,30|6,16|6,26|6,6|-1,-1|16,16|
#setting_targetting_pos=-1,-1|29,2|-1,-1|-1,-1|-1,-1|-1,-1|-1,-1|
#type=4,0,4,4,4,4,4,
.......
#1111111011111111
#assigned_pet=-1,-1,-1,-1,-1,-1,-1,
#assigned_hub=7,-1,1,2,0,6,4,
#moving_targetting_pos=26,16|29,30|6,16|6,26|6,6|-1,-1|16,16|
#setting_targetting_pos=-1,-1|29,2|-1,-1|-1,-1|-1,-1|-1,-1|-1,-1|
#type=4,0,4,4,4,4,4,
.......
#1111111011111111
#assigned_pet=-1,-1,-1,-1,-1,-1,-1,
#assigned_hub=7,-1,1,2,0,6,4,
#moving_targetting_pos=26,16|29,30|6,16|6,26|6,6|-1,-1|16,16|
#setting_targetting_pos=-1,-1|29,2|-1,-1|-1,-1|-1,-1|-1,-1|-1,-1|
#type=4,0,4,4,4,4,4,
.......
#1111111011111111
#assigned_pet=-1,-1,-1,-1,-1,-1,-1,
#assigned_hub=7,-1,1,2,0,6,4,
#moving_targetting_pos=26,16|29,30|6,16|6,26|6,6|-1,-1|16,16|
#setting_targetting_pos=-1,-1|29,2|-1,-1|-1,-1|-1,-1|-1,-1|-1,-1|
#type=4,0,4,4,4,4,4,
.......
#1111111011111111
#assigned_pet=-1,-1,-1,-1,-1,-1,-1,
#assigned_hub=7,-1,1,2,0,6,4,
#moving_targetting_pos=26,16|29,30|6,16|6,26|6,6|-1,-1|16,16|
#setting_targetting_pos=-1,-1|29,2|-1,-1|-1,-1|-1,-1|-1,-1|-1,-1|
#type=4,0,4,4,4,4,4,
.......
#1111111011111111
#assigned_pet=-1,-1,-1,-1,-1,-1,-1,
#assigned_hub=7,-1,1,2,0,6,4,
#moving_targetting_pos=26,16|29,30|6,16|6,26|6,6|-1,-1|16,16|
#setting_targetting_pos=-1,-1|29,2|-1,-1|-1,-1|-1,-1|-1,-1|-1,-1|
#type=4,0,4,4,4,4,4,
.......
#1111111011111111
#assigned_pet=-1,-1,-1,-1,-1,-1,-1,
#assigned_hub=7,-1,1,2,0,6,4,
#moving_targetting_pos=26,16|29,30|6,16|6,26|6,6|-1,-1|16,16|
#setting_targetting_pos=-1,-1|29,2|-1,-1|-1,-1|-1,-1|-1,-1|-1,-1|
#type=4,0,4,4,4,4,4,
.......
#1111111011111111
#assigned_pet=-1,-1,-1,-1,-1,-1,-1,
#assigned_hub=7,-1,1,2,0,6,4,
#moving_targetting_pos=26,16|29,30|6,16|6,26|6,6|-1,-1|16,16|
#setting_targetting_pos=-1,-1|29,2|-1,-1|-1,-1|-1,-1|-1,-1|-1,-1|
#type=4,0,4,4,4,4,4,
.......
#1111111011111111
#assigned_pet=-1,-1,-1,-1,-1,-1,-1,
#assigned_hub=7,-1,1,2,0,6,4,
#moving_targetting_pos=26,16|29,30|6,16|6,26|6,6|-1,-1|16,16|
#setting_targetting_pos=-1,-1|29,2|-1,-1|-1,-1|-1,-1|-1,-1|-1,-1|
#type=4,0,4,4,4,4,4,
.......
#1111111011111111
#assigned_pet=-1,-1,-1,-1,-1,-1,-1,
#assigned_hub=7,-1,1,2,0,6,4,
#moving_targetting_pos=26,16|29,30|6,16|6,26|6,6|-1,-1|16,16|
#setting_targetting_pos=-1,-1|29,2|-1,-1|-1,-1|-1,-1|-1,-1|-1,-1|
#type=4,0,4,4,4,4,4,
.......
#1111111011111111
#assigned_pet=-1,-1,-1,-1,-1,-1,-1,
#assigned_hub=7,-1,1,2,0,6,4,
#moving_targetting_pos=26,16|29,30|6,16|6,26|6,6|-1,-1|16,16|
#setting_targetting_pos=-1,-1|29,2|-1,-1|-1,-1|-1,-1|-1,-1|-1,-1|
#type=4,0,4,4,4,4,4,
.......
#1111111011111111
#assigned_pet=-1,-1,-1,-1,-1,-1,-1,
#assigned_hub=7,-1,1,2,0,6,4,
#moving_targetting_pos=26,16|29,30|6,16|6,26|6,6|-1,-1|16,16|
#setting_targetting_pos=-1,-1|29,2|-1,-1|-1,-1|-1,-1|-1,-1|-1,-1|
#type=4,0,4,4,4,4,4,
.......
#1111111011111111
#assigned_pet=-1,-1,-1,-1,-1,-1,-1,
#assigned_hub=7,-1,1,2,0,6,4,
#moving_targetting_pos=26,16|29,30|6,16|6,26|6,6|-1,-1|16,16|
#setting_targetting_pos=-1,-1|29,2|-1,-1|-1,-1|-1,-1|-1,-1|-1,-1|
#type=4,0,4,4,4,4,4,
.......
