#000000000000
#assigned_pet=-1,-1,-1,-1,-1,-1,-1,-1,
#assigned_hub=-1,-1,-1,-1,-1,-1,-1,-1,
#moving_targetting_pos=29,30|12,29|5,1|9,30|15,1|2,29|19,2|22,1|
#setting_targetting_pos=29,2|12,1|5,30|9,2|15,30|2,1|19,30|22,29|
#type=1,1,1,1,1,1,1,1,
RRLRLRDD
#000000000000
#assigned_pet=-1,-1,-1,-1,-1,-1,-1,-1,
#assigned_hub=-1,-1,-1,-1,-1,-1,-1,-1,
#moving_targetting_pos=29,30|12,29|5,1|9,30|15,1|2,29|19,2|22,1|
#setting_targetting_pos=29,2|12,1|5,30|9,2|15,30|2,1|19,30|22,29|
#type=1,1,1,1,1,1,1,1,
RULRLRDD
#000000000000
#assigned_pet=-1,-1,-1,-1,-1,-1,-1,-1,
#assigned_hub=-1,-1,-1,-1,-1,-1,-1,-1,
#moving_targetting_pos=29,30|12,29|5,1|9,30|15,1|2,29|19,2|22,1|
#setting_targetting_pos=29,2|12,1|5,30|9,2|15,30|2,1|19,30|22,29|
#type=1,1,2,1,1,1,1,1,
RUdRLRDD
#000000000000
#assigned_pet=-1,-1,-1,-1,-1,-1,-1,-1,
#assigned_hub=-1,-1,-1,-1,-1,-1,-1,-1,
#moving_targetting_pos=29,30|12,29|5,1|9,30|15,1|2,29|19,2|22,1|
#setting_targetting_pos=29,2|12,1|5,30|9,2|15,30|2,1|19,30|22,29|
#type=1,2,2,1,1,1,1,2,
RrRRLRDu
#000000000000
#assigned_pet=-1,-1,-1,-1,-1,-1,-1,-1,
#assigned_hub=-1,-1,-1,-1,-1,-1,-1,-1,
#moving_targetting_pos=29,30|12,29|5,1|9,30|15,1|2,29|19,2|22,1|
#setting_targetting_pos=29,2|12,1|5,30|9,2|15,30|2,1|19,30|22,29|
#type=1,2,2,1,1,1,1,2,
RddRLRDR
#000000000000
#assigned_pet=-1,-1,-1,-1,-1,-1,-1,-1,
#assigned_hub=-1,-1,-1,-1,-1,-1,-1,-1,
#moving_targetting_pos=29,30|12,29|5,1|9,30|15,1|2,29|19,2|22,1|
#setting_targetting_pos=29,2|12,1|5,30|9,2|15,30|2,1|19,30|22,29|
#type=1,2,2,1,1,1,1,2,
RLRDLRDR
#000000000000
#assigned_pet=-1,-1,-1,-1,-1,-1,-1,-1,
#assigned_hub=-1,-1,-1,-1,-1,-1,-1,-1,
#moving_targetting_pos=29,30|12,29|5,1|9,30|15,1|2,29|19,2|22,1|
#setting_targetting_pos=29,2|12,1|5,30|9,2|15,30|2,1|19,30|22,29|
#type=1,2,2,1,1,1,1,2,
RLdDLRDl
#000000000000
#assigned_pet=-1,-1,-1,-1,-1,-1,-1,-1,
#assigned_hub=-1,-1,-1,-1,-1,-1,-1,-1,
#moving_targetting_pos=29,30|12,29|5,1|9,30|15,1|2,29|19,2|22,1|
#setting_targetting_pos=29,2|12,1|5,30|9,2|15,30|2,1|19,30|22,29|
#type=1,2,2,2,1,1,1,2,
RLRdLRDd
#000000000000
#assigned_pet=-1,-1,-1,-1,-1,-1,-1,-1,
#assigned_hub=-1,-1,-1,-1,-1,-1,-1,-1,
#moving_targetting_pos=29,30|12,29|5,1|9,30|15,1|2,29|19,2|22,1|
#setting_targetting_pos=29,2|12,1|5,30|9,2|15,30|2,1|19,30|22,29|
#type=1,2,2,2,1,1,1,2,
UduLLRDR
#000000000000
#assigned_pet=-1,-1,-1,-1,-1,-1,-1,-1,
#assigned_hub=-1,-1,-1,-1,-1,-1,-1,-1,
#moving_targetting_pos=29,30|12,29|5,1|9,30|15,1|2,29|19,2|22,1|
#setting_targetting_pos=29,2|12,1|5,30|9,2|15,30|2,1|19,30|22,29|
#type=2,2,2,2,1,1,1,2,
duRLLUDR
#000000000000
#assigned_pet=-1,-1,-1,-1,-1,-1,-1,-1,
#assigned_hub=-1,-1,-1,-1,-1,-1,-1,-1,
#moving_targetting_pos=29,30|12,29|5,1|9,30|15,1|2,29|19,2|22,1|
#setting_targetting_pos=29,2|12,1|5,30|9,2|15,30|2,1|19,30|22,29|
#type=2,2,2,2,1,1,1,2,
LLRrDUDR
#000000000000
#assigned_pet=-1,-1,-1,-1,-1,-1,-1,-1,
#assigned_hub=-1,-1,-1,-1,-1,-1,-1,-1,
#moving_targetting_pos=29,30|12,29|5,1|9,30|15,1|2,29|19,2|22,1|
#setting_targetting_pos=29,2|12,1|5,30|9,2|15,30|2,1|19,30|22,29|
#type=2,2,2,2,1,1,1,2,
LrRuDUDd
#000000000000
#assigned_pet=-1,-1,-1,-1,-1,-1,-1,-1,
#assigned_hub=-1,-1,-1,-1,-1,-1,-1,-1,
#moving_targetting_pos=29,30|12,29|5,1|9,30|15,1|2,29|19,2|22,1|
#setting_targetting_pos=29,2|12,1|5,30|9,2|15,30|2,1|19,30|22,29|
#type=2,2,2,2,1,1,1,2,
rLRLDUDu
#000000000000
#assigned_pet=-1,-1,-1,-1,-1,-1,-1,-1,
#assigned_hub=-1,-1,-1,-1,-1,-1,-1,-1,
#moving_targetting_pos=29,30|12,29|5,1|9,30|15,1|2,29|19,2|22,1|
#setting_targetting_pos=29,2|12,1|5,30|9,2|15,30|2,1|19,30|22,29|
#type=2,2,2,2,1,1,1,2,
uLuLDUDR
#000000000000
#assigned_pet=-1,-1,-1,-1,-1,-1,-1,-1,
#assigned_hub=-1,-1,-1,-1,-1,-1,-1,-1,
#moving_targetting_pos=29,30|12,29|5,1|9,30|15,1|2,29|19,2|22,1|
#setting_targetting_pos=29,2|12,1|5,30|9,2|15,30|2,1|19,30|22,29|
#type=2,2,2,2,1,2,2,2,
LdR.Drdl
#000000000000
#assigned_pet=-1,-1,-1,-1,-1,-1,-1,-1,
#assigned_hub=-1,-1,-1,-1,-1,-1,-1,-1,
#moving_targetting_pos=29,30|12,29|5,1|9,30|15,1|2,29|19,2|22,1|
#setting_targetting_pos=29,2|12,1|5,30|9,2|15,30|2,1|19,30|22,29|
#type=2,2,2,2,2,2,2,2,
LLd.ddRR
#000000000000
#assigned_pet=-1,-1,-1,-1,-1,-1,-1,-1,
#assigned_hub=-1,-1,-1,-1,-1,-1,-1,-1,
#moving_targetting_pos=29,30|12,29|5,1|9,30|15,1|2,29|19,2|22,1|
#setting_targetting_pos=29,2|12,1|5,30|9,2|15,30|2,1|19,30|22,29|
#type=2,2,2,2,2,2,2,2,
dLR.RLRR
#000000000000
#assigned_pet=-1,-1,-1,-1,-1,-1,-1,-1,
#assigned_hub=-1,-1,-1,-1,-1,-1,-1,-1,
#moving_targetting_pos=29,30|12,29|5,1|9,30|15,1|2,29|19,2|22,1|
#setting_targetting_pos=29,2|12,1|5,30|9,2|15,30|2,1|19,30|22,29|
#type=2,2,2,2,2,2,2,2,
LrdddLl.
#000000000000
#assigned_pet=-1,-1,-1,-1,-1,-1,-1,-1,
#assigned_hub=-1,-1,-1,-1,-1,-1,-1,-1,
#moving_targetting_pos=29,30|12,29|5,1|9,30|15,1|2,29|19,2|22,1|
#setting_targetting_pos=29,2|12,1|5,30|9,2|15,30|2,1|19,30|22,29|
#type=2,2,2,2,2,2,2,2,
ruRLRLu.
#000000000000
#assigned_pet=-1,-1,-1,-1,-1,-1,-1,-1,
#assigned_hub=-1,-1,-1,-1,-1,-1,-1,-1,
#moving_targetting_pos=29,30|12,29|5,1|9,30|15,1|2,29|19,2|22,1|
#setting_targetting_pos=29,2|12,1|5,30|9,2|15,30|2,1|19,30|22,29|
#type=2,2,2,2,2,2,2,2,
LLd.ddR.
#000000000000
#assigned_pet=-1,-1,-1,-1,-1,-1,-1,-1,
#assigned_hub=-1,-1,-1,-1,-1,-1,-1,-1,
#moving_targetting_pos=29,30|12,29|5,1|9,30|15,1|2,29|19,2|22,1|
#setting_targetting_pos=29,2|12,1|5,30|9,2|15,30|2,1|19,30|22,29|
#type=2,2,2,2,2,2,2,2,
uLRrRuRd
#000000000000
#assigned_pet=-1,-1,-1,-1,-1,-1,-1,-1,
#assigned_hub=-1,-1,-1,-1,-1,-1,-1,-1,
#moving_targetting_pos=29,30|12,29|5,1|9,30|15,1|2,29|19,2|22,1|
#setting_targetting_pos=29,2|12,1|5,30|9,2|15,30|2,1|19,30|22,29|
#type=2,2,2,2,2,2,2,2,
LrdLuLdR
#000000000000
#assigned_pet=-1,-1,-1,-1,-1,-1,-1,-1,
#assigned_hub=-1,-1,-1,-1,-1,-1,-1,-1,
#moving_targetting_pos=29,30|12,29|5,1|9,30|15,1|2,29|19,2|22,1|
#setting_targetting_pos=29,2|12,1|5,30|9,2|15,30|2,1|19,30|22,29|
#type=2,2,2,2,2,2,2,2,
LdRuRrRR
#000000000000
#assigned_pet=-1,-1,-1,-1,-1,-1,-1,-1,
#assigned_hub=-1,-1,-1,-1,-1,-1,-1,-1,
#moving_targetting_pos=29,30|12,29|5,1|9,30|15,1|2,29|19,2|22,1|
#setting_targetting_pos=29,2|12,1|5,30|9,2|15,30|2,1|19,30|22,29|
#type=2,2,2,2,2,2,2,2,
rLdLRLll
#000000000000
#assigned_pet=-1,-1,-1,-1,-1,-1,-1,-1,
#assigned_hub=-1,-1,-1,-1,-1,-1,-1,-1,
#moving_targetting_pos=29,30|12,29|5,1|9,30|15,1|2,29|19,2|22,1|
#setting_targetting_pos=29,2|12,1|5,30|9,2|15,30|2,1|19,30|22,29|
#type=2,2,2,2,2,2,2,2,
dLRLRLRu
#000000000000
#assigned_pet=-1,-1,-1,-1,-1,-1,-1,-1,
#assigned_hub=-1,-1,-1,-1,-1,-1,-1,-1,
#moving_targetting_pos=29,30|12,29|5,1|9,30|15,1|2,29|19,2|22,1|
#setting_targetting_pos=29,2|12,1|5,30|9,2|15,30|2,1|19,30|22,29|
#type=2,2,2,2,2,2,2,2,
LLurRduR
#000000000000
#assigned_pet=-1,-1,-1,-1,-1,-1,-1,-1,
#assigned_hub=-1,-1,-1,-1,-1,-1,-1,-1,
#moving_targetting_pos=29,30|12,29|5,1|9,30|15,1|2,29|19,2|22,1|
#setting_targetting_pos=29,2|12,1|5,30|9,2|15,30|2,1|19,30|22,29|
#type=2,2,2,2,2,2,2,2,
LuRduLRR
#000000000000
#assigned_pet=-1,-1,-1,-1,-1,-1,-1,-1,
#assigned_hub=-1,-1,-1,-1,-1,-1,-1,-1,
#moving_targetting_pos=29,30|12,29|5,1|9,30|15,1|2,29|19,2|22,1|
#setting_targetting_pos=29,2|12,1|5,30|9,2|15,30|2,1|19,30|22,29|
#type=2,2,2,2,2,2,2,2,
d.RLRLRl
#000000000000
#assigned_pet=-1,-1,-1,-1,-1,-1,-1,-1,
#assigned_hub=-1,-1,-1,-1,-1,-1,-1,-1,
#moving_targetting_pos=29,30|12,29|5,1|9,30|15,1|2,29|19,2|22,1|
#setting_targetting_pos=29,2|12,1|5,30|9,2|15,30|2,1|19,30|22,29|
#type=2,2,2,2,2,2,2,2,
L.RLdrld
#000000000000
#assigned_pet=-1,-1,-1,-1,-1,-1,-1,-1,
#assigned_hub=-1,-1,-1,-1,-1,-1,-1,-1,
#moving_targetting_pos=29,30|12,29|5,1|9,30|15,1|2,29|19,2|22,1|
#setting_targetting_pos=29,2|12,1|5,30|9,2|15,30|2,1|19,30|22,29|
#type=2,2,2,2,2,2,2,2,
LdRdRudR
#000000000000
#assigned_pet=-1,-1,-1,-1,-1,-1,-1,-1,
#assigned_hub=-1,-1,-1,-1,-1,-1,-1,-1,
#moving_targetting_pos=29,30|12,29|5,1|9,30|15,1|2,29|19,2|22,1|
#setting_targetting_pos=29,2|12,1|5,30|9,2|15,30|2,1|19,30|22,29|
#type=2,2,2,2,2,2,2,2,
rLuLdLRR
#000000000000
#assigned_pet=-1,-1,-1,-1,-1,-1,-1,-1,
#assigned_hub=-1,-1,-1,-1,-1,-1,-1,-1,
#moving_targetting_pos=29,30|12,29|5,1|9,30|15,1|2,29|19,2|22,1|
#setting_targetting_pos=29,2|12,1|5,30|9,2|15,30|2,1|19,30|22,29|
#type=2,2,2,2,2,2,2,2,
urRLRLRR
#000000000000
#assigned_pet=-1,-1,-1,-1,-1,-1,-1,-1,
#assigned_hub=-1,-1,-1,-1,-1,-1,-1,-1,
#moving_targetting_pos=29,30|12,29|5,1|9,30|15,1|2,29|19,2|22,1|
#setting_targetting_pos=29,2|12,1|5,30|9,2|15,30|2,1|19,30|22,29|
#type=2,2,2,2,2,2,2,2,
LLdrdrdd
#000000000000
#assigned_pet=-1,-1,-1,-1,-1,-1,-1,-1,
#assigned_hub=-1,-1,-1,-1,-1,-1,-1,-1,
#moving_targetting_pos=29,30|12,29|5,1|9,30|15,1|2,29|19,2|22,1|
#setting_targetting_pos=29,2|12,1|5,30|9,2|15,30|2,1|19,30|22,29|
#type=2,2,2,2,2,2,2,2,
LLRuR.Ru
#000000000000
#assigned_pet=-1,-1,-1,-1,-1,-1,-1,-1,
#assigned_hub=-1,-1,-1,-1,-1,-1,-1,-1,
#moving_targetting_pos=29,30|12,29|5,1|9,30|15,1|2,29|19,2|22,1|
#setting_targetting_pos=29,2|12,1|5,30|9,2|15,30|2,1|19,30|22,29|
#type=2,2,2,2,2,2,2,2,
dddLd.RR
#000000000000
#assigned_pet=-1,-1,-1,-1,-1,-1,-1,-1,
#assigned_hub=-1,-1,-1,-1,-1,-1,-1,-1,
#moving_targetting_pos=29,30|12,29|5,1|9,30|15,1|2,29|19,2|22,1|
#setting_targetting_pos=29,2|12,1|5,30|9,2|15,30|2,1|19,30|22,29|
#type=2,2,2,2,2,2,2,2,
LLRLR.ll
#000000000000
#assigned_pet=-1,-1,-1,-1,-1,-1,-1,-1,
#assigned_hub=-1,-1,-1,-1,-1,-1,-1,-1,
#moving_targetting_pos=29,30|12,29|5,1|9,30|15,1|2,29|19,2|22,1|
#setting_targetting_pos=29,2|12,1|5,30|9,2|15,30|2,1|19,30|22,29|
#type=2,2,2,2,2,2,2,2,
rLddd.uR
#000000000000
#assigned_pet=-1,-1,-1,-1,-1,-1,-1,-1,
#assigned_hub=-1,-1,-1,-1,-1,-1,-1,-1,
#moving_targetting_pos=29,30|12,29|5,1|9,30|15,1|2,29|19,2|22,1|
#setting_targetting_pos=29,2|12,1|5,30|9,2|15,30|2,1|19,30|22,29|
#type=2,2,2,2,2,2,2,2,
LrRLR.RR
#000000000000
#assigned_pet=-1,-1,-1,-1,-1,-1,-1,-1,
#assigned_hub=-1,-1,-1,-1,-1,-1,-1,-1,
#moving_targetting_pos=29,30|12,29|5,1|9,30|15,1|2,29|19,2|22,1|
#setting_targetting_pos=29,2|12,1|5,30|9,2|15,30|2,1|19,30|22,29|
#type=2,2,2,2,2,2,2,2,
uudru.Rd
#000000000000
#assigned_pet=-1,-1,-1,-1,-1,-1,-1,-1,
#assigned_hub=-1,-1,-1,-1,-1,-1,-1,-1,
#moving_targetting_pos=29,30|12,29|5,1|9,30|15,1|2,29|19,2|22,1|
#setting_targetting_pos=29,2|12,1|5,30|9,2|15,30|2,1|19,30|22,29|
#type=2,2,2,2,2,2,2,2,
LLRLR.dR
#000000000000
#assigned_pet=-1,-1,-1,-1,-1,-1,-1,-1,
#assigned_hub=-1,-1,-1,-1,-1,-1,-1,-1,
#moving_targetting_pos=29,30|12,29|5,1|9,30|15,1|2,29|19,2|22,1|
#setting_targetting_pos=29,2|12,1|5,30|9,2|15,30|2,1|19,30|22,29|
#type=2,2,2,2,2,2,2,2,
LLduR.RR
#000000000000
#assigned_pet=-1,-1,-1,-1,-1,-1,-1,-1,
#assigned_hub=-1,-1,-1,-1,-1,-1,-1,-1,
#moving_targetting_pos=29,30|12,29|5,1|9,30|15,1|2,29|19,2|22,1|
#setting_targetting_pos=29,2|12,1|5,30|9,2|15,30|2,1|19,30|22,29|
#type=2,2,2,2,2,2,2,2,
rrRLR.ll
#000000000000
#assigned_pet=-1,-1,-1,-1,-1,-1,-1,-1,
#assigned_hub=-1,-1,-1,-1,-1,-1,-1,-1,
#moving_targetting_pos=29,30|12,29|5,1|9,30|15,1|2,29|19,2|22,1|
#setting_targetting_pos=29,2|12,1|5,30|9,2|15,30|2,1|19,30|22,29|
#type=2,2,2,2,2,2,2,2,
dduLR.Ru
#000000000000
#assigned_pet=-1,-1,-1,-1,-1,-1,-1,-1,
#assigned_hub=-1,-1,-1,-1,-1,-1,-1,-1,
#moving_targetting_pos=29,30|12,29|5,1|9,30|15,1|2,29|19,2|22,1|
#setting_targetting_pos=29,2|12,1|5,30|9,2|15,30|2,1|19,30|22,29|
#type=2,2,2,2,2,2,2,2,
LLRr.d.R
#000000000000
#assigned_pet=-1,-1,-1,-1,-1,-1,-1,-1,
#assigned_hub=-1,-1,-1,-1,-1,-1,-1,-1,
#moving_targetting_pos=29,30|12,29|5,1|9,30|15,1|2,29|19,2|22,1|
#setting_targetting_pos=29,2|12,1|5,30|9,2|15,30|2,1|19,30|22,29|
#type=2,2,2,2,2,2,2,2,
LLRd.LuR
#000000000000
#assigned_pet=-1,-1,-1,-1,-1,-1,-1,-1,
#assigned_hub=-1,-1,-1,-1,-1,-1,-1,-1,
#moving_targetting_pos=29,30|12,29|5,1|9,30|15,1|2,29|19,2|22,1|
#setting_targetting_pos=29,2|12,1|5,30|9,2|15,30|2,1|19,30|22,29|
#type=2,2,2,2,2,2,2,2,
dLRL.LRl
#000000000000
#assigned_pet=-1,-1,-1,-1,-1,-1,-1,-1,
#assigned_hub=-1,-1,-1,-1,-1,-1,-1,-1,
#moving_targetting_pos=29,30|12,29|5,1|9,30|15,1|2,29|19,2|22,1|
#setting_targetting_pos=29,2|12,1|5,30|9,2|15,30|2,1|19,30|22,29|
#type=2,2,2,2,2,2,2,2,
LdRLuLRd
#000000000000
#assigned_pet=-1,-1,-1,-1,-1,-1,-1,-1,
#assigned_hub=-1,-1,-1,-1,-1,-1,-1,-1,
#moving_targetting_pos=29,30|12,29|5,1|9,30|15,1|2,29|19,2|22,1|
#setting_targetting_pos=29,2|12,1|5,30|9,2|15,30|2,1|19,30|22,29|
#type=2,2,2,2,2,2,2,2,
LuudRd.R
#000000000000
#assigned_pet=-1,-1,-1,-1,-1,-1,-1,-1,
#assigned_hub=-1,-1,-1,-1,-1,-1,-1,-1,
#moving_targetting_pos=29,30|12,29|5,1|9,30|15,1|2,29|19,2|22,1|
#setting_targetting_pos=29,2|12,1|5,30|9,2|15,30|2,1|19,30|22,29|
#type=2,2,2,2,2,2,2,2,
rLRL.ulR
#000000000000
#assigned_pet=-1,-1,-1,-1,-1,-1,-1,-1,
#assigned_hub=-1,-1,-1,-1,-1,-1,-1,-1,
#moving_targetting_pos=29,30|12,29|5,1|9,30|15,1|2,29|19,2|22,1|
#setting_targetting_pos=29,2|12,1|5,30|9,2|15,30|2,1|19,30|22,29|
#type=2,2,2,2,2,2,2,2,
urdL.L.R
#000000000000
#assigned_pet=-1,-1,-1,-1,-1,-1,-1,-1,
#assigned_hub=-1,-1,-1,-1,-1,-1,-1,-1,
#moving_targetting_pos=29,30|12,29|5,1|9,30|15,1|2,29|19,2|22,1|
#setting_targetting_pos=29,2|12,1|5,30|9,2|15,30|2,1|19,30|22,29|
#type=2,2,2,2,2,2,2,2,
LLRr.r.d
#000000000000
#assigned_pet=-1,-1,-1,-1,-1,-1,-1,-1,
#assigned_hub=-1,-1,-1,-1,-1,-1,-1,-1,
#moving_targetting_pos=29,30|12,29|5,1|9,30|15,1|2,29|19,2|22,1|
#setting_targetting_pos=29,2|12,1|5,30|9,2|15,30|2,1|19,30|22,29|
#type=2,2,2,2,2,2,2,2,
LLdudL.u
#000000000000
#assigned_pet=-1,-1,-1,-1,-1,-1,-1,-1,
#assigned_hub=-1,-1,-1,-1,-1,-1,-1,-1,
#moving_targetting_pos=29,30|12,29|25,30|9,30|15,1|2,29|19,2|22,1|
#setting_targetting_pos=29,2|12,1|25,1|9,2|15,30|2,1|19,30|22,29|
#type=2,2,1,2,2,2,2,2,
ddLLRL.R
#000000000000
#assigned_pet=-1,-1,-1,-1,-1,-1,-1,-1,
#assigned_hub=-1,-1,-1,-1,-1,-1,-1,-1,
#moving_targetting_pos=29,30|12,29|25,30|9,30|15,1|2,29|19,2|22,1|
#setting_targetting_pos=29,2|12,1|25,1|9,2|15,30|2,1|19,30|22,29|
#type=2,2,1,2,2,2,2,2,
LLLLdd.l
#000000000000
#assigned_pet=-1,-1,-1,-1,-1,-1,-1,-1,
#assigned_hub=-1,-1,-1,-1,-1,-1,-1,-1,
#moving_targetting_pos=29,30|12,29|25,30|9,30|15,1|2,29|19,2|22,1|
#setting_targetting_pos=29,2|12,1|25,1|9,2|15,30|2,1|19,30|22,29|
#type=2,2,1,2,2,2,2,2,
rLLdRLdR
#000000000000
#assigned_pet=-1,-1,-1,-1,-1,-1,-1,-1,
#assigned_hub=-1,-1,-1,-1,-1,-1,-1,-1,
#moving_targetting_pos=29,30|12,29|25,30|9,30|15,1|2,29|19,2|22,1|
#setting_targetting_pos=29,2|12,1|25,1|9,2|15,30|2,1|19,30|22,29|
#type=2,2,1,2,2,2,2,2,
L.DLdLRR
#000000000000
#assigned_pet=-1,-1,-1,-1,-1,-1,-1,-1,
#assigned_hub=-1,-1,-1,-1,-1,-1,-1,-1,
#moving_targetting_pos=29,30|12,29|25,30|9,30|15,1|2,29|19,2|22,1|
#setting_targetting_pos=29,2|12,1|25,1|9,2|15,30|2,1|19,30|22,29|
#type=2,2,1,2,2,2,2,2,
urDrRrRr
#000000000000
#assigned_pet=-1,-1,-1,-1,-1,-1,-1,-1,
#assigned_hub=-1,-1,-1,-1,-1,-1,-1,-1,
#moving_targetting_pos=29,30|12,29|25,30|9,30|15,1|2,29|19,2|22,1|
#setting_targetting_pos=29,2|12,1|25,1|9,2|15,30|2,1|19,30|22,29|
#type=2,2,1,2,2,2,2,2,
LuDLdudd
#000000000000
#assigned_pet=-1,-1,-1,-1,-1,-1,-1,-1,
#assigned_hub=-1,3,-1,-1,-1,-1,-1,8,
#moving_targetting_pos=29,30|16,6|25,30|9,30|15,1|2,29|19,2|26,26|
#setting_targetting_pos=29,2|12,1|25,1|9,2|15,30|2,1|19,30|22,29|
#type=2,3,1,2,2,2,2,3,
LDD.RLRL
#000000000000
#assigned_pet=-1,-1,-1,-1,-1,-1,-1,-1,
#assigned_hub=-1,3,-1,-1,-1,-1,-1,8,
#moving_targetting_pos=29,30|16,6|25,30|9,30|15,1|2,29|19,2|26,26|
#setting_targetting_pos=29,2|-1,-1|25,1|9,2|15,30|2,1|19,30|-1,-1|
#type=2,3,1,2,2,2,2,3,
rRRudLRL
#000000000000
#assigned_pet=-1,-1,-1,-1,-1,-1,-1,-1,
#assigned_hub=-1,3,-1,-1,-1,-1,-1,8,
#moving_targetting_pos=29,30|16,6|25,30|9,30|15,1|2,29|19,2|26,26|
#setting_targetting_pos=29,2|-1,-1|25,1|9,2|15,30|2,1|19,30|-1,-1|
#type=2,3,1,2,2,2,2,3,
dDDLRrlD
#000000000000
#assigned_pet=-1,-1,-1,-1,-1,-1,-1,-1,
#assigned_hub=6,3,-1,-1,-1,-1,-1,8,
#moving_targetting_pos=26,6|16,6|25,30|9,30|15,1|2,29|19,2|26,26|
#setting_targetting_pos=29,2|-1,-1|25,1|9,2|15,30|2,1|19,30|-1,-1|
#type=3,3,1,2,2,2,2,3,
URDLuduD
#000000000000
#assigned_pet=-1,-1,-1,-1,-1,-1,-1,-1,
#assigned_hub=6,3,-1,-1,-1,-1,-1,8,
#moving_targetting_pos=26,6|16,6|25,30|9,30|15,1|2,29|19,2|26,26|
#setting_targetting_pos=-1,-1|-1,-1|25,1|9,2|15,30|2,1|19,30|-1,-1|
#type=3,3,1,2,2,2,2,3,
RDDrRLRL
#000000000000
#assigned_pet=-1,-1,-1,-1,-1,-1,-1,9,
#assigned_hub=6,3,-1,-1,-1,-1,-1,8,
#moving_targetting_pos=26,6|16,6|25,30|9,30|15,1|2,29|19,2|-1,-1|
#setting_targetting_pos=-1,-1|-1,-1|25,1|9,2|15,30|2,1|19,30|27,28|
#type=3,3,1,2,2,2,2,4,
URDdRLRR
#000000000000
#assigned_pet=-1,-1,-1,-1,-1,-1,-1,-1,
#assigned_hub=6,3,-1,0,-1,-1,-1,8,
#moving_targetting_pos=26,6|16,6|25,30|6,6|15,1|2,29|19,2|-1,-1|
#setting_targetting_pos=-1,-1|-1,-1|25,1|9,2|15,30|2,1|19,30|-1,-1|
#type=3,3,1,3,2,2,2,4,
RRDURLd.
#000000000000
#assigned_pet=-1,-1,-1,-1,-1,-1,-1,-1,
#assigned_hub=6,3,-1,0,-1,-1,-1,8,
#moving_targetting_pos=26,6|-1,-1|25,30|6,6|15,1|2,29|19,2|-1,-1|
#setting_targetting_pos=-1,-1|-1,-1|25,1|-1,-1|15,30|2,1|19,30|-1,-1|
#type=3,4,1,3,2,2,2,4,
R.DRRdR.
#000000000000
#assigned_pet=6,6,-1,-1,-1,-1,-1,-1,
#assigned_hub=6,3,-1,0,-1,-1,-1,8,
#moving_targetting_pos=-1,-1|-1,-1|25,30|6,6|15,1|2,29|19,2|-1,-1|
#setting_targetting_pos=24,5|18,5|25,1|-1,-1|15,30|2,1|19,30|-1,-1|
#type=4,4,1,3,2,2,2,4,
UDDU.ul.
#000000000000
#assigned_pet=6,6,-1,-1,-1,-1,-1,9,
#assigned_hub=6,3,-1,0,-1,-1,-1,8,
#moving_targetting_pos=-1,-1|-1,-1|25,30|6,6|15,1|2,29|19,2|-1,-1|
#setting_targetting_pos=24,5|18,5|25,1|-1,-1|15,30|2,1|19,30|27,28|
#type=4,4,1,3,2,2,2,4,
UDDR.LRR
#000000000000
#assigned_pet=6,6,-1,-1,-1,-1,-1,-1,
#assigned_hub=6,3,-1,0,-1,-1,-1,8,
#moving_targetting_pos=-1,-1|-1,-1|25,30|6,6|15,1|2,29|19,2|-1,-1|
#setting_targetting_pos=24,5|18,5|25,1|-1,-1|15,30|2,1|19,30|-1,-1|
#type=4,4,1,3,2,2,2,4,
..DR.r..
#000000000001
#assigned_pet=6,6,-1,11,-1,-1,-1,9,
#assigned_hub=6,3,-1,0,-1,-1,-1,8,
#moving_targetting_pos=-1,-1|-1,-1|25,30|-1,-1|15,1|2,29|19,2|-1,-1|
#setting_targetting_pos=24,5|18,5|25,1|7,4|15,30|2,1|19,30|25,28|
#type=4,4,1,5,2,2,2,4,
..Dl.L..
#000000000001
#assigned_pet=6,6,-1,-1,-1,-1,-1,9,
#assigned_hub=6,3,-1,0,-1,-1,-1,8,
#moving_targetting_pos=-1,-1|-1,-1|25,30|-1,-1|15,1|2,29|19,2|-1,-1|
#setting_targetting_pos=24,5|18,5|25,1|-1,-1|15,30|2,1|19,30|25,28|
#type=4,4,1,4,2,2,2,4,
..D.uL..
#000000000001
#assigned_pet=6,6,-1,-1,-1,-1,-1,9,
#assigned_hub=6,3,-1,0,-1,-1,-1,8,
#moving_targetting_pos=-1,-1|-1,-1|25,30|-1,-1|15,1|2,29|19,2|-1,-1|
#setting_targetting_pos=24,5|18,5|25,1|-1,-1|15,30|2,1|19,30|25,28|
#type=4,4,1,4,2,2,2,4,
..D.Rd..
#000000000001
#assigned_pet=6,6,-1,-1,-1,-1,-1,-1,
#assigned_hub=6,3,-1,0,-1,-1,-1,8,
#moving_targetting_pos=-1,-1|-1,-1|25,30|-1,-1|15,1|2,29|19,2|-1,-1|
#setting_targetting_pos=24,5|18,5|25,1|-1,-1|15,30|2,1|19,30|-1,-1|
#type=4,4,1,4,2,2,2,4,
..D.dLu.
#000000000001
#assigned_pet=6,6,-1,-1,-1,-1,-1,9,
#assigned_hub=6,3,-1,0,-1,-1,-1,8,
#moving_targetting_pos=-1,-1|-1,-1|25,30|-1,-1|15,1|2,29|19,2|-1,-1|
#setting_targetting_pos=24,5|18,5|25,1|-1,-1|15,30|2,1|19,30|25,28|
#type=4,4,1,4,2,2,2,4,
..D.RLR.
#000000000001
#assigned_pet=6,6,-1,-1,-1,-1,-1,-1,
#assigned_hub=6,3,-1,0,-1,-1,-1,8,
#moving_targetting_pos=-1,-1|-1,-1|25,30|-1,-1|15,1|2,29|19,2|-1,-1|
#setting_targetting_pos=24,5|18,5|25,1|-1,-1|15,30|2,1|19,30|-1,-1|
#type=4,4,1,4,2,2,2,4,
..D.drR.
#000000000001
#assigned_pet=6,6,-1,-1,-1,-1,-1,9,
#assigned_hub=6,3,-1,0,5,-1,-1,8,
#moving_targetting_pos=-1,-1|-1,-1|25,30|-1,-1|16,26|2,29|19,2|-1,-1|
#setting_targetting_pos=24,5|18,5|25,1|-1,-1|15,30|2,1|19,30|25,28|
#type=4,4,1,4,3,2,2,4,
..R.Lul.
#000000000001
#assigned_pet=6,6,-1,-1,-1,-1,-1,-1,
#assigned_hub=6,3,-1,0,5,4,-1,8,
#moving_targetting_pos=-1,-1|-1,-1|25,30|-1,-1|16,26|16,16|19,2|-1,-1|
#setting_targetting_pos=24,5|18,5|25,1|-1,-1|-1,-1|2,1|19,30|-1,-1|
#type=4,4,1,4,3,3,2,4,
..R.LDd.
#000000000001
#assigned_pet=6,6,-1,-1,-1,-1,-1,9,
#assigned_hub=6,3,-1,0,5,4,7,8,
#moving_targetting_pos=-1,-1|-1,-1|25,30|-1,-1|16,26|16,16|26,16|-1,-1|
#setting_targetting_pos=24,5|18,5|25,1|-1,-1|-1,-1|-1,-1|19,30|25,28|
#type=4,4,1,4,3,3,3,4,
..D.LRU.
#000000000001
#assigned_pet=6,6,-1,-1,-1,-1,-1,9,
#assigned_hub=6,3,-1,0,5,4,7,8,
#moving_targetting_pos=-1,-1|-1,-1|25,30|-1,-1|-1,-1|16,16|26,16|-1,-1|
#setting_targetting_pos=24,5|18,5|25,1|-1,-1|-1,-1|-1,-1|-1,-1|25,28|
#type=4,4,2,4,4,3,3,4,
..d..DLL
#000000000001
#assigned_pet=6,6,-1,-1,-1,-1,-1,9,
#assigned_hub=6,3,-1,0,5,4,7,8,
#moving_targetting_pos=-1,-1|-1,-1|25,30|-1,-1|-1,-1|16,16|26,16|-1,-1|
#setting_targetting_pos=24,5|18,5|25,1|-1,-1|-1,-1|-1,-1|-1,-1|25,28|
#type=4,4,2,4,4,3,3,4,
..L..RUR
#000000000001
#assigned_pet=6,6,-1,-1,-1,-1,-1,9,
#assigned_hub=6,3,-1,0,5,4,7,8,
#moving_targetting_pos=-1,-1|-1,-1|25,30|-1,-1|-1,-1|16,16|26,16|-1,-1|
#setting_targetting_pos=24,5|18,5|25,1|-1,-1|-1,-1|-1,-1|-1,-1|25,28|
#type=4,4,2,4,4,3,3,4,
..d..DLL
#000000000001
#assigned_pet=6,6,-1,-1,-1,-1,-1,9,
#assigned_hub=6,3,-1,0,5,4,7,8,
#moving_targetting_pos=-1,-1|-1,-1|25,30|-1,-1|-1,-1|16,16|26,16|-1,-1|
#setting_targetting_pos=24,5|18,5|25,1|-1,-1|-1,-1|-1,-1|-1,-1|25,28|
#type=4,4,2,4,4,3,3,4,
..L..RLR
#000000000001
#assigned_pet=6,6,-1,-1,-1,-1,-1,9,
#assigned_hub=6,3,-1,0,5,4,7,8,
#moving_targetting_pos=-1,-1|-1,-1|25,30|-1,-1|-1,-1|16,16|26,16|-1,-1|
#setting_targetting_pos=24,5|18,5|25,1|-1,-1|-1,-1|-1,-1|-1,-1|25,28|
#type=4,4,2,4,4,3,3,4,
.....RLL
#000000000001
#assigned_pet=6,6,-1,-1,-1,-1,-1,9,
#assigned_hub=6,3,-1,0,5,4,7,8,
#moving_targetting_pos=-1,-1|-1,-1|25,30|-1,-1|-1,-1|16,16|26,16|-1,-1|
#setting_targetting_pos=24,5|18,5|25,1|-1,-1|-1,-1|-1,-1|-1,-1|25,28|
#type=4,4,2,4,4,3,3,4,
.....RLR
#000000000001
#assigned_pet=6,6,-1,-1,-1,-1,-1,9,
#assigned_hub=6,3,-1,0,5,4,7,8,
#moving_targetting_pos=-1,-1|-1,-1|25,30|-1,-1|-1,-1|16,16|26,16|-1,-1|
#setting_targetting_pos=24,5|18,5|25,1|-1,-1|-1,-1|-1,-1|-1,-1|25,28|
#type=4,4,2,4,4,3,3,4,
.....RLL
#000000000001
#assigned_pet=6,6,-1,-1,-1,-1,-1,9,
#assigned_hub=6,3,-1,0,5,4,7,8,
#moving_targetting_pos=-1,-1|-1,-1|25,30|-1,-1|-1,-1|16,16|26,16|-1,-1|
#setting_targetting_pos=24,5|18,5|25,1|-1,-1|-1,-1|-1,-1|-1,-1|25,28|
#type=4,4,2,4,4,3,3,4,
.....RLR
#000000000001
#assigned_pet=6,6,-1,-1,-1,-1,-1,9,
#assigned_hub=6,3,-1,0,5,4,7,8,
#moving_targetting_pos=-1,-1|-1,-1|25,30|-1,-1|-1,-1|16,16|26,16|-1,-1|
#setting_targetting_pos=24,5|18,5|25,1|-1,-1|-1,-1|-1,-1|-1,-1|25,28|
#type=4,4,2,4,4,3,3,4,
.....RLL
#000000000001
#assigned_pet=6,6,-1,-1,-1,-1,-1,9,
#assigned_hub=6,3,-1,0,5,4,7,8,
#moving_targetting_pos=-1,-1|-1,-1|25,30|-1,-1|-1,-1|16,16|26,16|-1,-1|
#setting_targetting_pos=24,5|18,5|25,1|-1,-1|-1,-1|-1,-1|-1,-1|25,28|
#type=4,4,2,4,4,3,3,4,
.....RLR
#000000000001
#assigned_pet=6,6,-1,-1,-1,-1,-1,9,
#assigned_hub=6,3,-1,0,5,4,7,8,
#moving_targetting_pos=-1,-1|-1,-1|25,30|-1,-1|-1,-1|16,16|26,16|-1,-1|
#setting_targetting_pos=24,5|18,5|25,1|-1,-1|-1,-1|-1,-1|-1,-1|25,28|
#type=4,4,2,4,4,3,3,4,
.....RL.
#000000000001
#assigned_pet=-1,-1,-1,-1,-1,-1,-1,9,
#assigned_hub=6,3,-1,0,5,4,7,8,
#moving_targetting_pos=-1,-1|-1,-1|25,30|-1,-1|-1,-1|16,16|26,16|-1,-1|
#setting_targetting_pos=-1,-1|-1,-1|25,1|-1,-1|-1,-1|-1,-1|-1,-1|25,28|
#type=4,4,2,4,4,3,3,4,
.....RL.
#000000000001
#assigned_pet=6,6,-1,-1,-1,-1,-1,9,
#assigned_hub=6,3,-1,0,5,4,7,8,
#moving_targetting_pos=-1,-1|-1,-1|25,30|-1,-1|-1,-1|16,16|26,16|-1,-1|
#setting_targetting_pos=24,5|18,5|25,1|-1,-1|-1,-1|-1,-1|-1,-1|25,28|
#type=4,4,2,4,4,3,3,4,
.....RLL
#000000000001
#assigned_pet=6,6,-1,-1,-1,-1,-1,9,
#assigned_hub=6,3,-1,2,5,4,7,8,
#moving_targetting_pos=-1,-1|-1,-1|25,30|6,26|-1,-1|16,16|26,16|-1,-1|
#setting_targetting_pos=24,5|18,5|25,1|-1,-1|-1,-1|-1,-1|-1,-1|25,28|
#type=4,4,2,3,4,3,3,4,
...R.RLR
#000000000001
#assigned_pet=6,6,-1,-1,-1,-1,-1,9,
#assigned_hub=6,3,-1,2,5,4,7,8,
#moving_targetting_pos=-1,-1|-1,-1|25,30|6,26|-1,-1|16,16|26,16|-1,-1|
#setting_targetting_pos=24,5|18,5|25,1|-1,-1|-1,-1|-1,-1|-1,-1|25,28|
#type=4,4,2,3,4,3,3,4,
...R.RDL
#000000000001
#assigned_pet=6,6,-1,-1,-1,-1,-1,9,
#assigned_hub=6,3,-1,2,5,4,7,8,
#moving_targetting_pos=-1,-1|-1,-1|25,30|6,26|-1,-1|16,16|26,16|-1,-1|
#setting_targetting_pos=24,5|18,5|25,1|-1,-1|-1,-1|-1,-1|-1,-1|25,28|
#type=4,4,2,3,4,3,3,4,
...R.DDR
#000000000001
#assigned_pet=6,6,-1,-1,-1,-1,-1,9,
#assigned_hub=6,3,-1,2,5,4,7,8,
#moving_targetting_pos=-1,-1|-1,-1|25,30|6,26|-1,-1|16,16|26,16|-1,-1|
#setting_targetting_pos=24,5|18,5|25,1|-1,-1|-1,-1|-1,-1|-1,-1|25,28|
#type=4,4,2,3,4,3,3,4,
...R.DDL
#000000000001
#assigned_pet=6,6,-1,-1,-1,-1,-1,9,
#assigned_hub=6,3,-1,2,5,4,7,8,
#moving_targetting_pos=-1,-1|-1,-1|25,30|6,26|-1,-1|16,16|26,16|-1,-1|
#setting_targetting_pos=24,5|18,5|25,1|-1,-1|-1,-1|-1,-1|-1,-1|25,28|
#type=4,4,2,3,4,3,3,4,
...R.DDR
#000000000001
#assigned_pet=6,6,-1,-1,-1,-1,-1,9,
#assigned_hub=6,3,-1,2,5,4,7,8,
#moving_targetting_pos=-1,-1|-1,-1|25,30|6,26|-1,-1|16,16|26,16|-1,-1|
#setting_targetting_pos=24,5|18,5|25,1|-1,-1|-1,-1|-1,-1|-1,-1|25,28|
#type=4,4,2,3,4,3,3,4,
...R.DDL
#000000000001
#assigned_pet=6,6,-1,-1,-1,-1,-1,9,
#assigned_hub=6,3,-1,2,5,4,7,8,
#moving_targetting_pos=-1,-1|-1,-1|25,30|6,26|-1,-1|16,16|26,16|-1,-1|
#setting_targetting_pos=24,5|18,5|25,1|-1,-1|-1,-1|-1,-1|-1,-1|25,28|
#type=4,4,2,3,4,3,3,4,
...R.DDR
#000000000001
#assigned_pet=6,6,-1,-1,-1,-1,-1,9,
#assigned_hub=6,3,-1,2,5,4,7,8,
#moving_targetting_pos=-1,-1|-1,-1|25,30|6,26|-1,-1|16,16|26,16|-1,-1|
#setting_targetting_pos=24,5|18,5|25,1|-1,-1|-1,-1|-1,-1|-1,-1|25,28|
#type=4,4,2,3,4,3,3,4,
...R.DDL
#000000000001
#assigned_pet=6,6,-1,-1,-1,-1,-1,9,
#assigned_hub=6,3,-1,0,5,4,2,8,
#moving_targetting_pos=-1,-1|-1,-1|25,30|6,6|-1,-1|16,16|6,26|-1,-1|
#setting_targetting_pos=24,5|18,5|25,1|-1,-1|-1,-1|-1,-1|-1,-1|25,28|
#type=4,4,2,3,4,3,3,4,
...L.DRR
#000000000001
#assigned_pet=6,6,-1,-1,-1,-1,-1,9,
#assigned_hub=6,3,-1,0,5,4,2,8,
#moving_targetting_pos=-1,-1|-1,-1|25,30|6,6|-1,-1|16,16|6,26|-1,-1|
#setting_targetting_pos=24,5|18,5|25,1|-1,-1|-1,-1|-1,-1|-1,-1|25,28|
#type=4,4,2,3,4,3,3,4,
...L.DRL
#000000000001
#assigned_pet=6,6,-1,-1,-1,-1,-1,9,
#assigned_hub=6,3,-1,0,5,4,2,8,
#moving_targetting_pos=-1,-1|-1,-1|25,30|6,6|-1,-1|16,16|6,26|-1,-1|
#setting_targetting_pos=24,5|18,5|25,1|-1,-1|-1,-1|-1,-1|-1,-1|25,28|
#type=4,4,2,3,4,3,3,4,
...L.DRR
#000000000001
#assigned_pet=6,6,-1,-1,-1,-1,-1,9,
#assigned_hub=6,3,-1,7,5,4,2,8,
#moving_targetting_pos=-1,-1|-1,-1|25,30|26,16|-1,-1|16,16|6,26|-1,-1|
#setting_targetting_pos=24,5|18,5|25,1|-1,-1|-1,-1|-1,-1|-1,-1|25,28|
#type=4,4,2,3,4,3,3,4,
...R.RRL
#000000000001
#assigned_pet=6,6,-1,-1,0,0,-1,9,
#assigned_hub=6,3,-1,0,5,4,2,8,
#moving_targetting_pos=-1,-1|-1,-1|25,30|6,6|-1,-1|-1,-1|6,26|-1,-1|
#setting_targetting_pos=24,5|18,5|25,1|-1,-1|17,24|17,18|-1,-1|25,28|
#type=4,4,2,3,4,4,3,4,
...LLRRR
#000000000001
#assigned_pet=6,6,-1,-1,0,0,-1,9,
#assigned_hub=6,3,-1,1,5,4,7,8,
#moving_targetting_pos=-1,-1|-1,-1|25,30|6,16|-1,-1|-1,-1|26,16|-1,-1|
#setting_targetting_pos=24,5|18,5|25,1|-1,-1|17,24|17,18|-1,-1|25,28|
#type=4,4,2,3,4,4,3,4,
...RLDLL
#000000000001
#assigned_pet=6,6,-1,-1,0,0,-1,9,
#assigned_hub=6,3,-1,1,5,4,7,8,
#moving_targetting_pos=-1,-1|-1,-1|25,30|6,16|-1,-1|-1,-1|26,16|-1,-1|
#setting_targetting_pos=24,5|18,5|25,1|-1,-1|17,24|17,18|-1,-1|25,28|
#type=4,4,2,3,4,4,3,4,
...RLRLR
#000000000001
#assigned_pet=6,6,-1,-1,0,0,-1,9,
#assigned_hub=6,3,-1,1,5,4,7,8,
#moving_targetting_pos=-1,-1|-1,-1|25,30|6,16|-1,-1|-1,-1|26,16|-1,-1|
#setting_targetting_pos=24,5|18,5|25,1|-1,-1|17,24|17,18|-1,-1|25,28|
#type=4,4,2,3,4,4,3,4,
...RDDL.
#100000000001
#assigned_pet=6,6,-1,-1,0,0,-1,9,
#assigned_hub=6,3,-1,1,5,4,7,8,
#moving_targetting_pos=-1,-1|-1,-1|25,30|6,16|-1,-1|-1,-1|26,16|-1,-1|
#setting_targetting_pos=24,5|18,5|25,1|-1,-1|17,24|17,18|-1,-1|25,28|
#type=4,4,2,3,5,5,3,4,
...RddL.
#100000000001
#assigned_pet=6,6,-1,-1,-1,-1,-1,9,
#assigned_hub=6,3,-1,1,5,4,7,8,
#moving_targetting_pos=-1,-1|-1,-1|25,30|6,16|-1,-1|-1,-1|26,16|-1,-1|
#setting_targetting_pos=24,5|18,5|25,1|-1,-1|-1,-1|-1,-1|-1,-1|25,28|
#type=4,4,2,3,4,4,3,4,
...R..L.
#100000000001
#assigned_pet=-1,4,-1,-1,-1,4,-1,9,
#assigned_hub=6,3,-1,1,5,4,7,8,
#moving_targetting_pos=-1,-1|-1,-1|25,30|-1,-1|-1,-1|-1,-1|26,16|-1,-1|
#setting_targetting_pos=-1,-1|17,8|25,1|-1,-1|-1,-1|17,14|-1,-1|25,28|
#type=4,4,2,4,4,4,3,4,
.R...LL.
#100000000001
#assigned_pet=6,6,-1,-1,-1,-1,-1,9,
#assigned_hub=6,3,-1,1,5,4,7,8,
#moving_targetting_pos=-1,-1|-1,-1|25,30|-1,-1|-1,-1|-1,-1|-1,-1|-1,-1|
#setting_targetting_pos=24,5|18,5|25,1|-1,-1|-1,-1|-1,-1|-1,-1|25,28|
#type=4,4,2,4,4,4,4,4,
.L.....L
#100000000001
#assigned_pet=6,6,-1,3,-1,3,-1,9,
#assigned_hub=6,3,-1,1,5,4,7,8,
#moving_targetting_pos=-1,-1|-1,-1|25,30|-1,-1|-1,-1|-1,-1|-1,-1|-1,-1|
#setting_targetting_pos=24,5|18,5|25,1|8,17|-1,-1|14,17|-1,-1|25,28|
#type=4,4,2,4,4,4,4,4,
...R.U.R
#100000000001
#assigned_pet=6,6,-1,3,-1,3,-1,9,
#assigned_hub=6,3,-1,1,5,4,7,8,
#moving_targetting_pos=-1,-1|-1,-1|25,30|-1,-1|-1,-1|-1,-1|-1,-1|-1,-1|
#setting_targetting_pos=24,5|18,5|25,1|8,17|-1,-1|14,17|-1,-1|25,28|
#type=4,4,2,4,4,4,4,4,
...R...L
#100000000001
#assigned_pet=6,6,-1,5,-1,5,-1,9,
#assigned_hub=6,3,-1,1,5,4,7,8,
#moving_targetting_pos=-1,-1|-1,-1|25,30|-1,-1|-1,-1|-1,-1|-1,-1|-1,-1|
#setting_targetting_pos=24,5|18,5|25,1|8,15|-1,-1|14,15|-1,-1|25,28|
#type=4,4,2,4,4,4,4,4,
...L.L.R
#100000000001
#assigned_pet=6,6,-1,-1,-1,2,2,-1,
#assigned_hub=6,3,-1,1,5,4,7,8,
#moving_targetting_pos=-1,-1|-1,-1|25,30|-1,-1|-1,-1|-1,-1|-1,-1|-1,-1|
#setting_targetting_pos=24,5|18,5|25,1|-1,-1|-1,-1|18,17|24,17|-1,-1|
#type=4,4,2,4,4,4,4,4,
.....R..
#100000000001
#assigned_pet=6,6,-1,3,9,3,-1,9,
#assigned_hub=6,3,-1,1,5,4,7,8,
#moving_targetting_pos=-1,-1|-1,-1|25,30|-1,-1|-1,-1|-1,-1|-1,-1|-1,-1|
#setting_targetting_pos=24,5|18,5|25,1|8,17|18,27|14,17|-1,-1|24,27|
#type=4,4,2,4,4,4,4,4,
...RR..R
#100000000001
#assigned_pet=6,6,-1,3,-1,3,-1,-1,
#assigned_hub=6,3,-1,1,5,4,7,8,
#moving_targetting_pos=-1,-1|-1,-1|25,30|-1,-1|-1,-1|-1,-1|-1,-1|-1,-1|
#setting_targetting_pos=24,5|18,5|25,1|8,17|-1,-1|14,17|-1,-1|-1,-1|
#type=4,4,2,4,4,4,4,4,
........
#100000000001
#assigned_pet=6,6,-1,3,9,3,-1,9,
#assigned_hub=6,3,-1,1,5,4,7,8,
#moving_targetting_pos=-1,-1|-1,-1|25,30|-1,-1|-1,-1|-1,-1|-1,-1|-1,-1|
#setting_targetting_pos=24,5|18,5|25,1|8,17|18,27|14,17|-1,-1|24,27|
#type=4,4,2,4,4,4,4,4,
....R..L
#100000000001
#assigned_pet=6,6,-1,3,9,3,-1,9,
#assigned_hub=6,3,-1,1,5,4,7,8,
#moving_targetting_pos=-1,-1|-1,-1|25,30|-1,-1|-1,-1|-1,-1|-1,-1|-1,-1|
#setting_targetting_pos=24,5|18,5|25,1|8,17|18,27|14,17|-1,-1|24,27|
#type=4,4,2,4,4,4,4,4,
....R..R
#100000000001
#assigned_pet=-1,-1,-1,3,9,3,-1,9,
#assigned_hub=6,3,-1,1,5,4,7,8,
#moving_targetting_pos=-1,-1|-1,-1|25,30|-1,-1|-1,-1|-1,-1|-1,-1|-1,-1|
#setting_targetting_pos=-1,-1|-1,-1|25,1|8,17|18,27|14,17|-1,-1|24,27|
#type=4,4,2,4,4,4,4,4,
....D..L
#100100000001
#assigned_pet=-1,-1,-1,3,9,3,-1,9,
#assigned_hub=6,3,-1,1,5,4,7,8,
#moving_targetting_pos=-1,-1|-1,-1|25,30|-1,-1|-1,-1|-1,-1|-1,-1|-1,-1|
#setting_targetting_pos=-1,-1|-1,-1|25,1|8,17|18,27|14,17|-1,-1|24,27|
#type=4,4,2,5,4,5,4,4,
...d.u.R
#100100000001
#assigned_pet=8,8,-1,7,9,7,-1,9,
#assigned_hub=6,3,-1,1,5,4,7,8,
#moving_targetting_pos=-1,-1|-1,-1|25,30|-1,-1|-1,-1|-1,-1|-1,-1|-1,-1|
#setting_targetting_pos=24,5|18,5|25,1|8,15|18,27|14,15|-1,-1|24,27|
#type=4,4,2,4,4,4,4,4,
...L.L.L
#100100000001
#assigned_pet=8,8,-1,7,9,7,-1,9,
#assigned_hub=6,3,-1,1,5,4,7,8,
#moving_targetting_pos=-1,-1|-1,-1|25,30|-1,-1|-1,-1|-1,-1|-1,-1|-1,-1|
#setting_targetting_pos=24,5|18,5|25,1|8,15|18,27|14,15|-1,-1|24,27|
#type=4,4,2,4,4,4,4,4,
...L.L.R
#100100000001
#assigned_pet=8,8,-1,10,9,-1,-1,9,
#assigned_hub=6,3,-1,1,5,4,7,8,
#moving_targetting_pos=-1,-1|-1,-1|25,30|-1,-1|-1,-1|-1,-1|-1,-1|-1,-1|
#setting_targetting_pos=24,5|18,5|25,1|4,15|18,27|-1,-1|-1,-1|24,27|
#type=4,4,2,4,4,4,4,4,
...U...L
#100100000001
#assigned_pet=8,8,-1,10,9,-1,-1,9,
#assigned_hub=6,3,-1,1,5,4,7,8,
#moving_targetting_pos=-1,-1|-1,-1|25,30|-1,-1|-1,-1|-1,-1|-1,-1|-1,-1|
#setting_targetting_pos=24,5|18,5|25,1|4,15|18,27|-1,-1|-1,-1|24,27|
#type=4,4,2,4,4,4,4,4,
...U...R
#100100000011
#assigned_pet=8,8,-1,10,9,-1,-1,9,
#assigned_hub=6,3,-1,1,5,4,7,8,
#moving_targetting_pos=-1,-1|-1,-1|25,30|-1,-1|-1,-1|-1,-1|-1,-1|-1,-1|
#setting_targetting_pos=24,5|18,5|25,1|4,15|18,27|-1,-1|-1,-1|24,27|
#type=4,4,2,5,4,4,4,4,
...u...L
#100100000011
#assigned_pet=8,8,-1,-1,9,-1,-1,9,
#assigned_hub=6,3,-1,1,5,4,7,8,
#moving_targetting_pos=-1,-1|-1,-1|25,30|-1,-1|-1,-1|-1,-1|-1,-1|-1,-1|
#setting_targetting_pos=24,5|18,5|25,1|-1,-1|18,27|-1,-1|-1,-1|24,27|
#type=4,4,2,4,4,4,4,4,
.......R
#100100000011
#assigned_pet=8,8,-1,-1,9,-1,-1,9,
#assigned_hub=6,3,-1,1,5,4,7,8,
#moving_targetting_pos=-1,-1|-1,-1|25,30|6,16|-1,-1|-1,-1|-1,-1|-1,-1|
#setting_targetting_pos=24,5|18,5|25,1|-1,-1|18,27|-1,-1|-1,-1|24,27|
#type=4,4,2,4,4,4,4,4,
.......L
#100100000011
#assigned_pet=8,8,-1,-1,9,-1,-1,9,
#assigned_hub=6,3,-1,1,5,4,7,8,
#moving_targetting_pos=-1,-1|-1,-1|25,30|6,16|-1,-1|-1,-1|-1,-1|-1,-1|
#setting_targetting_pos=24,5|18,5|25,1|-1,-1|18,27|-1,-1|-1,-1|24,27|
#type=4,4,2,4,4,4,4,4,
.......R
#100100000011
#assigned_pet=-1,7,-1,-1,9,7,-1,9,
#assigned_hub=6,3,-1,1,5,4,7,8,
#moving_targetting_pos=-1,-1|-1,-1|25,30|6,16|-1,-1|-1,-1|-1,-1|-1,-1|
#setting_targetting_pos=-1,-1|17,8|25,1|-1,-1|18,27|17,14|-1,-1|24,27|
#type=4,4,2,4,4,4,4,4,
.R...L.L
#100100000011
#assigned_pet=-1,7,-1,-1,-1,7,-1,-1,
#assigned_hub=6,3,-1,0,5,4,7,8,
#moving_targetting_pos=-1,-1|-1,-1|25,30|6,6|-1,-1|-1,-1|-1,-1|-1,-1|
#setting_targetting_pos=-1,-1|17,8|25,1|-1,-1|-1,-1|17,14|-1,-1|-1,-1|
#type=4,4,2,3,4,4,4,4,
.R.L.D..
#100100010011
#assigned_pet=-1,7,-1,-1,-1,7,-1,-1,
#assigned_hub=6,3,-1,0,5,4,7,8,
#moving_targetting_pos=-1,-1|-1,-1|25,30|6,6|-1,-1|-1,-1|-1,-1|-1,-1|
#setting_targetting_pos=-1,-1|17,8|25,1|-1,-1|-1,-1|17,14|-1,-1|-1,-1|
#type=4,5,2,3,4,5,4,4,
.r.L.d..
#100100010011
#assigned_pet=6,6,-1,-1,-1,-1,-1,-1,
#assigned_hub=6,3,-1,0,5,4,7,8,
#moving_targetting_pos=-1,-1|-1,-1|25,30|6,6|-1,-1|-1,-1|-1,-1|-1,-1|
#setting_targetting_pos=24,7|18,7|25,1|-1,-1|-1,-1|-1,-1|-1,-1|-1,-1|
#type=4,4,2,3,4,4,4,4,
R..L....
#100100010011
#assigned_pet=-1,-1,-1,-1,1,-1,-1,1,
#assigned_hub=6,3,-1,0,5,4,7,8,
#moving_targetting_pos=-1,-1|-1,-1|25,30|6,6|-1,-1|-1,-1|-1,-1|-1,-1|
#setting_targetting_pos=-1,-1|-1,-1|25,1|-1,-1|18,27|-1,-1|-1,-1|24,27|
#type=4,4,2,3,4,4,4,4,
...L....
#100100010011
#assigned_pet=6,6,-1,-1,2,2,-1,-1,
#assigned_hub=6,3,-1,0,5,4,7,8,
#moving_targetting_pos=-1,-1|-1,-1|25,30|6,6|-1,-1|-1,-1|-1,-1|-1,-1|
#setting_targetting_pos=24,7|18,7|25,1|-1,-1|15,24|15,18|-1,-1|-1,-1|
#type=4,4,2,3,4,4,4,4,
R..LLR..
#100100010011
#assigned_pet=4,4,-1,-1,2,2,-1,-1,
#assigned_hub=6,3,-1,0,5,4,7,8,
#moving_targetting_pos=-1,-1|-1,-1|25,30|6,6|-1,-1|-1,-1|-1,-1|-1,-1|
#setting_targetting_pos=24,7|18,7|25,1|-1,-1|15,24|15,18|-1,-1|-1,-1|
#type=4,4,2,3,4,4,4,4,
...LLR..
#100100010011
#assigned_pet=4,4,-1,-1,1,-1,-1,-1,
#assigned_hub=6,3,-1,2,5,4,7,8,
#moving_targetting_pos=-1,-1|-1,-1|25,30|6,26|-1,-1|-1,-1|-1,-1|-1,-1|
#setting_targetting_pos=24,7|18,7|25,1|-1,-1|17,28|-1,-1|-1,-1|-1,-1|
#type=4,4,2,3,4,4,4,4,
...RR...
#100100010011
#assigned_pet=4,4,-1,-1,1,-1,-1,-1,
#assigned_hub=6,3,-1,2,5,4,7,8,
#moving_targetting_pos=-1,-1|-1,-1|25,30|6,26|-1,-1|-1,-1|-1,-1|-1,-1|
#setting_targetting_pos=24,7|18,7|25,1|-1,-1|17,28|-1,-1|-1,-1|-1,-1|
#type=4,4,2,3,4,4,4,4,
...RR...
#100100010011
#assigned_pet=4,4,-1,-1,1,-1,-1,9,
#assigned_hub=6,3,-1,0,5,4,7,8,
#moving_targetting_pos=-1,-1|-1,-1|25,30|6,6|-1,-1|-1,-1|-1,-1|-1,-1|
#setting_targetting_pos=24,7|18,7|25,1|-1,-1|17,28|-1,-1|-1,-1|28,25|
#type=4,4,2,3,4,4,4,4,
...L...L
#100100010011
#assigned_pet=4,4,-1,-1,1,-1,-1,-1,
#assigned_hub=6,3,-1,0,5,4,7,8,
#moving_targetting_pos=-1,-1|-1,-1|25,30|6,6|-1,-1|-1,-1|-1,-1|-1,-1|
#setting_targetting_pos=24,7|18,7|25,1|-1,-1|17,28|-1,-1|-1,-1|-1,-1|
#type=4,4,2,3,4,4,4,4,
...L....
#100100010011
#assigned_pet=4,4,-1,-1,2,2,-1,-1,
#assigned_hub=6,3,-1,0,5,4,7,8,
#moving_targetting_pos=-1,-1|-1,-1|25,30|6,6|-1,-1|-1,-1|-1,-1|-1,-1|
#setting_targetting_pos=24,7|18,7|25,1|-1,-1|15,24|15,18|-1,-1|-1,-1|
#type=4,4,2,3,4,4,4,4,
...LLR..
#100100010011
#assigned_pet=4,4,-1,-1,1,-1,-1,-1,
#assigned_hub=6,3,-1,0,5,4,7,8,
#moving_targetting_pos=-1,-1|-1,-1|25,30|6,6|-1,-1|-1,-1|-1,-1|-1,-1|
#setting_targetting_pos=24,7|18,7|25,1|-1,-1|15,28|-1,-1|-1,-1|-1,-1|
#type=4,4,2,3,4,4,4,4,
...LR...
#100100010011
#assigned_pet=4,4,-1,-1,1,-1,-1,-1,
#assigned_hub=6,3,-1,0,5,4,7,8,
#moving_targetting_pos=-1,-1|-1,-1|25,30|6,6|-1,-1|-1,-1|-1,-1|-1,-1|
#setting_targetting_pos=24,7|18,7|25,1|-1,-1|15,28|-1,-1|-1,-1|-1,-1|
#type=4,4,2,4,4,4,4,4,
....R...
#100100010011
#assigned_pet=4,4,-1,-1,1,-1,-1,-1,
#assigned_hub=6,3,-1,0,5,4,7,8,
#moving_targetting_pos=-1,-1|-1,-1|25,30|6,6|-1,-1|-1,-1|-1,-1|-1,-1|
#setting_targetting_pos=24,7|18,7|25,1|-1,-1|15,28|-1,-1|-1,-1|-1,-1|
#type=4,4,2,4,4,4,4,4,
....U...
#110100010011
#assigned_pet=4,4,-1,-1,1,-1,-1,-1,
#assigned_hub=6,3,-1,0,5,4,7,8,
#moving_targetting_pos=-1,-1|-1,-1|25,30|6,6|-1,-1|-1,-1|-1,-1|-1,-1|
#setting_targetting_pos=24,7|18,7|25,1|-1,-1|15,28|-1,-1|-1,-1|-1,-1|
#type=4,4,2,4,5,4,4,4,
....u...
#110100010011
#assigned_pet=6,6,-1,-1,5,-1,-1,5,
#assigned_hub=6,3,-1,0,5,4,7,8,
#moving_targetting_pos=-1,-1|-1,-1|25,30|6,6|-1,-1|-1,-1|-1,-1|-1,-1|
#setting_targetting_pos=24,7|18,7|25,1|-1,-1|18,27|-1,-1|-1,-1|24,27|
#type=4,4,2,4,4,4,4,4,
....L..R
#110100010011
#assigned_pet=6,6,-1,-1,5,-1,-1,5,
#assigned_hub=6,3,-1,0,5,4,7,8,
#moving_targetting_pos=-1,-1|-1,-1|25,30|6,6|-1,-1|-1,-1|-1,-1|-1,-1|
#setting_targetting_pos=24,7|18,7|25,1|-1,-1|18,27|-1,-1|-1,-1|24,27|
#type=4,4,2,4,4,4,4,4,
....D...
#110100010011
#assigned_pet=6,6,-1,-1,5,-1,-1,5,
#assigned_hub=6,3,-1,0,5,4,7,8,
#moving_targetting_pos=-1,-1|-1,-1|25,30|6,6|-1,-1|-1,-1|-1,-1|-1,-1|
#setting_targetting_pos=24,7|18,7|25,1|-1,-1|18,27|-1,-1|-1,-1|24,27|
#type=4,4,2,4,4,4,4,4,
.......R
#110100010011
#assigned_pet=6,6,-1,-1,5,-1,-1,5,
#assigned_hub=6,3,-1,0,5,4,7,8,
#moving_targetting_pos=-1,-1|-1,-1|25,30|6,6|-1,-1|-1,-1|-1,-1|-1,-1|
#setting_targetting_pos=24,7|18,7|25,1|-1,-1|18,27|-1,-1|-1,-1|24,27|
#type=4,4,2,4,4,4,4,4,
.......L
#110100010011
#assigned_pet=-1,-1,-1,-1,5,-1,-1,5,
#assigned_hub=6,3,-1,0,5,4,7,8,
#moving_targetting_pos=-1,-1|-1,-1|25,30|6,6|-1,-1|-1,-1|-1,-1|-1,-1|
#setting_targetting_pos=-1,-1|-1,-1|25,1|-1,-1|18,27|-1,-1|-1,-1|24,27|
#type=4,4,2,4,4,4,4,4,
.......R
#110100010011
#assigned_pet=6,6,-1,-1,-1,8,8,9,
#assigned_hub=6,3,-1,0,5,4,7,8,
#moving_targetting_pos=-1,-1|-1,-1|25,30|6,6|-1,-1|-1,-1|-1,-1|-1,-1|
#setting_targetting_pos=24,7|18,7|25,1|-1,-1|-1,-1|18,15|24,15|28,25|
#type=4,4,2,4,4,4,4,4,
.....L.L
#110100010011
#assigned_pet=-1,-1,-1,-1,-1,8,8,9,
#assigned_hub=6,3,-1,0,5,4,7,8,
#moving_targetting_pos=-1,-1|-1,-1|25,30|6,6|-1,-1|-1,-1|-1,-1|-1,-1|
#setting_targetting_pos=-1,-1|-1,-1|25,1|-1,-1|-1,-1|18,15|24,15|28,25|
#type=4,4,2,4,4,4,4,4,
.....L.L
#110100010011
#assigned_pet=8,-1,-1,-1,2,2,8,9,
#assigned_hub=6,3,-1,0,5,4,7,8,
#moving_targetting_pos=-1,-1|-1,-1|25,30|6,6|-1,-1|-1,-1|-1,-1|-1,-1|
#setting_targetting_pos=25,8|-1,-1|25,1|-1,-1|15,24|15,18|25,14|28,25|
#type=4,4,2,4,4,4,4,4,
....LRLL
#110100010011
#assigned_pet=-1,-1,-1,-1,-1,8,8,-1,
#assigned_hub=6,3,-1,0,5,4,7,8,
#moving_targetting_pos=-1,-1|-1,-1|25,30|6,6|-1,-1|-1,-1|-1,-1|-1,-1|
#setting_targetting_pos=-1,-1|-1,-1|25,1|-1,-1|-1,-1|18,15|24,15|-1,-1|
#type=4,4,2,4,4,4,4,4,
.....LR.
#110100010011
#assigned_pet=4,-1,-1,-1,-1,-1,4,-1,
#assigned_hub=6,3,-1,0,5,4,7,8,
#moving_targetting_pos=-1,-1|-1,-1|25,30|6,6|-1,-1|-1,-1|-1,-1|-1,-1|
#setting_targetting_pos=27,8|-1,-1|25,1|-1,-1|-1,-1|-1,-1|27,14|-1,-1|
#type=4,4,2,4,4,4,4,4,
R.u...L.
#110100010011
#assigned_pet=4,-1,-1,-1,-1,-1,4,-1,
#assigned_hub=6,3,-1,0,5,4,7,8,
#moving_targetting_pos=-1,-1|-1,-1|25,30|6,6|-1,-1|-1,-1|-1,-1|-1,-1|
#setting_targetting_pos=27,8|-1,-1|25,1|-1,-1|-1,-1|-1,-1|27,14|-1,-1|
#type=4,4,2,4,4,4,4,4,
D.L...L.
#110100010011
#assigned_pet=4,-1,-1,-1,2,2,4,-1,
#assigned_hub=6,3,-1,0,5,4,7,8,
#moving_targetting_pos=-1,-1|-1,-1|25,30|6,6|-1,-1|-1,-1|-1,-1|-1,-1|
#setting_targetting_pos=27,8|-1,-1|25,1|-1,-1|15,24|15,18|27,14|-1,-1|
#type=4,4,2,4,4,4,4,4,
..L.LRD.
#110100010011
#assigned_pet=4,-1,-1,-1,2,2,4,-1,
#assigned_hub=6,3,-1,0,5,4,7,8,
#moving_targetting_pos=-1,-1|-1,-1|25,30|6,6|-1,-1|-1,-1|-1,-1|-1,-1|
#setting_targetting_pos=27,8|-1,-1|25,1|-1,-1|15,24|15,18|27,14|-1,-1|
#type=4,4,2,4,4,4,4,4,
..L.URD.
#110100010011
#assigned_pet=-1,-1,-1,-1,2,2,5,5,
#assigned_hub=6,3,-1,0,5,4,7,8,
#moving_targetting_pos=-1,-1|-1,-1|25,30|6,6|-1,-1|-1,-1|-1,-1|-1,-1|
#setting_targetting_pos=-1,-1|-1,-1|25,1|-1,-1|15,24|15,18|25,18|25,24|
#type=4,4,2,4,4,4,4,4,
..L.LRRL
#111100010011
#assigned_pet=-1,-1,-1,-1,2,2,5,5,
#assigned_hub=6,3,-1,0,5,4,7,8,
#moving_targetting_pos=-1,-1|-1,-1|25,30|6,6|-1,-1|-1,-1|-1,-1|-1,-1|
#setting_targetting_pos=-1,-1|-1,-1|25,1|-1,-1|15,24|15,18|25,18|25,24|
#type=4,4,2,4,5,5,4,4,
....uuRL
#111100010011
#assigned_pet=4,-1,-1,-1,-1,-1,4,-1,
#assigned_hub=6,3,-1,0,5,4,7,8,
#moving_targetting_pos=-1,-1|-1,-1|25,30|6,6|16,26|16,16|-1,-1|-1,-1|
#setting_targetting_pos=25,8|-1,-1|25,1|-1,-1|-1,-1|-1,-1|25,14|-1,-1|
#type=4,4,2,4,4,4,4,4,
......L.
#111100010011
#assigned_pet=4,-1,-1,-1,-1,-1,4,-1,
#assigned_hub=6,3,-1,0,5,4,7,8,
#moving_targetting_pos=-1,-1|-1,-1|25,30|6,6|16,26|16,16|-1,-1|-1,-1|
#setting_targetting_pos=25,8|-1,-1|25,1|-1,-1|-1,-1|-1,-1|25,14|-1,-1|
#type=4,4,2,4,4,4,4,4,
......L.
#111100010011
#assigned_pet=4,-1,-1,-1,-1,-1,4,-1,
#assigned_hub=6,3,-1,0,5,4,7,8,
#moving_targetting_pos=-1,-1|-1,-1|25,30|6,6|16,26|-1,-1|-1,-1|-1,-1|
#setting_targetting_pos=25,8|-1,-1|25,1|-1,-1|-1,-1|-1,-1|25,14|-1,-1|
#type=4,4,2,4,4,4,4,4,
........
#111100010011
#assigned_pet=4,-1,-1,-1,-1,-1,4,-1,
#assigned_hub=6,3,-1,0,5,4,7,8,
#moving_targetting_pos=-1,-1|-1,-1|25,30|6,6|-1,-1|-1,-1|-1,-1|-1,-1|
#setting_targetting_pos=25,8|-1,-1|25,1|-1,-1|-1,-1|-1,-1|25,14|-1,-1|
#type=4,4,2,4,4,4,4,4,
........
#111100010011
#assigned_pet=4,-1,-1,-1,8,-1,4,8,
#assigned_hub=6,3,-1,0,5,4,7,8,
#moving_targetting_pos=-1,-1|-1,-1|25,30|6,6|-1,-1|-1,-1|-1,-1|-1,-1|
#setting_targetting_pos=25,8|-1,-1|25,1|-1,-1|18,25|-1,-1|25,14|24,25|
#type=4,4,2,4,4,4,4,4,
....R..R
#111100010011
#assigned_pet=4,-1,-1,-1,8,-1,4,8,
#assigned_hub=6,3,-1,0,5,4,7,8,
#moving_targetting_pos=-1,-1|-1,-1|25,30|6,6|-1,-1|-1,-1|-1,-1|-1,-1|
#setting_targetting_pos=25,8|-1,-1|25,1|-1,-1|18,25|-1,-1|25,14|24,25|
#type=4,4,2,4,4,4,4,4,
....D..R
#111100010011
#assigned_pet=4,-1,-1,-1,8,-1,4,8,
#assigned_hub=6,3,-1,0,5,4,7,8,
#moving_targetting_pos=-1,-1|-1,-1|25,30|6,6|-1,-1|-1,-1|-1,-1|-1,-1|
#setting_targetting_pos=25,8|-1,-1|25,1|-1,-1|18,25|-1,-1|25,14|24,25|
#type=4,4,2,4,4,4,4,4,
..u.....
#111100011011
#assigned_pet=4,-1,-1,-1,8,-1,4,8,
#assigned_hub=6,3,-1,0,5,4,7,8,
#moving_targetting_pos=-1,-1|-1,-1|25,30|6,6|-1,-1|-1,-1|-1,-1|-1,-1|
#setting_targetting_pos=25,8|-1,-1|25,1|-1,-1|18,25|-1,-1|25,14|24,25|
#type=4,4,2,4,5,4,4,5,
..L.d..l
#111100011011
#assigned_pet=4,-1,-1,-1,-1,-1,4,-1,
#assigned_hub=6,3,-1,0,5,4,7,8,
#moving_targetting_pos=-1,-1|-1,-1|25,30|6,6|16,26|-1,-1|-1,-1|-1,-1|
#setting_targetting_pos=25,8|-1,-1|25,1|-1,-1|-1,-1|-1,-1|25,14|-1,-1|
#type=4,4,2,4,4,4,4,4,
........
#111100011011
#assigned_pet=4,-1,-1,-1,-1,-1,4,-1,
#assigned_hub=6,3,-1,0,5,4,7,8,
#moving_targetting_pos=-1,-1|-1,-1|25,30|6,6|16,26|-1,-1|-1,-1|-1,-1|
#setting_targetting_pos=25,8|-1,-1|25,1|-1,-1|-1,-1|-1,-1|25,14|-1,-1|
#type=4,4,2,4,4,4,4,4,
........
#111100011011
#assigned_pet=-1,-1,-1,-1,-1,-1,-1,-1,
#assigned_hub=6,3,-1,0,5,4,7,8,
#moving_targetting_pos=-1,-1|-1,-1|25,30|6,6|16,26|16,16|-1,-1|-1,-1|
#setting_targetting_pos=-1,-1|-1,-1|25,1|-1,-1|-1,-1|-1,-1|-1,-1|-1,-1|
#type=4,4,2,4,4,4,4,4,
........
#111100011011
#assigned_pet=-1,-1,-1,-1,-1,-1,-1,-1,
#assigned_hub=6,3,-1,0,5,4,7,8,
#moving_targetting_pos=-1,-1|-1,-1|25,30|6,6|16,26|-1,-1|-1,-1|-1,-1|
#setting_targetting_pos=-1,-1|-1,-1|25,1|-1,-1|-1,-1|-1,-1|-1,-1|-1,-1|
#type=4,4,2,4,4,4,4,4,
..d.....
#111100011011
#assigned_pet=-1,-1,-1,-1,-1,-1,-1,-1,
#assigned_hub=6,3,-1,0,5,4,7,8,
#moving_targetting_pos=-1,-1|-1,-1|25,30|6,6|16,26|-1,-1|-1,-1|-1,-1|
#setting_targetting_pos=-1,-1|-1,-1|25,1|-1,-1|-1,-1|-1,-1|-1,-1|-1,-1|
#type=4,4,2,4,4,4,4,4,
..L.....
#111100011011
#assigned_pet=4,-1,-1,-1,-1,-1,4,-1,
#assigned_hub=6,3,-1,0,5,4,7,8,
#moving_targetting_pos=-1,-1|-1,-1|25,30|6,6|16,26|-1,-1|-1,-1|-1,-1|
#setting_targetting_pos=27,8|-1,-1|25,1|-1,-1|-1,-1|-1,-1|27,14|-1,-1|
#type=4,4,2,4,4,4,4,4,
..d.....
#111100011011
#assigned_pet=-1,-1,-1,-1,-1,-1,-1,-1,
#assigned_hub=6,3,-1,0,5,4,7,8,
#moving_targetting_pos=-1,-1|-1,-1|25,30|6,6|-1,-1|-1,-1|-1,-1|-1,-1|
#setting_targetting_pos=-1,-1|-1,-1|25,1|-1,-1|-1,-1|-1,-1|-1,-1|-1,-1|
#type=4,4,2,4,4,4,4,4,
..L.....
#111100011011
#assigned_pet=-1,-1,-1,-1,-1,-1,-1,-1,
#assigned_hub=6,3,-1,0,5,4,7,8,
#moving_targetting_pos=-1,-1|-1,-1|25,30|6,6|16,26|-1,-1|-1,-1|-1,-1|
#setting_targetting_pos=-1,-1|-1,-1|25,1|-1,-1|-1,-1|-1,-1|-1,-1|-1,-1|
#type=4,4,2,4,4,4,4,4,
..d.....
#111100011011
#assigned_pet=-1,-1,-1,-1,-1,-1,-1,-1,
#assigned_hub=6,3,-1,0,5,4,7,8,
#moving_targetting_pos=-1,-1|-1,-1|25,30|6,6|16,26|-1,-1|-1,-1|-1,-1|
#setting_targetting_pos=-1,-1|-1,-1|25,1|-1,-1|-1,-1|-1,-1|-1,-1|-1,-1|
#type=4,4,2,4,4,4,4,4,
..L.....
#111100011011
#assigned_pet=4,4,-1,-1,-1,5,5,-1,
#assigned_hub=6,3,-1,0,5,4,7,8,
#moving_targetting_pos=-1,-1|-1,-1|25,30|6,6|16,26|-1,-1|-1,-1|-1,-1|
#setting_targetting_pos=24,7|18,7|25,1|-1,-1|-1,-1|18,17|24,17|-1,-1|
#type=4,4,2,4,4,4,4,4,
L.d..LR.
#111100011011
#assigned_pet=4,4,-1,-1,-1,-1,-1,-1,
#assigned_hub=6,3,-1,0,5,4,7,8,
#moving_targetting_pos=-1,-1|-1,-1|25,30|6,6|16,26|-1,-1|-1,-1|-1,-1|
#setting_targetting_pos=24,7|18,7|25,1|-1,-1|-1,-1|-1,-1|-1,-1|-1,-1|
#type=4,4,2,4,4,4,4,4,
U.L.....
#111100011011
#assigned_pet=4,4,-1,-1,-1,-1,5,5,
#assigned_hub=6,3,-1,0,5,4,7,8,
#moving_targetting_pos=-1,-1|-1,-1|25,30|6,6|16,26|-1,-1|-1,-1|-1,-1|
#setting_targetting_pos=24,7|18,7|25,1|-1,-1|-1,-1|-1,-1|25,18|25,24|
#type=4,4,2,4,4,4,4,4,
......RD
#111100011011
#assigned_pet=4,4,-1,-1,-1,-1,5,5,
#assigned_hub=6,3,-1,0,5,4,7,8,
#moving_targetting_pos=-1,-1|-1,-1|25,30|6,6|16,26|16,16|-1,-1|-1,-1|
#setting_targetting_pos=24,7|18,7|25,1|-1,-1|-1,-1|-1,-1|25,18|25,24|
#type=4,4,2,4,4,4,4,4,
..d...RL
#111100011011
#assigned_pet=4,4,-1,-1,-1,-1,5,5,
#assigned_hub=6,3,-1,0,5,4,7,8,
#moving_targetting_pos=-1,-1|-1,-1|25,30|6,6|16,26|16,16|-1,-1|-1,-1|
#setting_targetting_pos=24,7|18,7|25,1|-1,-1|-1,-1|-1,-1|25,18|25,24|
#type=4,4,2,4,4,4,4,4,
..L...R.
#111100011011
#assigned_pet=4,4,-1,-1,-1,-1,5,5,
#assigned_hub=6,3,-1,0,5,4,7,8,
#moving_targetting_pos=-1,-1|-1,-1|25,30|6,6|16,26|16,16|-1,-1|-1,-1|
#setting_targetting_pos=24,7|18,7|25,1|-1,-1|-1,-1|-1,-1|25,18|25,24|
#type=4,4,2,4,4,4,4,4,
..u.....
#111100011011
#assigned_pet=4,4,-1,-1,-1,-1,5,5,
#assigned_hub=6,3,-1,0,5,4,7,8,
#moving_targetting_pos=-1,-1|-1,-1|25,30|6,6|16,26|16,16|-1,-1|-1,-1|
#setting_targetting_pos=24,7|18,7|25,1|-1,-1|-1,-1|-1,-1|25,18|25,24|
#type=4,4,2,4,4,4,4,4,
..L.....
#111100011011
#assigned_pet=4,4,-1,-1,-1,-1,5,5,
#assigned_hub=6,3,-1,0,5,4,7,8,
#moving_targetting_pos=-1,-1|-1,-1|25,30|6,6|16,26|16,16|-1,-1|-1,-1|
#setting_targetting_pos=24,7|18,7|25,1|-1,-1|-1,-1|-1,-1|25,18|25,24|
#type=4,4,2,4,4,4,4,4,
..L.....
#111101011011
#assigned_pet=4,4,-1,-1,-1,-1,5,5,
#assigned_hub=6,3,-1,0,5,4,7,8,
#moving_targetting_pos=-1,-1|-1,-1|25,30|6,6|16,26|16,16|-1,-1|-1,-1|
#setting_targetting_pos=24,7|18,7|25,1|-1,-1|-1,-1|-1,-1|25,18|25,24|
#type=4,4,2,4,4,4,5,5,
..L...ul
#111101011011
#assigned_pet=4,4,-1,-1,-1,-1,-1,-1,
#assigned_hub=6,3,-1,0,5,4,7,8,
#moving_targetting_pos=-1,-1|-1,-1|25,30|6,6|16,26|16,16|-1,-1|-1,-1|
#setting_targetting_pos=24,7|18,7|25,1|-1,-1|-1,-1|-1,-1|-1,-1|-1,-1|
#type=4,4,2,4,4,4,4,4,
..L.....
#111101011011
#assigned_pet=4,4,-1,-1,-1,-1,-1,-1,
#assigned_hub=6,3,-1,0,5,4,7,8,
#moving_targetting_pos=-1,-1|-1,-1|25,30|6,6|16,26|16,16|-1,-1|-1,-1|
#setting_targetting_pos=24,7|18,7|25,1|-1,-1|-1,-1|-1,-1|-1,-1|-1,-1|
#type=4,4,2,4,4,4,4,4,
..u.....
#111101011011
#assigned_pet=4,4,-1,-1,-1,-1,-1,-1,
#assigned_hub=6,3,-1,0,5,4,7,8,
#moving_targetting_pos=-1,-1|-1,-1|25,30|6,6|16,26|16,16|-1,-1|-1,-1|
#setting_targetting_pos=24,7|18,7|25,1|-1,-1|-1,-1|-1,-1|-1,-1|-1,-1|
#type=4,4,2,4,4,4,4,4,
..L.....
#111101011011
#assigned_pet=4,4,-1,-1,-1,-1,-1,-1,
#assigned_hub=6,3,-1,0,5,4,7,8,
#moving_targetting_pos=-1,-1|-1,-1|25,30|6,6|16,26|16,16|-1,-1|-1,-1|
#setting_targetting_pos=24,7|18,7|25,1|-1,-1|-1,-1|-1,-1|-1,-1|-1,-1|
#type=4,4,2,4,4,4,4,4,
..d.....
#111101011011
#assigned_pet=4,4,-1,-1,-1,-1,-1,-1,
#assigned_hub=6,3,-1,0,5,4,7,8,
#moving_targetting_pos=-1,-1|-1,-1|25,30|6,6|16,26|16,16|-1,-1|-1,-1|
#setting_targetting_pos=24,7|18,7|25,1|-1,-1|-1,-1|-1,-1|-1,-1|-1,-1|
#type=4,4,2,4,4,4,4,4,
..L.....
#111101011011
#assigned_pet=4,4,-1,-1,-1,-1,-1,-1,
#assigned_hub=6,3,-1,0,5,4,7,8,
#moving_targetting_pos=-1,-1|-1,-1|25,30|6,6|16,26|16,16|-1,-1|-1,-1|
#setting_targetting_pos=24,7|18,7|25,1|-1,-1|-1,-1|-1,-1|-1,-1|-1,-1|
#type=4,4,2,4,4,4,4,4,
..d.....
#111101011011
#assigned_pet=4,4,-1,-1,-1,-1,-1,-1,
#assigned_hub=6,3,-1,0,5,4,7,8,
#moving_targetting_pos=-1,-1|-1,-1|25,30|6,6|-1,-1|16,16|-1,-1|-1,-1|
#setting_targetting_pos=24,7|18,7|25,1|-1,-1|-1,-1|-1,-1|-1,-1|-1,-1|
#type=4,4,2,4,4,4,4,4,
..L.....
#111101011011
#assigned_pet=4,4,-1,-1,-1,-1,-1,-1,
#assigned_hub=6,3,-1,0,5,4,7,8,
#moving_targetting_pos=-1,-1|-1,-1|25,30|6,6|16,26|16,16|-1,-1|-1,-1|
#setting_targetting_pos=24,7|18,7|25,1|-1,-1|-1,-1|-1,-1|-1,-1|-1,-1|
#type=4,4,2,4,4,4,4,4,
..d.....
#111101011011
#assigned_pet=4,4,-1,-1,-1,-1,-1,-1,
#assigned_hub=6,3,-1,0,5,4,7,8,
#moving_targetting_pos=-1,-1|-1,-1|25,30|6,6|-1,-1|16,16|-1,-1|-1,-1|
#setting_targetting_pos=24,7|18,7|25,1|-1,-1|-1,-1|-1,-1|-1,-1|-1,-1|
#type=4,4,2,4,4,4,4,4,
..L.....
#111101011011
#assigned_pet=4,4,-1,-1,-1,-1,-1,-1,
#assigned_hub=6,3,-1,0,5,4,7,8,
#moving_targetting_pos=-1,-1|-1,-1|25,30|6,6|16,26|16,16|-1,-1|-1,-1|
#setting_targetting_pos=24,7|18,7|25,1|-1,-1|-1,-1|-1,-1|-1,-1|-1,-1|
#type=4,4,2,4,4,4,4,4,
..d.....
#111101011011
#assigned_pet=4,4,-1,-1,-1,-1,-1,-1,
#assigned_hub=6,3,-1,0,5,4,7,8,
#moving_targetting_pos=-1,-1|-1,-1|25,30|6,6|-1,-1|16,16|-1,-1|-1,-1|
#setting_targetting_pos=24,7|18,7|25,1|-1,-1|-1,-1|-1,-1|-1,-1|-1,-1|
#type=4,4,2,4,4,4,4,4,
..L.....
#111101011011
#assigned_pet=-1,-1,-1,-1,-1,-1,-1,-1,
#assigned_hub=6,3,-1,0,5,4,7,8,
#moving_targetting_pos=-1,-1|-1,-1|25,30|-1,-1|16,26|16,16|-1,-1|-1,-1|
#setting_targetting_pos=-1,-1|-1,-1|25,1|-1,-1|-1,-1|-1,-1|-1,-1|-1,-1|
#type=4,4,2,4,4,4,4,4,
..d.....
#111101011011
#assigned_pet=-1,-1,-1,-1,-1,-1,-1,-1,
#assigned_hub=6,3,-1,0,5,4,7,8,
#moving_targetting_pos=-1,-1|-1,-1|25,30|-1,-1|-1,-1|-1,-1|-1,-1|-1,-1|
#setting_targetting_pos=-1,-1|-1,-1|25,1|-1,-1|-1,-1|-1,-1|-1,-1|-1,-1|
#type=4,4,2,4,4,4,4,4,
..L.....
#111101011011
#assigned_pet=-1,-1,-1,-1,-1,-1,-1,-1,
#assigned_hub=6,3,-1,0,5,4,7,8,
#moving_targetting_pos=-1,-1|-1,-1|25,30|-1,-1|16,26|16,16|-1,-1|-1,-1|
#setting_targetting_pos=-1,-1|-1,-1|25,1|-1,-1|-1,-1|-1,-1|-1,-1|-1,-1|
#type=4,4,2,4,4,4,4,4,
..u.....
#111101011011
#assigned_pet=-1,-1,-1,-1,-1,-1,-1,-1,
#assigned_hub=6,3,-1,0,5,4,7,8,
#moving_targetting_pos=-1,-1|-1,-1|25,30|6,6|16,26|16,16|-1,-1|-1,-1|
#setting_targetting_pos=-1,-1|-1,-1|25,1|-1,-1|-1,-1|-1,-1|-1,-1|-1,-1|
#type=4,4,2,4,4,4,4,4,
..L.....
#111101011011
#assigned_pet=-1,-1,-1,-1,-1,-1,-1,-1,
#assigned_hub=6,3,-1,0,5,4,7,8,
#moving_targetting_pos=-1,-1|-1,-1|25,30|6,6|16,26|16,16|-1,-1|-1,-1|
#setting_targetting_pos=-1,-1|-1,-1|25,1|-1,-1|-1,-1|-1,-1|-1,-1|-1,-1|
#type=4,4,2,4,4,4,4,4,
..L.....
#111101011011
#assigned_pet=-1,4,-1,-1,-1,-1,-1,-1,
#assigned_hub=6,3,-1,0,5,4,7,8,
#moving_targetting_pos=-1,-1|-1,-1|25,30|6,6|16,26|16,16|-1,-1|-1,-1|
#setting_targetting_pos=-1,-1|17,4|25,1|-1,-1|-1,-1|-1,-1|-1,-1|-1,-1|
#type=4,4,2,4,4,4,4,4,
.LL.....
#111101011011
#assigned_pet=-1,4,-1,-1,-1,-1,-1,-1,
#assigned_hub=6,3,-1,0,5,4,7,8,
#moving_targetting_pos=-1,-1|-1,-1|25,30|6,6|16,26|16,16|-1,-1|-1,-1|
#setting_targetting_pos=-1,-1|17,4|25,1|-1,-1|-1,-1|-1,-1|-1,-1|-1,-1|
#type=4,4,2,4,4,4,4,4,
.LL.....
#111111011011
#assigned_pet=-1,4,-1,-1,-1,-1,-1,-1,
#assigned_hub=6,3,-1,0,5,4,7,8,
#moving_targetting_pos=-1,-1|-1,-1|25,30|6,6|-1,-1|16,16|-1,-1|-1,-1|
#setting_targetting_pos=-1,-1|17,4|25,1|-1,-1|-1,-1|-1,-1|-1,-1|-1,-1|
#type=4,5,2,4,4,4,4,4,
.lu.....
#111111011011
#assigned_pet=-1,-1,-1,-1,-1,-1,-1,-1,
#assigned_hub=6,3,-1,0,5,4,7,8,
#moving_targetting_pos=-1,-1|16,6|25,30|6,6|16,26|16,16|-1,-1|-1,-1|
#setting_targetting_pos=-1,-1|-1,-1|25,1|-1,-1|-1,-1|-1,-1|-1,-1|-1,-1|
#type=4,4,2,4,4,4,4,4,
..L.....
#111111011011
#assigned_pet=-1,-1,-1,-1,-1,-1,-1,-1,
#assigned_hub=6,3,-1,0,5,4,7,8,
#moving_targetting_pos=-1,-1|-1,-1|25,30|6,6|-1,-1|16,16|-1,-1|-1,-1|
#setting_targetting_pos=-1,-1|-1,-1|25,1|-1,-1|-1,-1|-1,-1|-1,-1|-1,-1|
#type=4,4,2,4,4,4,4,4,
..d.....
#111111011011
#assigned_pet=-1,-1,-1,-1,-1,-1,-1,-1,
#assigned_hub=6,3,-1,0,5,4,7,8,
#moving_targetting_pos=-1,-1|16,6|25,30|6,6|-1,-1|16,16|-1,-1|-1,-1|
#setting_targetting_pos=-1,-1|-1,-1|25,1|-1,-1|-1,-1|-1,-1|-1,-1|-1,-1|
#type=4,4,2,4,4,4,4,4,
..L.....
#111111011011
#assigned_pet=6,-1,-1,-1,-1,-1,-1,-1,
#assigned_hub=6,3,-1,0,5,4,7,8,
#moving_targetting_pos=-1,-1|16,6|25,30|6,6|-1,-1|16,16|-1,-1|-1,-1|
#setting_targetting_pos=28,7|-1,-1|25,1|-1,-1|-1,-1|-1,-1|-1,-1|-1,-1|
#type=4,4,2,4,4,4,4,4,
D.d.....
#111111011011
#assigned_pet=6,-1,-1,-1,-1,-1,-1,-1,
#assigned_hub=6,3,-1,0,5,4,7,8,
#moving_targetting_pos=-1,-1|16,6|25,30|6,6|-1,-1|16,16|-1,-1|-1,-1|
#setting_targetting_pos=28,7|-1,-1|25,1|-1,-1|-1,-1|-1,-1|-1,-1|-1,-1|
#type=4,4,2,4,4,4,4,4,
D.L.....
#111111011011
#assigned_pet=6,-1,-1,-1,-1,-1,-1,-1,
#assigned_hub=6,3,-1,0,5,4,7,8,
#moving_targetting_pos=-1,-1|16,6|25,30|6,6|-1,-1|16,16|-1,-1|-1,-1|
#setting_targetting_pos=28,7|-1,-1|25,1|-1,-1|-1,-1|-1,-1|-1,-1|-1,-1|
#type=4,4,2,4,4,4,4,4,
..d.....
#111111011011
#assigned_pet=-1,-1,-1,-1,-1,-1,-1,-1,
#assigned_hub=6,3,-1,0,5,4,7,8,
#moving_targetting_pos=-1,-1|16,6|25,30|6,6|-1,-1|16,16|26,16|-1,-1|
#setting_targetting_pos=-1,-1|-1,-1|25,1|-1,-1|-1,-1|-1,-1|-1,-1|-1,-1|
#type=4,4,0,4,4,4,4,4,
........
#111111011011
#assigned_pet=-1,-1,-1,-1,-1,-1,-1,9,
#assigned_hub=6,3,-1,0,5,4,7,8,
#moving_targetting_pos=-1,-1|-1,-1|25,30|6,6|-1,-1|16,16|-1,-1|-1,-1|
#setting_targetting_pos=-1,-1|-1,-1|25,1|-1,-1|-1,-1|-1,-1|-1,-1|25,28|
#type=4,4,0,4,4,4,4,4,
.......R
#111111011011
#assigned_pet=-1,-1,-1,-1,-1,-1,-1,-1,
#assigned_hub=6,3,-1,0,5,4,7,8,
#moving_targetting_pos=-1,-1|16,6|25,30|6,6|-1,-1|16,16|-1,-1|-1,-1|
#setting_targetting_pos=-1,-1|-1,-1|25,1|-1,-1|-1,-1|-1,-1|-1,-1|-1,-1|
#type=4,4,0,4,4,4,4,4,
........
#111111011011
#assigned_pet=-1,-1,-1,-1,-1,-1,-1,-1,
#assigned_hub=6,3,-1,0,5,4,7,8,
#moving_targetting_pos=-1,-1|-1,-1|25,30|6,6|-1,-1|16,16|-1,-1|-1,-1|
#setting_targetting_pos=-1,-1|-1,-1|25,1|-1,-1|-1,-1|-1,-1|-1,-1|-1,-1|
#type=4,4,0,4,4,4,4,4,
........
#111111011011
#assigned_pet=-1,-1,-1,-1,-1,-1,-1,-1,
#assigned_hub=6,3,-1,0,5,4,7,8,
#moving_targetting_pos=-1,-1|16,6|25,30|6,6|-1,-1|16,16|-1,-1|-1,-1|
#setting_targetting_pos=-1,-1|-1,-1|25,1|-1,-1|-1,-1|-1,-1|-1,-1|-1,-1|
#type=4,4,0,4,4,4,4,4,
........
#111111011011
#assigned_pet=6,-1,-1,-1,-1,-1,6,-1,
#assigned_hub=6,3,-1,0,5,4,7,8,
#moving_targetting_pos=-1,-1|16,6|25,30|6,6|-1,-1|16,16|-1,-1|-1,-1|
#setting_targetting_pos=27,8|-1,-1|25,1|-1,-1|-1,-1|-1,-1|27,14|-1,-1|
#type=4,4,0,4,4,4,4,4,
......L.
#111111011011
#assigned_pet=6,-1,-1,-1,-1,-1,6,-1,
#assigned_hub=6,3,-1,0,5,4,7,8,
#moving_targetting_pos=-1,-1|16,6|25,30|6,6|-1,-1|16,16|-1,-1|-1,-1|
#setting_targetting_pos=27,8|-1,-1|25,1|-1,-1|-1,-1|-1,-1|27,14|-1,-1|
#type=4,4,0,4,4,4,4,4,
......L.
#111111011011
#assigned_pet=6,-1,-1,-1,-1,-1,6,-1,
#assigned_hub=6,3,-1,0,5,4,7,8,
#moving_targetting_pos=-1,-1|16,6|25,30|6,6|-1,-1|16,16|-1,-1|-1,-1|
#setting_targetting_pos=27,8|-1,-1|25,1|-1,-1|-1,-1|-1,-1|27,14|-1,-1|
#type=4,4,0,4,4,4,4,4,
......L.
#111111011011
#assigned_pet=6,-1,-1,-1,-1,-1,6,-1,
#assigned_hub=6,3,-1,0,5,4,7,8,
#moving_targetting_pos=-1,-1|16,6|25,30|6,6|16,26|16,16|-1,-1|-1,-1|
#setting_targetting_pos=27,8|-1,-1|25,1|-1,-1|-1,-1|-1,-1|27,14|-1,-1|
#type=4,4,0,4,4,4,4,4,
......L.
#111111011011
#assigned_pet=6,-1,-1,-1,-1,-1,6,-1,
#assigned_hub=6,3,-1,0,5,4,7,8,
#moving_targetting_pos=-1,-1|16,6|25,30|6,6|16,26|16,16|-1,-1|-1,-1|
#setting_targetting_pos=27,8|-1,-1|25,1|-1,-1|-1,-1|-1,-1|27,14|-1,-1|
#type=4,4,0,4,4,4,4,4,
........
#111111111011
#assigned_pet=6,-1,-1,-1,-1,-1,6,-1,
#assigned_hub=6,3,-1,0,5,4,7,8,
#moving_targetting_pos=-1,-1|16,6|25,30|6,6|16,26|16,16|-1,-1|-1,-1|
#setting_targetting_pos=27,8|-1,-1|25,1|-1,-1|-1,-1|-1,-1|27,14|-1,-1|
#type=5,4,0,4,4,4,5,4,
r.....d.
#111111111011
#assigned_pet=-1,-1,-1,-1,-1,-1,-1,-1,
#assigned_hub=6,3,-1,0,5,4,7,8,
#moving_targetting_pos=26,6|16,6|25,30|6,6|-1,-1|16,16|26,16|-1,-1|
#setting_targetting_pos=-1,-1|-1,-1|25,1|-1,-1|-1,-1|-1,-1|-1,-1|-1,-1|
#type=4,4,0,4,4,4,4,4,
........
#111111111011
#assigned_pet=-1,-1,-1,-1,-1,-1,-1,-1,
#assigned_hub=6,3,-1,0,5,4,7,8,
#moving_targetting_pos=26,6|16,6|25,30|6,6|16,26|16,16|26,16|-1,-1|
#setting_targetting_pos=-1,-1|-1,-1|25,1|-1,-1|-1,-1|-1,-1|-1,-1|-1,-1|
#type=4,4,0,4,4,4,4,4,
........
#111111111011
#assigned_pet=-1,-1,-1,-1,-1,-1,-1,-1,
#assigned_hub=6,3,-1,0,5,4,7,8,
#moving_targetting_pos=26,6|16,6|25,30|6,6|16,26|16,16|-1,-1|-1,-1|
#setting_targetting_pos=-1,-1|-1,-1|25,1|-1,-1|-1,-1|-1,-1|-1,-1|-1,-1|
#type=4,4,0,4,4,4,4,4,
........
#111111111011
#assigned_pet=-1,-1,-1,-1,-1,-1,-1,-1,
#assigned_hub=6,3,-1,0,5,4,7,8,
#moving_targetting_pos=26,6|16,6|25,30|6,6|16,26|16,16|-1,-1|-1,-1|
#setting_targetting_pos=-1,-1|-1,-1|25,1|-1,-1|-1,-1|-1,-1|-1,-1|-1,-1|
#type=4,4,0,4,4,4,4,4,
........
#111111111011
#assigned_pet=-1,-1,-1,-1,-1,-1,9,9,
#assigned_hub=6,3,-1,0,5,4,7,8,
#moving_targetting_pos=26,6|16,6|25,30|6,6|16,26|16,16|-1,-1|-1,-1|
#setting_targetting_pos=-1,-1|-1,-1|25,1|-1,-1|-1,-1|-1,-1|27,18|27,24|
#type=4,4,0,4,4,4,4,4,
......RL
#111111111011
#assigned_pet=-1,-1,-1,-1,-1,-1,9,9,
#assigned_hub=6,3,-1,0,5,4,7,8,
#moving_targetting_pos=26,6|16,6|25,30|6,6|16,26|16,16|-1,-1|-1,-1|
#setting_targetting_pos=-1,-1|-1,-1|25,1|-1,-1|-1,-1|-1,-1|27,18|27,24|
#type=4,4,0,4,4,4,4,4,
......RD
#111111111011
#assigned_pet=-1,-1,-1,-1,-1,-1,9,9,
#assigned_hub=6,3,-1,0,5,4,7,8,
#moving_targetting_pos=26,6|16,6|25,30|6,6|16,26|16,16|-1,-1|-1,-1|
#setting_targetting_pos=-1,-1|-1,-1|25,1|-1,-1|-1,-1|-1,-1|27,18|27,24|
#type=4,4,0,4,4,4,4,4,
......RL
#111111111011
#assigned_pet=-1,-1,-1,-1,-1,-1,9,9,
#assigned_hub=6,3,-1,0,5,4,7,8,
#moving_targetting_pos=26,6|16,6|25,30|6,6|16,26|16,16|-1,-1|-1,-1|
#setting_targetting_pos=-1,-1|-1,-1|25,1|-1,-1|-1,-1|-1,-1|27,18|27,24|
#type=4,4,0,4,4,4,4,4,
......R.
#111111111011
#assigned_pet=-1,-1,-1,-1,-1,-1,9,9,
#assigned_hub=6,3,-1,0,5,4,7,8,
#moving_targetting_pos=26,6|16,6|25,30|6,6|16,26|16,16|-1,-1|-1,-1|
#setting_targetting_pos=-1,-1|-1,-1|25,1|-1,-1|-1,-1|-1,-1|27,18|27,24|
#type=4,4,0,4,4,4,4,4,
........
#111111111111
#assigned_pet=-1,-1,-1,-1,-1,-1,9,9,
#assigned_hub=6,3,-1,0,5,4,7,8,
#moving_targetting_pos=26,6|16,6|25,30|6,6|16,26|16,16|-1,-1|-1,-1|
#setting_targetting_pos=-1,-1|-1,-1|25,1|-1,-1|-1,-1|-1,-1|27,18|27,24|
#type=4,4,0,4,4,4,5,5,
......dd
#111111111111
#assigned_pet=-1,-1,-1,-1,-1,-1,-1,-1,
#assigned_hub=6,3,-1,0,5,4,7,8,
#moving_targetting_pos=26,6|16,6|25,30|6,6|16,26|16,16|26,16|26,26|
#setting_targetting_pos=-1,-1|-1,-1|25,1|-1,-1|-1,-1|-1,-1|-1,-1|-1,-1|
#type=4,4,0,4,4,4,4,4,
........
#111111111111
#assigned_pet=-1,-1,-1,-1,-1,-1,-1,-1,
#assigned_hub=6,3,-1,0,5,4,7,8,
#moving_targetting_pos=26,6|16,6|25,30|6,6|16,26|16,16|26,16|26,26|
#setting_targetting_pos=-1,-1|-1,-1|25,1|-1,-1|-1,-1|-1,-1|-1,-1|-1,-1|
#type=4,4,0,4,4,4,4,4,
........
#111111111111
#assigned_pet=-1,-1,-1,-1,-1,-1,-1,-1,
#assigned_hub=6,3,-1,0,5,4,7,8,
#moving_targetting_pos=26,6|16,6|25,30|6,6|16,26|16,16|26,16|26,26|
#setting_targetting_pos=-1,-1|-1,-1|25,1|-1,-1|-1,-1|-1,-1|-1,-1|-1,-1|
#type=4,4,0,4,4,4,4,4,
........
#111111111111
#assigned_pet=-1,-1,-1,-1,-1,-1,-1,-1,
#assigned_hub=6,3,-1,0,5,4,7,8,
#moving_targetting_pos=26,6|16,6|25,30|6,6|16,26|16,16|26,16|26,26|
#setting_targetting_pos=-1,-1|-1,-1|25,1|-1,-1|-1,-1|-1,-1|-1,-1|-1,-1|
#type=4,4,0,4,4,4,4,4,
........
#111111111111
#assigned_pet=-1,-1,-1,-1,-1,-1,-1,-1,
#assigned_hub=6,3,-1,0,5,4,7,8,
#moving_targetting_pos=26,6|16,6|25,30|6,6|16,26|16,16|26,16|26,26|
#setting_targetting_pos=-1,-1|-1,-1|25,1|-1,-1|-1,-1|-1,-1|-1,-1|-1,-1|
#type=4,4,0,4,4,4,4,4,
........
#111111111111
#assigned_pet=-1,-1,-1,-1,-1,-1,-1,-1,
#assigned_hub=6,3,-1,0,5,4,7,8,
#moving_targetting_pos=26,6|16,6|25,30|6,6|16,26|16,16|26,16|26,26|
#setting_targetting_pos=-1,-1|-1,-1|25,1|-1,-1|-1,-1|-1,-1|-1,-1|-1,-1|
#type=4,4,0,4,4,4,4,4,
........
#111111111111
#assigned_pet=-1,-1,-1,-1,-1,-1,-1,-1,
#assigned_hub=6,3,-1,0,5,4,7,8,
#moving_targetting_pos=26,6|16,6|25,30|6,6|16,26|16,16|26,16|26,26|
#setting_targetting_pos=-1,-1|-1,-1|25,1|-1,-1|-1,-1|-1,-1|-1,-1|-1,-1|
#type=4,4,0,4,4,4,4,4,
........
#111111111111
#assigned_pet=-1,-1,-1,-1,-1,-1,-1,-1,
#assigned_hub=6,3,-1,0,5,4,7,8,
#moving_targetting_pos=26,6|16,6|25,30|6,6|16,26|16,16|26,16|26,26|
#setting_targetting_pos=-1,-1|-1,-1|25,1|-1,-1|-1,-1|-1,-1|-1,-1|-1,-1|
#type=4,4,0,4,4,4,4,4,
........
#111111111111
#assigned_pet=-1,-1,-1,-1,-1,-1,-1,-1,
#assigned_hub=6,3,-1,0,5,4,7,8,
#moving_targetting_pos=26,6|16,6|25,30|6,6|16,26|16,16|26,16|26,26|
#setting_targetting_pos=-1,-1|-1,-1|25,1|-1,-1|-1,-1|-1,-1|-1,-1|-1,-1|
#type=4,4,0,4,4,4,4,4,
........
#111111111111
#assigned_pet=-1,-1,-1,-1,-1,-1,-1,-1,
#assigned_hub=6,3,-1,0,5,4,7,8,
#moving_targetting_pos=26,6|16,6|25,30|6,6|16,26|16,16|26,16|26,26|
#setting_targetting_pos=-1,-1|-1,-1|25,1|-1,-1|-1,-1|-1,-1|-1,-1|-1,-1|
#type=4,4,0,4,4,4,4,4,
........
#111111111111
#assigned_pet=-1,-1,-1,-1,-1,-1,-1,-1,
#assigned_hub=6,3,-1,0,5,4,7,8,
#moving_targetting_pos=26,6|16,6|25,30|6,6|16,26|16,16|26,16|26,26|
#setting_targetting_pos=-1,-1|-1,-1|25,1|-1,-1|-1,-1|-1,-1|-1,-1|-1,-1|
#type=4,4,0,4,4,4,4,4,
........
#111111111111
#assigned_pet=-1,-1,-1,-1,-1,-1,-1,-1,
#assigned_hub=6,3,-1,0,5,4,7,8,
#moving_targetting_pos=26,6|16,6|25,30|6,6|16,26|16,16|26,16|26,26|
#setting_targetting_pos=-1,-1|-1,-1|25,1|-1,-1|-1,-1|-1,-1|-1,-1|-1,-1|
#type=4,4,0,4,4,4,4,4,
........
#111111111111
#assigned_pet=-1,-1,-1,-1,-1,-1,-1,-1,
#assigned_hub=6,3,-1,0,5,4,7,8,
#moving_targetting_pos=26,6|16,6|25,30|6,6|16,26|16,16|26,16|26,26|
#setting_targetting_pos=-1,-1|-1,-1|25,1|-1,-1|-1,-1|-1,-1|-1,-1|-1,-1|
#type=4,4,0,4,4,4,4,4,
........
#111111111111
#assigned_pet=-1,-1,-1,-1,-1,-1,-1,-1,
#assigned_hub=6,3,-1,0,5,4,7,8,
#moving_targetting_pos=26,6|16,6|25,30|6,6|16,26|16,16|26,16|26,26|
#setting_targetting_pos=-1,-1|-1,-1|25,1|-1,-1|-1,-1|-1,-1|-1,-1|-1,-1|
#type=4,4,0,4,4,4,4,4,
........
#111111111111
#assigned_pet=-1,-1,-1,-1,-1,-1,-1,-1,
#assigned_hub=6,3,-1,0,5,4,7,8,
#moving_targetting_pos=26,6|16,6|25,30|6,6|16,26|16,16|26,16|26,26|
#setting_targetting_pos=-1,-1|-1,-1|25,1|-1,-1|-1,-1|-1,-1|-1,-1|-1,-1|
#type=4,4,0,4,4,4,4,4,
........
#111111111111
#assigned_pet=-1,-1,-1,-1,-1,-1,-1,-1,
#assigned_hub=6,3,-1,0,5,4,7,8,
#moving_targetting_pos=26,6|16,6|25,30|6,6|16,26|16,16|26,16|26,26|
#setting_targetting_pos=-1,-1|-1,-1|25,1|-1,-1|-1,-1|-1,-1|-1,-1|-1,-1|
#type=4,4,0,4,4,4,4,4,
........
#111111111111
#assigned_pet=-1,-1,-1,-1,-1,-1,-1,-1,
#assigned_hub=6,3,-1,0,5,4,7,8,
#moving_targetting_pos=26,6|16,6|25,30|6,6|16,26|16,16|26,16|26,26|
#setting_targetting_pos=-1,-1|-1,-1|25,1|-1,-1|-1,-1|-1,-1|-1,-1|-1,-1|
#type=4,4,0,4,4,4,4,4,
........
#111111111111
#assigned_pet=-1,-1,-1,-1,-1,-1,-1,-1,
#assigned_hub=6,3,-1,0,5,4,7,8,
#moving_targetting_pos=26,6|16,6|25,30|6,6|16,26|16,16|26,16|26,26|
#setting_targetting_pos=-1,-1|-1,-1|25,1|-1,-1|-1,-1|-1,-1|-1,-1|-1,-1|
#type=4,4,0,4,4,4,4,4,
........
#111111111111
#assigned_pet=-1,-1,-1,-1,-1,-1,-1,-1,
#assigned_hub=6,3,-1,0,5,4,7,8,
#moving_targetting_pos=26,6|16,6|25,30|6,6|16,26|16,16|26,16|26,26|
#setting_targetting_pos=-1,-1|-1,-1|25,1|-1,-1|-1,-1|-1,-1|-1,-1|-1,-1|
#type=4,4,0,4,4,4,4,4,
........
#111111111111
#assigned_pet=-1,-1,-1,-1,-1,-1,-1,-1,
#assigned_hub=6,3,-1,0,5,4,7,8,
#moving_targetting_pos=26,6|16,6|25,30|6,6|16,26|16,16|26,16|26,26|
#setting_targetting_pos=-1,-1|-1,-1|25,1|-1,-1|-1,-1|-1,-1|-1,-1|-1,-1|
#type=4,4,0,4,4,4,4,4,
........
#111111111111
#assigned_pet=-1,-1,-1,-1,-1,-1,-1,-1,
#assigned_hub=6,3,-1,0,5,4,7,8,
#moving_targetting_pos=26,6|16,6|25,30|6,6|16,26|16,16|26,16|26,26|
#setting_targetting_pos=-1,-1|-1,-1|25,1|-1,-1|-1,-1|-1,-1|-1,-1|-1,-1|
#type=4,4,0,4,4,4,4,4,
........
#111111111111
#assigned_pet=-1,-1,-1,-1,-1,-1,-1,-1,
#assigned_hub=6,3,-1,0,5,4,7,8,
#moving_targetting_pos=26,6|16,6|25,30|6,6|16,26|16,16|26,16|26,26|
#setting_targetting_pos=-1,-1|-1,-1|25,1|-1,-1|-1,-1|-1,-1|-1,-1|-1,-1|
#type=4,4,0,4,4,4,4,4,
........
#111111111111
#assigned_pet=-1,-1,-1,-1,-1,-1,-1,-1,
#assigned_hub=6,3,-1,0,5,4,7,8,
#moving_targetting_pos=26,6|16,6|25,30|6,6|16,26|16,16|26,16|26,26|
#setting_targetting_pos=-1,-1|-1,-1|25,1|-1,-1|-1,-1|-1,-1|-1,-1|-1,-1|
#type=4,4,0,4,4,4,4,4,
........
#111111111111
#assigned_pet=-1,-1,-1,-1,-1,-1,-1,-1,
#assigned_hub=6,3,-1,0,5,4,7,8,
#moving_targetting_pos=26,6|16,6|25,30|6,6|16,26|16,16|26,16|26,26|
#setting_targetting_pos=-1,-1|-1,-1|25,1|-1,-1|-1,-1|-1,-1|-1,-1|-1,-1|
#type=4,4,0,4,4,4,4,4,
........
#111111111111
#assigned_pet=-1,-1,-1,-1,-1,-1,-1,-1,
#assigned_hub=6,3,-1,0,5,4,7,8,
#moving_targetting_pos=26,6|16,6|25,30|6,6|16,26|16,16|26,16|26,26|
#setting_targetting_pos=-1,-1|-1,-1|25,1|-1,-1|-1,-1|-1,-1|-1,-1|-1,-1|
#type=4,4,0,4,4,4,4,4,
........
#111111111111
#assigned_pet=-1,-1,-1,-1,-1,-1,-1,-1,
#assigned_hub=6,3,-1,0,5,4,7,8,
#moving_targetting_pos=26,6|16,6|25,30|6,6|16,26|16,16|26,16|26,26|
#setting_targetting_pos=-1,-1|-1,-1|25,1|-1,-1|-1,-1|-1,-1|-1,-1|-1,-1|
#type=4,4,0,4,4,4,4,4,
........
#111111111111
#assigned_pet=-1,-1,-1,-1,-1,-1,-1,-1,
#assigned_hub=6,3,-1,0,5,4,7,8,
#moving_targetting_pos=26,6|16,6|25,30|6,6|16,26|16,16|26,16|26,26|
#setting_targetting_pos=-1,-1|-1,-1|25,1|-1,-1|-1,-1|-1,-1|-1,-1|-1,-1|
#type=4,4,0,4,4,4,4,4,
........
#111111111111
#assigned_pet=-1,-1,-1,-1,-1,-1,-1,-1,
#assigned_hub=6,3,-1,0,5,4,7,8,
#moving_targetting_pos=26,6|16,6|25,30|6,6|16,26|16,16|26,16|26,26|
#setting_targetting_pos=-1,-1|-1,-1|25,1|-1,-1|-1,-1|-1,-1|-1,-1|-1,-1|
#type=4,4,0,4,4,4,4,4,
........
#111111111111
#assigned_pet=-1,-1,-1,-1,-1,-1,-1,-1,
#assigned_hub=6,3,-1,0,5,4,7,8,
#moving_targetting_pos=26,6|16,6|25,30|6,6|16,26|16,16|26,16|26,26|
#setting_targetting_pos=-1,-1|-1,-1|25,1|-1,-1|-1,-1|-1,-1|-1,-1|-1,-1|
#type=4,4,0,4,4,4,4,4,
........
#111111111111
#assigned_pet=-1,-1,-1,-1,-1,-1,-1,-1,
#assigned_hub=6,3,-1,0,5,4,7,8,
#moving_targetting_pos=26,6|16,6|25,30|6,6|16,26|16,16|26,16|26,26|
#setting_targetting_pos=-1,-1|-1,-1|25,1|-1,-1|-1,-1|-1,-1|-1,-1|-1,-1|
#type=4,4,0,4,4,4,4,4,
........
#111111111111
#assigned_pet=-1,-1,-1,-1,-1,-1,-1,-1,
#assigned_hub=6,3,-1,0,5,4,7,8,
#moving_targetting_pos=26,6|16,6|25,30|6,6|16,26|16,16|26,16|26,26|
#setting_targetting_pos=-1,-1|-1,-1|25,1|-1,-1|-1,-1|-1,-1|-1,-1|-1,-1|
#type=4,4,0,4,4,4,4,4,
........
#111111111111
#assigned_pet=-1,-1,-1,-1,-1,-1,-1,-1,
#assigned_hub=6,3,-1,0,5,4,7,8,
#moving_targetting_pos=26,6|16,6|25,30|6,6|16,26|16,16|26,16|26,26|
#setting_targetting_pos=-1,-1|-1,-1|25,1|-1,-1|-1,-1|-1,-1|-1,-1|-1,-1|
#type=4,4,0,4,4,4,4,4,
........
#111111111111
#assigned_pet=-1,-1,-1,-1,-1,-1,-1,-1,
#assigned_hub=6,3,-1,0,5,4,7,8,
#moving_targetting_pos=26,6|16,6|25,30|6,6|16,26|16,16|26,16|26,26|
#setting_targetting_pos=-1,-1|-1,-1|25,1|-1,-1|-1,-1|-1,-1|-1,-1|-1,-1|
#type=4,4,0,4,4,4,4,4,
........
#111111111111
#assigned_pet=-1,-1,-1,-1,-1,-1,-1,-1,
#assigned_hub=6,3,-1,0,5,4,7,8,
#moving_targetting_pos=26,6|16,6|25,30|6,6|16,26|16,16|26,16|26,26|
#setting_targetting_pos=-1,-1|-1,-1|25,1|-1,-1|-1,-1|-1,-1|-1,-1|-1,-1|
#type=4,4,0,4,4,4,4,4,
........
#111111111111
#assigned_pet=-1,-1,-1,-1,-1,-1,-1,-1,
#assigned_hub=6,3,-1,0,5,4,7,8,
#moving_targetting_pos=26,6|16,6|25,30|6,6|16,26|16,16|26,16|26,26|
#setting_targetting_pos=-1,-1|-1,-1|25,1|-1,-1|-1,-1|-1,-1|-1,-1|-1,-1|
#type=4,4,0,4,4,4,4,4,
........
#111111111111
#assigned_pet=-1,-1,-1,-1,-1,-1,-1,-1,
#assigned_hub=6,3,-1,0,5,4,7,8,
#moving_targetting_pos=26,6|16,6|25,30|6,6|16,26|16,16|26,16|26,26|
#setting_targetting_pos=-1,-1|-1,-1|25,1|-1,-1|-1,-1|-1,-1|-1,-1|-1,-1|
#type=4,4,0,4,4,4,4,4,
........
#111111111111
#assigned_pet=-1,-1,-1,-1,-1,-1,-1,-1,
#assigned_hub=6,3,-1,0,5,4,7,8,
#moving_targetting_pos=26,6|16,6|25,30|6,6|16,26|16,16|26,16|26,26|
#setting_targetting_pos=-1,-1|-1,-1|25,1|-1,-1|-1,-1|-1,-1|-1,-1|-1,-1|
#type=4,4,0,4,4,4,4,4,
........
#111111111111
#assigned_pet=-1,-1,-1,-1,-1,-1,-1,-1,
#assigned_hub=6,3,-1,0,5,4,7,8,
#moving_targetting_pos=26,6|16,6|25,30|6,6|16,26|16,16|26,16|26,26|
#setting_targetting_pos=-1,-1|-1,-1|25,1|-1,-1|-1,-1|-1,-1|-1,-1|-1,-1|
#type=4,4,0,4,4,4,4,4,
........
#111111111111
#assigned_pet=-1,-1,-1,-1,-1,-1,-1,-1,
#assigned_hub=6,3,-1,0,5,4,7,8,
#moving_targetting_pos=26,6|16,6|25,30|6,6|16,26|16,16|26,16|26,26|
#setting_targetting_pos=-1,-1|-1,-1|25,1|-1,-1|-1,-1|-1,-1|-1,-1|-1,-1|
#type=4,4,0,4,4,4,4,4,
........
#111111111111
#assigned_pet=-1,-1,-1,-1,-1,-1,-1,-1,
#assigned_hub=6,3,-1,0,5,4,7,8,
#moving_targetting_pos=26,6|16,6|25,30|6,6|16,26|16,16|26,16|26,26|
#setting_targetting_pos=-1,-1|-1,-1|25,1|-1,-1|-1,-1|-1,-1|-1,-1|-1,-1|
#type=4,4,0,4,4,4,4,4,
........
#111111111111
#assigned_pet=-1,-1,-1,-1,-1,-1,-1,-1,
#assigned_hub=6,3,-1,0,5,4,7,8,
#moving_targetting_pos=26,6|16,6|25,30|6,6|16,26|16,16|26,16|26,26|
#setting_targetting_pos=-1,-1|-1,-1|25,1|-1,-1|-1,-1|-1,-1|-1,-1|-1,-1|
#type=4,4,0,4,4,4,4,4,
........
#111111111111
#assigned_pet=-1,-1,-1,-1,-1,-1,-1,-1,
#assigned_hub=6,3,-1,0,5,4,7,8,
#moving_targetting_pos=26,6|16,6|25,30|6,6|16,26|16,16|26,16|26,26|
#setting_targetting_pos=-1,-1|-1,-1|25,1|-1,-1|-1,-1|-1,-1|-1,-1|-1,-1|
#type=4,4,0,4,4,4,4,4,
........
#111111111111
#assigned_pet=-1,-1,-1,-1,-1,-1,-1,-1,
#assigned_hub=6,3,-1,0,5,4,7,8,
#moving_targetting_pos=26,6|16,6|25,30|6,6|16,26|16,16|26,16|26,26|
#setting_targetting_pos=-1,-1|-1,-1|25,1|-1,-1|-1,-1|-1,-1|-1,-1|-1,-1|
#type=4,4,0,4,4,4,4,4,
........
#111111111111
#assigned_pet=-1,-1,-1,-1,-1,-1,-1,-1,
#assigned_hub=6,3,-1,0,5,4,7,8,
#moving_targetting_pos=26,6|16,6|25,30|6,6|16,26|16,16|26,16|26,26|
#setting_targetting_pos=-1,-1|-1,-1|25,1|-1,-1|-1,-1|-1,-1|-1,-1|-1,-1|
#type=4,4,0,4,4,4,4,4,
........
#111111111111
#assigned_pet=-1,-1,-1,-1,-1,-1,-1,-1,
#assigned_hub=6,3,-1,0,5,4,7,8,
#moving_targetting_pos=26,6|16,6|25,30|6,6|16,26|16,16|26,16|26,26|
#setting_targetting_pos=-1,-1|-1,-1|25,1|-1,-1|-1,-1|-1,-1|-1,-1|-1,-1|
#type=4,4,0,4,4,4,4,4,
........
#111111111111
#assigned_pet=-1,-1,-1,-1,-1,-1,-1,-1,
#assigned_hub=6,3,-1,0,5,4,7,8,
#moving_targetting_pos=26,6|16,6|25,30|6,6|16,26|16,16|26,16|26,26|
#setting_targetting_pos=-1,-1|-1,-1|25,1|-1,-1|-1,-1|-1,-1|-1,-1|-1,-1|
#type=4,4,0,4,4,4,4,4,
........
#111111111111
#assigned_pet=-1,-1,-1,-1,-1,-1,-1,-1,
#assigned_hub=6,3,-1,0,5,4,7,8,
#moving_targetting_pos=26,6|16,6|25,30|6,6|16,26|16,16|26,16|26,26|
#setting_targetting_pos=-1,-1|-1,-1|25,1|-1,-1|-1,-1|-1,-1|-1,-1|-1,-1|
#type=4,4,0,4,4,4,4,4,
........
#111111111111
#assigned_pet=-1,-1,-1,-1,-1,-1,-1,-1,
#assigned_hub=6,3,-1,0,5,4,7,8,
#moving_targetting_pos=26,6|16,6|25,30|6,6|16,26|16,16|26,16|26,26|
#setting_targetting_pos=-1,-1|-1,-1|25,1|-1,-1|-1,-1|-1,-1|-1,-1|-1,-1|
#type=4,4,0,4,4,4,4,4,
........
#111111111111
#assigned_pet=-1,-1,-1,-1,-1,-1,-1,-1,
#assigned_hub=6,3,-1,0,5,4,7,8,
#moving_targetting_pos=26,6|16,6|25,30|6,6|16,26|16,16|26,16|26,26|
#setting_targetting_pos=-1,-1|-1,-1|25,1|-1,-1|-1,-1|-1,-1|-1,-1|-1,-1|
#type=4,4,0,4,4,4,4,4,
........
#111111111111
#assigned_pet=-1,-1,-1,-1,-1,-1,-1,-1,
#assigned_hub=6,3,-1,0,5,4,7,8,
#moving_targetting_pos=26,6|16,6|25,30|6,6|16,26|16,16|26,16|26,26|
#setting_targetting_pos=-1,-1|-1,-1|25,1|-1,-1|-1,-1|-1,-1|-1,-1|-1,-1|
#type=4,4,0,4,4,4,4,4,
........
#111111111111
#assigned_pet=-1,-1,-1,-1,-1,-1,-1,-1,
#assigned_hub=6,3,-1,0,5,4,7,8,
#moving_targetting_pos=26,6|16,6|25,30|6,6|16,26|16,16|26,16|26,26|
#setting_targetting_pos=-1,-1|-1,-1|25,1|-1,-1|-1,-1|-1,-1|-1,-1|-1,-1|
#type=4,4,0,4,4,4,4,4,
........
#111111111111
#assigned_pet=-1,-1,-1,-1,-1,-1,-1,-1,
#assigned_hub=6,3,-1,0,5,4,7,8,
#moving_targetting_pos=26,6|16,6|25,30|6,6|16,26|16,16|26,16|26,26|
#setting_targetting_pos=-1,-1|-1,-1|25,1|-1,-1|-1,-1|-1,-1|-1,-1|-1,-1|
#type=4,4,0,4,4,4,4,4,
........
#111111111111
#assigned_pet=-1,-1,-1,-1,-1,-1,-1,-1,
#assigned_hub=6,3,-1,0,5,4,7,8,
#moving_targetting_pos=26,6|16,6|25,30|6,6|16,26|16,16|26,16|26,26|
#setting_targetting_pos=-1,-1|-1,-1|25,1|-1,-1|-1,-1|-1,-1|-1,-1|-1,-1|
#type=4,4,0,4,4,4,4,4,
........
#111111111111
#assigned_pet=-1,-1,-1,-1,-1,-1,-1,-1,
#assigned_hub=6,3,-1,0,5,4,7,8,
#moving_targetting_pos=26,6|16,6|25,30|6,6|16,26|16,16|26,16|26,26|
#setting_targetting_pos=-1,-1|-1,-1|25,1|-1,-1|-1,-1|-1,-1|-1,-1|-1,-1|
#type=4,4,0,4,4,4,4,4,
........
#111111111111
#assigned_pet=-1,-1,-1,-1,-1,-1,-1,-1,
#assigned_hub=6,3,-1,0,5,4,7,8,
#moving_targetting_pos=26,6|16,6|25,30|6,6|16,26|16,16|26,16|26,26|
#setting_targetting_pos=-1,-1|-1,-1|25,1|-1,-1|-1,-1|-1,-1|-1,-1|-1,-1|
#type=4,4,0,4,4,4,4,4,
........
#111111111111
#assigned_pet=-1,-1,-1,-1,-1,-1,-1,-1,
#assigned_hub=6,3,-1,0,5,4,7,8,
#moving_targetting_pos=26,6|16,6|25,30|6,6|16,26|16,16|26,16|26,26|
#setting_targetting_pos=-1,-1|-1,-1|25,1|-1,-1|-1,-1|-1,-1|-1,-1|-1,-1|
#type=4,4,0,4,4,4,4,4,
........
#111111111111
#assigned_pet=-1,-1,-1,-1,-1,-1,-1,-1,
#assigned_hub=6,3,-1,0,5,4,7,8,
#moving_targetting_pos=26,6|16,6|25,30|6,6|16,26|16,16|26,16|26,26|
#setting_targetting_pos=-1,-1|-1,-1|25,1|-1,-1|-1,-1|-1,-1|-1,-1|-1,-1|
#type=4,4,0,4,4,4,4,4,
........
#111111111111
#assigned_pet=-1,-1,-1,-1,-1,-1,-1,-1,
#assigned_hub=6,3,-1,0,5,4,7,8,
#moving_targetting_pos=26,6|16,6|25,30|6,6|16,26|16,16|26,16|26,26|
#setting_targetting_pos=-1,-1|-1,-1|25,1|-1,-1|-1,-1|-1,-1|-1,-1|-1,-1|
#type=4,4,0,4,4,4,4,4,
........
#111111111111
#assigned_pet=-1,-1,-1,-1,-1,-1,-1,-1,
#assigned_hub=6,3,-1,0,5,4,7,8,
#moving_targetting_pos=26,6|16,6|25,30|6,6|16,26|16,16|26,16|26,26|
#setting_targetting_pos=-1,-1|-1,-1|25,1|-1,-1|-1,-1|-1,-1|-1,-1|-1,-1|
#type=4,4,0,4,4,4,4,4,
........
#111111111111
#assigned_pet=-1,-1,-1,-1,-1,-1,-1,-1,
#assigned_hub=6,3,-1,0,5,4,7,8,
#moving_targetting_pos=26,6|16,6|25,30|6,6|16,26|16,16|26,16|26,26|
#setting_targetting_pos=-1,-1|-1,-1|25,1|-1,-1|-1,-1|-1,-1|-1,-1|-1,-1|
#type=4,4,0,4,4,4,4,4,
........
#111111111111
#assigned_pet=-1,-1,-1,-1,-1,-1,-1,-1,
#assigned_hub=6,3,-1,0,5,4,7,8,
#moving_targetting_pos=26,6|16,6|25,30|6,6|16,26|16,16|26,16|26,26|
#setting_targetting_pos=-1,-1|-1,-1|25,1|-1,-1|-1,-1|-1,-1|-1,-1|-1,-1|
#type=4,4,0,4,4,4,4,4,
........
#111111111111
#assigned_pet=-1,-1,-1,-1,-1,-1,-1,-1,
#assigned_hub=6,3,-1,0,5,4,7,8,
#moving_targetting_pos=26,6|16,6|25,30|6,6|16,26|16,16|26,16|26,26|
#setting_targetting_pos=-1,-1|-1,-1|25,1|-1,-1|-1,-1|-1,-1|-1,-1|-1,-1|
#type=4,4,0,4,4,4,4,4,
........
#111111111111
#assigned_pet=-1,-1,-1,-1,-1,-1,-1,-1,
#assigned_hub=6,3,-1,0,5,4,7,8,
#moving_targetting_pos=26,6|16,6|25,30|6,6|16,26|16,16|26,16|26,26|
#setting_targetting_pos=-1,-1|-1,-1|25,1|-1,-1|-1,-1|-1,-1|-1,-1|-1,-1|
#type=4,4,0,4,4,4,4,4,
........
#111111111111
#assigned_pet=-1,-1,-1,-1,-1,-1,-1,-1,
#assigned_hub=6,3,-1,0,5,4,7,8,
#moving_targetting_pos=26,6|16,6|25,30|6,6|16,26|16,16|26,16|26,26|
#setting_targetting_pos=-1,-1|-1,-1|25,1|-1,-1|-1,-1|-1,-1|-1,-1|-1,-1|
#type=4,4,0,4,4,4,4,4,
........
#111111111111
#assigned_pet=-1,-1,-1,-1,-1,-1,-1,-1,
#assigned_hub=6,3,-1,0,5,4,7,8,
#moving_targetting_pos=26,6|16,6|25,30|6,6|16,26|16,16|26,16|26,26|
#setting_targetting_pos=-1,-1|-1,-1|25,1|-1,-1|-1,-1|-1,-1|-1,-1|-1,-1|
#type=4,4,0,4,4,4,4,4,
........
#111111111111
#assigned_pet=-1,-1,-1,-1,-1,-1,-1,-1,
#assigned_hub=6,3,-1,0,5,4,7,8,
#moving_targetting_pos=26,6|16,6|25,30|6,6|16,26|16,16|26,16|26,26|
#setting_targetting_pos=-1,-1|-1,-1|25,1|-1,-1|-1,-1|-1,-1|-1,-1|-1,-1|
#type=4,4,0,4,4,4,4,4,
........
#111111111111
#assigned_pet=-1,-1,-1,-1,-1,-1,-1,-1,
#assigned_hub=6,3,-1,0,5,4,7,8,
#moving_targetting_pos=26,6|16,6|25,30|6,6|16,26|16,16|26,16|26,26|
#setting_targetting_pos=-1,-1|-1,-1|25,1|-1,-1|-1,-1|-1,-1|-1,-1|-1,-1|
#type=4,4,0,4,4,4,4,4,
........
#111111111111
#assigned_pet=-1,-1,-1,-1,-1,-1,-1,-1,
#assigned_hub=6,3,-1,0,5,4,7,8,
#moving_targetting_pos=26,6|16,6|25,30|6,6|16,26|16,16|26,16|26,26|
#setting_targetting_pos=-1,-1|-1,-1|25,1|-1,-1|-1,-1|-1,-1|-1,-1|-1,-1|
#type=4,4,0,4,4,4,4,4,
........
