#00000000000000000
#assigned_pet=-1,-1,-1,-1,-1,-1,-1,-1,
#assigned_hub=-1,-1,-1,-1,-1,-1,-1,-1,
#moving_targetting_pos=19,2|15,30|9,2|2,29|25,30|22,29|5,30|12,29|
#setting_targetting_pos=19,30|15,1|9,30|2,1|25,1|22,1|5,1|12,1|
#type=1,1,2,1,1,1,1,1,
LRdRRRRR
#00000000000000000
#assigned_pet=-1,-1,-1,-1,-1,-1,-1,-1,
#assigned_hub=-1,-1,-1,-1,-1,-1,-1,-1,
#moving_targetting_pos=19,2|15,30|9,2|2,29|25,30|22,29|5,30|12,29|
#setting_targetting_pos=19,30|15,1|9,30|2,1|25,1|22,1|5,1|12,1|
#type=1,1,2,1,1,1,1,1,
LRRRRRRR
#00000000000000000
#assigned_pet=-1,-1,-1,-1,-1,-1,-1,-1,
#assigned_hub=-1,-1,-1,-1,-1,-1,-1,-1,
#moving_targetting_pos=19,2|15,30|9,2|2,29|25,30|22,29|5,30|12,29|
#setting_targetting_pos=19,30|15,1|9,30|2,1|25,1|22,1|5,1|12,1|
#type=1,1,2,1,1,1,1,1,
LRRRRRRR
#00000000000000000
#assigned_pet=-1,-1,-1,-1,-1,-1,-1,-1,
#assigned_hub=-1,-1,-1,-1,-1,-1,-1,-1,
#moving_targetting_pos=19,2|15,30|9,2|2,29|25,30|22,29|5,30|12,29|
#setting_targetting_pos=19,30|15,1|9,30|2,1|25,1|22,1|5,1|12,1|
#type=1,1,2,1,1,1,1,1,
LRlRRRRR
#00000000000000000
#assigned_pet=-1,-1,-1,-1,-1,-1,-1,-1,
#assigned_hub=-1,-1,-1,-1,-1,-1,-1,-1,
#moving_targetting_pos=19,2|15,30|9,2|2,29|25,30|22,29|5,30|12,29|
#setting_targetting_pos=19,30|15,1|9,30|2,1|25,1|22,1|5,1|12,1|
#type=1,1,2,1,1,1,1,1,
LRuDRURR
#00000000000000000
#assigned_pet=-1,-1,-1,-1,-1,-1,-1,-1,
#assigned_hub=-1,-1,-1,-1,-1,-1,-1,-1,
#moving_targetting_pos=19,2|15,30|9,2|2,29|25,30|22,29|5,30|12,29|
#setting_targetting_pos=19,30|15,1|9,30|2,1|25,1|22,1|5,1|12,1|
#type=1,1,2,2,1,2,1,1,
LRRrRrRR
#00000000000000000
#assigned_pet=-1,-1,-1,-1,-1,-1,-1,-1,
#assigned_hub=-1,-1,-1,-1,-1,-1,-1,-1,
#moving_targetting_pos=19,2|15,30|9,2|2,29|25,30|22,29|5,30|12,29|
#setting_targetting_pos=19,30|15,1|9,30|2,1|25,1|22,1|5,1|12,1|
#type=1,1,2,2,1,2,1,1,
LRRdRdDR
#00000000000000000
#assigned_pet=-1,-1,-1,-1,-1,-1,-1,-1,
#assigned_hub=-1,-1,-1,-1,-1,-1,-1,-1,
#moving_targetting_pos=19,2|15,30|9,2|2,29|25,30|22,29|5,30|12,29|
#setting_targetting_pos=19,30|15,1|9,30|2,1|25,1|22,1|5,1|12,1|
#type=1,1,2,2,2,2,1,1,
LRdL.LLR
#00000000000000000
#assigned_pet=-1,-1,-1,-1,-1,-1,-1,-1,
#assigned_hub=-1,-1,-1,-1,-1,-1,-1,-1,
#moving_targetting_pos=19,2|15,30|9,2|2,29|25,30|22,29|5,30|12,29|
#setting_targetting_pos=19,30|15,1|9,30|2,1|25,1|22,1|5,1|12,1|
#type=1,1,2,2,2,2,1,1,
LRRLdLDR
#00000000000000000
#assigned_pet=-1,-1,-1,-1,-1,-1,-1,-1,
#assigned_hub=-1,-1,-1,-1,-1,-1,-1,-1,
#moving_targetting_pos=19,2|15,30|9,2|2,29|25,30|22,29|5,30|12,29|
#setting_targetting_pos=19,30|15,1|9,30|2,1|25,1|22,1|5,1|12,1|
#type=1,1,2,2,2,2,1,1,
URlLLLDR
#00000000000000000
#assigned_pet=-1,-1,-1,-1,-1,-1,-1,-1,
#assigned_hub=-1,-1,-1,-1,-1,-1,-1,-1,
#moving_targetting_pos=19,2|15,30|9,2|2,29|25,30|22,29|5,30|12,29|
#setting_targetting_pos=19,30|15,1|9,30|2,1|25,1|22,1|5,1|12,1|
#type=1,1,2,2,2,2,1,1,
URRd.dRR
#00000000000000000
#assigned_pet=-1,-1,-1,-1,-1,-1,-1,-1,
#assigned_hub=-1,-1,-1,-1,-1,-1,-1,-1,
#moving_targetting_pos=19,2|15,30|9,2|2,29|25,30|22,29|5,30|12,29|
#setting_targetting_pos=19,30|15,1|9,30|2,1|25,1|22,1|5,1|12,1|
#type=2,1,2,2,2,2,1,1,
dUuuduRR
#00000000000000000
#assigned_pet=-1,-1,-1,-1,-1,-1,-1,-1,
#assigned_hub=-1,-1,-1,-1,-1,-1,-1,-1,
#moving_targetting_pos=19,2|15,30|9,2|2,29|25,30|22,29|5,30|12,29|
#setting_targetting_pos=19,30|15,1|9,30|2,1|25,1|22,1|5,1|12,1|
#type=2,1,2,2,2,2,1,1,
RURLLLDR
#00000000000000000
#assigned_pet=-1,-1,-1,-1,-1,-1,-1,-1,
#assigned_hub=-1,-1,-1,-1,-1,-1,-1,-1,
#moving_targetting_pos=19,2|15,30|9,2|2,29|25,30|22,29|5,30|12,29|
#setting_targetting_pos=19,30|15,1|9,30|2,1|25,1|22,1|5,1|12,1|
#type=2,2,2,2,2,2,2,1,
RdRr.rdU
#00000000000000000
#assigned_pet=-1,-1,-1,-1,-1,-1,-1,-1,
#assigned_hub=-1,-1,-1,-1,-1,-1,-1,-1,
#moving_targetting_pos=19,2|15,30|9,2|2,29|25,30|22,29|5,30|12,29|
#setting_targetting_pos=19,30|15,1|9,30|2,1|25,1|22,1|5,1|12,1|
#type=2,2,2,2,2,2,2,1,
lLlLuLLU
#00000000000000000
#assigned_pet=-1,-1,-1,-1,-1,-1,-1,-1,
#assigned_hub=-1,-1,-1,-1,-1,-1,-1,-1,
#moving_targetting_pos=19,2|15,30|9,2|2,29|25,30|22,29|5,30|12,29|
#setting_targetting_pos=19,30|15,1|9,30|2,1|25,1|22,1|5,1|12,1|
#type=2,2,2,2,2,2,2,1,
u.dLLLdU
#00000000000000000
#assigned_pet=-1,-1,-1,-1,-1,-1,-1,-1,
#assigned_hub=-1,-1,-1,-1,-1,-1,-1,-1,
#moving_targetting_pos=19,2|15,30|9,2|2,29|25,30|22,29|5,30|12,29|
#setting_targetting_pos=19,30|15,1|9,30|2,1|25,1|22,1|5,1|12,1|
#type=2,2,2,2,2,2,2,1,
R.R.LdLU
#00000000000000000
#assigned_pet=-1,-1,-1,-1,-1,-1,-1,-1,
#assigned_hub=-1,-1,-1,-1,-1,-1,-1,-1,
#moving_targetting_pos=19,2|15,30|9,2|2,29|25,30|22,29|5,30|12,29|
#setting_targetting_pos=19,30|15,1|9,30|2,1|25,1|22,1|5,1|12,1|
#type=2,2,2,2,2,2,2,1,
R.RdLLuU
#00000000000000000
#assigned_pet=-1,-1,-1,-1,-1,-1,-1,-1,
#assigned_hub=-1,-1,-1,-1,-1,-1,-1,-1,
#moving_targetting_pos=19,2|15,30|9,2|2,29|25,30|22,29|5,30|12,29|
#setting_targetting_pos=19,30|15,1|9,30|2,1|25,1|22,1|5,1|12,1|
#type=2,2,2,2,2,2,2,1,
d.dLLLLU
#00000000000000000
#assigned_pet=-1,-1,-1,-1,-1,-1,-1,-1,
#assigned_hub=-1,-1,-1,-1,-1,-1,-1,-1,
#moving_targetting_pos=19,2|15,30|9,2|2,29|25,30|22,29|5,30|12,29|
#setting_targetting_pos=19,30|15,1|9,30|2,1|25,1|22,1|5,1|12,1|
#type=2,2,2,2,2,2,2,2,
RdRL.rLr
#00000000000000000
#assigned_pet=-1,-1,-1,-1,-1,-1,-1,-1,
#assigned_hub=-1,-1,-1,-1,-1,-1,-1,-1,
#moving_targetting_pos=19,2|15,30|9,2|2,29|25,30|22,29|5,30|12,29|
#setting_targetting_pos=19,30|15,1|9,30|2,1|25,1|22,1|5,1|12,1|
#type=2,2,2,2,2,2,2,2,
lLRr.uL.
#00000000000000000
#assigned_pet=-1,-1,-1,-1,-1,-1,-1,-1,
#assigned_hub=-1,-1,-1,-1,-1,-1,-1,-1,
#moving_targetting_pos=19,2|15,30|9,2|2,29|25,30|22,29|5,30|12,29|
#setting_targetting_pos=19,30|15,1|9,30|2,1|25,1|22,1|5,1|12,1|
#type=2,2,2,2,2,2,2,2,
RuluuLLd
#00000000000000000
#assigned_pet=-1,-1,-1,-1,-1,-1,-1,-1,
#assigned_hub=-1,-1,-1,-1,-1,-1,-1,-1,
#moving_targetting_pos=19,2|15,30|9,2|2,29|25,30|22,29|5,30|12,29|
#setting_targetting_pos=19,30|15,1|9,30|2,1|25,1|22,1|5,1|12,1|
#type=2,2,2,2,2,2,2,2,
uLuLLLuL
#00000000000000000
#assigned_pet=-1,-1,-1,-1,-1,-1,-1,-1,
#assigned_hub=-1,-1,-1,-1,-1,-1,-1,-1,
#moving_targetting_pos=19,2|15,30|9,2|2,29|25,30|22,29|5,30|12,29|
#setting_targetting_pos=19,30|15,1|9,30|2,1|25,1|22,1|5,1|12,1|
#type=2,2,2,2,2,2,2,2,
RLRLdrLL
#00000000000000000
#assigned_pet=-1,-1,-1,-1,-1,-1,-1,-1,
#assigned_hub=-1,-1,-1,-1,-1,-1,-1,-1,
#moving_targetting_pos=19,2|15,30|9,2|2,29|25,30|22,29|5,30|12,29|
#setting_targetting_pos=19,30|15,1|9,30|2,1|25,1|22,1|5,1|12,1|
#type=2,2,2,2,2,2,2,2,
RLRrLd.L
#00000000000000000
#assigned_pet=-1,-1,-1,-1,-1,-1,-1,-1,
#assigned_hub=-1,-1,-1,-1,-1,-1,-1,-1,
#moving_targetting_pos=19,2|15,30|9,2|2,29|25,30|22,29|5,30|12,29|
#setting_targetting_pos=19,30|15,1|9,30|2,1|25,1|22,1|5,1|12,1|
#type=2,2,2,2,2,2,2,2,
lLdddLdd
#00000000000000000
#assigned_pet=-1,-1,-1,-1,-1,-1,-1,-1,
#assigned_hub=-1,-1,-1,-1,-1,-1,-1,-1,
#moving_targetting_pos=19,2|15,30|9,2|2,29|25,30|22,29|5,30|12,29|
#setting_targetting_pos=19,30|15,1|9,30|2,1|25,1|22,1|5,1|12,1|
#type=2,2,2,2,2,2,2,2,
d.RLLLL.
#00000000000000000
#assigned_pet=-1,-1,-1,-1,-1,-1,-1,-1,
#assigned_hub=-1,-1,-1,-1,-1,-1,-1,-1,
#moving_targetting_pos=19,2|15,30|9,2|2,29|25,30|22,29|5,30|12,29|
#setting_targetting_pos=19,30|15,1|9,30|2,1|25,1|22,1|5,1|12,1|
#type=2,2,2,2,2,2,2,2,
R.lLdLdu
#00000000000000000
#assigned_pet=-1,-1,-1,-1,-1,-1,-1,-1,
#assigned_hub=-1,-1,-1,-1,-1,-1,-1,-1,
#moving_targetting_pos=19,2|15,30|9,2|2,29|25,30|22,29|5,30|12,29|
#setting_targetting_pos=19,30|15,1|9,30|2,1|25,1|22,1|5,1|12,1|
#type=2,2,2,2,2,2,2,2,
RuRLLdLL
#00000000000000000
#assigned_pet=-1,-1,-1,-1,-1,-1,-1,-1,
#assigned_hub=-1,-1,-1,-1,-1,-1,-1,-1,
#moving_targetting_pos=19,2|15,30|9,2|2,29|25,30|22,29|5,30|12,29|
#setting_targetting_pos=19,30|15,1|9,30|2,1|25,1|22,1|5,1|12,1|
#type=2,2,2,2,2,2,2,2,
dLuddudr
#00000000000000000
#assigned_pet=-1,-1,-1,-1,-1,-1,-1,-1,
#assigned_hub=-1,-1,-1,-1,-1,-1,-1,-1,
#moving_targetting_pos=19,2|15,30|9,2|2,29|25,30|22,29|5,30|12,29|
#setting_targetting_pos=19,30|15,1|9,30|2,1|25,1|22,1|5,1|12,1|
#type=2,2,2,2,2,2,2,2,
RdRuLLLL
#00000000000000000
#assigned_pet=-1,-1,-1,-1,-1,-1,-1,-1,
#assigned_hub=-1,-1,-1,-1,-1,-1,-1,-1,
#moving_targetting_pos=19,2|15,30|9,2|2,29|25,30|22,29|5,30|12,29|
#setting_targetting_pos=19,30|15,1|9,30|2,1|25,1|22,1|5,1|12,1|
#type=2,2,2,2,2,2,2,2,
RLRLdrdL
#00000000000000000
#assigned_pet=-1,-1,-1,-1,-1,-1,-1,-1,
#assigned_hub=-1,-1,-1,-1,-1,-1,-1,-1,
#moving_targetting_pos=19,2|15,30|9,2|2,29|25,30|22,29|5,30|12,29|
#setting_targetting_pos=19,30|15,1|9,30|2,1|25,1|22,1|5,1|12,1|
#type=2,2,2,2,2,2,2,2,
ldlrLLLd
#00000000000000000
#assigned_pet=-1,-1,-1,-1,-1,-1,-1,-1,
#assigned_hub=-1,-1,-1,-1,-1,-1,-1,-1,
#moving_targetting_pos=19,2|15,30|9,2|2,29|25,30|22,29|5,30|12,29|
#setting_targetting_pos=19,30|15,1|9,30|2,1|25,1|22,1|5,1|12,1|
#type=2,2,2,2,2,2,2,2,
uLdLuLdL
#00000000000000000
#assigned_pet=-1,-1,-1,-1,-1,-1,-1,-1,
#assigned_hub=-1,-1,-1,-1,-1,-1,-1,-1,
#moving_targetting_pos=19,2|15,30|9,2|2,29|25,30|22,29|5,30|12,29|
#setting_targetting_pos=19,30|15,1|9,30|2,1|25,1|22,1|5,1|12,1|
#type=2,2,2,2,2,2,2,2,
RdRLLdLL
#00000000000000000
#assigned_pet=-1,-1,-1,-1,-1,-1,-1,-1,
#assigned_hub=-1,-1,-1,-1,-1,-1,-1,-1,
#moving_targetting_pos=19,2|15,30|9,2|2,29|25,30|22,29|5,30|12,29|
#setting_targetting_pos=19,30|15,1|9,30|2,1|25,1|22,1|5,1|12,1|
#type=2,2,2,2,2,2,2,2,
RLRdLLur
#00000000000000000
#assigned_pet=-1,-1,-1,-1,-1,-1,-1,-1,
#assigned_hub=-1,-1,-1,-1,-1,-1,-1,-1,
#moving_targetting_pos=19,2|15,30|9,2|2,29|25,30|22,29|5,30|12,29|
#setting_targetting_pos=19,30|15,1|9,30|2,1|25,1|22,1|5,1|12,1|
#type=2,2,2,2,2,2,2,2,
dddLLLLu
#00000000000000000
#assigned_pet=-1,-1,-1,-1,-1,-1,-1,-1,
#assigned_hub=-1,-1,-1,-1,-1,-1,-1,-1,
#moving_targetting_pos=19,2|15,30|9,2|2,29|25,30|22,29|5,30|12,29|
#setting_targetting_pos=19,30|15,1|9,30|2,1|25,1|22,1|5,1|12,1|
#type=2,2,2,2,2,2,2,2,
RLRLLrLL
#00000000000000000
#assigned_pet=-1,-1,-1,-1,-1,-1,-1,-1,
#assigned_hub=-1,-1,-1,-1,-1,-1,-1,-1,
#moving_targetting_pos=19,2|15,30|9,2|2,29|25,30|22,29|5,30|12,29|
#setting_targetting_pos=19,30|15,1|9,30|2,1|25,1|22,1|5,1|12,1|
#type=2,2,2,2,2,2,2,2,
l.RruuLL
#00000000000000000
#assigned_pet=-1,-1,-1,-1,-1,-1,-1,-1,
#assigned_hub=-1,-1,-1,-1,-1,-1,-1,-1,
#moving_targetting_pos=19,2|15,30|9,2|2,29|25,30|22,29|5,30|12,29|
#setting_targetting_pos=19,30|15,1|9,30|2,1|25,1|22,1|5,1|12,1|
#type=2,2,2,2,2,2,2,2,
RdluLLLr
#00000000000000000
#assigned_pet=-1,-1,-1,-1,-1,-1,-1,-1,
#assigned_hub=-1,-1,-1,-1,-1,-1,-1,-1,
#moving_targetting_pos=19,2|15,30|9,2|2,29|25,30|22,29|5,30|12,29|
#setting_targetting_pos=19,30|15,1|9,30|2,1|25,1|22,1|5,1|12,1|
#type=2,2,2,2,2,2,2,2,
uLuLdLud
#00000000000000000
#assigned_pet=-1,-1,-1,-1,-1,-1,-1,-1,
#assigned_hub=-1,-1,-1,-1,-1,-1,-1,-1,
#moving_targetting_pos=19,2|15,30|9,2|2,29|25,30|22,29|5,30|12,29|
#setting_targetting_pos=19,30|15,1|9,30|2,1|25,1|22,1|5,1|12,1|
#type=2,2,2,2,2,2,2,2,
RuRLLrLL
#00000000000000000
#assigned_pet=-1,-1,-1,-1,-1,-1,-1,-1,
#assigned_hub=-1,-1,-1,-1,-1,-1,-1,-1,
#moving_targetting_pos=19,2|15,30|9,2|2,29|25,30|22,29|5,30|12,29|
#setting_targetting_pos=19,30|15,1|9,30|2,1|25,1|22,1|5,1|12,1|
#type=2,2,2,2,2,2,2,2,
RLRrdddL
#00000000000000000
#assigned_pet=-1,-1,-1,-1,-1,-1,-1,-1,
#assigned_hub=-1,-1,-1,-1,-1,-1,-1,-1,
#moving_targetting_pos=19,2|15,30|9,2|2,29|25,30|22,29|5,30|12,29|
#setting_targetting_pos=19,30|15,1|9,30|2,1|25,1|22,1|5,1|12,1|
#type=2,2,2,2,2,2,2,2,
lLddLLLL
#00000000000000000
#assigned_pet=-1,-1,-1,-1,-1,-1,-1,-1,
#assigned_hub=-1,-1,-1,-1,-1,-1,-1,-1,
#moving_targetting_pos=19,2|15,30|9,2|2,29|25,30|22,29|5,30|12,29|
#setting_targetting_pos=19,30|15,1|9,30|2,1|25,1|22,1|5,1|12,1|
#type=2,2,2,2,2,2,2,2,
dLRLdLdd
#00000000000000000
#assigned_pet=-1,-1,-1,-1,-1,-1,-1,-1,
#assigned_hub=-1,-1,-1,-1,-1,-1,-1,-1,
#moving_targetting_pos=19,2|15,30|9,2|2,29|25,30|22,29|5,30|12,29|
#setting_targetting_pos=19,30|15,1|9,30|2,1|25,1|22,1|5,1|12,1|
#type=2,2,2,2,2,2,2,2,
RLlLLLLu
#00000000000000000
#assigned_pet=-1,-1,-1,-1,-1,-1,-1,-1,
#assigned_hub=-1,-1,-1,-1,-1,-1,-1,-1,
#moving_targetting_pos=19,2|15,30|9,2|2,29|25,30|22,29|5,30|12,29|
#setting_targetting_pos=19,30|15,1|9,30|2,1|25,1|22,1|5,1|12,1|
#type=2,2,2,2,2,2,2,2,
RuRLdddL
#00000000000000000
#assigned_pet=-1,-1,-1,-1,-1,-1,-1,-1,
#assigned_hub=-1,-1,-1,-1,-1,-1,-1,-1,
#moving_targetting_pos=19,2|15,30|9,2|2,29|25,30|22,29|5,30|12,29|
#setting_targetting_pos=19,30|15,1|9,30|2,1|25,1|22,1|5,1|12,1|
#type=2,2,2,2,2,2,2,2,
.LudLuLr
#00000000000000000
#assigned_pet=-1,-1,-1,-1,-1,-1,-1,-1,
#assigned_hub=-1,-1,-1,-1,-1,-1,-1,-1,
#moving_targetting_pos=19,2|15,30|9,2|2,29|25,30|22,29|5,30|12,29|
#setting_targetting_pos=19,30|15,1|9,30|2,1|25,1|22,1|5,1|12,1|
#type=2,2,2,2,2,2,2,2,
ddRudLdL
#00000000000000000
#assigned_pet=-1,-1,-1,-1,-1,-1,-1,-1,
#assigned_hub=-1,-1,-1,-1,-1,-1,-1,-1,
#moving_targetting_pos=19,2|15,30|9,2|2,29|25,30|22,29|5,30|12,29|
#setting_targetting_pos=19,30|15,1|9,30|2,1|25,1|22,1|5,1|12,1|
#type=2,2,2,2,2,2,2,2,
RLRLLrLL
#00000000000000000
#assigned_pet=-1,-1,-1,-1,-1,-1,-1,-1,
#assigned_hub=-1,-1,-1,-1,-1,-1,-1,-1,
#moving_targetting_pos=19,2|15,30|9,2|2,29|25,30|22,29|5,30|12,29|
#setting_targetting_pos=19,30|15,1|9,30|2,1|25,1|22,1|5,1|12,1|
#type=2,2,2,2,2,2,2,2,
RdlruLdd
#00000000000000000
#assigned_pet=-1,-1,-1,-1,-1,-1,-1,-1,
#assigned_hub=-1,-1,-1,-1,-1,-1,-1,-1,
#moving_targetting_pos=19,2|15,30|9,2|2,29|25,30|22,29|5,30|12,29|
#setting_targetting_pos=19,30|15,1|9,30|2,1|25,1|22,1|5,1|12,1|
#type=2,2,2,2,2,2,2,2,
lLdLLLLL
#00000000000000000
#assigned_pet=-1,-1,-1,-1,-1,-1,-1,-1,
#assigned_hub=-1,-1,-1,-1,-1,-1,-1,-1,
#moving_targetting_pos=19,2|15,30|29,30|2,29|25,30|22,29|5,30|12,29|
#setting_targetting_pos=19,30|15,1|29,2|2,1|25,1|22,1|5,1|12,1|
#type=2,2,1,2,2,2,2,2,
udULL.uL
#00000000000000000
#assigned_pet=-1,-1,-1,-1,-1,-1,-1,-1,
#assigned_hub=-1,-1,-1,-1,-1,-1,-1,-1,
#moving_targetting_pos=19,2|15,30|29,30|2,29|25,30|22,29|5,30|12,29|
#setting_targetting_pos=19,30|15,1|29,2|2,1|25,1|22,1|5,1|12,1|
#type=2,2,1,2,2,2,2,2,
RLLdLdLr
#00000000000000000
#assigned_pet=-1,-1,-1,-1,-1,-1,-1,-1,
#assigned_hub=-1,-1,-1,-1,-1,-1,-1,-1,
#moving_targetting_pos=19,2|15,30|29,30|2,29|25,30|22,29|5,30|12,29|
#setting_targetting_pos=19,30|15,1|29,2|2,1|25,1|22,1|5,1|12,1|
#type=2,2,1,2,2,2,2,2,
RdULLLLu
#00000000000000000
#assigned_pet=-1,-1,-1,-1,-1,-1,-1,-1,
#assigned_hub=-1,-1,-1,-1,-1,-1,-1,-1,
#moving_targetting_pos=19,2|15,30|29,30|2,29|25,30|22,29|5,30|12,29|
#setting_targetting_pos=19,30|15,1|29,2|2,1|25,1|22,1|5,1|12,1|
#type=2,2,1,2,2,2,2,2,
dLLLuLLL
#00000000000000000
#assigned_pet=-1,-1,-1,-1,-1,-1,-1,-1,
#assigned_hub=-1,-1,-1,-1,-1,-1,-1,-1,
#moving_targetting_pos=19,2|15,30|29,30|2,29|25,30|22,29|5,30|12,29|
#setting_targetting_pos=19,30|15,1|29,2|2,1|25,1|22,1|5,1|12,1|
#type=2,2,1,2,2,2,2,2,
RdLrL.LL
#00000000000000000
#assigned_pet=-1,-1,-1,-1,-1,-1,-1,-1,
#assigned_hub=-1,-1,-1,-1,-1,-1,-1,-1,
#moving_targetting_pos=19,2|15,30|29,30|2,29|25,30|22,29|5,30|12,29|
#setting_targetting_pos=19,30|15,1|29,2|2,1|25,1|22,1|5,1|12,1|
#type=2,2,1,2,2,2,2,2,
lLDudrur
#00000000000000000
#assigned_pet=-1,-1,-1,-1,-1,-1,-1,-1,
#assigned_hub=-1,-1,-1,0,-1,-1,-1,-1,
#moving_targetting_pos=19,2|15,30|29,30|6,6|25,30|22,29|5,30|12,29|
#setting_targetting_pos=19,30|15,1|29,2|2,1|25,1|22,1|5,1|12,1|
#type=2,2,1,3,2,2,2,2,
RuDDL.Ld
#00000000000000000
#assigned_pet=-1,-1,-1,-1,-1,-1,-1,-1,
#assigned_hub=-1,-1,-1,0,-1,-1,-1,-1,
#moving_targetting_pos=19,2|15,30|29,30|6,6|25,30|22,29|5,30|12,29|
#setting_targetting_pos=19,30|15,1|29,2|-1,-1|25,1|22,1|5,1|12,1|
#type=2,2,1,3,2,2,2,2,
uLDRd.dL
#00000000000000000
#assigned_pet=-1,-1,-1,-1,-1,-1,-1,-1,
#assigned_hub=-1,-1,-1,0,-1,-1,-1,-1,
#moving_targetting_pos=19,2|15,30|29,30|6,6|25,30|22,29|5,30|12,29|
#setting_targetting_pos=19,30|15,1|29,2|-1,-1|25,1|22,1|5,1|12,1|
#type=2,2,1,3,2,2,2,2,
RLDDL.LL
#00000000000000000
#assigned_pet=-1,-1,-1,-1,-1,-1,-1,-1,
#assigned_hub=-1,-1,-1,0,-1,-1,-1,-1,
#moving_targetting_pos=19,2|15,30|29,30|6,6|25,30|22,29|5,30|12,29|
#setting_targetting_pos=19,30|15,1|29,2|-1,-1|25,1|22,1|5,1|12,1|
#type=2,2,1,3,2,2,2,2,
RLDRd.dL
#00000000000000000
#assigned_pet=-1,-1,-1,-1,-1,-1,-1,-1,
#assigned_hub=-1,-1,-1,0,6,-1,-1,-1,
#moving_targetting_pos=19,2|15,30|29,30|6,6|26,6|22,29|5,30|12,29|
#setting_targetting_pos=19,30|15,1|29,2|-1,-1|25,1|22,1|5,1|12,1|
#type=2,2,1,3,3,2,2,2,
dLDDR.Ld
#00000000000000000
#assigned_pet=-1,-1,-1,-1,-1,-1,-1,-1,
#assigned_hub=-1,-1,-1,0,6,-1,-1,-1,
#moving_targetting_pos=19,2|15,30|29,30|6,6|26,6|22,29|5,30|12,29|
#setting_targetting_pos=19,30|15,1|29,2|-1,-1|-1,-1|22,1|5,1|12,1|
#type=2,2,1,3,3,2,2,2,
.uDRRudu
#00000000000000000
#assigned_pet=-1,-1,-1,-1,-1,-1,-1,-1,
#assigned_hub=-1,-1,-1,0,6,3,1,-1,
#moving_targetting_pos=19,2|15,30|29,30|6,6|26,6|16,6|6,16|12,29|
#setting_targetting_pos=19,30|15,1|29,2|-1,-1|-1,-1|22,1|5,1|12,1|
#type=2,2,1,3,3,3,3,2,
lLDRRDRL
#00000000000000000
#assigned_pet=-1,-1,-1,-1,-1,-1,-1,-1,
#assigned_hub=5,-1,-1,0,6,3,1,-1,
#moving_targetting_pos=16,26|15,30|29,30|-1,-1|26,6|16,6|6,16|12,29|
#setting_targetting_pos=19,30|15,1|29,2|-1,-1|-1,-1|-1,-1|-1,-1|12,1|
#type=3,2,1,4,3,3,3,2,
UdD.RRRr
#00000000000000000
#assigned_pet=-1,-1,-1,-1,-1,-1,-1,-1,
#assigned_hub=5,-1,-1,0,6,3,1,-1,
#moving_targetting_pos=16,26|15,30|29,30|-1,-1|-1,-1|16,6|6,16|12,29|
#setting_targetting_pos=-1,-1|15,1|29,2|-1,-1|-1,-1|-1,-1|-1,-1|12,1|
#type=3,2,1,4,4,3,3,2,
LLD..DRL
#00000000000000000
#assigned_pet=-1,-1,-1,-1,-1,-1,-1,-1,
#assigned_hub=5,-1,-1,0,6,3,1,-1,
#moving_targetting_pos=16,26|15,30|29,30|-1,-1|-1,-1|16,6|6,16|12,29|
#setting_targetting_pos=-1,-1|15,1|29,2|-1,-1|-1,-1|-1,-1|-1,-1|12,1|
#type=3,2,1,4,4,3,3,2,
UdD..RRL
#00000000000000000
#assigned_pet=-1,-1,-1,-1,-1,-1,-1,-1,
#assigned_hub=5,-1,-1,0,6,3,1,-1,
#moving_targetting_pos=16,26|15,30|29,30|-1,-1|-1,-1|16,6|6,16|12,29|
#setting_targetting_pos=-1,-1|15,1|29,2|-1,-1|-1,-1|-1,-1|-1,-1|12,1|
#type=3,2,1,4,4,3,3,2,
LLD..DRd
#00000000000000000
#assigned_pet=-1,-1,-1,-1,3,-1,-1,-1,
#assigned_hub=5,-1,-1,0,6,3,1,-1,
#moving_targetting_pos=16,26|15,30|29,30|-1,-1|-1,-1|16,6|6,16|12,29|
#setting_targetting_pos=-1,-1|15,1|29,2|-1,-1|28,7|-1,-1|-1,-1|12,1|
#type=3,2,1,4,4,3,3,2,
LdD.RRRL
#00000000000000000
#assigned_pet=-1,-1,-1,-1,-1,-1,-1,-1,
#assigned_hub=5,4,-1,0,6,3,1,-1,
#moving_targetting_pos=-1,-1|16,16|29,30|-1,-1|-1,-1|16,6|6,16|12,29|
#setting_targetting_pos=-1,-1|15,1|29,2|-1,-1|-1,-1|-1,-1|-1,-1|12,1|
#type=4,3,1,4,4,3,3,2,
.RD..RRL
#00000000000000000
#assigned_pet=-1,-1,-1,-1,-1,-1,-1,-1,
#assigned_hub=5,4,-1,0,6,3,1,-1,
#moving_targetting_pos=-1,-1|16,16|29,30|-1,-1|-1,-1|16,6|6,16|12,29|
#setting_targetting_pos=-1,-1|-1,-1|29,2|-1,-1|-1,-1|-1,-1|-1,-1|12,1|
#type=4,3,1,4,4,3,3,2,
.RD..URr
#00000000000000000
#assigned_pet=-1,-1,-1,-1,-1,-1,-1,-1,
#assigned_hub=5,4,-1,0,6,3,1,-1,
#moving_targetting_pos=-1,-1|16,16|29,30|-1,-1|-1,-1|16,6|6,16|12,29|
#setting_targetting_pos=-1,-1|-1,-1|29,2|-1,-1|-1,-1|-1,-1|-1,-1|12,1|
#type=4,3,1,4,4,3,3,2,
.RD..URu
#00000000000000000
#assigned_pet=-1,-1,-1,-1,-1,-1,-1,-1,
#assigned_hub=5,4,-1,0,6,3,1,7,
#moving_targetting_pos=-1,-1|16,16|29,30|-1,-1|-1,-1|16,6|6,16|26,16|
#setting_targetting_pos=-1,-1|-1,-1|29,2|-1,-1|-1,-1|-1,-1|-1,-1|12,1|
#type=4,3,1,4,4,3,3,3,
.RD..URD
#00000000000000000
#assigned_pet=-1,-1,-1,-1,14,-1,-1,-1,
#assigned_hub=5,4,-1,0,6,3,1,7,
#moving_targetting_pos=-1,-1|16,16|29,30|-1,-1|-1,-1|16,6|6,16|26,16|
#setting_targetting_pos=-1,-1|-1,-1|29,2|-1,-1|28,7|-1,-1|-1,-1|-1,-1|
#type=4,3,1,4,4,3,3,3,
.RD.RURR
#00000000000000000
#assigned_pet=-1,-1,-1,-1,14,-1,-1,-1,
#assigned_hub=5,4,-1,0,6,3,1,7,
#moving_targetting_pos=-1,-1|16,16|29,30|-1,-1|-1,-1|16,6|6,16|26,16|
#setting_targetting_pos=-1,-1|-1,-1|29,2|-1,-1|28,7|-1,-1|-1,-1|-1,-1|
#type=4,3,1,4,4,3,3,3,
.RR.DURD
#00000000000000000
#assigned_pet=-1,-1,-1,-1,-1,-1,-1,-1,
#assigned_hub=5,4,-1,0,6,3,1,7,
#moving_targetting_pos=-1,-1|16,16|29,30|-1,-1|-1,-1|16,6|6,16|26,16|
#setting_targetting_pos=-1,-1|-1,-1|29,2|-1,-1|-1,-1|-1,-1|-1,-1|-1,-1|
#type=4,3,1,4,4,3,3,3,
.RD..URR
#00000000000000000
#assigned_pet=-1,-1,-1,-1,14,-1,-1,-1,
#assigned_hub=5,4,-1,0,6,3,1,7,
#moving_targetting_pos=-1,-1|16,16|29,30|-1,-1|-1,-1|16,6|6,16|26,16|
#setting_targetting_pos=-1,-1|-1,-1|29,2|-1,-1|28,7|-1,-1|-1,-1|-1,-1|
#type=4,3,1,4,4,3,3,3,
.RD.DURD
#00000000000000000
#assigned_pet=-1,-1,-1,-1,-1,-1,6,-1,
#assigned_hub=5,4,-1,0,6,3,1,7,
#moving_targetting_pos=-1,-1|16,16|29,30|-1,-1|-1,-1|16,6|-1,-1|26,16|
#setting_targetting_pos=-1,-1|-1,-1|29,2|-1,-1|-1,-1|-1,-1|4,15|-1,-1|
#type=4,3,1,4,4,3,4,3,
.RR..R.R
#00000010000000000
#assigned_pet=-1,-1,-1,-1,4,4,6,-1,
#assigned_hub=5,4,-1,0,6,3,1,7,
#moving_targetting_pos=-1,-1|16,16|29,30|-1,-1|-1,-1|-1,-1|-1,-1|26,16|
#setting_targetting_pos=-1,-1|-1,-1|29,2|-1,-1|24,7|18,7|4,15|-1,-1|
#type=4,3,1,4,4,4,5,3,
.RR.U.uR
#00000010000000000
#assigned_pet=-1,-1,-1,-1,4,4,13,-1,
#assigned_hub=5,4,-1,0,6,3,1,7,
#moving_targetting_pos=-1,-1|16,16|29,30|-1,-1|-1,-1|-1,-1|-1,-1|26,16|
#setting_targetting_pos=-1,-1|-1,-1|29,2|-1,-1|24,7|18,7|4,17|-1,-1|
#type=4,3,1,4,4,4,4,3,
.RD.U.RR
#00000010000000000
#assigned_pet=-1,-1,-1,-1,4,4,13,-1,
#assigned_hub=5,4,-1,0,6,3,1,7,
#moving_targetting_pos=-1,-1|16,16|29,30|-1,-1|-1,-1|-1,-1|-1,-1|26,16|
#setting_targetting_pos=-1,-1|-1,-1|29,2|-1,-1|24,7|18,7|4,17|-1,-1|
#type=4,3,1,4,4,4,4,3,
.RD...RR
#00000010000001000
#assigned_pet=-1,-1,-1,-1,-1,11,13,-1,
#assigned_hub=5,4,-1,0,6,3,1,7,
#moving_targetting_pos=-1,-1|16,16|29,30|-1,-1|-1,-1|-1,-1|-1,-1|26,16|
#setting_targetting_pos=-1,-1|-1,-1|29,2|-1,-1|-1,-1|17,4|4,17|-1,-1|
#type=4,3,2,4,4,4,5,3,
.Rd..LuR
#00000010000001000
#assigned_pet=-1,-1,-1,-1,-1,11,-1,-1,
#assigned_hub=5,4,-1,0,6,3,8,7,
#moving_targetting_pos=-1,-1|16,16|29,30|-1,-1|-1,-1|-1,-1|26,26|26,16|
#setting_targetting_pos=-1,-1|-1,-1|29,2|-1,-1|-1,-1|17,4|-1,-1|-1,-1|
#type=4,3,2,4,4,4,3,3,
.RL..URR
#00000010000101000
#assigned_pet=1,1,-1,-1,-1,11,-1,-1,
#assigned_hub=5,4,-1,0,6,3,8,7,
#moving_targetting_pos=-1,-1|-1,-1|29,30|-1,-1|-1,-1|-1,-1|26,26|26,16|
#setting_targetting_pos=15,24|15,18|29,2|-1,-1|-1,-1|17,4|-1,-1|-1,-1|
#type=4,4,2,4,4,5,3,3,
LRL..lRR
#00000010000101000
#assigned_pet=1,1,-1,-1,4,4,-1,-1,
#assigned_hub=5,4,-1,0,6,3,8,7,
#moving_targetting_pos=-1,-1|-1,-1|29,30|-1,-1|-1,-1|-1,-1|26,26|26,16|
#setting_targetting_pos=15,24|15,18|29,2|-1,-1|24,5|18,5|-1,-1|-1,-1|
#type=4,4,2,4,4,4,3,3,
LRr.L.RR
#00000010000101000
#assigned_pet=1,1,-1,-1,4,4,-1,-1,
#assigned_hub=5,4,-1,0,6,3,8,7,
#moving_targetting_pos=-1,-1|-1,-1|29,30|-1,-1|-1,-1|-1,-1|26,26|26,16|
#setting_targetting_pos=15,24|15,18|29,2|-1,-1|24,5|18,5|-1,-1|-1,-1|
#type=4,4,2,4,4,4,3,3,
L.u.L.RR
#00000010000101000
#assigned_pet=1,1,-1,-1,4,4,-1,-1,
#assigned_hub=5,4,-1,0,6,3,8,7,
#moving_targetting_pos=-1,-1|-1,-1|29,30|-1,-1|-1,-1|-1,-1|26,26|26,16|
#setting_targetting_pos=15,24|15,18|29,2|-1,-1|24,5|18,5|-1,-1|-1,-1|
#type=4,4,2,4,4,4,3,3,
U.L...RR
#00000010000101000
#assigned_pet=1,1,-1,-1,4,4,-1,-1,
#assigned_hub=5,4,-1,0,6,3,1,7,
#moving_targetting_pos=-1,-1|-1,-1|29,30|-1,-1|-1,-1|-1,-1|6,16|26,16|
#setting_targetting_pos=15,24|15,18|29,2|-1,-1|24,5|18,5|-1,-1|-1,-1|
#type=4,4,2,4,4,4,3,3,
..L...LR
#01001010000101000
#assigned_pet=1,1,-1,-1,4,4,-1,-1,
#assigned_hub=5,4,-1,8,6,3,1,7,
#moving_targetting_pos=-1,-1|-1,-1|29,30|26,26|-1,-1|-1,-1|6,16|26,16|
#setting_targetting_pos=15,24|15,18|29,2|-1,-1|24,5|18,5|-1,-1|-1,-1|
#type=5,5,2,3,5,5,3,3,
urdRudLR
#01001010000101000
#assigned_pet=10,10,-1,-1,-1,-1,-1,-1,
#assigned_hub=5,4,-1,0,6,3,1,7,
#moving_targetting_pos=-1,-1|-1,-1|29,30|6,6|-1,-1|-1,-1|6,16|26,16|
#setting_targetting_pos=17,24|17,18|29,2|-1,-1|-1,-1|-1,-1|-1,-1|-1,-1|
#type=4,4,2,4,4,4,3,3,
.DL...LD
#01001010000101000
#assigned_pet=10,10,-1,-1,-1,-1,-1,-1,
#assigned_hub=5,4,-1,8,6,3,1,7,
#moving_targetting_pos=-1,-1|-1,-1|29,30|26,26|-1,-1|-1,-1|6,16|26,16|
#setting_targetting_pos=17,24|17,18|29,2|-1,-1|-1,-1|-1,-1|-1,-1|-1,-1|
#type=4,4,2,3,4,4,3,3,
.RrR..LD
#01001010000101000
#assigned_pet=10,10,-1,-1,-1,-1,-1,-1,
#assigned_hub=5,4,-1,8,6,3,1,7,
#moving_targetting_pos=-1,-1|-1,-1|29,30|26,26|-1,-1|-1,-1|6,16|26,16|
#setting_targetting_pos=17,24|17,18|29,2|-1,-1|-1,-1|-1,-1|-1,-1|-1,-1|
#type=4,4,2,3,4,4,3,3,
..LR..LD
#01001010000101000
#assigned_pet=12,12,-1,-1,-1,-1,-1,-1,
#assigned_hub=5,4,-1,8,6,3,1,7,
#moving_targetting_pos=-1,-1|-1,-1|29,30|26,26|-1,-1|-1,-1|-1,-1|26,16|
#setting_targetting_pos=17,24|17,18|29,2|-1,-1|-1,-1|-1,-1|-1,-1|-1,-1|
#type=4,4,2,3,4,4,4,3,
...R...D
#01001010000101000
#assigned_pet=12,12,-1,-1,-1,-1,-1,-1,
#assigned_hub=5,4,-1,0,6,3,8,7,
#moving_targetting_pos=-1,-1|-1,-1|29,30|6,6|-1,-1|-1,-1|26,26|26,16|
#setting_targetting_pos=17,24|17,18|29,2|-1,-1|-1,-1|-1,-1|-1,-1|-1,-1|
#type=4,4,2,3,4,4,3,3,
...L..RD
#01001010000101000
#assigned_pet=12,12,-1,-1,-1,-1,-1,-1,
#assigned_hub=5,4,-1,0,6,3,8,7,
#moving_targetting_pos=-1,-1|-1,-1|29,30|6,6|-1,-1|-1,-1|26,26|26,16|
#setting_targetting_pos=17,24|17,18|29,2|-1,-1|-1,-1|-1,-1|-1,-1|-1,-1|
#type=4,4,2,3,4,4,3,3,
...L..RD
#01001010000101000
#assigned_pet=12,12,-1,-1,-1,-1,-1,-1,
#assigned_hub=5,4,-1,0,6,3,8,7,
#moving_targetting_pos=-1,-1|-1,-1|29,30|-1,-1|-1,-1|-1,-1|26,26|26,16|
#setting_targetting_pos=17,24|17,18|29,2|-1,-1|-1,-1|-1,-1|-1,-1|-1,-1|
#type=4,4,2,4,4,4,3,3,
......RD
#01001010000111000
#assigned_pet=12,12,-1,-1,-1,-1,-1,-1,
#assigned_hub=5,4,-1,0,6,3,8,7,
#moving_targetting_pos=-1,-1|-1,-1|29,30|-1,-1|-1,-1|-1,-1|26,26|26,16|
#setting_targetting_pos=17,24|17,18|29,2|-1,-1|-1,-1|-1,-1|-1,-1|-1,-1|
#type=5,5,2,4,4,4,3,3,
dd....RD
#01001010000111000
#assigned_pet=2,7,-1,-1,-1,7,-1,-1,
#assigned_hub=5,4,-1,0,6,3,8,7,
#moving_targetting_pos=-1,-1|-1,-1|29,30|-1,-1|-1,-1|-1,-1|26,26|26,16|
#setting_targetting_pos=17,28|15,14|29,2|-1,-1|-1,-1|15,8|-1,-1|-1,-1|
#type=4,4,2,4,4,4,3,3,
RL...RRD
#01001010000111000
#assigned_pet=2,7,-1,-1,-1,7,-1,-1,
#assigned_hub=5,4,-1,0,6,3,1,7,
#moving_targetting_pos=-1,-1|-1,-1|29,30|-1,-1|-1,-1|-1,-1|6,16|26,16|
#setting_targetting_pos=17,28|15,14|29,2|-1,-1|-1,-1|15,8|-1,-1|-1,-1|
#type=4,4,2,4,4,4,3,3,
RL...RLR
#01001010000111000
#assigned_pet=2,7,-1,-1,-1,7,-1,-1,
#assigned_hub=5,4,-1,0,6,3,8,7,
#moving_targetting_pos=-1,-1|-1,-1|29,30|-1,-1|-1,-1|-1,-1|26,26|-1,-1|
#setting_targetting_pos=17,28|15,14|29,2|-1,-1|-1,-1|15,8|-1,-1|-1,-1|
#type=4,4,2,4,4,4,3,4,
RL...RR.
#01001010000111000
#assigned_pet=2,7,-1,-1,-1,7,-1,-1,
#assigned_hub=5,4,-1,0,6,3,8,7,
#moving_targetting_pos=-1,-1|-1,-1|29,30|-1,-1|-1,-1|-1,-1|26,26|-1,-1|
#setting_targetting_pos=17,28|15,14|29,2|-1,-1|-1,-1|15,8|-1,-1|-1,-1|
#type=4,4,2,4,4,4,3,4,
RL...UR.
#01101011000111000
#assigned_pet=2,7,-1,-1,-1,7,-1,-1,
#assigned_hub=5,4,-1,0,6,3,1,7,
#moving_targetting_pos=-1,-1|-1,-1|29,30|-1,-1|-1,-1|-1,-1|6,16|-1,-1|
#setting_targetting_pos=17,28|15,14|29,2|-1,-1|-1,-1|15,8|-1,-1|-1,-1|
#type=5,5,2,4,4,5,3,4,
du...uL.
#01101011000111000
#assigned_pet=-1,-1,-1,-1,-1,-1,-1,-1,
#assigned_hub=5,4,-1,0,6,3,1,7,
#moving_targetting_pos=-1,-1|-1,-1|29,30|-1,-1|-1,-1|-1,-1|6,16|-1,-1|
#setting_targetting_pos=-1,-1|-1,-1|29,2|-1,-1|-1,-1|-1,-1|-1,-1|-1,-1|
#type=4,4,2,4,4,4,3,4,
..u...L.
#01101011000111000
#assigned_pet=-1,-1,-1,-1,-1,-1,-1,-1,
#assigned_hub=5,4,-1,8,6,3,1,7,
#moving_targetting_pos=-1,-1|-1,-1|29,30|26,26|-1,-1|-1,-1|6,16|-1,-1|
#setting_targetting_pos=-1,-1|-1,-1|29,2|-1,-1|-1,-1|-1,-1|-1,-1|-1,-1|
#type=4,4,2,3,4,4,3,4,
..LR..L.
#01101011000111000
#assigned_pet=-1,-1,-1,-1,-1,-1,-1,-1,
#assigned_hub=5,4,-1,8,6,3,1,7,
#moving_targetting_pos=-1,-1|-1,-1|29,30|26,26|-1,-1|-1,-1|6,16|-1,-1|
#setting_targetting_pos=-1,-1|-1,-1|29,2|-1,-1|-1,-1|-1,-1|-1,-1|-1,-1|
#type=4,4,2,3,4,4,3,4,
..LR..L.
#01101011000111000
#assigned_pet=-1,-1,-1,-1,-1,-1,-1,-1,
#assigned_hub=5,4,-1,8,6,3,1,7,
#moving_targetting_pos=-1,-1|-1,-1|29,30|26,26|-1,-1|-1,-1|6,16|-1,-1|
#setting_targetting_pos=-1,-1|-1,-1|29,2|-1,-1|-1,-1|-1,-1|-1,-1|-1,-1|
#type=4,4,2,3,4,4,3,4,
..rR..L.
#01101011000111000
#assigned_pet=-1,-1,-1,-1,14,-1,-1,-1,
#assigned_hub=5,4,-1,8,6,3,1,7,
#moving_targetting_pos=-1,-1|-1,-1|29,30|26,26|-1,-1|-1,-1|6,16|-1,-1|
#setting_targetting_pos=-1,-1|-1,-1|29,2|-1,-1|27,4|-1,-1|-1,-1|-1,-1|
#type=4,4,2,3,4,4,3,4,
..dRL.L.
#01101011000111000
#assigned_pet=-1,3,-1,-1,14,-1,3,-1,
#assigned_hub=5,4,-1,8,6,3,1,7,
#moving_targetting_pos=-1,-1|-1,-1|29,30|26,26|-1,-1|-1,-1|-1,-1|-1,-1|
#setting_targetting_pos=-1,-1|14,17|29,2|-1,-1|28,5|-1,-1|8,17|-1,-1|
#type=4,4,2,3,4,4,4,4,
.RLRR.D.
#01101011000111000
#assigned_pet=-1,3,-1,-1,8,8,3,-1,
#assigned_hub=5,4,-1,8,6,3,1,7,
#moving_targetting_pos=-1,-1|-1,-1|29,30|26,26|-1,-1|-1,-1|-1,-1|-1,-1|
#setting_targetting_pos=-1,-1|14,17|29,2|-1,-1|24,7|18,7|8,17|-1,-1|
#type=4,4,2,3,4,4,4,4,
.RLRRLD.
#01101011000111000
#assigned_pet=-1,3,-1,-1,8,8,3,-1,
#assigned_hub=5,4,-1,8,6,3,1,7,
#moving_targetting_pos=-1,-1|-1,-1|29,30|26,26|-1,-1|-1,-1|-1,-1|-1,-1|
#setting_targetting_pos=-1,-1|14,17|29,2|-1,-1|24,7|18,7|8,17|-1,-1|
#type=4,4,2,3,4,4,4,4,
.RdRRD..
#01101011100111000
#assigned_pet=-1,3,-1,-1,8,8,3,-1,
#assigned_hub=5,4,-1,8,6,3,1,7,
#moving_targetting_pos=-1,-1|-1,-1|29,30|26,26|-1,-1|-1,-1|-1,-1|-1,-1|
#setting_targetting_pos=-1,-1|14,17|29,2|-1,-1|24,7|18,7|8,17|-1,-1|
#type=4,4,2,3,5,5,4,4,
.ULRud..
#01101011100111000
#assigned_pet=-1,3,-1,-1,-1,-1,3,-1,
#assigned_hub=5,4,-1,8,6,3,1,7,
#moving_targetting_pos=-1,-1|-1,-1|29,30|26,26|-1,-1|16,6|-1,-1|-1,-1|
#setting_targetting_pos=-1,-1|14,17|29,2|-1,-1|-1,-1|-1,-1|8,17|-1,-1|
#type=4,4,2,3,4,4,4,4,
..LR....
#01101011100111000
#assigned_pet=-1,9,-1,-1,-1,-1,9,-1,
#assigned_hub=5,4,-1,8,6,3,1,7,
#moving_targetting_pos=-1,-1|-1,-1|29,30|26,26|-1,-1|16,6|-1,-1|-1,-1|
#setting_targetting_pos=-1,-1|14,17|29,2|-1,-1|-1,-1|-1,-1|8,17|-1,-1|
#type=4,4,2,3,4,4,4,4,
..rR....
#01101011110111000
#assigned_pet=-1,9,-1,-1,-1,-1,9,-1,
#assigned_hub=5,4,-1,0,6,8,1,7,
#moving_targetting_pos=-1,-1|-1,-1|29,30|6,6|-1,-1|26,26|-1,-1|-1,-1|
#setting_targetting_pos=-1,-1|14,17|29,2|-1,-1|-1,-1|-1,-1|8,17|-1,-1|
#type=4,5,2,3,4,3,5,4,
.uuL.Rd.
#01101011110111000
#assigned_pet=-1,-1,-1,-1,14,-1,-1,-1,
#assigned_hub=5,4,-1,0,6,8,1,7,
#moving_targetting_pos=-1,-1|16,16|29,30|6,6|-1,-1|26,26|-1,-1|-1,-1|
#setting_targetting_pos=-1,-1|-1,-1|29,2|-1,-1|28,5|-1,-1|-1,-1|-1,-1|
#type=4,4,2,3,4,3,4,4,
..LLLR..
#01101011110111000
#assigned_pet=-1,-1,-1,-1,14,-1,-1,-1,
#assigned_hub=5,2,-1,0,6,8,1,7,
#moving_targetting_pos=-1,-1|6,26|29,30|6,6|-1,-1|26,26|-1,-1|-1,-1|
#setting_targetting_pos=-1,-1|-1,-1|29,2|-1,-1|28,5|-1,-1|-1,-1|-1,-1|
#type=4,3,2,3,4,3,4,4,
.LLLLR..
#01101011110111000
#assigned_pet=-1,-1,-1,-1,14,-1,-1,-1,
#assigned_hub=5,2,-1,0,6,8,1,7,
#moving_targetting_pos=-1,-1|6,26|29,30|6,6|-1,-1|26,26|-1,-1|-1,-1|
#setting_targetting_pos=-1,-1|-1,-1|29,2|-1,-1|28,5|-1,-1|-1,-1|-1,-1|
#type=4,3,2,3,4,3,4,4,
.LdLDR..
#01101011110111000
#assigned_pet=-1,-1,-1,-1,14,-1,-1,-1,
#assigned_hub=5,2,-1,0,6,8,1,7,
#moving_targetting_pos=-1,-1|6,26|29,30|6,6|-1,-1|26,26|-1,-1|-1,-1|
#setting_targetting_pos=-1,-1|-1,-1|29,2|-1,-1|28,5|-1,-1|-1,-1|-1,-1|
#type=4,3,2,3,4,3,4,4,
.ULLDR..
#01101011110111000
#assigned_pet=-1,-1,-1,-1,14,-1,-1,-1,
#assigned_hub=5,2,-1,0,6,8,1,7,
#moving_targetting_pos=-1,-1|6,26|29,30|6,6|-1,-1|26,26|-1,-1|-1,-1|
#setting_targetting_pos=-1,-1|-1,-1|29,2|-1,-1|28,5|-1,-1|-1,-1|-1,-1|
#type=4,3,2,3,4,3,4,4,
.UrL.R..
#01101011110111000
#assigned_pet=-1,-1,-1,-1,14,-1,-1,-1,
#assigned_hub=5,2,-1,0,6,8,1,7,
#moving_targetting_pos=-1,-1|6,26|29,30|6,6|-1,-1|26,26|-1,-1|-1,-1|
#setting_targetting_pos=-1,-1|-1,-1|29,2|-1,-1|28,5|-1,-1|-1,-1|-1,-1|
#type=4,3,2,3,4,3,4,4,
.ULL.R..
#01101011110111000
#assigned_pet=-1,-1,-1,-1,14,-1,-1,-1,
#assigned_hub=5,2,-1,0,6,8,1,7,
#moving_targetting_pos=16,26|6,26|29,30|6,6|-1,-1|26,26|-1,-1|-1,-1|
#setting_targetting_pos=-1,-1|-1,-1|29,2|-1,-1|28,5|-1,-1|-1,-1|-1,-1|
#type=4,3,2,3,4,3,4,4,
.UuL.R..
#01101011110111000
#assigned_pet=-1,-1,-1,-1,14,-1,-1,-1,
#assigned_hub=5,2,-1,0,6,8,1,7,
#moving_targetting_pos=-1,-1|6,26|29,30|6,6|-1,-1|26,26|-1,-1|-1,-1|
#setting_targetting_pos=-1,-1|-1,-1|29,2|-1,-1|27,4|-1,-1|-1,-1|-1,-1|
#type=4,3,2,3,4,3,4,4,
.ULL.R..
#01101011110111000
#assigned_pet=-1,-1,-1,-1,14,-1,-1,-1,
#assigned_hub=5,2,-1,0,6,8,1,7,
#moving_targetting_pos=16,26|6,26|29,30|6,6|-1,-1|26,26|-1,-1|-1,-1|
#setting_targetting_pos=-1,-1|-1,-1|29,2|-1,-1|27,4|-1,-1|-1,-1|-1,-1|
#type=4,3,2,3,4,3,4,4,
.ULL.R..
#01101011110111000
#assigned_pet=-1,-1,-1,-1,14,-1,-1,-1,
#assigned_hub=5,2,-1,0,6,8,1,7,
#moving_targetting_pos=16,26|6,26|29,30|6,6|-1,-1|26,26|-1,-1|-1,-1|
#setting_targetting_pos=-1,-1|-1,-1|29,2|-1,-1|27,4|-1,-1|-1,-1|-1,-1|
#type=4,3,2,4,4,3,4,4,
.Ur..D..
#01101011110111000
#assigned_pet=-1,-1,-1,-1,14,-1,-1,-1,
#assigned_hub=5,2,-1,0,6,8,1,7,
#moving_targetting_pos=16,26|6,26|29,30|6,6|-1,-1|26,26|-1,-1|-1,-1|
#setting_targetting_pos=-1,-1|-1,-1|29,2|-1,-1|27,4|-1,-1|-1,-1|-1,-1|
#type=4,3,2,4,4,3,4,4,
.Rd..D..
#01101011110111000
#assigned_pet=-1,-1,-1,-1,14,-1,-1,-1,
#assigned_hub=5,2,-1,0,6,8,1,7,
#moving_targetting_pos=-1,-1|6,26|29,30|6,6|-1,-1|26,26|-1,-1|-1,-1|
#setting_targetting_pos=-1,-1|-1,-1|29,2|-1,-1|27,4|-1,-1|-1,-1|-1,-1|
#type=4,3,2,4,4,3,4,4,
.UL..D..
#01101011110111000
#assigned_pet=-1,-1,-1,-1,14,-1,-1,-1,
#assigned_hub=5,2,-1,0,6,8,1,7,
#moving_targetting_pos=-1,-1|6,26|29,30|6,6|-1,-1|26,26|-1,-1|-1,-1|
#setting_targetting_pos=-1,-1|-1,-1|29,2|-1,-1|27,4|-1,-1|-1,-1|-1,-1|
#type=4,3,2,4,4,3,4,4,
.RL..D..
#01101011110111000
#assigned_pet=-1,-1,-1,-1,14,-1,-1,-1,
#assigned_hub=5,2,-1,0,6,8,1,7,
#moving_targetting_pos=-1,-1|6,26|29,30|6,6|-1,-1|26,26|-1,-1|-1,-1|
#setting_targetting_pos=-1,-1|-1,-1|29,2|-1,-1|27,4|-1,-1|-1,-1|-1,-1|
#type=4,3,2,4,4,3,4,4,
.Rd..D..
#01101011110111000
#assigned_pet=-1,-1,-1,-1,14,-1,-1,-1,
#assigned_hub=5,2,-1,0,6,8,1,7,
#moving_targetting_pos=-1,-1|6,26|29,30|6,6|-1,-1|26,26|-1,-1|-1,-1|
#setting_targetting_pos=-1,-1|-1,-1|29,2|-1,-1|27,4|-1,-1|-1,-1|-1,-1|
#type=4,3,2,4,4,3,4,4,
.RL..D..
#01101011110111000
#assigned_pet=-1,-1,-1,-1,14,-1,-1,-1,
#assigned_hub=5,2,-1,0,6,8,1,7,
#moving_targetting_pos=16,26|6,26|29,30|6,6|-1,-1|26,26|-1,-1|-1,-1|
#setting_targetting_pos=-1,-1|-1,-1|29,2|-1,-1|27,4|-1,-1|-1,-1|-1,-1|
#type=4,3,2,4,4,3,4,4,
.RL..D..
#01101011110111000
#assigned_pet=-1,-1,-1,-1,14,-1,-1,-1,
#assigned_hub=5,2,-1,0,6,8,1,7,
#moving_targetting_pos=16,26|6,26|29,30|6,6|-1,-1|26,26|-1,-1|-1,-1|
#setting_targetting_pos=-1,-1|-1,-1|29,2|-1,-1|28,5|-1,-1|-1,-1|-1,-1|
#type=4,3,2,4,4,3,4,4,
.Rr..D..
#01101011110111000
#assigned_pet=-1,-1,-1,-1,14,-1,-1,-1,
#assigned_hub=5,2,-1,0,6,8,1,7,
#moving_targetting_pos=16,26|6,26|29,30|6,6|-1,-1|26,26|-1,-1|-1,-1|
#setting_targetting_pos=-1,-1|-1,-1|29,2|-1,-1|28,5|-1,-1|-1,-1|-1,-1|
#type=4,3,2,4,4,3,4,4,
.Ru..R..
#01101011110111000
#assigned_pet=-1,-1,-1,-1,14,-1,-1,-1,
#assigned_hub=5,2,-1,0,6,8,1,7,
#moving_targetting_pos=16,26|6,26|29,30|6,6|-1,-1|26,26|-1,-1|-1,-1|
#setting_targetting_pos=-1,-1|-1,-1|29,2|-1,-1|28,5|-1,-1|-1,-1|-1,-1|
#type=4,3,2,4,4,3,4,4,
.RL..R..
#01101011110111000
#assigned_pet=-1,-1,-1,-1,14,-1,-1,-1,
#assigned_hub=5,2,-1,0,6,8,1,7,
#moving_targetting_pos=-1,-1|6,26|29,30|6,6|-1,-1|26,26|-1,-1|-1,-1|
#setting_targetting_pos=-1,-1|-1,-1|29,2|-1,-1|27,4|-1,-1|-1,-1|-1,-1|
#type=4,3,2,4,4,3,4,4,
.RL..R..
#01101011110111000
#assigned_pet=-1,-1,-1,-1,14,-1,-1,-1,
#assigned_hub=5,2,-1,0,6,8,1,7,
#moving_targetting_pos=16,26|6,26|29,30|6,6|-1,-1|26,26|-1,-1|-1,-1|
#setting_targetting_pos=-1,-1|-1,-1|29,2|-1,-1|27,4|-1,-1|-1,-1|-1,-1|
#type=4,3,2,4,4,3,4,4,
.Rd..R..
#01101011110111000
#assigned_pet=-1,-1,-1,-1,14,-1,-1,-1,
#assigned_hub=5,2,-1,0,6,8,1,7,
#moving_targetting_pos=-1,-1|-1,-1|29,30|6,6|-1,-1|26,26|-1,-1|-1,-1|
#setting_targetting_pos=-1,-1|-1,-1|29,2|-1,-1|28,5|-1,-1|-1,-1|-1,-1|
#type=4,4,2,4,4,3,4,4,
..L..R..
#01101011110111000
#assigned_pet=-1,-1,-1,-1,14,-1,-1,-1,
#assigned_hub=5,2,-1,0,6,8,1,7,
#moving_targetting_pos=-1,-1|-1,-1|29,30|6,6|-1,-1|26,26|-1,-1|-1,-1|
#setting_targetting_pos=-1,-1|-1,-1|29,2|-1,-1|27,4|-1,-1|-1,-1|-1,-1|
#type=4,4,2,4,4,3,4,4,
..r..R..
#01101011110111000
#assigned_pet=-1,-1,-1,-1,14,-1,-1,-1,
#assigned_hub=5,2,-1,0,6,8,1,7,
#moving_targetting_pos=-1,-1|-1,-1|29,30|6,6|-1,-1|26,26|-1,-1|-1,-1|
#setting_targetting_pos=-1,-1|-1,-1|29,2|-1,-1|27,4|-1,-1|-1,-1|-1,-1|
#type=4,4,2,4,4,3,4,4,
..L..R..
#01101011110111000
#assigned_pet=-1,-1,-1,-1,14,-1,-1,-1,
#assigned_hub=5,2,-1,0,6,8,1,7,
#moving_targetting_pos=-1,-1|-1,-1|29,30|6,6|-1,-1|26,26|-1,-1|-1,-1|
#setting_targetting_pos=-1,-1|-1,-1|29,2|-1,-1|27,4|-1,-1|-1,-1|-1,-1|
#type=4,4,2,4,4,3,4,4,
..u..R..
#01101011110111000
#assigned_pet=-1,-1,-1,-1,14,5,-1,-1,
#assigned_hub=5,2,-1,0,6,8,1,7,
#moving_targetting_pos=-1,-1|-1,-1|29,30|6,6|-1,-1|-1,-1|-1,-1|-1,-1|
#setting_targetting_pos=-1,-1|-1,-1|29,2|-1,-1|27,4|25,28|-1,-1|-1,-1|
#type=4,4,2,4,4,4,4,4,
..L..R..
#01101011110111000
#assigned_pet=-1,-1,-1,-1,14,5,-1,-1,
#assigned_hub=5,2,-1,0,6,8,1,7,
#moving_targetting_pos=-1,-1|-1,-1|29,30|6,6|-1,-1|-1,-1|-1,-1|-1,-1|
#setting_targetting_pos=-1,-1|-1,-1|29,2|-1,-1|27,4|25,28|-1,-1|-1,-1|
#type=4,4,2,4,4,4,4,4,
..L..R..
#01101011110111000
#assigned_pet=-1,-1,-1,-1,14,5,-1,-1,
#assigned_hub=5,2,-1,0,6,8,1,7,
#moving_targetting_pos=-1,-1|-1,-1|29,30|6,6|-1,-1|-1,-1|-1,-1|-1,-1|
#setting_targetting_pos=-1,-1|-1,-1|29,2|-1,-1|27,4|25,28|-1,-1|-1,-1|
#type=4,4,2,4,4,4,4,4,
........
#01101011110111000
#assigned_pet=-1,-1,-1,-1,14,15,-1,15,
#assigned_hub=5,2,-1,0,6,8,1,7,
#moving_targetting_pos=-1,-1|-1,-1|29,30|6,6|-1,-1|-1,-1|-1,-1|-1,-1|
#setting_targetting_pos=-1,-1|-1,-1|29,2|-1,-1|27,4|25,24|-1,-1|25,18|
#type=4,4,2,4,4,4,4,4,
..d..L.R
#01101011110111000
#assigned_pet=3,3,-1,-1,14,15,-1,15,
#assigned_hub=5,2,-1,0,6,8,1,7,
#moving_targetting_pos=-1,-1|-1,-1|29,30|6,6|-1,-1|-1,-1|6,16|-1,-1|
#setting_targetting_pos=14,27|8,27|29,2|-1,-1|28,5|25,24|-1,-1|25,18|
#type=4,4,2,4,4,4,4,4,
LR...L.D
#01101011110111011
#assigned_pet=3,3,-1,-1,14,15,-1,15,
#assigned_hub=5,2,-1,0,6,8,1,7,
#moving_targetting_pos=-1,-1|-1,-1|29,30|6,6|-1,-1|-1,-1|6,16|-1,-1|
#setting_targetting_pos=14,27|8,27|29,2|-1,-1|27,4|25,24|-1,-1|25,18|
#type=4,4,2,4,4,5,4,5,
UR...l.r
#01111011110111011
#assigned_pet=3,3,-1,-1,10,0,-1,-1,
#assigned_hub=5,2,-1,0,6,8,1,7,
#moving_targetting_pos=-1,-1|-1,-1|29,30|6,6|-1,-1|-1,-1|6,16|26,16|
#setting_targetting_pos=14,27|8,27|29,2|-1,-1|28,5|27,28|-1,-1|-1,-1|
#type=5,5,2,4,4,4,4,4,
udr..R..
#01111011110111011
#assigned_pet=-1,-1,-1,-1,14,0,-1,-1,
#assigned_hub=5,2,-1,0,6,8,1,7,
#moving_targetting_pos=-1,-1|6,26|29,30|6,6|-1,-1|-1,-1|6,16|26,16|
#setting_targetting_pos=-1,-1|-1,-1|29,2|-1,-1|27,4|27,28|-1,-1|-1,-1|
#type=4,4,0,4,4,4,4,4,
.....R..
#01111011110111011
#assigned_pet=-1,-1,-1,-1,10,0,-1,-1,
#assigned_hub=5,2,-1,0,6,8,1,7,
#moving_targetting_pos=-1,-1|6,26|29,30|6,6|-1,-1|-1,-1|6,16|26,16|
#setting_targetting_pos=-1,-1|-1,-1|29,2|-1,-1|28,5|27,28|-1,-1|-1,-1|
#type=4,4,0,4,4,4,4,4,
.....R..
#01111011110111011
#assigned_pet=-1,-1,-1,-1,14,0,-1,-1,
#assigned_hub=5,2,-1,0,6,8,1,7,
#moving_targetting_pos=-1,-1|6,26|29,30|6,6|-1,-1|-1,-1|6,16|26,16|
#setting_targetting_pos=-1,-1|-1,-1|29,2|-1,-1|27,4|27,28|-1,-1|-1,-1|
#type=4,4,0,4,4,4,4,4,
.....D..
#11111011110111011
#assigned_pet=-1,-1,-1,-1,10,0,-1,-1,
#assigned_hub=5,2,-1,0,6,8,1,7,
#moving_targetting_pos=-1,-1|6,26|29,30|6,6|-1,-1|-1,-1|6,16|-1,-1|
#setting_targetting_pos=-1,-1|-1,-1|29,2|-1,-1|28,5|27,28|-1,-1|-1,-1|
#type=4,4,0,4,4,5,4,4,
.....d..
#11111011110111011
#assigned_pet=-1,-1,-1,-1,10,-1,-1,-1,
#assigned_hub=5,2,-1,0,6,8,1,7,
#moving_targetting_pos=-1,-1|6,26|29,30|6,6|-1,-1|-1,-1|6,16|26,16|
#setting_targetting_pos=-1,-1|-1,-1|29,2|-1,-1|28,5|-1,-1|-1,-1|-1,-1|
#type=4,4,0,4,4,4,4,4,
........
#11111011110111011
#assigned_pet=-1,-1,-1,-1,-1,5,-1,-1,
#assigned_hub=5,2,-1,0,6,8,1,7,
#moving_targetting_pos=-1,-1|6,26|29,30|6,6|-1,-1|-1,-1|6,16|26,16|
#setting_targetting_pos=-1,-1|-1,-1|29,2|-1,-1|-1,-1|25,28|-1,-1|-1,-1|
#type=4,4,0,4,4,4,4,4,
........
#11111111110111011
#assigned_pet=-1,-1,-1,-1,-1,5,-1,-1,
#assigned_hub=5,2,-1,0,6,8,1,7,
#moving_targetting_pos=16,26|6,26|29,30|6,6|-1,-1|-1,-1|6,16|26,16|
#setting_targetting_pos=-1,-1|-1,-1|29,2|-1,-1|-1,-1|25,28|-1,-1|-1,-1|
#type=4,4,0,4,4,5,4,4,
.....u..
#11111111110111011
#assigned_pet=-1,-1,-1,-1,-1,-1,-1,-1,
#assigned_hub=5,2,-1,0,6,8,1,7,
#moving_targetting_pos=16,26|6,26|29,30|6,6|-1,-1|26,26|6,16|-1,-1|
#setting_targetting_pos=-1,-1|-1,-1|29,2|-1,-1|-1,-1|-1,-1|-1,-1|-1,-1|
#type=4,4,0,4,4,4,4,4,
........
#11111111110111011
#assigned_pet=-1,-1,-1,-1,-1,-1,-1,-1,
#assigned_hub=5,2,-1,0,6,8,1,7,
#moving_targetting_pos=16,26|6,26|29,30|6,6|-1,-1|26,26|6,16|26,16|
#setting_targetting_pos=-1,-1|-1,-1|29,2|-1,-1|-1,-1|-1,-1|-1,-1|-1,-1|
#type=4,4,0,4,4,4,4,4,
........
#11111111110111011
#assigned_pet=-1,-1,-1,-1,10,-1,-1,-1,
#assigned_hub=5,2,-1,0,6,8,1,7,
#moving_targetting_pos=16,26|6,26|29,30|6,6|-1,-1|26,26|6,16|26,16|
#setting_targetting_pos=-1,-1|-1,-1|29,2|-1,-1|27,4|-1,-1|-1,-1|-1,-1|
#type=4,4,0,4,4,4,4,4,
........
#11111111110111011
#assigned_pet=-1,-1,-1,-1,10,-1,-1,-1,
#assigned_hub=5,2,-1,0,6,8,1,7,
#moving_targetting_pos=16,26|6,26|29,30|6,6|-1,-1|26,26|6,16|26,16|
#setting_targetting_pos=-1,-1|-1,-1|29,2|-1,-1|27,4|-1,-1|-1,-1|-1,-1|
#type=4,4,0,4,4,4,4,4,
........
#11111111110111011
#assigned_pet=-1,-1,-1,-1,10,-1,-1,-1,
#assigned_hub=5,2,-1,0,6,8,1,7,
#moving_targetting_pos=16,26|6,26|29,30|6,6|-1,-1|26,26|6,16|-1,-1|
#setting_targetting_pos=-1,-1|-1,-1|29,2|-1,-1|27,4|-1,-1|-1,-1|-1,-1|
#type=4,4,0,4,4,4,4,4,
........
#11111111110111011
#assigned_pet=-1,-1,-1,-1,10,-1,-1,-1,
#assigned_hub=5,2,-1,0,6,8,1,7,
#moving_targetting_pos=16,26|6,26|29,30|6,6|-1,-1|26,26|6,16|26,16|
#setting_targetting_pos=-1,-1|-1,-1|29,2|-1,-1|27,4|-1,-1|-1,-1|-1,-1|
#type=4,4,0,4,4,4,4,4,
........
#11111111110111011
#assigned_pet=-1,-1,-1,-1,10,-1,-1,-1,
#assigned_hub=5,2,-1,0,6,8,1,7,
#moving_targetting_pos=16,26|6,26|29,30|6,6|-1,-1|26,26|6,16|26,16|
#setting_targetting_pos=-1,-1|-1,-1|29,2|-1,-1|27,4|-1,-1|-1,-1|-1,-1|
#type=4,4,0,4,4,4,4,4,
........
#11111111110111011
#assigned_pet=-1,-1,-1,-1,10,-1,-1,-1,
#assigned_hub=5,2,-1,0,6,8,1,7,
#moving_targetting_pos=16,26|6,26|29,30|6,6|-1,-1|26,26|6,16|26,16|
#setting_targetting_pos=-1,-1|-1,-1|29,2|-1,-1|27,4|-1,-1|-1,-1|-1,-1|
#type=4,4,0,4,4,4,4,4,
........
#11111111110111011
#assigned_pet=-1,-1,-1,-1,10,-1,-1,-1,
#assigned_hub=5,2,-1,0,6,8,1,7,
#moving_targetting_pos=16,26|6,26|29,30|6,6|-1,-1|26,26|6,16|-1,-1|
#setting_targetting_pos=-1,-1|-1,-1|29,2|-1,-1|27,4|-1,-1|-1,-1|-1,-1|
#type=4,4,0,4,4,4,4,4,
........
#11111111110111011
#assigned_pet=-1,-1,-1,-1,10,-1,-1,-1,
#assigned_hub=5,2,-1,0,6,8,1,7,
#moving_targetting_pos=16,26|6,26|29,30|6,6|-1,-1|26,26|6,16|-1,-1|
#setting_targetting_pos=-1,-1|-1,-1|29,2|-1,-1|27,4|-1,-1|-1,-1|-1,-1|
#type=4,4,0,4,4,4,4,4,
........
#11111111110111011
#assigned_pet=-1,-1,-1,-1,10,-1,-1,-1,
#assigned_hub=5,2,-1,0,6,8,1,7,
#moving_targetting_pos=16,26|6,26|29,30|6,6|-1,-1|26,26|6,16|-1,-1|
#setting_targetting_pos=-1,-1|-1,-1|29,2|-1,-1|27,4|-1,-1|-1,-1|-1,-1|
#type=4,4,0,4,4,4,4,4,
........
#11111111110111011
#assigned_pet=-1,-1,-1,-1,10,-1,-1,-1,
#assigned_hub=5,2,-1,0,6,8,1,7,
#moving_targetting_pos=16,26|6,26|29,30|6,6|-1,-1|26,26|6,16|-1,-1|
#setting_targetting_pos=-1,-1|-1,-1|29,2|-1,-1|27,4|-1,-1|-1,-1|-1,-1|
#type=4,4,0,4,4,4,4,4,
........
#11111111110111011
#assigned_pet=-1,-1,-1,-1,10,-1,-1,-1,
#assigned_hub=5,2,-1,0,6,8,1,7,
#moving_targetting_pos=16,26|6,26|29,30|6,6|-1,-1|26,26|6,16|-1,-1|
#setting_targetting_pos=-1,-1|-1,-1|29,2|-1,-1|27,4|-1,-1|-1,-1|-1,-1|
#type=4,4,0,4,4,4,4,4,
........
#11111111110111011
#assigned_pet=-1,-1,-1,-1,10,-1,-1,-1,
#assigned_hub=5,2,-1,0,6,8,1,7,
#moving_targetting_pos=16,26|6,26|29,30|6,6|-1,-1|26,26|6,16|-1,-1|
#setting_targetting_pos=-1,-1|-1,-1|29,2|-1,-1|27,4|-1,-1|-1,-1|-1,-1|
#type=4,4,0,4,4,4,4,4,
........
#11111111110111011
#assigned_pet=-1,-1,-1,-1,10,-1,-1,-1,
#assigned_hub=5,2,-1,0,6,8,1,7,
#moving_targetting_pos=16,26|6,26|29,30|6,6|-1,-1|26,26|6,16|-1,-1|
#setting_targetting_pos=-1,-1|-1,-1|29,2|-1,-1|27,4|-1,-1|-1,-1|-1,-1|
#type=4,4,0,4,4,4,4,4,
........
#11111111110111011
#assigned_pet=-1,-1,-1,-1,10,-1,-1,-1,
#assigned_hub=5,2,-1,0,6,8,1,7,
#moving_targetting_pos=16,26|6,26|29,30|6,6|-1,-1|26,26|6,16|-1,-1|
#setting_targetting_pos=-1,-1|-1,-1|29,2|-1,-1|27,4|-1,-1|-1,-1|-1,-1|
#type=4,4,0,4,4,4,4,4,
........
#11111111110111011
#assigned_pet=-1,-1,-1,-1,10,-1,-1,-1,
#assigned_hub=5,2,-1,0,6,8,1,7,
#moving_targetting_pos=16,26|6,26|29,30|6,6|-1,-1|26,26|6,16|-1,-1|
#setting_targetting_pos=-1,-1|-1,-1|29,2|-1,-1|27,4|-1,-1|-1,-1|-1,-1|
#type=4,4,0,4,4,4,4,4,
........
#11111111110111011
#assigned_pet=-1,-1,-1,-1,10,-1,-1,-1,
#assigned_hub=5,2,-1,0,6,8,1,7,
#moving_targetting_pos=16,26|6,26|29,30|6,6|-1,-1|26,26|6,16|-1,-1|
#setting_targetting_pos=-1,-1|-1,-1|29,2|-1,-1|27,4|-1,-1|-1,-1|-1,-1|
#type=4,4,0,4,4,4,4,4,
........
#11111111110111011
#assigned_pet=-1,-1,-1,-1,-1,-1,-1,-1,
#assigned_hub=5,2,-1,0,6,8,1,7,
#moving_targetting_pos=16,26|6,26|29,30|6,6|-1,-1|26,26|6,16|-1,-1|
#setting_targetting_pos=-1,-1|-1,-1|29,2|-1,-1|-1,-1|-1,-1|-1,-1|-1,-1|
#type=4,4,0,4,4,4,4,4,
........
#11111111110111011
#assigned_pet=-1,-1,-1,-1,-1,-1,-1,-1,
#assigned_hub=5,2,-1,0,6,8,1,7,
#moving_targetting_pos=16,26|6,26|29,30|6,6|-1,-1|26,26|6,16|-1,-1|
#setting_targetting_pos=-1,-1|-1,-1|29,2|-1,-1|-1,-1|-1,-1|-1,-1|-1,-1|
#type=4,4,0,4,4,4,4,4,
........
#11111111110111011
#assigned_pet=-1,-1,-1,-1,-1,-1,-1,-1,
#assigned_hub=5,2,-1,0,6,8,1,7,
#moving_targetting_pos=16,26|6,26|29,30|6,6|-1,-1|26,26|6,16|-1,-1|
#setting_targetting_pos=-1,-1|-1,-1|29,2|-1,-1|-1,-1|-1,-1|-1,-1|-1,-1|
#type=4,4,0,4,4,4,4,4,
........
#11111111110111011
#assigned_pet=-1,-1,-1,-1,-1,-1,-1,-1,
#assigned_hub=5,2,-1,0,6,8,1,7,
#moving_targetting_pos=16,26|6,26|29,30|6,6|-1,-1|26,26|6,16|26,16|
#setting_targetting_pos=-1,-1|-1,-1|29,2|-1,-1|-1,-1|-1,-1|-1,-1|-1,-1|
#type=4,4,0,4,4,4,4,4,
........
#11111111110111011
#assigned_pet=-1,-1,-1,-1,-1,-1,-1,-1,
#assigned_hub=5,2,-1,0,6,8,1,7,
#moving_targetting_pos=16,26|6,26|29,30|6,6|-1,-1|26,26|6,16|-1,-1|
#setting_targetting_pos=-1,-1|-1,-1|29,2|-1,-1|-1,-1|-1,-1|-1,-1|-1,-1|
#type=4,4,0,4,4,4,4,4,
........
#11111111110111011
#assigned_pet=-1,-1,-1,-1,-1,-1,-1,-1,
#assigned_hub=5,2,-1,0,6,8,1,7,
#moving_targetting_pos=16,26|6,26|29,30|6,6|-1,-1|26,26|6,16|-1,-1|
#setting_targetting_pos=-1,-1|-1,-1|29,2|-1,-1|-1,-1|-1,-1|-1,-1|-1,-1|
#type=4,4,0,4,4,4,4,4,
........
#11111111110111011
#assigned_pet=-1,-1,-1,-1,-1,-1,-1,-1,
#assigned_hub=5,2,-1,0,6,8,1,7,
#moving_targetting_pos=16,26|6,26|29,30|6,6|-1,-1|26,26|6,16|-1,-1|
#setting_targetting_pos=-1,-1|-1,-1|29,2|-1,-1|-1,-1|-1,-1|-1,-1|-1,-1|
#type=4,4,0,4,4,4,4,4,
........
#11111111110111011
#assigned_pet=-1,-1,-1,-1,-1,-1,-1,-1,
#assigned_hub=5,2,-1,0,6,8,1,7,
#moving_targetting_pos=16,26|6,26|29,30|6,6|-1,-1|26,26|6,16|-1,-1|
#setting_targetting_pos=-1,-1|-1,-1|29,2|-1,-1|-1,-1|-1,-1|-1,-1|-1,-1|
#type=4,4,0,4,4,4,4,4,
........
#11111111110111011
#assigned_pet=-1,-1,-1,-1,-1,-1,-1,-1,
#assigned_hub=5,2,-1,0,6,8,1,7,
#moving_targetting_pos=16,26|6,26|29,30|6,6|-1,-1|26,26|6,16|-1,-1|
#setting_targetting_pos=-1,-1|-1,-1|29,2|-1,-1|-1,-1|-1,-1|-1,-1|-1,-1|
#type=4,4,0,4,4,4,4,4,
........
#11111111110111011
#assigned_pet=-1,-1,-1,-1,-1,-1,-1,-1,
#assigned_hub=5,2,-1,0,6,8,1,7,
#moving_targetting_pos=16,26|6,26|29,30|6,6|-1,-1|26,26|6,16|-1,-1|
#setting_targetting_pos=-1,-1|-1,-1|29,2|-1,-1|-1,-1|-1,-1|-1,-1|-1,-1|
#type=4,4,0,4,4,4,4,4,
........
#11111111110111011
#assigned_pet=-1,-1,-1,-1,-1,-1,-1,-1,
#assigned_hub=5,2,-1,0,6,8,1,7,
#moving_targetting_pos=16,26|6,26|29,30|6,6|-1,-1|26,26|6,16|-1,-1|
#setting_targetting_pos=-1,-1|-1,-1|29,2|-1,-1|-1,-1|-1,-1|-1,-1|-1,-1|
#type=4,4,0,4,4,4,4,4,
........
#11111111110111011
#assigned_pet=-1,-1,-1,-1,-1,-1,-1,-1,
#assigned_hub=5,2,-1,0,6,8,1,7,
#moving_targetting_pos=16,26|6,26|29,30|6,6|-1,-1|26,26|6,16|-1,-1|
#setting_targetting_pos=-1,-1|-1,-1|29,2|-1,-1|-1,-1|-1,-1|-1,-1|-1,-1|
#type=4,4,0,4,4,4,4,4,
........
#11111111110111011
#assigned_pet=-1,-1,-1,-1,14,-1,-1,-1,
#assigned_hub=5,2,-1,0,6,8,1,7,
#moving_targetting_pos=16,26|6,26|29,30|6,6|-1,-1|26,26|6,16|-1,-1|
#setting_targetting_pos=-1,-1|-1,-1|29,2|-1,-1|25,4|-1,-1|-1,-1|-1,-1|
#type=4,4,0,4,4,4,4,4,
....L...
#11111111110111011
#assigned_pet=-1,-1,-1,-1,14,-1,-1,-1,
#assigned_hub=5,2,-1,0,6,8,1,7,
#moving_targetting_pos=16,26|6,26|29,30|6,6|-1,-1|26,26|6,16|-1,-1|
#setting_targetting_pos=-1,-1|-1,-1|29,2|-1,-1|25,4|-1,-1|-1,-1|-1,-1|
#type=4,4,0,4,4,4,4,4,
....U...
#11111111110111111
#assigned_pet=-1,-1,-1,-1,14,-1,-1,-1,
#assigned_hub=5,2,-1,0,6,8,1,7,
#moving_targetting_pos=16,26|6,26|29,30|6,6|-1,-1|26,26|6,16|-1,-1|
#setting_targetting_pos=-1,-1|-1,-1|29,2|-1,-1|25,4|-1,-1|-1,-1|-1,-1|
#type=4,4,0,4,5,4,4,4,
....u...
#11111111110111111
#assigned_pet=-1,-1,-1,-1,10,-1,-1,10,
#assigned_hub=5,2,-1,0,6,8,1,7,
#moving_targetting_pos=16,26|6,26|29,30|6,6|-1,-1|26,26|6,16|-1,-1|
#setting_targetting_pos=-1,-1|-1,-1|29,2|-1,-1|25,8|-1,-1|-1,-1|25,14|
#type=4,4,0,4,4,4,4,4,
....R..L
#11111111110111111
#assigned_pet=-1,-1,-1,-1,10,-1,-1,10,
#assigned_hub=5,2,-1,0,6,8,1,7,
#moving_targetting_pos=16,26|6,26|29,30|6,6|-1,-1|26,26|6,16|-1,-1|
#setting_targetting_pos=-1,-1|-1,-1|29,2|-1,-1|25,8|-1,-1|-1,-1|25,14|
#type=4,4,0,4,4,4,4,4,
....R..L
#11111111110111111
#assigned_pet=-1,-1,-1,-1,10,-1,-1,10,
#assigned_hub=5,2,-1,0,6,8,1,7,
#moving_targetting_pos=16,26|6,26|29,30|6,6|-1,-1|26,26|6,16|-1,-1|
#setting_targetting_pos=-1,-1|-1,-1|29,2|-1,-1|25,8|-1,-1|-1,-1|25,14|
#type=4,4,0,4,4,4,4,4,
....R...
#11111111110111111
#assigned_pet=-1,-1,-1,-1,10,-1,-1,10,
#assigned_hub=5,2,-1,0,6,8,1,7,
#moving_targetting_pos=16,26|6,26|29,30|6,6|-1,-1|26,26|6,16|-1,-1|
#setting_targetting_pos=-1,-1|-1,-1|29,2|-1,-1|25,8|-1,-1|-1,-1|25,14|
#type=4,4,0,4,4,4,4,4,
....R...
#11111111111111111
#assigned_pet=-1,-1,-1,-1,10,-1,-1,10,
#assigned_hub=5,2,-1,0,6,8,1,7,
#moving_targetting_pos=16,26|6,26|29,30|6,6|-1,-1|26,26|6,16|-1,-1|
#setting_targetting_pos=-1,-1|-1,-1|29,2|-1,-1|25,8|-1,-1|-1,-1|25,14|
#type=4,4,0,4,5,4,4,5,
....u..l
#11111111111111111
#assigned_pet=-1,-1,-1,-1,-1,-1,-1,-1,
#assigned_hub=5,2,-1,0,6,8,1,7,
#moving_targetting_pos=16,26|6,26|29,30|6,6|26,6|26,26|6,16|26,16|
#setting_targetting_pos=-1,-1|-1,-1|29,2|-1,-1|-1,-1|-1,-1|-1,-1|-1,-1|
#type=4,4,0,4,4,4,4,4,
........
#11111111111111111
#assigned_pet=-1,-1,-1,-1,-1,-1,-1,-1,
#assigned_hub=5,2,-1,0,6,8,1,7,
#moving_targetting_pos=16,26|6,26|29,30|6,6|26,6|26,26|6,16|26,16|
#setting_targetting_pos=-1,-1|-1,-1|29,2|-1,-1|-1,-1|-1,-1|-1,-1|-1,-1|
#type=4,4,0,4,4,4,4,4,
........
#11111111111111111
#assigned_pet=-1,-1,-1,-1,-1,-1,-1,-1,
#assigned_hub=5,2,-1,0,6,8,1,7,
#moving_targetting_pos=16,26|6,26|29,30|6,6|26,6|26,26|6,16|26,16|
#setting_targetting_pos=-1,-1|-1,-1|29,2|-1,-1|-1,-1|-1,-1|-1,-1|-1,-1|
#type=4,4,0,4,4,4,4,4,
........
#11111111111111111
#assigned_pet=-1,-1,-1,-1,-1,-1,-1,-1,
#assigned_hub=5,2,-1,0,6,8,1,7,
#moving_targetting_pos=16,26|6,26|29,30|6,6|26,6|26,26|6,16|26,16|
#setting_targetting_pos=-1,-1|-1,-1|29,2|-1,-1|-1,-1|-1,-1|-1,-1|-1,-1|
#type=4,4,0,4,4,4,4,4,
........
#11111111111111111
#assigned_pet=-1,-1,-1,-1,-1,-1,-1,-1,
#assigned_hub=5,2,-1,0,6,8,1,7,
#moving_targetting_pos=16,26|6,26|29,30|6,6|26,6|26,26|6,16|26,16|
#setting_targetting_pos=-1,-1|-1,-1|29,2|-1,-1|-1,-1|-1,-1|-1,-1|-1,-1|
#type=4,4,0,4,4,4,4,4,
........
#11111111111111111
#assigned_pet=-1,-1,-1,-1,-1,-1,-1,-1,
#assigned_hub=5,2,-1,0,6,8,1,7,
#moving_targetting_pos=16,26|6,26|29,30|6,6|26,6|26,26|6,16|26,16|
#setting_targetting_pos=-1,-1|-1,-1|29,2|-1,-1|-1,-1|-1,-1|-1,-1|-1,-1|
#type=4,4,0,4,4,4,4,4,
........
#11111111111111111
#assigned_pet=-1,-1,-1,-1,-1,-1,-1,-1,
#assigned_hub=5,2,-1,0,6,8,1,7,
#moving_targetting_pos=16,26|6,26|29,30|6,6|26,6|26,26|6,16|26,16|
#setting_targetting_pos=-1,-1|-1,-1|29,2|-1,-1|-1,-1|-1,-1|-1,-1|-1,-1|
#type=4,4,0,4,4,4,4,4,
........
#11111111111111111
#assigned_pet=-1,-1,-1,-1,-1,-1,-1,-1,
#assigned_hub=5,2,-1,0,6,8,1,7,
#moving_targetting_pos=16,26|6,26|29,30|6,6|26,6|26,26|6,16|26,16|
#setting_targetting_pos=-1,-1|-1,-1|29,2|-1,-1|-1,-1|-1,-1|-1,-1|-1,-1|
#type=4,4,0,4,4,4,4,4,
........
#11111111111111111
#assigned_pet=-1,-1,-1,-1,-1,-1,-1,-1,
#assigned_hub=5,2,-1,0,6,8,1,7,
#moving_targetting_pos=16,26|6,26|29,30|6,6|26,6|26,26|6,16|26,16|
#setting_targetting_pos=-1,-1|-1,-1|29,2|-1,-1|-1,-1|-1,-1|-1,-1|-1,-1|
#type=4,4,0,4,4,4,4,4,
........
#11111111111111111
#assigned_pet=-1,-1,-1,-1,-1,-1,-1,-1,
#assigned_hub=5,2,-1,0,6,8,1,7,
#moving_targetting_pos=16,26|6,26|29,30|6,6|26,6|26,26|6,16|26,16|
#setting_targetting_pos=-1,-1|-1,-1|29,2|-1,-1|-1,-1|-1,-1|-1,-1|-1,-1|
#type=4,4,0,4,4,4,4,4,
........
#11111111111111111
#assigned_pet=-1,-1,-1,-1,-1,-1,-1,-1,
#assigned_hub=5,2,-1,0,6,8,1,7,
#moving_targetting_pos=16,26|6,26|29,30|6,6|26,6|26,26|6,16|26,16|
#setting_targetting_pos=-1,-1|-1,-1|29,2|-1,-1|-1,-1|-1,-1|-1,-1|-1,-1|
#type=4,4,0,4,4,4,4,4,
........
#11111111111111111
#assigned_pet=-1,-1,-1,-1,-1,-1,-1,-1,
#assigned_hub=5,2,-1,0,6,8,1,7,
#moving_targetting_pos=16,26|6,26|29,30|6,6|26,6|26,26|6,16|26,16|
#setting_targetting_pos=-1,-1|-1,-1|29,2|-1,-1|-1,-1|-1,-1|-1,-1|-1,-1|
#type=4,4,0,4,4,4,4,4,
........
#11111111111111111
#assigned_pet=-1,-1,-1,-1,-1,-1,-1,-1,
#assigned_hub=5,2,-1,0,6,8,1,7,
#moving_targetting_pos=16,26|6,26|29,30|6,6|26,6|26,26|6,16|26,16|
#setting_targetting_pos=-1,-1|-1,-1|29,2|-1,-1|-1,-1|-1,-1|-1,-1|-1,-1|
#type=4,4,0,4,4,4,4,4,
........
#11111111111111111
#assigned_pet=-1,-1,-1,-1,-1,-1,-1,-1,
#assigned_hub=5,2,-1,0,6,8,1,7,
#moving_targetting_pos=16,26|6,26|29,30|6,6|26,6|26,26|6,16|26,16|
#setting_targetting_pos=-1,-1|-1,-1|29,2|-1,-1|-1,-1|-1,-1|-1,-1|-1,-1|
#type=4,4,0,4,4,4,4,4,
........
#11111111111111111
#assigned_pet=-1,-1,-1,-1,-1,-1,-1,-1,
#assigned_hub=5,2,-1,0,6,8,1,7,
#moving_targetting_pos=16,26|6,26|29,30|6,6|26,6|26,26|6,16|26,16|
#setting_targetting_pos=-1,-1|-1,-1|29,2|-1,-1|-1,-1|-1,-1|-1,-1|-1,-1|
#type=4,4,0,4,4,4,4,4,
........
#11111111111111111
#assigned_pet=-1,-1,-1,-1,-1,-1,-1,-1,
#assigned_hub=5,2,-1,0,6,8,1,7,
#moving_targetting_pos=16,26|6,26|29,30|6,6|26,6|26,26|6,16|26,16|
#setting_targetting_pos=-1,-1|-1,-1|29,2|-1,-1|-1,-1|-1,-1|-1,-1|-1,-1|
#type=4,4,0,4,4,4,4,4,
........
#11111111111111111
#assigned_pet=-1,-1,-1,-1,-1,-1,-1,-1,
#assigned_hub=5,2,-1,0,6,8,1,7,
#moving_targetting_pos=16,26|6,26|29,30|6,6|26,6|26,26|6,16|26,16|
#setting_targetting_pos=-1,-1|-1,-1|29,2|-1,-1|-1,-1|-1,-1|-1,-1|-1,-1|
#type=4,4,0,4,4,4,4,4,
........
#11111111111111111
#assigned_pet=-1,-1,-1,-1,-1,-1,-1,-1,
#assigned_hub=5,2,-1,0,6,8,1,7,
#moving_targetting_pos=16,26|6,26|29,30|6,6|26,6|26,26|6,16|26,16|
#setting_targetting_pos=-1,-1|-1,-1|29,2|-1,-1|-1,-1|-1,-1|-1,-1|-1,-1|
#type=4,4,0,4,4,4,4,4,
........
#11111111111111111
#assigned_pet=-1,-1,-1,-1,-1,-1,-1,-1,
#assigned_hub=5,2,-1,0,6,8,1,7,
#moving_targetting_pos=16,26|6,26|29,30|6,6|26,6|26,26|6,16|26,16|
#setting_targetting_pos=-1,-1|-1,-1|29,2|-1,-1|-1,-1|-1,-1|-1,-1|-1,-1|
#type=4,4,0,4,4,4,4,4,
........
#11111111111111111
#assigned_pet=-1,-1,-1,-1,-1,-1,-1,-1,
#assigned_hub=5,2,-1,0,6,8,1,7,
#moving_targetting_pos=16,26|6,26|29,30|6,6|26,6|26,26|6,16|26,16|
#setting_targetting_pos=-1,-1|-1,-1|29,2|-1,-1|-1,-1|-1,-1|-1,-1|-1,-1|
#type=4,4,0,4,4,4,4,4,
........
#11111111111111111
#assigned_pet=-1,-1,-1,-1,-1,-1,-1,-1,
#assigned_hub=5,2,-1,0,6,8,1,7,
#moving_targetting_pos=16,26|6,26|29,30|6,6|26,6|26,26|6,16|26,16|
#setting_targetting_pos=-1,-1|-1,-1|29,2|-1,-1|-1,-1|-1,-1|-1,-1|-1,-1|
#type=4,4,0,4,4,4,4,4,
........
#11111111111111111
#assigned_pet=-1,-1,-1,-1,-1,-1,-1,-1,
#assigned_hub=5,2,-1,0,6,8,1,7,
#moving_targetting_pos=16,26|6,26|29,30|6,6|26,6|26,26|6,16|26,16|
#setting_targetting_pos=-1,-1|-1,-1|29,2|-1,-1|-1,-1|-1,-1|-1,-1|-1,-1|
#type=4,4,0,4,4,4,4,4,
........
#11111111111111111
#assigned_pet=-1,-1,-1,-1,-1,-1,-1,-1,
#assigned_hub=5,2,-1,0,6,8,1,7,
#moving_targetting_pos=16,26|6,26|29,30|6,6|26,6|26,26|6,16|26,16|
#setting_targetting_pos=-1,-1|-1,-1|29,2|-1,-1|-1,-1|-1,-1|-1,-1|-1,-1|
#type=4,4,0,4,4,4,4,4,
........
#11111111111111111
#assigned_pet=-1,-1,-1,-1,-1,-1,-1,-1,
#assigned_hub=5,2,-1,0,6,8,1,7,
#moving_targetting_pos=16,26|6,26|29,30|6,6|26,6|26,26|6,16|26,16|
#setting_targetting_pos=-1,-1|-1,-1|29,2|-1,-1|-1,-1|-1,-1|-1,-1|-1,-1|
#type=4,4,0,4,4,4,4,4,
........
#11111111111111111
#assigned_pet=-1,-1,-1,-1,-1,-1,-1,-1,
#assigned_hub=5,2,-1,0,6,8,1,7,
#moving_targetting_pos=16,26|6,26|29,30|6,6|26,6|26,26|6,16|26,16|
#setting_targetting_pos=-1,-1|-1,-1|29,2|-1,-1|-1,-1|-1,-1|-1,-1|-1,-1|
#type=4,4,0,4,4,4,4,4,
........
#11111111111111111
#assigned_pet=-1,-1,-1,-1,-1,-1,-1,-1,
#assigned_hub=5,2,-1,0,6,8,1,7,
#moving_targetting_pos=16,26|6,26|29,30|6,6|26,6|26,26|6,16|26,16|
#setting_targetting_pos=-1,-1|-1,-1|29,2|-1,-1|-1,-1|-1,-1|-1,-1|-1,-1|
#type=4,4,0,4,4,4,4,4,
........
#11111111111111111
#assigned_pet=-1,-1,-1,-1,-1,-1,-1,-1,
#assigned_hub=5,2,-1,0,6,8,1,7,
#moving_targetting_pos=16,26|6,26|29,30|6,6|26,6|26,26|6,16|26,16|
#setting_targetting_pos=-1,-1|-1,-1|29,2|-1,-1|-1,-1|-1,-1|-1,-1|-1,-1|
#type=4,4,0,4,4,4,4,4,
........
#11111111111111111
#assigned_pet=-1,-1,-1,-1,-1,-1,-1,-1,
#assigned_hub=5,2,-1,0,6,8,1,7,
#moving_targetting_pos=16,26|6,26|29,30|6,6|26,6|26,26|6,16|26,16|
#setting_targetting_pos=-1,-1|-1,-1|29,2|-1,-1|-1,-1|-1,-1|-1,-1|-1,-1|
#type=4,4,0,4,4,4,4,4,
........
#11111111111111111
#assigned_pet=-1,-1,-1,-1,-1,-1,-1,-1,
#assigned_hub=5,2,-1,0,6,8,1,7,
#moving_targetting_pos=16,26|6,26|29,30|6,6|26,6|26,26|6,16|26,16|
#setting_targetting_pos=-1,-1|-1,-1|29,2|-1,-1|-1,-1|-1,-1|-1,-1|-1,-1|
#type=4,4,0,4,4,4,4,4,
........
#11111111111111111
#assigned_pet=-1,-1,-1,-1,-1,-1,-1,-1,
#assigned_hub=5,2,-1,0,6,8,1,7,
#moving_targetting_pos=16,26|6,26|29,30|6,6|26,6|26,26|6,16|26,16|
#setting_targetting_pos=-1,-1|-1,-1|29,2|-1,-1|-1,-1|-1,-1|-1,-1|-1,-1|
#type=4,4,0,4,4,4,4,4,
........
#11111111111111111
#assigned_pet=-1,-1,-1,-1,-1,-1,-1,-1,
#assigned_hub=5,2,-1,0,6,8,1,7,
#moving_targetting_pos=16,26|6,26|29,30|6,6|26,6|26,26|6,16|26,16|
#setting_targetting_pos=-1,-1|-1,-1|29,2|-1,-1|-1,-1|-1,-1|-1,-1|-1,-1|
#type=4,4,0,4,4,4,4,4,
........
#11111111111111111
#assigned_pet=-1,-1,-1,-1,-1,-1,-1,-1,
#assigned_hub=5,2,-1,0,6,8,1,7,
#moving_targetting_pos=16,26|6,26|29,30|6,6|26,6|26,26|6,16|26,16|
#setting_targetting_pos=-1,-1|-1,-1|29,2|-1,-1|-1,-1|-1,-1|-1,-1|-1,-1|
#type=4,4,0,4,4,4,4,4,
........
#11111111111111111
#assigned_pet=-1,-1,-1,-1,-1,-1,-1,-1,
#assigned_hub=5,2,-1,0,6,8,1,7,
#moving_targetting_pos=16,26|6,26|29,30|6,6|26,6|26,26|6,16|26,16|
#setting_targetting_pos=-1,-1|-1,-1|29,2|-1,-1|-1,-1|-1,-1|-1,-1|-1,-1|
#type=4,4,0,4,4,4,4,4,
........
#11111111111111111
#assigned_pet=-1,-1,-1,-1,-1,-1,-1,-1,
#assigned_hub=5,2,-1,0,6,8,1,7,
#moving_targetting_pos=16,26|6,26|29,30|6,6|26,6|26,26|6,16|26,16|
#setting_targetting_pos=-1,-1|-1,-1|29,2|-1,-1|-1,-1|-1,-1|-1,-1|-1,-1|
#type=4,4,0,4,4,4,4,4,
........
#11111111111111111
#assigned_pet=-1,-1,-1,-1,-1,-1,-1,-1,
#assigned_hub=5,2,-1,0,6,8,1,7,
#moving_targetting_pos=16,26|6,26|29,30|6,6|26,6|26,26|6,16|26,16|
#setting_targetting_pos=-1,-1|-1,-1|29,2|-1,-1|-1,-1|-1,-1|-1,-1|-1,-1|
#type=4,4,0,4,4,4,4,4,
........
#11111111111111111
#assigned_pet=-1,-1,-1,-1,-1,-1,-1,-1,
#assigned_hub=5,2,-1,0,6,8,1,7,
#moving_targetting_pos=16,26|6,26|29,30|6,6|26,6|26,26|6,16|26,16|
#setting_targetting_pos=-1,-1|-1,-1|29,2|-1,-1|-1,-1|-1,-1|-1,-1|-1,-1|
#type=4,4,0,4,4,4,4,4,
........
#11111111111111111
#assigned_pet=-1,-1,-1,-1,-1,-1,-1,-1,
#assigned_hub=5,2,-1,0,6,8,1,7,
#moving_targetting_pos=16,26|6,26|29,30|6,6|26,6|26,26|6,16|26,16|
#setting_targetting_pos=-1,-1|-1,-1|29,2|-1,-1|-1,-1|-1,-1|-1,-1|-1,-1|
#type=4,4,0,4,4,4,4,4,
........
#11111111111111111
#assigned_pet=-1,-1,-1,-1,-1,-1,-1,-1,
#assigned_hub=5,2,-1,0,6,8,1,7,
#moving_targetting_pos=16,26|6,26|29,30|6,6|26,6|26,26|6,16|26,16|
#setting_targetting_pos=-1,-1|-1,-1|29,2|-1,-1|-1,-1|-1,-1|-1,-1|-1,-1|
#type=4,4,0,4,4,4,4,4,
........
#11111111111111111
#assigned_pet=-1,-1,-1,-1,-1,-1,-1,-1,
#assigned_hub=5,2,-1,0,6,8,1,7,
#moving_targetting_pos=16,26|6,26|29,30|6,6|26,6|26,26|6,16|26,16|
#setting_targetting_pos=-1,-1|-1,-1|29,2|-1,-1|-1,-1|-1,-1|-1,-1|-1,-1|
#type=4,4,0,4,4,4,4,4,
........
#11111111111111111
#assigned_pet=-1,-1,-1,-1,-1,-1,-1,-1,
#assigned_hub=5,2,-1,0,6,8,1,7,
#moving_targetting_pos=16,26|6,26|29,30|6,6|26,6|26,26|6,16|26,16|
#setting_targetting_pos=-1,-1|-1,-1|29,2|-1,-1|-1,-1|-1,-1|-1,-1|-1,-1|
#type=4,4,0,4,4,4,4,4,
........
#11111111111111111
#assigned_pet=-1,-1,-1,-1,-1,-1,-1,-1,
#assigned_hub=5,2,-1,0,6,8,1,7,
#moving_targetting_pos=16,26|6,26|29,30|6,6|26,6|26,26|6,16|26,16|
#setting_targetting_pos=-1,-1|-1,-1|29,2|-1,-1|-1,-1|-1,-1|-1,-1|-1,-1|
#type=4,4,0,4,4,4,4,4,
........
#11111111111111111
#assigned_pet=-1,-1,-1,-1,-1,-1,-1,-1,
#assigned_hub=5,2,-1,0,6,8,1,7,
#moving_targetting_pos=16,26|6,26|29,30|6,6|26,6|26,26|6,16|26,16|
#setting_targetting_pos=-1,-1|-1,-1|29,2|-1,-1|-1,-1|-1,-1|-1,-1|-1,-1|
#type=4,4,0,4,4,4,4,4,
........
#11111111111111111
#assigned_pet=-1,-1,-1,-1,-1,-1,-1,-1,
#assigned_hub=5,2,-1,0,6,8,1,7,
#moving_targetting_pos=16,26|6,26|29,30|6,6|26,6|26,26|6,16|26,16|
#setting_targetting_pos=-1,-1|-1,-1|29,2|-1,-1|-1,-1|-1,-1|-1,-1|-1,-1|
#type=4,4,0,4,4,4,4,4,
........
#11111111111111111
#assigned_pet=-1,-1,-1,-1,-1,-1,-1,-1,
#assigned_hub=5,2,-1,0,6,8,1,7,
#moving_targetting_pos=16,26|6,26|29,30|6,6|26,6|26,26|6,16|26,16|
#setting_targetting_pos=-1,-1|-1,-1|29,2|-1,-1|-1,-1|-1,-1|-1,-1|-1,-1|
#type=4,4,0,4,4,4,4,4,
........
#11111111111111111
#assigned_pet=-1,-1,-1,-1,-1,-1,-1,-1,
#assigned_hub=5,2,-1,0,6,8,1,7,
#moving_targetting_pos=16,26|6,26|29,30|6,6|26,6|26,26|6,16|26,16|
#setting_targetting_pos=-1,-1|-1,-1|29,2|-1,-1|-1,-1|-1,-1|-1,-1|-1,-1|
#type=4,4,0,4,4,4,4,4,
........
#11111111111111111
#assigned_pet=-1,-1,-1,-1,-1,-1,-1,-1,
#assigned_hub=5,2,-1,0,6,8,1,7,
#moving_targetting_pos=16,26|6,26|29,30|6,6|26,6|26,26|6,16|26,16|
#setting_targetting_pos=-1,-1|-1,-1|29,2|-1,-1|-1,-1|-1,-1|-1,-1|-1,-1|
#type=4,4,0,4,4,4,4,4,
........
#11111111111111111
#assigned_pet=-1,-1,-1,-1,-1,-1,-1,-1,
#assigned_hub=5,2,-1,0,6,8,1,7,
#moving_targetting_pos=16,26|6,26|29,30|6,6|26,6|26,26|6,16|26,16|
#setting_targetting_pos=-1,-1|-1,-1|29,2|-1,-1|-1,-1|-1,-1|-1,-1|-1,-1|
#type=4,4,0,4,4,4,4,4,
........
#11111111111111111
#assigned_pet=-1,-1,-1,-1,-1,-1,-1,-1,
#assigned_hub=5,2,-1,0,6,8,1,7,
#moving_targetting_pos=16,26|6,26|29,30|6,6|26,6|26,26|6,16|26,16|
#setting_targetting_pos=-1,-1|-1,-1|29,2|-1,-1|-1,-1|-1,-1|-1,-1|-1,-1|
#type=4,4,0,4,4,4,4,4,
........
#11111111111111111
#assigned_pet=-1,-1,-1,-1,-1,-1,-1,-1,
#assigned_hub=5,2,-1,0,6,8,1,7,
#moving_targetting_pos=16,26|6,26|29,30|6,6|26,6|26,26|6,16|26,16|
#setting_targetting_pos=-1,-1|-1,-1|29,2|-1,-1|-1,-1|-1,-1|-1,-1|-1,-1|
#type=4,4,0,4,4,4,4,4,
........
#11111111111111111
#assigned_pet=-1,-1,-1,-1,-1,-1,-1,-1,
#assigned_hub=5,2,-1,0,6,8,1,7,
#moving_targetting_pos=16,26|6,26|29,30|6,6|26,6|26,26|6,16|26,16|
#setting_targetting_pos=-1,-1|-1,-1|29,2|-1,-1|-1,-1|-1,-1|-1,-1|-1,-1|
#type=4,4,0,4,4,4,4,4,
........
#11111111111111111
#assigned_pet=-1,-1,-1,-1,-1,-1,-1,-1,
#assigned_hub=5,2,-1,0,6,8,1,7,
#moving_targetting_pos=16,26|6,26|29,30|6,6|26,6|26,26|6,16|26,16|
#setting_targetting_pos=-1,-1|-1,-1|29,2|-1,-1|-1,-1|-1,-1|-1,-1|-1,-1|
#type=4,4,0,4,4,4,4,4,
........
#11111111111111111
#assigned_pet=-1,-1,-1,-1,-1,-1,-1,-1,
#assigned_hub=5,2,-1,0,6,8,1,7,
#moving_targetting_pos=16,26|6,26|29,30|6,6|26,6|26,26|6,16|26,16|
#setting_targetting_pos=-1,-1|-1,-1|29,2|-1,-1|-1,-1|-1,-1|-1,-1|-1,-1|
#type=4,4,0,4,4,4,4,4,
........
#11111111111111111
#assigned_pet=-1,-1,-1,-1,-1,-1,-1,-1,
#assigned_hub=5,2,-1,0,6,8,1,7,
#moving_targetting_pos=16,26|6,26|29,30|6,6|26,6|26,26|6,16|26,16|
#setting_targetting_pos=-1,-1|-1,-1|29,2|-1,-1|-1,-1|-1,-1|-1,-1|-1,-1|
#type=4,4,0,4,4,4,4,4,
........
#11111111111111111
#assigned_pet=-1,-1,-1,-1,-1,-1,-1,-1,
#assigned_hub=5,2,-1,0,6,8,1,7,
#moving_targetting_pos=16,26|6,26|29,30|6,6|26,6|26,26|6,16|26,16|
#setting_targetting_pos=-1,-1|-1,-1|29,2|-1,-1|-1,-1|-1,-1|-1,-1|-1,-1|
#type=4,4,0,4,4,4,4,4,
........
#11111111111111111
#assigned_pet=-1,-1,-1,-1,-1,-1,-1,-1,
#assigned_hub=5,2,-1,0,6,8,1,7,
#moving_targetting_pos=16,26|6,26|29,30|6,6|26,6|26,26|6,16|26,16|
#setting_targetting_pos=-1,-1|-1,-1|29,2|-1,-1|-1,-1|-1,-1|-1,-1|-1,-1|
#type=4,4,0,4,4,4,4,4,
........
#11111111111111111
#assigned_pet=-1,-1,-1,-1,-1,-1,-1,-1,
#assigned_hub=5,2,-1,0,6,8,1,7,
#moving_targetting_pos=16,26|6,26|29,30|6,6|26,6|26,26|6,16|26,16|
#setting_targetting_pos=-1,-1|-1,-1|29,2|-1,-1|-1,-1|-1,-1|-1,-1|-1,-1|
#type=4,4,0,4,4,4,4,4,
........
#11111111111111111
#assigned_pet=-1,-1,-1,-1,-1,-1,-1,-1,
#assigned_hub=5,2,-1,0,6,8,1,7,
#moving_targetting_pos=16,26|6,26|29,30|6,6|26,6|26,26|6,16|26,16|
#setting_targetting_pos=-1,-1|-1,-1|29,2|-1,-1|-1,-1|-1,-1|-1,-1|-1,-1|
#type=4,4,0,4,4,4,4,4,
........
#11111111111111111
#assigned_pet=-1,-1,-1,-1,-1,-1,-1,-1,
#assigned_hub=5,2,-1,0,6,8,1,7,
#moving_targetting_pos=16,26|6,26|29,30|6,6|26,6|26,26|6,16|26,16|
#setting_targetting_pos=-1,-1|-1,-1|29,2|-1,-1|-1,-1|-1,-1|-1,-1|-1,-1|
#type=4,4,0,4,4,4,4,4,
........
#11111111111111111
#assigned_pet=-1,-1,-1,-1,-1,-1,-1,-1,
#assigned_hub=5,2,-1,0,6,8,1,7,
#moving_targetting_pos=16,26|6,26|29,30|6,6|26,6|26,26|6,16|26,16|
#setting_targetting_pos=-1,-1|-1,-1|29,2|-1,-1|-1,-1|-1,-1|-1,-1|-1,-1|
#type=4,4,0,4,4,4,4,4,
........
#11111111111111111
#assigned_pet=-1,-1,-1,-1,-1,-1,-1,-1,
#assigned_hub=5,2,-1,0,6,8,1,7,
#moving_targetting_pos=16,26|6,26|29,30|6,6|26,6|26,26|6,16|26,16|
#setting_targetting_pos=-1,-1|-1,-1|29,2|-1,-1|-1,-1|-1,-1|-1,-1|-1,-1|
#type=4,4,0,4,4,4,4,4,
........
#11111111111111111
#assigned_pet=-1,-1,-1,-1,-1,-1,-1,-1,
#assigned_hub=5,2,-1,0,6,8,1,7,
#moving_targetting_pos=16,26|6,26|29,30|6,6|26,6|26,26|6,16|26,16|
#setting_targetting_pos=-1,-1|-1,-1|29,2|-1,-1|-1,-1|-1,-1|-1,-1|-1,-1|
#type=4,4,0,4,4,4,4,4,
........
#11111111111111111
#assigned_pet=-1,-1,-1,-1,-1,-1,-1,-1,
#assigned_hub=5,2,-1,0,6,8,1,7,
#moving_targetting_pos=16,26|6,26|29,30|6,6|26,6|26,26|6,16|26,16|
#setting_targetting_pos=-1,-1|-1,-1|29,2|-1,-1|-1,-1|-1,-1|-1,-1|-1,-1|
#type=4,4,0,4,4,4,4,4,
........
#11111111111111111
#assigned_pet=-1,-1,-1,-1,-1,-1,-1,-1,
#assigned_hub=5,2,-1,0,6,8,1,7,
#moving_targetting_pos=16,26|6,26|29,30|6,6|26,6|26,26|6,16|26,16|
#setting_targetting_pos=-1,-1|-1,-1|29,2|-1,-1|-1,-1|-1,-1|-1,-1|-1,-1|
#type=4,4,0,4,4,4,4,4,
........
#11111111111111111
#assigned_pet=-1,-1,-1,-1,-1,-1,-1,-1,
#assigned_hub=5,2,-1,0,6,8,1,7,
#moving_targetting_pos=16,26|6,26|29,30|6,6|26,6|26,26|6,16|26,16|
#setting_targetting_pos=-1,-1|-1,-1|29,2|-1,-1|-1,-1|-1,-1|-1,-1|-1,-1|
#type=4,4,0,4,4,4,4,4,
........
#11111111111111111
#assigned_pet=-1,-1,-1,-1,-1,-1,-1,-1,
#assigned_hub=5,2,-1,0,6,8,1,7,
#moving_targetting_pos=16,26|6,26|29,30|6,6|26,6|26,26|6,16|26,16|
#setting_targetting_pos=-1,-1|-1,-1|29,2|-1,-1|-1,-1|-1,-1|-1,-1|-1,-1|
#type=4,4,0,4,4,4,4,4,
........
#11111111111111111
#assigned_pet=-1,-1,-1,-1,-1,-1,-1,-1,
#assigned_hub=5,2,-1,0,6,8,1,7,
#moving_targetting_pos=16,26|6,26|29,30|6,6|26,6|26,26|6,16|26,16|
#setting_targetting_pos=-1,-1|-1,-1|29,2|-1,-1|-1,-1|-1,-1|-1,-1|-1,-1|
#type=4,4,0,4,4,4,4,4,
........
#11111111111111111
#assigned_pet=-1,-1,-1,-1,-1,-1,-1,-1,
#assigned_hub=5,2,-1,0,6,8,1,7,
#moving_targetting_pos=16,26|6,26|29,30|6,6|26,6|26,26|6,16|26,16|
#setting_targetting_pos=-1,-1|-1,-1|29,2|-1,-1|-1,-1|-1,-1|-1,-1|-1,-1|
#type=4,4,0,4,4,4,4,4,
........
#11111111111111111
#assigned_pet=-1,-1,-1,-1,-1,-1,-1,-1,
#assigned_hub=5,2,-1,0,6,8,1,7,
#moving_targetting_pos=16,26|6,26|29,30|6,6|26,6|26,26|6,16|26,16|
#setting_targetting_pos=-1,-1|-1,-1|29,2|-1,-1|-1,-1|-1,-1|-1,-1|-1,-1|
#type=4,4,0,4,4,4,4,4,
........
#11111111111111111
#assigned_pet=-1,-1,-1,-1,-1,-1,-1,-1,
#assigned_hub=5,2,-1,0,6,8,1,7,
#moving_targetting_pos=16,26|6,26|29,30|6,6|26,6|26,26|6,16|26,16|
#setting_targetting_pos=-1,-1|-1,-1|29,2|-1,-1|-1,-1|-1,-1|-1,-1|-1,-1|
#type=4,4,0,4,4,4,4,4,
........
#11111111111111111
#assigned_pet=-1,-1,-1,-1,-1,-1,-1,-1,
#assigned_hub=5,2,-1,0,6,8,1,7,
#moving_targetting_pos=16,26|6,26|29,30|6,6|26,6|26,26|6,16|26,16|
#setting_targetting_pos=-1,-1|-1,-1|29,2|-1,-1|-1,-1|-1,-1|-1,-1|-1,-1|
#type=4,4,0,4,4,4,4,4,
........
#11111111111111111
#assigned_pet=-1,-1,-1,-1,-1,-1,-1,-1,
#assigned_hub=5,2,-1,0,6,8,1,7,
#moving_targetting_pos=16,26|6,26|29,30|6,6|26,6|26,26|6,16|26,16|
#setting_targetting_pos=-1,-1|-1,-1|29,2|-1,-1|-1,-1|-1,-1|-1,-1|-1,-1|
#type=4,4,0,4,4,4,4,4,
........
#11111111111111111
#assigned_pet=-1,-1,-1,-1,-1,-1,-1,-1,
#assigned_hub=5,2,-1,0,6,8,1,7,
#moving_targetting_pos=16,26|6,26|29,30|6,6|26,6|26,26|6,16|26,16|
#setting_targetting_pos=-1,-1|-1,-1|29,2|-1,-1|-1,-1|-1,-1|-1,-1|-1,-1|
#type=4,4,0,4,4,4,4,4,
........
#11111111111111111
#assigned_pet=-1,-1,-1,-1,-1,-1,-1,-1,
#assigned_hub=5,2,-1,0,6,8,1,7,
#moving_targetting_pos=16,26|6,26|29,30|6,6|26,6|26,26|6,16|26,16|
#setting_targetting_pos=-1,-1|-1,-1|29,2|-1,-1|-1,-1|-1,-1|-1,-1|-1,-1|
#type=4,4,0,4,4,4,4,4,
........
#11111111111111111
#assigned_pet=-1,-1,-1,-1,-1,-1,-1,-1,
#assigned_hub=5,2,-1,0,6,8,1,7,
#moving_targetting_pos=16,26|6,26|29,30|6,6|26,6|26,26|6,16|26,16|
#setting_targetting_pos=-1,-1|-1,-1|29,2|-1,-1|-1,-1|-1,-1|-1,-1|-1,-1|
#type=4,4,0,4,4,4,4,4,
........
#11111111111111111
#assigned_pet=-1,-1,-1,-1,-1,-1,-1,-1,
#assigned_hub=5,2,-1,0,6,8,1,7,
#moving_targetting_pos=16,26|6,26|29,30|6,6|26,6|26,26|6,16|26,16|
#setting_targetting_pos=-1,-1|-1,-1|29,2|-1,-1|-1,-1|-1,-1|-1,-1|-1,-1|
#type=4,4,0,4,4,4,4,4,
........
#11111111111111111
#assigned_pet=-1,-1,-1,-1,-1,-1,-1,-1,
#assigned_hub=5,2,-1,0,6,8,1,7,
#moving_targetting_pos=16,26|6,26|29,30|6,6|26,6|26,26|6,16|26,16|
#setting_targetting_pos=-1,-1|-1,-1|29,2|-1,-1|-1,-1|-1,-1|-1,-1|-1,-1|
#type=4,4,0,4,4,4,4,4,
........
#11111111111111111
#assigned_pet=-1,-1,-1,-1,-1,-1,-1,-1,
#assigned_hub=5,2,-1,0,6,8,1,7,
#moving_targetting_pos=16,26|6,26|29,30|6,6|26,6|26,26|6,16|26,16|
#setting_targetting_pos=-1,-1|-1,-1|29,2|-1,-1|-1,-1|-1,-1|-1,-1|-1,-1|
#type=4,4,0,4,4,4,4,4,
........
#11111111111111111
#assigned_pet=-1,-1,-1,-1,-1,-1,-1,-1,
#assigned_hub=5,2,-1,0,6,8,1,7,
#moving_targetting_pos=16,26|6,26|29,30|6,6|26,6|26,26|6,16|26,16|
#setting_targetting_pos=-1,-1|-1,-1|29,2|-1,-1|-1,-1|-1,-1|-1,-1|-1,-1|
#type=4,4,0,4,4,4,4,4,
........
#11111111111111111
#assigned_pet=-1,-1,-1,-1,-1,-1,-1,-1,
#assigned_hub=5,2,-1,0,6,8,1,7,
#moving_targetting_pos=16,26|6,26|29,30|6,6|26,6|26,26|6,16|26,16|
#setting_targetting_pos=-1,-1|-1,-1|29,2|-1,-1|-1,-1|-1,-1|-1,-1|-1,-1|
#type=4,4,0,4,4,4,4,4,
........
#11111111111111111
#assigned_pet=-1,-1,-1,-1,-1,-1,-1,-1,
#assigned_hub=5,2,-1,0,6,8,1,7,
#moving_targetting_pos=16,26|6,26|29,30|6,6|26,6|26,26|6,16|26,16|
#setting_targetting_pos=-1,-1|-1,-1|29,2|-1,-1|-1,-1|-1,-1|-1,-1|-1,-1|
#type=4,4,0,4,4,4,4,4,
........
#11111111111111111
#assigned_pet=-1,-1,-1,-1,-1,-1,-1,-1,
#assigned_hub=5,2,-1,0,6,8,1,7,
#moving_targetting_pos=16,26|6,26|29,30|6,6|26,6|26,26|6,16|26,16|
#setting_targetting_pos=-1,-1|-1,-1|29,2|-1,-1|-1,-1|-1,-1|-1,-1|-1,-1|
#type=4,4,0,4,4,4,4,4,
........
#11111111111111111
#assigned_pet=-1,-1,-1,-1,-1,-1,-1,-1,
#assigned_hub=5,2,-1,0,6,8,1,7,
#moving_targetting_pos=16,26|6,26|29,30|6,6|26,6|26,26|6,16|26,16|
#setting_targetting_pos=-1,-1|-1,-1|29,2|-1,-1|-1,-1|-1,-1|-1,-1|-1,-1|
#type=4,4,0,4,4,4,4,4,
........
#11111111111111111
#assigned_pet=-1,-1,-1,-1,-1,-1,-1,-1,
#assigned_hub=5,2,-1,0,6,8,1,7,
#moving_targetting_pos=16,26|6,26|29,30|6,6|26,6|26,26|6,16|26,16|
#setting_targetting_pos=-1,-1|-1,-1|29,2|-1,-1|-1,-1|-1,-1|-1,-1|-1,-1|
#type=4,4,0,4,4,4,4,4,
........
#11111111111111111
#assigned_pet=-1,-1,-1,-1,-1,-1,-1,-1,
#assigned_hub=5,2,-1,0,6,8,1,7,
#moving_targetting_pos=16,26|6,26|29,30|6,6|26,6|26,26|6,16|26,16|
#setting_targetting_pos=-1,-1|-1,-1|29,2|-1,-1|-1,-1|-1,-1|-1,-1|-1,-1|
#type=4,4,0,4,4,4,4,4,
........
#11111111111111111
#assigned_pet=-1,-1,-1,-1,-1,-1,-1,-1,
#assigned_hub=5,2,-1,0,6,8,1,7,
#moving_targetting_pos=16,26|6,26|29,30|6,6|26,6|26,26|6,16|26,16|
#setting_targetting_pos=-1,-1|-1,-1|29,2|-1,-1|-1,-1|-1,-1|-1,-1|-1,-1|
#type=4,4,0,4,4,4,4,4,
........
#11111111111111111
#assigned_pet=-1,-1,-1,-1,-1,-1,-1,-1,
#assigned_hub=5,2,-1,0,6,8,1,7,
#moving_targetting_pos=16,26|6,26|29,30|6,6|26,6|26,26|6,16|26,16|
#setting_targetting_pos=-1,-1|-1,-1|29,2|-1,-1|-1,-1|-1,-1|-1,-1|-1,-1|
#type=4,4,0,4,4,4,4,4,
........
#11111111111111111
#assigned_pet=-1,-1,-1,-1,-1,-1,-1,-1,
#assigned_hub=5,2,-1,0,6,8,1,7,
#moving_targetting_pos=16,26|6,26|29,30|6,6|26,6|26,26|6,16|26,16|
#setting_targetting_pos=-1,-1|-1,-1|29,2|-1,-1|-1,-1|-1,-1|-1,-1|-1,-1|
#type=4,4,0,4,4,4,4,4,
........
#11111111111111111
#assigned_pet=-1,-1,-1,-1,-1,-1,-1,-1,
#assigned_hub=5,2,-1,0,6,8,1,7,
#moving_targetting_pos=16,26|6,26|29,30|6,6|26,6|26,26|6,16|26,16|
#setting_targetting_pos=-1,-1|-1,-1|29,2|-1,-1|-1,-1|-1,-1|-1,-1|-1,-1|
#type=4,4,0,4,4,4,4,4,
........
#11111111111111111
#assigned_pet=-1,-1,-1,-1,-1,-1,-1,-1,
#assigned_hub=5,2,-1,0,6,8,1,7,
#moving_targetting_pos=16,26|6,26|29,30|6,6|26,6|26,26|6,16|26,16|
#setting_targetting_pos=-1,-1|-1,-1|29,2|-1,-1|-1,-1|-1,-1|-1,-1|-1,-1|
#type=4,4,0,4,4,4,4,4,
........
#11111111111111111
#assigned_pet=-1,-1,-1,-1,-1,-1,-1,-1,
#assigned_hub=5,2,-1,0,6,8,1,7,
#moving_targetting_pos=16,26|6,26|29,30|6,6|26,6|26,26|6,16|26,16|
#setting_targetting_pos=-1,-1|-1,-1|29,2|-1,-1|-1,-1|-1,-1|-1,-1|-1,-1|
#type=4,4,0,4,4,4,4,4,
........
#11111111111111111
#assigned_pet=-1,-1,-1,-1,-1,-1,-1,-1,
#assigned_hub=5,2,-1,0,6,8,1,7,
#moving_targetting_pos=16,26|6,26|29,30|6,6|26,6|26,26|6,16|26,16|
#setting_targetting_pos=-1,-1|-1,-1|29,2|-1,-1|-1,-1|-1,-1|-1,-1|-1,-1|
#type=4,4,0,4,4,4,4,4,
........
#11111111111111111
#assigned_pet=-1,-1,-1,-1,-1,-1,-1,-1,
#assigned_hub=5,2,-1,0,6,8,1,7,
#moving_targetting_pos=16,26|6,26|29,30|6,6|26,6|26,26|6,16|26,16|
#setting_targetting_pos=-1,-1|-1,-1|29,2|-1,-1|-1,-1|-1,-1|-1,-1|-1,-1|
#type=4,4,0,4,4,4,4,4,
........
#11111111111111111
#assigned_pet=-1,-1,-1,-1,-1,-1,-1,-1,
#assigned_hub=5,2,-1,0,6,8,1,7,
#moving_targetting_pos=16,26|6,26|29,30|6,6|26,6|26,26|6,16|26,16|
#setting_targetting_pos=-1,-1|-1,-1|29,2|-1,-1|-1,-1|-1,-1|-1,-1|-1,-1|
#type=4,4,0,4,4,4,4,4,
........
#11111111111111111
#assigned_pet=-1,-1,-1,-1,-1,-1,-1,-1,
#assigned_hub=5,2,-1,0,6,8,1,7,
#moving_targetting_pos=16,26|6,26|29,30|6,6|26,6|26,26|6,16|26,16|
#setting_targetting_pos=-1,-1|-1,-1|29,2|-1,-1|-1,-1|-1,-1|-1,-1|-1,-1|
#type=4,4,0,4,4,4,4,4,
........
#11111111111111111
#assigned_pet=-1,-1,-1,-1,-1,-1,-1,-1,
#assigned_hub=5,2,-1,0,6,8,1,7,
#moving_targetting_pos=16,26|6,26|29,30|6,6|26,6|26,26|6,16|26,16|
#setting_targetting_pos=-1,-1|-1,-1|29,2|-1,-1|-1,-1|-1,-1|-1,-1|-1,-1|
#type=4,4,0,4,4,4,4,4,
........
#11111111111111111
#assigned_pet=-1,-1,-1,-1,-1,-1,-1,-1,
#assigned_hub=5,2,-1,0,6,8,1,7,
#moving_targetting_pos=16,26|6,26|29,30|6,6|26,6|26,26|6,16|26,16|
#setting_targetting_pos=-1,-1|-1,-1|29,2|-1,-1|-1,-1|-1,-1|-1,-1|-1,-1|
#type=4,4,0,4,4,4,4,4,
........
#11111111111111111
#assigned_pet=-1,-1,-1,-1,-1,-1,-1,-1,
#assigned_hub=5,2,-1,0,6,8,1,7,
#moving_targetting_pos=16,26|6,26|29,30|6,6|26,6|26,26|6,16|26,16|
#setting_targetting_pos=-1,-1|-1,-1|29,2|-1,-1|-1,-1|-1,-1|-1,-1|-1,-1|
#type=4,4,0,4,4,4,4,4,
........
#11111111111111111
#assigned_pet=-1,-1,-1,-1,-1,-1,-1,-1,
#assigned_hub=5,2,-1,0,6,8,1,7,
#moving_targetting_pos=16,26|6,26|29,30|6,6|26,6|26,26|6,16|26,16|
#setting_targetting_pos=-1,-1|-1,-1|29,2|-1,-1|-1,-1|-1,-1|-1,-1|-1,-1|
#type=4,4,0,4,4,4,4,4,
........
#11111111111111111
#assigned_pet=-1,-1,-1,-1,-1,-1,-1,-1,
#assigned_hub=5,2,-1,0,6,8,1,7,
#moving_targetting_pos=16,26|6,26|29,30|6,6|26,6|26,26|6,16|26,16|
#setting_targetting_pos=-1,-1|-1,-1|29,2|-1,-1|-1,-1|-1,-1|-1,-1|-1,-1|
#type=4,4,0,4,4,4,4,4,
........
#11111111111111111
#assigned_pet=-1,-1,-1,-1,-1,-1,-1,-1,
#assigned_hub=5,2,-1,0,6,8,1,7,
#moving_targetting_pos=16,26|6,26|29,30|6,6|26,6|26,26|6,16|26,16|
#setting_targetting_pos=-1,-1|-1,-1|29,2|-1,-1|-1,-1|-1,-1|-1,-1|-1,-1|
#type=4,4,0,4,4,4,4,4,
........
#11111111111111111
#assigned_pet=-1,-1,-1,-1,-1,-1,-1,-1,
#assigned_hub=5,2,-1,0,6,8,1,7,
#moving_targetting_pos=16,26|6,26|29,30|6,6|26,6|26,26|6,16|26,16|
#setting_targetting_pos=-1,-1|-1,-1|29,2|-1,-1|-1,-1|-1,-1|-1,-1|-1,-1|
#type=4,4,0,4,4,4,4,4,
........
#11111111111111111
#assigned_pet=-1,-1,-1,-1,-1,-1,-1,-1,
#assigned_hub=5,2,-1,0,6,8,1,7,
#moving_targetting_pos=16,26|6,26|29,30|6,6|26,6|26,26|6,16|26,16|
#setting_targetting_pos=-1,-1|-1,-1|29,2|-1,-1|-1,-1|-1,-1|-1,-1|-1,-1|
#type=4,4,0,4,4,4,4,4,
........
#11111111111111111
#assigned_pet=-1,-1,-1,-1,-1,-1,-1,-1,
#assigned_hub=5,2,-1,0,6,8,1,7,
#moving_targetting_pos=16,26|6,26|29,30|6,6|26,6|26,26|6,16|26,16|
#setting_targetting_pos=-1,-1|-1,-1|29,2|-1,-1|-1,-1|-1,-1|-1,-1|-1,-1|
#type=4,4,0,4,4,4,4,4,
........
#11111111111111111
#assigned_pet=-1,-1,-1,-1,-1,-1,-1,-1,
#assigned_hub=5,2,-1,0,6,8,1,7,
#moving_targetting_pos=16,26|6,26|29,30|6,6|26,6|26,26|6,16|26,16|
#setting_targetting_pos=-1,-1|-1,-1|29,2|-1,-1|-1,-1|-1,-1|-1,-1|-1,-1|
#type=4,4,0,4,4,4,4,4,
........
#11111111111111111
#assigned_pet=-1,-1,-1,-1,-1,-1,-1,-1,
#assigned_hub=5,2,-1,0,6,8,1,7,
#moving_targetting_pos=16,26|6,26|29,30|6,6|26,6|26,26|6,16|26,16|
#setting_targetting_pos=-1,-1|-1,-1|29,2|-1,-1|-1,-1|-1,-1|-1,-1|-1,-1|
#type=4,4,0,4,4,4,4,4,
........
#11111111111111111
#assigned_pet=-1,-1,-1,-1,-1,-1,-1,-1,
#assigned_hub=5,2,-1,0,6,8,1,7,
#moving_targetting_pos=16,26|6,26|29,30|6,6|26,6|26,26|6,16|26,16|
#setting_targetting_pos=-1,-1|-1,-1|29,2|-1,-1|-1,-1|-1,-1|-1,-1|-1,-1|
#type=4,4,0,4,4,4,4,4,
........
#11111111111111111
#assigned_pet=-1,-1,-1,-1,-1,-1,-1,-1,
#assigned_hub=5,2,-1,0,6,8,1,7,
#moving_targetting_pos=16,26|6,26|29,30|6,6|26,6|26,26|6,16|26,16|
#setting_targetting_pos=-1,-1|-1,-1|29,2|-1,-1|-1,-1|-1,-1|-1,-1|-1,-1|
#type=4,4,0,4,4,4,4,4,
........
#11111111111111111
#assigned_pet=-1,-1,-1,-1,-1,-1,-1,-1,
#assigned_hub=5,2,-1,0,6,8,1,7,
#moving_targetting_pos=16,26|6,26|29,30|6,6|26,6|26,26|6,16|26,16|
#setting_targetting_pos=-1,-1|-1,-1|29,2|-1,-1|-1,-1|-1,-1|-1,-1|-1,-1|
#type=4,4,0,4,4,4,4,4,
........
