#00000000000000000000
#assigned_pet=-1,-1,-1,-1,-1,-1,-1,-1,-1,-1,
#assigned_hub=-1,-1,-1,-1,-1,-1,-1,-1,-1,7,
#moving_targetting_pos=2,29|9,30|19,30|5,1|12,1|15,30|25,1|22,1|29,2|26,16|
#setting_targetting_pos=2,1|9,2|19,2|5,30|12,29|15,1|25,30|22,29|29,30|0,0|
#type=1,1,1,1,1,1,1,1,1,4,
RRRLDRLLL.
#00000000000000000000
#assigned_pet=-1,-1,-1,-1,-1,-1,-1,-1,-1,-1,
#assigned_hub=-1,-1,-1,-1,-1,-1,-1,-1,-1,7,
#moving_targetting_pos=2,29|9,30|19,30|5,1|12,1|15,30|25,1|22,1|29,2|-1,-1|
#setting_targetting_pos=2,1|9,2|19,2|5,30|12,29|15,1|25,30|22,29|29,30|-1,-1|
#type=1,1,1,1,1,1,1,1,1,4,
RRRLDRLLL.
#00000000000000000000
#assigned_pet=-1,-1,-1,-1,-1,-1,-1,-1,-1,-1,
#assigned_hub=-1,-1,-1,-1,-1,-1,-1,-1,-1,7,
#moving_targetting_pos=2,29|9,30|19,30|5,1|12,1|15,30|25,1|22,1|29,2|-1,-1|
#setting_targetting_pos=2,1|9,2|19,2|5,30|12,29|15,1|25,30|22,29|29,30|-1,-1|
#type=1,1,1,1,1,1,1,1,1,4,
RRRLDRLLL.
#00000000000000000000
#assigned_pet=-1,-1,-1,-1,-1,-1,-1,-1,-1,-1,
#assigned_hub=-1,-1,-1,-1,-1,-1,-1,-1,-1,7,
#moving_targetting_pos=2,29|9,30|19,30|5,1|12,1|15,30|25,1|22,1|29,2|-1,-1|
#setting_targetting_pos=2,1|9,2|19,2|5,30|12,29|15,1|25,30|22,29|29,30|-1,-1|
#type=1,1,1,1,1,1,1,1,1,4,
RRRLDRLLL.
#00000000000000000000
#assigned_pet=-1,-1,-1,-1,-1,-1,-1,-1,-1,-1,
#assigned_hub=-1,-1,-1,-1,-1,-1,-1,-1,-1,7,
#moving_targetting_pos=2,29|9,30|19,30|5,1|12,1|15,30|25,1|22,1|29,2|-1,-1|
#setting_targetting_pos=2,1|9,2|19,2|5,30|12,29|15,1|25,30|22,29|29,30|-1,-1|
#type=1,1,1,1,1,1,1,1,1,4,
RRDLDRLLL.
#00000000000000000000
#assigned_pet=-1,-1,-1,-1,-1,-1,-1,-1,-1,-1,
#assigned_hub=-1,-1,-1,-1,-1,-1,-1,-1,-1,7,
#moving_targetting_pos=2,29|9,30|19,30|5,1|12,1|15,30|25,1|22,1|29,2|-1,-1|
#setting_targetting_pos=2,1|9,2|19,2|5,30|12,29|15,1|25,30|22,29|29,30|-1,-1|
#type=1,1,2,1,1,1,1,1,1,4,
RRdLDDLLL.
#00000000000000000000
#assigned_pet=-1,-1,-1,-1,-1,-1,-1,-1,-1,-1,
#assigned_hub=-1,-1,-1,-1,-1,-1,-1,-1,-1,7,
#moving_targetting_pos=2,29|9,30|19,30|5,1|12,1|15,30|25,1|22,1|29,2|-1,-1|
#setting_targetting_pos=2,1|9,2|19,2|5,30|12,29|15,1|25,30|22,29|29,30|-1,-1|
#type=1,1,2,1,1,1,1,1,1,4,
RRLLDDLLL.
#00000000000000000000
#assigned_pet=-1,-1,-1,-1,-1,-1,-1,-1,-1,-1,
#assigned_hub=-1,-1,-1,-1,-1,-1,-1,-1,-1,7,
#moving_targetting_pos=2,29|9,30|19,30|5,1|12,1|15,30|25,1|22,1|29,2|-1,-1|
#setting_targetting_pos=2,1|9,2|19,2|5,30|12,29|15,1|25,30|22,29|29,30|-1,-1|
#type=1,1,2,1,1,1,1,1,1,4,
RRLLDDLLL.
#00000000000000000000
#assigned_pet=-1,-1,-1,-1,-1,-1,-1,-1,-1,-1,
#assigned_hub=-1,-1,-1,-1,-1,-1,-1,-1,-1,7,
#moving_targetting_pos=2,29|9,30|19,30|5,1|12,1|15,30|25,1|22,1|29,2|-1,-1|
#setting_targetting_pos=2,1|9,2|19,2|5,30|12,29|15,1|25,30|22,29|29,30|-1,-1|
#type=1,1,2,1,1,1,1,1,1,4,
RRrLDDLLD.
#00000000000000000000
#assigned_pet=-1,-1,-1,-1,-1,-1,-1,-1,-1,-1,
#assigned_hub=-1,-1,-1,-1,-1,-1,-1,-1,-1,7,
#moving_targetting_pos=2,29|9,30|19,30|5,1|12,1|15,30|25,1|22,1|29,2|-1,-1|
#setting_targetting_pos=2,1|9,2|19,2|5,30|12,29|15,1|25,30|22,29|29,30|-1,-1|
#type=1,1,2,1,2,1,1,1,1,4,
RRuLuDLLD.
#00000000000000000000
#assigned_pet=-1,-1,-1,-1,-1,-1,-1,-1,-1,-1,
#assigned_hub=-1,-1,-1,-1,-1,-1,-1,-1,-1,7,
#moving_targetting_pos=2,29|9,30|19,30|5,1|12,1|15,30|25,1|22,1|29,2|-1,-1|
#setting_targetting_pos=2,1|9,2|19,2|5,30|12,29|15,1|25,30|22,29|29,30|-1,-1|
#type=1,1,2,1,2,1,1,1,1,4,
RDLURDLLD.
#00000000000000000000
#assigned_pet=-1,-1,-1,-1,-1,-1,-1,-1,-1,-1,
#assigned_hub=-1,-1,-1,-1,-1,-1,-1,-1,-1,7,
#moving_targetting_pos=2,29|9,30|19,30|5,1|12,1|15,30|25,1|22,1|29,2|-1,-1|
#setting_targetting_pos=2,1|9,2|19,2|5,30|12,29|15,1|25,30|22,29|29,30|-1,-1|
#type=1,2,2,1,2,1,1,1,1,4,
RdLURDLLD.
#00000000000000000000
#assigned_pet=-1,-1,-1,-1,-1,-1,-1,-1,-1,-1,
#assigned_hub=-1,-1,-1,-1,-1,-1,-1,-1,-1,7,
#moving_targetting_pos=2,29|9,30|19,30|5,1|12,1|15,30|25,1|22,1|29,2|-1,-1|
#setting_targetting_pos=2,1|9,2|19,2|5,30|12,29|15,1|25,30|22,29|29,30|-1,-1|
#type=1,2,2,2,2,2,1,1,1,4,
ULdd.dLLD.
#00000000000000000000
#assigned_pet=-1,-1,-1,-1,-1,-1,-1,-1,-1,-1,
#assigned_hub=-1,-1,-1,-1,-1,-1,-1,-1,-1,7,
#moving_targetting_pos=2,29|9,30|19,30|5,1|12,1|15,30|25,1|22,1|29,2|-1,-1|
#setting_targetting_pos=2,1|9,2|19,2|5,30|12,29|15,1|25,30|22,29|29,30|-1,-1|
#type=2,2,2,2,2,2,1,1,1,4,
rLLRdLUDD.
#00000000000000000000
#assigned_pet=-1,-1,-1,-1,-1,-1,-1,-1,-1,-1,
#assigned_hub=-1,-1,-1,-1,-1,-1,-1,-1,-1,7,
#moving_targetting_pos=2,29|9,30|19,30|5,1|12,1|15,30|25,1|22,1|29,2|-1,-1|
#setting_targetting_pos=2,1|9,2|19,2|5,30|12,29|15,1|25,30|22,29|29,30|-1,-1|
#type=2,2,2,2,2,2,2,1,1,4,
drrd.ddDD.
#00000000000000000000
#assigned_pet=-1,-1,-1,-1,-1,-1,-1,-1,-1,18,
#assigned_hub=-1,-1,-1,-1,-1,-1,-1,-1,-1,7,
#moving_targetting_pos=2,29|9,30|19,30|5,1|12,1|15,30|25,1|22,1|29,2|-1,-1|
#setting_targetting_pos=2,1|9,2|19,2|5,30|12,29|15,1|25,30|22,29|29,30|28,15|
#type=2,2,2,2,2,2,2,1,1,4,
LuLR.LRDDL
#00000000000000000000
#assigned_pet=-1,-1,-1,-1,-1,-1,-1,-1,-1,-1,
#assigned_hub=-1,-1,-1,-1,-1,-1,-1,-1,-1,7,
#moving_targetting_pos=2,29|9,30|19,30|5,1|12,1|15,30|25,1|22,1|29,2|-1,-1|
#setting_targetting_pos=2,1|9,2|19,2|5,30|12,29|15,1|25,30|22,29|29,30|-1,-1|
#type=2,2,2,2,2,2,2,1,1,4,
LLudludDD.
#00000000000000000000
#assigned_pet=-1,-1,-1,-1,-1,-1,-1,-1,-1,-1,
#assigned_hub=-1,-1,-1,-1,-1,-1,-1,-1,-1,7,
#moving_targetting_pos=2,29|9,30|19,30|5,1|12,1|15,30|25,1|22,1|29,2|-1,-1|
#setting_targetting_pos=2,1|9,2|19,2|5,30|12,29|15,1|25,30|22,29|29,30|-1,-1|
#type=2,2,2,2,2,2,2,1,1,4,
LLLRRLRDR.
#00000000000000000000
#assigned_pet=-1,-1,-1,-1,-1,-1,-1,-1,-1,-1,
#assigned_hub=-1,-1,-1,-1,-1,-1,-1,-1,-1,7,
#moving_targetting_pos=2,29|9,30|19,30|5,1|12,1|15,30|25,1|22,1|29,2|-1,-1|
#setting_targetting_pos=2,1|9,2|19,2|5,30|12,29|15,1|25,30|22,29|29,30|-1,-1|
#type=2,2,2,2,2,2,2,1,1,4,
ddLuRLdDD.
#00000000000000000000
#assigned_pet=-1,-1,-1,-1,-1,-1,-1,-1,-1,-1,
#assigned_hub=-1,-1,-1,-1,-1,-1,-1,-1,-1,7,
#moving_targetting_pos=2,29|9,30|19,30|5,1|12,1|15,30|25,1|22,1|29,2|-1,-1|
#setting_targetting_pos=2,1|9,2|19,2|5,30|12,29|15,1|25,30|22,29|29,30|-1,-1|
#type=2,2,2,2,2,2,2,1,1,4,
uLrRRLRDR.
#00000000000000000000
#assigned_pet=-1,-1,-1,-1,-1,-1,-1,-1,-1,18,
#assigned_hub=-1,-1,-1,-1,-1,-1,-1,-1,-1,7,
#moving_targetting_pos=2,29|9,30|19,30|5,1|12,1|15,30|25,1|22,1|29,2|-1,-1|
#setting_targetting_pos=2,1|9,2|19,2|5,30|12,29|15,1|25,30|22,29|29,30|28,17|
#type=2,2,2,2,2,2,2,1,1,4,
LrdRdLuDDR
#00000000000000000000
#assigned_pet=-1,-1,-1,-1,-1,-1,-1,-1,-1,-1,
#assigned_hub=-1,-1,-1,-1,-1,-1,-1,-1,-1,7,
#moving_targetting_pos=2,29|9,30|19,30|5,1|12,1|15,30|25,1|22,1|29,2|-1,-1|
#setting_targetting_pos=2,1|9,2|19,2|5,30|12,29|15,1|25,30|22,29|29,30|-1,-1|
#type=2,2,2,2,2,2,2,1,1,4,
rLLRuuRDR.
#00000000000000000000
#assigned_pet=-1,-1,-1,-1,-1,-1,-1,-1,-1,-1,
#assigned_hub=-1,-1,-1,-1,-1,-1,-1,-1,-1,7,
#moving_targetting_pos=2,29|9,30|19,30|5,1|12,1|15,30|25,1|22,1|29,2|-1,-1|
#setting_targetting_pos=2,1|9,2|19,2|5,30|12,29|15,1|25,30|22,29|29,30|-1,-1|
#type=2,2,2,2,2,2,2,2,1,4,
LuLRRLRuD.
#00000000000000000000
#assigned_pet=-1,-1,-1,-1,-1,-1,-1,-1,-1,-1,
#assigned_hub=-1,-1,-1,-1,-1,-1,-1,-1,-1,7,
#moving_targetting_pos=2,29|9,30|19,30|5,1|12,1|15,30|25,1|22,1|29,2|-1,-1|
#setting_targetting_pos=2,1|9,2|19,2|5,30|12,29|15,1|25,30|22,29|29,30|-1,-1|
#type=2,2,2,2,2,2,2,2,1,4,
LLduldRRD.
#00000000000000000000
#assigned_pet=-1,-1,-1,-1,-1,-1,-1,-1,-1,18,
#assigned_hub=-1,-1,-1,-1,-1,-1,-1,-1,-1,7,
#moving_targetting_pos=2,29|9,30|19,30|5,1|12,1|15,30|25,1|22,1|29,2|-1,-1|
#setting_targetting_pos=2,1|9,2|19,2|5,30|12,29|15,1|25,30|22,29|29,30|28,15|
#type=2,2,2,2,2,2,2,2,1,4,
dLLRRLRRDL
#00000000000000000000
#assigned_pet=-1,-1,-1,-1,-1,-1,-1,-1,-1,18,
#assigned_hub=-1,-1,-1,-1,-1,-1,-1,-1,-1,7,
#moving_targetting_pos=2,29|9,30|19,30|5,1|12,1|15,30|25,1|22,1|29,2|-1,-1|
#setting_targetting_pos=2,1|9,2|19,2|5,30|12,29|15,1|25,30|22,29|29,30|28,15|
#type=2,2,2,2,2,2,2,2,1,4,
LrLdRdulDD
#00000000000000000000
#assigned_pet=-1,-1,-1,-1,-1,-1,-1,-1,-1,18,
#assigned_hub=-1,-1,-1,-1,-1,-1,-1,-1,-1,7,
#moving_targetting_pos=2,29|9,30|19,30|5,1|12,1|15,30|25,1|22,1|29,2|-1,-1|
#setting_targetting_pos=2,1|9,2|19,2|5,30|12,29|15,1|25,30|22,29|29,30|28,15|
#type=2,2,2,2,2,2,2,2,1,4,
LdrR.LRdDD
#00000000000000000000
#assigned_pet=-1,-1,-1,-1,-1,-1,-1,-1,-1,18,
#assigned_hub=-1,-1,-1,-1,-1,-1,-1,-1,-1,7,
#moving_targetting_pos=2,29|9,30|19,30|5,1|12,1|15,30|25,1|22,1|29,2|-1,-1|
#setting_targetting_pos=2,1|9,2|19,2|5,30|12,29|15,1|25,30|22,29|29,30|28,15|
#type=2,2,2,2,2,2,2,2,1,4,
rL.d.ddRD.
#00000000000000000000
#assigned_pet=-1,-1,-1,-1,-1,-1,-1,-1,-1,18,
#assigned_hub=-1,-1,-1,-1,-1,-1,-1,-1,-1,7,
#moving_targetting_pos=2,29|9,30|19,30|5,1|12,1|15,30|25,1|22,1|29,2|-1,-1|
#setting_targetting_pos=2,1|9,2|19,2|5,30|12,29|15,1|25,30|22,29|29,30|28,15|
#type=2,2,2,2,2,2,2,2,1,4,
uLuR.LRRD.
#00000000000000000000
#assigned_pet=-1,-1,-1,-1,-1,-1,-1,-1,-1,18,
#assigned_hub=-1,-1,-1,-1,-1,-1,-1,-1,-1,7,
#moving_targetting_pos=2,29|9,30|19,30|5,1|12,1|15,30|25,1|22,1|29,2|-1,-1|
#setting_targetting_pos=2,1|9,2|19,2|5,30|12,29|15,1|25,30|22,29|29,30|28,15|
#type=2,2,2,2,2,2,2,2,1,4,
LdL...dRD.
#00000000000000000000
#assigned_pet=-1,-1,-1,-1,-1,-1,-1,-1,-1,-1,
#assigned_hub=-1,-1,-1,-1,-1,-1,-1,-1,-1,7,
#moving_targetting_pos=2,29|9,30|19,30|5,1|12,1|15,30|25,1|22,1|29,2|-1,-1|
#setting_targetting_pos=2,1|9,2|19,2|5,30|12,29|15,1|25,30|22,29|29,30|-1,-1|
#type=2,2,2,2,2,2,2,2,1,4,
LLLd.dRdL.
#00000000000000000000
#assigned_pet=-1,-1,-1,-1,-1,-1,-1,-1,-1,18,
#assigned_hub=-1,-1,-1,-1,-1,-1,-1,-1,-1,7,
#moving_targetting_pos=2,29|9,30|19,30|5,1|12,1|15,30|25,1|22,1|29,2|-1,-1|
#setting_targetting_pos=2,1|9,2|19,2|5,30|12,29|15,1|25,30|22,29|29,30|28,15|
#type=2,2,2,2,2,2,2,2,1,4,
rLdRdLduD.
#00000000000000000000
#assigned_pet=-1,-1,-1,-1,-1,-1,-1,-1,-1,18,
#assigned_hub=-1,-1,-1,-1,-1,-1,-1,-1,-1,7,
#moving_targetting_pos=2,29|9,30|19,30|5,1|12,1|15,30|25,1|22,1|29,2|-1,-1|
#setting_targetting_pos=2,1|9,2|19,2|5,30|12,29|15,1|25,30|22,29|29,30|28,15|
#type=2,2,2,2,2,2,2,2,1,4,
drL.R.RRD.
#00000000000000000000
#assigned_pet=-1,-1,-1,-1,-1,-1,-1,-1,-1,-1,
#assigned_hub=-1,-1,-1,-1,-1,-1,-1,-1,-1,7,
#moving_targetting_pos=2,29|9,30|19,30|5,1|12,1|15,30|25,1|22,1|29,2|-1,-1|
#setting_targetting_pos=2,1|9,2|19,2|5,30|12,29|15,1|25,30|22,29|29,30|-1,-1|
#type=2,2,2,2,2,2,2,2,1,4,
LurdR.dlL.
#00000000000000000000
#assigned_pet=-1,-1,-1,-1,-1,-1,-1,-1,-1,-1,
#assigned_hub=-1,-1,-1,-1,-1,-1,-1,-1,-1,7,
#moving_targetting_pos=2,29|9,30|19,30|5,1|12,1|15,30|25,1|22,1|29,2|-1,-1|
#setting_targetting_pos=2,1|9,2|19,2|5,30|12,29|15,1|25,30|22,29|29,30|-1,-1|
#type=2,2,2,2,2,2,2,2,1,4,
LLLRl.RRL.
#00000000000000000000
#assigned_pet=-1,-1,-1,-1,-1,-1,-1,-1,-1,-1,
#assigned_hub=-1,-1,-1,-1,-1,-1,-1,-1,-1,7,
#moving_targetting_pos=2,29|9,30|19,30|5,1|12,1|15,30|25,1|22,1|29,2|-1,-1|
#setting_targetting_pos=2,1|9,2|19,2|5,30|12,29|15,1|25,30|22,29|29,30|-1,-1|
#type=2,2,2,2,2,2,2,2,1,4,
LL.duddRD.
#00000000000000000000
#assigned_pet=-1,-1,-1,-1,-1,-1,-1,-1,-1,-1,
#assigned_hub=-1,-1,-1,-1,-1,-1,-1,-1,-1,7,
#moving_targetting_pos=2,29|9,30|19,30|5,1|12,1|15,30|25,1|22,1|29,2|-1,-1|
#setting_targetting_pos=2,1|9,2|19,2|5,30|12,29|15,1|25,30|22,29|29,30|-1,-1|
#type=2,2,2,2,2,2,2,2,1,4,
d.uRRLRdD.
#00000000000000000000
#assigned_pet=-1,-1,-1,-1,-1,-1,-1,-1,-1,-1,
#assigned_hub=-1,-1,-1,-1,-1,-1,-1,-1,-1,7,
#moving_targetting_pos=2,29|9,30|19,30|5,1|12,1|15,30|25,1|22,1|29,2|-1,-1|
#setting_targetting_pos=2,1|9,2|19,2|5,30|12,29|15,1|25,30|22,29|29,30|-1,-1|
#type=2,2,2,2,2,2,2,2,2,4,
udL.RuuR..
#00000000000000000000
#assigned_pet=-1,-1,-1,-1,-1,-1,-1,-1,-1,-1,
#assigned_hub=-1,-1,-1,-1,-1,-1,-1,-1,-1,7,
#moving_targetting_pos=2,29|9,30|19,30|5,1|12,1|15,30|25,1|22,1|29,2|-1,-1|
#setting_targetting_pos=2,1|9,2|19,2|5,30|12,29|15,1|25,30|22,29|29,30|-1,-1|
#type=2,2,2,2,2,2,2,2,2,4,
LLL.lLRRd.
#00000000000000000000
#assigned_pet=-1,-1,-1,-1,-1,-1,-1,-1,-1,-1,
#assigned_hub=-1,-1,-1,-1,-1,-1,-1,-1,-1,7,
#moving_targetting_pos=2,29|9,30|19,30|5,1|12,1|15,30|25,1|22,1|29,2|-1,-1|
#setting_targetting_pos=2,1|9,2|19,2|5,30|12,29|15,1|25,30|22,29|29,30|-1,-1|
#type=2,2,2,2,2,2,2,2,2,4,
rrr.dLRlR.
#00000000000000000000
#assigned_pet=-1,-1,-1,-1,-1,-1,-1,-1,-1,-1,
#assigned_hub=-1,-1,-1,-1,-1,-1,-1,-1,-1,7,
#moving_targetting_pos=2,29|9,30|19,30|5,1|12,1|15,30|25,1|22,1|29,2|-1,-1|
#setting_targetting_pos=2,1|9,2|19,2|5,30|12,29|15,1|25,30|22,29|29,30|-1,-1|
#type=2,2,2,2,2,2,2,2,2,4,
LLduRLRuR.
#00000000000000000000
#assigned_pet=-1,-1,-1,-1,-1,-1,-1,-1,-1,-1,
#assigned_hub=-1,-1,-1,-1,-1,-1,-1,-1,-1,7,
#moving_targetting_pos=2,29|9,30|19,30|5,1|12,1|15,30|25,1|22,1|29,2|-1,-1|
#setting_targetting_pos=2,1|9,2|19,2|5,30|12,29|15,1|25,30|22,29|29,30|-1,-1|
#type=2,2,2,2,2,2,2,2,2,4,
LuLRRLRR..
#00000000000000000000
#assigned_pet=-1,-1,-1,-1,-1,-1,-1,-1,-1,-1,
#assigned_hub=-1,-1,-1,-1,-1,-1,-1,-1,-1,7,
#moving_targetting_pos=2,29|9,30|19,30|5,1|12,1|15,30|25,1|22,1|29,2|-1,-1|
#setting_targetting_pos=2,1|9,2|19,2|5,30|12,29|15,1|25,30|22,29|29,30|-1,-1|
#type=2,2,2,2,2,2,2,2,2,4,
dLLRR.uRl.
#00000000000000000000
#assigned_pet=-1,-1,-1,-1,-1,-1,-1,-1,-1,-1,
#assigned_hub=-1,-1,-1,-1,-1,-1,-1,-1,-1,7,
#moving_targetting_pos=2,29|9,30|19,30|5,1|12,1|15,30|25,1|22,1|29,2|-1,-1|
#setting_targetting_pos=2,1|9,2|19,2|5,30|12,29|15,1|25,30|22,29|29,30|-1,-1|
#type=2,2,2,2,2,2,2,2,2,4,
LLdRd.R.u.
#00000000000000000000
#assigned_pet=-1,-1,-1,-1,-1,-1,-1,-1,-1,-1,
#assigned_hub=-1,-1,-1,-1,-1,-1,-1,-1,-1,7,
#moving_targetting_pos=2,29|9,30|19,30|5,1|12,1|15,30|25,1|22,1|29,2|-1,-1|
#setting_targetting_pos=2,1|9,2|19,2|5,30|12,29|15,1|25,30|22,29|29,30|-1,-1|
#type=2,2,2,2,2,2,2,2,2,4,
LrLRu.d.R.
#00000000000000000000
#assigned_pet=-1,-1,-1,-1,-1,-1,-1,-1,-1,-1,
#assigned_hub=-1,-1,-1,-1,-1,-1,-1,-1,-1,7,
#moving_targetting_pos=2,29|9,30|19,30|5,1|12,1|15,30|25,1|22,1|29,2|-1,-1|
#setting_targetting_pos=2,1|9,2|19,2|5,30|12,29|15,1|25,30|22,29|29,30|-1,-1|
#type=2,2,2,2,2,2,2,2,2,4,
rdLuR.RlR.
#00000000000000000000
#assigned_pet=-1,-1,-1,-1,-1,-1,-1,-1,-1,-1,
#assigned_hub=-1,-1,-1,-1,-1,-1,-1,-1,-1,7,
#moving_targetting_pos=2,29|9,30|19,30|5,1|12,1|15,30|25,1|22,1|29,2|-1,-1|
#setting_targetting_pos=2,1|9,2|19,2|5,30|12,29|15,1|25,30|22,29|29,30|-1,-1|
#type=2,2,2,2,2,2,2,2,2,4,
uLrRl.ddd.
#00000000000000000000
#assigned_pet=-1,-1,-1,-1,-1,-1,-1,-1,-1,-1,
#assigned_hub=-1,-1,-1,-1,-1,-1,-1,-1,-1,7,
#moving_targetting_pos=2,29|9,30|19,30|5,1|12,1|15,30|25,1|22,1|29,2|-1,-1|
#setting_targetting_pos=2,1|9,2|19,2|5,30|12,29|15,1|25,30|22,29|29,30|-1,-1|
#type=2,2,2,2,2,2,2,2,2,4,
LLudR.RRR.
#00000000000000000000
#assigned_pet=-1,-1,-1,-1,-1,-1,-1,-1,-1,18,
#assigned_hub=-1,-1,-1,-1,-1,-1,-1,-1,-1,7,
#moving_targetting_pos=2,29|9,30|19,30|5,1|12,1|15,30|25,1|22,1|29,2|-1,-1|
#setting_targetting_pos=2,1|9,2|19,2|5,30|12,29|15,1|25,30|22,29|29,30|28,15|
#type=2,2,2,2,2,2,2,2,2,4,
LdLRRudR..
#00000000000000000000
#assigned_pet=-1,-1,-1,-1,-1,-1,-1,-1,-1,-1,
#assigned_hub=-1,-1,-1,-1,-1,-1,-1,-1,-1,7,
#moving_targetting_pos=2,29|9,30|19,30|5,1|12,1|15,30|25,1|22,1|29,2|-1,-1|
#setting_targetting_pos=2,1|9,2|19,2|5,30|12,29|15,1|25,30|22,29|29,30|-1,-1|
#type=2,2,2,2,2,2,2,2,2,4,
rLLddLRRl.
#00000000000000000000
#assigned_pet=-1,-1,-1,-1,-1,-1,-1,-1,-1,-1,
#assigned_hub=-1,-1,-1,-1,-1,-1,-1,-1,-1,7,
#moving_targetting_pos=2,29|9,30|19,30|5,1|12,1|15,30|25,1|22,1|29,2|-1,-1|
#setting_targetting_pos=2,1|9,2|19,2|5,30|12,29|15,1|25,30|22,29|29,30|-1,-1|
#type=2,2,2,2,2,2,2,2,2,4,
dL.RR.ddR.
#00000000000000000000
#assigned_pet=-1,-1,-1,-1,-1,-1,-1,-1,-1,-1,
#assigned_hub=-1,-1,-1,-1,-1,-1,-1,-1,-1,7,
#moving_targetting_pos=2,29|9,30|19,30|5,1|12,1|15,30|25,1|22,1|29,2|-1,-1|
#setting_targetting_pos=2,1|9,2|19,2|5,30|12,29|15,1|25,30|22,29|29,30|-1,-1|
#type=2,2,2,2,2,2,2,2,2,4,
Lr.dRdRuu.
#00000000000000000000
#assigned_pet=-1,-1,-1,-1,-1,-1,-1,-1,-1,18,
#assigned_hub=-1,-1,-1,-1,-1,-1,-1,-1,-1,7,
#moving_targetting_pos=2,29|9,30|19,30|5,1|12,1|15,30|25,1|22,1|29,2|-1,-1|
#setting_targetting_pos=2,1|9,2|19,2|5,30|12,29|15,1|25,30|22,29|29,30|28,15|
#type=2,2,2,2,2,2,2,2,2,4,
Lu.RlLdRR.
#00000000000000000000
#assigned_pet=-1,-1,-1,-1,-1,-1,-1,-1,-1,18,
#assigned_hub=-1,-1,-1,-1,-1,-1,-1,-1,-1,7,
#moving_targetting_pos=2,29|9,30|19,30|5,1|12,1|15,30|25,1|22,1|29,2|-1,-1|
#setting_targetting_pos=2,1|9,2|19,2|5,30|12,29|15,1|25,30|22,29|29,30|28,15|
#type=2,2,2,2,2,2,2,2,2,4,
LLdd.dRlR.
#00000000000000000000
#assigned_pet=-1,-1,-1,-1,-1,-1,-1,-1,-1,-1,
#assigned_hub=-1,-1,-1,-1,-1,-1,-1,-1,-1,7,
#moving_targetting_pos=2,29|9,30|19,30|5,1|12,1|15,30|25,1|22,1|29,2|-1,-1|
#setting_targetting_pos=2,1|9,2|19,2|5,30|12,29|15,1|25,30|22,29|29,30|-1,-1|
#type=2,2,2,2,2,2,2,2,2,4,
dLLR.L.Rl.
#00000000000000000000
#assigned_pet=-1,-1,-1,-1,-1,-1,-1,-1,-1,-1,
#assigned_hub=-1,-1,-1,-1,-1,-1,-1,-1,-1,7,
#moving_targetting_pos=2,29|9,30|19,30|5,1|12,1|15,30|25,1|22,1|29,2|-1,-1|
#setting_targetting_pos=2,1|9,2|19,2|5,30|12,29|15,1|25,30|22,29|29,30|-1,-1|
#type=2,2,2,2,2,2,2,2,2,4,
udrduduRd.
#00000000000000000000
#assigned_pet=-1,-1,-1,-1,-1,-1,-1,-1,-1,-1,
#assigned_hub=-1,-1,-1,-1,-1,-1,-1,-1,-1,7,
#moving_targetting_pos=2,29|9,30|19,30|5,1|12,1|15,30|25,1|22,1|29,2|-1,-1|
#setting_targetting_pos=2,1|9,2|19,2|5,30|12,29|15,1|25,30|22,29|29,30|-1,-1|
#type=2,2,2,2,2,2,2,2,2,4,
LLLRRLRdR.
#00000000000000000000
#assigned_pet=-1,-1,-1,-1,-1,-1,-1,-1,-1,-1,
#assigned_hub=-1,-1,-1,-1,-1,-1,-1,-1,-1,7,
#moving_targetting_pos=2,29|9,30|19,30|5,1|12,1|15,30|25,1|22,1|29,2|-1,-1|
#setting_targetting_pos=2,1|9,2|19,2|5,30|12,29|15,1|25,30|22,29|29,30|-1,-1|
#type=2,2,2,2,2,2,2,2,2,4,
rruuR.RRR.
#00000000000000000000
#assigned_pet=-1,-1,-1,-1,-1,-1,-1,-1,-1,-1,
#assigned_hub=-1,-1,-1,-1,-1,-1,-1,-1,-1,7,
#moving_targetting_pos=2,29|9,30|19,30|5,1|12,1|15,30|25,1|22,1|29,2|-1,-1|
#setting_targetting_pos=2,1|9,2|19,2|5,30|12,29|15,1|25,30|22,29|29,30|-1,-1|
#type=2,2,2,2,2,2,2,2,2,4,
LLLRl.RRd.
#00000000000000000000
#assigned_pet=-1,-1,-1,-1,-1,-1,-1,-1,-1,-1,
#assigned_hub=-1,-1,-1,-1,-1,-1,-1,-1,-1,7,
#moving_targetting_pos=2,29|9,30|19,30|5,1|12,1|15,30|25,1|22,1|29,2|-1,-1|
#setting_targetting_pos=2,1|9,2|19,2|5,30|12,29|15,1|25,30|22,29|29,30|-1,-1|
#type=2,2,2,2,2,2,2,2,2,4,
LuLRd.RlR.
#00000000000000000000
#assigned_pet=-1,-1,-1,-1,-1,-1,-1,-1,-1,-1,
#assigned_hub=-1,-1,-1,-1,-1,-1,-1,-1,-1,7,
#moving_targetting_pos=2,29|9,30|19,30|5,1|12,1|15,30|25,1|22,1|29,2|-1,-1|
#setting_targetting_pos=2,1|9,2|19,2|5,30|12,29|15,1|25,30|22,29|29,30|-1,-1|
#type=2,2,2,2,2,2,2,2,2,4,
dLrRR.uuR.
#00000000000000000000
#assigned_pet=-1,-1,-1,-1,-1,-1,-1,-1,-1,-1,
#assigned_hub=-1,-1,-1,-1,-1,-1,-1,-1,-1,7,
#moving_targetting_pos=2,29|9,30|19,30|5,1|12,1|15,30|25,1|22,1|29,2|-1,-1|
#setting_targetting_pos=2,1|9,2|19,2|5,30|12,29|15,1|25,30|22,29|29,30|-1,-1|
#type=2,2,2,2,2,2,2,2,2,4,
LLdRR.RRl.
#00000000000000000000
#assigned_pet=-1,-1,-1,-1,-1,-1,-1,-1,-1,-1,
#assigned_hub=-1,-1,3,-1,-1,-1,-1,-1,-1,7,
#moving_targetting_pos=2,29|9,30|16,6|5,1|12,1|15,30|25,1|22,1|29,2|-1,-1|
#setting_targetting_pos=2,1|9,2|19,2|5,30|12,29|15,1|25,30|22,29|29,30|-1,-1|
#type=2,2,3,2,2,2,2,2,2,4,
LrUuR.dRu.
#00000000000000000000
#assigned_pet=-1,-1,-1,-1,-1,-1,-1,-1,-1,-1,
#assigned_hub=-1,-1,3,-1,-1,-1,-1,-1,-1,7,
#moving_targetting_pos=2,29|9,30|16,6|5,1|12,1|15,30|25,1|22,1|29,2|-1,-1|
#setting_targetting_pos=2,1|9,2|-1,-1|5,30|12,29|15,1|25,30|22,29|29,30|-1,-1|
#type=2,2,3,2,2,2,2,2,2,4,
rdRRu.RlR.
#00000000000000000000
#assigned_pet=-1,-1,-1,-1,-1,-1,-1,-1,-1,-1,
#assigned_hub=-1,0,3,-1,-1,-1,-1,-1,-1,7,
#moving_targetting_pos=2,29|6,6|16,6|5,1|12,1|15,30|25,1|22,1|29,2|-1,-1|
#setting_targetting_pos=2,1|9,2|-1,-1|5,30|12,29|15,1|25,30|22,29|29,30|-1,-1|
#type=2,3,3,2,2,2,2,2,2,4,
uUUd..ddR.
#00000000000000000000
#assigned_pet=-1,-1,-1,-1,-1,-1,-1,-1,-1,-1,
#assigned_hub=1,0,3,-1,-1,-1,8,-1,-1,7,
#moving_targetting_pos=6,16|6,6|16,6|5,1|12,1|15,30|26,26|22,1|29,2|-1,-1|
#setting_targetting_pos=2,1|-1,-1|-1,-1|5,30|12,29|15,1|25,30|22,29|29,30|-1,-1|
#type=3,3,3,2,2,2,3,2,2,4,
DRRR..LRd.
#00000000000000000000
#assigned_pet=-1,-1,-1,-1,-1,-1,-1,-1,-1,-1,
#assigned_hub=1,0,3,-1,-1,-1,8,-1,-1,7,
#moving_targetting_pos=6,16|6,6|16,6|5,1|12,1|15,30|26,26|22,1|29,2|-1,-1|
#setting_targetting_pos=-1,-1|-1,-1|-1,-1|5,30|12,29|15,1|-1,-1|22,29|29,30|-1,-1|
#type=3,3,3,2,2,2,3,2,2,4,
RURd.dLRR.
#00000000000000000000
#assigned_pet=-1,-1,-1,-1,-1,-1,-1,-1,-1,-1,
#assigned_hub=1,0,3,2,-1,-1,8,-1,-1,7,
#moving_targetting_pos=6,16|6,6|-1,-1|6,26|12,1|15,30|26,26|22,1|29,2|-1,-1|
#setting_targetting_pos=-1,-1|-1,-1|-1,-1|5,30|12,29|15,1|-1,-1|22,29|29,30|-1,-1|
#type=3,3,4,3,2,2,3,2,2,4,
DR.LdLLRl.
#00000000000000000000
#assigned_pet=-1,-1,-1,-1,-1,-1,-1,-1,-1,-1,
#assigned_hub=1,0,3,2,-1,-1,8,-1,-1,7,
#moving_targetting_pos=6,16|6,6|-1,-1|6,26|12,1|15,30|-1,-1|22,1|29,2|-1,-1|
#setting_targetting_pos=-1,-1|-1,-1|-1,-1|-1,-1|12,29|15,1|-1,-1|22,29|29,30|-1,-1|
#type=3,3,4,3,2,2,4,2,2,4,
RR.LR..dR.
#00000000000000000000
#assigned_pet=-1,7,-1,-1,-1,-1,-1,-1,-1,-1,
#assigned_hub=1,0,3,2,-1,-1,8,-1,-1,7,
#moving_targetting_pos=6,16|-1,-1|-1,-1|6,26|12,1|15,30|-1,-1|22,1|29,2|-1,-1|
#setting_targetting_pos=-1,-1|5,4|-1,-1|-1,-1|12,29|15,1|-1,-1|22,29|29,30|-1,-1|
#type=3,4,4,3,2,2,4,2,2,4,
DL.L.d.uu.
#00000000000000000000
#assigned_pet=-1,7,-1,-1,-1,-1,-1,-1,-1,-1,
#assigned_hub=1,0,3,2,-1,-1,8,-1,-1,7,
#moving_targetting_pos=6,16|-1,-1|-1,-1|-1,-1|12,1|15,30|-1,-1|22,1|29,2|-1,-1|
#setting_targetting_pos=-1,-1|5,4|-1,-1|-1,-1|12,29|15,1|-1,-1|22,29|29,30|-1,-1|
#type=3,4,4,4,2,2,4,2,2,4,
RU..lL.RR.
#00000000000000000000
#assigned_pet=-1,7,-1,-1,-1,-1,-1,-1,-1,8,
#assigned_hub=1,0,3,2,-1,-1,8,-1,-1,7,
#moving_targetting_pos=6,16|-1,-1|-1,-1|-1,-1|12,1|15,30|-1,-1|22,1|29,2|-1,-1|
#setting_targetting_pos=-1,-1|5,4|-1,-1|-1,-1|12,29|15,1|-1,-1|22,29|29,30|28,17|
#type=3,4,4,4,2,2,4,2,2,4,
R...Ru..RR
#00000000000000000000
#assigned_pet=-1,7,-1,-1,-1,-1,-1,-1,-1,8,
#assigned_hub=1,0,3,2,-1,-1,8,-1,-1,7,
#moving_targetting_pos=6,16|-1,-1|-1,-1|-1,-1|12,1|15,30|-1,-1|22,1|29,2|-1,-1|
#setting_targetting_pos=-1,-1|5,4|-1,-1|-1,-1|12,29|15,1|-1,-1|22,29|29,30|28,17|
#type=3,4,4,4,2,2,4,2,2,4,
R...RL..lR
#00000001000000000000
#assigned_pet=-1,7,-1,-1,-1,-1,-1,-1,-1,-1,
#assigned_hub=1,0,3,2,-1,-1,8,-1,-1,7,
#moving_targetting_pos=6,16|-1,-1|-1,-1|-1,-1|12,1|15,30|-1,-1|22,1|29,2|-1,-1|
#setting_targetting_pos=-1,-1|5,4|-1,-1|-1,-1|12,29|15,1|-1,-1|22,29|29,30|-1,-1|
#type=3,5,4,4,2,2,4,2,2,4,
Ru..rL....
#00000001000000000000
#assigned_pet=-1,6,6,-1,-1,-1,-1,-1,-1,-1,
#assigned_hub=1,0,3,2,-1,-1,8,-1,-1,7,
#moving_targetting_pos=6,16|-1,-1|-1,-1|-1,-1|12,1|15,30|-1,-1|22,1|29,2|-1,-1|
#setting_targetting_pos=-1,-1|8,7|14,7|-1,-1|12,29|15,1|-1,-1|22,29|29,30|-1,-1|
#type=3,4,4,4,2,2,4,2,2,4,
RRR.dL.l..
#00000001000000000000
#assigned_pet=-1,6,6,-1,-1,-1,8,-1,-1,8,
#assigned_hub=1,0,3,2,5,-1,8,-1,-1,7,
#moving_targetting_pos=6,16|-1,-1|-1,-1|-1,-1|16,26|15,30|-1,-1|22,1|29,2|-1,-1|
#setting_targetting_pos=-1,-1|8,7|14,7|-1,-1|12,29|15,1|27,24|22,29|29,30|27,18|
#type=3,4,4,4,3,2,4,2,2,4,
RRR.LLLRd.
#00000001000000000000
#assigned_pet=-1,6,6,-1,-1,-1,8,-1,-1,8,
#assigned_hub=1,0,3,2,5,-1,8,-1,-1,7,
#moving_targetting_pos=6,16|-1,-1|-1,-1|-1,-1|16,26|15,30|-1,-1|22,1|29,2|-1,-1|
#setting_targetting_pos=-1,-1|8,7|14,7|-1,-1|-1,-1|15,1|27,24|22,29|29,30|27,18|
#type=3,4,4,4,3,2,4,2,2,4,
RRU.LuLRR.
#00000001000000000000
#assigned_pet=-1,6,6,-1,-1,-1,-1,-1,-1,-1,
#assigned_hub=1,0,3,2,5,-1,8,-1,-1,7,
#moving_targetting_pos=6,16|-1,-1|-1,-1|-1,-1|16,26|15,30|-1,-1|22,1|29,2|-1,-1|
#setting_targetting_pos=-1,-1|8,7|14,7|-1,-1|-1,-1|15,1|-1,-1|22,29|29,30|-1,-1|
#type=3,4,4,4,3,2,4,2,2,4,
RDU.DL.rR.
#00000011000000000000
#assigned_pet=-1,6,6,-1,-1,-1,-1,-1,-1,-1,
#assigned_hub=1,0,3,2,5,-1,8,-1,-1,7,
#moving_targetting_pos=6,16|-1,-1|-1,-1|-1,-1|16,26|15,30|-1,-1|22,1|29,2|-1,-1|
#setting_targetting_pos=-1,-1|8,7|14,7|-1,-1|-1,-1|15,1|-1,-1|22,29|29,30|-1,-1|
#type=3,5,5,4,3,2,4,2,2,4,
Rdu.Dd.dd.
#00000011000000000000
#assigned_pet=-1,-1,-1,-1,-1,-1,-1,-1,-1,-1,
#assigned_hub=1,0,3,2,5,-1,8,4,-1,7,
#moving_targetting_pos=6,16|-1,-1|-1,-1|-1,-1|16,26|15,30|-1,-1|16,16|29,2|-1,-1|
#setting_targetting_pos=-1,-1|-1,-1|-1,-1|-1,-1|-1,-1|15,1|-1,-1|22,29|29,30|-1,-1|
#type=3,4,4,4,3,2,4,3,2,4,
R...LL.LR.
#00000011000000000000
#assigned_pet=-1,-1,4,10,10,-1,-1,-1,-1,-1,
#assigned_hub=1,0,3,2,5,-1,8,4,-1,7,
#moving_targetting_pos=6,16|-1,-1|-1,-1|-1,-1|-1,-1|15,30|-1,-1|16,16|29,2|-1,-1|
#setting_targetting_pos=-1,-1|-1,-1|15,4|8,27|14,27|15,1|-1,-1|-1,-1|29,30|-1,-1|
#type=3,4,4,4,4,2,4,3,2,4,
R.LD.d.LR.
#00000011000000000000
#assigned_pet=-1,-1,4,10,10,-1,-1,-1,-1,-1,
#assigned_hub=1,0,3,2,5,-1,8,4,-1,7,
#moving_targetting_pos=6,16|-1,-1|-1,-1|-1,-1|-1,-1|15,30|-1,-1|16,16|29,2|-1,-1|
#setting_targetting_pos=-1,-1|-1,-1|15,4|8,27|14,27|15,1|-1,-1|-1,-1|29,30|-1,-1|
#type=3,4,4,4,4,2,4,3,2,4,
R.LD.L.Ul.
#10000011001000100000
#assigned_pet=-1,-1,4,0,0,-1,-1,-1,-1,-1,
#assigned_hub=1,0,3,2,5,-1,8,4,-1,7,
#moving_targetting_pos=-1,-1|-1,-1|-1,-1|-1,-1|-1,-1|15,30|-1,-1|16,16|29,2|-1,-1|
#setting_targetting_pos=-1,-1|-1,-1|15,4|8,27|14,27|15,1|-1,-1|-1,-1|29,30|-1,-1|
#type=4,4,4,5,5,2,4,3,2,4,
...drd.Uu.
#10000011001000100000
#assigned_pet=13,-1,4,13,-1,-1,-1,-1,-1,-1,
#assigned_hub=1,0,3,2,5,6,8,4,-1,7,
#moving_targetting_pos=-1,-1|-1,-1|-1,-1|-1,-1|-1,-1|26,6|-1,-1|16,16|29,2|-1,-1|
#setting_targetting_pos=7,18|-1,-1|15,4|7,24|-1,-1|15,1|-1,-1|-1,-1|29,30|-1,-1|
#type=4,4,4,4,4,3,4,3,2,4,
R..L.R.UR.
#10000011001000100000
#assigned_pet=13,-1,4,13,-1,-1,-1,-1,-1,-1,
#assigned_hub=1,0,3,2,5,6,8,4,-1,7,
#moving_targetting_pos=-1,-1|-1,-1|-1,-1|-1,-1|-1,-1|26,6|-1,-1|16,16|29,2|-1,-1|
#setting_targetting_pos=7,18|-1,-1|15,4|7,24|-1,-1|-1,-1|-1,-1|-1,-1|29,30|-1,-1|
#type=4,4,4,4,4,3,4,3,2,4,
R..L.R.UR.
#10000011001000100000
#assigned_pet=13,-1,4,13,12,-1,-1,-1,-1,-1,
#assigned_hub=1,0,3,2,5,6,8,4,-1,7,
#moving_targetting_pos=-1,-1|-1,-1|-1,-1|-1,-1|-1,-1|26,6|-1,-1|16,16|29,2|-1,-1|
#setting_targetting_pos=7,18|-1,-1|15,4|7,24|15,28|-1,-1|-1,-1|-1,-1|29,30|-1,-1|
#type=4,4,4,4,4,3,4,3,2,4,
R...DR.Ld.
#10000011001000100000
#assigned_pet=13,-1,4,13,-1,-1,-1,-1,-1,-1,
#assigned_hub=1,0,3,2,5,6,8,4,-1,7,
#moving_targetting_pos=-1,-1|-1,-1|-1,-1|-1,-1|-1,-1|26,6|-1,-1|16,16|29,2|-1,-1|
#setting_targetting_pos=7,18|-1,-1|15,4|7,24|-1,-1|-1,-1|-1,-1|-1,-1|29,30|-1,-1|
#type=4,4,4,4,4,3,4,3,2,4,
D....R.LR.
#10000011001001100001
#assigned_pet=13,-1,4,13,-1,-1,-1,-1,-1,-1,
#assigned_hub=1,0,3,2,5,6,8,4,-1,7,
#moving_targetting_pos=-1,-1|-1,-1|-1,-1|-1,-1|-1,-1|26,6|-1,-1|16,16|29,2|-1,-1|
#setting_targetting_pos=7,18|-1,-1|15,4|7,24|-1,-1|-1,-1|-1,-1|-1,-1|29,30|-1,-1|
#type=5,4,4,5,4,3,4,3,2,4,
d..l.D.Ul.
#10001011001001100001
#assigned_pet=-1,-1,4,12,12,-1,-1,-1,-1,-1,
#assigned_hub=1,0,3,2,5,6,8,4,-1,7,
#moving_targetting_pos=-1,-1|-1,-1|-1,-1|-1,-1|-1,-1|26,6|-1,-1|16,16|29,2|-1,-1|
#setting_targetting_pos=-1,-1|-1,-1|15,4|8,25|14,25|-1,-1|-1,-1|-1,-1|29,30|-1,-1|
#type=4,4,5,4,4,3,4,3,2,4,
..l.LD.LR.
#10001011001001100001
#assigned_pet=-1,-1,-1,12,12,-1,-1,-1,-1,-1,
#assigned_hub=1,0,3,2,5,6,8,4,-1,7,
#moving_targetting_pos=-1,-1|-1,-1|-1,-1|-1,-1|-1,-1|26,6|-1,-1|16,16|29,2|-1,-1|
#setting_targetting_pos=-1,-1|-1,-1|-1,-1|8,25|14,25|-1,-1|-1,-1|-1,-1|29,30|-1,-1|
#type=4,4,4,4,4,3,4,3,2,4,
.....D.Lu.
#10001111001011100001
#assigned_pet=-1,-1,-1,5,5,-1,-1,-1,-1,-1,
#assigned_hub=1,0,3,2,5,6,8,4,-1,7,
#moving_targetting_pos=-1,-1|-1,-1|-1,-1|-1,-1|-1,-1|26,6|-1,-1|16,16|29,2|-1,-1|
#setting_targetting_pos=-1,-1|-1,-1|-1,-1|8,25|14,25|-1,-1|-1,-1|-1,-1|29,30|-1,-1|
#type=4,4,4,5,5,3,4,3,2,4,
...duD.LR.
#10001111001011100001
#assigned_pet=-1,-1,-1,-1,-1,-1,-1,-1,-1,-1,
#assigned_hub=1,0,3,2,5,6,8,4,-1,7,
#moving_targetting_pos=-1,-1|-1,-1|-1,-1|6,26|-1,-1|26,6|-1,-1|16,16|29,2|-1,-1|
#setting_targetting_pos=-1,-1|-1,-1|-1,-1|-1,-1|-1,-1|-1,-1|-1,-1|-1,-1|29,30|-1,-1|
#type=4,4,4,4,4,3,4,3,2,4,
.....D.LR.
#10001111001011100001
#assigned_pet=-1,9,9,-1,-1,-1,-1,-1,-1,-1,
#assigned_hub=1,0,3,2,5,6,8,4,-1,7,
#moving_targetting_pos=-1,-1|-1,-1|-1,-1|6,26|-1,-1|26,6|-1,-1|16,16|29,2|-1,-1|
#setting_targetting_pos=-1,-1|8,5|14,5|-1,-1|-1,-1|-1,-1|-1,-1|-1,-1|29,30|-1,-1|
#type=4,4,4,4,4,3,4,3,2,4,
.L...D.Ll.
#10001111001011100001
#assigned_pet=-1,9,9,-1,-1,-1,-1,-1,-1,-1,
#assigned_hub=1,0,3,2,5,6,8,4,-1,7,
#moving_targetting_pos=-1,-1|-1,-1|-1,-1|6,26|-1,-1|26,6|-1,-1|16,16|29,2|-1,-1|
#setting_targetting_pos=-1,-1|8,5|14,5|-1,-1|-1,-1|-1,-1|-1,-1|-1,-1|29,30|-1,-1|
#type=4,4,4,4,4,3,4,3,2,4,
.L...D.Ld.
#10001111011011100001
#assigned_pet=-1,9,9,-1,-1,-1,-1,-1,-1,-1,
#assigned_hub=1,0,3,2,5,6,8,4,-1,7,
#moving_targetting_pos=-1,-1|-1,-1|-1,-1|6,26|-1,-1|26,6|-1,-1|16,16|29,2|-1,-1|
#setting_targetting_pos=-1,-1|8,5|14,5|-1,-1|-1,-1|-1,-1|-1,-1|-1,-1|29,30|-1,-1|
#type=4,5,5,4,4,3,4,3,0,4,
.du..D.L..
#10001111011011100001
#assigned_pet=-1,-1,-1,-1,-1,-1,-1,-1,-1,-1,
#assigned_hub=1,0,3,2,5,6,8,4,-1,7,
#moving_targetting_pos=-1,-1|6,6|-1,-1|6,26|-1,-1|26,6|-1,-1|16,16|29,2|-1,-1|
#setting_targetting_pos=-1,-1|-1,-1|-1,-1|-1,-1|-1,-1|-1,-1|-1,-1|-1,-1|29,30|-1,-1|
#type=4,4,4,4,4,3,4,3,0,4,
.....D.L..
#10001111011011100001
#assigned_pet=-1,-1,-1,-1,11,-1,-1,11,-1,-1,
#assigned_hub=1,0,3,2,5,6,8,4,-1,7,
#moving_targetting_pos=-1,-1|6,6|-1,-1|6,26|-1,-1|26,6|-1,-1|-1,-1|29,2|-1,-1|
#setting_targetting_pos=-1,-1|-1,-1|-1,-1|-1,-1|17,24|-1,-1|-1,-1|17,18|29,30|-1,-1|
#type=4,4,4,4,4,3,4,4,0,4,
....LR....
#10001111011011100001
#assigned_pet=-1,-1,8,-1,-1,8,-1,15,-1,15,
#assigned_hub=1,0,3,2,5,6,8,4,-1,7,
#moving_targetting_pos=-1,-1|6,6|-1,-1|6,26|-1,-1|-1,-1|-1,-1|-1,-1|29,2|-1,-1|
#setting_targetting_pos=-1,-1|-1,-1|18,5|-1,-1|-1,-1|24,5|-1,-1|18,17|29,30|24,17|
#type=4,4,4,4,4,4,4,4,0,4,
..D......U
#10001111011011100001
#assigned_pet=-1,-1,-1,-1,-1,-1,-1,15,-1,15,
#assigned_hub=1,0,3,2,5,6,8,4,-1,7,
#moving_targetting_pos=-1,-1|6,6|-1,-1|6,26|-1,-1|-1,-1|-1,-1|-1,-1|29,2|-1,-1|
#setting_targetting_pos=-1,-1|-1,-1|-1,-1|-1,-1|-1,-1|-1,-1|-1,-1|18,17|29,30|24,17|
#type=4,4,4,4,4,4,4,4,0,4,
.........U
#10001111011011110001
#assigned_pet=-1,-1,-1,-1,-1,-1,-1,15,-1,15,
#assigned_hub=1,0,3,2,5,6,8,4,-1,7,
#moving_targetting_pos=-1,-1|6,6|-1,-1|6,26|-1,-1|-1,-1|-1,-1|-1,-1|29,2|-1,-1|
#setting_targetting_pos=-1,-1|-1,-1|-1,-1|-1,-1|-1,-1|-1,-1|-1,-1|18,17|29,30|24,17|
#type=4,4,4,4,4,4,4,5,0,5,
.......d.u
#10001111011011110001
#assigned_pet=-1,-1,-1,-1,-1,-1,-1,2,-1,2,
#assigned_hub=1,0,3,2,5,6,8,4,-1,7,
#moving_targetting_pos=-1,-1|6,6|-1,-1|6,26|-1,-1|-1,-1|-1,-1|-1,-1|29,2|-1,-1|
#setting_targetting_pos=-1,-1|-1,-1|-1,-1|-1,-1|-1,-1|-1,-1|-1,-1|18,15|29,30|24,15|
#type=4,4,4,4,4,4,4,4,0,4,
.......L.L
#10001111011011110001
#assigned_pet=-1,-1,-1,-1,-1,-1,-1,2,-1,2,
#assigned_hub=1,0,3,2,5,6,8,4,-1,7,
#moving_targetting_pos=-1,-1|6,6|-1,-1|6,26|-1,-1|-1,-1|-1,-1|-1,-1|29,2|-1,-1|
#setting_targetting_pos=-1,-1|-1,-1|-1,-1|-1,-1|-1,-1|-1,-1|-1,-1|18,15|29,30|24,15|
#type=4,4,4,4,4,4,4,4,0,4,
.......L.L
#10001111011011110001
#assigned_pet=-1,-1,-1,-1,-1,-1,-1,2,-1,2,
#assigned_hub=1,0,3,2,5,6,8,4,-1,7,
#moving_targetting_pos=-1,-1|6,6|-1,-1|6,26|-1,-1|-1,-1|-1,-1|-1,-1|29,2|-1,-1|
#setting_targetting_pos=-1,-1|-1,-1|-1,-1|-1,-1|-1,-1|-1,-1|-1,-1|18,15|29,30|24,15|
#type=4,4,4,4,4,4,4,4,0,4,
..........
#10101111011011110001
#assigned_pet=-1,-1,-1,-1,-1,-1,-1,2,-1,2,
#assigned_hub=1,0,3,2,5,6,8,4,-1,7,
#moving_targetting_pos=-1,-1|6,6|-1,-1|6,26|-1,-1|-1,-1|-1,-1|-1,-1|29,2|-1,-1|
#setting_targetting_pos=-1,-1|-1,-1|-1,-1|-1,-1|-1,-1|-1,-1|-1,-1|18,15|29,30|24,15|
#type=4,4,4,4,4,4,4,5,0,5,
.......d.u
#10101111011011110001
#assigned_pet=-1,-1,8,-1,-1,-1,-1,8,-1,-1,
#assigned_hub=1,0,3,2,5,6,8,4,-1,7,
#moving_targetting_pos=-1,-1|6,6|-1,-1|6,26|-1,-1|-1,-1|-1,-1|-1,-1|29,2|-1,-1|
#setting_targetting_pos=-1,-1|-1,-1|17,8|-1,-1|-1,-1|-1,-1|-1,-1|17,14|29,30|-1,-1|
#type=4,4,4,4,4,4,4,4,0,4,
..R.......
#10101111011011110001
#assigned_pet=-1,-1,8,-1,-1,-1,-1,8,-1,-1,
#assigned_hub=1,0,3,2,5,6,8,4,-1,7,
#moving_targetting_pos=-1,-1|6,6|-1,-1|6,26|-1,-1|-1,-1|-1,-1|-1,-1|29,2|-1,-1|
#setting_targetting_pos=-1,-1|-1,-1|17,8|-1,-1|-1,-1|-1,-1|-1,-1|17,14|29,30|-1,-1|
#type=4,4,4,4,4,4,4,4,0,4,
..R.......
#10101111011011110001
#assigned_pet=-1,-1,8,-1,11,-1,11,8,-1,-1,
#assigned_hub=1,0,3,2,5,6,8,4,-1,7,
#moving_targetting_pos=-1,-1|6,6|-1,-1|6,26|-1,-1|-1,-1|-1,-1|-1,-1|29,2|-1,-1|
#setting_targetting_pos=-1,-1|-1,-1|17,8|-1,-1|18,25|-1,-1|24,25|17,14|29,30|-1,-1|
#type=4,4,4,4,4,4,4,4,0,4,
..R.R.....
#10101111011011110001
#assigned_pet=-1,-1,8,-1,11,-1,11,8,-1,-1,
#assigned_hub=1,0,3,2,5,6,8,4,-1,7,
#moving_targetting_pos=-1,-1|-1,-1|-1,-1|6,26|-1,-1|-1,-1|-1,-1|-1,-1|29,2|-1,-1|
#setting_targetting_pos=-1,-1|-1,-1|17,8|-1,-1|18,25|-1,-1|24,25|17,14|29,30|-1,-1|
#type=4,4,4,4,4,4,4,4,0,4,
....D.....
#10101111011011110001
#assigned_pet=16,-1,-1,-1,3,-1,3,16,-1,-1,
#assigned_hub=1,0,3,2,5,6,8,4,-1,7,
#moving_targetting_pos=-1,-1|6,6|-1,-1|6,26|-1,-1|-1,-1|-1,-1|-1,-1|29,2|-1,-1|
#setting_targetting_pos=8,15|-1,-1|-1,-1|-1,-1|18,25|-1,-1|24,25|14,15|29,30|-1,-1|
#type=4,4,4,4,4,4,4,4,0,4,
L...D..U..
#10111111011111110001
#assigned_pet=16,-1,1,-1,3,1,3,16,-1,-1,
#assigned_hub=1,0,3,2,5,6,8,4,-1,7,
#moving_targetting_pos=-1,-1|6,6|-1,-1|6,26|-1,-1|-1,-1|-1,-1|-1,-1|29,2|-1,-1|
#setting_targetting_pos=8,15|-1,-1|18,7|-1,-1|18,25|24,7|24,25|14,15|29,30|-1,-1|
#type=4,4,4,4,5,4,5,4,0,4,
L.L.d.uU..
#10111111011111110001
#assigned_pet=16,-1,1,-1,-1,1,-1,16,-1,-1,
#assigned_hub=1,0,3,2,5,6,8,4,-1,7,
#moving_targetting_pos=-1,-1|6,6|-1,-1|6,26|-1,-1|-1,-1|26,26|-1,-1|29,2|-1,-1|
#setting_targetting_pos=8,15|-1,-1|18,7|-1,-1|-1,-1|24,7|-1,-1|14,15|29,30|-1,-1|
#type=4,4,4,4,4,4,4,4,0,4,
L.D.......
#10111111011111110001
#assigned_pet=16,-1,-1,-1,-1,-1,-1,16,-1,-1,
#assigned_hub=1,0,3,2,5,6,8,4,-1,7,
#moving_targetting_pos=-1,-1|6,6|-1,-1|6,26|16,26|-1,-1|26,26|-1,-1|29,2|-1,-1|
#setting_targetting_pos=8,15|-1,-1|-1,-1|-1,-1|-1,-1|-1,-1|-1,-1|14,15|29,30|-1,-1|
#type=4,4,4,4,4,4,4,4,0,4,
D.........
#10111111011111111001
#assigned_pet=16,-1,-1,-1,-1,18,-1,16,-1,18,
#assigned_hub=1,0,3,2,5,6,8,4,-1,7,
#moving_targetting_pos=-1,-1|6,6|-1,-1|6,26|16,26|-1,-1|26,26|-1,-1|29,2|-1,-1|
#setting_targetting_pos=8,15|-1,-1|-1,-1|-1,-1|-1,-1|25,8|-1,-1|14,15|29,30|25,14|
#type=5,4,4,4,4,4,4,5,0,4,
d....R.u..
#10111111011111111001
#assigned_pet=-1,-1,1,-1,-1,-1,-1,1,-1,-1,
#assigned_hub=1,0,3,2,5,6,8,4,-1,7,
#moving_targetting_pos=-1,-1|6,6|-1,-1|6,26|16,26|-1,-1|26,26|-1,-1|29,2|-1,-1|
#setting_targetting_pos=-1,-1|-1,-1|17,8|-1,-1|-1,-1|-1,-1|-1,-1|17,14|29,30|-1,-1|
#type=4,4,4,4,4,4,4,4,0,4,
.......L..
#10111111011111111001
#assigned_pet=-1,-1,1,-1,-1,-1,-1,1,-1,-1,
#assigned_hub=1,0,3,2,5,6,8,4,-1,7,
#moving_targetting_pos=-1,-1|6,6|-1,-1|6,26|16,26|-1,-1|26,26|-1,-1|29,2|-1,-1|
#setting_targetting_pos=-1,-1|-1,-1|17,8|-1,-1|-1,-1|-1,-1|-1,-1|17,14|29,30|-1,-1|
#type=4,4,4,4,4,4,4,4,0,4,
.......D..
#11111111111111111001
#assigned_pet=-1,-1,1,-1,-1,-1,-1,1,-1,-1,
#assigned_hub=1,0,3,2,5,6,8,4,-1,7,
#moving_targetting_pos=-1,-1|6,6|-1,-1|6,26|16,26|-1,-1|26,26|-1,-1|29,2|-1,-1|
#setting_targetting_pos=-1,-1|-1,-1|17,8|-1,-1|-1,-1|-1,-1|-1,-1|17,14|29,30|-1,-1|
#type=4,4,5,4,4,4,4,5,0,4,
..r....d..
#11111111111111111001
#assigned_pet=17,-1,-1,-1,-1,-1,-1,17,-1,-1,
#assigned_hub=1,0,3,2,5,6,8,4,-1,7,
#moving_targetting_pos=-1,-1|6,6|-1,-1|6,26|16,26|-1,-1|26,26|-1,-1|29,2|-1,-1|
#setting_targetting_pos=8,17|-1,-1|-1,-1|-1,-1|-1,-1|-1,-1|-1,-1|14,17|29,30|-1,-1|
#type=4,4,4,4,4,4,4,4,0,4,
R......R..
#11111111111111111001
#assigned_pet=17,-1,-1,-1,-1,-1,-1,17,-1,-1,
#assigned_hub=1,0,3,2,5,6,8,4,-1,7,
#moving_targetting_pos=-1,-1|6,6|-1,-1|6,26|16,26|-1,-1|26,26|-1,-1|29,2|-1,-1|
#setting_targetting_pos=8,17|-1,-1|-1,-1|-1,-1|-1,-1|-1,-1|-1,-1|14,17|29,30|-1,-1|
#type=4,4,4,4,4,4,4,4,0,4,
R......R..
#11111111111111111001
#assigned_pet=17,-1,-1,-1,-1,-1,-1,17,-1,-1,
#assigned_hub=1,0,3,2,5,6,8,4,-1,7,
#moving_targetting_pos=-1,-1|6,6|-1,-1|6,26|16,26|-1,-1|26,26|-1,-1|29,2|-1,-1|
#setting_targetting_pos=8,17|-1,-1|-1,-1|-1,-1|-1,-1|-1,-1|-1,-1|14,17|29,30|-1,-1|
#type=4,4,4,4,4,4,4,4,0,4,
.......R..
#11111111111111111001
#assigned_pet=17,-1,-1,-1,-1,-1,-1,17,-1,-1,
#assigned_hub=1,0,3,2,5,6,8,4,-1,7,
#moving_targetting_pos=-1,-1|6,6|-1,-1|6,26|16,26|-1,-1|26,26|-1,-1|29,2|-1,-1|
#setting_targetting_pos=8,17|-1,-1|-1,-1|-1,-1|-1,-1|-1,-1|-1,-1|14,17|29,30|-1,-1|
#type=4,4,4,4,4,4,4,4,0,4,
.......U..
#11111111111111111101
#assigned_pet=17,-1,-1,-1,-1,-1,-1,17,-1,-1,
#assigned_hub=1,0,3,2,5,6,8,4,-1,7,
#moving_targetting_pos=-1,-1|6,6|-1,-1|6,26|16,26|-1,-1|26,26|-1,-1|29,2|-1,-1|
#setting_targetting_pos=8,17|-1,-1|-1,-1|-1,-1|-1,-1|-1,-1|-1,-1|14,17|29,30|-1,-1|
#type=5,4,4,4,4,4,4,5,0,4,
d......u..
#11111111111111111101
#assigned_pet=-1,-1,-1,-1,-1,-1,-1,-1,-1,-1,
#assigned_hub=1,0,3,2,5,6,8,4,-1,7,
#moving_targetting_pos=6,16|6,6|-1,-1|6,26|16,26|-1,-1|26,26|16,16|29,2|-1,-1|
#setting_targetting_pos=-1,-1|-1,-1|-1,-1|-1,-1|-1,-1|-1,-1|-1,-1|-1,-1|29,30|-1,-1|
#type=4,4,4,4,4,4,4,4,0,4,
..........
#11111111111111111101
#assigned_pet=-1,-1,-1,-1,-1,-1,-1,-1,-1,-1,
#assigned_hub=1,0,3,2,5,6,8,4,-1,7,
#moving_targetting_pos=6,16|6,6|-1,-1|6,26|16,26|-1,-1|26,26|16,16|29,2|-1,-1|
#setting_targetting_pos=-1,-1|-1,-1|-1,-1|-1,-1|-1,-1|-1,-1|-1,-1|-1,-1|29,30|-1,-1|
#type=4,4,4,4,4,4,4,4,0,4,
..........
#11111111111111111101
#assigned_pet=-1,-1,-1,-1,-1,-1,-1,-1,-1,-1,
#assigned_hub=1,0,3,2,5,6,8,4,-1,7,
#moving_targetting_pos=6,16|6,6|-1,-1|6,26|16,26|-1,-1|26,26|16,16|29,2|-1,-1|
#setting_targetting_pos=-1,-1|-1,-1|-1,-1|-1,-1|-1,-1|-1,-1|-1,-1|-1,-1|29,30|-1,-1|
#type=4,4,4,4,4,4,4,4,0,4,
..........
#11111111111111111101
#assigned_pet=-1,-1,-1,-1,-1,-1,-1,-1,-1,-1,
#assigned_hub=1,0,3,2,5,6,8,4,-1,7,
#moving_targetting_pos=6,16|6,6|-1,-1|6,26|16,26|-1,-1|26,26|16,16|29,2|-1,-1|
#setting_targetting_pos=-1,-1|-1,-1|-1,-1|-1,-1|-1,-1|-1,-1|-1,-1|-1,-1|29,30|-1,-1|
#type=4,4,4,4,4,4,4,4,0,4,
..........
#11111111111111111101
#assigned_pet=-1,-1,-1,-1,-1,-1,-1,-1,-1,-1,
#assigned_hub=1,0,3,2,5,6,8,4,-1,7,
#moving_targetting_pos=6,16|6,6|-1,-1|6,26|16,26|-1,-1|26,26|16,16|29,2|-1,-1|
#setting_targetting_pos=-1,-1|-1,-1|-1,-1|-1,-1|-1,-1|-1,-1|-1,-1|-1,-1|29,30|-1,-1|
#type=4,4,4,4,4,4,4,4,0,4,
..........
#11111111111111111101
#assigned_pet=-1,-1,-1,-1,-1,-1,-1,-1,-1,-1,
#assigned_hub=1,0,3,2,5,6,8,4,-1,7,
#moving_targetting_pos=6,16|6,6|-1,-1|6,26|16,26|-1,-1|26,26|16,16|29,2|-1,-1|
#setting_targetting_pos=-1,-1|-1,-1|-1,-1|-1,-1|-1,-1|-1,-1|-1,-1|-1,-1|29,30|-1,-1|
#type=4,4,4,4,4,4,4,4,0,4,
..........
#11111111111111111101
#assigned_pet=-1,-1,-1,-1,-1,-1,-1,-1,-1,-1,
#assigned_hub=1,0,3,2,5,6,8,4,-1,7,
#moving_targetting_pos=6,16|6,6|16,6|6,26|16,26|-1,-1|26,26|16,16|29,2|26,16|
#setting_targetting_pos=-1,-1|-1,-1|-1,-1|-1,-1|-1,-1|-1,-1|-1,-1|-1,-1|29,30|-1,-1|
#type=4,4,4,4,4,4,4,4,0,4,
..........
#11111111111111111101
#assigned_pet=-1,-1,-1,-1,-1,-1,-1,-1,-1,-1,
#assigned_hub=1,0,3,2,5,6,8,4,-1,7,
#moving_targetting_pos=6,16|6,6|-1,-1|6,26|16,26|-1,-1|26,26|16,16|29,2|-1,-1|
#setting_targetting_pos=-1,-1|-1,-1|-1,-1|-1,-1|-1,-1|-1,-1|-1,-1|-1,-1|29,30|-1,-1|
#type=4,4,4,4,4,4,4,4,0,4,
..........
#11111111111111111101
#assigned_pet=-1,-1,-1,-1,-1,-1,-1,-1,-1,-1,
#assigned_hub=1,0,3,2,5,6,8,4,-1,7,
#moving_targetting_pos=6,16|6,6|-1,-1|6,26|16,26|-1,-1|26,26|16,16|29,2|-1,-1|
#setting_targetting_pos=-1,-1|-1,-1|-1,-1|-1,-1|-1,-1|-1,-1|-1,-1|-1,-1|29,30|-1,-1|
#type=4,4,4,4,4,4,4,4,0,4,
..........
#11111111111111111101
#assigned_pet=-1,-1,-1,-1,-1,-1,-1,-1,-1,-1,
#assigned_hub=1,0,3,2,5,6,8,4,-1,7,
#moving_targetting_pos=6,16|6,6|-1,-1|6,26|16,26|-1,-1|26,26|16,16|29,2|-1,-1|
#setting_targetting_pos=-1,-1|-1,-1|-1,-1|-1,-1|-1,-1|-1,-1|-1,-1|-1,-1|29,30|-1,-1|
#type=4,4,4,4,4,4,4,4,0,4,
..........
#11111111111111111101
#assigned_pet=-1,-1,-1,-1,-1,-1,-1,-1,-1,-1,
#assigned_hub=1,0,3,2,5,6,8,4,-1,7,
#moving_targetting_pos=6,16|6,6|-1,-1|6,26|16,26|-1,-1|26,26|16,16|29,2|-1,-1|
#setting_targetting_pos=-1,-1|-1,-1|-1,-1|-1,-1|-1,-1|-1,-1|-1,-1|-1,-1|29,30|-1,-1|
#type=4,4,4,4,4,4,4,4,0,4,
..........
#11111111111111111101
#assigned_pet=-1,-1,-1,-1,-1,-1,-1,-1,-1,-1,
#assigned_hub=1,0,3,2,5,6,8,4,-1,7,
#moving_targetting_pos=6,16|6,6|-1,-1|6,26|16,26|-1,-1|26,26|16,16|29,2|-1,-1|
#setting_targetting_pos=-1,-1|-1,-1|-1,-1|-1,-1|-1,-1|-1,-1|-1,-1|-1,-1|29,30|-1,-1|
#type=4,4,4,4,4,4,4,4,0,4,
..........
#11111111111111111101
#assigned_pet=-1,-1,-1,-1,-1,-1,-1,-1,-1,-1,
#assigned_hub=1,0,3,2,5,6,8,4,-1,7,
#moving_targetting_pos=6,16|6,6|-1,-1|6,26|16,26|-1,-1|26,26|16,16|29,2|-1,-1|
#setting_targetting_pos=-1,-1|-1,-1|-1,-1|-1,-1|-1,-1|-1,-1|-1,-1|-1,-1|29,30|-1,-1|
#type=4,4,4,4,4,4,4,4,0,4,
..........
#11111111111111111101
#assigned_pet=-1,-1,-1,-1,-1,-1,-1,-1,-1,-1,
#assigned_hub=1,0,3,2,5,6,8,4,-1,7,
#moving_targetting_pos=6,16|6,6|-1,-1|6,26|16,26|-1,-1|26,26|16,16|29,2|-1,-1|
#setting_targetting_pos=-1,-1|-1,-1|-1,-1|-1,-1|-1,-1|-1,-1|-1,-1|-1,-1|29,30|-1,-1|
#type=4,4,4,4,4,4,4,4,0,4,
..........
#11111111111111111101
#assigned_pet=-1,-1,-1,-1,-1,-1,-1,-1,-1,-1,
#assigned_hub=1,0,3,2,5,6,8,4,-1,7,
#moving_targetting_pos=6,16|6,6|-1,-1|6,26|16,26|-1,-1|26,26|16,16|29,2|-1,-1|
#setting_targetting_pos=-1,-1|-1,-1|-1,-1|-1,-1|-1,-1|-1,-1|-1,-1|-1,-1|29,30|-1,-1|
#type=4,4,4,4,4,4,4,4,0,4,
..........
#11111111111111111101
#assigned_pet=-1,-1,-1,-1,-1,-1,-1,-1,-1,-1,
#assigned_hub=1,0,3,2,5,6,8,4,-1,7,
#moving_targetting_pos=6,16|6,6|-1,-1|6,26|16,26|-1,-1|26,26|16,16|29,2|-1,-1|
#setting_targetting_pos=-1,-1|-1,-1|-1,-1|-1,-1|-1,-1|-1,-1|-1,-1|-1,-1|29,30|-1,-1|
#type=4,4,4,4,4,4,4,4,0,4,
..........
#11111111111111111101
#assigned_pet=-1,-1,-1,-1,-1,-1,-1,-1,-1,-1,
#assigned_hub=1,0,3,2,5,6,8,4,-1,7,
#moving_targetting_pos=6,16|6,6|-1,-1|6,26|16,26|-1,-1|26,26|16,16|29,2|-1,-1|
#setting_targetting_pos=-1,-1|-1,-1|-1,-1|-1,-1|-1,-1|-1,-1|-1,-1|-1,-1|29,30|-1,-1|
#type=4,4,4,4,4,4,4,4,0,4,
..........
#11111111111111111101
#assigned_pet=-1,-1,-1,-1,-1,-1,-1,-1,-1,-1,
#assigned_hub=1,0,3,2,5,6,8,4,-1,7,
#moving_targetting_pos=6,16|6,6|-1,-1|6,26|16,26|-1,-1|26,26|16,16|29,2|-1,-1|
#setting_targetting_pos=-1,-1|-1,-1|-1,-1|-1,-1|-1,-1|-1,-1|-1,-1|-1,-1|29,30|-1,-1|
#type=4,4,4,4,4,4,4,4,0,4,
..........
#11111111111111111101
#assigned_pet=-1,-1,-1,-1,-1,-1,-1,-1,-1,-1,
#assigned_hub=1,0,3,2,5,6,8,4,-1,7,
#moving_targetting_pos=6,16|6,6|-1,-1|6,26|16,26|-1,-1|26,26|16,16|29,2|-1,-1|
#setting_targetting_pos=-1,-1|-1,-1|-1,-1|-1,-1|-1,-1|-1,-1|-1,-1|-1,-1|29,30|-1,-1|
#type=4,4,4,4,4,4,4,4,0,4,
..........
#11111111111111111101
#assigned_pet=-1,-1,18,-1,-1,18,-1,-1,-1,-1,
#assigned_hub=1,0,3,2,5,6,8,4,-1,7,
#moving_targetting_pos=6,16|6,6|-1,-1|6,26|16,26|-1,-1|26,26|16,16|29,2|-1,-1|
#setting_targetting_pos=-1,-1|-1,-1|18,7|-1,-1|-1,-1|24,7|-1,-1|-1,-1|29,30|-1,-1|
#type=4,4,4,4,4,4,4,4,0,4,
.....L....
#11111111111111111111
#assigned_pet=-1,-1,18,-1,-1,18,-1,-1,-1,-1,
#assigned_hub=1,0,3,2,5,6,8,4,-1,7,
#moving_targetting_pos=6,16|6,6|-1,-1|6,26|16,26|-1,-1|26,26|16,16|29,2|-1,-1|
#setting_targetting_pos=-1,-1|-1,-1|18,7|-1,-1|-1,-1|24,7|-1,-1|-1,-1|29,30|-1,-1|
#type=4,4,5,4,4,5,4,4,0,4,
..d..r....
#11111111111111111111
#assigned_pet=-1,-1,-1,-1,-1,-1,-1,-1,-1,-1,
#assigned_hub=1,0,3,2,5,6,8,4,-1,7,
#moving_targetting_pos=6,16|6,6|16,6|6,26|16,26|26,6|26,26|16,16|29,2|26,16|
#setting_targetting_pos=-1,-1|-1,-1|-1,-1|-1,-1|-1,-1|-1,-1|-1,-1|-1,-1|29,30|-1,-1|
#type=4,4,4,4,4,4,4,4,0,4,
..........
#11111111111111111111
#assigned_pet=-1,-1,-1,-1,-1,-1,-1,-1,-1,-1,
#assigned_hub=1,0,3,2,5,6,8,4,-1,7,
#moving_targetting_pos=6,16|6,6|16,6|6,26|16,26|26,6|26,26|16,16|29,2|26,16|
#setting_targetting_pos=-1,-1|-1,-1|-1,-1|-1,-1|-1,-1|-1,-1|-1,-1|-1,-1|29,30|-1,-1|
#type=4,4,4,4,4,4,4,4,0,4,
..........
#11111111111111111111
#assigned_pet=-1,-1,-1,-1,-1,-1,-1,-1,-1,-1,
#assigned_hub=1,0,3,2,5,6,8,4,-1,7,
#moving_targetting_pos=6,16|6,6|16,6|6,26|16,26|26,6|26,26|16,16|29,2|26,16|
#setting_targetting_pos=-1,-1|-1,-1|-1,-1|-1,-1|-1,-1|-1,-1|-1,-1|-1,-1|29,30|-1,-1|
#type=4,4,4,4,4,4,4,4,0,4,
..........
#11111111111111111111
#assigned_pet=-1,-1,-1,-1,-1,-1,-1,-1,-1,-1,
#assigned_hub=1,0,3,2,5,6,8,4,-1,7,
#moving_targetting_pos=6,16|6,6|16,6|6,26|16,26|26,6|26,26|16,16|29,2|26,16|
#setting_targetting_pos=-1,-1|-1,-1|-1,-1|-1,-1|-1,-1|-1,-1|-1,-1|-1,-1|29,30|-1,-1|
#type=4,4,4,4,4,4,4,4,0,4,
..........
#11111111111111111111
#assigned_pet=-1,-1,-1,-1,-1,-1,-1,-1,-1,-1,
#assigned_hub=1,0,3,2,5,6,8,4,-1,7,
#moving_targetting_pos=6,16|6,6|16,6|6,26|16,26|26,6|26,26|16,16|29,2|26,16|
#setting_targetting_pos=-1,-1|-1,-1|-1,-1|-1,-1|-1,-1|-1,-1|-1,-1|-1,-1|29,30|-1,-1|
#type=4,4,4,4,4,4,4,4,0,4,
..........
#11111111111111111111
#assigned_pet=-1,-1,-1,-1,-1,-1,-1,-1,-1,-1,
#assigned_hub=1,0,3,2,5,6,8,4,-1,7,
#moving_targetting_pos=6,16|6,6|16,6|6,26|16,26|26,6|26,26|16,16|29,2|26,16|
#setting_targetting_pos=-1,-1|-1,-1|-1,-1|-1,-1|-1,-1|-1,-1|-1,-1|-1,-1|29,30|-1,-1|
#type=4,4,4,4,4,4,4,4,0,4,
..........
#11111111111111111111
#assigned_pet=-1,-1,-1,-1,-1,-1,-1,-1,-1,-1,
#assigned_hub=1,0,3,2,5,6,8,4,-1,7,
#moving_targetting_pos=6,16|6,6|16,6|6,26|16,26|26,6|26,26|16,16|29,2|26,16|
#setting_targetting_pos=-1,-1|-1,-1|-1,-1|-1,-1|-1,-1|-1,-1|-1,-1|-1,-1|29,30|-1,-1|
#type=4,4,4,4,4,4,4,4,0,4,
..........
#11111111111111111111
#assigned_pet=-1,-1,-1,-1,-1,-1,-1,-1,-1,-1,
#assigned_hub=1,0,3,2,5,6,8,4,-1,7,
#moving_targetting_pos=6,16|6,6|16,6|6,26|16,26|26,6|26,26|16,16|29,2|26,16|
#setting_targetting_pos=-1,-1|-1,-1|-1,-1|-1,-1|-1,-1|-1,-1|-1,-1|-1,-1|29,30|-1,-1|
#type=4,4,4,4,4,4,4,4,0,4,
..........
#11111111111111111111
#assigned_pet=-1,-1,-1,-1,-1,-1,-1,-1,-1,-1,
#assigned_hub=1,0,3,2,5,6,8,4,-1,7,
#moving_targetting_pos=6,16|6,6|16,6|6,26|16,26|26,6|26,26|16,16|29,2|26,16|
#setting_targetting_pos=-1,-1|-1,-1|-1,-1|-1,-1|-1,-1|-1,-1|-1,-1|-1,-1|29,30|-1,-1|
#type=4,4,4,4,4,4,4,4,0,4,
..........
#11111111111111111111
#assigned_pet=-1,-1,-1,-1,-1,-1,-1,-1,-1,-1,
#assigned_hub=1,0,3,2,5,6,8,4,-1,7,
#moving_targetting_pos=6,16|6,6|16,6|6,26|16,26|26,6|26,26|16,16|29,2|26,16|
#setting_targetting_pos=-1,-1|-1,-1|-1,-1|-1,-1|-1,-1|-1,-1|-1,-1|-1,-1|29,30|-1,-1|
#type=4,4,4,4,4,4,4,4,0,4,
..........
#11111111111111111111
#assigned_pet=-1,-1,-1,-1,-1,-1,-1,-1,-1,-1,
#assigned_hub=1,0,3,2,5,6,8,4,-1,7,
#moving_targetting_pos=6,16|6,6|16,6|6,26|16,26|26,6|26,26|16,16|29,2|26,16|
#setting_targetting_pos=-1,-1|-1,-1|-1,-1|-1,-1|-1,-1|-1,-1|-1,-1|-1,-1|29,30|-1,-1|
#type=4,4,4,4,4,4,4,4,0,4,
..........
#11111111111111111111
#assigned_pet=-1,-1,-1,-1,-1,-1,-1,-1,-1,-1,
#assigned_hub=1,0,3,2,5,6,8,4,-1,7,
#moving_targetting_pos=6,16|6,6|16,6|6,26|16,26|26,6|26,26|16,16|29,2|26,16|
#setting_targetting_pos=-1,-1|-1,-1|-1,-1|-1,-1|-1,-1|-1,-1|-1,-1|-1,-1|29,30|-1,-1|
#type=4,4,4,4,4,4,4,4,0,4,
..........
#11111111111111111111
#assigned_pet=-1,-1,-1,-1,-1,-1,-1,-1,-1,-1,
#assigned_hub=1,0,3,2,5,6,8,4,-1,7,
#moving_targetting_pos=6,16|6,6|16,6|6,26|16,26|26,6|26,26|16,16|29,2|26,16|
#setting_targetting_pos=-1,-1|-1,-1|-1,-1|-1,-1|-1,-1|-1,-1|-1,-1|-1,-1|29,30|-1,-1|
#type=4,4,4,4,4,4,4,4,0,4,
..........
#11111111111111111111
#assigned_pet=-1,-1,-1,-1,-1,-1,-1,-1,-1,-1,
#assigned_hub=1,0,3,2,5,6,8,4,-1,7,
#moving_targetting_pos=6,16|6,6|16,6|6,26|16,26|26,6|26,26|16,16|29,2|26,16|
#setting_targetting_pos=-1,-1|-1,-1|-1,-1|-1,-1|-1,-1|-1,-1|-1,-1|-1,-1|29,30|-1,-1|
#type=4,4,4,4,4,4,4,4,0,4,
..........
#11111111111111111111
#assigned_pet=-1,-1,-1,-1,-1,-1,-1,-1,-1,-1,
#assigned_hub=1,0,3,2,5,6,8,4,-1,7,
#moving_targetting_pos=6,16|6,6|16,6|6,26|16,26|26,6|26,26|16,16|29,2|26,16|
#setting_targetting_pos=-1,-1|-1,-1|-1,-1|-1,-1|-1,-1|-1,-1|-1,-1|-1,-1|29,30|-1,-1|
#type=4,4,4,4,4,4,4,4,0,4,
..........
#11111111111111111111
#assigned_pet=-1,-1,-1,-1,-1,-1,-1,-1,-1,-1,
#assigned_hub=1,0,3,2,5,6,8,4,-1,7,
#moving_targetting_pos=6,16|6,6|16,6|6,26|16,26|26,6|26,26|16,16|29,2|26,16|
#setting_targetting_pos=-1,-1|-1,-1|-1,-1|-1,-1|-1,-1|-1,-1|-1,-1|-1,-1|29,30|-1,-1|
#type=4,4,4,4,4,4,4,4,0,4,
..........
#11111111111111111111
#assigned_pet=-1,-1,-1,-1,-1,-1,-1,-1,-1,-1,
#assigned_hub=1,0,3,2,5,6,8,4,-1,7,
#moving_targetting_pos=6,16|6,6|16,6|6,26|16,26|26,6|26,26|16,16|29,2|26,16|
#setting_targetting_pos=-1,-1|-1,-1|-1,-1|-1,-1|-1,-1|-1,-1|-1,-1|-1,-1|29,30|-1,-1|
#type=4,4,4,4,4,4,4,4,0,4,
..........
#11111111111111111111
#assigned_pet=-1,-1,-1,-1,-1,-1,-1,-1,-1,-1,
#assigned_hub=1,0,3,2,5,6,8,4,-1,7,
#moving_targetting_pos=6,16|6,6|16,6|6,26|16,26|26,6|26,26|16,16|29,2|26,16|
#setting_targetting_pos=-1,-1|-1,-1|-1,-1|-1,-1|-1,-1|-1,-1|-1,-1|-1,-1|29,30|-1,-1|
#type=4,4,4,4,4,4,4,4,0,4,
..........
#11111111111111111111
#assigned_pet=-1,-1,-1,-1,-1,-1,-1,-1,-1,-1,
#assigned_hub=1,0,3,2,5,6,8,4,-1,7,
#moving_targetting_pos=6,16|6,6|16,6|6,26|16,26|26,6|26,26|16,16|29,2|26,16|
#setting_targetting_pos=-1,-1|-1,-1|-1,-1|-1,-1|-1,-1|-1,-1|-1,-1|-1,-1|29,30|-1,-1|
#type=4,4,4,4,4,4,4,4,0,4,
..........
#11111111111111111111
#assigned_pet=-1,-1,-1,-1,-1,-1,-1,-1,-1,-1,
#assigned_hub=1,0,3,2,5,6,8,4,-1,7,
#moving_targetting_pos=6,16|6,6|16,6|6,26|16,26|26,6|26,26|16,16|29,2|26,16|
#setting_targetting_pos=-1,-1|-1,-1|-1,-1|-1,-1|-1,-1|-1,-1|-1,-1|-1,-1|29,30|-1,-1|
#type=4,4,4,4,4,4,4,4,0,4,
..........
#11111111111111111111
#assigned_pet=-1,-1,-1,-1,-1,-1,-1,-1,-1,-1,
#assigned_hub=1,0,3,2,5,6,8,4,-1,7,
#moving_targetting_pos=6,16|6,6|16,6|6,26|16,26|26,6|26,26|16,16|29,2|26,16|
#setting_targetting_pos=-1,-1|-1,-1|-1,-1|-1,-1|-1,-1|-1,-1|-1,-1|-1,-1|29,30|-1,-1|
#type=4,4,4,4,4,4,4,4,0,4,
..........
#11111111111111111111
#assigned_pet=-1,-1,-1,-1,-1,-1,-1,-1,-1,-1,
#assigned_hub=1,0,3,2,5,6,8,4,-1,7,
#moving_targetting_pos=6,16|6,6|16,6|6,26|16,26|26,6|26,26|16,16|29,2|26,16|
#setting_targetting_pos=-1,-1|-1,-1|-1,-1|-1,-1|-1,-1|-1,-1|-1,-1|-1,-1|29,30|-1,-1|
#type=4,4,4,4,4,4,4,4,0,4,
..........
#11111111111111111111
#assigned_pet=-1,-1,-1,-1,-1,-1,-1,-1,-1,-1,
#assigned_hub=1,0,3,2,5,6,8,4,-1,7,
#moving_targetting_pos=6,16|6,6|16,6|6,26|16,26|26,6|26,26|16,16|29,2|26,16|
#setting_targetting_pos=-1,-1|-1,-1|-1,-1|-1,-1|-1,-1|-1,-1|-1,-1|-1,-1|29,30|-1,-1|
#type=4,4,4,4,4,4,4,4,0,4,
..........
#11111111111111111111
#assigned_pet=-1,-1,-1,-1,-1,-1,-1,-1,-1,-1,
#assigned_hub=1,0,3,2,5,6,8,4,-1,7,
#moving_targetting_pos=6,16|6,6|16,6|6,26|16,26|26,6|26,26|16,16|29,2|26,16|
#setting_targetting_pos=-1,-1|-1,-1|-1,-1|-1,-1|-1,-1|-1,-1|-1,-1|-1,-1|29,30|-1,-1|
#type=4,4,4,4,4,4,4,4,0,4,
..........
#11111111111111111111
#assigned_pet=-1,-1,-1,-1,-1,-1,-1,-1,-1,-1,
#assigned_hub=1,0,3,2,5,6,8,4,-1,7,
#moving_targetting_pos=6,16|6,6|16,6|6,26|16,26|26,6|26,26|16,16|29,2|26,16|
#setting_targetting_pos=-1,-1|-1,-1|-1,-1|-1,-1|-1,-1|-1,-1|-1,-1|-1,-1|29,30|-1,-1|
#type=4,4,4,4,4,4,4,4,0,4,
..........
#11111111111111111111
#assigned_pet=-1,-1,-1,-1,-1,-1,-1,-1,-1,-1,
#assigned_hub=1,0,3,2,5,6,8,4,-1,7,
#moving_targetting_pos=6,16|6,6|16,6|6,26|16,26|26,6|26,26|16,16|29,2|26,16|
#setting_targetting_pos=-1,-1|-1,-1|-1,-1|-1,-1|-1,-1|-1,-1|-1,-1|-1,-1|29,30|-1,-1|
#type=4,4,4,4,4,4,4,4,0,4,
..........
#11111111111111111111
#assigned_pet=-1,-1,-1,-1,-1,-1,-1,-1,-1,-1,
#assigned_hub=1,0,3,2,5,6,8,4,-1,7,
#moving_targetting_pos=6,16|6,6|16,6|6,26|16,26|26,6|26,26|16,16|29,2|26,16|
#setting_targetting_pos=-1,-1|-1,-1|-1,-1|-1,-1|-1,-1|-1,-1|-1,-1|-1,-1|29,30|-1,-1|
#type=4,4,4,4,4,4,4,4,0,4,
..........
#11111111111111111111
#assigned_pet=-1,-1,-1,-1,-1,-1,-1,-1,-1,-1,
#assigned_hub=1,0,3,2,5,6,8,4,-1,7,
#moving_targetting_pos=6,16|6,6|16,6|6,26|16,26|26,6|26,26|16,16|29,2|26,16|
#setting_targetting_pos=-1,-1|-1,-1|-1,-1|-1,-1|-1,-1|-1,-1|-1,-1|-1,-1|29,30|-1,-1|
#type=4,4,4,4,4,4,4,4,0,4,
..........
#11111111111111111111
#assigned_pet=-1,-1,-1,-1,-1,-1,-1,-1,-1,-1,
#assigned_hub=1,0,3,2,5,6,8,4,-1,7,
#moving_targetting_pos=6,16|6,6|16,6|6,26|16,26|26,6|26,26|16,16|29,2|26,16|
#setting_targetting_pos=-1,-1|-1,-1|-1,-1|-1,-1|-1,-1|-1,-1|-1,-1|-1,-1|29,30|-1,-1|
#type=4,4,4,4,4,4,4,4,0,4,
..........
#11111111111111111111
#assigned_pet=-1,-1,-1,-1,-1,-1,-1,-1,-1,-1,
#assigned_hub=1,0,3,2,5,6,8,4,-1,7,
#moving_targetting_pos=6,16|6,6|16,6|6,26|16,26|26,6|26,26|16,16|29,2|26,16|
#setting_targetting_pos=-1,-1|-1,-1|-1,-1|-1,-1|-1,-1|-1,-1|-1,-1|-1,-1|29,30|-1,-1|
#type=4,4,4,4,4,4,4,4,0,4,
..........
#11111111111111111111
#assigned_pet=-1,-1,-1,-1,-1,-1,-1,-1,-1,-1,
#assigned_hub=1,0,3,2,5,6,8,4,-1,7,
#moving_targetting_pos=6,16|6,6|16,6|6,26|16,26|26,6|26,26|16,16|29,2|26,16|
#setting_targetting_pos=-1,-1|-1,-1|-1,-1|-1,-1|-1,-1|-1,-1|-1,-1|-1,-1|29,30|-1,-1|
#type=4,4,4,4,4,4,4,4,0,4,
..........
#11111111111111111111
#assigned_pet=-1,-1,-1,-1,-1,-1,-1,-1,-1,-1,
#assigned_hub=1,0,3,2,5,6,8,4,-1,7,
#moving_targetting_pos=6,16|6,6|16,6|6,26|16,26|26,6|26,26|16,16|29,2|26,16|
#setting_targetting_pos=-1,-1|-1,-1|-1,-1|-1,-1|-1,-1|-1,-1|-1,-1|-1,-1|29,30|-1,-1|
#type=4,4,4,4,4,4,4,4,0,4,
..........
#11111111111111111111
#assigned_pet=-1,-1,-1,-1,-1,-1,-1,-1,-1,-1,
#assigned_hub=1,0,3,2,5,6,8,4,-1,7,
#moving_targetting_pos=6,16|6,6|16,6|6,26|16,26|26,6|26,26|16,16|29,2|26,16|
#setting_targetting_pos=-1,-1|-1,-1|-1,-1|-1,-1|-1,-1|-1,-1|-1,-1|-1,-1|29,30|-1,-1|
#type=4,4,4,4,4,4,4,4,0,4,
..........
#11111111111111111111
#assigned_pet=-1,-1,-1,-1,-1,-1,-1,-1,-1,-1,
#assigned_hub=1,0,3,2,5,6,8,4,-1,7,
#moving_targetting_pos=6,16|6,6|16,6|6,26|16,26|26,6|26,26|16,16|29,2|26,16|
#setting_targetting_pos=-1,-1|-1,-1|-1,-1|-1,-1|-1,-1|-1,-1|-1,-1|-1,-1|29,30|-1,-1|
#type=4,4,4,4,4,4,4,4,0,4,
..........
#11111111111111111111
#assigned_pet=-1,-1,-1,-1,-1,-1,-1,-1,-1,-1,
#assigned_hub=1,0,3,2,5,6,8,4,-1,7,
#moving_targetting_pos=6,16|6,6|16,6|6,26|16,26|26,6|26,26|16,16|29,2|26,16|
#setting_targetting_pos=-1,-1|-1,-1|-1,-1|-1,-1|-1,-1|-1,-1|-1,-1|-1,-1|29,30|-1,-1|
#type=4,4,4,4,4,4,4,4,0,4,
..........
#11111111111111111111
#assigned_pet=-1,-1,-1,-1,-1,-1,-1,-1,-1,-1,
#assigned_hub=1,0,3,2,5,6,8,4,-1,7,
#moving_targetting_pos=6,16|6,6|16,6|6,26|16,26|26,6|26,26|16,16|29,2|26,16|
#setting_targetting_pos=-1,-1|-1,-1|-1,-1|-1,-1|-1,-1|-1,-1|-1,-1|-1,-1|29,30|-1,-1|
#type=4,4,4,4,4,4,4,4,0,4,
..........
#11111111111111111111
#assigned_pet=-1,-1,-1,-1,-1,-1,-1,-1,-1,-1,
#assigned_hub=1,0,3,2,5,6,8,4,-1,7,
#moving_targetting_pos=6,16|6,6|16,6|6,26|16,26|26,6|26,26|16,16|29,2|26,16|
#setting_targetting_pos=-1,-1|-1,-1|-1,-1|-1,-1|-1,-1|-1,-1|-1,-1|-1,-1|29,30|-1,-1|
#type=4,4,4,4,4,4,4,4,0,4,
..........
#11111111111111111111
#assigned_pet=-1,-1,-1,-1,-1,-1,-1,-1,-1,-1,
#assigned_hub=1,0,3,2,5,6,8,4,-1,7,
#moving_targetting_pos=6,16|6,6|16,6|6,26|16,26|26,6|26,26|16,16|29,2|26,16|
#setting_targetting_pos=-1,-1|-1,-1|-1,-1|-1,-1|-1,-1|-1,-1|-1,-1|-1,-1|29,30|-1,-1|
#type=4,4,4,4,4,4,4,4,0,4,
..........
#11111111111111111111
#assigned_pet=-1,-1,-1,-1,-1,-1,-1,-1,-1,-1,
#assigned_hub=1,0,3,2,5,6,8,4,-1,7,
#moving_targetting_pos=6,16|6,6|16,6|6,26|16,26|26,6|26,26|16,16|29,2|26,16|
#setting_targetting_pos=-1,-1|-1,-1|-1,-1|-1,-1|-1,-1|-1,-1|-1,-1|-1,-1|29,30|-1,-1|
#type=4,4,4,4,4,4,4,4,0,4,
..........
#11111111111111111111
#assigned_pet=-1,-1,-1,-1,-1,-1,-1,-1,-1,-1,
#assigned_hub=1,0,3,2,5,6,8,4,-1,7,
#moving_targetting_pos=6,16|6,6|16,6|6,26|16,26|26,6|26,26|16,16|29,2|26,16|
#setting_targetting_pos=-1,-1|-1,-1|-1,-1|-1,-1|-1,-1|-1,-1|-1,-1|-1,-1|29,30|-1,-1|
#type=4,4,4,4,4,4,4,4,0,4,
..........
#11111111111111111111
#assigned_pet=-1,-1,-1,-1,-1,-1,-1,-1,-1,-1,
#assigned_hub=1,0,3,2,5,6,8,4,-1,7,
#moving_targetting_pos=6,16|6,6|16,6|6,26|16,26|26,6|26,26|16,16|29,2|26,16|
#setting_targetting_pos=-1,-1|-1,-1|-1,-1|-1,-1|-1,-1|-1,-1|-1,-1|-1,-1|29,30|-1,-1|
#type=4,4,4,4,4,4,4,4,0,4,
..........
#11111111111111111111
#assigned_pet=-1,-1,-1,-1,-1,-1,-1,-1,-1,-1,
#assigned_hub=1,0,3,2,5,6,8,4,-1,7,
#moving_targetting_pos=6,16|6,6|16,6|6,26|16,26|26,6|26,26|16,16|29,2|26,16|
#setting_targetting_pos=-1,-1|-1,-1|-1,-1|-1,-1|-1,-1|-1,-1|-1,-1|-1,-1|29,30|-1,-1|
#type=4,4,4,4,4,4,4,4,0,4,
..........
#11111111111111111111
#assigned_pet=-1,-1,-1,-1,-1,-1,-1,-1,-1,-1,
#assigned_hub=1,0,3,2,5,6,8,4,-1,7,
#moving_targetting_pos=6,16|6,6|16,6|6,26|16,26|26,6|26,26|16,16|29,2|26,16|
#setting_targetting_pos=-1,-1|-1,-1|-1,-1|-1,-1|-1,-1|-1,-1|-1,-1|-1,-1|29,30|-1,-1|
#type=4,4,4,4,4,4,4,4,0,4,
..........
#11111111111111111111
#assigned_pet=-1,-1,-1,-1,-1,-1,-1,-1,-1,-1,
#assigned_hub=1,0,3,2,5,6,8,4,-1,7,
#moving_targetting_pos=6,16|6,6|16,6|6,26|16,26|26,6|26,26|16,16|29,2|26,16|
#setting_targetting_pos=-1,-1|-1,-1|-1,-1|-1,-1|-1,-1|-1,-1|-1,-1|-1,-1|29,30|-1,-1|
#type=4,4,4,4,4,4,4,4,0,4,
..........
#11111111111111111111
#assigned_pet=-1,-1,-1,-1,-1,-1,-1,-1,-1,-1,
#assigned_hub=1,0,3,2,5,6,8,4,-1,7,
#moving_targetting_pos=6,16|6,6|16,6|6,26|16,26|26,6|26,26|16,16|29,2|26,16|
#setting_targetting_pos=-1,-1|-1,-1|-1,-1|-1,-1|-1,-1|-1,-1|-1,-1|-1,-1|29,30|-1,-1|
#type=4,4,4,4,4,4,4,4,0,4,
..........
#11111111111111111111
#assigned_pet=-1,-1,-1,-1,-1,-1,-1,-1,-1,-1,
#assigned_hub=1,0,3,2,5,6,8,4,-1,7,
#moving_targetting_pos=6,16|6,6|16,6|6,26|16,26|26,6|26,26|16,16|29,2|26,16|
#setting_targetting_pos=-1,-1|-1,-1|-1,-1|-1,-1|-1,-1|-1,-1|-1,-1|-1,-1|29,30|-1,-1|
#type=4,4,4,4,4,4,4,4,0,4,
..........
#11111111111111111111
#assigned_pet=-1,-1,-1,-1,-1,-1,-1,-1,-1,-1,
#assigned_hub=1,0,3,2,5,6,8,4,-1,7,
#moving_targetting_pos=6,16|6,6|16,6|6,26|16,26|26,6|26,26|16,16|29,2|26,16|
#setting_targetting_pos=-1,-1|-1,-1|-1,-1|-1,-1|-1,-1|-1,-1|-1,-1|-1,-1|29,30|-1,-1|
#type=4,4,4,4,4,4,4,4,0,4,
..........
#11111111111111111111
#assigned_pet=-1,-1,-1,-1,-1,-1,-1,-1,-1,-1,
#assigned_hub=1,0,3,2,5,6,8,4,-1,7,
#moving_targetting_pos=6,16|6,6|16,6|6,26|16,26|26,6|26,26|16,16|29,2|26,16|
#setting_targetting_pos=-1,-1|-1,-1|-1,-1|-1,-1|-1,-1|-1,-1|-1,-1|-1,-1|29,30|-1,-1|
#type=4,4,4,4,4,4,4,4,0,4,
..........
#11111111111111111111
#assigned_pet=-1,-1,-1,-1,-1,-1,-1,-1,-1,-1,
#assigned_hub=1,0,3,2,5,6,8,4,-1,7,
#moving_targetting_pos=6,16|6,6|16,6|6,26|16,26|26,6|26,26|16,16|29,2|26,16|
#setting_targetting_pos=-1,-1|-1,-1|-1,-1|-1,-1|-1,-1|-1,-1|-1,-1|-1,-1|29,30|-1,-1|
#type=4,4,4,4,4,4,4,4,0,4,
..........
#11111111111111111111
#assigned_pet=-1,-1,-1,-1,-1,-1,-1,-1,-1,-1,
#assigned_hub=1,0,3,2,5,6,8,4,-1,7,
#moving_targetting_pos=6,16|6,6|16,6|6,26|16,26|26,6|26,26|16,16|29,2|26,16|
#setting_targetting_pos=-1,-1|-1,-1|-1,-1|-1,-1|-1,-1|-1,-1|-1,-1|-1,-1|29,30|-1,-1|
#type=4,4,4,4,4,4,4,4,0,4,
..........
#11111111111111111111
#assigned_pet=-1,-1,-1,-1,-1,-1,-1,-1,-1,-1,
#assigned_hub=1,0,3,2,5,6,8,4,-1,7,
#moving_targetting_pos=6,16|6,6|16,6|6,26|16,26|26,6|26,26|16,16|29,2|26,16|
#setting_targetting_pos=-1,-1|-1,-1|-1,-1|-1,-1|-1,-1|-1,-1|-1,-1|-1,-1|29,30|-1,-1|
#type=4,4,4,4,4,4,4,4,0,4,
..........
#11111111111111111111
#assigned_pet=-1,-1,-1,-1,-1,-1,-1,-1,-1,-1,
#assigned_hub=1,0,3,2,5,6,8,4,-1,7,
#moving_targetting_pos=6,16|6,6|16,6|6,26|16,26|26,6|26,26|16,16|29,2|26,16|
#setting_targetting_pos=-1,-1|-1,-1|-1,-1|-1,-1|-1,-1|-1,-1|-1,-1|-1,-1|29,30|-1,-1|
#type=4,4,4,4,4,4,4,4,0,4,
..........
#11111111111111111111
#assigned_pet=-1,-1,-1,-1,-1,-1,-1,-1,-1,-1,
#assigned_hub=1,0,3,2,5,6,8,4,-1,7,
#moving_targetting_pos=6,16|6,6|16,6|6,26|16,26|26,6|26,26|16,16|29,2|26,16|
#setting_targetting_pos=-1,-1|-1,-1|-1,-1|-1,-1|-1,-1|-1,-1|-1,-1|-1,-1|29,30|-1,-1|
#type=4,4,4,4,4,4,4,4,0,4,
..........
#11111111111111111111
#assigned_pet=-1,-1,-1,-1,-1,-1,-1,-1,-1,-1,
#assigned_hub=1,0,3,2,5,6,8,4,-1,7,
#moving_targetting_pos=6,16|6,6|16,6|6,26|16,26|26,6|26,26|16,16|29,2|26,16|
#setting_targetting_pos=-1,-1|-1,-1|-1,-1|-1,-1|-1,-1|-1,-1|-1,-1|-1,-1|29,30|-1,-1|
#type=4,4,4,4,4,4,4,4,0,4,
..........
#11111111111111111111
#assigned_pet=-1,-1,-1,-1,-1,-1,-1,-1,-1,-1,
#assigned_hub=1,0,3,2,5,6,8,4,-1,7,
#moving_targetting_pos=6,16|6,6|16,6|6,26|16,26|26,6|26,26|16,16|29,2|26,16|
#setting_targetting_pos=-1,-1|-1,-1|-1,-1|-1,-1|-1,-1|-1,-1|-1,-1|-1,-1|29,30|-1,-1|
#type=4,4,4,4,4,4,4,4,0,4,
..........
#11111111111111111111
#assigned_pet=-1,-1,-1,-1,-1,-1,-1,-1,-1,-1,
#assigned_hub=1,0,3,2,5,6,8,4,-1,7,
#moving_targetting_pos=6,16|6,6|16,6|6,26|16,26|26,6|26,26|16,16|29,2|26,16|
#setting_targetting_pos=-1,-1|-1,-1|-1,-1|-1,-1|-1,-1|-1,-1|-1,-1|-1,-1|29,30|-1,-1|
#type=4,4,4,4,4,4,4,4,0,4,
..........
#11111111111111111111
#assigned_pet=-1,-1,-1,-1,-1,-1,-1,-1,-1,-1,
#assigned_hub=1,0,3,2,5,6,8,4,-1,7,
#moving_targetting_pos=6,16|6,6|16,6|6,26|16,26|26,6|26,26|16,16|29,2|26,16|
#setting_targetting_pos=-1,-1|-1,-1|-1,-1|-1,-1|-1,-1|-1,-1|-1,-1|-1,-1|29,30|-1,-1|
#type=4,4,4,4,4,4,4,4,0,4,
..........
#11111111111111111111
#assigned_pet=-1,-1,-1,-1,-1,-1,-1,-1,-1,-1,
#assigned_hub=1,0,3,2,5,6,8,4,-1,7,
#moving_targetting_pos=6,16|6,6|16,6|6,26|16,26|26,6|26,26|16,16|29,2|26,16|
#setting_targetting_pos=-1,-1|-1,-1|-1,-1|-1,-1|-1,-1|-1,-1|-1,-1|-1,-1|29,30|-1,-1|
#type=4,4,4,4,4,4,4,4,0,4,
..........
#11111111111111111111
#assigned_pet=-1,-1,-1,-1,-1,-1,-1,-1,-1,-1,
#assigned_hub=1,0,3,2,5,6,8,4,-1,7,
#moving_targetting_pos=6,16|6,6|16,6|6,26|16,26|26,6|26,26|16,16|29,2|26,16|
#setting_targetting_pos=-1,-1|-1,-1|-1,-1|-1,-1|-1,-1|-1,-1|-1,-1|-1,-1|29,30|-1,-1|
#type=4,4,4,4,4,4,4,4,0,4,
..........
#11111111111111111111
#assigned_pet=-1,-1,-1,-1,-1,-1,-1,-1,-1,-1,
#assigned_hub=1,0,3,2,5,6,8,4,-1,7,
#moving_targetting_pos=6,16|6,6|16,6|6,26|16,26|26,6|26,26|16,16|29,2|26,16|
#setting_targetting_pos=-1,-1|-1,-1|-1,-1|-1,-1|-1,-1|-1,-1|-1,-1|-1,-1|29,30|-1,-1|
#type=4,4,4,4,4,4,4,4,0,4,
..........
#11111111111111111111
#assigned_pet=-1,-1,-1,-1,-1,-1,-1,-1,-1,-1,
#assigned_hub=1,0,3,2,5,6,8,4,-1,7,
#moving_targetting_pos=6,16|6,6|16,6|6,26|16,26|26,6|26,26|16,16|29,2|26,16|
#setting_targetting_pos=-1,-1|-1,-1|-1,-1|-1,-1|-1,-1|-1,-1|-1,-1|-1,-1|29,30|-1,-1|
#type=4,4,4,4,4,4,4,4,0,4,
..........
#11111111111111111111
#assigned_pet=-1,-1,-1,-1,-1,-1,-1,-1,-1,-1,
#assigned_hub=1,0,3,2,5,6,8,4,-1,7,
#moving_targetting_pos=6,16|6,6|16,6|6,26|16,26|26,6|26,26|16,16|29,2|26,16|
#setting_targetting_pos=-1,-1|-1,-1|-1,-1|-1,-1|-1,-1|-1,-1|-1,-1|-1,-1|29,30|-1,-1|
#type=4,4,4,4,4,4,4,4,0,4,
..........
#11111111111111111111
#assigned_pet=-1,-1,-1,-1,-1,-1,-1,-1,-1,-1,
#assigned_hub=1,0,3,2,5,6,8,4,-1,7,
#moving_targetting_pos=6,16|6,6|16,6|6,26|16,26|26,6|26,26|16,16|29,2|26,16|
#setting_targetting_pos=-1,-1|-1,-1|-1,-1|-1,-1|-1,-1|-1,-1|-1,-1|-1,-1|29,30|-1,-1|
#type=4,4,4,4,4,4,4,4,0,4,
..........
#11111111111111111111
#assigned_pet=-1,-1,-1,-1,-1,-1,-1,-1,-1,-1,
#assigned_hub=1,0,3,2,5,6,8,4,-1,7,
#moving_targetting_pos=6,16|6,6|16,6|6,26|16,26|26,6|26,26|16,16|29,2|26,16|
#setting_targetting_pos=-1,-1|-1,-1|-1,-1|-1,-1|-1,-1|-1,-1|-1,-1|-1,-1|29,30|-1,-1|
#type=4,4,4,4,4,4,4,4,0,4,
..........
#11111111111111111111
#assigned_pet=-1,-1,-1,-1,-1,-1,-1,-1,-1,-1,
#assigned_hub=1,0,3,2,5,6,8,4,-1,7,
#moving_targetting_pos=6,16|6,6|16,6|6,26|16,26|26,6|26,26|16,16|29,2|26,16|
#setting_targetting_pos=-1,-1|-1,-1|-1,-1|-1,-1|-1,-1|-1,-1|-1,-1|-1,-1|29,30|-1,-1|
#type=4,4,4,4,4,4,4,4,0,4,
..........
#11111111111111111111
#assigned_pet=-1,-1,-1,-1,-1,-1,-1,-1,-1,-1,
#assigned_hub=1,0,3,2,5,6,8,4,-1,7,
#moving_targetting_pos=6,16|6,6|16,6|6,26|16,26|26,6|26,26|16,16|29,2|26,16|
#setting_targetting_pos=-1,-1|-1,-1|-1,-1|-1,-1|-1,-1|-1,-1|-1,-1|-1,-1|29,30|-1,-1|
#type=4,4,4,4,4,4,4,4,0,4,
..........
#11111111111111111111
#assigned_pet=-1,-1,-1,-1,-1,-1,-1,-1,-1,-1,
#assigned_hub=1,0,3,2,5,6,8,4,-1,7,
#moving_targetting_pos=6,16|6,6|16,6|6,26|16,26|26,6|26,26|16,16|29,2|26,16|
#setting_targetting_pos=-1,-1|-1,-1|-1,-1|-1,-1|-1,-1|-1,-1|-1,-1|-1,-1|29,30|-1,-1|
#type=4,4,4,4,4,4,4,4,0,4,
..........
#11111111111111111111
#assigned_pet=-1,-1,-1,-1,-1,-1,-1,-1,-1,-1,
#assigned_hub=1,0,3,2,5,6,8,4,-1,7,
#moving_targetting_pos=6,16|6,6|16,6|6,26|16,26|26,6|26,26|16,16|29,2|26,16|
#setting_targetting_pos=-1,-1|-1,-1|-1,-1|-1,-1|-1,-1|-1,-1|-1,-1|-1,-1|29,30|-1,-1|
#type=4,4,4,4,4,4,4,4,0,4,
..........
#11111111111111111111
#assigned_pet=-1,-1,-1,-1,-1,-1,-1,-1,-1,-1,
#assigned_hub=1,0,3,2,5,6,8,4,-1,7,
#moving_targetting_pos=6,16|6,6|16,6|6,26|16,26|26,6|26,26|16,16|29,2|26,16|
#setting_targetting_pos=-1,-1|-1,-1|-1,-1|-1,-1|-1,-1|-1,-1|-1,-1|-1,-1|29,30|-1,-1|
#type=4,4,4,4,4,4,4,4,0,4,
..........
#11111111111111111111
#assigned_pet=-1,-1,-1,-1,-1,-1,-1,-1,-1,-1,
#assigned_hub=1,0,3,2,5,6,8,4,-1,7,
#moving_targetting_pos=6,16|6,6|16,6|6,26|16,26|26,6|26,26|16,16|29,2|26,16|
#setting_targetting_pos=-1,-1|-1,-1|-1,-1|-1,-1|-1,-1|-1,-1|-1,-1|-1,-1|29,30|-1,-1|
#type=4,4,4,4,4,4,4,4,0,4,
..........
#11111111111111111111
#assigned_pet=-1,-1,-1,-1,-1,-1,-1,-1,-1,-1,
#assigned_hub=1,0,3,2,5,6,8,4,-1,7,
#moving_targetting_pos=6,16|6,6|16,6|6,26|16,26|26,6|26,26|16,16|29,2|26,16|
#setting_targetting_pos=-1,-1|-1,-1|-1,-1|-1,-1|-1,-1|-1,-1|-1,-1|-1,-1|29,30|-1,-1|
#type=4,4,4,4,4,4,4,4,0,4,
..........
#11111111111111111111
#assigned_pet=-1,-1,-1,-1,-1,-1,-1,-1,-1,-1,
#assigned_hub=1,0,3,2,5,6,8,4,-1,7,
#moving_targetting_pos=6,16|6,6|16,6|6,26|16,26|26,6|26,26|16,16|29,2|26,16|
#setting_targetting_pos=-1,-1|-1,-1|-1,-1|-1,-1|-1,-1|-1,-1|-1,-1|-1,-1|29,30|-1,-1|
#type=4,4,4,4,4,4,4,4,0,4,
..........
#11111111111111111111
#assigned_pet=-1,-1,-1,-1,-1,-1,-1,-1,-1,-1,
#assigned_hub=1,0,3,2,5,6,8,4,-1,7,
#moving_targetting_pos=6,16|6,6|16,6|6,26|16,26|26,6|26,26|16,16|29,2|26,16|
#setting_targetting_pos=-1,-1|-1,-1|-1,-1|-1,-1|-1,-1|-1,-1|-1,-1|-1,-1|29,30|-1,-1|
#type=4,4,4,4,4,4,4,4,0,4,
..........
#11111111111111111111
#assigned_pet=-1,-1,-1,-1,-1,-1,-1,-1,-1,-1,
#assigned_hub=1,0,3,2,5,6,8,4,-1,7,
#moving_targetting_pos=6,16|6,6|16,6|6,26|16,26|26,6|26,26|16,16|29,2|26,16|
#setting_targetting_pos=-1,-1|-1,-1|-1,-1|-1,-1|-1,-1|-1,-1|-1,-1|-1,-1|29,30|-1,-1|
#type=4,4,4,4,4,4,4,4,0,4,
..........
#11111111111111111111
#assigned_pet=-1,-1,-1,-1,-1,-1,-1,-1,-1,-1,
#assigned_hub=1,0,3,2,5,6,8,4,-1,7,
#moving_targetting_pos=6,16|6,6|16,6|6,26|16,26|26,6|26,26|16,16|29,2|26,16|
#setting_targetting_pos=-1,-1|-1,-1|-1,-1|-1,-1|-1,-1|-1,-1|-1,-1|-1,-1|29,30|-1,-1|
#type=4,4,4,4,4,4,4,4,0,4,
..........
#11111111111111111111
#assigned_pet=-1,-1,-1,-1,-1,-1,-1,-1,-1,-1,
#assigned_hub=1,0,3,2,5,6,8,4,-1,7,
#moving_targetting_pos=6,16|6,6|16,6|6,26|16,26|26,6|26,26|16,16|29,2|26,16|
#setting_targetting_pos=-1,-1|-1,-1|-1,-1|-1,-1|-1,-1|-1,-1|-1,-1|-1,-1|29,30|-1,-1|
#type=4,4,4,4,4,4,4,4,0,4,
..........
#11111111111111111111
#assigned_pet=-1,-1,-1,-1,-1,-1,-1,-1,-1,-1,
#assigned_hub=1,0,3,2,5,6,8,4,-1,7,
#moving_targetting_pos=6,16|6,6|16,6|6,26|16,26|26,6|26,26|16,16|29,2|26,16|
#setting_targetting_pos=-1,-1|-1,-1|-1,-1|-1,-1|-1,-1|-1,-1|-1,-1|-1,-1|29,30|-1,-1|
#type=4,4,4,4,4,4,4,4,0,4,
..........
#11111111111111111111
#assigned_pet=-1,-1,-1,-1,-1,-1,-1,-1,-1,-1,
#assigned_hub=1,0,3,2,5,6,8,4,-1,7,
#moving_targetting_pos=6,16|6,6|16,6|6,26|16,26|26,6|26,26|16,16|29,2|26,16|
#setting_targetting_pos=-1,-1|-1,-1|-1,-1|-1,-1|-1,-1|-1,-1|-1,-1|-1,-1|29,30|-1,-1|
#type=4,4,4,4,4,4,4,4,0,4,
..........
#11111111111111111111
#assigned_pet=-1,-1,-1,-1,-1,-1,-1,-1,-1,-1,
#assigned_hub=1,0,3,2,5,6,8,4,-1,7,
#moving_targetting_pos=6,16|6,6|16,6|6,26|16,26|26,6|26,26|16,16|29,2|26,16|
#setting_targetting_pos=-1,-1|-1,-1|-1,-1|-1,-1|-1,-1|-1,-1|-1,-1|-1,-1|29,30|-1,-1|
#type=4,4,4,4,4,4,4,4,0,4,
..........
#11111111111111111111
#assigned_pet=-1,-1,-1,-1,-1,-1,-1,-1,-1,-1,
#assigned_hub=1,0,3,2,5,6,8,4,-1,7,
#moving_targetting_pos=6,16|6,6|16,6|6,26|16,26|26,6|26,26|16,16|29,2|26,16|
#setting_targetting_pos=-1,-1|-1,-1|-1,-1|-1,-1|-1,-1|-1,-1|-1,-1|-1,-1|29,30|-1,-1|
#type=4,4,4,4,4,4,4,4,0,4,
..........
#11111111111111111111
#assigned_pet=-1,-1,-1,-1,-1,-1,-1,-1,-1,-1,
#assigned_hub=1,0,3,2,5,6,8,4,-1,7,
#moving_targetting_pos=6,16|6,6|16,6|6,26|16,26|26,6|26,26|16,16|29,2|26,16|
#setting_targetting_pos=-1,-1|-1,-1|-1,-1|-1,-1|-1,-1|-1,-1|-1,-1|-1,-1|29,30|-1,-1|
#type=4,4,4,4,4,4,4,4,0,4,
..........
#11111111111111111111
#assigned_pet=-1,-1,-1,-1,-1,-1,-1,-1,-1,-1,
#assigned_hub=1,0,3,2,5,6,8,4,-1,7,
#moving_targetting_pos=6,16|6,6|16,6|6,26|16,26|26,6|26,26|16,16|29,2|26,16|
#setting_targetting_pos=-1,-1|-1,-1|-1,-1|-1,-1|-1,-1|-1,-1|-1,-1|-1,-1|29,30|-1,-1|
#type=4,4,4,4,4,4,4,4,0,4,
..........
#11111111111111111111
#assigned_pet=-1,-1,-1,-1,-1,-1,-1,-1,-1,-1,
#assigned_hub=1,0,3,2,5,6,8,4,-1,7,
#moving_targetting_pos=6,16|6,6|16,6|6,26|16,26|26,6|26,26|16,16|29,2|26,16|
#setting_targetting_pos=-1,-1|-1,-1|-1,-1|-1,-1|-1,-1|-1,-1|-1,-1|-1,-1|29,30|-1,-1|
#type=4,4,4,4,4,4,4,4,0,4,
..........
#11111111111111111111
#assigned_pet=-1,-1,-1,-1,-1,-1,-1,-1,-1,-1,
#assigned_hub=1,0,3,2,5,6,8,4,-1,7,
#moving_targetting_pos=6,16|6,6|16,6|6,26|16,26|26,6|26,26|16,16|29,2|26,16|
#setting_targetting_pos=-1,-1|-1,-1|-1,-1|-1,-1|-1,-1|-1,-1|-1,-1|-1,-1|29,30|-1,-1|
#type=4,4,4,4,4,4,4,4,0,4,
..........
#11111111111111111111
#assigned_pet=-1,-1,-1,-1,-1,-1,-1,-1,-1,-1,
#assigned_hub=1,0,3,2,5,6,8,4,-1,7,
#moving_targetting_pos=6,16|6,6|16,6|6,26|16,26|26,6|26,26|16,16|29,2|26,16|
#setting_targetting_pos=-1,-1|-1,-1|-1,-1|-1,-1|-1,-1|-1,-1|-1,-1|-1,-1|29,30|-1,-1|
#type=4,4,4,4,4,4,4,4,0,4,
..........
#11111111111111111111
#assigned_pet=-1,-1,-1,-1,-1,-1,-1,-1,-1,-1,
#assigned_hub=1,0,3,2,5,6,8,4,-1,7,
#moving_targetting_pos=6,16|6,6|16,6|6,26|16,26|26,6|26,26|16,16|29,2|26,16|
#setting_targetting_pos=-1,-1|-1,-1|-1,-1|-1,-1|-1,-1|-1,-1|-1,-1|-1,-1|29,30|-1,-1|
#type=4,4,4,4,4,4,4,4,0,4,
..........
#11111111111111111111
#assigned_pet=-1,-1,-1,-1,-1,-1,-1,-1,-1,-1,
#assigned_hub=1,0,3,2,5,6,8,4,-1,7,
#moving_targetting_pos=6,16|6,6|16,6|6,26|16,26|26,6|26,26|16,16|29,2|26,16|
#setting_targetting_pos=-1,-1|-1,-1|-1,-1|-1,-1|-1,-1|-1,-1|-1,-1|-1,-1|29,30|-1,-1|
#type=4,4,4,4,4,4,4,4,0,4,
..........
#11111111111111111111
#assigned_pet=-1,-1,-1,-1,-1,-1,-1,-1,-1,-1,
#assigned_hub=1,0,3,2,5,6,8,4,-1,7,
#moving_targetting_pos=6,16|6,6|16,6|6,26|16,26|26,6|26,26|16,16|29,2|26,16|
#setting_targetting_pos=-1,-1|-1,-1|-1,-1|-1,-1|-1,-1|-1,-1|-1,-1|-1,-1|29,30|-1,-1|
#type=4,4,4,4,4,4,4,4,0,4,
..........
#11111111111111111111
#assigned_pet=-1,-1,-1,-1,-1,-1,-1,-1,-1,-1,
#assigned_hub=1,0,3,2,5,6,8,4,-1,7,
#moving_targetting_pos=6,16|6,6|16,6|6,26|16,26|26,6|26,26|16,16|29,2|26,16|
#setting_targetting_pos=-1,-1|-1,-1|-1,-1|-1,-1|-1,-1|-1,-1|-1,-1|-1,-1|29,30|-1,-1|
#type=4,4,4,4,4,4,4,4,0,4,
..........
#11111111111111111111
#assigned_pet=-1,-1,-1,-1,-1,-1,-1,-1,-1,-1,
#assigned_hub=1,0,3,2,5,6,8,4,-1,7,
#moving_targetting_pos=6,16|6,6|16,6|6,26|16,26|26,6|26,26|16,16|29,2|26,16|
#setting_targetting_pos=-1,-1|-1,-1|-1,-1|-1,-1|-1,-1|-1,-1|-1,-1|-1,-1|29,30|-1,-1|
#type=4,4,4,4,4,4,4,4,0,4,
..........
#11111111111111111111
#assigned_pet=-1,-1,-1,-1,-1,-1,-1,-1,-1,-1,
#assigned_hub=1,0,3,2,5,6,8,4,-1,7,
#moving_targetting_pos=6,16|6,6|16,6|6,26|16,26|26,6|26,26|16,16|29,2|26,16|
#setting_targetting_pos=-1,-1|-1,-1|-1,-1|-1,-1|-1,-1|-1,-1|-1,-1|-1,-1|29,30|-1,-1|
#type=4,4,4,4,4,4,4,4,0,4,
..........
#11111111111111111111
#assigned_pet=-1,-1,-1,-1,-1,-1,-1,-1,-1,-1,
#assigned_hub=1,0,3,2,5,6,8,4,-1,7,
#moving_targetting_pos=6,16|6,6|16,6|6,26|16,26|26,6|26,26|16,16|29,2|26,16|
#setting_targetting_pos=-1,-1|-1,-1|-1,-1|-1,-1|-1,-1|-1,-1|-1,-1|-1,-1|29,30|-1,-1|
#type=4,4,4,4,4,4,4,4,0,4,
..........
#11111111111111111111
#assigned_pet=-1,-1,-1,-1,-1,-1,-1,-1,-1,-1,
#assigned_hub=1,0,3,2,5,6,8,4,-1,7,
#moving_targetting_pos=6,16|6,6|16,6|6,26|16,26|26,6|26,26|16,16|29,2|26,16|
#setting_targetting_pos=-1,-1|-1,-1|-1,-1|-1,-1|-1,-1|-1,-1|-1,-1|-1,-1|29,30|-1,-1|
#type=4,4,4,4,4,4,4,4,0,4,
..........
#11111111111111111111
#assigned_pet=-1,-1,-1,-1,-1,-1,-1,-1,-1,-1,
#assigned_hub=1,0,3,2,5,6,8,4,-1,7,
#moving_targetting_pos=6,16|6,6|16,6|6,26|16,26|26,6|26,26|16,16|29,2|26,16|
#setting_targetting_pos=-1,-1|-1,-1|-1,-1|-1,-1|-1,-1|-1,-1|-1,-1|-1,-1|29,30|-1,-1|
#type=4,4,4,4,4,4,4,4,0,4,
..........
#11111111111111111111
#assigned_pet=-1,-1,-1,-1,-1,-1,-1,-1,-1,-1,
#assigned_hub=1,0,3,2,5,6,8,4,-1,7,
#moving_targetting_pos=6,16|6,6|16,6|6,26|16,26|26,6|26,26|16,16|29,2|26,16|
#setting_targetting_pos=-1,-1|-1,-1|-1,-1|-1,-1|-1,-1|-1,-1|-1,-1|-1,-1|29,30|-1,-1|
#type=4,4,4,4,4,4,4,4,0,4,
..........
#11111111111111111111
#assigned_pet=-1,-1,-1,-1,-1,-1,-1,-1,-1,-1,
#assigned_hub=1,0,3,2,5,6,8,4,-1,7,
#moving_targetting_pos=6,16|6,6|16,6|6,26|16,26|26,6|26,26|16,16|29,2|26,16|
#setting_targetting_pos=-1,-1|-1,-1|-1,-1|-1,-1|-1,-1|-1,-1|-1,-1|-1,-1|29,30|-1,-1|
#type=4,4,4,4,4,4,4,4,0,4,
..........
#11111111111111111111
#assigned_pet=-1,-1,-1,-1,-1,-1,-1,-1,-1,-1,
#assigned_hub=1,0,3,2,5,6,8,4,-1,7,
#moving_targetting_pos=6,16|6,6|16,6|6,26|16,26|26,6|26,26|16,16|29,2|26,16|
#setting_targetting_pos=-1,-1|-1,-1|-1,-1|-1,-1|-1,-1|-1,-1|-1,-1|-1,-1|29,30|-1,-1|
#type=4,4,4,4,4,4,4,4,0,4,
..........
#11111111111111111111
#assigned_pet=-1,-1,-1,-1,-1,-1,-1,-1,-1,-1,
#assigned_hub=1,0,3,2,5,6,8,4,-1,7,
#moving_targetting_pos=6,16|6,6|16,6|6,26|16,26|26,6|26,26|16,16|29,2|26,16|
#setting_targetting_pos=-1,-1|-1,-1|-1,-1|-1,-1|-1,-1|-1,-1|-1,-1|-1,-1|29,30|-1,-1|
#type=4,4,4,4,4,4,4,4,0,4,
..........
#11111111111111111111
#assigned_pet=-1,-1,-1,-1,-1,-1,-1,-1,-1,-1,
#assigned_hub=1,0,3,2,5,6,8,4,-1,7,
#moving_targetting_pos=6,16|6,6|16,6|6,26|16,26|26,6|26,26|16,16|29,2|26,16|
#setting_targetting_pos=-1,-1|-1,-1|-1,-1|-1,-1|-1,-1|-1,-1|-1,-1|-1,-1|29,30|-1,-1|
#type=4,4,4,4,4,4,4,4,0,4,
..........
#11111111111111111111
#assigned_pet=-1,-1,-1,-1,-1,-1,-1,-1,-1,-1,
#assigned_hub=1,0,3,2,5,6,8,4,-1,7,
#moving_targetting_pos=6,16|6,6|16,6|6,26|16,26|26,6|26,26|16,16|29,2|26,16|
#setting_targetting_pos=-1,-1|-1,-1|-1,-1|-1,-1|-1,-1|-1,-1|-1,-1|-1,-1|29,30|-1,-1|
#type=4,4,4,4,4,4,4,4,0,4,
..........
#11111111111111111111
#assigned_pet=-1,-1,-1,-1,-1,-1,-1,-1,-1,-1,
#assigned_hub=1,0,3,2,5,6,8,4,-1,7,
#moving_targetting_pos=6,16|6,6|16,6|6,26|16,26|26,6|26,26|16,16|29,2|26,16|
#setting_targetting_pos=-1,-1|-1,-1|-1,-1|-1,-1|-1,-1|-1,-1|-1,-1|-1,-1|29,30|-1,-1|
#type=4,4,4,4,4,4,4,4,0,4,
..........
#11111111111111111111
#assigned_pet=-1,-1,-1,-1,-1,-1,-1,-1,-1,-1,
#assigned_hub=1,0,3,2,5,6,8,4,-1,7,
#moving_targetting_pos=6,16|6,6|16,6|6,26|16,26|26,6|26,26|16,16|29,2|26,16|
#setting_targetting_pos=-1,-1|-1,-1|-1,-1|-1,-1|-1,-1|-1,-1|-1,-1|-1,-1|29,30|-1,-1|
#type=4,4,4,4,4,4,4,4,0,4,
..........
#11111111111111111111
#assigned_pet=-1,-1,-1,-1,-1,-1,-1,-1,-1,-1,
#assigned_hub=1,0,3,2,5,6,8,4,-1,7,
#moving_targetting_pos=6,16|6,6|16,6|6,26|16,26|26,6|26,26|16,16|29,2|26,16|
#setting_targetting_pos=-1,-1|-1,-1|-1,-1|-1,-1|-1,-1|-1,-1|-1,-1|-1,-1|29,30|-1,-1|
#type=4,4,4,4,4,4,4,4,0,4,
..........
#11111111111111111111
#assigned_pet=-1,-1,-1,-1,-1,-1,-1,-1,-1,-1,
#assigned_hub=1,0,3,2,5,6,8,4,-1,7,
#moving_targetting_pos=6,16|6,6|16,6|6,26|16,26|26,6|26,26|16,16|29,2|26,16|
#setting_targetting_pos=-1,-1|-1,-1|-1,-1|-1,-1|-1,-1|-1,-1|-1,-1|-1,-1|29,30|-1,-1|
#type=4,4,4,4,4,4,4,4,0,4,
..........
#11111111111111111111
#assigned_pet=-1,-1,-1,-1,-1,-1,-1,-1,-1,-1,
#assigned_hub=1,0,3,2,5,6,8,4,-1,7,
#moving_targetting_pos=6,16|6,6|16,6|6,26|16,26|26,6|26,26|16,16|29,2|26,16|
#setting_targetting_pos=-1,-1|-1,-1|-1,-1|-1,-1|-1,-1|-1,-1|-1,-1|-1,-1|29,30|-1,-1|
#type=4,4,4,4,4,4,4,4,0,4,
..........
#11111111111111111111
#assigned_pet=-1,-1,-1,-1,-1,-1,-1,-1,-1,-1,
#assigned_hub=1,0,3,2,5,6,8,4,-1,7,
#moving_targetting_pos=6,16|6,6|16,6|6,26|16,26|26,6|26,26|16,16|29,2|26,16|
#setting_targetting_pos=-1,-1|-1,-1|-1,-1|-1,-1|-1,-1|-1,-1|-1,-1|-1,-1|29,30|-1,-1|
#type=4,4,4,4,4,4,4,4,0,4,
..........
#11111111111111111111
#assigned_pet=-1,-1,-1,-1,-1,-1,-1,-1,-1,-1,
#assigned_hub=1,0,3,2,5,6,8,4,-1,7,
#moving_targetting_pos=6,16|6,6|16,6|6,26|16,26|26,6|26,26|16,16|29,2|26,16|
#setting_targetting_pos=-1,-1|-1,-1|-1,-1|-1,-1|-1,-1|-1,-1|-1,-1|-1,-1|29,30|-1,-1|
#type=4,4,4,4,4,4,4,4,0,4,
..........
#11111111111111111111
#assigned_pet=-1,-1,-1,-1,-1,-1,-1,-1,-1,-1,
#assigned_hub=1,0,3,2,5,6,8,4,-1,7,
#moving_targetting_pos=6,16|6,6|16,6|6,26|16,26|26,6|26,26|16,16|29,2|26,16|
#setting_targetting_pos=-1,-1|-1,-1|-1,-1|-1,-1|-1,-1|-1,-1|-1,-1|-1,-1|29,30|-1,-1|
#type=4,4,4,4,4,4,4,4,0,4,
..........
#11111111111111111111
#assigned_pet=-1,-1,-1,-1,-1,-1,-1,-1,-1,-1,
#assigned_hub=1,0,3,2,5,6,8,4,-1,7,
#moving_targetting_pos=6,16|6,6|16,6|6,26|16,26|26,6|26,26|16,16|29,2|26,16|
#setting_targetting_pos=-1,-1|-1,-1|-1,-1|-1,-1|-1,-1|-1,-1|-1,-1|-1,-1|29,30|-1,-1|
#type=4,4,4,4,4,4,4,4,0,4,
..........
#11111111111111111111
#assigned_pet=-1,-1,-1,-1,-1,-1,-1,-1,-1,-1,
#assigned_hub=1,0,3,2,5,6,8,4,-1,7,
#moving_targetting_pos=6,16|6,6|16,6|6,26|16,26|26,6|26,26|16,16|29,2|26,16|
#setting_targetting_pos=-1,-1|-1,-1|-1,-1|-1,-1|-1,-1|-1,-1|-1,-1|-1,-1|29,30|-1,-1|
#type=4,4,4,4,4,4,4,4,0,4,
..........
#11111111111111111111
#assigned_pet=-1,-1,-1,-1,-1,-1,-1,-1,-1,-1,
#assigned_hub=1,0,3,2,5,6,8,4,-1,7,
#moving_targetting_pos=6,16|6,6|16,6|6,26|16,26|26,6|26,26|16,16|29,2|26,16|
#setting_targetting_pos=-1,-1|-1,-1|-1,-1|-1,-1|-1,-1|-1,-1|-1,-1|-1,-1|29,30|-1,-1|
#type=4,4,4,4,4,4,4,4,0,4,
..........
#11111111111111111111
#assigned_pet=-1,-1,-1,-1,-1,-1,-1,-1,-1,-1,
#assigned_hub=1,0,3,2,5,6,8,4,-1,7,
#moving_targetting_pos=6,16|6,6|16,6|6,26|16,26|26,6|26,26|16,16|29,2|26,16|
#setting_targetting_pos=-1,-1|-1,-1|-1,-1|-1,-1|-1,-1|-1,-1|-1,-1|-1,-1|29,30|-1,-1|
#type=4,4,4,4,4,4,4,4,0,4,
..........
#11111111111111111111
#assigned_pet=-1,-1,-1,-1,-1,-1,-1,-1,-1,-1,
#assigned_hub=1,0,3,2,5,6,8,4,-1,7,
#moving_targetting_pos=6,16|6,6|16,6|6,26|16,26|26,6|26,26|16,16|29,2|26,16|
#setting_targetting_pos=-1,-1|-1,-1|-1,-1|-1,-1|-1,-1|-1,-1|-1,-1|-1,-1|29,30|-1,-1|
#type=4,4,4,4,4,4,4,4,0,4,
..........
#11111111111111111111
#assigned_pet=-1,-1,-1,-1,-1,-1,-1,-1,-1,-1,
#assigned_hub=1,0,3,2,5,6,8,4,-1,7,
#moving_targetting_pos=6,16|6,6|16,6|6,26|16,26|26,6|26,26|16,16|29,2|26,16|
#setting_targetting_pos=-1,-1|-1,-1|-1,-1|-1,-1|-1,-1|-1,-1|-1,-1|-1,-1|29,30|-1,-1|
#type=4,4,4,4,4,4,4,4,0,4,
..........
#11111111111111111111
#assigned_pet=-1,-1,-1,-1,-1,-1,-1,-1,-1,-1,
#assigned_hub=1,0,3,2,5,6,8,4,-1,7,
#moving_targetting_pos=6,16|6,6|16,6|6,26|16,26|26,6|26,26|16,16|29,2|26,16|
#setting_targetting_pos=-1,-1|-1,-1|-1,-1|-1,-1|-1,-1|-1,-1|-1,-1|-1,-1|29,30|-1,-1|
#type=4,4,4,4,4,4,4,4,0,4,
..........
#11111111111111111111
#assigned_pet=-1,-1,-1,-1,-1,-1,-1,-1,-1,-1,
#assigned_hub=1,0,3,2,5,6,8,4,-1,7,
#moving_targetting_pos=6,16|6,6|16,6|6,26|16,26|26,6|26,26|16,16|29,2|26,16|
#setting_targetting_pos=-1,-1|-1,-1|-1,-1|-1,-1|-1,-1|-1,-1|-1,-1|-1,-1|29,30|-1,-1|
#type=4,4,4,4,4,4,4,4,0,4,
..........
#11111111111111111111
#assigned_pet=-1,-1,-1,-1,-1,-1,-1,-1,-1,-1,
#assigned_hub=1,0,3,2,5,6,8,4,-1,7,
#moving_targetting_pos=6,16|6,6|16,6|6,26|16,26|26,6|26,26|16,16|29,2|26,16|
#setting_targetting_pos=-1,-1|-1,-1|-1,-1|-1,-1|-1,-1|-1,-1|-1,-1|-1,-1|29,30|-1,-1|
#type=4,4,4,4,4,4,4,4,0,4,
..........
#11111111111111111111
#assigned_pet=-1,-1,-1,-1,-1,-1,-1,-1,-1,-1,
#assigned_hub=1,0,3,2,5,6,8,4,-1,7,
#moving_targetting_pos=6,16|6,6|16,6|6,26|16,26|26,6|26,26|16,16|29,2|26,16|
#setting_targetting_pos=-1,-1|-1,-1|-1,-1|-1,-1|-1,-1|-1,-1|-1,-1|-1,-1|29,30|-1,-1|
#type=4,4,4,4,4,4,4,4,0,4,
..........
#11111111111111111111
#assigned_pet=-1,-1,-1,-1,-1,-1,-1,-1,-1,-1,
#assigned_hub=1,0,3,2,5,6,8,4,-1,7,
#moving_targetting_pos=6,16|6,6|16,6|6,26|16,26|26,6|26,26|16,16|29,2|26,16|
#setting_targetting_pos=-1,-1|-1,-1|-1,-1|-1,-1|-1,-1|-1,-1|-1,-1|-1,-1|29,30|-1,-1|
#type=4,4,4,4,4,4,4,4,0,4,
..........
#11111111111111111111
#assigned_pet=-1,-1,-1,-1,-1,-1,-1,-1,-1,-1,
#assigned_hub=1,0,3,2,5,6,8,4,-1,7,
#moving_targetting_pos=6,16|6,6|16,6|6,26|16,26|26,6|26,26|16,16|29,2|26,16|
#setting_targetting_pos=-1,-1|-1,-1|-1,-1|-1,-1|-1,-1|-1,-1|-1,-1|-1,-1|29,30|-1,-1|
#type=4,4,4,4,4,4,4,4,0,4,
..........
#11111111111111111111
#assigned_pet=-1,-1,-1,-1,-1,-1,-1,-1,-1,-1,
#assigned_hub=1,0,3,2,5,6,8,4,-1,7,
#moving_targetting_pos=6,16|6,6|16,6|6,26|16,26|26,6|26,26|16,16|29,2|26,16|
#setting_targetting_pos=-1,-1|-1,-1|-1,-1|-1,-1|-1,-1|-1,-1|-1,-1|-1,-1|29,30|-1,-1|
#type=4,4,4,4,4,4,4,4,0,4,
..........
#11111111111111111111
#assigned_pet=-1,-1,-1,-1,-1,-1,-1,-1,-1,-1,
#assigned_hub=1,0,3,2,5,6,8,4,-1,7,
#moving_targetting_pos=6,16|6,6|16,6|6,26|16,26|26,6|26,26|16,16|29,2|26,16|
#setting_targetting_pos=-1,-1|-1,-1|-1,-1|-1,-1|-1,-1|-1,-1|-1,-1|-1,-1|29,30|-1,-1|
#type=4,4,4,4,4,4,4,4,0,4,
..........
#11111111111111111111
#assigned_pet=-1,-1,-1,-1,-1,-1,-1,-1,-1,-1,
#assigned_hub=1,0,3,2,5,6,8,4,-1,7,
#moving_targetting_pos=6,16|6,6|16,6|6,26|16,26|26,6|26,26|16,16|29,2|26,16|
#setting_targetting_pos=-1,-1|-1,-1|-1,-1|-1,-1|-1,-1|-1,-1|-1,-1|-1,-1|29,30|-1,-1|
#type=4,4,4,4,4,4,4,4,0,4,
..........
#11111111111111111111
#assigned_pet=-1,-1,-1,-1,-1,-1,-1,-1,-1,-1,
#assigned_hub=1,0,3,2,5,6,8,4,-1,7,
#moving_targetting_pos=6,16|6,6|16,6|6,26|16,26|26,6|26,26|16,16|29,2|26,16|
#setting_targetting_pos=-1,-1|-1,-1|-1,-1|-1,-1|-1,-1|-1,-1|-1,-1|-1,-1|29,30|-1,-1|
#type=4,4,4,4,4,4,4,4,0,4,
..........
#11111111111111111111
#assigned_pet=-1,-1,-1,-1,-1,-1,-1,-1,-1,-1,
#assigned_hub=1,0,3,2,5,6,8,4,-1,7,
#moving_targetting_pos=6,16|6,6|16,6|6,26|16,26|26,6|26,26|16,16|29,2|26,16|
#setting_targetting_pos=-1,-1|-1,-1|-1,-1|-1,-1|-1,-1|-1,-1|-1,-1|-1,-1|29,30|-1,-1|
#type=4,4,4,4,4,4,4,4,0,4,
..........
#11111111111111111111
#assigned_pet=-1,-1,-1,-1,-1,-1,-1,-1,-1,-1,
#assigned_hub=1,0,3,2,5,6,8,4,-1,7,
#moving_targetting_pos=6,16|6,6|16,6|6,26|16,26|26,6|26,26|16,16|29,2|26,16|
#setting_targetting_pos=-1,-1|-1,-1|-1,-1|-1,-1|-1,-1|-1,-1|-1,-1|-1,-1|29,30|-1,-1|
#type=4,4,4,4,4,4,4,4,0,4,
..........
#11111111111111111111
#assigned_pet=-1,-1,-1,-1,-1,-1,-1,-1,-1,-1,
#assigned_hub=1,0,3,2,5,6,8,4,-1,7,
#moving_targetting_pos=6,16|6,6|16,6|6,26|16,26|26,6|26,26|16,16|29,2|26,16|
#setting_targetting_pos=-1,-1|-1,-1|-1,-1|-1,-1|-1,-1|-1,-1|-1,-1|-1,-1|29,30|-1,-1|
#type=4,4,4,4,4,4,4,4,0,4,
..........
#11111111111111111111
#assigned_pet=-1,-1,-1,-1,-1,-1,-1,-1,-1,-1,
#assigned_hub=1,0,3,2,5,6,8,4,-1,7,
#moving_targetting_pos=6,16|6,6|16,6|6,26|16,26|26,6|26,26|16,16|29,2|26,16|
#setting_targetting_pos=-1,-1|-1,-1|-1,-1|-1,-1|-1,-1|-1,-1|-1,-1|-1,-1|29,30|-1,-1|
#type=4,4,4,4,4,4,4,4,0,4,
..........
#11111111111111111111
#assigned_pet=-1,-1,-1,-1,-1,-1,-1,-1,-1,-1,
#assigned_hub=1,0,3,2,5,6,8,4,-1,7,
#moving_targetting_pos=6,16|6,6|16,6|6,26|16,26|26,6|26,26|16,16|29,2|26,16|
#setting_targetting_pos=-1,-1|-1,-1|-1,-1|-1,-1|-1,-1|-1,-1|-1,-1|-1,-1|29,30|-1,-1|
#type=4,4,4,4,4,4,4,4,0,4,
..........
#11111111111111111111
#assigned_pet=-1,-1,-1,-1,-1,-1,-1,-1,-1,-1,
#assigned_hub=1,0,3,2,5,6,8,4,-1,7,
#moving_targetting_pos=6,16|6,6|16,6|6,26|16,26|26,6|26,26|16,16|29,2|26,16|
#setting_targetting_pos=-1,-1|-1,-1|-1,-1|-1,-1|-1,-1|-1,-1|-1,-1|-1,-1|29,30|-1,-1|
#type=4,4,4,4,4,4,4,4,0,4,
..........
#11111111111111111111
#assigned_pet=-1,-1,-1,-1,-1,-1,-1,-1,-1,-1,
#assigned_hub=1,0,3,2,5,6,8,4,-1,7,
#moving_targetting_pos=6,16|6,6|16,6|6,26|16,26|26,6|26,26|16,16|29,2|26,16|
#setting_targetting_pos=-1,-1|-1,-1|-1,-1|-1,-1|-1,-1|-1,-1|-1,-1|-1,-1|29,30|-1,-1|
#type=4,4,4,4,4,4,4,4,0,4,
..........
#11111111111111111111
#assigned_pet=-1,-1,-1,-1,-1,-1,-1,-1,-1,-1,
#assigned_hub=1,0,3,2,5,6,8,4,-1,7,
#moving_targetting_pos=6,16|6,6|16,6|6,26|16,26|26,6|26,26|16,16|29,2|26,16|
#setting_targetting_pos=-1,-1|-1,-1|-1,-1|-1,-1|-1,-1|-1,-1|-1,-1|-1,-1|29,30|-1,-1|
#type=4,4,4,4,4,4,4,4,0,4,
..........
#11111111111111111111
#assigned_pet=-1,-1,-1,-1,-1,-1,-1,-1,-1,-1,
#assigned_hub=1,0,3,2,5,6,8,4,-1,7,
#moving_targetting_pos=6,16|6,6|16,6|6,26|16,26|26,6|26,26|16,16|29,2|26,16|
#setting_targetting_pos=-1,-1|-1,-1|-1,-1|-1,-1|-1,-1|-1,-1|-1,-1|-1,-1|29,30|-1,-1|
#type=4,4,4,4,4,4,4,4,0,4,
..........
#11111111111111111111
#assigned_pet=-1,-1,-1,-1,-1,-1,-1,-1,-1,-1,
#assigned_hub=1,0,3,2,5,6,8,4,-1,7,
#moving_targetting_pos=6,16|6,6|16,6|6,26|16,26|26,6|26,26|16,16|29,2|26,16|
#setting_targetting_pos=-1,-1|-1,-1|-1,-1|-1,-1|-1,-1|-1,-1|-1,-1|-1,-1|29,30|-1,-1|
#type=4,4,4,4,4,4,4,4,0,4,
..........
#11111111111111111111
#assigned_pet=-1,-1,-1,-1,-1,-1,-1,-1,-1,-1,
#assigned_hub=1,0,3,2,5,6,8,4,-1,7,
#moving_targetting_pos=6,16|6,6|16,6|6,26|16,26|26,6|26,26|16,16|29,2|26,16|
#setting_targetting_pos=-1,-1|-1,-1|-1,-1|-1,-1|-1,-1|-1,-1|-1,-1|-1,-1|29,30|-1,-1|
#type=4,4,4,4,4,4,4,4,0,4,
..........
#11111111111111111111
#assigned_pet=-1,-1,-1,-1,-1,-1,-1,-1,-1,-1,
#assigned_hub=1,0,3,2,5,6,8,4,-1,7,
#moving_targetting_pos=6,16|6,6|16,6|6,26|16,26|26,6|26,26|16,16|29,2|26,16|
#setting_targetting_pos=-1,-1|-1,-1|-1,-1|-1,-1|-1,-1|-1,-1|-1,-1|-1,-1|29,30|-1,-1|
#type=4,4,4,4,4,4,4,4,0,4,
..........
#11111111111111111111
#assigned_pet=-1,-1,-1,-1,-1,-1,-1,-1,-1,-1,
#assigned_hub=1,0,3,2,5,6,8,4,-1,7,
#moving_targetting_pos=6,16|6,6|16,6|6,26|16,26|26,6|26,26|16,16|29,2|26,16|
#setting_targetting_pos=-1,-1|-1,-1|-1,-1|-1,-1|-1,-1|-1,-1|-1,-1|-1,-1|29,30|-1,-1|
#type=4,4,4,4,4,4,4,4,0,4,
..........
#11111111111111111111
#assigned_pet=-1,-1,-1,-1,-1,-1,-1,-1,-1,-1,
#assigned_hub=1,0,3,2,5,6,8,4,-1,7,
#moving_targetting_pos=6,16|6,6|16,6|6,26|16,26|26,6|26,26|16,16|29,2|26,16|
#setting_targetting_pos=-1,-1|-1,-1|-1,-1|-1,-1|-1,-1|-1,-1|-1,-1|-1,-1|29,30|-1,-1|
#type=4,4,4,4,4,4,4,4,0,4,
..........
#11111111111111111111
#assigned_pet=-1,-1,-1,-1,-1,-1,-1,-1,-1,-1,
#assigned_hub=1,0,3,2,5,6,8,4,-1,7,
#moving_targetting_pos=6,16|6,6|16,6|6,26|16,26|26,6|26,26|16,16|29,2|26,16|
#setting_targetting_pos=-1,-1|-1,-1|-1,-1|-1,-1|-1,-1|-1,-1|-1,-1|-1,-1|29,30|-1,-1|
#type=4,4,4,4,4,4,4,4,0,4,
..........
#11111111111111111111
#assigned_pet=-1,-1,-1,-1,-1,-1,-1,-1,-1,-1,
#assigned_hub=1,0,3,2,5,6,8,4,-1,7,
#moving_targetting_pos=6,16|6,6|16,6|6,26|16,26|26,6|26,26|16,16|29,2|26,16|
#setting_targetting_pos=-1,-1|-1,-1|-1,-1|-1,-1|-1,-1|-1,-1|-1,-1|-1,-1|29,30|-1,-1|
#type=4,4,4,4,4,4,4,4,0,4,
..........
#11111111111111111111
#assigned_pet=-1,-1,-1,-1,-1,-1,-1,-1,-1,-1,
#assigned_hub=1,0,3,2,5,6,8,4,-1,7,
#moving_targetting_pos=6,16|6,6|16,6|6,26|16,26|26,6|26,26|16,16|29,2|26,16|
#setting_targetting_pos=-1,-1|-1,-1|-1,-1|-1,-1|-1,-1|-1,-1|-1,-1|-1,-1|29,30|-1,-1|
#type=4,4,4,4,4,4,4,4,0,4,
..........
#11111111111111111111
#assigned_pet=-1,-1,-1,-1,-1,-1,-1,-1,-1,-1,
#assigned_hub=1,0,3,2,5,6,8,4,-1,7,
#moving_targetting_pos=6,16|6,6|16,6|6,26|16,26|26,6|26,26|16,16|29,2|26,16|
#setting_targetting_pos=-1,-1|-1,-1|-1,-1|-1,-1|-1,-1|-1,-1|-1,-1|-1,-1|29,30|-1,-1|
#type=4,4,4,4,4,4,4,4,0,4,
..........
#11111111111111111111
#assigned_pet=-1,-1,-1,-1,-1,-1,-1,-1,-1,-1,
#assigned_hub=1,0,3,2,5,6,8,4,-1,7,
#moving_targetting_pos=6,16|6,6|16,6|6,26|16,26|26,6|26,26|16,16|29,2|26,16|
#setting_targetting_pos=-1,-1|-1,-1|-1,-1|-1,-1|-1,-1|-1,-1|-1,-1|-1,-1|29,30|-1,-1|
#type=4,4,4,4,4,4,4,4,0,4,
..........
#11111111111111111111
#assigned_pet=-1,-1,-1,-1,-1,-1,-1,-1,-1,-1,
#assigned_hub=1,0,3,2,5,6,8,4,-1,7,
#moving_targetting_pos=6,16|6,6|16,6|6,26|16,26|26,6|26,26|16,16|29,2|26,16|
#setting_targetting_pos=-1,-1|-1,-1|-1,-1|-1,-1|-1,-1|-1,-1|-1,-1|-1,-1|29,30|-1,-1|
#type=4,4,4,4,4,4,4,4,0,4,
..........
#11111111111111111111
#assigned_pet=-1,-1,-1,-1,-1,-1,-1,-1,-1,-1,
#assigned_hub=1,0,3,2,5,6,8,4,-1,7,
#moving_targetting_pos=6,16|6,6|16,6|6,26|16,26|26,6|26,26|16,16|29,2|26,16|
#setting_targetting_pos=-1,-1|-1,-1|-1,-1|-1,-1|-1,-1|-1,-1|-1,-1|-1,-1|29,30|-1,-1|
#type=4,4,4,4,4,4,4,4,0,4,
..........
#11111111111111111111
#assigned_pet=-1,-1,-1,-1,-1,-1,-1,-1,-1,-1,
#assigned_hub=1,0,3,2,5,6,8,4,-1,7,
#moving_targetting_pos=6,16|6,6|16,6|6,26|16,26|26,6|26,26|16,16|29,2|26,16|
#setting_targetting_pos=-1,-1|-1,-1|-1,-1|-1,-1|-1,-1|-1,-1|-1,-1|-1,-1|29,30|-1,-1|
#type=4,4,4,4,4,4,4,4,0,4,
..........
#11111111111111111111
#assigned_pet=-1,-1,-1,-1,-1,-1,-1,-1,-1,-1,
#assigned_hub=1,0,3,2,5,6,8,4,-1,7,
#moving_targetting_pos=6,16|6,6|16,6|6,26|16,26|26,6|26,26|16,16|29,2|26,16|
#setting_targetting_pos=-1,-1|-1,-1|-1,-1|-1,-1|-1,-1|-1,-1|-1,-1|-1,-1|29,30|-1,-1|
#type=4,4,4,4,4,4,4,4,0,4,
..........
#11111111111111111111
#assigned_pet=-1,-1,-1,-1,-1,-1,-1,-1,-1,-1,
#assigned_hub=1,0,3,2,5,6,8,4,-1,7,
#moving_targetting_pos=6,16|6,6|16,6|6,26|16,26|26,6|26,26|16,16|29,2|26,16|
#setting_targetting_pos=-1,-1|-1,-1|-1,-1|-1,-1|-1,-1|-1,-1|-1,-1|-1,-1|29,30|-1,-1|
#type=4,4,4,4,4,4,4,4,0,4,
..........
#11111111111111111111
#assigned_pet=-1,-1,-1,-1,-1,-1,-1,-1,-1,-1,
#assigned_hub=1,0,3,2,5,6,8,4,-1,7,
#moving_targetting_pos=6,16|6,6|16,6|6,26|16,26|26,6|26,26|16,16|29,2|26,16|
#setting_targetting_pos=-1,-1|-1,-1|-1,-1|-1,-1|-1,-1|-1,-1|-1,-1|-1,-1|29,30|-1,-1|
#type=4,4,4,4,4,4,4,4,0,4,
..........
#11111111111111111111
#assigned_pet=-1,-1,-1,-1,-1,-1,-1,-1,-1,-1,
#assigned_hub=1,0,3,2,5,6,8,4,-1,7,
#moving_targetting_pos=6,16|6,6|16,6|6,26|16,26|26,6|26,26|16,16|29,2|26,16|
#setting_targetting_pos=-1,-1|-1,-1|-1,-1|-1,-1|-1,-1|-1,-1|-1,-1|-1,-1|29,30|-1,-1|
#type=4,4,4,4,4,4,4,4,0,4,
..........
#11111111111111111111
#assigned_pet=-1,-1,-1,-1,-1,-1,-1,-1,-1,-1,
#assigned_hub=1,0,3,2,5,6,8,4,-1,7,
#moving_targetting_pos=6,16|6,6|16,6|6,26|16,26|26,6|26,26|16,16|29,2|26,16|
#setting_targetting_pos=-1,-1|-1,-1|-1,-1|-1,-1|-1,-1|-1,-1|-1,-1|-1,-1|29,30|-1,-1|
#type=4,4,4,4,4,4,4,4,0,4,
..........
#11111111111111111111
#assigned_pet=-1,-1,-1,-1,-1,-1,-1,-1,-1,-1,
#assigned_hub=1,0,3,2,5,6,8,4,-1,7,
#moving_targetting_pos=6,16|6,6|16,6|6,26|16,26|26,6|26,26|16,16|29,2|26,16|
#setting_targetting_pos=-1,-1|-1,-1|-1,-1|-1,-1|-1,-1|-1,-1|-1,-1|-1,-1|29,30|-1,-1|
#type=4,4,4,4,4,4,4,4,0,4,
..........
#11111111111111111111
#assigned_pet=-1,-1,-1,-1,-1,-1,-1,-1,-1,-1,
#assigned_hub=1,0,3,2,5,6,8,4,-1,7,
#moving_targetting_pos=6,16|6,6|16,6|6,26|16,26|26,6|26,26|16,16|29,2|26,16|
#setting_targetting_pos=-1,-1|-1,-1|-1,-1|-1,-1|-1,-1|-1,-1|-1,-1|-1,-1|29,30|-1,-1|
#type=4,4,4,4,4,4,4,4,0,4,
..........
#11111111111111111111
#assigned_pet=-1,-1,-1,-1,-1,-1,-1,-1,-1,-1,
#assigned_hub=1,0,3,2,5,6,8,4,-1,7,
#moving_targetting_pos=6,16|6,6|16,6|6,26|16,26|26,6|26,26|16,16|29,2|26,16|
#setting_targetting_pos=-1,-1|-1,-1|-1,-1|-1,-1|-1,-1|-1,-1|-1,-1|-1,-1|29,30|-1,-1|
#type=4,4,4,4,4,4,4,4,0,4,
..........
#11111111111111111111
#assigned_pet=-1,-1,-1,-1,-1,-1,-1,-1,-1,-1,
#assigned_hub=1,0,3,2,5,6,8,4,-1,7,
#moving_targetting_pos=6,16|6,6|16,6|6,26|16,26|26,6|26,26|16,16|29,2|26,16|
#setting_targetting_pos=-1,-1|-1,-1|-1,-1|-1,-1|-1,-1|-1,-1|-1,-1|-1,-1|29,30|-1,-1|
#type=4,4,4,4,4,4,4,4,0,4,
..........
#11111111111111111111
#assigned_pet=-1,-1,-1,-1,-1,-1,-1,-1,-1,-1,
#assigned_hub=1,0,3,2,5,6,8,4,-1,7,
#moving_targetting_pos=6,16|6,6|16,6|6,26|16,26|26,6|26,26|16,16|29,2|26,16|
#setting_targetting_pos=-1,-1|-1,-1|-1,-1|-1,-1|-1,-1|-1,-1|-1,-1|-1,-1|29,30|-1,-1|
#type=4,4,4,4,4,4,4,4,0,4,
..........
#11111111111111111111
#assigned_pet=-1,-1,-1,-1,-1,-1,-1,-1,-1,-1,
#assigned_hub=1,0,3,2,5,6,8,4,-1,7,
#moving_targetting_pos=6,16|6,6|16,6|6,26|16,26|26,6|26,26|16,16|29,2|26,16|
#setting_targetting_pos=-1,-1|-1,-1|-1,-1|-1,-1|-1,-1|-1,-1|-1,-1|-1,-1|29,30|-1,-1|
#type=4,4,4,4,4,4,4,4,0,4,
..........
#11111111111111111111
#assigned_pet=-1,-1,-1,-1,-1,-1,-1,-1,-1,-1,
#assigned_hub=1,0,3,2,5,6,8,4,-1,7,
#moving_targetting_pos=6,16|6,6|16,6|6,26|16,26|26,6|26,26|16,16|29,2|26,16|
#setting_targetting_pos=-1,-1|-1,-1|-1,-1|-1,-1|-1,-1|-1,-1|-1,-1|-1,-1|29,30|-1,-1|
#type=4,4,4,4,4,4,4,4,0,4,
..........
