#0000000000000000
#assigned_pet=-1,-1,-1,-1,-1,-1,-1,
#assigned_hub=-1,-1,-1,-1,-1,-1,-1,
#moving_targetting_pos=29,2|22,29|15,30|2,29|9,2|5,1|12,29|
#setting_targetting_pos=29,30|22,1|15,1|2,1|9,30|5,30|12,1|
#type=1,1,1,1,1,1,1,
LRRRLLR
#0000000000000000
#assigned_pet=-1,-1,-1,-1,-1,-1,-1,
#assigned_hub=-1,-1,-1,-1,-1,-1,-1,
#moving_targetting_pos=29,2|22,29|15,30|2,29|9,2|5,1|12,29|
#setting_targetting_pos=29,30|22,1|15,1|2,1|9,30|5,30|12,1|
#type=1,1,1,1,1,1,1,
LRRRLLD
#0000000000000000
#assigned_pet=-1,-1,-1,-1,-1,-1,-1,
#assigned_hub=-1,-1,-1,-1,-1,-1,-1,
#moving_targetting_pos=29,2|22,29|15,30|2,29|9,2|5,1|12,29|
#setting_targetting_pos=29,30|22,1|15,1|2,1|9,30|5,30|12,1|
#type=1,1,1,1,1,1,1,
LRRRLLD
#0000000000000000
#assigned_pet=-1,-1,-1,-1,-1,-1,-1,
#assigned_hub=-1,-1,-1,-1,-1,-1,-1,
#moving_targetting_pos=29,2|22,29|15,30|2,29|9,2|5,1|12,29|
#setting_targetting_pos=29,30|22,1|15,1|2,1|9,30|5,30|12,1|
#type=1,2,1,1,1,1,1,
LrRRLLD
#0000000000000000
#assigned_pet=-1,-1,-1,-1,-1,-1,-1,
#assigned_hub=-1,-1,-1,-1,-1,-1,-1,
#moving_targetting_pos=29,2|22,29|15,30|2,29|9,2|5,1|12,29|
#setting_targetting_pos=29,30|22,1|15,1|2,1|9,30|5,30|12,1|
#type=1,2,1,1,1,1,2,
LdRRLLr
#0000000000000000
#assigned_pet=-1,-1,-1,-1,-1,-1,-1,
#assigned_hub=-1,-1,-1,-1,-1,-1,-1,
#moving_targetting_pos=29,2|22,29|15,30|2,29|9,2|5,1|12,29|
#setting_targetting_pos=29,30|22,1|15,1|2,1|9,30|5,30|12,1|
#type=1,2,1,1,1,1,2,
LLRRLLd
#0000000000000000
#assigned_pet=-1,-1,-1,-1,-1,-1,-1,
#assigned_hub=-1,-1,-1,-1,-1,-1,-1,
#moving_targetting_pos=29,2|22,29|15,30|2,29|9,2|5,1|12,29|
#setting_targetting_pos=29,30|22,1|15,1|2,1|9,30|5,30|12,1|
#type=1,2,1,1,1,1,2,
LLUUULL
#0000000000000000
#assigned_pet=-1,-1,-1,-1,-1,-1,-1,
#assigned_hub=-1,-1,-1,-1,-1,-1,-1,
#moving_targetting_pos=29,2|22,29|15,30|2,29|9,2|5,1|12,29|
#setting_targetting_pos=29,30|22,1|15,1|2,1|9,30|5,30|12,1|
#type=1,2,2,1,2,1,2,
LLdUdLL
#0000000000000000
#assigned_pet=-1,-1,-1,-1,-1,-1,-1,
#assigned_hub=-1,-1,-1,-1,-1,-1,-1,
#moving_targetting_pos=29,2|22,29|15,30|2,29|9,2|5,1|12,29|
#setting_targetting_pos=29,30|22,1|15,1|2,1|9,30|5,30|12,1|
#type=1,2,2,2,2,1,2,
DdLrRLL
#0000000000000000
#assigned_pet=-1,-1,-1,-1,-1,-1,-1,
#assigned_hub=-1,-1,-1,-1,-1,-1,-1,
#moving_targetting_pos=29,2|22,29|15,30|2,29|9,2|5,1|12,29|
#setting_targetting_pos=29,30|22,1|15,1|2,1|9,30|5,30|12,1|
#type=1,2,2,2,2,1,2,
DuddRLd
#0000000000000000
#assigned_pet=-1,-1,-1,-1,-1,-1,-1,
#assigned_hub=-1,-1,-1,-1,-1,-1,-1,
#moving_targetting_pos=29,2|22,29|15,30|2,29|9,2|5,1|12,29|
#setting_targetting_pos=29,30|22,1|15,1|2,1|9,30|5,30|12,1|
#type=2,2,2,2,2,1,2,
dLLLlLu
#0000000000000000
#assigned_pet=-1,-1,-1,-1,-1,-1,-1,
#assigned_hub=-1,-1,-1,-1,-1,-1,-1,
#moving_targetting_pos=29,2|22,29|15,30|2,29|9,2|5,1|12,29|
#setting_targetting_pos=29,30|22,1|15,1|2,1|9,30|5,30|12,1|
#type=2,2,2,2,2,1,2,
RruLuLL
#0000000000000000
#assigned_pet=-1,-1,-1,-1,-1,-1,-1,
#assigned_hub=-1,-1,-1,-1,-1,-1,-1,
#moving_targetting_pos=29,2|22,29|15,30|2,29|9,2|5,1|12,29|
#setting_targetting_pos=29,30|22,1|15,1|2,1|9,30|5,30|12,1|
#type=2,2,2,2,2,1,2,
RLLLRLr
#0000000000000000
#assigned_pet=-1,-1,-1,-1,-1,-1,-1,
#assigned_hub=-1,-1,-1,-1,-1,-1,-1,
#moving_targetting_pos=29,2|22,29|15,30|2,29|9,2|5,1|12,29|
#setting_targetting_pos=29,30|22,1|15,1|2,1|9,30|5,30|12,1|
#type=2,2,2,2,2,1,2,
lLLdRDL
#0000000000000000
#assigned_pet=-1,-1,-1,-1,-1,-1,-1,
#assigned_hub=-1,-1,-1,-1,-1,-1,-1,
#moving_targetting_pos=29,2|22,29|15,30|2,29|9,2|5,1|12,29|
#setting_targetting_pos=29,30|22,1|15,1|2,1|9,30|5,30|12,1|
#type=2,2,2,2,2,1,2,
udL.dDL
#0000000000000000
#assigned_pet=-1,-1,-1,-1,-1,-1,-1,
#assigned_hub=-1,-1,-1,-1,-1,-1,-1,
#moving_targetting_pos=29,2|22,29|15,30|2,29|9,2|5,1|12,29|
#setting_targetting_pos=29,30|22,1|15,1|2,1|9,30|5,30|12,1|
#type=2,2,2,2,2,2,2,
RLLuRdd
#0000000000000000
#assigned_pet=-1,-1,-1,-1,-1,-1,-1,
#assigned_hub=-1,-1,-1,-1,-1,-1,-1,
#moving_targetting_pos=29,2|22,29|15,30|2,29|9,2|5,1|12,29|
#setting_targetting_pos=29,30|22,1|15,1|2,1|9,30|5,30|12,1|
#type=2,2,2,2,2,2,2,
RLuLlRL
#0000000000000000
#assigned_pet=-1,-1,-1,-1,-1,-1,-1,
#assigned_hub=-1,-1,-1,-1,-1,-1,-1,
#moving_targetting_pos=29,2|22,29|15,30|2,29|9,2|5,1|12,29|
#setting_targetting_pos=29,30|22,1|15,1|2,1|9,30|5,30|12,1|
#type=2,2,2,2,2,2,2,
d.L.RdL
#0000000000000000
#assigned_pet=-1,-1,-1,-1,-1,-1,-1,
#assigned_hub=-1,-1,-1,-1,-1,-1,-1,
#moving_targetting_pos=29,2|22,29|15,30|2,29|9,2|5,1|12,29|
#setting_targetting_pos=29,30|22,1|15,1|2,1|9,30|5,30|12,1|
#type=2,2,2,2,2,2,2,
Rrd.uRr
#0000000000000000
#assigned_pet=-1,-1,-1,-1,-1,-1,-1,
#assigned_hub=-1,-1,-1,-1,-1,-1,-1,
#moving_targetting_pos=29,2|22,29|15,30|2,29|9,2|5,1|12,29|
#setting_targetting_pos=29,30|22,1|15,1|2,1|9,30|5,30|12,1|
#type=2,2,2,2,2,2,2,
luLrRdu
#0000000000000000
#assigned_pet=-1,-1,-1,-1,-1,-1,-1,
#assigned_hub=-1,-1,-1,-1,-1,-1,-1,
#moving_targetting_pos=29,2|22,29|15,30|2,29|9,2|5,1|12,29|
#setting_targetting_pos=29,30|22,1|15,1|2,1|9,30|5,30|12,1|
#type=2,2,2,2,2,2,2,
RLdLRRL
#0000000000000000
#assigned_pet=-1,-1,-1,-1,-1,-1,-1,
#assigned_hub=-1,-1,-1,-1,-1,-1,-1,
#moving_targetting_pos=29,2|22,29|15,30|2,29|9,2|5,1|12,29|
#setting_targetting_pos=29,30|22,1|15,1|2,1|9,30|5,30|12,1|
#type=2,2,2,2,2,2,2,
uLLLluL
#0000000000000000
#assigned_pet=-1,-1,-1,-1,-1,-1,-1,
#assigned_hub=-1,-1,-1,-1,-1,-1,-1,
#moving_targetting_pos=29,2|22,29|15,30|2,29|9,2|5,1|12,29|
#setting_targetting_pos=29,30|22,1|15,1|2,1|9,30|5,30|12,1|
#type=2,2,2,2,2,2,2,
RrdddRr
#0000000000000000
#assigned_pet=-1,-1,-1,-1,-1,-1,-1,
#assigned_hub=-1,-1,-1,-1,-1,-1,-1,
#moving_targetting_pos=29,2|22,29|15,30|2,29|9,2|5,1|12,29|
#setting_targetting_pos=29,30|22,1|15,1|2,1|9,30|5,30|12,1|
#type=2,2,2,2,2,2,2,
RdLLRRd
#0000000000000000
#assigned_pet=-1,-1,-1,-1,-1,-1,-1,
#assigned_hub=-1,-1,-1,-1,-1,-1,-1,
#moving_targetting_pos=29,2|22,29|15,30|2,29|9,2|5,1|12,29|
#setting_targetting_pos=29,30|22,1|15,1|2,1|9,30|5,30|12,1|
#type=2,2,2,2,2,2,2,
lLdLRRL
#0000000000000000
#assigned_pet=-1,-1,-1,-1,-1,-1,-1,
#assigned_hub=-1,-1,-1,-1,-1,-1,-1,
#moving_targetting_pos=29,2|22,29|15,30|2,29|9,2|5,1|12,29|
#setting_targetting_pos=29,30|22,1|15,1|2,1|9,30|5,30|12,1|
#type=2,2,2,2,2,2,2,
.LLrdRL
#0000000000000000
#assigned_pet=-1,-1,-1,-1,-1,-1,-1,
#assigned_hub=-1,-1,-1,-1,-1,-1,-1,
#moving_targetting_pos=29,2|22,29|15,30|2,29|9,2|5,1|12,29|
#setting_targetting_pos=29,30|22,1|15,1|2,1|9,30|5,30|12,1|
#type=2,2,2,2,2,2,2,
dLduRuL
#0000000000000000
#assigned_pet=-1,-1,-1,-1,-1,-1,-1,
#assigned_hub=-1,-1,-1,-1,-1,-1,-1,
#moving_targetting_pos=29,2|22,29|15,30|2,29|9,2|5,1|12,29|
#setting_targetting_pos=29,30|22,1|15,1|2,1|9,30|5,30|12,1|
#type=2,2,2,2,2,2,2,
RdLLRRd
#0000000000000000
#assigned_pet=-1,-1,-1,-1,-1,-1,-1,
#assigned_hub=-1,-1,-1,-1,-1,-1,-1,
#moving_targetting_pos=29,2|22,29|15,30|2,29|9,2|5,1|12,29|
#setting_targetting_pos=29,30|22,1|15,1|2,1|9,30|5,30|12,1|
#type=2,2,2,2,2,2,2,
RuuLl.u
#0000000000000000
#assigned_pet=-1,-1,-1,-1,-1,-1,-1,
#assigned_hub=-1,-1,-1,-1,-1,-1,-1,
#moving_targetting_pos=29,2|22,29|15,30|2,29|9,2|5,1|12,29|
#setting_targetting_pos=29,30|22,1|15,1|2,1|9,30|5,30|12,1|
#type=2,2,2,2,2,2,2,
dLLru.L
#0000000000000000
#assigned_pet=-1,-1,-1,-1,-1,-1,-1,
#assigned_hub=-1,-1,-1,-1,-1,-1,-1,
#moving_targetting_pos=29,2|22,29|15,30|2,29|9,2|5,1|12,29|
#setting_targetting_pos=29,30|22,1|15,1|2,1|9,30|5,30|12,1|
#type=2,2,2,2,2,2,2,
RrLdR.r
#0000000000000000
#assigned_pet=-1,-1,-1,-1,-1,-1,-1,
#assigned_hub=-1,-1,-1,-1,-1,-1,-1,
#moving_targetting_pos=29,2|22,29|15,30|2,29|9,2|5,1|12,29|
#setting_targetting_pos=29,30|22,1|15,1|2,1|9,30|5,30|12,1|
#type=2,2,2,2,2,2,2,
RLLLRdL
#0000000000000000
#assigned_pet=-1,-1,-1,-1,-1,-1,-1,
#assigned_hub=-1,-1,-1,-1,-1,-1,-1,
#moving_targetting_pos=29,2|22,29|15,30|2,29|9,2|5,1|12,29|
#setting_targetting_pos=29,30|22,1|15,1|2,1|9,30|5,30|12,1|
#type=2,2,2,2,2,2,2,
lLLLdRL
#0000000000000000
#assigned_pet=-1,-1,-1,-1,-1,-1,-1,
#assigned_hub=-1,-1,-1,-1,-1,-1,-1,
#moving_targetting_pos=29,2|22,29|15,30|2,29|9,2|5,1|12,29|
#setting_targetting_pos=29,30|22,1|15,1|2,1|9,30|5,30|12,1|
#type=2,2,2,2,2,2,2,
uduLRdd
#0000000000000000
#assigned_pet=-1,-1,-1,-1,-1,-1,-1,
#assigned_hub=-1,-1,-1,-1,-1,-1,-1,
#moving_targetting_pos=29,2|22,29|15,30|2,29|9,2|5,1|12,29|
#setting_targetting_pos=29,30|22,1|15,1|2,1|9,30|5,30|12,1|
#type=2,2,2,2,2,2,2,
RLLdlRL
#0000000000000000
#assigned_pet=-1,-1,-1,-1,-1,-1,-1,
#assigned_hub=-1,-1,-1,-1,-1,-1,-1,
#moving_targetting_pos=29,2|22,29|15,30|2,29|9,2|5,1|12,29|
#setting_targetting_pos=29,30|22,1|15,1|2,1|9,30|5,30|12,1|
#type=2,2,2,2,2,2,2,
RLduRdL
#0000000000000000
#assigned_pet=-1,-1,-1,-1,-1,-1,-1,
#assigned_hub=-1,-1,-1,-1,-1,-1,-1,
#moving_targetting_pos=29,2|22,29|15,30|2,29|9,2|5,1|12,29|
#setting_targetting_pos=29,30|22,1|15,1|2,1|9,30|5,30|12,1|
#type=2,2,2,2,2,2,2,
drLL.Rr
#0000000000000000
#assigned_pet=-1,-1,-1,-1,-1,-1,-1,
#assigned_hub=-1,-1,-1,-1,-1,-1,-1,
#moving_targetting_pos=29,2|22,29|15,30|2,29|9,2|5,1|12,29|
#setting_targetting_pos=29,30|22,1|15,1|2,1|9,30|5,30|12,1|
#type=2,2,2,2,2,2,2,
Rudrudu
#0000000000000000
#assigned_pet=-1,-1,-1,-1,-1,-1,-1,
#assigned_hub=-1,-1,-1,-1,-1,-1,-1,
#moving_targetting_pos=29,2|22,29|15,30|2,29|9,2|5,1|12,29|
#setting_targetting_pos=29,30|22,1|15,1|2,1|9,30|5,30|12,1|
#type=2,2,2,2,2,2,2,
lLLLRRL
#0000000000000000
#assigned_pet=-1,-1,-1,-1,-1,-1,-1,
#assigned_hub=-1,-1,-1,-1,-1,-1,-1,
#moving_targetting_pos=29,2|22,29|15,30|2,29|9,2|5,1|12,29|
#setting_targetting_pos=29,30|22,1|15,1|2,1|9,30|5,30|12,1|
#type=2,2,2,2,2,2,2,
RLdLRdL
#0000000000000000
#assigned_pet=-1,-1,-1,-1,-1,-1,-1,
#assigned_hub=-1,-1,-1,-1,-1,-1,-1,
#moving_targetting_pos=29,2|22,29|15,30|2,29|9,2|5,1|12,29|
#setting_targetting_pos=29,30|22,1|15,1|2,1|9,30|5,30|12,1|
#type=2,2,2,2,2,2,2,
urLdlRr
#0000000000000000
#assigned_pet=-1,-1,-1,-1,-1,-1,-1,
#assigned_hub=-1,-1,-1,-1,-1,-1,-1,
#moving_targetting_pos=29,2|22,29|15,30|2,29|9,2|5,1|12,29|
#setting_targetting_pos=29,30|22,1|15,1|2,1|9,30|5,30|12,1|
#type=2,2,2,2,2,2,2,
RddLdud
#0000000000000000
#assigned_pet=-1,-1,-1,-1,-1,-1,-1,
#assigned_hub=-1,-1,-1,-1,-1,-1,-1,
#moving_targetting_pos=29,2|22,29|15,30|2,29|9,2|5,1|12,29|
#setting_targetting_pos=29,30|22,1|15,1|2,1|9,30|5,30|12,1|
#type=2,2,2,2,2,2,2,
RLLLRRL
#0000000000000000
#assigned_pet=-1,-1,-1,-1,-1,-1,-1,
#assigned_hub=-1,-1,-1,-1,-1,-1,-1,
#moving_targetting_pos=29,2|22,29|15,30|2,29|9,2|5,1|12,29|
#setting_targetting_pos=29,30|22,1|15,1|2,1|9,30|5,30|12,1|
#type=2,2,2,2,2,2,2,
lL.rRRL
#0000000000000000
#assigned_pet=-1,-1,-1,-1,-1,-1,-1,
#assigned_hub=-1,-1,-1,-1,-1,-1,-1,
#moving_targetting_pos=29,2|22,29|15,30|2,29|9,2|5,1|12,29|
#setting_targetting_pos=29,30|22,1|15,1|2,1|9,30|5,30|12,1|
#type=2,2,2,2,2,2,2,
dLd..RL
#0000000000000000
#assigned_pet=-1,-1,-1,-1,-1,-1,-1,
#assigned_hub=-1,-1,-1,-1,-1,-1,-1,
#moving_targetting_pos=29,2|22,29|15,30|2,29|9,2|5,1|12,29|
#setting_targetting_pos=29,30|22,1|15,1|2,1|9,30|5,30|12,1|
#type=2,2,2,2,2,2,2,
RdL..Rd
#0000000000000000
#assigned_pet=-1,-1,-1,-1,-1,-1,-1,
#assigned_hub=-1,-1,-1,-1,-1,-1,-1,
#moving_targetting_pos=29,2|22,29|15,30|2,29|9,2|5,1|12,29|
#setting_targetting_pos=29,30|22,1|15,1|2,1|9,30|5,30|12,1|
#type=2,2,2,2,2,2,2,
Ruu.duu
#0000000000000000
#assigned_pet=-1,-1,-1,-1,-1,-1,-1,
#assigned_hub=-1,-1,-1,-1,-1,-1,-1,
#moving_targetting_pos=29,2|22,29|15,30|2,29|9,2|5,1|12,29|
#setting_targetting_pos=29,30|22,1|15,1|2,1|9,30|5,30|12,1|
#type=2,2,2,2,2,2,2,
dLLuRRL
#0000000000000000
#assigned_pet=-1,-1,-1,-1,-1,-1,-1,
#assigned_hub=-1,-1,-1,-1,-1,-1,-1,
#moving_targetting_pos=29,2|22,29|15,30|2,29|9,2|5,1|12,29|
#setting_targetting_pos=29,30|22,1|15,1|2,1|9,30|5,30|12,1|
#type=2,2,2,2,2,2,2,
RrLLRdr
#0000000000000000
#assigned_pet=-1,-1,-1,-1,-1,-1,-1,
#assigned_hub=-1,-1,-1,-1,-1,-1,-1,
#moving_targetting_pos=29,2|22,29|15,30|2,29|9,2|5,1|12,29|
#setting_targetting_pos=29,30|22,1|15,1|2,1|9,30|5,30|12,1|
#type=2,2,2,2,2,2,2,
RLLLlRL
#0000000000000000
#assigned_pet=-1,-1,-1,-1,-1,-1,-1,
#assigned_hub=-1,-1,-1,-1,-1,-1,-1,
#moving_targetting_pos=29,2|22,29|15,30|2,29|9,2|5,1|12,29|
#setting_targetting_pos=29,30|22,1|15,1|2,1|9,30|5,30|12,1|
#type=2,2,2,2,2,2,2,
lLL.udL
#0000000000000000
#assigned_pet=-1,-1,-1,-1,-1,-1,-1,
#assigned_hub=-1,-1,-1,-1,-1,-1,-1,
#moving_targetting_pos=29,2|22,29|15,30|2,29|9,2|5,1|12,29|
#setting_targetting_pos=29,30|22,1|15,1|2,1|9,30|5,30|12,1|
#type=2,2,2,2,2,2,2,
udurRRd
#0000000000000000
#assigned_pet=-1,-1,-1,-1,-1,-1,-1,
#assigned_hub=-1,-1,-1,-1,-1,-1,-1,
#moving_targetting_pos=29,2|22,29|15,30|2,29|9,2|5,1|12,29|
#setting_targetting_pos=29,30|22,1|15,1|2,1|9,30|5,30|12,1|
#type=2,2,2,2,2,2,2,
RLL.RdL
#0000000000000000
#assigned_pet=-1,-1,-1,-1,-1,-1,-1,
#assigned_hub=-1,-1,-1,-1,-1,-1,-1,
#moving_targetting_pos=29,2|22,29|15,30|2,29|9,2|5,1|12,29|
#setting_targetting_pos=29,30|22,1|15,1|2,1|9,30|5,30|12,1|
#type=2,2,2,2,2,2,2,
RLdddRL
#0000000000000000
#assigned_pet=-1,-1,-1,-1,-1,-1,-1,
#assigned_hub=-1,-1,-1,-1,-1,-1,-1,
#moving_targetting_pos=29,2|22,29|15,30|2,29|9,2|5,1|12,29|
#setting_targetting_pos=29,30|22,1|15,1|2,1|9,30|5,30|12,1|
#type=2,2,2,2,2,2,2,
.rLLRdr
#0000000000000000
#assigned_pet=-1,-1,-1,-1,-1,-1,-1,
#assigned_hub=-1,-1,-1,-1,-1,-1,-1,
#moving_targetting_pos=29,2|22,29|15,30|2,29|9,2|5,1|12,29|
#setting_targetting_pos=29,30|22,1|15,1|2,1|9,30|5,30|12,1|
#type=2,2,2,2,2,2,2,
dudLlRu
#0000000000000000
#assigned_pet=-1,-1,-1,-1,-1,-1,-1,
#assigned_hub=-1,-1,-1,-1,-1,-1,-1,
#moving_targetting_pos=29,2|25,1|15,30|2,29|9,2|5,1|19,2|
#setting_targetting_pos=29,30|25,30|15,1|2,1|9,30|5,30|19,30|
#type=2,1,2,2,2,2,1,
RDLLRdD
#0000000000000000
#assigned_pet=-1,-1,-1,-1,-1,-1,-1,
#assigned_hub=-1,-1,-1,-1,-1,-1,-1,
#moving_targetting_pos=29,2|25,1|15,30|2,29|9,2|5,1|19,2|
#setting_targetting_pos=29,30|25,30|15,1|2,1|9,30|5,30|19,30|
#type=2,1,2,2,2,2,1,
lDdduRD
#0000000000000000
#assigned_pet=-1,-1,-1,-1,-1,-1,-1,
#assigned_hub=-1,-1,3,-1,-1,-1,-1,
#moving_targetting_pos=29,2|25,1|16,6|2,29|9,2|5,1|19,2|
#setting_targetting_pos=29,30|25,30|15,1|2,1|9,30|5,30|19,30|
#type=2,1,3,2,2,2,1,
RDRuRuR
#0000000000000000
#assigned_pet=-1,-1,-1,-1,-1,-1,-1,
#assigned_hub=-1,-1,3,-1,-1,-1,-1,
#moving_targetting_pos=29,2|25,1|16,6|2,29|9,2|5,1|19,2|
#setting_targetting_pos=29,30|25,30|-1,-1|2,1|9,30|5,30|19,30|
#type=2,2,3,2,2,2,1,
.dRLRRR
#0000000000000000
#assigned_pet=-1,-1,-1,-1,-1,-1,-1,
#assigned_hub=-1,-1,3,-1,-1,-1,-1,
#moving_targetting_pos=29,2|25,1|16,6|2,29|9,2|5,1|19,2|
#setting_targetting_pos=29,30|25,30|-1,-1|2,1|9,30|5,30|19,30|
#type=2,2,3,2,2,2,1,
.RRrlRD
#0000000000000000
#assigned_pet=-1,-1,-1,-1,-1,-1,-1,
#assigned_hub=-1,-1,3,-1,-1,-1,-1,
#moving_targetting_pos=29,2|25,1|16,6|2,29|9,2|5,1|19,2|
#setting_targetting_pos=29,30|25,30|-1,-1|2,1|9,30|5,30|19,30|
#type=2,2,3,2,2,2,1,
.dRLdRR
#0000000000000000
#assigned_pet=-1,-1,-1,-1,-1,-1,-1,
#assigned_hub=-1,-1,3,-1,2,-1,-1,
#moving_targetting_pos=29,2|25,1|-1,-1|2,29|6,26|5,1|19,2|
#setting_targetting_pos=29,30|25,30|-1,-1|2,1|9,30|5,30|19,30|
#type=2,2,4,2,3,2,1,
.R.LURD
#0000000000000000
#assigned_pet=-1,-1,-1,-1,-1,-1,-1,
#assigned_hub=-1,-1,3,-1,2,-1,-1,
#moving_targetting_pos=29,2|25,1|-1,-1|2,29|6,26|5,1|19,2|
#setting_targetting_pos=29,30|25,30|-1,-1|2,1|-1,-1|5,30|19,30|
#type=2,2,4,2,3,2,1,
.d.dLuD
#0000000000000000
#assigned_pet=-1,-1,-1,-1,-1,-1,-1,
#assigned_hub=-1,-1,3,-1,2,-1,-1,
#moving_targetting_pos=29,2|25,1|-1,-1|2,29|6,26|5,1|19,2|
#setting_targetting_pos=29,30|25,30|-1,-1|2,1|-1,-1|5,30|19,30|
#type=2,2,4,2,3,2,1,
uR.LURL
#0000000000000000
#assigned_pet=-1,-1,-1,-1,-1,-1,-1,
#assigned_hub=-1,-1,3,-1,2,-1,-1,
#moving_targetting_pos=29,2|25,1|-1,-1|2,29|6,26|5,1|19,2|
#setting_targetting_pos=29,30|25,30|-1,-1|2,1|-1,-1|5,30|19,30|
#type=2,2,4,2,3,2,1,
Ru.LL.L
#0000000000000000
#assigned_pet=-1,-1,-1,-1,-1,-1,-1,
#assigned_hub=-1,-1,3,-1,2,-1,-1,
#moving_targetting_pos=29,2|25,1|-1,-1|2,29|6,26|5,1|19,2|
#setting_targetting_pos=29,30|25,30|-1,-1|2,1|-1,-1|5,30|19,30|
#type=2,2,4,2,3,2,1,
RR.rLdD
#0000000000000000
#assigned_pet=-1,-1,-1,-1,12,-1,-1,
#assigned_hub=-1,-1,3,-1,2,-1,-1,
#moving_targetting_pos=29,2|25,1|-1,-1|2,29|-1,-1|5,1|19,2|
#setting_targetting_pos=29,30|25,30|-1,-1|2,1|4,27|5,30|19,30|
#type=2,2,4,2,4,2,1,
lR.uURD
#0000000000000000
#assigned_pet=-1,-1,-1,-1,12,-1,-1,
#assigned_hub=-1,-1,3,0,2,-1,-1,
#moving_targetting_pos=29,2|25,1|-1,-1|6,6|-1,-1|5,1|19,2|
#setting_targetting_pos=29,30|25,30|-1,-1|2,1|4,27|5,30|19,30|
#type=2,2,4,3,4,2,2,
dR.DUd.
#0000000000001000
#assigned_pet=-1,-1,-1,-1,12,-1,-1,
#assigned_hub=8,-1,3,0,2,1,-1,
#moving_targetting_pos=26,26|25,1|-1,-1|6,6|-1,-1|6,16|19,2|
#setting_targetting_pos=29,30|25,30|-1,-1|-1,-1|4,27|5,30|19,30|
#type=3,2,4,3,5,3,2,
UR.RuL.
#0000000000001000
#assigned_pet=-1,-1,-1,-1,-1,-1,-1,
#assigned_hub=8,-1,3,0,2,1,-1,
#moving_targetting_pos=26,26|25,1|-1,-1|6,6|-1,-1|6,16|19,2|
#setting_targetting_pos=-1,-1|25,30|-1,-1|-1,-1|-1,-1|-1,-1|19,30|
#type=3,2,4,3,4,3,2,
Lu.D.L.
#0000000000001000
#assigned_pet=-1,-1,-1,-1,-1,-1,-1,
#assigned_hub=8,-1,3,0,2,1,-1,
#moving_targetting_pos=26,26|25,1|-1,-1|6,6|-1,-1|6,16|19,2|
#setting_targetting_pos=-1,-1|25,30|-1,-1|-1,-1|-1,-1|-1,-1|19,30|
#type=3,2,4,3,4,3,2,
UR.R.L.
#0000000000001000
#assigned_pet=-1,-1,-1,-1,-1,-1,-1,
#assigned_hub=8,-1,3,0,2,5,-1,
#moving_targetting_pos=26,26|25,1|-1,-1|6,6|-1,-1|16,26|19,2|
#setting_targetting_pos=-1,-1|25,30|-1,-1|-1,-1|-1,-1|-1,-1|19,30|
#type=3,2,4,3,4,3,2,
Ld.D.D.
#0000000000001000
#assigned_pet=-1,-1,5,-1,-1,-1,-1,
#assigned_hub=8,-1,3,0,2,5,-1,
#moving_targetting_pos=26,26|25,1|-1,-1|6,6|-1,-1|16,26|19,2|
#setting_targetting_pos=-1,-1|25,30|17,4|-1,-1|-1,-1|-1,-1|19,30|
#type=3,2,4,3,4,3,2,
LRLR.Dd
#0000000000001000
#assigned_pet=-1,-1,5,-1,-1,-1,-1,
#assigned_hub=8,-1,3,0,2,5,-1,
#moving_targetting_pos=-1,-1|25,1|-1,-1|6,6|-1,-1|16,26|19,2|
#setting_targetting_pos=-1,-1|25,30|17,4|-1,-1|-1,-1|-1,-1|19,30|
#type=4,2,4,3,4,3,2,
.dDR.DR
#0000000000001000
#assigned_pet=-1,-1,5,-1,-1,-1,-1,
#assigned_hub=8,-1,3,0,2,5,-1,
#moving_targetting_pos=-1,-1|25,1|-1,-1|-1,-1|-1,-1|16,26|19,2|
#setting_targetting_pos=-1,-1|25,30|17,4|-1,-1|-1,-1|-1,-1|19,30|
#type=4,2,4,4,4,3,2,
.R...DR
#0000000000001000
#assigned_pet=-1,-1,5,-1,-1,-1,-1,
#assigned_hub=8,-1,3,0,2,5,-1,
#moving_targetting_pos=-1,-1|25,1|-1,-1|-1,-1|-1,-1|16,26|19,2|
#setting_targetting_pos=-1,-1|25,30|17,4|-1,-1|-1,-1|-1,-1|19,30|
#type=4,2,4,4,4,3,2,
.d...Dl
#0000000000001000
#assigned_pet=-1,-1,5,-1,-1,-1,-1,
#assigned_hub=8,-1,3,0,2,5,-1,
#moving_targetting_pos=-1,-1|25,1|-1,-1|-1,-1|-1,-1|16,26|19,2|
#setting_targetting_pos=-1,-1|25,30|17,4|-1,-1|-1,-1|-1,-1|19,30|
#type=4,2,4,4,4,3,2,
.R...Du
#0000010000001000
#assigned_pet=-1,-1,5,-1,-1,-1,-1,
#assigned_hub=8,-1,3,0,2,5,-1,
#moving_targetting_pos=-1,-1|25,1|-1,-1|-1,-1|-1,-1|16,26|19,2|
#setting_targetting_pos=-1,-1|25,30|17,4|-1,-1|-1,-1|-1,-1|19,30|
#type=4,2,5,4,4,3,2,
.dd..DR
#0000010000001000
#assigned_pet=-1,-1,-1,-1,-1,-1,-1,
#assigned_hub=8,-1,3,0,2,5,-1,
#moving_targetting_pos=-1,-1|25,1|-1,-1|-1,-1|-1,-1|16,26|19,2|
#setting_targetting_pos=-1,-1|25,30|-1,-1|-1,-1|-1,-1|-1,-1|19,30|
#type=4,2,4,4,4,3,2,
.R...DR
#1000010000001000
#assigned_pet=-1,-1,-1,0,-1,-1,-1,
#assigned_hub=8,-1,3,0,2,5,-1,
#moving_targetting_pos=-1,-1|25,1|-1,-1|-1,-1|-1,-1|16,26|19,2|
#setting_targetting_pos=-1,-1|25,30|-1,-1|5,4|-1,-1|-1,-1|19,30|
#type=4,2,4,5,4,3,2,
.d.l.Dd
#1000010000001000
#assigned_pet=-1,-1,-1,-1,-1,-1,-1,
#assigned_hub=8,-1,3,0,2,5,-1,
#moving_targetting_pos=-1,-1|25,1|-1,-1|-1,-1|-1,-1|16,26|19,2|
#setting_targetting_pos=-1,-1|25,30|-1,-1|-1,-1|-1,-1|-1,-1|19,30|
#type=4,2,4,4,4,3,2,
.R...LR
#1000010000001000
#assigned_pet=-1,-1,-1,-1,3,3,-1,
#assigned_hub=8,-1,3,0,2,5,-1,
#moving_targetting_pos=-1,-1|25,1|-1,-1|-1,-1|-1,-1|-1,-1|19,2|
#setting_targetting_pos=-1,-1|25,30|-1,-1|-1,-1|8,25|14,25|19,30|
#type=4,2,4,4,4,4,2,
.u..L.l
#1000010000001000
#assigned_pet=-1,-1,-1,-1,3,3,-1,
#assigned_hub=8,-1,3,0,2,5,-1,
#moving_targetting_pos=-1,-1|25,1|-1,-1|-1,-1|-1,-1|-1,-1|19,2|
#setting_targetting_pos=-1,-1|25,30|-1,-1|-1,-1|8,25|14,25|19,30|
#type=4,2,4,4,4,4,2,
.R..L.R
#1000010000001000
#assigned_pet=-1,-1,-1,-1,3,3,-1,
#assigned_hub=8,-1,3,0,2,5,-1,
#moving_targetting_pos=-1,-1|25,1|-1,-1|-1,-1|-1,-1|-1,-1|19,2|
#setting_targetting_pos=-1,-1|25,30|-1,-1|-1,-1|8,25|14,25|19,30|
#type=4,2,4,4,4,4,2,
.R..D.u
#1000010000001000
#assigned_pet=-1,-1,-1,-1,3,3,-1,
#assigned_hub=8,-1,3,0,2,5,-1,
#moving_targetting_pos=-1,-1|25,1|-1,-1|-1,-1|-1,-1|-1,-1|19,2|
#setting_targetting_pos=-1,-1|25,30|-1,-1|-1,-1|8,25|14,25|19,30|
#type=4,2,4,4,4,4,2,
.R..D.R
#1000010000001000
#assigned_pet=-1,-1,-1,-1,3,3,-1,
#assigned_hub=8,-1,3,0,2,5,-1,
#moving_targetting_pos=-1,-1|25,1|-1,-1|-1,-1|-1,-1|-1,-1|19,2|
#setting_targetting_pos=-1,-1|25,30|-1,-1|-1,-1|8,25|14,25|19,30|
#type=4,2,4,4,4,4,2,
.R....R
#1000010000001000
#assigned_pet=-1,-1,-1,-1,8,8,-1,
#assigned_hub=8,-1,3,0,2,5,-1,
#moving_targetting_pos=-1,-1|25,1|-1,-1|-1,-1|-1,-1|-1,-1|19,2|
#setting_targetting_pos=-1,-1|25,30|-1,-1|-1,-1|8,25|14,25|19,30|
#type=4,2,4,4,4,4,2,
.u....l
#1000010010001000
#assigned_pet=-1,-1,-1,-1,8,8,-1,
#assigned_hub=8,-1,3,0,2,5,-1,
#moving_targetting_pos=-1,-1|25,1|-1,-1|-1,-1|-1,-1|-1,-1|19,2|
#setting_targetting_pos=-1,-1|25,30|-1,-1|-1,-1|8,25|14,25|19,30|
#type=4,2,4,4,5,5,2,
.R..dld
#1000010010001000
#assigned_pet=15,-1,-1,-1,-1,15,-1,
#assigned_hub=8,-1,3,0,2,5,-1,
#moving_targetting_pos=-1,-1|25,1|-1,-1|-1,-1|-1,-1|-1,-1|19,2|
#setting_targetting_pos=24,27|25,30|-1,-1|-1,-1|-1,-1|18,27|19,30|
#type=4,2,4,4,4,4,2,
Ud...RR
#1000010010001000
#assigned_pet=15,-1,-1,-1,-1,15,-1,
#assigned_hub=8,-1,3,0,2,5,-1,
#moving_targetting_pos=-1,-1|25,1|-1,-1|-1,-1|-1,-1|-1,-1|19,2|
#setting_targetting_pos=24,27|25,30|-1,-1|-1,-1|-1,-1|18,27|19,30|
#type=4,2,4,4,4,4,2,
UR...DR
#1000010010001000
#assigned_pet=15,-1,-1,-1,-1,15,-1,
#assigned_hub=8,-1,3,0,2,5,-1,
#moving_targetting_pos=-1,-1|25,1|-1,-1|-1,-1|-1,-1|-1,-1|19,2|
#setting_targetting_pos=24,27|25,30|-1,-1|-1,-1|-1,-1|18,27|19,30|
#type=4,2,4,4,4,4,2,
.d...Dd
#1000010010001000
#assigned_pet=15,-1,-1,-1,-1,15,-1,
#assigned_hub=8,-1,3,0,2,5,-1,
#moving_targetting_pos=-1,-1|25,1|-1,-1|-1,-1|-1,-1|-1,-1|19,2|
#setting_targetting_pos=24,27|25,30|-1,-1|-1,-1|-1,-1|18,27|19,30|
#type=4,2,4,4,4,4,2,
.R...DR
#1000010010001000
#assigned_pet=15,-1,-1,-1,-1,15,-1,
#assigned_hub=8,-1,3,0,2,5,-1,
#moving_targetting_pos=-1,-1|25,1|-1,-1|-1,-1|-1,-1|-1,-1|19,2|
#setting_targetting_pos=24,27|25,30|-1,-1|-1,-1|-1,-1|18,27|19,30|
#type=4,2,4,4,4,4,2,
.d....R
#1000010010001000
#assigned_pet=15,-1,-1,-1,-1,15,-1,
#assigned_hub=8,-1,3,0,2,5,-1,
#moving_targetting_pos=-1,-1|25,1|-1,-1|-1,-1|-1,-1|-1,-1|19,2|
#setting_targetting_pos=24,27|25,30|-1,-1|-1,-1|-1,-1|18,27|19,30|
#type=4,2,4,4,4,4,2,
.R....l
#1000010010001000
#assigned_pet=-1,-1,-1,-1,10,10,-1,
#assigned_hub=8,-1,3,0,2,5,-1,
#moving_targetting_pos=-1,-1|25,1|-1,-1|-1,-1|-1,-1|-1,-1|19,2|
#setting_targetting_pos=-1,-1|25,30|-1,-1|-1,-1|8,27|14,27|19,30|
#type=4,2,4,4,4,4,2,
.d..RU.
#1000010010001000
#assigned_pet=-1,-1,-1,-1,10,10,-1,
#assigned_hub=8,-1,3,0,2,5,-1,
#moving_targetting_pos=-1,-1|25,1|-1,-1|-1,-1|-1,-1|-1,-1|19,2|
#setting_targetting_pos=-1,-1|25,30|-1,-1|-1,-1|8,27|14,27|19,30|
#type=4,2,4,4,4,4,2,
.R..RU.
#1000010010001000
#assigned_pet=-1,-1,-1,-1,10,10,-1,
#assigned_hub=8,-1,3,0,2,5,-1,
#moving_targetting_pos=-1,-1|25,1|-1,-1|-1,-1|-1,-1|-1,-1|19,2|
#setting_targetting_pos=-1,-1|25,30|-1,-1|-1,-1|8,27|14,27|19,30|
#type=4,2,4,4,4,4,2,
......u
#1000010010001000
#assigned_pet=-1,-1,-1,-1,10,10,-1,
#assigned_hub=8,-1,3,0,2,5,-1,
#moving_targetting_pos=-1,-1|25,1|-1,-1|-1,-1|-1,-1|-1,-1|19,2|
#setting_targetting_pos=-1,-1|25,30|-1,-1|-1,-1|8,27|14,27|19,30|
#type=4,2,4,4,4,4,2,
......R
#1000010010001000
#assigned_pet=9,-1,-1,-1,-1,9,-1,
#assigned_hub=8,-1,3,0,2,5,-1,
#moving_targetting_pos=-1,-1|25,1|-1,-1|-1,-1|-1,-1|-1,-1|19,2|
#setting_targetting_pos=24,27|25,30|-1,-1|-1,-1|-1,-1|18,27|19,30|
#type=4,2,4,4,4,4,2,
.....DR
#1000010010001000
#assigned_pet=9,-1,-1,-1,6,9,-1,
#assigned_hub=8,-1,3,0,2,5,-1,
#moving_targetting_pos=-1,-1|25,1|-1,-1|-1,-1|-1,-1|-1,-1|19,2|
#setting_targetting_pos=24,27|25,30|-1,-1|-1,-1|4,25|18,27|19,30|
#type=4,2,4,4,4,4,2,
.d..LDd
#1000010010001000
#assigned_pet=10,-1,-1,-1,6,10,-1,
#assigned_hub=8,-1,3,0,2,5,-1,
#moving_targetting_pos=-1,-1|25,1|-1,-1|-1,-1|-1,-1|-1,-1|19,2|
#setting_targetting_pos=24,27|25,30|-1,-1|-1,-1|4,25|18,27|19,30|
#type=4,2,4,4,4,4,2,
.R..L.R
#1000010010001000
#assigned_pet=15,-1,-1,-1,6,15,-1,
#assigned_hub=8,-1,3,0,2,5,-1,
#moving_targetting_pos=-1,-1|25,1|-1,-1|-1,-1|-1,-1|-1,-1|19,2|
#setting_targetting_pos=24,27|25,30|-1,-1|-1,-1|4,25|18,27|19,30|
#type=4,2,4,4,4,4,2,
....U.l
#1000010010001000
#assigned_pet=10,-1,-1,-1,6,10,-1,
#assigned_hub=8,-1,3,0,2,5,-1,
#moving_targetting_pos=-1,-1|25,1|-1,-1|-1,-1|-1,-1|-1,-1|19,2|
#setting_targetting_pos=24,27|25,30|-1,-1|-1,-1|4,25|18,27|19,30|
#type=4,2,4,4,4,4,2,
.u..U.R
#1000011010001000
#assigned_pet=10,-1,-1,-1,6,10,-1,
#assigned_hub=8,-1,3,0,2,5,-1,
#moving_targetting_pos=-1,-1|25,1|-1,-1|-1,-1|-1,-1|-1,-1|19,2|
#setting_targetting_pos=24,27|25,30|-1,-1|-1,-1|4,25|18,27|19,30|
#type=4,2,4,4,5,4,2,
.R..u.u
#1000011010001000
#assigned_pet=10,-1,-1,-1,-1,10,-1,
#assigned_hub=8,-1,3,0,1,5,-1,
#moving_targetting_pos=-1,-1|25,1|-1,-1|-1,-1|6,16|-1,-1|19,2|
#setting_targetting_pos=24,27|25,30|-1,-1|-1,-1|-1,-1|18,27|19,30|
#type=4,2,4,4,3,4,2,
.R..L.R
#1000011010001000
#assigned_pet=10,-1,-1,-1,-1,10,-1,
#assigned_hub=8,-1,3,0,1,5,-1,
#moving_targetting_pos=-1,-1|25,1|-1,-1|-1,-1|6,16|-1,-1|19,2|
#setting_targetting_pos=24,27|25,30|-1,-1|-1,-1|-1,-1|18,27|19,30|
#type=4,2,4,4,3,4,2,
.R..L.R
#1000011010001000
#assigned_pet=10,-1,-1,-1,-1,10,-1,
#assigned_hub=8,-1,3,0,1,5,-1,
#moving_targetting_pos=-1,-1|25,1|-1,-1|-1,-1|6,16|-1,-1|19,2|
#setting_targetting_pos=24,27|25,30|-1,-1|-1,-1|-1,-1|18,27|19,30|
#type=4,2,4,4,3,4,2,
.R..L.l
#1000011010001000
#assigned_pet=15,-1,-1,-1,-1,15,-1,
#assigned_hub=8,-1,3,0,1,5,-1,
#moving_targetting_pos=-1,-1|25,1|-1,-1|-1,-1|6,16|-1,-1|19,2|
#setting_targetting_pos=24,27|25,30|-1,-1|-1,-1|-1,-1|18,27|19,30|
#type=4,2,4,4,3,4,2,
....L.d
#1000011010001000
#assigned_pet=-1,-1,-1,-1,-1,-1,-1,
#assigned_hub=8,-1,3,0,1,5,-1,
#moving_targetting_pos=-1,-1|25,1|-1,-1|-1,-1|6,16|-1,-1|19,2|
#setting_targetting_pos=-1,-1|25,30|-1,-1|-1,-1|-1,-1|-1,-1|19,30|
#type=4,2,4,4,3,4,2,
.u..L.R
#1000011010001000
#assigned_pet=-1,-1,-1,-1,-1,15,-1,
#assigned_hub=8,-1,3,0,1,5,-1,
#moving_targetting_pos=-1,-1|25,1|-1,-1|-1,-1|6,16|-1,-1|19,2|
#setting_targetting_pos=-1,-1|25,30|-1,-1|-1,-1|-1,-1|17,28|19,30|
#type=4,2,4,4,3,4,2,
.R..L.R
#1000011010001000
#assigned_pet=10,-1,-1,-1,-1,10,-1,
#assigned_hub=8,-1,3,0,1,5,-1,
#moving_targetting_pos=-1,-1|25,1|-1,-1|-1,-1|6,16|-1,-1|19,2|
#setting_targetting_pos=24,27|25,30|-1,-1|-1,-1|-1,-1|18,27|19,30|
#type=4,2,4,4,3,4,2,
.d..L.d
#1000011010001000
#assigned_pet=10,-1,-1,-1,-1,10,-1,
#assigned_hub=8,-1,3,0,1,5,-1,
#moving_targetting_pos=-1,-1|25,1|-1,-1|-1,-1|6,16|-1,-1|19,2|
#setting_targetting_pos=24,27|25,30|-1,-1|-1,-1|-1,-1|18,27|19,30|
#type=4,2,4,4,3,4,2,
.R..L.R
#1000011010001000
#assigned_pet=10,-1,-1,7,7,10,-1,
#assigned_hub=8,-1,3,0,1,5,-1,
#moving_targetting_pos=-1,-1|25,1|-1,-1|-1,-1|-1,-1|-1,-1|19,2|
#setting_targetting_pos=24,27|25,30|-1,-1|5,8|5,14|18,27|19,30|
#type=4,2,4,4,4,4,2,
.d.RL.R
#1000011010001000
#assigned_pet=10,-1,-1,7,7,10,-1,
#assigned_hub=8,7,3,0,1,5,-1,
#moving_targetting_pos=-1,-1|26,16|-1,-1|-1,-1|-1,-1|-1,-1|19,2|
#setting_targetting_pos=24,27|25,30|-1,-1|5,8|5,14|18,27|19,30|
#type=4,3,4,4,4,4,2,
.L.RL.l
#1000011110001000
#assigned_pet=10,-1,-1,7,7,10,-1,
#assigned_hub=8,7,3,0,1,5,-1,
#moving_targetting_pos=-1,-1|26,16|-1,-1|-1,-1|-1,-1|-1,-1|19,2|
#setting_targetting_pos=24,27|-1,-1|-1,-1|5,8|5,14|18,27|19,30|
#type=4,3,4,5,5,4,2,
.L.rl..
#1000011110011000
#assigned_pet=14,-1,-1,-1,11,14,-1,
#assigned_hub=8,7,3,4,1,5,-1,
#moving_targetting_pos=-1,-1|26,16|-1,-1|16,16|-1,-1|-1,-1|19,2|
#setting_targetting_pos=24,27|-1,-1|-1,-1|-1,-1|4,15|18,27|19,30|
#type=4,3,4,3,5,4,2,
.L.Du.u
#1000011110011000
#assigned_pet=14,-1,-1,-1,-1,14,-1,
#assigned_hub=8,7,3,0,1,5,-1,
#moving_targetting_pos=-1,-1|26,16|-1,-1|6,6|-1,-1|-1,-1|19,2|
#setting_targetting_pos=24,27|-1,-1|-1,-1|-1,-1|-1,-1|18,27|19,30|
#type=4,3,4,4,4,4,2,
.L....R
#1000011110011000
#assigned_pet=10,-1,-1,-1,-1,10,-1,
#assigned_hub=8,7,3,0,1,5,-1,
#moving_targetting_pos=-1,-1|26,16|-1,-1|-1,-1|-1,-1|-1,-1|19,2|
#setting_targetting_pos=24,27|-1,-1|-1,-1|-1,-1|-1,-1|18,27|19,30|
#type=4,3,4,4,4,4,2,
.L....R
#1000011110011000
#assigned_pet=10,-1,-1,-1,-1,10,-1,
#assigned_hub=8,7,3,0,1,5,-1,
#moving_targetting_pos=-1,-1|26,16|-1,-1|-1,-1|-1,-1|-1,-1|19,2|
#setting_targetting_pos=24,27|-1,-1|-1,-1|-1,-1|-1,-1|18,27|19,30|
#type=4,3,4,4,4,4,2,
.L....d
#1000011110011000
#assigned_pet=10,-1,-1,-1,-1,10,-1,
#assigned_hub=8,7,3,0,1,5,-1,
#moving_targetting_pos=-1,-1|26,16|-1,-1|-1,-1|-1,-1|-1,-1|19,2|
#setting_targetting_pos=24,27|-1,-1|-1,-1|-1,-1|-1,-1|18,27|19,30|
#type=4,3,4,4,4,4,2,
.L....R
#1000011110011000
#assigned_pet=10,-1,-1,-1,-1,10,-1,
#assigned_hub=8,7,3,0,4,5,-1,
#moving_targetting_pos=-1,-1|26,16|-1,-1|-1,-1|16,16|-1,-1|19,2|
#setting_targetting_pos=24,27|-1,-1|-1,-1|-1,-1|-1,-1|18,27|19,30|
#type=4,3,4,4,3,4,2,
.L..D.l
#1000011110011000
#assigned_pet=10,-1,-1,-1,-1,10,-1,
#assigned_hub=8,7,3,0,4,5,-1,
#moving_targetting_pos=-1,-1|26,16|-1,-1|-1,-1|16,16|-1,-1|19,2|
#setting_targetting_pos=24,27|-1,-1|-1,-1|-1,-1|-1,-1|18,27|19,30|
#type=4,3,4,4,3,4,2,
.L..D.R
#1000011110011000
#assigned_pet=10,-1,-1,-1,-1,10,-1,
#assigned_hub=8,7,3,0,4,5,-1,
#moving_targetting_pos=-1,-1|26,16|-1,-1|6,6|16,16|-1,-1|19,2|
#setting_targetting_pos=24,27|-1,-1|-1,-1|-1,-1|-1,-1|18,27|19,30|
#type=4,3,4,4,3,4,2,
.L..D.u
#1000011110011000
#assigned_pet=10,-1,-1,-1,-1,10,-1,
#assigned_hub=8,7,3,0,4,5,-1,
#moving_targetting_pos=-1,-1|26,16|-1,-1|6,6|16,16|-1,-1|19,2|
#setting_targetting_pos=24,27|-1,-1|-1,-1|-1,-1|-1,-1|18,27|19,30|
#type=4,3,4,4,3,4,2,
.L..D.R
#1000011110011000
#assigned_pet=10,-1,-1,-1,-1,10,-1,
#assigned_hub=8,7,3,0,4,5,-1,
#moving_targetting_pos=-1,-1|26,16|-1,-1|6,6|16,16|-1,-1|19,2|
#setting_targetting_pos=24,27|-1,-1|-1,-1|-1,-1|-1,-1|18,27|19,30|
#type=4,3,4,4,3,4,2,
.L..D.R
#1000011110011000
#assigned_pet=10,-1,-1,-1,-1,10,-1,
#assigned_hub=8,7,3,0,4,5,-1,
#moving_targetting_pos=-1,-1|26,16|-1,-1|6,6|16,16|-1,-1|19,2|
#setting_targetting_pos=24,27|-1,-1|-1,-1|-1,-1|-1,-1|18,27|19,30|
#type=4,3,4,4,3,4,2,
.L..D.l
#1000011110011000
#assigned_pet=-1,-1,-1,-1,-1,-1,-1,
#assigned_hub=8,7,3,0,4,5,-1,
#moving_targetting_pos=-1,-1|-1,-1|-1,-1|6,6|16,16|-1,-1|19,2|
#setting_targetting_pos=-1,-1|-1,-1|-1,-1|-1,-1|-1,-1|-1,-1|19,30|
#type=4,4,4,4,3,4,2,
....D.d
#1000011110011000
#assigned_pet=1,-1,-1,-1,-1,1,-1,
#assigned_hub=8,7,3,0,4,5,-1,
#moving_targetting_pos=-1,-1|-1,-1|-1,-1|-1,-1|16,16|-1,-1|19,2|
#setting_targetting_pos=24,27|-1,-1|-1,-1|-1,-1|-1,-1|18,27|19,30|
#type=4,4,4,4,3,4,0,
....D..
#1100011110011010
#assigned_pet=1,-1,-1,-1,-1,1,-1,
#assigned_hub=8,7,3,0,4,5,-1,
#moving_targetting_pos=-1,-1|-1,-1|-1,-1|-1,-1|16,16|-1,-1|19,2|
#setting_targetting_pos=24,27|-1,-1|-1,-1|-1,-1|-1,-1|18,27|19,30|
#type=5,4,4,4,3,5,0,
u...Dd.
#1100011110011010
#assigned_pet=-1,-1,-1,-1,-1,-1,-1,
#assigned_hub=8,7,3,0,4,5,-1,
#moving_targetting_pos=-1,-1|-1,-1|-1,-1|-1,-1|16,16|-1,-1|19,2|
#setting_targetting_pos=-1,-1|-1,-1|-1,-1|-1,-1|-1,-1|-1,-1|19,30|
#type=4,4,4,4,3,4,0,
....R..
#1100011110011010
#assigned_pet=-1,-1,-1,-1,4,4,-1,
#assigned_hub=8,7,3,0,4,5,-1,
#moving_targetting_pos=-1,-1|-1,-1|-1,-1|-1,-1|-1,-1|-1,-1|19,2|
#setting_targetting_pos=-1,-1|-1,-1|-1,-1|-1,-1|15,18|15,24|19,30|
#type=4,4,4,4,4,4,0,
....RL.
#1100011110011010
#assigned_pet=10,10,-1,-1,4,4,-1,
#assigned_hub=8,7,3,0,4,5,-1,
#moving_targetting_pos=-1,-1|-1,-1|-1,-1|-1,-1|-1,-1|-1,-1|19,2|
#setting_targetting_pos=25,24|25,18|-1,-1|-1,-1|15,18|15,24|19,30|
#type=4,4,4,4,4,4,0,
L...DL.
#1100011110011010
#assigned_pet=10,10,-1,-1,4,4,-1,
#assigned_hub=8,7,3,0,4,5,2,
#moving_targetting_pos=-1,-1|-1,-1|-1,-1|-1,-1|-1,-1|-1,-1|6,26|
#setting_targetting_pos=25,24|25,18|-1,-1|-1,-1|15,18|15,24|19,30|
#type=4,4,4,4,4,4,3,
L....LU
#1100011110011010
#assigned_pet=10,10,-1,-1,4,4,-1,
#assigned_hub=8,7,3,0,4,5,2,
#moving_targetting_pos=-1,-1|-1,-1|-1,-1|-1,-1|-1,-1|-1,-1|6,26|
#setting_targetting_pos=25,24|25,18|-1,-1|-1,-1|15,18|15,24|-1,-1|
#type=4,4,4,4,4,4,3,
.....UL
#1100111110011010
#assigned_pet=10,10,-1,-1,4,4,-1,
#assigned_hub=8,7,3,0,4,5,2,
#moving_targetting_pos=-1,-1|-1,-1|-1,-1|-1,-1|-1,-1|-1,-1|6,26|
#setting_targetting_pos=25,24|25,18|-1,-1|-1,-1|15,18|15,24|-1,-1|
#type=4,4,4,4,5,5,3,
....ruU
#1100111110011010
#assigned_pet=10,10,-1,-1,-1,-1,-1,
#assigned_hub=8,7,3,0,4,5,2,
#moving_targetting_pos=-1,-1|-1,-1|-1,-1|-1,-1|-1,-1|-1,-1|6,26|
#setting_targetting_pos=25,24|25,18|-1,-1|-1,-1|-1,-1|-1,-1|-1,-1|
#type=4,4,4,4,4,4,3,
......L
#1100111110011010
#assigned_pet=-1,13,-1,-1,-1,-1,-1,
#assigned_hub=8,7,3,0,4,5,6,
#moving_targetting_pos=-1,-1|-1,-1|-1,-1|-1,-1|-1,-1|-1,-1|26,6|
#setting_targetting_pos=-1,-1|28,17|-1,-1|-1,-1|-1,-1|-1,-1|-1,-1|
#type=4,4,4,4,4,4,3,
.D....L
#1100111110011010
#assigned_pet=-1,13,-1,-1,-1,-1,-1,
#assigned_hub=8,7,3,0,4,5,6,
#moving_targetting_pos=-1,-1|-1,-1|-1,-1|-1,-1|-1,-1|-1,-1|26,6|
#setting_targetting_pos=-1,-1|28,17|-1,-1|-1,-1|-1,-1|-1,-1|-1,-1|
#type=4,4,4,4,4,4,3,
.D....L
#1100111110011110
#assigned_pet=-1,13,9,-1,9,-1,-1,
#assigned_hub=8,7,3,0,4,5,6,
#moving_targetting_pos=-1,-1|-1,-1|-1,-1|-1,-1|-1,-1|-1,-1|26,6|
#setting_targetting_pos=-1,-1|28,17|17,8|-1,-1|17,14|-1,-1|-1,-1|
#type=4,5,4,4,4,4,3,
.dR.L.L
#1100111110011110
#assigned_pet=-1,-1,9,-1,9,-1,-1,
#assigned_hub=8,7,3,0,4,5,6,
#moving_targetting_pos=-1,-1|-1,-1|-1,-1|-1,-1|-1,-1|-1,-1|26,6|
#setting_targetting_pos=-1,-1|-1,-1|17,8|-1,-1|17,14|-1,-1|-1,-1|
#type=4,4,4,4,4,4,3,
..R.L.L
#1100111110011110
#assigned_pet=-1,-1,9,-1,9,-1,-1,
#assigned_hub=8,7,3,0,4,5,6,
#moving_targetting_pos=-1,-1|-1,-1|-1,-1|-1,-1|-1,-1|-1,-1|26,6|
#setting_targetting_pos=-1,-1|-1,-1|17,8|-1,-1|17,14|-1,-1|-1,-1|
#type=4,4,4,4,4,4,3,
..R.L.L
#1100111110011110
#assigned_pet=-1,-1,9,-1,9,-1,-1,
#assigned_hub=8,7,3,0,4,5,6,
#moving_targetting_pos=-1,-1|-1,-1|-1,-1|6,6|-1,-1|-1,-1|26,6|
#setting_targetting_pos=-1,-1|-1,-1|17,8|-1,-1|17,14|-1,-1|-1,-1|
#type=4,4,4,4,4,4,3,
..R.D.L
#1100111111011110
#assigned_pet=-1,-1,9,-1,9,-1,-1,
#assigned_hub=8,7,3,0,4,5,6,
#moving_targetting_pos=-1,-1|-1,-1|-1,-1|6,6|-1,-1|-1,-1|26,6|
#setting_targetting_pos=-1,-1|-1,-1|17,8|-1,-1|17,14|-1,-1|-1,-1|
#type=4,4,5,4,5,4,3,
..d.d.L
#1100111111011110
#assigned_pet=-1,-1,-1,-1,-1,-1,-1,
#assigned_hub=8,7,3,0,4,5,6,
#moving_targetting_pos=-1,-1|-1,-1|-1,-1|6,6|-1,-1|-1,-1|26,6|
#setting_targetting_pos=-1,-1|-1,-1|-1,-1|-1,-1|-1,-1|-1,-1|-1,-1|
#type=4,4,4,4,4,4,3,
......L
#1100111111011110
#assigned_pet=-1,-1,-1,-1,-1,-1,-1,
#assigned_hub=8,7,3,0,4,5,6,
#moving_targetting_pos=-1,-1|-1,-1|-1,-1|6,6|-1,-1|-1,-1|26,6|
#setting_targetting_pos=-1,-1|-1,-1|-1,-1|-1,-1|-1,-1|-1,-1|-1,-1|
#type=4,4,4,4,4,4,3,
......L
#1100111111011110
#assigned_pet=-1,-1,-1,-1,-1,-1,-1,
#assigned_hub=8,7,3,0,4,5,6,
#moving_targetting_pos=-1,-1|-1,-1|-1,-1|6,6|-1,-1|-1,-1|26,6|
#setting_targetting_pos=-1,-1|-1,-1|-1,-1|-1,-1|-1,-1|-1,-1|-1,-1|
#type=4,4,4,4,4,4,3,
......L
#1100111111011110
#assigned_pet=15,-1,-1,-1,-1,15,-1,
#assigned_hub=8,7,3,0,4,5,6,
#moving_targetting_pos=-1,-1|-1,-1|-1,-1|6,6|16,16|-1,-1|26,6|
#setting_targetting_pos=24,25|-1,-1|-1,-1|-1,-1|-1,-1|18,25|-1,-1|
#type=4,4,4,4,4,4,3,
.....RL
#1100111111011110
#assigned_pet=15,-1,-1,-1,-1,15,-1,
#assigned_hub=8,7,3,0,4,5,6,
#moving_targetting_pos=-1,-1|-1,-1|-1,-1|6,6|16,16|-1,-1|26,6|
#setting_targetting_pos=24,25|-1,-1|-1,-1|-1,-1|-1,-1|18,25|-1,-1|
#type=4,4,4,4,4,4,3,
.....DL
#1100111111011110
#assigned_pet=10,10,-1,-1,-1,-1,-1,
#assigned_hub=8,7,3,0,4,5,6,
#moving_targetting_pos=-1,-1|-1,-1|-1,-1|6,6|16,16|-1,-1|26,6|
#setting_targetting_pos=25,24|25,18|-1,-1|-1,-1|-1,-1|-1,-1|-1,-1|
#type=4,4,4,4,4,4,3,
.R....L
#1100111111011110
#assigned_pet=10,10,-1,-1,-1,-1,-1,
#assigned_hub=8,7,3,0,4,5,6,
#moving_targetting_pos=-1,-1|-1,-1|-1,-1|6,6|16,16|-1,-1|26,6|
#setting_targetting_pos=25,24|25,18|-1,-1|-1,-1|-1,-1|-1,-1|-1,-1|
#type=4,4,4,4,4,4,3,
.U....D
#1100111111011110
#assigned_pet=10,10,-1,-1,-1,-1,-1,
#assigned_hub=8,7,3,0,4,5,6,
#moving_targetting_pos=-1,-1|-1,-1|-1,-1|6,6|16,16|-1,-1|26,6|
#setting_targetting_pos=25,24|25,18|-1,-1|-1,-1|-1,-1|-1,-1|-1,-1|
#type=4,4,4,4,4,4,3,
......D
#1100111111111110
#assigned_pet=10,10,-1,-1,-1,-1,-1,
#assigned_hub=8,7,3,0,4,5,6,
#moving_targetting_pos=-1,-1|-1,-1|-1,-1|6,6|16,16|-1,-1|26,6|
#setting_targetting_pos=25,24|25,18|-1,-1|-1,-1|-1,-1|-1,-1|-1,-1|
#type=5,5,4,4,4,4,3,
lu....D
#1100111111111110
#assigned_pet=-1,-1,-1,-1,-1,-1,-1,
#assigned_hub=8,7,3,0,4,5,6,
#moving_targetting_pos=-1,-1|-1,-1|-1,-1|6,6|16,16|-1,-1|26,6|
#setting_targetting_pos=-1,-1|-1,-1|-1,-1|-1,-1|-1,-1|-1,-1|-1,-1|
#type=4,4,4,4,4,4,3,
......D
#1100111111111110
#assigned_pet=-1,-1,-1,-1,-1,-1,-1,
#assigned_hub=8,7,3,0,4,5,6,
#moving_targetting_pos=-1,-1|-1,-1|-1,-1|6,6|16,16|-1,-1|26,6|
#setting_targetting_pos=-1,-1|-1,-1|-1,-1|-1,-1|-1,-1|-1,-1|-1,-1|
#type=4,4,4,4,4,4,3,
......D
#1100111111111110
#assigned_pet=-1,-1,-1,-1,-1,-1,-1,
#assigned_hub=8,7,3,0,4,5,6,
#moving_targetting_pos=-1,-1|-1,-1|-1,-1|6,6|-1,-1|-1,-1|26,6|
#setting_targetting_pos=-1,-1|-1,-1|-1,-1|-1,-1|-1,-1|-1,-1|-1,-1|
#type=4,4,4,4,4,4,3,
......D
#1100111111111110
#assigned_pet=-1,-1,-1,-1,-1,-1,-1,
#assigned_hub=8,7,3,0,4,5,6,
#moving_targetting_pos=-1,-1|-1,-1|-1,-1|6,6|-1,-1|-1,-1|26,6|
#setting_targetting_pos=-1,-1|-1,-1|-1,-1|-1,-1|-1,-1|-1,-1|-1,-1|
#type=4,4,4,4,4,4,3,
......D
#1100111111111110
#assigned_pet=15,-1,-1,-1,-1,15,-1,
#assigned_hub=8,7,3,0,4,5,6,
#moving_targetting_pos=-1,-1|-1,-1|-1,-1|6,6|16,16|-1,-1|26,6|
#setting_targetting_pos=24,25|-1,-1|-1,-1|-1,-1|-1,-1|18,25|-1,-1|
#type=4,4,4,4,4,4,3,
......D
#1100111111111111
#assigned_pet=15,-1,-1,-1,-1,15,-1,
#assigned_hub=8,7,3,0,4,5,6,
#moving_targetting_pos=-1,-1|-1,-1|-1,-1|6,6|16,16|-1,-1|26,6|
#setting_targetting_pos=24,25|-1,-1|-1,-1|-1,-1|-1,-1|18,25|-1,-1|
#type=5,4,4,4,4,5,3,
u....dL
#1100111111111111
#assigned_pet=-1,-1,-1,-1,-1,-1,-1,
#assigned_hub=8,7,3,0,4,5,6,
#moving_targetting_pos=26,26|-1,-1|-1,-1|6,6|16,16|16,26|26,6|
#setting_targetting_pos=-1,-1|-1,-1|-1,-1|-1,-1|-1,-1|-1,-1|-1,-1|
#type=4,4,4,4,4,4,3,
......L
#1100111111111111
#assigned_pet=-1,-1,-1,-1,-1,-1,-1,
#assigned_hub=8,7,3,0,4,5,6,
#moving_targetting_pos=26,26|-1,-1|-1,-1|6,6|16,16|16,26|26,6|
#setting_targetting_pos=-1,-1|-1,-1|-1,-1|-1,-1|-1,-1|-1,-1|-1,-1|
#type=4,4,4,4,4,4,3,
......L
#1100111111111111
#assigned_pet=-1,-1,-1,-1,-1,-1,-1,
#assigned_hub=8,7,3,0,4,5,6,
#moving_targetting_pos=-1,-1|-1,-1|-1,-1|6,6|-1,-1|16,26|26,6|
#setting_targetting_pos=-1,-1|-1,-1|-1,-1|-1,-1|-1,-1|-1,-1|-1,-1|
#type=4,4,4,4,4,4,3,
......L
#1100111111111111
#assigned_pet=-1,-1,-1,-1,-1,-1,-1,
#assigned_hub=8,7,3,0,4,5,6,
#moving_targetting_pos=-1,-1|-1,-1|-1,-1|6,6|-1,-1|16,26|26,6|
#setting_targetting_pos=-1,-1|-1,-1|-1,-1|-1,-1|-1,-1|-1,-1|-1,-1|
#type=4,4,4,4,4,4,3,
......L
#1100111111111111
#assigned_pet=-1,-1,-1,-1,-1,-1,-1,
#assigned_hub=8,7,3,0,4,5,6,
#moving_targetting_pos=-1,-1|-1,-1|-1,-1|6,6|16,16|16,26|26,6|
#setting_targetting_pos=-1,-1|-1,-1|-1,-1|-1,-1|-1,-1|-1,-1|-1,-1|
#type=4,4,4,4,4,4,3,
......L
#1100111111111111
#assigned_pet=-1,-1,-1,-1,-1,-1,-1,
#assigned_hub=8,7,3,0,4,5,6,
#moving_targetting_pos=-1,-1|-1,-1|-1,-1|6,6|16,16|16,26|26,6|
#setting_targetting_pos=-1,-1|-1,-1|-1,-1|-1,-1|-1,-1|-1,-1|-1,-1|
#type=4,4,4,4,4,4,3,
......L
#1100111111111111
#assigned_pet=-1,-1,-1,-1,-1,-1,-1,
#assigned_hub=8,7,3,0,4,5,6,
#moving_targetting_pos=-1,-1|-1,-1|-1,-1|6,6|16,16|16,26|26,6|
#setting_targetting_pos=-1,-1|-1,-1|-1,-1|-1,-1|-1,-1|-1,-1|-1,-1|
#type=4,4,4,4,4,4,3,
......L
#1100111111111111
#assigned_pet=3,3,2,-1,-1,-1,2,
#assigned_hub=8,7,3,0,4,5,6,
#moving_targetting_pos=-1,-1|-1,-1|-1,-1|6,6|16,16|16,26|-1,-1|
#setting_targetting_pos=27,24|27,18|18,5|-1,-1|-1,-1|-1,-1|24,5|
#type=4,4,4,4,4,4,4,
D.L...L
#1100111111111111
#assigned_pet=3,3,2,-1,-1,-1,2,
#assigned_hub=8,7,3,0,4,5,6,
#moving_targetting_pos=-1,-1|-1,-1|-1,-1|6,6|16,16|16,26|-1,-1|
#setting_targetting_pos=27,24|27,18|18,5|-1,-1|-1,-1|-1,-1|24,5|
#type=4,4,4,4,4,4,4,
L.L...L
#1100111111111111
#assigned_pet=3,3,2,-1,-1,-1,2,
#assigned_hub=8,7,3,0,4,5,6,
#moving_targetting_pos=-1,-1|-1,-1|-1,-1|6,6|16,16|16,26|-1,-1|
#setting_targetting_pos=27,24|27,18|18,5|-1,-1|-1,-1|-1,-1|24,5|
#type=4,4,4,4,4,4,4,
..L....
#1100111111111111
#assigned_pet=3,3,2,-1,-1,-1,2,
#assigned_hub=8,7,3,0,4,5,6,
#moving_targetting_pos=-1,-1|-1,-1|-1,-1|6,6|16,16|16,26|-1,-1|
#setting_targetting_pos=27,24|27,18|18,5|-1,-1|-1,-1|-1,-1|24,5|
#type=4,4,4,4,4,4,4,
..D....
#1110111111111111
#assigned_pet=-1,-1,2,-1,-1,-1,2,
#assigned_hub=8,7,3,0,4,5,6,
#moving_targetting_pos=-1,-1|-1,-1|-1,-1|6,6|16,16|16,26|-1,-1|
#setting_targetting_pos=-1,-1|-1,-1|18,5|-1,-1|-1,-1|-1,-1|24,5|
#type=4,4,5,4,4,4,5,
..d...u
#1110111111111111
#assigned_pet=-1,-1,-1,-1,-1,-1,-1,
#assigned_hub=8,7,3,0,4,5,6,
#moving_targetting_pos=-1,-1|-1,-1|16,6|6,6|16,16|16,26|26,6|
#setting_targetting_pos=-1,-1|-1,-1|-1,-1|-1,-1|-1,-1|-1,-1|-1,-1|
#type=4,4,4,4,4,4,4,
.......
#1110111111111111
#assigned_pet=-1,-1,-1,-1,-1,-1,-1,
#assigned_hub=8,7,3,0,4,5,6,
#moving_targetting_pos=-1,-1|-1,-1|16,6|6,6|16,16|16,26|26,6|
#setting_targetting_pos=-1,-1|-1,-1|-1,-1|-1,-1|-1,-1|-1,-1|-1,-1|
#type=4,4,4,4,4,4,4,
.......
#1110111111111111
#assigned_pet=-1,-1,-1,-1,-1,-1,-1,
#assigned_hub=8,7,3,0,4,5,6,
#moving_targetting_pos=-1,-1|-1,-1|16,6|6,6|16,16|16,26|26,6|
#setting_targetting_pos=-1,-1|-1,-1|-1,-1|-1,-1|-1,-1|-1,-1|-1,-1|
#type=4,4,4,4,4,4,4,
.......
#1110111111111111
#assigned_pet=-1,-1,-1,-1,-1,-1,-1,
#assigned_hub=8,7,3,0,4,5,6,
#moving_targetting_pos=-1,-1|-1,-1|16,6|6,6|16,16|16,26|26,6|
#setting_targetting_pos=-1,-1|-1,-1|-1,-1|-1,-1|-1,-1|-1,-1|-1,-1|
#type=4,4,4,4,4,4,4,
.......
#1110111111111111
#assigned_pet=-1,-1,-1,-1,-1,-1,-1,
#assigned_hub=8,7,3,0,4,5,6,
#moving_targetting_pos=-1,-1|-1,-1|16,6|6,6|16,16|16,26|26,6|
#setting_targetting_pos=-1,-1|-1,-1|-1,-1|-1,-1|-1,-1|-1,-1|-1,-1|
#type=4,4,4,4,4,4,4,
.......
#1110111111111111
#assigned_pet=-1,-1,-1,-1,-1,-1,-1,
#assigned_hub=8,7,3,0,4,5,6,
#moving_targetting_pos=-1,-1|-1,-1|16,6|6,6|16,16|16,26|26,6|
#setting_targetting_pos=-1,-1|-1,-1|-1,-1|-1,-1|-1,-1|-1,-1|-1,-1|
#type=4,4,4,4,4,4,4,
.......
#1110111111111111
#assigned_pet=-1,-1,-1,-1,-1,-1,-1,
#assigned_hub=8,7,3,0,4,5,6,
#moving_targetting_pos=-1,-1|-1,-1|16,6|6,6|16,16|16,26|26,6|
#setting_targetting_pos=-1,-1|-1,-1|-1,-1|-1,-1|-1,-1|-1,-1|-1,-1|
#type=4,4,4,4,4,4,4,
.......
#1110111111111111
#assigned_pet=3,3,-1,-1,-1,-1,-1,
#assigned_hub=8,7,3,0,4,5,6,
#moving_targetting_pos=-1,-1|-1,-1|16,6|6,6|16,16|16,26|26,6|
#setting_targetting_pos=27,24|27,18|-1,-1|-1,-1|-1,-1|-1,-1|-1,-1|
#type=4,4,4,4,4,4,4,
.......
#1110111111111111
#assigned_pet=3,3,-1,-1,-1,-1,-1,
#assigned_hub=8,7,3,0,4,5,6,
#moving_targetting_pos=-1,-1|-1,-1|16,6|6,6|16,16|16,26|26,6|
#setting_targetting_pos=27,24|27,18|-1,-1|-1,-1|-1,-1|-1,-1|-1,-1|
#type=4,4,4,4,4,4,4,
.......
#1111111111111111
#assigned_pet=3,3,-1,-1,-1,-1,-1,
#assigned_hub=8,7,3,0,4,5,6,
#moving_targetting_pos=-1,-1|-1,-1|16,6|6,6|16,16|16,26|26,6|
#setting_targetting_pos=27,24|27,18|-1,-1|-1,-1|-1,-1|-1,-1|-1,-1|
#type=5,5,4,4,4,4,4,
dd.....
#1111111111111111
#assigned_pet=-1,-1,-1,-1,-1,-1,-1,
#assigned_hub=8,7,3,0,4,5,6,
#moving_targetting_pos=26,26|26,16|16,6|6,6|16,16|16,26|26,6|
#setting_targetting_pos=-1,-1|-1,-1|-1,-1|-1,-1|-1,-1|-1,-1|-1,-1|
#type=4,4,4,4,4,4,4,
.......
#1111111111111111
#assigned_pet=-1,-1,-1,-1,-1,-1,-1,
#assigned_hub=8,7,3,0,4,5,6,
#moving_targetting_pos=26,26|26,16|16,6|6,6|16,16|16,26|26,6|
#setting_targetting_pos=-1,-1|-1,-1|-1,-1|-1,-1|-1,-1|-1,-1|-1,-1|
#type=4,4,4,4,4,4,4,
.......
#1111111111111111
#assigned_pet=-1,-1,-1,-1,-1,-1,-1,
#assigned_hub=8,7,3,0,4,5,6,
#moving_targetting_pos=26,26|26,16|16,6|6,6|16,16|16,26|26,6|
#setting_targetting_pos=-1,-1|-1,-1|-1,-1|-1,-1|-1,-1|-1,-1|-1,-1|
#type=4,4,4,4,4,4,4,
.......
#1111111111111111
#assigned_pet=-1,-1,-1,-1,-1,-1,-1,
#assigned_hub=8,7,3,0,4,5,6,
#moving_targetting_pos=26,26|26,16|16,6|6,6|16,16|16,26|26,6|
#setting_targetting_pos=-1,-1|-1,-1|-1,-1|-1,-1|-1,-1|-1,-1|-1,-1|
#type=4,4,4,4,4,4,4,
.......
#1111111111111111
#assigned_pet=-1,-1,-1,-1,-1,-1,-1,
#assigned_hub=8,7,3,0,4,5,6,
#moving_targetting_pos=26,26|26,16|16,6|6,6|16,16|16,26|26,6|
#setting_targetting_pos=-1,-1|-1,-1|-1,-1|-1,-1|-1,-1|-1,-1|-1,-1|
#type=4,4,4,4,4,4,4,
.......
#1111111111111111
#assigned_pet=-1,-1,-1,-1,-1,-1,-1,
#assigned_hub=8,7,3,0,4,5,6,
#moving_targetting_pos=26,26|26,16|16,6|6,6|16,16|16,26|26,6|
#setting_targetting_pos=-1,-1|-1,-1|-1,-1|-1,-1|-1,-1|-1,-1|-1,-1|
#type=4,4,4,4,4,4,4,
.......
#1111111111111111
#assigned_pet=-1,-1,-1,-1,-1,-1,-1,
#assigned_hub=8,7,3,0,4,5,6,
#moving_targetting_pos=26,26|26,16|16,6|6,6|16,16|16,26|26,6|
#setting_targetting_pos=-1,-1|-1,-1|-1,-1|-1,-1|-1,-1|-1,-1|-1,-1|
#type=4,4,4,4,4,4,4,
.......
#1111111111111111
#assigned_pet=-1,-1,-1,-1,-1,-1,-1,
#assigned_hub=8,7,3,0,4,5,6,
#moving_targetting_pos=26,26|26,16|16,6|6,6|16,16|16,26|26,6|
#setting_targetting_pos=-1,-1|-1,-1|-1,-1|-1,-1|-1,-1|-1,-1|-1,-1|
#type=4,4,4,4,4,4,4,
.......
#1111111111111111
#assigned_pet=-1,-1,-1,-1,-1,-1,-1,
#assigned_hub=8,7,3,0,4,5,6,
#moving_targetting_pos=26,26|26,16|16,6|6,6|16,16|16,26|26,6|
#setting_targetting_pos=-1,-1|-1,-1|-1,-1|-1,-1|-1,-1|-1,-1|-1,-1|
#type=4,4,4,4,4,4,4,
.......
#1111111111111111
#assigned_pet=-1,-1,-1,-1,-1,-1,-1,
#assigned_hub=8,7,3,0,4,5,6,
#moving_targetting_pos=26,26|26,16|16,6|6,6|16,16|16,26|26,6|
#setting_targetting_pos=-1,-1|-1,-1|-1,-1|-1,-1|-1,-1|-1,-1|-1,-1|
#type=4,4,4,4,4,4,4,
.......
#1111111111111111
#assigned_pet=-1,-1,-1,-1,-1,-1,-1,
#assigned_hub=8,7,3,0,4,5,6,
#moving_targetting_pos=26,26|26,16|16,6|6,6|16,16|16,26|26,6|
#setting_targetting_pos=-1,-1|-1,-1|-1,-1|-1,-1|-1,-1|-1,-1|-1,-1|
#type=4,4,4,4,4,4,4,
.......
#1111111111111111
#assigned_pet=-1,-1,-1,-1,-1,-1,-1,
#assigned_hub=8,7,3,0,4,5,6,
#moving_targetting_pos=26,26|26,16|16,6|6,6|16,16|16,26|26,6|
#setting_targetting_pos=-1,-1|-1,-1|-1,-1|-1,-1|-1,-1|-1,-1|-1,-1|
#type=4,4,4,4,4,4,4,
.......
#1111111111111111
#assigned_pet=-1,-1,-1,-1,-1,-1,-1,
#assigned_hub=8,7,3,0,4,5,6,
#moving_targetting_pos=26,26|26,16|16,6|6,6|16,16|16,26|26,6|
#setting_targetting_pos=-1,-1|-1,-1|-1,-1|-1,-1|-1,-1|-1,-1|-1,-1|
#type=4,4,4,4,4,4,4,
.......
#1111111111111111
#assigned_pet=-1,-1,-1,-1,-1,-1,-1,
#assigned_hub=8,7,3,0,4,5,6,
#moving_targetting_pos=26,26|26,16|16,6|6,6|16,16|16,26|26,6|
#setting_targetting_pos=-1,-1|-1,-1|-1,-1|-1,-1|-1,-1|-1,-1|-1,-1|
#type=4,4,4,4,4,4,4,
.......
#1111111111111111
#assigned_pet=-1,-1,-1,-1,-1,-1,-1,
#assigned_hub=8,7,3,0,4,5,6,
#moving_targetting_pos=26,26|26,16|16,6|6,6|16,16|16,26|26,6|
#setting_targetting_pos=-1,-1|-1,-1|-1,-1|-1,-1|-1,-1|-1,-1|-1,-1|
#type=4,4,4,4,4,4,4,
.......
#1111111111111111
#assigned_pet=-1,-1,-1,-1,-1,-1,-1,
#assigned_hub=8,7,3,0,4,5,6,
#moving_targetting_pos=26,26|26,16|16,6|6,6|16,16|16,26|26,6|
#setting_targetting_pos=-1,-1|-1,-1|-1,-1|-1,-1|-1,-1|-1,-1|-1,-1|
#type=4,4,4,4,4,4,4,
.......
#1111111111111111
#assigned_pet=-1,-1,-1,-1,-1,-1,-1,
#assigned_hub=8,7,3,0,4,5,6,
#moving_targetting_pos=26,26|26,16|16,6|6,6|16,16|16,26|26,6|
#setting_targetting_pos=-1,-1|-1,-1|-1,-1|-1,-1|-1,-1|-1,-1|-1,-1|
#type=4,4,4,4,4,4,4,
.......
#1111111111111111
#assigned_pet=-1,-1,-1,-1,-1,-1,-1,
#assigned_hub=8,7,3,0,4,5,6,
#moving_targetting_pos=26,26|26,16|16,6|6,6|16,16|16,26|26,6|
#setting_targetting_pos=-1,-1|-1,-1|-1,-1|-1,-1|-1,-1|-1,-1|-1,-1|
#type=4,4,4,4,4,4,4,
.......
#1111111111111111
#assigned_pet=-1,-1,-1,-1,-1,-1,-1,
#assigned_hub=8,7,3,0,4,5,6,
#moving_targetting_pos=26,26|26,16|16,6|6,6|16,16|16,26|26,6|
#setting_targetting_pos=-1,-1|-1,-1|-1,-1|-1,-1|-1,-1|-1,-1|-1,-1|
#type=4,4,4,4,4,4,4,
.......
#1111111111111111
#assigned_pet=-1,-1,-1,-1,-1,-1,-1,
#assigned_hub=8,7,3,0,4,5,6,
#moving_targetting_pos=26,26|26,16|16,6|6,6|16,16|16,26|26,6|
#setting_targetting_pos=-1,-1|-1,-1|-1,-1|-1,-1|-1,-1|-1,-1|-1,-1|
#type=4,4,4,4,4,4,4,
.......
#1111111111111111
#assigned_pet=-1,-1,-1,-1,-1,-1,-1,
#assigned_hub=8,7,3,0,4,5,6,
#moving_targetting_pos=26,26|26,16|16,6|6,6|16,16|16,26|26,6|
#setting_targetting_pos=-1,-1|-1,-1|-1,-1|-1,-1|-1,-1|-1,-1|-1,-1|
#type=4,4,4,4,4,4,4,
.......
#1111111111111111
#assigned_pet=-1,-1,-1,-1,-1,-1,-1,
#assigned_hub=8,7,3,0,4,5,6,
#moving_targetting_pos=26,26|26,16|16,6|6,6|16,16|16,26|26,6|
#setting_targetting_pos=-1,-1|-1,-1|-1,-1|-1,-1|-1,-1|-1,-1|-1,-1|
#type=4,4,4,4,4,4,4,
.......
#1111111111111111
#assigned_pet=-1,-1,-1,-1,-1,-1,-1,
#assigned_hub=8,7,3,0,4,5,6,
#moving_targetting_pos=26,26|26,16|16,6|6,6|16,16|16,26|26,6|
#setting_targetting_pos=-1,-1|-1,-1|-1,-1|-1,-1|-1,-1|-1,-1|-1,-1|
#type=4,4,4,4,4,4,4,
.......
#1111111111111111
#assigned_pet=-1,-1,-1,-1,-1,-1,-1,
#assigned_hub=8,7,3,0,4,5,6,
#moving_targetting_pos=26,26|26,16|16,6|6,6|16,16|16,26|26,6|
#setting_targetting_pos=-1,-1|-1,-1|-1,-1|-1,-1|-1,-1|-1,-1|-1,-1|
#type=4,4,4,4,4,4,4,
.......
#1111111111111111
#assigned_pet=-1,-1,-1,-1,-1,-1,-1,
#assigned_hub=8,7,3,0,4,5,6,
#moving_targetting_pos=26,26|26,16|16,6|6,6|16,16|16,26|26,6|
#setting_targetting_pos=-1,-1|-1,-1|-1,-1|-1,-1|-1,-1|-1,-1|-1,-1|
#type=4,4,4,4,4,4,4,
.......
#1111111111111111
#assigned_pet=-1,-1,-1,-1,-1,-1,-1,
#assigned_hub=8,7,3,0,4,5,6,
#moving_targetting_pos=26,26|26,16|16,6|6,6|16,16|16,26|26,6|
#setting_targetting_pos=-1,-1|-1,-1|-1,-1|-1,-1|-1,-1|-1,-1|-1,-1|
#type=4,4,4,4,4,4,4,
.......
#1111111111111111
#assigned_pet=-1,-1,-1,-1,-1,-1,-1,
#assigned_hub=8,7,3,0,4,5,6,
#moving_targetting_pos=26,26|26,16|16,6|6,6|16,16|16,26|26,6|
#setting_targetting_pos=-1,-1|-1,-1|-1,-1|-1,-1|-1,-1|-1,-1|-1,-1|
#type=4,4,4,4,4,4,4,
.......
#1111111111111111
#assigned_pet=-1,-1,-1,-1,-1,-1,-1,
#assigned_hub=8,7,3,0,4,5,6,
#moving_targetting_pos=26,26|26,16|16,6|6,6|16,16|16,26|26,6|
#setting_targetting_pos=-1,-1|-1,-1|-1,-1|-1,-1|-1,-1|-1,-1|-1,-1|
#type=4,4,4,4,4,4,4,
.......
#1111111111111111
#assigned_pet=-1,-1,-1,-1,-1,-1,-1,
#assigned_hub=8,7,3,0,4,5,6,
#moving_targetting_pos=26,26|26,16|16,6|6,6|16,16|16,26|26,6|
#setting_targetting_pos=-1,-1|-1,-1|-1,-1|-1,-1|-1,-1|-1,-1|-1,-1|
#type=4,4,4,4,4,4,4,
.......
#1111111111111111
#assigned_pet=-1,-1,-1,-1,-1,-1,-1,
#assigned_hub=8,7,3,0,4,5,6,
#moving_targetting_pos=26,26|26,16|16,6|6,6|16,16|16,26|26,6|
#setting_targetting_pos=-1,-1|-1,-1|-1,-1|-1,-1|-1,-1|-1,-1|-1,-1|
#type=4,4,4,4,4,4,4,
.......
#1111111111111111
#assigned_pet=-1,-1,-1,-1,-1,-1,-1,
#assigned_hub=8,7,3,0,4,5,6,
#moving_targetting_pos=26,26|26,16|16,6|6,6|16,16|16,26|26,6|
#setting_targetting_pos=-1,-1|-1,-1|-1,-1|-1,-1|-1,-1|-1,-1|-1,-1|
#type=4,4,4,4,4,4,4,
.......
#1111111111111111
#assigned_pet=-1,-1,-1,-1,-1,-1,-1,
#assigned_hub=8,7,3,0,4,5,6,
#moving_targetting_pos=26,26|26,16|16,6|6,6|16,16|16,26|26,6|
#setting_targetting_pos=-1,-1|-1,-1|-1,-1|-1,-1|-1,-1|-1,-1|-1,-1|
#type=4,4,4,4,4,4,4,
.......
#1111111111111111
#assigned_pet=-1,-1,-1,-1,-1,-1,-1,
#assigned_hub=8,7,3,0,4,5,6,
#moving_targetting_pos=26,26|26,16|16,6|6,6|16,16|16,26|26,6|
#setting_targetting_pos=-1,-1|-1,-1|-1,-1|-1,-1|-1,-1|-1,-1|-1,-1|
#type=4,4,4,4,4,4,4,
.......
#1111111111111111
#assigned_pet=-1,-1,-1,-1,-1,-1,-1,
#assigned_hub=8,7,3,0,4,5,6,
#moving_targetting_pos=26,26|26,16|16,6|6,6|16,16|16,26|26,6|
#setting_targetting_pos=-1,-1|-1,-1|-1,-1|-1,-1|-1,-1|-1,-1|-1,-1|
#type=4,4,4,4,4,4,4,
.......
#1111111111111111
#assigned_pet=-1,-1,-1,-1,-1,-1,-1,
#assigned_hub=8,7,3,0,4,5,6,
#moving_targetting_pos=26,26|26,16|16,6|6,6|16,16|16,26|26,6|
#setting_targetting_pos=-1,-1|-1,-1|-1,-1|-1,-1|-1,-1|-1,-1|-1,-1|
#type=4,4,4,4,4,4,4,
.......
#1111111111111111
#assigned_pet=-1,-1,-1,-1,-1,-1,-1,
#assigned_hub=8,7,3,0,4,5,6,
#moving_targetting_pos=26,26|26,16|16,6|6,6|16,16|16,26|26,6|
#setting_targetting_pos=-1,-1|-1,-1|-1,-1|-1,-1|-1,-1|-1,-1|-1,-1|
#type=4,4,4,4,4,4,4,
.......
#1111111111111111
#assigned_pet=-1,-1,-1,-1,-1,-1,-1,
#assigned_hub=8,7,3,0,4,5,6,
#moving_targetting_pos=26,26|26,16|16,6|6,6|16,16|16,26|26,6|
#setting_targetting_pos=-1,-1|-1,-1|-1,-1|-1,-1|-1,-1|-1,-1|-1,-1|
#type=4,4,4,4,4,4,4,
.......
#1111111111111111
#assigned_pet=-1,-1,-1,-1,-1,-1,-1,
#assigned_hub=8,7,3,0,4,5,6,
#moving_targetting_pos=26,26|26,16|16,6|6,6|16,16|16,26|26,6|
#setting_targetting_pos=-1,-1|-1,-1|-1,-1|-1,-1|-1,-1|-1,-1|-1,-1|
#type=4,4,4,4,4,4,4,
.......
#1111111111111111
#assigned_pet=-1,-1,-1,-1,-1,-1,-1,
#assigned_hub=8,7,3,0,4,5,6,
#moving_targetting_pos=26,26|26,16|16,6|6,6|16,16|16,26|26,6|
#setting_targetting_pos=-1,-1|-1,-1|-1,-1|-1,-1|-1,-1|-1,-1|-1,-1|
#type=4,4,4,4,4,4,4,
.......
#1111111111111111
#assigned_pet=-1,-1,-1,-1,-1,-1,-1,
#assigned_hub=8,7,3,0,4,5,6,
#moving_targetting_pos=26,26|26,16|16,6|6,6|16,16|16,26|26,6|
#setting_targetting_pos=-1,-1|-1,-1|-1,-1|-1,-1|-1,-1|-1,-1|-1,-1|
#type=4,4,4,4,4,4,4,
.......
#1111111111111111
#assigned_pet=-1,-1,-1,-1,-1,-1,-1,
#assigned_hub=8,7,3,0,4,5,6,
#moving_targetting_pos=26,26|26,16|16,6|6,6|16,16|16,26|26,6|
#setting_targetting_pos=-1,-1|-1,-1|-1,-1|-1,-1|-1,-1|-1,-1|-1,-1|
#type=4,4,4,4,4,4,4,
.......
#1111111111111111
#assigned_pet=-1,-1,-1,-1,-1,-1,-1,
#assigned_hub=8,7,3,0,4,5,6,
#moving_targetting_pos=26,26|26,16|16,6|6,6|16,16|16,26|26,6|
#setting_targetting_pos=-1,-1|-1,-1|-1,-1|-1,-1|-1,-1|-1,-1|-1,-1|
#type=4,4,4,4,4,4,4,
.......
#1111111111111111
#assigned_pet=-1,-1,-1,-1,-1,-1,-1,
#assigned_hub=8,7,3,0,4,5,6,
#moving_targetting_pos=26,26|26,16|16,6|6,6|16,16|16,26|26,6|
#setting_targetting_pos=-1,-1|-1,-1|-1,-1|-1,-1|-1,-1|-1,-1|-1,-1|
#type=4,4,4,4,4,4,4,
.......
#1111111111111111
#assigned_pet=-1,-1,-1,-1,-1,-1,-1,
#assigned_hub=8,7,3,0,4,5,6,
#moving_targetting_pos=26,26|26,16|16,6|6,6|16,16|16,26|26,6|
#setting_targetting_pos=-1,-1|-1,-1|-1,-1|-1,-1|-1,-1|-1,-1|-1,-1|
#type=4,4,4,4,4,4,4,
.......
#1111111111111111
#assigned_pet=-1,-1,-1,-1,-1,-1,-1,
#assigned_hub=8,7,3,0,4,5,6,
#moving_targetting_pos=26,26|26,16|16,6|6,6|16,16|16,26|26,6|
#setting_targetting_pos=-1,-1|-1,-1|-1,-1|-1,-1|-1,-1|-1,-1|-1,-1|
#type=4,4,4,4,4,4,4,
.......
#1111111111111111
#assigned_pet=-1,-1,-1,-1,-1,-1,-1,
#assigned_hub=8,7,3,0,4,5,6,
#moving_targetting_pos=26,26|26,16|16,6|6,6|16,16|16,26|26,6|
#setting_targetting_pos=-1,-1|-1,-1|-1,-1|-1,-1|-1,-1|-1,-1|-1,-1|
#type=4,4,4,4,4,4,4,
.......
#1111111111111111
#assigned_pet=-1,-1,-1,-1,-1,-1,-1,
#assigned_hub=8,7,3,0,4,5,6,
#moving_targetting_pos=26,26|26,16|16,6|6,6|16,16|16,26|26,6|
#setting_targetting_pos=-1,-1|-1,-1|-1,-1|-1,-1|-1,-1|-1,-1|-1,-1|
#type=4,4,4,4,4,4,4,
.......
#1111111111111111
#assigned_pet=-1,-1,-1,-1,-1,-1,-1,
#assigned_hub=8,7,3,0,4,5,6,
#moving_targetting_pos=26,26|26,16|16,6|6,6|16,16|16,26|26,6|
#setting_targetting_pos=-1,-1|-1,-1|-1,-1|-1,-1|-1,-1|-1,-1|-1,-1|
#type=4,4,4,4,4,4,4,
.......
#1111111111111111
#assigned_pet=-1,-1,-1,-1,-1,-1,-1,
#assigned_hub=8,7,3,0,4,5,6,
#moving_targetting_pos=26,26|26,16|16,6|6,6|16,16|16,26|26,6|
#setting_targetting_pos=-1,-1|-1,-1|-1,-1|-1,-1|-1,-1|-1,-1|-1,-1|
#type=4,4,4,4,4,4,4,
.......
#1111111111111111
#assigned_pet=-1,-1,-1,-1,-1,-1,-1,
#assigned_hub=8,7,3,0,4,5,6,
#moving_targetting_pos=26,26|26,16|16,6|6,6|16,16|16,26|26,6|
#setting_targetting_pos=-1,-1|-1,-1|-1,-1|-1,-1|-1,-1|-1,-1|-1,-1|
#type=4,4,4,4,4,4,4,
.......
#1111111111111111
#assigned_pet=-1,-1,-1,-1,-1,-1,-1,
#assigned_hub=8,7,3,0,4,5,6,
#moving_targetting_pos=26,26|26,16|16,6|6,6|16,16|16,26|26,6|
#setting_targetting_pos=-1,-1|-1,-1|-1,-1|-1,-1|-1,-1|-1,-1|-1,-1|
#type=4,4,4,4,4,4,4,
.......
#1111111111111111
#assigned_pet=-1,-1,-1,-1,-1,-1,-1,
#assigned_hub=8,7,3,0,4,5,6,
#moving_targetting_pos=26,26|26,16|16,6|6,6|16,16|16,26|26,6|
#setting_targetting_pos=-1,-1|-1,-1|-1,-1|-1,-1|-1,-1|-1,-1|-1,-1|
#type=4,4,4,4,4,4,4,
.......
#1111111111111111
#assigned_pet=-1,-1,-1,-1,-1,-1,-1,
#assigned_hub=8,7,3,0,4,5,6,
#moving_targetting_pos=26,26|26,16|16,6|6,6|16,16|16,26|26,6|
#setting_targetting_pos=-1,-1|-1,-1|-1,-1|-1,-1|-1,-1|-1,-1|-1,-1|
#type=4,4,4,4,4,4,4,
.......
#1111111111111111
#assigned_pet=-1,-1,-1,-1,-1,-1,-1,
#assigned_hub=8,7,3,0,4,5,6,
#moving_targetting_pos=26,26|26,16|16,6|6,6|16,16|16,26|26,6|
#setting_targetting_pos=-1,-1|-1,-1|-1,-1|-1,-1|-1,-1|-1,-1|-1,-1|
#type=4,4,4,4,4,4,4,
.......
#1111111111111111
#assigned_pet=-1,-1,-1,-1,-1,-1,-1,
#assigned_hub=8,7,3,0,4,5,6,
#moving_targetting_pos=26,26|26,16|16,6|6,6|16,16|16,26|26,6|
#setting_targetting_pos=-1,-1|-1,-1|-1,-1|-1,-1|-1,-1|-1,-1|-1,-1|
#type=4,4,4,4,4,4,4,
.......
#1111111111111111
#assigned_pet=-1,-1,-1,-1,-1,-1,-1,
#assigned_hub=8,7,3,0,4,5,6,
#moving_targetting_pos=26,26|26,16|16,6|6,6|16,16|16,26|26,6|
#setting_targetting_pos=-1,-1|-1,-1|-1,-1|-1,-1|-1,-1|-1,-1|-1,-1|
#type=4,4,4,4,4,4,4,
.......
#1111111111111111
#assigned_pet=-1,-1,-1,-1,-1,-1,-1,
#assigned_hub=8,7,3,0,4,5,6,
#moving_targetting_pos=26,26|26,16|16,6|6,6|16,16|16,26|26,6|
#setting_targetting_pos=-1,-1|-1,-1|-1,-1|-1,-1|-1,-1|-1,-1|-1,-1|
#type=4,4,4,4,4,4,4,
.......
#1111111111111111
#assigned_pet=-1,-1,-1,-1,-1,-1,-1,
#assigned_hub=8,7,3,0,4,5,6,
#moving_targetting_pos=26,26|26,16|16,6|6,6|16,16|16,26|26,6|
#setting_targetting_pos=-1,-1|-1,-1|-1,-1|-1,-1|-1,-1|-1,-1|-1,-1|
#type=4,4,4,4,4,4,4,
.......
#1111111111111111
#assigned_pet=-1,-1,-1,-1,-1,-1,-1,
#assigned_hub=8,7,3,0,4,5,6,
#moving_targetting_pos=26,26|26,16|16,6|6,6|16,16|16,26|26,6|
#setting_targetting_pos=-1,-1|-1,-1|-1,-1|-1,-1|-1,-1|-1,-1|-1,-1|
#type=4,4,4,4,4,4,4,
.......
#1111111111111111
#assigned_pet=-1,-1,-1,-1,-1,-1,-1,
#assigned_hub=8,7,3,0,4,5,6,
#moving_targetting_pos=26,26|26,16|16,6|6,6|16,16|16,26|26,6|
#setting_targetting_pos=-1,-1|-1,-1|-1,-1|-1,-1|-1,-1|-1,-1|-1,-1|
#type=4,4,4,4,4,4,4,
.......
#1111111111111111
#assigned_pet=-1,-1,-1,-1,-1,-1,-1,
#assigned_hub=8,7,3,0,4,5,6,
#moving_targetting_pos=26,26|26,16|16,6|6,6|16,16|16,26|26,6|
#setting_targetting_pos=-1,-1|-1,-1|-1,-1|-1,-1|-1,-1|-1,-1|-1,-1|
#type=4,4,4,4,4,4,4,
.......
#1111111111111111
#assigned_pet=-1,-1,-1,-1,-1,-1,-1,
#assigned_hub=8,7,3,0,4,5,6,
#moving_targetting_pos=26,26|26,16|16,6|6,6|16,16|16,26|26,6|
#setting_targetting_pos=-1,-1|-1,-1|-1,-1|-1,-1|-1,-1|-1,-1|-1,-1|
#type=4,4,4,4,4,4,4,
.......
#1111111111111111
#assigned_pet=-1,-1,-1,-1,-1,-1,-1,
#assigned_hub=8,7,3,0,4,5,6,
#moving_targetting_pos=26,26|26,16|16,6|6,6|16,16|16,26|26,6|
#setting_targetting_pos=-1,-1|-1,-1|-1,-1|-1,-1|-1,-1|-1,-1|-1,-1|
#type=4,4,4,4,4,4,4,
.......
#1111111111111111
#assigned_pet=-1,-1,-1,-1,-1,-1,-1,
#assigned_hub=8,7,3,0,4,5,6,
#moving_targetting_pos=26,26|26,16|16,6|6,6|16,16|16,26|26,6|
#setting_targetting_pos=-1,-1|-1,-1|-1,-1|-1,-1|-1,-1|-1,-1|-1,-1|
#type=4,4,4,4,4,4,4,
.......
#1111111111111111
#assigned_pet=-1,-1,-1,-1,-1,-1,-1,
#assigned_hub=8,7,3,0,4,5,6,
#moving_targetting_pos=26,26|26,16|16,6|6,6|16,16|16,26|26,6|
#setting_targetting_pos=-1,-1|-1,-1|-1,-1|-1,-1|-1,-1|-1,-1|-1,-1|
#type=4,4,4,4,4,4,4,
.......
#1111111111111111
#assigned_pet=-1,-1,-1,-1,-1,-1,-1,
#assigned_hub=8,7,3,0,4,5,6,
#moving_targetting_pos=26,26|26,16|16,6|6,6|16,16|16,26|26,6|
#setting_targetting_pos=-1,-1|-1,-1|-1,-1|-1,-1|-1,-1|-1,-1|-1,-1|
#type=4,4,4,4,4,4,4,
.......
#1111111111111111
#assigned_pet=-1,-1,-1,-1,-1,-1,-1,
#assigned_hub=8,7,3,0,4,5,6,
#moving_targetting_pos=26,26|26,16|16,6|6,6|16,16|16,26|26,6|
#setting_targetting_pos=-1,-1|-1,-1|-1,-1|-1,-1|-1,-1|-1,-1|-1,-1|
#type=4,4,4,4,4,4,4,
.......
#1111111111111111
#assigned_pet=-1,-1,-1,-1,-1,-1,-1,
#assigned_hub=8,7,3,0,4,5,6,
#moving_targetting_pos=26,26|26,16|16,6|6,6|16,16|16,26|26,6|
#setting_targetting_pos=-1,-1|-1,-1|-1,-1|-1,-1|-1,-1|-1,-1|-1,-1|
#type=4,4,4,4,4,4,4,
.......
#1111111111111111
#assigned_pet=-1,-1,-1,-1,-1,-1,-1,
#assigned_hub=8,7,3,0,4,5,6,
#moving_targetting_pos=26,26|26,16|16,6|6,6|16,16|16,26|26,6|
#setting_targetting_pos=-1,-1|-1,-1|-1,-1|-1,-1|-1,-1|-1,-1|-1,-1|
#type=4,4,4,4,4,4,4,
.......
#1111111111111111
#assigned_pet=-1,-1,-1,-1,-1,-1,-1,
#assigned_hub=8,7,3,0,4,5,6,
#moving_targetting_pos=26,26|26,16|16,6|6,6|16,16|16,26|26,6|
#setting_targetting_pos=-1,-1|-1,-1|-1,-1|-1,-1|-1,-1|-1,-1|-1,-1|
#type=4,4,4,4,4,4,4,
.......
#1111111111111111
#assigned_pet=-1,-1,-1,-1,-1,-1,-1,
#assigned_hub=8,7,3,0,4,5,6,
#moving_targetting_pos=26,26|26,16|16,6|6,6|16,16|16,26|26,6|
#setting_targetting_pos=-1,-1|-1,-1|-1,-1|-1,-1|-1,-1|-1,-1|-1,-1|
#type=4,4,4,4,4,4,4,
.......
#1111111111111111
#assigned_pet=-1,-1,-1,-1,-1,-1,-1,
#assigned_hub=8,7,3,0,4,5,6,
#moving_targetting_pos=26,26|26,16|16,6|6,6|16,16|16,26|26,6|
#setting_targetting_pos=-1,-1|-1,-1|-1,-1|-1,-1|-1,-1|-1,-1|-1,-1|
#type=4,4,4,4,4,4,4,
.......
#1111111111111111
#assigned_pet=-1,-1,-1,-1,-1,-1,-1,
#assigned_hub=8,7,3,0,4,5,6,
#moving_targetting_pos=26,26|26,16|16,6|6,6|16,16|16,26|26,6|
#setting_targetting_pos=-1,-1|-1,-1|-1,-1|-1,-1|-1,-1|-1,-1|-1,-1|
#type=4,4,4,4,4,4,4,
.......
#1111111111111111
#assigned_pet=-1,-1,-1,-1,-1,-1,-1,
#assigned_hub=8,7,3,0,4,5,6,
#moving_targetting_pos=26,26|26,16|16,6|6,6|16,16|16,26|26,6|
#setting_targetting_pos=-1,-1|-1,-1|-1,-1|-1,-1|-1,-1|-1,-1|-1,-1|
#type=4,4,4,4,4,4,4,
.......
#1111111111111111
#assigned_pet=-1,-1,-1,-1,-1,-1,-1,
#assigned_hub=8,7,3,0,4,5,6,
#moving_targetting_pos=26,26|26,16|16,6|6,6|16,16|16,26|26,6|
#setting_targetting_pos=-1,-1|-1,-1|-1,-1|-1,-1|-1,-1|-1,-1|-1,-1|
#type=4,4,4,4,4,4,4,
.......
#1111111111111111
#assigned_pet=-1,-1,-1,-1,-1,-1,-1,
#assigned_hub=8,7,3,0,4,5,6,
#moving_targetting_pos=26,26|26,16|16,6|6,6|16,16|16,26|26,6|
#setting_targetting_pos=-1,-1|-1,-1|-1,-1|-1,-1|-1,-1|-1,-1|-1,-1|
#type=4,4,4,4,4,4,4,
.......
#1111111111111111
#assigned_pet=-1,-1,-1,-1,-1,-1,-1,
#assigned_hub=8,7,3,0,4,5,6,
#moving_targetting_pos=26,26|26,16|16,6|6,6|16,16|16,26|26,6|
#setting_targetting_pos=-1,-1|-1,-1|-1,-1|-1,-1|-1,-1|-1,-1|-1,-1|
#type=4,4,4,4,4,4,4,
.......
#1111111111111111
#assigned_pet=-1,-1,-1,-1,-1,-1,-1,
#assigned_hub=8,7,3,0,4,5,6,
#moving_targetting_pos=26,26|26,16|16,6|6,6|16,16|16,26|26,6|
#setting_targetting_pos=-1,-1|-1,-1|-1,-1|-1,-1|-1,-1|-1,-1|-1,-1|
#type=4,4,4,4,4,4,4,
.......
#1111111111111111
#assigned_pet=-1,-1,-1,-1,-1,-1,-1,
#assigned_hub=8,7,3,0,4,5,6,
#moving_targetting_pos=26,26|26,16|16,6|6,6|16,16|16,26|26,6|
#setting_targetting_pos=-1,-1|-1,-1|-1,-1|-1,-1|-1,-1|-1,-1|-1,-1|
#type=4,4,4,4,4,4,4,
.......
#1111111111111111
#assigned_pet=-1,-1,-1,-1,-1,-1,-1,
#assigned_hub=8,7,3,0,4,5,6,
#moving_targetting_pos=26,26|26,16|16,6|6,6|16,16|16,26|26,6|
#setting_targetting_pos=-1,-1|-1,-1|-1,-1|-1,-1|-1,-1|-1,-1|-1,-1|
#type=4,4,4,4,4,4,4,
.......
#1111111111111111
#assigned_pet=-1,-1,-1,-1,-1,-1,-1,
#assigned_hub=8,7,3,0,4,5,6,
#moving_targetting_pos=26,26|26,16|16,6|6,6|16,16|16,26|26,6|
#setting_targetting_pos=-1,-1|-1,-1|-1,-1|-1,-1|-1,-1|-1,-1|-1,-1|
#type=4,4,4,4,4,4,4,
.......
#1111111111111111
#assigned_pet=-1,-1,-1,-1,-1,-1,-1,
#assigned_hub=8,7,3,0,4,5,6,
#moving_targetting_pos=26,26|26,16|16,6|6,6|16,16|16,26|26,6|
#setting_targetting_pos=-1,-1|-1,-1|-1,-1|-1,-1|-1,-1|-1,-1|-1,-1|
#type=4,4,4,4,4,4,4,
.......
#1111111111111111
#assigned_pet=-1,-1,-1,-1,-1,-1,-1,
#assigned_hub=8,7,3,0,4,5,6,
#moving_targetting_pos=26,26|26,16|16,6|6,6|16,16|16,26|26,6|
#setting_targetting_pos=-1,-1|-1,-1|-1,-1|-1,-1|-1,-1|-1,-1|-1,-1|
#type=4,4,4,4,4,4,4,
.......
#1111111111111111
#assigned_pet=-1,-1,-1,-1,-1,-1,-1,
#assigned_hub=8,7,3,0,4,5,6,
#moving_targetting_pos=26,26|26,16|16,6|6,6|16,16|16,26|26,6|
#setting_targetting_pos=-1,-1|-1,-1|-1,-1|-1,-1|-1,-1|-1,-1|-1,-1|
#type=4,4,4,4,4,4,4,
.......
#1111111111111111
#assigned_pet=-1,-1,-1,-1,-1,-1,-1,
#assigned_hub=8,7,3,0,4,5,6,
#moving_targetting_pos=26,26|26,16|16,6|6,6|16,16|16,26|26,6|
#setting_targetting_pos=-1,-1|-1,-1|-1,-1|-1,-1|-1,-1|-1,-1|-1,-1|
#type=4,4,4,4,4,4,4,
.......
#1111111111111111
#assigned_pet=-1,-1,-1,-1,-1,-1,-1,
#assigned_hub=8,7,3,0,4,5,6,
#moving_targetting_pos=26,26|26,16|16,6|6,6|16,16|16,26|26,6|
#setting_targetting_pos=-1,-1|-1,-1|-1,-1|-1,-1|-1,-1|-1,-1|-1,-1|
#type=4,4,4,4,4,4,4,
.......
#1111111111111111
#assigned_pet=-1,-1,-1,-1,-1,-1,-1,
#assigned_hub=8,7,3,0,4,5,6,
#moving_targetting_pos=26,26|26,16|16,6|6,6|16,16|16,26|26,6|
#setting_targetting_pos=-1,-1|-1,-1|-1,-1|-1,-1|-1,-1|-1,-1|-1,-1|
#type=4,4,4,4,4,4,4,
.......
#1111111111111111
#assigned_pet=-1,-1,-1,-1,-1,-1,-1,
#assigned_hub=8,7,3,0,4,5,6,
#moving_targetting_pos=26,26|26,16|16,6|6,6|16,16|16,26|26,6|
#setting_targetting_pos=-1,-1|-1,-1|-1,-1|-1,-1|-1,-1|-1,-1|-1,-1|
#type=4,4,4,4,4,4,4,
.......
#1111111111111111
#assigned_pet=-1,-1,-1,-1,-1,-1,-1,
#assigned_hub=8,7,3,0,4,5,6,
#moving_targetting_pos=26,26|26,16|16,6|6,6|16,16|16,26|26,6|
#setting_targetting_pos=-1,-1|-1,-1|-1,-1|-1,-1|-1,-1|-1,-1|-1,-1|
#type=4,4,4,4,4,4,4,
.......
#1111111111111111
#assigned_pet=-1,-1,-1,-1,-1,-1,-1,
#assigned_hub=8,7,3,0,4,5,6,
#moving_targetting_pos=26,26|26,16|16,6|6,6|16,16|16,26|26,6|
#setting_targetting_pos=-1,-1|-1,-1|-1,-1|-1,-1|-1,-1|-1,-1|-1,-1|
#type=4,4,4,4,4,4,4,
.......
#1111111111111111
#assigned_pet=-1,-1,-1,-1,-1,-1,-1,
#assigned_hub=8,7,3,0,4,5,6,
#moving_targetting_pos=26,26|26,16|16,6|6,6|16,16|16,26|26,6|
#setting_targetting_pos=-1,-1|-1,-1|-1,-1|-1,-1|-1,-1|-1,-1|-1,-1|
#type=4,4,4,4,4,4,4,
.......
#1111111111111111
#assigned_pet=-1,-1,-1,-1,-1,-1,-1,
#assigned_hub=8,7,3,0,4,5,6,
#moving_targetting_pos=26,26|26,16|16,6|6,6|16,16|16,26|26,6|
#setting_targetting_pos=-1,-1|-1,-1|-1,-1|-1,-1|-1,-1|-1,-1|-1,-1|
#type=4,4,4,4,4,4,4,
.......
#1111111111111111
#assigned_pet=-1,-1,-1,-1,-1,-1,-1,
#assigned_hub=8,7,3,0,4,5,6,
#moving_targetting_pos=26,26|26,16|16,6|6,6|16,16|16,26|26,6|
#setting_targetting_pos=-1,-1|-1,-1|-1,-1|-1,-1|-1,-1|-1,-1|-1,-1|
#type=4,4,4,4,4,4,4,
.......
#1111111111111111
#assigned_pet=-1,-1,-1,-1,-1,-1,-1,
#assigned_hub=8,7,3,0,4,5,6,
#moving_targetting_pos=26,26|26,16|16,6|6,6|16,16|16,26|26,6|
#setting_targetting_pos=-1,-1|-1,-1|-1,-1|-1,-1|-1,-1|-1,-1|-1,-1|
#type=4,4,4,4,4,4,4,
.......
#1111111111111111
#assigned_pet=-1,-1,-1,-1,-1,-1,-1,
#assigned_hub=8,7,3,0,4,5,6,
#moving_targetting_pos=26,26|26,16|16,6|6,6|16,16|16,26|26,6|
#setting_targetting_pos=-1,-1|-1,-1|-1,-1|-1,-1|-1,-1|-1,-1|-1,-1|
#type=4,4,4,4,4,4,4,
.......
#1111111111111111
#assigned_pet=-1,-1,-1,-1,-1,-1,-1,
#assigned_hub=8,7,3,0,4,5,6,
#moving_targetting_pos=26,26|26,16|16,6|6,6|16,16|16,26|26,6|
#setting_targetting_pos=-1,-1|-1,-1|-1,-1|-1,-1|-1,-1|-1,-1|-1,-1|
#type=4,4,4,4,4,4,4,
.......
#1111111111111111
#assigned_pet=-1,-1,-1,-1,-1,-1,-1,
#assigned_hub=8,7,3,0,4,5,6,
#moving_targetting_pos=26,26|26,16|16,6|6,6|16,16|16,26|26,6|
#setting_targetting_pos=-1,-1|-1,-1|-1,-1|-1,-1|-1,-1|-1,-1|-1,-1|
#type=4,4,4,4,4,4,4,
.......
#1111111111111111
#assigned_pet=-1,-1,-1,-1,-1,-1,-1,
#assigned_hub=8,7,3,0,4,5,6,
#moving_targetting_pos=26,26|26,16|16,6|6,6|16,16|16,26|26,6|
#setting_targetting_pos=-1,-1|-1,-1|-1,-1|-1,-1|-1,-1|-1,-1|-1,-1|
#type=4,4,4,4,4,4,4,
.......
#1111111111111111
#assigned_pet=-1,-1,-1,-1,-1,-1,-1,
#assigned_hub=8,7,3,0,4,5,6,
#moving_targetting_pos=26,26|26,16|16,6|6,6|16,16|16,26|26,6|
#setting_targetting_pos=-1,-1|-1,-1|-1,-1|-1,-1|-1,-1|-1,-1|-1,-1|
#type=4,4,4,4,4,4,4,
.......
#1111111111111111
#assigned_pet=-1,-1,-1,-1,-1,-1,-1,
#assigned_hub=8,7,3,0,4,5,6,
#moving_targetting_pos=26,26|26,16|16,6|6,6|16,16|16,26|26,6|
#setting_targetting_pos=-1,-1|-1,-1|-1,-1|-1,-1|-1,-1|-1,-1|-1,-1|
#type=4,4,4,4,4,4,4,
.......
#1111111111111111
#assigned_pet=-1,-1,-1,-1,-1,-1,-1,
#assigned_hub=8,7,3,0,4,5,6,
#moving_targetting_pos=26,26|26,16|16,6|6,6|16,16|16,26|26,6|
#setting_targetting_pos=-1,-1|-1,-1|-1,-1|-1,-1|-1,-1|-1,-1|-1,-1|
#type=4,4,4,4,4,4,4,
.......
#1111111111111111
#assigned_pet=-1,-1,-1,-1,-1,-1,-1,
#assigned_hub=8,7,3,0,4,5,6,
#moving_targetting_pos=26,26|26,16|16,6|6,6|16,16|16,26|26,6|
#setting_targetting_pos=-1,-1|-1,-1|-1,-1|-1,-1|-1,-1|-1,-1|-1,-1|
#type=4,4,4,4,4,4,4,
.......
#1111111111111111
#assigned_pet=-1,-1,-1,-1,-1,-1,-1,
#assigned_hub=8,7,3,0,4,5,6,
#moving_targetting_pos=26,26|26,16|16,6|6,6|16,16|16,26|26,6|
#setting_targetting_pos=-1,-1|-1,-1|-1,-1|-1,-1|-1,-1|-1,-1|-1,-1|
#type=4,4,4,4,4,4,4,
.......
#1111111111111111
#assigned_pet=-1,-1,-1,-1,-1,-1,-1,
#assigned_hub=8,7,3,0,4,5,6,
#moving_targetting_pos=26,26|26,16|16,6|6,6|16,16|16,26|26,6|
#setting_targetting_pos=-1,-1|-1,-1|-1,-1|-1,-1|-1,-1|-1,-1|-1,-1|
#type=4,4,4,4,4,4,4,
.......
#1111111111111111
#assigned_pet=-1,-1,-1,-1,-1,-1,-1,
#assigned_hub=8,7,3,0,4,5,6,
#moving_targetting_pos=26,26|26,16|16,6|6,6|16,16|16,26|26,6|
#setting_targetting_pos=-1,-1|-1,-1|-1,-1|-1,-1|-1,-1|-1,-1|-1,-1|
#type=4,4,4,4,4,4,4,
.......
#1111111111111111
#assigned_pet=-1,-1,-1,-1,-1,-1,-1,
#assigned_hub=8,7,3,0,4,5,6,
#moving_targetting_pos=26,26|26,16|16,6|6,6|16,16|16,26|26,6|
#setting_targetting_pos=-1,-1|-1,-1|-1,-1|-1,-1|-1,-1|-1,-1|-1,-1|
#type=4,4,4,4,4,4,4,
.......
#1111111111111111
#assigned_pet=-1,-1,-1,-1,-1,-1,-1,
#assigned_hub=8,7,3,0,4,5,6,
#moving_targetting_pos=26,26|26,16|16,6|6,6|16,16|16,26|26,6|
#setting_targetting_pos=-1,-1|-1,-1|-1,-1|-1,-1|-1,-1|-1,-1|-1,-1|
#type=4,4,4,4,4,4,4,
.......
#1111111111111111
#assigned_pet=-1,-1,-1,-1,-1,-1,-1,
#assigned_hub=8,7,3,0,4,5,6,
#moving_targetting_pos=26,26|26,16|16,6|6,6|16,16|16,26|26,6|
#setting_targetting_pos=-1,-1|-1,-1|-1,-1|-1,-1|-1,-1|-1,-1|-1,-1|
#type=4,4,4,4,4,4,4,
.......
#1111111111111111
#assigned_pet=-1,-1,-1,-1,-1,-1,-1,
#assigned_hub=8,7,3,0,4,5,6,
#moving_targetting_pos=26,26|26,16|16,6|6,6|16,16|16,26|26,6|
#setting_targetting_pos=-1,-1|-1,-1|-1,-1|-1,-1|-1,-1|-1,-1|-1,-1|
#type=4,4,4,4,4,4,4,
.......
#1111111111111111
#assigned_pet=-1,-1,-1,-1,-1,-1,-1,
#assigned_hub=8,7,3,0,4,5,6,
#moving_targetting_pos=26,26|26,16|16,6|6,6|16,16|16,26|26,6|
#setting_targetting_pos=-1,-1|-1,-1|-1,-1|-1,-1|-1,-1|-1,-1|-1,-1|
#type=4,4,4,4,4,4,4,
.......
#1111111111111111
#assigned_pet=-1,-1,-1,-1,-1,-1,-1,
#assigned_hub=8,7,3,0,4,5,6,
#moving_targetting_pos=26,26|26,16|16,6|6,6|16,16|16,26|26,6|
#setting_targetting_pos=-1,-1|-1,-1|-1,-1|-1,-1|-1,-1|-1,-1|-1,-1|
#type=4,4,4,4,4,4,4,
.......
#1111111111111111
#assigned_pet=-1,-1,-1,-1,-1,-1,-1,
#assigned_hub=8,7,3,0,4,5,6,
#moving_targetting_pos=26,26|26,16|16,6|6,6|16,16|16,26|26,6|
#setting_targetting_pos=-1,-1|-1,-1|-1,-1|-1,-1|-1,-1|-1,-1|-1,-1|
#type=4,4,4,4,4,4,4,
.......
#1111111111111111
#assigned_pet=-1,-1,-1,-1,-1,-1,-1,
#assigned_hub=8,7,3,0,4,5,6,
#moving_targetting_pos=26,26|26,16|16,6|6,6|16,16|16,26|26,6|
#setting_targetting_pos=-1,-1|-1,-1|-1,-1|-1,-1|-1,-1|-1,-1|-1,-1|
#type=4,4,4,4,4,4,4,
.......
#1111111111111111
#assigned_pet=-1,-1,-1,-1,-1,-1,-1,
#assigned_hub=8,7,3,0,4,5,6,
#moving_targetting_pos=26,26|26,16|16,6|6,6|16,16|16,26|26,6|
#setting_targetting_pos=-1,-1|-1,-1|-1,-1|-1,-1|-1,-1|-1,-1|-1,-1|
#type=4,4,4,4,4,4,4,
.......
#1111111111111111
#assigned_pet=-1,-1,-1,-1,-1,-1,-1,
#assigned_hub=8,7,3,0,4,5,6,
#moving_targetting_pos=26,26|26,16|16,6|6,6|16,16|16,26|26,6|
#setting_targetting_pos=-1,-1|-1,-1|-1,-1|-1,-1|-1,-1|-1,-1|-1,-1|
#type=4,4,4,4,4,4,4,
.......
#1111111111111111
#assigned_pet=-1,-1,-1,-1,-1,-1,-1,
#assigned_hub=8,7,3,0,4,5,6,
#moving_targetting_pos=26,26|26,16|16,6|6,6|16,16|16,26|26,6|
#setting_targetting_pos=-1,-1|-1,-1|-1,-1|-1,-1|-1,-1|-1,-1|-1,-1|
#type=4,4,4,4,4,4,4,
.......
#1111111111111111
#assigned_pet=-1,-1,-1,-1,-1,-1,-1,
#assigned_hub=8,7,3,0,4,5,6,
#moving_targetting_pos=26,26|26,16|16,6|6,6|16,16|16,26|26,6|
#setting_targetting_pos=-1,-1|-1,-1|-1,-1|-1,-1|-1,-1|-1,-1|-1,-1|
#type=4,4,4,4,4,4,4,
.......
#1111111111111111
#assigned_pet=-1,-1,-1,-1,-1,-1,-1,
#assigned_hub=8,7,3,0,4,5,6,
#moving_targetting_pos=26,26|26,16|16,6|6,6|16,16|16,26|26,6|
#setting_targetting_pos=-1,-1|-1,-1|-1,-1|-1,-1|-1,-1|-1,-1|-1,-1|
#type=4,4,4,4,4,4,4,
.......
#1111111111111111
#assigned_pet=-1,-1,-1,-1,-1,-1,-1,
#assigned_hub=8,7,3,0,4,5,6,
#moving_targetting_pos=26,26|26,16|16,6|6,6|16,16|16,26|26,6|
#setting_targetting_pos=-1,-1|-1,-1|-1,-1|-1,-1|-1,-1|-1,-1|-1,-1|
#type=4,4,4,4,4,4,4,
.......
