#0000000000000000000
#assigned_pet=-1,-1,-1,-1,-1,-1,-1,
#assigned_hub=-1,-1,-1,-1,-1,-1,-1,
#moving_targetting_pos=9,2|15,1|29,2|22,29|12,29|25,1|5,1|
#setting_targetting_pos=9,30|15,30|29,30|22,1|12,1|25,30|5,30|
#type=1,1,1,1,1,1,1,
LLLRRLL
#0000000000000000000
#assigned_pet=-1,-1,-1,-1,-1,-1,-1,
#assigned_hub=-1,-1,-1,-1,-1,-1,-1,
#moving_targetting_pos=9,2|15,1|29,2|22,29|12,29|25,1|5,1|
#setting_targetting_pos=9,30|15,30|29,30|22,1|12,1|25,30|5,30|
#type=1,1,1,1,1,1,1,
LLLRRLL
#0000000000000000000
#assigned_pet=-1,-1,-1,-1,-1,-1,-1,
#assigned_hub=-1,-1,-1,-1,-1,-1,-1,
#moving_targetting_pos=9,2|15,1|29,2|22,29|12,29|25,1|5,1|
#setting_targetting_pos=9,30|15,30|29,30|22,1|12,1|25,30|5,30|
#type=1,1,1,1,1,1,1,
LLLRRLL
#0000000000000000000
#assigned_pet=-1,-1,-1,-1,-1,-1,-1,
#assigned_hub=-1,-1,-1,-1,-1,-1,-1,
#moving_targetting_pos=9,2|15,1|29,2|22,29|12,29|25,1|5,1|
#setting_targetting_pos=9,30|15,30|29,30|22,1|12,1|25,30|5,30|
#type=1,1,1,1,1,1,1,
LLLRRLL
#0000000000000000000
#assigned_pet=-1,-1,-1,-1,-1,-1,-1,
#assigned_hub=-1,-1,-1,-1,-1,-1,-1,
#moving_targetting_pos=9,2|15,1|29,2|22,29|12,29|25,1|5,1|
#setting_targetting_pos=9,30|15,30|29,30|22,1|12,1|25,30|5,30|
#type=1,1,1,1,1,1,1,
LLLRRLL
#0000000000000000000
#assigned_pet=-1,-1,-1,-1,-1,-1,-1,
#assigned_hub=-1,-1,-1,-1,-1,-1,-1,
#moving_targetting_pos=9,2|15,1|29,2|22,29|12,29|25,1|5,1|
#setting_targetting_pos=9,30|15,30|29,30|22,1|12,1|25,30|5,30|
#type=1,1,1,1,1,1,1,
LLLDRLL
#0000000000000000000
#assigned_pet=-1,-1,-1,-1,-1,-1,-1,
#assigned_hub=-1,-1,-1,-1,-1,-1,-1,
#moving_targetting_pos=9,2|15,1|29,2|22,29|12,29|25,1|5,1|
#setting_targetting_pos=9,30|15,30|29,30|22,1|12,1|25,30|5,30|
#type=1,2,1,2,1,1,1,
LdLrRLL
#0000000000000000000
#assigned_pet=-1,-1,-1,-1,-1,-1,-1,
#assigned_hub=-1,-1,-1,-1,-1,-1,-1,
#moving_targetting_pos=9,2|15,1|29,2|22,29|12,29|25,1|5,1|
#setting_targetting_pos=9,30|15,30|29,30|22,1|12,1|25,30|5,30|
#type=1,2,1,2,1,1,1,
LRLdRLU
#0000000000000000000
#assigned_pet=-1,-1,-1,-1,-1,-1,-1,
#assigned_hub=-1,-1,-1,-1,-1,-1,-1,
#moving_targetting_pos=9,2|15,1|29,2|22,29|12,29|25,1|5,1|
#setting_targetting_pos=9,30|15,30|29,30|22,1|12,1|25,30|5,30|
#type=1,2,1,2,1,1,1,
LdLLRLU
#0000000000000000000
#assigned_pet=-1,-1,-1,-1,-1,-1,-1,
#assigned_hub=-1,-1,-1,-1,-1,-1,-1,
#moving_targetting_pos=9,2|15,1|29,2|22,29|12,29|25,1|5,1|
#setting_targetting_pos=9,30|15,30|29,30|22,1|12,1|25,30|5,30|
#type=1,2,1,2,1,1,1,
LRLLRLU
#0000000000000000000
#assigned_pet=-1,-1,-1,-1,-1,-1,-1,
#assigned_hub=-1,-1,-1,-1,-1,-1,-1,
#moving_targetting_pos=9,2|15,1|29,2|22,29|12,29|25,1|5,1|
#setting_targetting_pos=9,30|15,30|29,30|22,1|12,1|25,30|5,30|
#type=1,2,1,2,1,1,1,
L.LLRLU
#0000000000000000000
#assigned_pet=-1,-1,-1,-1,-1,-1,-1,
#assigned_hub=-1,-1,-1,-1,-1,-1,-1,
#moving_targetting_pos=9,2|15,1|29,2|22,29|12,29|25,1|5,1|
#setting_targetting_pos=9,30|15,30|29,30|22,1|12,1|25,30|5,30|
#type=1,2,1,2,1,1,1,
LdLdDUU
#0000000000000000000
#assigned_pet=-1,-1,-1,-1,-1,-1,-1,
#assigned_hub=-1,-1,-1,-1,-1,-1,-1,
#moving_targetting_pos=9,2|15,1|29,2|22,29|12,29|25,1|5,1|
#setting_targetting_pos=9,30|15,30|29,30|22,1|12,1|25,30|5,30|
#type=1,2,1,2,2,1,2,
DRLurUd
#0000000000000000000
#assigned_pet=-1,-1,-1,-1,-1,-1,-1,
#assigned_hub=-1,-1,-1,-1,-1,-1,-1,
#moving_targetting_pos=9,2|15,1|29,2|22,29|12,29|25,1|5,1|
#setting_targetting_pos=9,30|15,30|29,30|22,1|12,1|25,30|5,30|
#type=1,2,1,2,2,2,2,
DuULddR
#0000000000000000000
#assigned_pet=-1,-1,-1,-1,-1,-1,-1,
#assigned_hub=-1,-1,-1,-1,-1,-1,-1,
#moving_targetting_pos=9,2|15,1|29,2|22,29|12,29|25,1|5,1|
#setting_targetting_pos=9,30|15,30|29,30|22,1|12,1|25,30|5,30|
#type=2,2,2,2,2,2,2,
dRdrLRd
#0000000000000000000
#assigned_pet=-1,-1,-1,-1,-1,-1,-1,
#assigned_hub=-1,-1,-1,-1,-1,-1,-1,
#moving_targetting_pos=9,2|15,1|29,2|22,29|12,29|25,1|5,1|
#setting_targetting_pos=9,30|15,30|29,30|22,1|12,1|25,30|5,30|
#type=2,2,2,2,2,2,2,
RRRLLdR
#0000000000000000000
#assigned_pet=-1,-1,-1,-1,-1,-1,-1,
#assigned_hub=-1,-1,-1,-1,-1,-1,-1,
#moving_targetting_pos=9,2|15,1|29,2|22,29|12,29|25,1|5,1|
#setting_targetting_pos=9,30|15,30|29,30|22,1|12,1|25,30|5,30|
#type=2,2,2,2,2,2,2,
RRRLLRd
#0000000000000000000
#assigned_pet=-1,-1,-1,-1,-1,-1,-1,
#assigned_hub=-1,-1,-1,-1,-1,-1,-1,
#moving_targetting_pos=9,2|15,1|29,2|22,29|12,29|25,1|5,1|
#setting_targetting_pos=9,30|15,30|29,30|22,1|12,1|25,30|5,30|
#type=2,2,2,2,2,2,2,
lRldddR
#0000000000000000000
#assigned_pet=-1,-1,-1,-1,-1,-1,-1,
#assigned_hub=-1,-1,-1,-1,-1,-1,-1,
#moving_targetting_pos=9,2|15,1|29,2|22,29|12,29|25,1|5,1|
#setting_targetting_pos=9,30|15,30|29,30|22,1|12,1|25,30|5,30|
#type=2,2,2,2,2,2,2,
u.uLuRu
#0000000000000000000
#assigned_pet=-1,-1,-1,-1,-1,-1,-1,
#assigned_hub=-1,-1,-1,-1,-1,-1,-1,
#moving_targetting_pos=9,2|15,1|29,2|22,29|12,29|25,1|5,1|
#setting_targetting_pos=9,30|15,30|29,30|22,1|12,1|25,30|5,30|
#type=2,2,2,2,2,2,2,
RuRLLuR
#0000000000000000000
#assigned_pet=-1,-1,-1,-1,-1,-1,-1,
#assigned_hub=-1,-1,-1,-1,-1,-1,-1,
#moving_targetting_pos=9,2|15,1|29,2|22,29|12,29|25,1|5,1|
#setting_targetting_pos=9,30|15,30|29,30|22,1|12,1|25,30|5,30|
#type=2,2,2,2,2,2,2,
RRRrrRR
#0000000000000000000
#assigned_pet=-1,-1,-1,-1,-1,-1,-1,
#assigned_hub=-1,-1,-1,-1,-1,-1,-1,
#moving_targetting_pos=9,2|15,1|29,2|22,29|12,29|25,1|5,1|
#setting_targetting_pos=9,30|15,30|29,30|22,1|12,1|25,30|5,30|
#type=2,2,2,2,2,2,2,
d.duLRR
#0000000000000000000
#assigned_pet=-1,-1,-1,-1,-1,-1,-1,
#assigned_hub=-1,-1,-1,-1,-1,-1,-1,
#moving_targetting_pos=9,2|15,1|29,2|22,29|12,29|25,1|5,1|
#setting_targetting_pos=9,30|15,30|29,30|22,1|12,1|25,30|5,30|
#type=2,2,2,2,2,2,2,
RdRLLRR
#0000000000000000000
#assigned_pet=-1,-1,-1,-1,-1,-1,-1,
#assigned_hub=-1,-1,-1,-1,-1,-1,-1,
#moving_targetting_pos=9,2|15,1|29,2|22,29|12,29|25,1|5,1|
#setting_targetting_pos=9,30|15,30|29,30|22,1|12,1|25,30|5,30|
#type=2,2,2,2,2,2,2,
lRlLdRu
#0000000000000000000
#assigned_pet=-1,-1,-1,-1,-1,-1,-1,
#assigned_hub=-1,-1,-1,-1,-1,-1,-1,
#moving_targetting_pos=9,2|15,1|29,2|22,29|12,29|25,1|5,1|
#setting_targetting_pos=9,30|15,30|29,30|22,1|12,1|25,30|5,30|
#type=2,2,2,2,2,2,2,
RdRrL.R
#0000000000000000000
#assigned_pet=-1,-1,-1,-1,-1,-1,-1,
#assigned_hub=-1,-1,-1,-1,-1,-1,-1,
#moving_targetting_pos=9,2|15,1|29,2|22,29|12,29|25,1|5,1|
#setting_targetting_pos=9,30|15,30|29,30|22,1|12,1|25,30|5,30|
#type=2,2,2,2,2,2,2,
uRu.Lud
#0000000000000000000
#assigned_pet=-1,-1,-1,-1,-1,-1,-1,
#assigned_hub=-1,-1,-1,-1,-1,-1,-1,
#moving_targetting_pos=9,2|15,1|29,2|22,29|12,29|25,1|5,1|
#setting_targetting_pos=9,30|15,30|29,30|22,1|12,1|25,30|5,30|
#type=2,2,2,2,2,2,2,
RdR.rRR
#0000000000000000000
#assigned_pet=-1,-1,-1,-1,-1,-1,-1,
#assigned_hub=-1,-1,-1,-1,-1,-1,-1,
#moving_targetting_pos=9,2|15,1|29,2|22,29|12,29|25,1|5,1|
#setting_targetting_pos=9,30|15,30|29,30|22,1|12,1|25,30|5,30|
#type=2,2,2,2,2,2,2,
RRR.udd
#0000000000000000000
#assigned_pet=-1,-1,-1,-1,-1,-1,-1,
#assigned_hub=-1,-1,-1,-1,-1,-1,-1,
#moving_targetting_pos=9,2|15,1|29,2|22,29|12,29|25,1|5,1|
#setting_targetting_pos=9,30|15,30|29,30|22,1|12,1|25,30|5,30|
#type=2,2,2,2,2,2,2,
ldldLRR
#0000000000000000000
#assigned_pet=-1,-1,-1,-1,-1,-1,-1,
#assigned_hub=-1,-1,-1,-1,-1,-1,-1,
#moving_targetting_pos=9,2|15,1|29,2|22,29|12,29|25,1|5,1|
#setting_targetting_pos=9,30|15,30|29,30|22,1|12,1|25,30|5,30|
#type=2,2,2,2,2,2,2,
dR.LLdd
#0000000000000000000
#assigned_pet=-1,-1,-1,-1,-1,-1,-1,
#assigned_hub=-1,-1,-1,-1,-1,-1,-1,
#moving_targetting_pos=9,2|15,1|29,2|22,29|12,29|25,1|5,1|
#setting_targetting_pos=9,30|15,30|29,30|22,1|12,1|25,30|5,30|
#type=2,2,2,2,2,2,2,
Rd.LrRR
#0000000000000000000
#assigned_pet=-1,-1,-1,-1,-1,-1,-1,
#assigned_hub=-1,-1,-1,-1,-1,-1,-1,
#moving_targetting_pos=9,2|15,1|29,2|22,29|12,29|25,1|5,1|
#setting_targetting_pos=9,30|15,30|29,30|22,1|12,1|25,30|5,30|
#type=2,2,2,2,2,2,2,
RRdLdd.
#0000000000000000000
#assigned_pet=-1,-1,-1,-1,-1,-1,-1,
#assigned_hub=-1,-1,-1,-1,-1,-1,-1,
#moving_targetting_pos=9,2|15,1|29,2|22,29|12,29|25,1|5,1|
#setting_targetting_pos=9,30|15,30|29,30|22,1|12,1|25,30|5,30|
#type=2,2,2,2,2,2,2,
duRdLR.
#0000000000000000000
#assigned_pet=-1,-1,-1,-1,-1,-1,-1,
#assigned_hub=-1,-1,-1,-1,-1,-1,-1,
#moving_targetting_pos=9,2|15,1|29,2|22,29|12,29|25,1|5,1|
#setting_targetting_pos=9,30|15,30|29,30|22,1|12,1|25,30|5,30|
#type=2,2,2,2,2,2,2,
RRRuLdd
#0000000000000000000
#assigned_pet=-1,-1,-1,-1,-1,-1,-1,
#assigned_hub=-1,-1,-1,-1,-1,-1,-1,
#moving_targetting_pos=9,2|15,1|29,2|22,29|12,29|25,1|5,1|
#setting_targetting_pos=9,30|15,30|29,30|22,1|12,1|25,30|5,30|
#type=2,2,2,2,2,2,2,
RRdLLRR
#0000000000000000000
#assigned_pet=-1,-1,-1,-1,-1,-1,-1,
#assigned_hub=-1,-1,-1,-1,-1,-1,-1,
#moving_targetting_pos=9,2|15,1|29,2|22,29|12,29|25,1|5,1|
#setting_targetting_pos=9,30|15,30|29,30|22,1|12,1|25,30|5,30|
#type=2,2,2,2,2,2,2,
lRRrdd.
#0000000000000000000
#assigned_pet=-1,-1,-1,-1,-1,-1,-1,
#assigned_hub=-1,-1,-1,-1,-1,-1,-1,
#moving_targetting_pos=9,2|15,1|29,2|22,29|12,29|25,1|5,1|
#setting_targetting_pos=9,30|15,30|29,30|22,1|12,1|25,30|5,30|
#type=2,2,2,2,2,2,2,
uRRLuR.
#0000000000000000000
#assigned_pet=-1,-1,-1,-1,-1,-1,-1,
#assigned_hub=-1,-1,-1,-1,-1,-1,-1,
#moving_targetting_pos=9,2|15,1|29,2|22,29|12,29|25,1|5,1|
#setting_targetting_pos=9,30|15,30|29,30|22,1|12,1|25,30|5,30|
#type=2,2,2,2,2,2,2,
RulLLu.
#0000000000000000000
#assigned_pet=-1,-1,-1,-1,-1,-1,-1,
#assigned_hub=-1,-1,-1,-1,-1,-1,-1,
#moving_targetting_pos=9,2|15,1|29,2|22,29|12,29|25,1|5,1|
#setting_targetting_pos=9,30|15,30|29,30|22,1|12,1|25,30|5,30|
#type=2,2,2,2,2,2,2,
RRudrRd
#0000000000000000000
#assigned_pet=-1,-1,-1,-1,-1,-1,-1,
#assigned_hub=-1,-1,-1,-1,-1,-1,-1,
#moving_targetting_pos=9,2|15,1|29,2|22,29|12,29|25,1|5,1|
#setting_targetting_pos=9,30|15,30|29,30|22,1|12,1|25,30|5,30|
#type=2,2,2,2,2,2,2,
ddRLLRR
#0000000000000000000
#assigned_pet=-1,-1,-1,-1,-1,-1,-1,
#assigned_hub=-1,-1,-1,-1,-1,-1,-1,
#moving_targetting_pos=9,2|15,1|29,2|22,29|12,29|25,1|5,1|
#setting_targetting_pos=9,30|15,30|29,30|22,1|12,1|25,30|5,30|
#type=2,2,2,2,2,2,2,
RRRLLRu
#0000000000000000000
#assigned_pet=-1,-1,-1,-1,-1,-1,-1,
#assigned_hub=-1,-1,-1,-1,-1,-1,-1,
#moving_targetting_pos=9,2|15,1|29,2|22,29|12,29|25,1|5,1|
#setting_targetting_pos=9,30|15,30|29,30|22,1|12,1|25,30|5,30|
#type=2,2,2,2,2,2,2,
ld.rdRR
#0000000000000000000
#assigned_pet=-1,-1,-1,-1,-1,-1,-1,
#assigned_hub=-1,-1,-1,-1,-1,-1,-1,
#moving_targetting_pos=9,2|15,1|29,2|22,29|12,29|25,1|5,1|
#setting_targetting_pos=9,30|15,30|29,30|22,1|12,1|25,30|5,30|
#type=2,2,2,2,2,2,2,
RR..LuR
#0000000000000000000
#assigned_pet=-1,-1,-1,-1,-1,-1,-1,
#assigned_hub=-1,-1,-1,-1,-1,-1,-1,
#moving_targetting_pos=9,2|15,1|29,2|22,29|12,29|25,1|5,1|
#setting_targetting_pos=9,30|15,30|29,30|22,1|12,1|25,30|5,30|
#type=2,2,2,2,2,2,2,
ud.uLRR
#0000000000000000000
#assigned_pet=-1,-1,-1,-1,-1,-1,-1,
#assigned_hub=-1,-1,-1,-1,-1,-1,-1,
#moving_targetting_pos=9,2|15,1|29,2|22,29|12,29|25,1|5,1|
#setting_targetting_pos=9,30|15,30|29,30|22,1|12,1|25,30|5,30|
#type=2,2,2,2,2,2,2,
RRdLrdR
#0000000000000000000
#assigned_pet=-1,-1,-1,-1,-1,-1,-1,
#assigned_hub=-1,-1,-1,-1,-1,-1,-1,
#moving_targetting_pos=9,2|15,1|29,2|22,29|12,29|25,1|5,1|
#setting_targetting_pos=9,30|15,30|29,30|22,1|12,1|25,30|5,30|
#type=2,2,2,2,2,2,2,
RdRLuRu
#0000000000000000000
#assigned_pet=-1,-1,-1,-1,-1,-1,-1,
#assigned_hub=-1,-1,-1,-1,-1,-1,-1,
#moving_targetting_pos=9,2|15,1|29,2|22,29|12,29|25,1|5,1|
#setting_targetting_pos=9,30|15,30|29,30|22,1|12,1|25,30|5,30|
#type=2,2,2,2,2,2,2,
lR.rLdR
#0000000000000000000
#assigned_pet=-1,-1,-1,-1,-1,-1,-1,
#assigned_hub=-1,-1,-1,-1,-1,-1,-1,
#moving_targetting_pos=9,2|15,1|29,2|22,29|12,29|25,1|5,1|
#setting_targetting_pos=9,30|15,30|29,30|22,1|12,1|25,30|5,30|
#type=2,2,2,2,2,2,2,
ddldLRd
#0000000000000000000
#assigned_pet=-1,-1,-1,-1,-1,-1,-1,
#assigned_hub=-1,-1,-1,-1,-1,-1,-1,
#moving_targetting_pos=9,2|15,1|29,2|22,29|12,29|25,1|5,1|
#setting_targetting_pos=9,30|15,30|29,30|22,1|12,1|25,30|5,30|
#type=2,2,2,2,2,2,2,
RRRLrdR
#0000000000000000000
#assigned_pet=-1,-1,-1,-1,-1,-1,-1,
#assigned_hub=-1,-1,-1,-1,-1,-1,-1,
#moving_targetting_pos=9,2|15,1|29,2|22,29|12,29|25,1|5,1|
#setting_targetting_pos=9,30|15,30|29,30|22,1|12,1|25,30|5,30|
#type=2,2,2,2,2,2,2,
RuuLdR.
#0000000000000000000
#assigned_pet=-1,-1,-1,-1,-1,-1,-1,
#assigned_hub=-1,-1,-1,-1,-1,-1,-1,
#moving_targetting_pos=9,2|15,1|29,2|22,29|12,29|25,1|5,1|
#setting_targetting_pos=9,30|15,30|29,30|22,1|12,1|25,30|5,30|
#type=2,2,2,2,2,2,2,
dRRLLdd
#0000000000000000000
#assigned_pet=-1,-1,-1,-1,-1,-1,-1,
#assigned_hub=-1,-1,-1,-1,-1,-1,-1,
#moving_targetting_pos=9,2|15,1|29,2|22,29|12,29|25,1|5,1|
#setting_targetting_pos=9,30|15,30|29,30|22,1|12,1|25,30|5,30|
#type=2,2,2,2,2,2,2,
RRRdLRR
#0000000000000000000
#assigned_pet=-1,-1,-1,-1,-1,-1,-1,
#assigned_hub=-1,-1,-1,-1,-1,-1,-1,
#moving_targetting_pos=9,2|15,1|29,2|22,29|12,29|25,1|5,1|
#setting_targetting_pos=9,30|15,30|29,30|22,1|12,1|25,30|5,30|
#type=2,2,2,2,2,2,2,
RRduLdd
#0000000000000000000
#assigned_pet=-1,-1,-1,-1,-1,-1,-1,
#assigned_hub=-1,-1,-1,-1,-1,-1,-1,
#moving_targetting_pos=9,2|15,1|29,2|22,29|12,29|25,1|5,1|
#setting_targetting_pos=9,30|15,30|29,30|22,1|12,1|25,30|5,30|
#type=2,2,2,2,2,2,2,
lRlLuRR
#0000000000000000000
#assigned_pet=-1,-1,-1,-1,-1,-1,-1,
#assigned_hub=-1,-1,-1,-1,-1,-1,-1,
#moving_targetting_pos=9,2|15,1|29,2|22,29|12,29|25,1|5,1|
#setting_targetting_pos=9,30|15,30|29,30|22,1|12,1|25,30|5,30|
#type=2,2,2,2,2,2,2,
.uRr.ud
#0000000000000000000
#assigned_pet=-1,-1,-1,-1,-1,-1,-1,
#assigned_hub=-1,-1,-1,-1,-1,-1,-1,
#moving_targetting_pos=9,2|15,1|29,2|22,29|12,29|25,1|5,1|
#setting_targetting_pos=9,30|15,30|29,30|22,1|12,1|25,30|5,30|
#type=2,2,2,2,2,2,2,
uRRLdRR
#0000000000000000000
#assigned_pet=-1,-1,-1,-1,-1,-1,-1,
#assigned_hub=-1,-1,-1,-1,-1,-1,-1,
#moving_targetting_pos=9,2|15,1|29,2|22,29|12,29|25,1|5,1|
#setting_targetting_pos=9,30|15,30|29,30|22,1|12,1|25,30|5,30|
#type=2,2,2,2,2,2,2,
RddLLRd
#0000000000000000000
#assigned_pet=-1,-1,-1,-1,-1,-1,-1,
#assigned_hub=-1,-1,-1,-1,-1,-1,-1,
#moving_targetting_pos=9,2|15,1|29,2|22,29|12,29|25,1|5,1|
#setting_targetting_pos=9,30|15,30|29,30|22,1|12,1|25,30|5,30|
#type=2,2,2,2,2,2,2,
RRRdrRR
#0000000000000000000
#assigned_pet=-1,-1,-1,-1,-1,-1,-1,
#assigned_hub=-1,-1,-1,-1,-1,-1,-1,
#moving_targetting_pos=9,2|15,1|29,2|22,29|12,29|25,1|5,1|
#setting_targetting_pos=9,30|15,30|29,30|22,1|12,1|25,30|5,30|
#type=2,2,2,2,2,2,2,
ddRLLRu
#0000000000000000000
#assigned_pet=-1,-1,-1,-1,-1,-1,-1,
#assigned_hub=-1,-1,-1,-1,-1,-1,-1,
#moving_targetting_pos=9,2|19,30|29,2|22,29|12,29|25,1|5,1|
#setting_targetting_pos=9,30|19,2|29,30|22,1|12,1|25,30|5,30|
#type=2,1,2,2,2,2,2,
RLlLLuR
#0000000000000000000
#assigned_pet=-1,-1,-1,-1,-1,-1,-1,
#assigned_hub=-1,-1,-1,-1,-1,-1,-1,
#moving_targetting_pos=9,2|19,30|29,2|22,29|12,29|25,1|5,1|
#setting_targetting_pos=9,30|19,2|29,30|22,1|12,1|25,30|5,30|
#type=2,1,2,2,2,2,2,
lL.rdRR
#0000000000000000000
#assigned_pet=-1,-1,-1,-1,-1,-1,-1,
#assigned_hub=-1,-1,-1,-1,-1,-1,-1,
#moving_targetting_pos=9,2|19,30|29,2|22,29|12,29|25,1|5,1|
#setting_targetting_pos=9,30|19,2|29,30|22,1|12,1|25,30|5,30|
#type=2,1,2,2,2,2,2,
RDuuLdR
#0000000000000000000
#assigned_pet=-1,-1,-1,-1,-1,-1,-1,
#assigned_hub=-1,-1,-1,-1,-1,-1,-1,
#moving_targetting_pos=9,2|19,30|29,2|2,1|12,29|25,1|5,1|
#setting_targetting_pos=9,30|19,2|29,30|2,29|12,1|25,30|5,30|
#type=2,1,2,1,2,2,2,
uDRDLRR
#0000000000000000000
#assigned_pet=-1,-1,-1,-1,-1,-1,-1,
#assigned_hub=-1,-1,-1,-1,-1,-1,-1,
#moving_targetting_pos=9,2|19,30|29,2|2,1|12,29|25,1|5,1|
#setting_targetting_pos=9,30|19,2|29,30|2,29|12,1|25,30|5,30|
#type=2,1,2,1,2,2,2,
RRRRrd.
#0000000000000000000
#assigned_pet=-1,-1,-1,-1,-1,-1,-1,
#assigned_hub=-1,-1,-1,-1,-1,8,-1,
#moving_targetting_pos=9,2|19,30|29,2|2,1|12,29|26,26|5,1|
#setting_targetting_pos=9,30|19,2|29,30|2,29|12,1|25,30|5,30|
#type=2,1,2,1,2,3,2,
RRdDuL.
#0000000000000000000
#assigned_pet=-1,-1,-1,-1,-1,-1,-1,
#assigned_hub=-1,-1,-1,-1,3,8,-1,
#moving_targetting_pos=9,2|19,30|29,2|2,1|16,6|26,26|5,1|
#setting_targetting_pos=9,30|19,2|29,30|2,29|12,1|-1,-1|5,30|
#type=2,1,2,1,3,3,2,
lDRRDL.
#0000000000000000000
#assigned_pet=-1,-1,-1,-1,-1,-1,-1,
#assigned_hub=-1,-1,-1,-1,3,8,-1,
#moving_targetting_pos=9,2|19,30|29,2|2,1|16,6|26,26|5,1|
#setting_targetting_pos=9,30|19,2|29,30|2,29|-1,-1|-1,-1|5,30|
#type=2,1,2,1,3,3,2,
dDlDRL.
#0000000000000000000
#assigned_pet=-1,-1,-1,-1,-1,-1,-1,
#assigned_hub=2,-1,-1,-1,3,8,-1,
#moving_targetting_pos=6,26|19,30|29,2|2,1|16,6|-1,-1|5,1|
#setting_targetting_pos=9,30|19,2|29,30|2,29|-1,-1|-1,-1|5,30|
#type=3,2,2,1,3,4,2,
UdRRD.u
#0000000000000000000
#assigned_pet=-1,-1,-1,-1,-1,-1,-1,
#assigned_hub=2,-1,-1,-1,3,8,-1,
#moving_targetting_pos=6,26|19,30|29,2|2,1|16,6|-1,-1|5,1|
#setting_targetting_pos=-1,-1|19,2|29,30|2,29|-1,-1|-1,-1|5,30|
#type=3,2,2,1,3,4,2,
LLuRR.R
#0000000000000000000
#assigned_pet=-1,-1,-1,-1,-1,-1,-1,
#assigned_hub=2,-1,-1,-1,3,8,-1,
#moving_targetting_pos=6,26|19,30|29,2|2,1|16,6|-1,-1|5,1|
#setting_targetting_pos=-1,-1|19,2|29,30|2,29|-1,-1|-1,-1|5,30|
#type=3,2,2,1,3,4,2,
ULRUD.d
#0000000000000000000
#assigned_pet=-1,-1,-1,-1,-1,-1,-1,
#assigned_hub=2,-1,-1,-1,3,8,-1,
#moving_targetting_pos=6,26|19,30|29,2|2,1|16,6|-1,-1|5,1|
#setting_targetting_pos=-1,-1|19,2|29,30|2,29|-1,-1|-1,-1|5,30|
#type=3,2,2,1,3,4,2,
L.RUR.R
#0000000000000000000
#assigned_pet=-1,-1,-1,-1,-1,-1,-1,
#assigned_hub=2,-1,-1,-1,3,8,-1,
#moving_targetting_pos=6,26|19,30|29,2|2,1|16,6|-1,-1|5,1|
#setting_targetting_pos=-1,-1|19,2|29,30|2,29|-1,-1|-1,-1|5,30|
#type=3,2,2,1,3,4,2,
LulUR..
#0000000000000000000
#assigned_pet=6,-1,-1,-1,-1,-1,-1,
#assigned_hub=2,-1,-1,-1,3,8,-1,
#moving_targetting_pos=-1,-1|19,30|29,2|2,1|-1,-1|-1,-1|5,1|
#setting_targetting_pos=4,27|19,2|29,30|2,29|-1,-1|-1,-1|5,30|
#type=4,2,2,1,4,4,2,
UrdU..d
#0000000000000000000
#assigned_pet=6,-1,-1,-1,-1,-1,-1,
#assigned_hub=2,-1,7,-1,3,8,1,
#moving_targetting_pos=-1,-1|19,30|26,16|2,1|-1,-1|-1,-1|6,16|
#setting_targetting_pos=4,27|19,2|29,30|2,29|-1,-1|-1,-1|5,30|
#type=4,2,3,1,4,4,3,
ULUU..L
#0000000000000000000
#assigned_pet=6,-1,-1,-1,-1,-1,-1,
#assigned_hub=2,-1,7,-1,3,8,1,
#moving_targetting_pos=-1,-1|19,30|26,16|2,1|-1,-1|-1,-1|6,16|
#setting_targetting_pos=4,27|19,2|-1,-1|2,29|-1,-1|-1,-1|-1,-1|
#type=4,2,3,1,4,4,3,
.LLU..L
#0000000000000000000
#assigned_pet=6,-1,-1,-1,-1,-1,-1,
#assigned_hub=2,-1,7,-1,3,8,1,
#moving_targetting_pos=-1,-1|19,30|26,16|2,1|-1,-1|-1,-1|6,16|
#setting_targetting_pos=4,27|19,2|-1,-1|2,29|-1,-1|-1,-1|-1,-1|
#type=4,2,3,1,4,4,3,
.dUU..L
#0000000000000000000
#assigned_pet=6,-1,-1,-1,-1,-1,-1,
#assigned_hub=2,-1,7,-1,3,8,1,
#moving_targetting_pos=-1,-1|19,30|26,16|2,1|-1,-1|-1,-1|6,16|
#setting_targetting_pos=4,27|19,2|-1,-1|2,29|-1,-1|-1,-1|-1,-1|
#type=4,2,3,1,4,4,3,
.LLU..L
#0000000000000000000
#assigned_pet=6,-1,-1,-1,-1,-1,-1,
#assigned_hub=2,-1,7,-1,3,8,1,
#moving_targetting_pos=-1,-1|19,30|26,16|2,1|-1,-1|-1,-1|6,16|
#setting_targetting_pos=4,27|19,2|-1,-1|2,29|-1,-1|-1,-1|-1,-1|
#type=4,2,3,1,4,4,3,
.rLU..L
#0000000000000000000
#assigned_pet=6,-1,-1,-1,-1,-1,-1,
#assigned_hub=2,-1,7,-1,3,8,1,
#moving_targetting_pos=-1,-1|19,30|26,16|2,1|-1,-1|-1,-1|6,16|
#setting_targetting_pos=4,27|19,2|-1,-1|2,29|-1,-1|-1,-1|-1,-1|
#type=4,2,3,1,4,4,3,
.LLU..L
#0000000000000000000
#assigned_pet=10,-1,-1,-1,-1,-1,-1,
#assigned_hub=2,-1,7,-1,3,8,1,
#moving_targetting_pos=-1,-1|19,30|26,16|2,1|-1,-1|-1,-1|6,16|
#setting_targetting_pos=5,28|19,2|-1,-1|2,29|-1,-1|-1,-1|-1,-1|
#type=4,2,3,1,4,4,3,
.uLU..L
#0000000000000000000
#assigned_pet=-1,-1,-1,-1,-1,-1,-1,
#assigned_hub=2,-1,7,-1,3,8,1,
#moving_targetting_pos=-1,-1|19,30|26,16|2,1|-1,-1|-1,-1|6,16|
#setting_targetting_pos=-1,-1|19,2|-1,-1|2,29|-1,-1|-1,-1|-1,-1|
#type=4,2,3,1,4,4,3,
.LLU..L
#0000000000000000000
#assigned_pet=10,-1,-1,-1,-1,-1,-1,
#assigned_hub=2,-1,7,-1,3,8,1,
#moving_targetting_pos=-1,-1|19,30|26,16|2,1|-1,-1|-1,-1|6,16|
#setting_targetting_pos=5,28|19,2|-1,-1|2,29|-1,-1|-1,-1|-1,-1|
#type=4,2,3,1,4,4,3,
.LLU..L
#0000000000000000000
#assigned_pet=10,-1,-1,-1,-1,-1,-1,
#assigned_hub=2,-1,7,-1,3,8,1,
#moving_targetting_pos=-1,-1|19,30|26,16|2,1|-1,-1|-1,-1|6,16|
#setting_targetting_pos=5,28|19,2|-1,-1|2,29|-1,-1|-1,-1|-1,-1|
#type=4,2,3,1,4,4,3,
.rLU..L
#0000000000000000000
#assigned_pet=10,-1,-1,-1,-1,-1,-1,
#assigned_hub=2,-1,7,-1,3,8,1,
#moving_targetting_pos=-1,-1|19,30|26,16|2,1|-1,-1|-1,-1|6,16|
#setting_targetting_pos=5,28|19,2|-1,-1|2,29|-1,-1|-1,-1|-1,-1|
#type=4,2,3,1,4,4,3,
.dLU..L
#0000000000000000000
#assigned_pet=10,-1,-1,-1,-1,-1,-1,
#assigned_hub=2,-1,7,-1,3,8,1,
#moving_targetting_pos=-1,-1|19,30|26,16|2,1|-1,-1|-1,-1|6,16|
#setting_targetting_pos=4,27|19,2|-1,-1|2,29|-1,-1|-1,-1|-1,-1|
#type=4,2,3,1,4,4,3,
.LLU..L
#0000000000000000000
#assigned_pet=10,-1,-1,-1,-1,-1,-1,
#assigned_hub=2,-1,7,-1,3,8,1,
#moving_targetting_pos=-1,-1|19,30|26,16|2,1|-1,-1|-1,-1|6,16|
#setting_targetting_pos=4,27|19,2|-1,-1|2,29|-1,-1|-1,-1|-1,-1|
#type=4,2,3,1,4,4,3,
.LLU..L
#0000000000000000000
#assigned_pet=10,-1,-1,-1,-1,-1,-1,
#assigned_hub=2,-1,7,-1,3,8,1,
#moving_targetting_pos=-1,-1|19,30|26,16|2,1|-1,-1|-1,-1|-1,-1|
#setting_targetting_pos=4,27|19,2|-1,-1|2,29|-1,-1|-1,-1|-1,-1|
#type=4,2,3,1,4,4,4,
..LU...
#0000000000000000000
#assigned_pet=10,-1,-1,-1,-1,-1,-1,
#assigned_hub=2,-1,7,-1,3,8,1,
#moving_targetting_pos=-1,-1|19,30|26,16|2,1|-1,-1|-1,-1|-1,-1|
#setting_targetting_pos=4,27|19,2|-1,-1|2,29|-1,-1|-1,-1|-1,-1|
#type=4,2,3,1,4,4,4,
.dLL...
#0000000000000000000
#assigned_pet=10,-1,12,-1,-1,12,-1,
#assigned_hub=2,-1,7,-1,3,8,1,
#moving_targetting_pos=-1,-1|19,30|-1,-1|2,1|-1,-1|-1,-1|-1,-1|
#setting_targetting_pos=5,28|19,2|25,18|2,29|-1,-1|25,24|-1,-1|
#type=4,2,4,1,4,4,4,
.LRU.L.
#0000000000000000000
#assigned_pet=10,-1,12,-1,-1,12,-1,
#assigned_hub=2,-1,7,-1,3,8,1,
#moving_targetting_pos=-1,-1|19,30|-1,-1|2,1|-1,-1|-1,-1|-1,-1|
#setting_targetting_pos=5,28|19,2|25,18|2,29|-1,-1|25,24|-1,-1|
#type=4,2,4,1,4,4,4,
.LUU.L.
#0000000000000000000
#assigned_pet=6,-1,12,-1,-1,12,16,
#assigned_hub=2,-1,7,-1,3,8,1,
#moving_targetting_pos=-1,-1|19,30|-1,-1|2,1|-1,-1|-1,-1|-1,-1|
#setting_targetting_pos=4,25|19,2|25,18|2,29|-1,-1|25,24|4,17|
#type=4,2,4,1,4,4,4,
Lr.L...
#0000000000000000000
#assigned_pet=6,-1,12,-1,-1,12,16,
#assigned_hub=2,-1,7,-1,3,8,1,
#moving_targetting_pos=-1,-1|19,30|-1,-1|2,1|-1,-1|-1,-1|-1,-1|
#setting_targetting_pos=4,25|19,2|25,18|2,29|-1,-1|25,24|4,17|
#type=4,2,4,1,4,4,4,
Lu.L...
#0000000000001000000
#assigned_pet=6,-1,12,-1,-1,12,-1,
#assigned_hub=2,-1,7,-1,3,8,1,
#moving_targetting_pos=-1,-1|19,30|-1,-1|2,1|-1,-1|-1,-1|-1,-1|
#setting_targetting_pos=4,25|19,2|25,18|2,29|-1,-1|25,24|-1,-1|
#type=4,2,5,1,4,5,4,
.LuL.l.
#0000000000001000000
#assigned_pet=6,-1,5,-1,-1,5,16,
#assigned_hub=2,-1,7,-1,3,8,1,
#moving_targetting_pos=-1,-1|19,30|-1,-1|2,1|-1,-1|-1,-1|-1,-1|
#setting_targetting_pos=4,25|19,2|27,18|2,29|-1,-1|27,24|4,17|
#type=4,2,4,1,4,4,4,
.L.U.D.
#0000000000001000000
#assigned_pet=6,-1,5,-1,-1,5,16,
#assigned_hub=2,-1,7,-1,3,8,1,
#moving_targetting_pos=-1,-1|19,30|-1,-1|2,1|-1,-1|-1,-1|-1,-1|
#setting_targetting_pos=4,25|19,2|27,18|2,29|-1,-1|27,24|4,17|
#type=4,2,4,1,4,4,4,
.d.U.L.
#0000000000001000000
#assigned_pet=6,-1,5,-1,-1,5,16,
#assigned_hub=2,-1,7,-1,3,8,1,
#moving_targetting_pos=-1,-1|19,30|-1,-1|2,1|-1,-1|-1,-1|-1,-1|
#setting_targetting_pos=4,25|19,2|27,18|2,29|-1,-1|27,24|4,17|
#type=4,2,4,1,4,4,4,
.L.U...
#0000000000001000000
#assigned_pet=6,-1,5,-1,-1,5,16,
#assigned_hub=2,-1,7,-1,3,8,1,
#moving_targetting_pos=-1,-1|19,30|-1,-1|2,1|-1,-1|-1,-1|-1,-1|
#setting_targetting_pos=4,25|19,2|27,18|2,29|-1,-1|27,24|4,17|
#type=4,2,4,2,4,4,4,
...u...
#0000000000001000000
#assigned_pet=10,-1,5,-1,-1,5,16,
#assigned_hub=2,-1,7,-1,3,8,1,
#moving_targetting_pos=-1,-1|19,30|-1,-1|2,1|-1,-1|-1,-1|-1,-1|
#setting_targetting_pos=5,28|19,2|27,18|2,29|-1,-1|27,24|4,17|
#type=4,2,4,2,4,4,4,
R..R...
#0000000000001000000
#assigned_pet=15,-1,5,-1,-1,5,16,
#assigned_hub=2,-1,7,-1,3,8,1,
#moving_targetting_pos=-1,-1|19,30|-1,-1|2,1|-1,-1|-1,-1|-1,-1|
#setting_targetting_pos=7,28|19,2|27,18|2,29|-1,-1|27,24|4,17|
#type=4,2,4,2,4,4,4,
R..R...
#0000000000001000000
#assigned_pet=10,-1,17,-1,-1,17,16,
#assigned_hub=2,-1,7,-1,3,8,1,
#moving_targetting_pos=-1,-1|19,30|-1,-1|2,1|-1,-1|-1,-1|-1,-1|
#setting_targetting_pos=5,28|19,2|27,18|2,29|-1,-1|27,24|4,17|
#type=4,2,4,2,4,4,4,
.r.l...
#0000000000001000000
#assigned_pet=10,-1,4,-1,-1,4,16,
#assigned_hub=2,-1,7,-1,3,8,1,
#moving_targetting_pos=-1,-1|19,30|-1,-1|2,1|-1,-1|-1,-1|-1,-1|
#setting_targetting_pos=5,28|19,2|27,18|2,29|-1,-1|27,24|4,17|
#type=4,2,4,2,4,4,4,
.L.d...
#0000000000001000000
#assigned_pet=-1,-1,4,-1,-1,4,16,
#assigned_hub=2,-1,7,-1,3,8,1,
#moving_targetting_pos=-1,-1|19,30|-1,-1|2,1|-1,-1|-1,-1|-1,-1|
#setting_targetting_pos=-1,-1|19,2|27,18|2,29|-1,-1|27,24|4,17|
#type=4,2,4,2,4,4,4,
.u.R...
#0000000000001000000
#assigned_pet=10,-1,4,-1,-1,4,16,
#assigned_hub=2,-1,7,-1,3,8,1,
#moving_targetting_pos=-1,-1|19,30|-1,-1|2,1|-1,-1|-1,-1|-1,-1|
#setting_targetting_pos=7,28|19,2|27,18|2,29|-1,-1|27,24|4,17|
#type=4,2,4,2,4,4,4,
RL.R...
#0000000000001000000
#assigned_pet=-1,-1,4,-1,-1,4,16,
#assigned_hub=2,-1,7,-1,3,8,1,
#moving_targetting_pos=-1,-1|19,30|-1,-1|2,1|-1,-1|-1,-1|-1,-1|
#setting_targetting_pos=-1,-1|19,2|27,18|2,29|-1,-1|27,24|4,17|
#type=4,2,4,2,4,4,4,
.L.R...
#0000000000001000000
#assigned_pet=10,-1,4,-1,-1,4,16,
#assigned_hub=2,-1,7,-1,3,8,1,
#moving_targetting_pos=-1,-1|19,30|-1,-1|2,1|-1,-1|-1,-1|-1,-1|
#setting_targetting_pos=7,28|19,2|27,18|2,29|-1,-1|27,24|4,17|
#type=4,2,4,2,4,4,4,
Dr.d...
#0000000000101000000
#assigned_pet=10,-1,17,-1,-1,17,16,
#assigned_hub=2,-1,7,-1,3,8,1,
#moving_targetting_pos=-1,-1|19,30|-1,-1|2,1|-1,-1|-1,-1|-1,-1|
#setting_targetting_pos=7,28|19,2|27,18|2,29|-1,-1|27,24|4,17|
#type=5,2,4,2,4,4,4,
dd.u...
#0000000000101000000
#assigned_pet=6,-1,17,-1,-1,17,6,
#assigned_hub=2,-1,7,-1,3,8,1,
#moving_targetting_pos=-1,-1|19,30|-1,-1|2,1|-1,-1|-1,-1|-1,-1|
#setting_targetting_pos=5,24|19,2|27,18|2,29|-1,-1|27,24|5,18|
#type=4,2,4,2,4,4,4,
LL.R...
#0000000000101000000
#assigned_pet=14,-1,17,-1,-1,17,14,
#assigned_hub=2,-1,7,-1,3,8,1,
#moving_targetting_pos=-1,-1|19,30|-1,-1|2,1|-1,-1|-1,-1|-1,-1|
#setting_targetting_pos=7,24|19,2|27,18|2,29|-1,-1|27,24|7,18|
#type=4,2,4,2,4,4,4,
LL.l..R
#0000000000101000000
#assigned_pet=6,-1,17,-1,-1,17,6,
#assigned_hub=2,-1,7,-1,3,8,1,
#moving_targetting_pos=-1,-1|19,30|-1,-1|2,1|-1,-1|-1,-1|-1,-1|
#setting_targetting_pos=5,24|19,2|27,18|2,29|-1,-1|27,24|5,18|
#type=4,2,4,2,4,4,4,
L..R..L
#0000000000101000011
#assigned_pet=6,-1,17,-1,-1,17,6,
#assigned_hub=2,-1,7,-1,3,8,1,
#moving_targetting_pos=-1,-1|19,30|-1,-1|2,1|-1,-1|-1,-1|-1,-1|
#setting_targetting_pos=5,24|19,2|27,18|2,29|-1,-1|27,24|5,18|
#type=4,2,5,2,4,5,4,
LddR.d.
#0000000000101000011
#assigned_pet=6,-1,-1,-1,-1,13,6,
#assigned_hub=2,-1,7,-1,3,8,1,
#moving_targetting_pos=-1,-1|19,30|-1,-1|2,1|-1,-1|-1,-1|-1,-1|
#setting_targetting_pos=5,24|19,2|-1,-1|2,29|-1,-1|28,27|5,18|
#type=4,2,4,2,4,4,4,
.L.d.R.
#0000000000101000011
#assigned_pet=6,-1,-1,-1,-1,13,6,
#assigned_hub=2,-1,7,-1,3,8,1,
#moving_targetting_pos=-1,-1|19,30|-1,-1|2,1|-1,-1|-1,-1|-1,-1|
#setting_targetting_pos=5,24|19,2|-1,-1|2,29|-1,-1|28,27|5,18|
#type=4,2,4,2,4,4,4,
.L.R.R.
#0000000000101000011
#assigned_pet=6,-1,-1,-1,-1,13,6,
#assigned_hub=2,-1,7,-1,3,8,1,
#moving_targetting_pos=-1,-1|19,30|-1,-1|2,1|-1,-1|-1,-1|-1,-1|
#setting_targetting_pos=5,24|19,2|-1,-1|2,29|-1,-1|28,27|5,18|
#type=4,2,4,2,4,4,4,
.r.R.R.
#0000000000101000011
#assigned_pet=6,-1,-1,-1,-1,13,6,
#assigned_hub=2,-1,7,-1,3,8,1,
#moving_targetting_pos=-1,-1|19,30|-1,-1|2,1|-1,-1|-1,-1|-1,-1|
#setting_targetting_pos=5,24|19,2|-1,-1|2,29|-1,-1|28,27|5,18|
#type=4,2,4,2,4,4,4,
.u.l.D.
#0000000000101100011
#assigned_pet=6,-1,-1,-1,-1,13,6,
#assigned_hub=2,-1,7,-1,3,8,1,
#moving_targetting_pos=-1,-1|19,30|-1,-1|2,1|-1,-1|-1,-1|-1,-1|
#setting_targetting_pos=5,24|19,2|-1,-1|2,29|-1,-1|28,27|5,18|
#type=4,2,4,2,4,5,4,
.L.u.d.
#0000000000101100011
#assigned_pet=15,-1,-1,-1,-1,-1,15,
#assigned_hub=2,-1,7,-1,3,8,1,
#moving_targetting_pos=-1,-1|19,30|-1,-1|2,1|-1,-1|-1,-1|-1,-1|
#setting_targetting_pos=5,24|19,2|-1,-1|2,29|-1,-1|-1,-1|5,18|
#type=4,2,4,2,4,4,4,
.L.R...
#0000000000101100011
#assigned_pet=6,-1,-1,-1,-1,-1,-1,
#assigned_hub=2,-1,7,-1,3,8,1,
#moving_targetting_pos=-1,-1|19,30|-1,-1|2,1|-1,-1|-1,-1|-1,-1|
#setting_targetting_pos=4,25|19,2|-1,-1|2,29|-1,-1|-1,-1|-1,-1|
#type=4,2,4,2,4,4,4,
Rd.R...
#0000000000101100011
#assigned_pet=6,-1,-1,-1,-1,-1,-1,
#assigned_hub=2,-1,7,-1,3,8,1,
#moving_targetting_pos=-1,-1|19,30|-1,-1|2,1|-1,-1|-1,-1|-1,-1|
#setting_targetting_pos=4,25|19,2|-1,-1|2,29|-1,-1|-1,-1|-1,-1|
#type=4,2,4,2,4,4,4,
UL.l...
#0000000000101100011
#assigned_pet=6,-1,-1,-1,-1,-1,-1,
#assigned_hub=2,-1,7,-1,3,8,1,
#moving_targetting_pos=-1,-1|19,30|-1,-1|2,1|-1,-1|-1,-1|-1,-1|
#setting_targetting_pos=4,25|19,2|-1,-1|2,29|-1,-1|-1,-1|-1,-1|
#type=4,2,4,2,4,4,4,
.r.d...
#0000000000101100011
#assigned_pet=15,-1,-1,-1,-1,-1,15,
#assigned_hub=2,-1,7,-1,3,8,1,
#moving_targetting_pos=-1,-1|19,30|-1,-1|2,1|-1,-1|-1,-1|-1,-1|
#setting_targetting_pos=5,24|19,2|-1,-1|2,29|-1,-1|-1,-1|5,18|
#type=4,2,4,2,4,4,4,
.L.R...
#0000000000101100011
#assigned_pet=6,-1,-1,-1,-1,-1,16,
#assigned_hub=2,-1,7,-1,3,8,1,
#moving_targetting_pos=-1,-1|19,30|-1,-1|2,1|-1,-1|-1,-1|-1,-1|
#setting_targetting_pos=4,25|19,2|-1,-1|2,29|-1,-1|-1,-1|4,17|
#type=4,2,4,2,4,4,4,
.u.R...
#0000000000101100011
#assigned_pet=15,-1,-1,-1,-1,-1,15,
#assigned_hub=2,-1,7,-1,3,8,1,
#moving_targetting_pos=-1,-1|19,30|-1,-1|2,1|-1,-1|-1,-1|-1,-1|
#setting_targetting_pos=5,24|19,2|-1,-1|2,29|-1,-1|-1,-1|5,18|
#type=4,2,4,2,4,4,4,
.L.R...
#0000000000101100011
#assigned_pet=6,-1,-1,-1,-1,-1,6,
#assigned_hub=2,-1,7,-1,3,8,1,
#moving_targetting_pos=-1,-1|19,30|-1,-1|2,1|-1,-1|-1,-1|-1,-1|
#setting_targetting_pos=5,24|19,2|-1,-1|2,29|-1,-1|-1,-1|5,18|
#type=4,2,4,2,4,4,4,
.L.d...
#0000000000101100011
#assigned_pet=15,-1,-1,-1,-1,-1,16,
#assigned_hub=2,-1,7,-1,3,8,1,
#moving_targetting_pos=-1,-1|19,30|-1,-1|2,1|-1,-1|-1,-1|-1,-1|
#setting_targetting_pos=4,25|19,2|-1,-1|2,29|-1,-1|-1,-1|4,17|
#type=4,2,4,2,4,4,4,
.r.u...
#0000000000101100011
#assigned_pet=15,-1,-1,-1,-1,-1,6,
#assigned_hub=2,-1,7,-1,3,8,1,
#moving_targetting_pos=-1,-1|19,30|-1,-1|2,1|-1,-1|-1,-1|-1,-1|
#setting_targetting_pos=4,25|19,2|-1,-1|2,29|-1,-1|-1,-1|4,17|
#type=4,2,4,2,4,4,4,
.d.R...
#0000000000101100011
#assigned_pet=-1,-1,-1,-1,-1,-1,6,
#assigned_hub=2,6,7,-1,3,8,1,
#moving_targetting_pos=-1,-1|26,6|-1,-1|2,1|-1,-1|-1,-1|-1,-1|
#setting_targetting_pos=-1,-1|19,2|-1,-1|2,29|-1,-1|-1,-1|4,17|
#type=4,3,4,2,4,4,4,
.U.l...
#0000000000101100011
#assigned_pet=-1,-1,-1,-1,-1,5,6,
#assigned_hub=2,6,7,-1,3,8,1,
#moving_targetting_pos=-1,-1|26,6|-1,-1|2,1|-1,-1|-1,-1|-1,-1|
#setting_targetting_pos=-1,-1|-1,-1|-1,-1|2,29|-1,-1|27,28|4,17|
#type=4,3,4,2,4,4,4,
.R.R...
#0000000000101100011
#assigned_pet=-1,-1,-1,-1,-1,-1,6,
#assigned_hub=2,6,7,-1,3,8,1,
#moving_targetting_pos=-1,-1|26,6|-1,-1|2,1|-1,-1|-1,-1|-1,-1|
#setting_targetting_pos=-1,-1|-1,-1|-1,-1|2,29|-1,-1|-1,-1|4,17|
#type=4,3,4,2,4,4,4,
.U.R...
#0000000000101100011
#assigned_pet=-1,-1,-1,-1,-1,5,6,
#assigned_hub=2,4,7,-1,3,8,1,
#moving_targetting_pos=-1,-1|16,16|-1,-1|2,1|-1,-1|-1,-1|-1,-1|
#setting_targetting_pos=-1,-1|-1,-1|-1,-1|2,29|-1,-1|28,25|4,17|
#type=4,3,4,2,4,4,4,
.R...L.
#0000000000101100011
#assigned_pet=-1,-1,-1,-1,-1,5,6,
#assigned_hub=2,6,7,-1,3,8,1,
#moving_targetting_pos=-1,-1|26,6|-1,-1|2,1|-1,-1|-1,-1|-1,-1|
#setting_targetting_pos=-1,-1|-1,-1|-1,-1|2,29|-1,-1|28,25|4,17|
#type=4,3,4,2,4,4,4,
.R...L.
#0000000000101100011
#assigned_pet=-1,-1,-1,-1,-1,-1,6,
#assigned_hub=2,6,7,-1,3,8,1,
#moving_targetting_pos=-1,-1|26,6|-1,-1|2,1|-1,-1|-1,-1|-1,-1|
#setting_targetting_pos=-1,-1|-1,-1|-1,-1|2,29|-1,-1|-1,-1|4,17|
#type=4,3,4,2,4,4,4,
.D.....
#0000000000101100011
#assigned_pet=-1,-1,-1,-1,-1,-1,6,
#assigned_hub=2,6,7,-1,3,8,1,
#moving_targetting_pos=-1,-1|26,6|-1,-1|2,1|-1,-1|-1,-1|-1,-1|
#setting_targetting_pos=-1,-1|-1,-1|-1,-1|2,29|-1,-1|-1,-1|4,17|
#type=4,3,4,2,4,4,4,
.D.d...
#0000000000101100011
#assigned_pet=-1,-1,-1,-1,-1,-1,6,
#assigned_hub=2,6,7,-1,3,8,1,
#moving_targetting_pos=-1,-1|26,6|-1,-1|2,1|-1,-1|-1,-1|-1,-1|
#setting_targetting_pos=-1,-1|-1,-1|-1,-1|2,29|-1,-1|-1,-1|4,17|
#type=4,3,4,2,4,4,4,
.D.R...
#0000000000101100011
#assigned_pet=-1,-1,-1,-1,-1,-1,6,
#assigned_hub=2,6,7,-1,3,8,1,
#moving_targetting_pos=-1,-1|26,6|-1,-1|2,1|-1,-1|-1,-1|-1,-1|
#setting_targetting_pos=-1,-1|-1,-1|-1,-1|2,29|-1,-1|-1,-1|4,17|
#type=4,3,4,2,4,4,4,
.D.R...
#0000000000101100011
#assigned_pet=-1,-1,-1,-1,-1,-1,6,
#assigned_hub=2,6,7,-1,3,8,1,
#moving_targetting_pos=-1,-1|26,6|-1,-1|2,1|-1,-1|-1,-1|-1,-1|
#setting_targetting_pos=-1,-1|-1,-1|-1,-1|2,29|-1,-1|-1,-1|4,17|
#type=4,3,4,2,4,4,4,
.D.l...
#0000000000101100011
#assigned_pet=-1,-1,-1,-1,-1,-1,6,
#assigned_hub=2,6,7,-1,3,8,1,
#moving_targetting_pos=-1,-1|26,6|-1,-1|2,1|-1,-1|-1,-1|-1,-1|
#setting_targetting_pos=-1,-1|-1,-1|-1,-1|2,29|-1,-1|-1,-1|4,17|
#type=4,3,4,2,4,4,4,
.D.u...
#0000001000101100111
#assigned_pet=-1,-1,-1,-1,-1,-1,6,
#assigned_hub=2,6,7,-1,3,8,1,
#moving_targetting_pos=-1,-1|26,6|-1,-1|2,1|-1,-1|-1,-1|-1,-1|
#setting_targetting_pos=-1,-1|-1,-1|-1,-1|2,29|-1,-1|-1,-1|4,17|
#type=4,3,4,2,4,4,5,
.D.R..u
#0000001000101100111
#assigned_pet=15,-1,-1,-1,-1,-1,15,
#assigned_hub=2,6,7,-1,3,8,1,
#moving_targetting_pos=-1,-1|26,6|-1,-1|2,1|-1,-1|-1,-1|-1,-1|
#setting_targetting_pos=7,24|-1,-1|-1,-1|2,29|-1,-1|-1,-1|7,18|
#type=4,3,4,2,4,4,4,
LR.R..R
#0000001000101100111
#assigned_pet=15,8,-1,-1,8,-1,15,
#assigned_hub=2,6,7,-1,3,8,1,
#moving_targetting_pos=-1,-1|-1,-1|-1,-1|2,1|-1,-1|-1,-1|-1,-1|
#setting_targetting_pos=7,24|24,7|-1,-1|2,29|18,7|-1,-1|7,18|
#type=4,4,4,2,4,4,4,
D..lR.D
#0000001000101101111
#assigned_pet=15,8,-1,-1,8,-1,15,
#assigned_hub=2,6,7,-1,3,8,1,
#moving_targetting_pos=-1,-1|-1,-1|-1,-1|2,1|-1,-1|-1,-1|-1,-1|
#setting_targetting_pos=7,24|24,7|-1,-1|2,29|18,7|-1,-1|7,18|
#type=5,4,4,2,4,4,5,
d..dR.d
#0000001000101101111
#assigned_pet=-1,8,-1,-1,8,-1,-1,
#assigned_hub=2,6,7,-1,3,8,1,
#moving_targetting_pos=-1,-1|-1,-1|-1,-1|2,1|-1,-1|-1,-1|-1,-1|
#setting_targetting_pos=-1,-1|24,7|-1,-1|2,29|18,7|-1,-1|-1,-1|
#type=4,4,4,2,4,4,4,
...RD..
#0000001100101101111
#assigned_pet=7,8,-1,-1,8,-1,7,
#assigned_hub=2,6,7,-1,3,8,1,
#moving_targetting_pos=-1,-1|-1,-1|-1,-1|2,1|-1,-1|-1,-1|-1,-1|
#setting_targetting_pos=5,24|24,7|-1,-1|2,29|18,7|-1,-1|5,18|
#type=5,4,4,2,4,4,5,
u..RD.u
#0000001110101101111
#assigned_pet=-1,8,-1,-1,8,5,-1,
#assigned_hub=5,6,7,-1,3,8,1,
#moving_targetting_pos=16,26|-1,-1|-1,-1|2,1|-1,-1|-1,-1|-1,-1|
#setting_targetting_pos=-1,-1|24,7|-1,-1|2,29|18,7|28,25|-1,-1|
#type=3,5,4,2,5,4,4,
Rr.Rd..
#0000011110101101111
#assigned_pet=-1,-1,-1,-1,-1,5,-1,
#assigned_hub=5,4,7,-1,3,8,1,
#moving_targetting_pos=16,26|16,16|-1,-1|2,1|-1,-1|-1,-1|-1,-1|
#setting_targetting_pos=-1,-1|-1,-1|-1,-1|2,29|-1,-1|28,25|-1,-1|
#type=3,3,4,2,4,5,4,
DL.d.d.
#0000011110101101111
#assigned_pet=-1,-1,-1,-1,-1,-1,-1,
#assigned_hub=5,4,7,-1,3,8,1,
#moving_targetting_pos=16,26|16,16|-1,-1|2,1|-1,-1|-1,-1|-1,-1|
#setting_targetting_pos=-1,-1|-1,-1|-1,-1|2,29|-1,-1|-1,-1|-1,-1|
#type=3,3,4,2,4,4,4,
DU.u...
#0000011110101101111
#assigned_pet=-1,-1,-1,-1,-1,-1,-1,
#assigned_hub=5,4,7,-1,3,8,1,
#moving_targetting_pos=16,26|16,16|-1,-1|2,1|-1,-1|-1,-1|-1,-1|
#setting_targetting_pos=-1,-1|-1,-1|-1,-1|2,29|-1,-1|-1,-1|-1,-1|
#type=3,3,4,2,4,4,4,
DU.R...
#0000011110101101111
#assigned_pet=-1,-1,-1,-1,-1,-1,-1,
#assigned_hub=5,4,7,-1,3,8,1,
#moving_targetting_pos=16,26|16,16|-1,-1|2,1|-1,-1|-1,-1|-1,-1|
#setting_targetting_pos=-1,-1|-1,-1|-1,-1|2,29|-1,-1|-1,-1|-1,-1|
#type=3,3,4,2,4,4,4,
DU.l...
#0000011110101101111
#assigned_pet=-1,-1,-1,-1,-1,-1,-1,
#assigned_hub=5,4,7,-1,3,8,1,
#moving_targetting_pos=16,26|16,16|-1,-1|2,1|-1,-1|-1,-1|-1,-1|
#setting_targetting_pos=-1,-1|-1,-1|-1,-1|2,29|-1,-1|-1,-1|-1,-1|
#type=3,3,4,2,4,4,4,
DU.R...
#0000011110101101111
#assigned_pet=-1,-1,-1,-1,-1,-1,-1,
#assigned_hub=5,4,7,-1,3,8,1,
#moving_targetting_pos=16,26|16,16|-1,-1|2,1|-1,-1|-1,-1|-1,-1|
#setting_targetting_pos=-1,-1|-1,-1|-1,-1|2,29|-1,-1|-1,-1|-1,-1|
#type=3,3,4,2,4,4,4,
DU.R...
#0000011110101101111
#assigned_pet=-1,-1,-1,-1,-1,-1,-1,
#assigned_hub=5,4,7,-1,3,8,1,
#moving_targetting_pos=16,26|16,16|-1,-1|2,1|-1,-1|-1,-1|-1,-1|
#setting_targetting_pos=-1,-1|-1,-1|-1,-1|2,29|-1,-1|-1,-1|-1,-1|
#type=3,3,4,2,4,4,4,
DU.r...
#0000011110101101111
#assigned_pet=-1,-1,-1,-1,-1,-1,-1,
#assigned_hub=5,4,7,-1,3,8,1,
#moving_targetting_pos=16,26|16,16|-1,-1|2,1|-1,-1|-1,-1|-1,-1|
#setting_targetting_pos=-1,-1|-1,-1|-1,-1|2,29|-1,-1|-1,-1|-1,-1|
#type=3,3,4,2,4,4,4,
DR.d...
#0000011110101101111
#assigned_pet=-1,-1,-1,-1,-1,-1,-1,
#assigned_hub=5,4,7,-1,3,8,1,
#moving_targetting_pos=16,26|16,16|-1,-1|2,1|-1,-1|-1,-1|-1,-1|
#setting_targetting_pos=-1,-1|-1,-1|-1,-1|2,29|-1,-1|-1,-1|-1,-1|
#type=3,3,4,0,4,4,4,
RU.....
#0000011110101101111
#assigned_pet=2,-1,-1,-1,-1,2,-1,
#assigned_hub=5,4,7,-1,3,8,1,
#moving_targetting_pos=-1,-1|16,16|-1,-1|2,1|-1,-1|-1,-1|-1,-1|
#setting_targetting_pos=18,25|-1,-1|-1,-1|2,29|-1,-1|24,25|-1,-1|
#type=4,3,4,0,4,4,4,
LR...U.
#0000011110101101111
#assigned_pet=2,-1,-1,-1,-1,2,-1,
#assigned_hub=5,4,7,-1,3,8,1,
#moving_targetting_pos=-1,-1|16,16|-1,-1|2,1|-1,-1|-1,-1|-1,-1|
#setting_targetting_pos=18,25|-1,-1|-1,-1|2,29|-1,-1|24,25|-1,-1|
#type=4,3,4,0,4,4,4,
DR...U.
#0000011110101101111
#assigned_pet=2,-1,-1,-1,-1,2,-1,
#assigned_hub=5,4,7,-1,3,8,1,
#moving_targetting_pos=-1,-1|16,16|-1,-1|2,1|-1,-1|-1,-1|-1,-1|
#setting_targetting_pos=18,25|-1,-1|-1,-1|2,29|-1,-1|24,25|-1,-1|
#type=4,3,4,0,4,4,4,
DR.....
#0000011110101101111
#assigned_pet=-1,-1,-1,-1,-1,-1,-1,
#assigned_hub=5,4,7,-1,3,8,1,
#moving_targetting_pos=-1,-1|16,16|-1,-1|2,1|-1,-1|-1,-1|-1,-1|
#setting_targetting_pos=-1,-1|-1,-1|-1,-1|2,29|-1,-1|-1,-1|-1,-1|
#type=4,3,4,0,4,4,4,
.R.....
#0000011110101101111
#assigned_pet=-1,-1,-1,-1,-1,-1,-1,
#assigned_hub=5,4,7,-1,3,8,1,
#moving_targetting_pos=-1,-1|16,16|-1,-1|2,1|-1,-1|-1,-1|-1,-1|
#setting_targetting_pos=-1,-1|-1,-1|-1,-1|2,29|-1,-1|-1,-1|-1,-1|
#type=4,3,4,0,4,4,4,
.R.....
#0000011110101101111
#assigned_pet=-1,-1,-1,-1,-1,-1,-1,
#assigned_hub=5,4,7,-1,3,8,1,
#moving_targetting_pos=-1,-1|16,16|-1,-1|2,1|-1,-1|-1,-1|-1,-1|
#setting_targetting_pos=-1,-1|-1,-1|-1,-1|2,29|-1,-1|-1,-1|-1,-1|
#type=4,3,4,0,4,4,4,
.R.....
#0000011110101101111
#assigned_pet=-1,-1,-1,-1,-1,-1,-1,
#assigned_hub=5,4,7,-1,3,8,1,
#moving_targetting_pos=-1,-1|16,16|-1,-1|2,1|-1,-1|-1,-1|-1,-1|
#setting_targetting_pos=-1,-1|-1,-1|-1,-1|2,29|-1,-1|-1,-1|-1,-1|
#type=4,3,4,0,4,4,4,
.R.....
#0000011110101101111
#assigned_pet=-1,-1,-1,-1,-1,-1,-1,
#assigned_hub=5,4,7,-1,3,8,1,
#moving_targetting_pos=-1,-1|16,16|-1,-1|2,1|-1,-1|-1,-1|-1,-1|
#setting_targetting_pos=-1,-1|-1,-1|-1,-1|2,29|-1,-1|-1,-1|-1,-1|
#type=4,3,4,0,4,4,4,
.R.....
#0000011110101101111
#assigned_pet=-1,-1,-1,-1,-1,-1,-1,
#assigned_hub=5,4,7,-1,3,8,1,
#moving_targetting_pos=-1,-1|16,16|-1,-1|2,1|-1,-1|-1,-1|-1,-1|
#setting_targetting_pos=-1,-1|-1,-1|-1,-1|2,29|-1,-1|-1,-1|-1,-1|
#type=4,3,4,0,4,4,4,
.R.....
#0000011110101101111
#assigned_pet=3,9,-1,-1,9,3,-1,
#assigned_hub=5,4,7,-1,3,8,1,
#moving_targetting_pos=-1,-1|-1,-1|-1,-1|2,1|-1,-1|-1,-1|-1,-1|
#setting_targetting_pos=18,25|17,14|-1,-1|2,29|17,8|24,25|-1,-1|
#type=4,4,4,0,4,4,4,
D......
#0001011110101101111
#assigned_pet=3,9,-1,-1,9,3,-1,
#assigned_hub=5,4,7,-1,3,8,1,
#moving_targetting_pos=-1,-1|-1,-1|-1,-1|2,1|-1,-1|-1,-1|-1,-1|
#setting_targetting_pos=18,25|17,14|-1,-1|2,29|17,8|24,25|-1,-1|
#type=5,4,4,0,4,5,4,
d....u.
#0001011111101101111
#assigned_pet=-1,9,-1,-1,9,-1,-1,
#assigned_hub=5,4,7,-1,3,8,1,
#moving_targetting_pos=-1,-1|-1,-1|-1,-1|2,1|-1,-1|26,26|-1,-1|
#setting_targetting_pos=-1,-1|17,14|-1,-1|2,29|17,8|-1,-1|-1,-1|
#type=4,5,4,0,5,4,4,
.l..r..
#0001011111101101111
#assigned_pet=-1,1,-1,-1,1,-1,-1,
#assigned_hub=5,4,7,-1,3,8,1,
#moving_targetting_pos=-1,-1|-1,-1|-1,-1|2,1|-1,-1|26,26|-1,-1|
#setting_targetting_pos=-1,-1|15,14|-1,-1|2,29|15,8|-1,-1|-1,-1|
#type=4,4,4,0,4,4,4,
.U..U..
#0001011111101101111
#assigned_pet=-1,1,-1,-1,1,-1,-1,
#assigned_hub=5,4,7,-1,3,8,1,
#moving_targetting_pos=-1,-1|-1,-1|-1,-1|2,1|-1,-1|26,26|-1,-1|
#setting_targetting_pos=-1,-1|15,14|-1,-1|2,29|15,8|-1,-1|-1,-1|
#type=4,4,4,0,4,4,4,
.L..R..
#0001011111101101111
#assigned_pet=-1,1,-1,-1,1,-1,-1,
#assigned_hub=5,4,7,-1,3,8,1,
#moving_targetting_pos=-1,-1|-1,-1|-1,-1|2,1|-1,-1|26,26|-1,-1|
#setting_targetting_pos=-1,-1|15,14|-1,-1|2,29|15,8|-1,-1|-1,-1|
#type=4,4,4,0,4,4,4,
.......
#0101011111101101111
#assigned_pet=-1,1,-1,-1,1,-1,-1,
#assigned_hub=5,4,7,-1,3,8,1,
#moving_targetting_pos=-1,-1|-1,-1|-1,-1|2,1|-1,-1|26,26|-1,-1|
#setting_targetting_pos=-1,-1|15,14|-1,-1|2,29|15,8|-1,-1|-1,-1|
#type=4,5,4,0,5,4,4,
.u..u..
#0101011111101101111
#assigned_pet=-1,0,0,-1,-1,-1,-1,
#assigned_hub=5,4,7,-1,3,8,1,
#moving_targetting_pos=-1,-1|-1,-1|-1,-1|2,1|16,6|26,26|-1,-1|
#setting_targetting_pos=-1,-1|18,15|24,15|2,29|-1,-1|-1,-1|-1,-1|
#type=4,4,4,0,4,4,4,
.RL....
#0101011111101101111
#assigned_pet=-1,0,0,-1,-1,-1,-1,
#assigned_hub=5,4,7,-1,3,8,1,
#moving_targetting_pos=-1,-1|-1,-1|-1,-1|2,1|16,6|26,26|-1,-1|
#setting_targetting_pos=-1,-1|18,15|24,15|2,29|-1,-1|-1,-1|-1,-1|
#type=4,4,4,0,4,4,4,
.DL....
#0101011111101101111
#assigned_pet=-1,0,0,-1,-1,-1,-1,
#assigned_hub=5,4,7,-1,3,8,1,
#moving_targetting_pos=-1,-1|-1,-1|-1,-1|2,1|16,6|26,26|-1,-1|
#setting_targetting_pos=-1,-1|18,15|24,15|2,29|-1,-1|-1,-1|-1,-1|
#type=4,4,4,0,4,4,4,
..L....
#0101011111101101111
#assigned_pet=-1,0,0,-1,-1,-1,-1,
#assigned_hub=5,4,7,-1,3,8,1,
#moving_targetting_pos=-1,-1|-1,-1|-1,-1|2,1|16,6|26,26|-1,-1|
#setting_targetting_pos=-1,-1|18,15|24,15|2,29|-1,-1|-1,-1|-1,-1|
#type=4,4,4,0,4,4,4,
..U....
#1101011111101101111
#assigned_pet=-1,0,0,-1,-1,-1,-1,
#assigned_hub=5,4,7,-1,3,8,1,
#moving_targetting_pos=-1,-1|-1,-1|-1,-1|2,1|16,6|26,26|-1,-1|
#setting_targetting_pos=-1,-1|18,15|24,15|2,29|-1,-1|-1,-1|-1,-1|
#type=4,5,5,0,4,4,4,
.du....
#1101011111101101111
#assigned_pet=-1,2,2,-1,-1,-1,-1,
#assigned_hub=5,4,7,-1,3,8,1,
#moving_targetting_pos=-1,-1|-1,-1|-1,-1|2,1|16,6|26,26|-1,-1|
#setting_targetting_pos=-1,-1|18,17|24,17|2,29|-1,-1|-1,-1|-1,-1|
#type=4,4,4,0,4,4,4,
.RR....
#1101011111101101111
#assigned_pet=-1,2,2,-1,-1,-1,-1,
#assigned_hub=5,4,7,-1,3,8,1,
#moving_targetting_pos=-1,-1|-1,-1|-1,-1|2,1|16,6|26,26|-1,-1|
#setting_targetting_pos=-1,-1|18,17|24,17|2,29|-1,-1|-1,-1|-1,-1|
#type=4,4,4,0,4,4,4,
.RR....
#1101011111101101111
#assigned_pet=-1,2,2,-1,-1,-1,-1,
#assigned_hub=5,4,7,-1,3,8,1,
#moving_targetting_pos=-1,-1|-1,-1|-1,-1|2,1|16,6|26,26|6,16|
#setting_targetting_pos=-1,-1|18,17|24,17|2,29|-1,-1|-1,-1|-1,-1|
#type=4,4,4,0,4,4,4,
.......
#1101011111101101111
#assigned_pet=4,4,-1,-1,-1,-1,-1,
#assigned_hub=5,4,7,-1,3,8,1,
#moving_targetting_pos=-1,-1|-1,-1|-1,-1|2,1|16,6|26,26|6,16|
#setting_targetting_pos=15,24|15,18|-1,-1|2,29|-1,-1|-1,-1|-1,-1|
#type=4,4,4,0,4,4,4,
LR.....
#1101011111101101111
#assigned_pet=14,14,-1,-1,-1,-1,-1,
#assigned_hub=5,4,7,-1,3,8,1,
#moving_targetting_pos=-1,-1|-1,-1|-1,-1|2,1|16,6|26,26|6,16|
#setting_targetting_pos=15,24|15,18|-1,-1|2,29|-1,-1|-1,-1|-1,-1|
#type=4,4,4,0,4,4,4,
UU.....
#1101011111101101111
#assigned_pet=14,14,-1,-1,-1,-1,-1,
#assigned_hub=5,4,7,-1,3,8,1,
#moving_targetting_pos=-1,-1|-1,-1|-1,-1|2,1|16,6|26,26|6,16|
#setting_targetting_pos=15,24|15,18|-1,-1|2,29|-1,-1|-1,-1|-1,-1|
#type=4,4,4,0,4,4,4,
.......
#1101011111101101111
#assigned_pet=14,14,-1,-1,-1,-1,-1,
#assigned_hub=5,4,7,-1,3,8,1,
#moving_targetting_pos=-1,-1|-1,-1|-1,-1|2,1|16,6|-1,-1|-1,-1|
#setting_targetting_pos=15,24|15,18|-1,-1|2,29|-1,-1|-1,-1|-1,-1|
#type=4,4,4,0,4,4,4,
.......
#1101011111101111111
#assigned_pet=14,14,-1,-1,-1,-1,-1,
#assigned_hub=5,4,7,2,3,8,1,
#moving_targetting_pos=-1,-1|-1,-1|-1,-1|6,26|16,6|26,26|6,16|
#setting_targetting_pos=15,24|15,18|-1,-1|2,29|-1,-1|-1,-1|-1,-1|
#type=5,5,4,3,4,4,4,
uu.L...
#1101011111101111111
#assigned_pet=-1,-1,-1,-1,-1,-1,-1,
#assigned_hub=5,4,7,2,3,8,1,
#moving_targetting_pos=-1,-1|-1,-1|-1,-1|6,26|16,6|26,26|6,16|
#setting_targetting_pos=-1,-1|-1,-1|-1,-1|-1,-1|-1,-1|-1,-1|-1,-1|
#type=4,4,4,3,4,4,4,
...L...
#1101011111101111111
#assigned_pet=-1,-1,2,-1,-1,-1,-1,
#assigned_hub=5,4,7,2,3,8,1,
#moving_targetting_pos=-1,-1|-1,-1|-1,-1|6,26|16,6|26,26|6,16|
#setting_targetting_pos=-1,-1|-1,-1|28,15|-1,-1|-1,-1|-1,-1|-1,-1|
#type=4,4,4,3,4,4,4,
..LD...
#1101011111101111111
#assigned_pet=-1,-1,11,-1,-1,-1,-1,
#assigned_hub=5,4,7,2,3,8,1,
#moving_targetting_pos=-1,-1|16,16|-1,-1|6,26|16,6|26,26|6,16|
#setting_targetting_pos=-1,-1|-1,-1|28,17|-1,-1|-1,-1|-1,-1|-1,-1|
#type=4,4,4,3,4,4,4,
..RD...
#1101011111101111111
#assigned_pet=-1,-1,11,-1,-1,-1,-1,
#assigned_hub=5,4,7,2,3,8,1,
#moving_targetting_pos=-1,-1|-1,-1|-1,-1|6,26|16,6|26,26|6,16|
#setting_targetting_pos=-1,-1|-1,-1|28,17|-1,-1|-1,-1|-1,-1|-1,-1|
#type=4,4,4,3,4,4,4,
..DL...
#1101011111101111111
#assigned_pet=4,-1,11,4,-1,-1,-1,
#assigned_hub=5,4,7,2,3,8,1,
#moving_targetting_pos=-1,-1|16,16|-1,-1|-1,-1|16,6|26,26|6,16|
#setting_targetting_pos=14,27|-1,-1|28,17|8,27|-1,-1|-1,-1|-1,-1|
#type=4,4,4,4,4,4,4,
R.DR...
#1101011111101111111
#assigned_pet=4,-1,11,4,-1,-1,-1,
#assigned_hub=5,4,7,2,3,8,1,
#moving_targetting_pos=-1,-1|-1,-1|-1,-1|-1,-1|16,6|26,26|6,16|
#setting_targetting_pos=14,27|-1,-1|28,17|8,27|-1,-1|-1,-1|-1,-1|
#type=4,4,4,4,4,4,4,
R..D...
#1101011111101111111
#assigned_pet=4,-1,2,4,-1,-1,-1,
#assigned_hub=5,4,7,2,3,8,1,
#moving_targetting_pos=-1,-1|-1,-1|-1,-1|-1,-1|16,6|26,26|6,16|
#setting_targetting_pos=14,27|-1,-1|28,17|8,27|-1,-1|-1,-1|-1,-1|
#type=4,4,4,4,4,4,4,
R..D...
#1111011111101111111
#assigned_pet=4,-1,2,4,-1,-1,-1,
#assigned_hub=5,4,7,2,3,8,1,
#moving_targetting_pos=-1,-1|-1,-1|-1,-1|-1,-1|16,6|26,26|6,16|
#setting_targetting_pos=14,27|-1,-1|28,17|8,27|-1,-1|-1,-1|-1,-1|
#type=4,4,5,4,4,4,4,
U.dD...
#1111011111101111111
#assigned_pet=-1,11,11,-1,-1,-1,-1,
#assigned_hub=5,4,7,2,3,8,1,
#moving_targetting_pos=-1,-1|-1,-1|-1,-1|-1,-1|16,6|26,26|6,16|
#setting_targetting_pos=-1,-1|18,17|24,17|-1,-1|-1,-1|-1,-1|-1,-1|
#type=4,4,4,4,4,4,4,
.LU....
#1111011111101111111
#assigned_pet=-1,11,11,-1,-1,-1,-1,
#assigned_hub=5,4,7,2,3,8,1,
#moving_targetting_pos=-1,-1|-1,-1|-1,-1|-1,-1|16,6|26,26|6,16|
#setting_targetting_pos=-1,-1|18,17|24,17|-1,-1|-1,-1|-1,-1|-1,-1|
#type=4,4,4,4,4,4,4,
.DU....
#1111011111111111111
#assigned_pet=-1,11,11,-1,-1,-1,-1,
#assigned_hub=5,4,7,2,3,8,1,
#moving_targetting_pos=-1,-1|-1,-1|-1,-1|-1,-1|16,6|26,26|6,16|
#setting_targetting_pos=-1,-1|18,17|24,17|-1,-1|-1,-1|-1,-1|-1,-1|
#type=4,5,5,4,4,4,4,
.du....
#1111011111111111111
#assigned_pet=-1,-1,-1,-1,-1,-1,-1,
#assigned_hub=5,4,7,2,3,8,1,
#moving_targetting_pos=-1,-1|16,16|26,16|-1,-1|16,6|26,26|6,16|
#setting_targetting_pos=-1,-1|-1,-1|-1,-1|-1,-1|-1,-1|-1,-1|-1,-1|
#type=4,4,4,4,4,4,4,
.......
#1111011111111111111
#assigned_pet=-1,-1,-1,-1,-1,-1,-1,
#assigned_hub=5,4,7,2,3,8,1,
#moving_targetting_pos=-1,-1|16,16|26,16|-1,-1|16,6|26,26|6,16|
#setting_targetting_pos=-1,-1|-1,-1|-1,-1|-1,-1|-1,-1|-1,-1|-1,-1|
#type=4,4,4,4,4,4,4,
.......
#1111011111111111111
#assigned_pet=-1,-1,-1,-1,-1,-1,-1,
#assigned_hub=5,4,7,2,3,8,1,
#moving_targetting_pos=-1,-1|16,16|26,16|-1,-1|16,6|26,26|6,16|
#setting_targetting_pos=-1,-1|-1,-1|-1,-1|-1,-1|-1,-1|-1,-1|-1,-1|
#type=4,4,4,4,4,4,4,
.......
#1111011111111111111
#assigned_pet=-1,-1,-1,-1,-1,-1,-1,
#assigned_hub=5,4,7,2,3,8,1,
#moving_targetting_pos=-1,-1|16,16|26,16|-1,-1|16,6|26,26|6,16|
#setting_targetting_pos=-1,-1|-1,-1|-1,-1|-1,-1|-1,-1|-1,-1|-1,-1|
#type=4,4,4,4,4,4,4,
.......
#1111011111111111111
#assigned_pet=-1,-1,-1,-1,-1,-1,-1,
#assigned_hub=5,4,7,2,3,8,1,
#moving_targetting_pos=-1,-1|16,16|26,16|-1,-1|16,6|26,26|6,16|
#setting_targetting_pos=-1,-1|-1,-1|-1,-1|-1,-1|-1,-1|-1,-1|-1,-1|
#type=4,4,4,4,4,4,4,
.......
#1111011111111111111
#assigned_pet=-1,-1,-1,-1,-1,-1,-1,
#assigned_hub=5,4,7,2,3,8,1,
#moving_targetting_pos=-1,-1|16,16|26,16|-1,-1|16,6|26,26|6,16|
#setting_targetting_pos=-1,-1|-1,-1|-1,-1|-1,-1|-1,-1|-1,-1|-1,-1|
#type=4,4,4,4,4,4,4,
.......
#1111011111111111111
#assigned_pet=4,-1,-1,4,-1,-1,-1,
#assigned_hub=5,4,7,2,3,8,1,
#moving_targetting_pos=-1,-1|16,16|26,16|-1,-1|16,6|26,26|6,16|
#setting_targetting_pos=14,25|-1,-1|-1,-1|8,25|-1,-1|-1,-1|-1,-1|
#type=4,4,4,4,4,4,4,
L..L...
#1111011111111111111
#assigned_pet=4,-1,-1,4,-1,-1,-1,
#assigned_hub=5,4,7,2,3,8,1,
#moving_targetting_pos=-1,-1|16,16|26,16|-1,-1|16,6|26,26|6,16|
#setting_targetting_pos=14,25|-1,-1|-1,-1|8,25|-1,-1|-1,-1|-1,-1|
#type=4,4,4,4,4,4,4,
L..L...
#1111111111111111111
#assigned_pet=4,-1,-1,4,-1,-1,-1,
#assigned_hub=5,4,7,2,3,8,1,
#moving_targetting_pos=-1,-1|16,16|26,16|-1,-1|16,6|26,26|6,16|
#setting_targetting_pos=14,25|-1,-1|-1,-1|8,25|-1,-1|-1,-1|-1,-1|
#type=5,4,4,5,4,4,4,
u..d...
#1111111111111111111
#assigned_pet=-1,-1,-1,-1,-1,-1,-1,
#assigned_hub=5,4,7,2,3,8,1,
#moving_targetting_pos=16,26|16,16|26,16|6,26|16,6|26,26|6,16|
#setting_targetting_pos=-1,-1|-1,-1|-1,-1|-1,-1|-1,-1|-1,-1|-1,-1|
#type=4,4,4,4,4,4,4,
.......
#1111111111111111111
#assigned_pet=-1,-1,-1,-1,-1,-1,-1,
#assigned_hub=5,4,7,2,3,8,1,
#moving_targetting_pos=16,26|16,16|26,16|6,26|16,6|26,26|6,16|
#setting_targetting_pos=-1,-1|-1,-1|-1,-1|-1,-1|-1,-1|-1,-1|-1,-1|
#type=4,4,4,4,4,4,4,
.......
#1111111111111111111
#assigned_pet=-1,-1,-1,-1,-1,-1,-1,
#assigned_hub=5,4,7,2,3,8,1,
#moving_targetting_pos=16,26|16,16|26,16|6,26|16,6|26,26|6,16|
#setting_targetting_pos=-1,-1|-1,-1|-1,-1|-1,-1|-1,-1|-1,-1|-1,-1|
#type=4,4,4,4,4,4,4,
.......
#1111111111111111111
#assigned_pet=-1,-1,-1,-1,-1,-1,-1,
#assigned_hub=5,4,7,2,3,8,1,
#moving_targetting_pos=16,26|16,16|26,16|6,26|16,6|26,26|6,16|
#setting_targetting_pos=-1,-1|-1,-1|-1,-1|-1,-1|-1,-1|-1,-1|-1,-1|
#type=4,4,4,4,4,4,4,
.......
#1111111111111111111
#assigned_pet=-1,-1,-1,-1,-1,-1,-1,
#assigned_hub=5,4,7,2,3,8,1,
#moving_targetting_pos=16,26|16,16|26,16|6,26|16,6|26,26|6,16|
#setting_targetting_pos=-1,-1|-1,-1|-1,-1|-1,-1|-1,-1|-1,-1|-1,-1|
#type=4,4,4,4,4,4,4,
.......
#1111111111111111111
#assigned_pet=-1,-1,-1,-1,-1,-1,-1,
#assigned_hub=5,4,7,2,3,8,1,
#moving_targetting_pos=16,26|16,16|26,16|6,26|16,6|26,26|6,16|
#setting_targetting_pos=-1,-1|-1,-1|-1,-1|-1,-1|-1,-1|-1,-1|-1,-1|
#type=4,4,4,4,4,4,4,
.......
#1111111111111111111
#assigned_pet=-1,-1,-1,-1,-1,-1,-1,
#assigned_hub=5,4,7,2,3,8,1,
#moving_targetting_pos=16,26|16,16|26,16|6,26|16,6|26,26|6,16|
#setting_targetting_pos=-1,-1|-1,-1|-1,-1|-1,-1|-1,-1|-1,-1|-1,-1|
#type=4,4,4,4,4,4,4,
.......
#1111111111111111111
#assigned_pet=-1,-1,-1,-1,-1,-1,-1,
#assigned_hub=5,4,7,2,3,8,1,
#moving_targetting_pos=16,26|16,16|26,16|6,26|16,6|26,26|6,16|
#setting_targetting_pos=-1,-1|-1,-1|-1,-1|-1,-1|-1,-1|-1,-1|-1,-1|
#type=4,4,4,4,4,4,4,
.......
#1111111111111111111
#assigned_pet=-1,-1,-1,-1,-1,-1,-1,
#assigned_hub=5,4,7,2,3,8,1,
#moving_targetting_pos=16,26|16,16|26,16|6,26|16,6|26,26|6,16|
#setting_targetting_pos=-1,-1|-1,-1|-1,-1|-1,-1|-1,-1|-1,-1|-1,-1|
#type=4,4,4,4,4,4,4,
.......
#1111111111111111111
#assigned_pet=-1,-1,-1,-1,-1,-1,-1,
#assigned_hub=5,4,7,2,3,8,1,
#moving_targetting_pos=16,26|16,16|26,16|6,26|16,6|26,26|6,16|
#setting_targetting_pos=-1,-1|-1,-1|-1,-1|-1,-1|-1,-1|-1,-1|-1,-1|
#type=4,4,4,4,4,4,4,
.......
#1111111111111111111
#assigned_pet=-1,-1,-1,-1,-1,-1,-1,
#assigned_hub=5,4,7,2,3,8,1,
#moving_targetting_pos=16,26|16,16|26,16|6,26|16,6|26,26|6,16|
#setting_targetting_pos=-1,-1|-1,-1|-1,-1|-1,-1|-1,-1|-1,-1|-1,-1|
#type=4,4,4,4,4,4,4,
.......
#1111111111111111111
#assigned_pet=-1,-1,-1,-1,-1,-1,-1,
#assigned_hub=5,4,7,2,3,8,1,
#moving_targetting_pos=16,26|16,16|26,16|6,26|16,6|26,26|6,16|
#setting_targetting_pos=-1,-1|-1,-1|-1,-1|-1,-1|-1,-1|-1,-1|-1,-1|
#type=4,4,4,4,4,4,4,
.......
#1111111111111111111
#assigned_pet=-1,-1,-1,-1,-1,-1,-1,
#assigned_hub=5,4,7,2,3,8,1,
#moving_targetting_pos=16,26|16,16|26,16|6,26|16,6|26,26|6,16|
#setting_targetting_pos=-1,-1|-1,-1|-1,-1|-1,-1|-1,-1|-1,-1|-1,-1|
#type=4,4,4,4,4,4,4,
.......
#1111111111111111111
#assigned_pet=-1,-1,-1,-1,-1,-1,-1,
#assigned_hub=5,4,7,2,3,8,1,
#moving_targetting_pos=16,26|16,16|26,16|6,26|16,6|26,26|6,16|
#setting_targetting_pos=-1,-1|-1,-1|-1,-1|-1,-1|-1,-1|-1,-1|-1,-1|
#type=4,4,4,4,4,4,4,
.......
#1111111111111111111
#assigned_pet=-1,-1,-1,-1,-1,-1,-1,
#assigned_hub=5,4,7,2,3,8,1,
#moving_targetting_pos=16,26|16,16|26,16|6,26|16,6|26,26|6,16|
#setting_targetting_pos=-1,-1|-1,-1|-1,-1|-1,-1|-1,-1|-1,-1|-1,-1|
#type=4,4,4,4,4,4,4,
.......
#1111111111111111111
#assigned_pet=-1,-1,-1,-1,-1,-1,-1,
#assigned_hub=5,4,7,2,3,8,1,
#moving_targetting_pos=16,26|16,16|26,16|6,26|16,6|26,26|6,16|
#setting_targetting_pos=-1,-1|-1,-1|-1,-1|-1,-1|-1,-1|-1,-1|-1,-1|
#type=4,4,4,4,4,4,4,
.......
#1111111111111111111
#assigned_pet=-1,-1,-1,-1,-1,-1,-1,
#assigned_hub=5,4,7,2,3,8,1,
#moving_targetting_pos=16,26|16,16|26,16|6,26|16,6|26,26|6,16|
#setting_targetting_pos=-1,-1|-1,-1|-1,-1|-1,-1|-1,-1|-1,-1|-1,-1|
#type=4,4,4,4,4,4,4,
.......
#1111111111111111111
#assigned_pet=-1,-1,-1,-1,-1,-1,-1,
#assigned_hub=5,4,7,2,3,8,1,
#moving_targetting_pos=16,26|16,16|26,16|6,26|16,6|26,26|6,16|
#setting_targetting_pos=-1,-1|-1,-1|-1,-1|-1,-1|-1,-1|-1,-1|-1,-1|
#type=4,4,4,4,4,4,4,
.......
#1111111111111111111
#assigned_pet=-1,-1,-1,-1,-1,-1,-1,
#assigned_hub=5,4,7,2,3,8,1,
#moving_targetting_pos=16,26|16,16|26,16|6,26|16,6|26,26|6,16|
#setting_targetting_pos=-1,-1|-1,-1|-1,-1|-1,-1|-1,-1|-1,-1|-1,-1|
#type=4,4,4,4,4,4,4,
.......
#1111111111111111111
#assigned_pet=-1,-1,-1,-1,-1,-1,-1,
#assigned_hub=5,4,7,2,3,8,1,
#moving_targetting_pos=16,26|16,16|26,16|6,26|16,6|26,26|6,16|
#setting_targetting_pos=-1,-1|-1,-1|-1,-1|-1,-1|-1,-1|-1,-1|-1,-1|
#type=4,4,4,4,4,4,4,
.......
#1111111111111111111
#assigned_pet=-1,-1,-1,-1,-1,-1,-1,
#assigned_hub=5,4,7,2,3,8,1,
#moving_targetting_pos=16,26|16,16|26,16|6,26|16,6|26,26|6,16|
#setting_targetting_pos=-1,-1|-1,-1|-1,-1|-1,-1|-1,-1|-1,-1|-1,-1|
#type=4,4,4,4,4,4,4,
.......
#1111111111111111111
#assigned_pet=-1,-1,-1,-1,-1,-1,-1,
#assigned_hub=5,4,7,2,3,8,1,
#moving_targetting_pos=16,26|16,16|26,16|6,26|16,6|26,26|6,16|
#setting_targetting_pos=-1,-1|-1,-1|-1,-1|-1,-1|-1,-1|-1,-1|-1,-1|
#type=4,4,4,4,4,4,4,
.......
#1111111111111111111
#assigned_pet=-1,-1,-1,-1,-1,-1,-1,
#assigned_hub=5,4,7,2,3,8,1,
#moving_targetting_pos=16,26|16,16|26,16|6,26|16,6|26,26|6,16|
#setting_targetting_pos=-1,-1|-1,-1|-1,-1|-1,-1|-1,-1|-1,-1|-1,-1|
#type=4,4,4,4,4,4,4,
.......
#1111111111111111111
#assigned_pet=-1,-1,-1,-1,-1,-1,-1,
#assigned_hub=5,4,7,2,3,8,1,
#moving_targetting_pos=16,26|16,16|26,16|6,26|16,6|26,26|6,16|
#setting_targetting_pos=-1,-1|-1,-1|-1,-1|-1,-1|-1,-1|-1,-1|-1,-1|
#type=4,4,4,4,4,4,4,
.......
#1111111111111111111
#assigned_pet=-1,-1,-1,-1,-1,-1,-1,
#assigned_hub=5,4,7,2,3,8,1,
#moving_targetting_pos=16,26|16,16|26,16|6,26|16,6|26,26|6,16|
#setting_targetting_pos=-1,-1|-1,-1|-1,-1|-1,-1|-1,-1|-1,-1|-1,-1|
#type=4,4,4,4,4,4,4,
.......
#1111111111111111111
#assigned_pet=-1,-1,-1,-1,-1,-1,-1,
#assigned_hub=5,4,7,2,3,8,1,
#moving_targetting_pos=16,26|16,16|26,16|6,26|16,6|26,26|6,16|
#setting_targetting_pos=-1,-1|-1,-1|-1,-1|-1,-1|-1,-1|-1,-1|-1,-1|
#type=4,4,4,4,4,4,4,
.......
#1111111111111111111
#assigned_pet=-1,-1,-1,-1,-1,-1,-1,
#assigned_hub=5,4,7,2,3,8,1,
#moving_targetting_pos=16,26|16,16|26,16|6,26|16,6|26,26|6,16|
#setting_targetting_pos=-1,-1|-1,-1|-1,-1|-1,-1|-1,-1|-1,-1|-1,-1|
#type=4,4,4,4,4,4,4,
.......
#1111111111111111111
#assigned_pet=-1,-1,-1,-1,-1,-1,-1,
#assigned_hub=5,4,7,2,3,8,1,
#moving_targetting_pos=16,26|16,16|26,16|6,26|16,6|26,26|6,16|
#setting_targetting_pos=-1,-1|-1,-1|-1,-1|-1,-1|-1,-1|-1,-1|-1,-1|
#type=4,4,4,4,4,4,4,
.......
#1111111111111111111
#assigned_pet=-1,-1,-1,-1,-1,-1,-1,
#assigned_hub=5,4,7,2,3,8,1,
#moving_targetting_pos=16,26|16,16|26,16|6,26|16,6|26,26|6,16|
#setting_targetting_pos=-1,-1|-1,-1|-1,-1|-1,-1|-1,-1|-1,-1|-1,-1|
#type=4,4,4,4,4,4,4,
.......
#1111111111111111111
#assigned_pet=-1,-1,-1,-1,-1,-1,-1,
#assigned_hub=5,4,7,2,3,8,1,
#moving_targetting_pos=16,26|16,16|26,16|6,26|16,6|26,26|6,16|
#setting_targetting_pos=-1,-1|-1,-1|-1,-1|-1,-1|-1,-1|-1,-1|-1,-1|
#type=4,4,4,4,4,4,4,
.......
#1111111111111111111
#assigned_pet=-1,-1,-1,-1,-1,-1,-1,
#assigned_hub=5,4,7,2,3,8,1,
#moving_targetting_pos=16,26|16,16|26,16|6,26|16,6|26,26|6,16|
#setting_targetting_pos=-1,-1|-1,-1|-1,-1|-1,-1|-1,-1|-1,-1|-1,-1|
#type=4,4,4,4,4,4,4,
.......
#1111111111111111111
#assigned_pet=-1,-1,-1,-1,-1,-1,-1,
#assigned_hub=5,4,7,2,3,8,1,
#moving_targetting_pos=16,26|16,16|26,16|6,26|16,6|26,26|6,16|
#setting_targetting_pos=-1,-1|-1,-1|-1,-1|-1,-1|-1,-1|-1,-1|-1,-1|
#type=4,4,4,4,4,4,4,
.......
#1111111111111111111
#assigned_pet=-1,-1,-1,-1,-1,-1,-1,
#assigned_hub=5,4,7,2,3,8,1,
#moving_targetting_pos=16,26|16,16|26,16|6,26|16,6|26,26|6,16|
#setting_targetting_pos=-1,-1|-1,-1|-1,-1|-1,-1|-1,-1|-1,-1|-1,-1|
#type=4,4,4,4,4,4,4,
.......
#1111111111111111111
#assigned_pet=-1,-1,-1,-1,-1,-1,-1,
#assigned_hub=5,4,7,2,3,8,1,
#moving_targetting_pos=16,26|16,16|26,16|6,26|16,6|26,26|6,16|
#setting_targetting_pos=-1,-1|-1,-1|-1,-1|-1,-1|-1,-1|-1,-1|-1,-1|
#type=4,4,4,4,4,4,4,
.......
#1111111111111111111
#assigned_pet=-1,-1,-1,-1,-1,-1,-1,
#assigned_hub=5,4,7,2,3,8,1,
#moving_targetting_pos=16,26|16,16|26,16|6,26|16,6|26,26|6,16|
#setting_targetting_pos=-1,-1|-1,-1|-1,-1|-1,-1|-1,-1|-1,-1|-1,-1|
#type=4,4,4,4,4,4,4,
.......
#1111111111111111111
#assigned_pet=-1,-1,-1,-1,-1,-1,-1,
#assigned_hub=5,4,7,2,3,8,1,
#moving_targetting_pos=16,26|16,16|26,16|6,26|16,6|26,26|6,16|
#setting_targetting_pos=-1,-1|-1,-1|-1,-1|-1,-1|-1,-1|-1,-1|-1,-1|
#type=4,4,4,4,4,4,4,
.......
#1111111111111111111
#assigned_pet=-1,-1,-1,-1,-1,-1,-1,
#assigned_hub=5,4,7,2,3,8,1,
#moving_targetting_pos=16,26|16,16|26,16|6,26|16,6|26,26|6,16|
#setting_targetting_pos=-1,-1|-1,-1|-1,-1|-1,-1|-1,-1|-1,-1|-1,-1|
#type=4,4,4,4,4,4,4,
.......
#1111111111111111111
#assigned_pet=-1,-1,-1,-1,-1,-1,-1,
#assigned_hub=5,4,7,2,3,8,1,
#moving_targetting_pos=16,26|16,16|26,16|6,26|16,6|26,26|6,16|
#setting_targetting_pos=-1,-1|-1,-1|-1,-1|-1,-1|-1,-1|-1,-1|-1,-1|
#type=4,4,4,4,4,4,4,
.......
#1111111111111111111
#assigned_pet=-1,-1,-1,-1,-1,-1,-1,
#assigned_hub=5,4,7,2,3,8,1,
#moving_targetting_pos=16,26|16,16|26,16|6,26|16,6|26,26|6,16|
#setting_targetting_pos=-1,-1|-1,-1|-1,-1|-1,-1|-1,-1|-1,-1|-1,-1|
#type=4,4,4,4,4,4,4,
.......
#1111111111111111111
#assigned_pet=-1,-1,-1,-1,-1,-1,-1,
#assigned_hub=5,4,7,2,3,8,1,
#moving_targetting_pos=16,26|16,16|26,16|6,26|16,6|26,26|6,16|
#setting_targetting_pos=-1,-1|-1,-1|-1,-1|-1,-1|-1,-1|-1,-1|-1,-1|
#type=4,4,4,4,4,4,4,
.......
#1111111111111111111
#assigned_pet=-1,-1,-1,-1,-1,-1,-1,
#assigned_hub=5,4,7,2,3,8,1,
#moving_targetting_pos=16,26|16,16|26,16|6,26|16,6|26,26|6,16|
#setting_targetting_pos=-1,-1|-1,-1|-1,-1|-1,-1|-1,-1|-1,-1|-1,-1|
#type=4,4,4,4,4,4,4,
.......
#1111111111111111111
#assigned_pet=-1,-1,-1,-1,-1,-1,-1,
#assigned_hub=5,4,7,2,3,8,1,
#moving_targetting_pos=16,26|16,16|26,16|6,26|16,6|26,26|6,16|
#setting_targetting_pos=-1,-1|-1,-1|-1,-1|-1,-1|-1,-1|-1,-1|-1,-1|
#type=4,4,4,4,4,4,4,
.......
#1111111111111111111
#assigned_pet=-1,-1,-1,-1,-1,-1,-1,
#assigned_hub=5,4,7,2,3,8,1,
#moving_targetting_pos=16,26|16,16|26,16|6,26|16,6|26,26|6,16|
#setting_targetting_pos=-1,-1|-1,-1|-1,-1|-1,-1|-1,-1|-1,-1|-1,-1|
#type=4,4,4,4,4,4,4,
.......
#1111111111111111111
#assigned_pet=-1,-1,-1,-1,-1,-1,-1,
#assigned_hub=5,4,7,2,3,8,1,
#moving_targetting_pos=16,26|16,16|26,16|6,26|16,6|26,26|6,16|
#setting_targetting_pos=-1,-1|-1,-1|-1,-1|-1,-1|-1,-1|-1,-1|-1,-1|
#type=4,4,4,4,4,4,4,
.......
#1111111111111111111
#assigned_pet=-1,-1,-1,-1,-1,-1,-1,
#assigned_hub=5,4,7,2,3,8,1,
#moving_targetting_pos=16,26|16,16|26,16|6,26|16,6|26,26|6,16|
#setting_targetting_pos=-1,-1|-1,-1|-1,-1|-1,-1|-1,-1|-1,-1|-1,-1|
#type=4,4,4,4,4,4,4,
.......
#1111111111111111111
#assigned_pet=-1,-1,-1,-1,-1,-1,-1,
#assigned_hub=5,4,7,2,3,8,1,
#moving_targetting_pos=16,26|16,16|26,16|6,26|16,6|26,26|6,16|
#setting_targetting_pos=-1,-1|-1,-1|-1,-1|-1,-1|-1,-1|-1,-1|-1,-1|
#type=4,4,4,4,4,4,4,
.......
#1111111111111111111
#assigned_pet=-1,-1,-1,-1,-1,-1,-1,
#assigned_hub=5,4,7,2,3,8,1,
#moving_targetting_pos=16,26|16,16|26,16|6,26|16,6|26,26|6,16|
#setting_targetting_pos=-1,-1|-1,-1|-1,-1|-1,-1|-1,-1|-1,-1|-1,-1|
#type=4,4,4,4,4,4,4,
.......
#1111111111111111111
#assigned_pet=-1,-1,-1,-1,-1,-1,-1,
#assigned_hub=5,4,7,2,3,8,1,
#moving_targetting_pos=16,26|16,16|26,16|6,26|16,6|26,26|6,16|
#setting_targetting_pos=-1,-1|-1,-1|-1,-1|-1,-1|-1,-1|-1,-1|-1,-1|
#type=4,4,4,4,4,4,4,
.......
#1111111111111111111
#assigned_pet=-1,-1,-1,-1,-1,-1,-1,
#assigned_hub=5,4,7,2,3,8,1,
#moving_targetting_pos=16,26|16,16|26,16|6,26|16,6|26,26|6,16|
#setting_targetting_pos=-1,-1|-1,-1|-1,-1|-1,-1|-1,-1|-1,-1|-1,-1|
#type=4,4,4,4,4,4,4,
.......
#1111111111111111111
#assigned_pet=-1,-1,-1,-1,-1,-1,-1,
#assigned_hub=5,4,7,2,3,8,1,
#moving_targetting_pos=16,26|16,16|26,16|6,26|16,6|26,26|6,16|
#setting_targetting_pos=-1,-1|-1,-1|-1,-1|-1,-1|-1,-1|-1,-1|-1,-1|
#type=4,4,4,4,4,4,4,
.......
#1111111111111111111
#assigned_pet=-1,-1,-1,-1,-1,-1,-1,
#assigned_hub=5,4,7,2,3,8,1,
#moving_targetting_pos=16,26|16,16|26,16|6,26|16,6|26,26|6,16|
#setting_targetting_pos=-1,-1|-1,-1|-1,-1|-1,-1|-1,-1|-1,-1|-1,-1|
#type=4,4,4,4,4,4,4,
.......
#1111111111111111111
#assigned_pet=-1,-1,-1,-1,-1,-1,-1,
#assigned_hub=5,4,7,2,3,8,1,
#moving_targetting_pos=16,26|16,16|26,16|6,26|16,6|26,26|6,16|
#setting_targetting_pos=-1,-1|-1,-1|-1,-1|-1,-1|-1,-1|-1,-1|-1,-1|
#type=4,4,4,4,4,4,4,
.......
#1111111111111111111
#assigned_pet=-1,-1,-1,-1,-1,-1,-1,
#assigned_hub=5,4,7,2,3,8,1,
#moving_targetting_pos=16,26|16,16|26,16|6,26|16,6|26,26|6,16|
#setting_targetting_pos=-1,-1|-1,-1|-1,-1|-1,-1|-1,-1|-1,-1|-1,-1|
#type=4,4,4,4,4,4,4,
.......
#1111111111111111111
#assigned_pet=-1,-1,-1,-1,-1,-1,-1,
#assigned_hub=5,4,7,2,3,8,1,
#moving_targetting_pos=16,26|16,16|26,16|6,26|16,6|26,26|6,16|
#setting_targetting_pos=-1,-1|-1,-1|-1,-1|-1,-1|-1,-1|-1,-1|-1,-1|
#type=4,4,4,4,4,4,4,
.......
#1111111111111111111
#assigned_pet=-1,-1,-1,-1,-1,-1,-1,
#assigned_hub=5,4,7,2,3,8,1,
#moving_targetting_pos=16,26|16,16|26,16|6,26|16,6|26,26|6,16|
#setting_targetting_pos=-1,-1|-1,-1|-1,-1|-1,-1|-1,-1|-1,-1|-1,-1|
#type=4,4,4,4,4,4,4,
.......
#1111111111111111111
#assigned_pet=-1,-1,-1,-1,-1,-1,-1,
#assigned_hub=5,4,7,2,3,8,1,
#moving_targetting_pos=16,26|16,16|26,16|6,26|16,6|26,26|6,16|
#setting_targetting_pos=-1,-1|-1,-1|-1,-1|-1,-1|-1,-1|-1,-1|-1,-1|
#type=4,4,4,4,4,4,4,
.......
#1111111111111111111
#assigned_pet=-1,-1,-1,-1,-1,-1,-1,
#assigned_hub=5,4,7,2,3,8,1,
#moving_targetting_pos=16,26|16,16|26,16|6,26|16,6|26,26|6,16|
#setting_targetting_pos=-1,-1|-1,-1|-1,-1|-1,-1|-1,-1|-1,-1|-1,-1|
#type=4,4,4,4,4,4,4,
.......
#1111111111111111111
#assigned_pet=-1,-1,-1,-1,-1,-1,-1,
#assigned_hub=5,4,7,2,3,8,1,
#moving_targetting_pos=16,26|16,16|26,16|6,26|16,6|26,26|6,16|
#setting_targetting_pos=-1,-1|-1,-1|-1,-1|-1,-1|-1,-1|-1,-1|-1,-1|
#type=4,4,4,4,4,4,4,
.......
#1111111111111111111
#assigned_pet=-1,-1,-1,-1,-1,-1,-1,
#assigned_hub=5,4,7,2,3,8,1,
#moving_targetting_pos=16,26|16,16|26,16|6,26|16,6|26,26|6,16|
#setting_targetting_pos=-1,-1|-1,-1|-1,-1|-1,-1|-1,-1|-1,-1|-1,-1|
#type=4,4,4,4,4,4,4,
.......
#1111111111111111111
#assigned_pet=-1,-1,-1,-1,-1,-1,-1,
#assigned_hub=5,4,7,2,3,8,1,
#moving_targetting_pos=16,26|16,16|26,16|6,26|16,6|26,26|6,16|
#setting_targetting_pos=-1,-1|-1,-1|-1,-1|-1,-1|-1,-1|-1,-1|-1,-1|
#type=4,4,4,4,4,4,4,
.......
#1111111111111111111
#assigned_pet=-1,-1,-1,-1,-1,-1,-1,
#assigned_hub=5,4,7,2,3,8,1,
#moving_targetting_pos=16,26|16,16|26,16|6,26|16,6|26,26|6,16|
#setting_targetting_pos=-1,-1|-1,-1|-1,-1|-1,-1|-1,-1|-1,-1|-1,-1|
#type=4,4,4,4,4,4,4,
.......
#1111111111111111111
#assigned_pet=-1,-1,-1,-1,-1,-1,-1,
#assigned_hub=5,4,7,2,3,8,1,
#moving_targetting_pos=16,26|16,16|26,16|6,26|16,6|26,26|6,16|
#setting_targetting_pos=-1,-1|-1,-1|-1,-1|-1,-1|-1,-1|-1,-1|-1,-1|
#type=4,4,4,4,4,4,4,
.......
#1111111111111111111
#assigned_pet=-1,-1,-1,-1,-1,-1,-1,
#assigned_hub=5,4,7,2,3,8,1,
#moving_targetting_pos=16,26|16,16|26,16|6,26|16,6|26,26|6,16|
#setting_targetting_pos=-1,-1|-1,-1|-1,-1|-1,-1|-1,-1|-1,-1|-1,-1|
#type=4,4,4,4,4,4,4,
.......
#1111111111111111111
#assigned_pet=-1,-1,-1,-1,-1,-1,-1,
#assigned_hub=5,4,7,2,3,8,1,
#moving_targetting_pos=16,26|16,16|26,16|6,26|16,6|26,26|6,16|
#setting_targetting_pos=-1,-1|-1,-1|-1,-1|-1,-1|-1,-1|-1,-1|-1,-1|
#type=4,4,4,4,4,4,4,
.......
#1111111111111111111
#assigned_pet=-1,-1,-1,-1,-1,-1,-1,
#assigned_hub=5,4,7,2,3,8,1,
#moving_targetting_pos=16,26|16,16|26,16|6,26|16,6|26,26|6,16|
#setting_targetting_pos=-1,-1|-1,-1|-1,-1|-1,-1|-1,-1|-1,-1|-1,-1|
#type=4,4,4,4,4,4,4,
.......
#1111111111111111111
#assigned_pet=-1,-1,-1,-1,-1,-1,-1,
#assigned_hub=5,4,7,2,3,8,1,
#moving_targetting_pos=16,26|16,16|26,16|6,26|16,6|26,26|6,16|
#setting_targetting_pos=-1,-1|-1,-1|-1,-1|-1,-1|-1,-1|-1,-1|-1,-1|
#type=4,4,4,4,4,4,4,
.......
#1111111111111111111
#assigned_pet=-1,-1,-1,-1,-1,-1,-1,
#assigned_hub=5,4,7,2,3,8,1,
#moving_targetting_pos=16,26|16,16|26,16|6,26|16,6|26,26|6,16|
#setting_targetting_pos=-1,-1|-1,-1|-1,-1|-1,-1|-1,-1|-1,-1|-1,-1|
#type=4,4,4,4,4,4,4,
.......
#1111111111111111111
#assigned_pet=-1,-1,-1,-1,-1,-1,-1,
#assigned_hub=5,4,7,2,3,8,1,
#moving_targetting_pos=16,26|16,16|26,16|6,26|16,6|26,26|6,16|
#setting_targetting_pos=-1,-1|-1,-1|-1,-1|-1,-1|-1,-1|-1,-1|-1,-1|
#type=4,4,4,4,4,4,4,
.......
#1111111111111111111
#assigned_pet=-1,-1,-1,-1,-1,-1,-1,
#assigned_hub=5,4,7,2,3,8,1,
#moving_targetting_pos=16,26|16,16|26,16|6,26|16,6|26,26|6,16|
#setting_targetting_pos=-1,-1|-1,-1|-1,-1|-1,-1|-1,-1|-1,-1|-1,-1|
#type=4,4,4,4,4,4,4,
.......
#1111111111111111111
#assigned_pet=-1,-1,-1,-1,-1,-1,-1,
#assigned_hub=5,4,7,2,3,8,1,
#moving_targetting_pos=16,26|16,16|26,16|6,26|16,6|26,26|6,16|
#setting_targetting_pos=-1,-1|-1,-1|-1,-1|-1,-1|-1,-1|-1,-1|-1,-1|
#type=4,4,4,4,4,4,4,
.......
#1111111111111111111
#assigned_pet=-1,-1,-1,-1,-1,-1,-1,
#assigned_hub=5,4,7,2,3,8,1,
#moving_targetting_pos=16,26|16,16|26,16|6,26|16,6|26,26|6,16|
#setting_targetting_pos=-1,-1|-1,-1|-1,-1|-1,-1|-1,-1|-1,-1|-1,-1|
#type=4,4,4,4,4,4,4,
.......
#1111111111111111111
#assigned_pet=-1,-1,-1,-1,-1,-1,-1,
#assigned_hub=5,4,7,2,3,8,1,
#moving_targetting_pos=16,26|16,16|26,16|6,26|16,6|26,26|6,16|
#setting_targetting_pos=-1,-1|-1,-1|-1,-1|-1,-1|-1,-1|-1,-1|-1,-1|
#type=4,4,4,4,4,4,4,
.......
#1111111111111111111
#assigned_pet=-1,-1,-1,-1,-1,-1,-1,
#assigned_hub=5,4,7,2,3,8,1,
#moving_targetting_pos=16,26|16,16|26,16|6,26|16,6|26,26|6,16|
#setting_targetting_pos=-1,-1|-1,-1|-1,-1|-1,-1|-1,-1|-1,-1|-1,-1|
#type=4,4,4,4,4,4,4,
.......
#1111111111111111111
#assigned_pet=-1,-1,-1,-1,-1,-1,-1,
#assigned_hub=5,4,7,2,3,8,1,
#moving_targetting_pos=16,26|16,16|26,16|6,26|16,6|26,26|6,16|
#setting_targetting_pos=-1,-1|-1,-1|-1,-1|-1,-1|-1,-1|-1,-1|-1,-1|
#type=4,4,4,4,4,4,4,
.......
#1111111111111111111
#assigned_pet=-1,-1,-1,-1,-1,-1,-1,
#assigned_hub=5,4,7,2,3,8,1,
#moving_targetting_pos=16,26|16,16|26,16|6,26|16,6|26,26|6,16|
#setting_targetting_pos=-1,-1|-1,-1|-1,-1|-1,-1|-1,-1|-1,-1|-1,-1|
#type=4,4,4,4,4,4,4,
.......
#1111111111111111111
#assigned_pet=-1,-1,-1,-1,-1,-1,-1,
#assigned_hub=5,4,7,2,3,8,1,
#moving_targetting_pos=16,26|16,16|26,16|6,26|16,6|26,26|6,16|
#setting_targetting_pos=-1,-1|-1,-1|-1,-1|-1,-1|-1,-1|-1,-1|-1,-1|
#type=4,4,4,4,4,4,4,
.......
#1111111111111111111
#assigned_pet=-1,-1,-1,-1,-1,-1,-1,
#assigned_hub=5,4,7,2,3,8,1,
#moving_targetting_pos=16,26|16,16|26,16|6,26|16,6|26,26|6,16|
#setting_targetting_pos=-1,-1|-1,-1|-1,-1|-1,-1|-1,-1|-1,-1|-1,-1|
#type=4,4,4,4,4,4,4,
.......
#1111111111111111111
#assigned_pet=-1,-1,-1,-1,-1,-1,-1,
#assigned_hub=5,4,7,2,3,8,1,
#moving_targetting_pos=16,26|16,16|26,16|6,26|16,6|26,26|6,16|
#setting_targetting_pos=-1,-1|-1,-1|-1,-1|-1,-1|-1,-1|-1,-1|-1,-1|
#type=4,4,4,4,4,4,4,
.......
#1111111111111111111
#assigned_pet=-1,-1,-1,-1,-1,-1,-1,
#assigned_hub=5,4,7,2,3,8,1,
#moving_targetting_pos=16,26|16,16|26,16|6,26|16,6|26,26|6,16|
#setting_targetting_pos=-1,-1|-1,-1|-1,-1|-1,-1|-1,-1|-1,-1|-1,-1|
#type=4,4,4,4,4,4,4,
.......
#1111111111111111111
#assigned_pet=-1,-1,-1,-1,-1,-1,-1,
#assigned_hub=5,4,7,2,3,8,1,
#moving_targetting_pos=16,26|16,16|26,16|6,26|16,6|26,26|6,16|
#setting_targetting_pos=-1,-1|-1,-1|-1,-1|-1,-1|-1,-1|-1,-1|-1,-1|
#type=4,4,4,4,4,4,4,
.......
#1111111111111111111
#assigned_pet=-1,-1,-1,-1,-1,-1,-1,
#assigned_hub=5,4,7,2,3,8,1,
#moving_targetting_pos=16,26|16,16|26,16|6,26|16,6|26,26|6,16|
#setting_targetting_pos=-1,-1|-1,-1|-1,-1|-1,-1|-1,-1|-1,-1|-1,-1|
#type=4,4,4,4,4,4,4,
.......
#1111111111111111111
#assigned_pet=-1,-1,-1,-1,-1,-1,-1,
#assigned_hub=5,4,7,2,3,8,1,
#moving_targetting_pos=16,26|16,16|26,16|6,26|16,6|26,26|6,16|
#setting_targetting_pos=-1,-1|-1,-1|-1,-1|-1,-1|-1,-1|-1,-1|-1,-1|
#type=4,4,4,4,4,4,4,
.......
#1111111111111111111
#assigned_pet=-1,-1,-1,-1,-1,-1,-1,
#assigned_hub=5,4,7,2,3,8,1,
#moving_targetting_pos=16,26|16,16|26,16|6,26|16,6|26,26|6,16|
#setting_targetting_pos=-1,-1|-1,-1|-1,-1|-1,-1|-1,-1|-1,-1|-1,-1|
#type=4,4,4,4,4,4,4,
.......
#1111111111111111111
#assigned_pet=-1,-1,-1,-1,-1,-1,-1,
#assigned_hub=5,4,7,2,3,8,1,
#moving_targetting_pos=16,26|16,16|26,16|6,26|16,6|26,26|6,16|
#setting_targetting_pos=-1,-1|-1,-1|-1,-1|-1,-1|-1,-1|-1,-1|-1,-1|
#type=4,4,4,4,4,4,4,
.......
#1111111111111111111
#assigned_pet=-1,-1,-1,-1,-1,-1,-1,
#assigned_hub=5,4,7,2,3,8,1,
#moving_targetting_pos=16,26|16,16|26,16|6,26|16,6|26,26|6,16|
#setting_targetting_pos=-1,-1|-1,-1|-1,-1|-1,-1|-1,-1|-1,-1|-1,-1|
#type=4,4,4,4,4,4,4,
.......
#1111111111111111111
#assigned_pet=-1,-1,-1,-1,-1,-1,-1,
#assigned_hub=5,4,7,2,3,8,1,
#moving_targetting_pos=16,26|16,16|26,16|6,26|16,6|26,26|6,16|
#setting_targetting_pos=-1,-1|-1,-1|-1,-1|-1,-1|-1,-1|-1,-1|-1,-1|
#type=4,4,4,4,4,4,4,
.......
#1111111111111111111
#assigned_pet=-1,-1,-1,-1,-1,-1,-1,
#assigned_hub=5,4,7,2,3,8,1,
#moving_targetting_pos=16,26|16,16|26,16|6,26|16,6|26,26|6,16|
#setting_targetting_pos=-1,-1|-1,-1|-1,-1|-1,-1|-1,-1|-1,-1|-1,-1|
#type=4,4,4,4,4,4,4,
.......
#1111111111111111111
#assigned_pet=-1,-1,-1,-1,-1,-1,-1,
#assigned_hub=5,4,7,2,3,8,1,
#moving_targetting_pos=16,26|16,16|26,16|6,26|16,6|26,26|6,16|
#setting_targetting_pos=-1,-1|-1,-1|-1,-1|-1,-1|-1,-1|-1,-1|-1,-1|
#type=4,4,4,4,4,4,4,
.......
#1111111111111111111
#assigned_pet=-1,-1,-1,-1,-1,-1,-1,
#assigned_hub=5,4,7,2,3,8,1,
#moving_targetting_pos=16,26|16,16|26,16|6,26|16,6|26,26|6,16|
#setting_targetting_pos=-1,-1|-1,-1|-1,-1|-1,-1|-1,-1|-1,-1|-1,-1|
#type=4,4,4,4,4,4,4,
.......
#1111111111111111111
#assigned_pet=-1,-1,-1,-1,-1,-1,-1,
#assigned_hub=5,4,7,2,3,8,1,
#moving_targetting_pos=16,26|16,16|26,16|6,26|16,6|26,26|6,16|
#setting_targetting_pos=-1,-1|-1,-1|-1,-1|-1,-1|-1,-1|-1,-1|-1,-1|
#type=4,4,4,4,4,4,4,
.......
#1111111111111111111
#assigned_pet=-1,-1,-1,-1,-1,-1,-1,
#assigned_hub=5,4,7,2,3,8,1,
#moving_targetting_pos=16,26|16,16|26,16|6,26|16,6|26,26|6,16|
#setting_targetting_pos=-1,-1|-1,-1|-1,-1|-1,-1|-1,-1|-1,-1|-1,-1|
#type=4,4,4,4,4,4,4,
.......
#1111111111111111111
#assigned_pet=-1,-1,-1,-1,-1,-1,-1,
#assigned_hub=5,4,7,2,3,8,1,
#moving_targetting_pos=16,26|16,16|26,16|6,26|16,6|26,26|6,16|
#setting_targetting_pos=-1,-1|-1,-1|-1,-1|-1,-1|-1,-1|-1,-1|-1,-1|
#type=4,4,4,4,4,4,4,
.......
#1111111111111111111
#assigned_pet=-1,-1,-1,-1,-1,-1,-1,
#assigned_hub=5,4,7,2,3,8,1,
#moving_targetting_pos=16,26|16,16|26,16|6,26|16,6|26,26|6,16|
#setting_targetting_pos=-1,-1|-1,-1|-1,-1|-1,-1|-1,-1|-1,-1|-1,-1|
#type=4,4,4,4,4,4,4,
.......
#1111111111111111111
#assigned_pet=-1,-1,-1,-1,-1,-1,-1,
#assigned_hub=5,4,7,2,3,8,1,
#moving_targetting_pos=16,26|16,16|26,16|6,26|16,6|26,26|6,16|
#setting_targetting_pos=-1,-1|-1,-1|-1,-1|-1,-1|-1,-1|-1,-1|-1,-1|
#type=4,4,4,4,4,4,4,
.......
#1111111111111111111
#assigned_pet=-1,-1,-1,-1,-1,-1,-1,
#assigned_hub=5,4,7,2,3,8,1,
#moving_targetting_pos=16,26|16,16|26,16|6,26|16,6|26,26|6,16|
#setting_targetting_pos=-1,-1|-1,-1|-1,-1|-1,-1|-1,-1|-1,-1|-1,-1|
#type=4,4,4,4,4,4,4,
.......
#1111111111111111111
#assigned_pet=-1,-1,-1,-1,-1,-1,-1,
#assigned_hub=5,4,7,2,3,8,1,
#moving_targetting_pos=16,26|16,16|26,16|6,26|16,6|26,26|6,16|
#setting_targetting_pos=-1,-1|-1,-1|-1,-1|-1,-1|-1,-1|-1,-1|-1,-1|
#type=4,4,4,4,4,4,4,
.......
#1111111111111111111
#assigned_pet=-1,-1,-1,-1,-1,-1,-1,
#assigned_hub=5,4,7,2,3,8,1,
#moving_targetting_pos=16,26|16,16|26,16|6,26|16,6|26,26|6,16|
#setting_targetting_pos=-1,-1|-1,-1|-1,-1|-1,-1|-1,-1|-1,-1|-1,-1|
#type=4,4,4,4,4,4,4,
.......
#1111111111111111111
#assigned_pet=-1,-1,-1,-1,-1,-1,-1,
#assigned_hub=5,4,7,2,3,8,1,
#moving_targetting_pos=16,26|16,16|26,16|6,26|16,6|26,26|6,16|
#setting_targetting_pos=-1,-1|-1,-1|-1,-1|-1,-1|-1,-1|-1,-1|-1,-1|
#type=4,4,4,4,4,4,4,
.......
#1111111111111111111
#assigned_pet=-1,-1,-1,-1,-1,-1,-1,
#assigned_hub=5,4,7,2,3,8,1,
#moving_targetting_pos=16,26|16,16|26,16|6,26|16,6|26,26|6,16|
#setting_targetting_pos=-1,-1|-1,-1|-1,-1|-1,-1|-1,-1|-1,-1|-1,-1|
#type=4,4,4,4,4,4,4,
.......
