#000000000000000
#assigned_pet=-1,-1,-1,-1,-1,-1,-1,-1,-1,-1,
#assigned_hub=-1,-1,-1,-1,-1,-1,-1,-1,-1,5,
#moving_targetting_pos=19,30|22,1|25,1|15,30|12,29|2,29|5,30|9,2|29,2|16,26|
#setting_targetting_pos=19,2|22,29|25,30|15,1|12,1|2,1|5,1|9,30|29,30|0,0|
#type=1,1,1,1,1,1,1,1,1,3,
RLLRRRRLLL
#000000000000000
#assigned_pet=-1,-1,-1,-1,-1,-1,-1,-1,-1,-1,
#assigned_hub=-1,-1,-1,-1,-1,-1,-1,-1,-1,5,
#moving_targetting_pos=19,30|22,1|25,1|15,30|12,29|2,29|5,30|9,2|29,2|16,26|
#setting_targetting_pos=19,2|22,29|25,30|15,1|12,1|2,1|5,1|9,30|29,30|-1,-1|
#type=1,1,1,1,1,1,1,1,1,3,
RLLRRRRLLU
#000000000000000
#assigned_pet=-1,-1,-1,-1,-1,-1,-1,-1,-1,-1,
#assigned_hub=-1,-1,-1,-1,-1,-1,-1,-1,-1,8,
#moving_targetting_pos=19,30|22,1|25,1|15,30|12,29|2,29|5,30|9,2|29,2|26,26|
#setting_targetting_pos=19,2|22,29|25,30|15,1|12,1|2,1|5,1|9,30|29,30|-1,-1|
#type=1,1,1,1,1,1,1,1,1,3,
RLLRRRRLLD
#000000000000000
#assigned_pet=-1,-1,-1,-1,-1,-1,-1,-1,-1,-1,
#assigned_hub=-1,-1,-1,-1,-1,-1,-1,-1,-1,8,
#moving_targetting_pos=19,30|22,1|25,1|15,30|12,29|2,29|5,30|9,2|29,2|-1,-1|
#setting_targetting_pos=19,2|22,29|25,30|15,1|12,1|2,1|5,1|9,30|29,30|-1,-1|
#type=1,1,1,1,1,1,1,1,1,4,
RLLURRRLL.
#000000000000000
#assigned_pet=-1,-1,-1,-1,-1,-1,-1,-1,-1,-1,
#assigned_hub=-1,-1,-1,-1,-1,-1,-1,-1,-1,8,
#moving_targetting_pos=19,30|22,1|25,1|15,30|12,29|2,29|5,30|9,2|29,2|-1,-1|
#setting_targetting_pos=19,2|22,29|25,30|15,1|12,1|2,1|5,1|9,30|29,30|-1,-1|
#type=1,1,1,1,1,1,1,1,1,4,
RLLURRRLL.
#000000000000000
#assigned_pet=-1,-1,-1,-1,-1,-1,-1,-1,-1,0,
#assigned_hub=-1,-1,-1,-1,-1,-1,-1,-1,-1,8,
#moving_targetting_pos=19,30|22,1|25,1|15,30|12,29|2,29|5,30|9,2|29,2|-1,-1|
#setting_targetting_pos=19,2|22,29|25,30|15,1|12,1|2,1|5,1|9,30|29,30|28,25|
#type=1,1,1,1,1,1,1,1,1,4,
ULLUURRLLL
#000000000000000
#assigned_pet=-1,-1,-1,-1,-1,-1,-1,-1,-1,0,
#assigned_hub=-1,-1,-1,-1,-1,-1,-1,-1,-1,8,
#moving_targetting_pos=19,30|22,1|25,1|15,30|12,29|2,29|5,30|9,2|29,2|-1,-1|
#setting_targetting_pos=19,2|22,29|25,30|15,1|12,1|2,1|5,1|9,30|29,30|28,25|
#type=2,1,1,2,1,1,1,1,1,4,
dLLdUURLLD
#000000000000000
#assigned_pet=-1,-1,-1,-1,-1,-1,-1,-1,-1,0,
#assigned_hub=-1,-1,-1,-1,-1,-1,-1,-1,-1,8,
#moving_targetting_pos=19,30|22,1|25,1|15,30|12,29|2,29|5,30|9,2|29,2|-1,-1|
#setting_targetting_pos=19,2|22,29|25,30|15,1|12,1|2,1|5,1|9,30|29,30|28,25|
#type=2,1,1,2,1,2,1,1,1,4,
LLLLUrRLLD
#000000000000000
#assigned_pet=-1,-1,-1,-1,-1,-1,-1,-1,-1,-1,
#assigned_hub=-1,-1,-1,-1,-1,-1,-1,-1,-1,8,
#moving_targetting_pos=19,30|22,1|25,1|15,30|12,29|2,29|5,30|9,2|29,2|-1,-1|
#setting_targetting_pos=19,2|22,29|25,30|15,1|12,1|2,1|5,1|9,30|29,30|-1,-1|
#type=2,1,1,2,1,2,1,1,1,4,
LLL.UdRLD.
#000000000000000
#assigned_pet=-1,-1,-1,-1,-1,-1,-1,-1,-1,-1,
#assigned_hub=-1,-1,-1,-1,-1,-1,-1,-1,-1,8,
#moving_targetting_pos=19,30|22,1|25,1|15,30|12,29|2,29|5,30|9,2|29,2|-1,-1|
#setting_targetting_pos=19,2|22,29|25,30|15,1|12,1|2,1|5,1|9,30|29,30|-1,-1|
#type=2,1,1,2,1,2,1,1,1,4,
rLL.ULULD.
#000000000000000
#assigned_pet=-1,-1,-1,-1,-1,-1,-1,-1,-1,-1,
#assigned_hub=-1,-1,-1,-1,-1,-1,-1,-1,-1,8,
#moving_targetting_pos=19,30|22,1|25,1|15,30|12,29|2,29|5,30|9,2|29,2|-1,-1|
#setting_targetting_pos=19,2|22,29|25,30|15,1|12,1|2,1|5,1|9,30|29,30|-1,-1|
#type=2,1,1,2,1,2,2,1,1,4,
uDL.UL.UD.
#000000000000000
#assigned_pet=-1,-1,-1,-1,-1,-1,-1,-1,-1,-1,
#assigned_hub=-1,-1,-1,-1,-1,-1,-1,-1,-1,8,
#moving_targetting_pos=19,30|22,1|25,1|15,30|12,29|2,29|5,30|9,2|29,2|-1,-1|
#setting_targetting_pos=19,2|22,29|25,30|15,1|12,1|2,1|5,1|9,30|29,30|-1,-1|
#type=2,1,1,2,1,2,2,1,1,4,
LDUdULdUD.
#000000000000000
#assigned_pet=-1,-1,-1,-1,-1,-1,-1,-1,-1,-1,
#assigned_hub=-1,-1,-1,-1,-1,-1,-1,-1,-1,8,
#moving_targetting_pos=19,30|22,1|25,1|15,30|12,29|2,29|5,30|9,2|29,2|-1,-1|
#setting_targetting_pos=19,2|22,29|25,30|15,1|12,1|2,1|5,1|9,30|29,30|-1,-1|
#type=2,2,2,2,1,2,2,1,1,4,
LudLUdLUD.
#000000000000000
#assigned_pet=-1,-1,-1,-1,-1,-1,-1,-1,-1,0,
#assigned_hub=-1,-1,-1,-1,-1,-1,-1,-1,-1,8,
#moving_targetting_pos=19,30|22,1|25,1|15,30|12,29|2,29|5,30|9,2|29,2|-1,-1|
#setting_targetting_pos=19,2|22,29|25,30|15,1|12,1|2,1|5,1|9,30|29,30|28,25|
#type=2,2,2,2,2,2,2,2,1,4,
dRRuruddDD
#000000000000000
#assigned_pet=-1,-1,-1,-1,-1,-1,-1,-1,-1,0,
#assigned_hub=-1,-1,-1,-1,-1,-1,-1,-1,-1,8,
#moving_targetting_pos=19,30|22,1|25,1|15,30|12,29|2,29|5,30|9,2|29,2|-1,-1|
#setting_targetting_pos=19,2|22,29|25,30|15,1|12,1|2,1|5,1|9,30|29,30|28,25|
#type=2,2,2,2,2,2,2,2,1,4,
LRdLdLLRD.
#000000000000000
#assigned_pet=-1,-1,-1,-1,-1,-1,-1,-1,-1,0,
#assigned_hub=-1,-1,-1,-1,-1,-1,-1,-1,-1,8,
#moving_targetting_pos=19,30|22,1|25,1|15,30|12,29|2,29|5,30|9,2|29,2|-1,-1|
#setting_targetting_pos=19,2|22,29|25,30|15,1|12,1|2,1|5,1|9,30|29,30|28,25|
#type=2,2,2,2,2,2,2,2,1,4,
rlRLLruRR.
#000000000000000
#assigned_pet=-1,-1,-1,-1,-1,-1,-1,-1,-1,-1,
#assigned_hub=-1,-1,-1,-1,-1,-1,-1,-1,-1,8,
#moving_targetting_pos=19,30|22,1|25,1|15,30|12,29|2,29|5,30|9,2|29,2|-1,-1|
#setting_targetting_pos=19,2|22,29|25,30|15,1|12,1|2,1|5,1|9,30|29,30|-1,-1|
#type=2,2,2,2,2,2,2,2,1,4,
LddLLLLuD.
#000000000000000
#assigned_pet=-1,-1,-1,-1,-1,-1,-1,-1,-1,0,
#assigned_hub=-1,-1,-1,-1,-1,-1,-1,-1,-1,8,
#moving_targetting_pos=19,30|22,1|25,1|15,30|12,29|2,29|5,30|9,2|29,2|-1,-1|
#setting_targetting_pos=19,2|22,29|25,30|15,1|12,1|2,1|5,1|9,30|29,30|28,25|
#type=2,2,2,2,2,2,2,2,1,4,
uRRLLLL.R.
#000000000000000
#assigned_pet=-1,-1,-1,-1,-1,-1,-1,-1,-1,-1,
#assigned_hub=-1,-1,-1,-1,-1,-1,-1,-1,-1,8,
#moving_targetting_pos=19,30|22,1|25,1|15,30|12,29|2,29|5,30|9,2|29,2|-1,-1|
#setting_targetting_pos=19,2|22,29|25,30|15,1|12,1|2,1|5,1|9,30|29,30|-1,-1|
#type=2,2,2,2,2,2,2,2,1,4,
LRu.ddLlD.
#000000000000000
#assigned_pet=-1,-1,-1,-1,-1,-1,-1,-1,-1,0,
#assigned_hub=-1,-1,-1,-1,-1,-1,-1,-1,-1,8,
#moving_targetting_pos=19,30|22,1|25,1|15,30|12,29|2,29|5,30|9,2|29,2|-1,-1|
#setting_targetting_pos=19,2|22,29|25,30|15,1|12,1|2,1|5,1|9,30|29,30|28,25|
#type=2,2,2,2,2,2,2,2,1,4,
LRRuuLLRR.
#000000000000000
#assigned_pet=-1,-1,-1,-1,-1,-1,-1,-1,-1,-1,
#assigned_hub=-1,-1,-1,-1,-1,-1,-1,-1,-1,8,
#moving_targetting_pos=19,30|22,1|25,1|15,30|12,29|2,29|5,30|9,2|29,2|-1,-1|
#setting_targetting_pos=19,2|22,29|25,30|15,1|12,1|2,1|5,1|9,30|29,30|-1,-1|
#type=2,2,2,2,2,2,2,2,1,4,
rdRLLLuRD.
#000000000000000
#assigned_pet=-1,-1,-1,-1,-1,-1,-1,-1,-1,-1,
#assigned_hub=-1,-1,-1,-1,-1,-1,-1,-1,-1,8,
#moving_targetting_pos=19,30|22,1|25,1|15,30|12,29|2,29|5,30|9,2|29,2|-1,-1|
#setting_targetting_pos=19,2|22,29|25,30|15,1|12,1|2,1|5,1|9,30|29,30|-1,-1|
#type=2,2,2,2,2,2,2,2,1,4,
duRdrrLdD.
#000000000000000
#assigned_pet=-1,-1,-1,-1,-1,-1,-1,-1,-1,-1,
#assigned_hub=-1,-1,-1,-1,-1,-1,-1,-1,-1,8,
#moving_targetting_pos=19,30|22,1|25,1|15,30|12,29|2,29|5,30|9,2|29,2|-1,-1|
#setting_targetting_pos=19,2|22,29|25,30|15,1|12,1|2,1|5,1|9,30|29,30|-1,-1|
#type=2,2,2,2,2,2,2,2,1,4,
LRRLLudRD.
#000000000000000
#assigned_pet=-1,-1,-1,-1,-1,-1,-1,-1,-1,-1,
#assigned_hub=-1,-1,-1,-1,-1,-1,-1,-1,-1,8,
#moving_targetting_pos=19,30|22,1|25,1|15,30|12,29|2,29|5,30|9,2|29,2|-1,-1|
#setting_targetting_pos=19,2|22,29|25,30|15,1|12,1|2,1|5,1|9,30|29,30|-1,-1|
#type=2,2,2,2,2,2,2,2,1,4,
LludLLL.D.
#000000000000000
#assigned_pet=-1,-1,-1,-1,-1,-1,-1,-1,-1,-1,
#assigned_hub=-1,-1,-1,-1,-1,-1,-1,-1,-1,8,
#moving_targetting_pos=19,30|22,1|25,1|15,30|12,29|2,29|5,30|9,2|29,2|-1,-1|
#setting_targetting_pos=19,2|22,29|25,30|15,1|12,1|2,1|5,1|9,30|29,30|-1,-1|
#type=2,2,2,2,2,2,2,2,1,4,
dRRLdLdlD.
#000000000000000
#assigned_pet=-1,-1,-1,-1,-1,-1,-1,-1,-1,-1,
#assigned_hub=-1,-1,-1,-1,-1,-1,-1,-1,-1,8,
#moving_targetting_pos=19,30|22,1|25,1|15,30|12,29|2,29|5,30|9,2|29,2|-1,-1|
#setting_targetting_pos=19,2|22,29|25,30|15,1|12,1|2,1|5,1|9,30|29,30|-1,-1|
#type=2,2,2,2,2,2,2,2,1,4,
LRddLrLRD.
#000000000000000
#assigned_pet=-1,-1,-1,-1,-1,-1,-1,-1,-1,-1,
#assigned_hub=-1,-1,-1,-1,-1,-1,-1,-1,-1,8,
#moving_targetting_pos=19,30|22,1|25,1|15,30|12,29|2,29|5,30|9,2|29,2|-1,-1|
#setting_targetting_pos=19,2|22,29|25,30|15,1|12,1|2,1|5,1|9,30|29,30|-1,-1|
#type=2,2,2,2,2,2,2,2,1,4,
LdRLLdduD.
#000000000000000
#assigned_pet=-1,-1,-1,-1,-1,-1,-1,-1,-1,-1,
#assigned_hub=-1,-1,-1,-1,-1,-1,-1,-1,-1,8,
#moving_targetting_pos=19,30|22,1|25,1|15,30|12,29|2,29|5,30|9,2|29,2|-1,-1|
#setting_targetting_pos=19,2|22,29|25,30|15,1|12,1|2,1|5,1|9,30|29,30|-1,-1|
#type=2,2,2,2,2,2,2,2,1,4,
rRddrLLRD.
#000000000000000
#assigned_pet=-1,-1,-1,-1,-1,-1,-1,-1,-1,-1,
#assigned_hub=-1,-1,-1,-1,-1,-1,-1,-1,-1,8,
#moving_targetting_pos=19,30|22,1|25,1|15,30|12,29|2,29|5,30|9,2|29,2|-1,-1|
#setting_targetting_pos=19,2|22,29|25,30|15,1|12,1|2,1|5,1|9,30|29,30|-1,-1|
#type=2,2,2,2,2,2,2,2,1,4,
uRRLuLdRL.
#000000000000000
#assigned_pet=-1,-1,-1,-1,-1,-1,-1,-1,-1,-1,
#assigned_hub=-1,-1,-1,-1,-1,-1,-1,-1,-1,8,
#moving_targetting_pos=19,30|22,1|25,1|15,30|12,29|2,29|5,30|9,2|29,2|-1,-1|
#setting_targetting_pos=19,2|22,29|25,30|15,1|12,1|2,1|5,1|9,30|29,30|-1,-1|
#type=2,2,2,2,2,2,2,2,1,4,
LlddLLLdD.
#000000000000000
#assigned_pet=-1,-1,-1,-1,-1,-1,-1,-1,-1,-1,
#assigned_hub=-1,-1,-1,-1,-1,-1,-1,-1,-1,8,
#moving_targetting_pos=19,30|22,1|25,1|15,30|12,29|2,29|5,30|9,2|29,2|-1,-1|
#setting_targetting_pos=19,2|22,29|25,30|15,1|12,1|2,1|5,1|9,30|29,30|-1,-1|
#type=2,2,2,2,2,2,2,2,1,4,
LuRLLdd.D.
#000000000000000
#assigned_pet=-1,-1,-1,-1,-1,-1,-1,-1,-1,-1,
#assigned_hub=-1,-1,-1,-1,-1,-1,-1,-1,-1,8,
#moving_targetting_pos=19,30|22,1|25,1|15,30|12,29|2,29|5,30|9,2|29,2|-1,-1|
#setting_targetting_pos=19,2|22,29|25,30|15,1|12,1|2,1|5,1|9,30|29,30|-1,-1|
#type=2,2,2,2,2,2,2,2,1,4,
dRduruLlL.
#000000000000000
#assigned_pet=-1,-1,-1,-1,-1,-1,-1,-1,-1,-1,
#assigned_hub=-1,-1,-1,-1,-1,-1,-1,-1,-1,8,
#moving_targetting_pos=19,30|22,1|25,1|15,30|12,29|2,29|5,30|9,2|29,2|-1,-1|
#setting_targetting_pos=19,2|22,29|25,30|15,1|12,1|2,1|5,1|9,30|29,30|-1,-1|
#type=2,2,2,2,2,2,2,2,1,4,
LRRLdLuRL.
#000000000000000
#assigned_pet=-1,-1,-1,-1,-1,-1,-1,-1,-1,-1,
#assigned_hub=-1,-1,-1,-1,-1,-1,-1,-1,-1,8,
#moving_targetting_pos=19,30|22,1|25,1|15,30|12,29|2,29|5,30|9,2|29,2|-1,-1|
#setting_targetting_pos=19,2|22,29|25,30|15,1|12,1|2,1|5,1|9,30|29,30|-1,-1|
#type=2,2,2,2,2,2,2,2,1,4,
rldLLrLRD.
#000000000000000
#assigned_pet=-1,-1,-1,-1,-1,-1,-1,-1,-1,-1,
#assigned_hub=-1,-1,-1,-1,-1,-1,-1,-1,-1,8,
#moving_targetting_pos=19,30|22,1|25,1|15,30|12,29|2,29|5,30|9,2|29,2|-1,-1|
#setting_targetting_pos=19,2|22,29|25,30|15,1|12,1|2,1|5,1|9,30|29,30|-1,-1|
#type=2,2,2,2,2,2,2,2,1,4,
LdRLLLLdD.
#000000000000000
#assigned_pet=-1,-1,-1,-1,-1,-1,-1,-1,-1,-1,
#assigned_hub=-1,-1,-1,-1,-1,-1,-1,-1,-1,8,
#moving_targetting_pos=19,30|22,1|25,1|15,30|12,29|2,29|5,30|9,2|29,2|-1,-1|
#setting_targetting_pos=19,2|22,29|25,30|15,1|12,1|2,1|5,1|9,30|29,30|-1,-1|
#type=2,2,2,2,2,2,2,2,2,4,
uRuLLLLRd.
#000000000000000
#assigned_pet=-1,-1,-1,-1,-1,-1,-1,-1,-1,-1,
#assigned_hub=-1,-1,-1,-1,-1,-1,-1,-1,-1,8,
#moving_targetting_pos=19,30|22,1|25,1|15,30|12,29|2,29|5,30|9,2|29,2|-1,-1|
#setting_targetting_pos=19,2|22,29|25,30|15,1|12,1|2,1|5,1|9,30|29,30|-1,-1|
#type=2,2,2,2,2,2,2,2,2,4,
LRR.ddLRR.
#000000000000000
#assigned_pet=-1,-1,-1,-1,-1,-1,-1,-1,-1,-1,
#assigned_hub=-1,-1,-1,-1,-1,-1,-1,-1,-1,8,
#moving_targetting_pos=19,30|22,1|25,1|15,30|12,29|2,29|5,30|9,2|29,2|-1,-1|
#setting_targetting_pos=19,2|22,29|25,30|15,1|12,1|2,1|5,1|9,30|29,30|-1,-1|
#type=2,2,2,2,2,2,2,2,2,4,
LRR.uLu.R.
#000000000000000
#assigned_pet=-1,-1,-1,-1,-1,-1,-1,-1,-1,-1,
#assigned_hub=-1,-1,-1,-1,-1,-1,-1,-1,-1,8,
#moving_targetting_pos=19,30|22,1|25,1|15,30|12,29|2,29|5,30|9,2|29,2|-1,-1|
#setting_targetting_pos=19,2|22,29|25,30|15,1|12,1|2,1|5,1|9,30|29,30|-1,-1|
#type=2,2,2,2,2,2,2,2,2,4,
rdR.LLLll.
#000000000000000
#assigned_pet=-1,-1,-1,-1,-1,-1,-1,-1,-1,-1,
#assigned_hub=-1,-1,-1,-1,-1,-1,-1,-1,-1,8,
#moving_targetting_pos=19,30|22,1|25,1|15,30|12,29|2,29|5,30|9,2|29,2|-1,-1|
#setting_targetting_pos=19,2|22,29|25,30|15,1|12,1|2,1|5,1|9,30|29,30|-1,-1|
#type=2,2,2,2,2,2,2,2,2,4,
duRurrduu.
#000000000000000
#assigned_pet=-1,-1,-1,-1,-1,-1,-1,-1,-1,-1,
#assigned_hub=-1,-1,-1,-1,-1,-1,-1,-1,-1,8,
#moving_targetting_pos=19,30|22,1|25,1|15,30|12,29|2,29|5,30|9,2|29,2|-1,-1|
#setting_targetting_pos=19,2|22,29|25,30|15,1|12,1|2,1|5,1|9,30|29,30|-1,-1|
#type=2,2,2,2,2,2,2,2,2,4,
LRuLLuLRR.
#000000000000000
#assigned_pet=-1,-1,-1,-1,-1,-1,-1,-1,-1,-1,
#assigned_hub=-1,-1,-1,-1,-1,-1,-1,-1,-1,8,
#moving_targetting_pos=19,30|22,1|25,1|15,30|12,29|2,29|5,30|9,2|29,2|-1,-1|
#setting_targetting_pos=19,2|22,29|25,30|15,1|12,1|2,1|5,1|9,30|29,30|-1,-1|
#type=2,2,2,2,2,2,2,2,2,4,
LlRdLL.RR.
#000000000000000
#assigned_pet=-1,-1,-1,-1,-1,-1,-1,-1,-1,-1,
#assigned_hub=-1,-1,-1,-1,-1,-1,-1,-1,-1,8,
#moving_targetting_pos=19,30|22,1|25,1|15,30|12,29|2,29|5,30|9,2|29,2|-1,-1|
#setting_targetting_pos=19,2|22,29|25,30|15,1|12,1|2,1|5,1|9,30|29,30|-1,-1|
#type=2,2,2,2,2,2,2,2,2,4,
dRdLdLddd.
#000000000000000
#assigned_pet=-1,-1,-1,-1,-1,-1,-1,-1,-1,-1,
#assigned_hub=-1,-1,-1,-1,-1,-1,-1,-1,-1,8,
#moving_targetting_pos=19,30|22,1|25,1|15,30|12,29|2,29|5,30|9,2|29,2|-1,-1|
#setting_targetting_pos=19,2|22,29|25,30|15,1|12,1|2,1|5,1|9,30|29,30|-1,-1|
#type=2,2,2,2,2,2,2,2,2,4,
LRRdLrLRR.
#000000000000000
#assigned_pet=-1,-1,-1,-1,-1,-1,-1,-1,-1,-1,
#assigned_hub=-1,-1,-1,-1,-1,-1,-1,-1,-1,8,
#moving_targetting_pos=19,30|22,1|25,1|15,30|12,29|2,29|5,30|9,2|29,2|-1,-1|
#setting_targetting_pos=19,2|22,29|25,30|15,1|12,1|2,1|5,1|9,30|29,30|-1,-1|
#type=2,2,2,2,2,2,2,2,2,4,
LddLLddll.
#000000000000000
#assigned_pet=-1,-1,-1,-1,-1,-1,-1,-1,-1,-1,
#assigned_hub=-1,-1,-1,-1,-1,-1,-1,-1,-1,8,
#moving_targetting_pos=19,30|22,1|25,1|15,30|12,29|2,29|5,30|9,2|29,2|-1,-1|
#setting_targetting_pos=19,2|22,29|25,30|15,1|12,1|2,1|5,1|9,30|29,30|-1,-1|
#type=2,2,2,2,2,2,2,2,2,4,
rRRdrLLRR.
#000000000000000
#assigned_pet=-1,-1,-1,-1,-1,-1,-1,-1,-1,-1,
#assigned_hub=-1,-1,-1,-1,-1,-1,-1,-1,-1,8,
#moving_targetting_pos=19,30|22,1|25,1|15,30|12,29|2,29|5,30|9,2|29,2|-1,-1|
#setting_targetting_pos=19,2|22,29|25,30|15,1|12,1|2,1|5,1|9,30|29,30|-1,-1|
#type=2,2,2,2,2,2,2,2,2,4,
uRdLuLduu.
#000000000000000
#assigned_pet=-1,-1,-1,-1,-1,-1,-1,-1,-1,-1,
#assigned_hub=-1,-1,-1,-1,-1,-1,-1,-1,-1,8,
#moving_targetting_pos=19,30|22,1|25,1|15,30|12,29|2,29|5,30|9,2|29,2|-1,-1|
#setting_targetting_pos=19,2|22,29|25,30|15,1|12,1|2,1|5,1|9,30|29,30|-1,-1|
#type=2,2,2,2,2,2,2,2,2,4,
LlR.LLLRR.
#000000000000000
#assigned_pet=-1,-1,-1,-1,-1,-1,-1,-1,-1,-1,
#assigned_hub=-1,-1,-1,-1,-1,-1,-1,-1,-1,8,
#moving_targetting_pos=19,30|22,1|25,1|15,30|12,29|2,29|5,30|9,2|29,2|-1,-1|
#setting_targetting_pos=19,2|22,29|25,30|15,1|12,1|2,1|5,1|9,30|29,30|-1,-1|
#type=2,2,2,2,2,2,2,2,2,4,
Lud.Ld.RR.
#000000000000000
#assigned_pet=-1,-1,-1,-1,-1,-1,-1,-1,-1,-1,
#assigned_hub=-1,-1,-1,-1,-1,-1,-1,-1,-1,8,
#moving_targetting_pos=19,30|22,1|25,1|15,30|12,29|2,29|5,30|9,2|29,2|-1,-1|
#setting_targetting_pos=19,2|22,29|25,30|15,1|12,1|2,1|5,1|9,30|29,30|-1,-1|
#type=2,2,2,2,2,2,2,2,2,4,
dRRdrudll.
#000000000000000
#assigned_pet=-1,-1,-1,-1,-1,-1,-1,-1,-1,-1,
#assigned_hub=-1,-1,-1,-1,-1,-1,-1,-1,-1,8,
#moving_targetting_pos=19,30|22,1|25,1|15,30|12,29|2,29|5,30|9,2|29,2|-1,-1|
#setting_targetting_pos=19,2|22,29|25,30|15,1|12,1|2,1|5,1|9,30|29,30|-1,-1|
#type=2,2,2,2,2,2,2,2,2,4,
LRdLdLLdd.
#000000000000000
#assigned_pet=-1,-1,-1,-1,-1,-1,-1,-1,-1,-1,
#assigned_hub=-1,-1,-1,-1,-1,-1,-1,-1,-1,8,
#moving_targetting_pos=19,30|22,1|25,1|15,30|12,29|2,29|5,30|9,2|29,2|-1,-1|
#setting_targetting_pos=19,2|22,29|25,30|15,1|12,1|2,1|5,1|9,30|29,30|-1,-1|
#type=2,2,2,2,2,2,2,2,2,4,
rlRdLruRR.
#000000000000000
#assigned_pet=-1,-1,-1,-1,-1,-1,-1,-1,-1,-1,
#assigned_hub=-1,-1,-1,-1,-1,-1,-1,-1,-1,8,
#moving_targetting_pos=19,30|22,1|25,1|15,30|12,29|2,29|5,30|9,2|29,2|-1,-1|
#setting_targetting_pos=19,2|22,29|25,30|15,1|12,1|2,1|5,1|9,30|29,30|-1,-1|
#type=2,2,2,2,2,2,2,2,2,4,
LduLLLLRR.
#000000000000000
#assigned_pet=-1,-1,-1,-1,-1,-1,-1,-1,-1,-1,
#assigned_hub=-1,-1,-1,-1,-1,-1,-1,-1,-1,8,
#moving_targetting_pos=19,30|22,1|25,1|15,30|12,29|2,29|5,30|9,2|29,2|-1,-1|
#setting_targetting_pos=19,2|22,29|25,30|15,1|12,1|2,1|5,1|9,30|29,30|-1,-1|
#type=2,2,2,2,2,2,2,2,2,4,
uRRuLLLdd.
#000000000000000
#assigned_pet=-1,-1,-1,-1,-1,-1,-1,-1,-1,-1,
#assigned_hub=-1,-1,-1,-1,-1,-1,-1,-1,-1,8,
#moving_targetting_pos=19,30|22,1|25,1|15,30|12,29|2,29|5,30|9,2|29,2|-1,-1|
#setting_targetting_pos=19,2|22,29|25,30|15,1|12,1|2,1|5,1|9,30|29,30|-1,-1|
#type=2,2,2,2,2,2,2,2,2,4,
LRRLddLRR.
#000000000000000
#assigned_pet=-1,-1,-1,-1,-1,-1,-1,-1,-1,0,
#assigned_hub=-1,-1,-1,-1,-1,-1,-1,-1,-1,8,
#moving_targetting_pos=19,30|22,1|25,1|15,30|12,29|2,29|5,30|9,2|29,2|-1,-1|
#setting_targetting_pos=19,2|22,29|25,30|15,1|12,1|2,1|5,1|9,30|29,30|25,28|
#type=2,2,2,2,2,2,2,2,2,4,
LRRLuLLRRR
#000000000000000
#assigned_pet=-1,-1,-1,-1,-1,-1,-1,-1,-1,-1,
#assigned_hub=-1,-1,-1,-1,-1,-1,-1,-1,-1,8,
#moving_targetting_pos=19,30|22,1|25,1|15,30|12,29|2,29|5,30|9,2|29,2|-1,-1|
#setting_targetting_pos=19,2|22,29|25,30|15,1|12,1|2,1|5,1|9,30|29,30|-1,-1|
#type=2,2,2,2,2,2,2,2,2,4,
rdRLLLull.
#000000000000000
#assigned_pet=-1,-1,-1,-1,-1,-1,-1,-1,-1,-1,
#assigned_hub=-1,-1,-1,-1,-1,-1,-1,-1,-1,8,
#moving_targetting_pos=19,30|22,1|25,1|15,30|12,29|2,29|5,30|9,2|29,2|-1,-1|
#setting_targetting_pos=19,2|22,29|25,30|15,1|12,1|2,1|5,1|9,30|29,30|-1,-1|
#type=2,2,2,2,2,2,2,2,2,4,
duuLrrLuu.
#000000000000000
#assigned_pet=-1,-1,-1,-1,-1,-1,-1,-1,-1,-1,
#assigned_hub=3,-1,-1,-1,-1,-1,-1,-1,-1,8,
#moving_targetting_pos=16,6|22,1|25,1|15,30|12,29|2,29|5,30|9,2|29,2|-1,-1|
#setting_targetting_pos=19,2|22,29|25,30|15,1|12,1|2,1|5,1|9,30|29,30|-1,-1|
#type=3,2,2,2,2,2,2,2,2,4,
URRuLu.RR.
#000000000000000
#assigned_pet=-1,-1,-1,-1,-1,-1,-1,-1,-1,-1,
#assigned_hub=3,-1,-1,-1,-1,0,-1,-1,-1,8,
#moving_targetting_pos=16,6|22,1|25,1|15,30|12,29|6,6|5,30|9,2|29,2|-1,-1|
#setting_targetting_pos=-1,-1|22,29|25,30|15,1|12,1|2,1|5,1|9,30|29,30|-1,-1|
#type=3,2,2,2,2,3,2,2,2,4,
RldLLDdRR.
#000000000000000
#assigned_pet=-1,-1,-1,-1,-1,-1,-1,-1,-1,-1,
#assigned_hub=3,-1,-1,-1,-1,0,-1,-1,-1,8,
#moving_targetting_pos=16,6|22,1|25,1|15,30|12,29|6,6|5,30|9,2|29,2|-1,-1|
#setting_targetting_pos=-1,-1|22,29|25,30|15,1|12,1|-1,-1|5,1|9,30|29,30|-1,-1|
#type=3,2,2,2,2,3,2,2,2,4,
URR.dRL.d.
#000000000000000
#assigned_pet=-1,-1,-1,-1,-1,-1,-1,-1,-1,-1,
#assigned_hub=3,-1,-1,-1,-1,0,-1,-1,-1,8,
#moving_targetting_pos=16,6|22,1|25,1|15,30|12,29|6,6|5,30|9,2|29,2|-1,-1|
#setting_targetting_pos=-1,-1|22,29|25,30|15,1|12,1|-1,-1|5,1|9,30|29,30|-1,-1|
#type=3,2,2,2,2,3,2,2,2,4,
RRd.LDddR.
#000000000000000
#assigned_pet=-1,-1,-1,-1,-1,-1,-1,-1,-1,-1,
#assigned_hub=3,-1,5,-1,-1,0,-1,-1,-1,8,
#moving_targetting_pos=16,6|22,1|16,26|15,30|12,29|6,6|5,30|9,2|29,2|-1,-1|
#setting_targetting_pos=-1,-1|22,29|25,30|15,1|12,1|-1,-1|5,1|9,30|29,30|-1,-1|
#type=3,2,3,2,2,3,2,2,2,4,
RrLdLRLRl.
#000000000000000
#assigned_pet=3,-1,-1,-1,-1,-1,-1,-1,-1,-1,
#assigned_hub=3,-1,5,-1,-1,0,-1,-1,-1,8,
#moving_targetting_pos=-1,-1|22,1|16,26|15,30|12,29|6,6|5,30|9,2|29,2|-1,-1|
#setting_targetting_pos=17,4|22,29|-1,-1|15,1|12,1|-1,-1|5,1|9,30|29,30|-1,-1|
#type=4,2,3,2,2,3,2,2,2,4,
..LL.Dd.R.
#000000000000000
#assigned_pet=3,-1,-1,-1,-1,-1,-1,-1,-1,-1,
#assigned_hub=3,-1,5,-1,-1,0,1,-1,-1,8,
#moving_targetting_pos=-1,-1|22,1|16,26|15,30|12,29|6,6|6,16|9,2|29,2|-1,-1|
#setting_targetting_pos=17,4|22,29|-1,-1|15,1|12,1|-1,-1|5,1|9,30|29,30|-1,-1|
#type=4,2,3,2,2,3,3,2,2,4,
..LduRRlu.
#000000000000000
#assigned_pet=3,-1,-1,-1,-1,-1,-1,-1,-1,0,
#assigned_hub=3,-1,5,-1,-1,0,1,-1,-1,8,
#moving_targetting_pos=-1,-1|22,1|16,26|15,30|12,29|6,6|6,16|9,2|29,2|-1,-1|
#setting_targetting_pos=17,4|22,29|-1,-1|15,1|12,1|-1,-1|-1,-1|9,30|29,30|25,28|
#type=4,2,3,2,2,3,3,2,2,4,
..UL.RRRRR
#000000000000000
#assigned_pet=3,-1,-1,-1,-1,14,-1,-1,-1,-1,
#assigned_hub=3,-1,5,-1,-1,0,1,-1,-1,8,
#moving_targetting_pos=-1,-1|22,1|16,26|15,30|12,29|-1,-1|6,16|9,2|29,2|-1,-1|
#setting_targetting_pos=17,4|22,29|-1,-1|15,1|12,1|7,4|-1,-1|9,30|29,30|-1,-1|
#type=4,2,3,2,2,4,3,2,2,4,
..UdrLR.R.
#000000000000000
#assigned_pet=-1,-1,-1,-1,-1,14,-1,-1,-1,0,
#assigned_hub=3,-1,5,4,7,0,1,-1,-1,8,
#moving_targetting_pos=-1,-1|22,1|16,26|16,16|26,16|-1,-1|6,16|9,2|29,2|-1,-1|
#setting_targetting_pos=-1,-1|22,29|-1,-1|15,1|12,1|7,4|-1,-1|9,30|29,30|25,28|
#type=4,2,3,3,3,4,3,2,2,4,
..URDDR.lR
#000000000000000
#assigned_pet=-1,-1,-1,-1,-1,14,-1,-1,-1,-1,
#assigned_hub=3,-1,5,4,7,0,1,-1,-1,8,
#moving_targetting_pos=-1,-1|22,1|16,26|16,16|26,16|-1,-1|6,16|9,2|29,2|-1,-1|
#setting_targetting_pos=-1,-1|22,29|-1,-1|-1,-1|-1,-1|7,4|-1,-1|9,30|29,30|-1,-1|
#type=4,2,3,3,3,4,3,2,2,4,
..URR.R.d.
#000000000000000
#assigned_pet=5,-1,-1,-1,-1,5,-1,-1,-1,0,
#assigned_hub=3,-1,5,4,7,0,1,-1,-1,8,
#moving_targetting_pos=-1,-1|22,1|16,26|16,16|26,16|-1,-1|6,16|9,2|29,2|-1,-1|
#setting_targetting_pos=14,5|22,29|-1,-1|-1,-1|-1,-1|8,5|-1,-1|9,30|29,30|25,28|
#type=4,2,3,3,3,4,3,2,2,4,
U.URDRR.RU
#000000000000000
#assigned_pet=5,-1,-1,-1,-1,5,-1,-1,-1,0,
#assigned_hub=3,-1,5,4,6,0,1,-1,-1,8,
#moving_targetting_pos=-1,-1|22,1|16,26|16,16|26,6|-1,-1|6,16|9,2|29,2|-1,-1|
#setting_targetting_pos=14,5|22,29|-1,-1|-1,-1|-1,-1|8,5|-1,-1|9,30|29,30|25,28|
#type=4,2,3,3,3,4,3,2,2,4,
UdURRDR.R.
#100000000000000
#assigned_pet=5,-1,-1,-1,-1,5,-1,-1,-1,0,
#assigned_hub=3,7,5,4,6,0,1,-1,-1,8,
#moving_targetting_pos=-1,-1|26,16|16,26|16,16|26,6|-1,-1|6,16|9,2|29,2|-1,-1|
#setting_targetting_pos=14,5|22,29|-1,-1|-1,-1|-1,-1|8,5|-1,-1|9,30|29,30|25,28|
#type=4,3,3,3,3,4,3,2,2,5,
.LURD.Rudu
#100001010000000
#assigned_pet=5,-1,-1,-1,-1,5,-1,-1,-1,-1,
#assigned_hub=3,7,5,4,6,0,1,-1,-1,2,
#moving_targetting_pos=-1,-1|26,16|16,26|16,16|26,6|-1,-1|6,16|9,2|29,2|6,26|
#setting_targetting_pos=14,5|-1,-1|-1,-1|-1,-1|-1,-1|8,5|-1,-1|9,30|29,30|-1,-1|
#type=5,3,3,3,3,5,3,2,2,3,
uLLRRdRRRL
#100001010000000
#assigned_pet=-1,-1,-1,-1,-1,-1,-1,-1,-1,-1,
#assigned_hub=3,7,5,4,6,0,1,-1,-1,2,
#moving_targetting_pos=-1,-1|26,16|-1,-1|16,16|26,6|-1,-1|6,16|9,2|29,2|6,26|
#setting_targetting_pos=-1,-1|-1,-1|-1,-1|-1,-1|-1,-1|-1,-1|-1,-1|9,30|29,30|-1,-1|
#type=4,3,4,3,3,4,3,2,2,3,
.D.RR.RRRU
#100001010000000
#assigned_pet=-1,-1,-1,-1,-1,-1,-1,-1,-1,-1,
#assigned_hub=3,7,5,4,6,0,1,-1,-1,2,
#moving_targetting_pos=-1,-1|26,16|-1,-1|16,16|26,6|-1,-1|6,16|9,2|29,2|6,26|
#setting_targetting_pos=-1,-1|-1,-1|-1,-1|-1,-1|-1,-1|-1,-1|-1,-1|9,30|29,30|-1,-1|
#type=4,3,4,3,3,4,3,2,2,3,
.D.RD.R.lU
#100001010000000
#assigned_pet=-1,-1,-1,-1,-1,-1,-1,-1,-1,-1,
#assigned_hub=3,7,5,4,6,0,1,-1,-1,2,
#moving_targetting_pos=-1,-1|26,16|-1,-1|16,16|26,6|-1,-1|6,16|9,2|29,2|6,26|
#setting_targetting_pos=-1,-1|-1,-1|-1,-1|-1,-1|-1,-1|-1,-1|-1,-1|9,30|29,30|-1,-1|
#type=4,3,4,3,3,4,3,2,2,3,
.L.RD.RduU
#100001010000000
#assigned_pet=-1,-1,-1,-1,-1,-1,-1,-1,-1,-1,
#assigned_hub=3,7,5,4,6,0,1,-1,-1,2,
#moving_targetting_pos=-1,-1|26,16|-1,-1|16,16|26,6|-1,-1|6,16|9,2|29,2|6,26|
#setting_targetting_pos=-1,-1|-1,-1|-1,-1|-1,-1|-1,-1|-1,-1|-1,-1|9,30|29,30|-1,-1|
#type=4,3,4,3,3,4,3,2,2,3,
.L.RD.R.RU
#100001010000000
#assigned_pet=-1,-1,-1,-1,-1,-1,-1,-1,-1,-1,
#assigned_hub=3,7,5,4,6,0,1,-1,-1,2,
#moving_targetting_pos=-1,-1|26,16|-1,-1|16,16|26,6|-1,-1|6,16|9,2|29,2|6,26|
#setting_targetting_pos=-1,-1|-1,-1|-1,-1|-1,-1|-1,-1|-1,-1|-1,-1|9,30|29,30|-1,-1|
#type=4,3,4,3,3,4,3,2,2,3,
.D.RD.R.RU
#100001010000000
#assigned_pet=-1,-1,-1,-1,-1,12,12,-1,-1,-1,
#assigned_hub=3,7,5,4,6,0,1,-1,-1,2,
#moving_targetting_pos=-1,-1|26,16|-1,-1|16,16|26,6|-1,-1|-1,-1|9,2|29,2|6,26|
#setting_targetting_pos=-1,-1|-1,-1|-1,-1|-1,-1|-1,-1|7,8|7,14|9,30|29,30|-1,-1|
#type=4,3,4,3,3,4,4,2,2,3,
.L.RDRL.dU
#100001010000000
#assigned_pet=-1,-1,-1,-1,-1,12,12,-1,-1,-1,
#assigned_hub=3,7,5,4,6,0,1,-1,-1,2,
#moving_targetting_pos=-1,-1|26,16|-1,-1|16,16|26,6|-1,-1|-1,-1|9,2|29,2|6,26|
#setting_targetting_pos=-1,-1|-1,-1|-1,-1|-1,-1|-1,-1|7,8|7,14|9,30|29,30|-1,-1|
#type=4,3,4,3,3,4,4,2,2,3,
.L.RDRDlRU
#100001010000100
#assigned_pet=-1,-1,-1,-1,-1,12,12,-1,-1,-1,
#assigned_hub=3,7,5,4,6,0,1,-1,-1,2,
#moving_targetting_pos=-1,-1|26,16|-1,-1|16,16|26,6|-1,-1|-1,-1|9,2|29,2|6,26|
#setting_targetting_pos=-1,-1|-1,-1|-1,-1|-1,-1|-1,-1|7,8|7,14|9,30|29,30|-1,-1|
#type=4,3,4,3,3,5,5,0,2,3,
.L.RDrd.lU
#100001010000100
#assigned_pet=1,-1,-1,1,-1,14,14,-1,-1,-1,
#assigned_hub=3,7,5,4,6,0,1,-1,-1,2,
#moving_targetting_pos=-1,-1|26,16|-1,-1|-1,-1|26,6|-1,-1|-1,-1|9,2|29,2|6,26|
#setting_targetting_pos=15,8|-1,-1|-1,-1|15,14|-1,-1|5,8|5,14|9,30|29,30|-1,-1|
#type=4,3,4,4,3,4,4,0,2,3,
RL..DU..RU
#100001010000100
#assigned_pet=1,-1,-1,1,-1,14,14,-1,-1,-1,
#assigned_hub=3,7,5,4,6,0,1,-1,-1,2,
#moving_targetting_pos=-1,-1|26,16|-1,-1|-1,-1|26,6|-1,-1|-1,-1|9,2|29,2|6,26|
#setting_targetting_pos=15,8|-1,-1|-1,-1|15,14|-1,-1|5,8|5,14|9,30|29,30|-1,-1|
#type=4,3,4,4,3,4,4,0,2,3,
RL..DR..uU
#100001010000101
#assigned_pet=-1,-1,-1,-1,-1,14,14,-1,-1,-1,
#assigned_hub=3,7,5,4,6,0,1,-1,-1,2,
#moving_targetting_pos=-1,-1|26,16|-1,-1|-1,-1|26,6|-1,-1|-1,-1|9,2|29,2|6,26|
#setting_targetting_pos=-1,-1|-1,-1|-1,-1|-1,-1|-1,-1|5,8|5,14|9,30|29,30|-1,-1|
#type=4,3,4,4,3,5,5,0,2,3,
.L..Ruu.RU
#100001010000101
#assigned_pet=1,-1,13,1,-1,-1,-1,-1,-1,-1,
#assigned_hub=3,7,5,4,6,0,1,-1,-1,2,
#moving_targetting_pos=-1,-1|26,16|-1,-1|-1,-1|-1,-1|6,6|-1,-1|9,2|29,2|6,26|
#setting_targetting_pos=15,8|-1,-1|15,28|15,14|-1,-1|-1,-1|-1,-1|9,30|29,30|-1,-1|
#type=4,3,4,4,4,4,4,0,2,3,
.LR.....RU
#110001010000101
#assigned_pet=1,-1,13,1,-1,-1,-1,-1,-1,-1,
#assigned_hub=3,7,5,4,6,0,1,-1,-1,2,
#moving_targetting_pos=-1,-1|26,16|-1,-1|-1,-1|-1,-1|6,6|-1,-1|9,2|29,2|6,26|
#setting_targetting_pos=15,8|-1,-1|15,28|15,14|-1,-1|-1,-1|-1,-1|9,30|29,30|-1,-1|
#type=5,3,4,5,4,4,4,0,2,3,
rLUl....lU
#110001010000101
#assigned_pet=-1,6,13,6,-1,-1,-1,-1,-1,-1,
#assigned_hub=3,7,5,4,6,0,1,-1,-1,2,
#moving_targetting_pos=-1,-1|-1,-1|-1,-1|-1,-1|-1,-1|6,6|-1,-1|9,2|29,2|6,26|
#setting_targetting_pos=-1,-1|24,15|15,28|18,15|-1,-1|-1,-1|-1,-1|9,30|29,30|-1,-1|
#type=4,4,4,4,4,4,4,0,2,3,
.LRD....dU
#110001010000101
#assigned_pet=-1,6,13,6,-1,-1,-1,-1,-1,-1,
#assigned_hub=3,7,5,4,6,0,1,8,-1,2,
#moving_targetting_pos=-1,-1|-1,-1|-1,-1|-1,-1|-1,-1|-1,-1|-1,-1|26,26|29,2|6,26|
#setting_targetting_pos=-1,-1|24,15|15,28|18,15|-1,-1|-1,-1|-1,-1|9,30|29,30|-1,-1|
#type=4,4,4,4,4,4,4,3,0,3,
.LUD...U.U
#110001110000111
#assigned_pet=-1,6,13,6,-1,-1,-1,-1,-1,-1,
#assigned_hub=3,7,5,4,6,0,1,8,-1,2,
#moving_targetting_pos=-1,-1|-1,-1|-1,-1|-1,-1|-1,-1|6,6|-1,-1|26,26|29,2|6,26|
#setting_targetting_pos=-1,-1|24,15|15,28|18,15|-1,-1|-1,-1|-1,-1|-1,-1|29,30|-1,-1|
#type=4,5,5,5,4,4,4,3,0,3,
.uud...L.U
#110001110000111
#assigned_pet=8,-1,-1,8,-1,-1,-1,-1,-1,-1,
#assigned_hub=3,7,5,4,6,0,1,8,-1,2,
#moving_targetting_pos=-1,-1|-1,-1|16,26|-1,-1|-1,-1|6,6|-1,-1|26,26|29,2|6,26|
#setting_targetting_pos=17,8|-1,-1|-1,-1|17,14|-1,-1|-1,-1|-1,-1|-1,-1|29,30|-1,-1|
#type=4,4,4,4,4,4,4,3,0,3,
D......U.U
#110001110000111
#assigned_pet=8,-1,-1,8,-1,-1,-1,-1,-1,-1,
#assigned_hub=3,7,5,4,6,0,1,8,-1,2,
#moving_targetting_pos=-1,-1|-1,-1|16,26|-1,-1|-1,-1|6,6|-1,-1|26,26|29,2|6,26|
#setting_targetting_pos=17,8|-1,-1|-1,-1|17,14|-1,-1|-1,-1|-1,-1|-1,-1|29,30|-1,-1|
#type=4,4,4,4,4,4,4,3,0,3,
R......L.U
#110001110000111
#assigned_pet=11,-1,-1,11,-1,-1,-1,-1,-1,-1,
#assigned_hub=3,7,5,4,6,0,1,8,-1,2,
#moving_targetting_pos=-1,-1|-1,-1|16,26|-1,-1|-1,-1|-1,-1|-1,-1|26,26|29,2|6,26|
#setting_targetting_pos=17,8|-1,-1|-1,-1|17,14|-1,-1|-1,-1|-1,-1|-1,-1|29,30|-1,-1|
#type=4,4,4,4,4,4,4,3,0,3,
.......L.L
#110001110000111
#assigned_pet=8,-1,-1,8,-1,-1,-1,-1,-1,4,
#assigned_hub=3,7,5,4,6,0,1,8,-1,2,
#moving_targetting_pos=-1,-1|-1,-1|-1,-1|-1,-1|-1,-1|6,6|-1,-1|26,26|29,2|-1,-1|
#setting_targetting_pos=17,8|-1,-1|-1,-1|17,14|-1,-1|-1,-1|-1,-1|-1,-1|29,30|7,28|
#type=4,4,4,4,4,4,4,3,0,4,
.......D.R
#110001110000111
#assigned_pet=-1,-1,10,10,-1,-1,-1,-1,-1,4,
#assigned_hub=3,7,5,4,6,0,1,8,-1,2,
#moving_targetting_pos=-1,-1|-1,-1|-1,-1|-1,-1|-1,-1|-1,-1|-1,-1|26,26|29,2|-1,-1|
#setting_targetting_pos=-1,-1|-1,-1|15,24|15,18|-1,-1|-1,-1|-1,-1|-1,-1|29,30|7,28|
#type=4,4,4,4,4,4,4,3,0,4,
..LR...D.U
#110011110100111
#assigned_pet=-1,-1,10,10,-1,-1,-1,-1,-1,4,
#assigned_hub=3,7,5,4,6,0,1,8,-1,2,
#moving_targetting_pos=-1,-1|-1,-1|-1,-1|-1,-1|-1,-1|-1,-1|-1,-1|26,26|29,2|-1,-1|
#setting_targetting_pos=-1,-1|-1,-1|15,24|15,18|-1,-1|-1,-1|-1,-1|-1,-1|29,30|7,28|
#type=4,4,4,4,4,4,4,3,0,5,
..LR...D.r
#110011110100111
#assigned_pet=-1,-1,10,10,-1,-1,-1,-1,-1,-1,
#assigned_hub=3,7,5,4,6,0,1,8,-1,2,
#moving_targetting_pos=-1,-1|-1,-1|-1,-1|-1,-1|-1,-1|-1,-1|6,16|26,26|29,2|6,26|
#setting_targetting_pos=-1,-1|-1,-1|15,24|15,18|-1,-1|-1,-1|-1,-1|-1,-1|29,30|-1,-1|
#type=4,4,4,4,4,4,4,3,0,4,
..LR...D..
#110011110100111
#assigned_pet=-1,-1,-1,-1,-1,-1,-1,-1,-1,-1,
#assigned_hub=3,7,5,4,6,0,1,8,-1,2,
#moving_targetting_pos=-1,-1|26,16|-1,-1|-1,-1|-1,-1|6,6|-1,-1|26,26|29,2|-1,-1|
#setting_targetting_pos=-1,-1|-1,-1|-1,-1|-1,-1|-1,-1|-1,-1|-1,-1|-1,-1|29,30|-1,-1|
#type=4,4,4,4,4,4,4,3,0,4,
.......D..
#110011110100111
#assigned_pet=8,-1,-1,-1,8,-1,-1,-1,-1,-1,
#assigned_hub=3,7,5,4,6,0,1,8,-1,2,
#moving_targetting_pos=-1,-1|-1,-1|-1,-1|-1,-1|-1,-1|6,6|-1,-1|26,26|29,2|-1,-1|
#setting_targetting_pos=18,7|-1,-1|-1,-1|-1,-1|24,7|-1,-1|-1,-1|-1,-1|29,30|-1,-1|
#type=4,4,4,4,4,4,4,3,0,4,
L......D..
#110011110100111
#assigned_pet=8,-1,-1,-1,8,-1,-1,-1,-1,-1,
#assigned_hub=3,7,5,4,6,0,1,8,-1,2,
#moving_targetting_pos=-1,-1|-1,-1|-1,-1|-1,-1|-1,-1|6,6|-1,-1|26,26|29,2|-1,-1|
#setting_targetting_pos=18,7|-1,-1|-1,-1|-1,-1|24,7|-1,-1|-1,-1|-1,-1|29,30|-1,-1|
#type=4,4,4,4,4,4,4,3,0,4,
D......D..
#110011111100111
#assigned_pet=8,-1,-1,-1,8,-1,-1,-1,-1,-1,
#assigned_hub=3,7,5,4,6,0,1,8,-1,2,
#moving_targetting_pos=-1,-1|-1,-1|-1,-1|-1,-1|-1,-1|6,6|6,16|26,26|29,2|-1,-1|
#setting_targetting_pos=18,7|-1,-1|-1,-1|-1,-1|24,7|-1,-1|-1,-1|-1,-1|29,30|-1,-1|
#type=5,4,4,4,5,4,4,3,0,4,
d...r..D..
#110011111100111
#assigned_pet=-1,-1,-1,3,-1,-1,3,-1,-1,-1,
#assigned_hub=3,7,5,4,6,0,1,8,-1,2,
#moving_targetting_pos=-1,-1|-1,-1|-1,-1|-1,-1|26,6|6,6|-1,-1|26,26|29,2|-1,-1|
#setting_targetting_pos=-1,-1|-1,-1|-1,-1|14,17|-1,-1|-1,-1|8,17|-1,-1|29,30|-1,-1|
#type=4,4,4,4,4,4,4,3,0,4,
...L..RD..
#110011111100111
#assigned_pet=-1,-1,-1,-1,-1,-1,-1,-1,-1,-1,
#assigned_hub=3,7,5,4,6,0,1,8,-1,2,
#moving_targetting_pos=-1,-1|-1,-1|-1,-1|-1,-1|26,6|6,6|-1,-1|26,26|29,2|-1,-1|
#setting_targetting_pos=-1,-1|-1,-1|-1,-1|-1,-1|-1,-1|-1,-1|-1,-1|-1,-1|29,30|-1,-1|
#type=4,4,4,4,4,4,4,3,0,4,
.......D..
#110011111100111
#assigned_pet=-1,-1,-1,-1,-1,-1,-1,-1,-1,-1,
#assigned_hub=3,7,5,4,6,0,1,8,-1,2,
#moving_targetting_pos=-1,-1|-1,-1|-1,-1|-1,-1|26,6|6,6|-1,-1|26,26|29,2|-1,-1|
#setting_targetting_pos=-1,-1|-1,-1|-1,-1|-1,-1|-1,-1|-1,-1|-1,-1|-1,-1|29,30|-1,-1|
#type=4,4,4,4,4,4,4,3,0,4,
.......D..
#110011111100111
#assigned_pet=-1,-1,10,-1,-1,-1,-1,-1,-1,10,
#assigned_hub=3,7,5,4,6,0,1,8,-1,2,
#moving_targetting_pos=16,6|26,16|-1,-1|-1,-1|26,6|6,6|-1,-1|26,26|29,2|-1,-1|
#setting_targetting_pos=-1,-1|-1,-1|14,25|-1,-1|-1,-1|-1,-1|-1,-1|-1,-1|29,30|8,25|
#type=4,4,4,4,4,4,4,3,0,4,
..U....D.L
#110011111100111
#assigned_pet=-1,-1,10,-1,-1,-1,-1,-1,-1,10,
#assigned_hub=3,7,5,4,6,0,1,8,-1,2,
#moving_targetting_pos=16,6|26,16|-1,-1|-1,-1|26,6|6,6|-1,-1|26,26|29,2|-1,-1|
#setting_targetting_pos=-1,-1|-1,-1|14,25|-1,-1|-1,-1|-1,-1|-1,-1|-1,-1|29,30|8,25|
#type=4,4,4,4,4,4,4,3,0,4,
.......D.L
#110011111110111
#assigned_pet=-1,-1,10,-1,-1,-1,-1,-1,-1,10,
#assigned_hub=3,7,5,4,6,0,1,8,-1,2,
#moving_targetting_pos=16,6|26,16|-1,-1|-1,-1|26,6|6,6|-1,-1|26,26|29,2|-1,-1|
#setting_targetting_pos=-1,-1|-1,-1|14,25|-1,-1|-1,-1|-1,-1|-1,-1|-1,-1|29,30|8,25|
#type=4,4,5,4,4,4,4,3,0,5,
..u....D.d
#110011111110111
#assigned_pet=-1,-1,3,3,-1,-1,-1,-1,-1,-1,
#assigned_hub=3,7,5,4,6,0,1,8,-1,2,
#moving_targetting_pos=16,6|26,16|-1,-1|-1,-1|26,6|6,6|-1,-1|26,26|29,2|6,26|
#setting_targetting_pos=-1,-1|-1,-1|15,24|15,18|-1,-1|-1,-1|-1,-1|-1,-1|29,30|-1,-1|
#type=4,4,4,4,4,4,4,3,0,4,
...R...D..
#110011111110111
#assigned_pet=-1,-1,3,3,-1,-1,-1,-1,-1,-1,
#assigned_hub=3,7,5,4,6,0,1,8,-1,2,
#moving_targetting_pos=16,6|26,16|-1,-1|-1,-1|26,6|6,6|6,16|26,26|29,2|6,26|
#setting_targetting_pos=-1,-1|-1,-1|15,24|15,18|-1,-1|-1,-1|-1,-1|-1,-1|29,30|-1,-1|
#type=4,4,4,4,4,4,4,3,0,4,
...U...D..
#110111111111111
#assigned_pet=-1,-1,3,3,-1,-1,-1,-1,-1,-1,
#assigned_hub=3,7,5,4,6,0,1,8,-1,2,
#moving_targetting_pos=16,6|26,16|-1,-1|-1,-1|26,6|6,6|6,16|26,26|29,2|6,26|
#setting_targetting_pos=-1,-1|-1,-1|15,24|15,18|-1,-1|-1,-1|-1,-1|-1,-1|29,30|-1,-1|
#type=4,4,5,5,4,4,4,3,0,4,
..lu...D..
#110111111111111
#assigned_pet=-1,-1,-1,-1,-1,-1,-1,-1,-1,-1,
#assigned_hub=3,7,5,4,6,0,1,8,-1,2,
#moving_targetting_pos=16,6|26,16|16,26|16,16|26,6|6,6|6,16|26,26|29,2|6,26|
#setting_targetting_pos=-1,-1|-1,-1|-1,-1|-1,-1|-1,-1|-1,-1|-1,-1|-1,-1|29,30|-1,-1|
#type=4,4,4,4,4,4,4,3,0,4,
.......L..
#110111111111111
#assigned_pet=-1,-1,-1,-1,-1,-1,-1,-1,-1,-1,
#assigned_hub=3,7,5,4,6,0,1,8,-1,2,
#moving_targetting_pos=16,6|-1,-1|-1,-1|16,16|26,6|6,6|6,16|-1,-1|29,2|6,26|
#setting_targetting_pos=-1,-1|-1,-1|-1,-1|-1,-1|-1,-1|-1,-1|-1,-1|-1,-1|29,30|-1,-1|
#type=4,4,4,4,4,4,4,4,0,4,
..........
#110111111111111
#assigned_pet=-1,-1,-1,-1,-1,-1,-1,-1,-1,-1,
#assigned_hub=3,7,5,4,6,0,1,8,-1,2,
#moving_targetting_pos=16,6|-1,-1|-1,-1|16,16|26,6|6,6|6,16|-1,-1|29,2|6,26|
#setting_targetting_pos=-1,-1|-1,-1|-1,-1|-1,-1|-1,-1|-1,-1|-1,-1|-1,-1|29,30|-1,-1|
#type=4,4,4,4,4,4,4,4,0,4,
..........
#110111111111111
#assigned_pet=-1,-1,-1,-1,-1,-1,-1,-1,-1,-1,
#assigned_hub=3,7,5,4,6,0,1,8,-1,2,
#moving_targetting_pos=16,6|-1,-1|-1,-1|16,16|26,6|6,6|6,16|-1,-1|29,2|6,26|
#setting_targetting_pos=-1,-1|-1,-1|-1,-1|-1,-1|-1,-1|-1,-1|-1,-1|-1,-1|29,30|-1,-1|
#type=4,4,4,4,4,4,4,4,0,4,
..........
#110111111111111
#assigned_pet=-1,-1,-1,-1,-1,-1,-1,-1,-1,-1,
#assigned_hub=3,7,5,4,6,0,1,8,-1,2,
#moving_targetting_pos=16,6|-1,-1|-1,-1|16,16|26,6|6,6|6,16|-1,-1|29,2|6,26|
#setting_targetting_pos=-1,-1|-1,-1|-1,-1|-1,-1|-1,-1|-1,-1|-1,-1|-1,-1|29,30|-1,-1|
#type=4,4,4,4,4,4,4,4,0,4,
..........
#110111111111111
#assigned_pet=-1,2,-1,-1,-1,-1,-1,2,-1,-1,
#assigned_hub=3,7,5,4,6,0,1,8,-1,2,
#moving_targetting_pos=16,6|-1,-1|16,26|16,16|26,6|6,6|6,16|-1,-1|29,2|6,26|
#setting_targetting_pos=-1,-1|25,18|-1,-1|-1,-1|-1,-1|-1,-1|-1,-1|25,24|29,30|-1,-1|
#type=4,4,4,4,4,4,4,4,0,4,
.R.....L..
#110111111111111
#assigned_pet=-1,2,-1,-1,-1,-1,-1,2,-1,-1,
#assigned_hub=3,7,5,4,6,0,1,8,-1,2,
#moving_targetting_pos=16,6|-1,-1|16,26|16,16|26,6|6,6|6,16|-1,-1|29,2|6,26|
#setting_targetting_pos=-1,-1|25,18|-1,-1|-1,-1|-1,-1|-1,-1|-1,-1|25,24|29,30|-1,-1|
#type=4,4,4,4,4,4,4,4,0,4,
.R.....D..
#111111111111111
#assigned_pet=-1,2,-1,-1,-1,-1,-1,2,-1,-1,
#assigned_hub=3,7,5,4,6,0,1,8,-1,2,
#moving_targetting_pos=16,6|-1,-1|16,26|16,16|26,6|6,6|6,16|-1,-1|29,2|6,26|
#setting_targetting_pos=-1,-1|25,18|-1,-1|-1,-1|-1,-1|-1,-1|-1,-1|25,24|29,30|-1,-1|
#type=4,5,4,4,4,4,4,5,0,4,
.r.....l..
#111111111111111
#assigned_pet=-1,-1,-1,-1,-1,-1,-1,-1,-1,-1,
#assigned_hub=3,7,5,4,6,0,1,8,-1,2,
#moving_targetting_pos=16,6|26,16|16,26|16,16|26,6|6,6|6,16|26,26|29,2|6,26|
#setting_targetting_pos=-1,-1|-1,-1|-1,-1|-1,-1|-1,-1|-1,-1|-1,-1|-1,-1|29,30|-1,-1|
#type=4,4,4,4,4,4,4,4,0,4,
..........
#111111111111111
#assigned_pet=-1,-1,-1,-1,-1,-1,-1,-1,-1,-1,
#assigned_hub=3,7,5,4,6,0,1,8,-1,2,
#moving_targetting_pos=16,6|26,16|16,26|16,16|26,6|6,6|6,16|26,26|29,2|6,26|
#setting_targetting_pos=-1,-1|-1,-1|-1,-1|-1,-1|-1,-1|-1,-1|-1,-1|-1,-1|29,30|-1,-1|
#type=4,4,4,4,4,4,4,4,0,4,
..........
#111111111111111
#assigned_pet=-1,-1,-1,-1,-1,-1,-1,-1,-1,-1,
#assigned_hub=3,7,5,4,6,0,1,8,-1,2,
#moving_targetting_pos=16,6|26,16|16,26|16,16|26,6|6,6|6,16|26,26|29,2|6,26|
#setting_targetting_pos=-1,-1|-1,-1|-1,-1|-1,-1|-1,-1|-1,-1|-1,-1|-1,-1|29,30|-1,-1|
#type=4,4,4,4,4,4,4,4,0,4,
..........
#111111111111111
#assigned_pet=-1,-1,-1,-1,-1,-1,-1,-1,-1,-1,
#assigned_hub=3,7,5,4,6,0,1,8,-1,2,
#moving_targetting_pos=16,6|26,16|16,26|16,16|26,6|6,6|6,16|26,26|29,2|6,26|
#setting_targetting_pos=-1,-1|-1,-1|-1,-1|-1,-1|-1,-1|-1,-1|-1,-1|-1,-1|29,30|-1,-1|
#type=4,4,4,4,4,4,4,4,0,4,
..........
#111111111111111
#assigned_pet=-1,-1,-1,-1,-1,-1,-1,-1,-1,-1,
#assigned_hub=3,7,5,4,6,0,1,8,-1,2,
#moving_targetting_pos=16,6|26,16|16,26|16,16|26,6|6,6|6,16|26,26|29,2|6,26|
#setting_targetting_pos=-1,-1|-1,-1|-1,-1|-1,-1|-1,-1|-1,-1|-1,-1|-1,-1|29,30|-1,-1|
#type=4,4,4,4,4,4,4,4,0,4,
..........
#111111111111111
#assigned_pet=-1,-1,-1,-1,-1,-1,-1,-1,-1,-1,
#assigned_hub=3,7,5,4,6,0,1,8,-1,2,
#moving_targetting_pos=16,6|26,16|16,26|16,16|26,6|6,6|6,16|26,26|29,2|6,26|
#setting_targetting_pos=-1,-1|-1,-1|-1,-1|-1,-1|-1,-1|-1,-1|-1,-1|-1,-1|29,30|-1,-1|
#type=4,4,4,4,4,4,4,4,0,4,
..........
#111111111111111
#assigned_pet=-1,-1,-1,-1,-1,-1,-1,-1,-1,-1,
#assigned_hub=3,7,5,4,6,0,1,8,-1,2,
#moving_targetting_pos=16,6|26,16|16,26|16,16|26,6|6,6|6,16|26,26|29,2|6,26|
#setting_targetting_pos=-1,-1|-1,-1|-1,-1|-1,-1|-1,-1|-1,-1|-1,-1|-1,-1|29,30|-1,-1|
#type=4,4,4,4,4,4,4,4,0,4,
..........
#111111111111111
#assigned_pet=-1,-1,-1,-1,-1,-1,-1,-1,-1,-1,
#assigned_hub=3,7,5,4,6,0,1,8,-1,2,
#moving_targetting_pos=16,6|26,16|16,26|16,16|26,6|6,6|6,16|26,26|29,2|6,26|
#setting_targetting_pos=-1,-1|-1,-1|-1,-1|-1,-1|-1,-1|-1,-1|-1,-1|-1,-1|29,30|-1,-1|
#type=4,4,4,4,4,4,4,4,0,4,
..........
#111111111111111
#assigned_pet=-1,-1,-1,-1,-1,-1,-1,-1,-1,-1,
#assigned_hub=3,7,5,4,6,0,1,8,-1,2,
#moving_targetting_pos=16,6|26,16|16,26|16,16|26,6|6,6|6,16|26,26|29,2|6,26|
#setting_targetting_pos=-1,-1|-1,-1|-1,-1|-1,-1|-1,-1|-1,-1|-1,-1|-1,-1|29,30|-1,-1|
#type=4,4,4,4,4,4,4,4,0,4,
..........
#111111111111111
#assigned_pet=-1,-1,-1,-1,-1,-1,-1,-1,-1,-1,
#assigned_hub=3,7,5,4,6,0,1,8,-1,2,
#moving_targetting_pos=16,6|26,16|16,26|16,16|26,6|6,6|6,16|26,26|29,2|6,26|
#setting_targetting_pos=-1,-1|-1,-1|-1,-1|-1,-1|-1,-1|-1,-1|-1,-1|-1,-1|29,30|-1,-1|
#type=4,4,4,4,4,4,4,4,0,4,
..........
#111111111111111
#assigned_pet=-1,-1,-1,-1,-1,-1,-1,-1,-1,-1,
#assigned_hub=3,7,5,4,6,0,1,8,-1,2,
#moving_targetting_pos=16,6|26,16|16,26|16,16|26,6|6,6|6,16|26,26|29,2|6,26|
#setting_targetting_pos=-1,-1|-1,-1|-1,-1|-1,-1|-1,-1|-1,-1|-1,-1|-1,-1|29,30|-1,-1|
#type=4,4,4,4,4,4,4,4,0,4,
..........
#111111111111111
#assigned_pet=-1,-1,-1,-1,-1,-1,-1,-1,-1,-1,
#assigned_hub=3,7,5,4,6,0,1,8,-1,2,
#moving_targetting_pos=16,6|26,16|16,26|16,16|26,6|6,6|6,16|26,26|29,2|6,26|
#setting_targetting_pos=-1,-1|-1,-1|-1,-1|-1,-1|-1,-1|-1,-1|-1,-1|-1,-1|29,30|-1,-1|
#type=4,4,4,4,4,4,4,4,0,4,
..........
#111111111111111
#assigned_pet=-1,-1,-1,-1,-1,-1,-1,-1,-1,-1,
#assigned_hub=3,7,5,4,6,0,1,8,-1,2,
#moving_targetting_pos=16,6|26,16|16,26|16,16|26,6|6,6|6,16|26,26|29,2|6,26|
#setting_targetting_pos=-1,-1|-1,-1|-1,-1|-1,-1|-1,-1|-1,-1|-1,-1|-1,-1|29,30|-1,-1|
#type=4,4,4,4,4,4,4,4,0,4,
..........
#111111111111111
#assigned_pet=-1,-1,-1,-1,-1,-1,-1,-1,-1,-1,
#assigned_hub=3,7,5,4,6,0,1,8,-1,2,
#moving_targetting_pos=16,6|26,16|16,26|16,16|26,6|6,6|6,16|26,26|29,2|6,26|
#setting_targetting_pos=-1,-1|-1,-1|-1,-1|-1,-1|-1,-1|-1,-1|-1,-1|-1,-1|29,30|-1,-1|
#type=4,4,4,4,4,4,4,4,0,4,
..........
#111111111111111
#assigned_pet=-1,-1,-1,-1,-1,-1,-1,-1,-1,-1,
#assigned_hub=3,7,5,4,6,0,1,8,-1,2,
#moving_targetting_pos=16,6|26,16|16,26|16,16|26,6|6,6|6,16|26,26|29,2|6,26|
#setting_targetting_pos=-1,-1|-1,-1|-1,-1|-1,-1|-1,-1|-1,-1|-1,-1|-1,-1|29,30|-1,-1|
#type=4,4,4,4,4,4,4,4,0,4,
..........
#111111111111111
#assigned_pet=-1,-1,-1,-1,-1,-1,-1,-1,-1,-1,
#assigned_hub=3,7,5,4,6,0,1,8,-1,2,
#moving_targetting_pos=16,6|26,16|16,26|16,16|26,6|6,6|6,16|26,26|29,2|6,26|
#setting_targetting_pos=-1,-1|-1,-1|-1,-1|-1,-1|-1,-1|-1,-1|-1,-1|-1,-1|29,30|-1,-1|
#type=4,4,4,4,4,4,4,4,0,4,
..........
#111111111111111
#assigned_pet=-1,-1,-1,-1,-1,-1,-1,-1,-1,-1,
#assigned_hub=3,7,5,4,6,0,1,8,-1,2,
#moving_targetting_pos=16,6|26,16|16,26|16,16|26,6|6,6|6,16|26,26|29,2|6,26|
#setting_targetting_pos=-1,-1|-1,-1|-1,-1|-1,-1|-1,-1|-1,-1|-1,-1|-1,-1|29,30|-1,-1|
#type=4,4,4,4,4,4,4,4,0,4,
..........
#111111111111111
#assigned_pet=-1,-1,-1,-1,-1,-1,-1,-1,-1,-1,
#assigned_hub=3,7,5,4,6,0,1,8,-1,2,
#moving_targetting_pos=16,6|26,16|16,26|16,16|26,6|6,6|6,16|26,26|29,2|6,26|
#setting_targetting_pos=-1,-1|-1,-1|-1,-1|-1,-1|-1,-1|-1,-1|-1,-1|-1,-1|29,30|-1,-1|
#type=4,4,4,4,4,4,4,4,0,4,
..........
#111111111111111
#assigned_pet=-1,-1,-1,-1,-1,-1,-1,-1,-1,-1,
#assigned_hub=3,7,5,4,6,0,1,8,-1,2,
#moving_targetting_pos=16,6|26,16|16,26|16,16|26,6|6,6|6,16|26,26|29,2|6,26|
#setting_targetting_pos=-1,-1|-1,-1|-1,-1|-1,-1|-1,-1|-1,-1|-1,-1|-1,-1|29,30|-1,-1|
#type=4,4,4,4,4,4,4,4,0,4,
..........
#111111111111111
#assigned_pet=-1,-1,-1,-1,-1,-1,-1,-1,-1,-1,
#assigned_hub=3,7,5,4,6,0,1,8,-1,2,
#moving_targetting_pos=16,6|26,16|16,26|16,16|26,6|6,6|6,16|26,26|29,2|6,26|
#setting_targetting_pos=-1,-1|-1,-1|-1,-1|-1,-1|-1,-1|-1,-1|-1,-1|-1,-1|29,30|-1,-1|
#type=4,4,4,4,4,4,4,4,0,4,
..........
#111111111111111
#assigned_pet=-1,-1,-1,-1,-1,-1,-1,-1,-1,-1,
#assigned_hub=3,7,5,4,6,0,1,8,-1,2,
#moving_targetting_pos=16,6|26,16|16,26|16,16|26,6|6,6|6,16|26,26|29,2|6,26|
#setting_targetting_pos=-1,-1|-1,-1|-1,-1|-1,-1|-1,-1|-1,-1|-1,-1|-1,-1|29,30|-1,-1|
#type=4,4,4,4,4,4,4,4,0,4,
..........
#111111111111111
#assigned_pet=-1,-1,-1,-1,-1,-1,-1,-1,-1,-1,
#assigned_hub=3,7,5,4,6,0,1,8,-1,2,
#moving_targetting_pos=16,6|26,16|16,26|16,16|26,6|6,6|6,16|26,26|29,2|6,26|
#setting_targetting_pos=-1,-1|-1,-1|-1,-1|-1,-1|-1,-1|-1,-1|-1,-1|-1,-1|29,30|-1,-1|
#type=4,4,4,4,4,4,4,4,0,4,
..........
#111111111111111
#assigned_pet=-1,-1,-1,-1,-1,-1,-1,-1,-1,-1,
#assigned_hub=3,7,5,4,6,0,1,8,-1,2,
#moving_targetting_pos=16,6|26,16|16,26|16,16|26,6|6,6|6,16|26,26|29,2|6,26|
#setting_targetting_pos=-1,-1|-1,-1|-1,-1|-1,-1|-1,-1|-1,-1|-1,-1|-1,-1|29,30|-1,-1|
#type=4,4,4,4,4,4,4,4,0,4,
..........
#111111111111111
#assigned_pet=-1,-1,-1,-1,-1,-1,-1,-1,-1,-1,
#assigned_hub=3,7,5,4,6,0,1,8,-1,2,
#moving_targetting_pos=16,6|26,16|16,26|16,16|26,6|6,6|6,16|26,26|29,2|6,26|
#setting_targetting_pos=-1,-1|-1,-1|-1,-1|-1,-1|-1,-1|-1,-1|-1,-1|-1,-1|29,30|-1,-1|
#type=4,4,4,4,4,4,4,4,0,4,
..........
#111111111111111
#assigned_pet=-1,-1,-1,-1,-1,-1,-1,-1,-1,-1,
#assigned_hub=3,7,5,4,6,0,1,8,-1,2,
#moving_targetting_pos=16,6|26,16|16,26|16,16|26,6|6,6|6,16|26,26|29,2|6,26|
#setting_targetting_pos=-1,-1|-1,-1|-1,-1|-1,-1|-1,-1|-1,-1|-1,-1|-1,-1|29,30|-1,-1|
#type=4,4,4,4,4,4,4,4,0,4,
..........
#111111111111111
#assigned_pet=-1,-1,-1,-1,-1,-1,-1,-1,-1,-1,
#assigned_hub=3,7,5,4,6,0,1,8,-1,2,
#moving_targetting_pos=16,6|26,16|16,26|16,16|26,6|6,6|6,16|26,26|29,2|6,26|
#setting_targetting_pos=-1,-1|-1,-1|-1,-1|-1,-1|-1,-1|-1,-1|-1,-1|-1,-1|29,30|-1,-1|
#type=4,4,4,4,4,4,4,4,0,4,
..........
#111111111111111
#assigned_pet=-1,-1,-1,-1,-1,-1,-1,-1,-1,-1,
#assigned_hub=3,7,5,4,6,0,1,8,-1,2,
#moving_targetting_pos=16,6|26,16|16,26|16,16|26,6|6,6|6,16|26,26|29,2|6,26|
#setting_targetting_pos=-1,-1|-1,-1|-1,-1|-1,-1|-1,-1|-1,-1|-1,-1|-1,-1|29,30|-1,-1|
#type=4,4,4,4,4,4,4,4,0,4,
..........
#111111111111111
#assigned_pet=-1,-1,-1,-1,-1,-1,-1,-1,-1,-1,
#assigned_hub=3,7,5,4,6,0,1,8,-1,2,
#moving_targetting_pos=16,6|26,16|16,26|16,16|26,6|6,6|6,16|26,26|29,2|6,26|
#setting_targetting_pos=-1,-1|-1,-1|-1,-1|-1,-1|-1,-1|-1,-1|-1,-1|-1,-1|29,30|-1,-1|
#type=4,4,4,4,4,4,4,4,0,4,
..........
#111111111111111
#assigned_pet=-1,-1,-1,-1,-1,-1,-1,-1,-1,-1,
#assigned_hub=3,7,5,4,6,0,1,8,-1,2,
#moving_targetting_pos=16,6|26,16|16,26|16,16|26,6|6,6|6,16|26,26|29,2|6,26|
#setting_targetting_pos=-1,-1|-1,-1|-1,-1|-1,-1|-1,-1|-1,-1|-1,-1|-1,-1|29,30|-1,-1|
#type=4,4,4,4,4,4,4,4,0,4,
..........
#111111111111111
#assigned_pet=-1,-1,-1,-1,-1,-1,-1,-1,-1,-1,
#assigned_hub=3,7,5,4,6,0,1,8,-1,2,
#moving_targetting_pos=16,6|26,16|16,26|16,16|26,6|6,6|6,16|26,26|29,2|6,26|
#setting_targetting_pos=-1,-1|-1,-1|-1,-1|-1,-1|-1,-1|-1,-1|-1,-1|-1,-1|29,30|-1,-1|
#type=4,4,4,4,4,4,4,4,0,4,
..........
#111111111111111
#assigned_pet=-1,-1,-1,-1,-1,-1,-1,-1,-1,-1,
#assigned_hub=3,7,5,4,6,0,1,8,-1,2,
#moving_targetting_pos=16,6|26,16|16,26|16,16|26,6|6,6|6,16|26,26|29,2|6,26|
#setting_targetting_pos=-1,-1|-1,-1|-1,-1|-1,-1|-1,-1|-1,-1|-1,-1|-1,-1|29,30|-1,-1|
#type=4,4,4,4,4,4,4,4,0,4,
..........
#111111111111111
#assigned_pet=-1,-1,-1,-1,-1,-1,-1,-1,-1,-1,
#assigned_hub=3,7,5,4,6,0,1,8,-1,2,
#moving_targetting_pos=16,6|26,16|16,26|16,16|26,6|6,6|6,16|26,26|29,2|6,26|
#setting_targetting_pos=-1,-1|-1,-1|-1,-1|-1,-1|-1,-1|-1,-1|-1,-1|-1,-1|29,30|-1,-1|
#type=4,4,4,4,4,4,4,4,0,4,
..........
#111111111111111
#assigned_pet=-1,-1,-1,-1,-1,-1,-1,-1,-1,-1,
#assigned_hub=3,7,5,4,6,0,1,8,-1,2,
#moving_targetting_pos=16,6|26,16|16,26|16,16|26,6|6,6|6,16|26,26|29,2|6,26|
#setting_targetting_pos=-1,-1|-1,-1|-1,-1|-1,-1|-1,-1|-1,-1|-1,-1|-1,-1|29,30|-1,-1|
#type=4,4,4,4,4,4,4,4,0,4,
..........
#111111111111111
#assigned_pet=-1,-1,-1,-1,-1,-1,-1,-1,-1,-1,
#assigned_hub=3,7,5,4,6,0,1,8,-1,2,
#moving_targetting_pos=16,6|26,16|16,26|16,16|26,6|6,6|6,16|26,26|29,2|6,26|
#setting_targetting_pos=-1,-1|-1,-1|-1,-1|-1,-1|-1,-1|-1,-1|-1,-1|-1,-1|29,30|-1,-1|
#type=4,4,4,4,4,4,4,4,0,4,
..........
#111111111111111
#assigned_pet=-1,-1,-1,-1,-1,-1,-1,-1,-1,-1,
#assigned_hub=3,7,5,4,6,0,1,8,-1,2,
#moving_targetting_pos=16,6|26,16|16,26|16,16|26,6|6,6|6,16|26,26|29,2|6,26|
#setting_targetting_pos=-1,-1|-1,-1|-1,-1|-1,-1|-1,-1|-1,-1|-1,-1|-1,-1|29,30|-1,-1|
#type=4,4,4,4,4,4,4,4,0,4,
..........
#111111111111111
#assigned_pet=-1,-1,-1,-1,-1,-1,-1,-1,-1,-1,
#assigned_hub=3,7,5,4,6,0,1,8,-1,2,
#moving_targetting_pos=16,6|26,16|16,26|16,16|26,6|6,6|6,16|26,26|29,2|6,26|
#setting_targetting_pos=-1,-1|-1,-1|-1,-1|-1,-1|-1,-1|-1,-1|-1,-1|-1,-1|29,30|-1,-1|
#type=4,4,4,4,4,4,4,4,0,4,
..........
#111111111111111
#assigned_pet=-1,-1,-1,-1,-1,-1,-1,-1,-1,-1,
#assigned_hub=3,7,5,4,6,0,1,8,-1,2,
#moving_targetting_pos=16,6|26,16|16,26|16,16|26,6|6,6|6,16|26,26|29,2|6,26|
#setting_targetting_pos=-1,-1|-1,-1|-1,-1|-1,-1|-1,-1|-1,-1|-1,-1|-1,-1|29,30|-1,-1|
#type=4,4,4,4,4,4,4,4,0,4,
..........
#111111111111111
#assigned_pet=-1,-1,-1,-1,-1,-1,-1,-1,-1,-1,
#assigned_hub=3,7,5,4,6,0,1,8,-1,2,
#moving_targetting_pos=16,6|26,16|16,26|16,16|26,6|6,6|6,16|26,26|29,2|6,26|
#setting_targetting_pos=-1,-1|-1,-1|-1,-1|-1,-1|-1,-1|-1,-1|-1,-1|-1,-1|29,30|-1,-1|
#type=4,4,4,4,4,4,4,4,0,4,
..........
#111111111111111
#assigned_pet=-1,-1,-1,-1,-1,-1,-1,-1,-1,-1,
#assigned_hub=3,7,5,4,6,0,1,8,-1,2,
#moving_targetting_pos=16,6|26,16|16,26|16,16|26,6|6,6|6,16|26,26|29,2|6,26|
#setting_targetting_pos=-1,-1|-1,-1|-1,-1|-1,-1|-1,-1|-1,-1|-1,-1|-1,-1|29,30|-1,-1|
#type=4,4,4,4,4,4,4,4,0,4,
..........
#111111111111111
#assigned_pet=-1,-1,-1,-1,-1,-1,-1,-1,-1,-1,
#assigned_hub=3,7,5,4,6,0,1,8,-1,2,
#moving_targetting_pos=16,6|26,16|16,26|16,16|26,6|6,6|6,16|26,26|29,2|6,26|
#setting_targetting_pos=-1,-1|-1,-1|-1,-1|-1,-1|-1,-1|-1,-1|-1,-1|-1,-1|29,30|-1,-1|
#type=4,4,4,4,4,4,4,4,0,4,
..........
#111111111111111
#assigned_pet=-1,-1,-1,-1,-1,-1,-1,-1,-1,-1,
#assigned_hub=3,7,5,4,6,0,1,8,-1,2,
#moving_targetting_pos=16,6|26,16|16,26|16,16|26,6|6,6|6,16|26,26|29,2|6,26|
#setting_targetting_pos=-1,-1|-1,-1|-1,-1|-1,-1|-1,-1|-1,-1|-1,-1|-1,-1|29,30|-1,-1|
#type=4,4,4,4,4,4,4,4,0,4,
..........
#111111111111111
#assigned_pet=-1,-1,-1,-1,-1,-1,-1,-1,-1,-1,
#assigned_hub=3,7,5,4,6,0,1,8,-1,2,
#moving_targetting_pos=16,6|26,16|16,26|16,16|26,6|6,6|6,16|26,26|29,2|6,26|
#setting_targetting_pos=-1,-1|-1,-1|-1,-1|-1,-1|-1,-1|-1,-1|-1,-1|-1,-1|29,30|-1,-1|
#type=4,4,4,4,4,4,4,4,0,4,
..........
#111111111111111
#assigned_pet=-1,-1,-1,-1,-1,-1,-1,-1,-1,-1,
#assigned_hub=3,7,5,4,6,0,1,8,-1,2,
#moving_targetting_pos=16,6|26,16|16,26|16,16|26,6|6,6|6,16|26,26|29,2|6,26|
#setting_targetting_pos=-1,-1|-1,-1|-1,-1|-1,-1|-1,-1|-1,-1|-1,-1|-1,-1|29,30|-1,-1|
#type=4,4,4,4,4,4,4,4,0,4,
..........
#111111111111111
#assigned_pet=-1,-1,-1,-1,-1,-1,-1,-1,-1,-1,
#assigned_hub=3,7,5,4,6,0,1,8,-1,2,
#moving_targetting_pos=16,6|26,16|16,26|16,16|26,6|6,6|6,16|26,26|29,2|6,26|
#setting_targetting_pos=-1,-1|-1,-1|-1,-1|-1,-1|-1,-1|-1,-1|-1,-1|-1,-1|29,30|-1,-1|
#type=4,4,4,4,4,4,4,4,0,4,
..........
#111111111111111
#assigned_pet=-1,-1,-1,-1,-1,-1,-1,-1,-1,-1,
#assigned_hub=3,7,5,4,6,0,1,8,-1,2,
#moving_targetting_pos=16,6|26,16|16,26|16,16|26,6|6,6|6,16|26,26|29,2|6,26|
#setting_targetting_pos=-1,-1|-1,-1|-1,-1|-1,-1|-1,-1|-1,-1|-1,-1|-1,-1|29,30|-1,-1|
#type=4,4,4,4,4,4,4,4,0,4,
..........
#111111111111111
#assigned_pet=-1,-1,-1,-1,-1,-1,-1,-1,-1,-1,
#assigned_hub=3,7,5,4,6,0,1,8,-1,2,
#moving_targetting_pos=16,6|26,16|16,26|16,16|26,6|6,6|6,16|26,26|29,2|6,26|
#setting_targetting_pos=-1,-1|-1,-1|-1,-1|-1,-1|-1,-1|-1,-1|-1,-1|-1,-1|29,30|-1,-1|
#type=4,4,4,4,4,4,4,4,0,4,
..........
#111111111111111
#assigned_pet=-1,-1,-1,-1,-1,-1,-1,-1,-1,-1,
#assigned_hub=3,7,5,4,6,0,1,8,-1,2,
#moving_targetting_pos=16,6|26,16|16,26|16,16|26,6|6,6|6,16|26,26|29,2|6,26|
#setting_targetting_pos=-1,-1|-1,-1|-1,-1|-1,-1|-1,-1|-1,-1|-1,-1|-1,-1|29,30|-1,-1|
#type=4,4,4,4,4,4,4,4,0,4,
..........
#111111111111111
#assigned_pet=-1,-1,-1,-1,-1,-1,-1,-1,-1,-1,
#assigned_hub=3,7,5,4,6,0,1,8,-1,2,
#moving_targetting_pos=16,6|26,16|16,26|16,16|26,6|6,6|6,16|26,26|29,2|6,26|
#setting_targetting_pos=-1,-1|-1,-1|-1,-1|-1,-1|-1,-1|-1,-1|-1,-1|-1,-1|29,30|-1,-1|
#type=4,4,4,4,4,4,4,4,0,4,
..........
#111111111111111
#assigned_pet=-1,-1,-1,-1,-1,-1,-1,-1,-1,-1,
#assigned_hub=3,7,5,4,6,0,1,8,-1,2,
#moving_targetting_pos=16,6|26,16|16,26|16,16|26,6|6,6|6,16|26,26|29,2|6,26|
#setting_targetting_pos=-1,-1|-1,-1|-1,-1|-1,-1|-1,-1|-1,-1|-1,-1|-1,-1|29,30|-1,-1|
#type=4,4,4,4,4,4,4,4,0,4,
..........
#111111111111111
#assigned_pet=-1,-1,-1,-1,-1,-1,-1,-1,-1,-1,
#assigned_hub=3,7,5,4,6,0,1,8,-1,2,
#moving_targetting_pos=16,6|26,16|16,26|16,16|26,6|6,6|6,16|26,26|29,2|6,26|
#setting_targetting_pos=-1,-1|-1,-1|-1,-1|-1,-1|-1,-1|-1,-1|-1,-1|-1,-1|29,30|-1,-1|
#type=4,4,4,4,4,4,4,4,0,4,
..........
#111111111111111
#assigned_pet=-1,-1,-1,-1,-1,-1,-1,-1,-1,-1,
#assigned_hub=3,7,5,4,6,0,1,8,-1,2,
#moving_targetting_pos=16,6|26,16|16,26|16,16|26,6|6,6|6,16|26,26|29,2|6,26|
#setting_targetting_pos=-1,-1|-1,-1|-1,-1|-1,-1|-1,-1|-1,-1|-1,-1|-1,-1|29,30|-1,-1|
#type=4,4,4,4,4,4,4,4,0,4,
..........
#111111111111111
#assigned_pet=-1,-1,-1,-1,-1,-1,-1,-1,-1,-1,
#assigned_hub=3,7,5,4,6,0,1,8,-1,2,
#moving_targetting_pos=16,6|26,16|16,26|16,16|26,6|6,6|6,16|26,26|29,2|6,26|
#setting_targetting_pos=-1,-1|-1,-1|-1,-1|-1,-1|-1,-1|-1,-1|-1,-1|-1,-1|29,30|-1,-1|
#type=4,4,4,4,4,4,4,4,0,4,
..........
#111111111111111
#assigned_pet=-1,-1,-1,-1,-1,-1,-1,-1,-1,-1,
#assigned_hub=3,7,5,4,6,0,1,8,-1,2,
#moving_targetting_pos=16,6|26,16|16,26|16,16|26,6|6,6|6,16|26,26|29,2|6,26|
#setting_targetting_pos=-1,-1|-1,-1|-1,-1|-1,-1|-1,-1|-1,-1|-1,-1|-1,-1|29,30|-1,-1|
#type=4,4,4,4,4,4,4,4,0,4,
..........
#111111111111111
#assigned_pet=-1,-1,-1,-1,-1,-1,-1,-1,-1,-1,
#assigned_hub=3,7,5,4,6,0,1,8,-1,2,
#moving_targetting_pos=16,6|26,16|16,26|16,16|26,6|6,6|6,16|26,26|29,2|6,26|
#setting_targetting_pos=-1,-1|-1,-1|-1,-1|-1,-1|-1,-1|-1,-1|-1,-1|-1,-1|29,30|-1,-1|
#type=4,4,4,4,4,4,4,4,0,4,
..........
#111111111111111
#assigned_pet=-1,-1,-1,-1,-1,-1,-1,-1,-1,-1,
#assigned_hub=3,7,5,4,6,0,1,8,-1,2,
#moving_targetting_pos=16,6|26,16|16,26|16,16|26,6|6,6|6,16|26,26|29,2|6,26|
#setting_targetting_pos=-1,-1|-1,-1|-1,-1|-1,-1|-1,-1|-1,-1|-1,-1|-1,-1|29,30|-1,-1|
#type=4,4,4,4,4,4,4,4,0,4,
..........
#111111111111111
#assigned_pet=-1,-1,-1,-1,-1,-1,-1,-1,-1,-1,
#assigned_hub=3,7,5,4,6,0,1,8,-1,2,
#moving_targetting_pos=16,6|26,16|16,26|16,16|26,6|6,6|6,16|26,26|29,2|6,26|
#setting_targetting_pos=-1,-1|-1,-1|-1,-1|-1,-1|-1,-1|-1,-1|-1,-1|-1,-1|29,30|-1,-1|
#type=4,4,4,4,4,4,4,4,0,4,
..........
#111111111111111
#assigned_pet=-1,-1,-1,-1,-1,-1,-1,-1,-1,-1,
#assigned_hub=3,7,5,4,6,0,1,8,-1,2,
#moving_targetting_pos=16,6|26,16|16,26|16,16|26,6|6,6|6,16|26,26|29,2|6,26|
#setting_targetting_pos=-1,-1|-1,-1|-1,-1|-1,-1|-1,-1|-1,-1|-1,-1|-1,-1|29,30|-1,-1|
#type=4,4,4,4,4,4,4,4,0,4,
..........
#111111111111111
#assigned_pet=-1,-1,-1,-1,-1,-1,-1,-1,-1,-1,
#assigned_hub=3,7,5,4,6,0,1,8,-1,2,
#moving_targetting_pos=16,6|26,16|16,26|16,16|26,6|6,6|6,16|26,26|29,2|6,26|
#setting_targetting_pos=-1,-1|-1,-1|-1,-1|-1,-1|-1,-1|-1,-1|-1,-1|-1,-1|29,30|-1,-1|
#type=4,4,4,4,4,4,4,4,0,4,
..........
#111111111111111
#assigned_pet=-1,-1,-1,-1,-1,-1,-1,-1,-1,-1,
#assigned_hub=3,7,5,4,6,0,1,8,-1,2,
#moving_targetting_pos=16,6|26,16|16,26|16,16|26,6|6,6|6,16|26,26|29,2|6,26|
#setting_targetting_pos=-1,-1|-1,-1|-1,-1|-1,-1|-1,-1|-1,-1|-1,-1|-1,-1|29,30|-1,-1|
#type=4,4,4,4,4,4,4,4,0,4,
..........
#111111111111111
#assigned_pet=-1,-1,-1,-1,-1,-1,-1,-1,-1,-1,
#assigned_hub=3,7,5,4,6,0,1,8,-1,2,
#moving_targetting_pos=16,6|26,16|16,26|16,16|26,6|6,6|6,16|26,26|29,2|6,26|
#setting_targetting_pos=-1,-1|-1,-1|-1,-1|-1,-1|-1,-1|-1,-1|-1,-1|-1,-1|29,30|-1,-1|
#type=4,4,4,4,4,4,4,4,0,4,
..........
#111111111111111
#assigned_pet=-1,-1,-1,-1,-1,-1,-1,-1,-1,-1,
#assigned_hub=3,7,5,4,6,0,1,8,-1,2,
#moving_targetting_pos=16,6|26,16|16,26|16,16|26,6|6,6|6,16|26,26|29,2|6,26|
#setting_targetting_pos=-1,-1|-1,-1|-1,-1|-1,-1|-1,-1|-1,-1|-1,-1|-1,-1|29,30|-1,-1|
#type=4,4,4,4,4,4,4,4,0,4,
..........
#111111111111111
#assigned_pet=-1,-1,-1,-1,-1,-1,-1,-1,-1,-1,
#assigned_hub=3,7,5,4,6,0,1,8,-1,2,
#moving_targetting_pos=16,6|26,16|16,26|16,16|26,6|6,6|6,16|26,26|29,2|6,26|
#setting_targetting_pos=-1,-1|-1,-1|-1,-1|-1,-1|-1,-1|-1,-1|-1,-1|-1,-1|29,30|-1,-1|
#type=4,4,4,4,4,4,4,4,0,4,
..........
#111111111111111
#assigned_pet=-1,-1,-1,-1,-1,-1,-1,-1,-1,-1,
#assigned_hub=3,7,5,4,6,0,1,8,-1,2,
#moving_targetting_pos=16,6|26,16|16,26|16,16|26,6|6,6|6,16|26,26|29,2|6,26|
#setting_targetting_pos=-1,-1|-1,-1|-1,-1|-1,-1|-1,-1|-1,-1|-1,-1|-1,-1|29,30|-1,-1|
#type=4,4,4,4,4,4,4,4,0,4,
..........
#111111111111111
#assigned_pet=-1,-1,-1,-1,-1,-1,-1,-1,-1,-1,
#assigned_hub=3,7,5,4,6,0,1,8,-1,2,
#moving_targetting_pos=16,6|26,16|16,26|16,16|26,6|6,6|6,16|26,26|29,2|6,26|
#setting_targetting_pos=-1,-1|-1,-1|-1,-1|-1,-1|-1,-1|-1,-1|-1,-1|-1,-1|29,30|-1,-1|
#type=4,4,4,4,4,4,4,4,0,4,
..........
#111111111111111
#assigned_pet=-1,-1,-1,-1,-1,-1,-1,-1,-1,-1,
#assigned_hub=3,7,5,4,6,0,1,8,-1,2,
#moving_targetting_pos=16,6|26,16|16,26|16,16|26,6|6,6|6,16|26,26|29,2|6,26|
#setting_targetting_pos=-1,-1|-1,-1|-1,-1|-1,-1|-1,-1|-1,-1|-1,-1|-1,-1|29,30|-1,-1|
#type=4,4,4,4,4,4,4,4,0,4,
..........
#111111111111111
#assigned_pet=-1,-1,-1,-1,-1,-1,-1,-1,-1,-1,
#assigned_hub=3,7,5,4,6,0,1,8,-1,2,
#moving_targetting_pos=16,6|26,16|16,26|16,16|26,6|6,6|6,16|26,26|29,2|6,26|
#setting_targetting_pos=-1,-1|-1,-1|-1,-1|-1,-1|-1,-1|-1,-1|-1,-1|-1,-1|29,30|-1,-1|
#type=4,4,4,4,4,4,4,4,0,4,
..........
#111111111111111
#assigned_pet=-1,-1,-1,-1,-1,-1,-1,-1,-1,-1,
#assigned_hub=3,7,5,4,6,0,1,8,-1,2,
#moving_targetting_pos=16,6|26,16|16,26|16,16|26,6|6,6|6,16|26,26|29,2|6,26|
#setting_targetting_pos=-1,-1|-1,-1|-1,-1|-1,-1|-1,-1|-1,-1|-1,-1|-1,-1|29,30|-1,-1|
#type=4,4,4,4,4,4,4,4,0,4,
..........
#111111111111111
#assigned_pet=-1,-1,-1,-1,-1,-1,-1,-1,-1,-1,
#assigned_hub=3,7,5,4,6,0,1,8,-1,2,
#moving_targetting_pos=16,6|26,16|16,26|16,16|26,6|6,6|6,16|26,26|29,2|6,26|
#setting_targetting_pos=-1,-1|-1,-1|-1,-1|-1,-1|-1,-1|-1,-1|-1,-1|-1,-1|29,30|-1,-1|
#type=4,4,4,4,4,4,4,4,0,4,
..........
#111111111111111
#assigned_pet=-1,-1,-1,-1,-1,-1,-1,-1,-1,-1,
#assigned_hub=3,7,5,4,6,0,1,8,-1,2,
#moving_targetting_pos=16,6|26,16|16,26|16,16|26,6|6,6|6,16|26,26|29,2|6,26|
#setting_targetting_pos=-1,-1|-1,-1|-1,-1|-1,-1|-1,-1|-1,-1|-1,-1|-1,-1|29,30|-1,-1|
#type=4,4,4,4,4,4,4,4,0,4,
..........
#111111111111111
#assigned_pet=-1,-1,-1,-1,-1,-1,-1,-1,-1,-1,
#assigned_hub=3,7,5,4,6,0,1,8,-1,2,
#moving_targetting_pos=16,6|26,16|16,26|16,16|26,6|6,6|6,16|26,26|29,2|6,26|
#setting_targetting_pos=-1,-1|-1,-1|-1,-1|-1,-1|-1,-1|-1,-1|-1,-1|-1,-1|29,30|-1,-1|
#type=4,4,4,4,4,4,4,4,0,4,
..........
#111111111111111
#assigned_pet=-1,-1,-1,-1,-1,-1,-1,-1,-1,-1,
#assigned_hub=3,7,5,4,6,0,1,8,-1,2,
#moving_targetting_pos=16,6|26,16|16,26|16,16|26,6|6,6|6,16|26,26|29,2|6,26|
#setting_targetting_pos=-1,-1|-1,-1|-1,-1|-1,-1|-1,-1|-1,-1|-1,-1|-1,-1|29,30|-1,-1|
#type=4,4,4,4,4,4,4,4,0,4,
..........
#111111111111111
#assigned_pet=-1,-1,-1,-1,-1,-1,-1,-1,-1,-1,
#assigned_hub=3,7,5,4,6,0,1,8,-1,2,
#moving_targetting_pos=16,6|26,16|16,26|16,16|26,6|6,6|6,16|26,26|29,2|6,26|
#setting_targetting_pos=-1,-1|-1,-1|-1,-1|-1,-1|-1,-1|-1,-1|-1,-1|-1,-1|29,30|-1,-1|
#type=4,4,4,4,4,4,4,4,0,4,
..........
#111111111111111
#assigned_pet=-1,-1,-1,-1,-1,-1,-1,-1,-1,-1,
#assigned_hub=3,7,5,4,6,0,1,8,-1,2,
#moving_targetting_pos=16,6|26,16|16,26|16,16|26,6|6,6|6,16|26,26|29,2|6,26|
#setting_targetting_pos=-1,-1|-1,-1|-1,-1|-1,-1|-1,-1|-1,-1|-1,-1|-1,-1|29,30|-1,-1|
#type=4,4,4,4,4,4,4,4,0,4,
..........
#111111111111111
#assigned_pet=-1,-1,-1,-1,-1,-1,-1,-1,-1,-1,
#assigned_hub=3,7,5,4,6,0,1,8,-1,2,
#moving_targetting_pos=16,6|26,16|16,26|16,16|26,6|6,6|6,16|26,26|29,2|6,26|
#setting_targetting_pos=-1,-1|-1,-1|-1,-1|-1,-1|-1,-1|-1,-1|-1,-1|-1,-1|29,30|-1,-1|
#type=4,4,4,4,4,4,4,4,0,4,
..........
#111111111111111
#assigned_pet=-1,-1,-1,-1,-1,-1,-1,-1,-1,-1,
#assigned_hub=3,7,5,4,6,0,1,8,-1,2,
#moving_targetting_pos=16,6|26,16|16,26|16,16|26,6|6,6|6,16|26,26|29,2|6,26|
#setting_targetting_pos=-1,-1|-1,-1|-1,-1|-1,-1|-1,-1|-1,-1|-1,-1|-1,-1|29,30|-1,-1|
#type=4,4,4,4,4,4,4,4,0,4,
..........
#111111111111111
#assigned_pet=-1,-1,-1,-1,-1,-1,-1,-1,-1,-1,
#assigned_hub=3,7,5,4,6,0,1,8,-1,2,
#moving_targetting_pos=16,6|26,16|16,26|16,16|26,6|6,6|6,16|26,26|29,2|6,26|
#setting_targetting_pos=-1,-1|-1,-1|-1,-1|-1,-1|-1,-1|-1,-1|-1,-1|-1,-1|29,30|-1,-1|
#type=4,4,4,4,4,4,4,4,0,4,
..........
#111111111111111
#assigned_pet=-1,-1,-1,-1,-1,-1,-1,-1,-1,-1,
#assigned_hub=3,7,5,4,6,0,1,8,-1,2,
#moving_targetting_pos=16,6|26,16|16,26|16,16|26,6|6,6|6,16|26,26|29,2|6,26|
#setting_targetting_pos=-1,-1|-1,-1|-1,-1|-1,-1|-1,-1|-1,-1|-1,-1|-1,-1|29,30|-1,-1|
#type=4,4,4,4,4,4,4,4,0,4,
..........
#111111111111111
#assigned_pet=-1,-1,-1,-1,-1,-1,-1,-1,-1,-1,
#assigned_hub=3,7,5,4,6,0,1,8,-1,2,
#moving_targetting_pos=16,6|26,16|16,26|16,16|26,6|6,6|6,16|26,26|29,2|6,26|
#setting_targetting_pos=-1,-1|-1,-1|-1,-1|-1,-1|-1,-1|-1,-1|-1,-1|-1,-1|29,30|-1,-1|
#type=4,4,4,4,4,4,4,4,0,4,
..........
#111111111111111
#assigned_pet=-1,-1,-1,-1,-1,-1,-1,-1,-1,-1,
#assigned_hub=3,7,5,4,6,0,1,8,-1,2,
#moving_targetting_pos=16,6|26,16|16,26|16,16|26,6|6,6|6,16|26,26|29,2|6,26|
#setting_targetting_pos=-1,-1|-1,-1|-1,-1|-1,-1|-1,-1|-1,-1|-1,-1|-1,-1|29,30|-1,-1|
#type=4,4,4,4,4,4,4,4,0,4,
..........
#111111111111111
#assigned_pet=-1,-1,-1,-1,-1,-1,-1,-1,-1,-1,
#assigned_hub=3,7,5,4,6,0,1,8,-1,2,
#moving_targetting_pos=16,6|26,16|16,26|16,16|26,6|6,6|6,16|26,26|29,2|6,26|
#setting_targetting_pos=-1,-1|-1,-1|-1,-1|-1,-1|-1,-1|-1,-1|-1,-1|-1,-1|29,30|-1,-1|
#type=4,4,4,4,4,4,4,4,0,4,
..........
#111111111111111
#assigned_pet=-1,-1,-1,-1,-1,-1,-1,-1,-1,-1,
#assigned_hub=3,7,5,4,6,0,1,8,-1,2,
#moving_targetting_pos=16,6|26,16|16,26|16,16|26,6|6,6|6,16|26,26|29,2|6,26|
#setting_targetting_pos=-1,-1|-1,-1|-1,-1|-1,-1|-1,-1|-1,-1|-1,-1|-1,-1|29,30|-1,-1|
#type=4,4,4,4,4,4,4,4,0,4,
..........
#111111111111111
#assigned_pet=-1,-1,-1,-1,-1,-1,-1,-1,-1,-1,
#assigned_hub=3,7,5,4,6,0,1,8,-1,2,
#moving_targetting_pos=16,6|26,16|16,26|16,16|26,6|6,6|6,16|26,26|29,2|6,26|
#setting_targetting_pos=-1,-1|-1,-1|-1,-1|-1,-1|-1,-1|-1,-1|-1,-1|-1,-1|29,30|-1,-1|
#type=4,4,4,4,4,4,4,4,0,4,
..........
#111111111111111
#assigned_pet=-1,-1,-1,-1,-1,-1,-1,-1,-1,-1,
#assigned_hub=3,7,5,4,6,0,1,8,-1,2,
#moving_targetting_pos=16,6|26,16|16,26|16,16|26,6|6,6|6,16|26,26|29,2|6,26|
#setting_targetting_pos=-1,-1|-1,-1|-1,-1|-1,-1|-1,-1|-1,-1|-1,-1|-1,-1|29,30|-1,-1|
#type=4,4,4,4,4,4,4,4,0,4,
..........
#111111111111111
#assigned_pet=-1,-1,-1,-1,-1,-1,-1,-1,-1,-1,
#assigned_hub=3,7,5,4,6,0,1,8,-1,2,
#moving_targetting_pos=16,6|26,16|16,26|16,16|26,6|6,6|6,16|26,26|29,2|6,26|
#setting_targetting_pos=-1,-1|-1,-1|-1,-1|-1,-1|-1,-1|-1,-1|-1,-1|-1,-1|29,30|-1,-1|
#type=4,4,4,4,4,4,4,4,0,4,
..........
#111111111111111
#assigned_pet=-1,-1,-1,-1,-1,-1,-1,-1,-1,-1,
#assigned_hub=3,7,5,4,6,0,1,8,-1,2,
#moving_targetting_pos=16,6|26,16|16,26|16,16|26,6|6,6|6,16|26,26|29,2|6,26|
#setting_targetting_pos=-1,-1|-1,-1|-1,-1|-1,-1|-1,-1|-1,-1|-1,-1|-1,-1|29,30|-1,-1|
#type=4,4,4,4,4,4,4,4,0,4,
..........
#111111111111111
#assigned_pet=-1,-1,-1,-1,-1,-1,-1,-1,-1,-1,
#assigned_hub=3,7,5,4,6,0,1,8,-1,2,
#moving_targetting_pos=16,6|26,16|16,26|16,16|26,6|6,6|6,16|26,26|29,2|6,26|
#setting_targetting_pos=-1,-1|-1,-1|-1,-1|-1,-1|-1,-1|-1,-1|-1,-1|-1,-1|29,30|-1,-1|
#type=4,4,4,4,4,4,4,4,0,4,
..........
#111111111111111
#assigned_pet=-1,-1,-1,-1,-1,-1,-1,-1,-1,-1,
#assigned_hub=3,7,5,4,6,0,1,8,-1,2,
#moving_targetting_pos=16,6|26,16|16,26|16,16|26,6|6,6|6,16|26,26|29,2|6,26|
#setting_targetting_pos=-1,-1|-1,-1|-1,-1|-1,-1|-1,-1|-1,-1|-1,-1|-1,-1|29,30|-1,-1|
#type=4,4,4,4,4,4,4,4,0,4,
..........
#111111111111111
#assigned_pet=-1,-1,-1,-1,-1,-1,-1,-1,-1,-1,
#assigned_hub=3,7,5,4,6,0,1,8,-1,2,
#moving_targetting_pos=16,6|26,16|16,26|16,16|26,6|6,6|6,16|26,26|29,2|6,26|
#setting_targetting_pos=-1,-1|-1,-1|-1,-1|-1,-1|-1,-1|-1,-1|-1,-1|-1,-1|29,30|-1,-1|
#type=4,4,4,4,4,4,4,4,0,4,
..........
#111111111111111
#assigned_pet=-1,-1,-1,-1,-1,-1,-1,-1,-1,-1,
#assigned_hub=3,7,5,4,6,0,1,8,-1,2,
#moving_targetting_pos=16,6|26,16|16,26|16,16|26,6|6,6|6,16|26,26|29,2|6,26|
#setting_targetting_pos=-1,-1|-1,-1|-1,-1|-1,-1|-1,-1|-1,-1|-1,-1|-1,-1|29,30|-1,-1|
#type=4,4,4,4,4,4,4,4,0,4,
..........
#111111111111111
#assigned_pet=-1,-1,-1,-1,-1,-1,-1,-1,-1,-1,
#assigned_hub=3,7,5,4,6,0,1,8,-1,2,
#moving_targetting_pos=16,6|26,16|16,26|16,16|26,6|6,6|6,16|26,26|29,2|6,26|
#setting_targetting_pos=-1,-1|-1,-1|-1,-1|-1,-1|-1,-1|-1,-1|-1,-1|-1,-1|29,30|-1,-1|
#type=4,4,4,4,4,4,4,4,0,4,
..........
#111111111111111
#assigned_pet=-1,-1,-1,-1,-1,-1,-1,-1,-1,-1,
#assigned_hub=3,7,5,4,6,0,1,8,-1,2,
#moving_targetting_pos=16,6|26,16|16,26|16,16|26,6|6,6|6,16|26,26|29,2|6,26|
#setting_targetting_pos=-1,-1|-1,-1|-1,-1|-1,-1|-1,-1|-1,-1|-1,-1|-1,-1|29,30|-1,-1|
#type=4,4,4,4,4,4,4,4,0,4,
..........
#111111111111111
#assigned_pet=-1,-1,-1,-1,-1,-1,-1,-1,-1,-1,
#assigned_hub=3,7,5,4,6,0,1,8,-1,2,
#moving_targetting_pos=16,6|26,16|16,26|16,16|26,6|6,6|6,16|26,26|29,2|6,26|
#setting_targetting_pos=-1,-1|-1,-1|-1,-1|-1,-1|-1,-1|-1,-1|-1,-1|-1,-1|29,30|-1,-1|
#type=4,4,4,4,4,4,4,4,0,4,
..........
#111111111111111
#assigned_pet=-1,-1,-1,-1,-1,-1,-1,-1,-1,-1,
#assigned_hub=3,7,5,4,6,0,1,8,-1,2,
#moving_targetting_pos=16,6|26,16|16,26|16,16|26,6|6,6|6,16|26,26|29,2|6,26|
#setting_targetting_pos=-1,-1|-1,-1|-1,-1|-1,-1|-1,-1|-1,-1|-1,-1|-1,-1|29,30|-1,-1|
#type=4,4,4,4,4,4,4,4,0,4,
..........
#111111111111111
#assigned_pet=-1,-1,-1,-1,-1,-1,-1,-1,-1,-1,
#assigned_hub=3,7,5,4,6,0,1,8,-1,2,
#moving_targetting_pos=16,6|26,16|16,26|16,16|26,6|6,6|6,16|26,26|29,2|6,26|
#setting_targetting_pos=-1,-1|-1,-1|-1,-1|-1,-1|-1,-1|-1,-1|-1,-1|-1,-1|29,30|-1,-1|
#type=4,4,4,4,4,4,4,4,0,4,
..........
#111111111111111
#assigned_pet=-1,-1,-1,-1,-1,-1,-1,-1,-1,-1,
#assigned_hub=3,7,5,4,6,0,1,8,-1,2,
#moving_targetting_pos=16,6|26,16|16,26|16,16|26,6|6,6|6,16|26,26|29,2|6,26|
#setting_targetting_pos=-1,-1|-1,-1|-1,-1|-1,-1|-1,-1|-1,-1|-1,-1|-1,-1|29,30|-1,-1|
#type=4,4,4,4,4,4,4,4,0,4,
..........
#111111111111111
#assigned_pet=-1,-1,-1,-1,-1,-1,-1,-1,-1,-1,
#assigned_hub=3,7,5,4,6,0,1,8,-1,2,
#moving_targetting_pos=16,6|26,16|16,26|16,16|26,6|6,6|6,16|26,26|29,2|6,26|
#setting_targetting_pos=-1,-1|-1,-1|-1,-1|-1,-1|-1,-1|-1,-1|-1,-1|-1,-1|29,30|-1,-1|
#type=4,4,4,4,4,4,4,4,0,4,
..........
#111111111111111
#assigned_pet=-1,-1,-1,-1,-1,-1,-1,-1,-1,-1,
#assigned_hub=3,7,5,4,6,0,1,8,-1,2,
#moving_targetting_pos=16,6|26,16|16,26|16,16|26,6|6,6|6,16|26,26|29,2|6,26|
#setting_targetting_pos=-1,-1|-1,-1|-1,-1|-1,-1|-1,-1|-1,-1|-1,-1|-1,-1|29,30|-1,-1|
#type=4,4,4,4,4,4,4,4,0,4,
..........
#111111111111111
#assigned_pet=-1,-1,-1,-1,-1,-1,-1,-1,-1,-1,
#assigned_hub=3,7,5,4,6,0,1,8,-1,2,
#moving_targetting_pos=16,6|26,16|16,26|16,16|26,6|6,6|6,16|26,26|29,2|6,26|
#setting_targetting_pos=-1,-1|-1,-1|-1,-1|-1,-1|-1,-1|-1,-1|-1,-1|-1,-1|29,30|-1,-1|
#type=4,4,4,4,4,4,4,4,0,4,
..........
#111111111111111
#assigned_pet=-1,-1,-1,-1,-1,-1,-1,-1,-1,-1,
#assigned_hub=3,7,5,4,6,0,1,8,-1,2,
#moving_targetting_pos=16,6|26,16|16,26|16,16|26,6|6,6|6,16|26,26|29,2|6,26|
#setting_targetting_pos=-1,-1|-1,-1|-1,-1|-1,-1|-1,-1|-1,-1|-1,-1|-1,-1|29,30|-1,-1|
#type=4,4,4,4,4,4,4,4,0,4,
..........
#111111111111111
#assigned_pet=-1,-1,-1,-1,-1,-1,-1,-1,-1,-1,
#assigned_hub=3,7,5,4,6,0,1,8,-1,2,
#moving_targetting_pos=16,6|26,16|16,26|16,16|26,6|6,6|6,16|26,26|29,2|6,26|
#setting_targetting_pos=-1,-1|-1,-1|-1,-1|-1,-1|-1,-1|-1,-1|-1,-1|-1,-1|29,30|-1,-1|
#type=4,4,4,4,4,4,4,4,0,4,
..........
#111111111111111
#assigned_pet=-1,-1,-1,-1,-1,-1,-1,-1,-1,-1,
#assigned_hub=3,7,5,4,6,0,1,8,-1,2,
#moving_targetting_pos=16,6|26,16|16,26|16,16|26,6|6,6|6,16|26,26|29,2|6,26|
#setting_targetting_pos=-1,-1|-1,-1|-1,-1|-1,-1|-1,-1|-1,-1|-1,-1|-1,-1|29,30|-1,-1|
#type=4,4,4,4,4,4,4,4,0,4,
..........
#111111111111111
#assigned_pet=-1,-1,-1,-1,-1,-1,-1,-1,-1,-1,
#assigned_hub=3,7,5,4,6,0,1,8,-1,2,
#moving_targetting_pos=16,6|26,16|16,26|16,16|26,6|6,6|6,16|26,26|29,2|6,26|
#setting_targetting_pos=-1,-1|-1,-1|-1,-1|-1,-1|-1,-1|-1,-1|-1,-1|-1,-1|29,30|-1,-1|
#type=4,4,4,4,4,4,4,4,0,4,
..........
#111111111111111
#assigned_pet=-1,-1,-1,-1,-1,-1,-1,-1,-1,-1,
#assigned_hub=3,7,5,4,6,0,1,8,-1,2,
#moving_targetting_pos=16,6|26,16|16,26|16,16|26,6|6,6|6,16|26,26|29,2|6,26|
#setting_targetting_pos=-1,-1|-1,-1|-1,-1|-1,-1|-1,-1|-1,-1|-1,-1|-1,-1|29,30|-1,-1|
#type=4,4,4,4,4,4,4,4,0,4,
..........
#111111111111111
#assigned_pet=-1,-1,-1,-1,-1,-1,-1,-1,-1,-1,
#assigned_hub=3,7,5,4,6,0,1,8,-1,2,
#moving_targetting_pos=16,6|26,16|16,26|16,16|26,6|6,6|6,16|26,26|29,2|6,26|
#setting_targetting_pos=-1,-1|-1,-1|-1,-1|-1,-1|-1,-1|-1,-1|-1,-1|-1,-1|29,30|-1,-1|
#type=4,4,4,4,4,4,4,4,0,4,
..........
#111111111111111
#assigned_pet=-1,-1,-1,-1,-1,-1,-1,-1,-1,-1,
#assigned_hub=3,7,5,4,6,0,1,8,-1,2,
#moving_targetting_pos=16,6|26,16|16,26|16,16|26,6|6,6|6,16|26,26|29,2|6,26|
#setting_targetting_pos=-1,-1|-1,-1|-1,-1|-1,-1|-1,-1|-1,-1|-1,-1|-1,-1|29,30|-1,-1|
#type=4,4,4,4,4,4,4,4,0,4,
..........
#111111111111111
#assigned_pet=-1,-1,-1,-1,-1,-1,-1,-1,-1,-1,
#assigned_hub=3,7,5,4,6,0,1,8,-1,2,
#moving_targetting_pos=16,6|26,16|16,26|16,16|26,6|6,6|6,16|26,26|29,2|6,26|
#setting_targetting_pos=-1,-1|-1,-1|-1,-1|-1,-1|-1,-1|-1,-1|-1,-1|-1,-1|29,30|-1,-1|
#type=4,4,4,4,4,4,4,4,0,4,
..........
#111111111111111
#assigned_pet=-1,-1,-1,-1,-1,-1,-1,-1,-1,-1,
#assigned_hub=3,7,5,4,6,0,1,8,-1,2,
#moving_targetting_pos=16,6|26,16|16,26|16,16|26,6|6,6|6,16|26,26|29,2|6,26|
#setting_targetting_pos=-1,-1|-1,-1|-1,-1|-1,-1|-1,-1|-1,-1|-1,-1|-1,-1|29,30|-1,-1|
#type=4,4,4,4,4,4,4,4,0,4,
..........
#111111111111111
#assigned_pet=-1,-1,-1,-1,-1,-1,-1,-1,-1,-1,
#assigned_hub=3,7,5,4,6,0,1,8,-1,2,
#moving_targetting_pos=16,6|26,16|16,26|16,16|26,6|6,6|6,16|26,26|29,2|6,26|
#setting_targetting_pos=-1,-1|-1,-1|-1,-1|-1,-1|-1,-1|-1,-1|-1,-1|-1,-1|29,30|-1,-1|
#type=4,4,4,4,4,4,4,4,0,4,
..........
#111111111111111
#assigned_pet=-1,-1,-1,-1,-1,-1,-1,-1,-1,-1,
#assigned_hub=3,7,5,4,6,0,1,8,-1,2,
#moving_targetting_pos=16,6|26,16|16,26|16,16|26,6|6,6|6,16|26,26|29,2|6,26|
#setting_targetting_pos=-1,-1|-1,-1|-1,-1|-1,-1|-1,-1|-1,-1|-1,-1|-1,-1|29,30|-1,-1|
#type=4,4,4,4,4,4,4,4,0,4,
..........
#111111111111111
#assigned_pet=-1,-1,-1,-1,-1,-1,-1,-1,-1,-1,
#assigned_hub=3,7,5,4,6,0,1,8,-1,2,
#moving_targetting_pos=16,6|26,16|16,26|16,16|26,6|6,6|6,16|26,26|29,2|6,26|
#setting_targetting_pos=-1,-1|-1,-1|-1,-1|-1,-1|-1,-1|-1,-1|-1,-1|-1,-1|29,30|-1,-1|
#type=4,4,4,4,4,4,4,4,0,4,
..........
#111111111111111
#assigned_pet=-1,-1,-1,-1,-1,-1,-1,-1,-1,-1,
#assigned_hub=3,7,5,4,6,0,1,8,-1,2,
#moving_targetting_pos=16,6|26,16|16,26|16,16|26,6|6,6|6,16|26,26|29,2|6,26|
#setting_targetting_pos=-1,-1|-1,-1|-1,-1|-1,-1|-1,-1|-1,-1|-1,-1|-1,-1|29,30|-1,-1|
#type=4,4,4,4,4,4,4,4,0,4,
..........
#111111111111111
#assigned_pet=-1,-1,-1,-1,-1,-1,-1,-1,-1,-1,
#assigned_hub=3,7,5,4,6,0,1,8,-1,2,
#moving_targetting_pos=16,6|26,16|16,26|16,16|26,6|6,6|6,16|26,26|29,2|6,26|
#setting_targetting_pos=-1,-1|-1,-1|-1,-1|-1,-1|-1,-1|-1,-1|-1,-1|-1,-1|29,30|-1,-1|
#type=4,4,4,4,4,4,4,4,0,4,
..........
#111111111111111
#assigned_pet=-1,-1,-1,-1,-1,-1,-1,-1,-1,-1,
#assigned_hub=3,7,5,4,6,0,1,8,-1,2,
#moving_targetting_pos=16,6|26,16|16,26|16,16|26,6|6,6|6,16|26,26|29,2|6,26|
#setting_targetting_pos=-1,-1|-1,-1|-1,-1|-1,-1|-1,-1|-1,-1|-1,-1|-1,-1|29,30|-1,-1|
#type=4,4,4,4,4,4,4,4,0,4,
..........
#111111111111111
#assigned_pet=-1,-1,-1,-1,-1,-1,-1,-1,-1,-1,
#assigned_hub=3,7,5,4,6,0,1,8,-1,2,
#moving_targetting_pos=16,6|26,16|16,26|16,16|26,6|6,6|6,16|26,26|29,2|6,26|
#setting_targetting_pos=-1,-1|-1,-1|-1,-1|-1,-1|-1,-1|-1,-1|-1,-1|-1,-1|29,30|-1,-1|
#type=4,4,4,4,4,4,4,4,0,4,
..........
#111111111111111
#assigned_pet=-1,-1,-1,-1,-1,-1,-1,-1,-1,-1,
#assigned_hub=3,7,5,4,6,0,1,8,-1,2,
#moving_targetting_pos=16,6|26,16|16,26|16,16|26,6|6,6|6,16|26,26|29,2|6,26|
#setting_targetting_pos=-1,-1|-1,-1|-1,-1|-1,-1|-1,-1|-1,-1|-1,-1|-1,-1|29,30|-1,-1|
#type=4,4,4,4,4,4,4,4,0,4,
..........
#111111111111111
#assigned_pet=-1,-1,-1,-1,-1,-1,-1,-1,-1,-1,
#assigned_hub=3,7,5,4,6,0,1,8,-1,2,
#moving_targetting_pos=16,6|26,16|16,26|16,16|26,6|6,6|6,16|26,26|29,2|6,26|
#setting_targetting_pos=-1,-1|-1,-1|-1,-1|-1,-1|-1,-1|-1,-1|-1,-1|-1,-1|29,30|-1,-1|
#type=4,4,4,4,4,4,4,4,0,4,
..........
#111111111111111
#assigned_pet=-1,-1,-1,-1,-1,-1,-1,-1,-1,-1,
#assigned_hub=3,7,5,4,6,0,1,8,-1,2,
#moving_targetting_pos=16,6|26,16|16,26|16,16|26,6|6,6|6,16|26,26|29,2|6,26|
#setting_targetting_pos=-1,-1|-1,-1|-1,-1|-1,-1|-1,-1|-1,-1|-1,-1|-1,-1|29,30|-1,-1|
#type=4,4,4,4,4,4,4,4,0,4,
..........
#111111111111111
#assigned_pet=-1,-1,-1,-1,-1,-1,-1,-1,-1,-1,
#assigned_hub=3,7,5,4,6,0,1,8,-1,2,
#moving_targetting_pos=16,6|26,16|16,26|16,16|26,6|6,6|6,16|26,26|29,2|6,26|
#setting_targetting_pos=-1,-1|-1,-1|-1,-1|-1,-1|-1,-1|-1,-1|-1,-1|-1,-1|29,30|-1,-1|
#type=4,4,4,4,4,4,4,4,0,4,
..........
#111111111111111
#assigned_pet=-1,-1,-1,-1,-1,-1,-1,-1,-1,-1,
#assigned_hub=3,7,5,4,6,0,1,8,-1,2,
#moving_targetting_pos=16,6|26,16|16,26|16,16|26,6|6,6|6,16|26,26|29,2|6,26|
#setting_targetting_pos=-1,-1|-1,-1|-1,-1|-1,-1|-1,-1|-1,-1|-1,-1|-1,-1|29,30|-1,-1|
#type=4,4,4,4,4,4,4,4,0,4,
..........
#111111111111111
#assigned_pet=-1,-1,-1,-1,-1,-1,-1,-1,-1,-1,
#assigned_hub=3,7,5,4,6,0,1,8,-1,2,
#moving_targetting_pos=16,6|26,16|16,26|16,16|26,6|6,6|6,16|26,26|29,2|6,26|
#setting_targetting_pos=-1,-1|-1,-1|-1,-1|-1,-1|-1,-1|-1,-1|-1,-1|-1,-1|29,30|-1,-1|
#type=4,4,4,4,4,4,4,4,0,4,
..........
#111111111111111
#assigned_pet=-1,-1,-1,-1,-1,-1,-1,-1,-1,-1,
#assigned_hub=3,7,5,4,6,0,1,8,-1,2,
#moving_targetting_pos=16,6|26,16|16,26|16,16|26,6|6,6|6,16|26,26|29,2|6,26|
#setting_targetting_pos=-1,-1|-1,-1|-1,-1|-1,-1|-1,-1|-1,-1|-1,-1|-1,-1|29,30|-1,-1|
#type=4,4,4,4,4,4,4,4,0,4,
..........
#111111111111111
#assigned_pet=-1,-1,-1,-1,-1,-1,-1,-1,-1,-1,
#assigned_hub=3,7,5,4,6,0,1,8,-1,2,
#moving_targetting_pos=16,6|26,16|16,26|16,16|26,6|6,6|6,16|26,26|29,2|6,26|
#setting_targetting_pos=-1,-1|-1,-1|-1,-1|-1,-1|-1,-1|-1,-1|-1,-1|-1,-1|29,30|-1,-1|
#type=4,4,4,4,4,4,4,4,0,4,
..........
#111111111111111
#assigned_pet=-1,-1,-1,-1,-1,-1,-1,-1,-1,-1,
#assigned_hub=3,7,5,4,6,0,1,8,-1,2,
#moving_targetting_pos=16,6|26,16|16,26|16,16|26,6|6,6|6,16|26,26|29,2|6,26|
#setting_targetting_pos=-1,-1|-1,-1|-1,-1|-1,-1|-1,-1|-1,-1|-1,-1|-1,-1|29,30|-1,-1|
#type=4,4,4,4,4,4,4,4,0,4,
..........
#111111111111111
#assigned_pet=-1,-1,-1,-1,-1,-1,-1,-1,-1,-1,
#assigned_hub=3,7,5,4,6,0,1,8,-1,2,
#moving_targetting_pos=16,6|26,16|16,26|16,16|26,6|6,6|6,16|26,26|29,2|6,26|
#setting_targetting_pos=-1,-1|-1,-1|-1,-1|-1,-1|-1,-1|-1,-1|-1,-1|-1,-1|29,30|-1,-1|
#type=4,4,4,4,4,4,4,4,0,4,
..........
#111111111111111
#assigned_pet=-1,-1,-1,-1,-1,-1,-1,-1,-1,-1,
#assigned_hub=3,7,5,4,6,0,1,8,-1,2,
#moving_targetting_pos=16,6|26,16|16,26|16,16|26,6|6,6|6,16|26,26|29,2|6,26|
#setting_targetting_pos=-1,-1|-1,-1|-1,-1|-1,-1|-1,-1|-1,-1|-1,-1|-1,-1|29,30|-1,-1|
#type=4,4,4,4,4,4,4,4,0,4,
..........
#111111111111111
#assigned_pet=-1,-1,-1,-1,-1,-1,-1,-1,-1,-1,
#assigned_hub=3,7,5,4,6,0,1,8,-1,2,
#moving_targetting_pos=16,6|26,16|16,26|16,16|26,6|6,6|6,16|26,26|29,2|6,26|
#setting_targetting_pos=-1,-1|-1,-1|-1,-1|-1,-1|-1,-1|-1,-1|-1,-1|-1,-1|29,30|-1,-1|
#type=4,4,4,4,4,4,4,4,0,4,
..........
#111111111111111
#assigned_pet=-1,-1,-1,-1,-1,-1,-1,-1,-1,-1,
#assigned_hub=3,7,5,4,6,0,1,8,-1,2,
#moving_targetting_pos=16,6|26,16|16,26|16,16|26,6|6,6|6,16|26,26|29,2|6,26|
#setting_targetting_pos=-1,-1|-1,-1|-1,-1|-1,-1|-1,-1|-1,-1|-1,-1|-1,-1|29,30|-1,-1|
#type=4,4,4,4,4,4,4,4,0,4,
..........
#111111111111111
#assigned_pet=-1,-1,-1,-1,-1,-1,-1,-1,-1,-1,
#assigned_hub=3,7,5,4,6,0,1,8,-1,2,
#moving_targetting_pos=16,6|26,16|16,26|16,16|26,6|6,6|6,16|26,26|29,2|6,26|
#setting_targetting_pos=-1,-1|-1,-1|-1,-1|-1,-1|-1,-1|-1,-1|-1,-1|-1,-1|29,30|-1,-1|
#type=4,4,4,4,4,4,4,4,0,4,
..........
#111111111111111
#assigned_pet=-1,-1,-1,-1,-1,-1,-1,-1,-1,-1,
#assigned_hub=3,7,5,4,6,0,1,8,-1,2,
#moving_targetting_pos=16,6|26,16|16,26|16,16|26,6|6,6|6,16|26,26|29,2|6,26|
#setting_targetting_pos=-1,-1|-1,-1|-1,-1|-1,-1|-1,-1|-1,-1|-1,-1|-1,-1|29,30|-1,-1|
#type=4,4,4,4,4,4,4,4,0,4,
..........
#111111111111111
#assigned_pet=-1,-1,-1,-1,-1,-1,-1,-1,-1,-1,
#assigned_hub=3,7,5,4,6,0,1,8,-1,2,
#moving_targetting_pos=16,6|26,16|16,26|16,16|26,6|6,6|6,16|26,26|29,2|6,26|
#setting_targetting_pos=-1,-1|-1,-1|-1,-1|-1,-1|-1,-1|-1,-1|-1,-1|-1,-1|29,30|-1,-1|
#type=4,4,4,4,4,4,4,4,0,4,
..........
#111111111111111
#assigned_pet=-1,-1,-1,-1,-1,-1,-1,-1,-1,-1,
#assigned_hub=3,7,5,4,6,0,1,8,-1,2,
#moving_targetting_pos=16,6|26,16|16,26|16,16|26,6|6,6|6,16|26,26|29,2|6,26|
#setting_targetting_pos=-1,-1|-1,-1|-1,-1|-1,-1|-1,-1|-1,-1|-1,-1|-1,-1|29,30|-1,-1|
#type=4,4,4,4,4,4,4,4,0,4,
..........
#111111111111111
#assigned_pet=-1,-1,-1,-1,-1,-1,-1,-1,-1,-1,
#assigned_hub=3,7,5,4,6,0,1,8,-1,2,
#moving_targetting_pos=16,6|26,16|16,26|16,16|26,6|6,6|6,16|26,26|29,2|6,26|
#setting_targetting_pos=-1,-1|-1,-1|-1,-1|-1,-1|-1,-1|-1,-1|-1,-1|-1,-1|29,30|-1,-1|
#type=4,4,4,4,4,4,4,4,0,4,
..........
#111111111111111
#assigned_pet=-1,-1,-1,-1,-1,-1,-1,-1,-1,-1,
#assigned_hub=3,7,5,4,6,0,1,8,-1,2,
#moving_targetting_pos=16,6|26,16|16,26|16,16|26,6|6,6|6,16|26,26|29,2|6,26|
#setting_targetting_pos=-1,-1|-1,-1|-1,-1|-1,-1|-1,-1|-1,-1|-1,-1|-1,-1|29,30|-1,-1|
#type=4,4,4,4,4,4,4,4,0,4,
..........
#111111111111111
#assigned_pet=-1,-1,-1,-1,-1,-1,-1,-1,-1,-1,
#assigned_hub=3,7,5,4,6,0,1,8,-1,2,
#moving_targetting_pos=16,6|26,16|16,26|16,16|26,6|6,6|6,16|26,26|29,2|6,26|
#setting_targetting_pos=-1,-1|-1,-1|-1,-1|-1,-1|-1,-1|-1,-1|-1,-1|-1,-1|29,30|-1,-1|
#type=4,4,4,4,4,4,4,4,0,4,
..........
#111111111111111
#assigned_pet=-1,-1,-1,-1,-1,-1,-1,-1,-1,-1,
#assigned_hub=3,7,5,4,6,0,1,8,-1,2,
#moving_targetting_pos=16,6|26,16|16,26|16,16|26,6|6,6|6,16|26,26|29,2|6,26|
#setting_targetting_pos=-1,-1|-1,-1|-1,-1|-1,-1|-1,-1|-1,-1|-1,-1|-1,-1|29,30|-1,-1|
#type=4,4,4,4,4,4,4,4,0,4,
..........
#111111111111111
#assigned_pet=-1,-1,-1,-1,-1,-1,-1,-1,-1,-1,
#assigned_hub=3,7,5,4,6,0,1,8,-1,2,
#moving_targetting_pos=16,6|26,16|16,26|16,16|26,6|6,6|6,16|26,26|29,2|6,26|
#setting_targetting_pos=-1,-1|-1,-1|-1,-1|-1,-1|-1,-1|-1,-1|-1,-1|-1,-1|29,30|-1,-1|
#type=4,4,4,4,4,4,4,4,0,4,
..........
#111111111111111
#assigned_pet=-1,-1,-1,-1,-1,-1,-1,-1,-1,-1,
#assigned_hub=3,7,5,4,6,0,1,8,-1,2,
#moving_targetting_pos=16,6|26,16|16,26|16,16|26,6|6,6|6,16|26,26|29,2|6,26|
#setting_targetting_pos=-1,-1|-1,-1|-1,-1|-1,-1|-1,-1|-1,-1|-1,-1|-1,-1|29,30|-1,-1|
#type=4,4,4,4,4,4,4,4,0,4,
..........
#111111111111111
#assigned_pet=-1,-1,-1,-1,-1,-1,-1,-1,-1,-1,
#assigned_hub=3,7,5,4,6,0,1,8,-1,2,
#moving_targetting_pos=16,6|26,16|16,26|16,16|26,6|6,6|6,16|26,26|29,2|6,26|
#setting_targetting_pos=-1,-1|-1,-1|-1,-1|-1,-1|-1,-1|-1,-1|-1,-1|-1,-1|29,30|-1,-1|
#type=4,4,4,4,4,4,4,4,0,4,
..........
#111111111111111
#assigned_pet=-1,-1,-1,-1,-1,-1,-1,-1,-1,-1,
#assigned_hub=3,7,5,4,6,0,1,8,-1,2,
#moving_targetting_pos=16,6|26,16|16,26|16,16|26,6|6,6|6,16|26,26|29,2|6,26|
#setting_targetting_pos=-1,-1|-1,-1|-1,-1|-1,-1|-1,-1|-1,-1|-1,-1|-1,-1|29,30|-1,-1|
#type=4,4,4,4,4,4,4,4,0,4,
..........
#111111111111111
#assigned_pet=-1,-1,-1,-1,-1,-1,-1,-1,-1,-1,
#assigned_hub=3,7,5,4,6,0,1,8,-1,2,
#moving_targetting_pos=16,6|26,16|16,26|16,16|26,6|6,6|6,16|26,26|29,2|6,26|
#setting_targetting_pos=-1,-1|-1,-1|-1,-1|-1,-1|-1,-1|-1,-1|-1,-1|-1,-1|29,30|-1,-1|
#type=4,4,4,4,4,4,4,4,0,4,
..........
#111111111111111
#assigned_pet=-1,-1,-1,-1,-1,-1,-1,-1,-1,-1,
#assigned_hub=3,7,5,4,6,0,1,8,-1,2,
#moving_targetting_pos=16,6|26,16|16,26|16,16|26,6|6,6|6,16|26,26|29,2|6,26|
#setting_targetting_pos=-1,-1|-1,-1|-1,-1|-1,-1|-1,-1|-1,-1|-1,-1|-1,-1|29,30|-1,-1|
#type=4,4,4,4,4,4,4,4,0,4,
..........
#111111111111111
#assigned_pet=-1,-1,-1,-1,-1,-1,-1,-1,-1,-1,
#assigned_hub=3,7,5,4,6,0,1,8,-1,2,
#moving_targetting_pos=16,6|26,16|16,26|16,16|26,6|6,6|6,16|26,26|29,2|6,26|
#setting_targetting_pos=-1,-1|-1,-1|-1,-1|-1,-1|-1,-1|-1,-1|-1,-1|-1,-1|29,30|-1,-1|
#type=4,4,4,4,4,4,4,4,0,4,
..........
#111111111111111
#assigned_pet=-1,-1,-1,-1,-1,-1,-1,-1,-1,-1,
#assigned_hub=3,7,5,4,6,0,1,8,-1,2,
#moving_targetting_pos=16,6|26,16|16,26|16,16|26,6|6,6|6,16|26,26|29,2|6,26|
#setting_targetting_pos=-1,-1|-1,-1|-1,-1|-1,-1|-1,-1|-1,-1|-1,-1|-1,-1|29,30|-1,-1|
#type=4,4,4,4,4,4,4,4,0,4,
..........
#111111111111111
#assigned_pet=-1,-1,-1,-1,-1,-1,-1,-1,-1,-1,
#assigned_hub=3,7,5,4,6,0,1,8,-1,2,
#moving_targetting_pos=16,6|26,16|16,26|16,16|26,6|6,6|6,16|26,26|29,2|6,26|
#setting_targetting_pos=-1,-1|-1,-1|-1,-1|-1,-1|-1,-1|-1,-1|-1,-1|-1,-1|29,30|-1,-1|
#type=4,4,4,4,4,4,4,4,0,4,
..........
#111111111111111
#assigned_pet=-1,-1,-1,-1,-1,-1,-1,-1,-1,-1,
#assigned_hub=3,7,5,4,6,0,1,8,-1,2,
#moving_targetting_pos=16,6|26,16|16,26|16,16|26,6|6,6|6,16|26,26|29,2|6,26|
#setting_targetting_pos=-1,-1|-1,-1|-1,-1|-1,-1|-1,-1|-1,-1|-1,-1|-1,-1|29,30|-1,-1|
#type=4,4,4,4,4,4,4,4,0,4,
..........
#111111111111111
#assigned_pet=-1,-1,-1,-1,-1,-1,-1,-1,-1,-1,
#assigned_hub=3,7,5,4,6,0,1,8,-1,2,
#moving_targetting_pos=16,6|26,16|16,26|16,16|26,6|6,6|6,16|26,26|29,2|6,26|
#setting_targetting_pos=-1,-1|-1,-1|-1,-1|-1,-1|-1,-1|-1,-1|-1,-1|-1,-1|29,30|-1,-1|
#type=4,4,4,4,4,4,4,4,0,4,
..........
#111111111111111
#assigned_pet=-1,-1,-1,-1,-1,-1,-1,-1,-1,-1,
#assigned_hub=3,7,5,4,6,0,1,8,-1,2,
#moving_targetting_pos=16,6|26,16|16,26|16,16|26,6|6,6|6,16|26,26|29,2|6,26|
#setting_targetting_pos=-1,-1|-1,-1|-1,-1|-1,-1|-1,-1|-1,-1|-1,-1|-1,-1|29,30|-1,-1|
#type=4,4,4,4,4,4,4,4,0,4,
..........
#111111111111111
#assigned_pet=-1,-1,-1,-1,-1,-1,-1,-1,-1,-1,
#assigned_hub=3,7,5,4,6,0,1,8,-1,2,
#moving_targetting_pos=16,6|26,16|16,26|16,16|26,6|6,6|6,16|26,26|29,2|6,26|
#setting_targetting_pos=-1,-1|-1,-1|-1,-1|-1,-1|-1,-1|-1,-1|-1,-1|-1,-1|29,30|-1,-1|
#type=4,4,4,4,4,4,4,4,0,4,
..........
#111111111111111
#assigned_pet=-1,-1,-1,-1,-1,-1,-1,-1,-1,-1,
#assigned_hub=3,7,5,4,6,0,1,8,-1,2,
#moving_targetting_pos=16,6|26,16|16,26|16,16|26,6|6,6|6,16|26,26|29,2|6,26|
#setting_targetting_pos=-1,-1|-1,-1|-1,-1|-1,-1|-1,-1|-1,-1|-1,-1|-1,-1|29,30|-1,-1|
#type=4,4,4,4,4,4,4,4,0,4,
..........
#111111111111111
#assigned_pet=-1,-1,-1,-1,-1,-1,-1,-1,-1,-1,
#assigned_hub=3,7,5,4,6,0,1,8,-1,2,
#moving_targetting_pos=16,6|26,16|16,26|16,16|26,6|6,6|6,16|26,26|29,2|6,26|
#setting_targetting_pos=-1,-1|-1,-1|-1,-1|-1,-1|-1,-1|-1,-1|-1,-1|-1,-1|29,30|-1,-1|
#type=4,4,4,4,4,4,4,4,0,4,
..........
#111111111111111
#assigned_pet=-1,-1,-1,-1,-1,-1,-1,-1,-1,-1,
#assigned_hub=3,7,5,4,6,0,1,8,-1,2,
#moving_targetting_pos=16,6|26,16|16,26|16,16|26,6|6,6|6,16|26,26|29,2|6,26|
#setting_targetting_pos=-1,-1|-1,-1|-1,-1|-1,-1|-1,-1|-1,-1|-1,-1|-1,-1|29,30|-1,-1|
#type=4,4,4,4,4,4,4,4,0,4,
..........
#111111111111111
#assigned_pet=-1,-1,-1,-1,-1,-1,-1,-1,-1,-1,
#assigned_hub=3,7,5,4,6,0,1,8,-1,2,
#moving_targetting_pos=16,6|26,16|16,26|16,16|26,6|6,6|6,16|26,26|29,2|6,26|
#setting_targetting_pos=-1,-1|-1,-1|-1,-1|-1,-1|-1,-1|-1,-1|-1,-1|-1,-1|29,30|-1,-1|
#type=4,4,4,4,4,4,4,4,0,4,
..........
#111111111111111
#assigned_pet=-1,-1,-1,-1,-1,-1,-1,-1,-1,-1,
#assigned_hub=3,7,5,4,6,0,1,8,-1,2,
#moving_targetting_pos=16,6|26,16|16,26|16,16|26,6|6,6|6,16|26,26|29,2|6,26|
#setting_targetting_pos=-1,-1|-1,-1|-1,-1|-1,-1|-1,-1|-1,-1|-1,-1|-1,-1|29,30|-1,-1|
#type=4,4,4,4,4,4,4,4,0,4,
..........
#111111111111111
#assigned_pet=-1,-1,-1,-1,-1,-1,-1,-1,-1,-1,
#assigned_hub=3,7,5,4,6,0,1,8,-1,2,
#moving_targetting_pos=16,6|26,16|16,26|16,16|26,6|6,6|6,16|26,26|29,2|6,26|
#setting_targetting_pos=-1,-1|-1,-1|-1,-1|-1,-1|-1,-1|-1,-1|-1,-1|-1,-1|29,30|-1,-1|
#type=4,4,4,4,4,4,4,4,0,4,
..........
#111111111111111
#assigned_pet=-1,-1,-1,-1,-1,-1,-1,-1,-1,-1,
#assigned_hub=3,7,5,4,6,0,1,8,-1,2,
#moving_targetting_pos=16,6|26,16|16,26|16,16|26,6|6,6|6,16|26,26|29,2|6,26|
#setting_targetting_pos=-1,-1|-1,-1|-1,-1|-1,-1|-1,-1|-1,-1|-1,-1|-1,-1|29,30|-1,-1|
#type=4,4,4,4,4,4,4,4,0,4,
..........
#111111111111111
#assigned_pet=-1,-1,-1,-1,-1,-1,-1,-1,-1,-1,
#assigned_hub=3,7,5,4,6,0,1,8,-1,2,
#moving_targetting_pos=16,6|26,16|16,26|16,16|26,6|6,6|6,16|26,26|29,2|6,26|
#setting_targetting_pos=-1,-1|-1,-1|-1,-1|-1,-1|-1,-1|-1,-1|-1,-1|-1,-1|29,30|-1,-1|
#type=4,4,4,4,4,4,4,4,0,4,
..........
#111111111111111
#assigned_pet=-1,-1,-1,-1,-1,-1,-1,-1,-1,-1,
#assigned_hub=3,7,5,4,6,0,1,8,-1,2,
#moving_targetting_pos=16,6|26,16|16,26|16,16|26,6|6,6|6,16|26,26|29,2|6,26|
#setting_targetting_pos=-1,-1|-1,-1|-1,-1|-1,-1|-1,-1|-1,-1|-1,-1|-1,-1|29,30|-1,-1|
#type=4,4,4,4,4,4,4,4,0,4,
..........
#111111111111111
#assigned_pet=-1,-1,-1,-1,-1,-1,-1,-1,-1,-1,
#assigned_hub=3,7,5,4,6,0,1,8,-1,2,
#moving_targetting_pos=16,6|26,16|16,26|16,16|26,6|6,6|6,16|26,26|29,2|6,26|
#setting_targetting_pos=-1,-1|-1,-1|-1,-1|-1,-1|-1,-1|-1,-1|-1,-1|-1,-1|29,30|-1,-1|
#type=4,4,4,4,4,4,4,4,0,4,
..........
#111111111111111
#assigned_pet=-1,-1,-1,-1,-1,-1,-1,-1,-1,-1,
#assigned_hub=3,7,5,4,6,0,1,8,-1,2,
#moving_targetting_pos=16,6|26,16|16,26|16,16|26,6|6,6|6,16|26,26|29,2|6,26|
#setting_targetting_pos=-1,-1|-1,-1|-1,-1|-1,-1|-1,-1|-1,-1|-1,-1|-1,-1|29,30|-1,-1|
#type=4,4,4,4,4,4,4,4,0,4,
..........
#111111111111111
#assigned_pet=-1,-1,-1,-1,-1,-1,-1,-1,-1,-1,
#assigned_hub=3,7,5,4,6,0,1,8,-1,2,
#moving_targetting_pos=16,6|26,16|16,26|16,16|26,6|6,6|6,16|26,26|29,2|6,26|
#setting_targetting_pos=-1,-1|-1,-1|-1,-1|-1,-1|-1,-1|-1,-1|-1,-1|-1,-1|29,30|-1,-1|
#type=4,4,4,4,4,4,4,4,0,4,
..........
#111111111111111
#assigned_pet=-1,-1,-1,-1,-1,-1,-1,-1,-1,-1,
#assigned_hub=3,7,5,4,6,0,1,8,-1,2,
#moving_targetting_pos=16,6|26,16|16,26|16,16|26,6|6,6|6,16|26,26|29,2|6,26|
#setting_targetting_pos=-1,-1|-1,-1|-1,-1|-1,-1|-1,-1|-1,-1|-1,-1|-1,-1|29,30|-1,-1|
#type=4,4,4,4,4,4,4,4,0,4,
..........
#111111111111111
#assigned_pet=-1,-1,-1,-1,-1,-1,-1,-1,-1,-1,
#assigned_hub=3,7,5,4,6,0,1,8,-1,2,
#moving_targetting_pos=16,6|26,16|16,26|16,16|26,6|6,6|6,16|26,26|29,2|6,26|
#setting_targetting_pos=-1,-1|-1,-1|-1,-1|-1,-1|-1,-1|-1,-1|-1,-1|-1,-1|29,30|-1,-1|
#type=4,4,4,4,4,4,4,4,0,4,
..........
#111111111111111
#assigned_pet=-1,-1,-1,-1,-1,-1,-1,-1,-1,-1,
#assigned_hub=3,7,5,4,6,0,1,8,-1,2,
#moving_targetting_pos=16,6|26,16|16,26|16,16|26,6|6,6|6,16|26,26|29,2|6,26|
#setting_targetting_pos=-1,-1|-1,-1|-1,-1|-1,-1|-1,-1|-1,-1|-1,-1|-1,-1|29,30|-1,-1|
#type=4,4,4,4,4,4,4,4,0,4,
..........
#111111111111111
#assigned_pet=-1,-1,-1,-1,-1,-1,-1,-1,-1,-1,
#assigned_hub=3,7,5,4,6,0,1,8,-1,2,
#moving_targetting_pos=16,6|26,16|16,26|16,16|26,6|6,6|6,16|26,26|29,2|6,26|
#setting_targetting_pos=-1,-1|-1,-1|-1,-1|-1,-1|-1,-1|-1,-1|-1,-1|-1,-1|29,30|-1,-1|
#type=4,4,4,4,4,4,4,4,0,4,
..........
#111111111111111
#assigned_pet=-1,-1,-1,-1,-1,-1,-1,-1,-1,-1,
#assigned_hub=3,7,5,4,6,0,1,8,-1,2,
#moving_targetting_pos=16,6|26,16|16,26|16,16|26,6|6,6|6,16|26,26|29,2|6,26|
#setting_targetting_pos=-1,-1|-1,-1|-1,-1|-1,-1|-1,-1|-1,-1|-1,-1|-1,-1|29,30|-1,-1|
#type=4,4,4,4,4,4,4,4,0,4,
..........
#111111111111111
#assigned_pet=-1,-1,-1,-1,-1,-1,-1,-1,-1,-1,
#assigned_hub=3,7,5,4,6,0,1,8,-1,2,
#moving_targetting_pos=16,6|26,16|16,26|16,16|26,6|6,6|6,16|26,26|29,2|6,26|
#setting_targetting_pos=-1,-1|-1,-1|-1,-1|-1,-1|-1,-1|-1,-1|-1,-1|-1,-1|29,30|-1,-1|
#type=4,4,4,4,4,4,4,4,0,4,
..........
#111111111111111
#assigned_pet=-1,-1,-1,-1,-1,-1,-1,-1,-1,-1,
#assigned_hub=3,7,5,4,6,0,1,8,-1,2,
#moving_targetting_pos=16,6|26,16|16,26|16,16|26,6|6,6|6,16|26,26|29,2|6,26|
#setting_targetting_pos=-1,-1|-1,-1|-1,-1|-1,-1|-1,-1|-1,-1|-1,-1|-1,-1|29,30|-1,-1|
#type=4,4,4,4,4,4,4,4,0,4,
..........
#111111111111111
#assigned_pet=-1,-1,-1,-1,-1,-1,-1,-1,-1,-1,
#assigned_hub=3,7,5,4,6,0,1,8,-1,2,
#moving_targetting_pos=16,6|26,16|16,26|16,16|26,6|6,6|6,16|26,26|29,2|6,26|
#setting_targetting_pos=-1,-1|-1,-1|-1,-1|-1,-1|-1,-1|-1,-1|-1,-1|-1,-1|29,30|-1,-1|
#type=4,4,4,4,4,4,4,4,0,4,
..........
#111111111111111
#assigned_pet=-1,-1,-1,-1,-1,-1,-1,-1,-1,-1,
#assigned_hub=3,7,5,4,6,0,1,8,-1,2,
#moving_targetting_pos=16,6|26,16|16,26|16,16|26,6|6,6|6,16|26,26|29,2|6,26|
#setting_targetting_pos=-1,-1|-1,-1|-1,-1|-1,-1|-1,-1|-1,-1|-1,-1|-1,-1|29,30|-1,-1|
#type=4,4,4,4,4,4,4,4,0,4,
..........
#111111111111111
#assigned_pet=-1,-1,-1,-1,-1,-1,-1,-1,-1,-1,
#assigned_hub=3,7,5,4,6,0,1,8,-1,2,
#moving_targetting_pos=16,6|26,16|16,26|16,16|26,6|6,6|6,16|26,26|29,2|6,26|
#setting_targetting_pos=-1,-1|-1,-1|-1,-1|-1,-1|-1,-1|-1,-1|-1,-1|-1,-1|29,30|-1,-1|
#type=4,4,4,4,4,4,4,4,0,4,
..........
#111111111111111
#assigned_pet=-1,-1,-1,-1,-1,-1,-1,-1,-1,-1,
#assigned_hub=3,7,5,4,6,0,1,8,-1,2,
#moving_targetting_pos=16,6|26,16|16,26|16,16|26,6|6,6|6,16|26,26|29,2|6,26|
#setting_targetting_pos=-1,-1|-1,-1|-1,-1|-1,-1|-1,-1|-1,-1|-1,-1|-1,-1|29,30|-1,-1|
#type=4,4,4,4,4,4,4,4,0,4,
..........
#111111111111111
#assigned_pet=-1,-1,-1,-1,-1,-1,-1,-1,-1,-1,
#assigned_hub=3,7,5,4,6,0,1,8,-1,2,
#moving_targetting_pos=16,6|26,16|16,26|16,16|26,6|6,6|6,16|26,26|29,2|6,26|
#setting_targetting_pos=-1,-1|-1,-1|-1,-1|-1,-1|-1,-1|-1,-1|-1,-1|-1,-1|29,30|-1,-1|
#type=4,4,4,4,4,4,4,4,0,4,
..........
#111111111111111
#assigned_pet=-1,-1,-1,-1,-1,-1,-1,-1,-1,-1,
#assigned_hub=3,7,5,4,6,0,1,8,-1,2,
#moving_targetting_pos=16,6|26,16|16,26|16,16|26,6|6,6|6,16|26,26|29,2|6,26|
#setting_targetting_pos=-1,-1|-1,-1|-1,-1|-1,-1|-1,-1|-1,-1|-1,-1|-1,-1|29,30|-1,-1|
#type=4,4,4,4,4,4,4,4,0,4,
..........
#111111111111111
#assigned_pet=-1,-1,-1,-1,-1,-1,-1,-1,-1,-1,
#assigned_hub=3,7,5,4,6,0,1,8,-1,2,
#moving_targetting_pos=16,6|26,16|16,26|16,16|26,6|6,6|6,16|26,26|29,2|6,26|
#setting_targetting_pos=-1,-1|-1,-1|-1,-1|-1,-1|-1,-1|-1,-1|-1,-1|-1,-1|29,30|-1,-1|
#type=4,4,4,4,4,4,4,4,0,4,
..........
#111111111111111
#assigned_pet=-1,-1,-1,-1,-1,-1,-1,-1,-1,-1,
#assigned_hub=3,7,5,4,6,0,1,8,-1,2,
#moving_targetting_pos=16,6|26,16|16,26|16,16|26,6|6,6|6,16|26,26|29,2|6,26|
#setting_targetting_pos=-1,-1|-1,-1|-1,-1|-1,-1|-1,-1|-1,-1|-1,-1|-1,-1|29,30|-1,-1|
#type=4,4,4,4,4,4,4,4,0,4,
..........
#111111111111111
#assigned_pet=-1,-1,-1,-1,-1,-1,-1,-1,-1,-1,
#assigned_hub=3,7,5,4,6,0,1,8,-1,2,
#moving_targetting_pos=16,6|26,16|16,26|16,16|26,6|6,6|6,16|26,26|29,2|6,26|
#setting_targetting_pos=-1,-1|-1,-1|-1,-1|-1,-1|-1,-1|-1,-1|-1,-1|-1,-1|29,30|-1,-1|
#type=4,4,4,4,4,4,4,4,0,4,
..........
#111111111111111
#assigned_pet=-1,-1,-1,-1,-1,-1,-1,-1,-1,-1,
#assigned_hub=3,7,5,4,6,0,1,8,-1,2,
#moving_targetting_pos=16,6|26,16|16,26|16,16|26,6|6,6|6,16|26,26|29,2|6,26|
#setting_targetting_pos=-1,-1|-1,-1|-1,-1|-1,-1|-1,-1|-1,-1|-1,-1|-1,-1|29,30|-1,-1|
#type=4,4,4,4,4,4,4,4,0,4,
..........
#111111111111111
#assigned_pet=-1,-1,-1,-1,-1,-1,-1,-1,-1,-1,
#assigned_hub=3,7,5,4,6,0,1,8,-1,2,
#moving_targetting_pos=16,6|26,16|16,26|16,16|26,6|6,6|6,16|26,26|29,2|6,26|
#setting_targetting_pos=-1,-1|-1,-1|-1,-1|-1,-1|-1,-1|-1,-1|-1,-1|-1,-1|29,30|-1,-1|
#type=4,4,4,4,4,4,4,4,0,4,
..........
#111111111111111
#assigned_pet=-1,-1,-1,-1,-1,-1,-1,-1,-1,-1,
#assigned_hub=3,7,5,4,6,0,1,8,-1,2,
#moving_targetting_pos=16,6|26,16|16,26|16,16|26,6|6,6|6,16|26,26|29,2|6,26|
#setting_targetting_pos=-1,-1|-1,-1|-1,-1|-1,-1|-1,-1|-1,-1|-1,-1|-1,-1|29,30|-1,-1|
#type=4,4,4,4,4,4,4,4,0,4,
..........
#111111111111111
#assigned_pet=-1,-1,-1,-1,-1,-1,-1,-1,-1,-1,
#assigned_hub=3,7,5,4,6,0,1,8,-1,2,
#moving_targetting_pos=16,6|26,16|16,26|16,16|26,6|6,6|6,16|26,26|29,2|6,26|
#setting_targetting_pos=-1,-1|-1,-1|-1,-1|-1,-1|-1,-1|-1,-1|-1,-1|-1,-1|29,30|-1,-1|
#type=4,4,4,4,4,4,4,4,0,4,
..........
#111111111111111
#assigned_pet=-1,-1,-1,-1,-1,-1,-1,-1,-1,-1,
#assigned_hub=3,7,5,4,6,0,1,8,-1,2,
#moving_targetting_pos=16,6|26,16|16,26|16,16|26,6|6,6|6,16|26,26|29,2|6,26|
#setting_targetting_pos=-1,-1|-1,-1|-1,-1|-1,-1|-1,-1|-1,-1|-1,-1|-1,-1|29,30|-1,-1|
#type=4,4,4,4,4,4,4,4,0,4,
..........
#111111111111111
#assigned_pet=-1,-1,-1,-1,-1,-1,-1,-1,-1,-1,
#assigned_hub=3,7,5,4,6,0,1,8,-1,2,
#moving_targetting_pos=16,6|26,16|16,26|16,16|26,6|6,6|6,16|26,26|29,2|6,26|
#setting_targetting_pos=-1,-1|-1,-1|-1,-1|-1,-1|-1,-1|-1,-1|-1,-1|-1,-1|29,30|-1,-1|
#type=4,4,4,4,4,4,4,4,0,4,
..........
#111111111111111
#assigned_pet=-1,-1,-1,-1,-1,-1,-1,-1,-1,-1,
#assigned_hub=3,7,5,4,6,0,1,8,-1,2,
#moving_targetting_pos=16,6|26,16|16,26|16,16|26,6|6,6|6,16|26,26|29,2|6,26|
#setting_targetting_pos=-1,-1|-1,-1|-1,-1|-1,-1|-1,-1|-1,-1|-1,-1|-1,-1|29,30|-1,-1|
#type=4,4,4,4,4,4,4,4,0,4,
..........
