#predicted_score_long=6.09618e+07
#predicted_score_short=6.57111e+07
#SHORT_BAR=1
#0000000000
#assigned_pet=-1,-1,-1,-1,-1,-1,-1,-1,-1,-1,
#assigned_hub=-1,-1,-1,-1,-1,-1,-1,-1,-1,8,
#moving_targetting_pos=5,1|29,30|9,2|19,30|2,29|22,29|25,30|12,29|15,30|26,26|
#setting_targetting_pos=5,30|29,2|9,30|19,2|2,1|22,1|25,1|12,1|15,1|0,0|
#type=1,1,1,1,1,1,1,1,1,3,
LRLRURURRR
#0000000000
#assigned_pet=-1,-1,-1,-1,-1,-1,-1,-1,-1,-1,
#assigned_hub=-1,-1,-1,-1,-1,-1,-1,-1,-1,8,
#moving_targetting_pos=5,1|29,30|9,2|19,30|2,29|22,29|25,30|12,29|15,30|26,26|
#setting_targetting_pos=5,30|29,2|9,30|19,2|2,1|22,1|25,1|12,1|15,1|-1,-1|
#type=1,1,1,1,1,1,1,1,1,3,
LRLDURURRR
#0000000000
#assigned_pet=-1,-1,-1,-1,-1,-1,-1,-1,-1,-1,
#assigned_hub=-1,-1,-1,-1,-1,-1,-1,-1,-1,8,
#moving_targetting_pos=5,1|29,30|9,2|19,30|2,29|22,29|25,30|12,29|15,30|26,26|
#setting_targetting_pos=5,30|29,2|9,30|19,2|2,1|22,1|25,1|12,1|15,1|-1,-1|
#type=1,1,1,2,1,1,2,1,1,3,
LRLdUUdRRR
#0000000000
#assigned_pet=-1,-1,-1,-1,-1,-1,-1,-1,-1,-1,
#assigned_hub=-1,-1,-1,-1,-1,-1,-1,-1,-1,8,
#moving_targetting_pos=5,1|29,30|9,2|19,30|2,29|22,29|25,30|12,29|15,30|-1,-1|
#setting_targetting_pos=5,30|29,2|9,30|19,2|2,1|22,1|25,1|12,1|15,1|-1,-1|
#type=1,1,1,2,2,2,2,2,1,4,
LRLLrrL.U.
#0000000000
#assigned_pet=-1,-1,-1,-1,-1,-1,-1,-1,-1,-1,
#assigned_hub=-1,-1,-1,-1,-1,-1,-1,-1,-1,8,
#moving_targetting_pos=5,1|29,30|9,2|19,30|2,29|22,29|25,30|12,29|15,30|-1,-1|
#setting_targetting_pos=5,30|29,2|9,30|19,2|2,1|22,1|25,1|12,1|15,1|-1,-1|
#type=2,1,1,2,2,2,2,2,1,4,
dRLLddLdU.
#0000000000
#assigned_pet=-1,-1,-1,-1,-1,-1,-1,-1,-1,4,
#assigned_hub=-1,-1,-1,-1,-1,-1,-1,-1,-1,8,
#moving_targetting_pos=5,1|29,30|9,2|19,30|2,29|22,29|25,30|12,29|15,30|-1,-1|
#setting_targetting_pos=5,30|29,2|9,30|19,2|2,1|22,1|25,1|12,1|15,1|27,23|
#type=2,1,1,2,2,2,2,2,1,4,
RRLrLLu.U.
#0000000000
#assigned_pet=-1,-1,-1,-1,-1,-1,-1,-1,-1,4,
#assigned_hub=-1,-1,-1,-1,-1,-1,-1,-1,-1,8,
#moving_targetting_pos=5,1|29,30|9,2|19,30|2,29|22,29|25,30|12,29|15,30|-1,-1|
#setting_targetting_pos=5,30|29,2|9,30|19,2|2,1|22,1|25,1|12,1|15,1|27,23|
#type=2,1,1,2,2,2,2,2,2,4,
dRLuLLL.d.
#0000000000
#assigned_pet=-1,-1,-1,-1,-1,-1,-1,-1,-1,4,
#assigned_hub=-1,-1,-1,-1,-1,-1,-1,-1,-1,8,
#moving_targetting_pos=5,1|29,30|9,2|19,30|2,29|22,29|25,30|12,29|15,30|-1,-1|
#setting_targetting_pos=5,30|29,2|9,30|19,2|2,1|22,1|25,1|12,1|15,1|27,23|
#type=2,1,1,2,2,2,2,2,2,4,
RRLLLLL.L.
#0000000000
#assigned_pet=-1,-1,-1,-1,-1,-1,-1,-1,-1,4,
#assigned_hub=-1,-1,-1,-1,-1,-1,-1,-1,-1,8,
#moving_targetting_pos=5,1|29,30|9,2|19,30|2,29|22,29|25,30|12,29|15,30|-1,-1|
#setting_targetting_pos=5,30|29,2|9,30|19,2|2,1|22,1|25,1|12,1|15,1|27,23|
#type=2,1,1,2,2,2,2,2,2,4,
RRLLuuL.L.
#0000000000
#assigned_pet=-1,-1,-1,-1,-1,-1,-1,-1,-1,-1,
#assigned_hub=-1,-1,-1,-1,-1,-1,-1,-1,-1,8,
#moving_targetting_pos=5,1|29,30|9,2|19,30|2,29|22,29|25,30|12,29|15,30|-1,-1|
#setting_targetting_pos=5,30|29,2|9,30|19,2|2,1|22,1|25,1|12,1|15,1|-1,-1|
#type=2,1,1,2,2,2,2,2,2,4,
uRLdLLL.u.
#0000000000
#assigned_pet=-1,-1,-1,-1,-1,-1,-1,-1,-1,4,
#assigned_hub=-1,-1,-1,-1,-1,-1,-1,-1,-1,8,
#moving_targetting_pos=5,1|29,30|9,2|19,30|2,29|22,29|25,30|12,29|15,30|-1,-1|
#setting_targetting_pos=5,30|29,2|9,30|19,2|2,1|22,1|25,1|12,1|15,1|27,24|
#type=2,1,1,2,2,2,2,2,2,4,
RRLLrrurLR
#0000000000
#assigned_pet=-1,-1,-1,-1,-1,-1,-1,-1,-1,4,
#assigned_hub=-1,-1,-1,-1,-1,-1,-1,-1,-1,8,
#moving_targetting_pos=5,1|29,30|9,2|19,30|2,29|22,29|25,30|12,29|15,30|-1,-1|
#setting_targetting_pos=5,30|29,2|9,30|19,2|2,1|22,1|25,1|12,1|15,1|26,24|
#type=2,1,1,2,2,2,2,2,2,4,
RRDLLLLLLR
#0000000000
#assigned_pet=-1,-1,-1,-1,-1,-1,-1,-1,-1,4,
#assigned_hub=-1,-1,-1,-1,-1,-1,-1,-1,-1,8,
#moving_targetting_pos=5,1|29,30|9,2|19,30|2,29|22,29|25,30|12,29|15,30|-1,-1|
#setting_targetting_pos=5,30|29,2|9,30|19,2|2,1|22,1|25,1|12,1|15,1|25,24|
#type=2,1,1,2,2,2,2,2,2,4,
RDDuLLLLLL
#0000000000
#assigned_pet=-1,-1,-1,-1,-1,-1,-1,-1,-1,4,
#assigned_hub=-1,-1,-1,-1,-1,-1,-1,-1,-1,8,
#moving_targetting_pos=5,1|29,30|9,2|19,30|2,29|22,29|25,30|12,29|15,30|-1,-1|
#setting_targetting_pos=5,30|29,2|9,30|19,2|2,1|22,1|25,1|12,1|15,1|24,26|
#type=2,2,2,2,2,2,2,2,2,4,
RddLdddLLR
#0000000000
#assigned_pet=-1,-1,-1,-1,-1,-1,-1,-1,-1,4,
#assigned_hub=-1,-1,-1,-1,-1,-1,-1,-1,-1,8,
#moving_targetting_pos=5,1|29,30|9,2|19,30|2,29|22,29|25,30|12,29|15,30|-1,-1|
#setting_targetting_pos=5,30|29,2|9,30|19,2|2,1|22,1|25,1|12,1|15,1|23,26|
#type=2,2,2,2,2,2,2,2,2,4,
uLRLLLLuuR
#0000000000
#assigned_pet=-1,-1,-1,-1,-1,-1,-1,-1,-1,4,
#assigned_hub=-1,-1,-1,-1,-1,-1,-1,-1,-1,8,
#moving_targetting_pos=5,1|29,30|9,2|19,30|2,29|22,29|25,30|12,29|15,30|-1,-1|
#setting_targetting_pos=5,30|29,2|9,30|19,2|2,1|22,1|25,1|12,1|15,1|23,27|
#type=2,2,2,2,2,2,2,2,2,4,
RLRrLLdLLR
#0000000000
#assigned_pet=-1,-1,-1,-1,-1,-1,-1,-1,-1,4,
#assigned_hub=-1,-1,-1,-1,-1,-1,-1,-1,-1,8,
#moving_targetting_pos=5,1|29,30|9,2|19,30|2,29|22,29|25,30|12,29|15,30|-1,-1|
#setting_targetting_pos=5,30|29,2|9,30|19,2|2,1|22,1|25,1|12,1|15,1|23,27|
#type=2,2,2,2,2,2,2,2,2,4,
RrldrrLrLU
#0000000000
#assigned_pet=-1,-1,-1,-1,-1,-1,-1,-1,-1,4,
#assigned_hub=-1,-1,-1,-1,-1,-1,-1,-1,-1,8,
#moving_targetting_pos=5,1|29,30|9,2|19,30|2,29|22,29|25,30|12,29|15,30|-1,-1|
#setting_targetting_pos=5,30|29,2|9,30|19,2|2,1|22,1|25,1|12,1|15,1|23,27|
#type=2,2,2,2,2,2,2,2,2,4,
duuLuudLdU
#0000000000
#assigned_pet=-1,-1,-1,-1,-1,-1,-1,-1,-1,4,
#assigned_hub=-1,-1,-1,-1,-1,-1,-1,-1,-1,8,
#moving_targetting_pos=5,1|29,30|9,2|19,30|2,29|22,29|25,30|12,29|15,30|-1,-1|
#setting_targetting_pos=5,30|29,2|9,30|19,2|2,1|22,1|25,1|12,1|15,1|23,27|
#type=2,2,2,2,2,2,2,2,2,4,
RLRLLLLLL.
#0000000000
#assigned_pet=-1,-1,-1,-1,-1,-1,-1,-1,-1,4,
#assigned_hub=-1,-1,-1,-1,-1,-1,-1,-1,-1,8,
#moving_targetting_pos=5,1|29,30|9,2|19,30|2,29|22,29|25,30|12,29|15,30|-1,-1|
#setting_targetting_pos=5,30|29,2|9,30|19,2|2,1|22,1|25,1|12,1|15,1|23,27|
#type=2,2,2,2,2,2,2,2,2,4,
dLRdLLLdd.
#0000000000
#assigned_pet=-1,-1,-1,-1,-1,-1,-1,-1,-1,4,
#assigned_hub=-1,-1,-1,-1,-1,-1,-1,-1,-1,8,
#moving_targetting_pos=5,1|29,30|9,2|19,30|2,29|22,29|25,30|12,29|15,30|-1,-1|
#setting_targetting_pos=5,30|29,2|9,30|19,2|2,1|22,1|25,1|12,1|15,1|23,26|
#type=2,2,2,2,2,2,2,2,2,4,
RddLrruLLL
#0000000000
#assigned_pet=-1,-1,-1,-1,-1,-1,-1,-1,-1,4,
#assigned_hub=-1,-1,-1,-1,-1,-1,-1,-1,-1,8,
#moving_targetting_pos=5,1|29,30|9,2|19,30|2,29|22,29|25,30|12,29|15,30|-1,-1|
#setting_targetting_pos=5,30|29,2|9,30|19,2|2,1|22,1|25,1|12,1|15,1|23,27|
#type=2,2,2,2,2,2,2,2,2,4,
dLRL.dLLdR
#0000000000
#assigned_pet=-1,-1,-1,-1,-1,-1,-1,-1,-1,4,
#assigned_hub=-1,-1,-1,-1,-1,-1,-1,-1,-1,8,
#moving_targetting_pos=5,1|29,30|9,2|19,30|2,29|22,29|25,30|12,29|15,30|-1,-1|
#setting_targetting_pos=5,30|29,2|9,30|19,2|2,1|22,1|25,1|12,1|15,1|25,26|
#type=2,2,2,2,2,2,2,2,2,4,
RLRu.LLrLL
#0000000000
#assigned_pet=-1,-1,-1,-1,-1,-1,-1,-1,-1,4,
#assigned_hub=-1,-1,-1,-1,-1,-1,-1,-1,-1,8,
#moving_targetting_pos=5,1|29,30|9,2|19,30|2,29|22,29|25,30|12,29|15,30|-1,-1|
#setting_targetting_pos=5,30|29,2|9,30|19,2|2,1|22,1|25,1|12,1|15,1|25,27|
#type=2,2,2,2,2,2,2,2,2,4,
Ruu..LLuLR
#0000000000
#assigned_pet=-1,-1,-1,-1,-1,-1,-1,-1,-1,4,
#assigned_hub=-1,-1,-1,-1,-1,-1,-1,-1,-1,8,
#moving_targetting_pos=5,1|29,30|9,2|19,30|2,29|22,29|25,30|12,29|15,30|-1,-1|
#setting_targetting_pos=5,30|29,2|9,30|19,2|2,1|22,1|25,1|12,1|15,1|25,26|
#type=2,2,2,2,2,2,2,2,2,4,
uLR..LLLuL
#0000000000
#assigned_pet=-1,-1,-1,-1,-1,-1,-1,-1,-1,4,
#assigned_hub=-1,-1,-1,-1,-1,-1,-1,-1,-1,8,
#moving_targetting_pos=5,1|29,30|9,2|19,30|2,29|22,29|25,30|12,29|15,30|-1,-1|
#setting_targetting_pos=5,30|29,2|9,30|19,2|2,1|22,1|25,1|12,1|15,1|28,26|
#type=2,2,2,2,2,2,2,2,2,4,
RLR...uLLD
#0000000000
#assigned_pet=-1,-1,-1,-1,-1,-1,-1,-1,-1,4,
#assigned_hub=-1,-1,-1,-1,-1,-1,-1,-1,-1,8,
#moving_targetting_pos=5,1|29,30|9,2|19,30|2,29|22,29|25,30|12,29|15,30|-1,-1|
#setting_targetting_pos=5,30|29,2|9,30|19,2|2,1|22,1|25,1|12,1|15,1|28,27|
#type=2,2,2,2,2,2,2,2,2,4,
Rrlrd.LrLR
#0000000000
#assigned_pet=-1,-1,-1,-1,-1,-1,-1,-1,-1,4,
#assigned_hub=-1,-1,-1,-1,-1,-1,-1,-1,-1,8,
#moving_targetting_pos=5,1|29,30|9,2|19,30|2,29|22,29|25,30|12,29|15,30|-1,-1|
#setting_targetting_pos=5,30|29,2|9,30|19,2|2,1|22,1|25,1|12,1|15,1|29,27|
#type=2,2,2,2,2,2,2,2,2,4,
RddLL.LdLD
#0000000000
#assigned_pet=-1,-1,-1,-1,-1,-1,-1,-1,-1,4,
#assigned_hub=-1,-1,-1,-1,-1,-1,-1,-1,-1,8,
#moving_targetting_pos=5,1|29,30|9,2|19,30|2,29|22,29|25,30|12,29|15,30|-1,-1|
#setting_targetting_pos=5,30|29,2|9,30|19,2|2,1|22,1|25,1|12,1|15,1|26,27|
#type=2,2,2,2,2,2,2,2,2,4,
RLRLLudLLL
#0000000000
#assigned_pet=-1,-1,-1,-1,-1,-1,-1,-1,-1,4,
#assigned_hub=-1,-1,-1,-1,-1,-1,-1,-1,-1,8,
#moving_targetting_pos=5,1|29,30|9,2|19,30|2,29|22,29|25,30|12,29|15,30|-1,-1|
#setting_targetting_pos=5,30|29,2|9,30|19,2|2,1|22,1|25,1|12,1|15,1|25,29|
#type=2,2,2,2,2,2,2,2,2,4,
uLRdLLLLuR
#0000000000
#assigned_pet=-1,-1,-1,-1,-1,-1,-1,-1,-1,4,
#assigned_hub=-1,-1,-1,-1,-1,-1,-1,-1,-1,8,
#moving_targetting_pos=5,1|29,30|9,2|19,30|2,29|22,29|25,30|12,29|15,30|-1,-1|
#setting_targetting_pos=5,30|29,2|9,30|19,2|2,1|22,1|25,1|12,1|15,1|25,28|
#type=2,2,2,2,2,2,2,2,2,4,
RddLurdLLR
#0000000000
#assigned_pet=-1,-1,-1,-1,-1,-1,-1,-1,-1,4,
#assigned_hub=-1,-1,-1,-1,-1,-1,-1,-1,-1,8,
#moving_targetting_pos=5,1|29,30|9,2|19,30|2,29|22,29|25,30|12,29|15,30|-1,-1|
#setting_targetting_pos=5,30|29,2|9,30|19,2|2,1|22,1|25,1|12,1|15,1|25,27|
#type=2,2,2,2,2,2,2,2,2,4,
RLRLLLLuLL
#0000000000
#assigned_pet=-1,-1,-1,-1,-1,-1,-1,-1,-1,4,
#assigned_hub=-1,-1,-1,-1,-1,-1,-1,-1,-1,8,
#moving_targetting_pos=5,1|29,30|9,2|19,30|2,29|22,29|25,30|12,29|15,30|-1,-1|
#setting_targetting_pos=5,30|29,2|9,30|19,2|2,1|22,1|25,1|12,1|15,1|26,25|
#type=2,2,2,2,2,2,2,2,2,4,
dLR.rLdLdL
#0000000000
#assigned_pet=-1,-1,-1,-1,-1,-1,-1,-1,-1,4,
#assigned_hub=-1,-1,-1,-1,-1,-1,-1,-1,-1,8,
#moving_targetting_pos=5,1|29,30|9,2|19,30|2,29|22,29|25,30|12,29|15,30|-1,-1|
#setting_targetting_pos=5,30|29,2|9,30|19,2|2,1|22,1|25,1|12,1|15,1|26,24|
#type=2,2,2,2,2,2,2,2,2,4,
Rrl.LdLrLL
#0000000000
#assigned_pet=-1,-1,-1,-1,-1,-1,-1,-1,-1,5,
#assigned_hub=-1,-1,-1,-1,-1,-1,-1,-1,-1,8,
#moving_targetting_pos=5,1|29,30|9,2|19,30|2,29|22,29|25,30|12,29|15,30|-1,-1|
#setting_targetting_pos=5,30|29,2|9,30|19,2|2,1|22,1|25,1|12,1|15,1|27,23|
#type=2,2,2,2,2,2,2,2,2,4,
duuuLLLLdL
#0000000000
#assigned_pet=-1,-1,-1,-1,-1,-1,-1,-1,-1,5,
#assigned_hub=-1,-1,-1,-1,-1,-1,-1,-1,-1,8,
#moving_targetting_pos=5,1|29,30|9,2|19,30|2,29|22,29|25,30|12,29|15,30|-1,-1|
#setting_targetting_pos=5,30|29,2|9,30|19,2|2,1|22,1|25,1|12,1|15,1|27,23|
#type=2,2,2,2,2,2,2,2,2,4,
RLRLdLuLLL
#0000000000
#assigned_pet=-1,-1,-1,-1,-1,-1,-1,-1,-1,5,
#assigned_hub=-1,-1,-1,-1,-1,-1,-1,-1,-1,8,
#moving_targetting_pos=5,1|29,30|9,2|19,30|2,29|22,29|25,30|12,29|15,30|-1,-1|
#setting_targetting_pos=5,30|29,2|9,30|19,2|2,1|22,1|25,1|12,1|15,1|26,23|
#type=2,2,2,2,2,2,2,2,2,4,
dLRLLrLd.R
#0000000000
#assigned_pet=-1,-1,-1,-1,-1,-1,-1,-1,-1,5,
#assigned_hub=-1,-1,-1,-1,-1,-1,-1,-1,-1,8,
#moving_targetting_pos=5,1|29,30|9,2|19,30|2,29|22,29|25,30|12,29|15,30|-1,-1|
#setting_targetting_pos=5,30|29,2|9,30|19,2|2,1|22,1|25,1|12,1|15,1|27,24|
#type=2,2,2,2,2,2,2,2,2,4,
RddrLuLLd.
#0000000000
#assigned_pet=-1,-1,-1,-1,-1,-1,-1,-1,-1,5,
#assigned_hub=-1,-1,-1,-1,-1,-1,-1,-1,-1,8,
#moving_targetting_pos=5,1|29,30|9,2|19,30|2,29|22,29|25,30|12,29|15,30|-1,-1|
#setting_targetting_pos=5,30|29,2|9,30|19,2|2,1|22,1|25,1|12,1|15,1|27,26|
#type=2,2,2,2,2,2,2,2,2,4,
RLRdrLLLLR
#0000000000
#assigned_pet=-1,-1,-1,-1,-1,-1,-1,-1,-1,5,
#assigned_hub=-1,-1,-1,-1,-1,-1,-1,-1,-1,8,
#moving_targetting_pos=5,1|29,30|9,2|19,30|2,29|22,29|25,30|12,29|15,30|-1,-1|
#setting_targetting_pos=5,30|29,2|9,30|19,2|2,1|22,1|25,1|12,1|15,1|27,26|
#type=2,2,2,2,2,2,2,2,2,4,
uLRLuLLuLR
#0000000000
#assigned_pet=-1,-1,-1,-1,-1,-1,-1,-1,-1,5,
#assigned_hub=-1,-1,-1,-1,-1,-1,-1,-1,-1,8,
#moving_targetting_pos=5,1|29,30|9,2|19,30|2,29|22,29|25,30|12,29|15,30|-1,-1|
#setting_targetting_pos=5,30|29,2|9,30|19,2|2,1|22,1|25,1|12,1|15,1|26,27|
#type=2,2,2,2,2,2,2,2,2,4,
RuuLLruru.
#0000000000
#assigned_pet=-1,-1,-1,-1,-1,-1,-1,-1,-1,5,
#assigned_hub=-1,-1,-1,-1,-1,-1,-1,-1,-1,8,
#moving_targetting_pos=5,1|29,30|9,2|19,30|2,29|22,29|25,30|12,29|15,30|-1,-1|
#setting_targetting_pos=5,30|29,2|9,30|19,2|2,1|22,1|25,1|12,1|15,1|28,27|
#type=2,2,2,2,2,2,2,2,2,4,
RLRdLdLLLR
#0000000000
#assigned_pet=-1,-1,-1,-1,-1,-1,-1,-1,-1,5,
#assigned_hub=-1,-1,-1,-1,-1,-1,-1,-1,-1,8,
#moving_targetting_pos=5,1|29,30|9,2|19,30|2,29|22,29|25,30|12,29|15,30|-1,-1|
#setting_targetting_pos=5,30|29,2|9,30|19,2|2,1|22,1|25,1|12,1|15,1|27,26|
#type=2,2,2,2,2,2,2,2,2,4,
RLRLrLLLLL
#0000000000
#assigned_pet=-1,-1,-1,-1,-1,-1,-1,-1,-1,5,
#assigned_hub=-1,-1,-1,-1,-1,-1,-1,-1,-1,8,
#moving_targetting_pos=5,1|29,30|9,2|19,30|2,29|22,29|25,30|12,29|15,30|-1,-1|
#setting_targetting_pos=5,30|29,2|9,30|19,2|2,1|22,1|25,1|12,1|15,1|26,27|
#type=2,2,2,2,2,2,2,2,2,4,
RrlLdLdrL.
#0000000000
#assigned_pet=-1,-1,-1,-1,-1,-1,-1,-1,-1,5,
#assigned_hub=-1,-1,-1,-1,-1,-1,-1,-1,-1,8,
#moving_targetting_pos=5,1|29,30|9,2|19,30|2,29|22,29|25,30|12,29|15,30|-1,-1|
#setting_targetting_pos=5,30|29,2|9,30|19,2|2,1|22,1|25,1|12,1|15,1|27,26|
#type=2,2,2,2,2,2,2,2,2,4,
uddrLLLdL.
#0000000000
#assigned_pet=-1,-1,-1,-1,-1,-1,-1,-1,-1,5,
#assigned_hub=-1,-1,-1,-1,-1,-1,-1,-1,-1,8,
#moving_targetting_pos=5,1|29,30|9,2|19,30|2,29|22,29|25,30|12,29|15,30|-1,-1|
#setting_targetting_pos=5,30|29,2|9,30|19,2|2,1|22,1|25,1|12,1|15,1|26,27|
#type=2,2,2,2,2,2,2,2,2,4,
RLRuLudLu.
#0000000000
#assigned_pet=-1,-1,-1,-1,-1,-1,-1,-1,-1,5,
#assigned_hub=-1,-1,-1,-1,-1,-1,3,-1,-1,8,
#moving_targetting_pos=5,1|29,30|9,2|19,30|2,29|22,29|16,6|12,29|15,30|-1,-1|
#setting_targetting_pos=5,30|29,2|9,30|19,2|2,1|22,1|25,1|12,1|15,1|27,28|
#type=2,2,2,2,2,2,3,2,2,4,
RLRLLLRLLR
#0000000000
#assigned_pet=-1,-1,-1,-1,-1,-1,-1,-1,-1,5,
#assigned_hub=-1,-1,-1,-1,-1,-1,3,-1,-1,8,
#moving_targetting_pos=5,1|29,30|9,2|19,30|2,29|22,29|16,6|12,29|15,30|-1,-1|
#setting_targetting_pos=5,30|29,2|9,30|19,2|2,1|22,1|-1,-1|12,1|15,1|27,29|
#type=2,2,2,2,2,2,3,2,2,4,
dddLurRLLR
#0000000000
#assigned_pet=-1,-1,-1,-1,-1,-1,-1,-1,-1,5,
#assigned_hub=2,-1,-1,-1,-1,-1,3,-1,-1,8,
#moving_targetting_pos=6,26|29,30|9,2|19,30|2,29|22,29|16,6|12,29|15,30|-1,-1|
#setting_targetting_pos=5,30|29,2|9,30|19,2|2,1|22,1|-1,-1|12,1|15,1|27,29|
#type=3,2,2,2,2,2,3,2,2,4,
LLRdLLRudR
#0000000000
#assigned_pet=-1,-1,-1,-1,-1,-1,-1,-1,-1,5,
#assigned_hub=2,-1,-1,-1,-1,-1,3,-1,-1,8,
#moving_targetting_pos=6,26|29,30|9,2|19,30|2,29|22,29|16,6|12,29|15,30|-1,-1|
#setting_targetting_pos=-1,-1|29,2|9,30|19,2|2,1|22,1|-1,-1|12,1|15,1|26,29|
#type=3,2,2,2,2,2,3,2,2,4,
LLRLrLRLLL
#0000000000
#assigned_pet=1,-1,-1,-1,-1,-1,-1,-1,-1,5,
#assigned_hub=2,-1,-1,-1,-1,-1,3,-1,-1,8,
#moving_targetting_pos=-1,-1|29,30|9,2|19,30|2,29|22,29|16,6|12,29|15,30|-1,-1|
#setting_targetting_pos=5,26|29,2|9,30|19,2|2,1|22,1|-1,-1|12,1|15,1|26,29|
#type=4,2,2,2,2,2,3,2,2,4,
LrlLLdUrd.
#0000000000
#assigned_pet=1,-1,-1,-1,-1,-1,-1,-1,-1,5,
#assigned_hub=2,-1,-1,-1,-1,-1,3,-1,4,8,
#moving_targetting_pos=-1,-1|29,30|9,2|19,30|2,29|22,29|16,6|12,29|16,16|-1,-1|
#setting_targetting_pos=4,26|29,2|9,30|19,2|2,1|22,1|-1,-1|12,1|15,1|26,29|
#type=4,2,2,2,2,2,3,2,3,4,
LuuuLLULR.
#0000000000
#assigned_pet=1,-1,-1,-1,-1,-1,-1,-1,-1,5,
#assigned_hub=2,-1,-1,-1,-1,-1,3,-1,4,8,
#moving_targetting_pos=-1,-1|29,30|9,2|19,30|2,29|22,29|16,6|12,29|16,16|-1,-1|
#setting_targetting_pos=5,26|29,2|9,30|19,2|2,1|22,1|-1,-1|12,1|-1,-1|25,29|
#type=4,2,2,2,2,2,3,2,3,4,
DLRLdLULRR
#0000000000
#assigned_pet=1,-1,-1,-1,-1,-1,-1,-1,-1,5,
#assigned_hub=2,-1,-1,-1,-1,-1,3,-1,4,8,
#moving_targetting_pos=-1,-1|29,30|9,2|19,30|2,29|22,29|16,6|12,29|16,16|-1,-1|
#setting_targetting_pos=6,26|29,2|9,30|19,2|2,1|22,1|-1,-1|12,1|-1,-1|25,28|
#type=4,2,2,2,2,2,3,2,3,4,
.LRLLrUdRL
#0000000000
#assigned_pet=1,-1,-1,-1,-1,-1,-1,-1,-1,5,
#assigned_hub=2,-1,-1,-1,-1,-1,3,-1,4,8,
#moving_targetting_pos=-1,-1|29,30|9,2|19,30|2,29|22,29|16,6|12,29|16,16|-1,-1|
#setting_targetting_pos=6,25|29,2|9,30|19,2|2,1|22,1|-1,-1|12,1|-1,-1|24,27|
#type=4,2,2,2,2,2,3,2,3,4,
.ddrLuULRL
#0000000000
#assigned_pet=1,-1,-1,-1,-1,-1,-1,-1,-1,5,
#assigned_hub=2,-1,-1,-1,-1,7,3,-1,4,8,
#moving_targetting_pos=-1,-1|29,30|9,2|19,30|2,29|26,16|16,6|12,29|16,16|-1,-1|
#setting_targetting_pos=5,25|29,2|9,30|19,2|2,1|22,1|-1,-1|12,1|-1,-1|23,26|
#type=4,2,2,2,2,3,3,2,3,4,
LLRdrDULRL
#0000000000
#assigned_pet=1,-1,-1,-1,-1,-1,-1,-1,-1,6,
#assigned_hub=2,-1,-1,1,-1,7,3,-1,4,8,
#moving_targetting_pos=-1,-1|29,30|9,2|6,16|2,29|26,16|16,6|12,29|16,16|-1,-1|
#setting_targetting_pos=5,24|29,2|9,30|19,2|2,1|-1,-1|-1,-1|12,1|-1,-1|26,25|
#type=4,2,2,3,2,3,3,2,3,4,
LLRUuRRrR.
#0000000000
#assigned_pet=3,-1,-1,-1,-1,-1,0,-1,-1,5,
#assigned_hub=2,-1,-1,6,1,7,3,-1,4,8,
#moving_targetting_pos=-1,-1|29,30|9,2|26,6|6,16|26,16|-1,-1|12,29|16,16|-1,-1|
#setting_targetting_pos=7,24|29,2|9,30|-1,-1|2,1|-1,-1|17,9|12,1|-1,-1|23,26|
#type=4,2,2,3,3,3,4,2,3,4,
.uuRDDRuRU
#0000000000
#assigned_pet=3,-1,-1,-1,-1,-1,0,-1,-1,6,
#assigned_hub=2,-1,-1,6,1,7,3,5,4,8,
#moving_targetting_pos=-1,-1|29,30|9,2|26,6|6,16|26,16|-1,-1|16,26|16,16|-1,-1|
#setting_targetting_pos=6,25|29,2|9,30|-1,-1|-1,-1|-1,-1|16,9|12,1|-1,-1|25,23|
#type=4,2,2,3,3,3,4,3,3,4,
.LRURRUDRL
#0000000000
#assigned_pet=3,-1,-1,-1,-1,-1,0,-1,-1,6,
#assigned_hub=2,-1,-1,6,1,7,3,5,4,8,
#moving_targetting_pos=-1,-1|29,30|9,2|26,6|6,16|26,16|-1,-1|16,26|16,16|-1,-1|
#setting_targetting_pos=7,24|29,2|9,30|-1,-1|-1,-1|-1,-1|16,9|-1,-1|-1,-1|25,23|
#type=4,2,2,3,3,3,4,3,3,4,
.LRRDDURRL
#0000000000
#assigned_pet=3,-1,-1,-1,-1,-1,0,-1,-1,6,
#assigned_hub=2,-1,-1,6,1,7,3,5,4,8,
#moving_targetting_pos=-1,-1|29,30|9,2|26,6|6,16|26,16|-1,-1|16,26|16,16|-1,-1|
#setting_targetting_pos=7,24|29,2|9,30|-1,-1|-1,-1|-1,-1|17,8|-1,-1|-1,-1|25,23|
#type=4,2,2,3,3,3,4,3,3,4,
.rlRRR.DR.
#0000000000
#assigned_pet=3,-1,-1,-1,-1,-1,0,-1,-1,-1,
#assigned_hub=2,-1,-1,6,1,7,3,5,4,8,
#moving_targetting_pos=-1,-1|29,30|9,2|26,6|6,16|26,16|-1,-1|16,26|16,16|-1,-1|
#setting_targetting_pos=8,25|29,2|9,30|-1,-1|-1,-1|-1,-1|18,7|-1,-1|-1,-1|-1,-1|
#type=4,2,2,3,3,3,4,3,3,4,
RddDDR.RR.
#0000000000
#assigned_pet=3,-1,-1,-1,-1,-1,0,-1,-1,-1,
#assigned_hub=2,-1,-1,6,1,7,3,5,4,8,
#moving_targetting_pos=-1,-1|29,30|9,2|26,6|6,16|26,16|-1,-1|16,26|16,16|-1,-1|
#setting_targetting_pos=9,26|29,2|9,30|-1,-1|-1,-1|-1,-1|18,7|-1,-1|-1,-1|-1,-1|
#type=4,0,0,3,3,3,4,3,3,4,
R..DRR.DR.
#0000000000
#assigned_pet=3,-1,-1,-1,-1,-1,0,-1,-1,6,
#assigned_hub=2,0,-1,6,1,7,3,5,4,8,
#moving_targetting_pos=-1,-1|6,6|9,2|26,6|6,16|26,16|-1,-1|16,26|16,16|-1,-1|
#setting_targetting_pos=8,27|29,2|9,30|-1,-1|-1,-1|-1,-1|18,7|-1,-1|-1,-1|25,23|
#type=4,3,0,3,3,3,4,3,3,4,
RU.DRR.RR.
#0000000000
#assigned_pet=3,-1,-1,-1,-1,-1,0,-1,7,6,
#assigned_hub=2,0,-1,6,1,7,3,5,4,8,
#moving_targetting_pos=-1,-1|6,6|9,2|26,6|6,16|26,16|-1,-1|16,26|-1,-1|-1,-1|
#setting_targetting_pos=6,27|-1,-1|9,30|-1,-1|-1,-1|-1,-1|19,7|-1,-1|17,18|25,23|
#type=4,3,0,3,3,3,4,3,4,4,
LR.DRRDRR.
#0000000000
#assigned_pet=3,-1,-1,-1,-1,-1,0,-1,7,6,
#assigned_hub=2,0,-1,6,1,7,3,5,4,8,
#moving_targetting_pos=-1,-1|6,6|9,2|26,6|6,16|26,16|-1,-1|16,26|-1,-1|-1,-1|
#setting_targetting_pos=5,28|-1,-1|9,30|-1,-1|-1,-1|-1,-1|19,6|-1,-1|16,19|25,23|
#type=4,3,0,3,3,3,4,3,4,4,
RU.DRRLRR.
#0000000000
#assigned_pet=3,-1,-1,-1,-1,-1,0,-1,7,6,
#assigned_hub=2,0,-1,6,1,7,3,5,4,8,
#moving_targetting_pos=-1,-1|6,6|9,2|26,6|6,16|26,16|-1,-1|16,26|-1,-1|-1,-1|
#setting_targetting_pos=5,28|-1,-1|9,30|-1,-1|-1,-1|-1,-1|19,6|-1,-1|15,18|25,23|
#type=4,3,0,3,3,3,4,3,4,4,
RR.DRR.RR.
#0000000000
#assigned_pet=3,-1,-1,-1,-1,-1,0,-1,4,6,
#assigned_hub=2,0,-1,6,1,7,3,5,4,8,
#moving_targetting_pos=-1,-1|6,6|9,2|26,6|6,16|26,16|-1,-1|16,26|-1,-1|-1,-1|
#setting_targetting_pos=5,28|-1,-1|9,30|-1,-1|-1,-1|-1,-1|19,5|-1,-1|19,15|25,23|
#type=4,3,0,3,3,3,4,3,4,4,
.R.RRRLRL.
#0000000000
#assigned_pet=3,-1,-1,0,-1,-1,0,-1,4,6,
#assigned_hub=2,0,-1,6,1,7,3,5,4,8,
#moving_targetting_pos=-1,-1|6,6|9,2|-1,-1|6,16|26,16|-1,-1|16,26|-1,-1|-1,-1|
#setting_targetting_pos=6,29|-1,-1|9,30|23,5|-1,-1|-1,-1|19,5|-1,-1|19,15|25,23|
#type=4,3,0,4,3,3,4,3,4,4,
.U..RR.RL.
#0000000000
#assigned_pet=3,-1,-1,0,-1,-1,0,-1,4,6,
#assigned_hub=2,0,-1,6,1,7,3,5,4,8,
#moving_targetting_pos=-1,-1|6,6|9,2|-1,-1|6,16|26,16|-1,-1|16,26|-1,-1|-1,-1|
#setting_targetting_pos=6,29|-1,-1|9,30|23,5|-1,-1|-1,-1|19,5|-1,-1|19,15|25,23|
#type=4,3,0,4,3,3,4,3,4,4,
.U..RR.RD.
#1000000000
#assigned_pet=3,-1,-1,0,-1,-1,0,-1,4,6,
#assigned_hub=2,0,-1,6,1,7,3,5,4,8,
#moving_targetting_pos=-1,-1|6,6|9,2|-1,-1|6,16|26,16|-1,-1|16,26|-1,-1|-1,-1|
#setting_targetting_pos=7,28|-1,-1|9,30|23,5|-1,-1|-1,-1|19,5|-1,-1|19,15|25,23|
#type=4,3,0,5,3,3,5,3,4,4,
.U.lRRdRD.
#1000000000
#assigned_pet=3,-1,-1,8,-1,4,-1,-1,4,6,
#assigned_hub=2,0,-1,6,1,7,3,5,4,8,
#moving_targetting_pos=-1,-1|6,6|9,2|-1,-1|6,16|-1,-1|16,6|16,26|-1,-1|-1,-1|
#setting_targetting_pos=6,29|-1,-1|9,30|28,6|-1,-1|23,15|-1,-1|-1,-1|19,15|26,23|
#type=4,3,0,4,3,4,4,3,4,4,
.R.DRR.RDL
#1000000000
#assigned_pet=3,-1,-1,8,-1,-1,-1,-1,4,6,
#assigned_hub=2,0,-1,6,1,7,3,5,4,8,
#moving_targetting_pos=-1,-1|6,6|9,2|-1,-1|6,16|-1,-1|16,6|16,26|-1,-1|-1,-1|
#setting_targetting_pos=6,29|-1,-1|9,30|28,6|-1,-1|-1,-1|-1,-1|-1,-1|18,17|27,24|
#type=4,3,0,4,3,4,4,3,4,4,
.R.DR..RRR
#1000000000
#assigned_pet=3,-1,-1,8,1,-1,-1,-1,4,6,
#assigned_hub=2,0,-1,6,1,7,3,5,4,8,
#moving_targetting_pos=-1,-1|6,6|9,2|-1,-1|-1,-1|-1,-1|16,6|16,26|-1,-1|-1,-1|
#setting_targetting_pos=7,29|-1,-1|9,30|29,7|5,19|-1,-1|-1,-1|-1,-1|17,17|27,26|
#type=4,3,0,4,4,4,4,3,4,4,
RU.RR..RRR
#1000000000
#assigned_pet=3,-1,-1,8,1,-1,-1,-1,4,6,
#assigned_hub=2,0,-1,6,1,7,3,5,4,8,
#moving_targetting_pos=-1,-1|6,6|9,2|-1,-1|-1,-1|-1,-1|16,6|16,26|-1,-1|-1,-1|
#setting_targetting_pos=7,29|-1,-1|9,30|29,7|5,19|-1,-1|-1,-1|-1,-1|17,18|26,25|
#type=4,3,0,4,4,4,4,3,4,4,
.U.DR..RU.
#1000000000
#assigned_pet=3,-1,-1,8,1,-1,-1,-1,4,6,
#assigned_hub=2,0,-1,6,1,7,3,5,4,8,
#moving_targetting_pos=-1,-1|6,6|9,2|-1,-1|-1,-1|-1,-1|16,6|16,26|-1,-1|-1,-1|
#setting_targetting_pos=7,29|-1,-1|9,30|29,7|5,19|-1,-1|-1,-1|-1,-1|16,18|26,25|
#type=4,3,0,4,4,4,4,3,4,4,
.U.DR..RR.
#1000000000
#assigned_pet=1,-1,-1,8,1,-1,-1,-1,4,6,
#assigned_hub=2,0,-1,6,1,7,3,5,4,8,
#moving_targetting_pos=-1,-1|6,6|9,2|-1,-1|-1,-1|-1,-1|-1,-1|16,26|-1,-1|-1,-1|
#setting_targetting_pos=5,23|-1,-1|9,30|27,7|5,19|-1,-1|-1,-1|-1,-1|17,16|25,26|
#type=4,3,0,4,4,4,4,3,4,4,
LU.LR..RL.
#1000000000
#assigned_pet=1,-1,-1,8,1,-1,-1,-1,4,6,
#assigned_hub=2,0,-1,6,1,7,3,5,4,8,
#moving_targetting_pos=-1,-1|6,6|9,2|-1,-1|-1,-1|-1,-1|-1,-1|16,26|-1,-1|-1,-1|
#setting_targetting_pos=5,23|-1,-1|9,30|26,8|5,19|-1,-1|-1,-1|-1,-1|16,16|26,27|
#type=4,3,0,4,4,4,4,3,4,4,
LU.R...RLR
#1000000000
#assigned_pet=1,-1,-1,8,1,8,-1,-1,5,6,
#assigned_hub=2,0,-1,6,1,7,3,5,4,8,
#moving_targetting_pos=-1,-1|6,6|9,2|-1,-1|-1,-1|-1,-1|-1,-1|16,26|-1,-1|-1,-1|
#setting_targetting_pos=5,23|-1,-1|9,30|25,9|5,19|25,13|-1,-1|-1,-1|16,17|25,28|
#type=4,3,0,4,4,4,4,3,4,4,
LU.R.L.RRR
#1000000000
#assigned_pet=1,-1,-1,8,1,8,4,-1,4,6,
#assigned_hub=2,0,-1,6,1,7,3,5,4,8,
#moving_targetting_pos=-1,-1|6,6|9,2|-1,-1|-1,-1|-1,-1|-1,-1|16,26|-1,-1|-1,-1|
#setting_targetting_pos=5,23|-1,-1|9,30|25,9|5,19|25,13|15,9|-1,-1|15,13|25,26|
#type=4,3,0,4,4,4,4,3,4,4,
LU.R..RRL.
#1000000000
#assigned_pet=3,-1,-1,8,1,8,4,-1,4,6,
#assigned_hub=2,0,-1,6,1,7,3,5,4,8,
#moving_targetting_pos=-1,-1|6,6|9,2|-1,-1|-1,-1|-1,-1|-1,-1|16,26|-1,-1|-1,-1|
#setting_targetting_pos=9,25|-1,-1|9,30|25,9|5,18|25,13|15,9|-1,-1|15,13|25,26|
#type=4,3,0,4,4,4,4,3,4,4,
DU.UL.RRL.
#1000000010
#assigned_pet=3,-1,-1,8,1,8,4,-1,4,6,
#assigned_hub=2,0,-1,6,1,7,3,5,4,8,
#moving_targetting_pos=-1,-1|6,6|9,2|-1,-1|-1,-1|-1,-1|-1,-1|16,26|-1,-1|-1,-1|
#setting_targetting_pos=9,25|-1,-1|9,30|25,9|5,17|25,13|15,9|-1,-1|15,13|25,24|
#type=4,3,0,5,4,5,4,3,4,4,
DU.uLlURLL
#1000000010
#assigned_pet=3,-1,-1,-1,1,-1,4,-1,4,6,
#assigned_hub=2,0,-1,6,1,7,3,5,4,8,
#moving_targetting_pos=-1,-1|6,6|9,2|26,6|-1,-1|-1,-1|-1,-1|16,26|-1,-1|-1,-1|
#setting_targetting_pos=9,25|-1,-1|9,30|-1,-1|5,16|-1,-1|15,9|-1,-1|15,13|25,26|
#type=4,3,0,4,4,4,4,3,4,4,
.U..D.RRLD
#1000000010
#assigned_pet=3,-1,-1,-1,1,-1,4,-1,4,6,
#assigned_hub=2,0,-1,6,1,7,3,5,4,8,
#moving_targetting_pos=-1,-1|6,6|9,2|26,6|-1,-1|26,16|-1,-1|16,26|-1,-1|-1,-1|
#setting_targetting_pos=9,25|-1,-1|9,30|-1,-1|5,15|-1,-1|15,9|-1,-1|15,13|26,27|
#type=4,3,0,4,4,4,4,3,4,4,
.U..L.RRU.
#1000000010
#assigned_pet=3,-1,-1,-1,2,-1,4,3,2,6,
#assigned_hub=2,0,-1,6,1,7,3,5,4,8,
#moving_targetting_pos=-1,-1|6,6|9,2|26,6|-1,-1|26,16|-1,-1|-1,-1|-1,-1|-1,-1|
#setting_targetting_pos=9,25|-1,-1|9,30|-1,-1|9,15|-1,-1|15,8|13,25|13,15|25,28|
#type=4,3,0,4,4,4,4,4,4,4,
.U..D.LRRR
#1000000010
#assigned_pet=-1,-1,-1,-1,2,-1,5,3,2,6,
#assigned_hub=2,0,-1,6,1,7,3,5,4,8,
#moving_targetting_pos=-1,-1|6,6|9,2|-1,-1|-1,-1|26,16|-1,-1|-1,-1|-1,-1|-1,-1|
#setting_targetting_pos=-1,-1|-1,-1|9,30|-1,-1|9,15|-1,-1|16,7|13,26|13,15|24,27|
#type=4,3,0,4,4,4,4,4,4,4,
.U..D.LRRU
#1000000010
#assigned_pet=-1,-1,-1,-1,2,-1,4,9,2,6,
#assigned_hub=2,0,-1,6,1,7,3,5,4,8,
#moving_targetting_pos=-1,-1|6,6|9,2|26,6|-1,-1|26,16|-1,-1|-1,-1|-1,-1|-1,-1|
#setting_targetting_pos=-1,-1|-1,-1|9,30|-1,-1|9,17|-1,-1|15,8|17,29|13,17|23,26|
#type=4,3,0,4,4,4,4,4,4,4,
.U..R.RRRL
#1000000010
#assigned_pet=-1,-1,-1,-1,2,-1,4,6,2,6,
#assigned_hub=2,0,-1,6,1,7,3,5,4,8,
#moving_targetting_pos=-1,-1|6,6|9,2|26,6|-1,-1|26,16|-1,-1|-1,-1|-1,-1|-1,-1|
#setting_targetting_pos=-1,-1|-1,-1|9,30|-1,-1|9,17|-1,-1|15,7|19,27|13,17|23,27|
#type=4,3,0,4,4,4,4,4,4,4,
.U..R.LDRR
#1000000010
#assigned_pet=-1,-1,-1,-1,2,-1,4,6,2,6,
#assigned_hub=2,0,-1,6,1,7,3,5,4,8,
#moving_targetting_pos=-1,-1|6,6|9,2|-1,-1|-1,-1|26,16|-1,-1|-1,-1|-1,-1|-1,-1|
#setting_targetting_pos=-1,-1|-1,-1|9,30|-1,-1|9,17|-1,-1|16,7|19,27|13,17|23,27|
#type=4,3,0,4,4,4,4,4,4,4,
.L.....DUU
#1000000010
#assigned_pet=-1,-1,-1,-1,1,-1,4,6,4,6,
#assigned_hub=2,0,-1,6,1,7,3,5,4,8,
#moving_targetting_pos=-1,-1|-1,-1|9,2|26,6|-1,-1|-1,-1|-1,-1|-1,-1|-1,-1|-1,-1|
#setting_targetting_pos=-1,-1|-1,-1|9,30|-1,-1|5,17|-1,-1|17,9|19,27|17,13|23,27|
#type=4,4,0,4,4,4,4,4,4,4,
....U.RDL.
#1000001010
#assigned_pet=-1,-1,-1,-1,1,-1,5,6,2,6,
#assigned_hub=2,0,-1,6,1,7,3,5,4,8,
#moving_targetting_pos=-1,-1|-1,-1|9,2|26,6|-1,-1|-1,-1|-1,-1|-1,-1|-1,-1|-1,-1|
#setting_targetting_pos=-1,-1|-1,-1|9,30|-1,-1|5,16|-1,-1|15,3|19,27|15,17|23,27|
#type=4,4,0,4,4,4,4,5,4,5,
....L.Ld.u
#1000001010
#assigned_pet=-1,-1,-1,-1,1,-1,5,9,2,-1,
#assigned_hub=2,0,-1,6,1,7,3,5,4,8,
#moving_targetting_pos=-1,-1|-1,-1|9,2|26,6|-1,-1|-1,-1|-1,-1|-1,-1|-1,-1|-1,-1|
#setting_targetting_pos=-1,-1|-1,-1|9,30|-1,-1|5,17|-1,-1|15,3|16,29|15,17|-1,-1|
#type=4,4,0,4,4,4,4,4,4,4,
....R.LU..
#1000001010
#assigned_pet=-1,-1,-1,-1,1,-1,5,9,2,-1,
#assigned_hub=2,0,-1,6,1,7,3,5,4,8,
#moving_targetting_pos=-1,-1|-1,-1|9,2|26,6|-1,-1|-1,-1|-1,-1|-1,-1|-1,-1|-1,-1|
#setting_targetting_pos=-1,-1|-1,-1|9,30|-1,-1|6,17|-1,-1|15,3|15,29|15,17|-1,-1|
#type=4,4,0,4,4,4,4,4,4,4,
......LR..
#1000001010
#assigned_pet=-1,-1,-1,-1,7,-1,5,9,7,-1,
#assigned_hub=2,0,-1,6,1,7,3,5,4,8,
#moving_targetting_pos=-1,-1|-1,-1|9,2|26,6|-1,-1|26,16|-1,-1|-1,-1|-1,-1|-1,-1|
#setting_targetting_pos=-1,-1|-1,-1|9,30|-1,-1|9,15|-1,-1|15,3|15,29|13,15|-1,-1|
#type=4,4,0,4,4,4,4,4,4,4,
....L.LRL.
#1000001010
#assigned_pet=-1,-1,-1,-1,7,-1,5,9,7,-1,
#assigned_hub=2,0,-1,6,1,7,3,5,4,8,
#moving_targetting_pos=-1,-1|-1,-1|9,2|26,6|-1,-1|-1,-1|-1,-1|-1,-1|-1,-1|26,26|
#setting_targetting_pos=-1,-1|-1,-1|9,30|-1,-1|9,15|-1,-1|15,3|15,29|13,15|-1,-1|
#type=4,4,0,4,4,4,4,4,4,4,
....L.LUU.
#1000001010
#assigned_pet=-1,-1,-1,-1,7,-1,5,9,7,-1,
#assigned_hub=2,0,-1,6,1,7,3,5,4,8,
#moving_targetting_pos=-1,-1|-1,-1|9,2|26,6|-1,-1|26,16|-1,-1|-1,-1|-1,-1|26,26|
#setting_targetting_pos=-1,-1|-1,-1|9,30|-1,-1|9,15|-1,-1|15,3|16,29|13,15|-1,-1|
#type=4,4,0,4,4,4,4,4,4,4,
....D.UL..
#1000011010
#assigned_pet=-1,-1,-1,-1,7,-1,5,9,7,-1,
#assigned_hub=2,0,-1,6,1,7,3,5,4,8,
#moving_targetting_pos=-1,-1|-1,-1|9,2|26,6|-1,-1|26,16|-1,-1|-1,-1|-1,-1|26,26|
#setting_targetting_pos=-1,-1|-1,-1|9,30|-1,-1|9,15|-1,-1|15,3|16,28|13,15|-1,-1|
#type=4,4,0,4,4,4,5,4,4,4,
......uL..
#1000011010
#assigned_pet=-1,-1,-1,-1,7,-1,4,9,7,-1,
#assigned_hub=2,0,-1,6,1,7,3,5,4,8,
#moving_targetting_pos=-1,-1|6,6|9,2|26,6|-1,-1|-1,-1|-1,-1|-1,-1|-1,-1|26,26|
#setting_targetting_pos=-1,-1|-1,-1|9,30|-1,-1|9,15|-1,-1|17,9|15,28|13,15|-1,-1|
#type=4,4,0,4,4,4,4,4,4,4,
......RR..
#1000011010
#assigned_pet=-1,-1,-1,-1,1,-1,4,2,2,-1,
#assigned_hub=2,0,-1,6,1,7,3,5,4,8,
#moving_targetting_pos=-1,-1|6,6|9,2|26,6|-1,-1|-1,-1|-1,-1|-1,-1|-1,-1|26,26|
#setting_targetting_pos=-1,-1|-1,-1|9,30|-1,-1|7,18|-1,-1|17,9|15,23|15,19|-1,-1|
#type=4,4,0,4,4,4,4,4,4,4,
....R.RLR.
#1000011010
#assigned_pet=1,-1,-1,-1,1,-1,4,9,4,-1,
#assigned_hub=2,0,-1,6,1,7,3,5,4,8,
#moving_targetting_pos=-1,-1|6,6|9,2|26,6|-1,-1|-1,-1|-1,-1|-1,-1|-1,-1|-1,-1|
#setting_targetting_pos=7,23|-1,-1|9,30|-1,-1|7,19|-1,-1|17,9|17,28|17,13|-1,-1|
#type=4,4,0,4,4,4,4,4,4,4,
U...R.RRL.
#1000011010
#assigned_pet=1,-1,-1,-1,1,-1,4,2,4,-1,
#assigned_hub=2,0,-1,6,1,7,3,5,4,8,
#moving_targetting_pos=-1,-1|6,6|9,2|26,6|-1,-1|-1,-1|-1,-1|-1,-1|-1,-1|-1,-1|
#setting_targetting_pos=7,23|-1,-1|9,30|-1,-1|7,19|-1,-1|17,9|16,26|17,13|-1,-1|
#type=4,4,0,4,4,4,4,4,4,4,
L...U.RLD.
#1000011010
#assigned_pet=1,-1,-1,-1,1,-1,4,9,4,-1,
#assigned_hub=2,0,-1,6,1,7,3,5,4,8,
#moving_targetting_pos=-1,-1|6,6|9,2|26,6|-1,-1|-1,-1|-1,-1|-1,-1|-1,-1|-1,-1|
#setting_targetting_pos=7,23|-1,-1|9,30|-1,-1|7,19|-1,-1|17,9|17,26|17,13|-1,-1|
#type=4,4,0,4,4,4,4,4,4,4,
....R.RLL.
#1000011010
#assigned_pet=-1,-1,-1,-1,1,-1,4,2,4,-1,
#assigned_hub=2,0,-1,6,1,7,3,5,4,8,
#moving_targetting_pos=-1,-1|6,6|9,2|26,6|-1,-1|-1,-1|-1,-1|-1,-1|-1,-1|-1,-1|
#setting_targetting_pos=-1,-1|-1,-1|9,30|-1,-1|6,19|-1,-1|17,9|18,26|17,13|-1,-1|
#type=4,4,0,4,4,4,4,4,4,4,
....R.RDL.
#1000011010
#assigned_pet=1,-1,-1,-1,1,-1,4,2,4,2,
#assigned_hub=2,0,-1,6,1,7,3,5,4,8,
#moving_targetting_pos=-1,-1|6,6|9,2|26,6|-1,-1|-1,-1|-1,-1|-1,-1|-1,-1|-1,-1|
#setting_targetting_pos=5,23|-1,-1|9,30|-1,-1|5,19|-1,-1|17,9|19,25|17,13|23,25|
#type=4,4,0,4,4,4,4,4,4,4,
L...U..LDL
#1000111010
#assigned_pet=-1,-1,-1,-1,1,-1,4,2,4,2,
#assigned_hub=2,0,-1,6,1,7,3,5,4,8,
#moving_targetting_pos=-1,-1|6,6|9,2|26,6|-1,-1|-1,-1|-1,-1|-1,-1|-1,-1|-1,-1|
#setting_targetting_pos=-1,-1|-1,-1|9,30|-1,-1|6,19|-1,-1|17,9|19,25|17,13|23,25|
#type=4,4,0,4,4,4,5,4,5,4,
....L.dDdL
#1010111010
#assigned_pet=-1,-1,-1,-1,7,-1,-1,2,7,2,
#assigned_hub=2,0,-1,6,1,7,3,5,4,8,
#moving_targetting_pos=-1,-1|6,6|9,2|26,6|-1,-1|-1,-1|-1,-1|-1,-1|-1,-1|-1,-1|
#setting_targetting_pos=-1,-1|-1,-1|9,30|-1,-1|9,15|-1,-1|-1,-1|19,25|13,15|23,25|
#type=4,4,0,4,4,4,4,5,4,5,
....L..dRu
#1010111010
#assigned_pet=-1,-1,-1,-1,7,-1,-1,9,7,-1,
#assigned_hub=2,0,-1,6,1,7,3,5,4,8,
#moving_targetting_pos=-1,-1|6,6|9,2|26,6|-1,-1|-1,-1|-1,-1|-1,-1|-1,-1|26,26|
#setting_targetting_pos=-1,-1|-1,-1|9,30|-1,-1|9,15|-1,-1|-1,-1|17,23|13,15|-1,-1|
#type=4,4,0,4,4,4,4,4,4,4,
....L..UR.
#1010111010
#assigned_pet=-1,-1,-1,-1,7,-1,-1,9,7,-1,
#assigned_hub=2,0,-1,6,1,7,3,5,4,8,
#moving_targetting_pos=-1,-1|6,6|9,2|26,6|-1,-1|-1,-1|-1,-1|-1,-1|-1,-1|26,26|
#setting_targetting_pos=-1,-1|-1,-1|9,30|-1,-1|9,15|-1,-1|-1,-1|17,23|13,15|-1,-1|
#type=4,4,0,4,4,4,4,4,4,4,
....L..LU.
#1010111010
#assigned_pet=-1,-1,-1,-1,7,-1,-1,9,7,-1,
#assigned_hub=2,0,-1,6,1,7,3,5,4,8,
#moving_targetting_pos=-1,-1|6,6|9,2|26,6|-1,-1|-1,-1|-1,-1|-1,-1|-1,-1|26,26|
#setting_targetting_pos=-1,-1|-1,-1|9,30|-1,-1|9,15|-1,-1|-1,-1|17,23|13,15|-1,-1|
#type=4,4,0,4,4,4,4,4,4,4,
....D...U.
#1010111010
#assigned_pet=1,-1,-1,-1,7,-1,-1,9,7,-1,
#assigned_hub=2,0,-1,6,1,7,3,5,4,8,
#moving_targetting_pos=-1,-1|6,6|9,2|26,6|-1,-1|-1,-1|-1,-1|-1,-1|-1,-1|26,26|
#setting_targetting_pos=5,23|-1,-1|9,30|-1,-1|9,15|-1,-1|-1,-1|17,23|13,15|-1,-1|
#type=4,4,0,4,4,4,4,4,4,4,
U...D.....
#1010111010
#assigned_pet=1,-1,-1,-1,7,-1,-1,9,7,-1,
#assigned_hub=2,0,-1,6,1,7,3,5,4,8,
#moving_targetting_pos=-1,-1|6,6|9,2|26,6|-1,-1|-1,-1|-1,-1|-1,-1|-1,-1|26,26|
#setting_targetting_pos=5,23|-1,-1|9,30|-1,-1|9,15|-1,-1|-1,-1|17,23|13,15|-1,-1|
#type=4,4,0,4,4,4,4,4,4,4,
..........
#1010111010
#assigned_pet=1,-1,-1,-1,1,-1,-1,9,9,-1,
#assigned_hub=2,0,-1,6,1,7,3,5,4,8,
#moving_targetting_pos=-1,-1|6,6|9,2|26,6|-1,-1|-1,-1|-1,-1|-1,-1|-1,-1|26,26|
#setting_targetting_pos=5,23|-1,-1|9,30|-1,-1|5,19|-1,-1|-1,-1|17,23|17,19|-1,-1|
#type=4,4,0,4,4,4,4,4,4,4,
....R...R.
#1010111010
#assigned_pet=1,-1,-1,-1,7,-1,-1,9,7,-1,
#assigned_hub=2,0,-1,6,1,7,3,5,4,8,
#moving_targetting_pos=-1,-1|6,6|9,2|26,6|-1,-1|-1,-1|-1,-1|-1,-1|-1,-1|26,26|
#setting_targetting_pos=5,23|-1,-1|9,30|-1,-1|9,15|-1,-1|-1,-1|17,23|13,15|-1,-1|
#type=4,4,0,4,4,4,4,4,4,4,
....L...L.
#1010111110
#assigned_pet=1,-1,-1,-1,7,-1,3,9,7,-1,
#assigned_hub=2,0,-1,6,1,7,3,5,4,8,
#moving_targetting_pos=-1,-1|-1,-1|9,2|26,6|-1,-1|26,16|-1,-1|-1,-1|-1,-1|26,26|
#setting_targetting_pos=5,23|-1,-1|9,30|-1,-1|9,15|-1,-1|15,9|17,23|13,15|-1,-1|
#type=4,4,0,4,5,4,4,4,5,4,
....d...u.
#1010111110
#assigned_pet=1,-1,-1,-1,1,-1,3,9,3,-1,
#assigned_hub=2,0,-1,6,1,7,3,5,4,8,
#moving_targetting_pos=-1,-1|-1,-1|9,2|26,6|-1,-1|26,16|-1,-1|-1,-1|-1,-1|26,26|
#setting_targetting_pos=5,23|-1,-1|9,30|-1,-1|5,19|-1,-1|15,9|17,23|15,13|-1,-1|
#type=4,4,0,4,4,4,4,4,4,4,
....R...D.
#1010111110
#assigned_pet=1,-1,-1,-1,1,-1,3,9,3,-1,
#assigned_hub=2,0,-1,6,1,7,3,5,4,8,
#moving_targetting_pos=-1,-1|-1,-1|9,2|26,6|-1,-1|26,16|-1,-1|-1,-1|-1,-1|26,26|
#setting_targetting_pos=5,23|-1,-1|9,30|-1,-1|5,19|-1,-1|15,9|17,23|15,13|-1,-1|
#type=4,4,0,4,4,4,4,4,4,4,
....R...L.
#1010111110
#assigned_pet=1,-1,-1,-1,1,-1,3,9,3,-1,
#assigned_hub=2,0,-1,6,1,7,3,5,4,8,
#moving_targetting_pos=-1,-1|-1,-1|9,2|26,6|-1,-1|26,16|-1,-1|-1,-1|-1,-1|26,26|
#setting_targetting_pos=5,23|-1,-1|9,30|-1,-1|5,19|-1,-1|15,9|17,23|15,13|-1,-1|
#type=4,4,0,4,4,4,4,4,4,4,
....U.....
#1010111110
#assigned_pet=1,-1,-1,-1,1,-1,3,9,3,-1,
#assigned_hub=2,0,-1,6,1,7,3,5,4,8,
#moving_targetting_pos=-1,-1|-1,-1|9,2|26,6|-1,-1|26,16|-1,-1|-1,-1|-1,-1|26,26|
#setting_targetting_pos=5,23|-1,-1|9,30|-1,-1|5,19|-1,-1|15,9|17,23|15,13|-1,-1|
#type=4,4,0,4,4,4,4,4,4,4,
....R.....
#1010111110
#assigned_pet=1,-1,-1,-1,1,-1,3,9,9,-1,
#assigned_hub=2,0,-1,6,1,7,3,5,4,8,
#moving_targetting_pos=-1,-1|-1,-1|9,2|26,6|-1,-1|26,16|-1,-1|-1,-1|-1,-1|26,26|
#setting_targetting_pos=5,23|-1,-1|9,30|-1,-1|5,19|-1,-1|16,9|17,23|17,19|-1,-1|
#type=4,4,0,4,4,4,4,4,4,4,
....R.L.R.
#1010111110
#assigned_pet=1,-1,-1,-1,1,-1,3,9,9,-1,
#assigned_hub=2,0,-1,6,1,7,3,5,4,8,
#moving_targetting_pos=-1,-1|-1,-1|9,2|26,6|-1,-1|26,16|-1,-1|-1,-1|-1,-1|26,26|
#setting_targetting_pos=5,23|-1,-1|9,30|-1,-1|5,19|-1,-1|16,9|17,23|17,19|-1,-1|
#type=4,4,0,4,4,4,4,4,4,4,
....U...R.
#1010111110
#assigned_pet=1,-1,-1,-1,1,-1,3,9,3,-1,
#assigned_hub=2,0,-1,6,1,7,3,5,4,8,
#moving_targetting_pos=-1,-1|-1,-1|9,2|26,6|-1,-1|26,16|-1,-1|-1,-1|-1,-1|26,26|
#setting_targetting_pos=5,23|-1,-1|9,30|-1,-1|5,19|-1,-1|15,9|17,23|15,13|-1,-1|
#type=4,4,0,4,4,4,4,4,4,4,
......R.L.
#1110111110
#assigned_pet=1,-1,-1,-1,1,-1,3,9,3,-1,
#assigned_hub=2,0,-1,6,1,7,3,5,4,8,
#moving_targetting_pos=-1,-1|-1,-1|9,2|26,6|-1,-1|26,16|-1,-1|-1,-1|-1,-1|26,26|
#setting_targetting_pos=5,23|-1,-1|9,30|-1,-1|5,19|-1,-1|15,9|17,23|15,13|-1,-1|
#type=5,4,0,4,5,4,4,4,4,4,
u...u...L.
#1110111110
#assigned_pet=-1,-1,-1,-1,-1,-1,3,9,3,-1,
#assigned_hub=2,0,-1,6,1,7,3,5,4,8,
#moving_targetting_pos=6,26|-1,-1|9,2|26,6|6,16|26,16|-1,-1|-1,-1|-1,-1|26,26|
#setting_targetting_pos=-1,-1|-1,-1|9,30|-1,-1|-1,-1|-1,-1|15,9|17,23|15,13|-1,-1|
#type=4,4,0,4,4,4,4,4,4,4,
..........
#1110111110
#assigned_pet=-1,-1,-1,-1,-1,-1,3,9,3,-1,
#assigned_hub=2,0,-1,6,1,7,3,5,4,8,
#moving_targetting_pos=6,26|-1,-1|9,2|26,6|6,16|26,16|-1,-1|-1,-1|-1,-1|26,26|
#setting_targetting_pos=-1,-1|-1,-1|9,30|-1,-1|-1,-1|-1,-1|15,9|17,23|15,13|-1,-1|
#type=4,4,0,4,4,4,4,4,4,4,
..........
#1110111110
#assigned_pet=-1,-1,-1,-1,-1,-1,3,9,3,-1,
#assigned_hub=2,0,-1,6,1,7,3,5,4,8,
#moving_targetting_pos=6,26|6,6|9,2|26,6|6,16|26,16|-1,-1|-1,-1|-1,-1|26,26|
#setting_targetting_pos=-1,-1|-1,-1|9,30|-1,-1|-1,-1|-1,-1|15,9|17,23|15,13|-1,-1|
#type=4,4,0,4,4,4,4,4,4,4,
..........
#1110111110
#assigned_pet=-1,-1,-1,-1,-1,-1,-1,9,9,-1,
#assigned_hub=2,0,-1,6,1,7,3,5,4,8,
#moving_targetting_pos=6,26|6,6|9,2|26,6|6,16|-1,-1|-1,-1|-1,-1|-1,-1|26,26|
#setting_targetting_pos=-1,-1|-1,-1|9,30|-1,-1|-1,-1|-1,-1|-1,-1|17,23|17,19|-1,-1|
#type=4,4,0,4,4,4,4,4,4,4,
........R.
#1110111110
#assigned_pet=-1,-1,-1,-1,-1,-1,-1,9,9,-1,
#assigned_hub=2,0,-1,6,1,7,3,5,4,8,
#moving_targetting_pos=6,26|6,6|9,2|26,6|-1,-1|-1,-1|-1,-1|-1,-1|-1,-1|26,26|
#setting_targetting_pos=-1,-1|-1,-1|9,30|-1,-1|-1,-1|-1,-1|-1,-1|17,23|17,19|-1,-1|
#type=4,4,0,4,4,4,4,4,4,4,
........R.
#1110111110
#assigned_pet=-1,-1,-1,-1,-1,-1,-1,9,9,-1,
#assigned_hub=2,0,-1,6,1,7,3,5,4,8,
#moving_targetting_pos=6,26|6,6|9,2|26,6|-1,-1|26,16|-1,-1|-1,-1|-1,-1|26,26|
#setting_targetting_pos=-1,-1|-1,-1|9,30|-1,-1|-1,-1|-1,-1|-1,-1|17,23|17,19|-1,-1|
#type=4,4,0,4,4,4,4,4,4,4,
........R.
#1110111110
#assigned_pet=-1,-1,-1,-1,-1,-1,-1,9,9,-1,
#assigned_hub=2,0,-1,6,1,7,3,5,4,8,
#moving_targetting_pos=6,26|6,6|9,2|26,6|-1,-1|26,16|-1,-1|-1,-1|-1,-1|26,26|
#setting_targetting_pos=-1,-1|-1,-1|9,30|-1,-1|-1,-1|-1,-1|-1,-1|17,23|17,19|-1,-1|
#type=4,4,0,4,4,4,4,4,4,4,
........R.
#1110111110
#assigned_pet=-1,-1,-1,-1,-1,-1,-1,-1,3,-1,
#assigned_hub=2,0,-1,6,1,7,3,5,4,8,
#moving_targetting_pos=6,26|6,6|9,2|26,6|-1,-1|26,16|-1,-1|-1,-1|-1,-1|26,26|
#setting_targetting_pos=-1,-1|-1,-1|9,30|-1,-1|-1,-1|-1,-1|-1,-1|-1,-1|14,17|-1,-1|
#type=4,4,0,4,4,4,4,4,4,4,
........L.
#1110111110
#assigned_pet=-1,-1,-1,-1,3,-1,-1,-1,3,-1,
#assigned_hub=2,0,-1,6,1,7,3,5,4,8,
#moving_targetting_pos=6,26|6,6|9,2|26,6|-1,-1|26,16|-1,-1|-1,-1|-1,-1|26,26|
#setting_targetting_pos=-1,-1|-1,-1|9,30|-1,-1|9,17|-1,-1|-1,-1|-1,-1|13,17|-1,-1|
#type=4,4,0,4,4,4,4,4,4,4,
....L...U.
#1110111110
#assigned_pet=-1,-1,-1,-1,3,-1,-1,-1,3,-1,
#assigned_hub=2,0,-1,6,1,7,3,5,4,8,
#moving_targetting_pos=-1,-1|6,6|9,2|26,6|-1,-1|-1,-1|-1,-1|-1,-1|-1,-1|26,26|
#setting_targetting_pos=-1,-1|-1,-1|9,30|-1,-1|9,17|-1,-1|-1,-1|-1,-1|13,17|-1,-1|
#type=4,4,0,4,4,4,4,4,4,4,
....L.....
#1110111110
#assigned_pet=-1,-1,-1,-1,3,-1,-1,-1,3,-1,
#assigned_hub=2,0,-1,6,1,7,3,5,4,8,
#moving_targetting_pos=-1,-1|6,6|9,2|26,6|-1,-1|-1,-1|-1,-1|-1,-1|-1,-1|26,26|
#setting_targetting_pos=-1,-1|-1,-1|9,30|-1,-1|9,17|-1,-1|-1,-1|-1,-1|13,17|-1,-1|
#type=4,4,0,4,4,4,4,4,4,4,
....D.....
#1110111110
#assigned_pet=-1,-1,-1,-1,3,-1,-1,-1,9,-1,
#assigned_hub=2,0,-1,6,1,7,3,5,4,8,
#moving_targetting_pos=-1,-1|6,6|9,2|26,6|-1,-1|-1,-1|-1,-1|-1,-1|-1,-1|26,26|
#setting_targetting_pos=-1,-1|-1,-1|9,30|-1,-1|8,17|-1,-1|-1,-1|-1,-1|16,17|-1,-1|
#type=4,4,0,4,4,4,4,4,4,4,
........D.
#1110111110
#assigned_pet=-1,-1,-1,-1,3,-1,-1,-1,9,-1,
#assigned_hub=2,0,-1,6,1,7,3,5,4,8,
#moving_targetting_pos=-1,-1|6,6|9,2|26,6|-1,-1|-1,-1|-1,-1|-1,-1|-1,-1|26,26|
#setting_targetting_pos=-1,-1|-1,-1|9,30|-1,-1|6,17|-1,-1|-1,-1|-1,-1|16,16|-1,-1|
#type=4,4,0,4,4,4,4,4,4,4,
........L.
#1110111110
#assigned_pet=-1,-1,-1,-1,3,-1,-1,-1,9,-1,
#assigned_hub=2,0,-1,6,1,7,3,5,4,8,
#moving_targetting_pos=-1,-1|6,6|9,2|26,6|-1,-1|-1,-1|-1,-1|-1,-1|-1,-1|26,26|
#setting_targetting_pos=-1,-1|-1,-1|9,30|-1,-1|7,18|-1,-1|-1,-1|-1,-1|16,15|-1,-1|
#type=4,4,0,4,4,4,4,4,4,4,
........L.
#1110111110
#assigned_pet=-1,-1,-1,-1,3,-1,-1,-1,9,-1,
#assigned_hub=2,0,-1,6,1,7,3,5,4,8,
#moving_targetting_pos=-1,-1|6,6|9,2|26,6|-1,-1|-1,-1|-1,-1|-1,-1|-1,-1|26,26|
#setting_targetting_pos=-1,-1|-1,-1|9,30|-1,-1|6,19|-1,-1|-1,-1|-1,-1|17,15|-1,-1|
#type=4,4,0,4,4,4,4,4,4,4,
....R...D.
#1110111110
#assigned_pet=3,-1,-1,-1,3,-1,-1,-1,9,-1,
#assigned_hub=2,0,-1,6,1,7,3,5,4,8,
#moving_targetting_pos=-1,-1|6,6|9,2|26,6|-1,-1|-1,-1|-1,-1|-1,-1|-1,-1|26,26|
#setting_targetting_pos=7,23|-1,-1|9,30|-1,-1|7,19|-1,-1|-1,-1|-1,-1|18,15|-1,-1|
#type=4,4,0,4,4,4,4,4,4,4,
........D.
#1111111110
#assigned_pet=3,-1,-1,-1,3,9,-1,-1,9,-1,
#assigned_hub=2,0,-1,6,1,7,3,5,4,8,
#moving_targetting_pos=-1,-1|6,6|9,2|26,6|-1,-1|-1,-1|-1,-1|-1,-1|-1,-1|26,26|
#setting_targetting_pos=7,23|-1,-1|9,30|-1,-1|7,19|23,15|-1,-1|-1,-1|19,15|-1,-1|
#type=5,4,0,4,5,4,4,4,4,4,
d...rR..D.
#1111111110
#assigned_pet=-1,-1,-1,-1,-1,9,-1,-1,9,-1,
#assigned_hub=2,0,-1,6,1,7,3,5,4,8,
#moving_targetting_pos=6,26|6,6|9,2|26,6|6,16|-1,-1|-1,-1|-1,-1|-1,-1|26,26|
#setting_targetting_pos=-1,-1|-1,-1|9,30|-1,-1|-1,-1|23,15|-1,-1|-1,-1|19,15|-1,-1|
#type=4,4,0,4,4,4,4,4,4,4,
.....U....
#1111111111
#assigned_pet=-1,-1,-1,-1,-1,9,-1,-1,9,-1,
#assigned_hub=2,0,-1,6,1,7,3,5,4,8,
#moving_targetting_pos=6,26|6,6|9,2|26,6|6,16|-1,-1|16,6|16,26|-1,-1|26,26|
#setting_targetting_pos=-1,-1|-1,-1|9,30|-1,-1|-1,-1|23,15|-1,-1|-1,-1|19,15|-1,-1|
#type=4,4,0,4,4,5,4,4,5,4,
.....u..d.
#1111111111
#assigned_pet=-1,-1,-1,-1,-1,-1,-1,-1,-1,-1,
#assigned_hub=2,0,-1,6,1,7,3,5,4,8,
#moving_targetting_pos=6,26|6,6|9,2|26,6|6,16|26,16|16,6|16,26|16,16|26,26|
#setting_targetting_pos=-1,-1|-1,-1|9,30|-1,-1|-1,-1|-1,-1|-1,-1|-1,-1|-1,-1|-1,-1|
#type=4,4,0,4,4,4,4,4,4,4,
..........
#1111111111
#assigned_pet=-1,-1,-1,-1,-1,-1,-1,-1,-1,-1,
#assigned_hub=2,0,-1,6,1,7,3,5,4,8,
#moving_targetting_pos=6,26|6,6|9,2|26,6|6,16|26,16|16,6|16,26|16,16|26,26|
#setting_targetting_pos=-1,-1|-1,-1|9,30|-1,-1|-1,-1|-1,-1|-1,-1|-1,-1|-1,-1|-1,-1|
#type=4,4,0,4,4,4,4,4,4,4,
..........
#1111111111
#assigned_pet=-1,-1,-1,-1,-1,-1,-1,-1,-1,-1,
#assigned_hub=2,0,-1,6,1,7,3,5,4,8,
#moving_targetting_pos=6,26|6,6|9,2|26,6|6,16|26,16|16,6|16,26|16,16|26,26|
#setting_targetting_pos=-1,-1|-1,-1|9,30|-1,-1|-1,-1|-1,-1|-1,-1|-1,-1|-1,-1|-1,-1|
#type=4,4,0,4,4,4,4,4,4,4,
..........
#1111111111
#assigned_pet=-1,-1,-1,-1,-1,-1,-1,-1,-1,-1,
#assigned_hub=2,0,-1,6,1,7,3,5,4,8,
#moving_targetting_pos=6,26|6,6|9,2|26,6|6,16|26,16|16,6|16,26|16,16|26,26|
#setting_targetting_pos=-1,-1|-1,-1|9,30|-1,-1|-1,-1|-1,-1|-1,-1|-1,-1|-1,-1|-1,-1|
#type=4,4,0,4,4,4,4,4,4,4,
..........
#1111111111
#assigned_pet=-1,-1,-1,-1,-1,-1,-1,-1,-1,-1,
#assigned_hub=2,0,-1,6,1,7,3,5,4,8,
#moving_targetting_pos=6,26|6,6|9,2|26,6|6,16|26,16|16,6|16,26|16,16|26,26|
#setting_targetting_pos=-1,-1|-1,-1|9,30|-1,-1|-1,-1|-1,-1|-1,-1|-1,-1|-1,-1|-1,-1|
#type=4,4,0,4,4,4,4,4,4,4,
..........
#1111111111
#assigned_pet=-1,-1,-1,-1,-1,-1,-1,-1,-1,-1,
#assigned_hub=2,0,-1,6,1,7,3,5,4,8,
#moving_targetting_pos=6,26|6,6|9,2|26,6|6,16|26,16|16,6|16,26|16,16|26,26|
#setting_targetting_pos=-1,-1|-1,-1|9,30|-1,-1|-1,-1|-1,-1|-1,-1|-1,-1|-1,-1|-1,-1|
#type=4,4,0,4,4,4,4,4,4,4,
..........
#1111111111
#assigned_pet=-1,-1,-1,-1,-1,-1,-1,-1,-1,-1,
#assigned_hub=2,0,-1,6,1,7,3,5,4,8,
#moving_targetting_pos=6,26|6,6|9,2|26,6|6,16|26,16|16,6|16,26|16,16|26,26|
#setting_targetting_pos=-1,-1|-1,-1|9,30|-1,-1|-1,-1|-1,-1|-1,-1|-1,-1|-1,-1|-1,-1|
#type=4,4,0,4,4,4,4,4,4,4,
..........
#1111111111
#assigned_pet=-1,-1,-1,-1,-1,-1,-1,-1,-1,-1,
#assigned_hub=2,0,-1,6,1,7,3,5,4,8,
#moving_targetting_pos=6,26|6,6|9,2|26,6|6,16|26,16|16,6|16,26|16,16|26,26|
#setting_targetting_pos=-1,-1|-1,-1|9,30|-1,-1|-1,-1|-1,-1|-1,-1|-1,-1|-1,-1|-1,-1|
#type=4,4,0,4,4,4,4,4,4,4,
..........
#1111111111
#assigned_pet=-1,-1,-1,-1,-1,-1,-1,-1,-1,-1,
#assigned_hub=2,0,-1,6,1,7,3,5,4,8,
#moving_targetting_pos=6,26|6,6|9,2|26,6|6,16|26,16|16,6|16,26|16,16|26,26|
#setting_targetting_pos=-1,-1|-1,-1|9,30|-1,-1|-1,-1|-1,-1|-1,-1|-1,-1|-1,-1|-1,-1|
#type=4,4,0,4,4,4,4,4,4,4,
..........
#1111111111
#assigned_pet=-1,-1,-1,-1,-1,-1,-1,-1,-1,-1,
#assigned_hub=2,0,-1,6,1,7,3,5,4,8,
#moving_targetting_pos=6,26|6,6|9,2|26,6|6,16|26,16|16,6|16,26|16,16|26,26|
#setting_targetting_pos=-1,-1|-1,-1|9,30|-1,-1|-1,-1|-1,-1|-1,-1|-1,-1|-1,-1|-1,-1|
#type=4,4,0,4,4,4,4,4,4,4,
..........
#1111111111
#assigned_pet=-1,-1,-1,-1,-1,-1,-1,-1,-1,-1,
#assigned_hub=2,0,-1,6,1,7,3,5,4,8,
#moving_targetting_pos=6,26|6,6|9,2|26,6|6,16|26,16|16,6|16,26|16,16|26,26|
#setting_targetting_pos=-1,-1|-1,-1|9,30|-1,-1|-1,-1|-1,-1|-1,-1|-1,-1|-1,-1|-1,-1|
#type=4,4,0,4,4,4,4,4,4,4,
..........
#1111111111
#assigned_pet=-1,-1,-1,-1,-1,-1,-1,-1,-1,-1,
#assigned_hub=2,0,-1,6,1,7,3,5,4,8,
#moving_targetting_pos=6,26|6,6|9,2|26,6|6,16|26,16|16,6|16,26|16,16|26,26|
#setting_targetting_pos=-1,-1|-1,-1|9,30|-1,-1|-1,-1|-1,-1|-1,-1|-1,-1|-1,-1|-1,-1|
#type=4,4,0,4,4,4,4,4,4,4,
..........
#1111111111
#assigned_pet=-1,-1,-1,-1,-1,-1,-1,-1,-1,-1,
#assigned_hub=2,0,-1,6,1,7,3,5,4,8,
#moving_targetting_pos=6,26|6,6|9,2|26,6|6,16|26,16|16,6|16,26|16,16|26,26|
#setting_targetting_pos=-1,-1|-1,-1|9,30|-1,-1|-1,-1|-1,-1|-1,-1|-1,-1|-1,-1|-1,-1|
#type=4,4,0,4,4,4,4,4,4,4,
..........
#1111111111
#assigned_pet=-1,-1,-1,-1,-1,-1,-1,-1,-1,-1,
#assigned_hub=2,0,-1,6,1,7,3,5,4,8,
#moving_targetting_pos=6,26|6,6|9,2|26,6|6,16|26,16|16,6|16,26|16,16|26,26|
#setting_targetting_pos=-1,-1|-1,-1|9,30|-1,-1|-1,-1|-1,-1|-1,-1|-1,-1|-1,-1|-1,-1|
#type=4,4,0,4,4,4,4,4,4,4,
..........
#1111111111
#assigned_pet=-1,-1,-1,-1,-1,-1,-1,-1,-1,-1,
#assigned_hub=2,0,-1,6,1,7,3,5,4,8,
#moving_targetting_pos=6,26|6,6|9,2|26,6|6,16|26,16|16,6|16,26|16,16|26,26|
#setting_targetting_pos=-1,-1|-1,-1|9,30|-1,-1|-1,-1|-1,-1|-1,-1|-1,-1|-1,-1|-1,-1|
#type=4,4,0,4,4,4,4,4,4,4,
..........
#1111111111
#assigned_pet=-1,-1,-1,-1,-1,-1,-1,-1,-1,-1,
#assigned_hub=2,0,-1,6,1,7,3,5,4,8,
#moving_targetting_pos=6,26|6,6|9,2|26,6|6,16|26,16|16,6|16,26|16,16|26,26|
#setting_targetting_pos=-1,-1|-1,-1|9,30|-1,-1|-1,-1|-1,-1|-1,-1|-1,-1|-1,-1|-1,-1|
#type=4,4,0,4,4,4,4,4,4,4,
..........
#1111111111
#assigned_pet=-1,-1,-1,-1,-1,-1,-1,-1,-1,-1,
#assigned_hub=2,0,-1,6,1,7,3,5,4,8,
#moving_targetting_pos=6,26|6,6|9,2|26,6|6,16|26,16|16,6|16,26|16,16|26,26|
#setting_targetting_pos=-1,-1|-1,-1|9,30|-1,-1|-1,-1|-1,-1|-1,-1|-1,-1|-1,-1|-1,-1|
#type=4,4,0,4,4,4,4,4,4,4,
..........
#1111111111
#assigned_pet=-1,-1,-1,-1,-1,-1,-1,-1,-1,-1,
#assigned_hub=2,0,-1,6,1,7,3,5,4,8,
#moving_targetting_pos=6,26|6,6|9,2|26,6|6,16|26,16|16,6|16,26|16,16|26,26|
#setting_targetting_pos=-1,-1|-1,-1|9,30|-1,-1|-1,-1|-1,-1|-1,-1|-1,-1|-1,-1|-1,-1|
#type=4,4,0,4,4,4,4,4,4,4,
..........
#1111111111
#assigned_pet=-1,-1,-1,-1,-1,-1,-1,-1,-1,-1,
#assigned_hub=2,0,-1,6,1,7,3,5,4,8,
#moving_targetting_pos=6,26|6,6|9,2|26,6|6,16|26,16|16,6|16,26|16,16|26,26|
#setting_targetting_pos=-1,-1|-1,-1|9,30|-1,-1|-1,-1|-1,-1|-1,-1|-1,-1|-1,-1|-1,-1|
#type=4,4,0,4,4,4,4,4,4,4,
..........
#1111111111
#assigned_pet=-1,-1,-1,-1,-1,-1,-1,-1,-1,-1,
#assigned_hub=2,0,-1,6,1,7,3,5,4,8,
#moving_targetting_pos=6,26|6,6|9,2|26,6|6,16|26,16|16,6|16,26|16,16|26,26|
#setting_targetting_pos=-1,-1|-1,-1|9,30|-1,-1|-1,-1|-1,-1|-1,-1|-1,-1|-1,-1|-1,-1|
#type=4,4,0,4,4,4,4,4,4,4,
..........
#1111111111
#assigned_pet=-1,-1,-1,-1,-1,-1,-1,-1,-1,-1,
#assigned_hub=2,0,-1,6,1,7,3,5,4,8,
#moving_targetting_pos=6,26|6,6|9,2|26,6|6,16|26,16|16,6|16,26|16,16|26,26|
#setting_targetting_pos=-1,-1|-1,-1|9,30|-1,-1|-1,-1|-1,-1|-1,-1|-1,-1|-1,-1|-1,-1|
#type=4,4,0,4,4,4,4,4,4,4,
..........
#1111111111
#assigned_pet=-1,-1,-1,-1,-1,-1,-1,-1,-1,-1,
#assigned_hub=2,0,-1,6,1,7,3,5,4,8,
#moving_targetting_pos=6,26|6,6|9,2|26,6|6,16|26,16|16,6|16,26|16,16|26,26|
#setting_targetting_pos=-1,-1|-1,-1|9,30|-1,-1|-1,-1|-1,-1|-1,-1|-1,-1|-1,-1|-1,-1|
#type=4,4,0,4,4,4,4,4,4,4,
..........
#1111111111
#assigned_pet=-1,-1,-1,-1,-1,-1,-1,-1,-1,-1,
#assigned_hub=2,0,-1,6,1,7,3,5,4,8,
#moving_targetting_pos=6,26|6,6|9,2|26,6|6,16|26,16|16,6|16,26|16,16|26,26|
#setting_targetting_pos=-1,-1|-1,-1|9,30|-1,-1|-1,-1|-1,-1|-1,-1|-1,-1|-1,-1|-1,-1|
#type=4,4,0,4,4,4,4,4,4,4,
..........
#1111111111
#assigned_pet=-1,-1,-1,-1,-1,-1,-1,-1,-1,-1,
#assigned_hub=2,0,-1,6,1,7,3,5,4,8,
#moving_targetting_pos=6,26|6,6|9,2|26,6|6,16|26,16|16,6|16,26|16,16|26,26|
#setting_targetting_pos=-1,-1|-1,-1|9,30|-1,-1|-1,-1|-1,-1|-1,-1|-1,-1|-1,-1|-1,-1|
#type=4,4,0,4,4,4,4,4,4,4,
..........
#1111111111
#assigned_pet=-1,-1,-1,-1,-1,-1,-1,-1,-1,-1,
#assigned_hub=2,0,-1,6,1,7,3,5,4,8,
#moving_targetting_pos=6,26|6,6|9,2|26,6|6,16|26,16|16,6|16,26|16,16|26,26|
#setting_targetting_pos=-1,-1|-1,-1|9,30|-1,-1|-1,-1|-1,-1|-1,-1|-1,-1|-1,-1|-1,-1|
#type=4,4,0,4,4,4,4,4,4,4,
..........
#1111111111
#assigned_pet=-1,-1,-1,-1,-1,-1,-1,-1,-1,-1,
#assigned_hub=2,0,-1,6,1,7,3,5,4,8,
#moving_targetting_pos=6,26|6,6|9,2|26,6|6,16|26,16|16,6|16,26|16,16|26,26|
#setting_targetting_pos=-1,-1|-1,-1|9,30|-1,-1|-1,-1|-1,-1|-1,-1|-1,-1|-1,-1|-1,-1|
#type=4,4,0,4,4,4,4,4,4,4,
..........
#1111111111
#assigned_pet=-1,-1,-1,-1,-1,-1,-1,-1,-1,-1,
#assigned_hub=2,0,-1,6,1,7,3,5,4,8,
#moving_targetting_pos=6,26|6,6|9,2|26,6|6,16|26,16|16,6|16,26|16,16|26,26|
#setting_targetting_pos=-1,-1|-1,-1|9,30|-1,-1|-1,-1|-1,-1|-1,-1|-1,-1|-1,-1|-1,-1|
#type=4,4,0,4,4,4,4,4,4,4,
..........
#1111111111
#assigned_pet=-1,-1,-1,-1,-1,-1,-1,-1,-1,-1,
#assigned_hub=2,0,-1,6,1,7,3,5,4,8,
#moving_targetting_pos=6,26|6,6|9,2|26,6|6,16|26,16|16,6|16,26|16,16|26,26|
#setting_targetting_pos=-1,-1|-1,-1|9,30|-1,-1|-1,-1|-1,-1|-1,-1|-1,-1|-1,-1|-1,-1|
#type=4,4,0,4,4,4,4,4,4,4,
..........
#1111111111
#assigned_pet=-1,-1,-1,-1,-1,-1,-1,-1,-1,-1,
#assigned_hub=2,0,-1,6,1,7,3,5,4,8,
#moving_targetting_pos=6,26|6,6|9,2|26,6|6,16|26,16|16,6|16,26|16,16|26,26|
#setting_targetting_pos=-1,-1|-1,-1|9,30|-1,-1|-1,-1|-1,-1|-1,-1|-1,-1|-1,-1|-1,-1|
#type=4,4,0,4,4,4,4,4,4,4,
..........
#1111111111
#assigned_pet=-1,-1,-1,-1,-1,-1,-1,-1,-1,-1,
#assigned_hub=2,0,-1,6,1,7,3,5,4,8,
#moving_targetting_pos=6,26|6,6|9,2|26,6|6,16|26,16|16,6|16,26|16,16|26,26|
#setting_targetting_pos=-1,-1|-1,-1|9,30|-1,-1|-1,-1|-1,-1|-1,-1|-1,-1|-1,-1|-1,-1|
#type=4,4,0,4,4,4,4,4,4,4,
..........
#1111111111
#assigned_pet=-1,-1,-1,-1,-1,-1,-1,-1,-1,-1,
#assigned_hub=2,0,-1,6,1,7,3,5,4,8,
#moving_targetting_pos=6,26|6,6|9,2|26,6|6,16|26,16|16,6|16,26|16,16|26,26|
#setting_targetting_pos=-1,-1|-1,-1|9,30|-1,-1|-1,-1|-1,-1|-1,-1|-1,-1|-1,-1|-1,-1|
#type=4,4,0,4,4,4,4,4,4,4,
..........
#1111111111
#assigned_pet=-1,-1,-1,-1,-1,-1,-1,-1,-1,-1,
#assigned_hub=2,0,-1,6,1,7,3,5,4,8,
#moving_targetting_pos=6,26|6,6|9,2|26,6|6,16|26,16|16,6|16,26|16,16|26,26|
#setting_targetting_pos=-1,-1|-1,-1|9,30|-1,-1|-1,-1|-1,-1|-1,-1|-1,-1|-1,-1|-1,-1|
#type=4,4,0,4,4,4,4,4,4,4,
..........
#1111111111
#assigned_pet=-1,-1,-1,-1,-1,-1,-1,-1,-1,-1,
#assigned_hub=2,0,-1,6,1,7,3,5,4,8,
#moving_targetting_pos=6,26|6,6|9,2|26,6|6,16|26,16|16,6|16,26|16,16|26,26|
#setting_targetting_pos=-1,-1|-1,-1|9,30|-1,-1|-1,-1|-1,-1|-1,-1|-1,-1|-1,-1|-1,-1|
#type=4,4,0,4,4,4,4,4,4,4,
..........
#1111111111
#assigned_pet=-1,-1,-1,-1,-1,-1,-1,-1,-1,-1,
#assigned_hub=2,0,-1,6,1,7,3,5,4,8,
#moving_targetting_pos=6,26|6,6|9,2|26,6|6,16|26,16|16,6|16,26|16,16|26,26|
#setting_targetting_pos=-1,-1|-1,-1|9,30|-1,-1|-1,-1|-1,-1|-1,-1|-1,-1|-1,-1|-1,-1|
#type=4,4,0,4,4,4,4,4,4,4,
..........
#1111111111
#assigned_pet=-1,-1,-1,-1,-1,-1,-1,-1,-1,-1,
#assigned_hub=2,0,-1,6,1,7,3,5,4,8,
#moving_targetting_pos=6,26|6,6|9,2|26,6|6,16|26,16|16,6|16,26|16,16|26,26|
#setting_targetting_pos=-1,-1|-1,-1|9,30|-1,-1|-1,-1|-1,-1|-1,-1|-1,-1|-1,-1|-1,-1|
#type=4,4,0,4,4,4,4,4,4,4,
..........
#1111111111
#assigned_pet=-1,-1,-1,-1,-1,-1,-1,-1,-1,-1,
#assigned_hub=2,0,-1,6,1,7,3,5,4,8,
#moving_targetting_pos=6,26|6,6|9,2|26,6|6,16|26,16|16,6|16,26|16,16|26,26|
#setting_targetting_pos=-1,-1|-1,-1|9,30|-1,-1|-1,-1|-1,-1|-1,-1|-1,-1|-1,-1|-1,-1|
#type=4,4,0,4,4,4,4,4,4,4,
..........
#1111111111
#assigned_pet=-1,-1,-1,-1,-1,-1,-1,-1,-1,-1,
#assigned_hub=2,0,-1,6,1,7,3,5,4,8,
#moving_targetting_pos=6,26|6,6|9,2|26,6|6,16|26,16|16,6|16,26|16,16|26,26|
#setting_targetting_pos=-1,-1|-1,-1|9,30|-1,-1|-1,-1|-1,-1|-1,-1|-1,-1|-1,-1|-1,-1|
#type=4,4,0,4,4,4,4,4,4,4,
..........
#1111111111
#assigned_pet=-1,-1,-1,-1,-1,-1,-1,-1,-1,-1,
#assigned_hub=2,0,-1,6,1,7,3,5,4,8,
#moving_targetting_pos=6,26|6,6|9,2|26,6|6,16|26,16|16,6|16,26|16,16|26,26|
#setting_targetting_pos=-1,-1|-1,-1|9,30|-1,-1|-1,-1|-1,-1|-1,-1|-1,-1|-1,-1|-1,-1|
#type=4,4,0,4,4,4,4,4,4,4,
..........
#1111111111
#assigned_pet=-1,-1,-1,-1,-1,-1,-1,-1,-1,-1,
#assigned_hub=2,0,-1,6,1,7,3,5,4,8,
#moving_targetting_pos=6,26|6,6|9,2|26,6|6,16|26,16|16,6|16,26|16,16|26,26|
#setting_targetting_pos=-1,-1|-1,-1|9,30|-1,-1|-1,-1|-1,-1|-1,-1|-1,-1|-1,-1|-1,-1|
#type=4,4,0,4,4,4,4,4,4,4,
..........
#1111111111
#assigned_pet=-1,-1,-1,-1,-1,-1,-1,-1,-1,-1,
#assigned_hub=2,0,-1,6,1,7,3,5,4,8,
#moving_targetting_pos=6,26|6,6|9,2|26,6|6,16|26,16|16,6|16,26|16,16|26,26|
#setting_targetting_pos=-1,-1|-1,-1|9,30|-1,-1|-1,-1|-1,-1|-1,-1|-1,-1|-1,-1|-1,-1|
#type=4,4,0,4,4,4,4,4,4,4,
..........
#1111111111
#assigned_pet=-1,-1,-1,-1,-1,-1,-1,-1,-1,-1,
#assigned_hub=2,0,-1,6,1,7,3,5,4,8,
#moving_targetting_pos=6,26|6,6|9,2|26,6|6,16|26,16|16,6|16,26|16,16|26,26|
#setting_targetting_pos=-1,-1|-1,-1|9,30|-1,-1|-1,-1|-1,-1|-1,-1|-1,-1|-1,-1|-1,-1|
#type=4,4,0,4,4,4,4,4,4,4,
..........
#1111111111
#assigned_pet=-1,-1,-1,-1,-1,-1,-1,-1,-1,-1,
#assigned_hub=2,0,-1,6,1,7,3,5,4,8,
#moving_targetting_pos=6,26|6,6|9,2|26,6|6,16|26,16|16,6|16,26|16,16|26,26|
#setting_targetting_pos=-1,-1|-1,-1|9,30|-1,-1|-1,-1|-1,-1|-1,-1|-1,-1|-1,-1|-1,-1|
#type=4,4,0,4,4,4,4,4,4,4,
..........
#1111111111
#assigned_pet=-1,-1,-1,-1,-1,-1,-1,-1,-1,-1,
#assigned_hub=2,0,-1,6,1,7,3,5,4,8,
#moving_targetting_pos=6,26|6,6|9,2|26,6|6,16|26,16|16,6|16,26|16,16|26,26|
#setting_targetting_pos=-1,-1|-1,-1|9,30|-1,-1|-1,-1|-1,-1|-1,-1|-1,-1|-1,-1|-1,-1|
#type=4,4,0,4,4,4,4,4,4,4,
..........
#1111111111
#assigned_pet=-1,-1,-1,-1,-1,-1,-1,-1,-1,-1,
#assigned_hub=2,0,-1,6,1,7,3,5,4,8,
#moving_targetting_pos=6,26|6,6|9,2|26,6|6,16|26,16|16,6|16,26|16,16|26,26|
#setting_targetting_pos=-1,-1|-1,-1|9,30|-1,-1|-1,-1|-1,-1|-1,-1|-1,-1|-1,-1|-1,-1|
#type=4,4,0,4,4,4,4,4,4,4,
..........
#1111111111
#assigned_pet=-1,-1,-1,-1,-1,-1,-1,-1,-1,-1,
#assigned_hub=2,0,-1,6,1,7,3,5,4,8,
#moving_targetting_pos=6,26|6,6|9,2|26,6|6,16|26,16|16,6|16,26|16,16|26,26|
#setting_targetting_pos=-1,-1|-1,-1|9,30|-1,-1|-1,-1|-1,-1|-1,-1|-1,-1|-1,-1|-1,-1|
#type=4,4,0,4,4,4,4,4,4,4,
..........
#1111111111
#assigned_pet=-1,-1,-1,-1,-1,-1,-1,-1,-1,-1,
#assigned_hub=2,0,-1,6,1,7,3,5,4,8,
#moving_targetting_pos=6,26|6,6|9,2|26,6|6,16|26,16|16,6|16,26|16,16|26,26|
#setting_targetting_pos=-1,-1|-1,-1|9,30|-1,-1|-1,-1|-1,-1|-1,-1|-1,-1|-1,-1|-1,-1|
#type=4,4,0,4,4,4,4,4,4,4,
..........
#1111111111
#assigned_pet=-1,-1,-1,-1,-1,-1,-1,-1,-1,-1,
#assigned_hub=2,0,-1,6,1,7,3,5,4,8,
#moving_targetting_pos=6,26|6,6|9,2|26,6|6,16|26,16|16,6|16,26|16,16|26,26|
#setting_targetting_pos=-1,-1|-1,-1|9,30|-1,-1|-1,-1|-1,-1|-1,-1|-1,-1|-1,-1|-1,-1|
#type=4,4,0,4,4,4,4,4,4,4,
..........
#1111111111
#assigned_pet=-1,-1,-1,-1,-1,-1,-1,-1,-1,-1,
#assigned_hub=2,0,-1,6,1,7,3,5,4,8,
#moving_targetting_pos=6,26|6,6|9,2|26,6|6,16|26,16|16,6|16,26|16,16|26,26|
#setting_targetting_pos=-1,-1|-1,-1|9,30|-1,-1|-1,-1|-1,-1|-1,-1|-1,-1|-1,-1|-1,-1|
#type=4,4,0,4,4,4,4,4,4,4,
..........
#1111111111
#assigned_pet=-1,-1,-1,-1,-1,-1,-1,-1,-1,-1,
#assigned_hub=2,0,-1,6,1,7,3,5,4,8,
#moving_targetting_pos=6,26|6,6|9,2|26,6|6,16|26,16|16,6|16,26|16,16|26,26|
#setting_targetting_pos=-1,-1|-1,-1|9,30|-1,-1|-1,-1|-1,-1|-1,-1|-1,-1|-1,-1|-1,-1|
#type=4,4,0,4,4,4,4,4,4,4,
..........
#1111111111
#assigned_pet=-1,-1,-1,-1,-1,-1,-1,-1,-1,-1,
#assigned_hub=2,0,-1,6,1,7,3,5,4,8,
#moving_targetting_pos=6,26|6,6|9,2|26,6|6,16|26,16|16,6|16,26|16,16|26,26|
#setting_targetting_pos=-1,-1|-1,-1|9,30|-1,-1|-1,-1|-1,-1|-1,-1|-1,-1|-1,-1|-1,-1|
#type=4,4,0,4,4,4,4,4,4,4,
..........
#1111111111
#assigned_pet=-1,-1,-1,-1,-1,-1,-1,-1,-1,-1,
#assigned_hub=2,0,-1,6,1,7,3,5,4,8,
#moving_targetting_pos=6,26|6,6|9,2|26,6|6,16|26,16|16,6|16,26|16,16|26,26|
#setting_targetting_pos=-1,-1|-1,-1|9,30|-1,-1|-1,-1|-1,-1|-1,-1|-1,-1|-1,-1|-1,-1|
#type=4,4,0,4,4,4,4,4,4,4,
..........
#1111111111
#assigned_pet=-1,-1,-1,-1,-1,-1,-1,-1,-1,-1,
#assigned_hub=2,0,-1,6,1,7,3,5,4,8,
#moving_targetting_pos=6,26|6,6|9,2|26,6|6,16|26,16|16,6|16,26|16,16|26,26|
#setting_targetting_pos=-1,-1|-1,-1|9,30|-1,-1|-1,-1|-1,-1|-1,-1|-1,-1|-1,-1|-1,-1|
#type=4,4,0,4,4,4,4,4,4,4,
..........
#1111111111
#assigned_pet=-1,-1,-1,-1,-1,-1,-1,-1,-1,-1,
#assigned_hub=2,0,-1,6,1,7,3,5,4,8,
#moving_targetting_pos=6,26|6,6|9,2|26,6|6,16|26,16|16,6|16,26|16,16|26,26|
#setting_targetting_pos=-1,-1|-1,-1|9,30|-1,-1|-1,-1|-1,-1|-1,-1|-1,-1|-1,-1|-1,-1|
#type=4,4,0,4,4,4,4,4,4,4,
..........
#1111111111
#assigned_pet=-1,-1,-1,-1,-1,-1,-1,-1,-1,-1,
#assigned_hub=2,0,-1,6,1,7,3,5,4,8,
#moving_targetting_pos=6,26|6,6|9,2|26,6|6,16|26,16|16,6|16,26|16,16|26,26|
#setting_targetting_pos=-1,-1|-1,-1|9,30|-1,-1|-1,-1|-1,-1|-1,-1|-1,-1|-1,-1|-1,-1|
#type=4,4,0,4,4,4,4,4,4,4,
..........
#1111111111
#assigned_pet=-1,-1,-1,-1,-1,-1,-1,-1,-1,-1,
#assigned_hub=2,0,-1,6,1,7,3,5,4,8,
#moving_targetting_pos=6,26|6,6|9,2|26,6|6,16|26,16|16,6|16,26|16,16|26,26|
#setting_targetting_pos=-1,-1|-1,-1|9,30|-1,-1|-1,-1|-1,-1|-1,-1|-1,-1|-1,-1|-1,-1|
#type=4,4,0,4,4,4,4,4,4,4,
..........
#1111111111
#assigned_pet=-1,-1,-1,-1,-1,-1,-1,-1,-1,-1,
#assigned_hub=2,0,-1,6,1,7,3,5,4,8,
#moving_targetting_pos=6,26|6,6|9,2|26,6|6,16|26,16|16,6|16,26|16,16|26,26|
#setting_targetting_pos=-1,-1|-1,-1|9,30|-1,-1|-1,-1|-1,-1|-1,-1|-1,-1|-1,-1|-1,-1|
#type=4,4,0,4,4,4,4,4,4,4,
..........
#1111111111
#assigned_pet=-1,-1,-1,-1,-1,-1,-1,-1,-1,-1,
#assigned_hub=2,0,-1,6,1,7,3,5,4,8,
#moving_targetting_pos=6,26|6,6|9,2|26,6|6,16|26,16|16,6|16,26|16,16|26,26|
#setting_targetting_pos=-1,-1|-1,-1|9,30|-1,-1|-1,-1|-1,-1|-1,-1|-1,-1|-1,-1|-1,-1|
#type=4,4,0,4,4,4,4,4,4,4,
..........
#1111111111
#assigned_pet=-1,-1,-1,-1,-1,-1,-1,-1,-1,-1,
#assigned_hub=2,0,-1,6,1,7,3,5,4,8,
#moving_targetting_pos=6,26|6,6|9,2|26,6|6,16|26,16|16,6|16,26|16,16|26,26|
#setting_targetting_pos=-1,-1|-1,-1|9,30|-1,-1|-1,-1|-1,-1|-1,-1|-1,-1|-1,-1|-1,-1|
#type=4,4,0,4,4,4,4,4,4,4,
..........
#1111111111
#assigned_pet=-1,-1,-1,-1,-1,-1,-1,-1,-1,-1,
#assigned_hub=2,0,-1,6,1,7,3,5,4,8,
#moving_targetting_pos=6,26|6,6|9,2|26,6|6,16|26,16|16,6|16,26|16,16|26,26|
#setting_targetting_pos=-1,-1|-1,-1|9,30|-1,-1|-1,-1|-1,-1|-1,-1|-1,-1|-1,-1|-1,-1|
#type=4,4,0,4,4,4,4,4,4,4,
..........
#1111111111
#assigned_pet=-1,-1,-1,-1,-1,-1,-1,-1,-1,-1,
#assigned_hub=2,0,-1,6,1,7,3,5,4,8,
#moving_targetting_pos=6,26|6,6|9,2|26,6|6,16|26,16|16,6|16,26|16,16|26,26|
#setting_targetting_pos=-1,-1|-1,-1|9,30|-1,-1|-1,-1|-1,-1|-1,-1|-1,-1|-1,-1|-1,-1|
#type=4,4,0,4,4,4,4,4,4,4,
..........
#1111111111
#assigned_pet=-1,-1,-1,-1,-1,-1,-1,-1,-1,-1,
#assigned_hub=2,0,-1,6,1,7,3,5,4,8,
#moving_targetting_pos=6,26|6,6|9,2|26,6|6,16|26,16|16,6|16,26|16,16|26,26|
#setting_targetting_pos=-1,-1|-1,-1|9,30|-1,-1|-1,-1|-1,-1|-1,-1|-1,-1|-1,-1|-1,-1|
#type=4,4,0,4,4,4,4,4,4,4,
..........
#1111111111
#assigned_pet=-1,-1,-1,-1,-1,-1,-1,-1,-1,-1,
#assigned_hub=2,0,-1,6,1,7,3,5,4,8,
#moving_targetting_pos=6,26|6,6|9,2|26,6|6,16|26,16|16,6|16,26|16,16|26,26|
#setting_targetting_pos=-1,-1|-1,-1|9,30|-1,-1|-1,-1|-1,-1|-1,-1|-1,-1|-1,-1|-1,-1|
#type=4,4,0,4,4,4,4,4,4,4,
..........
#1111111111
#assigned_pet=-1,-1,-1,-1,-1,-1,-1,-1,-1,-1,
#assigned_hub=2,0,-1,6,1,7,3,5,4,8,
#moving_targetting_pos=6,26|6,6|9,2|26,6|6,16|26,16|16,6|16,26|16,16|26,26|
#setting_targetting_pos=-1,-1|-1,-1|9,30|-1,-1|-1,-1|-1,-1|-1,-1|-1,-1|-1,-1|-1,-1|
#type=4,4,0,4,4,4,4,4,4,4,
..........
#1111111111
#assigned_pet=-1,-1,-1,-1,-1,-1,-1,-1,-1,-1,
#assigned_hub=2,0,-1,6,1,7,3,5,4,8,
#moving_targetting_pos=6,26|6,6|9,2|26,6|6,16|26,16|16,6|16,26|16,16|26,26|
#setting_targetting_pos=-1,-1|-1,-1|9,30|-1,-1|-1,-1|-1,-1|-1,-1|-1,-1|-1,-1|-1,-1|
#type=4,4,0,4,4,4,4,4,4,4,
..........
#1111111111
#assigned_pet=-1,-1,-1,-1,-1,-1,-1,-1,-1,-1,
#assigned_hub=2,0,-1,6,1,7,3,5,4,8,
#moving_targetting_pos=6,26|6,6|9,2|26,6|6,16|26,16|16,6|16,26|16,16|26,26|
#setting_targetting_pos=-1,-1|-1,-1|9,30|-1,-1|-1,-1|-1,-1|-1,-1|-1,-1|-1,-1|-1,-1|
#type=4,4,0,4,4,4,4,4,4,4,
..........
#1111111111
#assigned_pet=-1,-1,-1,-1,-1,-1,-1,-1,-1,-1,
#assigned_hub=2,0,-1,6,1,7,3,5,4,8,
#moving_targetting_pos=6,26|6,6|9,2|26,6|6,16|26,16|16,6|16,26|16,16|26,26|
#setting_targetting_pos=-1,-1|-1,-1|9,30|-1,-1|-1,-1|-1,-1|-1,-1|-1,-1|-1,-1|-1,-1|
#type=4,4,0,4,4,4,4,4,4,4,
..........
#1111111111
#assigned_pet=-1,-1,-1,-1,-1,-1,-1,-1,-1,-1,
#assigned_hub=2,0,-1,6,1,7,3,5,4,8,
#moving_targetting_pos=6,26|6,6|9,2|26,6|6,16|26,16|16,6|16,26|16,16|26,26|
#setting_targetting_pos=-1,-1|-1,-1|9,30|-1,-1|-1,-1|-1,-1|-1,-1|-1,-1|-1,-1|-1,-1|
#type=4,4,0,4,4,4,4,4,4,4,
..........
#1111111111
#assigned_pet=-1,-1,-1,-1,-1,-1,-1,-1,-1,-1,
#assigned_hub=2,0,-1,6,1,7,3,5,4,8,
#moving_targetting_pos=6,26|6,6|9,2|26,6|6,16|26,16|16,6|16,26|16,16|26,26|
#setting_targetting_pos=-1,-1|-1,-1|9,30|-1,-1|-1,-1|-1,-1|-1,-1|-1,-1|-1,-1|-1,-1|
#type=4,4,0,4,4,4,4,4,4,4,
..........
#1111111111
#assigned_pet=-1,-1,-1,-1,-1,-1,-1,-1,-1,-1,
#assigned_hub=2,0,-1,6,1,7,3,5,4,8,
#moving_targetting_pos=6,26|6,6|9,2|26,6|6,16|26,16|16,6|16,26|16,16|26,26|
#setting_targetting_pos=-1,-1|-1,-1|9,30|-1,-1|-1,-1|-1,-1|-1,-1|-1,-1|-1,-1|-1,-1|
#type=4,4,0,4,4,4,4,4,4,4,
..........
#1111111111
#assigned_pet=-1,-1,-1,-1,-1,-1,-1,-1,-1,-1,
#assigned_hub=2,0,-1,6,1,7,3,5,4,8,
#moving_targetting_pos=6,26|6,6|9,2|26,6|6,16|26,16|16,6|16,26|16,16|26,26|
#setting_targetting_pos=-1,-1|-1,-1|9,30|-1,-1|-1,-1|-1,-1|-1,-1|-1,-1|-1,-1|-1,-1|
#type=4,4,0,4,4,4,4,4,4,4,
..........
#1111111111
#assigned_pet=-1,-1,-1,-1,-1,-1,-1,-1,-1,-1,
#assigned_hub=2,0,-1,6,1,7,3,5,4,8,
#moving_targetting_pos=6,26|6,6|9,2|26,6|6,16|26,16|16,6|16,26|16,16|26,26|
#setting_targetting_pos=-1,-1|-1,-1|9,30|-1,-1|-1,-1|-1,-1|-1,-1|-1,-1|-1,-1|-1,-1|
#type=4,4,0,4,4,4,4,4,4,4,
..........
#1111111111
#assigned_pet=-1,-1,-1,-1,-1,-1,-1,-1,-1,-1,
#assigned_hub=2,0,-1,6,1,7,3,5,4,8,
#moving_targetting_pos=6,26|6,6|9,2|26,6|6,16|26,16|16,6|16,26|16,16|26,26|
#setting_targetting_pos=-1,-1|-1,-1|9,30|-1,-1|-1,-1|-1,-1|-1,-1|-1,-1|-1,-1|-1,-1|
#type=4,4,0,4,4,4,4,4,4,4,
..........
#1111111111
#assigned_pet=-1,-1,-1,-1,-1,-1,-1,-1,-1,-1,
#assigned_hub=2,0,-1,6,1,7,3,5,4,8,
#moving_targetting_pos=6,26|6,6|9,2|26,6|6,16|26,16|16,6|16,26|16,16|26,26|
#setting_targetting_pos=-1,-1|-1,-1|9,30|-1,-1|-1,-1|-1,-1|-1,-1|-1,-1|-1,-1|-1,-1|
#type=4,4,0,4,4,4,4,4,4,4,
..........
#1111111111
#assigned_pet=-1,-1,-1,-1,-1,-1,-1,-1,-1,-1,
#assigned_hub=2,0,-1,6,1,7,3,5,4,8,
#moving_targetting_pos=6,26|6,6|9,2|26,6|6,16|26,16|16,6|16,26|16,16|26,26|
#setting_targetting_pos=-1,-1|-1,-1|9,30|-1,-1|-1,-1|-1,-1|-1,-1|-1,-1|-1,-1|-1,-1|
#type=4,4,0,4,4,4,4,4,4,4,
..........
#1111111111
#assigned_pet=-1,-1,-1,-1,-1,-1,-1,-1,-1,-1,
#assigned_hub=2,0,-1,6,1,7,3,5,4,8,
#moving_targetting_pos=6,26|6,6|9,2|26,6|6,16|26,16|16,6|16,26|16,16|26,26|
#setting_targetting_pos=-1,-1|-1,-1|9,30|-1,-1|-1,-1|-1,-1|-1,-1|-1,-1|-1,-1|-1,-1|
#type=4,4,0,4,4,4,4,4,4,4,
..........
#1111111111
#assigned_pet=-1,-1,-1,-1,-1,-1,-1,-1,-1,-1,
#assigned_hub=2,0,-1,6,1,7,3,5,4,8,
#moving_targetting_pos=6,26|6,6|9,2|26,6|6,16|26,16|16,6|16,26|16,16|26,26|
#setting_targetting_pos=-1,-1|-1,-1|9,30|-1,-1|-1,-1|-1,-1|-1,-1|-1,-1|-1,-1|-1,-1|
#type=4,4,0,4,4,4,4,4,4,4,
..........
#1111111111
#assigned_pet=-1,-1,-1,-1,-1,-1,-1,-1,-1,-1,
#assigned_hub=2,0,-1,6,1,7,3,5,4,8,
#moving_targetting_pos=6,26|6,6|9,2|26,6|6,16|26,16|16,6|16,26|16,16|26,26|
#setting_targetting_pos=-1,-1|-1,-1|9,30|-1,-1|-1,-1|-1,-1|-1,-1|-1,-1|-1,-1|-1,-1|
#type=4,4,0,4,4,4,4,4,4,4,
..........
#1111111111
#assigned_pet=-1,-1,-1,-1,-1,-1,-1,-1,-1,-1,
#assigned_hub=2,0,-1,6,1,7,3,5,4,8,
#moving_targetting_pos=6,26|6,6|9,2|26,6|6,16|26,16|16,6|16,26|16,16|26,26|
#setting_targetting_pos=-1,-1|-1,-1|9,30|-1,-1|-1,-1|-1,-1|-1,-1|-1,-1|-1,-1|-1,-1|
#type=4,4,0,4,4,4,4,4,4,4,
..........
#1111111111
#assigned_pet=-1,-1,-1,-1,-1,-1,-1,-1,-1,-1,
#assigned_hub=2,0,-1,6,1,7,3,5,4,8,
#moving_targetting_pos=6,26|6,6|9,2|26,6|6,16|26,16|16,6|16,26|16,16|26,26|
#setting_targetting_pos=-1,-1|-1,-1|9,30|-1,-1|-1,-1|-1,-1|-1,-1|-1,-1|-1,-1|-1,-1|
#type=4,4,0,4,4,4,4,4,4,4,
..........
#1111111111
#assigned_pet=-1,-1,-1,-1,-1,-1,-1,-1,-1,-1,
#assigned_hub=2,0,-1,6,1,7,3,5,4,8,
#moving_targetting_pos=6,26|6,6|9,2|26,6|6,16|26,16|16,6|16,26|16,16|26,26|
#setting_targetting_pos=-1,-1|-1,-1|9,30|-1,-1|-1,-1|-1,-1|-1,-1|-1,-1|-1,-1|-1,-1|
#type=4,4,0,4,4,4,4,4,4,4,
..........
#1111111111
#assigned_pet=-1,-1,-1,-1,-1,-1,-1,-1,-1,-1,
#assigned_hub=2,0,-1,6,1,7,3,5,4,8,
#moving_targetting_pos=6,26|6,6|9,2|26,6|6,16|26,16|16,6|16,26|16,16|26,26|
#setting_targetting_pos=-1,-1|-1,-1|9,30|-1,-1|-1,-1|-1,-1|-1,-1|-1,-1|-1,-1|-1,-1|
#type=4,4,0,4,4,4,4,4,4,4,
..........
#1111111111
#assigned_pet=-1,-1,-1,-1,-1,-1,-1,-1,-1,-1,
#assigned_hub=2,0,-1,6,1,7,3,5,4,8,
#moving_targetting_pos=6,26|6,6|9,2|26,6|6,16|26,16|16,6|16,26|16,16|26,26|
#setting_targetting_pos=-1,-1|-1,-1|9,30|-1,-1|-1,-1|-1,-1|-1,-1|-1,-1|-1,-1|-1,-1|
#type=4,4,0,4,4,4,4,4,4,4,
..........
#1111111111
#assigned_pet=-1,-1,-1,-1,-1,-1,-1,-1,-1,-1,
#assigned_hub=2,0,-1,6,1,7,3,5,4,8,
#moving_targetting_pos=6,26|6,6|9,2|26,6|6,16|26,16|16,6|16,26|16,16|26,26|
#setting_targetting_pos=-1,-1|-1,-1|9,30|-1,-1|-1,-1|-1,-1|-1,-1|-1,-1|-1,-1|-1,-1|
#type=4,4,0,4,4,4,4,4,4,4,
..........
#1111111111
#assigned_pet=-1,-1,-1,-1,-1,-1,-1,-1,-1,-1,
#assigned_hub=2,0,-1,6,1,7,3,5,4,8,
#moving_targetting_pos=6,26|6,6|9,2|26,6|6,16|26,16|16,6|16,26|16,16|26,26|
#setting_targetting_pos=-1,-1|-1,-1|9,30|-1,-1|-1,-1|-1,-1|-1,-1|-1,-1|-1,-1|-1,-1|
#type=4,4,0,4,4,4,4,4,4,4,
..........
#1111111111
#assigned_pet=-1,-1,-1,-1,-1,-1,-1,-1,-1,-1,
#assigned_hub=2,0,-1,6,1,7,3,5,4,8,
#moving_targetting_pos=6,26|6,6|9,2|26,6|6,16|26,16|16,6|16,26|16,16|26,26|
#setting_targetting_pos=-1,-1|-1,-1|9,30|-1,-1|-1,-1|-1,-1|-1,-1|-1,-1|-1,-1|-1,-1|
#type=4,4,0,4,4,4,4,4,4,4,
..........
#1111111111
#assigned_pet=-1,-1,-1,-1,-1,-1,-1,-1,-1,-1,
#assigned_hub=2,0,-1,6,1,7,3,5,4,8,
#moving_targetting_pos=6,26|6,6|9,2|26,6|6,16|26,16|16,6|16,26|16,16|26,26|
#setting_targetting_pos=-1,-1|-1,-1|9,30|-1,-1|-1,-1|-1,-1|-1,-1|-1,-1|-1,-1|-1,-1|
#type=4,4,0,4,4,4,4,4,4,4,
..........
#1111111111
#assigned_pet=-1,-1,-1,-1,-1,-1,-1,-1,-1,-1,
#assigned_hub=2,0,-1,6,1,7,3,5,4,8,
#moving_targetting_pos=6,26|6,6|9,2|26,6|6,16|26,16|16,6|16,26|16,16|26,26|
#setting_targetting_pos=-1,-1|-1,-1|9,30|-1,-1|-1,-1|-1,-1|-1,-1|-1,-1|-1,-1|-1,-1|
#type=4,4,0,4,4,4,4,4,4,4,
..........
#1111111111
#assigned_pet=-1,-1,-1,-1,-1,-1,-1,-1,-1,-1,
#assigned_hub=2,0,-1,6,1,7,3,5,4,8,
#moving_targetting_pos=6,26|6,6|9,2|26,6|6,16|26,16|16,6|16,26|16,16|26,26|
#setting_targetting_pos=-1,-1|-1,-1|9,30|-1,-1|-1,-1|-1,-1|-1,-1|-1,-1|-1,-1|-1,-1|
#type=4,4,0,4,4,4,4,4,4,4,
..........
#1111111111
#assigned_pet=-1,-1,-1,-1,-1,-1,-1,-1,-1,-1,
#assigned_hub=2,0,-1,6,1,7,3,5,4,8,
#moving_targetting_pos=6,26|6,6|9,2|26,6|6,16|26,16|16,6|16,26|16,16|26,26|
#setting_targetting_pos=-1,-1|-1,-1|9,30|-1,-1|-1,-1|-1,-1|-1,-1|-1,-1|-1,-1|-1,-1|
#type=4,4,0,4,4,4,4,4,4,4,
..........
#1111111111
#assigned_pet=-1,-1,-1,-1,-1,-1,-1,-1,-1,-1,
#assigned_hub=2,0,-1,6,1,7,3,5,4,8,
#moving_targetting_pos=6,26|6,6|9,2|26,6|6,16|26,16|16,6|16,26|16,16|26,26|
#setting_targetting_pos=-1,-1|-1,-1|9,30|-1,-1|-1,-1|-1,-1|-1,-1|-1,-1|-1,-1|-1,-1|
#type=4,4,0,4,4,4,4,4,4,4,
..........
#1111111111
#assigned_pet=-1,-1,-1,-1,-1,-1,-1,-1,-1,-1,
#assigned_hub=2,0,-1,6,1,7,3,5,4,8,
#moving_targetting_pos=6,26|6,6|9,2|26,6|6,16|26,16|16,6|16,26|16,16|26,26|
#setting_targetting_pos=-1,-1|-1,-1|9,30|-1,-1|-1,-1|-1,-1|-1,-1|-1,-1|-1,-1|-1,-1|
#type=4,4,0,4,4,4,4,4,4,4,
..........
#1111111111
#assigned_pet=-1,-1,-1,-1,-1,-1,-1,-1,-1,-1,
#assigned_hub=2,0,-1,6,1,7,3,5,4,8,
#moving_targetting_pos=6,26|6,6|9,2|26,6|6,16|26,16|16,6|16,26|16,16|26,26|
#setting_targetting_pos=-1,-1|-1,-1|9,30|-1,-1|-1,-1|-1,-1|-1,-1|-1,-1|-1,-1|-1,-1|
#type=4,4,0,4,4,4,4,4,4,4,
..........
#1111111111
#assigned_pet=-1,-1,-1,-1,-1,-1,-1,-1,-1,-1,
#assigned_hub=2,0,-1,6,1,7,3,5,4,8,
#moving_targetting_pos=6,26|6,6|9,2|26,6|6,16|26,16|16,6|16,26|16,16|26,26|
#setting_targetting_pos=-1,-1|-1,-1|9,30|-1,-1|-1,-1|-1,-1|-1,-1|-1,-1|-1,-1|-1,-1|
#type=4,4,0,4,4,4,4,4,4,4,
..........
#1111111111
#assigned_pet=-1,-1,-1,-1,-1,-1,-1,-1,-1,-1,
#assigned_hub=2,0,-1,6,1,7,3,5,4,8,
#moving_targetting_pos=6,26|6,6|9,2|26,6|6,16|26,16|16,6|16,26|16,16|26,26|
#setting_targetting_pos=-1,-1|-1,-1|9,30|-1,-1|-1,-1|-1,-1|-1,-1|-1,-1|-1,-1|-1,-1|
#type=4,4,0,4,4,4,4,4,4,4,
..........
#1111111111
#assigned_pet=-1,-1,-1,-1,-1,-1,-1,-1,-1,-1,
#assigned_hub=2,0,-1,6,1,7,3,5,4,8,
#moving_targetting_pos=6,26|6,6|9,2|26,6|6,16|26,16|16,6|16,26|16,16|26,26|
#setting_targetting_pos=-1,-1|-1,-1|9,30|-1,-1|-1,-1|-1,-1|-1,-1|-1,-1|-1,-1|-1,-1|
#type=4,4,0,4,4,4,4,4,4,4,
..........
#1111111111
#assigned_pet=-1,-1,-1,-1,-1,-1,-1,-1,-1,-1,
#assigned_hub=2,0,-1,6,1,7,3,5,4,8,
#moving_targetting_pos=6,26|6,6|9,2|26,6|6,16|26,16|16,6|16,26|16,16|26,26|
#setting_targetting_pos=-1,-1|-1,-1|9,30|-1,-1|-1,-1|-1,-1|-1,-1|-1,-1|-1,-1|-1,-1|
#type=4,4,0,4,4,4,4,4,4,4,
..........
#1111111111
#assigned_pet=-1,-1,-1,-1,-1,-1,-1,-1,-1,-1,
#assigned_hub=2,0,-1,6,1,7,3,5,4,8,
#moving_targetting_pos=6,26|6,6|9,2|26,6|6,16|26,16|16,6|16,26|16,16|26,26|
#setting_targetting_pos=-1,-1|-1,-1|9,30|-1,-1|-1,-1|-1,-1|-1,-1|-1,-1|-1,-1|-1,-1|
#type=4,4,0,4,4,4,4,4,4,4,
..........
#1111111111
#assigned_pet=-1,-1,-1,-1,-1,-1,-1,-1,-1,-1,
#assigned_hub=2,0,-1,6,1,7,3,5,4,8,
#moving_targetting_pos=6,26|6,6|9,2|26,6|6,16|26,16|16,6|16,26|16,16|26,26|
#setting_targetting_pos=-1,-1|-1,-1|9,30|-1,-1|-1,-1|-1,-1|-1,-1|-1,-1|-1,-1|-1,-1|
#type=4,4,0,4,4,4,4,4,4,4,
..........
#1111111111
#assigned_pet=-1,-1,-1,-1,-1,-1,-1,-1,-1,-1,
#assigned_hub=2,0,-1,6,1,7,3,5,4,8,
#moving_targetting_pos=6,26|6,6|9,2|26,6|6,16|26,16|16,6|16,26|16,16|26,26|
#setting_targetting_pos=-1,-1|-1,-1|9,30|-1,-1|-1,-1|-1,-1|-1,-1|-1,-1|-1,-1|-1,-1|
#type=4,4,0,4,4,4,4,4,4,4,
..........
#1111111111
#assigned_pet=-1,-1,-1,-1,-1,-1,-1,-1,-1,-1,
#assigned_hub=2,0,-1,6,1,7,3,5,4,8,
#moving_targetting_pos=6,26|6,6|9,2|26,6|6,16|26,16|16,6|16,26|16,16|26,26|
#setting_targetting_pos=-1,-1|-1,-1|9,30|-1,-1|-1,-1|-1,-1|-1,-1|-1,-1|-1,-1|-1,-1|
#type=4,4,0,4,4,4,4,4,4,4,
..........
#1111111111
#assigned_pet=-1,-1,-1,-1,-1,-1,-1,-1,-1,-1,
#assigned_hub=2,0,-1,6,1,7,3,5,4,8,
#moving_targetting_pos=6,26|6,6|9,2|26,6|6,16|26,16|16,6|16,26|16,16|26,26|
#setting_targetting_pos=-1,-1|-1,-1|9,30|-1,-1|-1,-1|-1,-1|-1,-1|-1,-1|-1,-1|-1,-1|
#type=4,4,0,4,4,4,4,4,4,4,
..........
#1111111111
#assigned_pet=-1,-1,-1,-1,-1,-1,-1,-1,-1,-1,
#assigned_hub=2,0,-1,6,1,7,3,5,4,8,
#moving_targetting_pos=6,26|6,6|9,2|26,6|6,16|26,16|16,6|16,26|16,16|26,26|
#setting_targetting_pos=-1,-1|-1,-1|9,30|-1,-1|-1,-1|-1,-1|-1,-1|-1,-1|-1,-1|-1,-1|
#type=4,4,0,4,4,4,4,4,4,4,
..........
#1111111111
#assigned_pet=-1,-1,-1,-1,-1,-1,-1,-1,-1,-1,
#assigned_hub=2,0,-1,6,1,7,3,5,4,8,
#moving_targetting_pos=6,26|6,6|9,2|26,6|6,16|26,16|16,6|16,26|16,16|26,26|
#setting_targetting_pos=-1,-1|-1,-1|9,30|-1,-1|-1,-1|-1,-1|-1,-1|-1,-1|-1,-1|-1,-1|
#type=4,4,0,4,4,4,4,4,4,4,
..........
#1111111111
#assigned_pet=-1,-1,-1,-1,-1,-1,-1,-1,-1,-1,
#assigned_hub=2,0,-1,6,1,7,3,5,4,8,
#moving_targetting_pos=6,26|6,6|9,2|26,6|6,16|26,16|16,6|16,26|16,16|26,26|
#setting_targetting_pos=-1,-1|-1,-1|9,30|-1,-1|-1,-1|-1,-1|-1,-1|-1,-1|-1,-1|-1,-1|
#type=4,4,0,4,4,4,4,4,4,4,
..........
#1111111111
#assigned_pet=-1,-1,-1,-1,-1,-1,-1,-1,-1,-1,
#assigned_hub=2,0,-1,6,1,7,3,5,4,8,
#moving_targetting_pos=6,26|6,6|9,2|26,6|6,16|26,16|16,6|16,26|16,16|26,26|
#setting_targetting_pos=-1,-1|-1,-1|9,30|-1,-1|-1,-1|-1,-1|-1,-1|-1,-1|-1,-1|-1,-1|
#type=4,4,0,4,4,4,4,4,4,4,
..........
#1111111111
#assigned_pet=-1,-1,-1,-1,-1,-1,-1,-1,-1,-1,
#assigned_hub=2,0,-1,6,1,7,3,5,4,8,
#moving_targetting_pos=6,26|6,6|9,2|26,6|6,16|26,16|16,6|16,26|16,16|26,26|
#setting_targetting_pos=-1,-1|-1,-1|9,30|-1,-1|-1,-1|-1,-1|-1,-1|-1,-1|-1,-1|-1,-1|
#type=4,4,0,4,4,4,4,4,4,4,
..........
#1111111111
#assigned_pet=-1,-1,-1,-1,-1,-1,-1,-1,-1,-1,
#assigned_hub=2,0,-1,6,1,7,3,5,4,8,
#moving_targetting_pos=6,26|6,6|9,2|26,6|6,16|26,16|16,6|16,26|16,16|26,26|
#setting_targetting_pos=-1,-1|-1,-1|9,30|-1,-1|-1,-1|-1,-1|-1,-1|-1,-1|-1,-1|-1,-1|
#type=4,4,0,4,4,4,4,4,4,4,
..........
#1111111111
#assigned_pet=-1,-1,-1,-1,-1,-1,-1,-1,-1,-1,
#assigned_hub=2,0,-1,6,1,7,3,5,4,8,
#moving_targetting_pos=6,26|6,6|9,2|26,6|6,16|26,16|16,6|16,26|16,16|26,26|
#setting_targetting_pos=-1,-1|-1,-1|9,30|-1,-1|-1,-1|-1,-1|-1,-1|-1,-1|-1,-1|-1,-1|
#type=4,4,0,4,4,4,4,4,4,4,
..........
#1111111111
#assigned_pet=-1,-1,-1,-1,-1,-1,-1,-1,-1,-1,
#assigned_hub=2,0,-1,6,1,7,3,5,4,8,
#moving_targetting_pos=6,26|6,6|9,2|26,6|6,16|26,16|16,6|16,26|16,16|26,26|
#setting_targetting_pos=-1,-1|-1,-1|9,30|-1,-1|-1,-1|-1,-1|-1,-1|-1,-1|-1,-1|-1,-1|
#type=4,4,0,4,4,4,4,4,4,4,
..........
#1111111111
#assigned_pet=-1,-1,-1,-1,-1,-1,-1,-1,-1,-1,
#assigned_hub=2,0,-1,6,1,7,3,5,4,8,
#moving_targetting_pos=6,26|6,6|9,2|26,6|6,16|26,16|16,6|16,26|16,16|26,26|
#setting_targetting_pos=-1,-1|-1,-1|9,30|-1,-1|-1,-1|-1,-1|-1,-1|-1,-1|-1,-1|-1,-1|
#type=4,4,0,4,4,4,4,4,4,4,
..........
#1111111111
#assigned_pet=-1,-1,-1,-1,-1,-1,-1,-1,-1,-1,
#assigned_hub=2,0,-1,6,1,7,3,5,4,8,
#moving_targetting_pos=6,26|6,6|9,2|26,6|6,16|26,16|16,6|16,26|16,16|26,26|
#setting_targetting_pos=-1,-1|-1,-1|9,30|-1,-1|-1,-1|-1,-1|-1,-1|-1,-1|-1,-1|-1,-1|
#type=4,4,0,4,4,4,4,4,4,4,
..........
#1111111111
#assigned_pet=-1,-1,-1,-1,-1,-1,-1,-1,-1,-1,
#assigned_hub=2,0,-1,6,1,7,3,5,4,8,
#moving_targetting_pos=6,26|6,6|9,2|26,6|6,16|26,16|16,6|16,26|16,16|26,26|
#setting_targetting_pos=-1,-1|-1,-1|9,30|-1,-1|-1,-1|-1,-1|-1,-1|-1,-1|-1,-1|-1,-1|
#type=4,4,0,4,4,4,4,4,4,4,
..........
#1111111111
#assigned_pet=-1,-1,-1,-1,-1,-1,-1,-1,-1,-1,
#assigned_hub=2,0,-1,6,1,7,3,5,4,8,
#moving_targetting_pos=6,26|6,6|9,2|26,6|6,16|26,16|16,6|16,26|16,16|26,26|
#setting_targetting_pos=-1,-1|-1,-1|9,30|-1,-1|-1,-1|-1,-1|-1,-1|-1,-1|-1,-1|-1,-1|
#type=4,4,0,4,4,4,4,4,4,4,
..........
#1111111111
#assigned_pet=-1,-1,-1,-1,-1,-1,-1,-1,-1,-1,
#assigned_hub=2,0,-1,6,1,7,3,5,4,8,
#moving_targetting_pos=6,26|6,6|9,2|26,6|6,16|26,16|16,6|16,26|16,16|26,26|
#setting_targetting_pos=-1,-1|-1,-1|9,30|-1,-1|-1,-1|-1,-1|-1,-1|-1,-1|-1,-1|-1,-1|
#type=4,4,0,4,4,4,4,4,4,4,
..........
#1111111111
#assigned_pet=-1,-1,-1,-1,-1,-1,-1,-1,-1,-1,
#assigned_hub=2,0,-1,6,1,7,3,5,4,8,
#moving_targetting_pos=6,26|6,6|9,2|26,6|6,16|26,16|16,6|16,26|16,16|26,26|
#setting_targetting_pos=-1,-1|-1,-1|9,30|-1,-1|-1,-1|-1,-1|-1,-1|-1,-1|-1,-1|-1,-1|
#type=4,4,0,4,4,4,4,4,4,4,
..........
#1111111111
#assigned_pet=-1,-1,-1,-1,-1,-1,-1,-1,-1,-1,
#assigned_hub=2,0,-1,6,1,7,3,5,4,8,
#moving_targetting_pos=6,26|6,6|9,2|26,6|6,16|26,16|16,6|16,26|16,16|26,26|
#setting_targetting_pos=-1,-1|-1,-1|9,30|-1,-1|-1,-1|-1,-1|-1,-1|-1,-1|-1,-1|-1,-1|
#type=4,4,0,4,4,4,4,4,4,4,
..........
#1111111111
#assigned_pet=-1,-1,-1,-1,-1,-1,-1,-1,-1,-1,
#assigned_hub=2,0,-1,6,1,7,3,5,4,8,
#moving_targetting_pos=6,26|6,6|9,2|26,6|6,16|26,16|16,6|16,26|16,16|26,26|
#setting_targetting_pos=-1,-1|-1,-1|9,30|-1,-1|-1,-1|-1,-1|-1,-1|-1,-1|-1,-1|-1,-1|
#type=4,4,0,4,4,4,4,4,4,4,
..........
#1111111111
#assigned_pet=-1,-1,-1,-1,-1,-1,-1,-1,-1,-1,
#assigned_hub=2,0,-1,6,1,7,3,5,4,8,
#moving_targetting_pos=6,26|6,6|9,2|26,6|6,16|26,16|16,6|16,26|16,16|26,26|
#setting_targetting_pos=-1,-1|-1,-1|9,30|-1,-1|-1,-1|-1,-1|-1,-1|-1,-1|-1,-1|-1,-1|
#type=4,4,0,4,4,4,4,4,4,4,
..........
#1111111111
#assigned_pet=-1,-1,-1,-1,-1,-1,-1,-1,-1,-1,
#assigned_hub=2,0,-1,6,1,7,3,5,4,8,
#moving_targetting_pos=6,26|6,6|9,2|26,6|6,16|26,16|16,6|16,26|16,16|26,26|
#setting_targetting_pos=-1,-1|-1,-1|9,30|-1,-1|-1,-1|-1,-1|-1,-1|-1,-1|-1,-1|-1,-1|
#type=4,4,0,4,4,4,4,4,4,4,
..........
#1111111111
#assigned_pet=-1,-1,-1,-1,-1,-1,-1,-1,-1,-1,
#assigned_hub=2,0,-1,6,1,7,3,5,4,8,
#moving_targetting_pos=6,26|6,6|9,2|26,6|6,16|26,16|16,6|16,26|16,16|26,26|
#setting_targetting_pos=-1,-1|-1,-1|9,30|-1,-1|-1,-1|-1,-1|-1,-1|-1,-1|-1,-1|-1,-1|
#type=4,4,0,4,4,4,4,4,4,4,
..........
#1111111111
#assigned_pet=-1,-1,-1,-1,-1,-1,-1,-1,-1,-1,
#assigned_hub=2,0,-1,6,1,7,3,5,4,8,
#moving_targetting_pos=6,26|6,6|9,2|26,6|6,16|26,16|16,6|16,26|16,16|26,26|
#setting_targetting_pos=-1,-1|-1,-1|9,30|-1,-1|-1,-1|-1,-1|-1,-1|-1,-1|-1,-1|-1,-1|
#type=4,4,0,4,4,4,4,4,4,4,
..........
#1111111111
#assigned_pet=-1,-1,-1,-1,-1,-1,-1,-1,-1,-1,
#assigned_hub=2,0,-1,6,1,7,3,5,4,8,
#moving_targetting_pos=6,26|6,6|9,2|26,6|6,16|26,16|16,6|16,26|16,16|26,26|
#setting_targetting_pos=-1,-1|-1,-1|9,30|-1,-1|-1,-1|-1,-1|-1,-1|-1,-1|-1,-1|-1,-1|
#type=4,4,0,4,4,4,4,4,4,4,
..........
#1111111111
#assigned_pet=-1,-1,-1,-1,-1,-1,-1,-1,-1,-1,
#assigned_hub=2,0,-1,6,1,7,3,5,4,8,
#moving_targetting_pos=6,26|6,6|9,2|26,6|6,16|26,16|16,6|16,26|16,16|26,26|
#setting_targetting_pos=-1,-1|-1,-1|9,30|-1,-1|-1,-1|-1,-1|-1,-1|-1,-1|-1,-1|-1,-1|
#type=4,4,0,4,4,4,4,4,4,4,
..........
#1111111111
#assigned_pet=-1,-1,-1,-1,-1,-1,-1,-1,-1,-1,
#assigned_hub=2,0,-1,6,1,7,3,5,4,8,
#moving_targetting_pos=6,26|6,6|9,2|26,6|6,16|26,16|16,6|16,26|16,16|26,26|
#setting_targetting_pos=-1,-1|-1,-1|9,30|-1,-1|-1,-1|-1,-1|-1,-1|-1,-1|-1,-1|-1,-1|
#type=4,4,0,4,4,4,4,4,4,4,
..........
#1111111111
#assigned_pet=-1,-1,-1,-1,-1,-1,-1,-1,-1,-1,
#assigned_hub=2,0,-1,6,1,7,3,5,4,8,
#moving_targetting_pos=6,26|6,6|9,2|26,6|6,16|26,16|16,6|16,26|16,16|26,26|
#setting_targetting_pos=-1,-1|-1,-1|9,30|-1,-1|-1,-1|-1,-1|-1,-1|-1,-1|-1,-1|-1,-1|
#type=4,4,0,4,4,4,4,4,4,4,
..........
#1111111111
#assigned_pet=-1,-1,-1,-1,-1,-1,-1,-1,-1,-1,
#assigned_hub=2,0,-1,6,1,7,3,5,4,8,
#moving_targetting_pos=6,26|6,6|9,2|26,6|6,16|26,16|16,6|16,26|16,16|26,26|
#setting_targetting_pos=-1,-1|-1,-1|9,30|-1,-1|-1,-1|-1,-1|-1,-1|-1,-1|-1,-1|-1,-1|
#type=4,4,0,4,4,4,4,4,4,4,
..........
#1111111111
#assigned_pet=-1,-1,-1,-1,-1,-1,-1,-1,-1,-1,
#assigned_hub=2,0,-1,6,1,7,3,5,4,8,
#moving_targetting_pos=6,26|6,6|9,2|26,6|6,16|26,16|16,6|16,26|16,16|26,26|
#setting_targetting_pos=-1,-1|-1,-1|9,30|-1,-1|-1,-1|-1,-1|-1,-1|-1,-1|-1,-1|-1,-1|
#type=4,4,0,4,4,4,4,4,4,4,
..........
#1111111111
#assigned_pet=-1,-1,-1,-1,-1,-1,-1,-1,-1,-1,
#assigned_hub=2,0,-1,6,1,7,3,5,4,8,
#moving_targetting_pos=6,26|6,6|9,2|26,6|6,16|26,16|16,6|16,26|16,16|26,26|
#setting_targetting_pos=-1,-1|-1,-1|9,30|-1,-1|-1,-1|-1,-1|-1,-1|-1,-1|-1,-1|-1,-1|
#type=4,4,0,4,4,4,4,4,4,4,
..........
#1111111111
#assigned_pet=-1,-1,-1,-1,-1,-1,-1,-1,-1,-1,
#assigned_hub=2,0,-1,6,1,7,3,5,4,8,
#moving_targetting_pos=6,26|6,6|9,2|26,6|6,16|26,16|16,6|16,26|16,16|26,26|
#setting_targetting_pos=-1,-1|-1,-1|9,30|-1,-1|-1,-1|-1,-1|-1,-1|-1,-1|-1,-1|-1,-1|
#type=4,4,0,4,4,4,4,4,4,4,
..........
#1111111111
#assigned_pet=-1,-1,-1,-1,-1,-1,-1,-1,-1,-1,
#assigned_hub=2,0,-1,6,1,7,3,5,4,8,
#moving_targetting_pos=6,26|6,6|9,2|26,6|6,16|26,16|16,6|16,26|16,16|26,26|
#setting_targetting_pos=-1,-1|-1,-1|9,30|-1,-1|-1,-1|-1,-1|-1,-1|-1,-1|-1,-1|-1,-1|
#type=4,4,0,4,4,4,4,4,4,4,
..........
#1111111111
#assigned_pet=-1,-1,-1,-1,-1,-1,-1,-1,-1,-1,
#assigned_hub=2,0,-1,6,1,7,3,5,4,8,
#moving_targetting_pos=6,26|6,6|9,2|26,6|6,16|26,16|16,6|16,26|16,16|26,26|
#setting_targetting_pos=-1,-1|-1,-1|9,30|-1,-1|-1,-1|-1,-1|-1,-1|-1,-1|-1,-1|-1,-1|
#type=4,4,0,4,4,4,4,4,4,4,
..........
#1111111111
#assigned_pet=-1,-1,-1,-1,-1,-1,-1,-1,-1,-1,
#assigned_hub=2,0,-1,6,1,7,3,5,4,8,
#moving_targetting_pos=6,26|6,6|9,2|26,6|6,16|26,16|16,6|16,26|16,16|26,26|
#setting_targetting_pos=-1,-1|-1,-1|9,30|-1,-1|-1,-1|-1,-1|-1,-1|-1,-1|-1,-1|-1,-1|
#type=4,4,0,4,4,4,4,4,4,4,
..........
#1111111111
#assigned_pet=-1,-1,-1,-1,-1,-1,-1,-1,-1,-1,
#assigned_hub=2,0,-1,6,1,7,3,5,4,8,
#moving_targetting_pos=6,26|6,6|9,2|26,6|6,16|26,16|16,6|16,26|16,16|26,26|
#setting_targetting_pos=-1,-1|-1,-1|9,30|-1,-1|-1,-1|-1,-1|-1,-1|-1,-1|-1,-1|-1,-1|
#type=4,4,0,4,4,4,4,4,4,4,
..........
#1111111111
#assigned_pet=-1,-1,-1,-1,-1,-1,-1,-1,-1,-1,
#assigned_hub=2,0,-1,6,1,7,3,5,4,8,
#moving_targetting_pos=6,26|6,6|9,2|26,6|6,16|26,16|16,6|16,26|16,16|26,26|
#setting_targetting_pos=-1,-1|-1,-1|9,30|-1,-1|-1,-1|-1,-1|-1,-1|-1,-1|-1,-1|-1,-1|
#type=4,4,0,4,4,4,4,4,4,4,
..........
#1111111111
#assigned_pet=-1,-1,-1,-1,-1,-1,-1,-1,-1,-1,
#assigned_hub=2,0,-1,6,1,7,3,5,4,8,
#moving_targetting_pos=6,26|6,6|9,2|26,6|6,16|26,16|16,6|16,26|16,16|26,26|
#setting_targetting_pos=-1,-1|-1,-1|9,30|-1,-1|-1,-1|-1,-1|-1,-1|-1,-1|-1,-1|-1,-1|
#type=4,4,0,4,4,4,4,4,4,4,
..........
#1111111111
#assigned_pet=-1,-1,-1,-1,-1,-1,-1,-1,-1,-1,
#assigned_hub=2,0,-1,6,1,7,3,5,4,8,
#moving_targetting_pos=6,26|6,6|9,2|26,6|6,16|26,16|16,6|16,26|16,16|26,26|
#setting_targetting_pos=-1,-1|-1,-1|9,30|-1,-1|-1,-1|-1,-1|-1,-1|-1,-1|-1,-1|-1,-1|
#type=4,4,0,4,4,4,4,4,4,4,
..........
#1111111111
#assigned_pet=-1,-1,-1,-1,-1,-1,-1,-1,-1,-1,
#assigned_hub=2,0,-1,6,1,7,3,5,4,8,
#moving_targetting_pos=6,26|6,6|9,2|26,6|6,16|26,16|16,6|16,26|16,16|26,26|
#setting_targetting_pos=-1,-1|-1,-1|9,30|-1,-1|-1,-1|-1,-1|-1,-1|-1,-1|-1,-1|-1,-1|
#type=4,4,0,4,4,4,4,4,4,4,
..........
#1111111111
#assigned_pet=-1,-1,-1,-1,-1,-1,-1,-1,-1,-1,
#assigned_hub=2,0,-1,6,1,7,3,5,4,8,
#moving_targetting_pos=6,26|6,6|9,2|26,6|6,16|26,16|16,6|16,26|16,16|26,26|
#setting_targetting_pos=-1,-1|-1,-1|9,30|-1,-1|-1,-1|-1,-1|-1,-1|-1,-1|-1,-1|-1,-1|
#type=4,4,0,4,4,4,4,4,4,4,
..........
#1111111111
#assigned_pet=-1,-1,-1,-1,-1,-1,-1,-1,-1,-1,
#assigned_hub=2,0,-1,6,1,7,3,5,4,8,
#moving_targetting_pos=6,26|6,6|9,2|26,6|6,16|26,16|16,6|16,26|16,16|26,26|
#setting_targetting_pos=-1,-1|-1,-1|9,30|-1,-1|-1,-1|-1,-1|-1,-1|-1,-1|-1,-1|-1,-1|
#type=4,4,0,4,4,4,4,4,4,4,
..........
#1111111111
#assigned_pet=-1,-1,-1,-1,-1,-1,-1,-1,-1,-1,
#assigned_hub=2,0,-1,6,1,7,3,5,4,8,
#moving_targetting_pos=6,26|6,6|9,2|26,6|6,16|26,16|16,6|16,26|16,16|26,26|
#setting_targetting_pos=-1,-1|-1,-1|9,30|-1,-1|-1,-1|-1,-1|-1,-1|-1,-1|-1,-1|-1,-1|
#type=4,4,0,4,4,4,4,4,4,4,
..........
#1111111111
#assigned_pet=-1,-1,-1,-1,-1,-1,-1,-1,-1,-1,
#assigned_hub=2,0,-1,6,1,7,3,5,4,8,
#moving_targetting_pos=6,26|6,6|9,2|26,6|6,16|26,16|16,6|16,26|16,16|26,26|
#setting_targetting_pos=-1,-1|-1,-1|9,30|-1,-1|-1,-1|-1,-1|-1,-1|-1,-1|-1,-1|-1,-1|
#type=4,4,0,4,4,4,4,4,4,4,
..........
#1111111111
#assigned_pet=-1,-1,-1,-1,-1,-1,-1,-1,-1,-1,
#assigned_hub=2,0,-1,6,1,7,3,5,4,8,
#moving_targetting_pos=6,26|6,6|9,2|26,6|6,16|26,16|16,6|16,26|16,16|26,26|
#setting_targetting_pos=-1,-1|-1,-1|9,30|-1,-1|-1,-1|-1,-1|-1,-1|-1,-1|-1,-1|-1,-1|
#type=4,4,0,4,4,4,4,4,4,4,
..........
#1111111111
#assigned_pet=-1,-1,-1,-1,-1,-1,-1,-1,-1,-1,
#assigned_hub=2,0,-1,6,1,7,3,5,4,8,
#moving_targetting_pos=6,26|6,6|9,2|26,6|6,16|26,16|16,6|16,26|16,16|26,26|
#setting_targetting_pos=-1,-1|-1,-1|9,30|-1,-1|-1,-1|-1,-1|-1,-1|-1,-1|-1,-1|-1,-1|
#type=4,4,0,4,4,4,4,4,4,4,
..........
#1111111111
#assigned_pet=-1,-1,-1,-1,-1,-1,-1,-1,-1,-1,
#assigned_hub=2,0,-1,6,1,7,3,5,4,8,
#moving_targetting_pos=6,26|6,6|9,2|26,6|6,16|26,16|16,6|16,26|16,16|26,26|
#setting_targetting_pos=-1,-1|-1,-1|9,30|-1,-1|-1,-1|-1,-1|-1,-1|-1,-1|-1,-1|-1,-1|
#type=4,4,0,4,4,4,4,4,4,4,
..........
#1111111111
#assigned_pet=-1,-1,-1,-1,-1,-1,-1,-1,-1,-1,
#assigned_hub=2,0,-1,6,1,7,3,5,4,8,
#moving_targetting_pos=6,26|6,6|9,2|26,6|6,16|26,16|16,6|16,26|16,16|26,26|
#setting_targetting_pos=-1,-1|-1,-1|9,30|-1,-1|-1,-1|-1,-1|-1,-1|-1,-1|-1,-1|-1,-1|
#type=4,4,0,4,4,4,4,4,4,4,
..........
#1111111111
#assigned_pet=-1,-1,-1,-1,-1,-1,-1,-1,-1,-1,
#assigned_hub=2,0,-1,6,1,7,3,5,4,8,
#moving_targetting_pos=6,26|6,6|9,2|26,6|6,16|26,16|16,6|16,26|16,16|26,26|
#setting_targetting_pos=-1,-1|-1,-1|9,30|-1,-1|-1,-1|-1,-1|-1,-1|-1,-1|-1,-1|-1,-1|
#type=4,4,0,4,4,4,4,4,4,4,
..........
#1111111111
#assigned_pet=-1,-1,-1,-1,-1,-1,-1,-1,-1,-1,
#assigned_hub=2,0,-1,6,1,7,3,5,4,8,
#moving_targetting_pos=6,26|6,6|9,2|26,6|6,16|26,16|16,6|16,26|16,16|26,26|
#setting_targetting_pos=-1,-1|-1,-1|9,30|-1,-1|-1,-1|-1,-1|-1,-1|-1,-1|-1,-1|-1,-1|
#type=4,4,0,4,4,4,4,4,4,4,
..........
#1111111111
#assigned_pet=-1,-1,-1,-1,-1,-1,-1,-1,-1,-1,
#assigned_hub=2,0,-1,6,1,7,3,5,4,8,
#moving_targetting_pos=6,26|6,6|9,2|26,6|6,16|26,16|16,6|16,26|16,16|26,26|
#setting_targetting_pos=-1,-1|-1,-1|9,30|-1,-1|-1,-1|-1,-1|-1,-1|-1,-1|-1,-1|-1,-1|
#type=4,4,0,4,4,4,4,4,4,4,
..........
#1111111111
#assigned_pet=-1,-1,-1,-1,-1,-1,-1,-1,-1,-1,
#assigned_hub=2,0,-1,6,1,7,3,5,4,8,
#moving_targetting_pos=6,26|6,6|9,2|26,6|6,16|26,16|16,6|16,26|16,16|26,26|
#setting_targetting_pos=-1,-1|-1,-1|9,30|-1,-1|-1,-1|-1,-1|-1,-1|-1,-1|-1,-1|-1,-1|
#type=4,4,0,4,4,4,4,4,4,4,
..........
#1111111111
#assigned_pet=-1,-1,-1,-1,-1,-1,-1,-1,-1,-1,
#assigned_hub=2,0,-1,6,1,7,3,5,4,8,
#moving_targetting_pos=6,26|6,6|9,2|26,6|6,16|26,16|16,6|16,26|16,16|26,26|
#setting_targetting_pos=-1,-1|-1,-1|9,30|-1,-1|-1,-1|-1,-1|-1,-1|-1,-1|-1,-1|-1,-1|
#type=4,4,0,4,4,4,4,4,4,4,
..........
#1111111111
#assigned_pet=-1,-1,-1,-1,-1,-1,-1,-1,-1,-1,
#assigned_hub=2,0,-1,6,1,7,3,5,4,8,
#moving_targetting_pos=6,26|6,6|9,2|26,6|6,16|26,16|16,6|16,26|16,16|26,26|
#setting_targetting_pos=-1,-1|-1,-1|9,30|-1,-1|-1,-1|-1,-1|-1,-1|-1,-1|-1,-1|-1,-1|
#type=4,4,0,4,4,4,4,4,4,4,
..........
#1111111111
#assigned_pet=-1,-1,-1,-1,-1,-1,-1,-1,-1,-1,
#assigned_hub=2,0,-1,6,1,7,3,5,4,8,
#moving_targetting_pos=6,26|6,6|9,2|26,6|6,16|26,16|16,6|16,26|16,16|26,26|
#setting_targetting_pos=-1,-1|-1,-1|9,30|-1,-1|-1,-1|-1,-1|-1,-1|-1,-1|-1,-1|-1,-1|
#type=4,4,0,4,4,4,4,4,4,4,
..........
#1111111111
#assigned_pet=-1,-1,-1,-1,-1,-1,-1,-1,-1,-1,
#assigned_hub=2,0,-1,6,1,7,3,5,4,8,
#moving_targetting_pos=6,26|6,6|9,2|26,6|6,16|26,16|16,6|16,26|16,16|26,26|
#setting_targetting_pos=-1,-1|-1,-1|9,30|-1,-1|-1,-1|-1,-1|-1,-1|-1,-1|-1,-1|-1,-1|
#type=4,4,0,4,4,4,4,4,4,4,
..........
#1111111111
#assigned_pet=-1,-1,-1,-1,-1,-1,-1,-1,-1,-1,
#assigned_hub=2,0,-1,6,1,7,3,5,4,8,
#moving_targetting_pos=6,26|6,6|9,2|26,6|6,16|26,16|16,6|16,26|16,16|26,26|
#setting_targetting_pos=-1,-1|-1,-1|9,30|-1,-1|-1,-1|-1,-1|-1,-1|-1,-1|-1,-1|-1,-1|
#type=4,4,0,4,4,4,4,4,4,4,
..........
#1111111111
#assigned_pet=-1,-1,-1,-1,-1,-1,-1,-1,-1,-1,
#assigned_hub=2,0,-1,6,1,7,3,5,4,8,
#moving_targetting_pos=6,26|6,6|9,2|26,6|6,16|26,16|16,6|16,26|16,16|26,26|
#setting_targetting_pos=-1,-1|-1,-1|9,30|-1,-1|-1,-1|-1,-1|-1,-1|-1,-1|-1,-1|-1,-1|
#type=4,4,0,4,4,4,4,4,4,4,
..........
#1111111111
#assigned_pet=-1,-1,-1,-1,-1,-1,-1,-1,-1,-1,
#assigned_hub=2,0,-1,6,1,7,3,5,4,8,
#moving_targetting_pos=6,26|6,6|9,2|26,6|6,16|26,16|16,6|16,26|16,16|26,26|
#setting_targetting_pos=-1,-1|-1,-1|9,30|-1,-1|-1,-1|-1,-1|-1,-1|-1,-1|-1,-1|-1,-1|
#type=4,4,0,4,4,4,4,4,4,4,
..........
#1111111111
#assigned_pet=-1,-1,-1,-1,-1,-1,-1,-1,-1,-1,
#assigned_hub=2,0,-1,6,1,7,3,5,4,8,
#moving_targetting_pos=6,26|6,6|9,2|26,6|6,16|26,16|16,6|16,26|16,16|26,26|
#setting_targetting_pos=-1,-1|-1,-1|9,30|-1,-1|-1,-1|-1,-1|-1,-1|-1,-1|-1,-1|-1,-1|
#type=4,4,0,4,4,4,4,4,4,4,
..........
#1111111111
#assigned_pet=-1,-1,-1,-1,-1,-1,-1,-1,-1,-1,
#assigned_hub=2,0,-1,6,1,7,3,5,4,8,
#moving_targetting_pos=6,26|6,6|9,2|26,6|6,16|26,16|16,6|16,26|16,16|26,26|
#setting_targetting_pos=-1,-1|-1,-1|9,30|-1,-1|-1,-1|-1,-1|-1,-1|-1,-1|-1,-1|-1,-1|
#type=4,4,0,4,4,4,4,4,4,4,
..........
#1111111111
#assigned_pet=-1,-1,-1,-1,-1,-1,-1,-1,-1,-1,
#assigned_hub=2,0,-1,6,1,7,3,5,4,8,
#moving_targetting_pos=6,26|6,6|9,2|26,6|6,16|26,16|16,6|16,26|16,16|26,26|
#setting_targetting_pos=-1,-1|-1,-1|9,30|-1,-1|-1,-1|-1,-1|-1,-1|-1,-1|-1,-1|-1,-1|
#type=4,4,0,4,4,4,4,4,4,4,
..........
