#predicted_score_long=6.1482e+07
#predicted_score_short=6.58295e+07
#SHORT_BAR=1
#0000000000
#assigned_pet=-1,-1,-1,-1,-1,-1,-1,-1,-1,
#assigned_hub=-1,-1,-1,-1,-1,-1,-1,-1,-1,
#moving_targetting_pos=2,29|5,1|19,2|15,30|29,30|9,2|12,29|22,29|25,30|
#setting_targetting_pos=2,1|5,30|19,30|15,1|29,2|9,30|12,1|22,1|25,1|
#type=1,1,1,1,1,1,1,1,1,
RLLRRLRRR
#0000000000
#assigned_pet=-1,-1,-1,-1,-1,-1,-1,-1,-1,
#assigned_hub=-1,-1,-1,-1,-1,-1,-1,-1,-1,
#moving_targetting_pos=2,29|5,1|19,2|15,30|29,30|9,2|12,29|22,29|25,30|
#setting_targetting_pos=2,1|5,30|19,30|15,1|29,2|9,30|12,1|22,1|25,1|
#type=1,1,1,1,1,1,1,1,1,
RLLRRDRRR
#0000000000
#assigned_pet=-1,-1,-1,-1,-1,-1,-1,-1,-1,
#assigned_hub=-1,-1,-1,-1,-1,-1,-1,-1,-1,
#moving_targetting_pos=2,29|5,1|19,2|15,30|29,30|9,2|12,29|22,29|25,30|
#setting_targetting_pos=2,1|5,30|19,30|15,1|29,2|9,30|12,1|22,1|25,1|
#type=1,1,1,1,1,1,1,1,1,
RLLRRDRRR
#0000000000
#assigned_pet=-1,-1,-1,-1,-1,-1,-1,-1,-1,
#assigned_hub=-1,-1,-1,-1,-1,-1,-1,-1,-1,
#moving_targetting_pos=2,29|5,1|19,2|15,30|29,30|9,2|12,29|22,29|25,30|
#setting_targetting_pos=2,1|5,30|19,30|15,1|29,2|9,30|12,1|22,1|25,1|
#type=1,1,1,1,1,1,1,1,1,
RLLRRDRRD
#0000000000
#assigned_pet=-1,-1,-1,-1,-1,-1,-1,-1,-1,
#assigned_hub=-1,-1,-1,-1,-1,-1,-1,-1,-1,
#moving_targetting_pos=2,29|5,1|19,2|15,30|29,30|9,2|12,29|22,29|25,30|
#setting_targetting_pos=2,1|5,30|19,30|15,1|29,2|9,30|12,1|22,1|25,1|
#type=1,1,1,1,1,1,1,1,1,
RLLRRDDRD
#0000000000
#assigned_pet=-1,-1,-1,-1,-1,-1,-1,-1,-1,
#assigned_hub=-1,-1,-1,-1,-1,-1,-1,-1,-1,
#moving_targetting_pos=2,29|5,1|19,2|15,30|29,30|9,2|12,29|22,29|25,30|
#setting_targetting_pos=2,1|5,30|19,30|15,1|29,2|9,30|12,1|22,1|25,1|
#type=1,1,1,1,1,2,1,1,1,
RLLRRdDDD
#0000000000
#assigned_pet=-1,-1,-1,-1,-1,-1,-1,-1,-1,
#assigned_hub=-1,-1,-1,-1,-1,-1,-1,-1,-1,
#moving_targetting_pos=2,29|5,1|19,2|15,30|29,30|9,2|12,29|22,29|25,30|
#setting_targetting_pos=2,1|5,30|19,30|15,1|29,2|9,30|12,1|22,1|25,1|
#type=1,1,1,1,1,2,1,1,1,
RLLRDRDDD
#0000000000
#assigned_pet=-1,-1,-1,-1,-1,-1,-1,-1,-1,
#assigned_hub=-1,-1,-1,-1,-1,-1,-1,-1,-1,
#moving_targetting_pos=2,29|5,1|19,2|15,30|29,30|9,2|12,29|22,29|25,30|
#setting_targetting_pos=2,1|5,30|19,30|15,1|29,2|9,30|12,1|22,1|25,1|
#type=1,1,1,1,2,2,1,1,1,
RLLRdRDDD
#0000000000
#assigned_pet=-1,-1,-1,-1,-1,-1,-1,-1,-1,
#assigned_hub=-1,-1,-1,-1,-1,-1,-1,-1,-1,
#moving_targetting_pos=2,29|5,1|19,2|15,30|29,30|9,2|12,29|22,29|25,30|
#setting_targetting_pos=2,1|5,30|19,30|15,1|29,2|9,30|12,1|22,1|25,1|
#type=1,1,1,1,2,2,1,1,1,
RLLRLlDDD
#0000000000
#assigned_pet=-1,-1,-1,-1,-1,-1,-1,-1,-1,
#assigned_hub=-1,-1,-1,-1,-1,-1,-1,-1,-1,
#moving_targetting_pos=2,29|5,1|19,2|15,30|29,30|9,2|12,29|22,29|25,30|
#setting_targetting_pos=2,1|5,30|19,30|15,1|29,2|9,30|12,1|22,1|25,1|
#type=1,1,1,1,2,2,1,1,2,
RLLRLuDDd
#0000000000
#assigned_pet=-1,-1,-1,-1,-1,-1,-1,-1,-1,
#assigned_hub=-1,-1,-1,-1,-1,-1,-1,-1,-1,
#moving_targetting_pos=2,29|5,1|19,2|15,30|29,30|9,2|12,29|22,29|25,30|
#setting_targetting_pos=2,1|5,30|19,30|15,1|29,2|9,30|12,1|22,1|25,1|
#type=1,1,1,1,2,2,1,1,2,
RLLUrRDDL
#0000000000
#assigned_pet=-1,-1,-1,-1,-1,-1,-1,-1,-1,
#assigned_hub=-1,-1,-1,-1,-1,-1,-1,-1,-1,
#moving_targetting_pos=2,29|5,1|19,2|15,30|29,30|9,2|12,29|22,29|25,30|
#setting_targetting_pos=2,1|5,30|19,30|15,1|29,2|9,30|12,1|22,1|25,1|
#type=1,1,1,1,2,2,1,1,2,
RLDUuRDDL
#0000000000
#assigned_pet=-1,-1,-1,-1,-1,-1,-1,-1,-1,
#assigned_hub=-1,-1,-1,-1,-1,-1,-1,-1,-1,
#moving_targetting_pos=2,29|5,1|19,2|15,30|29,30|9,2|12,29|22,29|25,30|
#setting_targetting_pos=2,1|5,30|19,30|15,1|29,2|9,30|12,1|22,1|25,1|
#type=1,1,1,1,2,2,1,1,2,
RDDULdDDu
#0000000000
#assigned_pet=-1,-1,-1,-1,-1,-1,-1,-1,-1,
#assigned_hub=-1,-1,-1,-1,-1,-1,-1,-1,-1,
#moving_targetting_pos=2,29|5,1|19,2|15,30|29,30|9,2|12,29|22,29|25,30|
#setting_targetting_pos=2,1|5,30|19,30|15,1|29,2|9,30|12,1|22,1|25,1|
#type=1,1,2,2,2,2,1,1,2,
DDd.LRDDL
#0000000000
#assigned_pet=-1,-1,-1,-1,-1,-1,-1,-1,-1,
#assigned_hub=-1,-1,-1,-1,-1,-1,-1,-1,-1,
#moving_targetting_pos=2,29|5,1|19,2|15,30|29,30|9,2|12,29|22,29|25,30|
#setting_targetting_pos=2,1|5,30|19,30|15,1|29,2|9,30|12,1|22,1|25,1|
#type=2,2,2,2,2,2,2,1,2,
rdR.dRrDL
#0000000000
#assigned_pet=-1,-1,-1,-1,-1,-1,-1,-1,-1,
#assigned_hub=-1,-1,-1,-1,-1,-1,-1,-1,-1,
#moving_targetting_pos=2,29|5,1|19,2|15,30|29,30|9,2|12,29|22,29|25,30|
#setting_targetting_pos=2,1|5,30|19,30|15,1|29,2|9,30|12,1|22,1|25,1|
#type=2,2,2,2,2,2,2,1,2,
dRR.LudDL
#0000000000
#assigned_pet=-1,-1,-1,-1,-1,-1,-1,-1,-1,
#assigned_hub=-1,-1,-1,-1,-1,-1,-1,-1,-1,
#moving_targetting_pos=2,29|5,1|19,2|15,30|29,30|9,2|12,29|22,29|25,30|
#setting_targetting_pos=2,1|5,30|19,30|15,1|29,2|9,30|12,1|22,1|25,1|
#type=2,2,2,2,2,2,2,1,2,
LdldLRLDL
#0000000000
#assigned_pet=-1,-1,-1,-1,-1,-1,-1,-1,-1,
#assigned_hub=-1,-1,-1,-1,-1,-1,-1,-1,-1,
#moving_targetting_pos=2,29|5,1|19,2|15,30|29,30|9,2|12,29|22,29|25,30|
#setting_targetting_pos=2,1|5,30|19,30|15,1|29,2|9,30|12,1|22,1|25,1|
#type=2,2,2,2,2,2,2,2,2,
LRuLuRLru
#0000000000
#assigned_pet=-1,-1,-1,-1,-1,-1,-1,-1,-1,
#assigned_hub=-1,-1,-1,-1,-1,-1,-1,-1,-1,
#moving_targetting_pos=2,29|5,1|19,2|15,30|29,30|9,2|12,29|22,29|25,30|
#setting_targetting_pos=2,1|5,30|19,30|15,1|29,2|9,30|12,1|22,1|25,1|
#type=2,2,2,2,2,2,2,2,2,
LRRLLlLdL
#0000000000
#assigned_pet=-1,-1,-1,-1,-1,-1,-1,-1,-1,
#assigned_hub=-1,-1,-1,-1,-1,-1,-1,-1,-1,
#moving_targetting_pos=2,29|5,1|19,2|15,30|29,30|9,2|12,29|22,29|25,30|
#setting_targetting_pos=2,1|5,30|19,30|15,1|29,2|9,30|12,1|22,1|25,1|
#type=2,2,2,2,2,2,2,2,2,
uuRuLduLL
#0000000000
#assigned_pet=-1,-1,-1,-1,-1,-1,-1,-1,-1,
#assigned_hub=-1,-1,-1,-1,-1,-1,-1,-1,-1,
#moving_targetting_pos=2,29|5,1|19,2|15,30|29,30|9,2|12,29|22,29|25,30|
#setting_targetting_pos=2,1|5,30|19,30|15,1|29,2|9,30|12,1|22,1|25,1|
#type=2,2,2,2,2,2,2,2,2,
LR.LrRLLd
#0000000000
#assigned_pet=-1,-1,-1,-1,-1,-1,-1,-1,-1,
#assigned_hub=-1,-1,-1,-1,-1,-1,-1,-1,-1,
#moving_targetting_pos=2,29|5,1|19,2|15,30|29,30|9,2|12,29|22,29|25,30|
#setting_targetting_pos=2,1|5,30|19,30|15,1|29,2|9,30|12,1|22,1|25,1|
#type=2,2,2,2,2,2,2,2,2,
rR.LdRrLL
#0000000000
#assigned_pet=-1,-1,-1,-1,-1,-1,-1,-1,-1,
#assigned_hub=-1,-1,-1,-1,-1,-1,-1,-1,-1,
#moving_targetting_pos=2,29|5,1|19,2|15,30|29,30|9,2|12,29|22,29|25,30|
#setting_targetting_pos=2,1|5,30|19,30|15,1|29,2|9,30|12,1|22,1|25,1|
#type=2,2,2,2,2,2,2,2,2,
LR.LLdLud
#0000000000
#assigned_pet=-1,-1,-1,-1,-1,-1,-1,-1,-1,
#assigned_hub=-1,-1,-1,-1,-1,-1,-1,-1,-1,
#moving_targetting_pos=2,29|5,1|19,2|15,30|29,30|9,2|12,29|22,29|25,30|
#setting_targetting_pos=2,1|5,30|19,30|15,1|29,2|9,30|12,1|22,1|25,1|
#type=2,2,2,2,2,2,2,2,2,
LR.LLRLLL
#0000000000
#assigned_pet=-1,-1,-1,-1,-1,-1,-1,-1,-1,
#assigned_hub=-1,-1,-1,-1,-1,-1,-1,-1,-1,
#moving_targetting_pos=2,29|5,1|19,2|15,30|29,30|9,2|12,29|22,29|25,30|
#setting_targetting_pos=2,1|5,30|19,30|15,1|29,2|9,30|12,1|22,1|25,1|
#type=2,2,2,2,2,2,2,2,2,
du.udRdrd
#0000000000
#assigned_pet=-1,-1,-1,-1,-1,-1,-1,-1,-1,
#assigned_hub=-1,-1,-1,-1,-1,-1,-1,-1,-1,
#moving_targetting_pos=2,29|5,1|19,2|15,30|29,30|9,2|12,29|22,29|25,30|
#setting_targetting_pos=2,1|5,30|19,30|15,1|29,2|9,30|12,1|22,1|25,1|
#type=2,2,2,2,2,2,2,2,2,
LR.LLlLLL
#0000000000
#assigned_pet=-1,-1,-1,-1,-1,-1,-1,-1,-1,
#assigned_hub=-1,-1,-1,-1,-1,-1,-1,-1,-1,
#moving_targetting_pos=2,29|5,1|19,2|15,30|29,30|9,2|12,29|22,29|25,30|
#setting_targetting_pos=2,1|5,30|19,30|15,1|29,2|9,30|12,1|22,1|25,1|
#type=2,2,2,2,2,2,2,2,2,
LR.LLuLLL
#0000000000
#assigned_pet=-1,-1,-1,-1,-1,-1,-1,-1,-1,
#assigned_hub=-1,-1,-1,-1,-1,-1,-1,-1,-1,
#moving_targetting_pos=2,29|5,1|19,2|15,30|29,30|9,2|12,29|22,29|25,30|
#setting_targetting_pos=2,1|5,30|19,30|15,1|29,2|9,30|12,1|22,1|25,1|
#type=2,2,2,2,2,2,2,2,2,
rdddrRr.u
#0000000000
#assigned_pet=-1,-1,-1,-1,-1,-1,-1,-1,-1,
#assigned_hub=-1,-1,-1,-1,-1,-1,-1,-1,-1,
#moving_targetting_pos=2,29|5,1|19,2|15,30|29,30|9,2|12,29|22,29|25,30|
#setting_targetting_pos=2,1|5,30|19,30|15,1|29,2|9,30|12,1|22,1|25,1|
#type=2,2,2,2,2,2,2,2,2,
uRRLuRu.L
#0000000000
#assigned_pet=-1,-1,-1,-1,-1,-1,-1,-1,-1,
#assigned_hub=-1,-1,-1,-1,-1,-1,-1,-1,-1,
#moving_targetting_pos=2,29|5,1|19,2|15,30|29,30|9,2|12,29|22,29|25,30|
#setting_targetting_pos=2,1|5,30|19,30|15,1|29,2|9,30|12,1|22,1|25,1|
#type=2,2,2,2,2,2,2,2,2,
LdRdLdLdL
#0000000000
#assigned_pet=-1,-1,-1,-1,-1,-1,-1,-1,-1,
#assigned_hub=-1,-1,-1,-1,-1,-1,-1,-1,-1,
#moving_targetting_pos=2,29|5,1|19,2|15,30|29,30|9,2|12,29|22,29|25,30|
#setting_targetting_pos=2,1|5,30|19,30|15,1|29,2|9,30|12,1|22,1|25,1|
#type=2,2,2,2,2,2,2,2,2,
LRuLLRLLL
#0000000000
#assigned_pet=-1,-1,-1,-1,-1,-1,-1,-1,-1,
#assigned_hub=-1,-1,-1,-1,-1,-1,-1,-1,-1,
#moving_targetting_pos=2,29|5,1|19,2|15,30|29,30|9,2|12,29|22,29|25,30|
#setting_targetting_pos=2,1|5,30|19,30|15,1|29,2|9,30|12,1|22,1|25,1|
#type=2,2,2,2,2,2,2,2,2,
rdRddRrLL
#0000000000
#assigned_pet=-1,-1,-1,-1,-1,-1,-1,-1,-1,
#assigned_hub=-1,-1,-1,-1,-1,-1,-1,-1,-1,
#moving_targetting_pos=2,29|5,1|19,2|15,30|29,30|9,2|12,29|22,29|25,30|
#setting_targetting_pos=2,1|5,30|19,30|15,1|29,2|9,30|12,1|22,1|25,1|
#type=2,2,2,2,2,2,2,2,2,
dRRLLudru
#0000000000
#assigned_pet=-1,-1,-1,-1,-1,-1,-1,-1,-1,
#assigned_hub=-1,-1,-1,-1,-1,-1,-1,-1,-1,
#moving_targetting_pos=2,29|5,1|19,2|15,30|29,30|9,2|12,29|22,29|25,30|
#setting_targetting_pos=2,1|5,30|19,30|15,1|29,2|9,30|12,1|22,1|25,1|
#type=2,2,2,2,2,2,2,2,2,
LRlLLRLuL
#0000000000
#assigned_pet=-1,-1,-1,-1,-1,-1,-1,-1,-1,
#assigned_hub=-1,-1,-1,-1,-1,-1,-1,-1,-1,
#moving_targetting_pos=2,29|5,1|19,2|15,30|29,30|9,2|12,29|22,29|25,30|
#setting_targetting_pos=2,1|5,30|19,30|15,1|29,2|9,30|12,1|22,1|25,1|
#type=2,2,2,2,2,2,2,2,2,
LuduuRLLL
#0000000000
#assigned_pet=-1,-1,-1,-1,-1,-1,-1,-1,-1,
#assigned_hub=-1,-1,-1,-1,-1,-1,-1,-1,-1,
#moving_targetting_pos=2,29|5,1|19,2|15,30|29,30|9,2|12,29|22,29|25,30|
#setting_targetting_pos=2,1|5,30|19,30|15,1|29,2|9,30|12,1|22,1|25,1|
#type=2,2,2,2,2,2,2,2,2,
LRRLLlLLd
#0000000000
#assigned_pet=-1,-1,-1,-1,-1,-1,-1,-1,-1,
#assigned_hub=-1,-1,-1,-1,-1,-1,-1,-1,-1,
#moving_targetting_pos=2,29|5,1|19,2|15,30|29,30|9,2|12,29|22,29|25,30|
#setting_targetting_pos=2,1|5,30|19,30|15,1|29,2|9,30|12,1|22,1|25,1|
#type=2,2,2,2,2,2,2,2,2,
uRRLLdurL
#0000000000
#assigned_pet=-1,-1,-1,-1,-1,-1,-1,-1,-1,
#assigned_hub=-1,-1,-1,-1,-1,-1,-1,-1,-1,
#moving_targetting_pos=2,29|5,1|19,2|15,30|29,30|9,2|12,29|22,29|25,30|
#setting_targetting_pos=2,1|5,30|19,30|15,1|29,2|9,30|12,1|22,1|25,1|
#type=2,2,2,2,2,2,2,2,2,
LRdLdRLdd
#0000000000
#assigned_pet=-1,-1,-1,-1,-1,-1,-1,-1,-1,
#assigned_hub=-1,-1,-1,-1,-1,-1,-1,-1,-1,
#moving_targetting_pos=2,29|5,1|19,2|15,30|29,30|9,2|12,29|22,29|25,30|
#setting_targetting_pos=2,1|5,30|19,30|15,1|29,2|9,30|12,1|22,1|25,1|
#type=2,2,2,2,2,2,2,2,2,
rRRL.RrLL
#0000000000
#assigned_pet=-1,-1,-1,-1,-1,-1,-1,-1,-1,
#assigned_hub=-1,-1,-1,-1,-1,-1,-1,-1,-1,
#moving_targetting_pos=2,29|5,1|19,2|15,30|29,30|9,2|12,29|22,29|25,30|
#setting_targetting_pos=2,1|5,30|19,30|15,1|29,2|9,30|12,1|22,1|25,1|
#type=2,2,2,2,2,2,2,2,2,
LuRu.dLLd
#0000000000
#assigned_pet=-1,-1,-1,-1,-1,-1,-1,-1,-1,
#assigned_hub=-1,-1,-1,-1,-1,-1,-1,-1,-1,
#moving_targetting_pos=2,29|5,1|19,2|15,30|29,30|9,2|12,29|22,29|25,30|
#setting_targetting_pos=2,1|5,30|19,30|15,1|29,2|9,30|12,1|22,1|25,1|
#type=2,2,2,2,2,2,2,2,2,
LRlL.RLLL
#0000000000
#assigned_pet=-1,-1,-1,-1,-1,-1,-1,-1,-1,
#assigned_hub=-1,-1,-1,-1,-1,-1,-1,-1,-1,
#moving_targetting_pos=2,29|5,1|19,2|15,30|29,30|9,2|12,29|22,29|25,30|
#setting_targetting_pos=2,1|5,30|19,30|15,1|29,2|9,30|12,1|22,1|25,1|
#type=2,2,2,2,2,2,2,2,2,
.RuL.RduL
#0000000000
#assigned_pet=-1,-1,-1,-1,-1,-1,-1,-1,-1,
#assigned_hub=-1,-1,-1,-1,-1,-1,-1,-1,-1,
#moving_targetting_pos=2,29|5,1|19,2|15,30|29,30|9,2|12,29|22,29|25,30|
#setting_targetting_pos=2,1|5,30|19,30|15,1|29,2|9,30|12,1|22,1|25,1|
#type=2,2,2,2,2,2,2,2,2,
ddRd.lLL.
#0000000000
#assigned_pet=-1,-1,-1,-1,-1,-1,-1,-1,-1,
#assigned_hub=-1,-1,-1,-1,-1,-1,-1,-1,-1,
#moving_targetting_pos=2,29|5,1|19,2|15,30|29,30|9,2|12,29|22,29|25,30|
#setting_targetting_pos=2,1|5,30|19,30|15,1|29,2|9,30|12,1|22,1|25,1|
#type=2,2,2,2,2,2,2,2,2,
LRRL.uLru
#0000000000
#assigned_pet=-1,-1,-1,-1,-1,-1,-1,-1,-1,
#assigned_hub=-1,-1,-1,-1,-1,-1,-1,-1,-1,
#moving_targetting_pos=2,29|5,1|19,2|15,30|29,30|9,2|12,29|22,29|25,30|
#setting_targetting_pos=2,1|5,30|19,30|15,1|29,2|9,30|12,1|22,1|25,1|
#type=2,2,2,2,2,2,2,2,2,
Lddd.RrLL
#0000000000
#assigned_pet=-1,-1,-1,-1,-1,-1,-1,-1,-1,
#assigned_hub=-1,-1,-1,-1,-1,-1,-1,-1,-1,
#moving_targetting_pos=2,29|5,1|19,2|15,30|29,30|9,2|12,29|22,29|25,30|
#setting_targetting_pos=2,1|5,30|19,30|15,1|29,2|9,30|12,1|22,1|25,1|
#type=2,2,2,2,2,2,2,2,2,
rRRLrRuLL
#0000000000
#assigned_pet=-1,-1,-1,-1,-1,-1,-1,-1,-1,
#assigned_hub=-1,-1,-1,-1,-1,-1,-1,-1,-1,
#moving_targetting_pos=2,29|5,1|19,2|15,30|29,30|9,2|12,29|22,29|25,30|
#setting_targetting_pos=2,1|5,30|19,30|15,1|29,2|9,30|12,1|22,1|25,1|
#type=2,2,2,2,2,2,2,2,2,
.dRdLdLdL
#0000000000
#assigned_pet=-1,-1,-1,-1,-1,-1,-1,-1,-1,
#assigned_hub=-1,-1,-1,-1,-1,-1,-1,-1,-1,
#moving_targetting_pos=2,29|5,1|19,2|15,30|29,30|9,2|12,29|22,29|25,30|
#setting_targetting_pos=2,1|5,30|19,30|15,1|29,2|9,30|12,1|22,1|25,1|
#type=2,2,2,2,2,2,2,2,2,
uRuLLRLLL
#0000000000
#assigned_pet=-1,-1,-1,-1,-1,-1,-1,-1,-1,
#assigned_hub=-1,-1,-1,-1,-1,-1,-1,-1,-1,
#moving_targetting_pos=2,29|5,1|19,2|15,30|29,30|9,2|12,29|22,29|25,30|
#setting_targetting_pos=2,1|5,30|19,30|15,1|29,2|9,30|12,1|22,1|25,1|
#type=2,2,2,2,2,2,2,2,2,
LRRLdRrLu
#0000000000
#assigned_pet=-1,-1,-1,-1,-1,-1,-1,-1,-1,
#assigned_hub=-1,-1,-1,-1,-1,-1,-1,-1,-1,
#moving_targetting_pos=2,29|5,1|19,2|15,30|29,30|9,2|12,29|22,29|25,30|
#setting_targetting_pos=2,1|5,30|19,30|15,1|29,2|9,30|12,1|22,1|25,1|
#type=2,2,2,2,2,2,2,2,2,
LuRuLudrL
#0000000000
#assigned_pet=-1,-1,-1,-1,-1,-1,-1,-1,-1,
#assigned_hub=-1,-1,-1,-1,-1,-1,-1,-1,-1,
#moving_targetting_pos=2,29|5,1|19,2|15,30|29,30|9,2|12,29|22,29|25,30|
#setting_targetting_pos=2,1|5,30|19,30|15,1|29,2|9,30|12,1|22,1|25,1|
#type=2,2,2,2,2,2,2,2,2,
.RlLLRLuL
#0000000000
#assigned_pet=-1,-1,-1,-1,-1,-1,-1,-1,-1,
#assigned_hub=-1,-1,-1,-1,-1,-1,-1,-1,-1,
#moving_targetting_pos=2,29|5,1|19,2|15,30|29,30|9,2|12,29|22,29|25,30|
#setting_targetting_pos=2,1|5,30|19,30|15,1|29,2|9,30|12,1|22,1|25,1|
#type=2,2,2,2,2,2,2,2,2,
.RdLrRLLd
#0000000000
#assigned_pet=-1,-1,-1,-1,-1,-1,-1,-1,-1,
#assigned_hub=-1,-1,-1,-1,-1,-1,-1,-1,-1,
#moving_targetting_pos=2,29|5,1|19,2|15,30|29,30|9,2|12,29|22,29|25,30|
#setting_targetting_pos=2,1|5,30|19,30|15,1|29,2|9,30|12,1|22,1|25,1|
#type=2,2,2,2,2,2,2,2,2,
rRRL.lLLL
#0000000000
#assigned_pet=-1,-1,-1,-1,-1,-1,-1,-1,-1,
#assigned_hub=-1,-1,-1,-1,-1,-1,-1,-1,-1,
#moving_targetting_pos=2,29|5,1|19,2|15,30|29,30|9,2|12,29|22,29|25,30|
#setting_targetting_pos=2,1|5,30|19,30|15,1|29,2|9,30|12,1|22,1|25,1|
#type=2,2,2,2,2,2,2,2,2,
.RRLudurd
#0000000000
#assigned_pet=-1,-1,-1,-1,-1,-1,-1,-1,-1,
#assigned_hub=-1,-1,-1,-1,-1,2,-1,-1,6,
#moving_targetting_pos=2,29|5,1|19,2|15,30|29,30|6,26|12,29|22,29|26,6|
#setting_targetting_pos=2,1|5,30|19,30|15,1|29,2|9,30|12,1|22,1|25,1|
#type=2,2,2,2,2,3,2,2,3,
.uduLULdR
#0000000000
#assigned_pet=-1,-1,-1,-1,-1,-1,-1,-1,-1,
#assigned_hub=-1,-1,-1,-1,-1,2,-1,-1,6,
#moving_targetting_pos=2,29|5,1|19,2|15,30|29,30|6,26|12,29|22,29|26,6|
#setting_targetting_pos=2,1|5,30|19,30|15,1|29,2|-1,-1|12,1|22,1|-1,-1|
#type=2,2,2,2,2,3,2,2,3,
dRRLLLrLR
#0000000000
#assigned_pet=-1,-1,-1,-1,-1,-1,-1,-1,-1,
#assigned_hub=-1,-1,-1,-1,-1,2,-1,-1,6,
#moving_targetting_pos=2,29|5,1|19,2|15,30|29,30|6,26|12,29|22,29|26,6|
#setting_targetting_pos=2,1|5,30|19,30|15,1|29,2|-1,-1|12,1|22,1|-1,-1|
#type=2,2,2,2,2,3,2,2,3,
LRRLdULLR
#0000000000
#assigned_pet=-1,-1,-1,-1,-1,-1,-1,-1,3,
#assigned_hub=-1,-1,-1,-1,-1,2,-1,-1,6,
#moving_targetting_pos=2,29|5,1|19,2|15,30|29,30|6,26|12,29|22,29|-1,-1|
#setting_targetting_pos=2,1|5,30|19,30|15,1|29,2|-1,-1|12,1|22,1|26,8|
#type=2,2,2,2,2,3,2,2,4,
LdldLLLLR
#0000000000
#assigned_pet=-1,-1,-1,-1,-1,7,-1,-1,3,
#assigned_hub=-1,1,-1,-1,-1,2,-1,-1,6,
#moving_targetting_pos=2,29|6,16|19,2|15,30|29,30|-1,-1|12,29|22,29|-1,-1|
#setting_targetting_pos=2,1|5,30|19,30|15,1|29,2|6,26|12,1|22,1|27,8|
#type=2,3,2,2,2,4,2,2,4,
LLuLLLduR
#0000000000
#assigned_pet=-1,-1,-1,-1,-1,7,-1,-1,3,
#assigned_hub=-1,1,-1,-1,-1,2,-1,-1,6,
#moving_targetting_pos=2,29|6,16|19,2|15,30|29,30|-1,-1|12,29|22,29|-1,-1|
#setting_targetting_pos=2,1|-1,-1|19,30|15,1|29,2|6,26|12,1|22,1|27,7|
#type=2,3,2,2,2,4,2,2,4,
uLRduLLLR
#0000000000
#assigned_pet=-1,-1,-1,-1,-1,7,-1,-1,3,
#assigned_hub=-1,1,-1,0,-1,2,-1,-1,6,
#moving_targetting_pos=2,29|6,16|19,2|6,6|29,30|-1,-1|12,29|22,29|-1,-1|
#setting_targetting_pos=2,1|-1,-1|19,30|15,1|29,2|7,27|12,1|22,1|26,7|
#type=2,3,2,3,2,4,2,2,4,
LLRRL.Lr.
#0000000000
#assigned_pet=-1,-1,-1,-1,-1,7,-1,-1,3,
#assigned_hub=-1,1,-1,0,-1,2,-1,-1,6,
#moving_targetting_pos=2,29|6,16|19,2|6,6|29,30|-1,-1|12,29|22,29|-1,-1|
#setting_targetting_pos=2,1|-1,-1|19,30|-1,-1|29,2|7,29|12,1|22,1|25,7|
#type=2,3,2,3,2,4,2,2,4,
rLdRLRrLL
#0000000000
#assigned_pet=-1,-1,-1,-1,-1,7,-1,-1,3,
#assigned_hub=-1,1,-1,0,-1,2,-1,-1,6,
#moving_targetting_pos=2,29|6,16|19,2|6,6|29,30|-1,-1|12,29|22,29|-1,-1|
#setting_targetting_pos=2,1|-1,-1|19,30|-1,-1|29,2|7,29|12,1|22,1|25,8|
#type=2,3,2,3,2,4,2,2,4,
LLRRrRuLR
#0000000100
#assigned_pet=-1,-1,-1,-1,-1,7,-1,-1,3,
#assigned_hub=-1,1,-1,0,-1,2,4,-1,6,
#moving_targetting_pos=2,29|6,16|19,2|6,6|29,30|-1,-1|16,16|22,29|-1,-1|
#setting_targetting_pos=2,1|-1,-1|19,30|-1,-1|29,2|7,29|12,1|22,1|25,9|
#type=2,3,2,3,2,5,3,2,4,
LLRRdrDdR
#0000000100
#assigned_pet=-1,-1,-1,-1,-1,4,-1,-1,3,
#assigned_hub=-1,1,-1,0,7,2,4,-1,6,
#moving_targetting_pos=2,29|6,16|19,2|6,6|26,16|-1,-1|16,16|22,29|-1,-1|
#setting_targetting_pos=2,1|-1,-1|19,30|-1,-1|29,2|5,25|-1,-1|22,1|26,9|
#type=2,3,2,3,3,4,3,2,4,
dLuUULRLR
#0000000100
#assigned_pet=-1,-1,-1,-1,-1,4,-1,-1,3,
#assigned_hub=-1,1,-1,0,7,2,4,-1,6,
#moving_targetting_pos=2,29|6,16|19,2|6,6|26,16|-1,-1|16,16|22,29|-1,-1|
#setting_targetting_pos=2,1|-1,-1|19,30|-1,-1|-1,-1|5,23|-1,-1|22,1|26,8|
#type=2,3,2,3,3,4,3,2,4,
LLRURLDLL
#0000000100
#assigned_pet=-1,-1,-1,-1,-1,4,-1,-1,3,
#assigned_hub=-1,1,-1,3,7,2,0,-1,6,
#moving_targetting_pos=2,29|6,16|19,2|16,6|26,16|-1,-1|6,6|22,29|-1,-1|
#setting_targetting_pos=2,1|-1,-1|19,30|-1,-1|-1,-1|5,23|-1,-1|22,1|26,7|
#type=2,3,2,3,3,4,3,2,4,
LLRRULRrL
#0000000100
#assigned_pet=-1,-1,-1,-1,-1,4,-1,-1,3,
#assigned_hub=-1,1,-1,3,7,2,0,-1,6,
#moving_targetting_pos=2,29|6,16|19,2|-1,-1|26,16|-1,-1|6,6|22,29|-1,-1|
#setting_targetting_pos=2,1|-1,-1|19,30|-1,-1|-1,-1|5,23|-1,-1|22,1|27,7|
#type=2,3,2,4,3,4,3,2,4,
rLl.RLDuD
#0000000100
#assigned_pet=-1,-1,-1,5,-1,-1,-1,-1,3,
#assigned_hub=-1,1,-1,3,7,2,0,4,6,
#moving_targetting_pos=2,29|6,16|19,2|-1,-1|26,16|-1,-1|6,6|16,16|-1,-1|
#setting_targetting_pos=2,1|-1,-1|19,30|13,7|-1,-1|-1,-1|-1,-1|22,1|27,6|
#type=2,3,2,4,3,4,3,3,4,
uLd.R.RDL
#0000000100
#assigned_pet=-1,-1,-1,-1,-1,-1,-1,-1,3,
#assigned_hub=5,1,8,3,7,2,0,4,6,
#moving_targetting_pos=16,26|6,16|26,26|-1,-1|26,16|-1,-1|6,6|16,16|-1,-1|
#setting_targetting_pos=2,1|-1,-1|19,30|-1,-1|-1,-1|-1,-1|-1,-1|-1,-1|27,7|
#type=3,3,3,4,3,4,3,3,4,
DLU.R.RRR
#0000000100
#assigned_pet=-1,2,-1,-1,-1,4,-1,-1,3,
#assigned_hub=5,1,8,3,7,2,0,4,6,
#moving_targetting_pos=16,26|-1,-1|26,26|-1,-1|26,16|-1,-1|6,6|16,16|-1,-1|
#setting_targetting_pos=-1,-1|3,17|-1,-1|-1,-1|-1,-1|7,23|-1,-1|-1,-1|27,6|
#type=3,4,3,4,3,4,3,3,4,
RLL.R.UDL
#0000000100
#assigned_pet=-1,2,-1,-1,-1,-1,-1,-1,3,
#assigned_hub=5,1,8,3,7,2,0,4,6,
#moving_targetting_pos=16,26|-1,-1|26,26|-1,-1|26,16|-1,-1|6,6|16,16|-1,-1|
#setting_targetting_pos=-1,-1|3,17|-1,-1|-1,-1|-1,-1|-1,-1|-1,-1|-1,-1|28,6|
#type=3,4,3,4,3,4,3,3,4,
DUU.R.URD
#0010000100
#assigned_pet=-1,2,-1,9,-1,-1,-1,-1,3,
#assigned_hub=5,1,8,3,7,2,0,4,6,
#moving_targetting_pos=16,26|-1,-1|26,26|-1,-1|26,16|-1,-1|6,6|16,16|-1,-1|
#setting_targetting_pos=-1,-1|3,17|-1,-1|15,9|-1,-1|-1,-1|-1,-1|-1,-1|29,6|
#type=3,5,3,4,3,4,3,3,4,
RuLRR.UDD
#0010000100
#assigned_pet=-1,4,-1,9,-1,-1,-1,-1,3,
#assigned_hub=5,1,8,3,7,2,0,4,6,
#moving_targetting_pos=16,26|-1,-1|26,26|-1,-1|26,16|-1,-1|6,6|16,16|-1,-1|
#setting_targetting_pos=-1,-1|6,14|-1,-1|15,9|-1,-1|-1,-1|-1,-1|-1,-1|29,7|
#type=3,4,3,4,3,4,3,3,4,
DLLDR.URR
#0010000100
#assigned_pet=-1,4,-1,9,-1,-1,-1,-1,3,
#assigned_hub=5,1,8,3,7,2,0,4,6,
#moving_targetting_pos=16,26|-1,-1|26,26|-1,-1|26,16|-1,-1|6,6|16,16|-1,-1|
#setting_targetting_pos=-1,-1|7,13|-1,-1|15,9|-1,-1|-1,-1|-1,-1|-1,-1|29,7|
#type=3,4,3,4,3,4,3,3,4,
RLDDR.UR.
#0011000100
#assigned_pet=-1,4,-1,9,-1,-1,-1,-1,3,
#assigned_hub=5,1,8,3,7,2,0,4,6,
#moving_targetting_pos=16,26|-1,-1|26,26|-1,-1|26,16|-1,-1|6,6|16,16|-1,-1|
#setting_targetting_pos=-1,-1|7,13|-1,-1|15,9|-1,-1|-1,-1|-1,-1|-1,-1|29,7|
#type=3,4,3,4,3,4,3,3,5,
RDDRR.URd
#0011000100
#assigned_pet=-1,4,-1,6,-1,-1,-1,-1,-1,
#assigned_hub=5,1,8,3,7,2,0,4,6,
#moving_targetting_pos=16,26|-1,-1|26,26|-1,-1|26,16|-1,-1|6,6|16,16|26,6|
#setting_targetting_pos=-1,-1|7,13|-1,-1|15,9|-1,-1|-1,-1|-1,-1|-1,-1|-1,-1|
#type=3,4,3,4,3,4,3,3,4,
RLD.R.RR.
#0011000100
#assigned_pet=-1,4,-1,9,-1,-1,0,-1,-1,
#assigned_hub=5,1,8,3,7,2,0,4,6,
#moving_targetting_pos=16,26|-1,-1|26,26|-1,-1|26,16|6,26|-1,-1|16,16|26,6|
#setting_targetting_pos=-1,-1|7,13|-1,-1|16,9|-1,-1|-1,-1|3,7|-1,-1|-1,-1|
#type=3,4,3,4,3,4,4,3,4,
RLDRR.RR.
#0011000100
#assigned_pet=-1,4,-1,9,-1,-1,0,-1,-1,
#assigned_hub=5,1,8,3,7,2,0,4,6,
#moving_targetting_pos=16,26|-1,-1|26,26|-1,-1|26,16|-1,-1|-1,-1|16,16|26,6|
#setting_targetting_pos=-1,-1|7,13|-1,-1|16,9|-1,-1|-1,-1|3,7|-1,-1|-1,-1|
#type=3,4,3,4,4,4,4,3,4,
RDD...UR.
#0011000100
#assigned_pet=-1,8,-1,9,-1,-1,0,-1,-1,
#assigned_hub=5,1,8,3,7,2,0,4,6,
#moving_targetting_pos=16,26|-1,-1|26,26|-1,-1|26,16|-1,-1|-1,-1|16,16|26,6|
#setting_targetting_pos=-1,-1|7,14|-1,-1|15,8|-1,-1|-1,-1|3,7|-1,-1|-1,-1|
#type=3,4,3,4,4,4,4,3,4,
RRD...UR.
#0011000100
#assigned_pet=-1,8,-1,9,-1,-1,4,-1,-1,
#assigned_hub=5,1,8,3,7,2,0,4,6,
#moving_targetting_pos=16,26|-1,-1|26,26|-1,-1|26,16|-1,-1|-1,-1|16,16|26,6|
#setting_targetting_pos=-1,-1|7,14|-1,-1|15,8|-1,-1|-1,-1|7,7|-1,-1|-1,-1|
#type=3,4,3,4,4,4,4,3,4,
R.L...LR.
#0011000100
#assigned_pet=-1,8,1,4,-1,-1,4,-1,-1,
#assigned_hub=5,1,8,3,7,2,0,4,6,
#moving_targetting_pos=16,26|-1,-1|-1,-1|-1,-1|26,16|-1,-1|-1,-1|16,16|26,6|
#setting_targetting_pos=-1,-1|7,14|23,25|13,7|-1,-1|-1,-1|9,7|-1,-1|-1,-1|
#type=3,4,4,4,4,4,4,3,4,
R..L..RR.
#0011000100
#assigned_pet=-1,8,1,4,-1,-1,4,-1,-1,
#assigned_hub=5,1,8,3,7,2,0,4,6,
#moving_targetting_pos=16,26|-1,-1|-1,-1|-1,-1|26,16|-1,-1|-1,-1|16,16|26,6|
#setting_targetting_pos=-1,-1|6,15|23,25|13,7|-1,-1|-1,-1|9,7|-1,-1|-1,-1|
#type=3,4,4,4,4,4,4,3,4,
R..L..DR.
#0011000100
#assigned_pet=-1,8,1,4,-1,-1,4,-1,-1,
#assigned_hub=5,1,8,3,7,2,0,4,6,
#moving_targetting_pos=16,26|-1,-1|-1,-1|-1,-1|26,16|-1,-1|-1,-1|16,16|26,6|
#setting_targetting_pos=-1,-1|8,15|23,25|13,7|-1,-1|-1,-1|9,7|-1,-1|-1,-1|
#type=3,4,4,4,4,4,4,3,4,
RR.U...R.
#0011000100
#assigned_pet=-1,8,1,4,-1,-1,0,-1,-1,
#assigned_hub=5,1,8,3,7,2,0,4,6,
#moving_targetting_pos=16,26|-1,-1|-1,-1|-1,-1|26,16|-1,-1|-1,-1|16,16|26,6|
#setting_targetting_pos=-1,-1|7,16|23,25|15,7|-1,-1|-1,-1|7,3|-1,-1|-1,-1|
#type=3,4,4,4,4,4,4,3,4,
RR....LR.
#0011000100
#assigned_pet=-1,8,1,6,-1,-1,6,-1,-1,
#assigned_hub=5,1,8,3,7,2,0,4,6,
#moving_targetting_pos=16,26|-1,-1|-1,-1|-1,-1|26,16|-1,-1|-1,-1|16,16|-1,-1|
#setting_targetting_pos=-1,-1|6,17|23,25|13,7|-1,-1|-1,-1|9,7|-1,-1|-1,-1|
#type=3,4,4,4,4,4,4,3,4,
R.....RU.
#0011000100
#assigned_pet=-1,8,1,6,-1,-1,6,-1,4,
#assigned_hub=5,1,8,3,7,2,0,4,6,
#moving_targetting_pos=16,26|-1,-1|-1,-1|-1,-1|26,16|-1,-1|-1,-1|16,16|-1,-1|
#setting_targetting_pos=-1,-1|6,19|23,25|13,7|-1,-1|-1,-1|9,7|-1,-1|23,7|
#type=3,4,4,4,4,4,4,3,4,
RR.....UU
#0011000100
#assigned_pet=-1,8,1,6,-1,8,6,-1,4,
#assigned_hub=5,1,8,3,7,2,0,4,6,
#moving_targetting_pos=16,26|-1,-1|-1,-1|-1,-1|26,16|-1,-1|-1,-1|16,16|-1,-1|
#setting_targetting_pos=-1,-1|7,19|23,25|13,7|-1,-1|7,23|9,7|-1,-1|23,7|
#type=3,4,4,4,4,4,4,3,4,
RR.....UU
#0011000100
#assigned_pet=-1,8,1,9,-1,8,9,-1,4,
#assigned_hub=5,1,8,3,7,2,0,4,6,
#moving_targetting_pos=16,26|-1,-1|-1,-1|-1,-1|26,16|-1,-1|-1,-1|16,16|-1,-1|
#setting_targetting_pos=-1,-1|7,19|23,25|13,7|-1,-1|7,23|9,7|-1,-1|23,7|
#type=3,4,4,4,4,4,4,3,4,
RR.....UU
#0011000110
#assigned_pet=-1,8,1,4,-1,8,0,-1,4,
#assigned_hub=5,1,8,3,7,2,0,4,6,
#moving_targetting_pos=16,26|-1,-1|-1,-1|-1,-1|26,16|-1,-1|-1,-1|16,16|-1,-1|
#setting_targetting_pos=-1,-1|7,19|23,25|19,7|-1,-1|7,23|7,3|-1,-1|23,7|
#type=3,5,4,4,4,5,4,3,4,
Rd.D.lLUU
#0011000110
#assigned_pet=-1,-1,1,9,-1,-1,9,-1,4,
#assigned_hub=5,1,8,3,7,2,0,4,6,
#moving_targetting_pos=16,26|6,16|-1,-1|-1,-1|26,16|6,26|-1,-1|16,16|-1,-1|
#setting_targetting_pos=-1,-1|-1,-1|24,25|13,7|-1,-1|-1,-1|9,7|-1,-1|23,7|
#type=3,4,4,4,4,4,4,3,4,
R.LU..RU.
#0011000110
#assigned_pet=-1,-1,1,4,-1,-1,0,-1,4,
#assigned_hub=5,1,8,3,7,2,0,4,6,
#moving_targetting_pos=16,26|6,16|-1,-1|-1,-1|26,16|6,26|-1,-1|16,16|-1,-1|
#setting_targetting_pos=-1,-1|-1,-1|24,26|19,7|-1,-1|-1,-1|7,3|-1,-1|23,7|
#type=3,4,4,4,4,4,4,3,4,
R.RD..LR.
#0011000110
#assigned_pet=-1,-1,1,9,-1,-1,9,-1,4,
#assigned_hub=5,1,8,3,7,2,0,4,6,
#moving_targetting_pos=16,26|6,16|-1,-1|-1,-1|26,16|6,26|-1,-1|16,16|-1,-1|
#setting_targetting_pos=-1,-1|-1,-1|24,27|13,7|-1,-1|-1,-1|9,7|-1,-1|23,7|
#type=3,4,4,4,4,4,4,4,4,
R.RU..R..
#0011000110
#assigned_pet=-1,-1,1,9,-1,-1,9,-1,4,
#assigned_hub=5,1,8,3,7,2,0,4,6,
#moving_targetting_pos=16,26|6,16|-1,-1|-1,-1|26,16|6,26|-1,-1|16,16|-1,-1|
#setting_targetting_pos=-1,-1|-1,-1|25,27|13,7|-1,-1|-1,-1|9,7|-1,-1|23,7|
#type=3,4,4,4,4,4,4,4,4,
R.D......
#0011000110
#assigned_pet=-1,-1,1,9,-1,-1,9,-1,4,
#assigned_hub=5,1,8,3,7,2,0,4,6,
#moving_targetting_pos=16,26|6,16|-1,-1|-1,-1|-1,-1|6,26|-1,-1|16,16|-1,-1|
#setting_targetting_pos=-1,-1|-1,-1|25,26|13,7|-1,-1|-1,-1|9,7|-1,-1|23,7|
#type=3,4,4,4,4,4,4,4,4,
R.L......
#0011000110
#assigned_pet=-1,-1,1,9,1,-1,9,-1,4,
#assigned_hub=5,1,8,3,7,2,0,4,6,
#moving_targetting_pos=16,26|6,16|-1,-1|-1,-1|-1,-1|6,26|-1,-1|16,16|-1,-1|
#setting_targetting_pos=-1,-1|-1,-1|25,23|13,7|25,19|-1,-1|9,7|-1,-1|24,6|
#type=3,4,4,4,4,4,4,4,4,
R.L.R....
#0011000111
#assigned_pet=-1,-1,1,9,1,-1,9,-1,4,
#assigned_hub=5,1,8,3,7,2,0,4,6,
#moving_targetting_pos=16,26|6,16|-1,-1|-1,-1|-1,-1|6,26|-1,-1|16,16|-1,-1|
#setting_targetting_pos=-1,-1|-1,-1|25,23|13,7|25,19|-1,-1|9,7|-1,-1|23,5|
#type=3,4,4,5,4,4,5,4,4,
D.DuR.d.L
#0011000111
#assigned_pet=-1,-1,1,4,1,-1,0,-1,4,
#assigned_hub=5,1,8,3,7,2,0,4,6,
#moving_targetting_pos=16,26|6,16|-1,-1|-1,-1|-1,-1|6,26|-1,-1|16,16|-1,-1|
#setting_targetting_pos=-1,-1|-1,-1|25,23|19,5|25,19|-1,-1|7,3|-1,-1|23,5|
#type=3,4,4,4,4,4,4,4,4,
D.LLR.L.L
#0011000111
#assigned_pet=-1,-1,1,4,1,-1,0,-1,4,
#assigned_hub=5,1,8,3,7,2,0,4,6,
#moving_targetting_pos=16,26|6,16|-1,-1|-1,-1|-1,-1|6,26|-1,-1|-1,-1|-1,-1|
#setting_targetting_pos=-1,-1|-1,-1|25,23|19,5|25,19|-1,-1|7,3|-1,-1|23,5|
#type=3,4,4,4,4,4,4,4,4,
D..LR.L..
#0011000111
#assigned_pet=-1,-1,1,4,1,-1,0,-1,4,
#assigned_hub=5,1,8,3,7,2,0,4,6,
#moving_targetting_pos=16,26|6,16|-1,-1|-1,-1|-1,-1|6,26|-1,-1|-1,-1|-1,-1|
#setting_targetting_pos=-1,-1|-1,-1|25,23|19,5|25,19|-1,-1|7,3|-1,-1|23,5|
#type=3,4,4,4,4,4,4,4,4,
D..DR.U..
#0011000111
#assigned_pet=-1,-1,1,4,1,-1,0,-1,4,
#assigned_hub=5,1,8,3,7,2,0,4,6,
#moving_targetting_pos=16,26|6,16|-1,-1|-1,-1|-1,-1|6,26|-1,-1|-1,-1|-1,-1|
#setting_targetting_pos=-1,-1|-1,-1|25,23|19,5|25,19|-1,-1|7,3|-1,-1|23,5|
#type=3,4,4,4,4,4,4,4,4,
D..DU.L..
#1111010111
#assigned_pet=-1,-1,1,4,1,-1,0,-1,4,
#assigned_hub=5,1,8,3,7,2,0,4,6,
#moving_targetting_pos=16,26|6,16|-1,-1|-1,-1|-1,-1|6,26|-1,-1|-1,-1|-1,-1|
#setting_targetting_pos=-1,-1|-1,-1|25,23|19,5|25,19|-1,-1|7,3|-1,-1|23,5|
#type=3,4,5,4,5,4,5,4,4,
D.lDu.l..
#1111010111
#assigned_pet=-1,-1,-1,4,-1,-1,-1,-1,4,
#assigned_hub=5,1,8,3,7,2,0,4,6,
#moving_targetting_pos=16,26|6,16|26,26|-1,-1|26,16|6,26|-1,-1|-1,-1|-1,-1|
#setting_targetting_pos=-1,-1|-1,-1|-1,-1|19,5|-1,-1|-1,-1|-1,-1|-1,-1|23,5|
#type=3,4,4,4,4,4,4,4,4,
D..D.....
#1111010111
#assigned_pet=-1,-1,-1,4,-1,-1,-1,-1,4,
#assigned_hub=5,1,8,3,7,2,0,4,6,
#moving_targetting_pos=16,26|6,16|26,26|-1,-1|26,16|6,26|-1,-1|-1,-1|-1,-1|
#setting_targetting_pos=-1,-1|-1,-1|-1,-1|19,5|-1,-1|-1,-1|-1,-1|-1,-1|23,5|
#type=3,4,4,4,4,4,4,4,4,
D........
#1111010111
#assigned_pet=-1,-1,-1,6,-1,-1,-1,6,-1,
#assigned_hub=5,1,8,3,7,2,0,4,6,
#moving_targetting_pos=16,26|6,16|26,26|-1,-1|26,16|6,26|-1,-1|-1,-1|-1,-1|
#setting_targetting_pos=-1,-1|-1,-1|-1,-1|15,9|-1,-1|-1,-1|-1,-1|15,13|-1,-1|
#type=3,4,4,4,4,4,4,4,4,
R..R...L.
#1111010111
#assigned_pet=-1,-1,-1,6,-1,-1,-1,6,-1,
#assigned_hub=5,1,8,3,7,2,0,4,6,
#moving_targetting_pos=16,26|6,16|26,26|-1,-1|26,16|6,26|-1,-1|-1,-1|-1,-1|
#setting_targetting_pos=-1,-1|-1,-1|-1,-1|15,9|-1,-1|-1,-1|-1,-1|15,13|-1,-1|
#type=4,4,4,4,4,4,4,4,4,
...R...U.
#1111010111
#assigned_pet=-1,-1,-1,6,-1,-1,-1,6,-1,
#assigned_hub=5,1,8,3,7,2,0,4,6,
#moving_targetting_pos=16,26|6,16|26,26|-1,-1|26,16|6,26|-1,-1|-1,-1|-1,-1|
#setting_targetting_pos=-1,-1|-1,-1|-1,-1|15,9|-1,-1|-1,-1|-1,-1|15,13|-1,-1|
#type=4,4,4,4,4,4,4,4,4,
...U...U.
#1111010111
#assigned_pet=-1,-1,-1,6,-1,-1,4,6,-1,
#assigned_hub=5,1,8,3,7,2,0,4,6,
#moving_targetting_pos=16,26|6,16|26,26|-1,-1|26,16|6,26|-1,-1|-1,-1|-1,-1|
#setting_targetting_pos=-1,-1|-1,-1|-1,-1|15,9|-1,-1|-1,-1|9,5|15,13|-1,-1|
#type=4,4,4,4,4,4,4,4,4,
...R..RL.
#1111010111
#assigned_pet=-1,-1,-1,6,-1,-1,4,6,-1,
#assigned_hub=5,1,8,3,7,2,0,4,6,
#moving_targetting_pos=16,26|6,16|26,26|-1,-1|26,16|6,26|-1,-1|-1,-1|26,6|
#setting_targetting_pos=-1,-1|-1,-1|-1,-1|15,9|-1,-1|-1,-1|9,5|15,13|-1,-1|
#type=4,4,4,4,4,4,4,4,4,
...R..DL.
#1111010111
#assigned_pet=-1,-1,-1,6,-1,-1,4,6,-1,
#assigned_hub=5,1,8,3,7,2,0,4,6,
#moving_targetting_pos=16,26|6,16|26,26|-1,-1|26,16|6,26|-1,-1|-1,-1|26,6|
#setting_targetting_pos=-1,-1|-1,-1|-1,-1|15,9|-1,-1|-1,-1|9,5|15,13|-1,-1|
#type=4,4,4,4,4,4,4,4,4,
...U...U.
#1111011111
#assigned_pet=-1,-1,-1,6,-1,-1,4,6,-1,
#assigned_hub=5,1,8,3,7,2,0,4,6,
#moving_targetting_pos=16,26|6,16|26,26|-1,-1|26,16|6,26|-1,-1|-1,-1|26,6|
#setting_targetting_pos=-1,-1|-1,-1|-1,-1|15,9|-1,-1|-1,-1|8,6|15,13|-1,-1|
#type=4,4,4,5,4,4,4,5,4,
...u...u.
#1111011111
#assigned_pet=-1,-1,-1,-1,-1,-1,4,-1,-1,
#assigned_hub=5,1,8,3,7,2,0,4,6,
#moving_targetting_pos=16,26|6,16|26,26|16,6|26,16|6,26|-1,-1|16,16|26,6|
#setting_targetting_pos=-1,-1|-1,-1|-1,-1|-1,-1|-1,-1|-1,-1|7,5|-1,-1|-1,-1|
#type=4,4,4,4,4,4,4,4,4,
.........
#1111011111
#assigned_pet=-1,-1,-1,-1,-1,-1,4,-1,-1,
#assigned_hub=5,1,8,3,7,2,0,4,6,
#moving_targetting_pos=16,26|6,16|26,26|16,6|26,16|6,26|-1,-1|16,16|26,6|
#setting_targetting_pos=-1,-1|-1,-1|-1,-1|-1,-1|-1,-1|-1,-1|8,6|-1,-1|-1,-1|
#type=4,4,4,4,4,4,4,4,4,
.........
#1111011111
#assigned_pet=-1,-1,-1,-1,-1,-1,4,-1,-1,
#assigned_hub=5,1,8,3,7,2,0,4,6,
#moving_targetting_pos=16,26|6,16|26,26|16,6|26,16|6,26|-1,-1|16,16|26,6|
#setting_targetting_pos=-1,-1|-1,-1|-1,-1|-1,-1|-1,-1|-1,-1|8,6|-1,-1|-1,-1|
#type=4,4,4,4,4,4,4,4,4,
.........
#1111011111
#assigned_pet=-1,-1,-1,-1,-1,-1,4,-1,-1,
#assigned_hub=5,1,8,3,7,2,0,4,6,
#moving_targetting_pos=16,26|6,16|26,26|16,6|26,16|6,26|-1,-1|16,16|26,6|
#setting_targetting_pos=-1,-1|-1,-1|-1,-1|-1,-1|-1,-1|-1,-1|7,7|-1,-1|-1,-1|
#type=4,4,4,4,4,4,4,4,4,
......R..
#1111011111
#assigned_pet=-1,-1,-1,-1,-1,-1,4,-1,-1,
#assigned_hub=5,1,8,3,7,2,0,4,6,
#moving_targetting_pos=16,26|6,16|26,26|16,6|26,16|6,26|-1,-1|16,16|26,6|
#setting_targetting_pos=-1,-1|-1,-1|-1,-1|-1,-1|-1,-1|-1,-1|7,7|-1,-1|-1,-1|
#type=4,4,4,4,4,4,4,4,4,
......R..
#1111011111
#assigned_pet=-1,-1,-1,-1,-1,-1,4,-1,-1,
#assigned_hub=5,1,8,3,7,2,0,4,6,
#moving_targetting_pos=16,26|6,16|26,26|16,6|26,16|6,26|-1,-1|16,16|26,6|
#setting_targetting_pos=-1,-1|-1,-1|-1,-1|-1,-1|-1,-1|-1,-1|6,8|-1,-1|-1,-1|
#type=4,4,4,4,4,4,4,4,4,
......U..
#1111011111
#assigned_pet=-1,4,-1,-1,-1,-1,4,-1,-1,
#assigned_hub=5,1,8,3,7,2,0,4,6,
#moving_targetting_pos=16,26|-1,-1|26,26|16,6|26,16|6,26|-1,-1|16,16|26,6|
#setting_targetting_pos=-1,-1|5,13|-1,-1|-1,-1|-1,-1|-1,-1|5,9|-1,-1|-1,-1|
#type=4,4,4,4,4,4,4,4,4,
.L....R..
#1111011111
#assigned_pet=-1,4,-1,-1,-1,-1,4,-1,-1,
#assigned_hub=5,1,8,3,7,2,0,4,6,
#moving_targetting_pos=16,26|-1,-1|26,26|16,6|26,16|6,26|-1,-1|16,16|26,6|
#setting_targetting_pos=-1,-1|5,13|-1,-1|-1,-1|-1,-1|-1,-1|5,9|-1,-1|-1,-1|
#type=4,4,4,4,4,4,4,4,4,
.L....R..
#1111011111
#assigned_pet=-1,4,-1,-1,-1,-1,4,-1,-1,
#assigned_hub=5,1,8,3,7,2,0,4,6,
#moving_targetting_pos=16,26|-1,-1|26,26|16,6|26,16|6,26|-1,-1|16,16|26,6|
#setting_targetting_pos=-1,-1|5,13|-1,-1|-1,-1|-1,-1|-1,-1|5,9|-1,-1|-1,-1|
#type=4,4,4,4,4,4,4,4,4,
.L....U..
#1111011111
#assigned_pet=-1,4,-1,-1,-1,-1,4,-1,-1,
#assigned_hub=5,1,8,3,7,2,0,4,6,
#moving_targetting_pos=16,26|-1,-1|26,26|16,6|26,16|6,26|-1,-1|16,16|26,6|
#setting_targetting_pos=-1,-1|5,13|-1,-1|-1,-1|-1,-1|-1,-1|5,9|-1,-1|-1,-1|
#type=4,4,4,4,4,4,4,4,4,
.L.......
#1111011111
#assigned_pet=-1,4,-1,-1,-1,-1,4,-1,-1,
#assigned_hub=5,1,8,3,7,2,0,4,6,
#moving_targetting_pos=16,26|-1,-1|26,26|16,6|26,16|6,26|-1,-1|16,16|26,6|
#setting_targetting_pos=-1,-1|5,13|-1,-1|-1,-1|-1,-1|-1,-1|5,9|-1,-1|-1,-1|
#type=4,4,4,4,4,4,4,4,4,
.L.......
#1111011111
#assigned_pet=-1,4,-1,-1,-1,-1,-1,-1,-1,
#assigned_hub=5,1,8,3,7,2,0,4,6,
#moving_targetting_pos=16,26|-1,-1|26,26|16,6|26,16|-1,-1|-1,-1|16,16|26,6|
#setting_targetting_pos=-1,-1|5,15|-1,-1|-1,-1|-1,-1|-1,-1|-1,-1|-1,-1|-1,-1|
#type=4,4,4,4,4,4,4,4,4,
.R.......
#1111011111
#assigned_pet=-1,4,-1,-1,-1,-1,-1,-1,-1,
#assigned_hub=5,1,8,3,7,2,0,4,6,
#moving_targetting_pos=16,26|-1,-1|26,26|16,6|26,16|-1,-1|-1,-1|16,16|26,6|
#setting_targetting_pos=-1,-1|6,16|-1,-1|-1,-1|-1,-1|-1,-1|-1,-1|-1,-1|-1,-1|
#type=4,4,4,4,4,4,4,4,4,
.........
#1111011111
#assigned_pet=-1,4,-1,-1,-1,-1,-1,-1,-1,
#assigned_hub=5,1,8,3,7,2,0,4,6,
#moving_targetting_pos=16,26|-1,-1|26,26|16,6|26,16|-1,-1|-1,-1|16,16|26,6|
#setting_targetting_pos=-1,-1|5,17|-1,-1|-1,-1|-1,-1|-1,-1|-1,-1|-1,-1|-1,-1|
#type=4,4,4,4,4,4,4,4,4,
.R.......
#1111011111
#assigned_pet=-1,4,-1,-1,-1,-1,-1,-1,-1,
#assigned_hub=5,1,8,3,7,2,0,4,6,
#moving_targetting_pos=16,26|-1,-1|26,26|16,6|26,16|-1,-1|-1,-1|16,16|26,6|
#setting_targetting_pos=-1,-1|5,17|-1,-1|-1,-1|-1,-1|-1,-1|-1,-1|-1,-1|-1,-1|
#type=4,4,4,4,4,4,4,4,4,
.R.......
#1111011111
#assigned_pet=-1,4,-1,-1,-1,-1,-1,-1,-1,
#assigned_hub=5,1,8,3,7,2,0,4,6,
#moving_targetting_pos=16,26|-1,-1|26,26|16,6|26,16|-1,-1|-1,-1|16,16|26,6|
#setting_targetting_pos=-1,-1|6,18|-1,-1|-1,-1|-1,-1|-1,-1|-1,-1|-1,-1|-1,-1|
#type=4,4,4,4,4,4,4,4,4,
.........
#1111011111
#assigned_pet=-1,4,-1,-1,-1,-1,-1,-1,-1,
#assigned_hub=5,1,8,3,7,2,0,4,6,
#moving_targetting_pos=16,26|-1,-1|26,26|16,6|26,16|-1,-1|-1,-1|16,16|26,6|
#setting_targetting_pos=-1,-1|6,18|-1,-1|-1,-1|-1,-1|-1,-1|-1,-1|-1,-1|-1,-1|
#type=4,4,4,4,4,4,4,4,4,
.........
#1111011111
#assigned_pet=-1,4,-1,-1,-1,-1,-1,-1,-1,
#assigned_hub=5,1,8,3,7,2,0,4,6,
#moving_targetting_pos=16,26|-1,-1|26,26|16,6|26,16|-1,-1|-1,-1|16,16|26,6|
#setting_targetting_pos=-1,-1|5,17|-1,-1|-1,-1|-1,-1|-1,-1|-1,-1|-1,-1|-1,-1|
#type=4,4,4,4,4,4,4,4,4,
.........
#1111011111
#assigned_pet=-1,4,-1,-1,-1,4,-1,-1,-1,
#assigned_hub=5,1,8,3,7,2,0,4,6,
#moving_targetting_pos=16,26|-1,-1|26,26|16,6|26,16|-1,-1|-1,-1|16,16|26,6|
#setting_targetting_pos=-1,-1|5,19|-1,-1|-1,-1|-1,-1|5,23|-1,-1|-1,-1|-1,-1|
#type=4,4,4,4,4,4,4,4,4,
.R...U...
#1111011111
#assigned_pet=-1,4,-1,-1,-1,4,-1,-1,-1,
#assigned_hub=5,1,8,3,7,2,0,4,6,
#moving_targetting_pos=16,26|-1,-1|26,26|16,6|26,16|-1,-1|-1,-1|16,16|26,6|
#setting_targetting_pos=-1,-1|5,19|-1,-1|-1,-1|-1,-1|5,23|-1,-1|-1,-1|-1,-1|
#type=4,4,4,4,4,4,4,4,4,
.R...L...
#1111111111
#assigned_pet=-1,4,-1,-1,-1,4,-1,-1,-1,
#assigned_hub=5,1,8,3,7,2,0,4,6,
#moving_targetting_pos=16,26|-1,-1|26,26|16,6|26,16|-1,-1|6,6|16,16|26,6|
#setting_targetting_pos=-1,-1|5,19|-1,-1|-1,-1|-1,-1|5,23|-1,-1|-1,-1|-1,-1|
#type=4,5,4,4,4,5,4,4,4,
.u...u...
#1111111111
#assigned_pet=-1,-1,-1,-1,-1,-1,-1,-1,-1,
#assigned_hub=5,1,8,3,7,2,0,4,6,
#moving_targetting_pos=16,26|6,16|26,26|16,6|26,16|6,26|6,6|16,16|26,6|
#setting_targetting_pos=-1,-1|-1,-1|-1,-1|-1,-1|-1,-1|-1,-1|-1,-1|-1,-1|-1,-1|
#type=4,4,4,4,4,4,4,4,4,
.........
#1111111111
#assigned_pet=-1,-1,-1,-1,-1,-1,-1,-1,-1,
#assigned_hub=5,1,8,3,7,2,0,4,6,
#moving_targetting_pos=16,26|6,16|26,26|16,6|26,16|6,26|6,6|16,16|26,6|
#setting_targetting_pos=-1,-1|-1,-1|-1,-1|-1,-1|-1,-1|-1,-1|-1,-1|-1,-1|-1,-1|
#type=4,4,4,4,4,4,4,4,4,
.........
#1111111111
#assigned_pet=-1,-1,-1,-1,-1,-1,-1,-1,-1,
#assigned_hub=5,1,8,3,7,2,0,4,6,
#moving_targetting_pos=16,26|6,16|26,26|16,6|26,16|6,26|6,6|16,16|26,6|
#setting_targetting_pos=-1,-1|-1,-1|-1,-1|-1,-1|-1,-1|-1,-1|-1,-1|-1,-1|-1,-1|
#type=4,4,4,4,4,4,4,4,4,
.........
#1111111111
#assigned_pet=-1,-1,-1,-1,-1,-1,-1,-1,-1,
#assigned_hub=5,1,8,3,7,2,0,4,6,
#moving_targetting_pos=16,26|6,16|26,26|16,6|26,16|6,26|6,6|16,16|26,6|
#setting_targetting_pos=-1,-1|-1,-1|-1,-1|-1,-1|-1,-1|-1,-1|-1,-1|-1,-1|-1,-1|
#type=4,4,4,4,4,4,4,4,4,
.........
#1111111111
#assigned_pet=-1,-1,-1,-1,-1,-1,-1,-1,-1,
#assigned_hub=5,1,8,3,7,2,0,4,6,
#moving_targetting_pos=16,26|6,16|26,26|16,6|26,16|6,26|6,6|16,16|26,6|
#setting_targetting_pos=-1,-1|-1,-1|-1,-1|-1,-1|-1,-1|-1,-1|-1,-1|-1,-1|-1,-1|
#type=4,4,4,4,4,4,4,4,4,
.........
#1111111111
#assigned_pet=-1,-1,-1,-1,-1,-1,-1,-1,-1,
#assigned_hub=5,1,8,3,7,2,0,4,6,
#moving_targetting_pos=16,26|6,16|26,26|16,6|26,16|6,26|6,6|16,16|26,6|
#setting_targetting_pos=-1,-1|-1,-1|-1,-1|-1,-1|-1,-1|-1,-1|-1,-1|-1,-1|-1,-1|
#type=4,4,4,4,4,4,4,4,4,
.........
#1111111111
#assigned_pet=-1,-1,-1,-1,-1,-1,-1,-1,-1,
#assigned_hub=5,1,8,3,7,2,0,4,6,
#moving_targetting_pos=16,26|6,16|26,26|16,6|26,16|6,26|6,6|16,16|26,6|
#setting_targetting_pos=-1,-1|-1,-1|-1,-1|-1,-1|-1,-1|-1,-1|-1,-1|-1,-1|-1,-1|
#type=4,4,4,4,4,4,4,4,4,
.........
#1111111111
#assigned_pet=-1,-1,-1,-1,-1,-1,-1,-1,-1,
#assigned_hub=5,1,8,3,7,2,0,4,6,
#moving_targetting_pos=16,26|6,16|26,26|16,6|26,16|6,26|6,6|16,16|26,6|
#setting_targetting_pos=-1,-1|-1,-1|-1,-1|-1,-1|-1,-1|-1,-1|-1,-1|-1,-1|-1,-1|
#type=4,4,4,4,4,4,4,4,4,
.........
#1111111111
#assigned_pet=-1,-1,-1,-1,-1,-1,-1,-1,-1,
#assigned_hub=5,1,8,3,7,2,0,4,6,
#moving_targetting_pos=16,26|6,16|26,26|16,6|26,16|6,26|6,6|16,16|26,6|
#setting_targetting_pos=-1,-1|-1,-1|-1,-1|-1,-1|-1,-1|-1,-1|-1,-1|-1,-1|-1,-1|
#type=4,4,4,4,4,4,4,4,4,
.........
#1111111111
#assigned_pet=-1,-1,-1,-1,-1,-1,-1,-1,-1,
#assigned_hub=5,1,8,3,7,2,0,4,6,
#moving_targetting_pos=16,26|6,16|26,26|16,6|26,16|6,26|6,6|16,16|26,6|
#setting_targetting_pos=-1,-1|-1,-1|-1,-1|-1,-1|-1,-1|-1,-1|-1,-1|-1,-1|-1,-1|
#type=4,4,4,4,4,4,4,4,4,
.........
#1111111111
#assigned_pet=-1,-1,-1,-1,-1,-1,-1,-1,-1,
#assigned_hub=5,1,8,3,7,2,0,4,6,
#moving_targetting_pos=16,26|6,16|26,26|16,6|26,16|6,26|6,6|16,16|26,6|
#setting_targetting_pos=-1,-1|-1,-1|-1,-1|-1,-1|-1,-1|-1,-1|-1,-1|-1,-1|-1,-1|
#type=4,4,4,4,4,4,4,4,4,
.........
#1111111111
#assigned_pet=-1,-1,-1,-1,-1,-1,-1,-1,-1,
#assigned_hub=5,1,8,3,7,2,0,4,6,
#moving_targetting_pos=16,26|6,16|26,26|16,6|26,16|6,26|6,6|16,16|26,6|
#setting_targetting_pos=-1,-1|-1,-1|-1,-1|-1,-1|-1,-1|-1,-1|-1,-1|-1,-1|-1,-1|
#type=4,4,4,4,4,4,4,4,4,
.........
#1111111111
#assigned_pet=-1,-1,-1,-1,-1,-1,-1,-1,-1,
#assigned_hub=5,1,8,3,7,2,0,4,6,
#moving_targetting_pos=16,26|6,16|26,26|16,6|26,16|6,26|6,6|16,16|26,6|
#setting_targetting_pos=-1,-1|-1,-1|-1,-1|-1,-1|-1,-1|-1,-1|-1,-1|-1,-1|-1,-1|
#type=4,4,4,4,4,4,4,4,4,
.........
#1111111111
#assigned_pet=-1,-1,-1,-1,-1,-1,-1,-1,-1,
#assigned_hub=5,1,8,3,7,2,0,4,6,
#moving_targetting_pos=16,26|6,16|26,26|16,6|26,16|6,26|6,6|16,16|26,6|
#setting_targetting_pos=-1,-1|-1,-1|-1,-1|-1,-1|-1,-1|-1,-1|-1,-1|-1,-1|-1,-1|
#type=4,4,4,4,4,4,4,4,4,
.........
#1111111111
#assigned_pet=-1,-1,-1,-1,-1,-1,-1,-1,-1,
#assigned_hub=5,1,8,3,7,2,0,4,6,
#moving_targetting_pos=16,26|6,16|26,26|16,6|26,16|6,26|6,6|16,16|26,6|
#setting_targetting_pos=-1,-1|-1,-1|-1,-1|-1,-1|-1,-1|-1,-1|-1,-1|-1,-1|-1,-1|
#type=4,4,4,4,4,4,4,4,4,
.........
#1111111111
#assigned_pet=-1,-1,-1,-1,-1,-1,-1,-1,-1,
#assigned_hub=5,1,8,3,7,2,0,4,6,
#moving_targetting_pos=16,26|6,16|26,26|16,6|26,16|6,26|6,6|16,16|26,6|
#setting_targetting_pos=-1,-1|-1,-1|-1,-1|-1,-1|-1,-1|-1,-1|-1,-1|-1,-1|-1,-1|
#type=4,4,4,4,4,4,4,4,4,
.........
#1111111111
#assigned_pet=-1,-1,-1,-1,-1,-1,-1,-1,-1,
#assigned_hub=5,1,8,3,7,2,0,4,6,
#moving_targetting_pos=16,26|6,16|26,26|16,6|26,16|6,26|6,6|16,16|26,6|
#setting_targetting_pos=-1,-1|-1,-1|-1,-1|-1,-1|-1,-1|-1,-1|-1,-1|-1,-1|-1,-1|
#type=4,4,4,4,4,4,4,4,4,
.........
#1111111111
#assigned_pet=-1,-1,-1,-1,-1,-1,-1,-1,-1,
#assigned_hub=5,1,8,3,7,2,0,4,6,
#moving_targetting_pos=16,26|6,16|26,26|16,6|26,16|6,26|6,6|16,16|26,6|
#setting_targetting_pos=-1,-1|-1,-1|-1,-1|-1,-1|-1,-1|-1,-1|-1,-1|-1,-1|-1,-1|
#type=4,4,4,4,4,4,4,4,4,
.........
#1111111111
#assigned_pet=-1,-1,-1,-1,-1,-1,-1,-1,-1,
#assigned_hub=5,1,8,3,7,2,0,4,6,
#moving_targetting_pos=16,26|6,16|26,26|16,6|26,16|6,26|6,6|16,16|26,6|
#setting_targetting_pos=-1,-1|-1,-1|-1,-1|-1,-1|-1,-1|-1,-1|-1,-1|-1,-1|-1,-1|
#type=4,4,4,4,4,4,4,4,4,
.........
#1111111111
#assigned_pet=-1,-1,-1,-1,-1,-1,-1,-1,-1,
#assigned_hub=5,1,8,3,7,2,0,4,6,
#moving_targetting_pos=16,26|6,16|26,26|16,6|26,16|6,26|6,6|16,16|26,6|
#setting_targetting_pos=-1,-1|-1,-1|-1,-1|-1,-1|-1,-1|-1,-1|-1,-1|-1,-1|-1,-1|
#type=4,4,4,4,4,4,4,4,4,
.........
#1111111111
#assigned_pet=-1,-1,-1,-1,-1,-1,-1,-1,-1,
#assigned_hub=5,1,8,3,7,2,0,4,6,
#moving_targetting_pos=16,26|6,16|26,26|16,6|26,16|6,26|6,6|16,16|26,6|
#setting_targetting_pos=-1,-1|-1,-1|-1,-1|-1,-1|-1,-1|-1,-1|-1,-1|-1,-1|-1,-1|
#type=4,4,4,4,4,4,4,4,4,
.........
#1111111111
#assigned_pet=-1,-1,-1,-1,-1,-1,-1,-1,-1,
#assigned_hub=5,1,8,3,7,2,0,4,6,
#moving_targetting_pos=16,26|6,16|26,26|16,6|26,16|6,26|6,6|16,16|26,6|
#setting_targetting_pos=-1,-1|-1,-1|-1,-1|-1,-1|-1,-1|-1,-1|-1,-1|-1,-1|-1,-1|
#type=4,4,4,4,4,4,4,4,4,
.........
#1111111111
#assigned_pet=-1,-1,-1,-1,-1,-1,-1,-1,-1,
#assigned_hub=5,1,8,3,7,2,0,4,6,
#moving_targetting_pos=16,26|6,16|26,26|16,6|26,16|6,26|6,6|16,16|26,6|
#setting_targetting_pos=-1,-1|-1,-1|-1,-1|-1,-1|-1,-1|-1,-1|-1,-1|-1,-1|-1,-1|
#type=4,4,4,4,4,4,4,4,4,
.........
#1111111111
#assigned_pet=-1,-1,-1,-1,-1,-1,-1,-1,-1,
#assigned_hub=5,1,8,3,7,2,0,4,6,
#moving_targetting_pos=16,26|6,16|26,26|16,6|26,16|6,26|6,6|16,16|26,6|
#setting_targetting_pos=-1,-1|-1,-1|-1,-1|-1,-1|-1,-1|-1,-1|-1,-1|-1,-1|-1,-1|
#type=4,4,4,4,4,4,4,4,4,
.........
#1111111111
#assigned_pet=-1,-1,-1,-1,-1,-1,-1,-1,-1,
#assigned_hub=5,1,8,3,7,2,0,4,6,
#moving_targetting_pos=16,26|6,16|26,26|16,6|26,16|6,26|6,6|16,16|26,6|
#setting_targetting_pos=-1,-1|-1,-1|-1,-1|-1,-1|-1,-1|-1,-1|-1,-1|-1,-1|-1,-1|
#type=4,4,4,4,4,4,4,4,4,
.........
#1111111111
#assigned_pet=-1,-1,-1,-1,-1,-1,-1,-1,-1,
#assigned_hub=5,1,8,3,7,2,0,4,6,
#moving_targetting_pos=16,26|6,16|26,26|16,6|26,16|6,26|6,6|16,16|26,6|
#setting_targetting_pos=-1,-1|-1,-1|-1,-1|-1,-1|-1,-1|-1,-1|-1,-1|-1,-1|-1,-1|
#type=4,4,4,4,4,4,4,4,4,
.........
#1111111111
#assigned_pet=-1,-1,-1,-1,-1,-1,-1,-1,-1,
#assigned_hub=5,1,8,3,7,2,0,4,6,
#moving_targetting_pos=16,26|6,16|26,26|16,6|26,16|6,26|6,6|16,16|26,6|
#setting_targetting_pos=-1,-1|-1,-1|-1,-1|-1,-1|-1,-1|-1,-1|-1,-1|-1,-1|-1,-1|
#type=4,4,4,4,4,4,4,4,4,
.........
#1111111111
#assigned_pet=-1,-1,-1,-1,-1,-1,-1,-1,-1,
#assigned_hub=5,1,8,3,7,2,0,4,6,
#moving_targetting_pos=16,26|6,16|26,26|16,6|26,16|6,26|6,6|16,16|26,6|
#setting_targetting_pos=-1,-1|-1,-1|-1,-1|-1,-1|-1,-1|-1,-1|-1,-1|-1,-1|-1,-1|
#type=4,4,4,4,4,4,4,4,4,
.........
#1111111111
#assigned_pet=-1,-1,-1,-1,-1,-1,-1,-1,-1,
#assigned_hub=5,1,8,3,7,2,0,4,6,
#moving_targetting_pos=16,26|6,16|26,26|16,6|26,16|6,26|6,6|16,16|26,6|
#setting_targetting_pos=-1,-1|-1,-1|-1,-1|-1,-1|-1,-1|-1,-1|-1,-1|-1,-1|-1,-1|
#type=4,4,4,4,4,4,4,4,4,
.........
#1111111111
#assigned_pet=-1,-1,-1,-1,-1,-1,-1,-1,-1,
#assigned_hub=5,1,8,3,7,2,0,4,6,
#moving_targetting_pos=16,26|6,16|26,26|16,6|26,16|6,26|6,6|16,16|26,6|
#setting_targetting_pos=-1,-1|-1,-1|-1,-1|-1,-1|-1,-1|-1,-1|-1,-1|-1,-1|-1,-1|
#type=4,4,4,4,4,4,4,4,4,
.........
#1111111111
#assigned_pet=-1,-1,-1,-1,-1,-1,-1,-1,-1,
#assigned_hub=5,1,8,3,7,2,0,4,6,
#moving_targetting_pos=16,26|6,16|26,26|16,6|26,16|6,26|6,6|16,16|26,6|
#setting_targetting_pos=-1,-1|-1,-1|-1,-1|-1,-1|-1,-1|-1,-1|-1,-1|-1,-1|-1,-1|
#type=4,4,4,4,4,4,4,4,4,
.........
#1111111111
#assigned_pet=-1,-1,-1,-1,-1,-1,-1,-1,-1,
#assigned_hub=5,1,8,3,7,2,0,4,6,
#moving_targetting_pos=16,26|6,16|26,26|16,6|26,16|6,26|6,6|16,16|26,6|
#setting_targetting_pos=-1,-1|-1,-1|-1,-1|-1,-1|-1,-1|-1,-1|-1,-1|-1,-1|-1,-1|
#type=4,4,4,4,4,4,4,4,4,
.........
#1111111111
#assigned_pet=-1,-1,-1,-1,-1,-1,-1,-1,-1,
#assigned_hub=5,1,8,3,7,2,0,4,6,
#moving_targetting_pos=16,26|6,16|26,26|16,6|26,16|6,26|6,6|16,16|26,6|
#setting_targetting_pos=-1,-1|-1,-1|-1,-1|-1,-1|-1,-1|-1,-1|-1,-1|-1,-1|-1,-1|
#type=4,4,4,4,4,4,4,4,4,
.........
#1111111111
#assigned_pet=-1,-1,-1,-1,-1,-1,-1,-1,-1,
#assigned_hub=5,1,8,3,7,2,0,4,6,
#moving_targetting_pos=16,26|6,16|26,26|16,6|26,16|6,26|6,6|16,16|26,6|
#setting_targetting_pos=-1,-1|-1,-1|-1,-1|-1,-1|-1,-1|-1,-1|-1,-1|-1,-1|-1,-1|
#type=4,4,4,4,4,4,4,4,4,
.........
#1111111111
#assigned_pet=-1,-1,-1,-1,-1,-1,-1,-1,-1,
#assigned_hub=5,1,8,3,7,2,0,4,6,
#moving_targetting_pos=16,26|6,16|26,26|16,6|26,16|6,26|6,6|16,16|26,6|
#setting_targetting_pos=-1,-1|-1,-1|-1,-1|-1,-1|-1,-1|-1,-1|-1,-1|-1,-1|-1,-1|
#type=4,4,4,4,4,4,4,4,4,
.........
#1111111111
#assigned_pet=-1,-1,-1,-1,-1,-1,-1,-1,-1,
#assigned_hub=5,1,8,3,7,2,0,4,6,
#moving_targetting_pos=16,26|6,16|26,26|16,6|26,16|6,26|6,6|16,16|26,6|
#setting_targetting_pos=-1,-1|-1,-1|-1,-1|-1,-1|-1,-1|-1,-1|-1,-1|-1,-1|-1,-1|
#type=4,4,4,4,4,4,4,4,4,
.........
#1111111111
#assigned_pet=-1,-1,-1,-1,-1,-1,-1,-1,-1,
#assigned_hub=5,1,8,3,7,2,0,4,6,
#moving_targetting_pos=16,26|6,16|26,26|16,6|26,16|6,26|6,6|16,16|26,6|
#setting_targetting_pos=-1,-1|-1,-1|-1,-1|-1,-1|-1,-1|-1,-1|-1,-1|-1,-1|-1,-1|
#type=4,4,4,4,4,4,4,4,4,
.........
#1111111111
#assigned_pet=-1,-1,-1,-1,-1,-1,-1,-1,-1,
#assigned_hub=5,1,8,3,7,2,0,4,6,
#moving_targetting_pos=16,26|6,16|26,26|16,6|26,16|6,26|6,6|16,16|26,6|
#setting_targetting_pos=-1,-1|-1,-1|-1,-1|-1,-1|-1,-1|-1,-1|-1,-1|-1,-1|-1,-1|
#type=4,4,4,4,4,4,4,4,4,
.........
#1111111111
#assigned_pet=-1,-1,-1,-1,-1,-1,-1,-1,-1,
#assigned_hub=5,1,8,3,7,2,0,4,6,
#moving_targetting_pos=16,26|6,16|26,26|16,6|26,16|6,26|6,6|16,16|26,6|
#setting_targetting_pos=-1,-1|-1,-1|-1,-1|-1,-1|-1,-1|-1,-1|-1,-1|-1,-1|-1,-1|
#type=4,4,4,4,4,4,4,4,4,
.........
#1111111111
#assigned_pet=-1,-1,-1,-1,-1,-1,-1,-1,-1,
#assigned_hub=5,1,8,3,7,2,0,4,6,
#moving_targetting_pos=16,26|6,16|26,26|16,6|26,16|6,26|6,6|16,16|26,6|
#setting_targetting_pos=-1,-1|-1,-1|-1,-1|-1,-1|-1,-1|-1,-1|-1,-1|-1,-1|-1,-1|
#type=4,4,4,4,4,4,4,4,4,
.........
#1111111111
#assigned_pet=-1,-1,-1,-1,-1,-1,-1,-1,-1,
#assigned_hub=5,1,8,3,7,2,0,4,6,
#moving_targetting_pos=16,26|6,16|26,26|16,6|26,16|6,26|6,6|16,16|26,6|
#setting_targetting_pos=-1,-1|-1,-1|-1,-1|-1,-1|-1,-1|-1,-1|-1,-1|-1,-1|-1,-1|
#type=4,4,4,4,4,4,4,4,4,
.........
#1111111111
#assigned_pet=-1,-1,-1,-1,-1,-1,-1,-1,-1,
#assigned_hub=5,1,8,3,7,2,0,4,6,
#moving_targetting_pos=16,26|6,16|26,26|16,6|26,16|6,26|6,6|16,16|26,6|
#setting_targetting_pos=-1,-1|-1,-1|-1,-1|-1,-1|-1,-1|-1,-1|-1,-1|-1,-1|-1,-1|
#type=4,4,4,4,4,4,4,4,4,
.........
#1111111111
#assigned_pet=-1,-1,-1,-1,-1,-1,-1,-1,-1,
#assigned_hub=5,1,8,3,7,2,0,4,6,
#moving_targetting_pos=16,26|6,16|26,26|16,6|26,16|6,26|6,6|16,16|26,6|
#setting_targetting_pos=-1,-1|-1,-1|-1,-1|-1,-1|-1,-1|-1,-1|-1,-1|-1,-1|-1,-1|
#type=4,4,4,4,4,4,4,4,4,
.........
#1111111111
#assigned_pet=-1,-1,-1,-1,-1,-1,-1,-1,-1,
#assigned_hub=5,1,8,3,7,2,0,4,6,
#moving_targetting_pos=16,26|6,16|26,26|16,6|26,16|6,26|6,6|16,16|26,6|
#setting_targetting_pos=-1,-1|-1,-1|-1,-1|-1,-1|-1,-1|-1,-1|-1,-1|-1,-1|-1,-1|
#type=4,4,4,4,4,4,4,4,4,
.........
#1111111111
#assigned_pet=-1,-1,-1,-1,-1,-1,-1,-1,-1,
#assigned_hub=5,1,8,3,7,2,0,4,6,
#moving_targetting_pos=16,26|6,16|26,26|16,6|26,16|6,26|6,6|16,16|26,6|
#setting_targetting_pos=-1,-1|-1,-1|-1,-1|-1,-1|-1,-1|-1,-1|-1,-1|-1,-1|-1,-1|
#type=4,4,4,4,4,4,4,4,4,
.........
#1111111111
#assigned_pet=-1,-1,-1,-1,-1,-1,-1,-1,-1,
#assigned_hub=5,1,8,3,7,2,0,4,6,
#moving_targetting_pos=16,26|6,16|26,26|16,6|26,16|6,26|6,6|16,16|26,6|
#setting_targetting_pos=-1,-1|-1,-1|-1,-1|-1,-1|-1,-1|-1,-1|-1,-1|-1,-1|-1,-1|
#type=4,4,4,4,4,4,4,4,4,
.........
#1111111111
#assigned_pet=-1,-1,-1,-1,-1,-1,-1,-1,-1,
#assigned_hub=5,1,8,3,7,2,0,4,6,
#moving_targetting_pos=16,26|6,16|26,26|16,6|26,16|6,26|6,6|16,16|26,6|
#setting_targetting_pos=-1,-1|-1,-1|-1,-1|-1,-1|-1,-1|-1,-1|-1,-1|-1,-1|-1,-1|
#type=4,4,4,4,4,4,4,4,4,
.........
#1111111111
#assigned_pet=-1,-1,-1,-1,-1,-1,-1,-1,-1,
#assigned_hub=5,1,8,3,7,2,0,4,6,
#moving_targetting_pos=16,26|6,16|26,26|16,6|26,16|6,26|6,6|16,16|26,6|
#setting_targetting_pos=-1,-1|-1,-1|-1,-1|-1,-1|-1,-1|-1,-1|-1,-1|-1,-1|-1,-1|
#type=4,4,4,4,4,4,4,4,4,
.........
#1111111111
#assigned_pet=-1,-1,-1,-1,-1,-1,-1,-1,-1,
#assigned_hub=5,1,8,3,7,2,0,4,6,
#moving_targetting_pos=16,26|6,16|26,26|16,6|26,16|6,26|6,6|16,16|26,6|
#setting_targetting_pos=-1,-1|-1,-1|-1,-1|-1,-1|-1,-1|-1,-1|-1,-1|-1,-1|-1,-1|
#type=4,4,4,4,4,4,4,4,4,
.........
#1111111111
#assigned_pet=-1,-1,-1,-1,-1,-1,-1,-1,-1,
#assigned_hub=5,1,8,3,7,2,0,4,6,
#moving_targetting_pos=16,26|6,16|26,26|16,6|26,16|6,26|6,6|16,16|26,6|
#setting_targetting_pos=-1,-1|-1,-1|-1,-1|-1,-1|-1,-1|-1,-1|-1,-1|-1,-1|-1,-1|
#type=4,4,4,4,4,4,4,4,4,
.........
#1111111111
#assigned_pet=-1,-1,-1,-1,-1,-1,-1,-1,-1,
#assigned_hub=5,1,8,3,7,2,0,4,6,
#moving_targetting_pos=16,26|6,16|26,26|16,6|26,16|6,26|6,6|16,16|26,6|
#setting_targetting_pos=-1,-1|-1,-1|-1,-1|-1,-1|-1,-1|-1,-1|-1,-1|-1,-1|-1,-1|
#type=4,4,4,4,4,4,4,4,4,
.........
#1111111111
#assigned_pet=-1,-1,-1,-1,-1,-1,-1,-1,-1,
#assigned_hub=5,1,8,3,7,2,0,4,6,
#moving_targetting_pos=16,26|6,16|26,26|16,6|26,16|6,26|6,6|16,16|26,6|
#setting_targetting_pos=-1,-1|-1,-1|-1,-1|-1,-1|-1,-1|-1,-1|-1,-1|-1,-1|-1,-1|
#type=4,4,4,4,4,4,4,4,4,
.........
#1111111111
#assigned_pet=-1,-1,-1,-1,-1,-1,-1,-1,-1,
#assigned_hub=5,1,8,3,7,2,0,4,6,
#moving_targetting_pos=16,26|6,16|26,26|16,6|26,16|6,26|6,6|16,16|26,6|
#setting_targetting_pos=-1,-1|-1,-1|-1,-1|-1,-1|-1,-1|-1,-1|-1,-1|-1,-1|-1,-1|
#type=4,4,4,4,4,4,4,4,4,
.........
#1111111111
#assigned_pet=-1,-1,-1,-1,-1,-1,-1,-1,-1,
#assigned_hub=5,1,8,3,7,2,0,4,6,
#moving_targetting_pos=16,26|6,16|26,26|16,6|26,16|6,26|6,6|16,16|26,6|
#setting_targetting_pos=-1,-1|-1,-1|-1,-1|-1,-1|-1,-1|-1,-1|-1,-1|-1,-1|-1,-1|
#type=4,4,4,4,4,4,4,4,4,
.........
#1111111111
#assigned_pet=-1,-1,-1,-1,-1,-1,-1,-1,-1,
#assigned_hub=5,1,8,3,7,2,0,4,6,
#moving_targetting_pos=16,26|6,16|26,26|16,6|26,16|6,26|6,6|16,16|26,6|
#setting_targetting_pos=-1,-1|-1,-1|-1,-1|-1,-1|-1,-1|-1,-1|-1,-1|-1,-1|-1,-1|
#type=4,4,4,4,4,4,4,4,4,
.........
#1111111111
#assigned_pet=-1,-1,-1,-1,-1,-1,-1,-1,-1,
#assigned_hub=5,1,8,3,7,2,0,4,6,
#moving_targetting_pos=16,26|6,16|26,26|16,6|26,16|6,26|6,6|16,16|26,6|
#setting_targetting_pos=-1,-1|-1,-1|-1,-1|-1,-1|-1,-1|-1,-1|-1,-1|-1,-1|-1,-1|
#type=4,4,4,4,4,4,4,4,4,
.........
#1111111111
#assigned_pet=-1,-1,-1,-1,-1,-1,-1,-1,-1,
#assigned_hub=5,1,8,3,7,2,0,4,6,
#moving_targetting_pos=16,26|6,16|26,26|16,6|26,16|6,26|6,6|16,16|26,6|
#setting_targetting_pos=-1,-1|-1,-1|-1,-1|-1,-1|-1,-1|-1,-1|-1,-1|-1,-1|-1,-1|
#type=4,4,4,4,4,4,4,4,4,
.........
#1111111111
#assigned_pet=-1,-1,-1,-1,-1,-1,-1,-1,-1,
#assigned_hub=5,1,8,3,7,2,0,4,6,
#moving_targetting_pos=16,26|6,16|26,26|16,6|26,16|6,26|6,6|16,16|26,6|
#setting_targetting_pos=-1,-1|-1,-1|-1,-1|-1,-1|-1,-1|-1,-1|-1,-1|-1,-1|-1,-1|
#type=4,4,4,4,4,4,4,4,4,
.........
#1111111111
#assigned_pet=-1,-1,-1,-1,-1,-1,-1,-1,-1,
#assigned_hub=5,1,8,3,7,2,0,4,6,
#moving_targetting_pos=16,26|6,16|26,26|16,6|26,16|6,26|6,6|16,16|26,6|
#setting_targetting_pos=-1,-1|-1,-1|-1,-1|-1,-1|-1,-1|-1,-1|-1,-1|-1,-1|-1,-1|
#type=4,4,4,4,4,4,4,4,4,
.........
#1111111111
#assigned_pet=-1,-1,-1,-1,-1,-1,-1,-1,-1,
#assigned_hub=5,1,8,3,7,2,0,4,6,
#moving_targetting_pos=16,26|6,16|26,26|16,6|26,16|6,26|6,6|16,16|26,6|
#setting_targetting_pos=-1,-1|-1,-1|-1,-1|-1,-1|-1,-1|-1,-1|-1,-1|-1,-1|-1,-1|
#type=4,4,4,4,4,4,4,4,4,
.........
#1111111111
#assigned_pet=-1,-1,-1,-1,-1,-1,-1,-1,-1,
#assigned_hub=5,1,8,3,7,2,0,4,6,
#moving_targetting_pos=16,26|6,16|26,26|16,6|26,16|6,26|6,6|16,16|26,6|
#setting_targetting_pos=-1,-1|-1,-1|-1,-1|-1,-1|-1,-1|-1,-1|-1,-1|-1,-1|-1,-1|
#type=4,4,4,4,4,4,4,4,4,
.........
#1111111111
#assigned_pet=-1,-1,-1,-1,-1,-1,-1,-1,-1,
#assigned_hub=5,1,8,3,7,2,0,4,6,
#moving_targetting_pos=16,26|6,16|26,26|16,6|26,16|6,26|6,6|16,16|26,6|
#setting_targetting_pos=-1,-1|-1,-1|-1,-1|-1,-1|-1,-1|-1,-1|-1,-1|-1,-1|-1,-1|
#type=4,4,4,4,4,4,4,4,4,
.........
#1111111111
#assigned_pet=-1,-1,-1,-1,-1,-1,-1,-1,-1,
#assigned_hub=5,1,8,3,7,2,0,4,6,
#moving_targetting_pos=16,26|6,16|26,26|16,6|26,16|6,26|6,6|16,16|26,6|
#setting_targetting_pos=-1,-1|-1,-1|-1,-1|-1,-1|-1,-1|-1,-1|-1,-1|-1,-1|-1,-1|
#type=4,4,4,4,4,4,4,4,4,
.........
#1111111111
#assigned_pet=-1,-1,-1,-1,-1,-1,-1,-1,-1,
#assigned_hub=5,1,8,3,7,2,0,4,6,
#moving_targetting_pos=16,26|6,16|26,26|16,6|26,16|6,26|6,6|16,16|26,6|
#setting_targetting_pos=-1,-1|-1,-1|-1,-1|-1,-1|-1,-1|-1,-1|-1,-1|-1,-1|-1,-1|
#type=4,4,4,4,4,4,4,4,4,
.........
#1111111111
#assigned_pet=-1,-1,-1,-1,-1,-1,-1,-1,-1,
#assigned_hub=5,1,8,3,7,2,0,4,6,
#moving_targetting_pos=16,26|6,16|26,26|16,6|26,16|6,26|6,6|16,16|26,6|
#setting_targetting_pos=-1,-1|-1,-1|-1,-1|-1,-1|-1,-1|-1,-1|-1,-1|-1,-1|-1,-1|
#type=4,4,4,4,4,4,4,4,4,
.........
#1111111111
#assigned_pet=-1,-1,-1,-1,-1,-1,-1,-1,-1,
#assigned_hub=5,1,8,3,7,2,0,4,6,
#moving_targetting_pos=16,26|6,16|26,26|16,6|26,16|6,26|6,6|16,16|26,6|
#setting_targetting_pos=-1,-1|-1,-1|-1,-1|-1,-1|-1,-1|-1,-1|-1,-1|-1,-1|-1,-1|
#type=4,4,4,4,4,4,4,4,4,
.........
#1111111111
#assigned_pet=-1,-1,-1,-1,-1,-1,-1,-1,-1,
#assigned_hub=5,1,8,3,7,2,0,4,6,
#moving_targetting_pos=16,26|6,16|26,26|16,6|26,16|6,26|6,6|16,16|26,6|
#setting_targetting_pos=-1,-1|-1,-1|-1,-1|-1,-1|-1,-1|-1,-1|-1,-1|-1,-1|-1,-1|
#type=4,4,4,4,4,4,4,4,4,
.........
#1111111111
#assigned_pet=-1,-1,-1,-1,-1,-1,-1,-1,-1,
#assigned_hub=5,1,8,3,7,2,0,4,6,
#moving_targetting_pos=16,26|6,16|26,26|16,6|26,16|6,26|6,6|16,16|26,6|
#setting_targetting_pos=-1,-1|-1,-1|-1,-1|-1,-1|-1,-1|-1,-1|-1,-1|-1,-1|-1,-1|
#type=4,4,4,4,4,4,4,4,4,
.........
#1111111111
#assigned_pet=-1,-1,-1,-1,-1,-1,-1,-1,-1,
#assigned_hub=5,1,8,3,7,2,0,4,6,
#moving_targetting_pos=16,26|6,16|26,26|16,6|26,16|6,26|6,6|16,16|26,6|
#setting_targetting_pos=-1,-1|-1,-1|-1,-1|-1,-1|-1,-1|-1,-1|-1,-1|-1,-1|-1,-1|
#type=4,4,4,4,4,4,4,4,4,
.........
#1111111111
#assigned_pet=-1,-1,-1,-1,-1,-1,-1,-1,-1,
#assigned_hub=5,1,8,3,7,2,0,4,6,
#moving_targetting_pos=16,26|6,16|26,26|16,6|26,16|6,26|6,6|16,16|26,6|
#setting_targetting_pos=-1,-1|-1,-1|-1,-1|-1,-1|-1,-1|-1,-1|-1,-1|-1,-1|-1,-1|
#type=4,4,4,4,4,4,4,4,4,
.........
#1111111111
#assigned_pet=-1,-1,-1,-1,-1,-1,-1,-1,-1,
#assigned_hub=5,1,8,3,7,2,0,4,6,
#moving_targetting_pos=16,26|6,16|26,26|16,6|26,16|6,26|6,6|16,16|26,6|
#setting_targetting_pos=-1,-1|-1,-1|-1,-1|-1,-1|-1,-1|-1,-1|-1,-1|-1,-1|-1,-1|
#type=4,4,4,4,4,4,4,4,4,
.........
#1111111111
#assigned_pet=-1,-1,-1,-1,-1,-1,-1,-1,-1,
#assigned_hub=5,1,8,3,7,2,0,4,6,
#moving_targetting_pos=16,26|6,16|26,26|16,6|26,16|6,26|6,6|16,16|26,6|
#setting_targetting_pos=-1,-1|-1,-1|-1,-1|-1,-1|-1,-1|-1,-1|-1,-1|-1,-1|-1,-1|
#type=4,4,4,4,4,4,4,4,4,
.........
#1111111111
#assigned_pet=-1,-1,-1,-1,-1,-1,-1,-1,-1,
#assigned_hub=5,1,8,3,7,2,0,4,6,
#moving_targetting_pos=16,26|6,16|26,26|16,6|26,16|6,26|6,6|16,16|26,6|
#setting_targetting_pos=-1,-1|-1,-1|-1,-1|-1,-1|-1,-1|-1,-1|-1,-1|-1,-1|-1,-1|
#type=4,4,4,4,4,4,4,4,4,
.........
#1111111111
#assigned_pet=-1,-1,-1,-1,-1,-1,-1,-1,-1,
#assigned_hub=5,1,8,3,7,2,0,4,6,
#moving_targetting_pos=16,26|6,16|26,26|16,6|26,16|6,26|6,6|16,16|26,6|
#setting_targetting_pos=-1,-1|-1,-1|-1,-1|-1,-1|-1,-1|-1,-1|-1,-1|-1,-1|-1,-1|
#type=4,4,4,4,4,4,4,4,4,
.........
#1111111111
#assigned_pet=-1,-1,-1,-1,-1,-1,-1,-1,-1,
#assigned_hub=5,1,8,3,7,2,0,4,6,
#moving_targetting_pos=16,26|6,16|26,26|16,6|26,16|6,26|6,6|16,16|26,6|
#setting_targetting_pos=-1,-1|-1,-1|-1,-1|-1,-1|-1,-1|-1,-1|-1,-1|-1,-1|-1,-1|
#type=4,4,4,4,4,4,4,4,4,
.........
#1111111111
#assigned_pet=-1,-1,-1,-1,-1,-1,-1,-1,-1,
#assigned_hub=5,1,8,3,7,2,0,4,6,
#moving_targetting_pos=16,26|6,16|26,26|16,6|26,16|6,26|6,6|16,16|26,6|
#setting_targetting_pos=-1,-1|-1,-1|-1,-1|-1,-1|-1,-1|-1,-1|-1,-1|-1,-1|-1,-1|
#type=4,4,4,4,4,4,4,4,4,
.........
#1111111111
#assigned_pet=-1,-1,-1,-1,-1,-1,-1,-1,-1,
#assigned_hub=5,1,8,3,7,2,0,4,6,
#moving_targetting_pos=16,26|6,16|26,26|16,6|26,16|6,26|6,6|16,16|26,6|
#setting_targetting_pos=-1,-1|-1,-1|-1,-1|-1,-1|-1,-1|-1,-1|-1,-1|-1,-1|-1,-1|
#type=4,4,4,4,4,4,4,4,4,
.........
#1111111111
#assigned_pet=-1,-1,-1,-1,-1,-1,-1,-1,-1,
#assigned_hub=5,1,8,3,7,2,0,4,6,
#moving_targetting_pos=16,26|6,16|26,26|16,6|26,16|6,26|6,6|16,16|26,6|
#setting_targetting_pos=-1,-1|-1,-1|-1,-1|-1,-1|-1,-1|-1,-1|-1,-1|-1,-1|-1,-1|
#type=4,4,4,4,4,4,4,4,4,
.........
#1111111111
#assigned_pet=-1,-1,-1,-1,-1,-1,-1,-1,-1,
#assigned_hub=5,1,8,3,7,2,0,4,6,
#moving_targetting_pos=16,26|6,16|26,26|16,6|26,16|6,26|6,6|16,16|26,6|
#setting_targetting_pos=-1,-1|-1,-1|-1,-1|-1,-1|-1,-1|-1,-1|-1,-1|-1,-1|-1,-1|
#type=4,4,4,4,4,4,4,4,4,
.........
#1111111111
#assigned_pet=-1,-1,-1,-1,-1,-1,-1,-1,-1,
#assigned_hub=5,1,8,3,7,2,0,4,6,
#moving_targetting_pos=16,26|6,16|26,26|16,6|26,16|6,26|6,6|16,16|26,6|
#setting_targetting_pos=-1,-1|-1,-1|-1,-1|-1,-1|-1,-1|-1,-1|-1,-1|-1,-1|-1,-1|
#type=4,4,4,4,4,4,4,4,4,
.........
#1111111111
#assigned_pet=-1,-1,-1,-1,-1,-1,-1,-1,-1,
#assigned_hub=5,1,8,3,7,2,0,4,6,
#moving_targetting_pos=16,26|6,16|26,26|16,6|26,16|6,26|6,6|16,16|26,6|
#setting_targetting_pos=-1,-1|-1,-1|-1,-1|-1,-1|-1,-1|-1,-1|-1,-1|-1,-1|-1,-1|
#type=4,4,4,4,4,4,4,4,4,
.........
#1111111111
#assigned_pet=-1,-1,-1,-1,-1,-1,-1,-1,-1,
#assigned_hub=5,1,8,3,7,2,0,4,6,
#moving_targetting_pos=16,26|6,16|26,26|16,6|26,16|6,26|6,6|16,16|26,6|
#setting_targetting_pos=-1,-1|-1,-1|-1,-1|-1,-1|-1,-1|-1,-1|-1,-1|-1,-1|-1,-1|
#type=4,4,4,4,4,4,4,4,4,
.........
#1111111111
#assigned_pet=-1,-1,-1,-1,-1,-1,-1,-1,-1,
#assigned_hub=5,1,8,3,7,2,0,4,6,
#moving_targetting_pos=16,26|6,16|26,26|16,6|26,16|6,26|6,6|16,16|26,6|
#setting_targetting_pos=-1,-1|-1,-1|-1,-1|-1,-1|-1,-1|-1,-1|-1,-1|-1,-1|-1,-1|
#type=4,4,4,4,4,4,4,4,4,
.........
#1111111111
#assigned_pet=-1,-1,-1,-1,-1,-1,-1,-1,-1,
#assigned_hub=5,1,8,3,7,2,0,4,6,
#moving_targetting_pos=16,26|6,16|26,26|16,6|26,16|6,26|6,6|16,16|26,6|
#setting_targetting_pos=-1,-1|-1,-1|-1,-1|-1,-1|-1,-1|-1,-1|-1,-1|-1,-1|-1,-1|
#type=4,4,4,4,4,4,4,4,4,
.........
#1111111111
#assigned_pet=-1,-1,-1,-1,-1,-1,-1,-1,-1,
#assigned_hub=5,1,8,3,7,2,0,4,6,
#moving_targetting_pos=16,26|6,16|26,26|16,6|26,16|6,26|6,6|16,16|26,6|
#setting_targetting_pos=-1,-1|-1,-1|-1,-1|-1,-1|-1,-1|-1,-1|-1,-1|-1,-1|-1,-1|
#type=4,4,4,4,4,4,4,4,4,
.........
#1111111111
#assigned_pet=-1,-1,-1,-1,-1,-1,-1,-1,-1,
#assigned_hub=5,1,8,3,7,2,0,4,6,
#moving_targetting_pos=16,26|6,16|26,26|16,6|26,16|6,26|6,6|16,16|26,6|
#setting_targetting_pos=-1,-1|-1,-1|-1,-1|-1,-1|-1,-1|-1,-1|-1,-1|-1,-1|-1,-1|
#type=4,4,4,4,4,4,4,4,4,
.........
#1111111111
#assigned_pet=-1,-1,-1,-1,-1,-1,-1,-1,-1,
#assigned_hub=5,1,8,3,7,2,0,4,6,
#moving_targetting_pos=16,26|6,16|26,26|16,6|26,16|6,26|6,6|16,16|26,6|
#setting_targetting_pos=-1,-1|-1,-1|-1,-1|-1,-1|-1,-1|-1,-1|-1,-1|-1,-1|-1,-1|
#type=4,4,4,4,4,4,4,4,4,
.........
#1111111111
#assigned_pet=-1,-1,-1,-1,-1,-1,-1,-1,-1,
#assigned_hub=5,1,8,3,7,2,0,4,6,
#moving_targetting_pos=16,26|6,16|26,26|16,6|26,16|6,26|6,6|16,16|26,6|
#setting_targetting_pos=-1,-1|-1,-1|-1,-1|-1,-1|-1,-1|-1,-1|-1,-1|-1,-1|-1,-1|
#type=4,4,4,4,4,4,4,4,4,
.........
#1111111111
#assigned_pet=-1,-1,-1,-1,-1,-1,-1,-1,-1,
#assigned_hub=5,1,8,3,7,2,0,4,6,
#moving_targetting_pos=16,26|6,16|26,26|16,6|26,16|6,26|6,6|16,16|26,6|
#setting_targetting_pos=-1,-1|-1,-1|-1,-1|-1,-1|-1,-1|-1,-1|-1,-1|-1,-1|-1,-1|
#type=4,4,4,4,4,4,4,4,4,
.........
#1111111111
#assigned_pet=-1,-1,-1,-1,-1,-1,-1,-1,-1,
#assigned_hub=5,1,8,3,7,2,0,4,6,
#moving_targetting_pos=16,26|6,16|26,26|16,6|26,16|6,26|6,6|16,16|26,6|
#setting_targetting_pos=-1,-1|-1,-1|-1,-1|-1,-1|-1,-1|-1,-1|-1,-1|-1,-1|-1,-1|
#type=4,4,4,4,4,4,4,4,4,
.........
#1111111111
#assigned_pet=-1,-1,-1,-1,-1,-1,-1,-1,-1,
#assigned_hub=5,1,8,3,7,2,0,4,6,
#moving_targetting_pos=16,26|6,16|26,26|16,6|26,16|6,26|6,6|16,16|26,6|
#setting_targetting_pos=-1,-1|-1,-1|-1,-1|-1,-1|-1,-1|-1,-1|-1,-1|-1,-1|-1,-1|
#type=4,4,4,4,4,4,4,4,4,
.........
#1111111111
#assigned_pet=-1,-1,-1,-1,-1,-1,-1,-1,-1,
#assigned_hub=5,1,8,3,7,2,0,4,6,
#moving_targetting_pos=16,26|6,16|26,26|16,6|26,16|6,26|6,6|16,16|26,6|
#setting_targetting_pos=-1,-1|-1,-1|-1,-1|-1,-1|-1,-1|-1,-1|-1,-1|-1,-1|-1,-1|
#type=4,4,4,4,4,4,4,4,4,
.........
#1111111111
#assigned_pet=-1,-1,-1,-1,-1,-1,-1,-1,-1,
#assigned_hub=5,1,8,3,7,2,0,4,6,
#moving_targetting_pos=16,26|6,16|26,26|16,6|26,16|6,26|6,6|16,16|26,6|
#setting_targetting_pos=-1,-1|-1,-1|-1,-1|-1,-1|-1,-1|-1,-1|-1,-1|-1,-1|-1,-1|
#type=4,4,4,4,4,4,4,4,4,
.........
#1111111111
#assigned_pet=-1,-1,-1,-1,-1,-1,-1,-1,-1,
#assigned_hub=5,1,8,3,7,2,0,4,6,
#moving_targetting_pos=16,26|6,16|26,26|16,6|26,16|6,26|6,6|16,16|26,6|
#setting_targetting_pos=-1,-1|-1,-1|-1,-1|-1,-1|-1,-1|-1,-1|-1,-1|-1,-1|-1,-1|
#type=4,4,4,4,4,4,4,4,4,
.........
#1111111111
#assigned_pet=-1,-1,-1,-1,-1,-1,-1,-1,-1,
#assigned_hub=5,1,8,3,7,2,0,4,6,
#moving_targetting_pos=16,26|6,16|26,26|16,6|26,16|6,26|6,6|16,16|26,6|
#setting_targetting_pos=-1,-1|-1,-1|-1,-1|-1,-1|-1,-1|-1,-1|-1,-1|-1,-1|-1,-1|
#type=4,4,4,4,4,4,4,4,4,
.........
#1111111111
#assigned_pet=-1,-1,-1,-1,-1,-1,-1,-1,-1,
#assigned_hub=5,1,8,3,7,2,0,4,6,
#moving_targetting_pos=16,26|6,16|26,26|16,6|26,16|6,26|6,6|16,16|26,6|
#setting_targetting_pos=-1,-1|-1,-1|-1,-1|-1,-1|-1,-1|-1,-1|-1,-1|-1,-1|-1,-1|
#type=4,4,4,4,4,4,4,4,4,
.........
#1111111111
#assigned_pet=-1,-1,-1,-1,-1,-1,-1,-1,-1,
#assigned_hub=5,1,8,3,7,2,0,4,6,
#moving_targetting_pos=16,26|6,16|26,26|16,6|26,16|6,26|6,6|16,16|26,6|
#setting_targetting_pos=-1,-1|-1,-1|-1,-1|-1,-1|-1,-1|-1,-1|-1,-1|-1,-1|-1,-1|
#type=4,4,4,4,4,4,4,4,4,
.........
#1111111111
#assigned_pet=-1,-1,-1,-1,-1,-1,-1,-1,-1,
#assigned_hub=5,1,8,3,7,2,0,4,6,
#moving_targetting_pos=16,26|6,16|26,26|16,6|26,16|6,26|6,6|16,16|26,6|
#setting_targetting_pos=-1,-1|-1,-1|-1,-1|-1,-1|-1,-1|-1,-1|-1,-1|-1,-1|-1,-1|
#type=4,4,4,4,4,4,4,4,4,
.........
#1111111111
#assigned_pet=-1,-1,-1,-1,-1,-1,-1,-1,-1,
#assigned_hub=5,1,8,3,7,2,0,4,6,
#moving_targetting_pos=16,26|6,16|26,26|16,6|26,16|6,26|6,6|16,16|26,6|
#setting_targetting_pos=-1,-1|-1,-1|-1,-1|-1,-1|-1,-1|-1,-1|-1,-1|-1,-1|-1,-1|
#type=4,4,4,4,4,4,4,4,4,
.........
#1111111111
#assigned_pet=-1,-1,-1,-1,-1,-1,-1,-1,-1,
#assigned_hub=5,1,8,3,7,2,0,4,6,
#moving_targetting_pos=16,26|6,16|26,26|16,6|26,16|6,26|6,6|16,16|26,6|
#setting_targetting_pos=-1,-1|-1,-1|-1,-1|-1,-1|-1,-1|-1,-1|-1,-1|-1,-1|-1,-1|
#type=4,4,4,4,4,4,4,4,4,
.........
#1111111111
#assigned_pet=-1,-1,-1,-1,-1,-1,-1,-1,-1,
#assigned_hub=5,1,8,3,7,2,0,4,6,
#moving_targetting_pos=16,26|6,16|26,26|16,6|26,16|6,26|6,6|16,16|26,6|
#setting_targetting_pos=-1,-1|-1,-1|-1,-1|-1,-1|-1,-1|-1,-1|-1,-1|-1,-1|-1,-1|
#type=4,4,4,4,4,4,4,4,4,
.........
#1111111111
#assigned_pet=-1,-1,-1,-1,-1,-1,-1,-1,-1,
#assigned_hub=5,1,8,3,7,2,0,4,6,
#moving_targetting_pos=16,26|6,16|26,26|16,6|26,16|6,26|6,6|16,16|26,6|
#setting_targetting_pos=-1,-1|-1,-1|-1,-1|-1,-1|-1,-1|-1,-1|-1,-1|-1,-1|-1,-1|
#type=4,4,4,4,4,4,4,4,4,
.........
#1111111111
#assigned_pet=-1,-1,-1,-1,-1,-1,-1,-1,-1,
#assigned_hub=5,1,8,3,7,2,0,4,6,
#moving_targetting_pos=16,26|6,16|26,26|16,6|26,16|6,26|6,6|16,16|26,6|
#setting_targetting_pos=-1,-1|-1,-1|-1,-1|-1,-1|-1,-1|-1,-1|-1,-1|-1,-1|-1,-1|
#type=4,4,4,4,4,4,4,4,4,
.........
#1111111111
#assigned_pet=-1,-1,-1,-1,-1,-1,-1,-1,-1,
#assigned_hub=5,1,8,3,7,2,0,4,6,
#moving_targetting_pos=16,26|6,16|26,26|16,6|26,16|6,26|6,6|16,16|26,6|
#setting_targetting_pos=-1,-1|-1,-1|-1,-1|-1,-1|-1,-1|-1,-1|-1,-1|-1,-1|-1,-1|
#type=4,4,4,4,4,4,4,4,4,
.........
#1111111111
#assigned_pet=-1,-1,-1,-1,-1,-1,-1,-1,-1,
#assigned_hub=5,1,8,3,7,2,0,4,6,
#moving_targetting_pos=16,26|6,16|26,26|16,6|26,16|6,26|6,6|16,16|26,6|
#setting_targetting_pos=-1,-1|-1,-1|-1,-1|-1,-1|-1,-1|-1,-1|-1,-1|-1,-1|-1,-1|
#type=4,4,4,4,4,4,4,4,4,
.........
#1111111111
#assigned_pet=-1,-1,-1,-1,-1,-1,-1,-1,-1,
#assigned_hub=5,1,8,3,7,2,0,4,6,
#moving_targetting_pos=16,26|6,16|26,26|16,6|26,16|6,26|6,6|16,16|26,6|
#setting_targetting_pos=-1,-1|-1,-1|-1,-1|-1,-1|-1,-1|-1,-1|-1,-1|-1,-1|-1,-1|
#type=4,4,4,4,4,4,4,4,4,
.........
#1111111111
#assigned_pet=-1,-1,-1,-1,-1,-1,-1,-1,-1,
#assigned_hub=5,1,8,3,7,2,0,4,6,
#moving_targetting_pos=16,26|6,16|26,26|16,6|26,16|6,26|6,6|16,16|26,6|
#setting_targetting_pos=-1,-1|-1,-1|-1,-1|-1,-1|-1,-1|-1,-1|-1,-1|-1,-1|-1,-1|
#type=4,4,4,4,4,4,4,4,4,
.........
#1111111111
#assigned_pet=-1,-1,-1,-1,-1,-1,-1,-1,-1,
#assigned_hub=5,1,8,3,7,2,0,4,6,
#moving_targetting_pos=16,26|6,16|26,26|16,6|26,16|6,26|6,6|16,16|26,6|
#setting_targetting_pos=-1,-1|-1,-1|-1,-1|-1,-1|-1,-1|-1,-1|-1,-1|-1,-1|-1,-1|
#type=4,4,4,4,4,4,4,4,4,
.........
#1111111111
#assigned_pet=-1,-1,-1,-1,-1,-1,-1,-1,-1,
#assigned_hub=5,1,8,3,7,2,0,4,6,
#moving_targetting_pos=16,26|6,16|26,26|16,6|26,16|6,26|6,6|16,16|26,6|
#setting_targetting_pos=-1,-1|-1,-1|-1,-1|-1,-1|-1,-1|-1,-1|-1,-1|-1,-1|-1,-1|
#type=4,4,4,4,4,4,4,4,4,
.........
#1111111111
#assigned_pet=-1,-1,-1,-1,-1,-1,-1,-1,-1,
#assigned_hub=5,1,8,3,7,2,0,4,6,
#moving_targetting_pos=16,26|6,16|26,26|16,6|26,16|6,26|6,6|16,16|26,6|
#setting_targetting_pos=-1,-1|-1,-1|-1,-1|-1,-1|-1,-1|-1,-1|-1,-1|-1,-1|-1,-1|
#type=4,4,4,4,4,4,4,4,4,
.........
#1111111111
#assigned_pet=-1,-1,-1,-1,-1,-1,-1,-1,-1,
#assigned_hub=5,1,8,3,7,2,0,4,6,
#moving_targetting_pos=16,26|6,16|26,26|16,6|26,16|6,26|6,6|16,16|26,6|
#setting_targetting_pos=-1,-1|-1,-1|-1,-1|-1,-1|-1,-1|-1,-1|-1,-1|-1,-1|-1,-1|
#type=4,4,4,4,4,4,4,4,4,
.........
#1111111111
#assigned_pet=-1,-1,-1,-1,-1,-1,-1,-1,-1,
#assigned_hub=5,1,8,3,7,2,0,4,6,
#moving_targetting_pos=16,26|6,16|26,26|16,6|26,16|6,26|6,6|16,16|26,6|
#setting_targetting_pos=-1,-1|-1,-1|-1,-1|-1,-1|-1,-1|-1,-1|-1,-1|-1,-1|-1,-1|
#type=4,4,4,4,4,4,4,4,4,
.........
#1111111111
#assigned_pet=-1,-1,-1,-1,-1,-1,-1,-1,-1,
#assigned_hub=5,1,8,3,7,2,0,4,6,
#moving_targetting_pos=16,26|6,16|26,26|16,6|26,16|6,26|6,6|16,16|26,6|
#setting_targetting_pos=-1,-1|-1,-1|-1,-1|-1,-1|-1,-1|-1,-1|-1,-1|-1,-1|-1,-1|
#type=4,4,4,4,4,4,4,4,4,
.........
#1111111111
#assigned_pet=-1,-1,-1,-1,-1,-1,-1,-1,-1,
#assigned_hub=5,1,8,3,7,2,0,4,6,
#moving_targetting_pos=16,26|6,16|26,26|16,6|26,16|6,26|6,6|16,16|26,6|
#setting_targetting_pos=-1,-1|-1,-1|-1,-1|-1,-1|-1,-1|-1,-1|-1,-1|-1,-1|-1,-1|
#type=4,4,4,4,4,4,4,4,4,
.........
#1111111111
#assigned_pet=-1,-1,-1,-1,-1,-1,-1,-1,-1,
#assigned_hub=5,1,8,3,7,2,0,4,6,
#moving_targetting_pos=16,26|6,16|26,26|16,6|26,16|6,26|6,6|16,16|26,6|
#setting_targetting_pos=-1,-1|-1,-1|-1,-1|-1,-1|-1,-1|-1,-1|-1,-1|-1,-1|-1,-1|
#type=4,4,4,4,4,4,4,4,4,
.........
#1111111111
#assigned_pet=-1,-1,-1,-1,-1,-1,-1,-1,-1,
#assigned_hub=5,1,8,3,7,2,0,4,6,
#moving_targetting_pos=16,26|6,16|26,26|16,6|26,16|6,26|6,6|16,16|26,6|
#setting_targetting_pos=-1,-1|-1,-1|-1,-1|-1,-1|-1,-1|-1,-1|-1,-1|-1,-1|-1,-1|
#type=4,4,4,4,4,4,4,4,4,
.........
#1111111111
#assigned_pet=-1,-1,-1,-1,-1,-1,-1,-1,-1,
#assigned_hub=5,1,8,3,7,2,0,4,6,
#moving_targetting_pos=16,26|6,16|26,26|16,6|26,16|6,26|6,6|16,16|26,6|
#setting_targetting_pos=-1,-1|-1,-1|-1,-1|-1,-1|-1,-1|-1,-1|-1,-1|-1,-1|-1,-1|
#type=4,4,4,4,4,4,4,4,4,
.........
#1111111111
#assigned_pet=-1,-1,-1,-1,-1,-1,-1,-1,-1,
#assigned_hub=5,1,8,3,7,2,0,4,6,
#moving_targetting_pos=16,26|6,16|26,26|16,6|26,16|6,26|6,6|16,16|26,6|
#setting_targetting_pos=-1,-1|-1,-1|-1,-1|-1,-1|-1,-1|-1,-1|-1,-1|-1,-1|-1,-1|
#type=4,4,4,4,4,4,4,4,4,
.........
#1111111111
#assigned_pet=-1,-1,-1,-1,-1,-1,-1,-1,-1,
#assigned_hub=5,1,8,3,7,2,0,4,6,
#moving_targetting_pos=16,26|6,16|26,26|16,6|26,16|6,26|6,6|16,16|26,6|
#setting_targetting_pos=-1,-1|-1,-1|-1,-1|-1,-1|-1,-1|-1,-1|-1,-1|-1,-1|-1,-1|
#type=4,4,4,4,4,4,4,4,4,
.........
#1111111111
#assigned_pet=-1,-1,-1,-1,-1,-1,-1,-1,-1,
#assigned_hub=5,1,8,3,7,2,0,4,6,
#moving_targetting_pos=16,26|6,16|26,26|16,6|26,16|6,26|6,6|16,16|26,6|
#setting_targetting_pos=-1,-1|-1,-1|-1,-1|-1,-1|-1,-1|-1,-1|-1,-1|-1,-1|-1,-1|
#type=4,4,4,4,4,4,4,4,4,
.........
#1111111111
#assigned_pet=-1,-1,-1,-1,-1,-1,-1,-1,-1,
#assigned_hub=5,1,8,3,7,2,0,4,6,
#moving_targetting_pos=16,26|6,16|26,26|16,6|26,16|6,26|6,6|16,16|26,6|
#setting_targetting_pos=-1,-1|-1,-1|-1,-1|-1,-1|-1,-1|-1,-1|-1,-1|-1,-1|-1,-1|
#type=4,4,4,4,4,4,4,4,4,
.........
#1111111111
#assigned_pet=-1,-1,-1,-1,-1,-1,-1,-1,-1,
#assigned_hub=5,1,8,3,7,2,0,4,6,
#moving_targetting_pos=16,26|6,16|26,26|16,6|26,16|6,26|6,6|16,16|26,6|
#setting_targetting_pos=-1,-1|-1,-1|-1,-1|-1,-1|-1,-1|-1,-1|-1,-1|-1,-1|-1,-1|
#type=4,4,4,4,4,4,4,4,4,
.........
#1111111111
#assigned_pet=-1,-1,-1,-1,-1,-1,-1,-1,-1,
#assigned_hub=5,1,8,3,7,2,0,4,6,
#moving_targetting_pos=16,26|6,16|26,26|16,6|26,16|6,26|6,6|16,16|26,6|
#setting_targetting_pos=-1,-1|-1,-1|-1,-1|-1,-1|-1,-1|-1,-1|-1,-1|-1,-1|-1,-1|
#type=4,4,4,4,4,4,4,4,4,
.........
#1111111111
#assigned_pet=-1,-1,-1,-1,-1,-1,-1,-1,-1,
#assigned_hub=5,1,8,3,7,2,0,4,6,
#moving_targetting_pos=16,26|6,16|26,26|16,6|26,16|6,26|6,6|16,16|26,6|
#setting_targetting_pos=-1,-1|-1,-1|-1,-1|-1,-1|-1,-1|-1,-1|-1,-1|-1,-1|-1,-1|
#type=4,4,4,4,4,4,4,4,4,
.........
#1111111111
#assigned_pet=-1,-1,-1,-1,-1,-1,-1,-1,-1,
#assigned_hub=5,1,8,3,7,2,0,4,6,
#moving_targetting_pos=16,26|6,16|26,26|16,6|26,16|6,26|6,6|16,16|26,6|
#setting_targetting_pos=-1,-1|-1,-1|-1,-1|-1,-1|-1,-1|-1,-1|-1,-1|-1,-1|-1,-1|
#type=4,4,4,4,4,4,4,4,4,
.........
#1111111111
#assigned_pet=-1,-1,-1,-1,-1,-1,-1,-1,-1,
#assigned_hub=5,1,8,3,7,2,0,4,6,
#moving_targetting_pos=16,26|6,16|26,26|16,6|26,16|6,26|6,6|16,16|26,6|
#setting_targetting_pos=-1,-1|-1,-1|-1,-1|-1,-1|-1,-1|-1,-1|-1,-1|-1,-1|-1,-1|
#type=4,4,4,4,4,4,4,4,4,
.........
#1111111111
#assigned_pet=-1,-1,-1,-1,-1,-1,-1,-1,-1,
#assigned_hub=5,1,8,3,7,2,0,4,6,
#moving_targetting_pos=16,26|6,16|26,26|16,6|26,16|6,26|6,6|16,16|26,6|
#setting_targetting_pos=-1,-1|-1,-1|-1,-1|-1,-1|-1,-1|-1,-1|-1,-1|-1,-1|-1,-1|
#type=4,4,4,4,4,4,4,4,4,
.........
#1111111111
#assigned_pet=-1,-1,-1,-1,-1,-1,-1,-1,-1,
#assigned_hub=5,1,8,3,7,2,0,4,6,
#moving_targetting_pos=16,26|6,16|26,26|16,6|26,16|6,26|6,6|16,16|26,6|
#setting_targetting_pos=-1,-1|-1,-1|-1,-1|-1,-1|-1,-1|-1,-1|-1,-1|-1,-1|-1,-1|
#type=4,4,4,4,4,4,4,4,4,
.........
#1111111111
#assigned_pet=-1,-1,-1,-1,-1,-1,-1,-1,-1,
#assigned_hub=5,1,8,3,7,2,0,4,6,
#moving_targetting_pos=16,26|6,16|26,26|16,6|26,16|6,26|6,6|16,16|26,6|
#setting_targetting_pos=-1,-1|-1,-1|-1,-1|-1,-1|-1,-1|-1,-1|-1,-1|-1,-1|-1,-1|
#type=4,4,4,4,4,4,4,4,4,
.........
#1111111111
#assigned_pet=-1,-1,-1,-1,-1,-1,-1,-1,-1,
#assigned_hub=5,1,8,3,7,2,0,4,6,
#moving_targetting_pos=16,26|6,16|26,26|16,6|26,16|6,26|6,6|16,16|26,6|
#setting_targetting_pos=-1,-1|-1,-1|-1,-1|-1,-1|-1,-1|-1,-1|-1,-1|-1,-1|-1,-1|
#type=4,4,4,4,4,4,4,4,4,
.........
#1111111111
#assigned_pet=-1,-1,-1,-1,-1,-1,-1,-1,-1,
#assigned_hub=5,1,8,3,7,2,0,4,6,
#moving_targetting_pos=16,26|6,16|26,26|16,6|26,16|6,26|6,6|16,16|26,6|
#setting_targetting_pos=-1,-1|-1,-1|-1,-1|-1,-1|-1,-1|-1,-1|-1,-1|-1,-1|-1,-1|
#type=4,4,4,4,4,4,4,4,4,
.........
#1111111111
#assigned_pet=-1,-1,-1,-1,-1,-1,-1,-1,-1,
#assigned_hub=5,1,8,3,7,2,0,4,6,
#moving_targetting_pos=16,26|6,16|26,26|16,6|26,16|6,26|6,6|16,16|26,6|
#setting_targetting_pos=-1,-1|-1,-1|-1,-1|-1,-1|-1,-1|-1,-1|-1,-1|-1,-1|-1,-1|
#type=4,4,4,4,4,4,4,4,4,
.........
#1111111111
#assigned_pet=-1,-1,-1,-1,-1,-1,-1,-1,-1,
#assigned_hub=5,1,8,3,7,2,0,4,6,
#moving_targetting_pos=16,26|6,16|26,26|16,6|26,16|6,26|6,6|16,16|26,6|
#setting_targetting_pos=-1,-1|-1,-1|-1,-1|-1,-1|-1,-1|-1,-1|-1,-1|-1,-1|-1,-1|
#type=4,4,4,4,4,4,4,4,4,
.........
#1111111111
#assigned_pet=-1,-1,-1,-1,-1,-1,-1,-1,-1,
#assigned_hub=5,1,8,3,7,2,0,4,6,
#moving_targetting_pos=16,26|6,16|26,26|16,6|26,16|6,26|6,6|16,16|26,6|
#setting_targetting_pos=-1,-1|-1,-1|-1,-1|-1,-1|-1,-1|-1,-1|-1,-1|-1,-1|-1,-1|
#type=4,4,4,4,4,4,4,4,4,
.........
#1111111111
#assigned_pet=-1,-1,-1,-1,-1,-1,-1,-1,-1,
#assigned_hub=5,1,8,3,7,2,0,4,6,
#moving_targetting_pos=16,26|6,16|26,26|16,6|26,16|6,26|6,6|16,16|26,6|
#setting_targetting_pos=-1,-1|-1,-1|-1,-1|-1,-1|-1,-1|-1,-1|-1,-1|-1,-1|-1,-1|
#type=4,4,4,4,4,4,4,4,4,
.........
#1111111111
#assigned_pet=-1,-1,-1,-1,-1,-1,-1,-1,-1,
#assigned_hub=5,1,8,3,7,2,0,4,6,
#moving_targetting_pos=16,26|6,16|26,26|16,6|26,16|6,26|6,6|16,16|26,6|
#setting_targetting_pos=-1,-1|-1,-1|-1,-1|-1,-1|-1,-1|-1,-1|-1,-1|-1,-1|-1,-1|
#type=4,4,4,4,4,4,4,4,4,
.........
#1111111111
#assigned_pet=-1,-1,-1,-1,-1,-1,-1,-1,-1,
#assigned_hub=5,1,8,3,7,2,0,4,6,
#moving_targetting_pos=16,26|6,16|26,26|16,6|26,16|6,26|6,6|16,16|26,6|
#setting_targetting_pos=-1,-1|-1,-1|-1,-1|-1,-1|-1,-1|-1,-1|-1,-1|-1,-1|-1,-1|
#type=4,4,4,4,4,4,4,4,4,
.........
#1111111111
#assigned_pet=-1,-1,-1,-1,-1,-1,-1,-1,-1,
#assigned_hub=5,1,8,3,7,2,0,4,6,
#moving_targetting_pos=16,26|6,16|26,26|16,6|26,16|6,26|6,6|16,16|26,6|
#setting_targetting_pos=-1,-1|-1,-1|-1,-1|-1,-1|-1,-1|-1,-1|-1,-1|-1,-1|-1,-1|
#type=4,4,4,4,4,4,4,4,4,
.........
#1111111111
#assigned_pet=-1,-1,-1,-1,-1,-1,-1,-1,-1,
#assigned_hub=5,1,8,3,7,2,0,4,6,
#moving_targetting_pos=16,26|6,16|26,26|16,6|26,16|6,26|6,6|16,16|26,6|
#setting_targetting_pos=-1,-1|-1,-1|-1,-1|-1,-1|-1,-1|-1,-1|-1,-1|-1,-1|-1,-1|
#type=4,4,4,4,4,4,4,4,4,
.........
#1111111111
#assigned_pet=-1,-1,-1,-1,-1,-1,-1,-1,-1,
#assigned_hub=5,1,8,3,7,2,0,4,6,
#moving_targetting_pos=16,26|6,16|26,26|16,6|26,16|6,26|6,6|16,16|26,6|
#setting_targetting_pos=-1,-1|-1,-1|-1,-1|-1,-1|-1,-1|-1,-1|-1,-1|-1,-1|-1,-1|
#type=4,4,4,4,4,4,4,4,4,
.........
#1111111111
#assigned_pet=-1,-1,-1,-1,-1,-1,-1,-1,-1,
#assigned_hub=5,1,8,3,7,2,0,4,6,
#moving_targetting_pos=16,26|6,16|26,26|16,6|26,16|6,26|6,6|16,16|26,6|
#setting_targetting_pos=-1,-1|-1,-1|-1,-1|-1,-1|-1,-1|-1,-1|-1,-1|-1,-1|-1,-1|
#type=4,4,4,4,4,4,4,4,4,
.........
#1111111111
#assigned_pet=-1,-1,-1,-1,-1,-1,-1,-1,-1,
#assigned_hub=5,1,8,3,7,2,0,4,6,
#moving_targetting_pos=16,26|6,16|26,26|16,6|26,16|6,26|6,6|16,16|26,6|
#setting_targetting_pos=-1,-1|-1,-1|-1,-1|-1,-1|-1,-1|-1,-1|-1,-1|-1,-1|-1,-1|
#type=4,4,4,4,4,4,4,4,4,
.........
#1111111111
#assigned_pet=-1,-1,-1,-1,-1,-1,-1,-1,-1,
#assigned_hub=5,1,8,3,7,2,0,4,6,
#moving_targetting_pos=16,26|6,16|26,26|16,6|26,16|6,26|6,6|16,16|26,6|
#setting_targetting_pos=-1,-1|-1,-1|-1,-1|-1,-1|-1,-1|-1,-1|-1,-1|-1,-1|-1,-1|
#type=4,4,4,4,4,4,4,4,4,
.........
#1111111111
#assigned_pet=-1,-1,-1,-1,-1,-1,-1,-1,-1,
#assigned_hub=5,1,8,3,7,2,0,4,6,
#moving_targetting_pos=16,26|6,16|26,26|16,6|26,16|6,26|6,6|16,16|26,6|
#setting_targetting_pos=-1,-1|-1,-1|-1,-1|-1,-1|-1,-1|-1,-1|-1,-1|-1,-1|-1,-1|
#type=4,4,4,4,4,4,4,4,4,
.........
#1111111111
#assigned_pet=-1,-1,-1,-1,-1,-1,-1,-1,-1,
#assigned_hub=5,1,8,3,7,2,0,4,6,
#moving_targetting_pos=16,26|6,16|26,26|16,6|26,16|6,26|6,6|16,16|26,6|
#setting_targetting_pos=-1,-1|-1,-1|-1,-1|-1,-1|-1,-1|-1,-1|-1,-1|-1,-1|-1,-1|
#type=4,4,4,4,4,4,4,4,4,
.........
#1111111111
#assigned_pet=-1,-1,-1,-1,-1,-1,-1,-1,-1,
#assigned_hub=5,1,8,3,7,2,0,4,6,
#moving_targetting_pos=16,26|6,16|26,26|16,6|26,16|6,26|6,6|16,16|26,6|
#setting_targetting_pos=-1,-1|-1,-1|-1,-1|-1,-1|-1,-1|-1,-1|-1,-1|-1,-1|-1,-1|
#type=4,4,4,4,4,4,4,4,4,
.........
#1111111111
#assigned_pet=-1,-1,-1,-1,-1,-1,-1,-1,-1,
#assigned_hub=5,1,8,3,7,2,0,4,6,
#moving_targetting_pos=16,26|6,16|26,26|16,6|26,16|6,26|6,6|16,16|26,6|
#setting_targetting_pos=-1,-1|-1,-1|-1,-1|-1,-1|-1,-1|-1,-1|-1,-1|-1,-1|-1,-1|
#type=4,4,4,4,4,4,4,4,4,
.........
#1111111111
#assigned_pet=-1,-1,-1,-1,-1,-1,-1,-1,-1,
#assigned_hub=5,1,8,3,7,2,0,4,6,
#moving_targetting_pos=16,26|6,16|26,26|16,6|26,16|6,26|6,6|16,16|26,6|
#setting_targetting_pos=-1,-1|-1,-1|-1,-1|-1,-1|-1,-1|-1,-1|-1,-1|-1,-1|-1,-1|
#type=4,4,4,4,4,4,4,4,4,
.........
#1111111111
#assigned_pet=-1,-1,-1,-1,-1,-1,-1,-1,-1,
#assigned_hub=5,1,8,3,7,2,0,4,6,
#moving_targetting_pos=16,26|6,16|26,26|16,6|26,16|6,26|6,6|16,16|26,6|
#setting_targetting_pos=-1,-1|-1,-1|-1,-1|-1,-1|-1,-1|-1,-1|-1,-1|-1,-1|-1,-1|
#type=4,4,4,4,4,4,4,4,4,
.........
#1111111111
#assigned_pet=-1,-1,-1,-1,-1,-1,-1,-1,-1,
#assigned_hub=5,1,8,3,7,2,0,4,6,
#moving_targetting_pos=16,26|6,16|26,26|16,6|26,16|6,26|6,6|16,16|26,6|
#setting_targetting_pos=-1,-1|-1,-1|-1,-1|-1,-1|-1,-1|-1,-1|-1,-1|-1,-1|-1,-1|
#type=4,4,4,4,4,4,4,4,4,
.........
#1111111111
#assigned_pet=-1,-1,-1,-1,-1,-1,-1,-1,-1,
#assigned_hub=5,1,8,3,7,2,0,4,6,
#moving_targetting_pos=16,26|6,16|26,26|16,6|26,16|6,26|6,6|16,16|26,6|
#setting_targetting_pos=-1,-1|-1,-1|-1,-1|-1,-1|-1,-1|-1,-1|-1,-1|-1,-1|-1,-1|
#type=4,4,4,4,4,4,4,4,4,
.........
#1111111111
#assigned_pet=-1,-1,-1,-1,-1,-1,-1,-1,-1,
#assigned_hub=5,1,8,3,7,2,0,4,6,
#moving_targetting_pos=16,26|6,16|26,26|16,6|26,16|6,26|6,6|16,16|26,6|
#setting_targetting_pos=-1,-1|-1,-1|-1,-1|-1,-1|-1,-1|-1,-1|-1,-1|-1,-1|-1,-1|
#type=4,4,4,4,4,4,4,4,4,
.........
#1111111111
#assigned_pet=-1,-1,-1,-1,-1,-1,-1,-1,-1,
#assigned_hub=5,1,8,3,7,2,0,4,6,
#moving_targetting_pos=16,26|6,16|26,26|16,6|26,16|6,26|6,6|16,16|26,6|
#setting_targetting_pos=-1,-1|-1,-1|-1,-1|-1,-1|-1,-1|-1,-1|-1,-1|-1,-1|-1,-1|
#type=4,4,4,4,4,4,4,4,4,
.........
#1111111111
#assigned_pet=-1,-1,-1,-1,-1,-1,-1,-1,-1,
#assigned_hub=5,1,8,3,7,2,0,4,6,
#moving_targetting_pos=16,26|6,16|26,26|16,6|26,16|6,26|6,6|16,16|26,6|
#setting_targetting_pos=-1,-1|-1,-1|-1,-1|-1,-1|-1,-1|-1,-1|-1,-1|-1,-1|-1,-1|
#type=4,4,4,4,4,4,4,4,4,
.........
#1111111111
#assigned_pet=-1,-1,-1,-1,-1,-1,-1,-1,-1,
#assigned_hub=5,1,8,3,7,2,0,4,6,
#moving_targetting_pos=16,26|6,16|26,26|16,6|26,16|6,26|6,6|16,16|26,6|
#setting_targetting_pos=-1,-1|-1,-1|-1,-1|-1,-1|-1,-1|-1,-1|-1,-1|-1,-1|-1,-1|
#type=4,4,4,4,4,4,4,4,4,
.........
#1111111111
#assigned_pet=-1,-1,-1,-1,-1,-1,-1,-1,-1,
#assigned_hub=5,1,8,3,7,2,0,4,6,
#moving_targetting_pos=16,26|6,16|26,26|16,6|26,16|6,26|6,6|16,16|26,6|
#setting_targetting_pos=-1,-1|-1,-1|-1,-1|-1,-1|-1,-1|-1,-1|-1,-1|-1,-1|-1,-1|
#type=4,4,4,4,4,4,4,4,4,
.........
#1111111111
#assigned_pet=-1,-1,-1,-1,-1,-1,-1,-1,-1,
#assigned_hub=5,1,8,3,7,2,0,4,6,
#moving_targetting_pos=16,26|6,16|26,26|16,6|26,16|6,26|6,6|16,16|26,6|
#setting_targetting_pos=-1,-1|-1,-1|-1,-1|-1,-1|-1,-1|-1,-1|-1,-1|-1,-1|-1,-1|
#type=4,4,4,4,4,4,4,4,4,
.........
#1111111111
#assigned_pet=-1,-1,-1,-1,-1,-1,-1,-1,-1,
#assigned_hub=5,1,8,3,7,2,0,4,6,
#moving_targetting_pos=16,26|6,16|26,26|16,6|26,16|6,26|6,6|16,16|26,6|
#setting_targetting_pos=-1,-1|-1,-1|-1,-1|-1,-1|-1,-1|-1,-1|-1,-1|-1,-1|-1,-1|
#type=4,4,4,4,4,4,4,4,4,
.........
#1111111111
#assigned_pet=-1,-1,-1,-1,-1,-1,-1,-1,-1,
#assigned_hub=5,1,8,3,7,2,0,4,6,
#moving_targetting_pos=16,26|6,16|26,26|16,6|26,16|6,26|6,6|16,16|26,6|
#setting_targetting_pos=-1,-1|-1,-1|-1,-1|-1,-1|-1,-1|-1,-1|-1,-1|-1,-1|-1,-1|
#type=4,4,4,4,4,4,4,4,4,
.........
#1111111111
#assigned_pet=-1,-1,-1,-1,-1,-1,-1,-1,-1,
#assigned_hub=5,1,8,3,7,2,0,4,6,
#moving_targetting_pos=16,26|6,16|26,26|16,6|26,16|6,26|6,6|16,16|26,6|
#setting_targetting_pos=-1,-1|-1,-1|-1,-1|-1,-1|-1,-1|-1,-1|-1,-1|-1,-1|-1,-1|
#type=4,4,4,4,4,4,4,4,4,
.........
#1111111111
#assigned_pet=-1,-1,-1,-1,-1,-1,-1,-1,-1,
#assigned_hub=5,1,8,3,7,2,0,4,6,
#moving_targetting_pos=16,26|6,16|26,26|16,6|26,16|6,26|6,6|16,16|26,6|
#setting_targetting_pos=-1,-1|-1,-1|-1,-1|-1,-1|-1,-1|-1,-1|-1,-1|-1,-1|-1,-1|
#type=4,4,4,4,4,4,4,4,4,
.........
#1111111111
#assigned_pet=-1,-1,-1,-1,-1,-1,-1,-1,-1,
#assigned_hub=5,1,8,3,7,2,0,4,6,
#moving_targetting_pos=16,26|6,16|26,26|16,6|26,16|6,26|6,6|16,16|26,6|
#setting_targetting_pos=-1,-1|-1,-1|-1,-1|-1,-1|-1,-1|-1,-1|-1,-1|-1,-1|-1,-1|
#type=4,4,4,4,4,4,4,4,4,
.........
#1111111111
#assigned_pet=-1,-1,-1,-1,-1,-1,-1,-1,-1,
#assigned_hub=5,1,8,3,7,2,0,4,6,
#moving_targetting_pos=16,26|6,16|26,26|16,6|26,16|6,26|6,6|16,16|26,6|
#setting_targetting_pos=-1,-1|-1,-1|-1,-1|-1,-1|-1,-1|-1,-1|-1,-1|-1,-1|-1,-1|
#type=4,4,4,4,4,4,4,4,4,
.........
#1111111111
#assigned_pet=-1,-1,-1,-1,-1,-1,-1,-1,-1,
#assigned_hub=5,1,8,3,7,2,0,4,6,
#moving_targetting_pos=16,26|6,16|26,26|16,6|26,16|6,26|6,6|16,16|26,6|
#setting_targetting_pos=-1,-1|-1,-1|-1,-1|-1,-1|-1,-1|-1,-1|-1,-1|-1,-1|-1,-1|
#type=4,4,4,4,4,4,4,4,4,
.........
#1111111111
#assigned_pet=-1,-1,-1,-1,-1,-1,-1,-1,-1,
#assigned_hub=5,1,8,3,7,2,0,4,6,
#moving_targetting_pos=16,26|6,16|26,26|16,6|26,16|6,26|6,6|16,16|26,6|
#setting_targetting_pos=-1,-1|-1,-1|-1,-1|-1,-1|-1,-1|-1,-1|-1,-1|-1,-1|-1,-1|
#type=4,4,4,4,4,4,4,4,4,
.........
#1111111111
#assigned_pet=-1,-1,-1,-1,-1,-1,-1,-1,-1,
#assigned_hub=5,1,8,3,7,2,0,4,6,
#moving_targetting_pos=16,26|6,16|26,26|16,6|26,16|6,26|6,6|16,16|26,6|
#setting_targetting_pos=-1,-1|-1,-1|-1,-1|-1,-1|-1,-1|-1,-1|-1,-1|-1,-1|-1,-1|
#type=4,4,4,4,4,4,4,4,4,
.........
#1111111111
#assigned_pet=-1,-1,-1,-1,-1,-1,-1,-1,-1,
#assigned_hub=5,1,8,3,7,2,0,4,6,
#moving_targetting_pos=16,26|6,16|26,26|16,6|26,16|6,26|6,6|16,16|26,6|
#setting_targetting_pos=-1,-1|-1,-1|-1,-1|-1,-1|-1,-1|-1,-1|-1,-1|-1,-1|-1,-1|
#type=4,4,4,4,4,4,4,4,4,
.........
#1111111111
#assigned_pet=-1,-1,-1,-1,-1,-1,-1,-1,-1,
#assigned_hub=5,1,8,3,7,2,0,4,6,
#moving_targetting_pos=16,26|6,16|26,26|16,6|26,16|6,26|6,6|16,16|26,6|
#setting_targetting_pos=-1,-1|-1,-1|-1,-1|-1,-1|-1,-1|-1,-1|-1,-1|-1,-1|-1,-1|
#type=4,4,4,4,4,4,4,4,4,
.........
