#predicted_score_long=6.11617e+07
#predicted_score_short=6.58295e+07
#SHORT_BAR=1
#0000000000
#assigned_pet=-1,-1,-1,-1,-1,-1,-1,-1,-1,
#assigned_hub=-1,-1,-1,-1,-1,-1,-1,-1,-1,
#moving_targetting_pos=19,30|22,1|2,29|29,2|5,1|25,1|9,2|15,1|12,1|
#setting_targetting_pos=19,2|22,29|2,1|29,30|5,30|25,30|9,30|15,30|12,29|
#type=1,1,1,1,1,1,1,1,1,
RLRLLULLL
#0000000000
#assigned_pet=-1,-1,-1,-1,-1,-1,-1,-1,-1,
#assigned_hub=-1,-1,-1,-1,-1,-1,-1,-1,-1,
#moving_targetting_pos=19,30|22,1|2,29|29,2|5,1|25,1|9,2|15,1|12,1|
#setting_targetting_pos=19,2|22,29|2,1|29,30|5,30|25,30|9,30|15,30|12,29|
#type=1,1,1,1,1,1,1,1,1,
RLRLLULLL
#0000000000
#assigned_pet=-1,-1,-1,-1,-1,-1,-1,-1,-1,
#assigned_hub=-1,-1,-1,-1,-1,-1,-1,-1,-1,
#moving_targetting_pos=19,30|22,1|2,29|29,2|5,1|25,1|9,2|15,1|12,1|
#setting_targetting_pos=19,2|22,29|2,1|29,30|5,30|25,30|9,30|15,30|12,29|
#type=1,1,1,1,1,1,1,1,1,
RLRLLULLL
#0000000000
#assigned_pet=-1,-1,-1,-1,-1,-1,-1,-1,-1,
#assigned_hub=-1,-1,-1,-1,-1,-1,-1,-1,-1,
#moving_targetting_pos=19,30|22,1|2,29|29,2|5,1|25,1|9,2|15,1|12,1|
#setting_targetting_pos=19,2|22,29|2,1|29,30|5,30|25,30|9,30|15,30|12,29|
#type=1,1,1,1,1,1,1,1,1,
RLRLLULLL
#0000000000
#assigned_pet=-1,-1,-1,-1,-1,-1,-1,-1,-1,
#assigned_hub=-1,-1,-1,-1,-1,-1,-1,-1,-1,
#moving_targetting_pos=19,30|22,1|2,29|29,2|5,1|25,1|9,2|15,1|12,1|
#setting_targetting_pos=19,2|22,29|2,1|29,30|5,30|25,30|9,30|15,30|12,29|
#type=1,1,1,1,1,1,1,1,1,
RLRLLULLL
#0000000000
#assigned_pet=-1,-1,-1,-1,-1,-1,-1,-1,-1,
#assigned_hub=-1,-1,-1,-1,-1,-1,-1,-1,-1,
#moving_targetting_pos=19,30|22,1|2,29|29,2|5,1|25,1|9,2|15,1|12,1|
#setting_targetting_pos=19,2|22,29|2,1|29,30|5,30|25,30|9,30|15,30|12,29|
#type=1,1,2,1,1,2,1,1,1,
DLrLLdLLL
#0000000000
#assigned_pet=-1,-1,-1,-1,-1,-1,-1,-1,-1,
#assigned_hub=-1,-1,-1,-1,-1,-1,-1,-1,-1,
#moving_targetting_pos=19,30|22,1|2,29|29,2|5,1|25,1|9,2|15,1|12,1|
#setting_targetting_pos=19,2|22,29|2,1|29,30|5,30|25,30|9,30|15,30|12,29|
#type=2,2,2,1,1,2,1,1,1,
dudLLRULL
#0000000000
#assigned_pet=-1,-1,-1,-1,-1,-1,-1,-1,-1,
#assigned_hub=-1,-1,-1,-1,-1,-1,-1,-1,-1,
#moving_targetting_pos=19,30|22,1|2,29|29,2|5,1|25,1|9,2|15,1|12,1|
#setting_targetting_pos=19,2|22,29|2,1|29,30|5,30|25,30|9,30|15,30|12,29|
#type=2,2,2,1,1,2,1,1,1,
LRLLLdULL
#0000000000
#assigned_pet=-1,-1,-1,-1,-1,-1,-1,-1,-1,
#assigned_hub=-1,-1,-1,-1,-1,-1,-1,-1,-1,
#moving_targetting_pos=19,30|22,1|2,29|29,2|5,1|25,1|9,2|15,1|12,1|
#setting_targetting_pos=19,2|22,29|2,1|29,30|5,30|25,30|9,30|15,30|12,29|
#type=2,2,2,1,1,2,2,1,1,
LRLLLRdLL
#0000000000
#assigned_pet=-1,-1,-1,-1,-1,-1,-1,-1,-1,
#assigned_hub=-1,-1,-1,-1,-1,-1,-1,-1,-1,
#moving_targetting_pos=19,30|22,1|2,29|29,2|5,1|25,1|9,2|15,1|12,1|
#setting_targetting_pos=19,2|22,29|2,1|29,30|5,30|25,30|9,30|15,30|12,29|
#type=2,2,2,1,1,2,2,1,1,
rdLLLRRUU
#0000000000
#assigned_pet=-1,-1,-1,-1,-1,-1,-1,-1,-1,
#assigned_hub=-1,-1,-1,-1,-1,-1,-1,-1,-1,
#moving_targetting_pos=19,30|22,1|2,29|29,2|5,1|25,1|9,2|15,1|12,1|
#setting_targetting_pos=19,2|22,29|2,1|29,30|5,30|25,30|9,30|15,30|12,29|
#type=2,2,2,1,1,2,2,1,1,
uluLLuRUU
#0000000000
#assigned_pet=-1,-1,-1,-1,-1,-1,-1,-1,-1,
#assigned_hub=-1,-1,-1,-1,-1,-1,-1,-1,-1,
#moving_targetting_pos=19,30|22,1|2,29|29,2|5,1|25,1|9,2|15,1|12,1|
#setting_targetting_pos=19,2|22,29|2,1|29,30|5,30|25,30|9,30|15,30|12,29|
#type=2,2,2,1,1,2,2,1,1,
LRLLDRlUL
#0000000000
#assigned_pet=-1,-1,-1,-1,-1,-1,-1,-1,-1,
#assigned_hub=-1,-1,-1,-1,-1,-1,-1,-1,-1,
#moving_targetting_pos=19,30|22,1|2,29|29,2|5,1|25,1|9,2|15,1|12,1|
#setting_targetting_pos=19,2|22,29|2,1|29,30|5,30|25,30|9,30|15,30|12,29|
#type=2,2,2,1,1,2,2,1,1,
LRrLDRuUU
#0000000000
#assigned_pet=-1,-1,-1,-1,-1,-1,-1,-1,-1,
#assigned_hub=-1,-1,-1,-1,-1,-1,-1,-1,-1,
#moving_targetting_pos=19,30|22,1|2,29|29,2|5,1|25,1|9,2|15,1|12,1|
#setting_targetting_pos=19,2|22,29|2,1|29,30|5,30|25,30|9,30|15,30|12,29|
#type=2,2,2,1,2,2,2,2,1,
.RLDdRRdU
#0000000000
#assigned_pet=-1,-1,-1,-1,-1,-1,-1,-1,-1,
#assigned_hub=-1,-1,-1,-1,-1,-1,-1,-1,-1,
#moving_targetting_pos=19,30|22,1|2,29|29,2|5,1|25,1|9,2|15,1|12,1|
#setting_targetting_pos=19,2|22,29|2,1|29,30|5,30|25,30|9,30|15,30|12,29|
#type=2,2,2,1,2,2,2,2,1,
.uLDRRRRR
#0000000000
#assigned_pet=-1,-1,-1,-1,-1,-1,-1,-1,-1,
#assigned_hub=-1,-1,-1,-1,-1,-1,-1,-1,-1,
#moving_targetting_pos=19,30|22,1|2,29|29,2|5,1|25,1|9,2|15,1|12,1|
#setting_targetting_pos=19,2|22,29|2,1|29,30|5,30|25,30|9,30|15,30|12,29|
#type=2,2,2,2,2,2,2,2,1,
dRddduddU
#0000000000
#assigned_pet=-1,-1,-1,-1,-1,-1,-1,-1,-1,
#assigned_hub=-1,-1,-1,-1,-1,-1,-1,-1,-1,
#moving_targetting_pos=19,30|22,1|2,29|29,2|5,1|25,1|9,2|15,1|12,1|
#setting_targetting_pos=19,2|22,29|2,1|29,30|5,30|25,30|9,30|15,30|12,29|
#type=2,2,2,2,2,2,2,2,1,
LlLRRRRRR
#0000000000
#assigned_pet=-1,-1,-1,-1,-1,-1,-1,-1,-1,
#assigned_hub=-1,-1,-1,-1,-1,-1,-1,-1,-1,
#moving_targetting_pos=19,30|22,1|2,29|29,2|5,1|25,1|9,2|15,1|12,1|
#setting_targetting_pos=19,2|22,29|2,1|29,30|5,30|25,30|9,30|15,30|12,29|
#type=2,2,2,2,2,2,2,2,1,
LRLRRRRRU
#0000000000
#assigned_pet=-1,-1,-1,-1,-1,-1,-1,-1,-1,
#assigned_hub=-1,-1,-1,-1,-1,-1,-1,-1,-1,
#moving_targetting_pos=19,30|22,1|2,29|29,2|5,1|25,1|9,2|15,1|12,1|
#setting_targetting_pos=19,2|22,29|2,1|29,30|5,30|25,30|9,30|15,30|12,29|
#type=2,2,2,2,2,2,2,2,1,
uRrlu.uuU
#0000000000
#assigned_pet=-1,-1,-1,-1,-1,-1,-1,-1,-1,
#assigned_hub=-1,-1,-1,-1,-1,-1,-1,-1,-1,
#moving_targetting_pos=19,30|22,1|2,29|29,2|5,1|25,1|9,2|15,1|12,1|
#setting_targetting_pos=19,2|22,29|2,1|29,30|5,30|25,30|9,30|15,30|12,29|
#type=2,2,2,2,2,2,2,2,1,
LduuR.RRL
#0000000000
#assigned_pet=-1,-1,-1,-1,-1,-1,-1,-1,-1,
#assigned_hub=-1,-1,-1,-1,-1,-1,-1,-1,-1,
#moving_targetting_pos=19,30|22,1|2,29|29,2|5,1|25,1|9,2|15,1|12,1|
#setting_targetting_pos=19,2|22,29|2,1|29,30|5,30|25,30|9,30|15,30|12,29|
#type=2,2,2,2,2,2,2,2,1,
LRLRR.RRL
#0000000000
#assigned_pet=-1,-1,-1,-1,-1,-1,-1,-1,-1,
#assigned_hub=-1,-1,-1,-1,-1,-1,-1,-1,-1,
#moving_targetting_pos=19,30|22,1|2,29|29,2|5,1|25,1|9,2|15,1|12,1|
#setting_targetting_pos=19,2|22,29|2,1|29,30|5,30|25,30|9,30|15,30|12,29|
#type=2,2,2,2,2,2,2,2,1,
rRLRRdlRU
#0000000000
#assigned_pet=-1,-1,-1,-1,-1,-1,-1,-1,-1,
#assigned_hub=-1,-1,-1,-1,-1,-1,-1,-1,-1,
#moving_targetting_pos=19,30|22,1|2,29|29,2|5,1|25,1|9,2|15,1|12,1|
#setting_targetting_pos=19,2|22,29|2,1|29,30|5,30|25,30|9,30|15,30|12,29|
#type=2,2,2,2,2,2,2,2,1,
durdRRdRU
#0000000000
#assigned_pet=-1,-1,-1,-1,-1,-1,-1,-1,-1,
#assigned_hub=-1,-1,-1,-1,-1,-1,-1,-1,-1,
#moving_targetting_pos=19,30|22,1|2,29|29,2|5,1|25,1|9,2|15,1|12,1|
#setting_targetting_pos=19,2|22,29|2,1|29,30|5,30|25,30|9,30|15,30|12,29|
#type=2,2,2,2,2,2,2,2,1,
LldRudRuU
#0000000000
#assigned_pet=-1,-1,-1,-1,-1,-1,-1,-1,-1,
#assigned_hub=-1,-1,-1,-1,-1,-1,-1,-1,-1,
#moving_targetting_pos=19,30|22,1|2,29|29,2|5,1|25,1|9,2|15,1|12,1|
#setting_targetting_pos=19,2|22,29|2,1|29,30|5,30|25,30|9,30|15,30|12,29|
#type=2,2,2,2,2,2,2,2,2,
LRLRRRRRu
#0000000000
#assigned_pet=-1,-1,-1,-1,-1,-1,-1,-1,-1,
#assigned_hub=-1,-1,-1,-1,-1,-1,-1,-1,-1,
#moving_targetting_pos=19,30|22,1|2,29|29,2|5,1|25,1|9,2|15,1|12,1|
#setting_targetting_pos=19,2|22,29|2,1|29,30|5,30|25,30|9,30|15,30|12,29|
#type=2,2,2,2,2,2,2,2,2,
dRLuRddRR
#0000000000
#assigned_pet=-1,-1,-1,-1,-1,-1,-1,-1,-1,
#assigned_hub=-1,-1,-1,-1,-1,-1,-1,-1,-1,
#moving_targetting_pos=19,30|22,1|2,29|29,2|5,1|25,1|9,2|15,1|12,1|
#setting_targetting_pos=19,2|22,29|2,1|29,30|5,30|25,30|9,30|15,30|12,29|
#type=2,2,2,2,2,2,2,2,2,
LlLRdRRdR
#0000000000
#assigned_pet=-1,-1,-1,-1,-1,-1,-1,-1,-1,
#assigned_hub=-1,-1,-1,-1,-1,-1,-1,-1,-1,
#moving_targetting_pos=19,30|22,1|2,29|29,2|5,1|25,1|9,2|15,1|12,1|
#setting_targetting_pos=19,2|22,29|2,1|29,30|5,30|25,30|9,30|15,30|12,29|
#type=2,2,2,2,2,2,2,2,2,
L.uRRRRRl
#0000000000
#assigned_pet=-1,-1,-1,-1,-1,-1,-1,-1,-1,
#assigned_hub=-1,-1,-1,-1,-1,-1,-1,-1,-1,
#moving_targetting_pos=19,30|22,1|2,29|29,2|5,1|25,1|9,2|15,1|12,1|
#setting_targetting_pos=19,2|22,29|2,1|29,30|5,30|25,30|9,30|15,30|12,29|
#type=2,2,2,2,2,2,2,2,2,
rdLl.uldd
#0000000000
#assigned_pet=-1,-1,-1,-1,-1,-1,-1,-1,-1,
#assigned_hub=-1,-1,-1,-1,-1,-1,-1,-1,-1,
#moving_targetting_pos=19,30|22,1|2,29|29,2|5,1|25,1|9,2|15,1|12,1|
#setting_targetting_pos=19,2|22,29|2,1|29,30|5,30|25,30|9,30|15,30|12,29|
#type=2,2,2,2,2,2,2,2,2,
uRrddRuRR
#0000000000
#assigned_pet=-1,-1,-1,-1,-1,-1,-1,-1,-1,
#assigned_hub=-1,-1,-1,-1,-1,-1,-1,-1,-1,
#moving_targetting_pos=19,30|22,1|2,29|29,2|5,1|25,1|9,2|15,1|12,1|
#setting_targetting_pos=19,2|22,29|2,1|29,30|5,30|25,30|9,30|15,30|12,29|
#type=2,2,2,2,2,2,2,2,2,
LRLRRRRdR
#0000000000
#assigned_pet=-1,-1,-1,-1,-1,-1,-1,-1,-1,
#assigned_hub=-1,-1,-1,-1,-1,-1,-1,-1,-1,
#moving_targetting_pos=19,30|22,1|2,29|29,2|5,1|25,1|9,2|15,1|12,1|
#setting_targetting_pos=19,2|22,29|2,1|29,30|5,30|25,30|9,30|15,30|12,29|
#type=2,2,2,2,2,2,2,2,2,
LRLRdRRRR
#0000000000
#assigned_pet=-1,-1,-1,-1,-1,-1,-1,-1,-1,
#assigned_hub=-1,-1,-1,-1,-1,-1,-1,-1,-1,
#moving_targetting_pos=19,30|22,1|2,29|29,2|5,1|25,1|9,2|15,1|12,1|
#setting_targetting_pos=19,2|22,29|2,1|29,30|5,30|25,30|9,30|15,30|12,29|
#type=2,2,2,2,2,2,2,2,2,
duddRRdRu
#0000000000
#assigned_pet=-1,-1,-1,-1,-1,-1,-1,-1,-1,
#assigned_hub=-1,-1,-1,-1,-1,-1,-1,-1,-1,
#moving_targetting_pos=19,30|22,1|2,29|29,2|5,1|25,1|9,2|15,1|12,1|
#setting_targetting_pos=19,2|22,29|2,1|29,30|5,30|25,30|9,30|15,30|12,29|
#type=2,2,2,2,2,2,2,2,2,
LRLRRuRuR
#0000000000
#assigned_pet=-1,-1,-1,-1,-1,-1,-1,-1,-1,
#assigned_hub=-1,-1,-1,-1,-1,-1,-1,-1,-1,
#moving_targetting_pos=19,30|22,1|2,29|29,2|5,1|25,1|9,2|15,1|12,1|
#setting_targetting_pos=19,2|22,29|2,1|29,30|5,30|25,30|9,30|15,30|12,29|
#type=2,2,2,2,2,2,2,2,2,
LlLRuRRRl
#0000000000
#assigned_pet=-1,-1,-1,-1,-1,-1,-1,-1,-1,
#assigned_hub=-1,-1,-1,-1,-1,-1,-1,-1,-1,
#moving_targetting_pos=19,30|22,1|2,29|29,2|5,1|25,1|9,2|15,1|12,1|
#setting_targetting_pos=19,2|22,29|2,1|29,30|5,30|25,30|9,30|15,30|12,29|
#type=2,2,2,2,2,2,2,2,2,
uRrlRRuRR
#0000000000
#assigned_pet=-1,-1,-1,-1,-1,-1,-1,-1,-1,
#assigned_hub=-1,-1,-1,-1,-1,-1,-1,-1,-1,
#moving_targetting_pos=19,30|22,1|2,29|29,2|5,1|25,1|9,2|15,1|12,1|
#setting_targetting_pos=19,2|22,29|2,1|29,30|5,30|25,30|9,30|15,30|12,29|
#type=2,2,2,2,2,2,2,2,2,
LRuuRdRRR
#0000000000
#assigned_pet=-1,-1,-1,-1,-1,-1,-1,-1,-1,
#assigned_hub=-1,-1,-1,-1,-1,-1,-1,-1,-1,
#moving_targetting_pos=19,30|22,1|2,29|29,2|5,1|25,1|9,2|15,1|12,1|
#setting_targetting_pos=19,2|22,29|2,1|29,30|5,30|25,30|9,30|15,30|12,29|
#type=2,2,2,2,2,2,2,2,2,
LdLRRRRRd
#0000000000
#assigned_pet=-1,-1,-1,-1,-1,-1,-1,-1,-1,
#assigned_hub=-1,-1,-1,-1,-1,-1,-1,-1,-1,
#moving_targetting_pos=19,30|22,1|2,29|29,2|5,1|25,1|9,2|15,1|12,1|
#setting_targetting_pos=19,2|22,29|2,1|29,30|5,30|25,30|9,30|15,30|12,29|
#type=2,2,2,2,2,2,2,2,2,
rRLRRdluR
#0000000000
#assigned_pet=-1,-1,-1,-1,-1,-1,-1,-1,-1,
#assigned_hub=-1,-1,-1,-1,-1,-1,-1,-1,-1,
#moving_targetting_pos=19,30|22,1|2,29|29,2|5,1|25,1|9,2|15,1|12,1|
#setting_targetting_pos=19,2|22,29|2,1|29,30|5,30|25,30|9,30|15,30|12,29|
#type=2,2,2,2,2,2,2,2,2,
dRrduRdRR
#0000000000
#assigned_pet=-1,-1,-1,-1,-1,-1,-1,-1,-1,
#assigned_hub=-1,-1,-1,-1,-1,-1,-1,-1,-1,
#moving_targetting_pos=19,30|22,1|2,29|29,2|5,1|25,1|9,2|15,1|12,1|
#setting_targetting_pos=19,2|22,29|2,1|29,30|5,30|25,30|9,30|15,30|12,29|
#type=2,2,2,2,2,2,2,2,2,
LldRRdRR.
#0000000000
#assigned_pet=-1,-1,-1,-1,-1,-1,-1,-1,-1,
#assigned_hub=-1,-1,-1,-1,-1,-1,-1,-1,-1,
#moving_targetting_pos=19,30|22,1|2,29|29,2|5,1|25,1|9,2|15,1|12,1|
#setting_targetting_pos=19,2|22,29|2,1|29,30|5,30|25,30|9,30|15,30|12,29|
#type=2,2,2,2,2,2,2,2,2,
LuLRRRRdl
#0000000000
#assigned_pet=-1,-1,-1,-1,-1,-1,-1,-1,-1,
#assigned_hub=-1,-1,-1,-1,-1,-1,-1,-1,-1,
#moving_targetting_pos=19,30|22,1|2,29|29,2|5,1|25,1|9,2|15,1|12,1|
#setting_targetting_pos=19,2|22,29|2,1|29,30|5,30|25,30|9,30|15,30|12,29|
#type=2,2,2,2,2,2,2,2,2,
dRLudRdR.
#0000000000
#assigned_pet=-1,-1,-1,-1,-1,-1,-1,-1,-1,
#assigned_hub=-1,-1,-1,-1,-1,-1,-1,-1,-1,
#moving_targetting_pos=19,30|22,1|2,29|29,2|5,1|25,1|9,2|15,1|12,1|
#setting_targetting_pos=19,2|22,29|2,1|29,30|5,30|25,30|9,30|15,30|12,29|
#type=2,2,2,2,2,2,2,2,2,
LRLRRuRdu
#0000000000
#assigned_pet=-1,-1,-1,-1,-1,-1,-1,-1,-1,
#assigned_hub=-1,-1,-1,-1,-1,-1,-1,-1,-1,
#moving_targetting_pos=19,30|22,1|2,29|29,2|5,1|25,1|9,2|15,1|12,1|
#setting_targetting_pos=19,2|22,29|2,1|29,30|5,30|25,30|9,30|15,30|12,29|
#type=2,2,2,2,2,2,2,2,2,
LluRdRRRR
#0000000000
#assigned_pet=-1,-1,-1,-1,-1,-1,-1,-1,-1,
#assigned_hub=-1,-1,-1,-1,-1,-1,-1,-1,-1,
#moving_targetting_pos=19,30|22,1|2,29|29,2|5,1|25,1|9,2|15,1|12,1|
#setting_targetting_pos=19,2|22,29|2,1|29,30|5,30|25,30|9,30|15,30|12,29|
#type=2,2,2,2,2,2,2,2,2,
r.LlRRldR
#0000000000
#assigned_pet=-1,-1,-1,-1,-1,-1,-1,-1,-1,
#assigned_hub=-1,-1,-1,-1,-1,-1,-1,-1,-1,
#moving_targetting_pos=19,30|22,1|2,29|29,2|5,1|25,1|9,2|15,1|12,1|
#setting_targetting_pos=19,2|22,29|2,1|29,30|5,30|25,30|9,30|15,30|12,29|
#type=2,2,2,2,2,2,2,2,2,
u.rddRuRl
#0000000000
#assigned_pet=-1,-1,-1,-1,-1,-1,-1,-1,-1,
#assigned_hub=-1,-1,-1,-1,-1,-1,-1,-1,-1,
#moving_targetting_pos=19,30|22,1|2,29|29,2|5,1|25,1|9,2|15,1|12,1|
#setting_targetting_pos=19,2|22,29|2,1|29,30|5,30|25,30|9,30|15,30|12,29|
#type=2,2,2,2,2,2,2,2,2,
L.LRRRRRd
#0000000000
#assigned_pet=-1,-1,-1,-1,-1,-1,-1,-1,-1,
#assigned_hub=-1,-1,-1,-1,-1,-1,-1,-1,-1,
#moving_targetting_pos=19,30|22,1|2,29|29,2|5,1|25,1|9,2|15,1|12,1|
#setting_targetting_pos=19,2|22,29|2,1|29,30|5,30|25,30|9,30|15,30|12,29|
#type=2,2,2,2,2,2,2,2,2,
L.LRR.RuR
#0000000000
#assigned_pet=-1,-1,-1,-1,-1,-1,-1,-1,-1,
#assigned_hub=-1,-1,-1,-1,-1,-1,-1,-1,-1,
#moving_targetting_pos=19,30|22,1|2,29|29,2|5,1|25,1|9,2|15,1|12,1|
#setting_targetting_pos=19,2|22,29|2,1|29,30|5,30|25,30|9,30|15,30|12,29|
#type=2,2,2,2,2,2,2,2,2,
dddduudRR
#0000000000
#assigned_pet=-1,-1,-1,-1,-1,-1,-1,-1,-1,
#assigned_hub=-1,-1,-1,-1,-1,-1,-1,-1,-1,
#moving_targetting_pos=19,30|22,1|2,29|29,2|5,1|25,1|9,2|15,1|12,1|
#setting_targetting_pos=19,2|22,29|2,1|29,30|5,30|25,30|9,30|15,30|12,29|
#type=2,2,2,2,2,2,2,2,2,
LRLRRRRRR
#0000000000
#assigned_pet=-1,-1,-1,-1,-1,-1,-1,-1,-1,
#assigned_hub=-1,-1,-1,-1,-1,-1,-1,-1,-1,
#moving_targetting_pos=19,30|22,1|2,29|29,2|5,1|25,1|9,2|15,1|12,1|
#setting_targetting_pos=19,2|22,29|2,1|29,30|5,30|25,30|9,30|15,30|12,29|
#type=2,2,2,2,2,2,2,2,2,
LRLRRRRRu
#0000000000
#assigned_pet=-1,-1,-1,-1,-1,-1,-1,-1,-1,
#assigned_hub=-1,-1,-1,-1,-1,-1,-1,-1,-1,
#moving_targetting_pos=19,30|22,1|2,29|29,2|5,1|25,1|9,2|15,1|12,1|
#setting_targetting_pos=19,2|22,29|2,1|29,30|5,30|25,30|9,30|15,30|12,29|
#type=2,2,2,2,2,2,2,2,2,
uRrlR.uRR
#0000000000
#assigned_pet=-1,-1,-1,-1,-1,-1,-1,-1,-1,
#assigned_hub=-1,-1,-1,-1,-1,-1,-1,-1,-1,
#moving_targetting_pos=19,30|22,1|2,29|29,2|5,1|25,1|9,2|15,1|12,1|
#setting_targetting_pos=19,2|22,29|2,1|29,30|5,30|25,30|9,30|15,30|12,29|
#type=2,2,2,2,2,2,2,2,2,
L.uuRdRul
#0000000000
#assigned_pet=-1,-1,-1,-1,-1,-1,-1,-1,-1,
#assigned_hub=-1,-1,3,-1,-1,8,-1,-1,-1,
#moving_targetting_pos=19,30|22,1|16,6|29,2|5,1|26,26|9,2|15,1|12,1|
#setting_targetting_pos=19,2|22,29|2,1|29,30|5,30|25,30|9,30|15,30|12,29|
#type=2,2,3,2,2,3,2,2,2,
LuDRuLRRR
#0000000000
#assigned_pet=-1,-1,-1,-1,-1,-1,-1,-1,-1,
#assigned_hub=-1,-1,3,-1,-1,8,-1,-1,-1,
#moving_targetting_pos=19,30|22,1|16,6|29,2|5,1|26,26|9,2|15,1|12,1|
#setting_targetting_pos=19,2|22,29|-1,-1|29,30|5,30|-1,-1|9,30|15,30|12,29|
#type=2,2,3,2,2,3,2,2,2,
rRRRRLlRR
#0000000000
#assigned_pet=-1,-1,-1,-1,-1,8,-1,-1,-1,
#assigned_hub=-1,-1,3,-1,-1,8,-1,-1,-1,
#moving_targetting_pos=19,30|22,1|16,6|29,2|5,1|-1,-1|9,2|15,1|12,1|
#setting_targetting_pos=19,2|22,29|-1,-1|29,30|5,30|25,29|9,30|15,30|12,29|
#type=2,2,3,2,2,4,2,2,2,
dlDdR.ddd
#0000000000
#assigned_pet=-1,-1,-1,-1,-1,8,-1,-1,-1,
#assigned_hub=6,-1,3,-1,-1,8,5,4,-1,
#moving_targetting_pos=26,6|22,1|16,6|29,2|5,1|-1,-1|16,26|16,16|12,1|
#setting_targetting_pos=19,2|22,29|-1,-1|29,30|5,30|25,29|9,30|15,30|12,29|
#type=3,2,3,2,2,4,3,3,2,
URRRd.ULR
#0000000000
#assigned_pet=-1,-1,-1,-1,-1,8,-1,-1,-1,
#assigned_hub=6,-1,3,-1,2,8,5,4,-1,
#moving_targetting_pos=26,6|22,1|16,6|29,2|6,26|-1,-1|16,26|16,16|12,1|
#setting_targetting_pos=-1,-1|22,29|-1,-1|29,30|5,30|25,28|-1,-1|-1,-1|12,29|
#type=3,2,3,2,3,4,3,3,2,
RRDRLLLLR
#0000000000
#assigned_pet=-1,-1,-1,-1,-1,8,-1,-1,-1,
#assigned_hub=6,-1,3,-1,2,8,5,4,-1,
#moving_targetting_pos=26,6|22,1|16,6|29,2|6,26|-1,-1|16,26|16,16|12,1|
#setting_targetting_pos=-1,-1|22,29|-1,-1|29,30|-1,-1|26,28|-1,-1|-1,-1|12,29|
#type=3,2,3,2,3,4,3,3,2,
UrRuLRULl
#0000000000
#assigned_pet=-1,-1,-1,-1,2,8,-1,-1,-1,
#assigned_hub=6,-1,3,-1,2,8,5,4,-1,
#moving_targetting_pos=26,6|22,1|16,6|29,2|-1,-1|-1,-1|16,26|16,16|12,1|
#setting_targetting_pos=-1,-1|22,29|-1,-1|29,30|9,25|27,28|-1,-1|-1,-1|12,29|
#type=3,2,3,2,4,4,3,3,2,
RdRRLDLLu
#0000000000
#assigned_pet=-1,-1,-1,-1,2,8,-1,-1,-1,
#assigned_hub=6,1,3,-1,2,8,5,4,-1,
#moving_targetting_pos=26,6|6,16|16,6|29,2|-1,-1|-1,-1|16,26|16,16|12,1|
#setting_targetting_pos=-1,-1|22,29|-1,-1|29,30|9,25|27,27|-1,-1|-1,-1|12,29|
#type=3,3,3,2,4,4,3,3,2,
RLDRLLLLR
#0000000000
#assigned_pet=-1,-1,-1,-1,2,8,-1,-1,-1,
#assigned_hub=6,1,3,-1,2,8,5,4,-1,
#moving_targetting_pos=26,6|6,16|16,6|29,2|-1,-1|-1,-1|16,26|16,16|12,1|
#setting_targetting_pos=-1,-1|-1,-1|-1,-1|29,30|9,25|27,28|-1,-1|-1,-1|12,29|
#type=3,3,3,2,4,4,3,3,2,
DLDlLRDLR
#0000000000
#assigned_pet=-1,-1,-1,-1,2,8,-1,-1,-1,
#assigned_hub=6,1,3,-1,2,8,5,4,-1,
#moving_targetting_pos=26,6|6,16|16,6|29,2|-1,-1|-1,-1|16,26|16,16|12,1|
#setting_targetting_pos=-1,-1|-1,-1|-1,-1|29,30|9,25|26,28|-1,-1|-1,-1|12,29|
#type=3,3,3,2,4,4,3,3,2,
DUDdDLDLl
#0000000000
#assigned_pet=-1,-1,-1,-1,2,8,-1,-1,-1,
#assigned_hub=6,1,3,-1,2,8,5,4,-1,
#moving_targetting_pos=26,6|6,16|16,6|29,2|-1,-1|-1,-1|16,26|16,16|12,1|
#setting_targetting_pos=-1,-1|-1,-1|-1,-1|29,30|8,25|26,29|-1,-1|-1,-1|12,29|
#type=3,3,3,0,4,4,3,3,2,
DUD.DRDLd
#0000000000
#assigned_pet=-1,-1,-1,-1,2,8,-1,-1,-1,
#assigned_hub=6,1,3,-1,2,8,5,4,-1,
#moving_targetting_pos=26,6|6,16|16,6|29,2|-1,-1|-1,-1|16,26|16,16|12,1|
#setting_targetting_pos=-1,-1|-1,-1|-1,-1|29,30|7,26|27,29|-1,-1|-1,-1|12,29|
#type=3,3,3,0,4,4,3,3,2,
DUD..RDLR
#0000000000
#assigned_pet=-1,-1,-1,-1,2,8,-1,-1,-1,
#assigned_hub=6,1,3,-1,2,8,5,4,-1,
#moving_targetting_pos=26,6|6,16|16,6|29,2|-1,-1|-1,-1|16,26|16,16|12,1|
#setting_targetting_pos=-1,-1|-1,-1|-1,-1|29,30|8,27|27,29|-1,-1|-1,-1|12,29|
#type=3,3,3,0,4,4,3,3,2,
DLD.R.LLR
#0000000000
#assigned_pet=-1,-1,-1,-1,2,8,-1,-1,-1,
#assigned_hub=6,1,3,-1,2,8,5,4,-1,
#moving_targetting_pos=26,6|6,16|16,6|29,2|-1,-1|-1,-1|16,26|16,16|12,1|
#setting_targetting_pos=-1,-1|-1,-1|-1,-1|29,30|9,27|27,29|-1,-1|-1,-1|12,29|
#type=3,3,3,0,4,4,3,3,2,
DLD.R.DLR
#0000000000
#assigned_pet=-1,-1,-1,-1,2,8,-1,-1,-1,
#assigned_hub=6,1,3,-1,2,8,5,4,-1,
#moving_targetting_pos=26,6|6,16|16,6|29,2|-1,-1|-1,-1|16,26|16,16|12,1|
#setting_targetting_pos=-1,-1|-1,-1|-1,-1|29,30|9,27|27,29|-1,-1|-1,-1|12,29|
#type=3,3,3,0,4,4,3,3,2,
RUD.D.DLu
#0000000000
#assigned_pet=5,-1,-1,-1,2,8,2,9,-1,
#assigned_hub=6,1,3,-1,2,8,5,4,-1,
#moving_targetting_pos=-1,-1|6,16|16,6|29,2|-1,-1|-1,-1|-1,-1|-1,-1|12,1|
#setting_targetting_pos=25,7|-1,-1|-1,-1|29,30|9,27|27,29|13,27|15,16|12,29|
#type=4,3,3,0,4,4,4,4,2,
RUR....LR
#0000000000
#assigned_pet=7,-1,7,-1,2,8,2,9,-1,
#assigned_hub=6,1,3,-1,2,8,5,4,-1,
#moving_targetting_pos=-1,-1|6,16|-1,-1|29,2|-1,-1|-1,-1|-1,-1|-1,-1|12,1|
#setting_targetting_pos=23,5|-1,-1|19,5|29,30|9,27|27,29|13,27|16,17|12,29|
#type=4,3,4,0,4,4,4,4,2,
LLL.....l
#0000000000
#assigned_pet=5,-1,0,-1,-1,8,2,9,-1,
#assigned_hub=6,1,3,-1,2,8,5,4,-1,
#moving_targetting_pos=-1,-1|6,16|-1,-1|29,2|-1,-1|-1,-1|-1,-1|-1,-1|12,1|
#setting_targetting_pos=24,6|-1,-1|16,8|29,30|-1,-1|27,29|14,27|17,18|12,29|
#type=4,3,4,0,4,4,4,4,2,
.LR...RRR
#0000000000
#assigned_pet=5,-1,0,-1,-1,8,2,9,-1,
#assigned_hub=6,7,3,1,2,8,5,4,-1,
#moving_targetting_pos=-1,-1|26,16|-1,-1|6,16|-1,-1|-1,-1|-1,-1|-1,-1|12,1|
#setting_targetting_pos=26,6|-1,-1|16,8|29,30|-1,-1|27,29|14,27|17,18|12,29|
#type=4,3,4,3,4,4,4,4,2,
DLRU...DR
#0000000000
#assigned_pet=5,-1,0,-1,-1,8,2,0,-1,
#assigned_hub=6,7,3,1,2,8,5,4,-1,
#moving_targetting_pos=-1,-1|26,16|-1,-1|6,16|-1,-1|-1,-1|-1,-1|-1,-1|12,1|
#setting_targetting_pos=27,7|-1,-1|17,9|-1,-1|-1,-1|27,29|14,25|17,13|12,29|
#type=4,3,4,3,4,4,4,4,2,
RLDL..LLr
#0000000000
#assigned_pet=5,-1,0,-1,-1,8,2,0,-1,
#assigned_hub=6,7,3,1,2,8,5,4,-1,
#moving_targetting_pos=-1,-1|26,16|-1,-1|6,16|-1,-1|-1,-1|-1,-1|-1,-1|12,1|
#setting_targetting_pos=26,8|-1,-1|17,9|-1,-1|-1,-1|27,29|16,25|17,13|12,29|
#type=4,3,4,3,4,4,4,4,2,
DLDU..LLd
#0000000000
#assigned_pet=7,-1,0,-1,-1,8,2,0,-1,
#assigned_hub=6,7,3,1,2,8,5,4,-1,
#moving_targetting_pos=-1,-1|26,16|-1,-1|6,16|-1,-1|-1,-1|-1,-1|-1,-1|12,1|
#setting_targetting_pos=23,5|-1,-1|17,9|-1,-1|-1,-1|27,29|18,25|17,13|12,29|
#type=4,3,4,3,4,4,4,4,0,
LLRL..DL.
#0000000000
#assigned_pet=7,-1,0,-1,-1,8,2,0,-1,
#assigned_hub=6,7,3,1,2,8,5,4,-1,
#moving_targetting_pos=-1,-1|26,16|-1,-1|6,16|-1,-1|-1,-1|-1,-1|-1,-1|12,1|
#setting_targetting_pos=23,5|-1,-1|17,9|-1,-1|-1,-1|27,29|17,24|17,13|12,29|
#type=4,3,4,3,4,4,4,4,0,
LLRL..DL.
#0000000010
#assigned_pet=7,-1,0,-1,-1,8,2,0,-1,
#assigned_hub=6,7,3,1,2,8,5,4,-1,
#moving_targetting_pos=-1,-1|26,16|-1,-1|6,16|-1,-1|-1,-1|-1,-1|-1,-1|12,1|
#setting_targetting_pos=23,5|-1,-1|17,9|-1,-1|-1,-1|27,29|17,23|17,13|12,29|
#type=4,3,4,3,4,5,4,4,0,
ULDL.dLL.
#1000000010
#assigned_pet=7,-1,0,-1,-1,3,2,0,-1,
#assigned_hub=6,7,3,1,2,8,5,4,-1,
#moving_targetting_pos=-1,-1|26,16|-1,-1|6,16|6,26|-1,-1|-1,-1|-1,-1|12,1|
#setting_targetting_pos=23,5|-1,-1|17,9|-1,-1|-1,-1|23,26|17,23|17,13|12,29|
#type=4,3,5,3,4,4,4,5,0,
.DdL.LLd.
#1000000010
#assigned_pet=7,-1,7,-1,-1,3,9,9,-1,
#assigned_hub=6,7,3,1,2,8,5,4,-1,
#moving_targetting_pos=-1,-1|26,16|-1,-1|6,16|6,26|-1,-1|-1,-1|-1,-1|12,1|
#setting_targetting_pos=23,5|-1,-1|19,5|-1,-1|-1,-1|24,26|17,23|17,19|12,29|
#type=4,3,4,3,4,4,4,4,0,
.DLL.LDR.
#1000000010
#assigned_pet=7,-1,7,-1,-1,3,9,9,-1,
#assigned_hub=6,7,3,1,2,8,5,4,-1,
#moving_targetting_pos=-1,-1|26,16|-1,-1|6,16|6,26|-1,-1|-1,-1|-1,-1|12,1|
#setting_targetting_pos=23,5|-1,-1|19,5|-1,-1|-1,-1|25,26|17,23|17,19|12,29|
#type=4,3,4,3,4,4,4,4,0,
.DLL.L.R.
#1000000010
#assigned_pet=7,-1,4,-1,-1,3,9,4,-1,
#assigned_hub=6,7,3,1,2,8,5,4,-1,
#moving_targetting_pos=-1,-1|26,16|-1,-1|6,16|6,26|-1,-1|-1,-1|-1,-1|12,1|
#setting_targetting_pos=23,5|-1,-1|15,9|-1,-1|-1,-1|25,25|17,23|15,13|12,29|
#type=4,3,4,3,4,4,4,4,0,
.DRL.L.L.
#1000000010
#assigned_pet=7,-1,4,-1,-1,3,9,4,-1,
#assigned_hub=6,7,3,1,2,8,5,4,-1,
#moving_targetting_pos=-1,-1|26,16|-1,-1|6,16|6,26|-1,-1|-1,-1|-1,-1|12,1|
#setting_targetting_pos=23,5|-1,-1|15,9|-1,-1|-1,-1|25,26|17,23|15,13|12,29|
#type=4,3,4,3,4,4,4,4,0,
.DRL.R.L.
#1000100010
#assigned_pet=7,-1,4,-1,-1,3,9,4,-1,
#assigned_hub=6,7,3,1,2,8,5,4,-1,
#moving_targetting_pos=-1,-1|26,16|-1,-1|6,16|-1,-1|-1,-1|-1,-1|-1,-1|12,1|
#setting_targetting_pos=24,5|-1,-1|15,9|-1,-1|-1,-1|25,27|16,23|15,13|12,29|
#type=4,3,5,3,4,4,4,5,0,
RDuL.RRu.
#1000100010
#assigned_pet=7,-1,7,-1,-1,3,9,2,-1,
#assigned_hub=6,7,3,1,2,8,5,4,-1,
#moving_targetting_pos=-1,-1|26,16|-1,-1|6,16|-1,-1|-1,-1|-1,-1|-1,-1|12,1|
#setting_targetting_pos=23,5|-1,-1|19,5|-1,-1|-1,-1|25,26|16,25|19,16|12,29|
#type=4,3,4,3,4,4,4,4,0,
LLLL.L.R.
#1000100010
#assigned_pet=5,5,7,-1,-1,3,9,2,-1,
#assigned_hub=6,7,3,1,2,8,5,4,-1,
#moving_targetting_pos=-1,-1|-1,-1|-1,-1|6,16|-1,-1|-1,-1|-1,-1|-1,-1|12,1|
#setting_targetting_pos=25,9|25,13|19,5|-1,-1|-1,-1|26,26|16,25|19,16|12,29|
#type=4,4,4,3,4,4,4,4,0,
RLLL...R.
#1000100010
#assigned_pet=5,5,7,-1,-1,3,9,2,-1,
#assigned_hub=6,7,3,1,2,8,5,4,-1,
#moving_targetting_pos=-1,-1|-1,-1|-1,-1|6,16|-1,-1|-1,-1|-1,-1|-1,-1|12,1|
#setting_targetting_pos=25,9|25,13|19,5|-1,-1|-1,-1|26,27|17,26|19,16|12,29|
#type=4,4,4,3,4,4,4,4,0,
RDLL..RR.
#1000100010
#assigned_pet=5,5,7,-1,-1,3,9,2,-1,
#assigned_hub=6,7,3,1,2,8,5,4,-1,
#moving_targetting_pos=-1,-1|-1,-1|-1,-1|6,16|-1,-1|-1,-1|-1,-1|-1,-1|12,1|
#setting_targetting_pos=25,9|25,13|19,5|-1,-1|-1,-1|25,27|17,26|19,15|12,29|
#type=4,4,4,3,4,4,4,4,0,
DDLU.RRL.
#1000100010
#assigned_pet=5,5,7,-1,-1,3,9,2,-1,
#assigned_hub=6,7,3,1,2,8,5,4,-1,
#moving_targetting_pos=-1,-1|-1,-1|-1,-1|6,16|-1,-1|-1,-1|-1,-1|-1,-1|12,1|
#setting_targetting_pos=25,9|25,13|19,5|-1,-1|-1,-1|26,27|19,26|19,15|12,29|
#type=4,4,4,3,4,4,4,4,0,
RLDU.LDD.
#1000110010
#assigned_pet=5,5,7,-1,-1,3,9,2,-1,
#assigned_hub=6,7,3,1,2,8,5,4,-1,
#moving_targetting_pos=-1,-1|-1,-1|-1,-1|6,16|-1,-1|-1,-1|-1,-1|-1,-1|12,1|
#setting_targetting_pos=25,9|25,13|19,5|-1,-1|-1,-1|26,26|19,26|19,15|12,29|
#type=5,5,4,3,4,4,4,4,0,
rlDU..DD.
#1000110010
#assigned_pet=7,2,7,-1,-1,9,9,2,-1,
#assigned_hub=6,7,3,1,2,8,5,4,-1,
#moving_targetting_pos=-1,-1|-1,-1|-1,-1|6,16|-1,-1|-1,-1|-1,-1|-1,-1|12,1|
#setting_targetting_pos=23,5|23,15|19,5|-1,-1|-1,-1|23,27|19,27|19,15|12,29|
#type=4,4,4,3,4,4,4,4,0,
LR.U.RR..
#1000110010
#assigned_pet=7,2,-1,-1,-1,9,9,-1,-1,
#assigned_hub=6,7,3,1,2,8,5,4,-1,
#moving_targetting_pos=-1,-1|-1,-1|-1,-1|6,16|6,26|-1,-1|-1,-1|-1,-1|12,1|
#setting_targetting_pos=23,6|23,16|-1,-1|-1,-1|-1,-1|23,27|19,27|-1,-1|12,29|
#type=4,4,4,3,4,4,4,4,0,
LR.U.U...
#1000110010
#assigned_pet=7,2,7,-1,-1,9,9,-1,-1,
#assigned_hub=6,7,3,1,2,8,5,4,-1,
#moving_targetting_pos=-1,-1|-1,-1|-1,-1|6,16|6,26|-1,-1|-1,-1|-1,-1|12,1|
#setting_targetting_pos=23,5|23,16|19,5|-1,-1|-1,-1|23,27|19,27|-1,-1|12,29|
#type=4,4,4,3,4,4,4,4,0,
LU.U.U...
#1000110011
#assigned_pet=7,2,7,-1,-1,9,9,-1,-1,
#assigned_hub=6,7,3,1,2,8,5,4,-1,
#moving_targetting_pos=-1,-1|-1,-1|-1,-1|6,16|6,26|-1,-1|-1,-1|-1,-1|12,1|
#setting_targetting_pos=23,5|24,15|19,5|-1,-1|-1,-1|23,27|19,27|-1,-1|12,29|
#type=4,4,4,3,4,5,5,4,0,
U..U.ud..
#1000110111
#assigned_pet=7,2,7,-1,-1,3,-1,2,-1,
#assigned_hub=6,7,3,1,2,8,5,4,-1,
#moving_targetting_pos=-1,-1|-1,-1|-1,-1|6,16|6,26|-1,-1|-1,-1|-1,-1|12,1|
#setting_targetting_pos=23,5|23,15|19,5|-1,-1|-1,-1|25,26|-1,-1|19,15|12,29|
#type=5,4,5,3,4,4,4,4,0,
uLdU.L...
#1000110111
#assigned_pet=6,2,-1,-1,-1,3,-1,-1,-1,
#assigned_hub=6,7,3,1,2,8,5,4,-1,
#moving_targetting_pos=-1,-1|-1,-1|-1,-1|6,16|6,26|-1,-1|-1,-1|-1,-1|12,1|
#setting_targetting_pos=26,8|23,16|-1,-1|-1,-1|-1,-1|26,26|-1,-1|-1,-1|12,29|
#type=4,4,4,3,4,4,4,4,0,
RR.U.D...
#1000110111
#assigned_pet=6,2,-1,-1,-1,3,-1,2,-1,
#assigned_hub=6,7,3,1,2,8,5,4,-1,
#moving_targetting_pos=-1,-1|-1,-1|-1,-1|6,16|6,26|-1,-1|-1,-1|-1,-1|12,1|
#setting_targetting_pos=26,8|23,15|-1,-1|-1,-1|-1,-1|25,26|-1,-1|19,15|12,29|
#type=4,4,4,3,4,4,4,4,0,
RL.U.D...
#1010110111
#assigned_pet=6,2,-1,-1,-1,3,-1,2,-1,
#assigned_hub=6,7,3,1,2,8,5,4,-1,
#moving_targetting_pos=-1,-1|-1,-1|-1,-1|6,16|6,26|-1,-1|-1,-1|-1,-1|12,1|
#setting_targetting_pos=27,7|23,15|-1,-1|-1,-1|-1,-1|25,25|-1,-1|19,15|12,29|
#type=4,5,4,3,4,4,4,5,0,
Du.U.L.d.
#1010110111
#assigned_pet=6,6,-1,-1,-1,3,-1,-1,-1,
#assigned_hub=6,7,3,1,2,8,5,4,-1,
#moving_targetting_pos=-1,-1|-1,-1|16,6|6,16|6,26|-1,-1|-1,-1|16,16|12,1|
#setting_targetting_pos=27,9|27,13|-1,-1|-1,-1|-1,-1|26,25|-1,-1|-1,-1|12,29|
#type=4,4,4,3,4,4,4,4,0,
RD.U.R...
#1010110111
#assigned_pet=6,6,-1,-1,-1,3,-1,-1,-1,
#assigned_hub=6,7,3,1,2,8,5,4,-1,
#moving_targetting_pos=-1,-1|-1,-1|16,6|6,16|6,26|-1,-1|-1,-1|16,16|12,1|
#setting_targetting_pos=27,9|27,13|-1,-1|-1,-1|-1,-1|25,25|-1,-1|-1,-1|12,29|
#type=4,4,4,3,4,4,4,4,0,
DL.U.L...
#1010110111
#assigned_pet=6,6,-1,-1,-1,3,-1,-1,-1,
#assigned_hub=6,7,3,1,2,8,5,4,-1,
#moving_targetting_pos=-1,-1|-1,-1|16,6|6,16|6,26|-1,-1|-1,-1|16,16|12,1|
#setting_targetting_pos=27,9|27,13|-1,-1|-1,-1|-1,-1|25,26|-1,-1|-1,-1|12,29|
#type=4,4,4,3,4,4,4,4,0,
RD.U.R...
#1010110111
#assigned_pet=6,6,-1,-1,-1,3,-1,-1,-1,
#assigned_hub=6,7,3,1,2,8,5,4,-1,
#moving_targetting_pos=-1,-1|-1,-1|16,6|6,16|6,26|-1,-1|-1,-1|16,16|12,1|
#setting_targetting_pos=27,9|27,13|-1,-1|-1,-1|-1,-1|24,26|-1,-1|-1,-1|12,29|
#type=4,4,4,3,4,4,4,4,0,
.L.U.U...
#1010111111
#assigned_pet=6,6,-1,-1,-1,3,-1,-1,-1,
#assigned_hub=6,7,3,1,2,8,5,4,-1,
#moving_targetting_pos=-1,-1|-1,-1|16,6|6,16|6,26|-1,-1|-1,-1|16,16|12,1|
#setting_targetting_pos=27,9|27,13|-1,-1|-1,-1|-1,-1|23,26|-1,-1|-1,-1|12,29|
#type=5,5,4,3,4,4,4,4,0,
dd.U.U...
#1010111111
#assigned_pet=-1,-1,-1,-1,-1,3,3,-1,-1,
#assigned_hub=6,7,3,1,2,8,5,4,-1,
#moving_targetting_pos=26,6|26,16|16,6|6,16|6,26|-1,-1|-1,-1|16,16|12,1|
#setting_targetting_pos=-1,-1|-1,-1|-1,-1|-1,-1|-1,-1|23,25|19,25|-1,-1|12,29|
#type=4,4,4,3,4,4,4,4,0,
...U.LL..
#1010111111
#assigned_pet=-1,-1,-1,-1,-1,3,3,-1,-1,
#assigned_hub=6,7,3,1,2,8,5,4,-1,
#moving_targetting_pos=26,6|26,16|16,6|6,16|6,26|-1,-1|-1,-1|16,16|12,1|
#setting_targetting_pos=-1,-1|-1,-1|-1,-1|-1,-1|-1,-1|23,25|19,25|-1,-1|12,29|
#type=4,4,4,3,4,4,4,4,0,
...U..L..
#1010111111
#assigned_pet=-1,-1,-1,-1,-1,3,3,-1,-1,
#assigned_hub=6,7,3,1,2,8,5,4,-1,
#moving_targetting_pos=26,6|26,16|16,6|6,16|6,26|-1,-1|-1,-1|16,16|12,1|
#setting_targetting_pos=-1,-1|-1,-1|-1,-1|-1,-1|-1,-1|23,25|19,25|-1,-1|12,29|
#type=4,4,4,3,4,4,4,4,0,
...L.....
#1010111111
#assigned_pet=-1,-1,-1,1,-1,3,-1,-1,-1,
#assigned_hub=6,7,3,1,2,8,5,4,-1,
#moving_targetting_pos=26,6|26,16|16,6|-1,-1|6,26|-1,-1|-1,-1|16,16|12,1|
#setting_targetting_pos=-1,-1|-1,-1|-1,-1|3,17|-1,-1|24,25|-1,-1|-1,-1|12,29|
#type=4,4,4,4,4,4,4,4,0,
...R.R...
#1010111111
#assigned_pet=-1,-1,-1,1,-1,3,-1,-1,-1,
#assigned_hub=6,7,3,1,2,8,5,4,-1,
#moving_targetting_pos=26,6|26,16|16,6|-1,-1|6,26|-1,-1|-1,-1|16,16|12,1|
#setting_targetting_pos=-1,-1|-1,-1|-1,-1|3,17|-1,-1|24,26|-1,-1|-1,-1|12,29|
#type=4,4,4,4,4,4,4,4,0,
...U.D...
#1010111111
#assigned_pet=-1,-1,-1,1,-1,3,-1,-1,-1,
#assigned_hub=6,7,3,1,2,8,5,4,-1,
#moving_targetting_pos=26,6|26,16|16,6|-1,-1|6,26|-1,-1|-1,-1|16,16|12,1|
#setting_targetting_pos=-1,-1|-1,-1|-1,-1|3,17|-1,-1|24,25|-1,-1|-1,-1|12,29|
#type=4,4,4,4,4,4,4,4,0,
...U.L...
#1010111111
#assigned_pet=-1,-1,-1,1,-1,3,3,-1,-1,
#assigned_hub=6,7,3,1,2,8,5,4,-1,
#moving_targetting_pos=26,6|26,16|16,6|-1,-1|6,26|-1,-1|-1,-1|16,16|12,1|
#setting_targetting_pos=-1,-1|-1,-1|-1,-1|3,17|-1,-1|23,25|19,25|-1,-1|12,29|
#type=4,4,4,4,4,4,4,4,0,
...U.U...
#1010111111
#assigned_pet=-1,-1,-1,1,-1,3,3,-1,-1,
#assigned_hub=6,7,3,1,2,8,5,4,-1,
#moving_targetting_pos=26,6|26,16|16,6|-1,-1|6,26|-1,-1|-1,-1|16,16|12,1|
#setting_targetting_pos=-1,-1|-1,-1|-1,-1|3,17|-1,-1|23,25|19,25|-1,-1|12,29|
#type=4,4,4,4,4,4,4,4,0,
...U.....
#1010111111
#assigned_pet=-1,-1,-1,1,-1,3,3,-1,-1,
#assigned_hub=6,7,3,1,2,8,5,4,-1,
#moving_targetting_pos=26,6|26,16|16,6|-1,-1|6,26|-1,-1|-1,-1|16,16|12,1|
#setting_targetting_pos=-1,-1|-1,-1|-1,-1|3,17|-1,-1|23,25|19,25|-1,-1|12,29|
#type=4,4,4,4,4,4,4,4,0,
...U.....
#1010111111
#assigned_pet=-1,-1,-1,1,-1,3,-1,-1,-1,
#assigned_hub=6,7,3,1,2,8,5,4,-1,
#moving_targetting_pos=26,6|26,16|16,6|-1,-1|6,26|-1,-1|-1,-1|16,16|12,1|
#setting_targetting_pos=-1,-1|-1,-1|-1,-1|3,17|-1,-1|24,25|-1,-1|-1,-1|12,29|
#type=4,4,4,4,4,4,4,4,0,
.....R...
#1010111111
#assigned_pet=-1,-1,-1,1,-1,3,3,-1,-1,
#assigned_hub=6,7,3,1,2,8,5,4,-1,
#moving_targetting_pos=26,6|26,16|16,6|-1,-1|6,26|-1,-1|-1,-1|16,16|12,1|
#setting_targetting_pos=-1,-1|-1,-1|-1,-1|4,17|-1,-1|23,25|19,25|-1,-1|12,29|
#type=4,4,4,4,4,4,4,4,0,
...L.L...
#1010111111
#assigned_pet=-1,-1,-1,1,-1,3,3,-1,-1,
#assigned_hub=6,7,3,1,2,8,5,4,-1,
#moving_targetting_pos=26,6|26,16|16,6|-1,-1|6,26|-1,-1|-1,-1|16,16|12,1|
#setting_targetting_pos=-1,-1|-1,-1|-1,-1|5,16|-1,-1|23,25|19,25|-1,-1|12,29|
#type=4,4,4,4,4,4,4,4,0,
.........
#1010111111
#assigned_pet=-1,-1,-1,1,-1,3,3,-1,-1,
#assigned_hub=6,7,3,1,2,8,5,4,-1,
#moving_targetting_pos=26,6|26,16|16,6|-1,-1|6,26|-1,-1|-1,-1|16,16|12,1|
#setting_targetting_pos=-1,-1|-1,-1|-1,-1|3,16|-1,-1|23,25|19,25|-1,-1|12,29|
#type=4,4,4,4,4,4,4,4,0,
.........
#1010111111
#assigned_pet=-1,-1,-1,1,-1,3,-1,-1,-1,
#assigned_hub=6,7,3,1,2,8,5,4,-1,
#moving_targetting_pos=26,6|26,16|16,6|-1,-1|6,26|-1,-1|-1,-1|16,16|12,1|
#setting_targetting_pos=-1,-1|-1,-1|-1,-1|4,17|-1,-1|24,25|-1,-1|-1,-1|12,29|
#type=4,4,4,4,4,4,4,4,0,
.....R...
#1010111111
#assigned_pet=-1,-1,-1,1,-1,3,-1,-1,-1,
#assigned_hub=6,7,3,1,2,8,5,4,-1,
#moving_targetting_pos=26,6|26,16|16,6|-1,-1|-1,-1|-1,-1|-1,-1|16,16|12,1|
#setting_targetting_pos=-1,-1|-1,-1|-1,-1|6,17|-1,-1|25,25|-1,-1|-1,-1|12,29|
#type=4,4,4,4,4,4,4,4,0,
...R.L...
#1010111111
#assigned_pet=-1,-1,-1,1,-1,3,-1,-1,-1,
#assigned_hub=6,7,3,1,2,8,5,4,-1,
#moving_targetting_pos=26,6|-1,-1|16,6|-1,-1|-1,-1|-1,-1|-1,-1|16,16|12,1|
#setting_targetting_pos=-1,-1|-1,-1|-1,-1|6,17|-1,-1|25,24|-1,-1|-1,-1|12,29|
#type=4,4,4,4,4,4,4,4,0,
...D.D...
#1010111111
#assigned_pet=-1,3,-1,1,-1,3,-1,-1,-1,
#assigned_hub=6,7,3,1,2,8,5,4,-1,
#moving_targetting_pos=26,6|-1,-1|16,6|-1,-1|-1,-1|-1,-1|-1,-1|-1,-1|12,1|
#setting_targetting_pos=-1,-1|25,19|-1,-1|8,17|-1,-1|25,23|-1,-1|-1,-1|12,29|
#type=4,4,4,4,4,4,4,4,0,
.R.D.L...
#1010111111
#assigned_pet=-1,3,-1,1,-1,3,-1,-1,-1,
#assigned_hub=6,7,3,1,2,8,5,4,-1,
#moving_targetting_pos=26,6|-1,-1|16,6|-1,-1|-1,-1|-1,-1|-1,-1|-1,-1|12,1|
#setting_targetting_pos=-1,-1|25,19|-1,-1|8,17|-1,-1|25,23|-1,-1|-1,-1|12,29|
#type=4,4,4,4,4,4,4,4,0,
.R.D.....
#1010111111
#assigned_pet=-1,3,-1,1,-1,3,-1,-1,-1,
#assigned_hub=6,7,3,1,2,8,5,4,-1,
#moving_targetting_pos=26,6|-1,-1|16,6|-1,-1|6,26|-1,-1|-1,-1|-1,-1|12,1|
#setting_targetting_pos=-1,-1|25,19|-1,-1|9,16|-1,-1|25,23|-1,-1|-1,-1|12,29|
#type=4,4,4,4,4,4,4,4,0,
.R.L.....
#1010111111
#assigned_pet=-1,3,-1,1,-1,3,-1,1,-1,
#assigned_hub=6,7,3,1,2,8,5,4,-1,
#moving_targetting_pos=26,6|-1,-1|16,6|-1,-1|6,26|-1,-1|-1,-1|-1,-1|12,1|
#setting_targetting_pos=-1,-1|25,19|-1,-1|9,15|-1,-1|25,23|-1,-1|13,15|12,29|
#type=4,4,4,4,4,4,4,4,0,
.R.L...U.
#1010111111
#assigned_pet=-1,3,-1,1,-1,3,-1,1,-1,
#assigned_hub=6,7,3,1,2,8,5,4,-1,
#moving_targetting_pos=26,6|-1,-1|16,6|-1,-1|6,26|-1,-1|-1,-1|-1,-1|12,1|
#setting_targetting_pos=-1,-1|25,19|-1,-1|9,15|-1,-1|25,23|-1,-1|13,15|12,29|
#type=4,4,4,4,4,4,4,4,0,
.R.D...U.
#1010111111
#assigned_pet=-1,3,-1,1,-1,3,-1,1,-1,
#assigned_hub=6,7,3,1,2,8,5,4,-1,
#moving_targetting_pos=26,6|-1,-1|16,6|-1,-1|6,26|-1,-1|-1,-1|-1,-1|12,1|
#setting_targetting_pos=-1,-1|25,19|-1,-1|9,15|-1,-1|25,23|-1,-1|13,15|12,29|
#type=4,4,4,4,4,4,4,4,0,
.R.....U.
#1010111111
#assigned_pet=-1,3,-1,1,-1,3,-1,1,-1,
#assigned_hub=6,7,3,1,2,8,5,4,-1,
#moving_targetting_pos=26,6|-1,-1|16,6|-1,-1|6,26|-1,-1|16,26|-1,-1|12,1|
#setting_targetting_pos=-1,-1|25,19|-1,-1|9,15|-1,-1|25,23|-1,-1|13,15|12,29|
#type=4,4,4,4,4,4,4,4,0,
.......U.
#1110111111
#assigned_pet=-1,3,-1,1,-1,3,-1,1,-1,
#assigned_hub=6,7,3,1,2,8,5,4,-1,
#moving_targetting_pos=26,6|-1,-1|16,6|-1,-1|6,26|-1,-1|-1,-1|-1,-1|12,1|
#setting_targetting_pos=-1,-1|25,19|-1,-1|9,15|-1,-1|25,23|-1,-1|13,15|12,29|
#type=4,4,4,5,4,4,4,5,0,
...d...u.
#1110111111
#assigned_pet=-1,3,-1,-1,-1,3,-1,-1,-1,
#assigned_hub=6,7,3,1,2,8,5,4,-1,
#moving_targetting_pos=26,6|-1,-1|16,6|6,16|6,26|-1,-1|16,26|16,16|12,1|
#setting_targetting_pos=-1,-1|25,19|-1,-1|-1,-1|-1,-1|25,23|-1,-1|-1,-1|12,29|
#type=4,4,4,4,4,4,4,4,0,
.........
#1110111111
#assigned_pet=-1,3,-1,-1,-1,-1,-1,-1,-1,
#assigned_hub=6,7,3,1,2,8,5,4,-1,
#moving_targetting_pos=26,6|-1,-1|16,6|6,16|6,26|-1,-1|16,26|16,16|12,1|
#setting_targetting_pos=-1,-1|26,19|-1,-1|-1,-1|-1,-1|-1,-1|-1,-1|-1,-1|12,29|
#type=4,4,4,4,4,4,4,4,0,
.L.......
#1110111111
#assigned_pet=-1,3,-1,-1,-1,3,-1,-1,-1,
#assigned_hub=6,7,3,1,2,8,5,4,-1,
#moving_targetting_pos=26,6|-1,-1|16,6|6,16|6,26|-1,-1|16,26|16,16|12,1|
#setting_targetting_pos=-1,-1|27,19|-1,-1|-1,-1|-1,-1|27,23|-1,-1|-1,-1|12,29|
#type=4,4,4,4,4,4,4,4,0,
.R...L...
#1110111111
#assigned_pet=-1,3,-1,-1,-1,3,-1,-1,-1,
#assigned_hub=6,7,3,1,2,8,5,4,-1,
#moving_targetting_pos=26,6|-1,-1|16,6|6,16|6,26|-1,-1|16,26|16,16|12,1|
#setting_targetting_pos=-1,-1|27,19|-1,-1|-1,-1|-1,-1|27,23|-1,-1|-1,-1|12,29|
#type=4,4,4,4,4,4,4,4,0,
.....D...
#1111111111
#assigned_pet=-1,3,-1,-1,-1,3,-1,-1,-1,
#assigned_hub=6,7,3,1,2,8,5,4,-1,
#moving_targetting_pos=26,6|-1,-1|16,6|6,16|6,26|-1,-1|16,26|16,16|12,1|
#setting_targetting_pos=-1,-1|27,19|-1,-1|-1,-1|-1,-1|27,23|-1,-1|-1,-1|12,29|
#type=4,5,4,4,4,5,4,4,0,
.d...d...
#1111111111
#assigned_pet=-1,-1,-1,-1,-1,-1,-1,-1,-1,
#assigned_hub=6,7,3,1,2,8,5,4,-1,
#moving_targetting_pos=26,6|26,16|16,6|6,16|6,26|26,26|16,26|16,16|12,1|
#setting_targetting_pos=-1,-1|-1,-1|-1,-1|-1,-1|-1,-1|-1,-1|-1,-1|-1,-1|12,29|
#type=4,4,4,4,4,4,4,4,0,
.........
#1111111111
#assigned_pet=-1,-1,-1,-1,-1,-1,-1,-1,-1,
#assigned_hub=6,7,3,1,2,8,5,4,-1,
#moving_targetting_pos=26,6|26,16|16,6|6,16|6,26|26,26|16,26|16,16|12,1|
#setting_targetting_pos=-1,-1|-1,-1|-1,-1|-1,-1|-1,-1|-1,-1|-1,-1|-1,-1|12,29|
#type=4,4,4,4,4,4,4,4,0,
.........
#1111111111
#assigned_pet=-1,-1,-1,-1,-1,-1,-1,-1,-1,
#assigned_hub=6,7,3,1,2,8,5,4,-1,
#moving_targetting_pos=26,6|26,16|16,6|6,16|6,26|26,26|16,26|16,16|12,1|
#setting_targetting_pos=-1,-1|-1,-1|-1,-1|-1,-1|-1,-1|-1,-1|-1,-1|-1,-1|12,29|
#type=4,4,4,4,4,4,4,4,0,
.........
#1111111111
#assigned_pet=-1,-1,-1,-1,-1,-1,-1,-1,-1,
#assigned_hub=6,7,3,1,2,8,5,4,-1,
#moving_targetting_pos=26,6|26,16|16,6|6,16|6,26|26,26|16,26|16,16|12,1|
#setting_targetting_pos=-1,-1|-1,-1|-1,-1|-1,-1|-1,-1|-1,-1|-1,-1|-1,-1|12,29|
#type=4,4,4,4,4,4,4,4,0,
.........
#1111111111
#assigned_pet=-1,-1,-1,-1,-1,-1,-1,-1,-1,
#assigned_hub=6,7,3,1,2,8,5,4,-1,
#moving_targetting_pos=26,6|26,16|16,6|6,16|6,26|26,26|16,26|16,16|12,1|
#setting_targetting_pos=-1,-1|-1,-1|-1,-1|-1,-1|-1,-1|-1,-1|-1,-1|-1,-1|12,29|
#type=4,4,4,4,4,4,4,4,0,
.........
#1111111111
#assigned_pet=-1,-1,-1,-1,-1,-1,-1,-1,-1,
#assigned_hub=6,7,3,1,2,8,5,4,-1,
#moving_targetting_pos=26,6|26,16|16,6|6,16|6,26|26,26|16,26|16,16|12,1|
#setting_targetting_pos=-1,-1|-1,-1|-1,-1|-1,-1|-1,-1|-1,-1|-1,-1|-1,-1|12,29|
#type=4,4,4,4,4,4,4,4,0,
.........
#1111111111
#assigned_pet=-1,-1,-1,-1,-1,-1,-1,-1,-1,
#assigned_hub=6,7,3,1,2,8,5,4,-1,
#moving_targetting_pos=26,6|26,16|16,6|6,16|6,26|26,26|16,26|16,16|12,1|
#setting_targetting_pos=-1,-1|-1,-1|-1,-1|-1,-1|-1,-1|-1,-1|-1,-1|-1,-1|12,29|
#type=4,4,4,4,4,4,4,4,0,
.........
#1111111111
#assigned_pet=-1,-1,-1,-1,-1,-1,-1,-1,-1,
#assigned_hub=6,7,3,1,2,8,5,4,-1,
#moving_targetting_pos=26,6|26,16|16,6|6,16|6,26|26,26|16,26|16,16|12,1|
#setting_targetting_pos=-1,-1|-1,-1|-1,-1|-1,-1|-1,-1|-1,-1|-1,-1|-1,-1|12,29|
#type=4,4,4,4,4,4,4,4,0,
.........
#1111111111
#assigned_pet=-1,-1,-1,-1,-1,-1,-1,-1,-1,
#assigned_hub=6,7,3,1,2,8,5,4,-1,
#moving_targetting_pos=26,6|26,16|16,6|6,16|6,26|26,26|16,26|16,16|12,1|
#setting_targetting_pos=-1,-1|-1,-1|-1,-1|-1,-1|-1,-1|-1,-1|-1,-1|-1,-1|12,29|
#type=4,4,4,4,4,4,4,4,0,
.........
#1111111111
#assigned_pet=-1,-1,-1,-1,-1,-1,-1,-1,-1,
#assigned_hub=6,7,3,1,2,8,5,4,-1,
#moving_targetting_pos=26,6|26,16|16,6|6,16|6,26|26,26|16,26|16,16|12,1|
#setting_targetting_pos=-1,-1|-1,-1|-1,-1|-1,-1|-1,-1|-1,-1|-1,-1|-1,-1|12,29|
#type=4,4,4,4,4,4,4,4,0,
.........
#1111111111
#assigned_pet=-1,-1,-1,-1,-1,-1,-1,-1,-1,
#assigned_hub=6,7,3,1,2,8,5,4,-1,
#moving_targetting_pos=26,6|26,16|16,6|6,16|6,26|26,26|16,26|16,16|12,1|
#setting_targetting_pos=-1,-1|-1,-1|-1,-1|-1,-1|-1,-1|-1,-1|-1,-1|-1,-1|12,29|
#type=4,4,4,4,4,4,4,4,0,
.........
#1111111111
#assigned_pet=-1,-1,-1,-1,-1,-1,-1,-1,-1,
#assigned_hub=6,7,3,1,2,8,5,4,-1,
#moving_targetting_pos=26,6|26,16|16,6|6,16|6,26|26,26|16,26|16,16|12,1|
#setting_targetting_pos=-1,-1|-1,-1|-1,-1|-1,-1|-1,-1|-1,-1|-1,-1|-1,-1|12,29|
#type=4,4,4,4,4,4,4,4,0,
.........
#1111111111
#assigned_pet=-1,-1,-1,-1,-1,-1,-1,-1,-1,
#assigned_hub=6,7,3,1,2,8,5,4,-1,
#moving_targetting_pos=26,6|26,16|16,6|6,16|6,26|26,26|16,26|16,16|12,1|
#setting_targetting_pos=-1,-1|-1,-1|-1,-1|-1,-1|-1,-1|-1,-1|-1,-1|-1,-1|12,29|
#type=4,4,4,4,4,4,4,4,0,
.........
#1111111111
#assigned_pet=-1,-1,-1,-1,-1,-1,-1,-1,-1,
#assigned_hub=6,7,3,1,2,8,5,4,-1,
#moving_targetting_pos=26,6|26,16|16,6|6,16|6,26|26,26|16,26|16,16|12,1|
#setting_targetting_pos=-1,-1|-1,-1|-1,-1|-1,-1|-1,-1|-1,-1|-1,-1|-1,-1|12,29|
#type=4,4,4,4,4,4,4,4,0,
.........
#1111111111
#assigned_pet=-1,-1,-1,-1,-1,-1,-1,-1,-1,
#assigned_hub=6,7,3,1,2,8,5,4,-1,
#moving_targetting_pos=26,6|26,16|16,6|6,16|6,26|26,26|16,26|16,16|12,1|
#setting_targetting_pos=-1,-1|-1,-1|-1,-1|-1,-1|-1,-1|-1,-1|-1,-1|-1,-1|12,29|
#type=4,4,4,4,4,4,4,4,0,
.........
#1111111111
#assigned_pet=-1,-1,-1,-1,-1,-1,-1,-1,-1,
#assigned_hub=6,7,3,1,2,8,5,4,-1,
#moving_targetting_pos=26,6|26,16|16,6|6,16|6,26|26,26|16,26|16,16|12,1|
#setting_targetting_pos=-1,-1|-1,-1|-1,-1|-1,-1|-1,-1|-1,-1|-1,-1|-1,-1|12,29|
#type=4,4,4,4,4,4,4,4,0,
.........
#1111111111
#assigned_pet=-1,-1,-1,-1,-1,-1,-1,-1,-1,
#assigned_hub=6,7,3,1,2,8,5,4,-1,
#moving_targetting_pos=26,6|26,16|16,6|6,16|6,26|26,26|16,26|16,16|12,1|
#setting_targetting_pos=-1,-1|-1,-1|-1,-1|-1,-1|-1,-1|-1,-1|-1,-1|-1,-1|12,29|
#type=4,4,4,4,4,4,4,4,0,
.........
#1111111111
#assigned_pet=-1,-1,-1,-1,-1,-1,-1,-1,-1,
#assigned_hub=6,7,3,1,2,8,5,4,-1,
#moving_targetting_pos=26,6|26,16|16,6|6,16|6,26|26,26|16,26|16,16|12,1|
#setting_targetting_pos=-1,-1|-1,-1|-1,-1|-1,-1|-1,-1|-1,-1|-1,-1|-1,-1|12,29|
#type=4,4,4,4,4,4,4,4,0,
.........
#1111111111
#assigned_pet=-1,-1,-1,-1,-1,-1,-1,-1,-1,
#assigned_hub=6,7,3,1,2,8,5,4,-1,
#moving_targetting_pos=26,6|26,16|16,6|6,16|6,26|26,26|16,26|16,16|12,1|
#setting_targetting_pos=-1,-1|-1,-1|-1,-1|-1,-1|-1,-1|-1,-1|-1,-1|-1,-1|12,29|
#type=4,4,4,4,4,4,4,4,0,
.........
#1111111111
#assigned_pet=-1,-1,-1,-1,-1,-1,-1,-1,-1,
#assigned_hub=6,7,3,1,2,8,5,4,-1,
#moving_targetting_pos=26,6|26,16|16,6|6,16|6,26|26,26|16,26|16,16|12,1|
#setting_targetting_pos=-1,-1|-1,-1|-1,-1|-1,-1|-1,-1|-1,-1|-1,-1|-1,-1|12,29|
#type=4,4,4,4,4,4,4,4,0,
.........
#1111111111
#assigned_pet=-1,-1,-1,-1,-1,-1,-1,-1,-1,
#assigned_hub=6,7,3,1,2,8,5,4,-1,
#moving_targetting_pos=26,6|26,16|16,6|6,16|6,26|26,26|16,26|16,16|12,1|
#setting_targetting_pos=-1,-1|-1,-1|-1,-1|-1,-1|-1,-1|-1,-1|-1,-1|-1,-1|12,29|
#type=4,4,4,4,4,4,4,4,0,
.........
#1111111111
#assigned_pet=-1,-1,-1,-1,-1,-1,-1,-1,-1,
#assigned_hub=6,7,3,1,2,8,5,4,-1,
#moving_targetting_pos=26,6|26,16|16,6|6,16|6,26|26,26|16,26|16,16|12,1|
#setting_targetting_pos=-1,-1|-1,-1|-1,-1|-1,-1|-1,-1|-1,-1|-1,-1|-1,-1|12,29|
#type=4,4,4,4,4,4,4,4,0,
.........
#1111111111
#assigned_pet=-1,-1,-1,-1,-1,-1,-1,-1,-1,
#assigned_hub=6,7,3,1,2,8,5,4,-1,
#moving_targetting_pos=26,6|26,16|16,6|6,16|6,26|26,26|16,26|16,16|12,1|
#setting_targetting_pos=-1,-1|-1,-1|-1,-1|-1,-1|-1,-1|-1,-1|-1,-1|-1,-1|12,29|
#type=4,4,4,4,4,4,4,4,0,
.........
#1111111111
#assigned_pet=-1,-1,-1,-1,-1,-1,-1,-1,-1,
#assigned_hub=6,7,3,1,2,8,5,4,-1,
#moving_targetting_pos=26,6|26,16|16,6|6,16|6,26|26,26|16,26|16,16|12,1|
#setting_targetting_pos=-1,-1|-1,-1|-1,-1|-1,-1|-1,-1|-1,-1|-1,-1|-1,-1|12,29|
#type=4,4,4,4,4,4,4,4,0,
.........
#1111111111
#assigned_pet=-1,-1,-1,-1,-1,-1,-1,-1,-1,
#assigned_hub=6,7,3,1,2,8,5,4,-1,
#moving_targetting_pos=26,6|26,16|16,6|6,16|6,26|26,26|16,26|16,16|12,1|
#setting_targetting_pos=-1,-1|-1,-1|-1,-1|-1,-1|-1,-1|-1,-1|-1,-1|-1,-1|12,29|
#type=4,4,4,4,4,4,4,4,0,
.........
#1111111111
#assigned_pet=-1,-1,-1,-1,-1,-1,-1,-1,-1,
#assigned_hub=6,7,3,1,2,8,5,4,-1,
#moving_targetting_pos=26,6|26,16|16,6|6,16|6,26|26,26|16,26|16,16|12,1|
#setting_targetting_pos=-1,-1|-1,-1|-1,-1|-1,-1|-1,-1|-1,-1|-1,-1|-1,-1|12,29|
#type=4,4,4,4,4,4,4,4,0,
.........
#1111111111
#assigned_pet=-1,-1,-1,-1,-1,-1,-1,-1,-1,
#assigned_hub=6,7,3,1,2,8,5,4,-1,
#moving_targetting_pos=26,6|26,16|16,6|6,16|6,26|26,26|16,26|16,16|12,1|
#setting_targetting_pos=-1,-1|-1,-1|-1,-1|-1,-1|-1,-1|-1,-1|-1,-1|-1,-1|12,29|
#type=4,4,4,4,4,4,4,4,0,
.........
#1111111111
#assigned_pet=-1,-1,-1,-1,-1,-1,-1,-1,-1,
#assigned_hub=6,7,3,1,2,8,5,4,-1,
#moving_targetting_pos=26,6|26,16|16,6|6,16|6,26|26,26|16,26|16,16|12,1|
#setting_targetting_pos=-1,-1|-1,-1|-1,-1|-1,-1|-1,-1|-1,-1|-1,-1|-1,-1|12,29|
#type=4,4,4,4,4,4,4,4,0,
.........
#1111111111
#assigned_pet=-1,-1,-1,-1,-1,-1,-1,-1,-1,
#assigned_hub=6,7,3,1,2,8,5,4,-1,
#moving_targetting_pos=26,6|26,16|16,6|6,16|6,26|26,26|16,26|16,16|12,1|
#setting_targetting_pos=-1,-1|-1,-1|-1,-1|-1,-1|-1,-1|-1,-1|-1,-1|-1,-1|12,29|
#type=4,4,4,4,4,4,4,4,0,
.........
#1111111111
#assigned_pet=-1,-1,-1,-1,-1,-1,-1,-1,-1,
#assigned_hub=6,7,3,1,2,8,5,4,-1,
#moving_targetting_pos=26,6|26,16|16,6|6,16|6,26|26,26|16,26|16,16|12,1|
#setting_targetting_pos=-1,-1|-1,-1|-1,-1|-1,-1|-1,-1|-1,-1|-1,-1|-1,-1|12,29|
#type=4,4,4,4,4,4,4,4,0,
.........
#1111111111
#assigned_pet=-1,-1,-1,-1,-1,-1,-1,-1,-1,
#assigned_hub=6,7,3,1,2,8,5,4,-1,
#moving_targetting_pos=26,6|26,16|16,6|6,16|6,26|26,26|16,26|16,16|12,1|
#setting_targetting_pos=-1,-1|-1,-1|-1,-1|-1,-1|-1,-1|-1,-1|-1,-1|-1,-1|12,29|
#type=4,4,4,4,4,4,4,4,0,
.........
#1111111111
#assigned_pet=-1,-1,-1,-1,-1,-1,-1,-1,-1,
#assigned_hub=6,7,3,1,2,8,5,4,-1,
#moving_targetting_pos=26,6|26,16|16,6|6,16|6,26|26,26|16,26|16,16|12,1|
#setting_targetting_pos=-1,-1|-1,-1|-1,-1|-1,-1|-1,-1|-1,-1|-1,-1|-1,-1|12,29|
#type=4,4,4,4,4,4,4,4,0,
.........
#1111111111
#assigned_pet=-1,-1,-1,-1,-1,-1,-1,-1,-1,
#assigned_hub=6,7,3,1,2,8,5,4,-1,
#moving_targetting_pos=26,6|26,16|16,6|6,16|6,26|26,26|16,26|16,16|12,1|
#setting_targetting_pos=-1,-1|-1,-1|-1,-1|-1,-1|-1,-1|-1,-1|-1,-1|-1,-1|12,29|
#type=4,4,4,4,4,4,4,4,0,
.........
#1111111111
#assigned_pet=-1,-1,-1,-1,-1,-1,-1,-1,-1,
#assigned_hub=6,7,3,1,2,8,5,4,-1,
#moving_targetting_pos=26,6|26,16|16,6|6,16|6,26|26,26|16,26|16,16|12,1|
#setting_targetting_pos=-1,-1|-1,-1|-1,-1|-1,-1|-1,-1|-1,-1|-1,-1|-1,-1|12,29|
#type=4,4,4,4,4,4,4,4,0,
.........
#1111111111
#assigned_pet=-1,-1,-1,-1,-1,-1,-1,-1,-1,
#assigned_hub=6,7,3,1,2,8,5,4,-1,
#moving_targetting_pos=26,6|26,16|16,6|6,16|6,26|26,26|16,26|16,16|12,1|
#setting_targetting_pos=-1,-1|-1,-1|-1,-1|-1,-1|-1,-1|-1,-1|-1,-1|-1,-1|12,29|
#type=4,4,4,4,4,4,4,4,0,
.........
#1111111111
#assigned_pet=-1,-1,-1,-1,-1,-1,-1,-1,-1,
#assigned_hub=6,7,3,1,2,8,5,4,-1,
#moving_targetting_pos=26,6|26,16|16,6|6,16|6,26|26,26|16,26|16,16|12,1|
#setting_targetting_pos=-1,-1|-1,-1|-1,-1|-1,-1|-1,-1|-1,-1|-1,-1|-1,-1|12,29|
#type=4,4,4,4,4,4,4,4,0,
.........
#1111111111
#assigned_pet=-1,-1,-1,-1,-1,-1,-1,-1,-1,
#assigned_hub=6,7,3,1,2,8,5,4,-1,
#moving_targetting_pos=26,6|26,16|16,6|6,16|6,26|26,26|16,26|16,16|12,1|
#setting_targetting_pos=-1,-1|-1,-1|-1,-1|-1,-1|-1,-1|-1,-1|-1,-1|-1,-1|12,29|
#type=4,4,4,4,4,4,4,4,0,
.........
#1111111111
#assigned_pet=-1,-1,-1,-1,-1,-1,-1,-1,-1,
#assigned_hub=6,7,3,1,2,8,5,4,-1,
#moving_targetting_pos=26,6|26,16|16,6|6,16|6,26|26,26|16,26|16,16|12,1|
#setting_targetting_pos=-1,-1|-1,-1|-1,-1|-1,-1|-1,-1|-1,-1|-1,-1|-1,-1|12,29|
#type=4,4,4,4,4,4,4,4,0,
.........
#1111111111
#assigned_pet=-1,-1,-1,-1,-1,-1,-1,-1,-1,
#assigned_hub=6,7,3,1,2,8,5,4,-1,
#moving_targetting_pos=26,6|26,16|16,6|6,16|6,26|26,26|16,26|16,16|12,1|
#setting_targetting_pos=-1,-1|-1,-1|-1,-1|-1,-1|-1,-1|-1,-1|-1,-1|-1,-1|12,29|
#type=4,4,4,4,4,4,4,4,0,
.........
#1111111111
#assigned_pet=-1,-1,-1,-1,-1,-1,-1,-1,-1,
#assigned_hub=6,7,3,1,2,8,5,4,-1,
#moving_targetting_pos=26,6|26,16|16,6|6,16|6,26|26,26|16,26|16,16|12,1|
#setting_targetting_pos=-1,-1|-1,-1|-1,-1|-1,-1|-1,-1|-1,-1|-1,-1|-1,-1|12,29|
#type=4,4,4,4,4,4,4,4,0,
.........
#1111111111
#assigned_pet=-1,-1,-1,-1,-1,-1,-1,-1,-1,
#assigned_hub=6,7,3,1,2,8,5,4,-1,
#moving_targetting_pos=26,6|26,16|16,6|6,16|6,26|26,26|16,26|16,16|12,1|
#setting_targetting_pos=-1,-1|-1,-1|-1,-1|-1,-1|-1,-1|-1,-1|-1,-1|-1,-1|12,29|
#type=4,4,4,4,4,4,4,4,0,
.........
#1111111111
#assigned_pet=-1,-1,-1,-1,-1,-1,-1,-1,-1,
#assigned_hub=6,7,3,1,2,8,5,4,-1,
#moving_targetting_pos=26,6|26,16|16,6|6,16|6,26|26,26|16,26|16,16|12,1|
#setting_targetting_pos=-1,-1|-1,-1|-1,-1|-1,-1|-1,-1|-1,-1|-1,-1|-1,-1|12,29|
#type=4,4,4,4,4,4,4,4,0,
.........
#1111111111
#assigned_pet=-1,-1,-1,-1,-1,-1,-1,-1,-1,
#assigned_hub=6,7,3,1,2,8,5,4,-1,
#moving_targetting_pos=26,6|26,16|16,6|6,16|6,26|26,26|16,26|16,16|12,1|
#setting_targetting_pos=-1,-1|-1,-1|-1,-1|-1,-1|-1,-1|-1,-1|-1,-1|-1,-1|12,29|
#type=4,4,4,4,4,4,4,4,0,
.........
#1111111111
#assigned_pet=-1,-1,-1,-1,-1,-1,-1,-1,-1,
#assigned_hub=6,7,3,1,2,8,5,4,-1,
#moving_targetting_pos=26,6|26,16|16,6|6,16|6,26|26,26|16,26|16,16|12,1|
#setting_targetting_pos=-1,-1|-1,-1|-1,-1|-1,-1|-1,-1|-1,-1|-1,-1|-1,-1|12,29|
#type=4,4,4,4,4,4,4,4,0,
.........
#1111111111
#assigned_pet=-1,-1,-1,-1,-1,-1,-1,-1,-1,
#assigned_hub=6,7,3,1,2,8,5,4,-1,
#moving_targetting_pos=26,6|26,16|16,6|6,16|6,26|26,26|16,26|16,16|12,1|
#setting_targetting_pos=-1,-1|-1,-1|-1,-1|-1,-1|-1,-1|-1,-1|-1,-1|-1,-1|12,29|
#type=4,4,4,4,4,4,4,4,0,
.........
#1111111111
#assigned_pet=-1,-1,-1,-1,-1,-1,-1,-1,-1,
#assigned_hub=6,7,3,1,2,8,5,4,-1,
#moving_targetting_pos=26,6|26,16|16,6|6,16|6,26|26,26|16,26|16,16|12,1|
#setting_targetting_pos=-1,-1|-1,-1|-1,-1|-1,-1|-1,-1|-1,-1|-1,-1|-1,-1|12,29|
#type=4,4,4,4,4,4,4,4,0,
.........
#1111111111
#assigned_pet=-1,-1,-1,-1,-1,-1,-1,-1,-1,
#assigned_hub=6,7,3,1,2,8,5,4,-1,
#moving_targetting_pos=26,6|26,16|16,6|6,16|6,26|26,26|16,26|16,16|12,1|
#setting_targetting_pos=-1,-1|-1,-1|-1,-1|-1,-1|-1,-1|-1,-1|-1,-1|-1,-1|12,29|
#type=4,4,4,4,4,4,4,4,0,
.........
#1111111111
#assigned_pet=-1,-1,-1,-1,-1,-1,-1,-1,-1,
#assigned_hub=6,7,3,1,2,8,5,4,-1,
#moving_targetting_pos=26,6|26,16|16,6|6,16|6,26|26,26|16,26|16,16|12,1|
#setting_targetting_pos=-1,-1|-1,-1|-1,-1|-1,-1|-1,-1|-1,-1|-1,-1|-1,-1|12,29|
#type=4,4,4,4,4,4,4,4,0,
.........
#1111111111
#assigned_pet=-1,-1,-1,-1,-1,-1,-1,-1,-1,
#assigned_hub=6,7,3,1,2,8,5,4,-1,
#moving_targetting_pos=26,6|26,16|16,6|6,16|6,26|26,26|16,26|16,16|12,1|
#setting_targetting_pos=-1,-1|-1,-1|-1,-1|-1,-1|-1,-1|-1,-1|-1,-1|-1,-1|12,29|
#type=4,4,4,4,4,4,4,4,0,
.........
#1111111111
#assigned_pet=-1,-1,-1,-1,-1,-1,-1,-1,-1,
#assigned_hub=6,7,3,1,2,8,5,4,-1,
#moving_targetting_pos=26,6|26,16|16,6|6,16|6,26|26,26|16,26|16,16|12,1|
#setting_targetting_pos=-1,-1|-1,-1|-1,-1|-1,-1|-1,-1|-1,-1|-1,-1|-1,-1|12,29|
#type=4,4,4,4,4,4,4,4,0,
.........
#1111111111
#assigned_pet=-1,-1,-1,-1,-1,-1,-1,-1,-1,
#assigned_hub=6,7,3,1,2,8,5,4,-1,
#moving_targetting_pos=26,6|26,16|16,6|6,16|6,26|26,26|16,26|16,16|12,1|
#setting_targetting_pos=-1,-1|-1,-1|-1,-1|-1,-1|-1,-1|-1,-1|-1,-1|-1,-1|12,29|
#type=4,4,4,4,4,4,4,4,0,
.........
#1111111111
#assigned_pet=-1,-1,-1,-1,-1,-1,-1,-1,-1,
#assigned_hub=6,7,3,1,2,8,5,4,-1,
#moving_targetting_pos=26,6|26,16|16,6|6,16|6,26|26,26|16,26|16,16|12,1|
#setting_targetting_pos=-1,-1|-1,-1|-1,-1|-1,-1|-1,-1|-1,-1|-1,-1|-1,-1|12,29|
#type=4,4,4,4,4,4,4,4,0,
.........
#1111111111
#assigned_pet=-1,-1,-1,-1,-1,-1,-1,-1,-1,
#assigned_hub=6,7,3,1,2,8,5,4,-1,
#moving_targetting_pos=26,6|26,16|16,6|6,16|6,26|26,26|16,26|16,16|12,1|
#setting_targetting_pos=-1,-1|-1,-1|-1,-1|-1,-1|-1,-1|-1,-1|-1,-1|-1,-1|12,29|
#type=4,4,4,4,4,4,4,4,0,
.........
#1111111111
#assigned_pet=-1,-1,-1,-1,-1,-1,-1,-1,-1,
#assigned_hub=6,7,3,1,2,8,5,4,-1,
#moving_targetting_pos=26,6|26,16|16,6|6,16|6,26|26,26|16,26|16,16|12,1|
#setting_targetting_pos=-1,-1|-1,-1|-1,-1|-1,-1|-1,-1|-1,-1|-1,-1|-1,-1|12,29|
#type=4,4,4,4,4,4,4,4,0,
.........
#1111111111
#assigned_pet=-1,-1,-1,-1,-1,-1,-1,-1,-1,
#assigned_hub=6,7,3,1,2,8,5,4,-1,
#moving_targetting_pos=26,6|26,16|16,6|6,16|6,26|26,26|16,26|16,16|12,1|
#setting_targetting_pos=-1,-1|-1,-1|-1,-1|-1,-1|-1,-1|-1,-1|-1,-1|-1,-1|12,29|
#type=4,4,4,4,4,4,4,4,0,
.........
#1111111111
#assigned_pet=-1,-1,-1,-1,-1,-1,-1,-1,-1,
#assigned_hub=6,7,3,1,2,8,5,4,-1,
#moving_targetting_pos=26,6|26,16|16,6|6,16|6,26|26,26|16,26|16,16|12,1|
#setting_targetting_pos=-1,-1|-1,-1|-1,-1|-1,-1|-1,-1|-1,-1|-1,-1|-1,-1|12,29|
#type=4,4,4,4,4,4,4,4,0,
.........
#1111111111
#assigned_pet=-1,-1,-1,-1,-1,-1,-1,-1,-1,
#assigned_hub=6,7,3,1,2,8,5,4,-1,
#moving_targetting_pos=26,6|26,16|16,6|6,16|6,26|26,26|16,26|16,16|12,1|
#setting_targetting_pos=-1,-1|-1,-1|-1,-1|-1,-1|-1,-1|-1,-1|-1,-1|-1,-1|12,29|
#type=4,4,4,4,4,4,4,4,0,
.........
#1111111111
#assigned_pet=-1,-1,-1,-1,-1,-1,-1,-1,-1,
#assigned_hub=6,7,3,1,2,8,5,4,-1,
#moving_targetting_pos=26,6|26,16|16,6|6,16|6,26|26,26|16,26|16,16|12,1|
#setting_targetting_pos=-1,-1|-1,-1|-1,-1|-1,-1|-1,-1|-1,-1|-1,-1|-1,-1|12,29|
#type=4,4,4,4,4,4,4,4,0,
.........
#1111111111
#assigned_pet=-1,-1,-1,-1,-1,-1,-1,-1,-1,
#assigned_hub=6,7,3,1,2,8,5,4,-1,
#moving_targetting_pos=26,6|26,16|16,6|6,16|6,26|26,26|16,26|16,16|12,1|
#setting_targetting_pos=-1,-1|-1,-1|-1,-1|-1,-1|-1,-1|-1,-1|-1,-1|-1,-1|12,29|
#type=4,4,4,4,4,4,4,4,0,
.........
#1111111111
#assigned_pet=-1,-1,-1,-1,-1,-1,-1,-1,-1,
#assigned_hub=6,7,3,1,2,8,5,4,-1,
#moving_targetting_pos=26,6|26,16|16,6|6,16|6,26|26,26|16,26|16,16|12,1|
#setting_targetting_pos=-1,-1|-1,-1|-1,-1|-1,-1|-1,-1|-1,-1|-1,-1|-1,-1|12,29|
#type=4,4,4,4,4,4,4,4,0,
.........
#1111111111
#assigned_pet=-1,-1,-1,-1,-1,-1,-1,-1,-1,
#assigned_hub=6,7,3,1,2,8,5,4,-1,
#moving_targetting_pos=26,6|26,16|16,6|6,16|6,26|26,26|16,26|16,16|12,1|
#setting_targetting_pos=-1,-1|-1,-1|-1,-1|-1,-1|-1,-1|-1,-1|-1,-1|-1,-1|12,29|
#type=4,4,4,4,4,4,4,4,0,
.........
#1111111111
#assigned_pet=-1,-1,-1,-1,-1,-1,-1,-1,-1,
#assigned_hub=6,7,3,1,2,8,5,4,-1,
#moving_targetting_pos=26,6|26,16|16,6|6,16|6,26|26,26|16,26|16,16|12,1|
#setting_targetting_pos=-1,-1|-1,-1|-1,-1|-1,-1|-1,-1|-1,-1|-1,-1|-1,-1|12,29|
#type=4,4,4,4,4,4,4,4,0,
.........
#1111111111
#assigned_pet=-1,-1,-1,-1,-1,-1,-1,-1,-1,
#assigned_hub=6,7,3,1,2,8,5,4,-1,
#moving_targetting_pos=26,6|26,16|16,6|6,16|6,26|26,26|16,26|16,16|12,1|
#setting_targetting_pos=-1,-1|-1,-1|-1,-1|-1,-1|-1,-1|-1,-1|-1,-1|-1,-1|12,29|
#type=4,4,4,4,4,4,4,4,0,
.........
#1111111111
#assigned_pet=-1,-1,-1,-1,-1,-1,-1,-1,-1,
#assigned_hub=6,7,3,1,2,8,5,4,-1,
#moving_targetting_pos=26,6|26,16|16,6|6,16|6,26|26,26|16,26|16,16|12,1|
#setting_targetting_pos=-1,-1|-1,-1|-1,-1|-1,-1|-1,-1|-1,-1|-1,-1|-1,-1|12,29|
#type=4,4,4,4,4,4,4,4,0,
.........
#1111111111
#assigned_pet=-1,-1,-1,-1,-1,-1,-1,-1,-1,
#assigned_hub=6,7,3,1,2,8,5,4,-1,
#moving_targetting_pos=26,6|26,16|16,6|6,16|6,26|26,26|16,26|16,16|12,1|
#setting_targetting_pos=-1,-1|-1,-1|-1,-1|-1,-1|-1,-1|-1,-1|-1,-1|-1,-1|12,29|
#type=4,4,4,4,4,4,4,4,0,
.........
#1111111111
#assigned_pet=-1,-1,-1,-1,-1,-1,-1,-1,-1,
#assigned_hub=6,7,3,1,2,8,5,4,-1,
#moving_targetting_pos=26,6|26,16|16,6|6,16|6,26|26,26|16,26|16,16|12,1|
#setting_targetting_pos=-1,-1|-1,-1|-1,-1|-1,-1|-1,-1|-1,-1|-1,-1|-1,-1|12,29|
#type=4,4,4,4,4,4,4,4,0,
.........
#1111111111
#assigned_pet=-1,-1,-1,-1,-1,-1,-1,-1,-1,
#assigned_hub=6,7,3,1,2,8,5,4,-1,
#moving_targetting_pos=26,6|26,16|16,6|6,16|6,26|26,26|16,26|16,16|12,1|
#setting_targetting_pos=-1,-1|-1,-1|-1,-1|-1,-1|-1,-1|-1,-1|-1,-1|-1,-1|12,29|
#type=4,4,4,4,4,4,4,4,0,
.........
#1111111111
#assigned_pet=-1,-1,-1,-1,-1,-1,-1,-1,-1,
#assigned_hub=6,7,3,1,2,8,5,4,-1,
#moving_targetting_pos=26,6|26,16|16,6|6,16|6,26|26,26|16,26|16,16|12,1|
#setting_targetting_pos=-1,-1|-1,-1|-1,-1|-1,-1|-1,-1|-1,-1|-1,-1|-1,-1|12,29|
#type=4,4,4,4,4,4,4,4,0,
.........
#1111111111
#assigned_pet=-1,-1,-1,-1,-1,-1,-1,-1,-1,
#assigned_hub=6,7,3,1,2,8,5,4,-1,
#moving_targetting_pos=26,6|26,16|16,6|6,16|6,26|26,26|16,26|16,16|12,1|
#setting_targetting_pos=-1,-1|-1,-1|-1,-1|-1,-1|-1,-1|-1,-1|-1,-1|-1,-1|12,29|
#type=4,4,4,4,4,4,4,4,0,
.........
#1111111111
#assigned_pet=-1,-1,-1,-1,-1,-1,-1,-1,-1,
#assigned_hub=6,7,3,1,2,8,5,4,-1,
#moving_targetting_pos=26,6|26,16|16,6|6,16|6,26|26,26|16,26|16,16|12,1|
#setting_targetting_pos=-1,-1|-1,-1|-1,-1|-1,-1|-1,-1|-1,-1|-1,-1|-1,-1|12,29|
#type=4,4,4,4,4,4,4,4,0,
.........
#1111111111
#assigned_pet=-1,-1,-1,-1,-1,-1,-1,-1,-1,
#assigned_hub=6,7,3,1,2,8,5,4,-1,
#moving_targetting_pos=26,6|26,16|16,6|6,16|6,26|26,26|16,26|16,16|12,1|
#setting_targetting_pos=-1,-1|-1,-1|-1,-1|-1,-1|-1,-1|-1,-1|-1,-1|-1,-1|12,29|
#type=4,4,4,4,4,4,4,4,0,
.........
#1111111111
#assigned_pet=-1,-1,-1,-1,-1,-1,-1,-1,-1,
#assigned_hub=6,7,3,1,2,8,5,4,-1,
#moving_targetting_pos=26,6|26,16|16,6|6,16|6,26|26,26|16,26|16,16|12,1|
#setting_targetting_pos=-1,-1|-1,-1|-1,-1|-1,-1|-1,-1|-1,-1|-1,-1|-1,-1|12,29|
#type=4,4,4,4,4,4,4,4,0,
.........
#1111111111
#assigned_pet=-1,-1,-1,-1,-1,-1,-1,-1,-1,
#assigned_hub=6,7,3,1,2,8,5,4,-1,
#moving_targetting_pos=26,6|26,16|16,6|6,16|6,26|26,26|16,26|16,16|12,1|
#setting_targetting_pos=-1,-1|-1,-1|-1,-1|-1,-1|-1,-1|-1,-1|-1,-1|-1,-1|12,29|
#type=4,4,4,4,4,4,4,4,0,
.........
#1111111111
#assigned_pet=-1,-1,-1,-1,-1,-1,-1,-1,-1,
#assigned_hub=6,7,3,1,2,8,5,4,-1,
#moving_targetting_pos=26,6|26,16|16,6|6,16|6,26|26,26|16,26|16,16|12,1|
#setting_targetting_pos=-1,-1|-1,-1|-1,-1|-1,-1|-1,-1|-1,-1|-1,-1|-1,-1|12,29|
#type=4,4,4,4,4,4,4,4,0,
.........
#1111111111
#assigned_pet=-1,-1,-1,-1,-1,-1,-1,-1,-1,
#assigned_hub=6,7,3,1,2,8,5,4,-1,
#moving_targetting_pos=26,6|26,16|16,6|6,16|6,26|26,26|16,26|16,16|12,1|
#setting_targetting_pos=-1,-1|-1,-1|-1,-1|-1,-1|-1,-1|-1,-1|-1,-1|-1,-1|12,29|
#type=4,4,4,4,4,4,4,4,0,
.........
#1111111111
#assigned_pet=-1,-1,-1,-1,-1,-1,-1,-1,-1,
#assigned_hub=6,7,3,1,2,8,5,4,-1,
#moving_targetting_pos=26,6|26,16|16,6|6,16|6,26|26,26|16,26|16,16|12,1|
#setting_targetting_pos=-1,-1|-1,-1|-1,-1|-1,-1|-1,-1|-1,-1|-1,-1|-1,-1|12,29|
#type=4,4,4,4,4,4,4,4,0,
.........
#1111111111
#assigned_pet=-1,-1,-1,-1,-1,-1,-1,-1,-1,
#assigned_hub=6,7,3,1,2,8,5,4,-1,
#moving_targetting_pos=26,6|26,16|16,6|6,16|6,26|26,26|16,26|16,16|12,1|
#setting_targetting_pos=-1,-1|-1,-1|-1,-1|-1,-1|-1,-1|-1,-1|-1,-1|-1,-1|12,29|
#type=4,4,4,4,4,4,4,4,0,
.........
#1111111111
#assigned_pet=-1,-1,-1,-1,-1,-1,-1,-1,-1,
#assigned_hub=6,7,3,1,2,8,5,4,-1,
#moving_targetting_pos=26,6|26,16|16,6|6,16|6,26|26,26|16,26|16,16|12,1|
#setting_targetting_pos=-1,-1|-1,-1|-1,-1|-1,-1|-1,-1|-1,-1|-1,-1|-1,-1|12,29|
#type=4,4,4,4,4,4,4,4,0,
.........
#1111111111
#assigned_pet=-1,-1,-1,-1,-1,-1,-1,-1,-1,
#assigned_hub=6,7,3,1,2,8,5,4,-1,
#moving_targetting_pos=26,6|26,16|16,6|6,16|6,26|26,26|16,26|16,16|12,1|
#setting_targetting_pos=-1,-1|-1,-1|-1,-1|-1,-1|-1,-1|-1,-1|-1,-1|-1,-1|12,29|
#type=4,4,4,4,4,4,4,4,0,
.........
#1111111111
#assigned_pet=-1,-1,-1,-1,-1,-1,-1,-1,-1,
#assigned_hub=6,7,3,1,2,8,5,4,-1,
#moving_targetting_pos=26,6|26,16|16,6|6,16|6,26|26,26|16,26|16,16|12,1|
#setting_targetting_pos=-1,-1|-1,-1|-1,-1|-1,-1|-1,-1|-1,-1|-1,-1|-1,-1|12,29|
#type=4,4,4,4,4,4,4,4,0,
.........
#1111111111
#assigned_pet=-1,-1,-1,-1,-1,-1,-1,-1,-1,
#assigned_hub=6,7,3,1,2,8,5,4,-1,
#moving_targetting_pos=26,6|26,16|16,6|6,16|6,26|26,26|16,26|16,16|12,1|
#setting_targetting_pos=-1,-1|-1,-1|-1,-1|-1,-1|-1,-1|-1,-1|-1,-1|-1,-1|12,29|
#type=4,4,4,4,4,4,4,4,0,
.........
#1111111111
#assigned_pet=-1,-1,-1,-1,-1,-1,-1,-1,-1,
#assigned_hub=6,7,3,1,2,8,5,4,-1,
#moving_targetting_pos=26,6|26,16|16,6|6,16|6,26|26,26|16,26|16,16|12,1|
#setting_targetting_pos=-1,-1|-1,-1|-1,-1|-1,-1|-1,-1|-1,-1|-1,-1|-1,-1|12,29|
#type=4,4,4,4,4,4,4,4,0,
.........
#1111111111
#assigned_pet=-1,-1,-1,-1,-1,-1,-1,-1,-1,
#assigned_hub=6,7,3,1,2,8,5,4,-1,
#moving_targetting_pos=26,6|26,16|16,6|6,16|6,26|26,26|16,26|16,16|12,1|
#setting_targetting_pos=-1,-1|-1,-1|-1,-1|-1,-1|-1,-1|-1,-1|-1,-1|-1,-1|12,29|
#type=4,4,4,4,4,4,4,4,0,
.........
#1111111111
#assigned_pet=-1,-1,-1,-1,-1,-1,-1,-1,-1,
#assigned_hub=6,7,3,1,2,8,5,4,-1,
#moving_targetting_pos=26,6|26,16|16,6|6,16|6,26|26,26|16,26|16,16|12,1|
#setting_targetting_pos=-1,-1|-1,-1|-1,-1|-1,-1|-1,-1|-1,-1|-1,-1|-1,-1|12,29|
#type=4,4,4,4,4,4,4,4,0,
.........
#1111111111
#assigned_pet=-1,-1,-1,-1,-1,-1,-1,-1,-1,
#assigned_hub=6,7,3,1,2,8,5,4,-1,
#moving_targetting_pos=26,6|26,16|16,6|6,16|6,26|26,26|16,26|16,16|12,1|
#setting_targetting_pos=-1,-1|-1,-1|-1,-1|-1,-1|-1,-1|-1,-1|-1,-1|-1,-1|12,29|
#type=4,4,4,4,4,4,4,4,0,
.........
#1111111111
#assigned_pet=-1,-1,-1,-1,-1,-1,-1,-1,-1,
#assigned_hub=6,7,3,1,2,8,5,4,-1,
#moving_targetting_pos=26,6|26,16|16,6|6,16|6,26|26,26|16,26|16,16|12,1|
#setting_targetting_pos=-1,-1|-1,-1|-1,-1|-1,-1|-1,-1|-1,-1|-1,-1|-1,-1|12,29|
#type=4,4,4,4,4,4,4,4,0,
.........
#1111111111
#assigned_pet=-1,-1,-1,-1,-1,-1,-1,-1,-1,
#assigned_hub=6,7,3,1,2,8,5,4,-1,
#moving_targetting_pos=26,6|26,16|16,6|6,16|6,26|26,26|16,26|16,16|12,1|
#setting_targetting_pos=-1,-1|-1,-1|-1,-1|-1,-1|-1,-1|-1,-1|-1,-1|-1,-1|12,29|
#type=4,4,4,4,4,4,4,4,0,
.........
#1111111111
#assigned_pet=-1,-1,-1,-1,-1,-1,-1,-1,-1,
#assigned_hub=6,7,3,1,2,8,5,4,-1,
#moving_targetting_pos=26,6|26,16|16,6|6,16|6,26|26,26|16,26|16,16|12,1|
#setting_targetting_pos=-1,-1|-1,-1|-1,-1|-1,-1|-1,-1|-1,-1|-1,-1|-1,-1|12,29|
#type=4,4,4,4,4,4,4,4,0,
.........
#1111111111
#assigned_pet=-1,-1,-1,-1,-1,-1,-1,-1,-1,
#assigned_hub=6,7,3,1,2,8,5,4,-1,
#moving_targetting_pos=26,6|26,16|16,6|6,16|6,26|26,26|16,26|16,16|12,1|
#setting_targetting_pos=-1,-1|-1,-1|-1,-1|-1,-1|-1,-1|-1,-1|-1,-1|-1,-1|12,29|
#type=4,4,4,4,4,4,4,4,0,
.........
#1111111111
#assigned_pet=-1,-1,-1,-1,-1,-1,-1,-1,-1,
#assigned_hub=6,7,3,1,2,8,5,4,-1,
#moving_targetting_pos=26,6|26,16|16,6|6,16|6,26|26,26|16,26|16,16|12,1|
#setting_targetting_pos=-1,-1|-1,-1|-1,-1|-1,-1|-1,-1|-1,-1|-1,-1|-1,-1|12,29|
#type=4,4,4,4,4,4,4,4,0,
.........
#1111111111
#assigned_pet=-1,-1,-1,-1,-1,-1,-1,-1,-1,
#assigned_hub=6,7,3,1,2,8,5,4,-1,
#moving_targetting_pos=26,6|26,16|16,6|6,16|6,26|26,26|16,26|16,16|12,1|
#setting_targetting_pos=-1,-1|-1,-1|-1,-1|-1,-1|-1,-1|-1,-1|-1,-1|-1,-1|12,29|
#type=4,4,4,4,4,4,4,4,0,
.........
#1111111111
#assigned_pet=-1,-1,-1,-1,-1,-1,-1,-1,-1,
#assigned_hub=6,7,3,1,2,8,5,4,-1,
#moving_targetting_pos=26,6|26,16|16,6|6,16|6,26|26,26|16,26|16,16|12,1|
#setting_targetting_pos=-1,-1|-1,-1|-1,-1|-1,-1|-1,-1|-1,-1|-1,-1|-1,-1|12,29|
#type=4,4,4,4,4,4,4,4,0,
.........
#1111111111
#assigned_pet=-1,-1,-1,-1,-1,-1,-1,-1,-1,
#assigned_hub=6,7,3,1,2,8,5,4,-1,
#moving_targetting_pos=26,6|26,16|16,6|6,16|6,26|26,26|16,26|16,16|12,1|
#setting_targetting_pos=-1,-1|-1,-1|-1,-1|-1,-1|-1,-1|-1,-1|-1,-1|-1,-1|12,29|
#type=4,4,4,4,4,4,4,4,0,
.........
#1111111111
#assigned_pet=-1,-1,-1,-1,-1,-1,-1,-1,-1,
#assigned_hub=6,7,3,1,2,8,5,4,-1,
#moving_targetting_pos=26,6|26,16|16,6|6,16|6,26|26,26|16,26|16,16|12,1|
#setting_targetting_pos=-1,-1|-1,-1|-1,-1|-1,-1|-1,-1|-1,-1|-1,-1|-1,-1|12,29|
#type=4,4,4,4,4,4,4,4,0,
.........
#1111111111
#assigned_pet=-1,-1,-1,-1,-1,-1,-1,-1,-1,
#assigned_hub=6,7,3,1,2,8,5,4,-1,
#moving_targetting_pos=26,6|26,16|16,6|6,16|6,26|26,26|16,26|16,16|12,1|
#setting_targetting_pos=-1,-1|-1,-1|-1,-1|-1,-1|-1,-1|-1,-1|-1,-1|-1,-1|12,29|
#type=4,4,4,4,4,4,4,4,0,
.........
#1111111111
#assigned_pet=-1,-1,-1,-1,-1,-1,-1,-1,-1,
#assigned_hub=6,7,3,1,2,8,5,4,-1,
#moving_targetting_pos=26,6|26,16|16,6|6,16|6,26|26,26|16,26|16,16|12,1|
#setting_targetting_pos=-1,-1|-1,-1|-1,-1|-1,-1|-1,-1|-1,-1|-1,-1|-1,-1|12,29|
#type=4,4,4,4,4,4,4,4,0,
.........
#1111111111
#assigned_pet=-1,-1,-1,-1,-1,-1,-1,-1,-1,
#assigned_hub=6,7,3,1,2,8,5,4,-1,
#moving_targetting_pos=26,6|26,16|16,6|6,16|6,26|26,26|16,26|16,16|12,1|
#setting_targetting_pos=-1,-1|-1,-1|-1,-1|-1,-1|-1,-1|-1,-1|-1,-1|-1,-1|12,29|
#type=4,4,4,4,4,4,4,4,0,
.........
#1111111111
#assigned_pet=-1,-1,-1,-1,-1,-1,-1,-1,-1,
#assigned_hub=6,7,3,1,2,8,5,4,-1,
#moving_targetting_pos=26,6|26,16|16,6|6,16|6,26|26,26|16,26|16,16|12,1|
#setting_targetting_pos=-1,-1|-1,-1|-1,-1|-1,-1|-1,-1|-1,-1|-1,-1|-1,-1|12,29|
#type=4,4,4,4,4,4,4,4,0,
.........
#1111111111
#assigned_pet=-1,-1,-1,-1,-1,-1,-1,-1,-1,
#assigned_hub=6,7,3,1,2,8,5,4,-1,
#moving_targetting_pos=26,6|26,16|16,6|6,16|6,26|26,26|16,26|16,16|12,1|
#setting_targetting_pos=-1,-1|-1,-1|-1,-1|-1,-1|-1,-1|-1,-1|-1,-1|-1,-1|12,29|
#type=4,4,4,4,4,4,4,4,0,
.........
#1111111111
#assigned_pet=-1,-1,-1,-1,-1,-1,-1,-1,-1,
#assigned_hub=6,7,3,1,2,8,5,4,-1,
#moving_targetting_pos=26,6|26,16|16,6|6,16|6,26|26,26|16,26|16,16|12,1|
#setting_targetting_pos=-1,-1|-1,-1|-1,-1|-1,-1|-1,-1|-1,-1|-1,-1|-1,-1|12,29|
#type=4,4,4,4,4,4,4,4,0,
.........
#1111111111
#assigned_pet=-1,-1,-1,-1,-1,-1,-1,-1,-1,
#assigned_hub=6,7,3,1,2,8,5,4,-1,
#moving_targetting_pos=26,6|26,16|16,6|6,16|6,26|26,26|16,26|16,16|12,1|
#setting_targetting_pos=-1,-1|-1,-1|-1,-1|-1,-1|-1,-1|-1,-1|-1,-1|-1,-1|12,29|
#type=4,4,4,4,4,4,4,4,0,
.........
#1111111111
#assigned_pet=-1,-1,-1,-1,-1,-1,-1,-1,-1,
#assigned_hub=6,7,3,1,2,8,5,4,-1,
#moving_targetting_pos=26,6|26,16|16,6|6,16|6,26|26,26|16,26|16,16|12,1|
#setting_targetting_pos=-1,-1|-1,-1|-1,-1|-1,-1|-1,-1|-1,-1|-1,-1|-1,-1|12,29|
#type=4,4,4,4,4,4,4,4,0,
.........
#1111111111
#assigned_pet=-1,-1,-1,-1,-1,-1,-1,-1,-1,
#assigned_hub=6,7,3,1,2,8,5,4,-1,
#moving_targetting_pos=26,6|26,16|16,6|6,16|6,26|26,26|16,26|16,16|12,1|
#setting_targetting_pos=-1,-1|-1,-1|-1,-1|-1,-1|-1,-1|-1,-1|-1,-1|-1,-1|12,29|
#type=4,4,4,4,4,4,4,4,0,
.........
#1111111111
#assigned_pet=-1,-1,-1,-1,-1,-1,-1,-1,-1,
#assigned_hub=6,7,3,1,2,8,5,4,-1,
#moving_targetting_pos=26,6|26,16|16,6|6,16|6,26|26,26|16,26|16,16|12,1|
#setting_targetting_pos=-1,-1|-1,-1|-1,-1|-1,-1|-1,-1|-1,-1|-1,-1|-1,-1|12,29|
#type=4,4,4,4,4,4,4,4,0,
.........
#1111111111
#assigned_pet=-1,-1,-1,-1,-1,-1,-1,-1,-1,
#assigned_hub=6,7,3,1,2,8,5,4,-1,
#moving_targetting_pos=26,6|26,16|16,6|6,16|6,26|26,26|16,26|16,16|12,1|
#setting_targetting_pos=-1,-1|-1,-1|-1,-1|-1,-1|-1,-1|-1,-1|-1,-1|-1,-1|12,29|
#type=4,4,4,4,4,4,4,4,0,
.........
#1111111111
#assigned_pet=-1,-1,-1,-1,-1,-1,-1,-1,-1,
#assigned_hub=6,7,3,1,2,8,5,4,-1,
#moving_targetting_pos=26,6|26,16|16,6|6,16|6,26|26,26|16,26|16,16|12,1|
#setting_targetting_pos=-1,-1|-1,-1|-1,-1|-1,-1|-1,-1|-1,-1|-1,-1|-1,-1|12,29|
#type=4,4,4,4,4,4,4,4,0,
.........
#1111111111
#assigned_pet=-1,-1,-1,-1,-1,-1,-1,-1,-1,
#assigned_hub=6,7,3,1,2,8,5,4,-1,
#moving_targetting_pos=26,6|26,16|16,6|6,16|6,26|26,26|16,26|16,16|12,1|
#setting_targetting_pos=-1,-1|-1,-1|-1,-1|-1,-1|-1,-1|-1,-1|-1,-1|-1,-1|12,29|
#type=4,4,4,4,4,4,4,4,0,
.........
#1111111111
#assigned_pet=-1,-1,-1,-1,-1,-1,-1,-1,-1,
#assigned_hub=6,7,3,1,2,8,5,4,-1,
#moving_targetting_pos=26,6|26,16|16,6|6,16|6,26|26,26|16,26|16,16|12,1|
#setting_targetting_pos=-1,-1|-1,-1|-1,-1|-1,-1|-1,-1|-1,-1|-1,-1|-1,-1|12,29|
#type=4,4,4,4,4,4,4,4,0,
.........
#1111111111
#assigned_pet=-1,-1,-1,-1,-1,-1,-1,-1,-1,
#assigned_hub=6,7,3,1,2,8,5,4,-1,
#moving_targetting_pos=26,6|26,16|16,6|6,16|6,26|26,26|16,26|16,16|12,1|
#setting_targetting_pos=-1,-1|-1,-1|-1,-1|-1,-1|-1,-1|-1,-1|-1,-1|-1,-1|12,29|
#type=4,4,4,4,4,4,4,4,0,
.........
#1111111111
#assigned_pet=-1,-1,-1,-1,-1,-1,-1,-1,-1,
#assigned_hub=6,7,3,1,2,8,5,4,-1,
#moving_targetting_pos=26,6|26,16|16,6|6,16|6,26|26,26|16,26|16,16|12,1|
#setting_targetting_pos=-1,-1|-1,-1|-1,-1|-1,-1|-1,-1|-1,-1|-1,-1|-1,-1|12,29|
#type=4,4,4,4,4,4,4,4,0,
.........
#1111111111
#assigned_pet=-1,-1,-1,-1,-1,-1,-1,-1,-1,
#assigned_hub=6,7,3,1,2,8,5,4,-1,
#moving_targetting_pos=26,6|26,16|16,6|6,16|6,26|26,26|16,26|16,16|12,1|
#setting_targetting_pos=-1,-1|-1,-1|-1,-1|-1,-1|-1,-1|-1,-1|-1,-1|-1,-1|12,29|
#type=4,4,4,4,4,4,4,4,0,
.........
#1111111111
#assigned_pet=-1,-1,-1,-1,-1,-1,-1,-1,-1,
#assigned_hub=6,7,3,1,2,8,5,4,-1,
#moving_targetting_pos=26,6|26,16|16,6|6,16|6,26|26,26|16,26|16,16|12,1|
#setting_targetting_pos=-1,-1|-1,-1|-1,-1|-1,-1|-1,-1|-1,-1|-1,-1|-1,-1|12,29|
#type=4,4,4,4,4,4,4,4,0,
.........
#1111111111
#assigned_pet=-1,-1,-1,-1,-1,-1,-1,-1,-1,
#assigned_hub=6,7,3,1,2,8,5,4,-1,
#moving_targetting_pos=26,6|26,16|16,6|6,16|6,26|26,26|16,26|16,16|12,1|
#setting_targetting_pos=-1,-1|-1,-1|-1,-1|-1,-1|-1,-1|-1,-1|-1,-1|-1,-1|12,29|
#type=4,4,4,4,4,4,4,4,0,
.........
#1111111111
#assigned_pet=-1,-1,-1,-1,-1,-1,-1,-1,-1,
#assigned_hub=6,7,3,1,2,8,5,4,-1,
#moving_targetting_pos=26,6|26,16|16,6|6,16|6,26|26,26|16,26|16,16|12,1|
#setting_targetting_pos=-1,-1|-1,-1|-1,-1|-1,-1|-1,-1|-1,-1|-1,-1|-1,-1|12,29|
#type=4,4,4,4,4,4,4,4,0,
.........
#1111111111
#assigned_pet=-1,-1,-1,-1,-1,-1,-1,-1,-1,
#assigned_hub=6,7,3,1,2,8,5,4,-1,
#moving_targetting_pos=26,6|26,16|16,6|6,16|6,26|26,26|16,26|16,16|12,1|
#setting_targetting_pos=-1,-1|-1,-1|-1,-1|-1,-1|-1,-1|-1,-1|-1,-1|-1,-1|12,29|
#type=4,4,4,4,4,4,4,4,0,
.........
#1111111111
#assigned_pet=-1,-1,-1,-1,-1,-1,-1,-1,-1,
#assigned_hub=6,7,3,1,2,8,5,4,-1,
#moving_targetting_pos=26,6|26,16|16,6|6,16|6,26|26,26|16,26|16,16|12,1|
#setting_targetting_pos=-1,-1|-1,-1|-1,-1|-1,-1|-1,-1|-1,-1|-1,-1|-1,-1|12,29|
#type=4,4,4,4,4,4,4,4,0,
.........
#1111111111
#assigned_pet=-1,-1,-1,-1,-1,-1,-1,-1,-1,
#assigned_hub=6,7,3,1,2,8,5,4,-1,
#moving_targetting_pos=26,6|26,16|16,6|6,16|6,26|26,26|16,26|16,16|12,1|
#setting_targetting_pos=-1,-1|-1,-1|-1,-1|-1,-1|-1,-1|-1,-1|-1,-1|-1,-1|12,29|
#type=4,4,4,4,4,4,4,4,0,
.........
#1111111111
#assigned_pet=-1,-1,-1,-1,-1,-1,-1,-1,-1,
#assigned_hub=6,7,3,1,2,8,5,4,-1,
#moving_targetting_pos=26,6|26,16|16,6|6,16|6,26|26,26|16,26|16,16|12,1|
#setting_targetting_pos=-1,-1|-1,-1|-1,-1|-1,-1|-1,-1|-1,-1|-1,-1|-1,-1|12,29|
#type=4,4,4,4,4,4,4,4,0,
.........
#1111111111
#assigned_pet=-1,-1,-1,-1,-1,-1,-1,-1,-1,
#assigned_hub=6,7,3,1,2,8,5,4,-1,
#moving_targetting_pos=26,6|26,16|16,6|6,16|6,26|26,26|16,26|16,16|12,1|
#setting_targetting_pos=-1,-1|-1,-1|-1,-1|-1,-1|-1,-1|-1,-1|-1,-1|-1,-1|12,29|
#type=4,4,4,4,4,4,4,4,0,
.........
#1111111111
#assigned_pet=-1,-1,-1,-1,-1,-1,-1,-1,-1,
#assigned_hub=6,7,3,1,2,8,5,4,-1,
#moving_targetting_pos=26,6|26,16|16,6|6,16|6,26|26,26|16,26|16,16|12,1|
#setting_targetting_pos=-1,-1|-1,-1|-1,-1|-1,-1|-1,-1|-1,-1|-1,-1|-1,-1|12,29|
#type=4,4,4,4,4,4,4,4,0,
.........
#1111111111
#assigned_pet=-1,-1,-1,-1,-1,-1,-1,-1,-1,
#assigned_hub=6,7,3,1,2,8,5,4,-1,
#moving_targetting_pos=26,6|26,16|16,6|6,16|6,26|26,26|16,26|16,16|12,1|
#setting_targetting_pos=-1,-1|-1,-1|-1,-1|-1,-1|-1,-1|-1,-1|-1,-1|-1,-1|12,29|
#type=4,4,4,4,4,4,4,4,0,
.........
#1111111111
#assigned_pet=-1,-1,-1,-1,-1,-1,-1,-1,-1,
#assigned_hub=6,7,3,1,2,8,5,4,-1,
#moving_targetting_pos=26,6|26,16|16,6|6,16|6,26|26,26|16,26|16,16|12,1|
#setting_targetting_pos=-1,-1|-1,-1|-1,-1|-1,-1|-1,-1|-1,-1|-1,-1|-1,-1|12,29|
#type=4,4,4,4,4,4,4,4,0,
.........
#1111111111
#assigned_pet=-1,-1,-1,-1,-1,-1,-1,-1,-1,
#assigned_hub=6,7,3,1,2,8,5,4,-1,
#moving_targetting_pos=26,6|26,16|16,6|6,16|6,26|26,26|16,26|16,16|12,1|
#setting_targetting_pos=-1,-1|-1,-1|-1,-1|-1,-1|-1,-1|-1,-1|-1,-1|-1,-1|12,29|
#type=4,4,4,4,4,4,4,4,0,
.........
#1111111111
#assigned_pet=-1,-1,-1,-1,-1,-1,-1,-1,-1,
#assigned_hub=6,7,3,1,2,8,5,4,-1,
#moving_targetting_pos=26,6|26,16|16,6|6,16|6,26|26,26|16,26|16,16|12,1|
#setting_targetting_pos=-1,-1|-1,-1|-1,-1|-1,-1|-1,-1|-1,-1|-1,-1|-1,-1|12,29|
#type=4,4,4,4,4,4,4,4,0,
.........
#1111111111
#assigned_pet=-1,-1,-1,-1,-1,-1,-1,-1,-1,
#assigned_hub=6,7,3,1,2,8,5,4,-1,
#moving_targetting_pos=26,6|26,16|16,6|6,16|6,26|26,26|16,26|16,16|12,1|
#setting_targetting_pos=-1,-1|-1,-1|-1,-1|-1,-1|-1,-1|-1,-1|-1,-1|-1,-1|12,29|
#type=4,4,4,4,4,4,4,4,0,
.........
#1111111111
#assigned_pet=-1,-1,-1,-1,-1,-1,-1,-1,-1,
#assigned_hub=6,7,3,1,2,8,5,4,-1,
#moving_targetting_pos=26,6|26,16|16,6|6,16|6,26|26,26|16,26|16,16|12,1|
#setting_targetting_pos=-1,-1|-1,-1|-1,-1|-1,-1|-1,-1|-1,-1|-1,-1|-1,-1|12,29|
#type=4,4,4,4,4,4,4,4,0,
.........
#1111111111
#assigned_pet=-1,-1,-1,-1,-1,-1,-1,-1,-1,
#assigned_hub=6,7,3,1,2,8,5,4,-1,
#moving_targetting_pos=26,6|26,16|16,6|6,16|6,26|26,26|16,26|16,16|12,1|
#setting_targetting_pos=-1,-1|-1,-1|-1,-1|-1,-1|-1,-1|-1,-1|-1,-1|-1,-1|12,29|
#type=4,4,4,4,4,4,4,4,0,
.........
#1111111111
#assigned_pet=-1,-1,-1,-1,-1,-1,-1,-1,-1,
#assigned_hub=6,7,3,1,2,8,5,4,-1,
#moving_targetting_pos=26,6|26,16|16,6|6,16|6,26|26,26|16,26|16,16|12,1|
#setting_targetting_pos=-1,-1|-1,-1|-1,-1|-1,-1|-1,-1|-1,-1|-1,-1|-1,-1|12,29|
#type=4,4,4,4,4,4,4,4,0,
.........
#1111111111
#assigned_pet=-1,-1,-1,-1,-1,-1,-1,-1,-1,
#assigned_hub=6,7,3,1,2,8,5,4,-1,
#moving_targetting_pos=26,6|26,16|16,6|6,16|6,26|26,26|16,26|16,16|12,1|
#setting_targetting_pos=-1,-1|-1,-1|-1,-1|-1,-1|-1,-1|-1,-1|-1,-1|-1,-1|12,29|
#type=4,4,4,4,4,4,4,4,0,
.........
#1111111111
#assigned_pet=-1,-1,-1,-1,-1,-1,-1,-1,-1,
#assigned_hub=6,7,3,1,2,8,5,4,-1,
#moving_targetting_pos=26,6|26,16|16,6|6,16|6,26|26,26|16,26|16,16|12,1|
#setting_targetting_pos=-1,-1|-1,-1|-1,-1|-1,-1|-1,-1|-1,-1|-1,-1|-1,-1|12,29|
#type=4,4,4,4,4,4,4,4,0,
.........
#1111111111
#assigned_pet=-1,-1,-1,-1,-1,-1,-1,-1,-1,
#assigned_hub=6,7,3,1,2,8,5,4,-1,
#moving_targetting_pos=26,6|26,16|16,6|6,16|6,26|26,26|16,26|16,16|12,1|
#setting_targetting_pos=-1,-1|-1,-1|-1,-1|-1,-1|-1,-1|-1,-1|-1,-1|-1,-1|12,29|
#type=4,4,4,4,4,4,4,4,0,
.........
#1111111111
#assigned_pet=-1,-1,-1,-1,-1,-1,-1,-1,-1,
#assigned_hub=6,7,3,1,2,8,5,4,-1,
#moving_targetting_pos=26,6|26,16|16,6|6,16|6,26|26,26|16,26|16,16|12,1|
#setting_targetting_pos=-1,-1|-1,-1|-1,-1|-1,-1|-1,-1|-1,-1|-1,-1|-1,-1|12,29|
#type=4,4,4,4,4,4,4,4,0,
.........
#1111111111
#assigned_pet=-1,-1,-1,-1,-1,-1,-1,-1,-1,
#assigned_hub=6,7,3,1,2,8,5,4,-1,
#moving_targetting_pos=26,6|26,16|16,6|6,16|6,26|26,26|16,26|16,16|12,1|
#setting_targetting_pos=-1,-1|-1,-1|-1,-1|-1,-1|-1,-1|-1,-1|-1,-1|-1,-1|12,29|
#type=4,4,4,4,4,4,4,4,0,
.........
#1111111111
#assigned_pet=-1,-1,-1,-1,-1,-1,-1,-1,-1,
#assigned_hub=6,7,3,1,2,8,5,4,-1,
#moving_targetting_pos=26,6|26,16|16,6|6,16|6,26|26,26|16,26|16,16|12,1|
#setting_targetting_pos=-1,-1|-1,-1|-1,-1|-1,-1|-1,-1|-1,-1|-1,-1|-1,-1|12,29|
#type=4,4,4,4,4,4,4,4,0,
.........
#1111111111
#assigned_pet=-1,-1,-1,-1,-1,-1,-1,-1,-1,
#assigned_hub=6,7,3,1,2,8,5,4,-1,
#moving_targetting_pos=26,6|26,16|16,6|6,16|6,26|26,26|16,26|16,16|12,1|
#setting_targetting_pos=-1,-1|-1,-1|-1,-1|-1,-1|-1,-1|-1,-1|-1,-1|-1,-1|12,29|
#type=4,4,4,4,4,4,4,4,0,
.........
#1111111111
#assigned_pet=-1,-1,-1,-1,-1,-1,-1,-1,-1,
#assigned_hub=6,7,3,1,2,8,5,4,-1,
#moving_targetting_pos=26,6|26,16|16,6|6,16|6,26|26,26|16,26|16,16|12,1|
#setting_targetting_pos=-1,-1|-1,-1|-1,-1|-1,-1|-1,-1|-1,-1|-1,-1|-1,-1|12,29|
#type=4,4,4,4,4,4,4,4,0,
.........
#1111111111
#assigned_pet=-1,-1,-1,-1,-1,-1,-1,-1,-1,
#assigned_hub=6,7,3,1,2,8,5,4,-1,
#moving_targetting_pos=26,6|26,16|16,6|6,16|6,26|26,26|16,26|16,16|12,1|
#setting_targetting_pos=-1,-1|-1,-1|-1,-1|-1,-1|-1,-1|-1,-1|-1,-1|-1,-1|12,29|
#type=4,4,4,4,4,4,4,4,0,
.........
#1111111111
#assigned_pet=-1,-1,-1,-1,-1,-1,-1,-1,-1,
#assigned_hub=6,7,3,1,2,8,5,4,-1,
#moving_targetting_pos=26,6|26,16|16,6|6,16|6,26|26,26|16,26|16,16|12,1|
#setting_targetting_pos=-1,-1|-1,-1|-1,-1|-1,-1|-1,-1|-1,-1|-1,-1|-1,-1|12,29|
#type=4,4,4,4,4,4,4,4,0,
.........
#1111111111
#assigned_pet=-1,-1,-1,-1,-1,-1,-1,-1,-1,
#assigned_hub=6,7,3,1,2,8,5,4,-1,
#moving_targetting_pos=26,6|26,16|16,6|6,16|6,26|26,26|16,26|16,16|12,1|
#setting_targetting_pos=-1,-1|-1,-1|-1,-1|-1,-1|-1,-1|-1,-1|-1,-1|-1,-1|12,29|
#type=4,4,4,4,4,4,4,4,0,
.........
#1111111111
#assigned_pet=-1,-1,-1,-1,-1,-1,-1,-1,-1,
#assigned_hub=6,7,3,1,2,8,5,4,-1,
#moving_targetting_pos=26,6|26,16|16,6|6,16|6,26|26,26|16,26|16,16|12,1|
#setting_targetting_pos=-1,-1|-1,-1|-1,-1|-1,-1|-1,-1|-1,-1|-1,-1|-1,-1|12,29|
#type=4,4,4,4,4,4,4,4,0,
.........
#1111111111
#assigned_pet=-1,-1,-1,-1,-1,-1,-1,-1,-1,
#assigned_hub=6,7,3,1,2,8,5,4,-1,
#moving_targetting_pos=26,6|26,16|16,6|6,16|6,26|26,26|16,26|16,16|12,1|
#setting_targetting_pos=-1,-1|-1,-1|-1,-1|-1,-1|-1,-1|-1,-1|-1,-1|-1,-1|12,29|
#type=4,4,4,4,4,4,4,4,0,
.........
#1111111111
#assigned_pet=-1,-1,-1,-1,-1,-1,-1,-1,-1,
#assigned_hub=6,7,3,1,2,8,5,4,-1,
#moving_targetting_pos=26,6|26,16|16,6|6,16|6,26|26,26|16,26|16,16|12,1|
#setting_targetting_pos=-1,-1|-1,-1|-1,-1|-1,-1|-1,-1|-1,-1|-1,-1|-1,-1|12,29|
#type=4,4,4,4,4,4,4,4,0,
.........
#1111111111
#assigned_pet=-1,-1,-1,-1,-1,-1,-1,-1,-1,
#assigned_hub=6,7,3,1,2,8,5,4,-1,
#moving_targetting_pos=26,6|26,16|16,6|6,16|6,26|26,26|16,26|16,16|12,1|
#setting_targetting_pos=-1,-1|-1,-1|-1,-1|-1,-1|-1,-1|-1,-1|-1,-1|-1,-1|12,29|
#type=4,4,4,4,4,4,4,4,0,
.........
#1111111111
#assigned_pet=-1,-1,-1,-1,-1,-1,-1,-1,-1,
#assigned_hub=6,7,3,1,2,8,5,4,-1,
#moving_targetting_pos=26,6|26,16|16,6|6,16|6,26|26,26|16,26|16,16|12,1|
#setting_targetting_pos=-1,-1|-1,-1|-1,-1|-1,-1|-1,-1|-1,-1|-1,-1|-1,-1|12,29|
#type=4,4,4,4,4,4,4,4,0,
.........
#1111111111
#assigned_pet=-1,-1,-1,-1,-1,-1,-1,-1,-1,
#assigned_hub=6,7,3,1,2,8,5,4,-1,
#moving_targetting_pos=26,6|26,16|16,6|6,16|6,26|26,26|16,26|16,16|12,1|
#setting_targetting_pos=-1,-1|-1,-1|-1,-1|-1,-1|-1,-1|-1,-1|-1,-1|-1,-1|12,29|
#type=4,4,4,4,4,4,4,4,0,
.........
#1111111111
#assigned_pet=-1,-1,-1,-1,-1,-1,-1,-1,-1,
#assigned_hub=6,7,3,1,2,8,5,4,-1,
#moving_targetting_pos=26,6|26,16|16,6|6,16|6,26|26,26|16,26|16,16|12,1|
#setting_targetting_pos=-1,-1|-1,-1|-1,-1|-1,-1|-1,-1|-1,-1|-1,-1|-1,-1|12,29|
#type=4,4,4,4,4,4,4,4,0,
.........
#1111111111
#assigned_pet=-1,-1,-1,-1,-1,-1,-1,-1,-1,
#assigned_hub=6,7,3,1,2,8,5,4,-1,
#moving_targetting_pos=26,6|26,16|16,6|6,16|6,26|26,26|16,26|16,16|12,1|
#setting_targetting_pos=-1,-1|-1,-1|-1,-1|-1,-1|-1,-1|-1,-1|-1,-1|-1,-1|12,29|
#type=4,4,4,4,4,4,4,4,0,
.........
#1111111111
#assigned_pet=-1,-1,-1,-1,-1,-1,-1,-1,-1,
#assigned_hub=6,7,3,1,2,8,5,4,-1,
#moving_targetting_pos=26,6|26,16|16,6|6,16|6,26|26,26|16,26|16,16|12,1|
#setting_targetting_pos=-1,-1|-1,-1|-1,-1|-1,-1|-1,-1|-1,-1|-1,-1|-1,-1|12,29|
#type=4,4,4,4,4,4,4,4,0,
.........
#1111111111
#assigned_pet=-1,-1,-1,-1,-1,-1,-1,-1,-1,
#assigned_hub=6,7,3,1,2,8,5,4,-1,
#moving_targetting_pos=26,6|26,16|16,6|6,16|6,26|26,26|16,26|16,16|12,1|
#setting_targetting_pos=-1,-1|-1,-1|-1,-1|-1,-1|-1,-1|-1,-1|-1,-1|-1,-1|12,29|
#type=4,4,4,4,4,4,4,4,0,
.........
#1111111111
#assigned_pet=-1,-1,-1,-1,-1,-1,-1,-1,-1,
#assigned_hub=6,7,3,1,2,8,5,4,-1,
#moving_targetting_pos=26,6|26,16|16,6|6,16|6,26|26,26|16,26|16,16|12,1|
#setting_targetting_pos=-1,-1|-1,-1|-1,-1|-1,-1|-1,-1|-1,-1|-1,-1|-1,-1|12,29|
#type=4,4,4,4,4,4,4,4,0,
.........
#1111111111
#assigned_pet=-1,-1,-1,-1,-1,-1,-1,-1,-1,
#assigned_hub=6,7,3,1,2,8,5,4,-1,
#moving_targetting_pos=26,6|26,16|16,6|6,16|6,26|26,26|16,26|16,16|12,1|
#setting_targetting_pos=-1,-1|-1,-1|-1,-1|-1,-1|-1,-1|-1,-1|-1,-1|-1,-1|12,29|
#type=4,4,4,4,4,4,4,4,0,
.........
#1111111111
#assigned_pet=-1,-1,-1,-1,-1,-1,-1,-1,-1,
#assigned_hub=6,7,3,1,2,8,5,4,-1,
#moving_targetting_pos=26,6|26,16|16,6|6,16|6,26|26,26|16,26|16,16|12,1|
#setting_targetting_pos=-1,-1|-1,-1|-1,-1|-1,-1|-1,-1|-1,-1|-1,-1|-1,-1|12,29|
#type=4,4,4,4,4,4,4,4,0,
.........
#1111111111
#assigned_pet=-1,-1,-1,-1,-1,-1,-1,-1,-1,
#assigned_hub=6,7,3,1,2,8,5,4,-1,
#moving_targetting_pos=26,6|26,16|16,6|6,16|6,26|26,26|16,26|16,16|12,1|
#setting_targetting_pos=-1,-1|-1,-1|-1,-1|-1,-1|-1,-1|-1,-1|-1,-1|-1,-1|12,29|
#type=4,4,4,4,4,4,4,4,0,
.........
#1111111111
#assigned_pet=-1,-1,-1,-1,-1,-1,-1,-1,-1,
#assigned_hub=6,7,3,1,2,8,5,4,-1,
#moving_targetting_pos=26,6|26,16|16,6|6,16|6,26|26,26|16,26|16,16|12,1|
#setting_targetting_pos=-1,-1|-1,-1|-1,-1|-1,-1|-1,-1|-1,-1|-1,-1|-1,-1|12,29|
#type=4,4,4,4,4,4,4,4,0,
.........
#1111111111
#assigned_pet=-1,-1,-1,-1,-1,-1,-1,-1,-1,
#assigned_hub=6,7,3,1,2,8,5,4,-1,
#moving_targetting_pos=26,6|26,16|16,6|6,16|6,26|26,26|16,26|16,16|12,1|
#setting_targetting_pos=-1,-1|-1,-1|-1,-1|-1,-1|-1,-1|-1,-1|-1,-1|-1,-1|12,29|
#type=4,4,4,4,4,4,4,4,0,
.........
#1111111111
#assigned_pet=-1,-1,-1,-1,-1,-1,-1,-1,-1,
#assigned_hub=6,7,3,1,2,8,5,4,-1,
#moving_targetting_pos=26,6|26,16|16,6|6,16|6,26|26,26|16,26|16,16|12,1|
#setting_targetting_pos=-1,-1|-1,-1|-1,-1|-1,-1|-1,-1|-1,-1|-1,-1|-1,-1|12,29|
#type=4,4,4,4,4,4,4,4,0,
.........
#1111111111
#assigned_pet=-1,-1,-1,-1,-1,-1,-1,-1,-1,
#assigned_hub=6,7,3,1,2,8,5,4,-1,
#moving_targetting_pos=26,6|26,16|16,6|6,16|6,26|26,26|16,26|16,16|12,1|
#setting_targetting_pos=-1,-1|-1,-1|-1,-1|-1,-1|-1,-1|-1,-1|-1,-1|-1,-1|12,29|
#type=4,4,4,4,4,4,4,4,0,
.........
#1111111111
#assigned_pet=-1,-1,-1,-1,-1,-1,-1,-1,-1,
#assigned_hub=6,7,3,1,2,8,5,4,-1,
#moving_targetting_pos=26,6|26,16|16,6|6,16|6,26|26,26|16,26|16,16|12,1|
#setting_targetting_pos=-1,-1|-1,-1|-1,-1|-1,-1|-1,-1|-1,-1|-1,-1|-1,-1|12,29|
#type=4,4,4,4,4,4,4,4,0,
.........
#1111111111
#assigned_pet=-1,-1,-1,-1,-1,-1,-1,-1,-1,
#assigned_hub=6,7,3,1,2,8,5,4,-1,
#moving_targetting_pos=26,6|26,16|16,6|6,16|6,26|26,26|16,26|16,16|12,1|
#setting_targetting_pos=-1,-1|-1,-1|-1,-1|-1,-1|-1,-1|-1,-1|-1,-1|-1,-1|12,29|
#type=4,4,4,4,4,4,4,4,0,
.........
#1111111111
#assigned_pet=-1,-1,-1,-1,-1,-1,-1,-1,-1,
#assigned_hub=6,7,3,1,2,8,5,4,-1,
#moving_targetting_pos=26,6|26,16|16,6|6,16|6,26|26,26|16,26|16,16|12,1|
#setting_targetting_pos=-1,-1|-1,-1|-1,-1|-1,-1|-1,-1|-1,-1|-1,-1|-1,-1|12,29|
#type=4,4,4,4,4,4,4,4,0,
.........
#1111111111
#assigned_pet=-1,-1,-1,-1,-1,-1,-1,-1,-1,
#assigned_hub=6,7,3,1,2,8,5,4,-1,
#moving_targetting_pos=26,6|26,16|16,6|6,16|6,26|26,26|16,26|16,16|12,1|
#setting_targetting_pos=-1,-1|-1,-1|-1,-1|-1,-1|-1,-1|-1,-1|-1,-1|-1,-1|12,29|
#type=4,4,4,4,4,4,4,4,0,
.........
#1111111111
#assigned_pet=-1,-1,-1,-1,-1,-1,-1,-1,-1,
#assigned_hub=6,7,3,1,2,8,5,4,-1,
#moving_targetting_pos=26,6|26,16|16,6|6,16|6,26|26,26|16,26|16,16|12,1|
#setting_targetting_pos=-1,-1|-1,-1|-1,-1|-1,-1|-1,-1|-1,-1|-1,-1|-1,-1|12,29|
#type=4,4,4,4,4,4,4,4,0,
.........
#1111111111
#assigned_pet=-1,-1,-1,-1,-1,-1,-1,-1,-1,
#assigned_hub=6,7,3,1,2,8,5,4,-1,
#moving_targetting_pos=26,6|26,16|16,6|6,16|6,26|26,26|16,26|16,16|12,1|
#setting_targetting_pos=-1,-1|-1,-1|-1,-1|-1,-1|-1,-1|-1,-1|-1,-1|-1,-1|12,29|
#type=4,4,4,4,4,4,4,4,0,
.........
#1111111111
#assigned_pet=-1,-1,-1,-1,-1,-1,-1,-1,-1,
#assigned_hub=6,7,3,1,2,8,5,4,-1,
#moving_targetting_pos=26,6|26,16|16,6|6,16|6,26|26,26|16,26|16,16|12,1|
#setting_targetting_pos=-1,-1|-1,-1|-1,-1|-1,-1|-1,-1|-1,-1|-1,-1|-1,-1|12,29|
#type=4,4,4,4,4,4,4,4,0,
.........
#1111111111
#assigned_pet=-1,-1,-1,-1,-1,-1,-1,-1,-1,
#assigned_hub=6,7,3,1,2,8,5,4,-1,
#moving_targetting_pos=26,6|26,16|16,6|6,16|6,26|26,26|16,26|16,16|12,1|
#setting_targetting_pos=-1,-1|-1,-1|-1,-1|-1,-1|-1,-1|-1,-1|-1,-1|-1,-1|12,29|
#type=4,4,4,4,4,4,4,4,0,
.........
#1111111111
#assigned_pet=-1,-1,-1,-1,-1,-1,-1,-1,-1,
#assigned_hub=6,7,3,1,2,8,5,4,-1,
#moving_targetting_pos=26,6|26,16|16,6|6,16|6,26|26,26|16,26|16,16|12,1|
#setting_targetting_pos=-1,-1|-1,-1|-1,-1|-1,-1|-1,-1|-1,-1|-1,-1|-1,-1|12,29|
#type=4,4,4,4,4,4,4,4,0,
.........
#1111111111
#assigned_pet=-1,-1,-1,-1,-1,-1,-1,-1,-1,
#assigned_hub=6,7,3,1,2,8,5,4,-1,
#moving_targetting_pos=26,6|26,16|16,6|6,16|6,26|26,26|16,26|16,16|12,1|
#setting_targetting_pos=-1,-1|-1,-1|-1,-1|-1,-1|-1,-1|-1,-1|-1,-1|-1,-1|12,29|
#type=4,4,4,4,4,4,4,4,0,
.........
#1111111111
#assigned_pet=-1,-1,-1,-1,-1,-1,-1,-1,-1,
#assigned_hub=6,7,3,1,2,8,5,4,-1,
#moving_targetting_pos=26,6|26,16|16,6|6,16|6,26|26,26|16,26|16,16|12,1|
#setting_targetting_pos=-1,-1|-1,-1|-1,-1|-1,-1|-1,-1|-1,-1|-1,-1|-1,-1|12,29|
#type=4,4,4,4,4,4,4,4,0,
.........
