#predicted_score_long=5.59509e+07
#predicted_score_short=5.91095e+07
#SHORT_BAR=1
#000000000000000
#assigned_pet=-1,-1,-1,-1,-1,-1,-1,-1,-1,-1,
#assigned_hub=-1,-1,-1,-1,-1,-1,-1,-1,-1,2,
#moving_targetting_pos=9,2|12,29|15,1|5,1|2,29|29,30|25,30|19,2|22,29|6,26|
#setting_targetting_pos=9,30|12,1|15,30|5,30|2,1|29,2|25,1|19,30|22,1|0,0|
#type=2,1,1,1,1,1,1,1,1,3,
dRLLRRRLLR
#000000000000000
#assigned_pet=-1,-1,-1,-1,-1,-1,-1,-1,-1,9,
#assigned_hub=-1,-1,-1,-1,-1,-1,-1,-1,-1,2,
#moving_targetting_pos=9,2|12,29|15,1|5,1|2,29|29,30|25,30|19,2|22,29|-1,-1|
#setting_targetting_pos=9,30|12,1|15,30|5,30|2,1|29,2|25,1|19,30|22,1|9,25|
#type=2,1,1,1,1,1,1,1,1,4,
RRLLRRRLD.
#000000000000000
#assigned_pet=-1,-1,-1,-1,-1,-1,-1,-1,-1,5,
#assigned_hub=-1,-1,-1,-1,-1,-1,-1,-1,-1,2,
#moving_targetting_pos=9,2|12,29|15,1|5,1|2,29|29,30|25,30|19,2|22,29|-1,-1|
#setting_targetting_pos=9,30|12,1|15,30|5,30|2,1|29,2|25,1|19,30|22,1|6,23|
#type=2,1,1,1,1,1,1,1,1,4,
RRLLRRRLDL
#000000000000000
#assigned_pet=-1,-1,-1,-1,-1,-1,-1,-1,-1,5,
#assigned_hub=-1,-1,-1,-1,-1,-1,-1,-1,-1,2,
#moving_targetting_pos=9,2|12,29|15,1|5,1|2,29|29,30|25,30|19,2|22,29|-1,-1|
#setting_targetting_pos=9,30|12,1|15,30|5,30|2,1|29,2|25,1|19,30|22,1|7,23|
#type=2,1,1,1,1,1,1,1,2,4,
lRLLRRRLrL
#000000000000000
#assigned_pet=-1,-1,-1,-1,-1,-1,-1,-1,-1,5,
#assigned_hub=-1,-1,-1,-1,-1,-1,-1,-1,-1,2,
#moving_targetting_pos=9,2|12,29|15,1|5,1|2,29|29,30|25,30|19,2|22,29|-1,-1|
#setting_targetting_pos=9,30|12,1|15,30|5,30|2,1|29,2|25,1|19,30|22,1|5,24|
#type=2,1,1,1,1,1,1,1,2,4,
uRLLRRRLdR
#000000000000000
#assigned_pet=-1,-1,-1,-1,-1,-1,-1,-1,-1,5,
#assigned_hub=-1,-1,-1,-1,-1,-1,-1,-1,-1,2,
#moving_targetting_pos=9,2|12,29|15,1|5,1|2,29|29,30|25,30|19,2|22,29|-1,-1|
#setting_targetting_pos=9,30|12,1|15,30|5,30|2,1|29,2|25,1|19,30|22,1|5,25|
#type=2,1,1,1,1,1,1,1,2,4,
RRLLURRLLR
#000000000000000
#assigned_pet=-1,-1,-1,-1,-1,-1,-1,-1,-1,5,
#assigned_hub=-1,-1,-1,-1,-1,-1,-1,-1,-1,2,
#moving_targetting_pos=9,2|12,29|15,1|5,1|2,29|29,30|25,30|19,2|22,29|-1,-1|
#setting_targetting_pos=9,30|12,1|15,30|5,30|2,1|29,2|25,1|19,30|22,1|5,24|
#type=2,1,1,1,2,1,1,1,2,4,
RRLDrRRDLL
#000000000000000
#assigned_pet=-1,-1,-1,-1,-1,-1,-1,-1,-1,5,
#assigned_hub=-1,-1,-1,-1,-1,-1,-1,-1,-1,2,
#moving_targetting_pos=9,2|12,29|15,1|5,1|2,29|29,30|25,30|19,2|22,29|-1,-1|
#setting_targetting_pos=9,30|12,1|15,30|5,30|2,1|29,2|25,1|19,30|22,1|5,25|
#type=2,1,1,2,2,1,1,1,2,4,
dRLddRRDLR
#000000000000000
#assigned_pet=-1,-1,-1,-1,-1,-1,-1,-1,-1,5,
#assigned_hub=-1,-1,-1,-1,-1,-1,-1,-1,-1,2,
#moving_targetting_pos=9,2|12,29|15,1|5,1|2,29|29,30|25,30|19,2|22,29|-1,-1|
#setting_targetting_pos=9,30|12,1|15,30|5,30|2,1|29,2|25,1|19,30|22,1|5,26|
#type=2,1,1,2,2,1,1,1,2,4,
RRLRLRRDuR
#000000000000000
#assigned_pet=-1,-1,-1,-1,-1,-1,-1,-1,-1,5,
#assigned_hub=-1,-1,-1,-1,-1,-1,-1,-1,-1,2,
#moving_targetting_pos=9,2|12,29|15,1|5,1|2,29|29,30|25,30|19,2|22,29|-1,-1|
#setting_targetting_pos=9,30|12,1|15,30|5,30|2,1|29,2|25,1|19,30|22,1|6,26|
#type=2,1,1,2,2,1,1,1,2,4,
RULdLRRLLU
#000000000000000
#assigned_pet=-1,-1,-1,-1,-1,-1,-1,-1,-1,5,
#assigned_hub=-1,-1,-1,-1,-1,-1,-1,-1,-1,2,
#moving_targetting_pos=9,2|12,29|15,1|5,1|2,29|29,30|25,30|19,2|22,29|-1,-1|
#setting_targetting_pos=9,30|12,1|15,30|5,30|2,1|29,2|25,1|19,30|22,1|8,27|
#type=2,1,1,2,2,1,1,1,2,4,
uUURLRRDrR
#000000000000000
#assigned_pet=-1,-1,-1,-1,-1,-1,-1,-1,-1,5,
#assigned_hub=-1,-1,-1,-1,-1,-1,-1,-1,-1,2,
#moving_targetting_pos=9,2|12,29|15,1|5,1|2,29|29,30|25,30|19,2|22,29|-1,-1|
#setting_targetting_pos=9,30|12,1|15,30|5,30|2,1|29,2|25,1|19,30|22,1|9,27|
#type=2,2,2,2,2,1,1,1,2,4,
RrdRuRULLD
#000000000000000
#assigned_pet=-1,-1,-1,-1,-1,-1,-1,-1,-1,5,
#assigned_hub=-1,-1,-1,-1,-1,-1,-1,-1,-1,2,
#moving_targetting_pos=9,2|12,29|15,1|5,1|2,29|29,30|25,30|19,2|22,29|-1,-1|
#setting_targetting_pos=9,30|12,1|15,30|5,30|2,1|29,2|25,1|19,30|22,1|7,28|
#type=2,2,2,2,2,1,1,1,2,4,
RdRuLDUDLR
#000000000000000
#assigned_pet=-1,-1,-1,-1,-1,-1,-1,-1,-1,5,
#assigned_hub=-1,-1,-1,-1,-1,-1,-1,-1,-1,2,
#moving_targetting_pos=9,2|12,29|15,1|5,1|2,29|29,30|25,30|19,2|22,29|-1,-1|
#setting_targetting_pos=9,30|12,1|15,30|5,30|2,1|29,2|25,1|19,30|22,1|7,29|
#type=2,2,2,2,2,2,1,1,2,4,
lLdRrdULdR
#000000000000000
#assigned_pet=-1,-1,-1,-1,-1,-1,-1,-1,-1,5,
#assigned_hub=-1,-1,-1,-1,-1,-1,-1,-1,-1,2,
#moving_targetting_pos=9,2|12,29|15,1|5,1|2,29|29,30|25,30|19,2|22,29|-1,-1|
#setting_targetting_pos=9,30|12,1|15,30|5,30|2,1|29,2|25,1|19,30|22,1|7,29|
#type=2,2,2,2,2,2,1,1,2,4,
dLRRLLURLL
#000000000000000
#assigned_pet=-1,-1,-1,-1,-1,-1,-1,-1,-1,13,
#assigned_hub=-1,-1,-1,-1,-1,-1,-1,-1,-1,2,
#moving_targetting_pos=9,2|12,29|15,1|5,1|2,29|29,30|25,30|19,2|22,29|-1,-1|
#setting_targetting_pos=9,30|12,1|15,30|5,30|2,1|29,2|25,1|19,30|22,1|3,26|
#type=2,2,2,2,2,2,2,1,2,4,
RLRRLLdDLL
#000000000000000
#assigned_pet=-1,-1,-1,-1,-1,-1,-1,-1,-1,13,
#assigned_hub=-1,-1,-1,-1,-1,-1,-1,-1,-1,2,
#moving_targetting_pos=9,2|12,29|15,1|5,1|2,29|29,30|25,30|19,2|22,29|-1,-1|
#setting_targetting_pos=9,30|12,1|15,30|5,30|2,1|29,2|25,1|19,30|22,1|3,25|
#type=2,2,2,2,2,2,2,1,2,4,
R.uR.rLDrL
#000000000000000
#assigned_pet=-1,-1,-1,-1,-1,-1,-1,-1,-1,13,
#assigned_hub=-1,-1,-1,-1,-1,-1,-1,-1,-1,2,
#moving_targetting_pos=9,2|12,29|15,1|5,1|2,29|29,30|25,30|19,2|22,29|-1,-1|
#setting_targetting_pos=9,30|12,1|15,30|5,30|2,1|29,2|25,1|19,30|22,1|3,25|
#type=2,2,2,2,2,2,2,1,2,4,
d.RuduLDuL
#000000000000000
#assigned_pet=-1,-1,-1,-1,-1,-1,-1,-1,-1,13,
#assigned_hub=-1,-1,-1,-1,-1,-1,-1,-1,-1,2,
#moving_targetting_pos=9,2|12,29|15,1|5,1|2,29|29,30|25,30|19,2|22,29|-1,-1|
#setting_targetting_pos=9,30|12,1|15,30|5,30|2,1|29,2|25,1|19,30|22,1|3,25|
#type=2,2,2,2,2,2,2,1,2,4,
R.RRLLuDLU
#000000000000000
#assigned_pet=-1,-1,-1,-1,-1,-1,-1,-1,-1,13,
#assigned_hub=-1,-1,-1,-1,-1,-1,-1,-1,-1,2,
#moving_targetting_pos=9,2|12,29|15,1|5,1|2,29|29,30|25,30|19,2|22,29|-1,-1|
#setting_targetting_pos=9,30|12,1|15,30|5,30|2,1|29,2|25,1|19,30|22,1|3,25|
#type=2,2,2,2,2,2,2,1,2,4,
R.RRLLLDLU
#000000000000000
#assigned_pet=-1,-1,-1,-1,-1,-1,-1,-1,-1,13,
#assigned_hub=-1,-1,-1,-1,-1,-1,-1,-1,-1,2,
#moving_targetting_pos=9,2|12,29|15,1|5,1|2,29|29,30|25,30|19,2|22,29|-1,-1|
#setting_targetting_pos=9,30|12,1|15,30|5,30|2,1|29,2|25,1|19,30|22,1|3,25|
#type=2,2,2,2,2,2,2,1,2,4,
luRdrdLDrU
#000000000000000
#assigned_pet=-1,-1,-1,-1,-1,-1,-1,-1,-1,13,
#assigned_hub=-1,-1,-1,-1,-1,-1,-1,-1,-1,2,
#moving_targetting_pos=9,2|12,29|15,1|5,1|2,29|29,30|25,30|19,2|22,29|-1,-1|
#setting_targetting_pos=9,30|12,1|15,30|5,30|2,1|29,2|25,1|19,30|22,1|3,25|
#type=2,2,2,2,2,2,2,1,2,4,
uLuRuLLLdU
#000000000000000
#assigned_pet=-1,-1,-1,-1,-1,-1,-1,-1,-1,13,
#assigned_hub=-1,-1,-1,-1,-1,-1,-1,-1,-1,2,
#moving_targetting_pos=9,2|12,29|15,1|5,1|2,29|29,30|25,30|19,2|22,29|-1,-1|
#setting_targetting_pos=9,30|12,1|15,30|5,30|2,1|29,2|25,1|19,30|22,1|3,25|
#type=2,2,2,2,2,2,2,1,2,4,
RrRdLLLDL.
#000000000000000
#assigned_pet=-1,-1,-1,-1,-1,-1,-1,-1,-1,13,
#assigned_hub=-1,-1,-1,-1,-1,-1,-1,-1,-1,2,
#moving_targetting_pos=9,2|12,29|15,1|5,1|2,29|29,30|25,30|19,2|22,29|-1,-1|
#setting_targetting_pos=9,30|12,1|15,30|5,30|2,1|29,2|25,1|19,30|22,1|3,25|
#type=2,2,2,2,2,2,2,1,2,4,
RLRRLuuDL.
#000000000000000
#assigned_pet=-1,-1,-1,-1,-1,-1,-1,-1,-1,10,
#assigned_hub=-1,-1,-1,-1,-1,-1,-1,-1,-1,2,
#moving_targetting_pos=9,2|12,29|15,1|5,1|2,29|29,30|25,30|19,2|22,29|-1,-1|
#setting_targetting_pos=9,30|12,1|15,30|5,30|2,1|29,2|25,1|19,30|22,1|3,25|
#type=2,2,2,2,2,2,2,2,2,4,
dLddrLLdL.
#000000000000000
#assigned_pet=-1,-1,-1,-1,-1,-1,-1,-1,-1,10,
#assigned_hub=-1,-1,-1,-1,-1,-1,-1,-1,-1,2,
#moving_targetting_pos=9,2|12,29|15,1|5,1|2,29|29,30|25,30|19,2|22,29|-1,-1|
#setting_targetting_pos=9,30|12,1|15,30|5,30|2,1|29,2|25,1|19,30|22,1|3,25|
#type=2,2,2,2,2,2,2,2,2,4,
RdRR.LLRu.
#000000000000000
#assigned_pet=-1,-1,-1,-1,-1,-1,-1,-1,-1,13,
#assigned_hub=-1,-1,-1,-1,-1,-1,-1,-1,-1,2,
#moving_targetting_pos=9,2|12,29|15,1|5,1|2,29|29,30|25,30|19,2|22,29|-1,-1|
#setting_targetting_pos=9,30|12,1|15,30|5,30|2,1|29,2|25,1|19,30|22,1|3,25|
#type=2,2,2,2,2,2,2,2,2,4,
RLdR.rdRL.
#000000000000000
#assigned_pet=-1,-1,-1,-1,-1,-1,-1,-1,-1,13,
#assigned_hub=-1,-1,-1,-1,-1,-1,-1,-1,-1,2,
#moving_targetting_pos=9,2|12,29|15,1|5,1|2,29|29,30|25,30|19,2|22,29|-1,-1|
#setting_targetting_pos=9,30|12,1|15,30|5,30|2,1|29,2|25,1|19,30|22,1|3,25|
#type=2,2,2,2,2,2,2,2,2,4,
uLRu.dLlr.
#000000000000000
#assigned_pet=-1,-1,-1,-1,-1,-1,-1,-1,-1,13,
#assigned_hub=-1,-1,-1,-1,-1,-1,-1,-1,-1,2,
#moving_targetting_pos=9,2|12,29|15,1|5,1|2,29|29,30|25,30|19,2|22,29|-1,-1|
#setting_targetting_pos=9,30|12,1|15,30|5,30|2,1|29,2|25,1|19,30|22,1|3,25|
#type=2,2,2,2,2,2,2,2,2,4,
RudRdLduL.
#000000000000000
#assigned_pet=-1,-1,-1,-1,-1,-1,-1,-1,-1,13,
#assigned_hub=-1,-1,-1,-1,-1,-1,-1,-1,-1,2,
#moving_targetting_pos=9,2|12,29|15,1|5,1|2,29|29,30|25,30|19,2|22,29|-1,-1|
#setting_targetting_pos=9,30|12,1|15,30|5,30|2,1|29,2|25,1|19,30|22,1|3,25|
#type=2,2,2,2,2,2,2,2,2,4,
RrRRLLLRL.
#000000000000000
#assigned_pet=-1,-1,-1,-1,-1,-1,-1,-1,-1,13,
#assigned_hub=-1,-1,-1,-1,-1,-1,-1,-1,-1,2,
#moving_targetting_pos=9,2|12,29|15,1|5,1|2,29|29,30|25,30|19,2|22,29|-1,-1|
#setting_targetting_pos=9,30|12,1|15,30|5,30|2,1|29,2|25,1|19,30|22,1|3,25|
#type=2,2,2,2,2,2,2,2,2,4,
lLRRLddRd.
#000000000000000
#assigned_pet=-1,-1,-1,-1,-1,-1,-1,-1,-1,1,
#assigned_hub=-1,-1,-1,-1,-1,-1,-1,-1,-1,2,
#moving_targetting_pos=9,2|12,29|15,1|5,1|2,29|29,30|25,30|19,2|22,29|-1,-1|
#setting_targetting_pos=9,30|12,1|15,30|5,30|2,1|29,2|25,1|19,30|22,1|5,23|
#type=2,2,2,2,2,2,2,2,2,4,
dLuRLLLdLL
#000000000000000
#assigned_pet=-1,-1,-1,-1,-1,-1,-1,-1,-1,1,
#assigned_hub=-1,-1,-1,-1,-1,-1,-1,-1,-1,2,
#moving_targetting_pos=9,2|12,29|15,1|5,1|2,29|29,30|25,30|19,2|22,29|-1,-1|
#setting_targetting_pos=9,30|12,1|15,30|5,30|2,1|29,2|25,1|19,30|22,1|4,25|
#type=2,2,2,2,2,2,2,2,2,4,
RrRuuLLRL.
#000000000000000
#assigned_pet=-1,-1,-1,-1,-1,-1,-1,-1,-1,1,
#assigned_hub=-1,-1,-1,-1,-1,-1,-1,-1,-1,2,
#moving_targetting_pos=9,2|12,29|15,1|5,1|2,29|29,30|25,30|19,2|22,29|-1,-1|
#setting_targetting_pos=9,30|12,1|15,30|5,30|2,1|29,2|25,1|19,30|22,1|3,25|
#type=2,2,2,2,2,2,2,2,2,4,
RdRRLruRrR
#000000000000000
#assigned_pet=-1,-1,-1,-1,-1,-1,-1,-1,-1,5,
#assigned_hub=-1,-1,-1,-1,-1,-1,-1,-1,-1,2,
#moving_targetting_pos=9,2|12,29|15,1|5,1|2,29|29,30|25,30|19,2|22,29|-1,-1|
#setting_targetting_pos=9,30|12,1|15,30|5,30|2,1|29,2|25,1|19,30|22,1|7,23|
#type=2,2,2,2,2,2,2,2,2,4,
dLRRruLuuL
#000000000000000
#assigned_pet=-1,-1,-1,-1,-1,-1,-1,-1,-1,10,
#assigned_hub=-1,-1,-1,-1,-1,-1,-1,-1,-1,2,
#moving_targetting_pos=9,2|12,29|15,1|5,1|2,29|29,30|25,30|19,2|22,29|-1,-1|
#setting_targetting_pos=9,30|12,1|15,30|5,30|2,1|29,2|25,1|19,30|22,1|9,25|
#type=2,2,2,2,2,2,2,2,2,4,
RLRdLLLRLR
#000000000000000
#assigned_pet=-1,-1,-1,-1,-1,-1,-1,-1,-1,10,
#assigned_hub=-1,-1,-1,-1,-1,-1,-1,-1,-1,2,
#moving_targetting_pos=9,2|12,29|15,1|5,1|2,29|29,30|25,30|19,2|22,29|-1,-1|
#setting_targetting_pos=9,30|12,1|15,30|5,30|2,1|29,2|25,1|19,30|22,1|9,25|
#type=2,2,2,2,2,2,2,2,2,4,
RLuRLLLRLD
#000000000000000
#assigned_pet=-1,-1,-1,-1,-1,-1,-1,-1,-1,10,
#assigned_hub=-1,-1,-1,-1,-1,-1,-1,-1,-1,2,
#moving_targetting_pos=9,2|12,29|15,1|5,1|2,29|29,30|25,30|19,2|22,29|-1,-1|
#setting_targetting_pos=9,30|12,1|15,30|5,30|2,1|29,2|25,1|19,30|22,1|9,25|
#type=2,2,2,2,2,2,2,2,2,4,
uuR..dLldD
#000000000000000
#assigned_pet=-1,-1,-1,-1,-1,-1,-1,-1,-1,5,
#assigned_hub=-1,-1,-1,-1,-1,-1,-1,-1,-1,2,
#moving_targetting_pos=9,2|12,29|15,1|5,1|2,29|29,30|25,30|19,2|22,29|-1,-1|
#setting_targetting_pos=9,30|12,1|15,30|5,30|2,1|29,2|25,1|19,30|22,1|9,25|
#type=2,2,2,2,2,2,2,2,2,4,
lLRddLud.D
#000000000000000
#assigned_pet=-1,-1,-1,-1,-1,-1,-1,-1,-1,5,
#assigned_hub=-1,-1,-1,-1,-1,-1,-1,-1,-1,2,
#moving_targetting_pos=9,2|12,29|15,1|5,1|2,29|29,30|25,30|19,2|22,29|-1,-1|
#setting_targetting_pos=9,30|12,1|15,30|5,30|2,1|29,2|25,1|19,30|22,1|9,25|
#type=2,2,2,2,2,2,2,2,2,4,
RrdRLLLRrD
#000000000000000
#assigned_pet=-1,-1,-1,-1,-1,-1,-1,-1,-1,5,
#assigned_hub=-1,-1,-1,-1,-1,-1,-1,-1,-1,2,
#moving_targetting_pos=9,2|12,29|15,1|5,1|2,29|29,30|25,30|19,2|22,29|-1,-1|
#setting_targetting_pos=9,30|12,1|15,30|5,30|2,1|29,2|25,1|19,30|22,1|9,25|
#type=2,2,2,2,2,2,2,2,2,4,
RLRdLuLRL.
#000000000000000
#assigned_pet=-1,-1,-1,-1,-1,-1,-1,-1,-1,1,
#assigned_hub=-1,-1,-1,-1,-1,-1,-1,-1,-1,2,
#moving_targetting_pos=9,2|12,29|15,1|5,1|2,29|29,30|25,30|19,2|22,29|-1,-1|
#setting_targetting_pos=9,30|12,1|15,30|5,30|2,1|29,2|25,1|19,30|22,1|5,23|
#type=2,2,2,2,2,2,2,2,2,4,
dLdRrLddLU
#000000000000000
#assigned_pet=-1,-1,-1,-1,-1,-1,-1,-1,-1,1,
#assigned_hub=-1,-1,-1,-1,-1,-1,-1,-1,-1,2,
#moving_targetting_pos=9,2|12,29|15,1|5,1|2,29|29,30|25,30|19,2|22,29|-1,-1|
#setting_targetting_pos=9,30|12,1|15,30|5,30|2,1|29,2|25,1|19,30|22,1|5,23|
#type=2,2,2,2,2,2,2,2,2,4,
RdRRuLLRLL
#000000000000000
#assigned_pet=-1,-1,-1,-1,-1,-1,-1,-1,-1,5,
#assigned_hub=-1,-1,-1,-1,-1,-1,-1,-1,-1,2,
#moving_targetting_pos=9,2|12,29|15,1|5,1|2,29|29,30|25,30|19,2|22,29|-1,-1|
#setting_targetting_pos=9,30|12,1|15,30|5,30|2,1|29,2|25,1|19,30|22,1|9,25|
#type=2,2,2,2,2,2,2,2,2,4,
RLduLrdRuR
#000000000000000
#assigned_pet=-1,-1,-1,-1,-1,-1,-1,-1,-1,5,
#assigned_hub=-1,-1,-1,-1,-1,-1,-1,-1,-1,2,
#moving_targetting_pos=9,2|12,29|15,1|5,1|2,29|29,30|25,30|19,2|22,29|-1,-1|
#setting_targetting_pos=9,30|12,1|15,30|5,30|2,1|29,2|25,1|19,30|22,1|9,25|
#type=2,2,2,2,2,2,2,2,2,4,
uLRRLdLlLD
#000000000000000
#assigned_pet=-1,-1,-1,-1,-1,-1,-1,-1,-1,5,
#assigned_hub=-1,-1,-1,-1,-1,-1,-1,-1,-1,2,
#moving_targetting_pos=9,2|12,29|15,1|5,1|2,29|29,30|25,30|19,2|22,29|-1,-1|
#setting_targetting_pos=9,30|12,1|15,30|5,30|2,1|29,2|25,1|19,30|22,1|9,25|
#type=2,2,2,2,2,2,2,2,2,4,
RrRRrLd.r.
#000000000000000
#assigned_pet=-1,-1,-1,-1,-1,-1,-1,-1,-1,5,
#assigned_hub=-1,-1,-1,-1,-1,-1,-1,-1,-1,2,
#moving_targetting_pos=9,2|12,29|15,1|5,1|2,29|29,30|25,30|19,2|22,29|-1,-1|
#setting_targetting_pos=9,30|12,1|15,30|5,30|2,1|29,2|25,1|19,30|22,1|9,25|
#type=2,2,2,2,2,2,2,2,2,4,
RuuRdLLuL.
#000000000000000
#assigned_pet=-1,-1,-1,-1,-1,-1,-1,-1,-1,5,
#assigned_hub=-1,-1,-1,-1,-1,-1,-1,-1,-1,2,
#moving_targetting_pos=9,2|12,29|15,1|5,1|2,29|29,30|25,30|19,2|22,29|-1,-1|
#setting_targetting_pos=9,30|12,1|15,30|5,30|2,1|29,2|25,1|19,30|22,1|9,25|
#type=2,2,2,2,2,2,2,2,2,4,
lLRRLdLRL.
#000000000000000
#assigned_pet=-1,-1,-1,-1,-1,-1,-1,-1,-1,5,
#assigned_hub=-1,-1,-1,-1,-1,-1,-1,-1,-1,2,
#moving_targetting_pos=9,2|12,29|15,1|5,1|2,29|29,30|25,30|19,2|22,29|-1,-1|
#setting_targetting_pos=9,30|12,1|15,30|5,30|2,1|29,2|25,1|19,30|22,1|9,25|
#type=2,2,2,2,2,2,2,2,2,4,
dLRuLLuRd.
#000000000000000
#assigned_pet=-1,-1,-1,-1,-1,-1,-1,-1,-1,5,
#assigned_hub=5,-1,-1,-1,-1,-1,-1,-1,-1,2,
#moving_targetting_pos=16,26|12,29|15,1|5,1|2,29|29,30|25,30|19,2|22,29|-1,-1|
#setting_targetting_pos=9,30|12,1|15,30|5,30|2,1|29,2|25,1|19,30|22,1|9,25|
#type=3,2,2,2,2,2,2,2,2,4,
UrRRLLLdL.
#000000000000000
#assigned_pet=-1,-1,-1,-1,-1,-1,-1,-1,-1,5,
#assigned_hub=5,-1,-1,-1,-1,-1,-1,-1,-1,2,
#moving_targetting_pos=16,26|12,29|15,1|5,1|2,29|29,30|25,30|19,2|22,29|-1,-1|
#setting_targetting_pos=-1,-1|12,1|15,30|5,30|2,1|29,2|25,1|19,30|22,1|9,25|
#type=3,2,2,2,2,2,2,2,2,4,
LdRRurLRL.
#000000000000000
#assigned_pet=-1,-1,-1,-1,-1,-1,-1,-1,-1,5,
#assigned_hub=5,-1,-1,-1,-1,-1,-1,-1,-1,2,
#moving_targetting_pos=16,26|12,29|15,1|5,1|2,29|29,30|25,30|19,2|22,29|-1,-1|
#setting_targetting_pos=-1,-1|12,1|15,30|5,30|2,1|29,2|25,1|19,30|22,1|9,25|
#type=3,2,2,2,2,2,2,2,2,4,
ULudLuLRr.
#000000000000000
#assigned_pet=-1,-1,-1,-1,-1,-1,-1,-1,-1,5,
#assigned_hub=5,-1,-1,1,-1,-1,-1,-1,-1,2,
#moving_targetting_pos=16,26|12,29|15,1|6,16|2,29|29,30|25,30|19,2|22,29|-1,-1|
#setting_targetting_pos=-1,-1|12,1|15,30|5,30|2,1|29,2|25,1|19,30|22,1|9,25|
#type=3,2,2,3,2,2,2,2,2,4,
LLRLrLLuu.
#000000000000000
#assigned_pet=-1,-1,-1,-1,-1,-1,-1,-1,-1,5,
#assigned_hub=5,-1,-1,1,-1,-1,-1,-1,6,2,
#moving_targetting_pos=16,26|12,29|15,1|6,16|2,29|29,30|25,30|19,2|26,6|-1,-1|
#setting_targetting_pos=-1,-1|12,1|15,30|-1,-1|2,1|29,2|25,1|19,30|22,1|9,25|
#type=3,2,2,3,2,2,2,2,3,4,
LLRLLLuRD.
#000000000000000
#assigned_pet=-1,-1,-1,-1,-1,-1,-1,-1,-1,5,
#assigned_hub=5,-1,-1,1,-1,-1,-1,-1,6,2,
#moving_targetting_pos=16,26|12,29|15,1|6,16|2,29|29,30|25,30|19,2|26,6|-1,-1|
#setting_targetting_pos=-1,-1|12,1|15,30|-1,-1|2,1|29,2|25,1|19,30|-1,-1|9,25|
#type=3,2,2,3,2,2,2,2,3,4,
Du.LLdLRR.
#000000000000000
#assigned_pet=-1,-1,-1,-1,-1,-1,-1,-1,-1,5,
#assigned_hub=5,-1,-1,1,-1,-1,-1,-1,3,2,
#moving_targetting_pos=16,26|12,29|15,1|6,16|2,29|29,30|25,30|19,2|16,6|-1,-1|
#setting_targetting_pos=-1,-1|12,1|15,30|-1,-1|2,1|29,2|25,1|19,30|-1,-1|9,25|
#type=3,2,2,3,2,2,2,2,3,4,
DL.LdLLlD.
#000000000000000
#assigned_pet=-1,-1,-1,-1,-1,-1,-1,-1,-1,5,
#assigned_hub=5,-1,-1,1,-1,-1,-1,-1,3,2,
#moving_targetting_pos=16,26|12,29|15,1|6,16|2,29|29,30|25,30|19,2|16,6|-1,-1|
#setting_targetting_pos=-1,-1|12,1|15,30|-1,-1|2,1|29,2|25,1|19,30|-1,-1|9,25|
#type=3,2,2,3,2,2,2,2,3,4,
Dr.LLLddR.
#000000000000000
#assigned_pet=-1,-1,-1,-1,-1,-1,-1,-1,-1,-1,
#assigned_hub=5,-1,-1,1,-1,-1,-1,-1,6,2,
#moving_targetting_pos=16,26|12,29|15,1|6,16|2,29|29,30|25,30|19,2|26,6|-1,-1|
#setting_targetting_pos=-1,-1|12,1|15,30|-1,-1|2,1|29,2|25,1|19,30|-1,-1|-1,-1|
#type=3,2,2,3,2,2,2,2,3,4,
DLdLLuLRD.
#000000000000000
#assigned_pet=-1,-1,-1,-1,-1,-1,-1,-1,-1,-1,
#assigned_hub=5,-1,4,1,-1,-1,-1,-1,6,2,
#moving_targetting_pos=16,26|12,29|16,16|6,16|2,29|29,30|25,30|19,2|26,6|-1,-1|
#setting_targetting_pos=-1,-1|12,1|15,30|-1,-1|2,1|29,2|25,1|19,30|-1,-1|-1,-1|
#type=3,2,3,3,2,2,2,2,3,4,
DLLLrLdRR.
#000000000000000
#assigned_pet=-1,-1,-1,-1,-1,-1,-1,-1,8,-1,
#assigned_hub=5,-1,4,1,-1,-1,3,-1,6,2,
#moving_targetting_pos=16,26|12,29|16,16|6,16|2,29|29,30|16,6|19,2|-1,-1|-1,-1|
#setting_targetting_pos=-1,-1|12,1|-1,-1|-1,-1|2,1|29,2|25,1|19,30|23,5|-1,-1|
#type=3,2,3,3,2,2,3,2,4,4,
DdLLuLRdR.
#000000000000000
#assigned_pet=-1,-1,-1,-1,-1,-1,-1,-1,8,-1,
#assigned_hub=5,-1,4,1,0,-1,3,-1,6,2,
#moving_targetting_pos=16,26|12,29|16,16|6,16|6,6|29,30|16,6|19,2|-1,-1|-1,-1|
#setting_targetting_pos=-1,-1|12,1|-1,-1|-1,-1|2,1|29,2|-1,-1|19,30|23,5|-1,-1|
#type=3,2,3,3,3,2,3,2,4,4,
LLLLDrRRU.
#000000000000000
#assigned_pet=14,-1,-1,-1,-1,-1,-1,-1,8,-1,
#assigned_hub=5,-1,4,1,0,-1,3,-1,6,2,
#moving_targetting_pos=-1,-1|12,29|16,16|6,16|6,6|29,30|16,6|19,2|-1,-1|-1,-1|
#setting_targetting_pos=15,29|12,1|-1,-1|-1,-1|-1,-1|29,2|-1,-1|19,30|23,6|-1,-1|
#type=4,2,3,3,3,2,3,2,4,4,
RLLLRdRRR.
#000000000000000
#assigned_pet=14,-1,-1,-1,-1,-1,-1,-1,8,-1,
#assigned_hub=5,-1,4,1,0,7,3,-1,6,2,
#moving_targetting_pos=-1,-1|12,29|16,16|6,16|6,6|26,16|16,6|19,2|-1,-1|-1,-1|
#setting_targetting_pos=15,29|12,1|-1,-1|-1,-1|-1,-1|29,2|-1,-1|19,30|25,6|-1,-1|
#type=4,2,3,3,3,3,3,2,4,4,
DuLLDURl..
#000000000000000
#assigned_pet=14,-1,-1,-1,-1,-1,-1,-1,8,-1,
#assigned_hub=5,-1,4,1,0,7,3,-1,6,2,
#moving_targetting_pos=-1,-1|12,29|16,16|6,16|6,6|26,16|16,6|19,2|-1,-1|-1,-1|
#setting_targetting_pos=15,29|12,1|-1,-1|-1,-1|-1,-1|-1,-1|-1,-1|19,30|24,7|-1,-1|
#type=4,2,3,3,3,3,3,2,4,4,
DrLLRRUu..
#000000000000000
#assigned_pet=5,-1,-1,4,-1,-1,-1,-1,8,-1,
#assigned_hub=5,-1,4,1,0,7,3,-1,6,2,
#moving_targetting_pos=-1,-1|12,29|16,16|-1,-1|6,6|26,16|16,6|19,2|-1,-1|-1,-1|
#setting_targetting_pos=17,28|12,1|-1,-1|6,15|-1,-1|-1,-1|-1,-1|19,30|23,6|-1,-1|
#type=4,0,3,4,3,3,3,2,4,4,
R.LLDUUR..
#000000000000000
#assigned_pet=5,-1,-1,4,-1,-1,-1,-1,8,-1,
#assigned_hub=5,-1,4,1,0,7,3,-1,6,2,
#moving_targetting_pos=-1,-1|12,29|16,16|-1,-1|6,6|26,16|16,6|19,2|-1,-1|6,26|
#setting_targetting_pos=17,29|12,1|-1,-1|5,13|-1,-1|-1,-1|-1,-1|19,30|24,7|-1,-1|
#type=4,0,3,4,3,3,3,2,4,4,
R.LLRRUR..
#000000000000000
#assigned_pet=5,-1,-1,4,13,-1,-1,-1,8,-1,
#assigned_hub=5,-1,4,1,0,7,3,-1,6,2,
#moving_targetting_pos=-1,-1|12,29|16,16|-1,-1|-1,-1|26,16|16,6|19,2|-1,-1|-1,-1|
#setting_targetting_pos=16,29|12,1|-1,-1|5,13|5,3|-1,-1|-1,-1|19,30|24,7|-1,-1|
#type=4,0,3,4,4,3,3,2,4,4,
..LL.RUd..
#000000000000000
#assigned_pet=5,-1,-1,4,13,-1,-1,-1,8,-1,
#assigned_hub=5,-1,4,1,0,7,3,-1,6,2,
#moving_targetting_pos=-1,-1|12,29|16,16|-1,-1|-1,-1|26,16|16,6|19,2|-1,-1|-1,-1|
#setting_targetting_pos=16,28|12,1|-1,-1|5,13|5,3|-1,-1|-1,-1|19,30|23,6|-1,-1|
#type=4,0,3,4,4,3,3,2,4,4,
L.LL.RUR..
#000000000000000
#assigned_pet=5,-1,-1,4,13,-1,-1,-1,8,-1,
#assigned_hub=5,-1,4,1,0,7,3,-1,6,2,
#moving_targetting_pos=-1,-1|12,29|16,16|-1,-1|-1,-1|26,16|16,6|19,2|-1,-1|-1,-1|
#setting_targetting_pos=17,29|12,1|-1,-1|5,13|5,3|-1,-1|-1,-1|19,30|23,6|-1,-1|
#type=4,0,3,4,4,3,3,2,4,4,
R.L..RUR..
#000000000000000
#assigned_pet=5,-1,-1,4,4,-1,-1,-1,8,-1,
#assigned_hub=5,-1,4,1,0,7,3,-1,6,2,
#moving_targetting_pos=-1,-1|12,29|16,16|-1,-1|-1,-1|26,16|16,6|19,2|-1,-1|-1,-1|
#setting_targetting_pos=17,29|12,1|-1,-1|5,13|5,9|-1,-1|-1,-1|19,30|23,7|-1,-1|
#type=4,0,3,4,4,3,3,2,4,4,
D.L.RRRuR.
#000000000000000
#assigned_pet=5,-1,12,4,4,-1,8,-1,8,-1,
#assigned_hub=5,-1,4,1,0,7,3,-1,6,2,
#moving_targetting_pos=-1,-1|12,29|-1,-1|-1,-1|-1,-1|26,16|-1,-1|19,2|-1,-1|-1,-1|
#setting_targetting_pos=17,29|12,1|17,15|5,13|5,9|-1,-1|19,7|19,30|23,7|-1,-1|
#type=4,0,4,4,4,3,4,2,4,4,
..L.RR.R..
#000000000000000
#assigned_pet=5,-1,7,4,4,-1,8,-1,8,-1,
#assigned_hub=5,-1,4,1,0,7,3,-1,6,2,
#moving_targetting_pos=-1,-1|12,29|-1,-1|-1,-1|-1,-1|26,16|-1,-1|19,2|-1,-1|-1,-1|
#setting_targetting_pos=17,29|12,1|16,14|5,13|5,9|-1,-1|19,7|19,30|23,7|-1,-1|
#type=4,0,4,4,4,3,4,2,4,4,
..L.RR.R..
#000000000000000
#assigned_pet=14,-1,2,4,4,-1,2,-1,-1,-1,
#assigned_hub=5,8,4,1,0,7,3,-1,6,2,
#moving_targetting_pos=-1,-1|26,26|-1,-1|-1,-1|-1,-1|26,16|-1,-1|19,2|-1,-1|-1,-1|
#setting_targetting_pos=15,29|12,1|17,13|5,13|5,9|-1,-1|17,9|19,30|-1,-1|-1,-1|
#type=4,3,4,4,4,3,4,2,4,4,
.DL.RRRl..
#000010000000001
#assigned_pet=14,-1,2,4,4,-1,2,-1,-1,-1,
#assigned_hub=5,8,4,1,0,7,3,-1,6,2,
#moving_targetting_pos=-1,-1|26,26|-1,-1|-1,-1|-1,-1|26,16|-1,-1|19,2|-1,-1|-1,-1|
#setting_targetting_pos=15,29|-1,-1|17,13|5,13|5,9|-1,-1|17,9|19,30|-1,-1|-1,-1|
#type=5,3,4,5,5,3,4,2,4,4,
uRLlrRUd..
#000010000000001
#assigned_pet=5,-1,2,3,3,-1,2,-1,-1,-1,
#assigned_hub=5,8,4,1,0,7,3,-1,6,2,
#moving_targetting_pos=-1,-1|26,26|-1,-1|-1,-1|-1,-1|26,16|-1,-1|19,2|-1,-1|-1,-1|
#setting_targetting_pos=16,25|-1,-1|17,13|7,13|7,9|-1,-1|17,9|19,30|-1,-1|-1,-1|
#type=4,3,4,4,4,3,4,0,4,4,
LDLDDRU...
#000010000000001
#assigned_pet=5,-1,2,3,3,-1,2,-1,-1,-1,
#assigned_hub=5,8,4,1,0,7,3,-1,6,2,
#moving_targetting_pos=-1,-1|26,26|-1,-1|-1,-1|-1,-1|26,16|-1,-1|19,2|-1,-1|-1,-1|
#setting_targetting_pos=16,26|-1,-1|17,13|7,13|7,9|-1,-1|17,9|19,30|-1,-1|-1,-1|
#type=4,3,4,4,4,3,4,0,4,4,
LRDLRRR...
#001110000010001
#assigned_pet=1,-1,2,3,3,12,2,-1,-1,-1,
#assigned_hub=5,8,4,1,0,7,3,-1,6,2,
#moving_targetting_pos=-1,-1|26,26|-1,-1|-1,-1|-1,-1|-1,-1|-1,-1|19,2|-1,-1|-1,-1|
#setting_targetting_pos=17,26|-1,-1|17,13|7,13|7,9|23,15|17,9|19,30|-1,-1|-1,-1|
#type=4,3,5,5,5,4,5,0,4,4,
LDdddRr...
#001110000010001
#assigned_pet=1,-1,12,-1,0,12,11,-1,-1,-1,
#assigned_hub=5,8,4,1,0,7,3,-1,6,2,
#moving_targetting_pos=-1,-1|26,26|-1,-1|6,16|-1,-1|-1,-1|-1,-1|19,2|-1,-1|-1,-1|
#setting_targetting_pos=17,26|-1,-1|19,15|-1,-1|3,7|23,15|14,7|19,30|-1,-1|-1,-1|
#type=4,3,4,4,4,4,4,0,4,4,
.RR.LUL...
#001110000010001
#assigned_pet=1,-1,12,-1,0,12,8,-1,-1,-1,
#assigned_hub=5,8,4,1,0,7,3,-1,6,2,
#moving_targetting_pos=-1,-1|26,26|-1,-1|6,16|-1,-1|-1,-1|-1,-1|19,2|-1,-1|-1,-1|
#setting_targetting_pos=17,26|-1,-1|19,15|-1,-1|3,7|23,15|14,7|19,30|-1,-1|-1,-1|
#type=4,3,4,4,4,4,4,0,4,4,
.RR.LUU...
#001110000010001
#assigned_pet=5,-1,5,-1,0,12,9,-1,-1,-1,
#assigned_hub=5,8,4,1,0,7,3,-1,6,2,
#moving_targetting_pos=-1,-1|26,26|-1,-1|6,16|-1,-1|-1,-1|-1,-1|19,2|-1,-1|-1,-1|
#setting_targetting_pos=17,23|-1,-1|17,19|-1,-1|3,7|24,16|15,7|19,30|-1,-1|-1,-1|
#type=4,3,4,4,4,4,4,0,4,4,
LRR.UR....
#001110000010001
#assigned_pet=5,-1,5,-1,0,12,8,-1,-1,-1,
#assigned_hub=5,8,4,1,0,7,3,-1,6,2,
#moving_targetting_pos=-1,-1|26,26|-1,-1|6,16|-1,-1|-1,-1|-1,-1|19,2|-1,-1|-1,-1|
#setting_targetting_pos=17,23|-1,-1|17,19|-1,-1|3,7|25,17|16,7|19,30|-1,-1|-1,-1|
#type=4,3,4,4,4,4,4,0,4,4,
LRR.U.L...
#101110000010001
#assigned_pet=5,-1,7,-1,0,7,9,-1,-1,-1,
#assigned_hub=5,8,4,1,0,7,3,-1,6,2,
#moving_targetting_pos=-1,-1|26,26|-1,-1|6,16|-1,-1|-1,-1|-1,-1|19,2|-1,-1|-1,-1|
#setting_targetting_pos=16,24|-1,-1|19,17|-1,-1|3,7|23,17|18,6|19,30|-1,-1|-1,-1|
#type=4,3,4,4,5,4,4,0,4,4,
RRD.uRD...
#101110000010001
#assigned_pet=1,-1,-1,-1,11,6,11,-1,-1,-1,
#assigned_hub=5,8,4,1,0,7,3,-1,6,2,
#moving_targetting_pos=-1,-1|26,26|-1,-1|6,16|-1,-1|-1,-1|-1,-1|19,2|-1,-1|-1,-1|
#setting_targetting_pos=17,29|-1,-1|-1,-1|-1,-1|9,7|25,17|13,7|19,30|-1,-1|-1,-1|
#type=4,3,4,4,4,4,4,0,4,4,
RR..DLR...
#101110000010001
#assigned_pet=1,-1,7,-1,11,7,9,-1,9,-1,
#assigned_hub=5,8,4,1,0,7,3,-1,6,2,
#moving_targetting_pos=-1,-1|26,26|-1,-1|6,16|-1,-1|-1,-1|-1,-1|19,2|-1,-1|-1,-1|
#setting_targetting_pos=17,29|-1,-1|19,17|-1,-1|9,7|23,17|19,7|19,30|23,7|-1,-1|
#type=4,3,4,4,4,4,4,0,4,4,
RRD.DRD...
#101110000010001
#assigned_pet=1,-1,8,-1,11,6,9,-1,9,-1,
#assigned_hub=5,8,4,1,0,7,3,-1,6,2,
#moving_targetting_pos=-1,-1|26,26|-1,-1|6,16|-1,-1|-1,-1|-1,-1|19,2|-1,-1|-1,-1|
#setting_targetting_pos=17,29|-1,-1|15,13|-1,-1|9,7|25,17|19,7|19,30|23,7|-1,-1|
#type=4,3,4,4,4,4,4,0,4,4,
RRL.DL....
#101110000010001
#assigned_pet=1,-1,8,-1,-1,6,9,-1,9,-1,
#assigned_hub=5,8,4,1,0,7,3,-1,6,2,
#moving_targetting_pos=-1,-1|26,26|-1,-1|6,16|-1,-1|-1,-1|-1,-1|19,2|-1,-1|-1,-1|
#setting_targetting_pos=17,29|-1,-1|15,13|-1,-1|-1,-1|25,17|19,7|19,30|23,7|-1,-1|
#type=4,3,4,4,4,4,4,0,4,4,
RRL.......
#101110000010001
#assigned_pet=1,-1,8,-1,11,6,9,-1,9,-1,
#assigned_hub=5,8,4,1,0,7,3,-1,6,2,
#moving_targetting_pos=-1,-1|26,26|-1,-1|6,16|-1,-1|-1,-1|-1,-1|19,2|-1,-1|-1,-1|
#setting_targetting_pos=17,29|-1,-1|15,13|-1,-1|9,7|24,16|19,7|19,30|23,7|-1,-1|
#type=4,3,4,4,4,4,4,0,4,4,
.RU.D.....
#101110000010001
#assigned_pet=1,-1,8,-1,-1,6,9,-1,9,-1,
#assigned_hub=5,8,4,1,0,7,3,-1,6,2,
#moving_targetting_pos=-1,-1|26,26|-1,-1|-1,-1|-1,-1|-1,-1|-1,-1|19,2|-1,-1|-1,-1|
#setting_targetting_pos=17,29|-1,-1|15,14|-1,-1|-1,-1|25,15|19,7|19,30|23,7|-1,-1|
#type=4,3,4,4,4,4,4,0,4,4,
.RL.......
#101110000010001
#assigned_pet=1,-1,8,-1,11,6,9,-1,9,-1,
#assigned_hub=5,8,4,1,0,7,3,-1,6,2,
#moving_targetting_pos=-1,-1|26,26|-1,-1|-1,-1|-1,-1|-1,-1|-1,-1|19,2|-1,-1|-1,-1|
#setting_targetting_pos=17,29|-1,-1|15,16|-1,-1|9,7|25,13|19,7|19,30|23,7|-1,-1|
#type=4,3,4,4,4,4,4,0,4,4,
.RR..L....
#101110000010001
#assigned_pet=5,-1,5,-1,-1,6,9,-1,9,-1,
#assigned_hub=5,8,4,1,0,7,3,-1,6,2,
#moving_targetting_pos=-1,-1|26,26|-1,-1|-1,-1|-1,-1|-1,-1|-1,-1|19,2|-1,-1|-1,-1|
#setting_targetting_pos=15,23|-1,-1|15,19|-1,-1|-1,-1|25,13|19,7|19,30|23,7|-1,-1|
#type=4,3,4,4,4,4,4,0,4,4,
LRR..L....
#101110000010001
#assigned_pet=1,-1,8,8,-1,6,9,-1,9,-1,
#assigned_hub=5,8,4,1,0,7,3,-1,6,2,
#moving_targetting_pos=-1,-1|26,26|-1,-1|-1,-1|-1,-1|-1,-1|-1,-1|19,2|-1,-1|-1,-1|
#setting_targetting_pos=17,28|-1,-1|13,15|9,15|-1,-1|25,13|19,7|19,30|23,7|-1,-1|
#type=4,3,4,4,4,4,4,0,4,4,
.RLR......
#101110000010001
#assigned_pet=1,-1,8,8,-1,6,9,-1,9,-1,
#assigned_hub=5,8,4,1,0,7,3,-1,6,2,
#moving_targetting_pos=-1,-1|26,26|-1,-1|-1,-1|-1,-1|-1,-1|-1,-1|19,2|-1,-1|-1,-1|
#setting_targetting_pos=18,27|-1,-1|13,15|9,15|-1,-1|25,13|19,7|19,30|23,7|-1,-1|
#type=4,3,4,4,4,4,4,0,4,4,
LRUR......
#101110000010001
#assigned_pet=1,-1,8,8,-1,7,9,-1,9,-1,
#assigned_hub=5,8,4,1,0,7,3,-1,6,2,
#moving_targetting_pos=-1,-1|26,26|-1,-1|-1,-1|-1,-1|-1,-1|-1,-1|19,2|-1,-1|-1,-1|
#setting_targetting_pos=18,25|-1,-1|13,15|9,15|-1,-1|27,19|19,7|19,30|23,7|-1,-1|
#type=4,3,4,4,4,4,4,0,4,4,
LRUD.R....
#101110000010001
#assigned_pet=5,-1,8,8,-1,7,9,-1,9,-1,
#assigned_hub=5,8,4,1,0,7,3,-1,6,2,
#moving_targetting_pos=-1,-1|26,26|-1,-1|-1,-1|-1,-1|-1,-1|-1,-1|19,2|-1,-1|-1,-1|
#setting_targetting_pos=15,23|-1,-1|13,15|9,15|-1,-1|27,19|19,7|19,30|23,7|-1,-1|
#type=4,3,4,4,4,4,4,0,4,4,
LRUD.R....
#101110000010001
#assigned_pet=1,-1,8,8,-1,7,9,-1,9,-1,
#assigned_hub=5,8,4,1,0,7,3,-1,6,2,
#moving_targetting_pos=-1,-1|26,26|-1,-1|-1,-1|-1,-1|-1,-1|-1,-1|19,2|-1,-1|-1,-1|
#setting_targetting_pos=18,25|-1,-1|13,15|9,15|-1,-1|27,19|19,7|19,30|23,7|-1,-1|
#type=4,3,4,4,4,4,4,0,4,4,
DR...R....
#101110001010001
#assigned_pet=5,-1,8,8,-1,7,9,-1,9,-1,
#assigned_hub=5,8,4,1,0,7,3,-1,6,2,
#moving_targetting_pos=-1,-1|26,26|-1,-1|-1,-1|-1,-1|-1,-1|-1,-1|19,2|-1,-1|-1,-1|
#setting_targetting_pos=15,23|-1,-1|13,15|9,15|-1,-1|27,19|19,7|19,30|23,7|-1,-1|
#type=4,3,5,5,4,4,4,0,4,4,
LRud.R....
#101110001010001
#assigned_pet=5,-1,5,-1,-1,-1,9,-1,9,-1,
#assigned_hub=5,8,4,1,0,7,3,-1,6,2,
#moving_targetting_pos=-1,-1|26,26|-1,-1|6,16|-1,-1|-1,-1|-1,-1|19,2|-1,-1|-1,-1|
#setting_targetting_pos=15,23|-1,-1|15,19|-1,-1|-1,-1|-1,-1|19,7|19,30|23,7|-1,-1|
#type=4,3,4,4,4,4,4,0,4,4,
LRR.......
#101110001010001
#assigned_pet=5,-1,5,-1,-1,-1,9,-1,9,-1,
#assigned_hub=5,8,4,1,0,7,3,-1,6,2,
#moving_targetting_pos=-1,-1|26,26|-1,-1|6,16|-1,-1|-1,-1|-1,-1|19,2|-1,-1|-1,-1|
#setting_targetting_pos=15,23|-1,-1|15,19|-1,-1|-1,-1|-1,-1|19,7|19,30|23,7|-1,-1|
#type=4,3,4,4,4,4,4,0,4,4,
URR.......
#101110001010001
#assigned_pet=5,-1,5,-1,-1,-1,9,-1,9,-1,
#assigned_hub=5,8,4,1,0,7,3,-1,6,2,
#moving_targetting_pos=-1,-1|26,26|-1,-1|6,16|-1,-1|-1,-1|-1,-1|19,2|-1,-1|-1,-1|
#setting_targetting_pos=15,23|-1,-1|15,19|-1,-1|-1,-1|-1,-1|19,7|19,30|23,7|-1,-1|
#type=4,3,4,4,4,4,4,0,4,4,
.RD.......
#101110001010001
#assigned_pet=5,-1,5,-1,-1,-1,9,-1,9,-1,
#assigned_hub=5,8,4,1,0,7,3,-1,6,2,
#moving_targetting_pos=-1,-1|26,26|-1,-1|6,16|-1,-1|-1,-1|-1,-1|19,2|-1,-1|-1,-1|
#setting_targetting_pos=15,23|-1,-1|15,19|-1,-1|-1,-1|-1,-1|19,7|19,30|23,7|-1,-1|
#type=4,3,4,4,4,4,4,0,4,4,
.DR.......
#101111001010011
#assigned_pet=5,-1,5,-1,-1,-1,13,-1,13,-1,
#assigned_hub=5,8,4,1,0,7,3,-1,6,2,
#moving_targetting_pos=-1,-1|26,26|-1,-1|6,16|-1,-1|-1,-1|-1,-1|19,2|-1,-1|-1,-1|
#setting_targetting_pos=15,23|-1,-1|15,19|-1,-1|-1,-1|-1,-1|19,7|19,30|23,7|-1,-1|
#type=5,3,5,4,4,4,5,0,5,4,
uDr...d.u.
#101111001010011
#assigned_pet=12,-1,12,-1,-1,-1,6,-1,6,-1,
#assigned_hub=5,8,4,1,0,7,3,-1,6,2,
#moving_targetting_pos=-1,-1|26,26|-1,-1|6,16|-1,-1|-1,-1|-1,-1|19,2|-1,-1|-1,-1|
#setting_targetting_pos=17,23|-1,-1|17,19|-1,-1|-1,-1|-1,-1|19,5|19,30|23,5|-1,-1|
#type=4,3,4,4,4,4,4,0,4,4,
.DD...L.L.
#101111001010011
#assigned_pet=12,-1,12,-1,-1,-1,6,-1,6,-1,
#assigned_hub=5,8,4,1,0,7,3,-1,6,2,
#moving_targetting_pos=-1,-1|26,26|-1,-1|6,16|-1,-1|-1,-1|-1,-1|19,2|-1,-1|-1,-1|
#setting_targetting_pos=17,23|-1,-1|17,19|-1,-1|-1,-1|-1,-1|19,5|19,30|23,5|-1,-1|
#type=4,3,4,4,4,4,4,0,4,4,
.DR...L.L.
#101111101010011
#assigned_pet=12,-1,12,-1,-1,-1,6,-1,6,-1,
#assigned_hub=5,8,4,1,0,7,3,-1,6,2,
#moving_targetting_pos=-1,-1|26,26|-1,-1|6,16|-1,-1|-1,-1|-1,-1|19,2|-1,-1|-1,-1|
#setting_targetting_pos=17,23|-1,-1|17,19|-1,-1|-1,-1|-1,-1|19,5|19,30|23,5|-1,-1|
#type=4,3,4,4,4,4,5,0,5,4,
.D....d.u.
#101111101010111
#assigned_pet=12,-1,12,-1,-1,-1,11,-1,-1,-1,
#assigned_hub=5,8,4,1,0,7,3,-1,6,2,
#moving_targetting_pos=-1,-1|26,26|-1,-1|6,16|-1,-1|-1,-1|-1,-1|19,2|26,6|6,26|
#setting_targetting_pos=17,23|-1,-1|17,19|-1,-1|-1,-1|-1,-1|15,3|19,30|-1,-1|-1,-1|
#type=5,3,5,4,4,4,4,0,4,4,
dDd...U...
#101111101010111
#assigned_pet=-1,-1,-1,-1,-1,-1,11,-1,-1,-1,
#assigned_hub=5,8,4,1,0,7,3,-1,6,2,
#moving_targetting_pos=-1,-1|26,26|16,16|6,16|-1,-1|-1,-1|-1,-1|19,2|26,6|6,26|
#setting_targetting_pos=-1,-1|-1,-1|-1,-1|-1,-1|-1,-1|-1,-1|15,3|19,30|-1,-1|-1,-1|
#type=4,3,4,4,4,4,4,0,4,4,
.D....L...
#101111101010111
#assigned_pet=1,-1,-1,-1,9,-1,11,-1,-1,-1,
#assigned_hub=5,8,4,1,0,7,3,-1,6,2,
#moving_targetting_pos=-1,-1|26,26|16,16|6,16|-1,-1|-1,-1|-1,-1|19,2|26,6|6,26|
#setting_targetting_pos=19,25|-1,-1|-1,-1|-1,-1|9,5|-1,-1|15,3|19,30|-1,-1|-1,-1|
#type=4,3,4,4,4,4,4,0,4,4,
RD..L.L...
#101111101010111
#assigned_pet=1,-1,-1,-1,9,-1,11,-1,-1,-1,
#assigned_hub=5,8,4,1,0,7,3,-1,6,2,
#moving_targetting_pos=-1,-1|26,26|16,16|6,16|-1,-1|-1,-1|-1,-1|19,2|26,6|6,26|
#setting_targetting_pos=19,25|-1,-1|-1,-1|-1,-1|9,5|-1,-1|15,3|19,30|-1,-1|-1,-1|
#type=4,3,4,4,4,4,4,0,4,4,
RR..L.U...
#101111101011111
#assigned_pet=7,7,-1,-1,9,-1,11,-1,-1,-1,
#assigned_hub=5,8,4,1,0,7,3,-1,6,2,
#moving_targetting_pos=-1,-1|-1,-1|16,16|6,16|-1,-1|-1,-1|-1,-1|19,2|26,6|6,26|
#setting_targetting_pos=19,27|23,27|-1,-1|-1,-1|9,5|-1,-1|15,3|19,30|-1,-1|-1,-1|
#type=4,4,4,4,4,4,5,0,4,4,
R.....u...
#101111101011111
#assigned_pet=7,7,-1,-1,9,-1,9,-1,-1,-1,
#assigned_hub=5,8,4,1,0,7,3,-1,6,2,
#moving_targetting_pos=-1,-1|-1,-1|16,16|6,16|-1,-1|-1,-1|-1,-1|19,2|26,6|6,26|
#setting_targetting_pos=19,27|23,27|-1,-1|-1,-1|9,5|-1,-1|13,5|19,30|-1,-1|-1,-1|
#type=4,4,4,4,4,4,4,0,4,4,
R.....R...
#101111101011111
#assigned_pet=7,7,-1,-1,9,-1,9,-1,-1,-1,
#assigned_hub=5,8,4,1,0,7,3,-1,6,2,
#moving_targetting_pos=-1,-1|-1,-1|16,16|6,16|-1,-1|-1,-1|-1,-1|19,2|26,6|6,26|
#setting_targetting_pos=19,27|23,27|-1,-1|-1,-1|9,5|-1,-1|13,5|19,30|-1,-1|-1,-1|
#type=4,4,4,4,4,4,4,0,4,4,
D.....R...
#101111101011111
#assigned_pet=7,7,-1,-1,9,-1,-1,-1,-1,-1,
#assigned_hub=5,8,4,1,0,7,3,-1,6,2,
#moving_targetting_pos=-1,-1|-1,-1|16,16|6,16|-1,-1|-1,-1|-1,-1|19,2|26,6|6,26|
#setting_targetting_pos=19,27|23,27|-1,-1|-1,-1|7,5|-1,-1|-1,-1|19,30|-1,-1|-1,-1|
#type=4,4,4,4,4,4,4,0,4,4,
D.........
#101111111011111
#assigned_pet=7,7,-1,-1,9,-1,-1,-1,-1,-1,
#assigned_hub=5,8,4,1,0,7,3,-1,6,2,
#moving_targetting_pos=-1,-1|-1,-1|16,16|6,16|-1,-1|-1,-1|-1,-1|19,2|26,6|6,26|
#setting_targetting_pos=19,27|23,27|-1,-1|-1,-1|7,5|-1,-1|-1,-1|19,30|-1,-1|-1,-1|
#type=5,5,4,4,4,4,4,0,4,4,
dr........
#101111111011111
#assigned_pet=-1,1,-1,-1,9,-1,-1,-1,-1,-1,
#assigned_hub=5,8,4,1,0,7,3,-1,6,2,
#moving_targetting_pos=-1,-1|-1,-1|16,16|6,16|-1,-1|-1,-1|-1,-1|19,2|26,6|6,26|
#setting_targetting_pos=-1,-1|26,23|-1,-1|-1,-1|7,5|-1,-1|-1,-1|19,30|-1,-1|-1,-1|
#type=4,4,4,4,4,4,4,0,4,4,
.L........
#101111111011111
#assigned_pet=-1,1,-1,-1,9,-1,-1,-1,-1,-1,
#assigned_hub=5,8,4,1,0,7,3,-1,6,2,
#moving_targetting_pos=-1,-1|-1,-1|16,16|6,16|-1,-1|-1,-1|-1,-1|19,2|26,6|6,26|
#setting_targetting_pos=-1,-1|25,24|-1,-1|-1,-1|7,5|-1,-1|-1,-1|19,30|-1,-1|-1,-1|
#type=4,4,4,4,4,4,4,0,4,4,
.D........
#101111111011111
#assigned_pet=-1,1,-1,-1,9,1,-1,-1,-1,-1,
#assigned_hub=5,8,4,1,0,7,3,-1,6,2,
#moving_targetting_pos=-1,-1|-1,-1|16,16|6,16|-1,-1|-1,-1|-1,-1|19,2|26,6|6,26|
#setting_targetting_pos=-1,-1|25,23|-1,-1|-1,-1|7,7|25,19|-1,-1|19,30|-1,-1|-1,-1|
#type=4,4,4,4,4,4,4,0,4,4,
.D..R.....
#101111111011111
#assigned_pet=-1,1,-1,-1,9,1,9,-1,-1,-1,
#assigned_hub=5,8,4,1,0,7,3,-1,6,2,
#moving_targetting_pos=16,26|-1,-1|16,16|6,16|-1,-1|-1,-1|-1,-1|19,2|26,6|6,26|
#setting_targetting_pos=-1,-1|25,23|-1,-1|-1,-1|9,7|25,19|13,7|19,30|-1,-1|-1,-1|
#type=4,4,4,4,4,4,4,0,4,4,
.L..R.R...
#101111111011111
#assigned_pet=-1,1,-1,-1,9,1,9,-1,-1,-1,
#assigned_hub=5,8,4,1,0,7,3,-1,6,2,
#moving_targetting_pos=16,26|-1,-1|16,16|6,16|-1,-1|-1,-1|-1,-1|19,2|26,6|6,26|
#setting_targetting_pos=-1,-1|25,23|-1,-1|-1,-1|9,7|25,19|13,7|19,30|-1,-1|-1,-1|
#type=4,4,4,4,4,4,4,0,4,4,
......R...
#101111111011111
#assigned_pet=-1,-1,-1,-1,9,1,9,-1,-1,-1,
#assigned_hub=5,8,4,1,0,7,3,-1,6,2,
#moving_targetting_pos=16,26|-1,-1|-1,-1|6,16|-1,-1|-1,-1|-1,-1|19,2|26,6|6,26|
#setting_targetting_pos=-1,-1|-1,-1|-1,-1|-1,-1|9,7|25,18|13,7|19,30|-1,-1|-1,-1|
#type=4,4,4,4,4,4,4,0,4,4,
.....LU...
#101111111011111
#assigned_pet=-1,-1,-1,-1,9,1,9,-1,-1,-1,
#assigned_hub=5,8,4,1,0,7,3,-1,6,2,
#moving_targetting_pos=16,26|-1,-1|-1,-1|6,16|-1,-1|-1,-1|-1,-1|19,2|26,6|6,26|
#setting_targetting_pos=-1,-1|-1,-1|-1,-1|-1,-1|9,7|26,17|13,7|19,30|-1,-1|-1,-1|
#type=4,4,4,4,4,4,4,0,4,4,
......U...
#101111111011111
#assigned_pet=-1,-1,-1,-1,9,1,9,-1,-1,-1,
#assigned_hub=5,8,4,1,0,7,3,-1,6,2,
#moving_targetting_pos=16,26|-1,-1|-1,-1|6,16|-1,-1|-1,-1|-1,-1|19,2|26,6|6,26|
#setting_targetting_pos=-1,-1|-1,-1|-1,-1|-1,-1|9,7|26,17|13,7|19,30|-1,-1|-1,-1|
#type=4,4,4,4,4,4,4,0,4,4,
..........
#101111111011111
#assigned_pet=-1,-1,-1,-1,9,1,9,-1,-1,-1,
#assigned_hub=5,8,4,1,0,7,3,-1,6,2,
#moving_targetting_pos=16,26|-1,-1|-1,-1|6,16|-1,-1|-1,-1|-1,-1|19,2|26,6|6,26|
#setting_targetting_pos=-1,-1|-1,-1|-1,-1|-1,-1|9,7|24,17|13,7|19,30|-1,-1|-1,-1|
#type=4,4,4,4,4,4,4,0,4,4,
..........
#101111111011111
#assigned_pet=-1,-1,-1,-1,9,1,9,-1,-1,-1,
#assigned_hub=5,8,4,1,0,7,3,-1,6,2,
#moving_targetting_pos=16,26|-1,-1|-1,-1|6,16|-1,-1|-1,-1|-1,-1|19,2|-1,-1|6,26|
#setting_targetting_pos=-1,-1|-1,-1|-1,-1|-1,-1|9,7|25,16|13,7|19,30|-1,-1|-1,-1|
#type=4,4,4,4,4,4,4,0,4,4,
..........
#101111111011111
#assigned_pet=-1,-1,-1,-1,9,1,9,-1,-1,-1,
#assigned_hub=5,8,4,1,0,7,3,-1,6,2,
#moving_targetting_pos=16,26|-1,-1|16,16|6,16|-1,-1|-1,-1|-1,-1|19,2|-1,-1|6,26|
#setting_targetting_pos=-1,-1|-1,-1|-1,-1|-1,-1|9,7|25,14|13,7|19,30|-1,-1|-1,-1|
#type=4,4,4,4,4,4,4,0,4,4,
.....L....
#101111111011111
#assigned_pet=-1,-1,-1,-1,-1,1,9,-1,-1,-1,
#assigned_hub=5,8,4,1,0,7,3,-1,6,2,
#moving_targetting_pos=16,26|-1,-1|16,16|6,16|-1,-1|-1,-1|-1,-1|19,2|-1,-1|6,26|
#setting_targetting_pos=-1,-1|-1,-1|-1,-1|-1,-1|-1,-1|25,14|14,6|19,30|-1,-1|-1,-1|
#type=4,4,4,4,4,4,4,0,4,4,
.....L....
#101111111011111
#assigned_pet=-1,-1,-1,-1,-1,1,9,-1,-1,-1,
#assigned_hub=5,8,4,1,0,7,3,-1,6,2,
#moving_targetting_pos=16,26|-1,-1|16,16|6,16|-1,-1|-1,-1|-1,-1|19,2|-1,-1|6,26|
#setting_targetting_pos=-1,-1|-1,-1|-1,-1|-1,-1|-1,-1|25,14|16,6|19,30|-1,-1|-1,-1|
#type=4,4,4,4,4,4,4,0,4,4,
......L...
#101111111011111
#assigned_pet=-1,-1,-1,-1,-1,1,9,-1,-1,-1,
#assigned_hub=5,8,4,1,0,7,3,-1,6,2,
#moving_targetting_pos=16,26|-1,-1|16,16|6,16|-1,-1|-1,-1|-1,-1|19,2|-1,-1|6,26|
#setting_targetting_pos=-1,-1|-1,-1|-1,-1|-1,-1|-1,-1|25,14|15,7|19,30|-1,-1|-1,-1|
#type=4,4,4,4,4,4,4,0,4,4,
......R...
#101111111011111
#assigned_pet=-1,-1,9,-1,-1,1,9,-1,-1,-1,
#assigned_hub=5,8,4,1,0,7,3,-1,6,2,
#moving_targetting_pos=16,26|-1,-1|-1,-1|6,16|-1,-1|-1,-1|-1,-1|19,2|-1,-1|6,26|
#setting_targetting_pos=-1,-1|-1,-1|15,13|-1,-1|-1,-1|25,14|15,9|19,30|-1,-1|-1,-1|
#type=4,4,4,4,4,4,4,0,4,4,
..L...D...
#101111111011111
#assigned_pet=-1,-1,9,-1,-1,1,9,-1,-1,-1,
#assigned_hub=5,8,4,1,0,7,3,-1,6,2,
#moving_targetting_pos=16,26|-1,-1|-1,-1|6,16|-1,-1|-1,-1|-1,-1|19,2|-1,-1|6,26|
#setting_targetting_pos=-1,-1|-1,-1|15,13|-1,-1|-1,-1|25,14|15,9|19,30|-1,-1|-1,-1|
#type=4,4,4,4,4,4,4,0,4,4,
..L...R...
#101111111011111
#assigned_pet=-1,-1,9,-1,-1,1,9,-1,-1,-1,
#assigned_hub=5,8,4,1,0,7,3,-1,6,2,
#moving_targetting_pos=16,26|-1,-1|-1,-1|6,16|-1,-1|-1,-1|-1,-1|19,2|-1,-1|6,26|
#setting_targetting_pos=-1,-1|-1,-1|15,13|-1,-1|-1,-1|25,14|15,9|19,30|-1,-1|-1,-1|
#type=4,4,4,4,4,4,4,0,4,4,
..L.......
#101111111011111
#assigned_pet=-1,-1,9,-1,-1,1,9,-1,1,-1,
#assigned_hub=5,8,4,1,0,7,3,-1,6,2,
#moving_targetting_pos=16,26|-1,-1|-1,-1|6,16|6,6|-1,-1|-1,-1|19,2|-1,-1|6,26|
#setting_targetting_pos=-1,-1|-1,-1|15,13|-1,-1|-1,-1|25,13|15,9|19,30|25,9|-1,-1|
#type=4,4,4,4,4,4,4,0,4,4,
..L..L..R.
#101111111011111
#assigned_pet=-1,-1,9,-1,-1,1,9,-1,1,-1,
#assigned_hub=5,8,4,1,0,7,3,-1,6,2,
#moving_targetting_pos=16,26|-1,-1|-1,-1|6,16|6,6|-1,-1|-1,-1|19,2|-1,-1|6,26|
#setting_targetting_pos=-1,-1|-1,-1|15,13|-1,-1|-1,-1|25,13|15,9|19,30|25,9|-1,-1|
#type=4,4,4,4,4,4,4,0,4,4,
..L.....R.
#101111111011111
#assigned_pet=-1,-1,9,-1,-1,1,9,-1,1,-1,
#assigned_hub=5,8,4,1,0,7,3,-1,6,2,
#moving_targetting_pos=16,26|26,26|-1,-1|6,16|6,6|-1,-1|-1,-1|19,2|-1,-1|6,26|
#setting_targetting_pos=-1,-1|-1,-1|15,13|-1,-1|-1,-1|25,13|15,9|19,30|25,9|-1,-1|
#type=4,4,4,4,4,4,4,0,4,4,
..L.....D.
#101111111011111
#assigned_pet=-1,-1,9,-1,-1,1,9,-1,1,-1,
#assigned_hub=5,8,4,1,0,7,3,-1,6,2,
#moving_targetting_pos=16,26|26,26|-1,-1|6,16|6,6|-1,-1|-1,-1|19,2|-1,-1|6,26|
#setting_targetting_pos=-1,-1|-1,-1|15,13|-1,-1|-1,-1|25,13|15,9|19,30|25,9|-1,-1|
#type=4,4,4,4,4,4,4,0,4,4,
........R.
#111111111011111
#assigned_pet=-1,-1,9,-1,-1,1,-1,-1,1,-1,
#assigned_hub=5,8,4,1,0,7,3,-1,6,2,
#moving_targetting_pos=16,26|26,26|-1,-1|6,16|6,6|-1,-1|-1,-1|19,2|-1,-1|6,26|
#setting_targetting_pos=-1,-1|-1,-1|16,14|-1,-1|-1,-1|25,13|-1,-1|19,30|25,9|-1,-1|
#type=4,4,4,4,4,5,4,0,5,4,
.....l..r.
#111111111011111
#assigned_pet=-1,-1,9,-1,-1,-1,-1,-1,-1,-1,
#assigned_hub=5,8,4,1,0,7,3,-1,6,2,
#moving_targetting_pos=16,26|26,26|-1,-1|6,16|6,6|-1,-1|-1,-1|19,2|26,6|6,26|
#setting_targetting_pos=-1,-1|-1,-1|17,15|-1,-1|-1,-1|-1,-1|-1,-1|19,30|-1,-1|-1,-1|
#type=4,4,4,4,4,4,4,0,4,4,
..R.......
#111111111011111
#assigned_pet=-1,-1,9,-1,-1,-1,-1,-1,-1,-1,
#assigned_hub=5,8,4,1,0,7,3,-1,6,2,
#moving_targetting_pos=16,26|26,26|-1,-1|6,16|6,6|-1,-1|-1,-1|19,2|26,6|6,26|
#setting_targetting_pos=-1,-1|-1,-1|17,15|-1,-1|-1,-1|-1,-1|-1,-1|19,30|-1,-1|-1,-1|
#type=4,4,4,4,4,4,4,0,4,4,
..R.......
#111111111011111
#assigned_pet=-1,-1,9,-1,-1,-1,-1,-1,-1,-1,
#assigned_hub=5,8,4,1,0,7,3,-1,6,2,
#moving_targetting_pos=16,26|26,26|-1,-1|6,16|6,6|-1,-1|-1,-1|19,2|26,6|6,26|
#setting_targetting_pos=-1,-1|-1,-1|17,15|-1,-1|-1,-1|-1,-1|-1,-1|19,30|-1,-1|-1,-1|
#type=4,4,4,4,4,4,4,0,4,4,
..........
#111111111011111
#assigned_pet=-1,-1,9,-1,-1,-1,-1,-1,-1,-1,
#assigned_hub=5,8,4,1,0,7,3,-1,6,2,
#moving_targetting_pos=16,26|26,26|-1,-1|-1,-1|6,6|-1,-1|-1,-1|19,2|26,6|6,26|
#setting_targetting_pos=-1,-1|-1,-1|15,15|-1,-1|-1,-1|-1,-1|-1,-1|19,30|-1,-1|-1,-1|
#type=4,4,4,4,4,4,4,0,4,4,
..........
#111111111011111
#assigned_pet=-1,-1,9,-1,-1,-1,-1,-1,-1,-1,
#assigned_hub=5,8,4,1,0,7,3,-1,6,2,
#moving_targetting_pos=16,26|26,26|-1,-1|-1,-1|6,6|26,16|-1,-1|19,2|26,6|6,26|
#setting_targetting_pos=-1,-1|-1,-1|15,17|-1,-1|-1,-1|-1,-1|-1,-1|19,30|-1,-1|-1,-1|
#type=4,4,4,4,4,4,4,0,4,4,
..R.......
#111111111011111
#assigned_pet=-1,-1,9,-1,-1,-1,-1,-1,-1,-1,
#assigned_hub=5,8,4,1,0,7,3,-1,6,2,
#moving_targetting_pos=16,26|26,26|-1,-1|-1,-1|6,6|26,16|-1,-1|19,2|26,6|6,26|
#setting_targetting_pos=-1,-1|-1,-1|15,17|-1,-1|-1,-1|-1,-1|-1,-1|19,30|-1,-1|-1,-1|
#type=4,4,4,4,4,4,4,0,4,4,
..R.......
#111111111011111
#assigned_pet=-1,-1,9,-1,-1,-1,-1,-1,-1,-1,
#assigned_hub=5,8,4,1,0,7,3,-1,6,2,
#moving_targetting_pos=16,26|26,26|-1,-1|-1,-1|6,6|26,16|-1,-1|19,2|26,6|6,26|
#setting_targetting_pos=-1,-1|-1,-1|14,16|-1,-1|-1,-1|-1,-1|-1,-1|19,30|-1,-1|-1,-1|
#type=4,4,4,4,4,4,4,0,4,4,
..L.......
#111111111011111
#assigned_pet=-1,-1,9,9,-1,-1,-1,-1,-1,-1,
#assigned_hub=5,8,4,1,0,7,3,-1,6,2,
#moving_targetting_pos=16,26|26,26|-1,-1|-1,-1|6,6|26,16|-1,-1|19,2|26,6|6,26|
#setting_targetting_pos=-1,-1|-1,-1|13,17|9,17|-1,-1|-1,-1|-1,-1|19,30|-1,-1|-1,-1|
#type=4,4,4,4,4,4,4,0,4,4,
..RR......
#111111111011111
#assigned_pet=-1,-1,9,9,-1,-1,-1,-1,-1,-1,
#assigned_hub=5,8,4,1,0,7,3,-1,6,2,
#moving_targetting_pos=16,26|26,26|-1,-1|-1,-1|6,6|26,16|-1,-1|19,2|26,6|6,26|
#setting_targetting_pos=-1,-1|-1,-1|13,17|9,17|-1,-1|-1,-1|-1,-1|19,30|-1,-1|-1,-1|
#type=4,4,4,4,4,4,4,0,4,4,
..UR......
#111111111011111
#assigned_pet=-1,-1,9,9,-1,-1,-1,-1,-1,-1,
#assigned_hub=5,8,4,1,0,7,3,-1,6,2,
#moving_targetting_pos=16,26|26,26|-1,-1|-1,-1|6,6|26,16|16,6|19,2|26,6|6,26|
#setting_targetting_pos=-1,-1|-1,-1|13,17|9,17|-1,-1|-1,-1|-1,-1|19,30|-1,-1|-1,-1|
#type=4,4,4,4,4,4,4,0,4,4,
..U.......
#111111111111111
#assigned_pet=-1,-1,9,9,-1,-1,-1,-1,-1,-1,
#assigned_hub=5,8,4,1,0,7,3,-1,6,2,
#moving_targetting_pos=16,26|26,26|-1,-1|-1,-1|6,6|26,16|16,6|19,2|26,6|6,26|
#setting_targetting_pos=-1,-1|-1,-1|13,17|9,17|-1,-1|-1,-1|-1,-1|19,30|-1,-1|-1,-1|
#type=4,4,5,5,4,4,4,0,4,4,
..ud......
#111111111111111
#assigned_pet=-1,-1,-1,-1,-1,-1,-1,-1,-1,-1,
#assigned_hub=5,8,4,1,0,7,3,-1,6,2,
#moving_targetting_pos=16,26|26,26|16,16|6,16|6,6|26,16|16,6|19,2|26,6|6,26|
#setting_targetting_pos=-1,-1|-1,-1|-1,-1|-1,-1|-1,-1|-1,-1|-1,-1|19,30|-1,-1|-1,-1|
#type=4,4,4,4,4,4,4,0,4,4,
..........
#111111111111111
#assigned_pet=-1,-1,-1,-1,-1,-1,-1,-1,-1,-1,
#assigned_hub=5,8,4,1,0,7,3,-1,6,2,
#moving_targetting_pos=16,26|26,26|16,16|6,16|6,6|26,16|16,6|19,2|26,6|6,26|
#setting_targetting_pos=-1,-1|-1,-1|-1,-1|-1,-1|-1,-1|-1,-1|-1,-1|19,30|-1,-1|-1,-1|
#type=4,4,4,4,4,4,4,0,4,4,
..........
#111111111111111
#assigned_pet=-1,-1,-1,-1,-1,-1,-1,-1,-1,-1,
#assigned_hub=5,8,4,1,0,7,3,-1,6,2,
#moving_targetting_pos=16,26|26,26|16,16|6,16|6,6|26,16|16,6|19,2|26,6|6,26|
#setting_targetting_pos=-1,-1|-1,-1|-1,-1|-1,-1|-1,-1|-1,-1|-1,-1|19,30|-1,-1|-1,-1|
#type=4,4,4,4,4,4,4,0,4,4,
..........
#111111111111111
#assigned_pet=-1,-1,-1,-1,-1,-1,-1,-1,-1,-1,
#assigned_hub=5,8,4,1,0,7,3,-1,6,2,
#moving_targetting_pos=16,26|26,26|16,16|6,16|6,6|26,16|16,6|19,2|26,6|6,26|
#setting_targetting_pos=-1,-1|-1,-1|-1,-1|-1,-1|-1,-1|-1,-1|-1,-1|19,30|-1,-1|-1,-1|
#type=4,4,4,4,4,4,4,0,4,4,
..........
#111111111111111
#assigned_pet=-1,-1,-1,-1,-1,-1,-1,-1,-1,-1,
#assigned_hub=5,8,4,1,0,7,3,-1,6,2,
#moving_targetting_pos=16,26|26,26|16,16|6,16|6,6|26,16|16,6|19,2|26,6|6,26|
#setting_targetting_pos=-1,-1|-1,-1|-1,-1|-1,-1|-1,-1|-1,-1|-1,-1|19,30|-1,-1|-1,-1|
#type=4,4,4,4,4,4,4,0,4,4,
..........
#111111111111111
#assigned_pet=-1,-1,-1,-1,-1,-1,-1,-1,-1,-1,
#assigned_hub=5,8,4,1,0,7,3,-1,6,2,
#moving_targetting_pos=16,26|26,26|16,16|6,16|6,6|26,16|16,6|19,2|26,6|6,26|
#setting_targetting_pos=-1,-1|-1,-1|-1,-1|-1,-1|-1,-1|-1,-1|-1,-1|19,30|-1,-1|-1,-1|
#type=4,4,4,4,4,4,4,0,4,4,
..........
#111111111111111
#assigned_pet=-1,-1,-1,-1,-1,-1,-1,-1,-1,-1,
#assigned_hub=5,8,4,1,0,7,3,-1,6,2,
#moving_targetting_pos=16,26|26,26|16,16|6,16|6,6|26,16|16,6|19,2|26,6|6,26|
#setting_targetting_pos=-1,-1|-1,-1|-1,-1|-1,-1|-1,-1|-1,-1|-1,-1|19,30|-1,-1|-1,-1|
#type=4,4,4,4,4,4,4,0,4,4,
..........
#111111111111111
#assigned_pet=-1,-1,-1,-1,-1,-1,-1,-1,-1,-1,
#assigned_hub=5,8,4,1,0,7,3,-1,6,2,
#moving_targetting_pos=16,26|26,26|16,16|6,16|6,6|26,16|16,6|19,2|26,6|6,26|
#setting_targetting_pos=-1,-1|-1,-1|-1,-1|-1,-1|-1,-1|-1,-1|-1,-1|19,30|-1,-1|-1,-1|
#type=4,4,4,4,4,4,4,0,4,4,
..........
#111111111111111
#assigned_pet=-1,-1,-1,-1,-1,-1,-1,-1,-1,-1,
#assigned_hub=5,8,4,1,0,7,3,-1,6,2,
#moving_targetting_pos=16,26|26,26|16,16|6,16|6,6|26,16|16,6|19,2|26,6|6,26|
#setting_targetting_pos=-1,-1|-1,-1|-1,-1|-1,-1|-1,-1|-1,-1|-1,-1|19,30|-1,-1|-1,-1|
#type=4,4,4,4,4,4,4,0,4,4,
..........
#111111111111111
#assigned_pet=-1,-1,-1,-1,-1,-1,-1,-1,-1,-1,
#assigned_hub=5,8,4,1,0,7,3,-1,6,2,
#moving_targetting_pos=16,26|26,26|16,16|6,16|6,6|26,16|16,6|19,2|26,6|6,26|
#setting_targetting_pos=-1,-1|-1,-1|-1,-1|-1,-1|-1,-1|-1,-1|-1,-1|19,30|-1,-1|-1,-1|
#type=4,4,4,4,4,4,4,0,4,4,
..........
#111111111111111
#assigned_pet=-1,-1,-1,-1,-1,-1,-1,-1,-1,-1,
#assigned_hub=5,8,4,1,0,7,3,-1,6,2,
#moving_targetting_pos=16,26|26,26|16,16|6,16|6,6|26,16|16,6|19,2|26,6|6,26|
#setting_targetting_pos=-1,-1|-1,-1|-1,-1|-1,-1|-1,-1|-1,-1|-1,-1|19,30|-1,-1|-1,-1|
#type=4,4,4,4,4,4,4,0,4,4,
..........
#111111111111111
#assigned_pet=-1,-1,-1,-1,-1,-1,-1,-1,-1,-1,
#assigned_hub=5,8,4,1,0,7,3,-1,6,2,
#moving_targetting_pos=16,26|26,26|16,16|6,16|6,6|26,16|16,6|19,2|26,6|6,26|
#setting_targetting_pos=-1,-1|-1,-1|-1,-1|-1,-1|-1,-1|-1,-1|-1,-1|19,30|-1,-1|-1,-1|
#type=4,4,4,4,4,4,4,0,4,4,
..........
#111111111111111
#assigned_pet=-1,-1,-1,-1,-1,-1,-1,-1,-1,-1,
#assigned_hub=5,8,4,1,0,7,3,-1,6,2,
#moving_targetting_pos=16,26|26,26|16,16|6,16|6,6|26,16|16,6|19,2|26,6|6,26|
#setting_targetting_pos=-1,-1|-1,-1|-1,-1|-1,-1|-1,-1|-1,-1|-1,-1|19,30|-1,-1|-1,-1|
#type=4,4,4,4,4,4,4,0,4,4,
..........
#111111111111111
#assigned_pet=-1,-1,-1,-1,-1,-1,-1,-1,-1,-1,
#assigned_hub=5,8,4,1,0,7,3,-1,6,2,
#moving_targetting_pos=16,26|26,26|16,16|6,16|6,6|26,16|16,6|19,2|26,6|6,26|
#setting_targetting_pos=-1,-1|-1,-1|-1,-1|-1,-1|-1,-1|-1,-1|-1,-1|19,30|-1,-1|-1,-1|
#type=4,4,4,4,4,4,4,0,4,4,
..........
#111111111111111
#assigned_pet=-1,-1,-1,-1,-1,-1,-1,-1,-1,-1,
#assigned_hub=5,8,4,1,0,7,3,-1,6,2,
#moving_targetting_pos=16,26|26,26|16,16|6,16|6,6|26,16|16,6|19,2|26,6|6,26|
#setting_targetting_pos=-1,-1|-1,-1|-1,-1|-1,-1|-1,-1|-1,-1|-1,-1|19,30|-1,-1|-1,-1|
#type=4,4,4,4,4,4,4,0,4,4,
..........
#111111111111111
#assigned_pet=-1,-1,-1,-1,-1,-1,-1,-1,-1,-1,
#assigned_hub=5,8,4,1,0,7,3,-1,6,2,
#moving_targetting_pos=16,26|26,26|16,16|6,16|6,6|26,16|16,6|19,2|26,6|6,26|
#setting_targetting_pos=-1,-1|-1,-1|-1,-1|-1,-1|-1,-1|-1,-1|-1,-1|19,30|-1,-1|-1,-1|
#type=4,4,4,4,4,4,4,0,4,4,
..........
#111111111111111
#assigned_pet=-1,-1,-1,-1,-1,-1,-1,-1,-1,-1,
#assigned_hub=5,8,4,1,0,7,3,-1,6,2,
#moving_targetting_pos=16,26|26,26|16,16|6,16|6,6|26,16|16,6|19,2|26,6|6,26|
#setting_targetting_pos=-1,-1|-1,-1|-1,-1|-1,-1|-1,-1|-1,-1|-1,-1|19,30|-1,-1|-1,-1|
#type=4,4,4,4,4,4,4,0,4,4,
..........
#111111111111111
#assigned_pet=-1,-1,-1,-1,-1,-1,-1,-1,-1,-1,
#assigned_hub=5,8,4,1,0,7,3,-1,6,2,
#moving_targetting_pos=16,26|26,26|16,16|6,16|6,6|26,16|16,6|19,2|26,6|6,26|
#setting_targetting_pos=-1,-1|-1,-1|-1,-1|-1,-1|-1,-1|-1,-1|-1,-1|19,30|-1,-1|-1,-1|
#type=4,4,4,4,4,4,4,0,4,4,
..........
#111111111111111
#assigned_pet=-1,-1,-1,-1,-1,-1,-1,-1,-1,-1,
#assigned_hub=5,8,4,1,0,7,3,-1,6,2,
#moving_targetting_pos=16,26|26,26|16,16|6,16|6,6|26,16|16,6|19,2|26,6|6,26|
#setting_targetting_pos=-1,-1|-1,-1|-1,-1|-1,-1|-1,-1|-1,-1|-1,-1|19,30|-1,-1|-1,-1|
#type=4,4,4,4,4,4,4,0,4,4,
..........
#111111111111111
#assigned_pet=-1,-1,-1,-1,-1,-1,-1,-1,-1,-1,
#assigned_hub=5,8,4,1,0,7,3,-1,6,2,
#moving_targetting_pos=16,26|26,26|16,16|6,16|6,6|26,16|16,6|19,2|26,6|6,26|
#setting_targetting_pos=-1,-1|-1,-1|-1,-1|-1,-1|-1,-1|-1,-1|-1,-1|19,30|-1,-1|-1,-1|
#type=4,4,4,4,4,4,4,0,4,4,
..........
#111111111111111
#assigned_pet=-1,-1,-1,-1,-1,-1,-1,-1,-1,-1,
#assigned_hub=5,8,4,1,0,7,3,-1,6,2,
#moving_targetting_pos=16,26|26,26|16,16|6,16|6,6|26,16|16,6|19,2|26,6|6,26|
#setting_targetting_pos=-1,-1|-1,-1|-1,-1|-1,-1|-1,-1|-1,-1|-1,-1|19,30|-1,-1|-1,-1|
#type=4,4,4,4,4,4,4,0,4,4,
..........
#111111111111111
#assigned_pet=-1,-1,-1,-1,-1,-1,-1,-1,-1,-1,
#assigned_hub=5,8,4,1,0,7,3,-1,6,2,
#moving_targetting_pos=16,26|26,26|16,16|6,16|6,6|26,16|16,6|19,2|26,6|6,26|
#setting_targetting_pos=-1,-1|-1,-1|-1,-1|-1,-1|-1,-1|-1,-1|-1,-1|19,30|-1,-1|-1,-1|
#type=4,4,4,4,4,4,4,0,4,4,
..........
#111111111111111
#assigned_pet=-1,-1,-1,-1,-1,-1,-1,-1,-1,-1,
#assigned_hub=5,8,4,1,0,7,3,-1,6,2,
#moving_targetting_pos=16,26|26,26|16,16|6,16|6,6|26,16|16,6|19,2|26,6|6,26|
#setting_targetting_pos=-1,-1|-1,-1|-1,-1|-1,-1|-1,-1|-1,-1|-1,-1|19,30|-1,-1|-1,-1|
#type=4,4,4,4,4,4,4,0,4,4,
..........
#111111111111111
#assigned_pet=-1,-1,-1,-1,-1,-1,-1,-1,-1,-1,
#assigned_hub=5,8,4,1,0,7,3,-1,6,2,
#moving_targetting_pos=16,26|26,26|16,16|6,16|6,6|26,16|16,6|19,2|26,6|6,26|
#setting_targetting_pos=-1,-1|-1,-1|-1,-1|-1,-1|-1,-1|-1,-1|-1,-1|19,30|-1,-1|-1,-1|
#type=4,4,4,4,4,4,4,0,4,4,
..........
#111111111111111
#assigned_pet=-1,-1,-1,-1,-1,-1,-1,-1,-1,-1,
#assigned_hub=5,8,4,1,0,7,3,-1,6,2,
#moving_targetting_pos=16,26|26,26|16,16|6,16|6,6|26,16|16,6|19,2|26,6|6,26|
#setting_targetting_pos=-1,-1|-1,-1|-1,-1|-1,-1|-1,-1|-1,-1|-1,-1|19,30|-1,-1|-1,-1|
#type=4,4,4,4,4,4,4,0,4,4,
..........
#111111111111111
#assigned_pet=-1,-1,-1,-1,-1,-1,-1,-1,-1,-1,
#assigned_hub=5,8,4,1,0,7,3,-1,6,2,
#moving_targetting_pos=16,26|26,26|16,16|6,16|6,6|26,16|16,6|19,2|26,6|6,26|
#setting_targetting_pos=-1,-1|-1,-1|-1,-1|-1,-1|-1,-1|-1,-1|-1,-1|19,30|-1,-1|-1,-1|
#type=4,4,4,4,4,4,4,0,4,4,
..........
#111111111111111
#assigned_pet=-1,-1,-1,-1,-1,-1,-1,-1,-1,-1,
#assigned_hub=5,8,4,1,0,7,3,-1,6,2,
#moving_targetting_pos=16,26|26,26|16,16|6,16|6,6|26,16|16,6|19,2|26,6|6,26|
#setting_targetting_pos=-1,-1|-1,-1|-1,-1|-1,-1|-1,-1|-1,-1|-1,-1|19,30|-1,-1|-1,-1|
#type=4,4,4,4,4,4,4,0,4,4,
..........
#111111111111111
#assigned_pet=-1,-1,-1,-1,-1,-1,-1,-1,-1,-1,
#assigned_hub=5,8,4,1,0,7,3,-1,6,2,
#moving_targetting_pos=16,26|26,26|16,16|6,16|6,6|26,16|16,6|19,2|26,6|6,26|
#setting_targetting_pos=-1,-1|-1,-1|-1,-1|-1,-1|-1,-1|-1,-1|-1,-1|19,30|-1,-1|-1,-1|
#type=4,4,4,4,4,4,4,0,4,4,
..........
#111111111111111
#assigned_pet=-1,-1,-1,-1,-1,-1,-1,-1,-1,-1,
#assigned_hub=5,8,4,1,0,7,3,-1,6,2,
#moving_targetting_pos=16,26|26,26|16,16|6,16|6,6|26,16|16,6|19,2|26,6|6,26|
#setting_targetting_pos=-1,-1|-1,-1|-1,-1|-1,-1|-1,-1|-1,-1|-1,-1|19,30|-1,-1|-1,-1|
#type=4,4,4,4,4,4,4,0,4,4,
..........
#111111111111111
#assigned_pet=-1,-1,-1,-1,-1,-1,-1,-1,-1,-1,
#assigned_hub=5,8,4,1,0,7,3,-1,6,2,
#moving_targetting_pos=16,26|26,26|16,16|6,16|6,6|26,16|16,6|19,2|26,6|6,26|
#setting_targetting_pos=-1,-1|-1,-1|-1,-1|-1,-1|-1,-1|-1,-1|-1,-1|19,30|-1,-1|-1,-1|
#type=4,4,4,4,4,4,4,0,4,4,
..........
#111111111111111
#assigned_pet=-1,-1,-1,-1,-1,-1,-1,-1,-1,-1,
#assigned_hub=5,8,4,1,0,7,3,-1,6,2,
#moving_targetting_pos=16,26|26,26|16,16|6,16|6,6|26,16|16,6|19,2|26,6|6,26|
#setting_targetting_pos=-1,-1|-1,-1|-1,-1|-1,-1|-1,-1|-1,-1|-1,-1|19,30|-1,-1|-1,-1|
#type=4,4,4,4,4,4,4,0,4,4,
..........
#111111111111111
#assigned_pet=-1,-1,-1,-1,-1,-1,-1,-1,-1,-1,
#assigned_hub=5,8,4,1,0,7,3,-1,6,2,
#moving_targetting_pos=16,26|26,26|16,16|6,16|6,6|26,16|16,6|19,2|26,6|6,26|
#setting_targetting_pos=-1,-1|-1,-1|-1,-1|-1,-1|-1,-1|-1,-1|-1,-1|19,30|-1,-1|-1,-1|
#type=4,4,4,4,4,4,4,0,4,4,
..........
#111111111111111
#assigned_pet=-1,-1,-1,-1,-1,-1,-1,-1,-1,-1,
#assigned_hub=5,8,4,1,0,7,3,-1,6,2,
#moving_targetting_pos=16,26|26,26|16,16|6,16|6,6|26,16|16,6|19,2|26,6|6,26|
#setting_targetting_pos=-1,-1|-1,-1|-1,-1|-1,-1|-1,-1|-1,-1|-1,-1|19,30|-1,-1|-1,-1|
#type=4,4,4,4,4,4,4,0,4,4,
..........
#111111111111111
#assigned_pet=-1,-1,-1,-1,-1,-1,-1,-1,-1,-1,
#assigned_hub=5,8,4,1,0,7,3,-1,6,2,
#moving_targetting_pos=16,26|26,26|16,16|6,16|6,6|26,16|16,6|19,2|26,6|6,26|
#setting_targetting_pos=-1,-1|-1,-1|-1,-1|-1,-1|-1,-1|-1,-1|-1,-1|19,30|-1,-1|-1,-1|
#type=4,4,4,4,4,4,4,0,4,4,
..........
#111111111111111
#assigned_pet=-1,-1,-1,-1,-1,-1,-1,-1,-1,-1,
#assigned_hub=5,8,4,1,0,7,3,-1,6,2,
#moving_targetting_pos=16,26|26,26|16,16|6,16|6,6|26,16|16,6|19,2|26,6|6,26|
#setting_targetting_pos=-1,-1|-1,-1|-1,-1|-1,-1|-1,-1|-1,-1|-1,-1|19,30|-1,-1|-1,-1|
#type=4,4,4,4,4,4,4,0,4,4,
..........
#111111111111111
#assigned_pet=-1,-1,-1,-1,-1,-1,-1,-1,-1,-1,
#assigned_hub=5,8,4,1,0,7,3,-1,6,2,
#moving_targetting_pos=16,26|26,26|16,16|6,16|6,6|26,16|16,6|19,2|26,6|6,26|
#setting_targetting_pos=-1,-1|-1,-1|-1,-1|-1,-1|-1,-1|-1,-1|-1,-1|19,30|-1,-1|-1,-1|
#type=4,4,4,4,4,4,4,0,4,4,
..........
#111111111111111
#assigned_pet=-1,-1,-1,-1,-1,-1,-1,-1,-1,-1,
#assigned_hub=5,8,4,1,0,7,3,-1,6,2,
#moving_targetting_pos=16,26|26,26|16,16|6,16|6,6|26,16|16,6|19,2|26,6|6,26|
#setting_targetting_pos=-1,-1|-1,-1|-1,-1|-1,-1|-1,-1|-1,-1|-1,-1|19,30|-1,-1|-1,-1|
#type=4,4,4,4,4,4,4,0,4,4,
..........
#111111111111111
#assigned_pet=-1,-1,-1,-1,-1,-1,-1,-1,-1,-1,
#assigned_hub=5,8,4,1,0,7,3,-1,6,2,
#moving_targetting_pos=16,26|26,26|16,16|6,16|6,6|26,16|16,6|19,2|26,6|6,26|
#setting_targetting_pos=-1,-1|-1,-1|-1,-1|-1,-1|-1,-1|-1,-1|-1,-1|19,30|-1,-1|-1,-1|
#type=4,4,4,4,4,4,4,0,4,4,
..........
#111111111111111
#assigned_pet=-1,-1,-1,-1,-1,-1,-1,-1,-1,-1,
#assigned_hub=5,8,4,1,0,7,3,-1,6,2,
#moving_targetting_pos=16,26|26,26|16,16|6,16|6,6|26,16|16,6|19,2|26,6|6,26|
#setting_targetting_pos=-1,-1|-1,-1|-1,-1|-1,-1|-1,-1|-1,-1|-1,-1|19,30|-1,-1|-1,-1|
#type=4,4,4,4,4,4,4,0,4,4,
..........
#111111111111111
#assigned_pet=-1,-1,-1,-1,-1,-1,-1,-1,-1,-1,
#assigned_hub=5,8,4,1,0,7,3,-1,6,2,
#moving_targetting_pos=16,26|26,26|16,16|6,16|6,6|26,16|16,6|19,2|26,6|6,26|
#setting_targetting_pos=-1,-1|-1,-1|-1,-1|-1,-1|-1,-1|-1,-1|-1,-1|19,30|-1,-1|-1,-1|
#type=4,4,4,4,4,4,4,0,4,4,
..........
#111111111111111
#assigned_pet=-1,-1,-1,-1,-1,-1,-1,-1,-1,-1,
#assigned_hub=5,8,4,1,0,7,3,-1,6,2,
#moving_targetting_pos=16,26|26,26|16,16|6,16|6,6|26,16|16,6|19,2|26,6|6,26|
#setting_targetting_pos=-1,-1|-1,-1|-1,-1|-1,-1|-1,-1|-1,-1|-1,-1|19,30|-1,-1|-1,-1|
#type=4,4,4,4,4,4,4,0,4,4,
..........
#111111111111111
#assigned_pet=-1,-1,-1,-1,-1,-1,-1,-1,-1,-1,
#assigned_hub=5,8,4,1,0,7,3,-1,6,2,
#moving_targetting_pos=16,26|26,26|16,16|6,16|6,6|26,16|16,6|19,2|26,6|6,26|
#setting_targetting_pos=-1,-1|-1,-1|-1,-1|-1,-1|-1,-1|-1,-1|-1,-1|19,30|-1,-1|-1,-1|
#type=4,4,4,4,4,4,4,0,4,4,
..........
#111111111111111
#assigned_pet=-1,-1,-1,-1,-1,-1,-1,-1,-1,-1,
#assigned_hub=5,8,4,1,0,7,3,-1,6,2,
#moving_targetting_pos=16,26|26,26|16,16|6,16|6,6|26,16|16,6|19,2|26,6|6,26|
#setting_targetting_pos=-1,-1|-1,-1|-1,-1|-1,-1|-1,-1|-1,-1|-1,-1|19,30|-1,-1|-1,-1|
#type=4,4,4,4,4,4,4,0,4,4,
..........
#111111111111111
#assigned_pet=-1,-1,-1,-1,-1,-1,-1,-1,-1,-1,
#assigned_hub=5,8,4,1,0,7,3,-1,6,2,
#moving_targetting_pos=16,26|26,26|16,16|6,16|6,6|26,16|16,6|19,2|26,6|6,26|
#setting_targetting_pos=-1,-1|-1,-1|-1,-1|-1,-1|-1,-1|-1,-1|-1,-1|19,30|-1,-1|-1,-1|
#type=4,4,4,4,4,4,4,0,4,4,
..........
#111111111111111
#assigned_pet=-1,-1,-1,-1,-1,-1,-1,-1,-1,-1,
#assigned_hub=5,8,4,1,0,7,3,-1,6,2,
#moving_targetting_pos=16,26|26,26|16,16|6,16|6,6|26,16|16,6|19,2|26,6|6,26|
#setting_targetting_pos=-1,-1|-1,-1|-1,-1|-1,-1|-1,-1|-1,-1|-1,-1|19,30|-1,-1|-1,-1|
#type=4,4,4,4,4,4,4,0,4,4,
..........
#111111111111111
#assigned_pet=-1,-1,-1,-1,-1,-1,-1,-1,-1,-1,
#assigned_hub=5,8,4,1,0,7,3,-1,6,2,
#moving_targetting_pos=16,26|26,26|16,16|6,16|6,6|26,16|16,6|19,2|26,6|6,26|
#setting_targetting_pos=-1,-1|-1,-1|-1,-1|-1,-1|-1,-1|-1,-1|-1,-1|19,30|-1,-1|-1,-1|
#type=4,4,4,4,4,4,4,0,4,4,
..........
#111111111111111
#assigned_pet=-1,-1,-1,-1,-1,-1,-1,-1,-1,-1,
#assigned_hub=5,8,4,1,0,7,3,-1,6,2,
#moving_targetting_pos=16,26|26,26|16,16|6,16|6,6|26,16|16,6|19,2|26,6|6,26|
#setting_targetting_pos=-1,-1|-1,-1|-1,-1|-1,-1|-1,-1|-1,-1|-1,-1|19,30|-1,-1|-1,-1|
#type=4,4,4,4,4,4,4,0,4,4,
..........
#111111111111111
#assigned_pet=-1,-1,-1,-1,-1,-1,-1,-1,-1,-1,
#assigned_hub=5,8,4,1,0,7,3,-1,6,2,
#moving_targetting_pos=16,26|26,26|16,16|6,16|6,6|26,16|16,6|19,2|26,6|6,26|
#setting_targetting_pos=-1,-1|-1,-1|-1,-1|-1,-1|-1,-1|-1,-1|-1,-1|19,30|-1,-1|-1,-1|
#type=4,4,4,4,4,4,4,0,4,4,
..........
#111111111111111
#assigned_pet=-1,-1,-1,-1,-1,-1,-1,-1,-1,-1,
#assigned_hub=5,8,4,1,0,7,3,-1,6,2,
#moving_targetting_pos=16,26|26,26|16,16|6,16|6,6|26,16|16,6|19,2|26,6|6,26|
#setting_targetting_pos=-1,-1|-1,-1|-1,-1|-1,-1|-1,-1|-1,-1|-1,-1|19,30|-1,-1|-1,-1|
#type=4,4,4,4,4,4,4,0,4,4,
..........
#111111111111111
#assigned_pet=-1,-1,-1,-1,-1,-1,-1,-1,-1,-1,
#assigned_hub=5,8,4,1,0,7,3,-1,6,2,
#moving_targetting_pos=16,26|26,26|16,16|6,16|6,6|26,16|16,6|19,2|26,6|6,26|
#setting_targetting_pos=-1,-1|-1,-1|-1,-1|-1,-1|-1,-1|-1,-1|-1,-1|19,30|-1,-1|-1,-1|
#type=4,4,4,4,4,4,4,0,4,4,
..........
#111111111111111
#assigned_pet=-1,-1,-1,-1,-1,-1,-1,-1,-1,-1,
#assigned_hub=5,8,4,1,0,7,3,-1,6,2,
#moving_targetting_pos=16,26|26,26|16,16|6,16|6,6|26,16|16,6|19,2|26,6|6,26|
#setting_targetting_pos=-1,-1|-1,-1|-1,-1|-1,-1|-1,-1|-1,-1|-1,-1|19,30|-1,-1|-1,-1|
#type=4,4,4,4,4,4,4,0,4,4,
..........
#111111111111111
#assigned_pet=-1,-1,-1,-1,-1,-1,-1,-1,-1,-1,
#assigned_hub=5,8,4,1,0,7,3,-1,6,2,
#moving_targetting_pos=16,26|26,26|16,16|6,16|6,6|26,16|16,6|19,2|26,6|6,26|
#setting_targetting_pos=-1,-1|-1,-1|-1,-1|-1,-1|-1,-1|-1,-1|-1,-1|19,30|-1,-1|-1,-1|
#type=4,4,4,4,4,4,4,0,4,4,
..........
#111111111111111
#assigned_pet=-1,-1,-1,-1,-1,-1,-1,-1,-1,-1,
#assigned_hub=5,8,4,1,0,7,3,-1,6,2,
#moving_targetting_pos=16,26|26,26|16,16|6,16|6,6|26,16|16,6|19,2|26,6|6,26|
#setting_targetting_pos=-1,-1|-1,-1|-1,-1|-1,-1|-1,-1|-1,-1|-1,-1|19,30|-1,-1|-1,-1|
#type=4,4,4,4,4,4,4,0,4,4,
..........
#111111111111111
#assigned_pet=-1,-1,-1,-1,-1,-1,-1,-1,-1,-1,
#assigned_hub=5,8,4,1,0,7,3,-1,6,2,
#moving_targetting_pos=16,26|26,26|16,16|6,16|6,6|26,16|16,6|19,2|26,6|6,26|
#setting_targetting_pos=-1,-1|-1,-1|-1,-1|-1,-1|-1,-1|-1,-1|-1,-1|19,30|-1,-1|-1,-1|
#type=4,4,4,4,4,4,4,0,4,4,
..........
#111111111111111
#assigned_pet=-1,-1,-1,-1,-1,-1,-1,-1,-1,-1,
#assigned_hub=5,8,4,1,0,7,3,-1,6,2,
#moving_targetting_pos=16,26|26,26|16,16|6,16|6,6|26,16|16,6|19,2|26,6|6,26|
#setting_targetting_pos=-1,-1|-1,-1|-1,-1|-1,-1|-1,-1|-1,-1|-1,-1|19,30|-1,-1|-1,-1|
#type=4,4,4,4,4,4,4,0,4,4,
..........
#111111111111111
#assigned_pet=-1,-1,-1,-1,-1,-1,-1,-1,-1,-1,
#assigned_hub=5,8,4,1,0,7,3,-1,6,2,
#moving_targetting_pos=16,26|26,26|16,16|6,16|6,6|26,16|16,6|19,2|26,6|6,26|
#setting_targetting_pos=-1,-1|-1,-1|-1,-1|-1,-1|-1,-1|-1,-1|-1,-1|19,30|-1,-1|-1,-1|
#type=4,4,4,4,4,4,4,0,4,4,
..........
#111111111111111
#assigned_pet=-1,-1,-1,-1,-1,-1,-1,-1,-1,-1,
#assigned_hub=5,8,4,1,0,7,3,-1,6,2,
#moving_targetting_pos=16,26|26,26|16,16|6,16|6,6|26,16|16,6|19,2|26,6|6,26|
#setting_targetting_pos=-1,-1|-1,-1|-1,-1|-1,-1|-1,-1|-1,-1|-1,-1|19,30|-1,-1|-1,-1|
#type=4,4,4,4,4,4,4,0,4,4,
..........
#111111111111111
#assigned_pet=-1,-1,-1,-1,-1,-1,-1,-1,-1,-1,
#assigned_hub=5,8,4,1,0,7,3,-1,6,2,
#moving_targetting_pos=16,26|26,26|16,16|6,16|6,6|26,16|16,6|19,2|26,6|6,26|
#setting_targetting_pos=-1,-1|-1,-1|-1,-1|-1,-1|-1,-1|-1,-1|-1,-1|19,30|-1,-1|-1,-1|
#type=4,4,4,4,4,4,4,0,4,4,
..........
#111111111111111
#assigned_pet=-1,-1,-1,-1,-1,-1,-1,-1,-1,-1,
#assigned_hub=5,8,4,1,0,7,3,-1,6,2,
#moving_targetting_pos=16,26|26,26|16,16|6,16|6,6|26,16|16,6|19,2|26,6|6,26|
#setting_targetting_pos=-1,-1|-1,-1|-1,-1|-1,-1|-1,-1|-1,-1|-1,-1|19,30|-1,-1|-1,-1|
#type=4,4,4,4,4,4,4,0,4,4,
..........
#111111111111111
#assigned_pet=-1,-1,-1,-1,-1,-1,-1,-1,-1,-1,
#assigned_hub=5,8,4,1,0,7,3,-1,6,2,
#moving_targetting_pos=16,26|26,26|16,16|6,16|6,6|26,16|16,6|19,2|26,6|6,26|
#setting_targetting_pos=-1,-1|-1,-1|-1,-1|-1,-1|-1,-1|-1,-1|-1,-1|19,30|-1,-1|-1,-1|
#type=4,4,4,4,4,4,4,0,4,4,
..........
#111111111111111
#assigned_pet=-1,-1,-1,-1,-1,-1,-1,-1,-1,-1,
#assigned_hub=5,8,4,1,0,7,3,-1,6,2,
#moving_targetting_pos=16,26|26,26|16,16|6,16|6,6|26,16|16,6|19,2|26,6|6,26|
#setting_targetting_pos=-1,-1|-1,-1|-1,-1|-1,-1|-1,-1|-1,-1|-1,-1|19,30|-1,-1|-1,-1|
#type=4,4,4,4,4,4,4,0,4,4,
..........
#111111111111111
#assigned_pet=-1,-1,-1,-1,-1,-1,-1,-1,-1,-1,
#assigned_hub=5,8,4,1,0,7,3,-1,6,2,
#moving_targetting_pos=16,26|26,26|16,16|6,16|6,6|26,16|16,6|19,2|26,6|6,26|
#setting_targetting_pos=-1,-1|-1,-1|-1,-1|-1,-1|-1,-1|-1,-1|-1,-1|19,30|-1,-1|-1,-1|
#type=4,4,4,4,4,4,4,0,4,4,
..........
#111111111111111
#assigned_pet=-1,-1,-1,-1,-1,-1,-1,-1,-1,-1,
#assigned_hub=5,8,4,1,0,7,3,-1,6,2,
#moving_targetting_pos=16,26|26,26|16,16|6,16|6,6|26,16|16,6|19,2|26,6|6,26|
#setting_targetting_pos=-1,-1|-1,-1|-1,-1|-1,-1|-1,-1|-1,-1|-1,-1|19,30|-1,-1|-1,-1|
#type=4,4,4,4,4,4,4,0,4,4,
..........
#111111111111111
#assigned_pet=-1,-1,-1,-1,-1,-1,-1,-1,-1,-1,
#assigned_hub=5,8,4,1,0,7,3,-1,6,2,
#moving_targetting_pos=16,26|26,26|16,16|6,16|6,6|26,16|16,6|19,2|26,6|6,26|
#setting_targetting_pos=-1,-1|-1,-1|-1,-1|-1,-1|-1,-1|-1,-1|-1,-1|19,30|-1,-1|-1,-1|
#type=4,4,4,4,4,4,4,0,4,4,
..........
#111111111111111
#assigned_pet=-1,-1,-1,-1,-1,-1,-1,-1,-1,-1,
#assigned_hub=5,8,4,1,0,7,3,-1,6,2,
#moving_targetting_pos=16,26|26,26|16,16|6,16|6,6|26,16|16,6|19,2|26,6|6,26|
#setting_targetting_pos=-1,-1|-1,-1|-1,-1|-1,-1|-1,-1|-1,-1|-1,-1|19,30|-1,-1|-1,-1|
#type=4,4,4,4,4,4,4,0,4,4,
..........
#111111111111111
#assigned_pet=-1,-1,-1,-1,-1,-1,-1,-1,-1,-1,
#assigned_hub=5,8,4,1,0,7,3,-1,6,2,
#moving_targetting_pos=16,26|26,26|16,16|6,16|6,6|26,16|16,6|19,2|26,6|6,26|
#setting_targetting_pos=-1,-1|-1,-1|-1,-1|-1,-1|-1,-1|-1,-1|-1,-1|19,30|-1,-1|-1,-1|
#type=4,4,4,4,4,4,4,0,4,4,
..........
#111111111111111
#assigned_pet=-1,-1,-1,-1,-1,-1,-1,-1,-1,-1,
#assigned_hub=5,8,4,1,0,7,3,-1,6,2,
#moving_targetting_pos=16,26|26,26|16,16|6,16|6,6|26,16|16,6|19,2|26,6|6,26|
#setting_targetting_pos=-1,-1|-1,-1|-1,-1|-1,-1|-1,-1|-1,-1|-1,-1|19,30|-1,-1|-1,-1|
#type=4,4,4,4,4,4,4,0,4,4,
..........
#111111111111111
#assigned_pet=-1,-1,-1,-1,-1,-1,-1,-1,-1,-1,
#assigned_hub=5,8,4,1,0,7,3,-1,6,2,
#moving_targetting_pos=16,26|26,26|16,16|6,16|6,6|26,16|16,6|19,2|26,6|6,26|
#setting_targetting_pos=-1,-1|-1,-1|-1,-1|-1,-1|-1,-1|-1,-1|-1,-1|19,30|-1,-1|-1,-1|
#type=4,4,4,4,4,4,4,0,4,4,
..........
#111111111111111
#assigned_pet=-1,-1,-1,-1,-1,-1,-1,-1,-1,-1,
#assigned_hub=5,8,4,1,0,7,3,-1,6,2,
#moving_targetting_pos=16,26|26,26|16,16|6,16|6,6|26,16|16,6|19,2|26,6|6,26|
#setting_targetting_pos=-1,-1|-1,-1|-1,-1|-1,-1|-1,-1|-1,-1|-1,-1|19,30|-1,-1|-1,-1|
#type=4,4,4,4,4,4,4,0,4,4,
..........
#111111111111111
#assigned_pet=-1,-1,-1,-1,-1,-1,-1,-1,-1,-1,
#assigned_hub=5,8,4,1,0,7,3,-1,6,2,
#moving_targetting_pos=16,26|26,26|16,16|6,16|6,6|26,16|16,6|19,2|26,6|6,26|
#setting_targetting_pos=-1,-1|-1,-1|-1,-1|-1,-1|-1,-1|-1,-1|-1,-1|19,30|-1,-1|-1,-1|
#type=4,4,4,4,4,4,4,0,4,4,
..........
#111111111111111
#assigned_pet=-1,-1,-1,-1,-1,-1,-1,-1,-1,-1,
#assigned_hub=5,8,4,1,0,7,3,-1,6,2,
#moving_targetting_pos=16,26|26,26|16,16|6,16|6,6|26,16|16,6|19,2|26,6|6,26|
#setting_targetting_pos=-1,-1|-1,-1|-1,-1|-1,-1|-1,-1|-1,-1|-1,-1|19,30|-1,-1|-1,-1|
#type=4,4,4,4,4,4,4,0,4,4,
..........
#111111111111111
#assigned_pet=-1,-1,-1,-1,-1,-1,-1,-1,-1,-1,
#assigned_hub=5,8,4,1,0,7,3,-1,6,2,
#moving_targetting_pos=16,26|26,26|16,16|6,16|6,6|26,16|16,6|19,2|26,6|6,26|
#setting_targetting_pos=-1,-1|-1,-1|-1,-1|-1,-1|-1,-1|-1,-1|-1,-1|19,30|-1,-1|-1,-1|
#type=4,4,4,4,4,4,4,0,4,4,
..........
#111111111111111
#assigned_pet=-1,-1,-1,-1,-1,-1,-1,-1,-1,-1,
#assigned_hub=5,8,4,1,0,7,3,-1,6,2,
#moving_targetting_pos=16,26|26,26|16,16|6,16|6,6|26,16|16,6|19,2|26,6|6,26|
#setting_targetting_pos=-1,-1|-1,-1|-1,-1|-1,-1|-1,-1|-1,-1|-1,-1|19,30|-1,-1|-1,-1|
#type=4,4,4,4,4,4,4,0,4,4,
..........
#111111111111111
#assigned_pet=-1,-1,-1,-1,-1,-1,-1,-1,-1,-1,
#assigned_hub=5,8,4,1,0,7,3,-1,6,2,
#moving_targetting_pos=16,26|26,26|16,16|6,16|6,6|26,16|16,6|19,2|26,6|6,26|
#setting_targetting_pos=-1,-1|-1,-1|-1,-1|-1,-1|-1,-1|-1,-1|-1,-1|19,30|-1,-1|-1,-1|
#type=4,4,4,4,4,4,4,0,4,4,
..........
#111111111111111
#assigned_pet=-1,-1,-1,-1,-1,-1,-1,-1,-1,-1,
#assigned_hub=5,8,4,1,0,7,3,-1,6,2,
#moving_targetting_pos=16,26|26,26|16,16|6,16|6,6|26,16|16,6|19,2|26,6|6,26|
#setting_targetting_pos=-1,-1|-1,-1|-1,-1|-1,-1|-1,-1|-1,-1|-1,-1|19,30|-1,-1|-1,-1|
#type=4,4,4,4,4,4,4,0,4,4,
..........
#111111111111111
#assigned_pet=-1,-1,-1,-1,-1,-1,-1,-1,-1,-1,
#assigned_hub=5,8,4,1,0,7,3,-1,6,2,
#moving_targetting_pos=16,26|26,26|16,16|6,16|6,6|26,16|16,6|19,2|26,6|6,26|
#setting_targetting_pos=-1,-1|-1,-1|-1,-1|-1,-1|-1,-1|-1,-1|-1,-1|19,30|-1,-1|-1,-1|
#type=4,4,4,4,4,4,4,0,4,4,
..........
#111111111111111
#assigned_pet=-1,-1,-1,-1,-1,-1,-1,-1,-1,-1,
#assigned_hub=5,8,4,1,0,7,3,-1,6,2,
#moving_targetting_pos=16,26|26,26|16,16|6,16|6,6|26,16|16,6|19,2|26,6|6,26|
#setting_targetting_pos=-1,-1|-1,-1|-1,-1|-1,-1|-1,-1|-1,-1|-1,-1|19,30|-1,-1|-1,-1|
#type=4,4,4,4,4,4,4,0,4,4,
..........
#111111111111111
#assigned_pet=-1,-1,-1,-1,-1,-1,-1,-1,-1,-1,
#assigned_hub=5,8,4,1,0,7,3,-1,6,2,
#moving_targetting_pos=16,26|26,26|16,16|6,16|6,6|26,16|16,6|19,2|26,6|6,26|
#setting_targetting_pos=-1,-1|-1,-1|-1,-1|-1,-1|-1,-1|-1,-1|-1,-1|19,30|-1,-1|-1,-1|
#type=4,4,4,4,4,4,4,0,4,4,
..........
#111111111111111
#assigned_pet=-1,-1,-1,-1,-1,-1,-1,-1,-1,-1,
#assigned_hub=5,8,4,1,0,7,3,-1,6,2,
#moving_targetting_pos=16,26|26,26|16,16|6,16|6,6|26,16|16,6|19,2|26,6|6,26|
#setting_targetting_pos=-1,-1|-1,-1|-1,-1|-1,-1|-1,-1|-1,-1|-1,-1|19,30|-1,-1|-1,-1|
#type=4,4,4,4,4,4,4,0,4,4,
..........
#111111111111111
#assigned_pet=-1,-1,-1,-1,-1,-1,-1,-1,-1,-1,
#assigned_hub=5,8,4,1,0,7,3,-1,6,2,
#moving_targetting_pos=16,26|26,26|16,16|6,16|6,6|26,16|16,6|19,2|26,6|6,26|
#setting_targetting_pos=-1,-1|-1,-1|-1,-1|-1,-1|-1,-1|-1,-1|-1,-1|19,30|-1,-1|-1,-1|
#type=4,4,4,4,4,4,4,0,4,4,
..........
#111111111111111
#assigned_pet=-1,-1,-1,-1,-1,-1,-1,-1,-1,-1,
#assigned_hub=5,8,4,1,0,7,3,-1,6,2,
#moving_targetting_pos=16,26|26,26|16,16|6,16|6,6|26,16|16,6|19,2|26,6|6,26|
#setting_targetting_pos=-1,-1|-1,-1|-1,-1|-1,-1|-1,-1|-1,-1|-1,-1|19,30|-1,-1|-1,-1|
#type=4,4,4,4,4,4,4,0,4,4,
..........
#111111111111111
#assigned_pet=-1,-1,-1,-1,-1,-1,-1,-1,-1,-1,
#assigned_hub=5,8,4,1,0,7,3,-1,6,2,
#moving_targetting_pos=16,26|26,26|16,16|6,16|6,6|26,16|16,6|19,2|26,6|6,26|
#setting_targetting_pos=-1,-1|-1,-1|-1,-1|-1,-1|-1,-1|-1,-1|-1,-1|19,30|-1,-1|-1,-1|
#type=4,4,4,4,4,4,4,0,4,4,
..........
#111111111111111
#assigned_pet=-1,-1,-1,-1,-1,-1,-1,-1,-1,-1,
#assigned_hub=5,8,4,1,0,7,3,-1,6,2,
#moving_targetting_pos=16,26|26,26|16,16|6,16|6,6|26,16|16,6|19,2|26,6|6,26|
#setting_targetting_pos=-1,-1|-1,-1|-1,-1|-1,-1|-1,-1|-1,-1|-1,-1|19,30|-1,-1|-1,-1|
#type=4,4,4,4,4,4,4,0,4,4,
..........
#111111111111111
#assigned_pet=-1,-1,-1,-1,-1,-1,-1,-1,-1,-1,
#assigned_hub=5,8,4,1,0,7,3,-1,6,2,
#moving_targetting_pos=16,26|26,26|16,16|6,16|6,6|26,16|16,6|19,2|26,6|6,26|
#setting_targetting_pos=-1,-1|-1,-1|-1,-1|-1,-1|-1,-1|-1,-1|-1,-1|19,30|-1,-1|-1,-1|
#type=4,4,4,4,4,4,4,0,4,4,
..........
#111111111111111
#assigned_pet=-1,-1,-1,-1,-1,-1,-1,-1,-1,-1,
#assigned_hub=5,8,4,1,0,7,3,-1,6,2,
#moving_targetting_pos=16,26|26,26|16,16|6,16|6,6|26,16|16,6|19,2|26,6|6,26|
#setting_targetting_pos=-1,-1|-1,-1|-1,-1|-1,-1|-1,-1|-1,-1|-1,-1|19,30|-1,-1|-1,-1|
#type=4,4,4,4,4,4,4,0,4,4,
..........
#111111111111111
#assigned_pet=-1,-1,-1,-1,-1,-1,-1,-1,-1,-1,
#assigned_hub=5,8,4,1,0,7,3,-1,6,2,
#moving_targetting_pos=16,26|26,26|16,16|6,16|6,6|26,16|16,6|19,2|26,6|6,26|
#setting_targetting_pos=-1,-1|-1,-1|-1,-1|-1,-1|-1,-1|-1,-1|-1,-1|19,30|-1,-1|-1,-1|
#type=4,4,4,4,4,4,4,0,4,4,
..........
#111111111111111
#assigned_pet=-1,-1,-1,-1,-1,-1,-1,-1,-1,-1,
#assigned_hub=5,8,4,1,0,7,3,-1,6,2,
#moving_targetting_pos=16,26|26,26|16,16|6,16|6,6|26,16|16,6|19,2|26,6|6,26|
#setting_targetting_pos=-1,-1|-1,-1|-1,-1|-1,-1|-1,-1|-1,-1|-1,-1|19,30|-1,-1|-1,-1|
#type=4,4,4,4,4,4,4,0,4,4,
..........
#111111111111111
#assigned_pet=-1,-1,-1,-1,-1,-1,-1,-1,-1,-1,
#assigned_hub=5,8,4,1,0,7,3,-1,6,2,
#moving_targetting_pos=16,26|26,26|16,16|6,16|6,6|26,16|16,6|19,2|26,6|6,26|
#setting_targetting_pos=-1,-1|-1,-1|-1,-1|-1,-1|-1,-1|-1,-1|-1,-1|19,30|-1,-1|-1,-1|
#type=4,4,4,4,4,4,4,0,4,4,
..........
#111111111111111
#assigned_pet=-1,-1,-1,-1,-1,-1,-1,-1,-1,-1,
#assigned_hub=5,8,4,1,0,7,3,-1,6,2,
#moving_targetting_pos=16,26|26,26|16,16|6,16|6,6|26,16|16,6|19,2|26,6|6,26|
#setting_targetting_pos=-1,-1|-1,-1|-1,-1|-1,-1|-1,-1|-1,-1|-1,-1|19,30|-1,-1|-1,-1|
#type=4,4,4,4,4,4,4,0,4,4,
..........
#111111111111111
#assigned_pet=-1,-1,-1,-1,-1,-1,-1,-1,-1,-1,
#assigned_hub=5,8,4,1,0,7,3,-1,6,2,
#moving_targetting_pos=16,26|26,26|16,16|6,16|6,6|26,16|16,6|19,2|26,6|6,26|
#setting_targetting_pos=-1,-1|-1,-1|-1,-1|-1,-1|-1,-1|-1,-1|-1,-1|19,30|-1,-1|-1,-1|
#type=4,4,4,4,4,4,4,0,4,4,
..........
#111111111111111
#assigned_pet=-1,-1,-1,-1,-1,-1,-1,-1,-1,-1,
#assigned_hub=5,8,4,1,0,7,3,-1,6,2,
#moving_targetting_pos=16,26|26,26|16,16|6,16|6,6|26,16|16,6|19,2|26,6|6,26|
#setting_targetting_pos=-1,-1|-1,-1|-1,-1|-1,-1|-1,-1|-1,-1|-1,-1|19,30|-1,-1|-1,-1|
#type=4,4,4,4,4,4,4,0,4,4,
..........
#111111111111111
#assigned_pet=-1,-1,-1,-1,-1,-1,-1,-1,-1,-1,
#assigned_hub=5,8,4,1,0,7,3,-1,6,2,
#moving_targetting_pos=16,26|26,26|16,16|6,16|6,6|26,16|16,6|19,2|26,6|6,26|
#setting_targetting_pos=-1,-1|-1,-1|-1,-1|-1,-1|-1,-1|-1,-1|-1,-1|19,30|-1,-1|-1,-1|
#type=4,4,4,4,4,4,4,0,4,4,
..........
#111111111111111
#assigned_pet=-1,-1,-1,-1,-1,-1,-1,-1,-1,-1,
#assigned_hub=5,8,4,1,0,7,3,-1,6,2,
#moving_targetting_pos=16,26|26,26|16,16|6,16|6,6|26,16|16,6|19,2|26,6|6,26|
#setting_targetting_pos=-1,-1|-1,-1|-1,-1|-1,-1|-1,-1|-1,-1|-1,-1|19,30|-1,-1|-1,-1|
#type=4,4,4,4,4,4,4,0,4,4,
..........
#111111111111111
#assigned_pet=-1,-1,-1,-1,-1,-1,-1,-1,-1,-1,
#assigned_hub=5,8,4,1,0,7,3,-1,6,2,
#moving_targetting_pos=16,26|26,26|16,16|6,16|6,6|26,16|16,6|19,2|26,6|6,26|
#setting_targetting_pos=-1,-1|-1,-1|-1,-1|-1,-1|-1,-1|-1,-1|-1,-1|19,30|-1,-1|-1,-1|
#type=4,4,4,4,4,4,4,0,4,4,
..........
#111111111111111
#assigned_pet=-1,-1,-1,-1,-1,-1,-1,-1,-1,-1,
#assigned_hub=5,8,4,1,0,7,3,-1,6,2,
#moving_targetting_pos=16,26|26,26|16,16|6,16|6,6|26,16|16,6|19,2|26,6|6,26|
#setting_targetting_pos=-1,-1|-1,-1|-1,-1|-1,-1|-1,-1|-1,-1|-1,-1|19,30|-1,-1|-1,-1|
#type=4,4,4,4,4,4,4,0,4,4,
..........
#111111111111111
#assigned_pet=-1,-1,-1,-1,-1,-1,-1,-1,-1,-1,
#assigned_hub=5,8,4,1,0,7,3,-1,6,2,
#moving_targetting_pos=16,26|26,26|16,16|6,16|6,6|26,16|16,6|19,2|26,6|6,26|
#setting_targetting_pos=-1,-1|-1,-1|-1,-1|-1,-1|-1,-1|-1,-1|-1,-1|19,30|-1,-1|-1,-1|
#type=4,4,4,4,4,4,4,0,4,4,
..........
#111111111111111
#assigned_pet=-1,-1,-1,-1,-1,-1,-1,-1,-1,-1,
#assigned_hub=5,8,4,1,0,7,3,-1,6,2,
#moving_targetting_pos=16,26|26,26|16,16|6,16|6,6|26,16|16,6|19,2|26,6|6,26|
#setting_targetting_pos=-1,-1|-1,-1|-1,-1|-1,-1|-1,-1|-1,-1|-1,-1|19,30|-1,-1|-1,-1|
#type=4,4,4,4,4,4,4,0,4,4,
..........
#111111111111111
#assigned_pet=-1,-1,-1,-1,-1,-1,-1,-1,-1,-1,
#assigned_hub=5,8,4,1,0,7,3,-1,6,2,
#moving_targetting_pos=16,26|26,26|16,16|6,16|6,6|26,16|16,6|19,2|26,6|6,26|
#setting_targetting_pos=-1,-1|-1,-1|-1,-1|-1,-1|-1,-1|-1,-1|-1,-1|19,30|-1,-1|-1,-1|
#type=4,4,4,4,4,4,4,0,4,4,
..........
#111111111111111
#assigned_pet=-1,-1,-1,-1,-1,-1,-1,-1,-1,-1,
#assigned_hub=5,8,4,1,0,7,3,-1,6,2,
#moving_targetting_pos=16,26|26,26|16,16|6,16|6,6|26,16|16,6|19,2|26,6|6,26|
#setting_targetting_pos=-1,-1|-1,-1|-1,-1|-1,-1|-1,-1|-1,-1|-1,-1|19,30|-1,-1|-1,-1|
#type=4,4,4,4,4,4,4,0,4,4,
..........
#111111111111111
#assigned_pet=-1,-1,-1,-1,-1,-1,-1,-1,-1,-1,
#assigned_hub=5,8,4,1,0,7,3,-1,6,2,
#moving_targetting_pos=16,26|26,26|16,16|6,16|6,6|26,16|16,6|19,2|26,6|6,26|
#setting_targetting_pos=-1,-1|-1,-1|-1,-1|-1,-1|-1,-1|-1,-1|-1,-1|19,30|-1,-1|-1,-1|
#type=4,4,4,4,4,4,4,0,4,4,
..........
#111111111111111
#assigned_pet=-1,-1,-1,-1,-1,-1,-1,-1,-1,-1,
#assigned_hub=5,8,4,1,0,7,3,-1,6,2,
#moving_targetting_pos=16,26|26,26|16,16|6,16|6,6|26,16|16,6|19,2|26,6|6,26|
#setting_targetting_pos=-1,-1|-1,-1|-1,-1|-1,-1|-1,-1|-1,-1|-1,-1|19,30|-1,-1|-1,-1|
#type=4,4,4,4,4,4,4,0,4,4,
..........
#111111111111111
#assigned_pet=-1,-1,-1,-1,-1,-1,-1,-1,-1,-1,
#assigned_hub=5,8,4,1,0,7,3,-1,6,2,
#moving_targetting_pos=16,26|26,26|16,16|6,16|6,6|26,16|16,6|19,2|26,6|6,26|
#setting_targetting_pos=-1,-1|-1,-1|-1,-1|-1,-1|-1,-1|-1,-1|-1,-1|19,30|-1,-1|-1,-1|
#type=4,4,4,4,4,4,4,0,4,4,
..........
#111111111111111
#assigned_pet=-1,-1,-1,-1,-1,-1,-1,-1,-1,-1,
#assigned_hub=5,8,4,1,0,7,3,-1,6,2,
#moving_targetting_pos=16,26|26,26|16,16|6,16|6,6|26,16|16,6|19,2|26,6|6,26|
#setting_targetting_pos=-1,-1|-1,-1|-1,-1|-1,-1|-1,-1|-1,-1|-1,-1|19,30|-1,-1|-1,-1|
#type=4,4,4,4,4,4,4,0,4,4,
..........
#111111111111111
#assigned_pet=-1,-1,-1,-1,-1,-1,-1,-1,-1,-1,
#assigned_hub=5,8,4,1,0,7,3,-1,6,2,
#moving_targetting_pos=16,26|26,26|16,16|6,16|6,6|26,16|16,6|19,2|26,6|6,26|
#setting_targetting_pos=-1,-1|-1,-1|-1,-1|-1,-1|-1,-1|-1,-1|-1,-1|19,30|-1,-1|-1,-1|
#type=4,4,4,4,4,4,4,0,4,4,
..........
#111111111111111
#assigned_pet=-1,-1,-1,-1,-1,-1,-1,-1,-1,-1,
#assigned_hub=5,8,4,1,0,7,3,-1,6,2,
#moving_targetting_pos=16,26|26,26|16,16|6,16|6,6|26,16|16,6|19,2|26,6|6,26|
#setting_targetting_pos=-1,-1|-1,-1|-1,-1|-1,-1|-1,-1|-1,-1|-1,-1|19,30|-1,-1|-1,-1|
#type=4,4,4,4,4,4,4,0,4,4,
..........
#111111111111111
#assigned_pet=-1,-1,-1,-1,-1,-1,-1,-1,-1,-1,
#assigned_hub=5,8,4,1,0,7,3,-1,6,2,
#moving_targetting_pos=16,26|26,26|16,16|6,16|6,6|26,16|16,6|19,2|26,6|6,26|
#setting_targetting_pos=-1,-1|-1,-1|-1,-1|-1,-1|-1,-1|-1,-1|-1,-1|19,30|-1,-1|-1,-1|
#type=4,4,4,4,4,4,4,0,4,4,
..........
#111111111111111
#assigned_pet=-1,-1,-1,-1,-1,-1,-1,-1,-1,-1,
#assigned_hub=5,8,4,1,0,7,3,-1,6,2,
#moving_targetting_pos=16,26|26,26|16,16|6,16|6,6|26,16|16,6|19,2|26,6|6,26|
#setting_targetting_pos=-1,-1|-1,-1|-1,-1|-1,-1|-1,-1|-1,-1|-1,-1|19,30|-1,-1|-1,-1|
#type=4,4,4,4,4,4,4,0,4,4,
..........
#111111111111111
#assigned_pet=-1,-1,-1,-1,-1,-1,-1,-1,-1,-1,
#assigned_hub=5,8,4,1,0,7,3,-1,6,2,
#moving_targetting_pos=16,26|26,26|16,16|6,16|6,6|26,16|16,6|19,2|26,6|6,26|
#setting_targetting_pos=-1,-1|-1,-1|-1,-1|-1,-1|-1,-1|-1,-1|-1,-1|19,30|-1,-1|-1,-1|
#type=4,4,4,4,4,4,4,0,4,4,
..........
#111111111111111
#assigned_pet=-1,-1,-1,-1,-1,-1,-1,-1,-1,-1,
#assigned_hub=5,8,4,1,0,7,3,-1,6,2,
#moving_targetting_pos=16,26|26,26|16,16|6,16|6,6|26,16|16,6|19,2|26,6|6,26|
#setting_targetting_pos=-1,-1|-1,-1|-1,-1|-1,-1|-1,-1|-1,-1|-1,-1|19,30|-1,-1|-1,-1|
#type=4,4,4,4,4,4,4,0,4,4,
..........
#111111111111111
#assigned_pet=-1,-1,-1,-1,-1,-1,-1,-1,-1,-1,
#assigned_hub=5,8,4,1,0,7,3,-1,6,2,
#moving_targetting_pos=16,26|26,26|16,16|6,16|6,6|26,16|16,6|19,2|26,6|6,26|
#setting_targetting_pos=-1,-1|-1,-1|-1,-1|-1,-1|-1,-1|-1,-1|-1,-1|19,30|-1,-1|-1,-1|
#type=4,4,4,4,4,4,4,0,4,4,
..........
#111111111111111
#assigned_pet=-1,-1,-1,-1,-1,-1,-1,-1,-1,-1,
#assigned_hub=5,8,4,1,0,7,3,-1,6,2,
#moving_targetting_pos=16,26|26,26|16,16|6,16|6,6|26,16|16,6|19,2|26,6|6,26|
#setting_targetting_pos=-1,-1|-1,-1|-1,-1|-1,-1|-1,-1|-1,-1|-1,-1|19,30|-1,-1|-1,-1|
#type=4,4,4,4,4,4,4,0,4,4,
..........
#111111111111111
#assigned_pet=-1,-1,-1,-1,-1,-1,-1,-1,-1,-1,
#assigned_hub=5,8,4,1,0,7,3,-1,6,2,
#moving_targetting_pos=16,26|26,26|16,16|6,16|6,6|26,16|16,6|19,2|26,6|6,26|
#setting_targetting_pos=-1,-1|-1,-1|-1,-1|-1,-1|-1,-1|-1,-1|-1,-1|19,30|-1,-1|-1,-1|
#type=4,4,4,4,4,4,4,0,4,4,
..........
#111111111111111
#assigned_pet=-1,-1,-1,-1,-1,-1,-1,-1,-1,-1,
#assigned_hub=5,8,4,1,0,7,3,-1,6,2,
#moving_targetting_pos=16,26|26,26|16,16|6,16|6,6|26,16|16,6|19,2|26,6|6,26|
#setting_targetting_pos=-1,-1|-1,-1|-1,-1|-1,-1|-1,-1|-1,-1|-1,-1|19,30|-1,-1|-1,-1|
#type=4,4,4,4,4,4,4,0,4,4,
..........
#111111111111111
#assigned_pet=-1,-1,-1,-1,-1,-1,-1,-1,-1,-1,
#assigned_hub=5,8,4,1,0,7,3,-1,6,2,
#moving_targetting_pos=16,26|26,26|16,16|6,16|6,6|26,16|16,6|19,2|26,6|6,26|
#setting_targetting_pos=-1,-1|-1,-1|-1,-1|-1,-1|-1,-1|-1,-1|-1,-1|19,30|-1,-1|-1,-1|
#type=4,4,4,4,4,4,4,0,4,4,
..........
#111111111111111
#assigned_pet=-1,-1,-1,-1,-1,-1,-1,-1,-1,-1,
#assigned_hub=5,8,4,1,0,7,3,-1,6,2,
#moving_targetting_pos=16,26|26,26|16,16|6,16|6,6|26,16|16,6|19,2|26,6|6,26|
#setting_targetting_pos=-1,-1|-1,-1|-1,-1|-1,-1|-1,-1|-1,-1|-1,-1|19,30|-1,-1|-1,-1|
#type=4,4,4,4,4,4,4,0,4,4,
..........
#111111111111111
#assigned_pet=-1,-1,-1,-1,-1,-1,-1,-1,-1,-1,
#assigned_hub=5,8,4,1,0,7,3,-1,6,2,
#moving_targetting_pos=16,26|26,26|16,16|6,16|6,6|26,16|16,6|19,2|26,6|6,26|
#setting_targetting_pos=-1,-1|-1,-1|-1,-1|-1,-1|-1,-1|-1,-1|-1,-1|19,30|-1,-1|-1,-1|
#type=4,4,4,4,4,4,4,0,4,4,
..........
#111111111111111
#assigned_pet=-1,-1,-1,-1,-1,-1,-1,-1,-1,-1,
#assigned_hub=5,8,4,1,0,7,3,-1,6,2,
#moving_targetting_pos=16,26|26,26|16,16|6,16|6,6|26,16|16,6|19,2|26,6|6,26|
#setting_targetting_pos=-1,-1|-1,-1|-1,-1|-1,-1|-1,-1|-1,-1|-1,-1|19,30|-1,-1|-1,-1|
#type=4,4,4,4,4,4,4,0,4,4,
..........
#111111111111111
#assigned_pet=-1,-1,-1,-1,-1,-1,-1,-1,-1,-1,
#assigned_hub=5,8,4,1,0,7,3,-1,6,2,
#moving_targetting_pos=16,26|26,26|16,16|6,16|6,6|26,16|16,6|19,2|26,6|6,26|
#setting_targetting_pos=-1,-1|-1,-1|-1,-1|-1,-1|-1,-1|-1,-1|-1,-1|19,30|-1,-1|-1,-1|
#type=4,4,4,4,4,4,4,0,4,4,
..........
#111111111111111
#assigned_pet=-1,-1,-1,-1,-1,-1,-1,-1,-1,-1,
#assigned_hub=5,8,4,1,0,7,3,-1,6,2,
#moving_targetting_pos=16,26|26,26|16,16|6,16|6,6|26,16|16,6|19,2|26,6|6,26|
#setting_targetting_pos=-1,-1|-1,-1|-1,-1|-1,-1|-1,-1|-1,-1|-1,-1|19,30|-1,-1|-1,-1|
#type=4,4,4,4,4,4,4,0,4,4,
..........
#111111111111111
#assigned_pet=-1,-1,-1,-1,-1,-1,-1,-1,-1,-1,
#assigned_hub=5,8,4,1,0,7,3,-1,6,2,
#moving_targetting_pos=16,26|26,26|16,16|6,16|6,6|26,16|16,6|19,2|26,6|6,26|
#setting_targetting_pos=-1,-1|-1,-1|-1,-1|-1,-1|-1,-1|-1,-1|-1,-1|19,30|-1,-1|-1,-1|
#type=4,4,4,4,4,4,4,0,4,4,
..........
#111111111111111
#assigned_pet=-1,-1,-1,-1,-1,-1,-1,-1,-1,-1,
#assigned_hub=5,8,4,1,0,7,3,-1,6,2,
#moving_targetting_pos=16,26|26,26|16,16|6,16|6,6|26,16|16,6|19,2|26,6|6,26|
#setting_targetting_pos=-1,-1|-1,-1|-1,-1|-1,-1|-1,-1|-1,-1|-1,-1|19,30|-1,-1|-1,-1|
#type=4,4,4,4,4,4,4,0,4,4,
..........
#111111111111111
#assigned_pet=-1,-1,-1,-1,-1,-1,-1,-1,-1,-1,
#assigned_hub=5,8,4,1,0,7,3,-1,6,2,
#moving_targetting_pos=16,26|26,26|16,16|6,16|6,6|26,16|16,6|19,2|26,6|6,26|
#setting_targetting_pos=-1,-1|-1,-1|-1,-1|-1,-1|-1,-1|-1,-1|-1,-1|19,30|-1,-1|-1,-1|
#type=4,4,4,4,4,4,4,0,4,4,
..........
#111111111111111
#assigned_pet=-1,-1,-1,-1,-1,-1,-1,-1,-1,-1,
#assigned_hub=5,8,4,1,0,7,3,-1,6,2,
#moving_targetting_pos=16,26|26,26|16,16|6,16|6,6|26,16|16,6|19,2|26,6|6,26|
#setting_targetting_pos=-1,-1|-1,-1|-1,-1|-1,-1|-1,-1|-1,-1|-1,-1|19,30|-1,-1|-1,-1|
#type=4,4,4,4,4,4,4,0,4,4,
..........
#111111111111111
#assigned_pet=-1,-1,-1,-1,-1,-1,-1,-1,-1,-1,
#assigned_hub=5,8,4,1,0,7,3,-1,6,2,
#moving_targetting_pos=16,26|26,26|16,16|6,16|6,6|26,16|16,6|19,2|26,6|6,26|
#setting_targetting_pos=-1,-1|-1,-1|-1,-1|-1,-1|-1,-1|-1,-1|-1,-1|19,30|-1,-1|-1,-1|
#type=4,4,4,4,4,4,4,0,4,4,
..........
#111111111111111
#assigned_pet=-1,-1,-1,-1,-1,-1,-1,-1,-1,-1,
#assigned_hub=5,8,4,1,0,7,3,-1,6,2,
#moving_targetting_pos=16,26|26,26|16,16|6,16|6,6|26,16|16,6|19,2|26,6|6,26|
#setting_targetting_pos=-1,-1|-1,-1|-1,-1|-1,-1|-1,-1|-1,-1|-1,-1|19,30|-1,-1|-1,-1|
#type=4,4,4,4,4,4,4,0,4,4,
..........
#111111111111111
#assigned_pet=-1,-1,-1,-1,-1,-1,-1,-1,-1,-1,
#assigned_hub=5,8,4,1,0,7,3,-1,6,2,
#moving_targetting_pos=16,26|26,26|16,16|6,16|6,6|26,16|16,6|19,2|26,6|6,26|
#setting_targetting_pos=-1,-1|-1,-1|-1,-1|-1,-1|-1,-1|-1,-1|-1,-1|19,30|-1,-1|-1,-1|
#type=4,4,4,4,4,4,4,0,4,4,
..........
#111111111111111
#assigned_pet=-1,-1,-1,-1,-1,-1,-1,-1,-1,-1,
#assigned_hub=5,8,4,1,0,7,3,-1,6,2,
#moving_targetting_pos=16,26|26,26|16,16|6,16|6,6|26,16|16,6|19,2|26,6|6,26|
#setting_targetting_pos=-1,-1|-1,-1|-1,-1|-1,-1|-1,-1|-1,-1|-1,-1|19,30|-1,-1|-1,-1|
#type=4,4,4,4,4,4,4,0,4,4,
..........
#111111111111111
#assigned_pet=-1,-1,-1,-1,-1,-1,-1,-1,-1,-1,
#assigned_hub=5,8,4,1,0,7,3,-1,6,2,
#moving_targetting_pos=16,26|26,26|16,16|6,16|6,6|26,16|16,6|19,2|26,6|6,26|
#setting_targetting_pos=-1,-1|-1,-1|-1,-1|-1,-1|-1,-1|-1,-1|-1,-1|19,30|-1,-1|-1,-1|
#type=4,4,4,4,4,4,4,0,4,4,
..........
#111111111111111
#assigned_pet=-1,-1,-1,-1,-1,-1,-1,-1,-1,-1,
#assigned_hub=5,8,4,1,0,7,3,-1,6,2,
#moving_targetting_pos=16,26|26,26|16,16|6,16|6,6|26,16|16,6|19,2|26,6|6,26|
#setting_targetting_pos=-1,-1|-1,-1|-1,-1|-1,-1|-1,-1|-1,-1|-1,-1|19,30|-1,-1|-1,-1|
#type=4,4,4,4,4,4,4,0,4,4,
..........
#111111111111111
#assigned_pet=-1,-1,-1,-1,-1,-1,-1,-1,-1,-1,
#assigned_hub=5,8,4,1,0,7,3,-1,6,2,
#moving_targetting_pos=16,26|26,26|16,16|6,16|6,6|26,16|16,6|19,2|26,6|6,26|
#setting_targetting_pos=-1,-1|-1,-1|-1,-1|-1,-1|-1,-1|-1,-1|-1,-1|19,30|-1,-1|-1,-1|
#type=4,4,4,4,4,4,4,0,4,4,
..........
#111111111111111
#assigned_pet=-1,-1,-1,-1,-1,-1,-1,-1,-1,-1,
#assigned_hub=5,8,4,1,0,7,3,-1,6,2,
#moving_targetting_pos=16,26|26,26|16,16|6,16|6,6|26,16|16,6|19,2|26,6|6,26|
#setting_targetting_pos=-1,-1|-1,-1|-1,-1|-1,-1|-1,-1|-1,-1|-1,-1|19,30|-1,-1|-1,-1|
#type=4,4,4,4,4,4,4,0,4,4,
..........
#111111111111111
#assigned_pet=-1,-1,-1,-1,-1,-1,-1,-1,-1,-1,
#assigned_hub=5,8,4,1,0,7,3,-1,6,2,
#moving_targetting_pos=16,26|26,26|16,16|6,16|6,6|26,16|16,6|19,2|26,6|6,26|
#setting_targetting_pos=-1,-1|-1,-1|-1,-1|-1,-1|-1,-1|-1,-1|-1,-1|19,30|-1,-1|-1,-1|
#type=4,4,4,4,4,4,4,0,4,4,
..........
#111111111111111
#assigned_pet=-1,-1,-1,-1,-1,-1,-1,-1,-1,-1,
#assigned_hub=5,8,4,1,0,7,3,-1,6,2,
#moving_targetting_pos=16,26|26,26|16,16|6,16|6,6|26,16|16,6|19,2|26,6|6,26|
#setting_targetting_pos=-1,-1|-1,-1|-1,-1|-1,-1|-1,-1|-1,-1|-1,-1|19,30|-1,-1|-1,-1|
#type=4,4,4,4,4,4,4,0,4,4,
..........
#111111111111111
#assigned_pet=-1,-1,-1,-1,-1,-1,-1,-1,-1,-1,
#assigned_hub=5,8,4,1,0,7,3,-1,6,2,
#moving_targetting_pos=16,26|26,26|16,16|6,16|6,6|26,16|16,6|19,2|26,6|6,26|
#setting_targetting_pos=-1,-1|-1,-1|-1,-1|-1,-1|-1,-1|-1,-1|-1,-1|19,30|-1,-1|-1,-1|
#type=4,4,4,4,4,4,4,0,4,4,
..........
#111111111111111
#assigned_pet=-1,-1,-1,-1,-1,-1,-1,-1,-1,-1,
#assigned_hub=5,8,4,1,0,7,3,-1,6,2,
#moving_targetting_pos=16,26|26,26|16,16|6,16|6,6|26,16|16,6|19,2|26,6|6,26|
#setting_targetting_pos=-1,-1|-1,-1|-1,-1|-1,-1|-1,-1|-1,-1|-1,-1|19,30|-1,-1|-1,-1|
#type=4,4,4,4,4,4,4,0,4,4,
..........
#111111111111111
#assigned_pet=-1,-1,-1,-1,-1,-1,-1,-1,-1,-1,
#assigned_hub=5,8,4,1,0,7,3,-1,6,2,
#moving_targetting_pos=16,26|26,26|16,16|6,16|6,6|26,16|16,6|19,2|26,6|6,26|
#setting_targetting_pos=-1,-1|-1,-1|-1,-1|-1,-1|-1,-1|-1,-1|-1,-1|19,30|-1,-1|-1,-1|
#type=4,4,4,4,4,4,4,0,4,4,
..........
#111111111111111
#assigned_pet=-1,-1,-1,-1,-1,-1,-1,-1,-1,-1,
#assigned_hub=5,8,4,1,0,7,3,-1,6,2,
#moving_targetting_pos=16,26|26,26|16,16|6,16|6,6|26,16|16,6|19,2|26,6|6,26|
#setting_targetting_pos=-1,-1|-1,-1|-1,-1|-1,-1|-1,-1|-1,-1|-1,-1|19,30|-1,-1|-1,-1|
#type=4,4,4,4,4,4,4,0,4,4,
..........
#111111111111111
#assigned_pet=-1,-1,-1,-1,-1,-1,-1,-1,-1,-1,
#assigned_hub=5,8,4,1,0,7,3,-1,6,2,
#moving_targetting_pos=16,26|26,26|16,16|6,16|6,6|26,16|16,6|19,2|26,6|6,26|
#setting_targetting_pos=-1,-1|-1,-1|-1,-1|-1,-1|-1,-1|-1,-1|-1,-1|19,30|-1,-1|-1,-1|
#type=4,4,4,4,4,4,4,0,4,4,
..........
#111111111111111
#assigned_pet=-1,-1,-1,-1,-1,-1,-1,-1,-1,-1,
#assigned_hub=5,8,4,1,0,7,3,-1,6,2,
#moving_targetting_pos=16,26|26,26|16,16|6,16|6,6|26,16|16,6|19,2|26,6|6,26|
#setting_targetting_pos=-1,-1|-1,-1|-1,-1|-1,-1|-1,-1|-1,-1|-1,-1|19,30|-1,-1|-1,-1|
#type=4,4,4,4,4,4,4,0,4,4,
..........
#111111111111111
#assigned_pet=-1,-1,-1,-1,-1,-1,-1,-1,-1,-1,
#assigned_hub=5,8,4,1,0,7,3,-1,6,2,
#moving_targetting_pos=16,26|26,26|16,16|6,16|6,6|26,16|16,6|19,2|26,6|6,26|
#setting_targetting_pos=-1,-1|-1,-1|-1,-1|-1,-1|-1,-1|-1,-1|-1,-1|19,30|-1,-1|-1,-1|
#type=4,4,4,4,4,4,4,0,4,4,
..........
#111111111111111
#assigned_pet=-1,-1,-1,-1,-1,-1,-1,-1,-1,-1,
#assigned_hub=5,8,4,1,0,7,3,-1,6,2,
#moving_targetting_pos=16,26|26,26|16,16|6,16|6,6|26,16|16,6|19,2|26,6|6,26|
#setting_targetting_pos=-1,-1|-1,-1|-1,-1|-1,-1|-1,-1|-1,-1|-1,-1|19,30|-1,-1|-1,-1|
#type=4,4,4,4,4,4,4,0,4,4,
..........
#111111111111111
#assigned_pet=-1,-1,-1,-1,-1,-1,-1,-1,-1,-1,
#assigned_hub=5,8,4,1,0,7,3,-1,6,2,
#moving_targetting_pos=16,26|26,26|16,16|6,16|6,6|26,16|16,6|19,2|26,6|6,26|
#setting_targetting_pos=-1,-1|-1,-1|-1,-1|-1,-1|-1,-1|-1,-1|-1,-1|19,30|-1,-1|-1,-1|
#type=4,4,4,4,4,4,4,0,4,4,
..........
#111111111111111
#assigned_pet=-1,-1,-1,-1,-1,-1,-1,-1,-1,-1,
#assigned_hub=5,8,4,1,0,7,3,-1,6,2,
#moving_targetting_pos=16,26|26,26|16,16|6,16|6,6|26,16|16,6|19,2|26,6|6,26|
#setting_targetting_pos=-1,-1|-1,-1|-1,-1|-1,-1|-1,-1|-1,-1|-1,-1|19,30|-1,-1|-1,-1|
#type=4,4,4,4,4,4,4,0,4,4,
..........
#111111111111111
#assigned_pet=-1,-1,-1,-1,-1,-1,-1,-1,-1,-1,
#assigned_hub=5,8,4,1,0,7,3,-1,6,2,
#moving_targetting_pos=16,26|26,26|16,16|6,16|6,6|26,16|16,6|19,2|26,6|6,26|
#setting_targetting_pos=-1,-1|-1,-1|-1,-1|-1,-1|-1,-1|-1,-1|-1,-1|19,30|-1,-1|-1,-1|
#type=4,4,4,4,4,4,4,0,4,4,
..........
#111111111111111
#assigned_pet=-1,-1,-1,-1,-1,-1,-1,-1,-1,-1,
#assigned_hub=5,8,4,1,0,7,3,-1,6,2,
#moving_targetting_pos=16,26|26,26|16,16|6,16|6,6|26,16|16,6|19,2|26,6|6,26|
#setting_targetting_pos=-1,-1|-1,-1|-1,-1|-1,-1|-1,-1|-1,-1|-1,-1|19,30|-1,-1|-1,-1|
#type=4,4,4,4,4,4,4,0,4,4,
..........
#111111111111111
#assigned_pet=-1,-1,-1,-1,-1,-1,-1,-1,-1,-1,
#assigned_hub=5,8,4,1,0,7,3,-1,6,2,
#moving_targetting_pos=16,26|26,26|16,16|6,16|6,6|26,16|16,6|19,2|26,6|6,26|
#setting_targetting_pos=-1,-1|-1,-1|-1,-1|-1,-1|-1,-1|-1,-1|-1,-1|19,30|-1,-1|-1,-1|
#type=4,4,4,4,4,4,4,0,4,4,
..........
#111111111111111
#assigned_pet=-1,-1,-1,-1,-1,-1,-1,-1,-1,-1,
#assigned_hub=5,8,4,1,0,7,3,-1,6,2,
#moving_targetting_pos=16,26|26,26|16,16|6,16|6,6|26,16|16,6|19,2|26,6|6,26|
#setting_targetting_pos=-1,-1|-1,-1|-1,-1|-1,-1|-1,-1|-1,-1|-1,-1|19,30|-1,-1|-1,-1|
#type=4,4,4,4,4,4,4,0,4,4,
..........
#111111111111111
#assigned_pet=-1,-1,-1,-1,-1,-1,-1,-1,-1,-1,
#assigned_hub=5,8,4,1,0,7,3,-1,6,2,
#moving_targetting_pos=16,26|26,26|16,16|6,16|6,6|26,16|16,6|19,2|26,6|6,26|
#setting_targetting_pos=-1,-1|-1,-1|-1,-1|-1,-1|-1,-1|-1,-1|-1,-1|19,30|-1,-1|-1,-1|
#type=4,4,4,4,4,4,4,0,4,4,
..........
#111111111111111
#assigned_pet=-1,-1,-1,-1,-1,-1,-1,-1,-1,-1,
#assigned_hub=5,8,4,1,0,7,3,-1,6,2,
#moving_targetting_pos=16,26|26,26|16,16|6,16|6,6|26,16|16,6|19,2|26,6|6,26|
#setting_targetting_pos=-1,-1|-1,-1|-1,-1|-1,-1|-1,-1|-1,-1|-1,-1|19,30|-1,-1|-1,-1|
#type=4,4,4,4,4,4,4,0,4,4,
..........
#111111111111111
#assigned_pet=-1,-1,-1,-1,-1,-1,-1,-1,-1,-1,
#assigned_hub=5,8,4,1,0,7,3,-1,6,2,
#moving_targetting_pos=16,26|26,26|16,16|6,16|6,6|26,16|16,6|19,2|26,6|6,26|
#setting_targetting_pos=-1,-1|-1,-1|-1,-1|-1,-1|-1,-1|-1,-1|-1,-1|19,30|-1,-1|-1,-1|
#type=4,4,4,4,4,4,4,0,4,4,
..........
#111111111111111
#assigned_pet=-1,-1,-1,-1,-1,-1,-1,-1,-1,-1,
#assigned_hub=5,8,4,1,0,7,3,-1,6,2,
#moving_targetting_pos=16,26|26,26|16,16|6,16|6,6|26,16|16,6|19,2|26,6|6,26|
#setting_targetting_pos=-1,-1|-1,-1|-1,-1|-1,-1|-1,-1|-1,-1|-1,-1|19,30|-1,-1|-1,-1|
#type=4,4,4,4,4,4,4,0,4,4,
..........
#111111111111111
#assigned_pet=-1,-1,-1,-1,-1,-1,-1,-1,-1,-1,
#assigned_hub=5,8,4,1,0,7,3,-1,6,2,
#moving_targetting_pos=16,26|26,26|16,16|6,16|6,6|26,16|16,6|19,2|26,6|6,26|
#setting_targetting_pos=-1,-1|-1,-1|-1,-1|-1,-1|-1,-1|-1,-1|-1,-1|19,30|-1,-1|-1,-1|
#type=4,4,4,4,4,4,4,0,4,4,
..........
#111111111111111
#assigned_pet=-1,-1,-1,-1,-1,-1,-1,-1,-1,-1,
#assigned_hub=5,8,4,1,0,7,3,-1,6,2,
#moving_targetting_pos=16,26|26,26|16,16|6,16|6,6|26,16|16,6|19,2|26,6|6,26|
#setting_targetting_pos=-1,-1|-1,-1|-1,-1|-1,-1|-1,-1|-1,-1|-1,-1|19,30|-1,-1|-1,-1|
#type=4,4,4,4,4,4,4,0,4,4,
..........
#111111111111111
#assigned_pet=-1,-1,-1,-1,-1,-1,-1,-1,-1,-1,
#assigned_hub=5,8,4,1,0,7,3,-1,6,2,
#moving_targetting_pos=16,26|26,26|16,16|6,16|6,6|26,16|16,6|19,2|26,6|6,26|
#setting_targetting_pos=-1,-1|-1,-1|-1,-1|-1,-1|-1,-1|-1,-1|-1,-1|19,30|-1,-1|-1,-1|
#type=4,4,4,4,4,4,4,0,4,4,
..........
