#predicted_score_long=6.15329e+07
#predicted_score_short=6.48102e+07
#SHORT_BAR=1
#00000000000
#assigned_pet=-1,-1,-1,-1,-1,-1,-1,-1,-1,-1,
#assigned_hub=-1,-1,-1,-1,-1,-1,-1,-1,-1,4,
#moving_targetting_pos=15,1|2,29|9,30|25,30|19,2|12,29|5,1|22,1|29,2|16,16|
#setting_targetting_pos=15,30|2,1|9,2|25,1|19,30|12,1|5,30|22,29|29,30|0,0|
#type=2,1,1,1,1,1,1,1,1,3,
dRRRLULLLU
#00000000000
#assigned_pet=-1,-1,-1,-1,-1,-1,-1,-1,-1,-1,
#assigned_hub=-1,-1,-1,-1,-1,-1,-1,-1,-1,7,
#moving_targetting_pos=15,1|2,29|9,30|25,30|19,2|12,29|5,1|22,1|29,2|26,16|
#setting_targetting_pos=15,30|2,1|9,2|25,1|19,30|12,1|5,30|22,29|29,30|-1,-1|
#type=2,1,1,1,1,2,1,1,1,3,
RRRRLrLLDD
#00000000000
#assigned_pet=-1,-1,-1,-1,-1,-1,-1,-1,-1,-1,
#assigned_hub=-1,-1,-1,-1,-1,-1,-1,-1,-1,7,
#moving_targetting_pos=15,1|2,29|9,30|25,30|19,2|12,29|5,1|22,1|29,2|26,16|
#setting_targetting_pos=15,30|2,1|9,2|25,1|19,30|12,1|5,30|22,29|29,30|-1,-1|
#type=2,1,1,1,1,2,1,1,1,3,
dRRRDdLLDD
#00000000000
#assigned_pet=-1,-1,-1,-1,-1,-1,-1,-1,-1,-1,
#assigned_hub=-1,-1,-1,-1,-1,-1,-1,-1,-1,7,
#moving_targetting_pos=15,1|2,29|9,30|25,30|19,2|12,29|5,1|22,1|29,2|26,16|
#setting_targetting_pos=15,30|2,1|9,2|25,1|19,30|12,1|5,30|22,29|29,30|-1,-1|
#type=2,1,1,1,2,2,1,1,1,3,
RRRRdLLRDD
#00000000000
#assigned_pet=-1,-1,-1,-1,-1,-1,-1,-1,-1,8,
#assigned_hub=-1,-1,-1,-1,-1,-1,-1,-1,-1,7,
#moving_targetting_pos=15,1|2,29|9,30|25,30|19,2|12,29|5,1|22,1|29,2|-1,-1|
#setting_targetting_pos=15,30|2,1|9,2|25,1|19,30|12,1|5,30|22,29|29,30|27,17|
#type=2,1,1,1,2,2,1,1,2,4,
RRRRRLLD.R
#00000000000
#assigned_pet=-1,-1,-1,-1,-1,-1,-1,-1,-1,8,
#assigned_hub=-1,-1,-1,-1,-1,-1,-1,-1,-1,7,
#moving_targetting_pos=15,1|2,29|9,30|25,30|19,2|12,29|5,1|22,1|29,2|-1,-1|
#setting_targetting_pos=15,30|2,1|9,2|25,1|19,30|12,1|5,30|22,29|29,30|26,16|
#type=2,1,1,1,2,2,1,1,2,4,
uRRRRLLD.L
#00000000000
#assigned_pet=-1,-1,-1,-1,-1,-1,-1,-1,-1,8,
#assigned_hub=-1,-1,-1,-1,-1,-1,-1,-1,-1,7,
#moving_targetting_pos=15,1|2,29|9,30|25,30|19,2|12,29|5,1|22,1|29,2|-1,-1|
#setting_targetting_pos=15,30|2,1|9,2|25,1|19,30|12,1|5,30|22,29|29,30|25,17|
#type=2,1,1,2,2,2,1,1,2,4,
RRRdluLDdR
#00000000000
#assigned_pet=-1,-1,-1,-1,-1,-1,-1,-1,-1,-1,
#assigned_hub=-1,-1,-1,-1,-1,-1,-1,-1,-1,7,
#moving_targetting_pos=15,1|2,29|9,30|25,30|19,2|12,29|5,1|22,1|29,2|-1,-1|
#setting_targetting_pos=15,30|2,1|9,2|25,1|19,30|12,1|5,30|22,29|29,30|-1,-1|
#type=2,1,1,2,2,2,1,1,2,4,
RRDLuLLLR.
#00000000000
#assigned_pet=-1,-1,-1,-1,-1,-1,-1,-1,-1,8,
#assigned_hub=-1,-1,-1,-1,-1,-1,-1,-1,-1,7,
#moving_targetting_pos=15,1|2,29|9,30|25,30|19,2|12,29|5,1|22,1|29,2|-1,-1|
#setting_targetting_pos=15,30|2,1|9,2|25,1|19,30|12,1|5,30|22,29|29,30|23,17|
#type=2,1,2,2,2,2,1,1,2,4,
RRdLRrLLRL
#00000000000
#assigned_pet=-1,-1,-1,-1,-1,-1,-1,-1,-1,8,
#assigned_hub=-1,-1,-1,-1,-1,-1,-1,-1,-1,7,
#moving_targetting_pos=15,1|2,29|9,30|25,30|19,2|12,29|5,1|22,1|29,2|-1,-1|
#setting_targetting_pos=15,30|2,1|9,2|25,1|19,30|12,1|5,30|22,29|29,30|23,17|
#type=2,1,2,2,2,2,1,1,2,4,
RRLuRLLDl.
#00000000000
#assigned_pet=-1,-1,-1,-1,-1,-1,-1,-1,-1,9,
#assigned_hub=-1,-1,-1,-1,-1,-1,-1,-1,-1,7,
#moving_targetting_pos=15,1|2,29|9,30|25,30|19,2|12,29|5,1|22,1|29,2|-1,-1|
#setting_targetting_pos=15,30|2,1|9,2|25,1|19,30|12,1|5,30|22,29|29,30|23,15|
#type=2,1,2,2,2,2,1,1,2,4,
.RLLdLLDu.
#00000000000
#assigned_pet=-1,-1,-1,-1,-1,-1,-1,-1,-1,-1,
#assigned_hub=-1,-1,-1,-1,-1,-1,-1,-1,-1,7,
#moving_targetting_pos=15,1|2,29|9,30|25,30|19,2|12,29|5,1|22,1|29,2|-1,-1|
#setting_targetting_pos=15,30|2,1|9,2|25,1|19,30|12,1|5,30|22,29|29,30|-1,-1|
#type=2,1,2,2,2,2,1,1,2,4,
.RrLRdLDR.
#00000000000
#assigned_pet=-1,-1,-1,-1,-1,-1,-1,-1,-1,9,
#assigned_hub=-1,-1,-1,-1,-1,-1,-1,-1,-1,7,
#moving_targetting_pos=15,1|2,29|9,30|25,30|19,2|12,29|5,1|22,1|29,2|-1,-1|
#setting_targetting_pos=15,30|2,1|9,2|25,1|19,30|12,1|5,30|22,29|29,30|25,13|
#type=2,1,2,2,2,2,1,1,2,4,
uRuLRLLDRL
#00000000000
#assigned_pet=-1,-1,-1,-1,-1,-1,-1,-1,-1,-1,
#assigned_hub=-1,-1,-1,-1,-1,-1,-1,-1,-1,7,
#moving_targetting_pos=15,1|2,29|9,30|25,30|19,2|12,29|5,1|22,1|29,2|-1,-1|
#setting_targetting_pos=15,30|2,1|9,2|25,1|19,30|12,1|5,30|22,29|29,30|-1,-1|
#type=2,2,2,2,2,2,1,1,2,4,
RrLLuLDDd.
#00000000000
#assigned_pet=-1,-1,-1,-1,-1,-1,-1,-1,-1,9,
#assigned_hub=-1,-1,-1,-1,-1,-1,-1,-1,-1,7,
#moving_targetting_pos=15,1|2,29|9,30|25,30|19,2|12,29|5,1|22,1|29,2|-1,-1|
#setting_targetting_pos=15,30|2,1|9,2|25,1|19,30|12,1|5,30|22,29|29,30|23,15|
#type=2,2,2,2,2,2,1,2,2,4,
RdLuRrDuRR
#00000000000
#assigned_pet=-1,-1,-1,-1,-1,-1,-1,-1,-1,9,
#assigned_hub=-1,-1,-1,-1,-1,-1,-1,-1,-1,7,
#moving_targetting_pos=15,1|2,29|9,30|25,30|19,2|12,29|5,1|22,1|29,2|-1,-1|
#setting_targetting_pos=15,30|2,1|9,2|25,1|19,30|12,1|5,30|22,29|29,30|23,15|
#type=2,2,2,2,2,2,1,2,2,4,
.LdLRuDRR.
#00000000000
#assigned_pet=-1,-1,-1,-1,-1,-1,-1,-1,-1,9,
#assigned_hub=-1,-1,-1,-1,-1,-1,-1,-1,-1,7,
#moving_targetting_pos=15,1|2,29|9,30|25,30|19,2|12,29|5,1|22,1|29,2|-1,-1|
#setting_targetting_pos=15,30|2,1|9,2|25,1|19,30|12,1|5,30|22,29|29,30|23,15|
#type=2,2,2,2,2,2,1,2,2,4,
dLLLlLDR..
#00000000000
#assigned_pet=-1,-1,-1,-1,-1,-1,-1,-1,-1,-1,
#assigned_hub=-1,-1,-1,-1,-1,-1,-1,-1,-1,7,
#moving_targetting_pos=15,1|2,29|9,30|25,30|19,2|12,29|5,1|22,1|29,2|-1,-1|
#setting_targetting_pos=15,30|2,1|9,2|25,1|19,30|12,1|5,30|22,29|29,30|-1,-1|
#type=2,2,2,2,2,2,2,2,2,4,
RLLddLdlu.
#00000000000
#assigned_pet=-1,-1,-1,-1,-1,-1,-1,-1,-1,-1,
#assigned_hub=-1,-1,-1,-1,-1,-1,-1,-1,-1,7,
#moving_targetting_pos=15,1|2,29|9,30|25,30|19,2|12,29|5,1|22,1|29,2|-1,-1|
#setting_targetting_pos=15,30|2,1|9,2|25,1|19,30|12,1|5,30|22,29|29,30|-1,-1|
#type=2,2,2,2,2,2,2,2,2,4,
duuLRrRdR.
#00000000000
#assigned_pet=-1,-1,-1,-1,-1,-1,-1,-1,-1,4,
#assigned_hub=-1,-1,-1,-1,-1,-1,-1,-1,-1,7,
#moving_targetting_pos=15,1|2,29|9,30|25,30|19,2|12,29|5,1|22,1|29,2|-1,-1|
#setting_targetting_pos=15,30|2,1|9,2|25,1|19,30|12,1|5,30|22,29|29,30|27,13|
#type=2,2,2,2,2,2,2,2,2,4,
RLLdRddRRL
#00000000000
#assigned_pet=-1,-1,-1,-1,-1,-1,-1,-1,-1,4,
#assigned_hub=-1,-1,-1,-1,-1,-1,-1,-1,-1,7,
#moving_targetting_pos=15,1|2,29|9,30|25,30|19,2|12,29|5,1|22,1|29,2|-1,-1|
#setting_targetting_pos=15,30|2,1|9,2|25,1|19,30|12,1|5,30|22,29|29,30|27,13|
#type=2,2,2,2,2,2,2,2,2,4,
drLLdLRRlL
#00000000000
#assigned_pet=-1,-1,-1,-1,-1,-1,-1,-1,-1,4,
#assigned_hub=-1,-1,-1,-1,-1,-1,-1,-1,-1,7,
#moving_targetting_pos=15,1|2,29|9,30|25,30|19,2|12,29|5,1|22,1|29,2|-1,-1|
#setting_targetting_pos=15,30|2,1|9,2|25,1|19,30|12,1|5,30|22,29|29,30|29,15|
#type=2,2,2,2,2,2,2,2,2,4,
RLrdRLRRdR
#00000000000
#assigned_pet=-1,-1,-1,-1,-1,-1,-1,-1,-1,4,
#assigned_hub=-1,-1,-1,-1,-1,-1,-1,-1,-1,7,
#moving_targetting_pos=15,1|2,29|9,30|25,30|19,2|12,29|5,1|22,1|29,2|-1,-1|
#setting_targetting_pos=15,30|2,1|9,2|25,1|19,30|12,1|5,30|22,29|29,30|29,15|
#type=2,2,2,2,2,2,2,2,2,4,
RLdLRLuuRD
#00000000000
#assigned_pet=-1,-1,-1,-1,-1,-1,-1,-1,-1,4,
#assigned_hub=-1,-1,-1,-1,-1,-1,-1,-1,-1,7,
#moving_targetting_pos=15,1|2,29|9,30|25,30|19,2|12,29|5,1|22,1|29,2|-1,-1|
#setting_targetting_pos=15,30|2,1|9,2|25,1|19,30|12,1|5,30|22,29|29,30|29,15|
#type=2,2,2,2,2,2,2,2,2,4,
udLLluRRRD
#00000000000
#assigned_pet=-1,-1,-1,-1,-1,-1,-1,-1,-1,4,
#assigned_hub=-1,-1,-1,-1,-1,-1,-1,-1,-1,7,
#moving_targetting_pos=15,1|2,29|9,30|25,30|19,2|12,29|5,1|22,1|29,2|-1,-1|
#setting_targetting_pos=15,30|2,1|9,2|25,1|19,30|12,1|5,30|22,29|29,30|29,15|
#type=2,2,2,2,2,2,2,2,2,4,
RLLuuLRldD
#00000000000
#assigned_pet=-1,-1,-1,-1,-1,-1,-1,-1,-1,-1,
#assigned_hub=-1,-1,-1,-1,-1,-1,-1,-1,-1,7,
#moving_targetting_pos=15,1|2,29|9,30|25,30|19,2|12,29|5,1|22,1|29,2|-1,-1|
#setting_targetting_pos=15,30|2,1|9,2|25,1|19,30|12,1|5,30|22,29|29,30|-1,-1|
#type=2,2,2,2,2,2,2,2,2,4,
RLdLRrRRR.
#00000000000
#assigned_pet=-1,-1,-1,-1,-1,-1,-1,-1,-1,4,
#assigned_hub=-1,-1,-1,-1,-1,-1,-1,-1,-1,7,
#moving_targetting_pos=15,1|2,29|9,30|25,30|19,2|12,29|5,1|22,1|29,2|-1,-1|
#setting_targetting_pos=15,30|2,1|9,2|25,1|19,30|12,1|5,30|22,29|29,30|28,17|
#type=2,2,2,2,2,2,2,2,2,4,
RrLLRLRRRR
#00000000000
#assigned_pet=-1,-1,-1,-1,-1,-1,-1,-1,-1,4,
#assigned_hub=-1,-1,-1,-1,-1,-1,-1,-1,-1,7,
#moving_targetting_pos=15,1|2,29|9,30|25,30|19,2|12,29|5,1|22,1|29,2|-1,-1|
#setting_targetting_pos=15,30|2,1|9,2|25,1|19,30|12,1|5,30|22,29|29,30|29,17|
#type=2,2,2,2,2,2,2,2,2,4,
RuLLdLudlR
#00000000000
#assigned_pet=-1,-1,-1,-1,-1,-1,-1,-1,-1,4,
#assigned_hub=-1,-1,-1,-1,-1,-1,-1,-1,-1,7,
#moving_targetting_pos=15,1|2,29|9,30|25,30|19,2|12,29|5,1|22,1|29,2|-1,-1|
#setting_targetting_pos=15,30|2,1|9,2|25,1|19,30|12,1|5,30|22,29|29,30|29,16|
#type=2,2,2,2,2,2,2,2,2,4,
uLrLRdRRuL
#00000000000
#assigned_pet=-1,-1,-1,-1,-1,-1,-1,-1,-1,4,
#assigned_hub=-1,-1,-1,-1,-1,-1,-1,-1,-1,7,
#moving_targetting_pos=15,1|2,29|9,30|25,30|19,2|12,29|5,1|22,1|29,2|-1,-1|
#setting_targetting_pos=15,30|2,1|9,2|25,1|19,30|12,1|5,30|22,29|29,30|29,17|
#type=2,2,2,2,2,2,2,2,2,4,
RLuuRLRRRR
#00000000000
#assigned_pet=-1,-1,-1,-1,-1,-1,-1,-1,-1,4,
#assigned_hub=-1,-1,-1,-1,-1,-1,-1,-1,-1,7,
#moving_targetting_pos=15,1|2,29|9,30|25,30|19,2|12,29|5,1|22,1|29,2|-1,-1|
#setting_targetting_pos=15,30|2,1|9,2|25,1|19,30|12,1|5,30|22,29|29,30|27,18|
#type=2,2,2,2,2,2,2,2,2,4,
RdLLuLdlRR
#00000000000
#assigned_pet=-1,-1,-1,-1,-1,-1,-1,-1,-1,4,
#assigned_hub=-1,-1,-1,-1,-1,-1,-1,-1,-1,7,
#moving_targetting_pos=15,1|2,29|9,30|25,30|19,2|12,29|5,1|22,1|29,2|-1,-1|
#setting_targetting_pos=15,30|2,1|9,2|25,1|19,30|12,1|5,30|22,29|29,30|27,19|
#type=2,2,2,2,2,2,2,2,2,4,
d.LLRrRudR
#00000000000
#assigned_pet=-1,-1,-1,-1,-1,-1,-1,-1,-1,4,
#assigned_hub=-1,-1,-1,-1,-1,-1,-1,-1,-1,7,
#moving_targetting_pos=15,1|2,29|9,30|25,30|19,2|12,29|5,1|22,1|29,2|-1,-1|
#setting_targetting_pos=15,30|2,1|9,2|25,1|19,30|12,1|5,30|22,29|29,30|27,19|
#type=2,2,2,2,2,2,2,2,2,4,
RrddRudRR.
#00000000000
#assigned_pet=-1,-1,-1,-1,-1,-1,-1,-1,-1,4,
#assigned_hub=-1,-1,-1,-1,-1,-1,-1,-1,-1,7,
#moving_targetting_pos=15,1|2,29|9,30|25,30|19,2|12,29|5,1|22,1|29,2|-1,-1|
#setting_targetting_pos=15,30|2,1|9,2|25,1|19,30|12,1|5,30|22,29|29,30|27,19|
#type=2,2,2,2,2,2,2,2,2,4,
.LLLlLRRR.
#00000000000
#assigned_pet=-1,-1,-1,-1,-1,-1,-1,-1,-1,4,
#assigned_hub=-1,-1,-1,-1,-1,-1,-1,-1,-1,7,
#moving_targetting_pos=15,1|2,29|9,30|25,30|19,2|12,29|5,1|22,1|29,2|-1,-1|
#setting_targetting_pos=15,30|2,1|9,2|25,1|19,30|12,1|5,30|22,29|29,30|27,19|
#type=2,2,2,2,2,2,2,2,2,4,
dLLddLdlu.
#00000000000
#assigned_pet=-1,-1,-1,-1,-1,-1,-1,-1,-1,-1,
#assigned_hub=-1,-1,-1,-1,-1,-1,-1,-1,-1,7,
#moving_targetting_pos=15,1|2,29|9,30|25,30|19,2|12,29|5,1|22,1|29,2|-1,-1|
#setting_targetting_pos=15,30|2,1|9,2|25,1|19,30|12,1|5,30|22,29|29,30|-1,-1|
#type=2,2,2,2,2,2,2,2,2,4,
RLuLRdRdR.
#00000000000
#assigned_pet=-1,-1,-1,-1,-1,-1,-1,-1,-1,4,
#assigned_hub=-1,-1,-1,-1,-1,-1,-1,-1,-1,7,
#moving_targetting_pos=15,1|2,29|9,30|25,30|19,2|12,29|5,1|22,1|29,2|-1,-1|
#setting_targetting_pos=15,30|2,1|9,2|25,1|19,30|12,1|5,30|22,29|29,30|27,19|
#type=2,2,2,2,2,2,2,2,2,4,
duLdRrRRR.
#00000000000
#assigned_pet=-1,-1,-1,-1,-1,-1,-1,-1,-1,4,
#assigned_hub=-1,-1,-1,-1,-1,-1,-1,-1,-1,7,
#moving_targetting_pos=15,1|2,29|9,30|25,30|19,2|12,29|5,1|22,1|29,2|-1,-1|
#setting_targetting_pos=15,30|2,1|9,2|25,1|19,30|12,1|5,30|22,29|29,30|27,19|
#type=2,2,2,2,2,2,2,2,2,4,
RLLLdLuRl.
#00000000000
#assigned_pet=-1,-1,-1,-1,-1,-1,-1,-1,-1,4,
#assigned_hub=-1,-1,-1,-1,-1,-1,-1,-1,-1,7,
#moving_targetting_pos=15,1|2,29|9,30|25,30|19,2|12,29|5,1|22,1|29,2|-1,-1|
#setting_targetting_pos=15,30|2,1|9,2|25,1|19,30|12,1|5,30|22,29|29,30|27,18|
#type=2,2,2,2,2,2,2,2,2,4,
RrrLRLRRdL
#00000000000
#assigned_pet=-1,-1,-1,-1,-1,-1,-1,-1,-1,4,
#assigned_hub=-1,-1,-1,-1,-1,-1,-1,-1,-1,7,
#moving_targetting_pos=15,1|2,29|9,30|25,30|19,2|12,29|5,1|22,1|29,2|-1,-1|
#setting_targetting_pos=15,30|2,1|9,2|25,1|19,30|12,1|5,30|22,29|29,30|25,17|
#type=2,2,2,2,2,2,2,2,2,4,
uLduRLRuRL
#00000000000
#assigned_pet=-1,-1,-1,-1,-1,-1,-1,-1,-1,4,
#assigned_hub=-1,-1,-1,-1,-1,-1,-1,-1,-1,7,
#moving_targetting_pos=15,1|2,29|9,30|25,30|19,2|12,29|5,1|22,1|29,2|-1,-1|
#setting_targetting_pos=15,30|2,1|9,2|25,1|19,30|12,1|5,30|22,29|29,30|25,18|
#type=2,2,2,2,2,2,2,2,2,4,
RLLLluRRRR
#00000000000
#assigned_pet=-1,-1,-1,-1,-1,-1,-1,-1,-1,4,
#assigned_hub=-1,-1,-1,-1,-1,-1,-1,-1,-1,7,
#moving_targetting_pos=15,1|2,29|9,30|25,30|19,2|12,29|5,1|22,1|29,2|-1,-1|
#setting_targetting_pos=15,30|2,1|9,2|25,1|19,30|12,1|5,30|22,29|29,30|25,19|
#type=2,2,2,2,2,2,2,2,2,4,
RdLLuLRldR
#00000000000
#assigned_pet=-1,-1,-1,-1,-1,-1,-1,-1,-1,4,
#assigned_hub=-1,-1,-1,-1,-1,-1,-1,-1,-1,7,
#moving_targetting_pos=15,1|2,29|9,30|25,30|19,2|12,29|5,1|22,1|29,2|-1,-1|
#setting_targetting_pos=15,30|2,1|9,2|25,1|19,30|12,1|5,30|22,29|29,30|25,19|
#type=2,2,2,2,2,2,2,2,2,4,
RLdLRr.RR.
#00000000000
#assigned_pet=-1,-1,-1,-1,-1,-1,-1,-1,-1,4,
#assigned_hub=-1,-1,-1,-1,-1,-1,-1,-1,-1,7,
#moving_targetting_pos=15,1|2,29|9,30|25,30|19,2|12,29|5,1|22,1|29,2|-1,-1|
#setting_targetting_pos=15,30|2,1|9,2|25,1|19,30|12,1|5,30|22,29|29,30|25,19|
#type=2,2,2,2,2,2,2,2,2,4,
RLLLRL.RR.
#00000000000
#assigned_pet=-1,-1,-1,-1,-1,-1,-1,-1,-1,4,
#assigned_hub=-1,-1,-1,-1,-1,-1,-1,-1,-1,7,
#moving_targetting_pos=15,1|2,29|9,30|25,30|19,2|12,29|5,1|22,1|29,2|-1,-1|
#setting_targetting_pos=15,30|2,1|9,2|25,1|19,30|12,1|5,30|22,29|29,30|25,19|
#type=2,2,2,2,2,2,2,2,2,4,
urLudL.dl.
#00000000000
#assigned_pet=-1,-1,-1,-1,-1,-1,-1,-1,-1,4,
#assigned_hub=-1,-1,-1,-1,-1,-1,-1,-1,-1,7,
#moving_targetting_pos=15,1|2,29|9,30|25,30|19,2|12,29|5,1|22,1|29,2|-1,-1|
#setting_targetting_pos=15,30|2,1|9,2|25,1|19,30|12,1|5,30|22,29|29,30|25,19|
#type=2,2,2,2,2,2,2,2,2,4,
RurLRd.Ru.
#00000000000
#assigned_pet=-1,-1,-1,-1,-1,-1,-1,-1,-1,4,
#assigned_hub=-1,-1,-1,-1,-1,-1,-1,-1,-1,7,
#moving_targetting_pos=15,1|2,29|9,30|25,30|19,2|12,29|5,1|22,1|29,2|-1,-1|
#setting_targetting_pos=15,30|2,1|9,2|25,1|19,30|12,1|5,30|22,29|29,30|23,17|
#type=2,2,2,2,2,2,2,2,2,4,
RLuLRLuRRL
#00000000000
#assigned_pet=-1,-1,-1,-1,-1,-1,-1,-1,-1,4,
#assigned_hub=-1,-1,-1,-1,-1,-1,-1,-1,-1,7,
#moving_targetting_pos=15,1|2,29|9,30|25,30|19,2|12,29|5,1|22,1|29,2|-1,-1|
#setting_targetting_pos=15,30|2,1|9,2|25,1|19,30|12,1|5,30|22,29|29,30|23,17|
#type=2,2,2,2,2,2,2,2,2,4,
dLLduLRlRL
#00000000000
#assigned_pet=-1,-1,-1,-1,-1,-1,-1,-1,-1,4,
#assigned_hub=5,-1,-1,-1,-1,-1,-1,-1,-1,7,
#moving_targetting_pos=16,26|2,29|9,30|25,30|19,2|12,29|5,1|22,1|29,2|-1,-1|
#setting_targetting_pos=15,30|2,1|9,2|25,1|19,30|12,1|5,30|22,29|29,30|25,16|
#type=3,2,2,2,2,2,2,2,2,4,
LrLLRrRudL
#00000000000
#assigned_pet=-1,-1,-1,-1,-1,-1,-1,-1,-1,4,
#assigned_hub=5,-1,-1,-1,-1,-1,-1,-1,-1,7,
#moving_targetting_pos=16,26|2,29|9,30|25,30|19,2|12,29|5,1|22,1|29,2|-1,-1|
#setting_targetting_pos=-1,-1|2,1|9,2|25,1|19,30|12,1|5,30|22,29|29,30|23,17|
#type=3,2,2,2,2,2,2,2,2,4,
LdddRudRRR
#00000000000
#assigned_pet=5,-1,-1,-1,-1,-1,-1,-1,-1,4,
#assigned_hub=5,-1,-1,6,-1,3,-1,-1,-1,7,
#moving_targetting_pos=-1,-1|2,29|9,30|26,6|19,2|16,6|5,1|22,1|29,2|-1,-1|
#setting_targetting_pos=19,25|2,1|9,2|25,1|19,30|12,1|5,30|22,29|29,30|25,18|
#type=4,2,2,3,2,3,2,2,2,4,
LLLRlDRRRR
#00000000000
#assigned_pet=5,-1,-1,-1,-1,-1,-1,-1,-1,4,
#assigned_hub=5,-1,-1,6,-1,3,-1,-1,-1,7,
#moving_targetting_pos=-1,-1|2,29|9,30|26,6|19,2|16,6|5,1|22,1|29,2|-1,-1|
#setting_targetting_pos=18,25|2,1|9,2|-1,-1|19,30|-1,-1|5,30|22,29|29,30|26,18|
#type=4,2,2,3,2,3,2,2,2,4,
LLLRdRdluL
#00000000000
#assigned_pet=9,-1,-1,-1,-1,-1,-1,-1,-1,4,
#assigned_hub=5,-1,-1,6,8,3,-1,-1,-1,7,
#moving_targetting_pos=-1,-1|2,29|9,30|26,6|26,26|16,6|5,1|22,1|29,2|-1,-1|
#setting_targetting_pos=17,23|2,1|9,2|-1,-1|19,30|-1,-1|5,30|22,29|29,30|27,19|
#type=4,2,2,3,3,3,2,2,2,4,
LLuRUDRdRR
#00000000000
#assigned_pet=9,-1,-1,8,-1,-1,-1,-1,-1,4,
#assigned_hub=5,-1,-1,6,8,3,-1,-1,-1,7,
#moving_targetting_pos=-1,-1|2,29|9,30|-1,-1|26,26|16,6|5,1|22,1|29,2|-1,-1|
#setting_targetting_pos=17,23|2,1|9,2|23,5|-1,-1|-1,-1|5,30|22,29|29,30|27,19|
#type=4,2,2,4,3,3,2,2,2,4,
LuLRLRdRRR
#00000000000
#assigned_pet=9,-1,-1,8,-1,-1,-1,-1,-1,4,
#assigned_hub=5,-1,-1,6,8,3,-1,-1,-1,7,
#moving_targetting_pos=-1,-1|2,29|9,30|-1,-1|26,26|16,6|5,1|22,1|29,2|-1,-1|
#setting_targetting_pos=17,23|2,1|9,2|23,5|-1,-1|-1,-1|5,30|22,29|29,30|27,18|
#type=4,2,2,4,3,3,2,2,2,4,
LLLUUDRRlL
#00000000000
#assigned_pet=9,-1,-1,8,-1,-1,-1,-1,-1,4,
#assigned_hub=5,-1,-1,6,8,3,-1,-1,-1,7,
#moving_targetting_pos=-1,-1|2,29|9,30|-1,-1|26,26|16,6|5,1|22,1|29,2|-1,-1|
#setting_targetting_pos=17,23|2,1|9,2|23,5|-1,-1|-1,-1|5,30|22,29|29,30|27,19|
#type=4,2,2,4,3,3,2,2,2,4,
Drd.LRRRdR
#00000000000
#assigned_pet=5,-1,-1,8,-1,-1,-1,-1,-1,-1,
#assigned_hub=5,-1,-1,6,8,3,-1,-1,4,7,
#moving_targetting_pos=-1,-1|2,29|9,30|-1,-1|26,26|-1,-1|5,1|22,1|16,16|-1,-1|
#setting_targetting_pos=19,27|2,1|9,2|25,5|-1,-1|-1,-1|5,30|22,29|29,30|-1,-1|
#type=4,2,2,4,3,4,2,2,3,4,
RLr.L.uuU.
#00000000000
#assigned_pet=5,-1,-1,8,-1,-1,-1,-1,-1,-1,
#assigned_hub=5,-1,0,6,8,3,-1,-1,4,7,
#moving_targetting_pos=-1,-1|2,29|6,6|-1,-1|26,26|-1,-1|5,1|22,1|16,16|-1,-1|
#setting_targetting_pos=19,27|2,1|9,2|25,3|-1,-1|-1,-1|5,30|22,29|-1,-1|-1,-1|
#type=4,2,3,4,3,4,2,2,3,4,
RLUDD.RRL.
#00000000000
#assigned_pet=9,-1,-1,8,-1,-1,-1,-1,-1,-1,
#assigned_hub=5,-1,0,6,8,3,-1,-1,4,7,
#moving_targetting_pos=-1,-1|2,29|6,6|-1,-1|26,26|-1,-1|5,1|22,1|16,16|-1,-1|
#setting_targetting_pos=17,23|2,1|-1,-1|25,3|-1,-1|-1,-1|5,30|22,29|-1,-1|-1,-1|
#type=4,2,3,4,3,4,2,2,3,4,
L.RLD.RlU.
#00000000100
#assigned_pet=5,-1,-1,8,-1,-1,-1,-1,-1,-1,
#assigned_hub=5,-1,0,6,8,3,-1,-1,4,7,
#moving_targetting_pos=-1,-1|2,29|6,6|-1,-1|26,26|-1,-1|5,1|22,1|16,16|-1,-1|
#setting_targetting_pos=19,27|2,1|-1,-1|25,3|-1,-1|-1,-1|5,30|22,29|-1,-1|-1,-1|
#type=4,2,3,5,3,4,2,2,3,4,
R.UlD.RRL.
#00000000100
#assigned_pet=5,-1,-1,-1,-1,-1,-1,-1,-1,-1,
#assigned_hub=5,-1,0,1,8,3,-1,-1,4,7,
#moving_targetting_pos=-1,-1|2,29|6,6|6,16|26,26|-1,-1|5,1|22,1|16,16|-1,-1|
#setting_targetting_pos=19,27|2,1|-1,-1|-1,-1|-1,-1|-1,-1|5,30|22,29|-1,-1|-1,-1|
#type=4,2,3,3,3,4,2,2,3,4,
RdRRD.RRL.
#00000000100
#assigned_pet=5,-1,0,-1,-1,-1,-1,-1,-1,-1,
#assigned_hub=5,-1,0,1,8,3,-1,-1,4,7,
#moving_targetting_pos=-1,-1|2,29|-1,-1|6,16|26,26|-1,-1|5,1|22,1|16,16|-1,-1|
#setting_targetting_pos=19,27|2,1|5,3|-1,-1|-1,-1|-1,-1|5,30|22,29|-1,-1|-1,-1|
#type=4,2,4,3,3,4,2,2,3,4,
RLLRD.urL.
#00000000100
#assigned_pet=5,-1,0,-1,-1,-1,-1,-1,-1,-1,
#assigned_hub=5,-1,0,1,8,3,-1,-1,4,7,
#moving_targetting_pos=-1,-1|2,29|-1,-1|6,16|26,26|-1,-1|5,1|22,1|16,16|-1,-1|
#setting_targetting_pos=19,27|2,1|5,3|-1,-1|-1,-1|-1,-1|5,30|22,29|-1,-1|-1,-1|
#type=4,2,4,3,3,4,2,2,3,4,
DLURD.RdL.
#00000000100
#assigned_pet=5,-1,1,-1,-1,-1,-1,-1,-1,-1,
#assigned_hub=5,-1,0,1,8,3,-1,2,4,7,
#moving_targetting_pos=-1,-1|2,29|-1,-1|6,16|26,26|-1,-1|5,1|6,26|16,16|-1,-1|
#setting_targetting_pos=19,27|2,1|3,5|-1,-1|-1,-1|-1,-1|5,30|22,29|-1,-1|-1,-1|
#type=4,2,4,3,3,4,2,3,3,4,
DuRRL.RLL.
#00000000100
#assigned_pet=5,-1,1,-1,5,-1,-1,-1,-1,-1,
#assigned_hub=5,-1,0,1,8,3,-1,2,4,7,
#moving_targetting_pos=-1,-1|2,29|-1,-1|6,16|-1,-1|-1,-1|5,1|6,26|16,16|-1,-1|
#setting_targetting_pos=19,27|2,1|3,5|-1,-1|23,27|-1,-1|5,30|-1,-1|-1,-1|-1,-1|
#type=4,2,4,3,4,4,2,3,3,4,
.rRR..dLL.
#00000000100
#assigned_pet=4,-1,1,-1,4,3,-1,-1,-1,-1,
#assigned_hub=5,-1,0,1,8,3,-1,2,4,7,
#moving_targetting_pos=-1,-1|2,29|-1,-1|6,16|-1,-1|-1,-1|5,1|6,26|16,16|-1,-1|
#setting_targetting_pos=19,27|2,1|3,5|-1,-1|23,27|13,7|5,30|-1,-1|-1,-1|-1,-1|
#type=4,0,4,3,4,4,0,3,3,4,
..UR.R.UL.
#00000000100
#assigned_pet=4,-1,1,-1,4,3,-1,-1,-1,-1,
#assigned_hub=5,-1,0,1,8,3,-1,2,4,7,
#moving_targetting_pos=-1,-1|2,29|-1,-1|6,16|-1,-1|-1,-1|5,1|6,26|16,16|-1,-1|
#setting_targetting_pos=19,27|2,1|3,5|-1,-1|23,27|13,7|5,30|-1,-1|-1,-1|-1,-1|
#type=4,0,4,3,4,4,0,3,3,4,
..UR.R.UL.
#00000000100
#assigned_pet=4,-1,1,-1,4,3,-1,-1,-1,-1,
#assigned_hub=5,-1,0,1,8,3,-1,2,4,7,
#moving_targetting_pos=-1,-1|2,29|-1,-1|6,16|-1,-1|-1,-1|5,1|6,26|16,16|-1,-1|
#setting_targetting_pos=19,27|2,1|3,5|-1,-1|23,27|13,7|5,30|-1,-1|-1,-1|-1,-1|
#type=4,0,4,3,4,4,0,3,3,4,
...R.R.UL.
#01100000100
#assigned_pet=-1,-1,1,-1,5,3,-1,-1,-1,-1,
#assigned_hub=5,-1,0,1,8,3,-1,2,4,7,
#moving_targetting_pos=-1,-1|2,29|-1,-1|6,16|-1,-1|-1,-1|5,1|6,26|16,16|-1,-1|
#setting_targetting_pos=-1,-1|2,1|3,5|-1,-1|24,26|13,7|5,30|-1,-1|-1,-1|-1,-1|
#type=4,0,5,3,4,4,0,3,3,4,
..uR.U.UL.
#01100000100
#assigned_pet=-1,-1,6,-1,5,3,-1,-1,-1,-1,
#assigned_hub=5,-1,0,1,8,3,-1,2,4,7,
#moving_targetting_pos=-1,-1|2,29|-1,-1|6,16|-1,-1|-1,-1|5,1|6,26|16,16|-1,-1|
#setting_targetting_pos=-1,-1|2,1|7,3|-1,-1|25,26|13,7|5,30|-1,-1|-1,-1|-1,-1|
#type=4,0,4,3,4,4,0,3,3,4,
..DRD..UL.
#01100000100
#assigned_pet=5,-1,6,-1,5,3,-1,-1,-1,-1,
#assigned_hub=5,-1,0,1,8,3,-1,2,4,7,
#moving_targetting_pos=-1,-1|2,29|-1,-1|6,16|-1,-1|-1,-1|5,1|6,26|16,16|-1,-1|
#setting_targetting_pos=19,27|2,1|7,3|-1,-1|23,27|13,7|5,30|-1,-1|-1,-1|-1,-1|
#type=4,0,4,3,4,4,0,3,3,4,
..LRR..UL.
#01100000100
#assigned_pet=-1,-1,6,-1,4,3,-1,-1,-1,-1,
#assigned_hub=5,-1,0,1,8,3,-1,2,4,7,
#moving_targetting_pos=-1,-1|2,29|-1,-1|6,16|-1,-1|-1,-1|5,1|6,26|16,16|-1,-1|
#setting_targetting_pos=-1,-1|2,1|7,3|-1,-1|25,29|13,7|5,30|-1,-1|-1,-1|-1,-1|
#type=4,0,4,3,4,4,0,3,3,4,
..LUD..UU.
#01100000100
#assigned_pet=-1,-1,6,-1,4,3,-1,-1,-1,-1,
#assigned_hub=5,-1,0,1,8,3,-1,2,4,7,
#moving_targetting_pos=-1,-1|2,29|-1,-1|6,16|-1,-1|-1,-1|5,1|6,26|16,16|-1,-1|
#setting_targetting_pos=-1,-1|2,1|7,3|-1,-1|25,28|13,7|5,30|-1,-1|-1,-1|-1,-1|
#type=4,0,4,3,4,4,0,3,3,4,
..DU...UU.
#01100000100
#assigned_pet=-1,-1,6,-1,5,3,-1,-1,-1,-1,
#assigned_hub=5,-1,0,1,8,3,-1,2,4,7,
#moving_targetting_pos=-1,-1|2,29|-1,-1|6,16|-1,-1|-1,-1|5,1|6,26|16,16|-1,-1|
#setting_targetting_pos=-1,-1|2,1|6,3|-1,-1|27,29|14,6|5,30|-1,-1|-1,-1|-1,-1|
#type=4,0,4,3,4,4,0,3,3,4,
..RUR..UU.
#01100000100
#assigned_pet=-1,-1,6,-1,5,3,-1,-1,-1,-1,
#assigned_hub=5,-1,0,1,8,3,-1,2,4,7,
#moving_targetting_pos=-1,-1|2,29|-1,-1|6,16|-1,-1|-1,-1|5,1|6,26|16,16|-1,-1|
#setting_targetting_pos=-1,-1|2,1|7,4|-1,-1|27,29|15,5|5,30|-1,-1|-1,-1|-1,-1|
#type=4,0,4,3,4,4,0,3,3,4,
...URL.UU.
#01100000100
#assigned_pet=-1,-1,6,-1,4,3,-1,-1,-1,-1,
#assigned_hub=5,-1,0,1,8,3,-1,2,4,7,
#moving_targetting_pos=-1,-1|2,29|-1,-1|6,16|-1,-1|-1,-1|5,1|6,26|16,16|-1,-1|
#setting_targetting_pos=-1,-1|2,1|6,5|-1,-1|25,29|15,5|5,30|-1,-1|-1,-1|-1,-1|
#type=4,0,4,3,4,4,0,3,3,4,
...ULL.UU.
#01100000100
#assigned_pet=-1,-1,7,-1,4,3,-1,-1,-1,-1,
#assigned_hub=5,-1,0,1,8,3,-1,2,4,7,
#moving_targetting_pos=-1,-1|2,29|-1,-1|6,16|-1,-1|-1,-1|5,1|6,26|16,16|-1,-1|
#setting_targetting_pos=-1,-1|2,1|7,5|-1,-1|25,29|16,6|5,30|-1,-1|-1,-1|-1,-1|
#type=4,0,4,3,4,4,0,3,3,4,
..RU.R.UU.
#01101000100
#assigned_pet=-1,-1,7,-1,4,3,-1,-1,-1,-1,
#assigned_hub=5,-1,0,1,8,3,-1,2,4,7,
#moving_targetting_pos=-1,-1|2,29|-1,-1|6,16|-1,-1|-1,-1|5,1|6,26|16,16|26,16|
#setting_targetting_pos=-1,-1|2,1|7,5|-1,-1|25,29|16,6|5,30|-1,-1|-1,-1|-1,-1|
#type=4,0,4,3,5,4,0,3,3,4,
...UrD.UU.
#01101000100
#assigned_pet=-1,-1,7,-1,5,3,-1,-1,-1,-1,
#assigned_hub=5,-1,0,1,8,3,-1,2,4,7,
#moving_targetting_pos=16,26|2,29|-1,-1|6,16|-1,-1|-1,-1|5,1|6,26|16,16|26,16|
#setting_targetting_pos=-1,-1|2,1|7,5|-1,-1|27,29|16,6|5,30|-1,-1|-1,-1|-1,-1|
#type=4,0,4,3,4,4,0,3,3,4,
...UD..LU.
#01101000100
#assigned_pet=-1,-1,7,-1,5,3,-1,10,-1,-1,
#assigned_hub=5,-1,0,1,8,3,-1,2,4,7,
#moving_targetting_pos=-1,-1|2,29|-1,-1|6,16|-1,-1|-1,-1|5,1|-1,-1|16,16|-1,-1|
#setting_targetting_pos=-1,-1|2,1|7,5|-1,-1|27,29|17,7|5,30|3,26|-1,-1|-1,-1|
#type=4,0,4,3,4,4,0,4,3,4,
...URR.UL.
#01101000100
#assigned_pet=-1,-1,7,-1,5,3,-1,10,9,-1,
#assigned_hub=5,-1,0,1,8,3,-1,2,4,7,
#moving_targetting_pos=-1,-1|2,29|-1,-1|6,16|-1,-1|-1,-1|5,1|-1,-1|-1,-1|-1,-1|
#setting_targetting_pos=-1,-1|2,1|6,6|-1,-1|27,29|16,8|5,30|5,27|16,13|-1,-1|
#type=4,0,4,3,4,4,0,4,4,4,
...U.R.RL.
#01101000100
#assigned_pet=-1,-1,7,-1,5,3,-1,10,3,-1,
#assigned_hub=5,-1,0,1,8,3,-1,2,4,7,
#moving_targetting_pos=-1,-1|2,29|-1,-1|6,16|-1,-1|-1,-1|5,1|-1,-1|-1,-1|-1,-1|
#setting_targetting_pos=-1,-1|2,1|7,5|-1,-1|27,29|15,9|5,30|5,26|15,13|-1,-1|
#type=4,0,4,3,4,4,0,4,4,4,
...U...LU.
#01101100100
#assigned_pet=-1,-1,7,-1,5,3,-1,10,3,-1,
#assigned_hub=5,-1,0,1,8,3,-1,2,4,7,
#moving_targetting_pos=-1,-1|2,29|-1,-1|6,16|-1,-1|-1,-1|5,1|-1,-1|-1,-1|26,16|
#setting_targetting_pos=-1,-1|2,1|6,4|-1,-1|27,29|15,9|5,30|7,27|15,13|-1,-1|
#type=4,0,4,3,5,4,0,4,4,4,
...Ud..RU.
#01101100100
#assigned_pet=-1,-1,7,-1,-1,3,-1,10,3,-1,
#assigned_hub=5,-1,0,1,8,3,-1,2,4,7,
#moving_targetting_pos=16,26|2,29|-1,-1|6,16|26,26|-1,-1|5,1|-1,-1|-1,-1|26,16|
#setting_targetting_pos=-1,-1|2,1|5,3|-1,-1|-1,-1|15,9|5,30|5,26|15,13|-1,-1|
#type=4,0,4,3,4,4,0,4,4,4,
..LU...LL.
#01101100100
#assigned_pet=-1,-1,7,-1,-1,-1,-1,10,3,-1,
#assigned_hub=5,-1,0,1,8,3,-1,2,4,7,
#moving_targetting_pos=-1,-1|2,29|-1,-1|6,16|26,26|-1,-1|5,1|-1,-1|-1,-1|26,16|
#setting_targetting_pos=-1,-1|2,1|5,3|-1,-1|-1,-1|-1,-1|5,30|8,26|16,14|-1,-1|
#type=4,0,4,3,4,4,0,4,4,4,
..LU...U..
#01101100100
#assigned_pet=-1,-1,7,-1,-1,-1,-1,10,3,-1,
#assigned_hub=5,-1,0,1,8,3,-1,2,4,7,
#moving_targetting_pos=-1,-1|2,29|-1,-1|6,16|26,26|-1,-1|5,1|-1,-1|-1,-1|26,16|
#setting_targetting_pos=-1,-1|2,1|5,3|-1,-1|-1,-1|-1,-1|5,30|7,26|17,15|-1,-1|
#type=4,0,4,3,4,4,0,4,4,4,
...U...U..
#01101100100
#assigned_pet=-1,-1,7,-1,-1,-1,-1,10,9,-1,
#assigned_hub=5,-1,0,1,8,3,-1,2,4,7,
#moving_targetting_pos=-1,-1|2,29|-1,-1|6,16|26,26|-1,-1|5,1|-1,-1|-1,-1|-1,-1|
#setting_targetting_pos=-1,-1|2,1|5,3|-1,-1|-1,-1|-1,-1|5,30|7,27|16,15|-1,-1|
#type=4,0,4,3,4,4,0,4,4,4,
...U...RR.
#01101100100
#assigned_pet=-1,-1,7,-1,-1,-1,-1,10,3,-1,
#assigned_hub=5,-1,0,1,8,3,-1,2,4,7,
#moving_targetting_pos=-1,-1|2,29|-1,-1|6,16|26,26|-1,-1|5,1|-1,-1|-1,-1|-1,-1|
#setting_targetting_pos=-1,-1|2,1|5,3|-1,-1|-1,-1|-1,-1|5,30|7,28|17,17|-1,-1|
#type=4,0,4,3,4,4,0,4,4,4,
...R...RR.
#01101100100
#assigned_pet=-1,-1,7,6,-1,-1,-1,10,3,3,
#assigned_hub=5,-1,0,1,8,3,-1,2,4,7,
#moving_targetting_pos=16,26|2,29|-1,-1|-1,-1|26,26|-1,-1|5,1|-1,-1|-1,-1|-1,-1|
#setting_targetting_pos=-1,-1|2,1|5,3|7,14|-1,-1|-1,-1|5,30|7,25|19,17|23,17|
#type=4,0,4,4,4,4,0,4,4,4,
...L...LRL
#01101100100
#assigned_pet=10,-1,7,6,-1,-1,-1,10,3,3,
#assigned_hub=5,-1,0,1,8,3,-1,2,4,7,
#moving_targetting_pos=-1,-1|2,29|-1,-1|-1,-1|26,26|-1,-1|5,1|-1,-1|-1,-1|-1,-1|
#setting_targetting_pos=13,25|2,1|5,3|7,16|-1,-1|-1,-1|5,30|9,25|19,17|23,17|
#type=4,0,4,4,4,4,0,4,4,4,
L..R...LDL
#01101100100
#assigned_pet=10,-1,7,6,-1,-1,-1,10,3,3,
#assigned_hub=5,-1,0,1,8,3,-1,2,4,7,
#moving_targetting_pos=-1,-1|2,29|-1,-1|-1,-1|26,26|-1,-1|5,1|-1,-1|-1,-1|-1,-1|
#setting_targetting_pos=13,25|2,1|5,3|8,17|-1,-1|-1,-1|5,30|9,25|19,17|23,17|
#type=4,0,4,4,4,4,0,4,4,4,
L..R...L.U
#01101100100
#assigned_pet=10,-1,7,6,-1,-1,-1,10,3,3,
#assigned_hub=5,-1,0,1,8,3,-1,2,4,7,
#moving_targetting_pos=-1,-1|2,29|-1,-1|-1,-1|26,26|-1,-1|5,1|-1,-1|-1,-1|-1,-1|
#setting_targetting_pos=13,25|2,1|5,3|9,17|-1,-1|-1,-1|5,30|9,25|19,17|23,17|
#type=4,0,4,4,4,4,0,4,4,4,
U..L...D.U
#01101100100
#assigned_pet=10,-1,7,6,-1,-1,-1,10,6,3,
#assigned_hub=5,-1,0,1,8,3,-1,2,4,7,
#moving_targetting_pos=-1,-1|2,29|-1,-1|-1,-1|26,26|-1,-1|5,1|-1,-1|-1,-1|-1,-1|
#setting_targetting_pos=13,25|2,1|5,3|9,17|-1,-1|-1,-1|5,30|9,25|13,17|24,16|
#type=4,0,4,4,4,4,0,4,4,4,
U......DU.
#01101100100
#assigned_pet=10,-1,7,6,-1,-1,-1,10,6,3,
#assigned_hub=5,-1,0,1,8,3,-1,2,4,7,
#moving_targetting_pos=-1,-1|2,29|-1,-1|-1,-1|26,26|-1,-1|5,1|-1,-1|-1,-1|-1,-1|
#setting_targetting_pos=13,25|2,1|5,3|9,17|-1,-1|-1,-1|5,30|9,25|13,17|25,15|
#type=4,0,4,4,4,4,0,4,4,4,
U.......UL
#01101100100
#assigned_pet=10,-1,7,6,-1,-1,-1,10,6,3,
#assigned_hub=5,-1,0,1,8,3,-1,2,4,7,
#moving_targetting_pos=-1,-1|2,29|-1,-1|-1,-1|26,26|-1,-1|5,1|-1,-1|-1,-1|-1,-1|
#setting_targetting_pos=13,25|2,1|5,3|9,17|-1,-1|-1,-1|5,30|9,25|13,17|27,15|
#type=4,0,4,4,4,4,0,4,4,4,
U.......UL
#01101100101
#assigned_pet=10,-1,7,6,-1,-1,-1,10,6,3,
#assigned_hub=5,-1,0,1,8,3,-1,2,4,7,
#moving_targetting_pos=-1,-1|2,29|-1,-1|-1,-1|26,26|-1,-1|5,1|-1,-1|-1,-1|-1,-1|
#setting_targetting_pos=13,25|2,1|5,3|9,17|-1,-1|-1,-1|5,30|9,25|13,17|26,16|
#type=5,0,4,4,4,4,0,5,4,4,
u......dUR
#01101100101
#assigned_pet=-1,-1,7,6,-1,-1,-1,-1,6,3,
#assigned_hub=5,-1,0,1,8,3,-1,2,4,7,
#moving_targetting_pos=-1,-1|2,29|-1,-1|-1,-1|26,26|-1,-1|5,1|-1,-1|-1,-1|-1,-1|
#setting_targetting_pos=-1,-1|2,1|5,5|9,17|-1,-1|-1,-1|5,30|-1,-1|13,17|26,18|
#type=4,0,4,4,4,4,0,4,4,4,
..R......R
#01101110101
#assigned_pet=-1,-1,7,6,-1,-1,-1,-1,6,3,
#assigned_hub=5,-1,0,1,8,3,-1,2,4,7,
#moving_targetting_pos=16,26|2,29|-1,-1|-1,-1|26,26|-1,-1|5,1|6,26|-1,-1|-1,-1|
#setting_targetting_pos=-1,-1|2,1|4,6|9,17|-1,-1|-1,-1|5,30|-1,-1|13,17|26,18|
#type=4,0,4,5,4,4,0,4,5,4,
..Rr....uD
#01101110101
#assigned_pet=-1,-1,7,0,3,-1,-1,-1,9,3,
#assigned_hub=5,-1,0,1,8,3,-1,2,4,7,
#moving_targetting_pos=16,26|2,29|-1,-1|-1,-1|-1,-1|-1,-1|5,1|6,26|-1,-1|-1,-1|
#setting_targetting_pos=-1,-1|2,1|6,6|5,15|27,23|-1,-1|5,30|-1,-1|17,14|27,19|
#type=4,0,4,4,4,4,0,4,4,4,
...LL...LR
#01101110101
#assigned_pet=-1,-1,7,0,3,-1,-1,-1,9,3,
#assigned_hub=5,-1,0,1,8,3,-1,2,4,7,
#moving_targetting_pos=16,26|2,29|-1,-1|-1,-1|-1,-1|-1,-1|5,1|-1,-1|-1,-1|-1,-1|
#setting_targetting_pos=-1,-1|2,1|7,7|7,15|27,23|-1,-1|5,30|-1,-1|16,14|27,19|
#type=4,0,4,4,4,4,0,4,4,4,
..RUL...LR
#01101110101
#assigned_pet=-1,-1,7,0,3,-1,-1,-1,9,3,
#assigned_hub=5,-1,0,1,8,3,-1,2,4,7,
#moving_targetting_pos=16,26|2,29|-1,-1|-1,-1|-1,-1|-1,-1|5,1|-1,-1|-1,-1|-1,-1|
#setting_targetting_pos=-1,-1|2,1|7,7|7,15|27,23|-1,-1|5,30|-1,-1|17,14|27,19|
#type=4,0,4,4,4,4,0,4,4,4,
..R.L...DD
#01101110101
#assigned_pet=-1,-1,7,0,3,-1,-1,-1,9,3,
#assigned_hub=5,-1,0,1,8,3,-1,2,4,7,
#moving_targetting_pos=16,26|2,29|-1,-1|-1,-1|-1,-1|-1,-1|5,1|-1,-1|-1,-1|-1,-1|
#setting_targetting_pos=-1,-1|2,1|7,7|7,15|27,23|-1,-1|5,30|-1,-1|17,15|27,19|
#type=4,0,4,4,4,4,0,4,4,4,
....L...D.
#01101110101
#assigned_pet=-1,-1,7,0,3,-1,-1,-1,9,3,
#assigned_hub=5,-1,0,1,8,3,-1,2,4,7,
#moving_targetting_pos=-1,-1|2,29|-1,-1|-1,-1|-1,-1|-1,-1|5,1|6,26|-1,-1|-1,-1|
#setting_targetting_pos=-1,-1|2,1|6,8|6,14|27,23|-1,-1|5,30|-1,-1|17,16|27,19|
#type=4,0,4,4,4,4,0,4,4,4,
...UL...R.
#01101110101
#assigned_pet=-1,-1,7,0,3,-1,-1,-1,9,3,
#assigned_hub=5,-1,0,1,8,3,-1,2,4,7,
#moving_targetting_pos=16,26|2,29|-1,-1|-1,-1|-1,-1|-1,-1|5,1|6,26|-1,-1|-1,-1|
#setting_targetting_pos=-1,-1|2,1|6,8|6,14|27,23|-1,-1|5,30|-1,-1|18,16|27,19|
#type=4,0,4,4,4,4,0,4,4,4,
...LL...D.
#01111110101
#assigned_pet=-1,-1,0,0,3,-1,-1,-1,9,3,
#assigned_hub=5,-1,0,1,8,3,-1,2,4,7,
#moving_targetting_pos=16,26|2,29|-1,-1|-1,-1|-1,-1|-1,-1|5,1|6,26|-1,-1|-1,-1|
#setting_targetting_pos=-1,-1|2,1|5,9|5,13|27,23|-1,-1|5,30|-1,-1|19,16|27,19|
#type=4,0,4,4,5,4,0,4,4,5,
..RLd...Dd
#01111110101
#assigned_pet=-1,-1,0,0,-1,-1,-1,-1,9,9,
#assigned_hub=5,-1,0,1,8,3,-1,2,4,7,
#moving_targetting_pos=16,26|2,29|-1,-1|-1,-1|26,26|-1,-1|5,1|6,26|-1,-1|-1,-1|
#setting_targetting_pos=-1,-1|2,1|5,9|5,13|-1,-1|-1,-1|5,30|-1,-1|19,15|23,15|
#type=4,0,4,4,4,4,0,4,4,4,
..RU....LL
#01111110101
#assigned_pet=-1,-1,0,0,-1,-1,-1,-1,9,9,
#assigned_hub=5,-1,0,1,8,3,-1,2,4,7,
#moving_targetting_pos=16,26|2,29|-1,-1|-1,-1|26,26|-1,-1|5,1|6,26|-1,-1|-1,-1|
#setting_targetting_pos=-1,-1|2,1|5,9|5,13|-1,-1|-1,-1|5,30|-1,-1|19,15|23,15|
#type=4,0,4,4,4,4,0,4,4,4,
.........L
#11111110101
#assigned_pet=-1,-1,0,0,-1,-1,-1,-1,9,9,
#assigned_hub=5,-1,0,1,8,3,-1,2,4,7,
#moving_targetting_pos=16,26|2,29|-1,-1|-1,-1|26,26|-1,-1|5,1|6,26|-1,-1|-1,-1|
#setting_targetting_pos=-1,-1|2,1|5,9|5,13|-1,-1|-1,-1|5,30|-1,-1|19,15|23,15|
#type=4,0,5,5,4,4,0,4,4,4,
..uu.....L
#11111110101
#assigned_pet=-1,-1,7,-1,-1,-1,-1,-1,9,9,
#assigned_hub=5,-1,0,1,8,3,-1,2,4,7,
#moving_targetting_pos=16,26|2,29|-1,-1|-1,-1|26,26|-1,-1|5,1|6,26|-1,-1|-1,-1|
#setting_targetting_pos=-1,-1|2,1|6,8|-1,-1|-1,-1|-1,-1|5,30|-1,-1|19,15|23,15|
#type=4,0,4,4,4,4,0,4,4,4,
.........L
#11111110101
#assigned_pet=-1,-1,7,7,-1,-1,-1,-1,9,9,
#assigned_hub=5,-1,0,1,8,3,-1,2,4,7,
#moving_targetting_pos=16,26|2,29|-1,-1|-1,-1|26,26|-1,-1|5,1|6,26|-1,-1|-1,-1|
#setting_targetting_pos=-1,-1|2,1|7,9|7,13|-1,-1|-1,-1|5,30|-1,-1|19,15|23,15|
#type=4,0,4,4,4,4,0,4,4,4,
.........U
#11111111101
#assigned_pet=-1,-1,7,7,-1,-1,-1,-1,9,9,
#assigned_hub=5,-1,0,1,8,3,-1,2,4,7,
#moving_targetting_pos=16,26|2,29|-1,-1|-1,-1|26,26|16,6|5,1|6,26|-1,-1|-1,-1|
#setting_targetting_pos=-1,-1|2,1|7,9|7,13|-1,-1|-1,-1|5,30|-1,-1|19,15|23,15|
#type=4,0,5,5,4,4,0,4,4,4,
..dd.....U
#11111111111
#assigned_pet=-1,-1,-1,-1,-1,-1,-1,-1,9,9,
#assigned_hub=5,-1,0,1,8,3,-1,2,4,7,
#moving_targetting_pos=16,26|2,29|6,6|6,16|26,26|16,6|5,1|6,26|-1,-1|-1,-1|
#setting_targetting_pos=-1,-1|2,1|-1,-1|-1,-1|-1,-1|-1,-1|5,30|-1,-1|19,15|23,15|
#type=4,0,4,4,4,4,0,4,5,5,
........du
#11111111111
#assigned_pet=-1,-1,-1,-1,-1,-1,-1,-1,-1,-1,
#assigned_hub=5,-1,0,1,8,3,-1,2,4,7,
#moving_targetting_pos=16,26|2,29|6,6|6,16|26,26|16,6|5,1|6,26|16,16|26,16|
#setting_targetting_pos=-1,-1|2,1|-1,-1|-1,-1|-1,-1|-1,-1|5,30|-1,-1|-1,-1|-1,-1|
#type=4,0,4,4,4,4,0,4,4,4,
..........
#11111111111
#assigned_pet=-1,-1,-1,-1,-1,-1,-1,-1,-1,-1,
#assigned_hub=5,-1,0,1,8,3,-1,2,4,7,
#moving_targetting_pos=16,26|2,29|6,6|6,16|26,26|16,6|5,1|6,26|16,16|26,16|
#setting_targetting_pos=-1,-1|2,1|-1,-1|-1,-1|-1,-1|-1,-1|5,30|-1,-1|-1,-1|-1,-1|
#type=4,0,4,4,4,4,0,4,4,4,
..........
#11111111111
#assigned_pet=-1,-1,-1,-1,-1,-1,-1,-1,-1,-1,
#assigned_hub=5,-1,0,1,8,3,-1,2,4,7,
#moving_targetting_pos=16,26|2,29|6,6|6,16|26,26|16,6|5,1|6,26|16,16|26,16|
#setting_targetting_pos=-1,-1|2,1|-1,-1|-1,-1|-1,-1|-1,-1|5,30|-1,-1|-1,-1|-1,-1|
#type=4,0,4,4,4,4,0,4,4,4,
..........
#11111111111
#assigned_pet=-1,-1,-1,-1,-1,-1,-1,-1,-1,-1,
#assigned_hub=5,-1,0,1,8,3,-1,2,4,7,
#moving_targetting_pos=16,26|2,29|6,6|6,16|26,26|16,6|5,1|6,26|16,16|26,16|
#setting_targetting_pos=-1,-1|2,1|-1,-1|-1,-1|-1,-1|-1,-1|5,30|-1,-1|-1,-1|-1,-1|
#type=4,0,4,4,4,4,0,4,4,4,
..........
#11111111111
#assigned_pet=-1,-1,-1,-1,-1,-1,-1,-1,-1,-1,
#assigned_hub=5,-1,0,1,8,3,-1,2,4,7,
#moving_targetting_pos=16,26|2,29|6,6|6,16|26,26|16,6|5,1|6,26|16,16|26,16|
#setting_targetting_pos=-1,-1|2,1|-1,-1|-1,-1|-1,-1|-1,-1|5,30|-1,-1|-1,-1|-1,-1|
#type=4,0,4,4,4,4,0,4,4,4,
..........
#11111111111
#assigned_pet=-1,-1,-1,-1,-1,-1,-1,-1,-1,-1,
#assigned_hub=5,-1,0,1,8,3,-1,2,4,7,
#moving_targetting_pos=16,26|2,29|6,6|6,16|26,26|16,6|5,1|6,26|16,16|26,16|
#setting_targetting_pos=-1,-1|2,1|-1,-1|-1,-1|-1,-1|-1,-1|5,30|-1,-1|-1,-1|-1,-1|
#type=4,0,4,4,4,4,0,4,4,4,
..........
#11111111111
#assigned_pet=-1,-1,-1,-1,-1,-1,-1,-1,-1,-1,
#assigned_hub=5,-1,0,1,8,3,-1,2,4,7,
#moving_targetting_pos=16,26|2,29|6,6|6,16|26,26|16,6|5,1|6,26|16,16|26,16|
#setting_targetting_pos=-1,-1|2,1|-1,-1|-1,-1|-1,-1|-1,-1|5,30|-1,-1|-1,-1|-1,-1|
#type=4,0,4,4,4,4,0,4,4,4,
..........
#11111111111
#assigned_pet=-1,-1,-1,-1,-1,-1,-1,-1,-1,-1,
#assigned_hub=5,-1,0,1,8,3,-1,2,4,7,
#moving_targetting_pos=16,26|2,29|6,6|6,16|26,26|16,6|5,1|6,26|16,16|26,16|
#setting_targetting_pos=-1,-1|2,1|-1,-1|-1,-1|-1,-1|-1,-1|5,30|-1,-1|-1,-1|-1,-1|
#type=4,0,4,4,4,4,0,4,4,4,
..........
#11111111111
#assigned_pet=-1,-1,-1,-1,-1,-1,-1,-1,-1,-1,
#assigned_hub=5,-1,0,1,8,3,-1,2,4,7,
#moving_targetting_pos=16,26|2,29|6,6|6,16|26,26|16,6|5,1|6,26|16,16|26,16|
#setting_targetting_pos=-1,-1|2,1|-1,-1|-1,-1|-1,-1|-1,-1|5,30|-1,-1|-1,-1|-1,-1|
#type=4,0,4,4,4,4,0,4,4,4,
..........
#11111111111
#assigned_pet=-1,-1,-1,-1,-1,-1,-1,-1,-1,-1,
#assigned_hub=5,-1,0,1,8,3,-1,2,4,7,
#moving_targetting_pos=16,26|2,29|6,6|6,16|26,26|16,6|5,1|6,26|16,16|26,16|
#setting_targetting_pos=-1,-1|2,1|-1,-1|-1,-1|-1,-1|-1,-1|5,30|-1,-1|-1,-1|-1,-1|
#type=4,0,4,4,4,4,0,4,4,4,
..........
#11111111111
#assigned_pet=-1,-1,-1,-1,-1,-1,-1,-1,-1,-1,
#assigned_hub=5,-1,0,1,8,3,-1,2,4,7,
#moving_targetting_pos=16,26|2,29|6,6|6,16|26,26|16,6|5,1|6,26|16,16|26,16|
#setting_targetting_pos=-1,-1|2,1|-1,-1|-1,-1|-1,-1|-1,-1|5,30|-1,-1|-1,-1|-1,-1|
#type=4,0,4,4,4,4,0,4,4,4,
..........
#11111111111
#assigned_pet=-1,-1,-1,-1,-1,-1,-1,-1,-1,-1,
#assigned_hub=5,-1,0,1,8,3,-1,2,4,7,
#moving_targetting_pos=16,26|2,29|6,6|6,16|26,26|16,6|5,1|6,26|16,16|26,16|
#setting_targetting_pos=-1,-1|2,1|-1,-1|-1,-1|-1,-1|-1,-1|5,30|-1,-1|-1,-1|-1,-1|
#type=4,0,4,4,4,4,0,4,4,4,
..........
#11111111111
#assigned_pet=-1,-1,-1,-1,-1,-1,-1,-1,-1,-1,
#assigned_hub=5,-1,0,1,8,3,-1,2,4,7,
#moving_targetting_pos=16,26|2,29|6,6|6,16|26,26|16,6|5,1|6,26|16,16|26,16|
#setting_targetting_pos=-1,-1|2,1|-1,-1|-1,-1|-1,-1|-1,-1|5,30|-1,-1|-1,-1|-1,-1|
#type=4,0,4,4,4,4,0,4,4,4,
..........
#11111111111
#assigned_pet=-1,-1,-1,-1,-1,-1,-1,-1,-1,-1,
#assigned_hub=5,-1,0,1,8,3,-1,2,4,7,
#moving_targetting_pos=16,26|2,29|6,6|6,16|26,26|16,6|5,1|6,26|16,16|26,16|
#setting_targetting_pos=-1,-1|2,1|-1,-1|-1,-1|-1,-1|-1,-1|5,30|-1,-1|-1,-1|-1,-1|
#type=4,0,4,4,4,4,0,4,4,4,
..........
#11111111111
#assigned_pet=-1,-1,-1,-1,-1,-1,-1,-1,-1,-1,
#assigned_hub=5,-1,0,1,8,3,-1,2,4,7,
#moving_targetting_pos=16,26|2,29|6,6|6,16|26,26|16,6|5,1|6,26|16,16|26,16|
#setting_targetting_pos=-1,-1|2,1|-1,-1|-1,-1|-1,-1|-1,-1|5,30|-1,-1|-1,-1|-1,-1|
#type=4,0,4,4,4,4,0,4,4,4,
..........
#11111111111
#assigned_pet=-1,-1,-1,-1,-1,-1,-1,-1,-1,-1,
#assigned_hub=5,-1,0,1,8,3,-1,2,4,7,
#moving_targetting_pos=16,26|2,29|6,6|6,16|26,26|16,6|5,1|6,26|16,16|26,16|
#setting_targetting_pos=-1,-1|2,1|-1,-1|-1,-1|-1,-1|-1,-1|5,30|-1,-1|-1,-1|-1,-1|
#type=4,0,4,4,4,4,0,4,4,4,
..........
#11111111111
#assigned_pet=-1,-1,-1,-1,-1,-1,-1,-1,-1,-1,
#assigned_hub=5,-1,0,1,8,3,-1,2,4,7,
#moving_targetting_pos=16,26|2,29|6,6|6,16|26,26|16,6|5,1|6,26|16,16|26,16|
#setting_targetting_pos=-1,-1|2,1|-1,-1|-1,-1|-1,-1|-1,-1|5,30|-1,-1|-1,-1|-1,-1|
#type=4,0,4,4,4,4,0,4,4,4,
..........
#11111111111
#assigned_pet=-1,-1,-1,-1,-1,-1,-1,-1,-1,-1,
#assigned_hub=5,-1,0,1,8,3,-1,2,4,7,
#moving_targetting_pos=16,26|2,29|6,6|6,16|26,26|16,6|5,1|6,26|16,16|26,16|
#setting_targetting_pos=-1,-1|2,1|-1,-1|-1,-1|-1,-1|-1,-1|5,30|-1,-1|-1,-1|-1,-1|
#type=4,0,4,4,4,4,0,4,4,4,
..........
#11111111111
#assigned_pet=-1,-1,-1,-1,-1,-1,-1,-1,-1,-1,
#assigned_hub=5,-1,0,1,8,3,-1,2,4,7,
#moving_targetting_pos=16,26|2,29|6,6|6,16|26,26|16,6|5,1|6,26|16,16|26,16|
#setting_targetting_pos=-1,-1|2,1|-1,-1|-1,-1|-1,-1|-1,-1|5,30|-1,-1|-1,-1|-1,-1|
#type=4,0,4,4,4,4,0,4,4,4,
..........
#11111111111
#assigned_pet=-1,-1,-1,-1,-1,-1,-1,-1,-1,-1,
#assigned_hub=5,-1,0,1,8,3,-1,2,4,7,
#moving_targetting_pos=16,26|2,29|6,6|6,16|26,26|16,6|5,1|6,26|16,16|26,16|
#setting_targetting_pos=-1,-1|2,1|-1,-1|-1,-1|-1,-1|-1,-1|5,30|-1,-1|-1,-1|-1,-1|
#type=4,0,4,4,4,4,0,4,4,4,
..........
#11111111111
#assigned_pet=-1,-1,-1,-1,-1,-1,-1,-1,-1,-1,
#assigned_hub=5,-1,0,1,8,3,-1,2,4,7,
#moving_targetting_pos=16,26|2,29|6,6|6,16|26,26|16,6|5,1|6,26|16,16|26,16|
#setting_targetting_pos=-1,-1|2,1|-1,-1|-1,-1|-1,-1|-1,-1|5,30|-1,-1|-1,-1|-1,-1|
#type=4,0,4,4,4,4,0,4,4,4,
..........
#11111111111
#assigned_pet=-1,-1,-1,-1,-1,-1,-1,-1,-1,-1,
#assigned_hub=5,-1,0,1,8,3,-1,2,4,7,
#moving_targetting_pos=16,26|2,29|6,6|6,16|26,26|16,6|5,1|6,26|16,16|26,16|
#setting_targetting_pos=-1,-1|2,1|-1,-1|-1,-1|-1,-1|-1,-1|5,30|-1,-1|-1,-1|-1,-1|
#type=4,0,4,4,4,4,0,4,4,4,
..........
#11111111111
#assigned_pet=-1,-1,-1,-1,-1,-1,-1,-1,-1,-1,
#assigned_hub=5,-1,0,1,8,3,-1,2,4,7,
#moving_targetting_pos=16,26|2,29|6,6|6,16|26,26|16,6|5,1|6,26|16,16|26,16|
#setting_targetting_pos=-1,-1|2,1|-1,-1|-1,-1|-1,-1|-1,-1|5,30|-1,-1|-1,-1|-1,-1|
#type=4,0,4,4,4,4,0,4,4,4,
..........
#11111111111
#assigned_pet=-1,-1,-1,-1,-1,-1,-1,-1,-1,-1,
#assigned_hub=5,-1,0,1,8,3,-1,2,4,7,
#moving_targetting_pos=16,26|2,29|6,6|6,16|26,26|16,6|5,1|6,26|16,16|26,16|
#setting_targetting_pos=-1,-1|2,1|-1,-1|-1,-1|-1,-1|-1,-1|5,30|-1,-1|-1,-1|-1,-1|
#type=4,0,4,4,4,4,0,4,4,4,
..........
#11111111111
#assigned_pet=-1,-1,-1,-1,-1,-1,-1,-1,-1,-1,
#assigned_hub=5,-1,0,1,8,3,-1,2,4,7,
#moving_targetting_pos=16,26|2,29|6,6|6,16|26,26|16,6|5,1|6,26|16,16|26,16|
#setting_targetting_pos=-1,-1|2,1|-1,-1|-1,-1|-1,-1|-1,-1|5,30|-1,-1|-1,-1|-1,-1|
#type=4,0,4,4,4,4,0,4,4,4,
..........
#11111111111
#assigned_pet=-1,-1,-1,-1,-1,-1,-1,-1,-1,-1,
#assigned_hub=5,-1,0,1,8,3,-1,2,4,7,
#moving_targetting_pos=16,26|2,29|6,6|6,16|26,26|16,6|5,1|6,26|16,16|26,16|
#setting_targetting_pos=-1,-1|2,1|-1,-1|-1,-1|-1,-1|-1,-1|5,30|-1,-1|-1,-1|-1,-1|
#type=4,0,4,4,4,4,0,4,4,4,
..........
#11111111111
#assigned_pet=-1,-1,-1,-1,-1,-1,-1,-1,-1,-1,
#assigned_hub=5,-1,0,1,8,3,-1,2,4,7,
#moving_targetting_pos=16,26|2,29|6,6|6,16|26,26|16,6|5,1|6,26|16,16|26,16|
#setting_targetting_pos=-1,-1|2,1|-1,-1|-1,-1|-1,-1|-1,-1|5,30|-1,-1|-1,-1|-1,-1|
#type=4,0,4,4,4,4,0,4,4,4,
..........
#11111111111
#assigned_pet=-1,-1,-1,-1,-1,-1,-1,-1,-1,-1,
#assigned_hub=5,-1,0,1,8,3,-1,2,4,7,
#moving_targetting_pos=16,26|2,29|6,6|6,16|26,26|16,6|5,1|6,26|16,16|26,16|
#setting_targetting_pos=-1,-1|2,1|-1,-1|-1,-1|-1,-1|-1,-1|5,30|-1,-1|-1,-1|-1,-1|
#type=4,0,4,4,4,4,0,4,4,4,
..........
#11111111111
#assigned_pet=-1,-1,-1,-1,-1,-1,-1,-1,-1,-1,
#assigned_hub=5,-1,0,1,8,3,-1,2,4,7,
#moving_targetting_pos=16,26|2,29|6,6|6,16|26,26|16,6|5,1|6,26|16,16|26,16|
#setting_targetting_pos=-1,-1|2,1|-1,-1|-1,-1|-1,-1|-1,-1|5,30|-1,-1|-1,-1|-1,-1|
#type=4,0,4,4,4,4,0,4,4,4,
..........
#11111111111
#assigned_pet=-1,-1,-1,-1,-1,-1,-1,-1,-1,-1,
#assigned_hub=5,-1,0,1,8,3,-1,2,4,7,
#moving_targetting_pos=16,26|2,29|6,6|6,16|26,26|16,6|5,1|6,26|16,16|26,16|
#setting_targetting_pos=-1,-1|2,1|-1,-1|-1,-1|-1,-1|-1,-1|5,30|-1,-1|-1,-1|-1,-1|
#type=4,0,4,4,4,4,0,4,4,4,
..........
#11111111111
#assigned_pet=-1,-1,-1,-1,-1,-1,-1,-1,-1,-1,
#assigned_hub=5,-1,0,1,8,3,-1,2,4,7,
#moving_targetting_pos=16,26|2,29|6,6|6,16|26,26|16,6|5,1|6,26|16,16|26,16|
#setting_targetting_pos=-1,-1|2,1|-1,-1|-1,-1|-1,-1|-1,-1|5,30|-1,-1|-1,-1|-1,-1|
#type=4,0,4,4,4,4,0,4,4,4,
..........
#11111111111
#assigned_pet=-1,-1,-1,-1,-1,-1,-1,-1,-1,-1,
#assigned_hub=5,-1,0,1,8,3,-1,2,4,7,
#moving_targetting_pos=16,26|2,29|6,6|6,16|26,26|16,6|5,1|6,26|16,16|26,16|
#setting_targetting_pos=-1,-1|2,1|-1,-1|-1,-1|-1,-1|-1,-1|5,30|-1,-1|-1,-1|-1,-1|
#type=4,0,4,4,4,4,0,4,4,4,
..........
#11111111111
#assigned_pet=-1,-1,-1,-1,-1,-1,-1,-1,-1,-1,
#assigned_hub=5,-1,0,1,8,3,-1,2,4,7,
#moving_targetting_pos=16,26|2,29|6,6|6,16|26,26|16,6|5,1|6,26|16,16|26,16|
#setting_targetting_pos=-1,-1|2,1|-1,-1|-1,-1|-1,-1|-1,-1|5,30|-1,-1|-1,-1|-1,-1|
#type=4,0,4,4,4,4,0,4,4,4,
..........
#11111111111
#assigned_pet=-1,-1,-1,-1,-1,-1,-1,-1,-1,-1,
#assigned_hub=5,-1,0,1,8,3,-1,2,4,7,
#moving_targetting_pos=16,26|2,29|6,6|6,16|26,26|16,6|5,1|6,26|16,16|26,16|
#setting_targetting_pos=-1,-1|2,1|-1,-1|-1,-1|-1,-1|-1,-1|5,30|-1,-1|-1,-1|-1,-1|
#type=4,0,4,4,4,4,0,4,4,4,
..........
#11111111111
#assigned_pet=-1,-1,-1,-1,-1,-1,-1,-1,-1,-1,
#assigned_hub=5,-1,0,1,8,3,-1,2,4,7,
#moving_targetting_pos=16,26|2,29|6,6|6,16|26,26|16,6|5,1|6,26|16,16|26,16|
#setting_targetting_pos=-1,-1|2,1|-1,-1|-1,-1|-1,-1|-1,-1|5,30|-1,-1|-1,-1|-1,-1|
#type=4,0,4,4,4,4,0,4,4,4,
..........
#11111111111
#assigned_pet=-1,-1,-1,-1,-1,-1,-1,-1,-1,-1,
#assigned_hub=5,-1,0,1,8,3,-1,2,4,7,
#moving_targetting_pos=16,26|2,29|6,6|6,16|26,26|16,6|5,1|6,26|16,16|26,16|
#setting_targetting_pos=-1,-1|2,1|-1,-1|-1,-1|-1,-1|-1,-1|5,30|-1,-1|-1,-1|-1,-1|
#type=4,0,4,4,4,4,0,4,4,4,
..........
#11111111111
#assigned_pet=-1,-1,-1,-1,-1,-1,-1,-1,-1,-1,
#assigned_hub=5,-1,0,1,8,3,-1,2,4,7,
#moving_targetting_pos=16,26|2,29|6,6|6,16|26,26|16,6|5,1|6,26|16,16|26,16|
#setting_targetting_pos=-1,-1|2,1|-1,-1|-1,-1|-1,-1|-1,-1|5,30|-1,-1|-1,-1|-1,-1|
#type=4,0,4,4,4,4,0,4,4,4,
..........
#11111111111
#assigned_pet=-1,-1,-1,-1,-1,-1,-1,-1,-1,-1,
#assigned_hub=5,-1,0,1,8,3,-1,2,4,7,
#moving_targetting_pos=16,26|2,29|6,6|6,16|26,26|16,6|5,1|6,26|16,16|26,16|
#setting_targetting_pos=-1,-1|2,1|-1,-1|-1,-1|-1,-1|-1,-1|5,30|-1,-1|-1,-1|-1,-1|
#type=4,0,4,4,4,4,0,4,4,4,
..........
#11111111111
#assigned_pet=-1,-1,-1,-1,-1,-1,-1,-1,-1,-1,
#assigned_hub=5,-1,0,1,8,3,-1,2,4,7,
#moving_targetting_pos=16,26|2,29|6,6|6,16|26,26|16,6|5,1|6,26|16,16|26,16|
#setting_targetting_pos=-1,-1|2,1|-1,-1|-1,-1|-1,-1|-1,-1|5,30|-1,-1|-1,-1|-1,-1|
#type=4,0,4,4,4,4,0,4,4,4,
..........
#11111111111
#assigned_pet=-1,-1,-1,-1,-1,-1,-1,-1,-1,-1,
#assigned_hub=5,-1,0,1,8,3,-1,2,4,7,
#moving_targetting_pos=16,26|2,29|6,6|6,16|26,26|16,6|5,1|6,26|16,16|26,16|
#setting_targetting_pos=-1,-1|2,1|-1,-1|-1,-1|-1,-1|-1,-1|5,30|-1,-1|-1,-1|-1,-1|
#type=4,0,4,4,4,4,0,4,4,4,
..........
#11111111111
#assigned_pet=-1,-1,-1,-1,-1,-1,-1,-1,-1,-1,
#assigned_hub=5,-1,0,1,8,3,-1,2,4,7,
#moving_targetting_pos=16,26|2,29|6,6|6,16|26,26|16,6|5,1|6,26|16,16|26,16|
#setting_targetting_pos=-1,-1|2,1|-1,-1|-1,-1|-1,-1|-1,-1|5,30|-1,-1|-1,-1|-1,-1|
#type=4,0,4,4,4,4,0,4,4,4,
..........
#11111111111
#assigned_pet=-1,-1,-1,-1,-1,-1,-1,-1,-1,-1,
#assigned_hub=5,-1,0,1,8,3,-1,2,4,7,
#moving_targetting_pos=16,26|2,29|6,6|6,16|26,26|16,6|5,1|6,26|16,16|26,16|
#setting_targetting_pos=-1,-1|2,1|-1,-1|-1,-1|-1,-1|-1,-1|5,30|-1,-1|-1,-1|-1,-1|
#type=4,0,4,4,4,4,0,4,4,4,
..........
#11111111111
#assigned_pet=-1,-1,-1,-1,-1,-1,-1,-1,-1,-1,
#assigned_hub=5,-1,0,1,8,3,-1,2,4,7,
#moving_targetting_pos=16,26|2,29|6,6|6,16|26,26|16,6|5,1|6,26|16,16|26,16|
#setting_targetting_pos=-1,-1|2,1|-1,-1|-1,-1|-1,-1|-1,-1|5,30|-1,-1|-1,-1|-1,-1|
#type=4,0,4,4,4,4,0,4,4,4,
..........
#11111111111
#assigned_pet=-1,-1,-1,-1,-1,-1,-1,-1,-1,-1,
#assigned_hub=5,-1,0,1,8,3,-1,2,4,7,
#moving_targetting_pos=16,26|2,29|6,6|6,16|26,26|16,6|5,1|6,26|16,16|26,16|
#setting_targetting_pos=-1,-1|2,1|-1,-1|-1,-1|-1,-1|-1,-1|5,30|-1,-1|-1,-1|-1,-1|
#type=4,0,4,4,4,4,0,4,4,4,
..........
#11111111111
#assigned_pet=-1,-1,-1,-1,-1,-1,-1,-1,-1,-1,
#assigned_hub=5,-1,0,1,8,3,-1,2,4,7,
#moving_targetting_pos=16,26|2,29|6,6|6,16|26,26|16,6|5,1|6,26|16,16|26,16|
#setting_targetting_pos=-1,-1|2,1|-1,-1|-1,-1|-1,-1|-1,-1|5,30|-1,-1|-1,-1|-1,-1|
#type=4,0,4,4,4,4,0,4,4,4,
..........
#11111111111
#assigned_pet=-1,-1,-1,-1,-1,-1,-1,-1,-1,-1,
#assigned_hub=5,-1,0,1,8,3,-1,2,4,7,
#moving_targetting_pos=16,26|2,29|6,6|6,16|26,26|16,6|5,1|6,26|16,16|26,16|
#setting_targetting_pos=-1,-1|2,1|-1,-1|-1,-1|-1,-1|-1,-1|5,30|-1,-1|-1,-1|-1,-1|
#type=4,0,4,4,4,4,0,4,4,4,
..........
#11111111111
#assigned_pet=-1,-1,-1,-1,-1,-1,-1,-1,-1,-1,
#assigned_hub=5,-1,0,1,8,3,-1,2,4,7,
#moving_targetting_pos=16,26|2,29|6,6|6,16|26,26|16,6|5,1|6,26|16,16|26,16|
#setting_targetting_pos=-1,-1|2,1|-1,-1|-1,-1|-1,-1|-1,-1|5,30|-1,-1|-1,-1|-1,-1|
#type=4,0,4,4,4,4,0,4,4,4,
..........
#11111111111
#assigned_pet=-1,-1,-1,-1,-1,-1,-1,-1,-1,-1,
#assigned_hub=5,-1,0,1,8,3,-1,2,4,7,
#moving_targetting_pos=16,26|2,29|6,6|6,16|26,26|16,6|5,1|6,26|16,16|26,16|
#setting_targetting_pos=-1,-1|2,1|-1,-1|-1,-1|-1,-1|-1,-1|5,30|-1,-1|-1,-1|-1,-1|
#type=4,0,4,4,4,4,0,4,4,4,
..........
#11111111111
#assigned_pet=-1,-1,-1,-1,-1,-1,-1,-1,-1,-1,
#assigned_hub=5,-1,0,1,8,3,-1,2,4,7,
#moving_targetting_pos=16,26|2,29|6,6|6,16|26,26|16,6|5,1|6,26|16,16|26,16|
#setting_targetting_pos=-1,-1|2,1|-1,-1|-1,-1|-1,-1|-1,-1|5,30|-1,-1|-1,-1|-1,-1|
#type=4,0,4,4,4,4,0,4,4,4,
..........
#11111111111
#assigned_pet=-1,-1,-1,-1,-1,-1,-1,-1,-1,-1,
#assigned_hub=5,-1,0,1,8,3,-1,2,4,7,
#moving_targetting_pos=16,26|2,29|6,6|6,16|26,26|16,6|5,1|6,26|16,16|26,16|
#setting_targetting_pos=-1,-1|2,1|-1,-1|-1,-1|-1,-1|-1,-1|5,30|-1,-1|-1,-1|-1,-1|
#type=4,0,4,4,4,4,0,4,4,4,
..........
#11111111111
#assigned_pet=-1,-1,-1,-1,-1,-1,-1,-1,-1,-1,
#assigned_hub=5,-1,0,1,8,3,-1,2,4,7,
#moving_targetting_pos=16,26|2,29|6,6|6,16|26,26|16,6|5,1|6,26|16,16|26,16|
#setting_targetting_pos=-1,-1|2,1|-1,-1|-1,-1|-1,-1|-1,-1|5,30|-1,-1|-1,-1|-1,-1|
#type=4,0,4,4,4,4,0,4,4,4,
..........
#11111111111
#assigned_pet=-1,-1,-1,-1,-1,-1,-1,-1,-1,-1,
#assigned_hub=5,-1,0,1,8,3,-1,2,4,7,
#moving_targetting_pos=16,26|2,29|6,6|6,16|26,26|16,6|5,1|6,26|16,16|26,16|
#setting_targetting_pos=-1,-1|2,1|-1,-1|-1,-1|-1,-1|-1,-1|5,30|-1,-1|-1,-1|-1,-1|
#type=4,0,4,4,4,4,0,4,4,4,
..........
#11111111111
#assigned_pet=-1,-1,-1,-1,-1,-1,-1,-1,-1,-1,
#assigned_hub=5,-1,0,1,8,3,-1,2,4,7,
#moving_targetting_pos=16,26|2,29|6,6|6,16|26,26|16,6|5,1|6,26|16,16|26,16|
#setting_targetting_pos=-1,-1|2,1|-1,-1|-1,-1|-1,-1|-1,-1|5,30|-1,-1|-1,-1|-1,-1|
#type=4,0,4,4,4,4,0,4,4,4,
..........
#11111111111
#assigned_pet=-1,-1,-1,-1,-1,-1,-1,-1,-1,-1,
#assigned_hub=5,-1,0,1,8,3,-1,2,4,7,
#moving_targetting_pos=16,26|2,29|6,6|6,16|26,26|16,6|5,1|6,26|16,16|26,16|
#setting_targetting_pos=-1,-1|2,1|-1,-1|-1,-1|-1,-1|-1,-1|5,30|-1,-1|-1,-1|-1,-1|
#type=4,0,4,4,4,4,0,4,4,4,
..........
#11111111111
#assigned_pet=-1,-1,-1,-1,-1,-1,-1,-1,-1,-1,
#assigned_hub=5,-1,0,1,8,3,-1,2,4,7,
#moving_targetting_pos=16,26|2,29|6,6|6,16|26,26|16,6|5,1|6,26|16,16|26,16|
#setting_targetting_pos=-1,-1|2,1|-1,-1|-1,-1|-1,-1|-1,-1|5,30|-1,-1|-1,-1|-1,-1|
#type=4,0,4,4,4,4,0,4,4,4,
..........
#11111111111
#assigned_pet=-1,-1,-1,-1,-1,-1,-1,-1,-1,-1,
#assigned_hub=5,-1,0,1,8,3,-1,2,4,7,
#moving_targetting_pos=16,26|2,29|6,6|6,16|26,26|16,6|5,1|6,26|16,16|26,16|
#setting_targetting_pos=-1,-1|2,1|-1,-1|-1,-1|-1,-1|-1,-1|5,30|-1,-1|-1,-1|-1,-1|
#type=4,0,4,4,4,4,0,4,4,4,
..........
#11111111111
#assigned_pet=-1,-1,-1,-1,-1,-1,-1,-1,-1,-1,
#assigned_hub=5,-1,0,1,8,3,-1,2,4,7,
#moving_targetting_pos=16,26|2,29|6,6|6,16|26,26|16,6|5,1|6,26|16,16|26,16|
#setting_targetting_pos=-1,-1|2,1|-1,-1|-1,-1|-1,-1|-1,-1|5,30|-1,-1|-1,-1|-1,-1|
#type=4,0,4,4,4,4,0,4,4,4,
..........
#11111111111
#assigned_pet=-1,-1,-1,-1,-1,-1,-1,-1,-1,-1,
#assigned_hub=5,-1,0,1,8,3,-1,2,4,7,
#moving_targetting_pos=16,26|2,29|6,6|6,16|26,26|16,6|5,1|6,26|16,16|26,16|
#setting_targetting_pos=-1,-1|2,1|-1,-1|-1,-1|-1,-1|-1,-1|5,30|-1,-1|-1,-1|-1,-1|
#type=4,0,4,4,4,4,0,4,4,4,
..........
#11111111111
#assigned_pet=-1,-1,-1,-1,-1,-1,-1,-1,-1,-1,
#assigned_hub=5,-1,0,1,8,3,-1,2,4,7,
#moving_targetting_pos=16,26|2,29|6,6|6,16|26,26|16,6|5,1|6,26|16,16|26,16|
#setting_targetting_pos=-1,-1|2,1|-1,-1|-1,-1|-1,-1|-1,-1|5,30|-1,-1|-1,-1|-1,-1|
#type=4,0,4,4,4,4,0,4,4,4,
..........
#11111111111
#assigned_pet=-1,-1,-1,-1,-1,-1,-1,-1,-1,-1,
#assigned_hub=5,-1,0,1,8,3,-1,2,4,7,
#moving_targetting_pos=16,26|2,29|6,6|6,16|26,26|16,6|5,1|6,26|16,16|26,16|
#setting_targetting_pos=-1,-1|2,1|-1,-1|-1,-1|-1,-1|-1,-1|5,30|-1,-1|-1,-1|-1,-1|
#type=4,0,4,4,4,4,0,4,4,4,
..........
#11111111111
#assigned_pet=-1,-1,-1,-1,-1,-1,-1,-1,-1,-1,
#assigned_hub=5,-1,0,1,8,3,-1,2,4,7,
#moving_targetting_pos=16,26|2,29|6,6|6,16|26,26|16,6|5,1|6,26|16,16|26,16|
#setting_targetting_pos=-1,-1|2,1|-1,-1|-1,-1|-1,-1|-1,-1|5,30|-1,-1|-1,-1|-1,-1|
#type=4,0,4,4,4,4,0,4,4,4,
..........
#11111111111
#assigned_pet=-1,-1,-1,-1,-1,-1,-1,-1,-1,-1,
#assigned_hub=5,-1,0,1,8,3,-1,2,4,7,
#moving_targetting_pos=16,26|2,29|6,6|6,16|26,26|16,6|5,1|6,26|16,16|26,16|
#setting_targetting_pos=-1,-1|2,1|-1,-1|-1,-1|-1,-1|-1,-1|5,30|-1,-1|-1,-1|-1,-1|
#type=4,0,4,4,4,4,0,4,4,4,
..........
#11111111111
#assigned_pet=-1,-1,-1,-1,-1,-1,-1,-1,-1,-1,
#assigned_hub=5,-1,0,1,8,3,-1,2,4,7,
#moving_targetting_pos=16,26|2,29|6,6|6,16|26,26|16,6|5,1|6,26|16,16|26,16|
#setting_targetting_pos=-1,-1|2,1|-1,-1|-1,-1|-1,-1|-1,-1|5,30|-1,-1|-1,-1|-1,-1|
#type=4,0,4,4,4,4,0,4,4,4,
..........
#11111111111
#assigned_pet=-1,-1,-1,-1,-1,-1,-1,-1,-1,-1,
#assigned_hub=5,-1,0,1,8,3,-1,2,4,7,
#moving_targetting_pos=16,26|2,29|6,6|6,16|26,26|16,6|5,1|6,26|16,16|26,16|
#setting_targetting_pos=-1,-1|2,1|-1,-1|-1,-1|-1,-1|-1,-1|5,30|-1,-1|-1,-1|-1,-1|
#type=4,0,4,4,4,4,0,4,4,4,
..........
#11111111111
#assigned_pet=-1,-1,-1,-1,-1,-1,-1,-1,-1,-1,
#assigned_hub=5,-1,0,1,8,3,-1,2,4,7,
#moving_targetting_pos=16,26|2,29|6,6|6,16|26,26|16,6|5,1|6,26|16,16|26,16|
#setting_targetting_pos=-1,-1|2,1|-1,-1|-1,-1|-1,-1|-1,-1|5,30|-1,-1|-1,-1|-1,-1|
#type=4,0,4,4,4,4,0,4,4,4,
..........
#11111111111
#assigned_pet=-1,-1,-1,-1,-1,-1,-1,-1,-1,-1,
#assigned_hub=5,-1,0,1,8,3,-1,2,4,7,
#moving_targetting_pos=16,26|2,29|6,6|6,16|26,26|16,6|5,1|6,26|16,16|26,16|
#setting_targetting_pos=-1,-1|2,1|-1,-1|-1,-1|-1,-1|-1,-1|5,30|-1,-1|-1,-1|-1,-1|
#type=4,0,4,4,4,4,0,4,4,4,
..........
#11111111111
#assigned_pet=-1,-1,-1,-1,-1,-1,-1,-1,-1,-1,
#assigned_hub=5,-1,0,1,8,3,-1,2,4,7,
#moving_targetting_pos=16,26|2,29|6,6|6,16|26,26|16,6|5,1|6,26|16,16|26,16|
#setting_targetting_pos=-1,-1|2,1|-1,-1|-1,-1|-1,-1|-1,-1|5,30|-1,-1|-1,-1|-1,-1|
#type=4,0,4,4,4,4,0,4,4,4,
..........
#11111111111
#assigned_pet=-1,-1,-1,-1,-1,-1,-1,-1,-1,-1,
#assigned_hub=5,-1,0,1,8,3,-1,2,4,7,
#moving_targetting_pos=16,26|2,29|6,6|6,16|26,26|16,6|5,1|6,26|16,16|26,16|
#setting_targetting_pos=-1,-1|2,1|-1,-1|-1,-1|-1,-1|-1,-1|5,30|-1,-1|-1,-1|-1,-1|
#type=4,0,4,4,4,4,0,4,4,4,
..........
#11111111111
#assigned_pet=-1,-1,-1,-1,-1,-1,-1,-1,-1,-1,
#assigned_hub=5,-1,0,1,8,3,-1,2,4,7,
#moving_targetting_pos=16,26|2,29|6,6|6,16|26,26|16,6|5,1|6,26|16,16|26,16|
#setting_targetting_pos=-1,-1|2,1|-1,-1|-1,-1|-1,-1|-1,-1|5,30|-1,-1|-1,-1|-1,-1|
#type=4,0,4,4,4,4,0,4,4,4,
..........
#11111111111
#assigned_pet=-1,-1,-1,-1,-1,-1,-1,-1,-1,-1,
#assigned_hub=5,-1,0,1,8,3,-1,2,4,7,
#moving_targetting_pos=16,26|2,29|6,6|6,16|26,26|16,6|5,1|6,26|16,16|26,16|
#setting_targetting_pos=-1,-1|2,1|-1,-1|-1,-1|-1,-1|-1,-1|5,30|-1,-1|-1,-1|-1,-1|
#type=4,0,4,4,4,4,0,4,4,4,
..........
#11111111111
#assigned_pet=-1,-1,-1,-1,-1,-1,-1,-1,-1,-1,
#assigned_hub=5,-1,0,1,8,3,-1,2,4,7,
#moving_targetting_pos=16,26|2,29|6,6|6,16|26,26|16,6|5,1|6,26|16,16|26,16|
#setting_targetting_pos=-1,-1|2,1|-1,-1|-1,-1|-1,-1|-1,-1|5,30|-1,-1|-1,-1|-1,-1|
#type=4,0,4,4,4,4,0,4,4,4,
..........
#11111111111
#assigned_pet=-1,-1,-1,-1,-1,-1,-1,-1,-1,-1,
#assigned_hub=5,-1,0,1,8,3,-1,2,4,7,
#moving_targetting_pos=16,26|2,29|6,6|6,16|26,26|16,6|5,1|6,26|16,16|26,16|
#setting_targetting_pos=-1,-1|2,1|-1,-1|-1,-1|-1,-1|-1,-1|5,30|-1,-1|-1,-1|-1,-1|
#type=4,0,4,4,4,4,0,4,4,4,
..........
#11111111111
#assigned_pet=-1,-1,-1,-1,-1,-1,-1,-1,-1,-1,
#assigned_hub=5,-1,0,1,8,3,-1,2,4,7,
#moving_targetting_pos=16,26|2,29|6,6|6,16|26,26|16,6|5,1|6,26|16,16|26,16|
#setting_targetting_pos=-1,-1|2,1|-1,-1|-1,-1|-1,-1|-1,-1|5,30|-1,-1|-1,-1|-1,-1|
#type=4,0,4,4,4,4,0,4,4,4,
..........
#11111111111
#assigned_pet=-1,-1,-1,-1,-1,-1,-1,-1,-1,-1,
#assigned_hub=5,-1,0,1,8,3,-1,2,4,7,
#moving_targetting_pos=16,26|2,29|6,6|6,16|26,26|16,6|5,1|6,26|16,16|26,16|
#setting_targetting_pos=-1,-1|2,1|-1,-1|-1,-1|-1,-1|-1,-1|5,30|-1,-1|-1,-1|-1,-1|
#type=4,0,4,4,4,4,0,4,4,4,
..........
#11111111111
#assigned_pet=-1,-1,-1,-1,-1,-1,-1,-1,-1,-1,
#assigned_hub=5,-1,0,1,8,3,-1,2,4,7,
#moving_targetting_pos=16,26|2,29|6,6|6,16|26,26|16,6|5,1|6,26|16,16|26,16|
#setting_targetting_pos=-1,-1|2,1|-1,-1|-1,-1|-1,-1|-1,-1|5,30|-1,-1|-1,-1|-1,-1|
#type=4,0,4,4,4,4,0,4,4,4,
..........
#11111111111
#assigned_pet=-1,-1,-1,-1,-1,-1,-1,-1,-1,-1,
#assigned_hub=5,-1,0,1,8,3,-1,2,4,7,
#moving_targetting_pos=16,26|2,29|6,6|6,16|26,26|16,6|5,1|6,26|16,16|26,16|
#setting_targetting_pos=-1,-1|2,1|-1,-1|-1,-1|-1,-1|-1,-1|5,30|-1,-1|-1,-1|-1,-1|
#type=4,0,4,4,4,4,0,4,4,4,
..........
#11111111111
#assigned_pet=-1,-1,-1,-1,-1,-1,-1,-1,-1,-1,
#assigned_hub=5,-1,0,1,8,3,-1,2,4,7,
#moving_targetting_pos=16,26|2,29|6,6|6,16|26,26|16,6|5,1|6,26|16,16|26,16|
#setting_targetting_pos=-1,-1|2,1|-1,-1|-1,-1|-1,-1|-1,-1|5,30|-1,-1|-1,-1|-1,-1|
#type=4,0,4,4,4,4,0,4,4,4,
..........
#11111111111
#assigned_pet=-1,-1,-1,-1,-1,-1,-1,-1,-1,-1,
#assigned_hub=5,-1,0,1,8,3,-1,2,4,7,
#moving_targetting_pos=16,26|2,29|6,6|6,16|26,26|16,6|5,1|6,26|16,16|26,16|
#setting_targetting_pos=-1,-1|2,1|-1,-1|-1,-1|-1,-1|-1,-1|5,30|-1,-1|-1,-1|-1,-1|
#type=4,0,4,4,4,4,0,4,4,4,
..........
#11111111111
#assigned_pet=-1,-1,-1,-1,-1,-1,-1,-1,-1,-1,
#assigned_hub=5,-1,0,1,8,3,-1,2,4,7,
#moving_targetting_pos=16,26|2,29|6,6|6,16|26,26|16,6|5,1|6,26|16,16|26,16|
#setting_targetting_pos=-1,-1|2,1|-1,-1|-1,-1|-1,-1|-1,-1|5,30|-1,-1|-1,-1|-1,-1|
#type=4,0,4,4,4,4,0,4,4,4,
..........
#11111111111
#assigned_pet=-1,-1,-1,-1,-1,-1,-1,-1,-1,-1,
#assigned_hub=5,-1,0,1,8,3,-1,2,4,7,
#moving_targetting_pos=16,26|2,29|6,6|6,16|26,26|16,6|5,1|6,26|16,16|26,16|
#setting_targetting_pos=-1,-1|2,1|-1,-1|-1,-1|-1,-1|-1,-1|5,30|-1,-1|-1,-1|-1,-1|
#type=4,0,4,4,4,4,0,4,4,4,
..........
#11111111111
#assigned_pet=-1,-1,-1,-1,-1,-1,-1,-1,-1,-1,
#assigned_hub=5,-1,0,1,8,3,-1,2,4,7,
#moving_targetting_pos=16,26|2,29|6,6|6,16|26,26|16,6|5,1|6,26|16,16|26,16|
#setting_targetting_pos=-1,-1|2,1|-1,-1|-1,-1|-1,-1|-1,-1|5,30|-1,-1|-1,-1|-1,-1|
#type=4,0,4,4,4,4,0,4,4,4,
..........
#11111111111
#assigned_pet=-1,-1,-1,-1,-1,-1,-1,-1,-1,-1,
#assigned_hub=5,-1,0,1,8,3,-1,2,4,7,
#moving_targetting_pos=16,26|2,29|6,6|6,16|26,26|16,6|5,1|6,26|16,16|26,16|
#setting_targetting_pos=-1,-1|2,1|-1,-1|-1,-1|-1,-1|-1,-1|5,30|-1,-1|-1,-1|-1,-1|
#type=4,0,4,4,4,4,0,4,4,4,
..........
#11111111111
#assigned_pet=-1,-1,-1,-1,-1,-1,-1,-1,-1,-1,
#assigned_hub=5,-1,0,1,8,3,-1,2,4,7,
#moving_targetting_pos=16,26|2,29|6,6|6,16|26,26|16,6|5,1|6,26|16,16|26,16|
#setting_targetting_pos=-1,-1|2,1|-1,-1|-1,-1|-1,-1|-1,-1|5,30|-1,-1|-1,-1|-1,-1|
#type=4,0,4,4,4,4,0,4,4,4,
..........
#11111111111
#assigned_pet=-1,-1,-1,-1,-1,-1,-1,-1,-1,-1,
#assigned_hub=5,-1,0,1,8,3,-1,2,4,7,
#moving_targetting_pos=16,26|2,29|6,6|6,16|26,26|16,6|5,1|6,26|16,16|26,16|
#setting_targetting_pos=-1,-1|2,1|-1,-1|-1,-1|-1,-1|-1,-1|5,30|-1,-1|-1,-1|-1,-1|
#type=4,0,4,4,4,4,0,4,4,4,
..........
#11111111111
#assigned_pet=-1,-1,-1,-1,-1,-1,-1,-1,-1,-1,
#assigned_hub=5,-1,0,1,8,3,-1,2,4,7,
#moving_targetting_pos=16,26|2,29|6,6|6,16|26,26|16,6|5,1|6,26|16,16|26,16|
#setting_targetting_pos=-1,-1|2,1|-1,-1|-1,-1|-1,-1|-1,-1|5,30|-1,-1|-1,-1|-1,-1|
#type=4,0,4,4,4,4,0,4,4,4,
..........
#11111111111
#assigned_pet=-1,-1,-1,-1,-1,-1,-1,-1,-1,-1,
#assigned_hub=5,-1,0,1,8,3,-1,2,4,7,
#moving_targetting_pos=16,26|2,29|6,6|6,16|26,26|16,6|5,1|6,26|16,16|26,16|
#setting_targetting_pos=-1,-1|2,1|-1,-1|-1,-1|-1,-1|-1,-1|5,30|-1,-1|-1,-1|-1,-1|
#type=4,0,4,4,4,4,0,4,4,4,
..........
#11111111111
#assigned_pet=-1,-1,-1,-1,-1,-1,-1,-1,-1,-1,
#assigned_hub=5,-1,0,1,8,3,-1,2,4,7,
#moving_targetting_pos=16,26|2,29|6,6|6,16|26,26|16,6|5,1|6,26|16,16|26,16|
#setting_targetting_pos=-1,-1|2,1|-1,-1|-1,-1|-1,-1|-1,-1|5,30|-1,-1|-1,-1|-1,-1|
#type=4,0,4,4,4,4,0,4,4,4,
..........
#11111111111
#assigned_pet=-1,-1,-1,-1,-1,-1,-1,-1,-1,-1,
#assigned_hub=5,-1,0,1,8,3,-1,2,4,7,
#moving_targetting_pos=16,26|2,29|6,6|6,16|26,26|16,6|5,1|6,26|16,16|26,16|
#setting_targetting_pos=-1,-1|2,1|-1,-1|-1,-1|-1,-1|-1,-1|5,30|-1,-1|-1,-1|-1,-1|
#type=4,0,4,4,4,4,0,4,4,4,
..........
#11111111111
#assigned_pet=-1,-1,-1,-1,-1,-1,-1,-1,-1,-1,
#assigned_hub=5,-1,0,1,8,3,-1,2,4,7,
#moving_targetting_pos=16,26|2,29|6,6|6,16|26,26|16,6|5,1|6,26|16,16|26,16|
#setting_targetting_pos=-1,-1|2,1|-1,-1|-1,-1|-1,-1|-1,-1|5,30|-1,-1|-1,-1|-1,-1|
#type=4,0,4,4,4,4,0,4,4,4,
..........
#11111111111
#assigned_pet=-1,-1,-1,-1,-1,-1,-1,-1,-1,-1,
#assigned_hub=5,-1,0,1,8,3,-1,2,4,7,
#moving_targetting_pos=16,26|2,29|6,6|6,16|26,26|16,6|5,1|6,26|16,16|26,16|
#setting_targetting_pos=-1,-1|2,1|-1,-1|-1,-1|-1,-1|-1,-1|5,30|-1,-1|-1,-1|-1,-1|
#type=4,0,4,4,4,4,0,4,4,4,
..........
#11111111111
#assigned_pet=-1,-1,-1,-1,-1,-1,-1,-1,-1,-1,
#assigned_hub=5,-1,0,1,8,3,-1,2,4,7,
#moving_targetting_pos=16,26|2,29|6,6|6,16|26,26|16,6|5,1|6,26|16,16|26,16|
#setting_targetting_pos=-1,-1|2,1|-1,-1|-1,-1|-1,-1|-1,-1|5,30|-1,-1|-1,-1|-1,-1|
#type=4,0,4,4,4,4,0,4,4,4,
..........
#11111111111
#assigned_pet=-1,-1,-1,-1,-1,-1,-1,-1,-1,-1,
#assigned_hub=5,-1,0,1,8,3,-1,2,4,7,
#moving_targetting_pos=16,26|2,29|6,6|6,16|26,26|16,6|5,1|6,26|16,16|26,16|
#setting_targetting_pos=-1,-1|2,1|-1,-1|-1,-1|-1,-1|-1,-1|5,30|-1,-1|-1,-1|-1,-1|
#type=4,0,4,4,4,4,0,4,4,4,
..........
#11111111111
#assigned_pet=-1,-1,-1,-1,-1,-1,-1,-1,-1,-1,
#assigned_hub=5,-1,0,1,8,3,-1,2,4,7,
#moving_targetting_pos=16,26|2,29|6,6|6,16|26,26|16,6|5,1|6,26|16,16|26,16|
#setting_targetting_pos=-1,-1|2,1|-1,-1|-1,-1|-1,-1|-1,-1|5,30|-1,-1|-1,-1|-1,-1|
#type=4,0,4,4,4,4,0,4,4,4,
..........
#11111111111
#assigned_pet=-1,-1,-1,-1,-1,-1,-1,-1,-1,-1,
#assigned_hub=5,-1,0,1,8,3,-1,2,4,7,
#moving_targetting_pos=16,26|2,29|6,6|6,16|26,26|16,6|5,1|6,26|16,16|26,16|
#setting_targetting_pos=-1,-1|2,1|-1,-1|-1,-1|-1,-1|-1,-1|5,30|-1,-1|-1,-1|-1,-1|
#type=4,0,4,4,4,4,0,4,4,4,
..........
#11111111111
#assigned_pet=-1,-1,-1,-1,-1,-1,-1,-1,-1,-1,
#assigned_hub=5,-1,0,1,8,3,-1,2,4,7,
#moving_targetting_pos=16,26|2,29|6,6|6,16|26,26|16,6|5,1|6,26|16,16|26,16|
#setting_targetting_pos=-1,-1|2,1|-1,-1|-1,-1|-1,-1|-1,-1|5,30|-1,-1|-1,-1|-1,-1|
#type=4,0,4,4,4,4,0,4,4,4,
..........
#11111111111
#assigned_pet=-1,-1,-1,-1,-1,-1,-1,-1,-1,-1,
#assigned_hub=5,-1,0,1,8,3,-1,2,4,7,
#moving_targetting_pos=16,26|2,29|6,6|6,16|26,26|16,6|5,1|6,26|16,16|26,16|
#setting_targetting_pos=-1,-1|2,1|-1,-1|-1,-1|-1,-1|-1,-1|5,30|-1,-1|-1,-1|-1,-1|
#type=4,0,4,4,4,4,0,4,4,4,
..........
#11111111111
#assigned_pet=-1,-1,-1,-1,-1,-1,-1,-1,-1,-1,
#assigned_hub=5,-1,0,1,8,3,-1,2,4,7,
#moving_targetting_pos=16,26|2,29|6,6|6,16|26,26|16,6|5,1|6,26|16,16|26,16|
#setting_targetting_pos=-1,-1|2,1|-1,-1|-1,-1|-1,-1|-1,-1|5,30|-1,-1|-1,-1|-1,-1|
#type=4,0,4,4,4,4,0,4,4,4,
..........
#11111111111
#assigned_pet=-1,-1,-1,-1,-1,-1,-1,-1,-1,-1,
#assigned_hub=5,-1,0,1,8,3,-1,2,4,7,
#moving_targetting_pos=16,26|2,29|6,6|6,16|26,26|16,6|5,1|6,26|16,16|26,16|
#setting_targetting_pos=-1,-1|2,1|-1,-1|-1,-1|-1,-1|-1,-1|5,30|-1,-1|-1,-1|-1,-1|
#type=4,0,4,4,4,4,0,4,4,4,
..........
#11111111111
#assigned_pet=-1,-1,-1,-1,-1,-1,-1,-1,-1,-1,
#assigned_hub=5,-1,0,1,8,3,-1,2,4,7,
#moving_targetting_pos=16,26|2,29|6,6|6,16|26,26|16,6|5,1|6,26|16,16|26,16|
#setting_targetting_pos=-1,-1|2,1|-1,-1|-1,-1|-1,-1|-1,-1|5,30|-1,-1|-1,-1|-1,-1|
#type=4,0,4,4,4,4,0,4,4,4,
..........
#11111111111
#assigned_pet=-1,-1,-1,-1,-1,-1,-1,-1,-1,-1,
#assigned_hub=5,-1,0,1,8,3,-1,2,4,7,
#moving_targetting_pos=16,26|2,29|6,6|6,16|26,26|16,6|5,1|6,26|16,16|26,16|
#setting_targetting_pos=-1,-1|2,1|-1,-1|-1,-1|-1,-1|-1,-1|5,30|-1,-1|-1,-1|-1,-1|
#type=4,0,4,4,4,4,0,4,4,4,
..........
#11111111111
#assigned_pet=-1,-1,-1,-1,-1,-1,-1,-1,-1,-1,
#assigned_hub=5,-1,0,1,8,3,-1,2,4,7,
#moving_targetting_pos=16,26|2,29|6,6|6,16|26,26|16,6|5,1|6,26|16,16|26,16|
#setting_targetting_pos=-1,-1|2,1|-1,-1|-1,-1|-1,-1|-1,-1|5,30|-1,-1|-1,-1|-1,-1|
#type=4,0,4,4,4,4,0,4,4,4,
..........
#11111111111
#assigned_pet=-1,-1,-1,-1,-1,-1,-1,-1,-1,-1,
#assigned_hub=5,-1,0,1,8,3,-1,2,4,7,
#moving_targetting_pos=16,26|2,29|6,6|6,16|26,26|16,6|5,1|6,26|16,16|26,16|
#setting_targetting_pos=-1,-1|2,1|-1,-1|-1,-1|-1,-1|-1,-1|5,30|-1,-1|-1,-1|-1,-1|
#type=4,0,4,4,4,4,0,4,4,4,
..........
#11111111111
#assigned_pet=-1,-1,-1,-1,-1,-1,-1,-1,-1,-1,
#assigned_hub=5,-1,0,1,8,3,-1,2,4,7,
#moving_targetting_pos=16,26|2,29|6,6|6,16|26,26|16,6|5,1|6,26|16,16|26,16|
#setting_targetting_pos=-1,-1|2,1|-1,-1|-1,-1|-1,-1|-1,-1|5,30|-1,-1|-1,-1|-1,-1|
#type=4,0,4,4,4,4,0,4,4,4,
..........
#11111111111
#assigned_pet=-1,-1,-1,-1,-1,-1,-1,-1,-1,-1,
#assigned_hub=5,-1,0,1,8,3,-1,2,4,7,
#moving_targetting_pos=16,26|2,29|6,6|6,16|26,26|16,6|5,1|6,26|16,16|26,16|
#setting_targetting_pos=-1,-1|2,1|-1,-1|-1,-1|-1,-1|-1,-1|5,30|-1,-1|-1,-1|-1,-1|
#type=4,0,4,4,4,4,0,4,4,4,
..........
#11111111111
#assigned_pet=-1,-1,-1,-1,-1,-1,-1,-1,-1,-1,
#assigned_hub=5,-1,0,1,8,3,-1,2,4,7,
#moving_targetting_pos=16,26|2,29|6,6|6,16|26,26|16,6|5,1|6,26|16,16|26,16|
#setting_targetting_pos=-1,-1|2,1|-1,-1|-1,-1|-1,-1|-1,-1|5,30|-1,-1|-1,-1|-1,-1|
#type=4,0,4,4,4,4,0,4,4,4,
..........
#11111111111
#assigned_pet=-1,-1,-1,-1,-1,-1,-1,-1,-1,-1,
#assigned_hub=5,-1,0,1,8,3,-1,2,4,7,
#moving_targetting_pos=16,26|2,29|6,6|6,16|26,26|16,6|5,1|6,26|16,16|26,16|
#setting_targetting_pos=-1,-1|2,1|-1,-1|-1,-1|-1,-1|-1,-1|5,30|-1,-1|-1,-1|-1,-1|
#type=4,0,4,4,4,4,0,4,4,4,
..........
#11111111111
#assigned_pet=-1,-1,-1,-1,-1,-1,-1,-1,-1,-1,
#assigned_hub=5,-1,0,1,8,3,-1,2,4,7,
#moving_targetting_pos=16,26|2,29|6,6|6,16|26,26|16,6|5,1|6,26|16,16|26,16|
#setting_targetting_pos=-1,-1|2,1|-1,-1|-1,-1|-1,-1|-1,-1|5,30|-1,-1|-1,-1|-1,-1|
#type=4,0,4,4,4,4,0,4,4,4,
..........
#11111111111
#assigned_pet=-1,-1,-1,-1,-1,-1,-1,-1,-1,-1,
#assigned_hub=5,-1,0,1,8,3,-1,2,4,7,
#moving_targetting_pos=16,26|2,29|6,6|6,16|26,26|16,6|5,1|6,26|16,16|26,16|
#setting_targetting_pos=-1,-1|2,1|-1,-1|-1,-1|-1,-1|-1,-1|5,30|-1,-1|-1,-1|-1,-1|
#type=4,0,4,4,4,4,0,4,4,4,
..........
#11111111111
#assigned_pet=-1,-1,-1,-1,-1,-1,-1,-1,-1,-1,
#assigned_hub=5,-1,0,1,8,3,-1,2,4,7,
#moving_targetting_pos=16,26|2,29|6,6|6,16|26,26|16,6|5,1|6,26|16,16|26,16|
#setting_targetting_pos=-1,-1|2,1|-1,-1|-1,-1|-1,-1|-1,-1|5,30|-1,-1|-1,-1|-1,-1|
#type=4,0,4,4,4,4,0,4,4,4,
..........
#11111111111
#assigned_pet=-1,-1,-1,-1,-1,-1,-1,-1,-1,-1,
#assigned_hub=5,-1,0,1,8,3,-1,2,4,7,
#moving_targetting_pos=16,26|2,29|6,6|6,16|26,26|16,6|5,1|6,26|16,16|26,16|
#setting_targetting_pos=-1,-1|2,1|-1,-1|-1,-1|-1,-1|-1,-1|5,30|-1,-1|-1,-1|-1,-1|
#type=4,0,4,4,4,4,0,4,4,4,
..........
#11111111111
#assigned_pet=-1,-1,-1,-1,-1,-1,-1,-1,-1,-1,
#assigned_hub=5,-1,0,1,8,3,-1,2,4,7,
#moving_targetting_pos=16,26|2,29|6,6|6,16|26,26|16,6|5,1|6,26|16,16|26,16|
#setting_targetting_pos=-1,-1|2,1|-1,-1|-1,-1|-1,-1|-1,-1|5,30|-1,-1|-1,-1|-1,-1|
#type=4,0,4,4,4,4,0,4,4,4,
..........
#11111111111
#assigned_pet=-1,-1,-1,-1,-1,-1,-1,-1,-1,-1,
#assigned_hub=5,-1,0,1,8,3,-1,2,4,7,
#moving_targetting_pos=16,26|2,29|6,6|6,16|26,26|16,6|5,1|6,26|16,16|26,16|
#setting_targetting_pos=-1,-1|2,1|-1,-1|-1,-1|-1,-1|-1,-1|5,30|-1,-1|-1,-1|-1,-1|
#type=4,0,4,4,4,4,0,4,4,4,
..........
#11111111111
#assigned_pet=-1,-1,-1,-1,-1,-1,-1,-1,-1,-1,
#assigned_hub=5,-1,0,1,8,3,-1,2,4,7,
#moving_targetting_pos=16,26|2,29|6,6|6,16|26,26|16,6|5,1|6,26|16,16|26,16|
#setting_targetting_pos=-1,-1|2,1|-1,-1|-1,-1|-1,-1|-1,-1|5,30|-1,-1|-1,-1|-1,-1|
#type=4,0,4,4,4,4,0,4,4,4,
..........
#11111111111
#assigned_pet=-1,-1,-1,-1,-1,-1,-1,-1,-1,-1,
#assigned_hub=5,-1,0,1,8,3,-1,2,4,7,
#moving_targetting_pos=16,26|2,29|6,6|6,16|26,26|16,6|5,1|6,26|16,16|26,16|
#setting_targetting_pos=-1,-1|2,1|-1,-1|-1,-1|-1,-1|-1,-1|5,30|-1,-1|-1,-1|-1,-1|
#type=4,0,4,4,4,4,0,4,4,4,
..........
#11111111111
#assigned_pet=-1,-1,-1,-1,-1,-1,-1,-1,-1,-1,
#assigned_hub=5,-1,0,1,8,3,-1,2,4,7,
#moving_targetting_pos=16,26|2,29|6,6|6,16|26,26|16,6|5,1|6,26|16,16|26,16|
#setting_targetting_pos=-1,-1|2,1|-1,-1|-1,-1|-1,-1|-1,-1|5,30|-1,-1|-1,-1|-1,-1|
#type=4,0,4,4,4,4,0,4,4,4,
..........
#11111111111
#assigned_pet=-1,-1,-1,-1,-1,-1,-1,-1,-1,-1,
#assigned_hub=5,-1,0,1,8,3,-1,2,4,7,
#moving_targetting_pos=16,26|2,29|6,6|6,16|26,26|16,6|5,1|6,26|16,16|26,16|
#setting_targetting_pos=-1,-1|2,1|-1,-1|-1,-1|-1,-1|-1,-1|5,30|-1,-1|-1,-1|-1,-1|
#type=4,0,4,4,4,4,0,4,4,4,
..........
#11111111111
#assigned_pet=-1,-1,-1,-1,-1,-1,-1,-1,-1,-1,
#assigned_hub=5,-1,0,1,8,3,-1,2,4,7,
#moving_targetting_pos=16,26|2,29|6,6|6,16|26,26|16,6|5,1|6,26|16,16|26,16|
#setting_targetting_pos=-1,-1|2,1|-1,-1|-1,-1|-1,-1|-1,-1|5,30|-1,-1|-1,-1|-1,-1|
#type=4,0,4,4,4,4,0,4,4,4,
..........
#11111111111
#assigned_pet=-1,-1,-1,-1,-1,-1,-1,-1,-1,-1,
#assigned_hub=5,-1,0,1,8,3,-1,2,4,7,
#moving_targetting_pos=16,26|2,29|6,6|6,16|26,26|16,6|5,1|6,26|16,16|26,16|
#setting_targetting_pos=-1,-1|2,1|-1,-1|-1,-1|-1,-1|-1,-1|5,30|-1,-1|-1,-1|-1,-1|
#type=4,0,4,4,4,4,0,4,4,4,
..........
#11111111111
#assigned_pet=-1,-1,-1,-1,-1,-1,-1,-1,-1,-1,
#assigned_hub=5,-1,0,1,8,3,-1,2,4,7,
#moving_targetting_pos=16,26|2,29|6,6|6,16|26,26|16,6|5,1|6,26|16,16|26,16|
#setting_targetting_pos=-1,-1|2,1|-1,-1|-1,-1|-1,-1|-1,-1|5,30|-1,-1|-1,-1|-1,-1|
#type=4,0,4,4,4,4,0,4,4,4,
..........
#11111111111
#assigned_pet=-1,-1,-1,-1,-1,-1,-1,-1,-1,-1,
#assigned_hub=5,-1,0,1,8,3,-1,2,4,7,
#moving_targetting_pos=16,26|2,29|6,6|6,16|26,26|16,6|5,1|6,26|16,16|26,16|
#setting_targetting_pos=-1,-1|2,1|-1,-1|-1,-1|-1,-1|-1,-1|5,30|-1,-1|-1,-1|-1,-1|
#type=4,0,4,4,4,4,0,4,4,4,
..........
#11111111111
#assigned_pet=-1,-1,-1,-1,-1,-1,-1,-1,-1,-1,
#assigned_hub=5,-1,0,1,8,3,-1,2,4,7,
#moving_targetting_pos=16,26|2,29|6,6|6,16|26,26|16,6|5,1|6,26|16,16|26,16|
#setting_targetting_pos=-1,-1|2,1|-1,-1|-1,-1|-1,-1|-1,-1|5,30|-1,-1|-1,-1|-1,-1|
#type=4,0,4,4,4,4,0,4,4,4,
..........
#11111111111
#assigned_pet=-1,-1,-1,-1,-1,-1,-1,-1,-1,-1,
#assigned_hub=5,-1,0,1,8,3,-1,2,4,7,
#moving_targetting_pos=16,26|2,29|6,6|6,16|26,26|16,6|5,1|6,26|16,16|26,16|
#setting_targetting_pos=-1,-1|2,1|-1,-1|-1,-1|-1,-1|-1,-1|5,30|-1,-1|-1,-1|-1,-1|
#type=4,0,4,4,4,4,0,4,4,4,
..........
#11111111111
#assigned_pet=-1,-1,-1,-1,-1,-1,-1,-1,-1,-1,
#assigned_hub=5,-1,0,1,8,3,-1,2,4,7,
#moving_targetting_pos=16,26|2,29|6,6|6,16|26,26|16,6|5,1|6,26|16,16|26,16|
#setting_targetting_pos=-1,-1|2,1|-1,-1|-1,-1|-1,-1|-1,-1|5,30|-1,-1|-1,-1|-1,-1|
#type=4,0,4,4,4,4,0,4,4,4,
..........
#11111111111
#assigned_pet=-1,-1,-1,-1,-1,-1,-1,-1,-1,-1,
#assigned_hub=5,-1,0,1,8,3,-1,2,4,7,
#moving_targetting_pos=16,26|2,29|6,6|6,16|26,26|16,6|5,1|6,26|16,16|26,16|
#setting_targetting_pos=-1,-1|2,1|-1,-1|-1,-1|-1,-1|-1,-1|5,30|-1,-1|-1,-1|-1,-1|
#type=4,0,4,4,4,4,0,4,4,4,
..........
#11111111111
#assigned_pet=-1,-1,-1,-1,-1,-1,-1,-1,-1,-1,
#assigned_hub=5,-1,0,1,8,3,-1,2,4,7,
#moving_targetting_pos=16,26|2,29|6,6|6,16|26,26|16,6|5,1|6,26|16,16|26,16|
#setting_targetting_pos=-1,-1|2,1|-1,-1|-1,-1|-1,-1|-1,-1|5,30|-1,-1|-1,-1|-1,-1|
#type=4,0,4,4,4,4,0,4,4,4,
..........
#11111111111
#assigned_pet=-1,-1,-1,-1,-1,-1,-1,-1,-1,-1,
#assigned_hub=5,-1,0,1,8,3,-1,2,4,7,
#moving_targetting_pos=16,26|2,29|6,6|6,16|26,26|16,6|5,1|6,26|16,16|26,16|
#setting_targetting_pos=-1,-1|2,1|-1,-1|-1,-1|-1,-1|-1,-1|5,30|-1,-1|-1,-1|-1,-1|
#type=4,0,4,4,4,4,0,4,4,4,
..........
#11111111111
#assigned_pet=-1,-1,-1,-1,-1,-1,-1,-1,-1,-1,
#assigned_hub=5,-1,0,1,8,3,-1,2,4,7,
#moving_targetting_pos=16,26|2,29|6,6|6,16|26,26|16,6|5,1|6,26|16,16|26,16|
#setting_targetting_pos=-1,-1|2,1|-1,-1|-1,-1|-1,-1|-1,-1|5,30|-1,-1|-1,-1|-1,-1|
#type=4,0,4,4,4,4,0,4,4,4,
..........
#11111111111
#assigned_pet=-1,-1,-1,-1,-1,-1,-1,-1,-1,-1,
#assigned_hub=5,-1,0,1,8,3,-1,2,4,7,
#moving_targetting_pos=16,26|2,29|6,6|6,16|26,26|16,6|5,1|6,26|16,16|26,16|
#setting_targetting_pos=-1,-1|2,1|-1,-1|-1,-1|-1,-1|-1,-1|5,30|-1,-1|-1,-1|-1,-1|
#type=4,0,4,4,4,4,0,4,4,4,
..........
#11111111111
#assigned_pet=-1,-1,-1,-1,-1,-1,-1,-1,-1,-1,
#assigned_hub=5,-1,0,1,8,3,-1,2,4,7,
#moving_targetting_pos=16,26|2,29|6,6|6,16|26,26|16,6|5,1|6,26|16,16|26,16|
#setting_targetting_pos=-1,-1|2,1|-1,-1|-1,-1|-1,-1|-1,-1|5,30|-1,-1|-1,-1|-1,-1|
#type=4,0,4,4,4,4,0,4,4,4,
..........
#11111111111
#assigned_pet=-1,-1,-1,-1,-1,-1,-1,-1,-1,-1,
#assigned_hub=5,-1,0,1,8,3,-1,2,4,7,
#moving_targetting_pos=16,26|2,29|6,6|6,16|26,26|16,6|5,1|6,26|16,16|26,16|
#setting_targetting_pos=-1,-1|2,1|-1,-1|-1,-1|-1,-1|-1,-1|5,30|-1,-1|-1,-1|-1,-1|
#type=4,0,4,4,4,4,0,4,4,4,
..........
#11111111111
#assigned_pet=-1,-1,-1,-1,-1,-1,-1,-1,-1,-1,
#assigned_hub=5,-1,0,1,8,3,-1,2,4,7,
#moving_targetting_pos=16,26|2,29|6,6|6,16|26,26|16,6|5,1|6,26|16,16|26,16|
#setting_targetting_pos=-1,-1|2,1|-1,-1|-1,-1|-1,-1|-1,-1|5,30|-1,-1|-1,-1|-1,-1|
#type=4,0,4,4,4,4,0,4,4,4,
..........
#11111111111
#assigned_pet=-1,-1,-1,-1,-1,-1,-1,-1,-1,-1,
#assigned_hub=5,-1,0,1,8,3,-1,2,4,7,
#moving_targetting_pos=16,26|2,29|6,6|6,16|26,26|16,6|5,1|6,26|16,16|26,16|
#setting_targetting_pos=-1,-1|2,1|-1,-1|-1,-1|-1,-1|-1,-1|5,30|-1,-1|-1,-1|-1,-1|
#type=4,0,4,4,4,4,0,4,4,4,
..........
#11111111111
#assigned_pet=-1,-1,-1,-1,-1,-1,-1,-1,-1,-1,
#assigned_hub=5,-1,0,1,8,3,-1,2,4,7,
#moving_targetting_pos=16,26|2,29|6,6|6,16|26,26|16,6|5,1|6,26|16,16|26,16|
#setting_targetting_pos=-1,-1|2,1|-1,-1|-1,-1|-1,-1|-1,-1|5,30|-1,-1|-1,-1|-1,-1|
#type=4,0,4,4,4,4,0,4,4,4,
..........
#11111111111
#assigned_pet=-1,-1,-1,-1,-1,-1,-1,-1,-1,-1,
#assigned_hub=5,-1,0,1,8,3,-1,2,4,7,
#moving_targetting_pos=16,26|2,29|6,6|6,16|26,26|16,6|5,1|6,26|16,16|26,16|
#setting_targetting_pos=-1,-1|2,1|-1,-1|-1,-1|-1,-1|-1,-1|5,30|-1,-1|-1,-1|-1,-1|
#type=4,0,4,4,4,4,0,4,4,4,
..........
#11111111111
#assigned_pet=-1,-1,-1,-1,-1,-1,-1,-1,-1,-1,
#assigned_hub=5,-1,0,1,8,3,-1,2,4,7,
#moving_targetting_pos=16,26|2,29|6,6|6,16|26,26|16,6|5,1|6,26|16,16|26,16|
#setting_targetting_pos=-1,-1|2,1|-1,-1|-1,-1|-1,-1|-1,-1|5,30|-1,-1|-1,-1|-1,-1|
#type=4,0,4,4,4,4,0,4,4,4,
..........
#11111111111
#assigned_pet=-1,-1,-1,-1,-1,-1,-1,-1,-1,-1,
#assigned_hub=5,-1,0,1,8,3,-1,2,4,7,
#moving_targetting_pos=16,26|2,29|6,6|6,16|26,26|16,6|5,1|6,26|16,16|26,16|
#setting_targetting_pos=-1,-1|2,1|-1,-1|-1,-1|-1,-1|-1,-1|5,30|-1,-1|-1,-1|-1,-1|
#type=4,0,4,4,4,4,0,4,4,4,
..........
#11111111111
#assigned_pet=-1,-1,-1,-1,-1,-1,-1,-1,-1,-1,
#assigned_hub=5,-1,0,1,8,3,-1,2,4,7,
#moving_targetting_pos=16,26|2,29|6,6|6,16|26,26|16,6|5,1|6,26|16,16|26,16|
#setting_targetting_pos=-1,-1|2,1|-1,-1|-1,-1|-1,-1|-1,-1|5,30|-1,-1|-1,-1|-1,-1|
#type=4,0,4,4,4,4,0,4,4,4,
..........
#11111111111
#assigned_pet=-1,-1,-1,-1,-1,-1,-1,-1,-1,-1,
#assigned_hub=5,-1,0,1,8,3,-1,2,4,7,
#moving_targetting_pos=16,26|2,29|6,6|6,16|26,26|16,6|5,1|6,26|16,16|26,16|
#setting_targetting_pos=-1,-1|2,1|-1,-1|-1,-1|-1,-1|-1,-1|5,30|-1,-1|-1,-1|-1,-1|
#type=4,0,4,4,4,4,0,4,4,4,
..........
#11111111111
#assigned_pet=-1,-1,-1,-1,-1,-1,-1,-1,-1,-1,
#assigned_hub=5,-1,0,1,8,3,-1,2,4,7,
#moving_targetting_pos=16,26|2,29|6,6|6,16|26,26|16,6|5,1|6,26|16,16|26,16|
#setting_targetting_pos=-1,-1|2,1|-1,-1|-1,-1|-1,-1|-1,-1|5,30|-1,-1|-1,-1|-1,-1|
#type=4,0,4,4,4,4,0,4,4,4,
..........
#11111111111
#assigned_pet=-1,-1,-1,-1,-1,-1,-1,-1,-1,-1,
#assigned_hub=5,-1,0,1,8,3,-1,2,4,7,
#moving_targetting_pos=16,26|2,29|6,6|6,16|26,26|16,6|5,1|6,26|16,16|26,16|
#setting_targetting_pos=-1,-1|2,1|-1,-1|-1,-1|-1,-1|-1,-1|5,30|-1,-1|-1,-1|-1,-1|
#type=4,0,4,4,4,4,0,4,4,4,
..........
#11111111111
#assigned_pet=-1,-1,-1,-1,-1,-1,-1,-1,-1,-1,
#assigned_hub=5,-1,0,1,8,3,-1,2,4,7,
#moving_targetting_pos=16,26|2,29|6,6|6,16|26,26|16,6|5,1|6,26|16,16|26,16|
#setting_targetting_pos=-1,-1|2,1|-1,-1|-1,-1|-1,-1|-1,-1|5,30|-1,-1|-1,-1|-1,-1|
#type=4,0,4,4,4,4,0,4,4,4,
..........
#11111111111
#assigned_pet=-1,-1,-1,-1,-1,-1,-1,-1,-1,-1,
#assigned_hub=5,-1,0,1,8,3,-1,2,4,7,
#moving_targetting_pos=16,26|2,29|6,6|6,16|26,26|16,6|5,1|6,26|16,16|26,16|
#setting_targetting_pos=-1,-1|2,1|-1,-1|-1,-1|-1,-1|-1,-1|5,30|-1,-1|-1,-1|-1,-1|
#type=4,0,4,4,4,4,0,4,4,4,
..........
#11111111111
#assigned_pet=-1,-1,-1,-1,-1,-1,-1,-1,-1,-1,
#assigned_hub=5,-1,0,1,8,3,-1,2,4,7,
#moving_targetting_pos=16,26|2,29|6,6|6,16|26,26|16,6|5,1|6,26|16,16|26,16|
#setting_targetting_pos=-1,-1|2,1|-1,-1|-1,-1|-1,-1|-1,-1|5,30|-1,-1|-1,-1|-1,-1|
#type=4,0,4,4,4,4,0,4,4,4,
..........
#11111111111
#assigned_pet=-1,-1,-1,-1,-1,-1,-1,-1,-1,-1,
#assigned_hub=5,-1,0,1,8,3,-1,2,4,7,
#moving_targetting_pos=16,26|2,29|6,6|6,16|26,26|16,6|5,1|6,26|16,16|26,16|
#setting_targetting_pos=-1,-1|2,1|-1,-1|-1,-1|-1,-1|-1,-1|5,30|-1,-1|-1,-1|-1,-1|
#type=4,0,4,4,4,4,0,4,4,4,
..........
#11111111111
#assigned_pet=-1,-1,-1,-1,-1,-1,-1,-1,-1,-1,
#assigned_hub=5,-1,0,1,8,3,-1,2,4,7,
#moving_targetting_pos=16,26|2,29|6,6|6,16|26,26|16,6|5,1|6,26|16,16|26,16|
#setting_targetting_pos=-1,-1|2,1|-1,-1|-1,-1|-1,-1|-1,-1|5,30|-1,-1|-1,-1|-1,-1|
#type=4,0,4,4,4,4,0,4,4,4,
..........
#11111111111
#assigned_pet=-1,-1,-1,-1,-1,-1,-1,-1,-1,-1,
#assigned_hub=5,-1,0,1,8,3,-1,2,4,7,
#moving_targetting_pos=16,26|2,29|6,6|6,16|26,26|16,6|5,1|6,26|16,16|26,16|
#setting_targetting_pos=-1,-1|2,1|-1,-1|-1,-1|-1,-1|-1,-1|5,30|-1,-1|-1,-1|-1,-1|
#type=4,0,4,4,4,4,0,4,4,4,
..........
#11111111111
#assigned_pet=-1,-1,-1,-1,-1,-1,-1,-1,-1,-1,
#assigned_hub=5,-1,0,1,8,3,-1,2,4,7,
#moving_targetting_pos=16,26|2,29|6,6|6,16|26,26|16,6|5,1|6,26|16,16|26,16|
#setting_targetting_pos=-1,-1|2,1|-1,-1|-1,-1|-1,-1|-1,-1|5,30|-1,-1|-1,-1|-1,-1|
#type=4,0,4,4,4,4,0,4,4,4,
..........
#11111111111
#assigned_pet=-1,-1,-1,-1,-1,-1,-1,-1,-1,-1,
#assigned_hub=5,-1,0,1,8,3,-1,2,4,7,
#moving_targetting_pos=16,26|2,29|6,6|6,16|26,26|16,6|5,1|6,26|16,16|26,16|
#setting_targetting_pos=-1,-1|2,1|-1,-1|-1,-1|-1,-1|-1,-1|5,30|-1,-1|-1,-1|-1,-1|
#type=4,0,4,4,4,4,0,4,4,4,
..........
#11111111111
#assigned_pet=-1,-1,-1,-1,-1,-1,-1,-1,-1,-1,
#assigned_hub=5,-1,0,1,8,3,-1,2,4,7,
#moving_targetting_pos=16,26|2,29|6,6|6,16|26,26|16,6|5,1|6,26|16,16|26,16|
#setting_targetting_pos=-1,-1|2,1|-1,-1|-1,-1|-1,-1|-1,-1|5,30|-1,-1|-1,-1|-1,-1|
#type=4,0,4,4,4,4,0,4,4,4,
..........
#11111111111
#assigned_pet=-1,-1,-1,-1,-1,-1,-1,-1,-1,-1,
#assigned_hub=5,-1,0,1,8,3,-1,2,4,7,
#moving_targetting_pos=16,26|2,29|6,6|6,16|26,26|16,6|5,1|6,26|16,16|26,16|
#setting_targetting_pos=-1,-1|2,1|-1,-1|-1,-1|-1,-1|-1,-1|5,30|-1,-1|-1,-1|-1,-1|
#type=4,0,4,4,4,4,0,4,4,4,
..........
#11111111111
#assigned_pet=-1,-1,-1,-1,-1,-1,-1,-1,-1,-1,
#assigned_hub=5,-1,0,1,8,3,-1,2,4,7,
#moving_targetting_pos=16,26|2,29|6,6|6,16|26,26|16,6|5,1|6,26|16,16|26,16|
#setting_targetting_pos=-1,-1|2,1|-1,-1|-1,-1|-1,-1|-1,-1|5,30|-1,-1|-1,-1|-1,-1|
#type=4,0,4,4,4,4,0,4,4,4,
..........
#11111111111
#assigned_pet=-1,-1,-1,-1,-1,-1,-1,-1,-1,-1,
#assigned_hub=5,-1,0,1,8,3,-1,2,4,7,
#moving_targetting_pos=16,26|2,29|6,6|6,16|26,26|16,6|5,1|6,26|16,16|26,16|
#setting_targetting_pos=-1,-1|2,1|-1,-1|-1,-1|-1,-1|-1,-1|5,30|-1,-1|-1,-1|-1,-1|
#type=4,0,4,4,4,4,0,4,4,4,
..........
#11111111111
#assigned_pet=-1,-1,-1,-1,-1,-1,-1,-1,-1,-1,
#assigned_hub=5,-1,0,1,8,3,-1,2,4,7,
#moving_targetting_pos=16,26|2,29|6,6|6,16|26,26|16,6|5,1|6,26|16,16|26,16|
#setting_targetting_pos=-1,-1|2,1|-1,-1|-1,-1|-1,-1|-1,-1|5,30|-1,-1|-1,-1|-1,-1|
#type=4,0,4,4,4,4,0,4,4,4,
..........
#11111111111
#assigned_pet=-1,-1,-1,-1,-1,-1,-1,-1,-1,-1,
#assigned_hub=5,-1,0,1,8,3,-1,2,4,7,
#moving_targetting_pos=16,26|2,29|6,6|6,16|26,26|16,6|5,1|6,26|16,16|26,16|
#setting_targetting_pos=-1,-1|2,1|-1,-1|-1,-1|-1,-1|-1,-1|5,30|-1,-1|-1,-1|-1,-1|
#type=4,0,4,4,4,4,0,4,4,4,
..........
#11111111111
#assigned_pet=-1,-1,-1,-1,-1,-1,-1,-1,-1,-1,
#assigned_hub=5,-1,0,1,8,3,-1,2,4,7,
#moving_targetting_pos=16,26|2,29|6,6|6,16|26,26|16,6|5,1|6,26|16,16|26,16|
#setting_targetting_pos=-1,-1|2,1|-1,-1|-1,-1|-1,-1|-1,-1|5,30|-1,-1|-1,-1|-1,-1|
#type=4,0,4,4,4,4,0,4,4,4,
..........
#11111111111
#assigned_pet=-1,-1,-1,-1,-1,-1,-1,-1,-1,-1,
#assigned_hub=5,-1,0,1,8,3,-1,2,4,7,
#moving_targetting_pos=16,26|2,29|6,6|6,16|26,26|16,6|5,1|6,26|16,16|26,16|
#setting_targetting_pos=-1,-1|2,1|-1,-1|-1,-1|-1,-1|-1,-1|5,30|-1,-1|-1,-1|-1,-1|
#type=4,0,4,4,4,4,0,4,4,4,
..........
#11111111111
#assigned_pet=-1,-1,-1,-1,-1,-1,-1,-1,-1,-1,
#assigned_hub=5,-1,0,1,8,3,-1,2,4,7,
#moving_targetting_pos=16,26|2,29|6,6|6,16|26,26|16,6|5,1|6,26|16,16|26,16|
#setting_targetting_pos=-1,-1|2,1|-1,-1|-1,-1|-1,-1|-1,-1|5,30|-1,-1|-1,-1|-1,-1|
#type=4,0,4,4,4,4,0,4,4,4,
..........
#11111111111
#assigned_pet=-1,-1,-1,-1,-1,-1,-1,-1,-1,-1,
#assigned_hub=5,-1,0,1,8,3,-1,2,4,7,
#moving_targetting_pos=16,26|2,29|6,6|6,16|26,26|16,6|5,1|6,26|16,16|26,16|
#setting_targetting_pos=-1,-1|2,1|-1,-1|-1,-1|-1,-1|-1,-1|5,30|-1,-1|-1,-1|-1,-1|
#type=4,0,4,4,4,4,0,4,4,4,
..........
#11111111111
#assigned_pet=-1,-1,-1,-1,-1,-1,-1,-1,-1,-1,
#assigned_hub=5,-1,0,1,8,3,-1,2,4,7,
#moving_targetting_pos=16,26|2,29|6,6|6,16|26,26|16,6|5,1|6,26|16,16|26,16|
#setting_targetting_pos=-1,-1|2,1|-1,-1|-1,-1|-1,-1|-1,-1|5,30|-1,-1|-1,-1|-1,-1|
#type=4,0,4,4,4,4,0,4,4,4,
..........
#11111111111
#assigned_pet=-1,-1,-1,-1,-1,-1,-1,-1,-1,-1,
#assigned_hub=5,-1,0,1,8,3,-1,2,4,7,
#moving_targetting_pos=16,26|2,29|6,6|6,16|26,26|16,6|5,1|6,26|16,16|26,16|
#setting_targetting_pos=-1,-1|2,1|-1,-1|-1,-1|-1,-1|-1,-1|5,30|-1,-1|-1,-1|-1,-1|
#type=4,0,4,4,4,4,0,4,4,4,
..........
#11111111111
#assigned_pet=-1,-1,-1,-1,-1,-1,-1,-1,-1,-1,
#assigned_hub=5,-1,0,1,8,3,-1,2,4,7,
#moving_targetting_pos=16,26|2,29|6,6|6,16|26,26|16,6|5,1|6,26|16,16|26,16|
#setting_targetting_pos=-1,-1|2,1|-1,-1|-1,-1|-1,-1|-1,-1|5,30|-1,-1|-1,-1|-1,-1|
#type=4,0,4,4,4,4,0,4,4,4,
..........
#11111111111
#assigned_pet=-1,-1,-1,-1,-1,-1,-1,-1,-1,-1,
#assigned_hub=5,-1,0,1,8,3,-1,2,4,7,
#moving_targetting_pos=16,26|2,29|6,6|6,16|26,26|16,6|5,1|6,26|16,16|26,16|
#setting_targetting_pos=-1,-1|2,1|-1,-1|-1,-1|-1,-1|-1,-1|5,30|-1,-1|-1,-1|-1,-1|
#type=4,0,4,4,4,4,0,4,4,4,
..........
#11111111111
#assigned_pet=-1,-1,-1,-1,-1,-1,-1,-1,-1,-1,
#assigned_hub=5,-1,0,1,8,3,-1,2,4,7,
#moving_targetting_pos=16,26|2,29|6,6|6,16|26,26|16,6|5,1|6,26|16,16|26,16|
#setting_targetting_pos=-1,-1|2,1|-1,-1|-1,-1|-1,-1|-1,-1|5,30|-1,-1|-1,-1|-1,-1|
#type=4,0,4,4,4,4,0,4,4,4,
..........
#11111111111
#assigned_pet=-1,-1,-1,-1,-1,-1,-1,-1,-1,-1,
#assigned_hub=5,-1,0,1,8,3,-1,2,4,7,
#moving_targetting_pos=16,26|2,29|6,6|6,16|26,26|16,6|5,1|6,26|16,16|26,16|
#setting_targetting_pos=-1,-1|2,1|-1,-1|-1,-1|-1,-1|-1,-1|5,30|-1,-1|-1,-1|-1,-1|
#type=4,0,4,4,4,4,0,4,4,4,
..........
#11111111111
#assigned_pet=-1,-1,-1,-1,-1,-1,-1,-1,-1,-1,
#assigned_hub=5,-1,0,1,8,3,-1,2,4,7,
#moving_targetting_pos=16,26|2,29|6,6|6,16|26,26|16,6|5,1|6,26|16,16|26,16|
#setting_targetting_pos=-1,-1|2,1|-1,-1|-1,-1|-1,-1|-1,-1|5,30|-1,-1|-1,-1|-1,-1|
#type=4,0,4,4,4,4,0,4,4,4,
..........
#11111111111
#assigned_pet=-1,-1,-1,-1,-1,-1,-1,-1,-1,-1,
#assigned_hub=5,-1,0,1,8,3,-1,2,4,7,
#moving_targetting_pos=16,26|2,29|6,6|6,16|26,26|16,6|5,1|6,26|16,16|26,16|
#setting_targetting_pos=-1,-1|2,1|-1,-1|-1,-1|-1,-1|-1,-1|5,30|-1,-1|-1,-1|-1,-1|
#type=4,0,4,4,4,4,0,4,4,4,
..........
#11111111111
#assigned_pet=-1,-1,-1,-1,-1,-1,-1,-1,-1,-1,
#assigned_hub=5,-1,0,1,8,3,-1,2,4,7,
#moving_targetting_pos=16,26|2,29|6,6|6,16|26,26|16,6|5,1|6,26|16,16|26,16|
#setting_targetting_pos=-1,-1|2,1|-1,-1|-1,-1|-1,-1|-1,-1|5,30|-1,-1|-1,-1|-1,-1|
#type=4,0,4,4,4,4,0,4,4,4,
..........
#11111111111
#assigned_pet=-1,-1,-1,-1,-1,-1,-1,-1,-1,-1,
#assigned_hub=5,-1,0,1,8,3,-1,2,4,7,
#moving_targetting_pos=16,26|2,29|6,6|6,16|26,26|16,6|5,1|6,26|16,16|26,16|
#setting_targetting_pos=-1,-1|2,1|-1,-1|-1,-1|-1,-1|-1,-1|5,30|-1,-1|-1,-1|-1,-1|
#type=4,0,4,4,4,4,0,4,4,4,
..........
#11111111111
#assigned_pet=-1,-1,-1,-1,-1,-1,-1,-1,-1,-1,
#assigned_hub=5,-1,0,1,8,3,-1,2,4,7,
#moving_targetting_pos=16,26|2,29|6,6|6,16|26,26|16,6|5,1|6,26|16,16|26,16|
#setting_targetting_pos=-1,-1|2,1|-1,-1|-1,-1|-1,-1|-1,-1|5,30|-1,-1|-1,-1|-1,-1|
#type=4,0,4,4,4,4,0,4,4,4,
..........
#11111111111
#assigned_pet=-1,-1,-1,-1,-1,-1,-1,-1,-1,-1,
#assigned_hub=5,-1,0,1,8,3,-1,2,4,7,
#moving_targetting_pos=16,26|2,29|6,6|6,16|26,26|16,6|5,1|6,26|16,16|26,16|
#setting_targetting_pos=-1,-1|2,1|-1,-1|-1,-1|-1,-1|-1,-1|5,30|-1,-1|-1,-1|-1,-1|
#type=4,0,4,4,4,4,0,4,4,4,
..........
#11111111111
#assigned_pet=-1,-1,-1,-1,-1,-1,-1,-1,-1,-1,
#assigned_hub=5,-1,0,1,8,3,-1,2,4,7,
#moving_targetting_pos=16,26|2,29|6,6|6,16|26,26|16,6|5,1|6,26|16,16|26,16|
#setting_targetting_pos=-1,-1|2,1|-1,-1|-1,-1|-1,-1|-1,-1|5,30|-1,-1|-1,-1|-1,-1|
#type=4,0,4,4,4,4,0,4,4,4,
..........
#11111111111
#assigned_pet=-1,-1,-1,-1,-1,-1,-1,-1,-1,-1,
#assigned_hub=5,-1,0,1,8,3,-1,2,4,7,
#moving_targetting_pos=16,26|2,29|6,6|6,16|26,26|16,6|5,1|6,26|16,16|26,16|
#setting_targetting_pos=-1,-1|2,1|-1,-1|-1,-1|-1,-1|-1,-1|5,30|-1,-1|-1,-1|-1,-1|
#type=4,0,4,4,4,4,0,4,4,4,
..........
#11111111111
#assigned_pet=-1,-1,-1,-1,-1,-1,-1,-1,-1,-1,
#assigned_hub=5,-1,0,1,8,3,-1,2,4,7,
#moving_targetting_pos=16,26|2,29|6,6|6,16|26,26|16,6|5,1|6,26|16,16|26,16|
#setting_targetting_pos=-1,-1|2,1|-1,-1|-1,-1|-1,-1|-1,-1|5,30|-1,-1|-1,-1|-1,-1|
#type=4,0,4,4,4,4,0,4,4,4,
..........
#11111111111
#assigned_pet=-1,-1,-1,-1,-1,-1,-1,-1,-1,-1,
#assigned_hub=5,-1,0,1,8,3,-1,2,4,7,
#moving_targetting_pos=16,26|2,29|6,6|6,16|26,26|16,6|5,1|6,26|16,16|26,16|
#setting_targetting_pos=-1,-1|2,1|-1,-1|-1,-1|-1,-1|-1,-1|5,30|-1,-1|-1,-1|-1,-1|
#type=4,0,4,4,4,4,0,4,4,4,
..........
#11111111111
#assigned_pet=-1,-1,-1,-1,-1,-1,-1,-1,-1,-1,
#assigned_hub=5,-1,0,1,8,3,-1,2,4,7,
#moving_targetting_pos=16,26|2,29|6,6|6,16|26,26|16,6|5,1|6,26|16,16|26,16|
#setting_targetting_pos=-1,-1|2,1|-1,-1|-1,-1|-1,-1|-1,-1|5,30|-1,-1|-1,-1|-1,-1|
#type=4,0,4,4,4,4,0,4,4,4,
..........
#11111111111
#assigned_pet=-1,-1,-1,-1,-1,-1,-1,-1,-1,-1,
#assigned_hub=5,-1,0,1,8,3,-1,2,4,7,
#moving_targetting_pos=16,26|2,29|6,6|6,16|26,26|16,6|5,1|6,26|16,16|26,16|
#setting_targetting_pos=-1,-1|2,1|-1,-1|-1,-1|-1,-1|-1,-1|5,30|-1,-1|-1,-1|-1,-1|
#type=4,0,4,4,4,4,0,4,4,4,
..........
#11111111111
#assigned_pet=-1,-1,-1,-1,-1,-1,-1,-1,-1,-1,
#assigned_hub=5,-1,0,1,8,3,-1,2,4,7,
#moving_targetting_pos=16,26|2,29|6,6|6,16|26,26|16,6|5,1|6,26|16,16|26,16|
#setting_targetting_pos=-1,-1|2,1|-1,-1|-1,-1|-1,-1|-1,-1|5,30|-1,-1|-1,-1|-1,-1|
#type=4,0,4,4,4,4,0,4,4,4,
..........
#11111111111
#assigned_pet=-1,-1,-1,-1,-1,-1,-1,-1,-1,-1,
#assigned_hub=5,-1,0,1,8,3,-1,2,4,7,
#moving_targetting_pos=16,26|2,29|6,6|6,16|26,26|16,6|5,1|6,26|16,16|26,16|
#setting_targetting_pos=-1,-1|2,1|-1,-1|-1,-1|-1,-1|-1,-1|5,30|-1,-1|-1,-1|-1,-1|
#type=4,0,4,4,4,4,0,4,4,4,
..........
#11111111111
#assigned_pet=-1,-1,-1,-1,-1,-1,-1,-1,-1,-1,
#assigned_hub=5,-1,0,1,8,3,-1,2,4,7,
#moving_targetting_pos=16,26|2,29|6,6|6,16|26,26|16,6|5,1|6,26|16,16|26,16|
#setting_targetting_pos=-1,-1|2,1|-1,-1|-1,-1|-1,-1|-1,-1|5,30|-1,-1|-1,-1|-1,-1|
#type=4,0,4,4,4,4,0,4,4,4,
..........
#11111111111
#assigned_pet=-1,-1,-1,-1,-1,-1,-1,-1,-1,-1,
#assigned_hub=5,-1,0,1,8,3,-1,2,4,7,
#moving_targetting_pos=16,26|2,29|6,6|6,16|26,26|16,6|5,1|6,26|16,16|26,16|
#setting_targetting_pos=-1,-1|2,1|-1,-1|-1,-1|-1,-1|-1,-1|5,30|-1,-1|-1,-1|-1,-1|
#type=4,0,4,4,4,4,0,4,4,4,
..........
#11111111111
#assigned_pet=-1,-1,-1,-1,-1,-1,-1,-1,-1,-1,
#assigned_hub=5,-1,0,1,8,3,-1,2,4,7,
#moving_targetting_pos=16,26|2,29|6,6|6,16|26,26|16,6|5,1|6,26|16,16|26,16|
#setting_targetting_pos=-1,-1|2,1|-1,-1|-1,-1|-1,-1|-1,-1|5,30|-1,-1|-1,-1|-1,-1|
#type=4,0,4,4,4,4,0,4,4,4,
..........
#11111111111
#assigned_pet=-1,-1,-1,-1,-1,-1,-1,-1,-1,-1,
#assigned_hub=5,-1,0,1,8,3,-1,2,4,7,
#moving_targetting_pos=16,26|2,29|6,6|6,16|26,26|16,6|5,1|6,26|16,16|26,16|
#setting_targetting_pos=-1,-1|2,1|-1,-1|-1,-1|-1,-1|-1,-1|5,30|-1,-1|-1,-1|-1,-1|
#type=4,0,4,4,4,4,0,4,4,4,
..........
#11111111111
#assigned_pet=-1,-1,-1,-1,-1,-1,-1,-1,-1,-1,
#assigned_hub=5,-1,0,1,8,3,-1,2,4,7,
#moving_targetting_pos=16,26|2,29|6,6|6,16|26,26|16,6|5,1|6,26|16,16|26,16|
#setting_targetting_pos=-1,-1|2,1|-1,-1|-1,-1|-1,-1|-1,-1|5,30|-1,-1|-1,-1|-1,-1|
#type=4,0,4,4,4,4,0,4,4,4,
..........
#11111111111
#assigned_pet=-1,-1,-1,-1,-1,-1,-1,-1,-1,-1,
#assigned_hub=5,-1,0,1,8,3,-1,2,4,7,
#moving_targetting_pos=16,26|2,29|6,6|6,16|26,26|16,6|5,1|6,26|16,16|26,16|
#setting_targetting_pos=-1,-1|2,1|-1,-1|-1,-1|-1,-1|-1,-1|5,30|-1,-1|-1,-1|-1,-1|
#type=4,0,4,4,4,4,0,4,4,4,
..........
#11111111111
#assigned_pet=-1,-1,-1,-1,-1,-1,-1,-1,-1,-1,
#assigned_hub=5,-1,0,1,8,3,-1,2,4,7,
#moving_targetting_pos=16,26|2,29|6,6|6,16|26,26|16,6|5,1|6,26|16,16|26,16|
#setting_targetting_pos=-1,-1|2,1|-1,-1|-1,-1|-1,-1|-1,-1|5,30|-1,-1|-1,-1|-1,-1|
#type=4,0,4,4,4,4,0,4,4,4,
..........
#11111111111
#assigned_pet=-1,-1,-1,-1,-1,-1,-1,-1,-1,-1,
#assigned_hub=5,-1,0,1,8,3,-1,2,4,7,
#moving_targetting_pos=16,26|2,29|6,6|6,16|26,26|16,6|5,1|6,26|16,16|26,16|
#setting_targetting_pos=-1,-1|2,1|-1,-1|-1,-1|-1,-1|-1,-1|5,30|-1,-1|-1,-1|-1,-1|
#type=4,0,4,4,4,4,0,4,4,4,
..........
#11111111111
#assigned_pet=-1,-1,-1,-1,-1,-1,-1,-1,-1,-1,
#assigned_hub=5,-1,0,1,8,3,-1,2,4,7,
#moving_targetting_pos=16,26|2,29|6,6|6,16|26,26|16,6|5,1|6,26|16,16|26,16|
#setting_targetting_pos=-1,-1|2,1|-1,-1|-1,-1|-1,-1|-1,-1|5,30|-1,-1|-1,-1|-1,-1|
#type=4,0,4,4,4,4,0,4,4,4,
..........
#11111111111
#assigned_pet=-1,-1,-1,-1,-1,-1,-1,-1,-1,-1,
#assigned_hub=5,-1,0,1,8,3,-1,2,4,7,
#moving_targetting_pos=16,26|2,29|6,6|6,16|26,26|16,6|5,1|6,26|16,16|26,16|
#setting_targetting_pos=-1,-1|2,1|-1,-1|-1,-1|-1,-1|-1,-1|5,30|-1,-1|-1,-1|-1,-1|
#type=4,0,4,4,4,4,0,4,4,4,
..........
