#predicted_score_long=6.08081e+07
#predicted_score_short=6.55214e+07
#SHORT_BAR=1
#0000000000
#assigned_pet=-1,-1,-1,-1,-1,-1,-1,-1,-1,-1,
#assigned_hub=-1,-1,-1,-1,-1,-1,-1,-1,-1,3,
#moving_targetting_pos=9,30|29,2|25,1|19,2|12,1|2,1|5,30|15,30|22,29|16,6|
#setting_targetting_pos=9,2|29,30|25,30|19,30|12,29|2,29|5,1|15,1|22,1|0,0|
#type=1,1,1,1,1,1,1,1,1,3,
RLLLLLRRRR
#0000000000
#assigned_pet=-1,-1,-1,-1,-1,-1,-1,-1,-1,-1,
#assigned_hub=-1,-1,-1,-1,-1,-1,-1,-1,-1,3,
#moving_targetting_pos=9,30|29,2|25,1|19,2|12,1|2,1|5,30|15,30|22,29|16,6|
#setting_targetting_pos=9,2|29,30|25,30|19,30|12,29|2,29|5,1|15,1|22,1|-1,-1|
#type=1,1,1,1,1,1,1,1,1,3,
RLLLLLRURR
#0000000000
#assigned_pet=-1,-1,-1,-1,-1,-1,-1,-1,-1,-1,
#assigned_hub=-1,-1,-1,-1,-1,-1,-1,-1,-1,3,
#moving_targetting_pos=9,30|29,2|25,1|19,2|12,1|2,1|5,30|15,30|22,29|16,6|
#setting_targetting_pos=9,2|29,30|25,30|19,30|12,29|2,29|5,1|15,1|22,1|-1,-1|
#type=1,1,1,1,1,1,1,2,1,3,
RLLLDLRdRD
#0000000000
#assigned_pet=-1,-1,-1,-1,-1,-1,-1,-1,-1,-1,
#assigned_hub=-1,-1,-1,-1,-1,-1,-1,-1,-1,3,
#moving_targetting_pos=9,30|29,2|25,1|19,2|12,1|2,1|5,30|15,30|22,29|16,6|
#setting_targetting_pos=9,2|29,30|25,30|19,30|12,29|2,29|5,1|15,1|22,1|-1,-1|
#type=1,2,1,2,2,1,2,2,1,3,
DdLduLdLRD
#0000000000
#assigned_pet=-1,-1,-1,-1,-1,-1,-1,-1,-1,3,
#assigned_hub=-1,-1,-1,-1,-1,-1,-1,-1,-1,3,
#moving_targetting_pos=9,30|29,2|25,1|19,2|12,1|2,1|5,30|15,30|22,29|-1,-1|
#setting_targetting_pos=9,2|29,30|25,30|19,30|12,29|2,29|5,1|15,1|22,1|13,7|
#type=2,2,1,2,2,1,2,2,1,4,
dRLRRLLLR.
#0000000000
#assigned_pet=-1,-1,-1,-1,-1,-1,-1,-1,-1,3,
#assigned_hub=-1,-1,-1,-1,-1,-1,-1,-1,-1,3,
#moving_targetting_pos=9,30|29,2|25,1|19,2|12,1|2,1|5,30|15,30|22,29|-1,-1|
#setting_targetting_pos=9,2|29,30|25,30|19,30|12,29|2,29|5,1|15,1|22,1|13,7|
#type=2,2,1,2,2,1,2,2,1,4,
LRLRRLLuD.
#0000000000
#assigned_pet=-1,-1,-1,-1,-1,-1,-1,-1,-1,3,
#assigned_hub=-1,-1,-1,-1,-1,-1,-1,-1,-1,3,
#moving_targetting_pos=9,30|29,2|25,1|19,2|12,1|2,1|5,30|15,30|22,29|-1,-1|
#setting_targetting_pos=9,2|29,30|25,30|19,30|12,29|2,29|5,1|15,1|22,1|13,7|
#type=2,2,1,2,2,1,2,2,1,4,
LlUllLuLD.
#0000000000
#assigned_pet=-1,-1,-1,-1,-1,-1,-1,-1,-1,4,
#assigned_hub=-1,-1,-1,-1,-1,-1,-1,-1,-1,3,
#moving_targetting_pos=9,30|29,2|25,1|19,2|12,1|2,1|5,30|15,30|22,29|-1,-1|
#setting_targetting_pos=9,2|29,30|25,30|19,30|12,29|2,29|5,1|15,1|22,1|13,6|
#type=2,2,1,2,2,1,2,2,1,4,
uuUudLLLDD
#0000000000
#assigned_pet=-1,-1,-1,-1,-1,-1,-1,-1,-1,4,
#assigned_hub=-1,-1,-1,-1,-1,-1,-1,-1,-1,3,
#moving_targetting_pos=9,30|29,2|25,1|19,2|12,1|2,1|5,30|15,30|22,29|-1,-1|
#setting_targetting_pos=9,2|29,30|25,30|19,30|12,29|2,29|5,1|15,1|22,1|13,6|
#type=2,2,2,2,2,1,2,2,1,4,
.RdRRLLLD.
#0000000000
#assigned_pet=-1,-1,-1,-1,-1,-1,-1,-1,-1,4,
#assigned_hub=-1,-1,-1,-1,-1,-1,-1,-1,-1,3,
#moving_targetting_pos=9,30|29,2|25,1|19,2|12,1|2,1|5,30|15,30|22,29|-1,-1|
#setting_targetting_pos=9,2|29,30|25,30|19,30|12,29|2,29|5,1|15,1|22,1|14,5|
#type=2,2,2,2,2,1,2,2,1,4,
rRRRRLLLD.
#0000000000
#assigned_pet=-1,-1,-1,-1,-1,-1,-1,-1,-1,4,
#assigned_hub=-1,-1,-1,-1,-1,-1,-1,-1,-1,3,
#moving_targetting_pos=9,30|29,2|25,1|19,2|12,1|2,1|5,30|15,30|22,29|-1,-1|
#setting_targetting_pos=9,2|29,30|25,30|19,30|12,29|2,29|5,1|15,1|22,1|14,7|
#type=2,2,2,2,2,1,2,2,1,4,
LdddRLLuD.
#0000000000
#assigned_pet=-1,-1,-1,-1,-1,-1,-1,-1,-1,4,
#assigned_hub=-1,-1,-1,-1,-1,-1,-1,-1,-1,3,
#moving_targetting_pos=9,30|29,2|25,1|19,2|12,1|2,1|5,30|15,30|22,29|-1,-1|
#setting_targetting_pos=9,2|29,30|25,30|19,30|12,29|2,29|5,1|15,1|22,1|14,7|
#type=2,2,2,2,2,1,2,2,1,4,
LRRRuLuLD.
#0000000000
#assigned_pet=-1,-1,-1,-1,-1,-1,-1,-1,-1,4,
#assigned_hub=-1,-1,-1,-1,-1,-1,-1,-1,-1,3,
#moving_targetting_pos=9,30|29,2|25,1|19,2|12,1|2,1|5,30|15,30|22,29|-1,-1|
#setting_targetting_pos=9,2|29,30|25,30|19,30|12,29|2,29|5,1|15,1|22,1|14,7|
#type=2,2,2,2,2,1,2,2,1,4,
dRRRRULLD.
#0000000000
#assigned_pet=-1,-1,-1,-1,-1,-1,-1,-1,-1,7,
#assigned_hub=-1,-1,-1,-1,-1,-1,-1,-1,-1,3,
#moving_targetting_pos=9,30|29,2|25,1|19,2|12,1|2,1|5,30|15,30|22,29|-1,-1|
#setting_targetting_pos=9,2|29,30|25,30|19,30|12,29|2,29|5,1|15,1|22,1|19,7|
#type=2,2,2,2,2,2,2,2,1,4,
LuuuluLdDR
#0000000000
#assigned_pet=-1,-1,-1,-1,-1,-1,-1,-1,-1,2,
#assigned_hub=-1,-1,-1,-1,-1,-1,-1,-1,-1,3,
#moving_targetting_pos=9,30|29,2|25,1|19,2|12,1|2,1|5,30|15,30|22,29|-1,-1|
#setting_targetting_pos=9,2|29,30|25,30|19,30|12,29|2,29|5,1|15,1|22,1|15,9|
#type=2,2,2,2,2,2,2,2,1,4,
LRRRRRdLDR
#0000000000
#assigned_pet=-1,-1,-1,-1,-1,-1,-1,-1,-1,2,
#assigned_hub=-1,-1,-1,-1,-1,-1,-1,-1,-1,3,
#moving_targetting_pos=9,30|29,2|25,1|19,2|12,1|2,1|5,30|15,30|22,29|-1,-1|
#setting_targetting_pos=9,2|29,30|25,30|19,30|12,29|2,29|5,1|15,1|22,1|15,9|
#type=2,2,2,2,2,2,2,2,1,4,
uRRRRRLdDR
#0000000000
#assigned_pet=-1,-1,-1,-1,-1,-1,-1,-1,-1,4,
#assigned_hub=-1,-1,-1,-1,-1,-1,-1,-1,-1,3,
#moving_targetting_pos=9,30|29,2|25,1|19,2|12,1|2,1|5,30|15,30|22,29|-1,-1|
#setting_targetting_pos=9,2|29,30|25,30|19,30|12,29|2,29|5,1|15,1|22,1|16,9|
#type=2,2,2,2,2,2,2,2,1,4,
LlRldldLDD
#0000000000
#assigned_pet=-1,-1,-1,-1,-1,-1,-1,-1,-1,2,
#assigned_hub=-1,-1,-1,-1,-1,-1,-1,-1,-1,3,
#moving_targetting_pos=9,30|29,2|25,1|19,2|12,1|2,1|5,30|15,30|22,29|-1,-1|
#setting_targetting_pos=9,2|29,30|25,30|19,30|12,29|2,29|5,1|15,1|22,1|15,9|
#type=2,2,2,2,2,2,2,2,1,4,
LdRdRdLdDL
#0000000000
#assigned_pet=-1,-1,-1,-1,-1,-1,-1,-1,-1,4,
#assigned_hub=-1,-1,-1,-1,-1,-1,-1,-1,-1,3,
#moving_targetting_pos=9,30|29,2|25,1|19,2|12,1|2,1|5,30|15,30|22,29|-1,-1|
#setting_targetting_pos=9,2|29,30|25,30|19,30|12,29|2,29|5,1|15,1|22,1|17,9|
#type=2,2,2,2,2,2,2,2,1,4,
rRuRRRdLDR
#0000000000
#assigned_pet=-1,-1,-1,-1,-1,-1,-1,-1,-1,4,
#assigned_hub=-1,-1,-1,-1,-1,-1,-1,-1,-1,3,
#moving_targetting_pos=9,30|29,2|25,1|19,2|12,1|2,1|5,30|15,30|22,29|-1,-1|
#setting_targetting_pos=9,2|29,30|25,30|19,30|12,29|2,29|5,1|15,1|22,1|17,9|
#type=2,2,2,2,2,2,2,2,1,4,
dRRRlRLLDD
#0000000000
#assigned_pet=-1,-1,-1,-1,-1,-1,-1,-1,-1,4,
#assigned_hub=-1,-1,-1,-1,-1,-1,-1,-1,-1,3,
#moving_targetting_pos=9,30|29,2|25,1|19,2|12,1|2,1|5,30|15,30|22,29|-1,-1|
#setting_targetting_pos=9,2|29,30|25,30|19,30|12,29|2,29|5,1|15,1|22,1|17,9|
#type=2,2,2,2,2,2,2,2,1,4,
LdRduRLuD.
#0000000000
#assigned_pet=-1,-1,-1,-1,-1,-1,-1,-1,-1,4,
#assigned_hub=-1,-1,-1,-1,-1,-1,-1,-1,-1,3,
#moving_targetting_pos=9,30|29,2|25,1|19,2|12,1|2,1|5,30|15,30|22,29|-1,-1|
#setting_targetting_pos=9,2|29,30|25,30|19,30|12,29|2,29|5,1|15,1|22,1|17,9|
#type=2,2,2,2,2,2,2,2,2,4,
LRdRRuuLr.
#0000000000
#assigned_pet=-1,-1,-1,-1,-1,-1,-1,-1,-1,4,
#assigned_hub=-1,-1,-1,-1,-1,-1,-1,-1,-1,3,
#moving_targetting_pos=9,30|29,2|25,1|19,2|12,1|2,1|5,30|15,30|22,29|-1,-1|
#setting_targetting_pos=9,2|29,30|25,30|19,30|12,29|2,29|5,1|15,1|22,1|17,9|
#type=2,2,2,2,2,2,2,2,2,4,
dRRRRRLLd.
#0000000000
#assigned_pet=-1,-1,-1,-1,-1,-1,-1,-1,-1,4,
#assigned_hub=-1,-1,-1,-1,-1,-1,-1,-1,-1,3,
#moving_targetting_pos=9,30|29,2|25,1|19,2|12,1|2,1|5,30|15,30|22,29|-1,-1|
#setting_targetting_pos=9,2|29,30|25,30|19,30|12,29|2,29|5,1|15,1|22,1|17,9|
#type=2,2,2,2,2,2,2,2,2,4,
LldlllLLL.
#0000000000
#assigned_pet=-1,-1,-1,-1,-1,-1,-1,-1,-1,4,
#assigned_hub=-1,-1,-1,-1,-1,-1,-1,-1,-1,3,
#moving_targetting_pos=9,30|29,2|25,1|19,2|12,1|2,1|5,30|15,30|22,29|-1,-1|
#setting_targetting_pos=9,2|29,30|25,30|19,30|12,29|2,29|5,1|15,1|22,1|17,9|
#type=2,2,2,2,2,2,2,2,2,4,
LuR.dRLLL.
#0000000000
#assigned_pet=-1,-1,-1,-1,-1,-1,-1,-1,-1,7,
#assigned_hub=-1,-1,-1,-1,-1,-1,-1,-1,-1,3,
#moving_targetting_pos=9,30|29,2|25,1|19,2|12,1|2,1|5,30|15,30|22,29|-1,-1|
#setting_targetting_pos=9,2|29,30|25,30|19,30|12,29|2,29|5,1|15,1|22,1|17,9|
#type=2,2,2,2,2,2,2,2,2,4,
rRd.RRL.L.
#0000000000
#assigned_pet=-1,-1,-1,-1,-1,-1,-1,-1,-1,2,
#assigned_hub=-1,-1,-1,-1,-1,-1,-1,-1,-1,3,
#moving_targetting_pos=9,30|29,2|25,1|19,2|12,1|2,1|5,30|15,30|22,29|-1,-1|
#setting_targetting_pos=9,2|29,30|25,30|19,30|12,29|2,29|5,1|15,1|22,1|16,8|
#type=2,2,2,2,2,2,2,2,2,4,
uRR.Rdu.u.
#0000000000
#assigned_pet=-1,-1,-1,-1,-1,-1,-1,-1,-1,2,
#assigned_hub=-1,-1,-1,-1,-1,-1,-1,-1,-1,3,
#moving_targetting_pos=9,30|29,2|25,1|19,2|12,1|2,1|5,30|15,30|22,29|-1,-1|
#setting_targetting_pos=9,2|29,30|25,30|19,30|12,29|2,29|5,1|15,1|22,1|15,7|
#type=2,2,2,2,2,2,2,2,2,4,
LdR.RRL.LL
#0000000000
#assigned_pet=-1,-1,-1,-1,-1,-1,-1,-1,-1,2,
#assigned_hub=-1,-1,-1,-1,-1,-1,-1,-1,-1,3,
#moving_targetting_pos=9,30|29,2|25,1|19,2|12,1|2,1|5,30|15,30|22,29|-1,-1|
#setting_targetting_pos=9,2|29,30|25,30|19,30|12,29|2,29|5,1|15,1|22,1|15,7|
#type=2,2,2,2,2,2,2,2,2,4,
LRu.uRLurL
#0000000000
#assigned_pet=-1,-1,-1,-1,-1,-1,-1,-1,-1,7,
#assigned_hub=-1,-1,-1,-1,-1,-1,-1,-1,-1,3,
#moving_targetting_pos=9,30|29,2|25,1|19,2|12,1|2,1|5,30|15,30|22,29|-1,-1|
#setting_targetting_pos=9,2|29,30|25,30|19,30|12,29|2,29|5,1|15,1|22,1|15,9|
#type=2,2,2,2,2,2,2,2,2,4,
dRR.RldLLR
#0000000000
#assigned_pet=-1,-1,-1,-1,-1,-1,-1,-1,-1,2,
#assigned_hub=-1,-1,-1,-1,-1,-1,-1,-1,-1,3,
#moving_targetting_pos=9,30|29,2|25,1|19,2|12,1|2,1|5,30|15,30|22,29|-1,-1|
#setting_targetting_pos=9,2|29,30|25,30|19,30|12,29|2,29|5,1|15,1|22,1|13,7|
#type=2,2,2,2,2,2,2,2,2,4,
LuR..uLLLL
#0000000000
#assigned_pet=-1,-1,-1,-1,-1,-1,-1,-1,-1,9,
#assigned_hub=-1,-1,-1,-1,-1,-1,-1,-1,-1,3,
#moving_targetting_pos=9,30|29,2|25,1|19,2|12,1|2,1|5,30|15,30|22,29|-1,-1|
#setting_targetting_pos=9,2|29,30|25,30|19,30|12,29|2,29|5,1|15,1|22,1|15,9|
#type=2,2,2,2,2,2,2,2,2,4,
LRRulRdddR
#0000000000
#assigned_pet=-1,-1,-1,-1,-1,-1,-1,-1,-1,2,
#assigned_hub=-1,-1,-1,-1,-1,-1,-1,-1,-1,3,
#moving_targetting_pos=9,30|29,2|25,1|19,2|12,1|2,1|5,30|15,30|22,29|-1,-1|
#setting_targetting_pos=9,2|29,30|25,30|19,30|12,29|2,29|5,1|15,1|22,1|13,7|
#type=2,2,2,2,2,2,2,2,2,4,
uRRRRRLLLL
#0000000000
#assigned_pet=-1,-1,-1,-1,-1,-1,-1,-1,-1,-1,
#assigned_hub=-1,-1,-1,-1,-1,-1,-1,-1,-1,3,
#moving_targetting_pos=9,30|29,2|25,1|19,2|12,1|2,1|5,30|15,30|22,29|-1,-1|
#setting_targetting_pos=9,2|29,30|25,30|19,30|12,29|2,29|5,1|15,1|22,1|-1,-1|
#type=2,2,2,2,2,2,2,2,2,4,
Ll.RR.ddL.
#0000000000
#assigned_pet=-1,-1,-1,-1,-1,-1,-1,-1,-1,-1,
#assigned_hub=-1,-1,-1,-1,-1,-1,-1,-1,-1,3,
#moving_targetting_pos=9,30|29,2|25,1|19,2|12,1|2,1|5,30|15,30|22,29|-1,-1|
#setting_targetting_pos=9,2|29,30|25,30|19,30|12,29|2,29|5,1|15,1|22,1|-1,-1|
#type=2,2,2,2,2,2,2,2,2,4,
LduddlLLr.
#0000000000
#assigned_pet=-1,-1,-1,-1,-1,-1,-1,-1,-1,-1,
#assigned_hub=-1,-1,-1,-1,-1,-1,-1,-1,-1,3,
#moving_targetting_pos=9,30|29,2|25,1|19,2|12,1|2,1|5,30|15,30|22,29|-1,-1|
#setting_targetting_pos=9,2|29,30|25,30|19,30|12,29|2,29|5,1|15,1|22,1|-1,-1|
#type=2,2,2,2,2,2,2,2,2,4,
rRRRR.Ldu.
#0000000000
#assigned_pet=-1,-1,-1,-1,-1,-1,-1,-1,-1,-1,
#assigned_hub=-1,-1,-1,-1,-1,-1,-1,-1,-1,3,
#moving_targetting_pos=9,30|29,2|25,1|19,2|12,1|2,1|5,30|15,30|22,29|-1,-1|
#setting_targetting_pos=9,2|29,30|25,30|19,30|12,29|2,29|5,1|15,1|22,1|-1,-1|
#type=2,2,2,2,2,2,2,2,2,4,
dRRRR..LL.
#0000000000
#assigned_pet=-1,-1,-1,-1,-1,-1,-1,-1,-1,-1,
#assigned_hub=-1,-1,-1,-1,-1,-1,-1,-1,-1,3,
#moving_targetting_pos=9,30|29,2|25,1|19,2|12,1|2,1|5,30|15,30|22,29|-1,-1|
#setting_targetting_pos=9,2|29,30|25,30|19,30|12,29|2,29|5,1|15,1|22,1|-1,-1|
#type=2,2,2,2,2,2,2,2,2,4,
Ld.ulduLL.
#0000000000
#assigned_pet=-1,-1,-1,-1,-1,-1,-1,-1,-1,-1,
#assigned_hub=-1,-1,-1,-1,-1,-1,-1,-1,-1,3,
#moving_targetting_pos=9,30|29,2|25,1|19,2|12,1|2,1|5,30|15,30|22,29|-1,-1|
#setting_targetting_pos=9,2|29,30|25,30|19,30|12,29|2,29|5,1|15,1|22,1|-1,-1|
#type=2,2,2,2,2,2,2,2,2,4,
LR.RuRLur.
#0000000000
#assigned_pet=-1,-1,-1,-1,-1,-1,-1,-1,-1,0,
#assigned_hub=-1,-1,-1,-1,-1,-1,-1,-1,-1,3,
#moving_targetting_pos=9,30|29,2|25,1|19,2|12,1|2,1|5,30|15,30|22,29|-1,-1|
#setting_targetting_pos=9,2|29,30|25,30|19,30|12,29|2,29|5,1|15,1|22,1|15,9|
#type=2,2,2,2,2,2,2,2,2,4,
dR.RRRLLdR
#0000000000
#assigned_pet=-1,-1,-1,-1,-1,-1,-1,-1,-1,0,
#assigned_hub=-1,-1,-1,-1,-1,-1,-1,-1,-1,3,
#moving_targetting_pos=9,30|29,2|25,1|19,2|12,1|2,1|5,30|15,30|22,29|-1,-1|
#setting_targetting_pos=9,2|29,30|25,30|19,30|12,29|2,29|5,1|15,1|22,1|15,9|
#type=2,2,2,2,2,2,2,2,2,4,
LldlRRLLLR
#0000000000
#assigned_pet=-1,-1,-1,-1,-1,-1,-1,-1,-1,0,
#assigned_hub=-1,-1,-1,-1,-1,-1,-1,-1,-1,3,
#moving_targetting_pos=9,30|29,2|25,1|19,2|12,1|2,1|5,30|15,30|22,29|-1,-1|
#setting_targetting_pos=9,2|29,30|25,30|19,30|12,29|2,29|5,1|15,1|22,1|15,9|
#type=2,2,2,2,2,2,2,2,2,4,
LuRdluLLL.
#0000000000
#assigned_pet=-1,-1,-1,-1,-1,-1,-1,-1,-1,0,
#assigned_hub=-1,-1,-1,-1,-1,-1,-1,-1,-1,3,
#moving_targetting_pos=9,30|29,2|25,1|19,2|12,1|2,1|5,30|15,30|22,29|-1,-1|
#setting_targetting_pos=9,2|29,30|25,30|19,30|12,29|2,29|5,1|15,1|22,1|15,9|
#type=2,2,2,2,2,2,2,2,2,4,
rRdRdRuLL.
#0000000000
#assigned_pet=-1,-1,-1,-1,-1,-1,-1,-1,-1,0,
#assigned_hub=-1,-1,-1,-1,-1,-1,-1,-1,-1,3,
#moving_targetting_pos=9,30|29,2|25,1|19,2|12,1|2,1|5,30|15,30|22,29|-1,-1|
#setting_targetting_pos=9,2|29,30|25,30|19,30|12,29|2,29|5,1|15,1|22,1|15,8|
#type=2,2,2,2,2,2,2,2,2,4,
uRRRRlLuuL
#0000000000
#assigned_pet=-1,-1,-1,-1,-1,-1,-1,-1,-1,0,
#assigned_hub=-1,-1,-1,-1,-1,-1,-1,-1,-1,3,
#moving_targetting_pos=9,30|29,2|25,1|19,2|12,1|2,1|5,30|15,30|22,29|-1,-1|
#setting_targetting_pos=9,2|29,30|25,30|19,30|12,29|2,29|5,1|15,1|22,1|14,7|
#type=2,2,2,2,2,2,2,2,2,4,
LdddRRLLLL
#0000000000
#assigned_pet=-1,-1,-1,-1,-1,-1,-1,-1,-1,0,
#assigned_hub=-1,-1,-1,-1,-1,-1,-1,-1,-1,3,
#moving_targetting_pos=9,30|29,2|25,1|19,2|12,1|2,1|5,30|15,30|22,29|-1,-1|
#setting_targetting_pos=9,2|29,30|25,30|19,30|12,29|2,29|5,1|15,1|22,1|13,6|
#type=2,2,2,2,2,2,2,2,2,4,
LRRRRRdL.L
#0000000000
#assigned_pet=-1,-1,-1,-1,-1,-1,-1,-1,-1,0,
#assigned_hub=-1,-1,-1,-1,-1,-1,-1,-1,-1,3,
#moving_targetting_pos=9,30|29,2|25,1|19,2|12,1|2,1|5,30|15,30|22,29|-1,-1|
#setting_targetting_pos=9,2|29,30|25,30|19,30|12,29|2,29|5,1|15,1|22,1|13,7|
#type=2,2,2,2,2,2,2,2,2,4,
dRRRudLdrR
#0000000000
#assigned_pet=-1,-1,-1,-1,-1,-1,-1,-1,-1,0,
#assigned_hub=-1,-1,-1,-1,-1,-1,-1,-1,-1,3,
#moving_targetting_pos=9,30|29,2|25,1|19,2|12,1|2,1|5,30|15,30|22,29|-1,-1|
#setting_targetting_pos=9,2|29,30|25,30|19,30|12,29|2,29|5,1|15,1|22,1|13,7|
#type=2,2,2,2,2,2,2,2,2,4,
LuulRRdLLU
#0000000000
#assigned_pet=-1,-1,-1,-1,-1,-1,-1,-1,-1,0,
#assigned_hub=-1,-1,-1,-1,-1,-1,0,-1,-1,3,
#moving_targetting_pos=9,30|29,2|25,1|19,2|12,1|2,1|6,6|15,30|22,29|-1,-1|
#setting_targetting_pos=9,2|29,30|25,30|19,30|12,29|2,29|5,1|15,1|22,1|13,7|
#type=2,2,2,2,2,2,3,2,2,4,
LRRulRRdLU
#0000000000
#assigned_pet=-1,-1,-1,-1,-1,-1,-1,-1,-1,0,
#assigned_hub=-1,-1,-1,-1,-1,-1,0,4,-1,3,
#moving_targetting_pos=9,30|29,2|25,1|19,2|12,1|2,1|6,6|16,16|22,29|-1,-1|
#setting_targetting_pos=9,2|29,30|25,30|19,30|12,29|2,29|-1,-1|15,1|22,1|13,7|
#type=2,2,2,2,2,2,3,3,2,4,
uRRRRlRRd.
#0000000000
#assigned_pet=-1,-1,-1,-1,-1,-1,-1,-1,-1,0,
#assigned_hub=-1,-1,-1,-1,-1,-1,0,4,-1,3,
#moving_targetting_pos=9,30|29,2|25,1|19,2|12,1|2,1|6,6|16,16|22,29|-1,-1|
#setting_targetting_pos=9,2|29,30|25,30|19,30|12,29|2,29|-1,-1|-1,-1|22,1|13,7|
#type=2,2,2,2,2,2,3,3,2,4,
LlRRRuRRL.
#0000000000
#assigned_pet=-1,-1,-1,-1,-1,-1,8,-1,-1,0,
#assigned_hub=-1,-1,-1,-1,-1,-1,0,4,-1,3,
#moving_targetting_pos=9,30|29,2|25,1|19,2|12,1|2,1|-1,-1|16,16|22,29|-1,-1|
#setting_targetting_pos=9,2|29,30|25,30|19,30|12,29|2,29|5,3|-1,-1|22,1|13,7|
#type=2,2,2,2,2,2,4,3,2,4,
LdRdrR.RL.
#0000000000
#assigned_pet=-1,-1,-1,-1,-1,-1,8,-1,-1,-1,
#assigned_hub=-1,7,-1,-1,-1,-1,0,4,-1,3,
#moving_targetting_pos=9,30|26,16|25,1|19,2|12,1|2,1|-1,-1|16,16|22,29|-1,-1|
#setting_targetting_pos=9,2|29,30|25,30|19,30|12,29|2,29|5,4|-1,-1|22,1|-1,-1|
#type=2,3,2,2,2,2,4,3,2,4,
rUuRdRRRr.
#0000000000
#assigned_pet=-1,-1,-1,-1,-1,-1,8,-1,-1,-1,
#assigned_hub=-1,7,-1,-1,5,-1,0,4,-1,3,
#moving_targetting_pos=9,30|26,16|25,1|19,2|16,26|2,1|-1,-1|16,16|22,29|-1,-1|
#setting_targetting_pos=9,2|-1,-1|25,30|19,30|12,29|2,29|5,4|-1,-1|22,1|-1,-1|
#type=2,3,2,2,3,2,4,3,2,4,
dLRRLl.Ru.
#0000000000
#assigned_pet=-1,-1,-1,-1,-1,-1,8,-1,-1,-1,
#assigned_hub=1,8,-1,-1,5,-1,0,4,-1,3,
#moving_targetting_pos=6,16|26,26|25,1|19,2|16,26|2,1|-1,-1|16,16|22,29|-1,-1|
#setting_targetting_pos=9,2|-1,-1|25,30|19,30|-1,-1|2,29|5,6|-1,-1|22,1|-1,-1|
#type=3,3,2,2,3,2,4,3,2,4,
UURuLd.RL.
#0000000000
#assigned_pet=-1,-1,-1,-1,-1,-1,0,-1,-1,-1,
#assigned_hub=1,7,-1,-1,5,-1,0,4,-1,3,
#moving_targetting_pos=6,16|26,16|25,1|19,2|16,26|2,1|-1,-1|16,16|22,29|-1,-1|
#setting_targetting_pos=-1,-1|-1,-1|25,30|19,30|-1,-1|2,29|6,7|-1,-1|22,1|-1,-1|
#type=3,3,2,2,3,2,4,3,2,4,
RLdRDRRRL.
#0000000000
#assigned_pet=-1,-1,-1,-1,-1,-1,0,-1,-1,-1,
#assigned_hub=1,7,2,-1,5,-1,0,4,-1,3,
#moving_targetting_pos=6,16|26,16|6,26|19,2|16,26|2,1|-1,-1|16,16|22,29|-1,-1|
#setting_targetting_pos=-1,-1|-1,-1|25,30|19,30|-1,-1|2,29|6,7|-1,-1|22,1|-1,-1|
#type=3,3,3,2,3,2,4,3,2,4,
ULLRLRRRr.
#0000000000
#assigned_pet=-1,-1,-1,-1,7,-1,0,-1,-1,-1,
#assigned_hub=1,7,2,-1,5,-1,0,4,-1,3,
#moving_targetting_pos=6,16|26,16|6,26|19,2|-1,-1|2,1|-1,-1|16,16|22,29|-1,-1|
#setting_targetting_pos=-1,-1|-1,-1|-1,-1|19,30|15,27|2,29|6,7|-1,-1|22,1|-1,-1|
#type=3,3,3,2,4,2,4,3,2,4,
RLLlRR.Rd.
#0000000000
#assigned_pet=-1,1,-1,-1,7,-1,0,-1,-1,-1,
#assigned_hub=1,8,7,-1,5,-1,0,4,-1,3,
#moving_targetting_pos=6,16|26,26|26,16|19,2|-1,-1|2,1|-1,-1|16,16|22,29|-1,-1|
#setting_targetting_pos=-1,-1|27,23|-1,-1|19,30|13,27|2,29|5,6|-1,-1|22,1|-1,-1|
#type=3,4,3,2,4,2,4,3,2,4,
RLLdLu.RL.
#0000000000
#assigned_pet=-1,-1,-1,-1,7,-1,0,-1,-1,-1,
#assigned_hub=1,8,7,2,5,-1,0,4,-1,3,
#moving_targetting_pos=6,16|-1,-1|26,16|6,26|-1,-1|2,1|-1,-1|16,16|22,29|-1,-1|
#setting_targetting_pos=-1,-1|-1,-1|-1,-1|19,30|15,27|2,29|4,7|-1,-1|22,1|-1,-1|
#type=3,4,3,3,4,2,4,3,2,4,
R.LURR.RL.
#0000000000
#assigned_pet=-1,-1,-1,-1,7,-1,0,-1,-1,-1,
#assigned_hub=1,8,7,2,5,-1,0,4,-1,3,
#moving_targetting_pos=6,16|-1,-1|26,16|6,26|-1,-1|2,1|-1,-1|16,16|22,29|-1,-1|
#setting_targetting_pos=-1,-1|-1,-1|-1,-1|-1,-1|15,27|2,29|3,7|-1,-1|22,1|-1,-1|
#type=3,4,3,3,4,2,4,3,2,4,
R.LLDlURL.
#0000000000
#assigned_pet=-1,-1,-1,-1,7,-1,0,-1,-1,-1,
#assigned_hub=1,8,7,2,5,-1,0,4,-1,3,
#moving_targetting_pos=6,16|-1,-1|26,16|6,26|-1,-1|2,1|-1,-1|16,16|22,29|-1,-1|
#setting_targetting_pos=-1,-1|-1,-1|-1,-1|-1,-1|14,26|2,29|3,7|-1,-1|22,1|-1,-1|
#type=3,4,3,3,4,2,4,3,2,4,
R.LU.R.Ru.
#0000000000
#assigned_pet=-1,-1,-1,-1,3,-1,0,3,-1,-1,
#assigned_hub=1,8,7,2,5,-1,0,4,-1,3,
#moving_targetting_pos=6,16|-1,-1|26,16|6,26|-1,-1|2,1|-1,-1|-1,-1|22,29|-1,-1|
#setting_targetting_pos=-1,-1|-1,-1|-1,-1|-1,-1|17,23|2,29|3,7|17,19|22,1|-1,-1|
#type=3,4,3,3,4,2,4,4,2,4,
R.LLLR.RL.
#0000000000
#assigned_pet=-1,-1,-1,-1,3,-1,0,3,-1,-1,
#assigned_hub=1,8,7,2,5,-1,0,4,-1,3,
#moving_targetting_pos=6,16|-1,-1|26,16|6,26|-1,-1|2,1|-1,-1|-1,-1|22,29|-1,-1|
#setting_targetting_pos=-1,-1|-1,-1|-1,-1|-1,-1|17,23|2,29|4,7|17,19|22,1|-1,-1|
#type=3,4,3,3,4,2,4,4,2,4,
R.LLLrLRr.
#0000000000
#assigned_pet=-1,-1,-1,-1,3,-1,0,3,-1,-1,
#assigned_hub=1,8,7,2,5,-1,0,4,-1,3,
#moving_targetting_pos=6,16|-1,-1|26,16|6,26|-1,-1|2,1|-1,-1|-1,-1|22,29|-1,-1|
#setting_targetting_pos=-1,-1|-1,-1|-1,-1|-1,-1|17,23|2,29|5,6|17,19|22,1|-1,-1|
#type=3,4,3,3,4,2,4,4,2,4,
R.LUDd.RL.
#0000000000
#assigned_pet=-1,-1,-1,-1,3,-1,0,3,-1,-1,
#assigned_hub=1,8,7,2,5,6,0,4,-1,3,
#moving_targetting_pos=6,16|-1,-1|26,16|6,26|-1,-1|26,6|-1,-1|-1,-1|22,29|-1,-1|
#setting_targetting_pos=-1,-1|-1,-1|-1,-1|-1,-1|17,23|2,29|5,6|17,19|22,1|-1,-1|
#type=3,4,3,3,4,3,4,4,2,4,
R.LULL.RL.
#0000000000
#assigned_pet=-1,-1,-1,-1,7,-1,0,-1,-1,-1,
#assigned_hub=1,8,7,2,5,6,0,4,-1,3,
#moving_targetting_pos=6,16|-1,-1|26,16|6,26|-1,-1|26,6|-1,-1|-1,-1|22,29|-1,-1|
#setting_targetting_pos=-1,-1|-1,-1|-1,-1|-1,-1|16,24|-1,-1|6,7|-1,-1|22,1|-1,-1|
#type=3,4,3,3,4,3,4,4,2,4,
R.LU.LR.d.
#0000000000
#assigned_pet=-1,-1,-1,-1,3,-1,0,3,-1,-1,
#assigned_hub=1,8,7,2,5,6,0,4,-1,3,
#moving_targetting_pos=6,16|-1,-1|26,16|6,26|-1,-1|26,6|-1,-1|-1,-1|22,29|-1,-1|
#setting_targetting_pos=-1,-1|-1,-1|-1,-1|-1,-1|15,23|-1,-1|6,7|15,19|22,1|-1,-1|
#type=3,4,3,3,4,3,4,4,2,4,
R.LU.DD.L.
#0000000000
#assigned_pet=9,-1,1,-1,3,-1,9,3,-1,-1,
#assigned_hub=1,8,7,2,5,6,0,4,-1,3,
#moving_targetting_pos=-1,-1|-1,-1|-1,-1|6,26|-1,-1|26,6|-1,-1|-1,-1|22,29|-1,-1|
#setting_targetting_pos=7,13|-1,-1|25,17|-1,-1|15,23|-1,-1|7,9|15,19|22,1|-1,-1|
#type=4,4,4,3,4,3,4,4,2,4,
...U.LR.L.
#0000000000
#assigned_pet=9,-1,1,-1,3,-1,9,3,-1,-1,
#assigned_hub=1,8,7,2,5,6,0,4,-1,3,
#moving_targetting_pos=-1,-1|-1,-1|-1,-1|6,26|-1,-1|26,6|-1,-1|-1,-1|22,29|-1,-1|
#setting_targetting_pos=7,13|-1,-1|25,16|-1,-1|15,23|-1,-1|7,9|15,19|22,1|-1,-1|
#type=4,4,4,3,4,3,4,4,2,4,
..LU.LR.r.
#0000000000
#assigned_pet=9,-1,1,-1,7,-1,0,7,-1,-1,
#assigned_hub=1,8,7,2,5,6,0,4,-1,3,
#moving_targetting_pos=-1,-1|-1,-1|-1,-1|6,26|-1,-1|26,6|-1,-1|-1,-1|22,29|-1,-1|
#setting_targetting_pos=6,14|-1,-1|25,17|-1,-1|17,23|-1,-1|6,9|17,19|22,1|-1,-1|
#type=4,4,4,3,4,3,4,4,2,4,
..LULD.Ru.
#0000000000
#assigned_pet=0,-1,1,-1,7,-1,0,7,-1,-1,
#assigned_hub=1,8,7,2,5,6,0,4,-1,3,
#moving_targetting_pos=-1,-1|-1,-1|-1,-1|6,26|-1,-1|26,6|-1,-1|-1,-1|22,29|-1,-1|
#setting_targetting_pos=7,13|-1,-1|24,17|-1,-1|17,23|-1,-1|7,9|17,19|22,1|-1,-1|
#type=4,4,4,3,4,3,4,4,0,4,
..RUDDDD..
#0000000000
#assigned_pet=8,-1,5,-1,7,-1,0,7,-1,-1,
#assigned_hub=1,8,7,2,5,6,0,4,-1,3,
#moving_targetting_pos=-1,-1|-1,-1|-1,-1|6,26|-1,-1|26,6|-1,-1|-1,-1|22,29|-1,-1|
#setting_targetting_pos=6,17|-1,-1|24,16|-1,-1|17,23|-1,-1|7,8|17,19|22,1|-1,-1|
#type=4,4,4,3,4,3,4,4,0,4,
R.LL.LL...
#0000000000
#assigned_pet=6,-1,1,2,3,-1,0,6,-1,-1,
#assigned_hub=1,8,7,2,5,6,0,4,-1,3,
#moving_targetting_pos=-1,-1|-1,-1|-1,-1|-1,-1|-1,-1|26,6|-1,-1|-1,-1|22,29|-1,-1|
#setting_targetting_pos=9,15|-1,-1|23,16|5,25|17,24|-1,-1|7,8|13,15|22,1|-1,-1|
#type=4,4,4,4,4,3,4,4,0,4,
D.ULRL.L..
#0000000000
#assigned_pet=8,-1,1,2,3,-1,0,1,-1,-1,
#assigned_hub=1,8,7,2,5,6,0,4,-1,3,
#moving_targetting_pos=-1,-1|-1,-1|-1,-1|-1,-1|-1,-1|26,6|-1,-1|-1,-1|22,29|-1,-1|
#setting_targetting_pos=7,18|-1,-1|23,15|5,25|18,25|-1,-1|7,8|19,15|22,1|-1,-1|
#type=4,4,4,4,4,3,4,4,0,4,
R.LURL.L..
#0000000000
#assigned_pet=0,-1,7,2,3,-1,0,7,-1,-1,
#assigned_hub=1,8,7,2,5,6,0,4,-1,3,
#moving_targetting_pos=-1,-1|-1,-1|-1,-1|-1,-1|-1,-1|26,6|-1,-1|-1,-1|22,29|-1,-1|
#setting_targetting_pos=7,13|-1,-1|23,17|5,25|16,25|-1,-1|7,9|19,17|22,1|-1,-1|
#type=4,4,4,4,4,3,4,4,0,4,
L.RURLRD..
#0000000000
#assigned_pet=0,-1,7,2,3,-1,0,7,-1,-1,
#assigned_hub=1,8,7,2,5,6,0,4,-1,3,
#moving_targetting_pos=-1,-1|26,26|-1,-1|-1,-1|-1,-1|26,6|-1,-1|-1,-1|22,29|-1,-1|
#setting_targetting_pos=7,13|-1,-1|23,17|6,24|15,24|-1,-1|7,9|19,17|22,1|-1,-1|
#type=4,4,4,4,4,3,4,4,0,4,
U.RLLL.D..
#0000000000
#assigned_pet=0,-1,7,2,3,-1,0,7,-1,-1,
#assigned_hub=1,8,7,2,5,6,0,4,-1,3,
#moving_targetting_pos=-1,-1|26,26|-1,-1|-1,-1|-1,-1|26,6|-1,-1|-1,-1|22,29|-1,-1|
#setting_targetting_pos=7,13|-1,-1|23,17|6,24|15,26|-1,-1|7,9|19,17|22,1|-1,-1|
#type=4,4,4,4,4,3,4,4,0,4,
L...RL....
#0000000100
#assigned_pet=0,-1,7,2,3,-1,0,7,-1,-1,
#assigned_hub=1,8,7,2,5,6,0,4,-1,3,
#moving_targetting_pos=-1,-1|-1,-1|-1,-1|-1,-1|-1,-1|26,6|-1,-1|-1,-1|22,29|-1,-1|
#setting_targetting_pos=7,13|-1,-1|23,17|7,25|13,26|-1,-1|7,9|19,17|22,1|-1,-1|
#type=4,4,5,4,4,3,4,5,0,4,
..u.UL.d..
#0000000100
#assigned_pet=0,-1,5,3,3,-1,0,5,-1,-1,
#assigned_hub=1,8,7,2,5,6,0,4,-1,3,
#moving_targetting_pos=-1,-1|26,26|-1,-1|-1,-1|-1,-1|26,6|-1,-1|-1,-1|22,29|-1,-1|
#setting_targetting_pos=7,13|-1,-1|23,15|9,25|13,25|-1,-1|7,9|19,15|22,1|-1,-1|
#type=4,4,4,4,4,3,4,4,0,4,
..LRLL.L..
#0000000100
#assigned_pet=0,-1,1,2,2,-1,-1,1,-1,-1,
#assigned_hub=1,8,7,2,5,6,0,4,-1,3,
#moving_targetting_pos=-1,-1|26,26|-1,-1|-1,-1|-1,-1|26,6|-1,-1|-1,-1|22,29|16,6|
#setting_targetting_pos=7,14|-1,-1|23,15|9,25|13,25|-1,-1|-1,-1|19,15|22,1|-1,-1|
#type=4,4,4,4,4,3,4,4,0,4,
R.LDUL.L..
#0000000100
#assigned_pet=0,-1,1,2,2,-1,-1,1,-1,-1,
#assigned_hub=1,8,7,2,5,6,0,4,-1,3,
#moving_targetting_pos=-1,-1|26,26|-1,-1|-1,-1|-1,-1|26,6|-1,-1|-1,-1|22,29|16,6|
#setting_targetting_pos=8,15|-1,-1|23,15|9,25|13,25|-1,-1|-1,-1|19,15|22,1|-1,-1|
#type=4,4,4,4,4,3,4,4,0,4,
.....L....
#0000000100
#assigned_pet=0,-1,1,2,2,-1,-1,1,-1,-1,
#assigned_hub=1,8,7,2,5,6,0,4,-1,3,
#moving_targetting_pos=-1,-1|-1,-1|-1,-1|-1,-1|-1,-1|26,6|-1,-1|-1,-1|22,29|-1,-1|
#setting_targetting_pos=8,15|-1,-1|23,15|9,25|13,25|-1,-1|-1,-1|19,15|22,1|-1,-1|
#type=4,4,4,4,4,3,4,4,0,4,
.....L....
#0000000100
#assigned_pet=6,-1,1,2,2,-1,-1,6,-1,-1,
#assigned_hub=1,8,7,2,5,6,0,4,-1,3,
#moving_targetting_pos=-1,-1|26,26|-1,-1|-1,-1|-1,-1|26,6|-1,-1|-1,-1|22,29|-1,-1|
#setting_targetting_pos=9,15|-1,-1|24,15|9,25|13,25|-1,-1|-1,-1|13,15|22,1|-1,-1|
#type=4,4,4,4,4,3,4,4,0,4,
D.R..L.U..
#0000000100
#assigned_pet=0,-1,1,2,2,-1,-1,1,-1,-1,
#assigned_hub=1,8,7,2,5,6,0,4,-1,3,
#moving_targetting_pos=-1,-1|-1,-1|-1,-1|-1,-1|-1,-1|26,6|-1,-1|-1,-1|22,29|-1,-1|
#setting_targetting_pos=8,17|-1,-1|23,15|9,25|13,25|-1,-1|-1,-1|19,15|22,1|-1,-1|
#type=4,4,4,4,4,3,4,4,0,4,
R.L..L.D..
#0000000100
#assigned_pet=6,-1,1,2,2,-1,-1,1,-1,-1,
#assigned_hub=1,8,7,2,5,6,0,4,-1,3,
#moving_targetting_pos=-1,-1|-1,-1|-1,-1|-1,-1|-1,-1|26,6|-1,-1|-1,-1|22,29|-1,-1|
#setting_targetting_pos=9,15|-1,-1|23,15|9,25|13,25|-1,-1|-1,-1|19,15|22,1|-1,-1|
#type=4,4,4,4,4,3,4,4,0,4,
L....L....
#0000000100
#assigned_pet=6,-1,1,2,2,-1,-1,1,-1,-1,
#assigned_hub=1,8,7,2,5,6,0,4,-1,3,
#moving_targetting_pos=-1,-1|-1,-1|-1,-1|-1,-1|-1,-1|26,6|-1,-1|-1,-1|22,29|16,6|
#setting_targetting_pos=9,15|-1,-1|23,15|9,25|13,25|-1,-1|-1,-1|19,15|22,1|-1,-1|
#type=4,4,4,4,4,3,4,4,0,4,
.....L....
#0000000100
#assigned_pet=6,-1,1,3,3,-1,-1,1,-1,-1,
#assigned_hub=1,8,7,2,5,6,0,4,-1,3,
#moving_targetting_pos=-1,-1|-1,-1|-1,-1|-1,-1|-1,-1|26,6|-1,-1|-1,-1|22,29|16,6|
#setting_targetting_pos=9,15|-1,-1|23,15|9,25|13,25|-1,-1|-1,-1|19,15|22,1|-1,-1|
#type=4,4,4,4,4,3,4,4,0,4,
.....L....
#0000000100
#assigned_pet=6,-1,1,3,3,-1,-1,1,-1,-1,
#assigned_hub=1,8,7,2,5,6,0,4,-1,3,
#moving_targetting_pos=-1,-1|-1,-1|-1,-1|-1,-1|-1,-1|26,6|-1,-1|-1,-1|22,29|16,6|
#setting_targetting_pos=9,15|-1,-1|23,15|9,25|13,25|-1,-1|-1,-1|19,15|22,1|-1,-1|
#type=4,4,4,4,4,3,4,4,0,4,
.....L....
#0000000100
#assigned_pet=6,-1,1,3,3,-1,-1,6,-1,-1,
#assigned_hub=1,8,7,2,5,6,0,4,-1,3,
#moving_targetting_pos=-1,-1|-1,-1|-1,-1|-1,-1|-1,-1|26,6|-1,-1|-1,-1|22,29|-1,-1|
#setting_targetting_pos=9,15|-1,-1|24,15|9,25|13,25|-1,-1|-1,-1|13,15|22,1|-1,-1|
#type=4,4,4,4,4,3,4,4,0,4,
..R..L.U..
#0000000100
#assigned_pet=6,2,1,8,8,-1,-1,6,-1,-1,
#assigned_hub=1,8,7,2,5,6,0,4,-1,3,
#moving_targetting_pos=-1,-1|-1,-1|-1,-1|-1,-1|-1,-1|26,6|-1,-1|-1,-1|22,29|-1,-1|
#setting_targetting_pos=9,15|23,25|25,15|9,27|13,27|-1,-1|-1,-1|13,15|22,1|-1,-1|
#type=4,4,4,4,4,3,4,4,0,4,
.ULRRD.U..
#0000000100
#assigned_pet=6,2,1,3,3,-1,-1,6,-1,-1,
#assigned_hub=1,8,7,2,5,6,0,4,-1,3,
#moving_targetting_pos=-1,-1|-1,-1|-1,-1|-1,-1|-1,-1|26,6|-1,-1|-1,-1|22,29|-1,-1|
#setting_targetting_pos=9,15|23,25|26,15|9,25|13,25|-1,-1|-1,-1|13,15|22,1|-1,-1|
#type=4,4,4,4,4,3,4,4,0,4,
.UDLLD.U..
#0000000100
#assigned_pet=6,2,1,3,3,-1,-1,6,-1,-1,
#assigned_hub=1,8,7,2,5,6,0,4,-1,3,
#moving_targetting_pos=-1,-1|-1,-1|-1,-1|-1,-1|-1,-1|26,6|-1,-1|-1,-1|22,29|-1,-1|
#setting_targetting_pos=9,15|23,25|27,15|9,25|13,25|-1,-1|-1,-1|13,15|22,1|-1,-1|
#type=4,4,4,4,4,3,4,4,0,4,
.UD..D.U..
#0000000100
#assigned_pet=9,2,1,-1,2,-1,-1,9,-1,-1,
#assigned_hub=1,8,7,2,5,6,0,4,-1,3,
#moving_targetting_pos=-1,-1|-1,-1|-1,-1|-1,-1|-1,-1|26,6|-1,-1|-1,-1|22,29|-1,-1|
#setting_targetting_pos=9,17|23,25|27,14|-1,-1|19,25|-1,-1|-1,-1|13,17|22,1|-1,-1|
#type=4,4,4,4,4,3,4,4,0,4,
R.L.DD.R..
#0000000100
#assigned_pet=9,2,5,-1,2,-1,-1,9,-1,-1,
#assigned_hub=1,8,7,2,5,6,0,4,-1,3,
#moving_targetting_pos=-1,-1|-1,-1|-1,-1|-1,-1|-1,-1|26,6|-1,-1|-1,-1|22,29|-1,-1|
#setting_targetting_pos=9,17|23,25|24,16|-1,-1|19,25|-1,-1|-1,-1|13,17|22,1|-1,-1|
#type=4,4,4,4,4,3,4,4,0,4,
R.R.DD.R..
#0000000101
#assigned_pet=9,2,5,-1,3,-1,-1,9,-1,-1,
#assigned_hub=1,8,7,2,5,6,0,4,-1,3,
#moving_targetting_pos=-1,-1|-1,-1|-1,-1|-1,-1|-1,-1|26,6|-1,-1|-1,-1|22,29|16,6|
#setting_targetting_pos=9,17|24,26|25,16|-1,-1|13,26|-1,-1|-1,-1|13,17|22,1|-1,-1|
#type=5,4,4,4,4,3,4,5,0,4,
d.R.RD.u..
#0000000101
#assigned_pet=6,2,5,3,3,-1,-1,6,-1,-1,
#assigned_hub=1,8,7,2,5,6,0,4,-1,3,
#moving_targetting_pos=-1,-1|-1,-1|-1,-1|-1,-1|-1,-1|26,6|-1,-1|-1,-1|22,29|16,6|
#setting_targetting_pos=9,15|24,26|26,16|9,25|13,25|-1,-1|-1,-1|13,15|22,1|-1,-1|
#type=4,4,4,4,4,3,4,4,0,4,
L...LD.L..
#0000000101
#assigned_pet=6,2,1,3,3,-1,-1,6,-1,-1,
#assigned_hub=1,8,7,2,5,6,0,4,-1,3,
#moving_targetting_pos=-1,-1|-1,-1|-1,-1|-1,-1|-1,-1|26,6|-1,-1|-1,-1|22,29|16,6|
#setting_targetting_pos=9,15|23,27|27,14|9,25|13,25|-1,-1|-1,-1|13,15|22,1|-1,-1|
#type=4,4,4,4,4,3,4,4,0,4,
LRL.UD.L..
#0000001101
#assigned_pet=6,2,5,3,3,-1,-1,6,-1,-1,
#assigned_hub=1,8,7,2,5,6,0,4,-1,3,
#moving_targetting_pos=-1,-1|-1,-1|-1,-1|-1,-1|-1,-1|26,6|-1,-1|-1,-1|22,29|16,6|
#setting_targetting_pos=9,15|23,27|26,18|9,25|13,25|-1,-1|-1,-1|13,15|22,1|-1,-1|
#type=5,4,4,4,4,3,4,5,0,4,
dRR.UD.u..
#0000001101
#assigned_pet=-1,5,5,-1,4,-1,-1,4,-1,-1,
#assigned_hub=1,8,7,2,5,6,0,4,-1,3,
#moving_targetting_pos=6,16|-1,-1|-1,-1|-1,-1|-1,-1|26,6|6,6|-1,-1|22,29|16,6|
#setting_targetting_pos=-1,-1|25,23|25,19|-1,-1|15,23|-1,-1|-1,-1|15,19|22,1|-1,-1|
#type=4,4,4,4,4,3,4,4,0,4,
.LR.DD.R..
#0000001101
#assigned_pet=-1,5,5,-1,4,-1,-1,4,-1,-1,
#assigned_hub=1,8,7,2,5,6,0,4,-1,3,
#moving_targetting_pos=6,16|-1,-1|-1,-1|-1,-1|-1,-1|26,6|6,6|-1,-1|22,29|16,6|
#setting_targetting_pos=-1,-1|25,23|25,19|-1,-1|15,23|-1,-1|-1,-1|15,19|22,1|-1,-1|
#type=4,4,4,4,4,3,4,4,0,4,
.LR.LD.R..
#0000001101
#assigned_pet=-1,5,5,-1,3,-1,-1,3,-1,-1,
#assigned_hub=1,8,7,2,5,6,0,4,-1,3,
#moving_targetting_pos=6,16|-1,-1|-1,-1|-1,-1|-1,-1|26,6|6,6|-1,-1|22,29|16,6|
#setting_targetting_pos=-1,-1|25,23|25,19|-1,-1|15,23|-1,-1|-1,-1|15,19|22,1|-1,-1|
#type=4,4,4,4,4,3,4,4,0,4,
.DR..D.D..
#0000001101
#assigned_pet=-1,5,5,-1,3,-1,-1,3,-1,-1,
#assigned_hub=1,8,7,2,5,6,0,4,-1,3,
#moving_targetting_pos=6,16|-1,-1|-1,-1|-1,-1|-1,-1|26,6|6,6|-1,-1|22,29|16,6|
#setting_targetting_pos=-1,-1|25,23|25,19|-1,-1|15,23|-1,-1|-1,-1|15,19|22,1|-1,-1|
#type=4,4,4,4,4,3,4,4,0,4,
.L...D.R..
#0000011101
#assigned_pet=-1,5,5,-1,0,-1,-1,0,-1,-1,
#assigned_hub=1,8,7,2,5,6,0,4,-1,3,
#moving_targetting_pos=6,16|-1,-1|-1,-1|-1,-1|-1,-1|26,6|6,6|-1,-1|22,29|-1,-1|
#setting_targetting_pos=-1,-1|25,23|25,19|-1,-1|17,23|-1,-1|-1,-1|17,19|22,1|-1,-1|
#type=4,5,5,4,4,3,4,4,0,4,
.lu.LD.R..
#0000011101
#assigned_pet=-1,2,1,-1,0,-1,-1,0,-1,-1,
#assigned_hub=1,8,7,2,5,6,0,4,-1,3,
#moving_targetting_pos=6,16|-1,-1|-1,-1|-1,-1|-1,-1|26,6|6,6|-1,-1|22,29|-1,-1|
#setting_targetting_pos=-1,-1|23,27|26,14|-1,-1|17,23|-1,-1|-1,-1|17,19|22,1|-1,-1|
#type=4,4,4,4,4,3,4,4,0,4,
.RL.DD.D..
#0000011101
#assigned_pet=-1,-1,1,-1,0,-1,-1,0,-1,-1,
#assigned_hub=1,8,7,2,5,6,0,4,-1,3,
#moving_targetting_pos=6,16|-1,-1|-1,-1|-1,-1|-1,-1|26,6|6,6|-1,-1|22,29|-1,-1|
#setting_targetting_pos=-1,-1|-1,-1|25,14|-1,-1|17,23|-1,-1|-1,-1|17,19|22,1|-1,-1|
#type=4,4,4,4,4,3,4,4,0,4,
..L..D....
#1000011101
#assigned_pet=-1,-1,1,-1,0,-1,-1,0,-1,-1,
#assigned_hub=1,8,7,2,5,6,0,4,-1,3,
#moving_targetting_pos=6,16|-1,-1|-1,-1|-1,-1|-1,-1|26,6|6,6|-1,-1|22,29|-1,-1|
#setting_targetting_pos=-1,-1|-1,-1|25,13|-1,-1|17,23|-1,-1|-1,-1|17,19|22,1|-1,-1|
#type=4,4,4,4,5,3,4,5,0,4,
..L.dD.d..
#1000011101
#assigned_pet=-1,-1,1,-1,3,-1,-1,3,-1,-1,
#assigned_hub=1,8,7,2,5,6,0,4,-1,3,
#moving_targetting_pos=6,16|-1,-1|-1,-1|-1,-1|-1,-1|26,6|6,6|-1,-1|22,29|-1,-1|
#setting_targetting_pos=-1,-1|-1,-1|25,13|-1,-1|15,23|-1,-1|-1,-1|15,19|22,1|-1,-1|
#type=4,4,4,4,4,3,4,4,0,4,
..L..D....
#1000011101
#assigned_pet=-1,-1,1,-1,3,-1,-1,3,-1,-1,
#assigned_hub=1,8,7,2,5,6,0,4,-1,3,
#moving_targetting_pos=6,16|-1,-1|-1,-1|-1,-1|-1,-1|26,6|6,6|-1,-1|22,29|-1,-1|
#setting_targetting_pos=-1,-1|-1,-1|25,13|-1,-1|15,23|-1,-1|-1,-1|15,19|22,1|-1,-1|
#type=4,4,4,4,4,3,4,4,0,4,
..L..L....
#1001011101
#assigned_pet=-1,-1,1,-1,3,1,-1,3,-1,-1,
#assigned_hub=1,8,7,2,5,6,0,4,-1,3,
#moving_targetting_pos=6,16|-1,-1|-1,-1|-1,-1|-1,-1|-1,-1|6,6|-1,-1|22,29|-1,-1|
#setting_targetting_pos=-1,-1|-1,-1|25,13|-1,-1|15,23|25,9|-1,-1|15,19|22,1|-1,-1|
#type=4,4,4,4,5,4,4,5,0,4,
..L.uR.u..
#1001011101
#assigned_pet=-1,-1,1,-1,2,1,-1,4,-1,-1,
#assigned_hub=1,8,7,2,5,6,0,4,-1,3,
#moving_targetting_pos=6,16|-1,-1|-1,-1|-1,-1|-1,-1|-1,-1|6,6|-1,-1|22,29|-1,-1|
#setting_targetting_pos=-1,-1|-1,-1|25,13|-1,-1|17,25|25,9|-1,-1|16,17|22,1|-1,-1|
#type=4,4,4,4,4,4,4,4,0,4,
....RD.L..
#1001011101
#assigned_pet=-1,8,1,-1,8,1,-1,4,-1,-1,
#assigned_hub=1,8,7,2,5,6,0,4,-1,3,
#moving_targetting_pos=6,16|-1,-1|-1,-1|-1,-1|-1,-1|-1,-1|6,6|-1,-1|22,29|-1,-1|
#setting_targetting_pos=-1,-1|23,27|25,13|-1,-1|19,27|25,9|-1,-1|15,16|22,1|-1,-1|
#type=4,4,4,4,4,4,4,4,0,4,
.R..RD.L..
#1001011101
#assigned_pet=-1,8,1,-1,8,1,-1,4,-1,-1,
#assigned_hub=1,8,7,2,5,6,0,4,-1,3,
#moving_targetting_pos=6,16|-1,-1|-1,-1|-1,-1|-1,-1|-1,-1|6,6|-1,-1|22,29|-1,-1|
#setting_targetting_pos=-1,-1|23,27|25,13|-1,-1|19,27|25,9|-1,-1|16,15|22,1|-1,-1|
#type=4,4,4,4,4,4,4,4,0,4,
.R..RR.L..
#1001011101
#assigned_pet=-1,8,1,-1,8,1,-1,4,-1,-1,
#assigned_hub=1,8,7,2,5,6,0,4,-1,3,
#moving_targetting_pos=6,16|-1,-1|-1,-1|-1,-1|-1,-1|-1,-1|6,6|-1,-1|22,29|-1,-1|
#setting_targetting_pos=-1,-1|23,27|25,13|-1,-1|19,27|25,9|-1,-1|17,16|22,1|-1,-1|
#type=4,4,4,4,4,4,4,4,0,4,
.U..R.....
#1001011101
#assigned_pet=-1,8,1,-1,8,1,-1,4,-1,-1,
#assigned_hub=1,8,7,2,5,6,0,4,-1,3,
#moving_targetting_pos=6,16|-1,-1|-1,-1|-1,-1|-1,-1|-1,-1|6,6|-1,-1|22,29|-1,-1|
#setting_targetting_pos=-1,-1|23,27|25,13|-1,-1|19,27|25,9|-1,-1|18,15|22,1|-1,-1|
#type=4,4,4,4,4,4,4,4,0,4,
....D..L..
#1001011101
#assigned_pet=-1,8,1,-1,8,1,-1,4,-1,-1,
#assigned_hub=1,8,7,2,5,6,0,4,-1,3,
#moving_targetting_pos=6,16|-1,-1|-1,-1|-1,-1|-1,-1|-1,-1|6,6|-1,-1|22,29|16,6|
#setting_targetting_pos=-1,-1|23,27|25,13|-1,-1|19,27|25,9|-1,-1|19,16|22,1|-1,-1|
#type=4,4,4,4,4,4,4,4,0,4,
....D..R..
#1101011101
#assigned_pet=-1,8,1,-1,8,1,-1,4,-1,-1,
#assigned_hub=1,8,7,2,5,6,0,4,-1,3,
#moving_targetting_pos=6,16|-1,-1|-1,-1|-1,-1|-1,-1|-1,-1|6,6|-1,-1|22,29|16,6|
#setting_targetting_pos=-1,-1|23,27|25,13|-1,-1|19,27|25,9|-1,-1|19,16|22,1|-1,-1|
#type=4,4,5,4,4,5,4,4,0,4,
..u..r.D..
#1101011101
#assigned_pet=-1,8,4,-1,8,-1,-1,4,-1,-1,
#assigned_hub=1,8,7,2,5,6,0,4,-1,3,
#moving_targetting_pos=6,16|-1,-1|-1,-1|-1,-1|-1,-1|26,6|6,6|-1,-1|22,29|16,6|
#setting_targetting_pos=-1,-1|23,27|23,15|-1,-1|19,27|-1,-1|-1,-1|19,15|22,1|-1,-1|
#type=4,4,4,4,4,4,4,4,0,4,
..R....L..
#1101011101
#assigned_pet=-1,8,4,-1,8,-1,-1,4,-1,-1,
#assigned_hub=1,8,7,2,5,6,0,4,-1,3,
#moving_targetting_pos=6,16|-1,-1|-1,-1|-1,-1|-1,-1|26,6|6,6|-1,-1|22,29|16,6|
#setting_targetting_pos=-1,-1|23,27|23,15|-1,-1|19,27|-1,-1|-1,-1|19,15|22,1|-1,-1|
#type=4,4,4,4,4,4,4,4,0,4,
..R....D..
#1101011101
#assigned_pet=-1,8,4,2,8,-1,-1,4,-1,-1,
#assigned_hub=1,8,7,2,5,6,0,4,-1,3,
#moving_targetting_pos=6,16|-1,-1|-1,-1|-1,-1|-1,-1|26,6|6,6|-1,-1|22,29|16,6|
#setting_targetting_pos=-1,-1|23,27|23,15|9,25|19,27|-1,-1|-1,-1|19,15|22,1|-1,-1|
#type=4,4,4,4,4,4,4,4,0,4,
..U.......
#1101011101
#assigned_pet=-1,8,4,2,2,-1,-1,4,-1,-1,
#assigned_hub=1,8,7,2,5,6,0,4,-1,3,
#moving_targetting_pos=6,16|-1,-1|-1,-1|-1,-1|-1,-1|26,6|6,6|-1,-1|22,29|16,6|
#setting_targetting_pos=-1,-1|24,27|23,15|9,25|13,25|-1,-1|-1,-1|19,15|22,1|-1,-1|
#type=4,4,4,4,4,4,4,4,0,4,
.LU.L.....
#1101011101
#assigned_pet=-1,8,4,2,2,-1,-1,-1,-1,-1,
#assigned_hub=1,8,7,2,5,6,0,4,-1,3,
#moving_targetting_pos=6,16|-1,-1|-1,-1|-1,-1|-1,-1|26,6|6,6|-1,-1|22,29|16,6|
#setting_targetting_pos=-1,-1|25,28|23,16|9,25|13,25|-1,-1|-1,-1|-1,-1|22,1|-1,-1|
#type=4,4,4,4,4,4,4,4,0,4,
.RR.L.....
#1101011101
#assigned_pet=-1,8,4,2,2,-1,-1,-1,-1,-1,
#assigned_hub=1,8,7,2,5,6,0,4,-1,3,
#moving_targetting_pos=6,16|-1,-1|-1,-1|-1,-1|-1,-1|26,6|6,6|-1,-1|22,29|16,6|
#setting_targetting_pos=-1,-1|25,29|24,17|9,25|13,25|-1,-1|-1,-1|-1,-1|22,1|-1,-1|
#type=4,4,4,4,4,4,4,4,0,4,
.D..U.....
#1101011101
#assigned_pet=-1,8,4,2,2,-1,-1,-1,-1,-1,
#assigned_hub=1,8,7,2,5,6,0,4,-1,3,
#moving_targetting_pos=6,16|-1,-1|-1,-1|-1,-1|-1,-1|26,6|6,6|-1,-1|22,29|16,6|
#setting_targetting_pos=-1,-1|25,29|23,16|9,25|13,25|-1,-1|-1,-1|-1,-1|22,1|-1,-1|
#type=4,4,4,4,4,4,4,4,0,4,
.R..U.....
#1101011101
#assigned_pet=-1,8,4,2,-1,-1,-1,-1,-1,-1,
#assigned_hub=1,8,7,2,5,6,0,4,-1,3,
#moving_targetting_pos=6,16|-1,-1|-1,-1|-1,-1|-1,-1|-1,-1|6,6|-1,-1|22,29|16,6|
#setting_targetting_pos=-1,-1|25,29|24,15|8,26|-1,-1|-1,-1|-1,-1|-1,-1|22,1|-1,-1|
#type=4,4,4,4,4,4,4,4,0,4,
..........
#1101011101
#assigned_pet=-1,8,4,2,2,-1,-1,-1,-1,-1,
#assigned_hub=1,8,7,2,5,6,0,4,-1,3,
#moving_targetting_pos=6,16|-1,-1|-1,-1|-1,-1|-1,-1|26,6|6,6|-1,-1|22,29|16,6|
#setting_targetting_pos=-1,-1|25,28|23,16|9,25|13,25|-1,-1|-1,-1|-1,-1|22,1|-1,-1|
#type=4,4,4,4,4,4,4,4,0,4,
.L..U.....
#1101011101
#assigned_pet=-1,8,4,2,-1,-1,-1,-1,-1,-1,
#assigned_hub=1,8,7,2,5,6,0,4,-1,3,
#moving_targetting_pos=-1,-1|-1,-1|-1,-1|-1,-1|-1,-1|-1,-1|6,6|-1,-1|22,29|16,6|
#setting_targetting_pos=-1,-1|26,29|24,15|7,25|-1,-1|-1,-1|-1,-1|-1,-1|22,1|-1,-1|
#type=4,4,4,4,4,4,4,4,0,4,
.R........
#1101011101
#assigned_pet=-1,8,4,2,-1,-1,-1,4,-1,-1,
#assigned_hub=1,8,7,2,5,6,0,4,-1,3,
#moving_targetting_pos=-1,-1|-1,-1|-1,-1|-1,-1|-1,-1|26,6|6,6|-1,-1|22,29|16,6|
#setting_targetting_pos=-1,-1|26,27|23,15|6,24|-1,-1|-1,-1|-1,-1|19,15|22,1|-1,-1|
#type=4,4,4,4,4,4,4,4,0,4,
.LLU......
#1101011101
#assigned_pet=-1,8,4,2,-1,-1,-1,4,-1,-1,
#assigned_hub=1,8,7,2,5,6,0,4,-1,3,
#moving_targetting_pos=-1,-1|-1,-1|-1,-1|-1,-1|-1,-1|26,6|6,6|-1,-1|22,29|16,6|
#setting_targetting_pos=-1,-1|26,25|23,15|7,25|-1,-1|-1,-1|-1,-1|19,15|22,1|-1,-1|
#type=4,4,4,4,4,4,4,4,0,4,
.L.R......
#1101111101
#assigned_pet=2,8,4,2,-1,-1,-1,4,-1,-1,
#assigned_hub=1,8,7,2,5,6,0,4,-1,3,
#moving_targetting_pos=-1,-1|-1,-1|-1,-1|-1,-1|-1,-1|26,6|6,6|-1,-1|22,29|16,6|
#setting_targetting_pos=7,19|25,24|23,15|7,23|-1,-1|-1,-1|-1,-1|19,15|22,1|-1,-1|
#type=4,4,5,4,4,4,4,5,0,4,
RLuL...d..
#1101111101
#assigned_pet=2,8,-1,2,-1,-1,-1,-1,-1,-1,
#assigned_hub=1,8,7,2,5,6,0,4,-1,3,
#moving_targetting_pos=-1,-1|-1,-1|-1,-1|-1,-1|-1,-1|26,6|6,6|16,16|22,29|16,6|
#setting_targetting_pos=7,19|27,24|-1,-1|7,23|-1,-1|-1,-1|-1,-1|-1,-1|22,1|-1,-1|
#type=4,4,4,4,4,4,4,4,0,4,
RL.L......
#1101111101
#assigned_pet=2,8,-1,2,-1,-1,-1,-1,-1,-1,
#assigned_hub=1,8,7,2,5,6,0,4,-1,3,
#moving_targetting_pos=-1,-1|-1,-1|-1,-1|-1,-1|16,26|26,6|6,6|16,16|22,29|16,6|
#setting_targetting_pos=7,19|26,23|-1,-1|7,23|-1,-1|-1,-1|-1,-1|-1,-1|22,1|-1,-1|
#type=4,4,4,4,4,4,4,4,0,4,
UD........
#1101111101
#assigned_pet=2,8,-1,2,-1,-1,-1,-1,-1,-1,
#assigned_hub=1,8,7,2,5,6,0,4,-1,3,
#moving_targetting_pos=-1,-1|-1,-1|-1,-1|-1,-1|16,26|26,6|6,6|16,16|22,29|16,6|
#setting_targetting_pos=7,19|27,24|-1,-1|7,23|-1,-1|-1,-1|-1,-1|-1,-1|22,1|-1,-1|
#type=4,4,4,4,4,4,4,4,0,4,
R.........
#1111111101
#assigned_pet=2,8,-1,2,-1,-1,-1,-1,-1,-1,
#assigned_hub=1,8,7,2,5,6,0,4,-1,3,
#moving_targetting_pos=-1,-1|-1,-1|-1,-1|-1,-1|16,26|26,6|6,6|16,16|22,29|16,6|
#setting_targetting_pos=7,19|27,24|-1,-1|7,23|-1,-1|-1,-1|-1,-1|-1,-1|22,1|-1,-1|
#type=5,4,4,5,4,4,4,4,0,4,
r..l......
#1111111101
#assigned_pet=-1,8,-1,-1,-1,-1,-1,-1,-1,-1,
#assigned_hub=1,8,7,2,5,6,0,4,-1,3,
#moving_targetting_pos=6,16|-1,-1|-1,-1|6,26|16,26|26,6|6,6|16,16|22,29|16,6|
#setting_targetting_pos=-1,-1|26,23|-1,-1|-1,-1|-1,-1|-1,-1|-1,-1|-1,-1|22,1|-1,-1|
#type=4,4,4,4,4,4,4,4,0,4,
..........
#1111111101
#assigned_pet=-1,8,-1,-1,-1,-1,-1,-1,-1,-1,
#assigned_hub=1,8,7,2,5,6,0,4,-1,3,
#moving_targetting_pos=6,16|-1,-1|-1,-1|6,26|16,26|26,6|6,6|16,16|22,29|16,6|
#setting_targetting_pos=-1,-1|26,23|-1,-1|-1,-1|-1,-1|-1,-1|-1,-1|-1,-1|22,1|-1,-1|
#type=4,4,4,4,4,4,4,4,0,4,
..........
#1111111101
#assigned_pet=-1,8,-1,-1,-1,-1,-1,-1,-1,-1,
#assigned_hub=1,8,7,2,5,6,0,4,-1,3,
#moving_targetting_pos=6,16|-1,-1|-1,-1|6,26|16,26|26,6|6,6|16,16|22,29|16,6|
#setting_targetting_pos=-1,-1|27,24|-1,-1|-1,-1|-1,-1|-1,-1|-1,-1|-1,-1|22,1|-1,-1|
#type=4,4,4,4,4,4,4,4,0,4,
..........
#1111111101
#assigned_pet=-1,8,-1,-1,-1,-1,-1,-1,-1,-1,
#assigned_hub=1,8,7,2,5,6,0,4,-1,3,
#moving_targetting_pos=6,16|-1,-1|-1,-1|6,26|16,26|26,6|6,6|16,16|22,29|16,6|
#setting_targetting_pos=-1,-1|26,23|-1,-1|-1,-1|-1,-1|-1,-1|-1,-1|-1,-1|22,1|-1,-1|
#type=4,4,4,4,4,4,4,4,0,4,
..........
#1111111101
#assigned_pet=-1,8,-1,-1,-1,-1,-1,-1,-1,-1,
#assigned_hub=1,8,7,2,5,6,0,4,-1,3,
#moving_targetting_pos=6,16|-1,-1|-1,-1|6,26|16,26|26,6|6,6|16,16|22,29|16,6|
#setting_targetting_pos=-1,-1|27,24|-1,-1|-1,-1|-1,-1|-1,-1|-1,-1|-1,-1|22,1|-1,-1|
#type=4,4,4,4,4,4,4,4,0,4,
..........
#1111111101
#assigned_pet=-1,8,8,-1,-1,-1,-1,-1,-1,-1,
#assigned_hub=1,8,7,2,5,6,0,4,-1,3,
#moving_targetting_pos=6,16|-1,-1|-1,-1|6,26|16,26|26,6|6,6|16,16|22,29|16,6|
#setting_targetting_pos=-1,-1|27,23|27,19|-1,-1|-1,-1|-1,-1|-1,-1|-1,-1|22,1|-1,-1|
#type=4,4,4,4,4,4,4,4,0,4,
.LR.......
#1111111101
#assigned_pet=-1,8,8,-1,-1,-1,-1,-1,-1,-1,
#assigned_hub=1,8,7,2,5,6,0,4,-1,3,
#moving_targetting_pos=6,16|-1,-1|-1,-1|6,26|16,26|26,6|6,6|16,16|22,29|16,6|
#setting_targetting_pos=-1,-1|27,23|27,19|-1,-1|-1,-1|-1,-1|-1,-1|-1,-1|22,1|-1,-1|
#type=4,4,4,4,4,4,4,4,0,4,
..R.......
#1111111101
#assigned_pet=-1,8,8,-1,-1,-1,-1,-1,-1,-1,
#assigned_hub=1,8,7,2,5,6,0,4,-1,3,
#moving_targetting_pos=6,16|-1,-1|-1,-1|6,26|16,26|26,6|6,6|16,16|22,29|16,6|
#setting_targetting_pos=-1,-1|27,23|27,19|-1,-1|-1,-1|-1,-1|-1,-1|-1,-1|22,1|-1,-1|
#type=4,4,4,4,4,4,4,4,0,4,
..D.......
#1111111101
#assigned_pet=-1,8,8,-1,-1,-1,-1,-1,-1,-1,
#assigned_hub=1,8,7,2,5,6,0,4,-1,3,
#moving_targetting_pos=6,16|-1,-1|-1,-1|6,26|16,26|26,6|6,6|16,16|22,29|16,6|
#setting_targetting_pos=-1,-1|27,23|27,19|-1,-1|-1,-1|-1,-1|-1,-1|-1,-1|22,1|-1,-1|
#type=4,4,4,4,4,4,4,4,0,4,
..R.......
#1111111101
#assigned_pet=-1,8,8,-1,-1,-1,-1,-1,-1,-1,
#assigned_hub=1,8,7,2,5,6,0,4,-1,3,
#moving_targetting_pos=6,16|-1,-1|-1,-1|6,26|16,26|26,6|6,6|16,16|22,29|16,6|
#setting_targetting_pos=-1,-1|27,23|27,19|-1,-1|-1,-1|-1,-1|-1,-1|-1,-1|22,1|-1,-1|
#type=4,4,4,4,4,4,4,4,0,4,
..D.......
#1111111101
#assigned_pet=-1,8,8,-1,-1,-1,-1,-1,-1,-1,
#assigned_hub=1,8,7,2,5,6,0,4,-1,3,
#moving_targetting_pos=6,16|-1,-1|-1,-1|6,26|16,26|26,6|6,6|16,16|22,29|16,6|
#setting_targetting_pos=-1,-1|27,23|27,19|-1,-1|-1,-1|-1,-1|-1,-1|-1,-1|22,1|-1,-1|
#type=4,4,4,4,4,4,4,4,0,4,
..R.......
#1111111101
#assigned_pet=-1,8,8,-1,-1,-1,-1,-1,-1,-1,
#assigned_hub=1,8,7,2,5,6,0,4,-1,3,
#moving_targetting_pos=6,16|-1,-1|-1,-1|6,26|16,26|26,6|6,6|16,16|22,29|16,6|
#setting_targetting_pos=-1,-1|27,23|27,19|-1,-1|-1,-1|-1,-1|-1,-1|-1,-1|22,1|-1,-1|
#type=4,4,4,4,4,4,4,4,0,4,
..........
#1111111101
#assigned_pet=-1,8,8,-1,-1,-1,-1,-1,-1,-1,
#assigned_hub=1,8,7,2,5,6,0,4,-1,3,
#moving_targetting_pos=6,16|-1,-1|-1,-1|6,26|16,26|26,6|6,6|16,16|22,29|16,6|
#setting_targetting_pos=-1,-1|27,23|27,19|-1,-1|-1,-1|-1,-1|-1,-1|-1,-1|22,1|-1,-1|
#type=4,4,4,4,4,4,4,4,0,4,
..........
#1111111101
#assigned_pet=-1,-1,8,-1,-1,-1,-1,-1,-1,-1,
#assigned_hub=1,8,7,2,5,6,0,4,-1,3,
#moving_targetting_pos=6,16|-1,-1|-1,-1|6,26|16,26|-1,-1|6,6|16,16|22,29|16,6|
#setting_targetting_pos=-1,-1|-1,-1|27,18|-1,-1|-1,-1|-1,-1|-1,-1|-1,-1|22,1|-1,-1|
#type=4,4,4,4,4,4,4,4,0,4,
..L.......
#1111111101
#assigned_pet=-1,-1,8,-1,-1,-1,-1,-1,-1,-1,
#assigned_hub=1,8,7,2,5,6,0,4,-1,3,
#moving_targetting_pos=6,16|-1,-1|-1,-1|6,26|16,26|-1,-1|6,6|16,16|22,29|16,6|
#setting_targetting_pos=-1,-1|-1,-1|26,17|-1,-1|-1,-1|-1,-1|-1,-1|-1,-1|22,1|-1,-1|
#type=4,4,4,4,4,4,4,4,0,4,
..........
#1111111101
#assigned_pet=-1,-1,8,-1,-1,-1,-1,-1,-1,-1,
#assigned_hub=1,8,7,2,5,6,0,4,-1,3,
#moving_targetting_pos=6,16|-1,-1|-1,-1|6,26|16,26|-1,-1|6,6|16,16|22,29|16,6|
#setting_targetting_pos=-1,-1|-1,-1|27,18|-1,-1|-1,-1|-1,-1|-1,-1|-1,-1|22,1|-1,-1|
#type=4,4,4,4,4,4,4,4,0,4,
..........
#1111111101
#assigned_pet=-1,-1,8,-1,-1,-1,-1,-1,-1,-1,
#assigned_hub=1,8,7,2,5,6,0,4,-1,3,
#moving_targetting_pos=6,16|-1,-1|-1,-1|6,26|16,26|-1,-1|6,6|16,16|22,29|16,6|
#setting_targetting_pos=-1,-1|-1,-1|27,18|-1,-1|-1,-1|-1,-1|-1,-1|-1,-1|22,1|-1,-1|
#type=4,4,4,4,4,4,4,4,0,4,
..........
#1111111101
#assigned_pet=-1,-1,8,-1,-1,-1,-1,-1,-1,-1,
#assigned_hub=1,8,7,2,5,6,0,4,-1,3,
#moving_targetting_pos=6,16|-1,-1|-1,-1|6,26|16,26|-1,-1|6,6|16,16|22,29|16,6|
#setting_targetting_pos=-1,-1|-1,-1|27,18|-1,-1|-1,-1|-1,-1|-1,-1|-1,-1|22,1|-1,-1|
#type=4,4,4,4,4,4,4,4,0,4,
..........
#1111111101
#assigned_pet=-1,-1,8,-1,-1,-1,-1,-1,-1,-1,
#assigned_hub=1,8,7,2,5,6,0,4,-1,3,
#moving_targetting_pos=6,16|-1,-1|-1,-1|6,26|16,26|-1,-1|6,6|16,16|22,29|16,6|
#setting_targetting_pos=-1,-1|-1,-1|26,17|-1,-1|-1,-1|-1,-1|-1,-1|-1,-1|22,1|-1,-1|
#type=4,4,4,4,4,4,4,4,0,4,
..........
#1111111101
#assigned_pet=-1,-1,8,-1,-1,-1,-1,-1,-1,-1,
#assigned_hub=1,8,7,2,5,6,0,4,-1,3,
#moving_targetting_pos=6,16|-1,-1|-1,-1|6,26|16,26|-1,-1|6,6|16,16|22,29|16,6|
#setting_targetting_pos=-1,-1|-1,-1|27,16|-1,-1|-1,-1|-1,-1|-1,-1|-1,-1|22,1|-1,-1|
#type=4,4,4,4,4,4,4,4,0,4,
..L.......
#1111111101
#assigned_pet=-1,-1,8,-1,-1,-1,-1,-1,-1,-1,
#assigned_hub=1,8,7,2,5,6,0,4,-1,3,
#moving_targetting_pos=6,16|-1,-1|-1,-1|6,26|16,26|-1,-1|6,6|16,16|22,29|16,6|
#setting_targetting_pos=-1,-1|-1,-1|28,15|-1,-1|-1,-1|-1,-1|-1,-1|-1,-1|22,1|-1,-1|
#type=4,4,4,4,4,4,4,4,0,4,
..L.......
#1111111101
#assigned_pet=-1,-1,8,-1,-1,-1,-1,-1,-1,-1,
#assigned_hub=1,8,7,2,5,6,0,4,-1,3,
#moving_targetting_pos=6,16|-1,-1|-1,-1|6,26|16,26|-1,-1|6,6|16,16|22,29|16,6|
#setting_targetting_pos=-1,-1|-1,-1|28,15|-1,-1|-1,-1|-1,-1|-1,-1|-1,-1|22,1|-1,-1|
#type=4,4,4,4,4,4,4,4,0,4,
..L.......
#1111111101
#assigned_pet=-1,-1,8,-1,-1,-1,-1,-1,-1,-1,
#assigned_hub=1,8,7,2,5,6,0,4,-1,3,
#moving_targetting_pos=6,16|-1,-1|-1,-1|6,26|16,26|-1,-1|6,6|16,16|22,29|16,6|
#setting_targetting_pos=-1,-1|-1,-1|27,14|-1,-1|-1,-1|-1,-1|-1,-1|-1,-1|22,1|-1,-1|
#type=4,4,4,4,4,4,4,4,0,4,
..L.......
#1111111101
#assigned_pet=-1,-1,8,-1,-1,-1,-1,-1,-1,-1,
#assigned_hub=1,8,7,2,5,6,0,4,-1,3,
#moving_targetting_pos=6,16|-1,-1|-1,-1|6,26|16,26|-1,-1|6,6|16,16|22,29|16,6|
#setting_targetting_pos=-1,-1|-1,-1|27,14|-1,-1|-1,-1|-1,-1|-1,-1|-1,-1|22,1|-1,-1|
#type=4,4,4,4,4,4,4,4,0,4,
..........
#1111111101
#assigned_pet=-1,-1,8,-1,-1,-1,-1,-1,-1,-1,
#assigned_hub=1,8,7,2,5,6,0,4,-1,3,
#moving_targetting_pos=6,16|-1,-1|-1,-1|6,26|16,26|-1,-1|6,6|16,16|22,29|16,6|
#setting_targetting_pos=-1,-1|-1,-1|27,14|-1,-1|-1,-1|-1,-1|-1,-1|-1,-1|22,1|-1,-1|
#type=4,4,4,4,4,4,4,4,0,4,
..........
#1111111101
#assigned_pet=-1,-1,8,-1,-1,-1,-1,-1,-1,-1,
#assigned_hub=1,8,7,2,5,6,0,4,-1,3,
#moving_targetting_pos=6,16|-1,-1|-1,-1|6,26|16,26|-1,-1|6,6|16,16|22,29|16,6|
#setting_targetting_pos=-1,-1|-1,-1|26,13|-1,-1|-1,-1|-1,-1|-1,-1|-1,-1|22,1|-1,-1|
#type=4,4,4,4,4,4,4,4,0,4,
..........
#1111111101
#assigned_pet=-1,-1,8,-1,-1,-1,-1,-1,-1,-1,
#assigned_hub=1,8,7,2,5,6,0,4,-1,3,
#moving_targetting_pos=6,16|-1,-1|-1,-1|6,26|16,26|-1,-1|6,6|16,16|22,29|16,6|
#setting_targetting_pos=-1,-1|-1,-1|27,14|-1,-1|-1,-1|-1,-1|-1,-1|-1,-1|22,1|-1,-1|
#type=4,4,4,4,4,4,4,4,0,4,
..........
#1111111101
#assigned_pet=-1,-1,8,-1,-1,8,-1,-1,-1,-1,
#assigned_hub=1,8,7,2,5,6,0,4,-1,3,
#moving_targetting_pos=6,16|-1,-1|-1,-1|6,26|16,26|-1,-1|6,6|16,16|22,29|16,6|
#setting_targetting_pos=-1,-1|-1,-1|27,13|-1,-1|-1,-1|27,9|-1,-1|-1,-1|22,1|-1,-1|
#type=4,4,4,4,4,4,4,4,0,4,
..L..D....
#1111111101
#assigned_pet=-1,-1,8,-1,-1,8,-1,-1,-1,-1,
#assigned_hub=1,8,7,2,5,6,0,4,-1,3,
#moving_targetting_pos=6,16|-1,-1|-1,-1|6,26|16,26|-1,-1|6,6|16,16|22,29|16,6|
#setting_targetting_pos=-1,-1|-1,-1|27,13|-1,-1|-1,-1|27,9|-1,-1|-1,-1|22,1|-1,-1|
#type=4,4,4,4,4,4,4,4,0,4,
.....R....
#1111111101
#assigned_pet=-1,-1,8,-1,-1,8,-1,-1,-1,-1,
#assigned_hub=1,8,7,2,5,6,0,4,-1,3,
#moving_targetting_pos=6,16|-1,-1|-1,-1|6,26|16,26|-1,-1|6,6|16,16|22,29|16,6|
#setting_targetting_pos=-1,-1|-1,-1|27,13|-1,-1|-1,-1|27,9|-1,-1|-1,-1|22,1|-1,-1|
#type=4,4,4,4,4,4,4,4,0,4,
..........
#1111111111
#assigned_pet=-1,-1,8,-1,-1,8,-1,-1,-1,-1,
#assigned_hub=1,8,7,2,5,6,0,4,-1,3,
#moving_targetting_pos=6,16|26,26|-1,-1|6,26|16,26|-1,-1|6,6|16,16|22,29|16,6|
#setting_targetting_pos=-1,-1|-1,-1|27,13|-1,-1|-1,-1|27,9|-1,-1|-1,-1|22,1|-1,-1|
#type=4,4,5,4,4,5,4,4,0,4,
..d..d....
#1111111111
#assigned_pet=-1,-1,-1,-1,-1,-1,-1,-1,-1,-1,
#assigned_hub=1,8,7,2,5,6,0,4,-1,3,
#moving_targetting_pos=6,16|26,26|26,16|6,26|16,26|26,6|6,6|16,16|22,29|16,6|
#setting_targetting_pos=-1,-1|-1,-1|-1,-1|-1,-1|-1,-1|-1,-1|-1,-1|-1,-1|22,1|-1,-1|
#type=4,4,4,4,4,4,4,4,0,4,
..........
#1111111111
#assigned_pet=-1,-1,-1,-1,-1,-1,-1,-1,-1,-1,
#assigned_hub=1,8,7,2,5,6,0,4,-1,3,
#moving_targetting_pos=6,16|26,26|26,16|6,26|16,26|26,6|6,6|16,16|22,29|16,6|
#setting_targetting_pos=-1,-1|-1,-1|-1,-1|-1,-1|-1,-1|-1,-1|-1,-1|-1,-1|22,1|-1,-1|
#type=4,4,4,4,4,4,4,4,0,4,
..........
#1111111111
#assigned_pet=-1,-1,-1,-1,-1,-1,-1,-1,-1,-1,
#assigned_hub=1,8,7,2,5,6,0,4,-1,3,
#moving_targetting_pos=6,16|26,26|26,16|6,26|16,26|26,6|6,6|16,16|22,29|16,6|
#setting_targetting_pos=-1,-1|-1,-1|-1,-1|-1,-1|-1,-1|-1,-1|-1,-1|-1,-1|22,1|-1,-1|
#type=4,4,4,4,4,4,4,4,0,4,
..........
#1111111111
#assigned_pet=-1,-1,-1,-1,-1,-1,-1,-1,-1,-1,
#assigned_hub=1,8,7,2,5,6,0,4,-1,3,
#moving_targetting_pos=6,16|26,26|26,16|6,26|16,26|26,6|6,6|16,16|22,29|16,6|
#setting_targetting_pos=-1,-1|-1,-1|-1,-1|-1,-1|-1,-1|-1,-1|-1,-1|-1,-1|22,1|-1,-1|
#type=4,4,4,4,4,4,4,4,0,4,
..........
#1111111111
#assigned_pet=-1,-1,-1,-1,-1,-1,-1,-1,-1,-1,
#assigned_hub=1,8,7,2,5,6,0,4,-1,3,
#moving_targetting_pos=6,16|26,26|26,16|6,26|16,26|26,6|6,6|16,16|22,29|16,6|
#setting_targetting_pos=-1,-1|-1,-1|-1,-1|-1,-1|-1,-1|-1,-1|-1,-1|-1,-1|22,1|-1,-1|
#type=4,4,4,4,4,4,4,4,0,4,
..........
#1111111111
#assigned_pet=-1,-1,-1,-1,-1,-1,-1,-1,-1,-1,
#assigned_hub=1,8,7,2,5,6,0,4,-1,3,
#moving_targetting_pos=6,16|26,26|26,16|6,26|16,26|26,6|6,6|16,16|22,29|16,6|
#setting_targetting_pos=-1,-1|-1,-1|-1,-1|-1,-1|-1,-1|-1,-1|-1,-1|-1,-1|22,1|-1,-1|
#type=4,4,4,4,4,4,4,4,0,4,
..........
#1111111111
#assigned_pet=-1,-1,-1,-1,-1,-1,-1,-1,-1,-1,
#assigned_hub=1,8,7,2,5,6,0,4,-1,3,
#moving_targetting_pos=6,16|26,26|26,16|6,26|16,26|26,6|6,6|16,16|22,29|16,6|
#setting_targetting_pos=-1,-1|-1,-1|-1,-1|-1,-1|-1,-1|-1,-1|-1,-1|-1,-1|22,1|-1,-1|
#type=4,4,4,4,4,4,4,4,0,4,
..........
#1111111111
#assigned_pet=-1,-1,-1,-1,-1,-1,-1,-1,-1,-1,
#assigned_hub=1,8,7,2,5,6,0,4,-1,3,
#moving_targetting_pos=6,16|26,26|26,16|6,26|16,26|26,6|6,6|16,16|22,29|16,6|
#setting_targetting_pos=-1,-1|-1,-1|-1,-1|-1,-1|-1,-1|-1,-1|-1,-1|-1,-1|22,1|-1,-1|
#type=4,4,4,4,4,4,4,4,0,4,
..........
#1111111111
#assigned_pet=-1,-1,-1,-1,-1,-1,-1,-1,-1,-1,
#assigned_hub=1,8,7,2,5,6,0,4,-1,3,
#moving_targetting_pos=6,16|26,26|26,16|6,26|16,26|26,6|6,6|16,16|22,29|16,6|
#setting_targetting_pos=-1,-1|-1,-1|-1,-1|-1,-1|-1,-1|-1,-1|-1,-1|-1,-1|22,1|-1,-1|
#type=4,4,4,4,4,4,4,4,0,4,
..........
#1111111111
#assigned_pet=-1,-1,-1,-1,-1,-1,-1,-1,-1,-1,
#assigned_hub=1,8,7,2,5,6,0,4,-1,3,
#moving_targetting_pos=6,16|26,26|26,16|6,26|16,26|26,6|6,6|16,16|22,29|16,6|
#setting_targetting_pos=-1,-1|-1,-1|-1,-1|-1,-1|-1,-1|-1,-1|-1,-1|-1,-1|22,1|-1,-1|
#type=4,4,4,4,4,4,4,4,0,4,
..........
#1111111111
#assigned_pet=-1,-1,-1,-1,-1,-1,-1,-1,-1,-1,
#assigned_hub=1,8,7,2,5,6,0,4,-1,3,
#moving_targetting_pos=6,16|26,26|26,16|6,26|16,26|26,6|6,6|16,16|22,29|16,6|
#setting_targetting_pos=-1,-1|-1,-1|-1,-1|-1,-1|-1,-1|-1,-1|-1,-1|-1,-1|22,1|-1,-1|
#type=4,4,4,4,4,4,4,4,0,4,
..........
#1111111111
#assigned_pet=-1,-1,-1,-1,-1,-1,-1,-1,-1,-1,
#assigned_hub=1,8,7,2,5,6,0,4,-1,3,
#moving_targetting_pos=6,16|26,26|26,16|6,26|16,26|26,6|6,6|16,16|22,29|16,6|
#setting_targetting_pos=-1,-1|-1,-1|-1,-1|-1,-1|-1,-1|-1,-1|-1,-1|-1,-1|22,1|-1,-1|
#type=4,4,4,4,4,4,4,4,0,4,
..........
#1111111111
#assigned_pet=-1,-1,-1,-1,-1,-1,-1,-1,-1,-1,
#assigned_hub=1,8,7,2,5,6,0,4,-1,3,
#moving_targetting_pos=6,16|26,26|26,16|6,26|16,26|26,6|6,6|16,16|22,29|16,6|
#setting_targetting_pos=-1,-1|-1,-1|-1,-1|-1,-1|-1,-1|-1,-1|-1,-1|-1,-1|22,1|-1,-1|
#type=4,4,4,4,4,4,4,4,0,4,
..........
#1111111111
#assigned_pet=-1,-1,-1,-1,-1,-1,-1,-1,-1,-1,
#assigned_hub=1,8,7,2,5,6,0,4,-1,3,
#moving_targetting_pos=6,16|26,26|26,16|6,26|16,26|26,6|6,6|16,16|22,29|16,6|
#setting_targetting_pos=-1,-1|-1,-1|-1,-1|-1,-1|-1,-1|-1,-1|-1,-1|-1,-1|22,1|-1,-1|
#type=4,4,4,4,4,4,4,4,0,4,
..........
#1111111111
#assigned_pet=-1,-1,-1,-1,-1,-1,-1,-1,-1,-1,
#assigned_hub=1,8,7,2,5,6,0,4,-1,3,
#moving_targetting_pos=6,16|26,26|26,16|6,26|16,26|26,6|6,6|16,16|22,29|16,6|
#setting_targetting_pos=-1,-1|-1,-1|-1,-1|-1,-1|-1,-1|-1,-1|-1,-1|-1,-1|22,1|-1,-1|
#type=4,4,4,4,4,4,4,4,0,4,
..........
#1111111111
#assigned_pet=-1,-1,-1,-1,-1,-1,-1,-1,-1,-1,
#assigned_hub=1,8,7,2,5,6,0,4,-1,3,
#moving_targetting_pos=6,16|26,26|26,16|6,26|16,26|26,6|6,6|16,16|22,29|16,6|
#setting_targetting_pos=-1,-1|-1,-1|-1,-1|-1,-1|-1,-1|-1,-1|-1,-1|-1,-1|22,1|-1,-1|
#type=4,4,4,4,4,4,4,4,0,4,
..........
#1111111111
#assigned_pet=-1,-1,-1,-1,-1,-1,-1,-1,-1,-1,
#assigned_hub=1,8,7,2,5,6,0,4,-1,3,
#moving_targetting_pos=6,16|26,26|26,16|6,26|16,26|26,6|6,6|16,16|22,29|16,6|
#setting_targetting_pos=-1,-1|-1,-1|-1,-1|-1,-1|-1,-1|-1,-1|-1,-1|-1,-1|22,1|-1,-1|
#type=4,4,4,4,4,4,4,4,0,4,
..........
#1111111111
#assigned_pet=-1,-1,-1,-1,-1,-1,-1,-1,-1,-1,
#assigned_hub=1,8,7,2,5,6,0,4,-1,3,
#moving_targetting_pos=6,16|26,26|26,16|6,26|16,26|26,6|6,6|16,16|22,29|16,6|
#setting_targetting_pos=-1,-1|-1,-1|-1,-1|-1,-1|-1,-1|-1,-1|-1,-1|-1,-1|22,1|-1,-1|
#type=4,4,4,4,4,4,4,4,0,4,
..........
#1111111111
#assigned_pet=-1,-1,-1,-1,-1,-1,-1,-1,-1,-1,
#assigned_hub=1,8,7,2,5,6,0,4,-1,3,
#moving_targetting_pos=6,16|26,26|26,16|6,26|16,26|26,6|6,6|16,16|22,29|16,6|
#setting_targetting_pos=-1,-1|-1,-1|-1,-1|-1,-1|-1,-1|-1,-1|-1,-1|-1,-1|22,1|-1,-1|
#type=4,4,4,4,4,4,4,4,0,4,
..........
#1111111111
#assigned_pet=-1,-1,-1,-1,-1,-1,-1,-1,-1,-1,
#assigned_hub=1,8,7,2,5,6,0,4,-1,3,
#moving_targetting_pos=6,16|26,26|26,16|6,26|16,26|26,6|6,6|16,16|22,29|16,6|
#setting_targetting_pos=-1,-1|-1,-1|-1,-1|-1,-1|-1,-1|-1,-1|-1,-1|-1,-1|22,1|-1,-1|
#type=4,4,4,4,4,4,4,4,0,4,
..........
#1111111111
#assigned_pet=-1,-1,-1,-1,-1,-1,-1,-1,-1,-1,
#assigned_hub=1,8,7,2,5,6,0,4,-1,3,
#moving_targetting_pos=6,16|26,26|26,16|6,26|16,26|26,6|6,6|16,16|22,29|16,6|
#setting_targetting_pos=-1,-1|-1,-1|-1,-1|-1,-1|-1,-1|-1,-1|-1,-1|-1,-1|22,1|-1,-1|
#type=4,4,4,4,4,4,4,4,0,4,
..........
#1111111111
#assigned_pet=-1,-1,-1,-1,-1,-1,-1,-1,-1,-1,
#assigned_hub=1,8,7,2,5,6,0,4,-1,3,
#moving_targetting_pos=6,16|26,26|26,16|6,26|16,26|26,6|6,6|16,16|22,29|16,6|
#setting_targetting_pos=-1,-1|-1,-1|-1,-1|-1,-1|-1,-1|-1,-1|-1,-1|-1,-1|22,1|-1,-1|
#type=4,4,4,4,4,4,4,4,0,4,
..........
#1111111111
#assigned_pet=-1,-1,-1,-1,-1,-1,-1,-1,-1,-1,
#assigned_hub=1,8,7,2,5,6,0,4,-1,3,
#moving_targetting_pos=6,16|26,26|26,16|6,26|16,26|26,6|6,6|16,16|22,29|16,6|
#setting_targetting_pos=-1,-1|-1,-1|-1,-1|-1,-1|-1,-1|-1,-1|-1,-1|-1,-1|22,1|-1,-1|
#type=4,4,4,4,4,4,4,4,0,4,
..........
#1111111111
#assigned_pet=-1,-1,-1,-1,-1,-1,-1,-1,-1,-1,
#assigned_hub=1,8,7,2,5,6,0,4,-1,3,
#moving_targetting_pos=6,16|26,26|26,16|6,26|16,26|26,6|6,6|16,16|22,29|16,6|
#setting_targetting_pos=-1,-1|-1,-1|-1,-1|-1,-1|-1,-1|-1,-1|-1,-1|-1,-1|22,1|-1,-1|
#type=4,4,4,4,4,4,4,4,0,4,
..........
#1111111111
#assigned_pet=-1,-1,-1,-1,-1,-1,-1,-1,-1,-1,
#assigned_hub=1,8,7,2,5,6,0,4,-1,3,
#moving_targetting_pos=6,16|26,26|26,16|6,26|16,26|26,6|6,6|16,16|22,29|16,6|
#setting_targetting_pos=-1,-1|-1,-1|-1,-1|-1,-1|-1,-1|-1,-1|-1,-1|-1,-1|22,1|-1,-1|
#type=4,4,4,4,4,4,4,4,0,4,
..........
#1111111111
#assigned_pet=-1,-1,-1,-1,-1,-1,-1,-1,-1,-1,
#assigned_hub=1,8,7,2,5,6,0,4,-1,3,
#moving_targetting_pos=6,16|26,26|26,16|6,26|16,26|26,6|6,6|16,16|22,29|16,6|
#setting_targetting_pos=-1,-1|-1,-1|-1,-1|-1,-1|-1,-1|-1,-1|-1,-1|-1,-1|22,1|-1,-1|
#type=4,4,4,4,4,4,4,4,0,4,
..........
#1111111111
#assigned_pet=-1,-1,-1,-1,-1,-1,-1,-1,-1,-1,
#assigned_hub=1,8,7,2,5,6,0,4,-1,3,
#moving_targetting_pos=6,16|26,26|26,16|6,26|16,26|26,6|6,6|16,16|22,29|16,6|
#setting_targetting_pos=-1,-1|-1,-1|-1,-1|-1,-1|-1,-1|-1,-1|-1,-1|-1,-1|22,1|-1,-1|
#type=4,4,4,4,4,4,4,4,0,4,
..........
#1111111111
#assigned_pet=-1,-1,-1,-1,-1,-1,-1,-1,-1,-1,
#assigned_hub=1,8,7,2,5,6,0,4,-1,3,
#moving_targetting_pos=6,16|26,26|26,16|6,26|16,26|26,6|6,6|16,16|22,29|16,6|
#setting_targetting_pos=-1,-1|-1,-1|-1,-1|-1,-1|-1,-1|-1,-1|-1,-1|-1,-1|22,1|-1,-1|
#type=4,4,4,4,4,4,4,4,0,4,
..........
#1111111111
#assigned_pet=-1,-1,-1,-1,-1,-1,-1,-1,-1,-1,
#assigned_hub=1,8,7,2,5,6,0,4,-1,3,
#moving_targetting_pos=6,16|26,26|26,16|6,26|16,26|26,6|6,6|16,16|22,29|16,6|
#setting_targetting_pos=-1,-1|-1,-1|-1,-1|-1,-1|-1,-1|-1,-1|-1,-1|-1,-1|22,1|-1,-1|
#type=4,4,4,4,4,4,4,4,0,4,
..........
#1111111111
#assigned_pet=-1,-1,-1,-1,-1,-1,-1,-1,-1,-1,
#assigned_hub=1,8,7,2,5,6,0,4,-1,3,
#moving_targetting_pos=6,16|26,26|26,16|6,26|16,26|26,6|6,6|16,16|22,29|16,6|
#setting_targetting_pos=-1,-1|-1,-1|-1,-1|-1,-1|-1,-1|-1,-1|-1,-1|-1,-1|22,1|-1,-1|
#type=4,4,4,4,4,4,4,4,0,4,
..........
#1111111111
#assigned_pet=-1,-1,-1,-1,-1,-1,-1,-1,-1,-1,
#assigned_hub=1,8,7,2,5,6,0,4,-1,3,
#moving_targetting_pos=6,16|26,26|26,16|6,26|16,26|26,6|6,6|16,16|22,29|16,6|
#setting_targetting_pos=-1,-1|-1,-1|-1,-1|-1,-1|-1,-1|-1,-1|-1,-1|-1,-1|22,1|-1,-1|
#type=4,4,4,4,4,4,4,4,0,4,
..........
#1111111111
#assigned_pet=-1,-1,-1,-1,-1,-1,-1,-1,-1,-1,
#assigned_hub=1,8,7,2,5,6,0,4,-1,3,
#moving_targetting_pos=6,16|26,26|26,16|6,26|16,26|26,6|6,6|16,16|22,29|16,6|
#setting_targetting_pos=-1,-1|-1,-1|-1,-1|-1,-1|-1,-1|-1,-1|-1,-1|-1,-1|22,1|-1,-1|
#type=4,4,4,4,4,4,4,4,0,4,
..........
#1111111111
#assigned_pet=-1,-1,-1,-1,-1,-1,-1,-1,-1,-1,
#assigned_hub=1,8,7,2,5,6,0,4,-1,3,
#moving_targetting_pos=6,16|26,26|26,16|6,26|16,26|26,6|6,6|16,16|22,29|16,6|
#setting_targetting_pos=-1,-1|-1,-1|-1,-1|-1,-1|-1,-1|-1,-1|-1,-1|-1,-1|22,1|-1,-1|
#type=4,4,4,4,4,4,4,4,0,4,
..........
#1111111111
#assigned_pet=-1,-1,-1,-1,-1,-1,-1,-1,-1,-1,
#assigned_hub=1,8,7,2,5,6,0,4,-1,3,
#moving_targetting_pos=6,16|26,26|26,16|6,26|16,26|26,6|6,6|16,16|22,29|16,6|
#setting_targetting_pos=-1,-1|-1,-1|-1,-1|-1,-1|-1,-1|-1,-1|-1,-1|-1,-1|22,1|-1,-1|
#type=4,4,4,4,4,4,4,4,0,4,
..........
#1111111111
#assigned_pet=-1,-1,-1,-1,-1,-1,-1,-1,-1,-1,
#assigned_hub=1,8,7,2,5,6,0,4,-1,3,
#moving_targetting_pos=6,16|26,26|26,16|6,26|16,26|26,6|6,6|16,16|22,29|16,6|
#setting_targetting_pos=-1,-1|-1,-1|-1,-1|-1,-1|-1,-1|-1,-1|-1,-1|-1,-1|22,1|-1,-1|
#type=4,4,4,4,4,4,4,4,0,4,
..........
#1111111111
#assigned_pet=-1,-1,-1,-1,-1,-1,-1,-1,-1,-1,
#assigned_hub=1,8,7,2,5,6,0,4,-1,3,
#moving_targetting_pos=6,16|26,26|26,16|6,26|16,26|26,6|6,6|16,16|22,29|16,6|
#setting_targetting_pos=-1,-1|-1,-1|-1,-1|-1,-1|-1,-1|-1,-1|-1,-1|-1,-1|22,1|-1,-1|
#type=4,4,4,4,4,4,4,4,0,4,
..........
#1111111111
#assigned_pet=-1,-1,-1,-1,-1,-1,-1,-1,-1,-1,
#assigned_hub=1,8,7,2,5,6,0,4,-1,3,
#moving_targetting_pos=6,16|26,26|26,16|6,26|16,26|26,6|6,6|16,16|22,29|16,6|
#setting_targetting_pos=-1,-1|-1,-1|-1,-1|-1,-1|-1,-1|-1,-1|-1,-1|-1,-1|22,1|-1,-1|
#type=4,4,4,4,4,4,4,4,0,4,
..........
#1111111111
#assigned_pet=-1,-1,-1,-1,-1,-1,-1,-1,-1,-1,
#assigned_hub=1,8,7,2,5,6,0,4,-1,3,
#moving_targetting_pos=6,16|26,26|26,16|6,26|16,26|26,6|6,6|16,16|22,29|16,6|
#setting_targetting_pos=-1,-1|-1,-1|-1,-1|-1,-1|-1,-1|-1,-1|-1,-1|-1,-1|22,1|-1,-1|
#type=4,4,4,4,4,4,4,4,0,4,
..........
#1111111111
#assigned_pet=-1,-1,-1,-1,-1,-1,-1,-1,-1,-1,
#assigned_hub=1,8,7,2,5,6,0,4,-1,3,
#moving_targetting_pos=6,16|26,26|26,16|6,26|16,26|26,6|6,6|16,16|22,29|16,6|
#setting_targetting_pos=-1,-1|-1,-1|-1,-1|-1,-1|-1,-1|-1,-1|-1,-1|-1,-1|22,1|-1,-1|
#type=4,4,4,4,4,4,4,4,0,4,
..........
#1111111111
#assigned_pet=-1,-1,-1,-1,-1,-1,-1,-1,-1,-1,
#assigned_hub=1,8,7,2,5,6,0,4,-1,3,
#moving_targetting_pos=6,16|26,26|26,16|6,26|16,26|26,6|6,6|16,16|22,29|16,6|
#setting_targetting_pos=-1,-1|-1,-1|-1,-1|-1,-1|-1,-1|-1,-1|-1,-1|-1,-1|22,1|-1,-1|
#type=4,4,4,4,4,4,4,4,0,4,
..........
#1111111111
#assigned_pet=-1,-1,-1,-1,-1,-1,-1,-1,-1,-1,
#assigned_hub=1,8,7,2,5,6,0,4,-1,3,
#moving_targetting_pos=6,16|26,26|26,16|6,26|16,26|26,6|6,6|16,16|22,29|16,6|
#setting_targetting_pos=-1,-1|-1,-1|-1,-1|-1,-1|-1,-1|-1,-1|-1,-1|-1,-1|22,1|-1,-1|
#type=4,4,4,4,4,4,4,4,0,4,
..........
#1111111111
#assigned_pet=-1,-1,-1,-1,-1,-1,-1,-1,-1,-1,
#assigned_hub=1,8,7,2,5,6,0,4,-1,3,
#moving_targetting_pos=6,16|26,26|26,16|6,26|16,26|26,6|6,6|16,16|22,29|16,6|
#setting_targetting_pos=-1,-1|-1,-1|-1,-1|-1,-1|-1,-1|-1,-1|-1,-1|-1,-1|22,1|-1,-1|
#type=4,4,4,4,4,4,4,4,0,4,
..........
#1111111111
#assigned_pet=-1,-1,-1,-1,-1,-1,-1,-1,-1,-1,
#assigned_hub=1,8,7,2,5,6,0,4,-1,3,
#moving_targetting_pos=6,16|26,26|26,16|6,26|16,26|26,6|6,6|16,16|22,29|16,6|
#setting_targetting_pos=-1,-1|-1,-1|-1,-1|-1,-1|-1,-1|-1,-1|-1,-1|-1,-1|22,1|-1,-1|
#type=4,4,4,4,4,4,4,4,0,4,
..........
#1111111111
#assigned_pet=-1,-1,-1,-1,-1,-1,-1,-1,-1,-1,
#assigned_hub=1,8,7,2,5,6,0,4,-1,3,
#moving_targetting_pos=6,16|26,26|26,16|6,26|16,26|26,6|6,6|16,16|22,29|16,6|
#setting_targetting_pos=-1,-1|-1,-1|-1,-1|-1,-1|-1,-1|-1,-1|-1,-1|-1,-1|22,1|-1,-1|
#type=4,4,4,4,4,4,4,4,0,4,
..........
#1111111111
#assigned_pet=-1,-1,-1,-1,-1,-1,-1,-1,-1,-1,
#assigned_hub=1,8,7,2,5,6,0,4,-1,3,
#moving_targetting_pos=6,16|26,26|26,16|6,26|16,26|26,6|6,6|16,16|22,29|16,6|
#setting_targetting_pos=-1,-1|-1,-1|-1,-1|-1,-1|-1,-1|-1,-1|-1,-1|-1,-1|22,1|-1,-1|
#type=4,4,4,4,4,4,4,4,0,4,
..........
#1111111111
#assigned_pet=-1,-1,-1,-1,-1,-1,-1,-1,-1,-1,
#assigned_hub=1,8,7,2,5,6,0,4,-1,3,
#moving_targetting_pos=6,16|26,26|26,16|6,26|16,26|26,6|6,6|16,16|22,29|16,6|
#setting_targetting_pos=-1,-1|-1,-1|-1,-1|-1,-1|-1,-1|-1,-1|-1,-1|-1,-1|22,1|-1,-1|
#type=4,4,4,4,4,4,4,4,0,4,
..........
#1111111111
#assigned_pet=-1,-1,-1,-1,-1,-1,-1,-1,-1,-1,
#assigned_hub=1,8,7,2,5,6,0,4,-1,3,
#moving_targetting_pos=6,16|26,26|26,16|6,26|16,26|26,6|6,6|16,16|22,29|16,6|
#setting_targetting_pos=-1,-1|-1,-1|-1,-1|-1,-1|-1,-1|-1,-1|-1,-1|-1,-1|22,1|-1,-1|
#type=4,4,4,4,4,4,4,4,0,4,
..........
#1111111111
#assigned_pet=-1,-1,-1,-1,-1,-1,-1,-1,-1,-1,
#assigned_hub=1,8,7,2,5,6,0,4,-1,3,
#moving_targetting_pos=6,16|26,26|26,16|6,26|16,26|26,6|6,6|16,16|22,29|16,6|
#setting_targetting_pos=-1,-1|-1,-1|-1,-1|-1,-1|-1,-1|-1,-1|-1,-1|-1,-1|22,1|-1,-1|
#type=4,4,4,4,4,4,4,4,0,4,
..........
#1111111111
#assigned_pet=-1,-1,-1,-1,-1,-1,-1,-1,-1,-1,
#assigned_hub=1,8,7,2,5,6,0,4,-1,3,
#moving_targetting_pos=6,16|26,26|26,16|6,26|16,26|26,6|6,6|16,16|22,29|16,6|
#setting_targetting_pos=-1,-1|-1,-1|-1,-1|-1,-1|-1,-1|-1,-1|-1,-1|-1,-1|22,1|-1,-1|
#type=4,4,4,4,4,4,4,4,0,4,
..........
#1111111111
#assigned_pet=-1,-1,-1,-1,-1,-1,-1,-1,-1,-1,
#assigned_hub=1,8,7,2,5,6,0,4,-1,3,
#moving_targetting_pos=6,16|26,26|26,16|6,26|16,26|26,6|6,6|16,16|22,29|16,6|
#setting_targetting_pos=-1,-1|-1,-1|-1,-1|-1,-1|-1,-1|-1,-1|-1,-1|-1,-1|22,1|-1,-1|
#type=4,4,4,4,4,4,4,4,0,4,
..........
#1111111111
#assigned_pet=-1,-1,-1,-1,-1,-1,-1,-1,-1,-1,
#assigned_hub=1,8,7,2,5,6,0,4,-1,3,
#moving_targetting_pos=6,16|26,26|26,16|6,26|16,26|26,6|6,6|16,16|22,29|16,6|
#setting_targetting_pos=-1,-1|-1,-1|-1,-1|-1,-1|-1,-1|-1,-1|-1,-1|-1,-1|22,1|-1,-1|
#type=4,4,4,4,4,4,4,4,0,4,
..........
#1111111111
#assigned_pet=-1,-1,-1,-1,-1,-1,-1,-1,-1,-1,
#assigned_hub=1,8,7,2,5,6,0,4,-1,3,
#moving_targetting_pos=6,16|26,26|26,16|6,26|16,26|26,6|6,6|16,16|22,29|16,6|
#setting_targetting_pos=-1,-1|-1,-1|-1,-1|-1,-1|-1,-1|-1,-1|-1,-1|-1,-1|22,1|-1,-1|
#type=4,4,4,4,4,4,4,4,0,4,
..........
#1111111111
#assigned_pet=-1,-1,-1,-1,-1,-1,-1,-1,-1,-1,
#assigned_hub=1,8,7,2,5,6,0,4,-1,3,
#moving_targetting_pos=6,16|26,26|26,16|6,26|16,26|26,6|6,6|16,16|22,29|16,6|
#setting_targetting_pos=-1,-1|-1,-1|-1,-1|-1,-1|-1,-1|-1,-1|-1,-1|-1,-1|22,1|-1,-1|
#type=4,4,4,4,4,4,4,4,0,4,
..........
#1111111111
#assigned_pet=-1,-1,-1,-1,-1,-1,-1,-1,-1,-1,
#assigned_hub=1,8,7,2,5,6,0,4,-1,3,
#moving_targetting_pos=6,16|26,26|26,16|6,26|16,26|26,6|6,6|16,16|22,29|16,6|
#setting_targetting_pos=-1,-1|-1,-1|-1,-1|-1,-1|-1,-1|-1,-1|-1,-1|-1,-1|22,1|-1,-1|
#type=4,4,4,4,4,4,4,4,0,4,
..........
#1111111111
#assigned_pet=-1,-1,-1,-1,-1,-1,-1,-1,-1,-1,
#assigned_hub=1,8,7,2,5,6,0,4,-1,3,
#moving_targetting_pos=6,16|26,26|26,16|6,26|16,26|26,6|6,6|16,16|22,29|16,6|
#setting_targetting_pos=-1,-1|-1,-1|-1,-1|-1,-1|-1,-1|-1,-1|-1,-1|-1,-1|22,1|-1,-1|
#type=4,4,4,4,4,4,4,4,0,4,
..........
#1111111111
#assigned_pet=-1,-1,-1,-1,-1,-1,-1,-1,-1,-1,
#assigned_hub=1,8,7,2,5,6,0,4,-1,3,
#moving_targetting_pos=6,16|26,26|26,16|6,26|16,26|26,6|6,6|16,16|22,29|16,6|
#setting_targetting_pos=-1,-1|-1,-1|-1,-1|-1,-1|-1,-1|-1,-1|-1,-1|-1,-1|22,1|-1,-1|
#type=4,4,4,4,4,4,4,4,0,4,
..........
#1111111111
#assigned_pet=-1,-1,-1,-1,-1,-1,-1,-1,-1,-1,
#assigned_hub=1,8,7,2,5,6,0,4,-1,3,
#moving_targetting_pos=6,16|26,26|26,16|6,26|16,26|26,6|6,6|16,16|22,29|16,6|
#setting_targetting_pos=-1,-1|-1,-1|-1,-1|-1,-1|-1,-1|-1,-1|-1,-1|-1,-1|22,1|-1,-1|
#type=4,4,4,4,4,4,4,4,0,4,
..........
#1111111111
#assigned_pet=-1,-1,-1,-1,-1,-1,-1,-1,-1,-1,
#assigned_hub=1,8,7,2,5,6,0,4,-1,3,
#moving_targetting_pos=6,16|26,26|26,16|6,26|16,26|26,6|6,6|16,16|22,29|16,6|
#setting_targetting_pos=-1,-1|-1,-1|-1,-1|-1,-1|-1,-1|-1,-1|-1,-1|-1,-1|22,1|-1,-1|
#type=4,4,4,4,4,4,4,4,0,4,
..........
#1111111111
#assigned_pet=-1,-1,-1,-1,-1,-1,-1,-1,-1,-1,
#assigned_hub=1,8,7,2,5,6,0,4,-1,3,
#moving_targetting_pos=6,16|26,26|26,16|6,26|16,26|26,6|6,6|16,16|22,29|16,6|
#setting_targetting_pos=-1,-1|-1,-1|-1,-1|-1,-1|-1,-1|-1,-1|-1,-1|-1,-1|22,1|-1,-1|
#type=4,4,4,4,4,4,4,4,0,4,
..........
#1111111111
#assigned_pet=-1,-1,-1,-1,-1,-1,-1,-1,-1,-1,
#assigned_hub=1,8,7,2,5,6,0,4,-1,3,
#moving_targetting_pos=6,16|26,26|26,16|6,26|16,26|26,6|6,6|16,16|22,29|16,6|
#setting_targetting_pos=-1,-1|-1,-1|-1,-1|-1,-1|-1,-1|-1,-1|-1,-1|-1,-1|22,1|-1,-1|
#type=4,4,4,4,4,4,4,4,0,4,
..........
#1111111111
#assigned_pet=-1,-1,-1,-1,-1,-1,-1,-1,-1,-1,
#assigned_hub=1,8,7,2,5,6,0,4,-1,3,
#moving_targetting_pos=6,16|26,26|26,16|6,26|16,26|26,6|6,6|16,16|22,29|16,6|
#setting_targetting_pos=-1,-1|-1,-1|-1,-1|-1,-1|-1,-1|-1,-1|-1,-1|-1,-1|22,1|-1,-1|
#type=4,4,4,4,4,4,4,4,0,4,
..........
#1111111111
#assigned_pet=-1,-1,-1,-1,-1,-1,-1,-1,-1,-1,
#assigned_hub=1,8,7,2,5,6,0,4,-1,3,
#moving_targetting_pos=6,16|26,26|26,16|6,26|16,26|26,6|6,6|16,16|22,29|16,6|
#setting_targetting_pos=-1,-1|-1,-1|-1,-1|-1,-1|-1,-1|-1,-1|-1,-1|-1,-1|22,1|-1,-1|
#type=4,4,4,4,4,4,4,4,0,4,
..........
#1111111111
#assigned_pet=-1,-1,-1,-1,-1,-1,-1,-1,-1,-1,
#assigned_hub=1,8,7,2,5,6,0,4,-1,3,
#moving_targetting_pos=6,16|26,26|26,16|6,26|16,26|26,6|6,6|16,16|22,29|16,6|
#setting_targetting_pos=-1,-1|-1,-1|-1,-1|-1,-1|-1,-1|-1,-1|-1,-1|-1,-1|22,1|-1,-1|
#type=4,4,4,4,4,4,4,4,0,4,
..........
#1111111111
#assigned_pet=-1,-1,-1,-1,-1,-1,-1,-1,-1,-1,
#assigned_hub=1,8,7,2,5,6,0,4,-1,3,
#moving_targetting_pos=6,16|26,26|26,16|6,26|16,26|26,6|6,6|16,16|22,29|16,6|
#setting_targetting_pos=-1,-1|-1,-1|-1,-1|-1,-1|-1,-1|-1,-1|-1,-1|-1,-1|22,1|-1,-1|
#type=4,4,4,4,4,4,4,4,0,4,
..........
#1111111111
#assigned_pet=-1,-1,-1,-1,-1,-1,-1,-1,-1,-1,
#assigned_hub=1,8,7,2,5,6,0,4,-1,3,
#moving_targetting_pos=6,16|26,26|26,16|6,26|16,26|26,6|6,6|16,16|22,29|16,6|
#setting_targetting_pos=-1,-1|-1,-1|-1,-1|-1,-1|-1,-1|-1,-1|-1,-1|-1,-1|22,1|-1,-1|
#type=4,4,4,4,4,4,4,4,0,4,
..........
#1111111111
#assigned_pet=-1,-1,-1,-1,-1,-1,-1,-1,-1,-1,
#assigned_hub=1,8,7,2,5,6,0,4,-1,3,
#moving_targetting_pos=6,16|26,26|26,16|6,26|16,26|26,6|6,6|16,16|22,29|16,6|
#setting_targetting_pos=-1,-1|-1,-1|-1,-1|-1,-1|-1,-1|-1,-1|-1,-1|-1,-1|22,1|-1,-1|
#type=4,4,4,4,4,4,4,4,0,4,
..........
#1111111111
#assigned_pet=-1,-1,-1,-1,-1,-1,-1,-1,-1,-1,
#assigned_hub=1,8,7,2,5,6,0,4,-1,3,
#moving_targetting_pos=6,16|26,26|26,16|6,26|16,26|26,6|6,6|16,16|22,29|16,6|
#setting_targetting_pos=-1,-1|-1,-1|-1,-1|-1,-1|-1,-1|-1,-1|-1,-1|-1,-1|22,1|-1,-1|
#type=4,4,4,4,4,4,4,4,0,4,
..........
#1111111111
#assigned_pet=-1,-1,-1,-1,-1,-1,-1,-1,-1,-1,
#assigned_hub=1,8,7,2,5,6,0,4,-1,3,
#moving_targetting_pos=6,16|26,26|26,16|6,26|16,26|26,6|6,6|16,16|22,29|16,6|
#setting_targetting_pos=-1,-1|-1,-1|-1,-1|-1,-1|-1,-1|-1,-1|-1,-1|-1,-1|22,1|-1,-1|
#type=4,4,4,4,4,4,4,4,0,4,
..........
#1111111111
#assigned_pet=-1,-1,-1,-1,-1,-1,-1,-1,-1,-1,
#assigned_hub=1,8,7,2,5,6,0,4,-1,3,
#moving_targetting_pos=6,16|26,26|26,16|6,26|16,26|26,6|6,6|16,16|22,29|16,6|
#setting_targetting_pos=-1,-1|-1,-1|-1,-1|-1,-1|-1,-1|-1,-1|-1,-1|-1,-1|22,1|-1,-1|
#type=4,4,4,4,4,4,4,4,0,4,
..........
#1111111111
#assigned_pet=-1,-1,-1,-1,-1,-1,-1,-1,-1,-1,
#assigned_hub=1,8,7,2,5,6,0,4,-1,3,
#moving_targetting_pos=6,16|26,26|26,16|6,26|16,26|26,6|6,6|16,16|22,29|16,6|
#setting_targetting_pos=-1,-1|-1,-1|-1,-1|-1,-1|-1,-1|-1,-1|-1,-1|-1,-1|22,1|-1,-1|
#type=4,4,4,4,4,4,4,4,0,4,
..........
#1111111111
#assigned_pet=-1,-1,-1,-1,-1,-1,-1,-1,-1,-1,
#assigned_hub=1,8,7,2,5,6,0,4,-1,3,
#moving_targetting_pos=6,16|26,26|26,16|6,26|16,26|26,6|6,6|16,16|22,29|16,6|
#setting_targetting_pos=-1,-1|-1,-1|-1,-1|-1,-1|-1,-1|-1,-1|-1,-1|-1,-1|22,1|-1,-1|
#type=4,4,4,4,4,4,4,4,0,4,
..........
#1111111111
#assigned_pet=-1,-1,-1,-1,-1,-1,-1,-1,-1,-1,
#assigned_hub=1,8,7,2,5,6,0,4,-1,3,
#moving_targetting_pos=6,16|26,26|26,16|6,26|16,26|26,6|6,6|16,16|22,29|16,6|
#setting_targetting_pos=-1,-1|-1,-1|-1,-1|-1,-1|-1,-1|-1,-1|-1,-1|-1,-1|22,1|-1,-1|
#type=4,4,4,4,4,4,4,4,0,4,
..........
#1111111111
#assigned_pet=-1,-1,-1,-1,-1,-1,-1,-1,-1,-1,
#assigned_hub=1,8,7,2,5,6,0,4,-1,3,
#moving_targetting_pos=6,16|26,26|26,16|6,26|16,26|26,6|6,6|16,16|22,29|16,6|
#setting_targetting_pos=-1,-1|-1,-1|-1,-1|-1,-1|-1,-1|-1,-1|-1,-1|-1,-1|22,1|-1,-1|
#type=4,4,4,4,4,4,4,4,0,4,
..........
#1111111111
#assigned_pet=-1,-1,-1,-1,-1,-1,-1,-1,-1,-1,
#assigned_hub=1,8,7,2,5,6,0,4,-1,3,
#moving_targetting_pos=6,16|26,26|26,16|6,26|16,26|26,6|6,6|16,16|22,29|16,6|
#setting_targetting_pos=-1,-1|-1,-1|-1,-1|-1,-1|-1,-1|-1,-1|-1,-1|-1,-1|22,1|-1,-1|
#type=4,4,4,4,4,4,4,4,0,4,
..........
#1111111111
#assigned_pet=-1,-1,-1,-1,-1,-1,-1,-1,-1,-1,
#assigned_hub=1,8,7,2,5,6,0,4,-1,3,
#moving_targetting_pos=6,16|26,26|26,16|6,26|16,26|26,6|6,6|16,16|22,29|16,6|
#setting_targetting_pos=-1,-1|-1,-1|-1,-1|-1,-1|-1,-1|-1,-1|-1,-1|-1,-1|22,1|-1,-1|
#type=4,4,4,4,4,4,4,4,0,4,
..........
#1111111111
#assigned_pet=-1,-1,-1,-1,-1,-1,-1,-1,-1,-1,
#assigned_hub=1,8,7,2,5,6,0,4,-1,3,
#moving_targetting_pos=6,16|26,26|26,16|6,26|16,26|26,6|6,6|16,16|22,29|16,6|
#setting_targetting_pos=-1,-1|-1,-1|-1,-1|-1,-1|-1,-1|-1,-1|-1,-1|-1,-1|22,1|-1,-1|
#type=4,4,4,4,4,4,4,4,0,4,
..........
#1111111111
#assigned_pet=-1,-1,-1,-1,-1,-1,-1,-1,-1,-1,
#assigned_hub=1,8,7,2,5,6,0,4,-1,3,
#moving_targetting_pos=6,16|26,26|26,16|6,26|16,26|26,6|6,6|16,16|22,29|16,6|
#setting_targetting_pos=-1,-1|-1,-1|-1,-1|-1,-1|-1,-1|-1,-1|-1,-1|-1,-1|22,1|-1,-1|
#type=4,4,4,4,4,4,4,4,0,4,
..........
#1111111111
#assigned_pet=-1,-1,-1,-1,-1,-1,-1,-1,-1,-1,
#assigned_hub=1,8,7,2,5,6,0,4,-1,3,
#moving_targetting_pos=6,16|26,26|26,16|6,26|16,26|26,6|6,6|16,16|22,29|16,6|
#setting_targetting_pos=-1,-1|-1,-1|-1,-1|-1,-1|-1,-1|-1,-1|-1,-1|-1,-1|22,1|-1,-1|
#type=4,4,4,4,4,4,4,4,0,4,
..........
#1111111111
#assigned_pet=-1,-1,-1,-1,-1,-1,-1,-1,-1,-1,
#assigned_hub=1,8,7,2,5,6,0,4,-1,3,
#moving_targetting_pos=6,16|26,26|26,16|6,26|16,26|26,6|6,6|16,16|22,29|16,6|
#setting_targetting_pos=-1,-1|-1,-1|-1,-1|-1,-1|-1,-1|-1,-1|-1,-1|-1,-1|22,1|-1,-1|
#type=4,4,4,4,4,4,4,4,0,4,
..........
#1111111111
#assigned_pet=-1,-1,-1,-1,-1,-1,-1,-1,-1,-1,
#assigned_hub=1,8,7,2,5,6,0,4,-1,3,
#moving_targetting_pos=6,16|26,26|26,16|6,26|16,26|26,6|6,6|16,16|22,29|16,6|
#setting_targetting_pos=-1,-1|-1,-1|-1,-1|-1,-1|-1,-1|-1,-1|-1,-1|-1,-1|22,1|-1,-1|
#type=4,4,4,4,4,4,4,4,0,4,
..........
#1111111111
#assigned_pet=-1,-1,-1,-1,-1,-1,-1,-1,-1,-1,
#assigned_hub=1,8,7,2,5,6,0,4,-1,3,
#moving_targetting_pos=6,16|26,26|26,16|6,26|16,26|26,6|6,6|16,16|22,29|16,6|
#setting_targetting_pos=-1,-1|-1,-1|-1,-1|-1,-1|-1,-1|-1,-1|-1,-1|-1,-1|22,1|-1,-1|
#type=4,4,4,4,4,4,4,4,0,4,
..........
#1111111111
#assigned_pet=-1,-1,-1,-1,-1,-1,-1,-1,-1,-1,
#assigned_hub=1,8,7,2,5,6,0,4,-1,3,
#moving_targetting_pos=6,16|26,26|26,16|6,26|16,26|26,6|6,6|16,16|22,29|16,6|
#setting_targetting_pos=-1,-1|-1,-1|-1,-1|-1,-1|-1,-1|-1,-1|-1,-1|-1,-1|22,1|-1,-1|
#type=4,4,4,4,4,4,4,4,0,4,
..........
#1111111111
#assigned_pet=-1,-1,-1,-1,-1,-1,-1,-1,-1,-1,
#assigned_hub=1,8,7,2,5,6,0,4,-1,3,
#moving_targetting_pos=6,16|26,26|26,16|6,26|16,26|26,6|6,6|16,16|22,29|16,6|
#setting_targetting_pos=-1,-1|-1,-1|-1,-1|-1,-1|-1,-1|-1,-1|-1,-1|-1,-1|22,1|-1,-1|
#type=4,4,4,4,4,4,4,4,0,4,
..........
#1111111111
#assigned_pet=-1,-1,-1,-1,-1,-1,-1,-1,-1,-1,
#assigned_hub=1,8,7,2,5,6,0,4,-1,3,
#moving_targetting_pos=6,16|26,26|26,16|6,26|16,26|26,6|6,6|16,16|22,29|16,6|
#setting_targetting_pos=-1,-1|-1,-1|-1,-1|-1,-1|-1,-1|-1,-1|-1,-1|-1,-1|22,1|-1,-1|
#type=4,4,4,4,4,4,4,4,0,4,
..........
#1111111111
#assigned_pet=-1,-1,-1,-1,-1,-1,-1,-1,-1,-1,
#assigned_hub=1,8,7,2,5,6,0,4,-1,3,
#moving_targetting_pos=6,16|26,26|26,16|6,26|16,26|26,6|6,6|16,16|22,29|16,6|
#setting_targetting_pos=-1,-1|-1,-1|-1,-1|-1,-1|-1,-1|-1,-1|-1,-1|-1,-1|22,1|-1,-1|
#type=4,4,4,4,4,4,4,4,0,4,
..........
#1111111111
#assigned_pet=-1,-1,-1,-1,-1,-1,-1,-1,-1,-1,
#assigned_hub=1,8,7,2,5,6,0,4,-1,3,
#moving_targetting_pos=6,16|26,26|26,16|6,26|16,26|26,6|6,6|16,16|22,29|16,6|
#setting_targetting_pos=-1,-1|-1,-1|-1,-1|-1,-1|-1,-1|-1,-1|-1,-1|-1,-1|22,1|-1,-1|
#type=4,4,4,4,4,4,4,4,0,4,
..........
#1111111111
#assigned_pet=-1,-1,-1,-1,-1,-1,-1,-1,-1,-1,
#assigned_hub=1,8,7,2,5,6,0,4,-1,3,
#moving_targetting_pos=6,16|26,26|26,16|6,26|16,26|26,6|6,6|16,16|22,29|16,6|
#setting_targetting_pos=-1,-1|-1,-1|-1,-1|-1,-1|-1,-1|-1,-1|-1,-1|-1,-1|22,1|-1,-1|
#type=4,4,4,4,4,4,4,4,0,4,
..........
#1111111111
#assigned_pet=-1,-1,-1,-1,-1,-1,-1,-1,-1,-1,
#assigned_hub=1,8,7,2,5,6,0,4,-1,3,
#moving_targetting_pos=6,16|26,26|26,16|6,26|16,26|26,6|6,6|16,16|22,29|16,6|
#setting_targetting_pos=-1,-1|-1,-1|-1,-1|-1,-1|-1,-1|-1,-1|-1,-1|-1,-1|22,1|-1,-1|
#type=4,4,4,4,4,4,4,4,0,4,
..........
#1111111111
#assigned_pet=-1,-1,-1,-1,-1,-1,-1,-1,-1,-1,
#assigned_hub=1,8,7,2,5,6,0,4,-1,3,
#moving_targetting_pos=6,16|26,26|26,16|6,26|16,26|26,6|6,6|16,16|22,29|16,6|
#setting_targetting_pos=-1,-1|-1,-1|-1,-1|-1,-1|-1,-1|-1,-1|-1,-1|-1,-1|22,1|-1,-1|
#type=4,4,4,4,4,4,4,4,0,4,
..........
#1111111111
#assigned_pet=-1,-1,-1,-1,-1,-1,-1,-1,-1,-1,
#assigned_hub=1,8,7,2,5,6,0,4,-1,3,
#moving_targetting_pos=6,16|26,26|26,16|6,26|16,26|26,6|6,6|16,16|22,29|16,6|
#setting_targetting_pos=-1,-1|-1,-1|-1,-1|-1,-1|-1,-1|-1,-1|-1,-1|-1,-1|22,1|-1,-1|
#type=4,4,4,4,4,4,4,4,0,4,
..........
#1111111111
#assigned_pet=-1,-1,-1,-1,-1,-1,-1,-1,-1,-1,
#assigned_hub=1,8,7,2,5,6,0,4,-1,3,
#moving_targetting_pos=6,16|26,26|26,16|6,26|16,26|26,6|6,6|16,16|22,29|16,6|
#setting_targetting_pos=-1,-1|-1,-1|-1,-1|-1,-1|-1,-1|-1,-1|-1,-1|-1,-1|22,1|-1,-1|
#type=4,4,4,4,4,4,4,4,0,4,
..........
#1111111111
#assigned_pet=-1,-1,-1,-1,-1,-1,-1,-1,-1,-1,
#assigned_hub=1,8,7,2,5,6,0,4,-1,3,
#moving_targetting_pos=6,16|26,26|26,16|6,26|16,26|26,6|6,6|16,16|22,29|16,6|
#setting_targetting_pos=-1,-1|-1,-1|-1,-1|-1,-1|-1,-1|-1,-1|-1,-1|-1,-1|22,1|-1,-1|
#type=4,4,4,4,4,4,4,4,0,4,
..........
#1111111111
#assigned_pet=-1,-1,-1,-1,-1,-1,-1,-1,-1,-1,
#assigned_hub=1,8,7,2,5,6,0,4,-1,3,
#moving_targetting_pos=6,16|26,26|26,16|6,26|16,26|26,6|6,6|16,16|22,29|16,6|
#setting_targetting_pos=-1,-1|-1,-1|-1,-1|-1,-1|-1,-1|-1,-1|-1,-1|-1,-1|22,1|-1,-1|
#type=4,4,4,4,4,4,4,4,0,4,
..........
#1111111111
#assigned_pet=-1,-1,-1,-1,-1,-1,-1,-1,-1,-1,
#assigned_hub=1,8,7,2,5,6,0,4,-1,3,
#moving_targetting_pos=6,16|26,26|26,16|6,26|16,26|26,6|6,6|16,16|22,29|16,6|
#setting_targetting_pos=-1,-1|-1,-1|-1,-1|-1,-1|-1,-1|-1,-1|-1,-1|-1,-1|22,1|-1,-1|
#type=4,4,4,4,4,4,4,4,0,4,
..........
#1111111111
#assigned_pet=-1,-1,-1,-1,-1,-1,-1,-1,-1,-1,
#assigned_hub=1,8,7,2,5,6,0,4,-1,3,
#moving_targetting_pos=6,16|26,26|26,16|6,26|16,26|26,6|6,6|16,16|22,29|16,6|
#setting_targetting_pos=-1,-1|-1,-1|-1,-1|-1,-1|-1,-1|-1,-1|-1,-1|-1,-1|22,1|-1,-1|
#type=4,4,4,4,4,4,4,4,0,4,
..........
#1111111111
#assigned_pet=-1,-1,-1,-1,-1,-1,-1,-1,-1,-1,
#assigned_hub=1,8,7,2,5,6,0,4,-1,3,
#moving_targetting_pos=6,16|26,26|26,16|6,26|16,26|26,6|6,6|16,16|22,29|16,6|
#setting_targetting_pos=-1,-1|-1,-1|-1,-1|-1,-1|-1,-1|-1,-1|-1,-1|-1,-1|22,1|-1,-1|
#type=4,4,4,4,4,4,4,4,0,4,
..........
#1111111111
#assigned_pet=-1,-1,-1,-1,-1,-1,-1,-1,-1,-1,
#assigned_hub=1,8,7,2,5,6,0,4,-1,3,
#moving_targetting_pos=6,16|26,26|26,16|6,26|16,26|26,6|6,6|16,16|22,29|16,6|
#setting_targetting_pos=-1,-1|-1,-1|-1,-1|-1,-1|-1,-1|-1,-1|-1,-1|-1,-1|22,1|-1,-1|
#type=4,4,4,4,4,4,4,4,0,4,
..........
#1111111111
#assigned_pet=-1,-1,-1,-1,-1,-1,-1,-1,-1,-1,
#assigned_hub=1,8,7,2,5,6,0,4,-1,3,
#moving_targetting_pos=6,16|26,26|26,16|6,26|16,26|26,6|6,6|16,16|22,29|16,6|
#setting_targetting_pos=-1,-1|-1,-1|-1,-1|-1,-1|-1,-1|-1,-1|-1,-1|-1,-1|22,1|-1,-1|
#type=4,4,4,4,4,4,4,4,0,4,
..........
#1111111111
#assigned_pet=-1,-1,-1,-1,-1,-1,-1,-1,-1,-1,
#assigned_hub=1,8,7,2,5,6,0,4,-1,3,
#moving_targetting_pos=6,16|26,26|26,16|6,26|16,26|26,6|6,6|16,16|22,29|16,6|
#setting_targetting_pos=-1,-1|-1,-1|-1,-1|-1,-1|-1,-1|-1,-1|-1,-1|-1,-1|22,1|-1,-1|
#type=4,4,4,4,4,4,4,4,0,4,
..........
#1111111111
#assigned_pet=-1,-1,-1,-1,-1,-1,-1,-1,-1,-1,
#assigned_hub=1,8,7,2,5,6,0,4,-1,3,
#moving_targetting_pos=6,16|26,26|26,16|6,26|16,26|26,6|6,6|16,16|22,29|16,6|
#setting_targetting_pos=-1,-1|-1,-1|-1,-1|-1,-1|-1,-1|-1,-1|-1,-1|-1,-1|22,1|-1,-1|
#type=4,4,4,4,4,4,4,4,0,4,
..........
#1111111111
#assigned_pet=-1,-1,-1,-1,-1,-1,-1,-1,-1,-1,
#assigned_hub=1,8,7,2,5,6,0,4,-1,3,
#moving_targetting_pos=6,16|26,26|26,16|6,26|16,26|26,6|6,6|16,16|22,29|16,6|
#setting_targetting_pos=-1,-1|-1,-1|-1,-1|-1,-1|-1,-1|-1,-1|-1,-1|-1,-1|22,1|-1,-1|
#type=4,4,4,4,4,4,4,4,0,4,
..........
#1111111111
#assigned_pet=-1,-1,-1,-1,-1,-1,-1,-1,-1,-1,
#assigned_hub=1,8,7,2,5,6,0,4,-1,3,
#moving_targetting_pos=6,16|26,26|26,16|6,26|16,26|26,6|6,6|16,16|22,29|16,6|
#setting_targetting_pos=-1,-1|-1,-1|-1,-1|-1,-1|-1,-1|-1,-1|-1,-1|-1,-1|22,1|-1,-1|
#type=4,4,4,4,4,4,4,4,0,4,
..........
#1111111111
#assigned_pet=-1,-1,-1,-1,-1,-1,-1,-1,-1,-1,
#assigned_hub=1,8,7,2,5,6,0,4,-1,3,
#moving_targetting_pos=6,16|26,26|26,16|6,26|16,26|26,6|6,6|16,16|22,29|16,6|
#setting_targetting_pos=-1,-1|-1,-1|-1,-1|-1,-1|-1,-1|-1,-1|-1,-1|-1,-1|22,1|-1,-1|
#type=4,4,4,4,4,4,4,4,0,4,
..........
#1111111111
#assigned_pet=-1,-1,-1,-1,-1,-1,-1,-1,-1,-1,
#assigned_hub=1,8,7,2,5,6,0,4,-1,3,
#moving_targetting_pos=6,16|26,26|26,16|6,26|16,26|26,6|6,6|16,16|22,29|16,6|
#setting_targetting_pos=-1,-1|-1,-1|-1,-1|-1,-1|-1,-1|-1,-1|-1,-1|-1,-1|22,1|-1,-1|
#type=4,4,4,4,4,4,4,4,0,4,
..........
#1111111111
#assigned_pet=-1,-1,-1,-1,-1,-1,-1,-1,-1,-1,
#assigned_hub=1,8,7,2,5,6,0,4,-1,3,
#moving_targetting_pos=6,16|26,26|26,16|6,26|16,26|26,6|6,6|16,16|22,29|16,6|
#setting_targetting_pos=-1,-1|-1,-1|-1,-1|-1,-1|-1,-1|-1,-1|-1,-1|-1,-1|22,1|-1,-1|
#type=4,4,4,4,4,4,4,4,0,4,
..........
#1111111111
#assigned_pet=-1,-1,-1,-1,-1,-1,-1,-1,-1,-1,
#assigned_hub=1,8,7,2,5,6,0,4,-1,3,
#moving_targetting_pos=6,16|26,26|26,16|6,26|16,26|26,6|6,6|16,16|22,29|16,6|
#setting_targetting_pos=-1,-1|-1,-1|-1,-1|-1,-1|-1,-1|-1,-1|-1,-1|-1,-1|22,1|-1,-1|
#type=4,4,4,4,4,4,4,4,0,4,
..........
#1111111111
#assigned_pet=-1,-1,-1,-1,-1,-1,-1,-1,-1,-1,
#assigned_hub=1,8,7,2,5,6,0,4,-1,3,
#moving_targetting_pos=6,16|26,26|26,16|6,26|16,26|26,6|6,6|16,16|22,29|16,6|
#setting_targetting_pos=-1,-1|-1,-1|-1,-1|-1,-1|-1,-1|-1,-1|-1,-1|-1,-1|22,1|-1,-1|
#type=4,4,4,4,4,4,4,4,0,4,
..........
#1111111111
#assigned_pet=-1,-1,-1,-1,-1,-1,-1,-1,-1,-1,
#assigned_hub=1,8,7,2,5,6,0,4,-1,3,
#moving_targetting_pos=6,16|26,26|26,16|6,26|16,26|26,6|6,6|16,16|22,29|16,6|
#setting_targetting_pos=-1,-1|-1,-1|-1,-1|-1,-1|-1,-1|-1,-1|-1,-1|-1,-1|22,1|-1,-1|
#type=4,4,4,4,4,4,4,4,0,4,
..........
#1111111111
#assigned_pet=-1,-1,-1,-1,-1,-1,-1,-1,-1,-1,
#assigned_hub=1,8,7,2,5,6,0,4,-1,3,
#moving_targetting_pos=6,16|26,26|26,16|6,26|16,26|26,6|6,6|16,16|22,29|16,6|
#setting_targetting_pos=-1,-1|-1,-1|-1,-1|-1,-1|-1,-1|-1,-1|-1,-1|-1,-1|22,1|-1,-1|
#type=4,4,4,4,4,4,4,4,0,4,
..........
#1111111111
#assigned_pet=-1,-1,-1,-1,-1,-1,-1,-1,-1,-1,
#assigned_hub=1,8,7,2,5,6,0,4,-1,3,
#moving_targetting_pos=6,16|26,26|26,16|6,26|16,26|26,6|6,6|16,16|22,29|16,6|
#setting_targetting_pos=-1,-1|-1,-1|-1,-1|-1,-1|-1,-1|-1,-1|-1,-1|-1,-1|22,1|-1,-1|
#type=4,4,4,4,4,4,4,4,0,4,
..........
#1111111111
#assigned_pet=-1,-1,-1,-1,-1,-1,-1,-1,-1,-1,
#assigned_hub=1,8,7,2,5,6,0,4,-1,3,
#moving_targetting_pos=6,16|26,26|26,16|6,26|16,26|26,6|6,6|16,16|22,29|16,6|
#setting_targetting_pos=-1,-1|-1,-1|-1,-1|-1,-1|-1,-1|-1,-1|-1,-1|-1,-1|22,1|-1,-1|
#type=4,4,4,4,4,4,4,4,0,4,
..........
#1111111111
#assigned_pet=-1,-1,-1,-1,-1,-1,-1,-1,-1,-1,
#assigned_hub=1,8,7,2,5,6,0,4,-1,3,
#moving_targetting_pos=6,16|26,26|26,16|6,26|16,26|26,6|6,6|16,16|22,29|16,6|
#setting_targetting_pos=-1,-1|-1,-1|-1,-1|-1,-1|-1,-1|-1,-1|-1,-1|-1,-1|22,1|-1,-1|
#type=4,4,4,4,4,4,4,4,0,4,
..........
#1111111111
#assigned_pet=-1,-1,-1,-1,-1,-1,-1,-1,-1,-1,
#assigned_hub=1,8,7,2,5,6,0,4,-1,3,
#moving_targetting_pos=6,16|26,26|26,16|6,26|16,26|26,6|6,6|16,16|22,29|16,6|
#setting_targetting_pos=-1,-1|-1,-1|-1,-1|-1,-1|-1,-1|-1,-1|-1,-1|-1,-1|22,1|-1,-1|
#type=4,4,4,4,4,4,4,4,0,4,
..........
#1111111111
#assigned_pet=-1,-1,-1,-1,-1,-1,-1,-1,-1,-1,
#assigned_hub=1,8,7,2,5,6,0,4,-1,3,
#moving_targetting_pos=6,16|26,26|26,16|6,26|16,26|26,6|6,6|16,16|22,29|16,6|
#setting_targetting_pos=-1,-1|-1,-1|-1,-1|-1,-1|-1,-1|-1,-1|-1,-1|-1,-1|22,1|-1,-1|
#type=4,4,4,4,4,4,4,4,0,4,
..........
#1111111111
#assigned_pet=-1,-1,-1,-1,-1,-1,-1,-1,-1,-1,
#assigned_hub=1,8,7,2,5,6,0,4,-1,3,
#moving_targetting_pos=6,16|26,26|26,16|6,26|16,26|26,6|6,6|16,16|22,29|16,6|
#setting_targetting_pos=-1,-1|-1,-1|-1,-1|-1,-1|-1,-1|-1,-1|-1,-1|-1,-1|22,1|-1,-1|
#type=4,4,4,4,4,4,4,4,0,4,
..........
#1111111111
#assigned_pet=-1,-1,-1,-1,-1,-1,-1,-1,-1,-1,
#assigned_hub=1,8,7,2,5,6,0,4,-1,3,
#moving_targetting_pos=6,16|26,26|26,16|6,26|16,26|26,6|6,6|16,16|22,29|16,6|
#setting_targetting_pos=-1,-1|-1,-1|-1,-1|-1,-1|-1,-1|-1,-1|-1,-1|-1,-1|22,1|-1,-1|
#type=4,4,4,4,4,4,4,4,0,4,
..........
#1111111111
#assigned_pet=-1,-1,-1,-1,-1,-1,-1,-1,-1,-1,
#assigned_hub=1,8,7,2,5,6,0,4,-1,3,
#moving_targetting_pos=6,16|26,26|26,16|6,26|16,26|26,6|6,6|16,16|22,29|16,6|
#setting_targetting_pos=-1,-1|-1,-1|-1,-1|-1,-1|-1,-1|-1,-1|-1,-1|-1,-1|22,1|-1,-1|
#type=4,4,4,4,4,4,4,4,0,4,
..........
#1111111111
#assigned_pet=-1,-1,-1,-1,-1,-1,-1,-1,-1,-1,
#assigned_hub=1,8,7,2,5,6,0,4,-1,3,
#moving_targetting_pos=6,16|26,26|26,16|6,26|16,26|26,6|6,6|16,16|22,29|16,6|
#setting_targetting_pos=-1,-1|-1,-1|-1,-1|-1,-1|-1,-1|-1,-1|-1,-1|-1,-1|22,1|-1,-1|
#type=4,4,4,4,4,4,4,4,0,4,
..........
#1111111111
#assigned_pet=-1,-1,-1,-1,-1,-1,-1,-1,-1,-1,
#assigned_hub=1,8,7,2,5,6,0,4,-1,3,
#moving_targetting_pos=6,16|26,26|26,16|6,26|16,26|26,6|6,6|16,16|22,29|16,6|
#setting_targetting_pos=-1,-1|-1,-1|-1,-1|-1,-1|-1,-1|-1,-1|-1,-1|-1,-1|22,1|-1,-1|
#type=4,4,4,4,4,4,4,4,0,4,
..........
#1111111111
#assigned_pet=-1,-1,-1,-1,-1,-1,-1,-1,-1,-1,
#assigned_hub=1,8,7,2,5,6,0,4,-1,3,
#moving_targetting_pos=6,16|26,26|26,16|6,26|16,26|26,6|6,6|16,16|22,29|16,6|
#setting_targetting_pos=-1,-1|-1,-1|-1,-1|-1,-1|-1,-1|-1,-1|-1,-1|-1,-1|22,1|-1,-1|
#type=4,4,4,4,4,4,4,4,0,4,
..........
#1111111111
#assigned_pet=-1,-1,-1,-1,-1,-1,-1,-1,-1,-1,
#assigned_hub=1,8,7,2,5,6,0,4,-1,3,
#moving_targetting_pos=6,16|26,26|26,16|6,26|16,26|26,6|6,6|16,16|22,29|16,6|
#setting_targetting_pos=-1,-1|-1,-1|-1,-1|-1,-1|-1,-1|-1,-1|-1,-1|-1,-1|22,1|-1,-1|
#type=4,4,4,4,4,4,4,4,0,4,
..........
#1111111111
#assigned_pet=-1,-1,-1,-1,-1,-1,-1,-1,-1,-1,
#assigned_hub=1,8,7,2,5,6,0,4,-1,3,
#moving_targetting_pos=6,16|26,26|26,16|6,26|16,26|26,6|6,6|16,16|22,29|16,6|
#setting_targetting_pos=-1,-1|-1,-1|-1,-1|-1,-1|-1,-1|-1,-1|-1,-1|-1,-1|22,1|-1,-1|
#type=4,4,4,4,4,4,4,4,0,4,
..........
#1111111111
#assigned_pet=-1,-1,-1,-1,-1,-1,-1,-1,-1,-1,
#assigned_hub=1,8,7,2,5,6,0,4,-1,3,
#moving_targetting_pos=6,16|26,26|26,16|6,26|16,26|26,6|6,6|16,16|22,29|16,6|
#setting_targetting_pos=-1,-1|-1,-1|-1,-1|-1,-1|-1,-1|-1,-1|-1,-1|-1,-1|22,1|-1,-1|
#type=4,4,4,4,4,4,4,4,0,4,
..........
#1111111111
#assigned_pet=-1,-1,-1,-1,-1,-1,-1,-1,-1,-1,
#assigned_hub=1,8,7,2,5,6,0,4,-1,3,
#moving_targetting_pos=6,16|26,26|26,16|6,26|16,26|26,6|6,6|16,16|22,29|16,6|
#setting_targetting_pos=-1,-1|-1,-1|-1,-1|-1,-1|-1,-1|-1,-1|-1,-1|-1,-1|22,1|-1,-1|
#type=4,4,4,4,4,4,4,4,0,4,
..........
#1111111111
#assigned_pet=-1,-1,-1,-1,-1,-1,-1,-1,-1,-1,
#assigned_hub=1,8,7,2,5,6,0,4,-1,3,
#moving_targetting_pos=6,16|26,26|26,16|6,26|16,26|26,6|6,6|16,16|22,29|16,6|
#setting_targetting_pos=-1,-1|-1,-1|-1,-1|-1,-1|-1,-1|-1,-1|-1,-1|-1,-1|22,1|-1,-1|
#type=4,4,4,4,4,4,4,4,0,4,
..........
#1111111111
#assigned_pet=-1,-1,-1,-1,-1,-1,-1,-1,-1,-1,
#assigned_hub=1,8,7,2,5,6,0,4,-1,3,
#moving_targetting_pos=6,16|26,26|26,16|6,26|16,26|26,6|6,6|16,16|22,29|16,6|
#setting_targetting_pos=-1,-1|-1,-1|-1,-1|-1,-1|-1,-1|-1,-1|-1,-1|-1,-1|22,1|-1,-1|
#type=4,4,4,4,4,4,4,4,0,4,
..........
#1111111111
#assigned_pet=-1,-1,-1,-1,-1,-1,-1,-1,-1,-1,
#assigned_hub=1,8,7,2,5,6,0,4,-1,3,
#moving_targetting_pos=6,16|26,26|26,16|6,26|16,26|26,6|6,6|16,16|22,29|16,6|
#setting_targetting_pos=-1,-1|-1,-1|-1,-1|-1,-1|-1,-1|-1,-1|-1,-1|-1,-1|22,1|-1,-1|
#type=4,4,4,4,4,4,4,4,0,4,
..........
#1111111111
#assigned_pet=-1,-1,-1,-1,-1,-1,-1,-1,-1,-1,
#assigned_hub=1,8,7,2,5,6,0,4,-1,3,
#moving_targetting_pos=6,16|26,26|26,16|6,26|16,26|26,6|6,6|16,16|22,29|16,6|
#setting_targetting_pos=-1,-1|-1,-1|-1,-1|-1,-1|-1,-1|-1,-1|-1,-1|-1,-1|22,1|-1,-1|
#type=4,4,4,4,4,4,4,4,0,4,
..........
#1111111111
#assigned_pet=-1,-1,-1,-1,-1,-1,-1,-1,-1,-1,
#assigned_hub=1,8,7,2,5,6,0,4,-1,3,
#moving_targetting_pos=6,16|26,26|26,16|6,26|16,26|26,6|6,6|16,16|22,29|16,6|
#setting_targetting_pos=-1,-1|-1,-1|-1,-1|-1,-1|-1,-1|-1,-1|-1,-1|-1,-1|22,1|-1,-1|
#type=4,4,4,4,4,4,4,4,0,4,
..........
#1111111111
#assigned_pet=-1,-1,-1,-1,-1,-1,-1,-1,-1,-1,
#assigned_hub=1,8,7,2,5,6,0,4,-1,3,
#moving_targetting_pos=6,16|26,26|26,16|6,26|16,26|26,6|6,6|16,16|22,29|16,6|
#setting_targetting_pos=-1,-1|-1,-1|-1,-1|-1,-1|-1,-1|-1,-1|-1,-1|-1,-1|22,1|-1,-1|
#type=4,4,4,4,4,4,4,4,0,4,
..........
#1111111111
#assigned_pet=-1,-1,-1,-1,-1,-1,-1,-1,-1,-1,
#assigned_hub=1,8,7,2,5,6,0,4,-1,3,
#moving_targetting_pos=6,16|26,26|26,16|6,26|16,26|26,6|6,6|16,16|22,29|16,6|
#setting_targetting_pos=-1,-1|-1,-1|-1,-1|-1,-1|-1,-1|-1,-1|-1,-1|-1,-1|22,1|-1,-1|
#type=4,4,4,4,4,4,4,4,0,4,
..........
#1111111111
#assigned_pet=-1,-1,-1,-1,-1,-1,-1,-1,-1,-1,
#assigned_hub=1,8,7,2,5,6,0,4,-1,3,
#moving_targetting_pos=6,16|26,26|26,16|6,26|16,26|26,6|6,6|16,16|22,29|16,6|
#setting_targetting_pos=-1,-1|-1,-1|-1,-1|-1,-1|-1,-1|-1,-1|-1,-1|-1,-1|22,1|-1,-1|
#type=4,4,4,4,4,4,4,4,0,4,
..........
#1111111111
#assigned_pet=-1,-1,-1,-1,-1,-1,-1,-1,-1,-1,
#assigned_hub=1,8,7,2,5,6,0,4,-1,3,
#moving_targetting_pos=6,16|26,26|26,16|6,26|16,26|26,6|6,6|16,16|22,29|16,6|
#setting_targetting_pos=-1,-1|-1,-1|-1,-1|-1,-1|-1,-1|-1,-1|-1,-1|-1,-1|22,1|-1,-1|
#type=4,4,4,4,4,4,4,4,0,4,
..........
#1111111111
#assigned_pet=-1,-1,-1,-1,-1,-1,-1,-1,-1,-1,
#assigned_hub=1,8,7,2,5,6,0,4,-1,3,
#moving_targetting_pos=6,16|26,26|26,16|6,26|16,26|26,6|6,6|16,16|22,29|16,6|
#setting_targetting_pos=-1,-1|-1,-1|-1,-1|-1,-1|-1,-1|-1,-1|-1,-1|-1,-1|22,1|-1,-1|
#type=4,4,4,4,4,4,4,4,0,4,
..........
#1111111111
#assigned_pet=-1,-1,-1,-1,-1,-1,-1,-1,-1,-1,
#assigned_hub=1,8,7,2,5,6,0,4,-1,3,
#moving_targetting_pos=6,16|26,26|26,16|6,26|16,26|26,6|6,6|16,16|22,29|16,6|
#setting_targetting_pos=-1,-1|-1,-1|-1,-1|-1,-1|-1,-1|-1,-1|-1,-1|-1,-1|22,1|-1,-1|
#type=4,4,4,4,4,4,4,4,0,4,
..........
