#predicted_score_long=4.9722e+07
#predicted_score_short=4.36568e+07
#SHORT_BAR=0
#0000000000000000000
#assigned_pet=-1,-1,-1,-1,-1,-1,-1,
#assigned_hub=-1,-1,-1,-1,-1,-1,-1,
#moving_targetting_pos=22,1|12,29|9,2|15,30|5,1|2,29|19,2|
#setting_targetting_pos=22,29|12,1|9,30|15,1|5,30|2,1|19,30|
#type=1,1,1,1,1,1,1,
LRLULRL
#0000000000000000000
#assigned_pet=-1,-1,-1,-1,-1,-1,-1,
#assigned_hub=-1,-1,-1,-1,-1,-1,-1,
#moving_targetting_pos=22,1|12,29|9,2|15,30|5,1|2,29|19,2|
#setting_targetting_pos=22,29|12,1|9,30|15,1|5,30|2,1|19,30|
#type=1,1,1,2,1,1,1,
LRLdLRL
#0000000000000000000
#assigned_pet=-1,-1,-1,-1,-1,-1,-1,
#assigned_hub=-1,-1,-1,-1,-1,-1,-1,
#moving_targetting_pos=22,1|12,29|9,2|15,30|5,1|2,29|19,2|
#setting_targetting_pos=22,29|12,1|9,30|15,1|5,30|2,1|19,30|
#type=1,1,1,2,1,1,1,
URLLLRL
#0000000000000000000
#assigned_pet=-1,-1,-1,-1,-1,-1,-1,
#assigned_hub=-1,-1,-1,-1,-1,-1,-1,
#moving_targetting_pos=22,1|12,29|9,2|15,30|5,1|2,29|19,2|
#setting_targetting_pos=22,29|12,1|9,30|15,1|5,30|2,1|19,30|
#type=2,1,1,2,1,1,1,
uRLdURL
#0000000000000000000
#assigned_pet=-1,-1,-1,-1,-1,-1,-1,
#assigned_hub=-1,-1,-1,-1,-1,-1,-1,
#moving_targetting_pos=22,1|12,29|9,2|15,30|5,1|2,29|19,2|
#setting_targetting_pos=22,29|12,1|9,30|15,1|5,30|2,1|19,30|
#type=2,1,1,2,2,1,1,
RRLLdUL
#0000000000000000000
#assigned_pet=-1,-1,-1,-1,-1,-1,-1,
#assigned_hub=-1,-1,-1,-1,-1,-1,-1,
#moving_targetting_pos=22,1|12,29|9,2|15,30|5,1|2,29|19,2|
#setting_targetting_pos=22,29|12,1|9,30|15,1|5,30|2,1|19,30|
#type=2,1,1,2,2,1,1,
RRL.RUL
#0000000000000000000
#assigned_pet=-1,-1,-1,-1,-1,-1,-1,
#assigned_hub=-1,-1,-1,-1,-1,-1,-1,
#moving_targetting_pos=22,1|12,29|9,2|15,30|5,1|2,29|19,2|
#setting_targetting_pos=22,29|12,1|9,30|15,1|5,30|2,1|19,30|
#type=2,1,1,2,2,1,1,
lRLudUL
#0000000000000000000
#assigned_pet=-1,-1,-1,-1,-1,-1,-1,
#assigned_hub=-1,-1,-1,-1,-1,-1,-1,
#moving_targetting_pos=22,1|12,29|9,2|15,30|5,1|2,29|19,2|
#setting_targetting_pos=22,29|12,1|9,30|15,1|5,30|2,1|19,30|
#type=2,1,1,2,2,2,1,
dRLLRrR
#0000000000000000000
#assigned_pet=-1,-1,-1,-1,-1,-1,-1,
#assigned_hub=-1,-1,-1,-1,-1,-1,-1,
#moving_targetting_pos=22,1|12,29|9,2|15,30|5,1|2,29|19,2|
#setting_targetting_pos=22,29|12,1|9,30|15,1|5,30|2,1|19,30|
#type=2,1,1,2,2,2,1,
RRLLddD
#0000000000000000000
#assigned_pet=-1,-1,-1,-1,-1,-1,-1,
#assigned_hub=-1,-1,-1,-1,-1,-1,-1,
#moving_targetting_pos=22,1|12,29|9,2|15,30|5,1|2,29|19,2|
#setting_targetting_pos=22,29|12,1|9,30|15,1|5,30|2,1|19,30|
#type=2,1,1,2,2,2,1,
RULLRLR
#0000000000000000000
#assigned_pet=-1,-1,-1,-1,-1,-1,-1,
#assigned_hub=-1,-1,-1,-1,-1,-1,-1,
#moving_targetting_pos=22,1|12,29|9,2|15,30|5,1|2,29|19,2|
#setting_targetting_pos=22,29|12,1|9,30|15,1|5,30|2,1|19,30|
#type=2,2,1,2,2,2,1,
RrLLuLD
#0000000000000000000
#assigned_pet=-1,-1,-1,-1,-1,-1,-1,
#assigned_hub=-1,-1,-1,-1,-1,-1,-1,
#moving_targetting_pos=22,1|12,29|9,2|15,30|5,1|2,29|19,2|
#setting_targetting_pos=22,29|12,1|9,30|15,1|5,30|2,1|19,30|
#type=2,2,1,2,2,2,1,
ddLuRLR
#0000000000000000000
#assigned_pet=-1,-1,-1,-1,-1,-1,-1,
#assigned_hub=-1,-1,-1,-1,-1,-1,-1,
#moving_targetting_pos=22,1|12,29|9,2|15,30|5,1|2,29|19,2|
#setting_targetting_pos=22,29|12,1|9,30|15,1|5,30|2,1|19,30|
#type=2,2,1,2,2,2,1,
uLLLRdD
#0000000000000000000
#assigned_pet=-1,-1,-1,-1,-1,-1,-1,
#assigned_hub=-1,-1,-1,-1,-1,-1,-1,
#moving_targetting_pos=22,1|12,29|9,2|15,30|5,1|2,29|19,2|
#setting_targetting_pos=22,29|12,1|9,30|15,1|5,30|2,1|19,30|
#type=2,2,1,2,2,2,1,
RLDdRuD
#0000000000000000000
#assigned_pet=-1,-1,-1,-1,-1,-1,-1,
#assigned_hub=-1,-1,-1,-1,-1,-1,-1,
#moving_targetting_pos=22,1|12,29|9,2|15,30|5,1|2,29|19,2|
#setting_targetting_pos=22,29|12,1|9,30|15,1|5,30|2,1|19,30|
#type=2,2,1,2,2,2,1,
lLDLRLL
#0000000000000000000
#assigned_pet=-1,-1,-1,-1,-1,-1,-1,
#assigned_hub=-1,-1,-1,-1,-1,-1,-1,
#moving_targetting_pos=22,1|12,29|9,2|15,30|5,1|2,29|19,2|
#setting_targetting_pos=22,29|12,1|9,30|15,1|5,30|2,1|19,30|
#type=2,2,2,2,2,2,1,
RdddurD
#0000000000000000000
#assigned_pet=-1,-1,-1,-1,-1,-1,-1,
#assigned_hub=-1,-1,-1,-1,-1,-1,-1,
#moving_targetting_pos=22,1|12,29|9,2|15,30|5,1|2,29|19,2|
#setting_targetting_pos=22,29|12,1|9,30|15,1|5,30|2,1|19,30|
#type=2,2,2,2,2,2,1,
R.RLRLD
#0000000000000000000
#assigned_pet=-1,-1,-1,-1,-1,-1,-1,
#assigned_hub=-1,-1,-1,-1,-1,-1,-1,
#moving_targetting_pos=22,1|12,29|9,2|15,30|5,1|2,29|19,2|
#setting_targetting_pos=22,29|12,1|9,30|15,1|5,30|2,1|19,30|
#type=2,2,2,2,2,2,1,
d.RddLL
#0000000000000000000
#assigned_pet=-1,-1,-1,-1,-1,-1,-1,
#assigned_hub=-1,-1,-1,-1,-1,-1,-1,
#moving_targetting_pos=22,1|12,29|9,2|15,30|5,1|2,29|19,2|
#setting_targetting_pos=22,29|12,1|9,30|15,1|5,30|2,1|19,30|
#type=2,2,2,2,2,2,1,
R.lLRdD
#0000000000000000000
#assigned_pet=-1,-1,-1,-1,-1,-1,-1,
#assigned_hub=-1,-1,-1,-1,-1,-1,-1,
#moving_targetting_pos=22,1|12,29|9,2|15,30|5,1|2,29|19,2|
#setting_targetting_pos=22,29|12,1|9,30|15,1|5,30|2,1|19,30|
#type=2,2,2,2,2,2,1,
Ru.ddLR
#0000000000000000000
#assigned_pet=-1,-1,-1,-1,-1,-1,-1,
#assigned_hub=-1,-1,-1,-1,-1,-1,-1,
#moving_targetting_pos=22,1|12,29|9,2|15,30|5,1|2,29|19,2|
#setting_targetting_pos=22,29|12,1|9,30|15,1|5,30|2,1|19,30|
#type=2,2,2,2,2,2,1,
lL.LRLD
#0000000000000000000
#assigned_pet=-1,-1,-1,-1,-1,-1,-1,
#assigned_hub=-1,-1,-1,-1,-1,-1,-1,
#moving_targetting_pos=22,1|12,29|9,2|15,30|5,1|2,29|19,2|
#setting_targetting_pos=22,29|12,1|9,30|15,1|5,30|2,1|19,30|
#type=2,2,2,2,2,2,1,
u..ddrD
#0000000000000000000
#assigned_pet=-1,-1,-1,-1,-1,-1,-1,
#assigned_hub=-1,-1,-1,-1,-1,-1,-1,
#moving_targetting_pos=22,1|12,29|9,2|15,30|5,1|2,29|19,2|
#setting_targetting_pos=22,29|12,1|9,30|15,1|5,30|2,1|19,30|
#type=2,2,2,2,2,2,1,
Rr.LRuL
#0000000000000000000
#assigned_pet=-1,-1,-1,-1,-1,-1,-1,
#assigned_hub=-1,-1,-1,-1,-1,-1,-1,
#moving_targetting_pos=22,1|12,29|9,2|15,30|5,1|2,29|19,2|
#setting_targetting_pos=22,29|12,1|9,30|15,1|5,30|2,1|19,30|
#type=2,2,2,2,2,2,1,
RLuu.LD
#0000000000000000000
#assigned_pet=-1,-1,-1,-1,-1,-1,-1,
#assigned_hub=-1,-1,-1,-1,-1,-1,-1,
#moving_targetting_pos=22,1|12,29|9,2|15,30|5,1|2,29|19,2|
#setting_targetting_pos=22,29|12,1|9,30|15,1|5,30|2,1|19,30|
#type=2,2,2,2,2,2,1,
lLRL.LL
#0000000000000000000
#assigned_pet=-1,-1,-1,-1,-1,-1,-1,
#assigned_hub=-1,-1,-1,-1,-1,-1,-1,
#moving_targetting_pos=22,1|12,29|9,2|15,30|5,1|2,29|19,2|
#setting_targetting_pos=22,29|12,1|9,30|15,1|5,30|2,1|19,30|
#type=2,2,2,2,2,2,1,
ddRL.rD
#0000000000000000000
#assigned_pet=-1,-1,-1,-1,-1,-1,-1,
#assigned_hub=-1,-1,-1,-1,-1,-1,-1,
#moving_targetting_pos=22,1|12,29|9,2|15,30|5,1|2,29|19,2|
#setting_targetting_pos=22,29|12,1|9,30|15,1|5,30|2,1|19,30|
#type=2,2,2,2,2,2,1,
RLdLddD
#0000000000000000000
#assigned_pet=-1,-1,-1,-1,-1,-1,-1,
#assigned_hub=-1,-1,-1,-1,-1,-1,-1,
#moving_targetting_pos=22,1|12,29|9,2|15,30|5,1|2,29|19,2|
#setting_targetting_pos=22,29|12,1|9,30|15,1|5,30|2,1|19,30|
#type=2,2,2,2,2,2,1,
RLRLRLD
#0000000000000000000
#assigned_pet=-1,-1,-1,-1,-1,-1,-1,
#assigned_hub=-1,-1,-1,-1,-1,-1,-1,
#moving_targetting_pos=22,1|12,29|9,2|15,30|5,1|2,29|19,2|
#setting_targetting_pos=22,29|12,1|9,30|15,1|5,30|2,1|19,30|
#type=2,2,2,2,2,2,1,
Rrl.dLD
#0000000000000000000
#assigned_pet=-1,-1,-1,-1,-1,-1,-1,
#assigned_hub=-1,-1,-1,-1,-1,-1,-1,
#moving_targetting_pos=22,1|12,29|9,2|15,30|5,1|2,29|19,2|
#setting_targetting_pos=22,29|12,1|9,30|15,1|5,30|2,1|19,30|
#type=2,2,2,2,2,2,1,
duRuRLD
#0000000000000000000
#assigned_pet=-1,-1,-1,-1,-1,-1,-1,
#assigned_hub=-1,-1,-1,-1,-1,-1,-1,
#moving_targetting_pos=22,1|12,29|9,2|15,30|5,1|2,29|19,2|
#setting_targetting_pos=22,29|12,1|9,30|15,1|5,30|2,1|19,30|
#type=2,2,2,2,2,2,1,
uL.LudD
#0000000000000000000
#assigned_pet=-1,-1,-1,-1,-1,-1,-1,
#assigned_hub=-1,-1,-1,-1,-1,-1,-1,
#moving_targetting_pos=22,1|12,29|9,2|15,30|5,1|2,29|19,2|
#setting_targetting_pos=22,29|12,1|9,30|15,1|5,30|2,1|19,30|
#type=2,2,2,2,2,2,1,
RL.dRuD
#0000000000000000000
#assigned_pet=-1,-1,-1,-1,-1,-1,-1,
#assigned_hub=-1,-1,-1,-1,-1,-1,-1,
#moving_targetting_pos=22,1|12,29|9,2|15,30|5,1|2,29|19,2|
#setting_targetting_pos=22,29|12,1|9,30|15,1|5,30|2,1|19,30|
#type=2,2,2,2,2,2,1,
lruLRLD
#0000000000000000000
#assigned_pet=-1,-1,-1,-1,-1,-1,-1,
#assigned_hub=-1,-1,-1,-1,-1,-1,-1,
#moving_targetting_pos=22,1|12,29|9,2|15,30|5,1|2,29|19,2|
#setting_targetting_pos=22,29|12,1|9,30|15,1|5,30|2,1|19,30|
#type=2,2,2,2,2,2,2,
RdRdR.d
#0000000000000000000
#assigned_pet=-1,-1,-1,-1,-1,-1,-1,
#assigned_hub=-1,-1,-1,-1,-1,-1,-1,
#moving_targetting_pos=22,1|12,29|9,2|15,30|5,1|2,29|19,2|
#setting_targetting_pos=22,29|12,1|9,30|15,1|5,30|2,1|19,30|
#type=2,2,2,2,2,2,2,
RLRLR.R
#0000000000000000000
#assigned_pet=-1,-1,-1,-1,-1,-1,-1,
#assigned_hub=-1,-1,-1,-1,-1,-1,-1,
#moving_targetting_pos=22,1|12,29|9,2|15,30|5,1|2,29|19,2|
#setting_targetting_pos=22,29|12,1|9,30|15,1|5,30|2,1|19,30|
#type=2,2,2,2,2,2,2,
dLldu.R
#0000000000000000000
#assigned_pet=-1,-1,-1,-1,-1,-1,-1,
#assigned_hub=-1,-1,-1,-1,-1,-1,-1,
#moving_targetting_pos=22,1|12,29|9,2|15,30|5,1|2,29|19,2|
#setting_targetting_pos=22,29|12,1|9,30|15,1|5,30|2,1|19,30|
#type=2,2,2,2,2,2,2,
RLdLR.l
#0000000000000000000
#assigned_pet=-1,-1,-1,-1,-1,-1,-1,
#assigned_hub=-1,-1,-1,-1,-1,-1,-1,
#moving_targetting_pos=22,1|12,29|9,2|15,30|5,1|2,29|19,2|
#setting_targetting_pos=22,29|12,1|9,30|15,1|5,30|2,1|19,30|
#type=2,2,2,2,2,2,2,
RdR..ru
#0000000000000000000
#assigned_pet=-1,-1,-1,-1,-1,-1,-1,
#assigned_hub=-1,-1,-1,-1,-1,-1,-1,
#moving_targetting_pos=22,1|12,29|9,2|15,30|5,1|2,29|19,2|
#setting_targetting_pos=22,29|12,1|9,30|15,1|5,30|2,1|19,30|
#type=2,2,2,2,2,2,2,
l.R..LR
#0000000000000000000
#assigned_pet=-1,-1,-1,-1,-1,-1,-1,
#assigned_hub=-1,-1,-1,-1,-1,-1,-1,
#moving_targetting_pos=22,1|12,29|9,2|15,30|5,1|2,29|19,2|
#setting_targetting_pos=22,29|12,1|9,30|15,1|5,30|2,1|19,30|
#type=2,2,2,2,2,2,2,
u.d..LR
#0000000000000000000
#assigned_pet=-1,-1,-1,-1,-1,-1,-1,
#assigned_hub=-1,-1,-1,-1,-1,-1,-1,
#moving_targetting_pos=22,1|12,29|9,2|15,30|5,1|2,29|19,2|
#setting_targetting_pos=22,29|12,1|9,30|15,1|5,30|2,1|19,30|
#type=2,2,2,2,2,2,2,
R.R.ddd
#0000000000000000000
#assigned_pet=-1,-1,-1,-1,-1,-1,-1,
#assigned_hub=-1,-1,-1,-1,-1,-1,-1,
#moving_targetting_pos=22,1|12,29|9,2|15,30|5,1|2,29|19,2|
#setting_targetting_pos=22,29|12,1|9,30|15,1|5,30|2,1|19,30|
#type=2,2,2,2,2,2,2,
R.R.RLR
#0000000000000000000
#assigned_pet=-1,-1,-1,-1,-1,-1,-1,
#assigned_hub=-1,-1,-1,-1,-1,-1,-1,
#moving_targetting_pos=22,1|12,29|9,2|15,30|5,1|2,29|19,2|
#setting_targetting_pos=22,29|12,1|9,30|15,1|5,30|2,1|19,30|
#type=2,2,2,2,2,2,2,
lul.dLl
#0000000000000000000
#assigned_pet=-1,-1,-1,-1,-1,-1,-1,
#assigned_hub=-1,-1,-1,-1,-1,-1,-1,
#moving_targetting_pos=22,1|12,29|9,2|15,30|5,1|2,29|19,2|
#setting_targetting_pos=22,29|12,1|9,30|15,1|5,30|2,1|19,30|
#type=2,2,2,2,2,2,2,
dLudRrR
#0000000000000000000
#assigned_pet=-1,-1,-1,-1,-1,-1,-1,
#assigned_hub=-1,-1,-1,-1,-1,-1,-1,
#moving_targetting_pos=22,1|12,29|9,2|15,30|5,1|2,29|19,2|
#setting_targetting_pos=22,29|12,1|9,30|15,1|5,30|2,1|19,30|
#type=2,2,2,2,2,2,2,
RrRL.uu
#0000000000000000000
#assigned_pet=-1,-1,-1,-1,-1,-1,-1,
#assigned_hub=-1,-1,-1,-1,-1,-1,-1,
#moving_targetting_pos=22,1|12,29|9,2|15,30|5,1|2,29|19,2|
#setting_targetting_pos=22,29|12,1|9,30|15,1|5,30|2,1|19,30|
#type=2,2,2,2,2,2,2,
RLRd.LR
#0000000000000000000
#assigned_pet=-1,-1,-1,-1,-1,-1,-1,
#assigned_hub=-1,-1,-1,-1,-1,-1,-1,
#moving_targetting_pos=22,1|12,29|9,2|15,30|5,1|2,29|19,2|
#setting_targetting_pos=22,29|12,1|9,30|15,1|5,30|2,1|19,30|
#type=2,2,2,2,2,2,2,
RLdLdLR
#0000000000000000000
#assigned_pet=-1,-1,-1,-1,-1,-1,-1,
#assigned_hub=-1,-1,-1,-1,-1,-1,-1,
#moving_targetting_pos=22,1|12,29|9,2|15,30|5,1|2,29|19,2|
#setting_targetting_pos=22,29|12,1|9,30|15,1|5,30|2,1|19,30|
#type=2,2,2,2,2,2,2,
ddRuRrl
#0000000000000000000
#assigned_pet=-1,-1,-1,-1,-1,-1,-1,
#assigned_hub=-1,-1,-1,-1,-1,-1,-1,
#moving_targetting_pos=22,1|12,29|9,2|15,30|5,1|2,29|19,2|
#setting_targetting_pos=22,29|12,1|9,30|15,1|5,30|2,1|19,30|
#type=2,2,2,2,2,2,2,
uLlLddd
#0000000000000000000
#assigned_pet=-1,-1,-1,-1,-1,-1,-1,
#assigned_hub=-1,-1,-1,-1,-1,-1,-1,
#moving_targetting_pos=22,1|12,29|9,2|15,30|5,1|2,29|19,2|
#setting_targetting_pos=22,29|12,1|9,30|15,1|5,30|2,1|19,30|
#type=2,2,2,2,2,2,2,
RLRLRLR
#0000000000000000000
#assigned_pet=-1,-1,-1,-1,-1,-1,-1,
#assigned_hub=-1,-1,-1,-1,-1,-1,-1,
#moving_targetting_pos=22,1|12,29|9,2|15,30|5,1|2,29|19,2|
#setting_targetting_pos=22,29|12,1|9,30|15,1|5,30|2,1|19,30|
#type=2,2,2,2,2,2,2,
lruLdLR
#0000000000000000000
#assigned_pet=-1,-1,-1,-1,-1,-1,-1,
#assigned_hub=-1,-1,-1,-1,-1,-1,-1,
#moving_targetting_pos=22,1|12,29|9,2|15,30|5,1|2,29|19,2|
#setting_targetting_pos=22,29|12,1|9,30|15,1|5,30|2,1|19,30|
#type=2,2,2,2,2,2,2,
RuRLRL.
#0000000000000000000
#assigned_pet=-1,-1,-1,-1,-1,-1,-1,
#assigned_hub=-1,-1,-1,-1,-1,-1,-1,
#moving_targetting_pos=22,1|12,29|9,2|15,30|5,1|2,29|19,2|
#setting_targetting_pos=22,29|12,1|9,30|15,1|5,30|2,1|19,30|
#type=2,2,2,2,2,2,2,
RLRuudd
#0000000000000000000
#assigned_pet=-1,-1,-1,-1,-1,-1,-1,
#assigned_hub=-1,-1,-1,-1,-1,-1,-1,
#moving_targetting_pos=22,1|12,29|9,2|15,30|5,1|2,29|19,2|
#setting_targetting_pos=22,29|12,1|9,30|15,1|5,30|2,1|19,30|
#type=2,2,2,2,2,2,2,
rLlLRuR
#0000000000000000000
#assigned_pet=-1,-1,-1,-1,-1,-1,-1,
#assigned_hub=-1,-1,-1,-1,-1,-1,-1,
#moving_targetting_pos=22,1|12,29|9,2|15,30|5,1|2,29|19,2|
#setting_targetting_pos=22,29|12,1|9,30|15,1|5,30|2,1|19,30|
#type=2,2,2,2,2,2,2,
drddRLR
#0000000000000000000
#assigned_pet=-1,-1,-1,-1,-1,-1,-1,
#assigned_hub=-1,-1,-1,-1,-1,-1,-1,
#moving_targetting_pos=25,30|12,29|9,2|15,30|5,1|2,29|19,2|
#setting_targetting_pos=25,1|12,1|9,30|15,1|5,30|2,1|19,30|
#type=1,2,2,2,2,2,2,
LdRLRru
#0000000000000000000
#assigned_pet=-1,-1,-1,-1,-1,-1,-1,
#assigned_hub=-1,-1,-1,-1,-1,-1,-1,
#moving_targetting_pos=25,30|12,29|9,2|15,30|5,1|2,29|19,2|
#setting_targetting_pos=25,1|12,1|9,30|15,1|5,30|2,1|19,30|
#type=1,2,2,2,2,2,2,
DLRdRLl
#0000000000000000000
#assigned_pet=-1,-1,-1,-1,-1,-1,-1,
#assigned_hub=-1,-1,-1,-1,-1,-1,-1,
#moving_targetting_pos=25,30|12,29|9,2|15,30|5,1|2,29|19,2|
#setting_targetting_pos=25,1|12,1|9,30|15,1|5,30|2,1|19,30|
#type=1,2,2,2,2,2,2,
DLdLuLR
#0000000000000000000
#assigned_pet=-1,-1,-1,-1,-1,-1,-1,
#assigned_hub=-1,-1,-1,-1,-1,-1,-1,
#moving_targetting_pos=25,30|12,29|9,2|15,30|5,1|2,29|19,2|
#setting_targetting_pos=25,1|12,1|9,30|15,1|5,30|2,1|19,30|
#type=1,2,2,2,2,2,2,
RLRdRdR
#0000000000000000000
#assigned_pet=-1,-1,-1,-1,-1,-1,-1,
#assigned_hub=-1,-1,-1,-1,-1,-1,-1,
#moving_targetting_pos=25,30|12,29|9,2|29,2|5,1|2,29|19,2|
#setting_targetting_pos=25,1|12,1|9,30|29,30|5,30|2,1|19,30|
#type=1,2,2,1,2,2,2,
RdRRdL.
#0000000000000000000
#assigned_pet=-1,-1,-1,-1,-1,-1,-1,
#assigned_hub=-1,-1,-1,-1,-1,-1,-1,
#moving_targetting_pos=25,30|12,29|9,2|29,2|5,1|2,29|19,2|
#setting_targetting_pos=25,1|12,1|9,30|29,30|5,30|2,1|19,30|
#type=1,2,2,1,2,2,2,
DulRRLd
#0000000000000000000
#assigned_pet=-1,-1,-1,-1,-1,-1,-1,
#assigned_hub=-1,-1,-1,-1,-1,-1,-1,
#moving_targetting_pos=25,30|12,29|9,2|29,2|5,1|2,29|19,2|
#setting_targetting_pos=25,1|12,1|9,30|29,30|5,30|2,1|19,30|
#type=2,2,2,1,2,2,2,
dLuRdrR
#0000000000000000000
#assigned_pet=-1,-1,-1,-1,-1,-1,-1,
#assigned_hub=-1,-1,-1,-1,2,-1,-1,
#moving_targetting_pos=25,30|12,29|9,2|29,2|6,26|2,29|19,2|
#setting_targetting_pos=25,1|12,1|9,30|29,30|5,30|2,1|19,30|
#type=2,2,2,1,3,2,2,
LrRRLu.
#0000000000000000000
#assigned_pet=-1,-1,-1,-1,-1,-1,-1,
#assigned_hub=-1,-1,-1,-1,2,0,-1,
#moving_targetting_pos=25,30|12,29|9,2|29,2|6,26|6,6|19,2|
#setting_targetting_pos=25,1|12,1|9,30|29,30|-1,-1|2,1|19,30|
#type=2,2,2,1,3,3,2,
dLRDLD.
#0000000000000000000
#assigned_pet=-1,-1,-1,-1,-1,-1,-1,
#assigned_hub=-1,-1,-1,-1,2,1,-1,
#moving_targetting_pos=25,30|12,29|9,2|29,2|6,26|6,16|19,2|
#setting_targetting_pos=25,1|12,1|9,30|29,30|-1,-1|-1,-1|19,30|
#type=2,2,2,1,3,3,2,
LLdDLR.
#0000000000000000000
#assigned_pet=-1,-1,-1,-1,11,-1,-1,
#assigned_hub=-1,-1,-1,-1,2,0,-1,
#moving_targetting_pos=25,30|12,29|9,2|29,2|-1,-1|6,6|19,2|
#setting_targetting_pos=25,1|12,1|9,30|29,30|4,25|-1,-1|19,30|
#type=2,2,2,1,4,3,2,
u.RDLDl
#0000000000000000000
#assigned_pet=-1,-1,-1,-1,11,-1,-1,
#assigned_hub=-1,-1,-1,-1,2,1,-1,
#moving_targetting_pos=25,30|12,29|9,2|29,2|-1,-1|6,16|19,2|
#setting_targetting_pos=25,1|12,1|9,30|29,30|4,25|-1,-1|19,30|
#type=2,2,2,1,4,3,2,
Ld.DLRR
#0000000000010000000
#assigned_pet=-1,-1,-1,-1,11,-1,-1,
#assigned_hub=-1,-1,-1,-1,2,3,-1,
#moving_targetting_pos=25,30|12,29|9,2|29,2|-1,-1|16,6|19,2|
#setting_targetting_pos=25,1|12,1|9,30|29,30|4,25|-1,-1|19,30|
#type=2,2,2,1,5,3,2,
LLlLuDu
#0000000000010000000
#assigned_pet=-1,-1,-1,-1,10,-1,-1,
#assigned_hub=-1,-1,-1,-1,2,0,-1,
#moving_targetting_pos=25,30|12,29|9,2|29,2|-1,-1|6,6|19,2|
#setting_targetting_pos=25,1|12,1|9,30|29,30|7,27|-1,-1|19,30|
#type=2,2,2,1,4,3,2,
LLRDRRR
#0000000000010000000
#assigned_pet=-1,-1,-1,-1,10,-1,-1,
#assigned_hub=-1,-1,-1,-1,2,0,-1,
#moving_targetting_pos=25,30|12,29|9,2|29,2|-1,-1|6,6|19,2|
#setting_targetting_pos=25,1|12,1|9,30|29,30|7,26|-1,-1|19,30|
#type=2,2,2,1,4,3,2,
L..DDRR
#0000000000010000000
#assigned_pet=-1,-1,-1,-1,10,16,-1,
#assigned_hub=-1,-1,-1,-1,2,0,-1,
#moving_targetting_pos=25,30|12,29|9,2|29,2|-1,-1|-1,-1|19,2|
#setting_targetting_pos=25,1|12,1|9,30|29,30|8,26|7,8|19,30|
#type=2,2,2,1,4,4,2,
uuuDDRl
#0000000000010000000
#assigned_pet=-1,-1,-1,-1,10,16,-1,
#assigned_hub=-1,-1,-1,-1,2,0,-1,
#moving_targetting_pos=25,30|12,29|9,2|29,2|-1,-1|-1,-1|19,2|
#setting_targetting_pos=25,1|12,1|9,30|29,30|7,26|7,8|19,30|
#type=2,2,2,1,4,4,2,
L.RDURd
#0000000000010000000
#assigned_pet=-1,-1,-1,-1,10,16,-1,
#assigned_hub=-1,-1,-1,-1,2,0,-1,
#moving_targetting_pos=25,30|12,29|9,2|29,2|-1,-1|-1,-1|19,2|
#setting_targetting_pos=25,1|12,1|9,30|29,30|7,25|7,8|19,30|
#type=2,2,2,1,4,4,2,
drRDLRR
#0000000000010000000
#assigned_pet=-1,-1,-1,-1,10,16,-1,
#assigned_hub=-1,3,-1,-1,2,0,-1,
#moving_targetting_pos=25,30|16,6|9,2|29,2|-1,-1|-1,-1|19,2|
#setting_targetting_pos=25,1|12,1|9,30|29,30|8,25|7,8|19,30|
#type=2,3,2,1,4,4,2,
LD.LDDR
#0000000000010000000
#assigned_pet=-1,-1,-1,-1,9,16,-1,
#assigned_hub=-1,3,-1,-1,2,0,-1,
#moving_targetting_pos=25,30|16,6|9,2|29,2|-1,-1|-1,-1|19,2|
#setting_targetting_pos=25,1|-1,-1|9,30|29,30|8,27|7,8|19,30|
#type=2,3,2,1,4,4,2,
dRlLR..
#0000000000010000000
#assigned_pet=-1,-1,-1,-1,9,16,-1,
#assigned_hub=-1,3,-1,-1,2,0,-1,
#moving_targetting_pos=25,30|16,6|9,2|29,2|-1,-1|-1,-1|19,2|
#setting_targetting_pos=25,1|-1,-1|9,30|29,30|8,27|7,8|19,30|
#type=2,3,2,1,4,4,2,
LD.DR..
#0000000000010000000
#assigned_pet=-1,-1,-1,-1,9,16,-1,
#assigned_hub=-1,3,-1,-1,2,0,-1,
#moving_targetting_pos=25,30|16,6|9,2|29,2|-1,-1|-1,-1|19,2|
#setting_targetting_pos=25,1|-1,-1|9,30|29,30|8,27|7,8|19,30|
#type=2,3,2,1,4,4,2,
dRdD...
#0000000000010000000
#assigned_pet=-1,-1,-1,-1,10,16,-1,
#assigned_hub=-1,3,5,-1,2,0,-1,
#moving_targetting_pos=25,30|16,6|16,26|29,2|-1,-1|-1,-1|19,2|
#setting_targetting_pos=25,1|-1,-1|9,30|29,30|8,25|7,8|19,30|
#type=2,3,3,1,4,4,2,
LDUDL.d
#0000000000010000000
#assigned_pet=-1,-1,-1,-1,10,16,-1,
#assigned_hub=-1,3,5,-1,2,0,-1,
#moving_targetting_pos=25,30|16,6|16,26|29,2|-1,-1|-1,-1|19,2|
#setting_targetting_pos=25,1|-1,-1|-1,-1|29,30|7,25|7,8|19,30|
#type=2,3,3,1,4,4,2,
dRLD..R
#0000000000010000000
#assigned_pet=-1,-1,-1,-1,7,16,-1,
#assigned_hub=-1,3,5,-1,2,0,-1,
#moving_targetting_pos=25,30|16,6|16,26|29,2|-1,-1|-1,-1|19,2|
#setting_targetting_pos=25,1|-1,-1|-1,-1|29,30|7,26|7,8|19,30|
#type=2,3,3,1,4,4,2,
LRUDU.R
#0000000000010000000
#assigned_pet=-1,0,-1,-1,7,0,-1,
#assigned_hub=-1,3,5,-1,2,0,-1,
#moving_targetting_pos=25,30|-1,-1|16,26|29,2|-1,-1|-1,-1|19,2|
#setting_targetting_pos=25,1|14,5|-1,-1|29,30|8,27|8,5|19,30|
#type=2,4,3,2,4,4,2,
d.LdRLl
#0000000000010000000
#assigned_pet=-1,3,-1,-1,7,0,-1,
#assigned_hub=-1,3,5,-1,2,0,-1,
#moving_targetting_pos=25,30|-1,-1|16,26|29,2|-1,-1|-1,-1|19,2|
#setting_targetting_pos=25,1|15,8|-1,-1|29,30|8,27|8,5|19,30|
#type=2,4,3,2,4,4,2,
LRLRDL.
#0000000000010000000
#assigned_pet=-1,3,-1,-1,7,0,-1,
#assigned_hub=-1,3,5,-1,2,0,-1,
#moving_targetting_pos=25,30|-1,-1|16,26|29,2|-1,-1|-1,-1|19,2|
#setting_targetting_pos=25,1|15,8|-1,-1|29,30|7,28|7,5|19,30|
#type=2,4,3,2,4,4,2,
uRDR.L.
#0000000000010000000
#assigned_pet=-1,3,-1,-1,7,0,-1,
#assigned_hub=-1,3,5,-1,2,0,-1,
#moving_targetting_pos=25,30|-1,-1|16,26|29,2|-1,-1|-1,-1|19,2|
#setting_targetting_pos=25,1|15,8|-1,-1|29,30|8,27|8,5|19,30|
#type=2,4,3,2,4,4,2,
L.Dl.Du
#0000000000010000000
#assigned_pet=-1,-1,-1,-1,7,0,-1,
#assigned_hub=-1,3,5,-1,2,0,-1,
#moving_targetting_pos=25,30|-1,-1|16,26|29,2|-1,-1|-1,-1|19,2|
#setting_targetting_pos=25,1|-1,-1|-1,-1|29,30|7,26|7,5|19,30|
#type=2,4,3,2,4,4,2,
L.D..RR
#0000000000010000000
#assigned_pet=-1,-1,-1,-1,7,0,-1,
#assigned_hub=-1,3,5,-1,2,0,-1,
#moving_targetting_pos=25,30|-1,-1|16,26|29,2|-1,-1|-1,-1|19,2|
#setting_targetting_pos=25,1|-1,-1|-1,-1|29,30|7,24|6,5|19,30|
#type=2,4,3,2,4,4,2,
L.D.LLR
#0000000000010000000
#assigned_pet=-1,-1,-1,-1,7,0,-1,
#assigned_hub=-1,3,5,-1,2,0,-1,
#moving_targetting_pos=25,30|-1,-1|16,26|29,2|-1,-1|-1,-1|19,2|
#setting_targetting_pos=25,1|-1,-1|-1,-1|29,30|7,24|5,5|19,30|
#type=2,4,3,2,4,4,2,
L.DuLUd
#0000000000010000000
#assigned_pet=-1,-1,-1,-1,7,0,-1,
#assigned_hub=-1,3,5,-1,2,0,-1,
#moving_targetting_pos=25,30|-1,-1|16,26|29,2|-1,-1|-1,-1|19,2|
#setting_targetting_pos=25,1|-1,-1|-1,-1|29,30|7,24|5,6|19,30|
#type=2,4,3,2,4,4,2,
u.DR.RR
#0000000000010000000
#assigned_pet=-1,-1,-1,-1,7,0,-1,
#assigned_hub=-1,3,5,-1,2,0,-1,
#moving_targetting_pos=25,30|-1,-1|16,26|29,2|-1,-1|-1,-1|19,2|
#setting_targetting_pos=25,1|-1,-1|-1,-1|29,30|7,24|5,7|19,30|
#type=2,4,3,2,4,4,2,
L.DR.Rl
#0000000000010000000
#assigned_pet=-1,-1,-1,-1,7,0,-1,
#assigned_hub=-1,3,5,-1,2,0,-1,
#moving_targetting_pos=25,30|-1,-1|16,26|29,2|-1,-1|-1,-1|19,2|
#setting_targetting_pos=25,1|-1,-1|-1,-1|29,30|7,24|5,6|19,30|
#type=2,4,3,2,4,4,2,
..Ld.LR
#0000000000110000000
#assigned_pet=-1,3,10,-1,10,0,-1,
#assigned_hub=-1,3,5,-1,2,0,-1,
#moving_targetting_pos=25,30|-1,-1|-1,-1|29,2|-1,-1|-1,-1|19,2|
#setting_targetting_pos=25,1|17,8|14,25|29,30|8,25|5,5|19,30|
#type=2,4,5,2,5,4,2,
dRlRdLu
#0000000000110000000
#assigned_pet=-1,3,14,-1,14,0,-1,
#assigned_hub=-1,3,5,-1,2,0,-1,
#moving_targetting_pos=25,30|-1,-1|-1,-1|29,2|-1,-1|-1,-1|19,2|
#setting_targetting_pos=25,1|17,8|14,27|29,30|8,27|5,4|19,30|
#type=2,4,4,2,4,4,2,
LD.lRLR
#0000000000110000000
#assigned_pet=-1,3,14,-1,14,0,-1,
#assigned_hub=-1,3,5,-1,2,0,-1,
#moving_targetting_pos=25,30|-1,-1|-1,-1|29,2|-1,-1|-1,-1|19,2|
#setting_targetting_pos=25,1|17,8|14,27|29,30|8,27|5,5|19,30|
#type=2,4,4,2,4,4,2,
d..RRRR
#0000000000110000000
#assigned_pet=-1,3,14,-1,7,0,-1,
#assigned_hub=-1,3,5,-1,2,0,-1,
#moving_targetting_pos=25,30|-1,-1|-1,-1|29,2|-1,-1|-1,-1|19,2|
#setting_targetting_pos=25,1|17,8|14,27|29,30|7,24|5,4|19,30|
#type=2,4,4,2,4,4,2,
L..uLLl
#0000000000110000000
#assigned_pet=-1,3,14,-1,7,0,-1,
#assigned_hub=-1,3,5,-1,2,0,-1,
#moving_targetting_pos=25,30|-1,-1|-1,-1|29,2|-1,-1|-1,-1|19,2|
#setting_targetting_pos=25,1|17,8|14,26|29,30|7,24|6,4|19,30|
#type=2,4,4,2,4,4,2,
d.DRLRd
#0000000000110000000
#assigned_pet=-1,3,14,-1,7,0,-1,
#assigned_hub=-1,3,5,-1,2,0,8,
#moving_targetting_pos=25,30|-1,-1|-1,-1|29,2|-1,-1|-1,-1|26,26|
#setting_targetting_pos=25,1|17,8|14,27|29,30|7,24|6,5|19,30|
#type=2,4,4,2,4,4,3,
L.RR.RU
#0000000000110000000
#assigned_pet=-1,3,14,-1,7,0,-1,
#assigned_hub=-1,3,5,-1,2,0,8,
#moving_targetting_pos=25,30|-1,-1|-1,-1|29,2|-1,-1|-1,-1|26,26|
#setting_targetting_pos=25,1|17,8|14,26|29,30|7,24|6,4|-1,-1|
#type=2,4,4,2,4,4,3,
d.Ll.LL
#0000000000110000000
#assigned_pet=-1,3,14,-1,7,5,-1,
#assigned_hub=-1,3,5,-1,2,0,8,
#moving_targetting_pos=25,30|-1,-1|-1,-1|29,2|-1,-1|-1,-1|26,26|
#setting_targetting_pos=25,1|17,8|15,26|29,30|7,24|7,4|-1,-1|
#type=2,4,4,2,4,4,3,
L.Dd.LU
#0000000000110000000
#assigned_pet=-1,3,14,-1,7,5,-1,
#assigned_hub=-1,3,5,-1,2,0,8,
#moving_targetting_pos=25,30|-1,-1|-1,-1|29,2|-1,-1|-1,-1|26,26|
#setting_targetting_pos=25,1|17,8|15,25|29,30|7,24|7,4|-1,-1|
#type=2,4,4,2,4,4,3,
d.LR..L
#0000010000110000000
#assigned_pet=-1,3,14,-1,7,5,-1,
#assigned_hub=-1,3,5,-1,2,0,8,
#moving_targetting_pos=25,30|-1,-1|-1,-1|29,2|-1,-1|-1,-1|26,26|
#setting_targetting_pos=25,1|17,8|15,26|29,30|7,24|7,4|-1,-1|
#type=2,4,4,2,4,5,3,
L.RR.dL
#0000010000110000000
#assigned_pet=-1,3,14,-1,-1,0,-1,
#assigned_hub=-1,3,5,-1,2,0,8,
#moving_targetting_pos=25,30|-1,-1|-1,-1|29,2|-1,-1|-1,-1|26,26|
#setting_targetting_pos=25,1|17,8|15,25|29,30|-1,-1|5,5|-1,-1|
#type=2,4,4,2,4,4,3,
u.L..RD
#0000010000110000000
#assigned_pet=-1,3,14,-1,-1,0,-1,
#assigned_hub=-1,3,5,-1,2,0,4,
#moving_targetting_pos=25,30|-1,-1|-1,-1|29,2|-1,-1|-1,-1|16,16|
#setting_targetting_pos=25,1|17,8|15,24|29,30|-1,-1|6,5|-1,-1|
#type=2,4,4,2,4,4,3,
L.Ld.RL
#0000010000110000000
#assigned_pet=-1,3,14,-1,-1,0,-1,
#assigned_hub=-1,3,5,-1,2,0,8,
#moving_targetting_pos=25,30|-1,-1|-1,-1|29,2|-1,-1|-1,-1|26,26|
#setting_targetting_pos=25,1|17,8|16,24|29,30|-1,-1|6,6|-1,-1|
#type=2,4,4,2,4,4,3,
L.RR..R
#0000010000110000000
#assigned_pet=-1,3,14,-1,-1,0,-1,
#assigned_hub=-1,3,5,-1,2,0,4,
#moving_targetting_pos=25,30|-1,-1|-1,-1|29,2|-1,-1|-1,-1|16,16|
#setting_targetting_pos=25,1|17,8|15,24|29,30|-1,-1|6,5|-1,-1|
#type=2,4,4,2,4,4,3,
L.LR..L
#0000010000110000000
#assigned_pet=-1,3,14,-1,-1,0,-1,
#assigned_hub=-1,3,5,-1,2,0,8,
#moving_targetting_pos=25,30|-1,-1|-1,-1|29,2|-1,-1|-1,-1|26,26|
#setting_targetting_pos=25,1|17,8|15,25|29,30|-1,-1|6,6|-1,-1|
#type=2,4,4,2,4,4,3,
L.Rl..R
#0000010000110000000
#assigned_pet=-1,3,14,-1,-1,0,-1,
#assigned_hub=-1,3,5,-1,2,0,8,
#moving_targetting_pos=25,30|-1,-1|-1,-1|29,2|-1,-1|-1,-1|26,26|
#setting_targetting_pos=25,1|17,8|15,24|29,30|-1,-1|7,6|-1,-1|
#type=2,4,4,2,4,4,3,
u.Lu..D
#0000010000110000000
#assigned_pet=-1,9,14,-1,-1,0,-1,
#assigned_hub=-1,3,5,-1,2,0,4,
#moving_targetting_pos=25,30|-1,-1|-1,-1|29,2|-1,-1|-1,-1|16,16|
#setting_targetting_pos=25,1|17,7|16,24|29,30|-1,-1|8,6|-1,-1|
#type=2,4,4,2,4,4,3,
LLRR.DU
#0000010000110000000
#assigned_pet=-1,9,14,-1,-1,0,-1,
#assigned_hub=-1,3,5,-1,1,0,4,
#moving_targetting_pos=25,30|-1,-1|-1,-1|29,2|6,16|-1,-1|16,16|
#setting_targetting_pos=25,1|18,6|17,24|29,30|-1,-1|8,7|-1,-1|
#type=2,4,4,2,3,4,3,
dLLRLRL
#0000010000110000000
#assigned_pet=-1,9,14,-1,-1,0,-1,
#assigned_hub=-1,3,5,-1,1,0,4,
#moving_targetting_pos=25,30|-1,-1|-1,-1|29,2|6,16|-1,-1|16,16|
#setting_targetting_pos=25,1|18,6|16,24|29,30|-1,-1|7,7|-1,-1|
#type=2,4,4,2,3,4,3,
LDRdLLL
#0000010000110000000
#assigned_pet=-1,9,14,-1,-1,16,-1,
#assigned_hub=-1,3,5,-1,1,0,4,
#moving_targetting_pos=25,30|-1,-1|-1,-1|29,2|6,16|-1,-1|16,16|
#setting_targetting_pos=25,1|18,6|16,25|29,30|-1,-1|6,6|-1,-1|
#type=2,4,4,2,3,4,3,
d.RRL.U
#0000010000110000000
#assigned_pet=-1,8,14,-1,-1,0,-1,
#assigned_hub=-1,3,5,-1,1,0,4,
#moving_targetting_pos=25,30|-1,-1|-1,-1|29,2|6,16|-1,-1|16,16|
#setting_targetting_pos=25,1|18,7|17,25|29,30|-1,-1|7,7|-1,-1|
#type=2,4,4,2,3,4,3,
LRLlL.L
#0000010000110000000
#assigned_pet=-1,18,14,-1,-1,0,-1,
#assigned_hub=-1,3,5,-1,1,0,4,
#moving_targetting_pos=25,30|-1,-1|-1,-1|29,2|6,16|-1,-1|16,16|
#setting_targetting_pos=25,1|17,7|17,26|29,30|-1,-1|6,7|-1,-1|
#type=2,4,4,2,3,4,3,
dLRRLRL
#0000010000110000000
#assigned_pet=-1,18,14,-1,-1,16,-1,
#assigned_hub=6,3,5,-1,1,0,4,
#moving_targetting_pos=26,6|-1,-1|-1,-1|29,2|6,16|-1,-1|16,16|
#setting_targetting_pos=25,1|18,6|18,26|29,30|-1,-1|4,7|-1,-1|
#type=3,4,4,2,3,4,3,
R.D.LUL
#0000010000110000000
#assigned_pet=-1,18,14,-1,-1,16,-1,
#assigned_hub=6,3,5,-1,1,0,4,
#moving_targetting_pos=26,6|-1,-1|-1,-1|29,2|6,16|-1,-1|16,16|
#setting_targetting_pos=-1,-1|17,7|18,27|29,30|-1,-1|4,7|-1,-1|
#type=3,4,4,2,3,4,3,
R.RuLUL
#0000010000110000100
#assigned_pet=-1,9,14,-1,-1,16,-1,
#assigned_hub=6,3,5,-1,1,0,4,
#moving_targetting_pos=26,6|-1,-1|-1,-1|29,2|6,16|-1,-1|16,16|
#setting_targetting_pos=-1,-1|18,7|18,27|29,30|-1,-1|4,7|-1,-1|
#type=3,4,4,2,3,5,3,
RR.RLuL
#0000010000110000100
#assigned_pet=-1,9,14,-1,1,0,-1,
#assigned_hub=6,3,5,-1,1,0,4,
#moving_targetting_pos=26,6|-1,-1|-1,-1|29,2|-1,-1|-1,-1|16,16|
#setting_targetting_pos=-1,-1|18,7|18,27|29,30|4,17|7,8|-1,-1|
#type=3,4,4,2,4,4,3,
R..RURL
#0000010000110000100
#assigned_pet=9,9,14,-1,1,0,-1,
#assigned_hub=6,3,5,-1,1,0,4,
#moving_targetting_pos=-1,-1|-1,-1|-1,-1|29,2|-1,-1|-1,-1|16,16|
#setting_targetting_pos=24,7|18,7|18,27|29,30|4,17|6,8|-1,-1|
#type=4,4,4,2,4,4,3,
R..lU.L
#0100010000110000100
#assigned_pet=9,9,14,-1,1,0,-1,
#assigned_hub=6,3,5,-1,1,0,4,
#moving_targetting_pos=-1,-1|-1,-1|-1,-1|29,2|-1,-1|-1,-1|16,16|
#setting_targetting_pos=24,7|18,7|18,27|29,30|4,17|5,8|-1,-1|
#type=4,4,4,2,5,4,3,
R..duLL
#0100010000110000100
#assigned_pet=6,6,14,-1,2,0,2,
#assigned_hub=6,3,5,-1,1,0,4,
#moving_targetting_pos=-1,-1|-1,-1|-1,-1|29,2|-1,-1|-1,-1|-1,-1|
#setting_targetting_pos=24,7|18,7|18,27|29,30|8,17|6,8|14,17|
#type=4,4,4,2,4,4,4,
...RDRU
#0100011001110000100
#assigned_pet=6,6,14,-1,2,0,2,
#assigned_hub=6,3,5,-1,1,0,4,
#moving_targetting_pos=-1,-1|-1,-1|-1,-1|29,2|-1,-1|-1,-1|-1,-1|
#setting_targetting_pos=24,7|18,7|18,27|29,30|8,17|5,8|14,17|
#type=5,5,4,2,4,4,4,
ud.RDLU
#0100011001110000100
#assigned_pet=18,7,14,-1,2,0,2,
#assigned_hub=6,3,5,-1,1,0,4,
#moving_targetting_pos=-1,-1|-1,-1|-1,-1|29,2|-1,-1|-1,-1|-1,-1|
#setting_targetting_pos=26,6|15,8|18,27|29,30|8,17|5,8|14,17|
#type=4,4,4,2,4,4,4,
LR.d...
#0100011001110000100
#assigned_pet=18,7,14,-1,3,0,3,
#assigned_hub=6,3,5,-1,1,0,4,
#moving_targetting_pos=-1,-1|-1,-1|-1,-1|29,2|-1,-1|-1,-1|-1,-1|
#setting_targetting_pos=26,6|15,8|18,27|29,30|8,17|5,8|14,17|
#type=4,4,4,2,4,4,4,
.U.R...
#0100011001110000100
#assigned_pet=18,7,14,-1,3,0,3,
#assigned_hub=6,3,5,-1,1,0,4,
#moving_targetting_pos=-1,-1|-1,-1|-1,-1|29,2|-1,-1|-1,-1|-1,-1|
#setting_targetting_pos=27,5|15,8|18,27|29,30|8,17|5,8|14,17|
#type=4,4,4,2,4,4,4,
L..R...
#0101111001110001100
#assigned_pet=18,7,14,-1,3,0,3,
#assigned_hub=6,3,5,-1,1,0,4,
#moving_targetting_pos=-1,-1|-1,-1|-1,-1|29,2|-1,-1|-1,-1|-1,-1|
#setting_targetting_pos=28,6|15,8|18,27|29,30|8,17|5,8|14,17|
#type=4,4,4,2,5,4,5,
R..ld.u
#0101111001110001100
#assigned_pet=18,7,14,-1,0,0,2,
#assigned_hub=6,3,5,-1,1,0,4,
#moving_targetting_pos=-1,-1|-1,-1|-1,-1|29,2|-1,-1|-1,-1|-1,-1|
#setting_targetting_pos=26,6|17,8|18,27|29,30|5,14|5,8|14,15|
#type=4,4,4,2,4,4,4,
...uL.L
#0101111001110001100
#assigned_pet=18,7,14,-1,0,0,2,
#assigned_hub=6,3,5,-1,1,0,4,
#moving_targetting_pos=-1,-1|-1,-1|-1,-1|29,2|-1,-1|-1,-1|-1,-1|
#setting_targetting_pos=27,7|16,7|18,27|29,30|5,14|5,8|15,16|
#type=4,4,4,2,4,4,4,
R..RL.D
#0101111001110001100
#assigned_pet=18,7,14,-1,0,0,2,
#assigned_hub=6,3,5,-1,1,0,4,
#moving_targetting_pos=-1,-1|-1,-1|-1,-1|29,2|-1,-1|-1,-1|-1,-1|
#setting_targetting_pos=27,7|16,7|18,27|29,30|5,14|5,8|15,16|
#type=4,4,4,2,4,4,4,
D..RL..
#0101111001110001100
#assigned_pet=18,7,14,-1,0,0,12,
#assigned_hub=6,3,5,-1,1,0,4,
#moving_targetting_pos=-1,-1|-1,-1|-1,-1|29,2|-1,-1|-1,-1|-1,-1|
#setting_targetting_pos=27,7|16,5|18,27|29,30|5,14|5,8|16,14|
#type=4,4,4,2,4,4,4,
.L.dU.L
#1101111001110001100
#assigned_pet=18,12,14,-1,0,0,12,
#assigned_hub=6,3,5,-1,1,0,4,
#moving_targetting_pos=-1,-1|-1,-1|-1,-1|29,2|-1,-1|-1,-1|-1,-1|
#setting_targetting_pos=26,6|15,8|18,27|29,30|5,14|5,8|15,14|
#type=4,4,4,2,5,5,4,
.R.RurL
#1101111001110001100
#assigned_pet=18,12,14,-1,17,-1,12,
#assigned_hub=6,3,5,-1,1,2,4,
#moving_targetting_pos=-1,-1|-1,-1|-1,-1|29,2|-1,-1|6,26|-1,-1|
#setting_targetting_pos=25,7|15,8|18,27|29,30|5,18|-1,-1|15,14|
#type=4,4,4,2,4,3,4,
...lRD.
#1101111001110001100
#assigned_pet=18,7,2,-1,17,-1,2,
#assigned_hub=6,3,5,-1,1,2,4,
#moving_targetting_pos=-1,-1|-1,-1|-1,-1|29,2|-1,-1|6,26|-1,-1|
#setting_targetting_pos=26,8|17,4|15,24|29,30|5,18|-1,-1|15,18|
#type=4,4,4,2,4,3,4,
.LLRRRR
#1101111001110001100
#assigned_pet=8,7,2,-1,17,-1,2,
#assigned_hub=6,3,5,-1,1,2,4,
#moving_targetting_pos=-1,-1|-1,-1|-1,-1|29,2|-1,-1|6,26|-1,-1|
#setting_targetting_pos=25,8|16,5|15,24|29,30|5,18|-1,-1|15,18|
#type=4,4,4,2,4,3,4,
RLLuRDR
#1101111001110001100
#assigned_pet=8,7,2,-1,17,-1,2,
#assigned_hub=6,3,5,-1,1,2,4,
#moving_targetting_pos=-1,-1|-1,-1|-1,-1|29,2|-1,-1|6,26|-1,-1|
#setting_targetting_pos=25,8|18,5|15,24|29,30|5,18|-1,-1|15,18|
#type=4,4,4,2,4,3,4,
.LLRRRR
#1101111001110001100
#assigned_pet=7,7,2,-1,17,-1,2,
#assigned_hub=6,3,5,-1,1,2,4,
#moving_targetting_pos=-1,-1|-1,-1|-1,-1|29,2|-1,-1|6,26|-1,-1|
#setting_targetting_pos=24,5|18,5|15,24|29,30|5,18|-1,-1|15,18|
#type=4,4,4,2,4,3,4,
LDUR.RR
#1111111001110001100
#assigned_pet=7,7,2,-1,17,-1,2,
#assigned_hub=6,3,5,-1,1,2,4,
#moving_targetting_pos=-1,-1|-1,-1|-1,-1|29,2|-1,-1|6,26|-1,-1|
#setting_targetting_pos=24,5|18,5|15,24|29,30|5,18|-1,-1|15,18|
#type=4,4,5,2,4,3,5,
L.ul.Ru
#1111111001110001100
#assigned_pet=7,7,14,-1,17,-1,12,
#assigned_hub=6,3,5,-1,1,2,4,
#moving_targetting_pos=-1,-1|-1,-1|-1,-1|29,2|-1,-1|6,26|-1,-1|
#setting_targetting_pos=24,5|18,5|18,27|29,30|5,18|-1,-1|15,15|
#type=4,4,4,2,4,3,4,
L.Rd.RL
#1111111001110001100
#assigned_pet=7,7,14,-1,17,-1,12,
#assigned_hub=6,3,5,8,1,2,4,
#moving_targetting_pos=-1,-1|-1,-1|-1,-1|26,26|-1,-1|6,26|-1,-1|
#setting_targetting_pos=24,5|18,5|18,27|29,30|5,18|-1,-1|15,15|
#type=4,4,4,3,4,3,4,
U.RU.RL
#1111111101110001100
#assigned_pet=7,7,14,-1,17,-1,12,
#assigned_hub=6,3,5,8,1,2,4,
#moving_targetting_pos=-1,-1|-1,-1|-1,-1|26,26|-1,-1|6,26|-1,-1|
#setting_targetting_pos=24,5|18,5|18,27|-1,-1|5,18|-1,-1|14,16|
#type=5,5,4,3,4,3,4,
udRL.RU
#1111111101110001100
#assigned_pet=18,-1,14,-1,12,-1,12,
#assigned_hub=6,7,5,8,1,2,4,
#moving_targetting_pos=-1,-1|26,16|-1,-1|26,26|-1,-1|6,26|-1,-1|
#setting_targetting_pos=26,8|-1,-1|18,26|-1,-1|8,15|-1,-1|14,15|
#type=4,3,4,3,4,3,4,
RRLULRL
#1111111101110001100
#assigned_pet=18,-1,14,-1,12,-1,12,
#assigned_hub=6,7,5,8,1,2,4,
#moving_targetting_pos=-1,-1|26,16|-1,-1|26,26|-1,-1|6,26|-1,-1|
#setting_targetting_pos=26,8|-1,-1|18,27|-1,-1|8,15|-1,-1|14,15|
#type=4,3,4,3,4,3,4,
RRRLLR.
#1111111101110001100
#assigned_pet=18,-1,14,-1,12,-1,12,
#assigned_hub=6,7,5,8,1,2,4,
#moving_targetting_pos=-1,-1|26,16|-1,-1|26,26|-1,-1|6,26|-1,-1|
#setting_targetting_pos=26,8|-1,-1|18,27|-1,-1|8,15|-1,-1|14,15|
#type=4,3,4,3,4,3,4,
RRDLLR.
#1111111101110001100
#assigned_pet=18,-1,14,14,12,-1,12,
#assigned_hub=6,7,5,8,1,2,4,
#moving_targetting_pos=-1,-1|26,16|-1,-1|-1,-1|-1,-1|6,26|-1,-1|
#setting_targetting_pos=25,7|-1,-1|18,27|24,27|8,15|-1,-1|14,15|
#type=4,3,4,4,4,3,4,
.R.UDR.
#1111111101111001100
#assigned_pet=18,-1,14,14,12,-1,12,
#assigned_hub=6,7,5,8,1,2,4,
#moving_targetting_pos=-1,-1|26,16|-1,-1|-1,-1|-1,-1|6,26|-1,-1|
#setting_targetting_pos=25,7|-1,-1|18,27|24,27|8,15|-1,-1|14,15|
#type=4,3,4,4,5,3,5,
.R.UdRu
#1111111101111011100
#assigned_pet=18,-1,14,14,17,-1,-1,
#assigned_hub=6,7,5,8,1,2,4,
#moving_targetting_pos=-1,-1|26,16|-1,-1|-1,-1|-1,-1|6,26|16,16|
#setting_targetting_pos=25,7|-1,-1|18,27|24,27|5,18|-1,-1|-1,-1|
#type=4,3,5,5,4,3,4,
.RduRR.
#1111111101111011100
#assigned_pet=18,-1,-1,13,17,-1,-1,
#assigned_hub=6,7,5,8,1,2,4,
#moving_targetting_pos=-1,-1|26,16|16,26|-1,-1|-1,-1|6,26|16,16|
#setting_targetting_pos=25,7|-1,-1|-1,-1|25,24|5,18|-1,-1|-1,-1|
#type=4,3,4,4,4,3,4,
.R.LRR.
#1111111101111011100
#assigned_pet=18,-1,-1,13,17,-1,-1,
#assigned_hub=6,7,5,8,1,2,4,
#moving_targetting_pos=-1,-1|26,16|16,26|-1,-1|-1,-1|6,26|16,16|
#setting_targetting_pos=26,8|-1,-1|-1,-1|25,24|5,18|-1,-1|-1,-1|
#type=4,3,4,4,4,3,4,
.R.LRR.
#1111111101111011100
#assigned_pet=18,-1,-1,13,17,-1,-1,
#assigned_hub=6,7,5,8,1,2,4,
#moving_targetting_pos=-1,-1|26,16|16,26|-1,-1|-1,-1|6,26|16,16|
#setting_targetting_pos=26,8|-1,-1|-1,-1|25,24|5,18|-1,-1|-1,-1|
#type=4,3,4,4,4,3,4,
.R..UR.
#1111111101111011100
#assigned_pet=8,-1,-1,13,17,-1,-1,
#assigned_hub=6,7,5,8,1,2,4,
#moving_targetting_pos=-1,-1|26,16|16,26|-1,-1|-1,-1|6,26|16,16|
#setting_targetting_pos=26,6|-1,-1|-1,-1|25,24|5,18|-1,-1|-1,-1|
#type=4,3,4,4,4,3,4,
LR...R.
#1111111101111011100
#assigned_pet=8,-1,-1,13,17,-1,-1,
#assigned_hub=6,7,5,8,1,2,4,
#moving_targetting_pos=-1,-1|26,16|16,26|-1,-1|-1,-1|6,26|16,16|
#setting_targetting_pos=27,6|-1,-1|-1,-1|25,24|5,18|-1,-1|-1,-1|
#type=4,3,4,4,4,3,4,
LD...R.
#1111111101111011100
#assigned_pet=8,-1,-1,13,17,17,-1,
#assigned_hub=6,7,5,8,1,2,4,
#moving_targetting_pos=-1,-1|26,16|16,26|-1,-1|-1,-1|-1,-1|16,16|
#setting_targetting_pos=27,7|-1,-1|-1,-1|25,24|5,18|5,24|-1,-1|
#type=4,3,4,4,4,4,4,
RD...L.
#1111111101111011100
#assigned_pet=8,-1,-1,-1,17,17,-1,
#assigned_hub=6,7,5,8,1,2,4,
#moving_targetting_pos=-1,-1|26,16|16,26|-1,-1|-1,-1|-1,-1|-1,-1|
#setting_targetting_pos=28,5|-1,-1|-1,-1|-1,-1|5,18|5,24|-1,-1|
#type=4,3,4,4,4,4,4,
LD...U.
#1111111101111011110
#assigned_pet=8,-1,-1,13,17,17,-1,
#assigned_hub=6,7,5,8,1,2,4,
#moving_targetting_pos=-1,-1|26,16|16,26|-1,-1|-1,-1|-1,-1|-1,-1|
#setting_targetting_pos=27,7|-1,-1|-1,-1|25,24|5,18|5,24|-1,-1|
#type=4,3,4,4,5,5,4,
RD..uu.
#1111111101111011110
#assigned_pet=8,-1,-1,13,-1,-1,-1,
#assigned_hub=6,7,5,8,1,2,4,
#moving_targetting_pos=-1,-1|26,16|16,26|-1,-1|6,16|6,26|-1,-1|
#setting_targetting_pos=26,7|-1,-1|-1,-1|25,24|-1,-1|-1,-1|-1,-1|
#type=4,3,4,4,4,4,4,
.D.....
#1111111101111011110
#assigned_pet=8,-1,-1,13,-1,-1,-1,
#assigned_hub=6,7,5,8,1,2,4,
#moving_targetting_pos=-1,-1|26,16|16,26|-1,-1|6,16|6,26|-1,-1|
#setting_targetting_pos=26,6|-1,-1|-1,-1|25,24|-1,-1|-1,-1|-1,-1|
#type=4,3,4,4,4,4,4,
LD.....
#1111111101111011110
#assigned_pet=8,-1,-1,13,-1,-1,-1,
#assigned_hub=6,7,5,8,1,2,4,
#moving_targetting_pos=-1,-1|26,16|16,26|-1,-1|6,16|6,26|-1,-1|
#setting_targetting_pos=25,6|-1,-1|-1,-1|25,24|-1,-1|-1,-1|-1,-1|
#type=4,3,4,4,4,4,4,
DD.....
#1111111101111011110
#assigned_pet=8,-1,-1,13,-1,-1,-1,
#assigned_hub=6,7,5,8,1,2,4,
#moving_targetting_pos=-1,-1|26,16|16,26|-1,-1|6,16|6,26|-1,-1|
#setting_targetting_pos=25,5|-1,-1|-1,-1|25,24|-1,-1|-1,-1|-1,-1|
#type=4,3,4,4,4,4,4,
LR.....
#1111111101111011110
#assigned_pet=8,13,-1,13,-1,-1,-1,
#assigned_hub=6,7,5,8,1,2,4,
#moving_targetting_pos=-1,-1|-1,-1|16,26|-1,-1|6,16|6,26|-1,-1|
#setting_targetting_pos=27,6|25,18|-1,-1|25,24|-1,-1|-1,-1|-1,-1|
#type=4,4,4,4,4,4,4,
RR.....
#1111111101111011110
#assigned_pet=8,13,-1,13,-1,-1,-1,
#assigned_hub=6,7,5,8,1,2,4,
#moving_targetting_pos=-1,-1|-1,-1|16,26|-1,-1|6,16|6,26|-1,-1|
#setting_targetting_pos=25,5|25,18|-1,-1|25,24|-1,-1|-1,-1|-1,-1|
#type=4,4,4,4,4,4,4,
LD.....
#1111111101111011110
#assigned_pet=8,13,-1,13,-1,-1,-1,
#assigned_hub=6,7,5,8,1,2,4,
#moving_targetting_pos=-1,-1|-1,-1|16,26|-1,-1|6,16|6,26|-1,-1|
#setting_targetting_pos=26,5|25,18|-1,-1|25,24|-1,-1|-1,-1|-1,-1|
#type=4,4,4,4,4,4,4,
R......
#1111111101111111110
#assigned_pet=8,13,-1,13,-1,-1,-1,
#assigned_hub=6,7,5,8,1,2,4,
#moving_targetting_pos=-1,-1|-1,-1|16,26|-1,-1|6,16|6,26|-1,-1|
#setting_targetting_pos=26,6|25,18|-1,-1|25,24|-1,-1|-1,-1|-1,-1|
#type=4,5,4,5,4,4,4,
.r.l...
#1111111101111111110
#assigned_pet=8,18,-1,-1,-1,-1,18,
#assigned_hub=6,7,5,8,1,2,4,
#moving_targetting_pos=-1,-1|-1,-1|16,26|26,26|6,16|6,26|-1,-1|
#setting_targetting_pos=27,6|24,15|-1,-1|-1,-1|-1,-1|-1,-1|18,15|
#type=4,4,4,4,4,4,4,
.L....D
#1111111101111111110
#assigned_pet=8,18,-1,-1,-1,-1,18,
#assigned_hub=6,7,5,8,1,2,4,
#moving_targetting_pos=-1,-1|-1,-1|16,26|26,26|6,16|6,26|-1,-1|
#setting_targetting_pos=27,5|24,15|-1,-1|-1,-1|-1,-1|-1,-1|18,15|
#type=4,4,4,4,4,4,4,
LL....D
#1111111101111111111
#assigned_pet=8,18,-1,-1,-1,-1,18,
#assigned_hub=6,7,5,8,1,2,4,
#moving_targetting_pos=-1,-1|-1,-1|16,26|26,26|6,16|6,26|-1,-1|
#setting_targetting_pos=28,5|24,15|-1,-1|-1,-1|-1,-1|-1,-1|18,15|
#type=4,5,4,4,4,4,5,
Du....d
#1111111101111111111
#assigned_pet=8,-1,-1,-1,-1,-1,-1,
#assigned_hub=6,7,5,8,1,2,4,
#moving_targetting_pos=-1,-1|-1,-1|16,26|26,26|6,16|6,26|16,16|
#setting_targetting_pos=28,6|-1,-1|-1,-1|-1,-1|-1,-1|-1,-1|-1,-1|
#type=4,4,4,4,4,4,4,
R......
#1111111101111111111
#assigned_pet=8,-1,-1,-1,-1,-1,-1,
#assigned_hub=6,7,5,8,1,2,4,
#moving_targetting_pos=-1,-1|-1,-1|16,26|26,26|6,16|6,26|16,16|
#setting_targetting_pos=27,8|-1,-1|-1,-1|-1,-1|-1,-1|-1,-1|-1,-1|
#type=4,4,4,4,4,4,4,
R......
#1111111101111111111
#assigned_pet=8,-1,-1,-1,-1,-1,-1,
#assigned_hub=6,7,5,8,1,2,4,
#moving_targetting_pos=-1,-1|-1,-1|16,26|26,26|6,16|6,26|16,16|
#setting_targetting_pos=26,8|-1,-1|-1,-1|-1,-1|-1,-1|-1,-1|-1,-1|
#type=4,4,4,4,4,4,4,
R......
#1111111101111111111
#assigned_pet=8,-1,-1,-1,-1,-1,-1,
#assigned_hub=6,7,5,8,1,2,4,
#moving_targetting_pos=-1,-1|-1,-1|16,26|26,26|6,16|6,26|16,16|
#setting_targetting_pos=26,7|-1,-1|-1,-1|-1,-1|-1,-1|-1,-1|-1,-1|
#type=4,4,4,4,4,4,4,
L......
#1111111101111111111
#assigned_pet=8,-1,-1,-1,-1,-1,-1,
#assigned_hub=6,7,5,8,1,2,4,
#moving_targetting_pos=-1,-1|-1,-1|16,26|26,26|6,16|6,26|16,16|
#setting_targetting_pos=27,7|-1,-1|-1,-1|-1,-1|-1,-1|-1,-1|-1,-1|
#type=4,4,4,4,4,4,4,
L......
#1111111101111111111
#assigned_pet=8,-1,-1,-1,-1,-1,-1,
#assigned_hub=6,7,5,8,1,2,4,
#moving_targetting_pos=-1,-1|26,16|16,26|26,26|6,16|6,26|16,16|
#setting_targetting_pos=28,5|-1,-1|-1,-1|-1,-1|-1,-1|-1,-1|-1,-1|
#type=4,4,4,4,4,4,4,
L......
#1111111101111111111
#assigned_pet=8,-1,-1,-1,-1,-1,-1,
#assigned_hub=6,7,5,8,1,2,4,
#moving_targetting_pos=-1,-1|-1,-1|16,26|26,26|6,16|6,26|16,16|
#setting_targetting_pos=27,5|-1,-1|-1,-1|-1,-1|-1,-1|-1,-1|-1,-1|
#type=4,4,4,4,4,4,4,
R......
#1111111101111111111
#assigned_pet=8,-1,-1,-1,-1,-1,-1,
#assigned_hub=6,7,5,8,1,2,4,
#moving_targetting_pos=-1,-1|26,16|16,26|26,26|6,16|6,26|16,16|
#setting_targetting_pos=28,5|-1,-1|-1,-1|-1,-1|-1,-1|-1,-1|-1,-1|
#type=4,4,4,4,4,4,4,
L......
#1111111111111111111
#assigned_pet=8,-1,-1,-1,-1,-1,-1,
#assigned_hub=6,7,5,8,1,2,4,
#moving_targetting_pos=-1,-1|26,16|16,26|26,26|6,16|6,26|16,16|
#setting_targetting_pos=28,5|-1,-1|-1,-1|-1,-1|-1,-1|-1,-1|-1,-1|
#type=5,4,4,4,4,4,4,
d......
#1111111111111111111
#assigned_pet=-1,-1,-1,-1,-1,-1,-1,
#assigned_hub=6,7,5,8,1,2,4,
#moving_targetting_pos=26,6|26,16|16,26|26,26|6,16|6,26|16,16|
#setting_targetting_pos=-1,-1|-1,-1|-1,-1|-1,-1|-1,-1|-1,-1|-1,-1|
#type=4,4,4,4,4,4,4,
.......
#1111111111111111111
#assigned_pet=-1,-1,-1,-1,-1,-1,-1,
#assigned_hub=6,7,5,8,1,2,4,
#moving_targetting_pos=26,6|26,16|16,26|26,26|6,16|6,26|16,16|
#setting_targetting_pos=-1,-1|-1,-1|-1,-1|-1,-1|-1,-1|-1,-1|-1,-1|
#type=4,4,4,4,4,4,4,
.......
#1111111111111111111
#assigned_pet=-1,-1,-1,-1,-1,-1,-1,
#assigned_hub=6,7,5,8,1,2,4,
#moving_targetting_pos=26,6|26,16|16,26|26,26|6,16|6,26|16,16|
#setting_targetting_pos=-1,-1|-1,-1|-1,-1|-1,-1|-1,-1|-1,-1|-1,-1|
#type=4,4,4,4,4,4,4,
.......
#1111111111111111111
#assigned_pet=-1,-1,-1,-1,-1,-1,-1,
#assigned_hub=6,7,5,8,1,2,4,
#moving_targetting_pos=26,6|26,16|16,26|26,26|6,16|6,26|16,16|
#setting_targetting_pos=-1,-1|-1,-1|-1,-1|-1,-1|-1,-1|-1,-1|-1,-1|
#type=4,4,4,4,4,4,4,
.......
#1111111111111111111
#assigned_pet=-1,-1,-1,-1,-1,-1,-1,
#assigned_hub=6,7,5,8,1,2,4,
#moving_targetting_pos=26,6|26,16|16,26|26,26|6,16|6,26|16,16|
#setting_targetting_pos=-1,-1|-1,-1|-1,-1|-1,-1|-1,-1|-1,-1|-1,-1|
#type=4,4,4,4,4,4,4,
.......
#1111111111111111111
#assigned_pet=-1,-1,-1,-1,-1,-1,-1,
#assigned_hub=6,7,5,8,1,2,4,
#moving_targetting_pos=26,6|26,16|16,26|26,26|6,16|6,26|16,16|
#setting_targetting_pos=-1,-1|-1,-1|-1,-1|-1,-1|-1,-1|-1,-1|-1,-1|
#type=4,4,4,4,4,4,4,
.......
#1111111111111111111
#assigned_pet=-1,-1,-1,-1,-1,-1,-1,
#assigned_hub=6,7,5,8,1,2,4,
#moving_targetting_pos=26,6|26,16|16,26|26,26|6,16|6,26|16,16|
#setting_targetting_pos=-1,-1|-1,-1|-1,-1|-1,-1|-1,-1|-1,-1|-1,-1|
#type=4,4,4,4,4,4,4,
.......
#1111111111111111111
#assigned_pet=-1,-1,-1,-1,-1,-1,-1,
#assigned_hub=6,7,5,8,1,2,4,
#moving_targetting_pos=26,6|26,16|16,26|26,26|6,16|6,26|16,16|
#setting_targetting_pos=-1,-1|-1,-1|-1,-1|-1,-1|-1,-1|-1,-1|-1,-1|
#type=4,4,4,4,4,4,4,
.......
#1111111111111111111
#assigned_pet=-1,-1,-1,-1,-1,-1,-1,
#assigned_hub=6,7,5,8,1,2,4,
#moving_targetting_pos=26,6|26,16|16,26|26,26|6,16|6,26|16,16|
#setting_targetting_pos=-1,-1|-1,-1|-1,-1|-1,-1|-1,-1|-1,-1|-1,-1|
#type=4,4,4,4,4,4,4,
.......
#1111111111111111111
#assigned_pet=-1,-1,-1,-1,-1,-1,-1,
#assigned_hub=6,7,5,8,1,2,4,
#moving_targetting_pos=26,6|26,16|16,26|26,26|6,16|6,26|16,16|
#setting_targetting_pos=-1,-1|-1,-1|-1,-1|-1,-1|-1,-1|-1,-1|-1,-1|
#type=4,4,4,4,4,4,4,
.......
#1111111111111111111
#assigned_pet=-1,-1,-1,-1,-1,-1,-1,
#assigned_hub=6,7,5,8,1,2,4,
#moving_targetting_pos=26,6|26,16|16,26|26,26|6,16|6,26|16,16|
#setting_targetting_pos=-1,-1|-1,-1|-1,-1|-1,-1|-1,-1|-1,-1|-1,-1|
#type=4,4,4,4,4,4,4,
.......
#1111111111111111111
#assigned_pet=-1,-1,-1,-1,-1,-1,-1,
#assigned_hub=6,7,5,8,1,2,4,
#moving_targetting_pos=26,6|26,16|16,26|26,26|6,16|6,26|16,16|
#setting_targetting_pos=-1,-1|-1,-1|-1,-1|-1,-1|-1,-1|-1,-1|-1,-1|
#type=4,4,4,4,4,4,4,
.......
#1111111111111111111
#assigned_pet=-1,-1,-1,-1,-1,-1,-1,
#assigned_hub=6,7,5,8,1,2,4,
#moving_targetting_pos=26,6|26,16|16,26|26,26|6,16|6,26|16,16|
#setting_targetting_pos=-1,-1|-1,-1|-1,-1|-1,-1|-1,-1|-1,-1|-1,-1|
#type=4,4,4,4,4,4,4,
.......
#1111111111111111111
#assigned_pet=-1,-1,-1,-1,-1,-1,-1,
#assigned_hub=6,7,5,8,1,2,4,
#moving_targetting_pos=26,6|26,16|16,26|26,26|6,16|6,26|16,16|
#setting_targetting_pos=-1,-1|-1,-1|-1,-1|-1,-1|-1,-1|-1,-1|-1,-1|
#type=4,4,4,4,4,4,4,
.......
#1111111111111111111
#assigned_pet=-1,-1,-1,-1,-1,-1,-1,
#assigned_hub=6,7,5,8,1,2,4,
#moving_targetting_pos=26,6|26,16|16,26|26,26|6,16|6,26|16,16|
#setting_targetting_pos=-1,-1|-1,-1|-1,-1|-1,-1|-1,-1|-1,-1|-1,-1|
#type=4,4,4,4,4,4,4,
.......
#1111111111111111111
#assigned_pet=-1,-1,-1,-1,-1,-1,-1,
#assigned_hub=6,7,5,8,1,2,4,
#moving_targetting_pos=26,6|26,16|16,26|26,26|6,16|6,26|16,16|
#setting_targetting_pos=-1,-1|-1,-1|-1,-1|-1,-1|-1,-1|-1,-1|-1,-1|
#type=4,4,4,4,4,4,4,
.......
#1111111111111111111
#assigned_pet=-1,-1,-1,-1,-1,-1,-1,
#assigned_hub=6,7,5,8,1,2,4,
#moving_targetting_pos=26,6|26,16|16,26|26,26|6,16|6,26|16,16|
#setting_targetting_pos=-1,-1|-1,-1|-1,-1|-1,-1|-1,-1|-1,-1|-1,-1|
#type=4,4,4,4,4,4,4,
.......
#1111111111111111111
#assigned_pet=-1,-1,-1,-1,-1,-1,-1,
#assigned_hub=6,7,5,8,1,2,4,
#moving_targetting_pos=26,6|26,16|16,26|26,26|6,16|6,26|16,16|
#setting_targetting_pos=-1,-1|-1,-1|-1,-1|-1,-1|-1,-1|-1,-1|-1,-1|
#type=4,4,4,4,4,4,4,
.......
#1111111111111111111
#assigned_pet=-1,-1,-1,-1,-1,-1,-1,
#assigned_hub=6,7,5,8,1,2,4,
#moving_targetting_pos=26,6|26,16|16,26|26,26|6,16|6,26|16,16|
#setting_targetting_pos=-1,-1|-1,-1|-1,-1|-1,-1|-1,-1|-1,-1|-1,-1|
#type=4,4,4,4,4,4,4,
.......
#1111111111111111111
#assigned_pet=-1,-1,-1,-1,-1,-1,-1,
#assigned_hub=6,7,5,8,1,2,4,
#moving_targetting_pos=26,6|26,16|16,26|26,26|6,16|6,26|16,16|
#setting_targetting_pos=-1,-1|-1,-1|-1,-1|-1,-1|-1,-1|-1,-1|-1,-1|
#type=4,4,4,4,4,4,4,
.......
#1111111111111111111
#assigned_pet=-1,-1,-1,-1,-1,-1,-1,
#assigned_hub=6,7,5,8,1,2,4,
#moving_targetting_pos=26,6|26,16|16,26|26,26|6,16|6,26|16,16|
#setting_targetting_pos=-1,-1|-1,-1|-1,-1|-1,-1|-1,-1|-1,-1|-1,-1|
#type=4,4,4,4,4,4,4,
.......
#1111111111111111111
#assigned_pet=-1,-1,-1,-1,-1,-1,-1,
#assigned_hub=6,7,5,8,1,2,4,
#moving_targetting_pos=26,6|26,16|16,26|26,26|6,16|6,26|16,16|
#setting_targetting_pos=-1,-1|-1,-1|-1,-1|-1,-1|-1,-1|-1,-1|-1,-1|
#type=4,4,4,4,4,4,4,
.......
#1111111111111111111
#assigned_pet=-1,-1,-1,-1,-1,-1,-1,
#assigned_hub=6,7,5,8,1,2,4,
#moving_targetting_pos=26,6|26,16|16,26|26,26|6,16|6,26|16,16|
#setting_targetting_pos=-1,-1|-1,-1|-1,-1|-1,-1|-1,-1|-1,-1|-1,-1|
#type=4,4,4,4,4,4,4,
.......
#1111111111111111111
#assigned_pet=-1,-1,-1,-1,-1,-1,-1,
#assigned_hub=6,7,5,8,1,2,4,
#moving_targetting_pos=26,6|26,16|16,26|26,26|6,16|6,26|16,16|
#setting_targetting_pos=-1,-1|-1,-1|-1,-1|-1,-1|-1,-1|-1,-1|-1,-1|
#type=4,4,4,4,4,4,4,
.......
#1111111111111111111
#assigned_pet=-1,-1,-1,-1,-1,-1,-1,
#assigned_hub=6,7,5,8,1,2,4,
#moving_targetting_pos=26,6|26,16|16,26|26,26|6,16|6,26|16,16|
#setting_targetting_pos=-1,-1|-1,-1|-1,-1|-1,-1|-1,-1|-1,-1|-1,-1|
#type=4,4,4,4,4,4,4,
.......
#1111111111111111111
#assigned_pet=-1,-1,-1,-1,-1,-1,-1,
#assigned_hub=6,7,5,8,1,2,4,
#moving_targetting_pos=26,6|26,16|16,26|26,26|6,16|6,26|16,16|
#setting_targetting_pos=-1,-1|-1,-1|-1,-1|-1,-1|-1,-1|-1,-1|-1,-1|
#type=4,4,4,4,4,4,4,
.......
#1111111111111111111
#assigned_pet=-1,-1,-1,-1,-1,-1,-1,
#assigned_hub=6,7,5,8,1,2,4,
#moving_targetting_pos=26,6|26,16|16,26|26,26|6,16|6,26|16,16|
#setting_targetting_pos=-1,-1|-1,-1|-1,-1|-1,-1|-1,-1|-1,-1|-1,-1|
#type=4,4,4,4,4,4,4,
.......
#1111111111111111111
#assigned_pet=-1,-1,-1,-1,-1,-1,-1,
#assigned_hub=6,7,5,8,1,2,4,
#moving_targetting_pos=26,6|26,16|16,26|26,26|6,16|6,26|16,16|
#setting_targetting_pos=-1,-1|-1,-1|-1,-1|-1,-1|-1,-1|-1,-1|-1,-1|
#type=4,4,4,4,4,4,4,
.......
#1111111111111111111
#assigned_pet=-1,-1,-1,-1,-1,-1,-1,
#assigned_hub=6,7,5,8,1,2,4,
#moving_targetting_pos=26,6|26,16|16,26|26,26|6,16|6,26|16,16|
#setting_targetting_pos=-1,-1|-1,-1|-1,-1|-1,-1|-1,-1|-1,-1|-1,-1|
#type=4,4,4,4,4,4,4,
.......
#1111111111111111111
#assigned_pet=-1,-1,-1,-1,-1,-1,-1,
#assigned_hub=6,7,5,8,1,2,4,
#moving_targetting_pos=26,6|26,16|16,26|26,26|6,16|6,26|16,16|
#setting_targetting_pos=-1,-1|-1,-1|-1,-1|-1,-1|-1,-1|-1,-1|-1,-1|
#type=4,4,4,4,4,4,4,
.......
#1111111111111111111
#assigned_pet=-1,-1,-1,-1,-1,-1,-1,
#assigned_hub=6,7,5,8,1,2,4,
#moving_targetting_pos=26,6|26,16|16,26|26,26|6,16|6,26|16,16|
#setting_targetting_pos=-1,-1|-1,-1|-1,-1|-1,-1|-1,-1|-1,-1|-1,-1|
#type=4,4,4,4,4,4,4,
.......
#1111111111111111111
#assigned_pet=-1,-1,-1,-1,-1,-1,-1,
#assigned_hub=6,7,5,8,1,2,4,
#moving_targetting_pos=26,6|26,16|16,26|26,26|6,16|6,26|16,16|
#setting_targetting_pos=-1,-1|-1,-1|-1,-1|-1,-1|-1,-1|-1,-1|-1,-1|
#type=4,4,4,4,4,4,4,
.......
#1111111111111111111
#assigned_pet=-1,-1,-1,-1,-1,-1,-1,
#assigned_hub=6,7,5,8,1,2,4,
#moving_targetting_pos=26,6|26,16|16,26|26,26|6,16|6,26|16,16|
#setting_targetting_pos=-1,-1|-1,-1|-1,-1|-1,-1|-1,-1|-1,-1|-1,-1|
#type=4,4,4,4,4,4,4,
.......
#1111111111111111111
#assigned_pet=-1,-1,-1,-1,-1,-1,-1,
#assigned_hub=6,7,5,8,1,2,4,
#moving_targetting_pos=26,6|26,16|16,26|26,26|6,16|6,26|16,16|
#setting_targetting_pos=-1,-1|-1,-1|-1,-1|-1,-1|-1,-1|-1,-1|-1,-1|
#type=4,4,4,4,4,4,4,
.......
#1111111111111111111
#assigned_pet=-1,-1,-1,-1,-1,-1,-1,
#assigned_hub=6,7,5,8,1,2,4,
#moving_targetting_pos=26,6|26,16|16,26|26,26|6,16|6,26|16,16|
#setting_targetting_pos=-1,-1|-1,-1|-1,-1|-1,-1|-1,-1|-1,-1|-1,-1|
#type=4,4,4,4,4,4,4,
.......
#1111111111111111111
#assigned_pet=-1,-1,-1,-1,-1,-1,-1,
#assigned_hub=6,7,5,8,1,2,4,
#moving_targetting_pos=26,6|26,16|16,26|26,26|6,16|6,26|16,16|
#setting_targetting_pos=-1,-1|-1,-1|-1,-1|-1,-1|-1,-1|-1,-1|-1,-1|
#type=4,4,4,4,4,4,4,
.......
#1111111111111111111
#assigned_pet=-1,-1,-1,-1,-1,-1,-1,
#assigned_hub=6,7,5,8,1,2,4,
#moving_targetting_pos=26,6|26,16|16,26|26,26|6,16|6,26|16,16|
#setting_targetting_pos=-1,-1|-1,-1|-1,-1|-1,-1|-1,-1|-1,-1|-1,-1|
#type=4,4,4,4,4,4,4,
.......
#1111111111111111111
#assigned_pet=-1,-1,-1,-1,-1,-1,-1,
#assigned_hub=6,7,5,8,1,2,4,
#moving_targetting_pos=26,6|26,16|16,26|26,26|6,16|6,26|16,16|
#setting_targetting_pos=-1,-1|-1,-1|-1,-1|-1,-1|-1,-1|-1,-1|-1,-1|
#type=4,4,4,4,4,4,4,
.......
#1111111111111111111
#assigned_pet=-1,-1,-1,-1,-1,-1,-1,
#assigned_hub=6,7,5,8,1,2,4,
#moving_targetting_pos=26,6|26,16|16,26|26,26|6,16|6,26|16,16|
#setting_targetting_pos=-1,-1|-1,-1|-1,-1|-1,-1|-1,-1|-1,-1|-1,-1|
#type=4,4,4,4,4,4,4,
.......
#1111111111111111111
#assigned_pet=-1,-1,-1,-1,-1,-1,-1,
#assigned_hub=6,7,5,8,1,2,4,
#moving_targetting_pos=26,6|26,16|16,26|26,26|6,16|6,26|16,16|
#setting_targetting_pos=-1,-1|-1,-1|-1,-1|-1,-1|-1,-1|-1,-1|-1,-1|
#type=4,4,4,4,4,4,4,
.......
#1111111111111111111
#assigned_pet=-1,-1,-1,-1,-1,-1,-1,
#assigned_hub=6,7,5,8,1,2,4,
#moving_targetting_pos=26,6|26,16|16,26|26,26|6,16|6,26|16,16|
#setting_targetting_pos=-1,-1|-1,-1|-1,-1|-1,-1|-1,-1|-1,-1|-1,-1|
#type=4,4,4,4,4,4,4,
.......
#1111111111111111111
#assigned_pet=-1,-1,-1,-1,-1,-1,-1,
#assigned_hub=6,7,5,8,1,2,4,
#moving_targetting_pos=26,6|26,16|16,26|26,26|6,16|6,26|16,16|
#setting_targetting_pos=-1,-1|-1,-1|-1,-1|-1,-1|-1,-1|-1,-1|-1,-1|
#type=4,4,4,4,4,4,4,
.......
#1111111111111111111
#assigned_pet=-1,-1,-1,-1,-1,-1,-1,
#assigned_hub=6,7,5,8,1,2,4,
#moving_targetting_pos=26,6|26,16|16,26|26,26|6,16|6,26|16,16|
#setting_targetting_pos=-1,-1|-1,-1|-1,-1|-1,-1|-1,-1|-1,-1|-1,-1|
#type=4,4,4,4,4,4,4,
.......
#1111111111111111111
#assigned_pet=-1,-1,-1,-1,-1,-1,-1,
#assigned_hub=6,7,5,8,1,2,4,
#moving_targetting_pos=26,6|26,16|16,26|26,26|6,16|6,26|16,16|
#setting_targetting_pos=-1,-1|-1,-1|-1,-1|-1,-1|-1,-1|-1,-1|-1,-1|
#type=4,4,4,4,4,4,4,
.......
#1111111111111111111
#assigned_pet=-1,-1,-1,-1,-1,-1,-1,
#assigned_hub=6,7,5,8,1,2,4,
#moving_targetting_pos=26,6|26,16|16,26|26,26|6,16|6,26|16,16|
#setting_targetting_pos=-1,-1|-1,-1|-1,-1|-1,-1|-1,-1|-1,-1|-1,-1|
#type=4,4,4,4,4,4,4,
.......
#1111111111111111111
#assigned_pet=-1,-1,-1,-1,-1,-1,-1,
#assigned_hub=6,7,5,8,1,2,4,
#moving_targetting_pos=26,6|26,16|16,26|26,26|6,16|6,26|16,16|
#setting_targetting_pos=-1,-1|-1,-1|-1,-1|-1,-1|-1,-1|-1,-1|-1,-1|
#type=4,4,4,4,4,4,4,
.......
#1111111111111111111
#assigned_pet=-1,-1,-1,-1,-1,-1,-1,
#assigned_hub=6,7,5,8,1,2,4,
#moving_targetting_pos=26,6|26,16|16,26|26,26|6,16|6,26|16,16|
#setting_targetting_pos=-1,-1|-1,-1|-1,-1|-1,-1|-1,-1|-1,-1|-1,-1|
#type=4,4,4,4,4,4,4,
.......
#1111111111111111111
#assigned_pet=-1,-1,-1,-1,-1,-1,-1,
#assigned_hub=6,7,5,8,1,2,4,
#moving_targetting_pos=26,6|26,16|16,26|26,26|6,16|6,26|16,16|
#setting_targetting_pos=-1,-1|-1,-1|-1,-1|-1,-1|-1,-1|-1,-1|-1,-1|
#type=4,4,4,4,4,4,4,
.......
#1111111111111111111
#assigned_pet=-1,-1,-1,-1,-1,-1,-1,
#assigned_hub=6,7,5,8,1,2,4,
#moving_targetting_pos=26,6|26,16|16,26|26,26|6,16|6,26|16,16|
#setting_targetting_pos=-1,-1|-1,-1|-1,-1|-1,-1|-1,-1|-1,-1|-1,-1|
#type=4,4,4,4,4,4,4,
.......
#1111111111111111111
#assigned_pet=-1,-1,-1,-1,-1,-1,-1,
#assigned_hub=6,7,5,8,1,2,4,
#moving_targetting_pos=26,6|26,16|16,26|26,26|6,16|6,26|16,16|
#setting_targetting_pos=-1,-1|-1,-1|-1,-1|-1,-1|-1,-1|-1,-1|-1,-1|
#type=4,4,4,4,4,4,4,
.......
#1111111111111111111
#assigned_pet=-1,-1,-1,-1,-1,-1,-1,
#assigned_hub=6,7,5,8,1,2,4,
#moving_targetting_pos=26,6|26,16|16,26|26,26|6,16|6,26|16,16|
#setting_targetting_pos=-1,-1|-1,-1|-1,-1|-1,-1|-1,-1|-1,-1|-1,-1|
#type=4,4,4,4,4,4,4,
.......
#1111111111111111111
#assigned_pet=-1,-1,-1,-1,-1,-1,-1,
#assigned_hub=6,7,5,8,1,2,4,
#moving_targetting_pos=26,6|26,16|16,26|26,26|6,16|6,26|16,16|
#setting_targetting_pos=-1,-1|-1,-1|-1,-1|-1,-1|-1,-1|-1,-1|-1,-1|
#type=4,4,4,4,4,4,4,
.......
#1111111111111111111
#assigned_pet=-1,-1,-1,-1,-1,-1,-1,
#assigned_hub=6,7,5,8,1,2,4,
#moving_targetting_pos=26,6|26,16|16,26|26,26|6,16|6,26|16,16|
#setting_targetting_pos=-1,-1|-1,-1|-1,-1|-1,-1|-1,-1|-1,-1|-1,-1|
#type=4,4,4,4,4,4,4,
.......
#1111111111111111111
#assigned_pet=-1,-1,-1,-1,-1,-1,-1,
#assigned_hub=6,7,5,8,1,2,4,
#moving_targetting_pos=26,6|26,16|16,26|26,26|6,16|6,26|16,16|
#setting_targetting_pos=-1,-1|-1,-1|-1,-1|-1,-1|-1,-1|-1,-1|-1,-1|
#type=4,4,4,4,4,4,4,
.......
#1111111111111111111
#assigned_pet=-1,-1,-1,-1,-1,-1,-1,
#assigned_hub=6,7,5,8,1,2,4,
#moving_targetting_pos=26,6|26,16|16,26|26,26|6,16|6,26|16,16|
#setting_targetting_pos=-1,-1|-1,-1|-1,-1|-1,-1|-1,-1|-1,-1|-1,-1|
#type=4,4,4,4,4,4,4,
.......
#1111111111111111111
#assigned_pet=-1,-1,-1,-1,-1,-1,-1,
#assigned_hub=6,7,5,8,1,2,4,
#moving_targetting_pos=26,6|26,16|16,26|26,26|6,16|6,26|16,16|
#setting_targetting_pos=-1,-1|-1,-1|-1,-1|-1,-1|-1,-1|-1,-1|-1,-1|
#type=4,4,4,4,4,4,4,
.......
#1111111111111111111
#assigned_pet=-1,-1,-1,-1,-1,-1,-1,
#assigned_hub=6,7,5,8,1,2,4,
#moving_targetting_pos=26,6|26,16|16,26|26,26|6,16|6,26|16,16|
#setting_targetting_pos=-1,-1|-1,-1|-1,-1|-1,-1|-1,-1|-1,-1|-1,-1|
#type=4,4,4,4,4,4,4,
.......
#1111111111111111111
#assigned_pet=-1,-1,-1,-1,-1,-1,-1,
#assigned_hub=6,7,5,8,1,2,4,
#moving_targetting_pos=26,6|26,16|16,26|26,26|6,16|6,26|16,16|
#setting_targetting_pos=-1,-1|-1,-1|-1,-1|-1,-1|-1,-1|-1,-1|-1,-1|
#type=4,4,4,4,4,4,4,
.......
#1111111111111111111
#assigned_pet=-1,-1,-1,-1,-1,-1,-1,
#assigned_hub=6,7,5,8,1,2,4,
#moving_targetting_pos=26,6|26,16|16,26|26,26|6,16|6,26|16,16|
#setting_targetting_pos=-1,-1|-1,-1|-1,-1|-1,-1|-1,-1|-1,-1|-1,-1|
#type=4,4,4,4,4,4,4,
.......
#1111111111111111111
#assigned_pet=-1,-1,-1,-1,-1,-1,-1,
#assigned_hub=6,7,5,8,1,2,4,
#moving_targetting_pos=26,6|26,16|16,26|26,26|6,16|6,26|16,16|
#setting_targetting_pos=-1,-1|-1,-1|-1,-1|-1,-1|-1,-1|-1,-1|-1,-1|
#type=4,4,4,4,4,4,4,
.......
#1111111111111111111
#assigned_pet=-1,-1,-1,-1,-1,-1,-1,
#assigned_hub=6,7,5,8,1,2,4,
#moving_targetting_pos=26,6|26,16|16,26|26,26|6,16|6,26|16,16|
#setting_targetting_pos=-1,-1|-1,-1|-1,-1|-1,-1|-1,-1|-1,-1|-1,-1|
#type=4,4,4,4,4,4,4,
.......
#1111111111111111111
#assigned_pet=-1,-1,-1,-1,-1,-1,-1,
#assigned_hub=6,7,5,8,1,2,4,
#moving_targetting_pos=26,6|26,16|16,26|26,26|6,16|6,26|16,16|
#setting_targetting_pos=-1,-1|-1,-1|-1,-1|-1,-1|-1,-1|-1,-1|-1,-1|
#type=4,4,4,4,4,4,4,
.......
#1111111111111111111
#assigned_pet=-1,-1,-1,-1,-1,-1,-1,
#assigned_hub=6,7,5,8,1,2,4,
#moving_targetting_pos=26,6|26,16|16,26|26,26|6,16|6,26|16,16|
#setting_targetting_pos=-1,-1|-1,-1|-1,-1|-1,-1|-1,-1|-1,-1|-1,-1|
#type=4,4,4,4,4,4,4,
.......
#1111111111111111111
#assigned_pet=-1,-1,-1,-1,-1,-1,-1,
#assigned_hub=6,7,5,8,1,2,4,
#moving_targetting_pos=26,6|26,16|16,26|26,26|6,16|6,26|16,16|
#setting_targetting_pos=-1,-1|-1,-1|-1,-1|-1,-1|-1,-1|-1,-1|-1,-1|
#type=4,4,4,4,4,4,4,
.......
#1111111111111111111
#assigned_pet=-1,-1,-1,-1,-1,-1,-1,
#assigned_hub=6,7,5,8,1,2,4,
#moving_targetting_pos=26,6|26,16|16,26|26,26|6,16|6,26|16,16|
#setting_targetting_pos=-1,-1|-1,-1|-1,-1|-1,-1|-1,-1|-1,-1|-1,-1|
#type=4,4,4,4,4,4,4,
.......
#1111111111111111111
#assigned_pet=-1,-1,-1,-1,-1,-1,-1,
#assigned_hub=6,7,5,8,1,2,4,
#moving_targetting_pos=26,6|26,16|16,26|26,26|6,16|6,26|16,16|
#setting_targetting_pos=-1,-1|-1,-1|-1,-1|-1,-1|-1,-1|-1,-1|-1,-1|
#type=4,4,4,4,4,4,4,
.......
#1111111111111111111
#assigned_pet=-1,-1,-1,-1,-1,-1,-1,
#assigned_hub=6,7,5,8,1,2,4,
#moving_targetting_pos=26,6|26,16|16,26|26,26|6,16|6,26|16,16|
#setting_targetting_pos=-1,-1|-1,-1|-1,-1|-1,-1|-1,-1|-1,-1|-1,-1|
#type=4,4,4,4,4,4,4,
.......
#1111111111111111111
#assigned_pet=-1,-1,-1,-1,-1,-1,-1,
#assigned_hub=6,7,5,8,1,2,4,
#moving_targetting_pos=26,6|26,16|16,26|26,26|6,16|6,26|16,16|
#setting_targetting_pos=-1,-1|-1,-1|-1,-1|-1,-1|-1,-1|-1,-1|-1,-1|
#type=4,4,4,4,4,4,4,
.......
#1111111111111111111
#assigned_pet=-1,-1,-1,-1,-1,-1,-1,
#assigned_hub=6,7,5,8,1,2,4,
#moving_targetting_pos=26,6|26,16|16,26|26,26|6,16|6,26|16,16|
#setting_targetting_pos=-1,-1|-1,-1|-1,-1|-1,-1|-1,-1|-1,-1|-1,-1|
#type=4,4,4,4,4,4,4,
.......
#1111111111111111111
#assigned_pet=-1,-1,-1,-1,-1,-1,-1,
#assigned_hub=6,7,5,8,1,2,4,
#moving_targetting_pos=26,6|26,16|16,26|26,26|6,16|6,26|16,16|
#setting_targetting_pos=-1,-1|-1,-1|-1,-1|-1,-1|-1,-1|-1,-1|-1,-1|
#type=4,4,4,4,4,4,4,
.......
#1111111111111111111
#assigned_pet=-1,-1,-1,-1,-1,-1,-1,
#assigned_hub=6,7,5,8,1,2,4,
#moving_targetting_pos=26,6|26,16|16,26|26,26|6,16|6,26|16,16|
#setting_targetting_pos=-1,-1|-1,-1|-1,-1|-1,-1|-1,-1|-1,-1|-1,-1|
#type=4,4,4,4,4,4,4,
.......
#1111111111111111111
#assigned_pet=-1,-1,-1,-1,-1,-1,-1,
#assigned_hub=6,7,5,8,1,2,4,
#moving_targetting_pos=26,6|26,16|16,26|26,26|6,16|6,26|16,16|
#setting_targetting_pos=-1,-1|-1,-1|-1,-1|-1,-1|-1,-1|-1,-1|-1,-1|
#type=4,4,4,4,4,4,4,
.......
#1111111111111111111
#assigned_pet=-1,-1,-1,-1,-1,-1,-1,
#assigned_hub=6,7,5,8,1,2,4,
#moving_targetting_pos=26,6|26,16|16,26|26,26|6,16|6,26|16,16|
#setting_targetting_pos=-1,-1|-1,-1|-1,-1|-1,-1|-1,-1|-1,-1|-1,-1|
#type=4,4,4,4,4,4,4,
.......
#1111111111111111111
#assigned_pet=-1,-1,-1,-1,-1,-1,-1,
#assigned_hub=6,7,5,8,1,2,4,
#moving_targetting_pos=26,6|26,16|16,26|26,26|6,16|6,26|16,16|
#setting_targetting_pos=-1,-1|-1,-1|-1,-1|-1,-1|-1,-1|-1,-1|-1,-1|
#type=4,4,4,4,4,4,4,
.......
#1111111111111111111
#assigned_pet=-1,-1,-1,-1,-1,-1,-1,
#assigned_hub=6,7,5,8,1,2,4,
#moving_targetting_pos=26,6|26,16|16,26|26,26|6,16|6,26|16,16|
#setting_targetting_pos=-1,-1|-1,-1|-1,-1|-1,-1|-1,-1|-1,-1|-1,-1|
#type=4,4,4,4,4,4,4,
.......
#1111111111111111111
#assigned_pet=-1,-1,-1,-1,-1,-1,-1,
#assigned_hub=6,7,5,8,1,2,4,
#moving_targetting_pos=26,6|26,16|16,26|26,26|6,16|6,26|16,16|
#setting_targetting_pos=-1,-1|-1,-1|-1,-1|-1,-1|-1,-1|-1,-1|-1,-1|
#type=4,4,4,4,4,4,4,
.......
#1111111111111111111
#assigned_pet=-1,-1,-1,-1,-1,-1,-1,
#assigned_hub=6,7,5,8,1,2,4,
#moving_targetting_pos=26,6|26,16|16,26|26,26|6,16|6,26|16,16|
#setting_targetting_pos=-1,-1|-1,-1|-1,-1|-1,-1|-1,-1|-1,-1|-1,-1|
#type=4,4,4,4,4,4,4,
.......
#1111111111111111111
#assigned_pet=-1,-1,-1,-1,-1,-1,-1,
#assigned_hub=6,7,5,8,1,2,4,
#moving_targetting_pos=26,6|26,16|16,26|26,26|6,16|6,26|16,16|
#setting_targetting_pos=-1,-1|-1,-1|-1,-1|-1,-1|-1,-1|-1,-1|-1,-1|
#type=4,4,4,4,4,4,4,
.......
#1111111111111111111
#assigned_pet=-1,-1,-1,-1,-1,-1,-1,
#assigned_hub=6,7,5,8,1,2,4,
#moving_targetting_pos=26,6|26,16|16,26|26,26|6,16|6,26|16,16|
#setting_targetting_pos=-1,-1|-1,-1|-1,-1|-1,-1|-1,-1|-1,-1|-1,-1|
#type=4,4,4,4,4,4,4,
.......
#1111111111111111111
#assigned_pet=-1,-1,-1,-1,-1,-1,-1,
#assigned_hub=6,7,5,8,1,2,4,
#moving_targetting_pos=26,6|26,16|16,26|26,26|6,16|6,26|16,16|
#setting_targetting_pos=-1,-1|-1,-1|-1,-1|-1,-1|-1,-1|-1,-1|-1,-1|
#type=4,4,4,4,4,4,4,
.......
#1111111111111111111
#assigned_pet=-1,-1,-1,-1,-1,-1,-1,
#assigned_hub=6,7,5,8,1,2,4,
#moving_targetting_pos=26,6|26,16|16,26|26,26|6,16|6,26|16,16|
#setting_targetting_pos=-1,-1|-1,-1|-1,-1|-1,-1|-1,-1|-1,-1|-1,-1|
#type=4,4,4,4,4,4,4,
.......
#1111111111111111111
#assigned_pet=-1,-1,-1,-1,-1,-1,-1,
#assigned_hub=6,7,5,8,1,2,4,
#moving_targetting_pos=26,6|26,16|16,26|26,26|6,16|6,26|16,16|
#setting_targetting_pos=-1,-1|-1,-1|-1,-1|-1,-1|-1,-1|-1,-1|-1,-1|
#type=4,4,4,4,4,4,4,
.......
#1111111111111111111
#assigned_pet=-1,-1,-1,-1,-1,-1,-1,
#assigned_hub=6,7,5,8,1,2,4,
#moving_targetting_pos=26,6|26,16|16,26|26,26|6,16|6,26|16,16|
#setting_targetting_pos=-1,-1|-1,-1|-1,-1|-1,-1|-1,-1|-1,-1|-1,-1|
#type=4,4,4,4,4,4,4,
.......
#1111111111111111111
#assigned_pet=-1,-1,-1,-1,-1,-1,-1,
#assigned_hub=6,7,5,8,1,2,4,
#moving_targetting_pos=26,6|26,16|16,26|26,26|6,16|6,26|16,16|
#setting_targetting_pos=-1,-1|-1,-1|-1,-1|-1,-1|-1,-1|-1,-1|-1,-1|
#type=4,4,4,4,4,4,4,
.......
#1111111111111111111
#assigned_pet=-1,-1,-1,-1,-1,-1,-1,
#assigned_hub=6,7,5,8,1,2,4,
#moving_targetting_pos=26,6|26,16|16,26|26,26|6,16|6,26|16,16|
#setting_targetting_pos=-1,-1|-1,-1|-1,-1|-1,-1|-1,-1|-1,-1|-1,-1|
#type=4,4,4,4,4,4,4,
.......
#1111111111111111111
#assigned_pet=-1,-1,-1,-1,-1,-1,-1,
#assigned_hub=6,7,5,8,1,2,4,
#moving_targetting_pos=26,6|26,16|16,26|26,26|6,16|6,26|16,16|
#setting_targetting_pos=-1,-1|-1,-1|-1,-1|-1,-1|-1,-1|-1,-1|-1,-1|
#type=4,4,4,4,4,4,4,
.......
#1111111111111111111
#assigned_pet=-1,-1,-1,-1,-1,-1,-1,
#assigned_hub=6,7,5,8,1,2,4,
#moving_targetting_pos=26,6|26,16|16,26|26,26|6,16|6,26|16,16|
#setting_targetting_pos=-1,-1|-1,-1|-1,-1|-1,-1|-1,-1|-1,-1|-1,-1|
#type=4,4,4,4,4,4,4,
.......
#1111111111111111111
#assigned_pet=-1,-1,-1,-1,-1,-1,-1,
#assigned_hub=6,7,5,8,1,2,4,
#moving_targetting_pos=26,6|26,16|16,26|26,26|6,16|6,26|16,16|
#setting_targetting_pos=-1,-1|-1,-1|-1,-1|-1,-1|-1,-1|-1,-1|-1,-1|
#type=4,4,4,4,4,4,4,
.......
#1111111111111111111
#assigned_pet=-1,-1,-1,-1,-1,-1,-1,
#assigned_hub=6,7,5,8,1,2,4,
#moving_targetting_pos=26,6|26,16|16,26|26,26|6,16|6,26|16,16|
#setting_targetting_pos=-1,-1|-1,-1|-1,-1|-1,-1|-1,-1|-1,-1|-1,-1|
#type=4,4,4,4,4,4,4,
.......
#1111111111111111111
#assigned_pet=-1,-1,-1,-1,-1,-1,-1,
#assigned_hub=6,7,5,8,1,2,4,
#moving_targetting_pos=26,6|26,16|16,26|26,26|6,16|6,26|16,16|
#setting_targetting_pos=-1,-1|-1,-1|-1,-1|-1,-1|-1,-1|-1,-1|-1,-1|
#type=4,4,4,4,4,4,4,
.......
#1111111111111111111
#assigned_pet=-1,-1,-1,-1,-1,-1,-1,
#assigned_hub=6,7,5,8,1,2,4,
#moving_targetting_pos=26,6|26,16|16,26|26,26|6,16|6,26|16,16|
#setting_targetting_pos=-1,-1|-1,-1|-1,-1|-1,-1|-1,-1|-1,-1|-1,-1|
#type=4,4,4,4,4,4,4,
.......
#1111111111111111111
#assigned_pet=-1,-1,-1,-1,-1,-1,-1,
#assigned_hub=6,7,5,8,1,2,4,
#moving_targetting_pos=26,6|26,16|16,26|26,26|6,16|6,26|16,16|
#setting_targetting_pos=-1,-1|-1,-1|-1,-1|-1,-1|-1,-1|-1,-1|-1,-1|
#type=4,4,4,4,4,4,4,
.......
#1111111111111111111
#assigned_pet=-1,-1,-1,-1,-1,-1,-1,
#assigned_hub=6,7,5,8,1,2,4,
#moving_targetting_pos=26,6|26,16|16,26|26,26|6,16|6,26|16,16|
#setting_targetting_pos=-1,-1|-1,-1|-1,-1|-1,-1|-1,-1|-1,-1|-1,-1|
#type=4,4,4,4,4,4,4,
.......
#1111111111111111111
#assigned_pet=-1,-1,-1,-1,-1,-1,-1,
#assigned_hub=6,7,5,8,1,2,4,
#moving_targetting_pos=26,6|26,16|16,26|26,26|6,16|6,26|16,16|
#setting_targetting_pos=-1,-1|-1,-1|-1,-1|-1,-1|-1,-1|-1,-1|-1,-1|
#type=4,4,4,4,4,4,4,
.......
#1111111111111111111
#assigned_pet=-1,-1,-1,-1,-1,-1,-1,
#assigned_hub=6,7,5,8,1,2,4,
#moving_targetting_pos=26,6|26,16|16,26|26,26|6,16|6,26|16,16|
#setting_targetting_pos=-1,-1|-1,-1|-1,-1|-1,-1|-1,-1|-1,-1|-1,-1|
#type=4,4,4,4,4,4,4,
.......
#1111111111111111111
#assigned_pet=-1,-1,-1,-1,-1,-1,-1,
#assigned_hub=6,7,5,8,1,2,4,
#moving_targetting_pos=26,6|26,16|16,26|26,26|6,16|6,26|16,16|
#setting_targetting_pos=-1,-1|-1,-1|-1,-1|-1,-1|-1,-1|-1,-1|-1,-1|
#type=4,4,4,4,4,4,4,
.......
#1111111111111111111
#assigned_pet=-1,-1,-1,-1,-1,-1,-1,
#assigned_hub=6,7,5,8,1,2,4,
#moving_targetting_pos=26,6|26,16|16,26|26,26|6,16|6,26|16,16|
#setting_targetting_pos=-1,-1|-1,-1|-1,-1|-1,-1|-1,-1|-1,-1|-1,-1|
#type=4,4,4,4,4,4,4,
.......
#1111111111111111111
#assigned_pet=-1,-1,-1,-1,-1,-1,-1,
#assigned_hub=6,7,5,8,1,2,4,
#moving_targetting_pos=26,6|26,16|16,26|26,26|6,16|6,26|16,16|
#setting_targetting_pos=-1,-1|-1,-1|-1,-1|-1,-1|-1,-1|-1,-1|-1,-1|
#type=4,4,4,4,4,4,4,
.......
#1111111111111111111
#assigned_pet=-1,-1,-1,-1,-1,-1,-1,
#assigned_hub=6,7,5,8,1,2,4,
#moving_targetting_pos=26,6|26,16|16,26|26,26|6,16|6,26|16,16|
#setting_targetting_pos=-1,-1|-1,-1|-1,-1|-1,-1|-1,-1|-1,-1|-1,-1|
#type=4,4,4,4,4,4,4,
.......
#1111111111111111111
#assigned_pet=-1,-1,-1,-1,-1,-1,-1,
#assigned_hub=6,7,5,8,1,2,4,
#moving_targetting_pos=26,6|26,16|16,26|26,26|6,16|6,26|16,16|
#setting_targetting_pos=-1,-1|-1,-1|-1,-1|-1,-1|-1,-1|-1,-1|-1,-1|
#type=4,4,4,4,4,4,4,
.......
#1111111111111111111
#assigned_pet=-1,-1,-1,-1,-1,-1,-1,
#assigned_hub=6,7,5,8,1,2,4,
#moving_targetting_pos=26,6|26,16|16,26|26,26|6,16|6,26|16,16|
#setting_targetting_pos=-1,-1|-1,-1|-1,-1|-1,-1|-1,-1|-1,-1|-1,-1|
#type=4,4,4,4,4,4,4,
.......
#1111111111111111111
#assigned_pet=-1,-1,-1,-1,-1,-1,-1,
#assigned_hub=6,7,5,8,1,2,4,
#moving_targetting_pos=26,6|26,16|16,26|26,26|6,16|6,26|16,16|
#setting_targetting_pos=-1,-1|-1,-1|-1,-1|-1,-1|-1,-1|-1,-1|-1,-1|
#type=4,4,4,4,4,4,4,
.......
#1111111111111111111
#assigned_pet=-1,-1,-1,-1,-1,-1,-1,
#assigned_hub=6,7,5,8,1,2,4,
#moving_targetting_pos=26,6|26,16|16,26|26,26|6,16|6,26|16,16|
#setting_targetting_pos=-1,-1|-1,-1|-1,-1|-1,-1|-1,-1|-1,-1|-1,-1|
#type=4,4,4,4,4,4,4,
.......
#1111111111111111111
#assigned_pet=-1,-1,-1,-1,-1,-1,-1,
#assigned_hub=6,7,5,8,1,2,4,
#moving_targetting_pos=26,6|26,16|16,26|26,26|6,16|6,26|16,16|
#setting_targetting_pos=-1,-1|-1,-1|-1,-1|-1,-1|-1,-1|-1,-1|-1,-1|
#type=4,4,4,4,4,4,4,
.......
#1111111111111111111
#assigned_pet=-1,-1,-1,-1,-1,-1,-1,
#assigned_hub=6,7,5,8,1,2,4,
#moving_targetting_pos=26,6|26,16|16,26|26,26|6,16|6,26|16,16|
#setting_targetting_pos=-1,-1|-1,-1|-1,-1|-1,-1|-1,-1|-1,-1|-1,-1|
#type=4,4,4,4,4,4,4,
.......
#1111111111111111111
#assigned_pet=-1,-1,-1,-1,-1,-1,-1,
#assigned_hub=6,7,5,8,1,2,4,
#moving_targetting_pos=26,6|26,16|16,26|26,26|6,16|6,26|16,16|
#setting_targetting_pos=-1,-1|-1,-1|-1,-1|-1,-1|-1,-1|-1,-1|-1,-1|
#type=4,4,4,4,4,4,4,
.......
#1111111111111111111
#assigned_pet=-1,-1,-1,-1,-1,-1,-1,
#assigned_hub=6,7,5,8,1,2,4,
#moving_targetting_pos=26,6|26,16|16,26|26,26|6,16|6,26|16,16|
#setting_targetting_pos=-1,-1|-1,-1|-1,-1|-1,-1|-1,-1|-1,-1|-1,-1|
#type=4,4,4,4,4,4,4,
.......
#1111111111111111111
#assigned_pet=-1,-1,-1,-1,-1,-1,-1,
#assigned_hub=6,7,5,8,1,2,4,
#moving_targetting_pos=26,6|26,16|16,26|26,26|6,16|6,26|16,16|
#setting_targetting_pos=-1,-1|-1,-1|-1,-1|-1,-1|-1,-1|-1,-1|-1,-1|
#type=4,4,4,4,4,4,4,
.......
#1111111111111111111
#assigned_pet=-1,-1,-1,-1,-1,-1,-1,
#assigned_hub=6,7,5,8,1,2,4,
#moving_targetting_pos=26,6|26,16|16,26|26,26|6,16|6,26|16,16|
#setting_targetting_pos=-1,-1|-1,-1|-1,-1|-1,-1|-1,-1|-1,-1|-1,-1|
#type=4,4,4,4,4,4,4,
.......
#1111111111111111111
#assigned_pet=-1,-1,-1,-1,-1,-1,-1,
#assigned_hub=6,7,5,8,1,2,4,
#moving_targetting_pos=26,6|26,16|16,26|26,26|6,16|6,26|16,16|
#setting_targetting_pos=-1,-1|-1,-1|-1,-1|-1,-1|-1,-1|-1,-1|-1,-1|
#type=4,4,4,4,4,4,4,
.......
#1111111111111111111
#assigned_pet=-1,-1,-1,-1,-1,-1,-1,
#assigned_hub=6,7,5,8,1,2,4,
#moving_targetting_pos=26,6|26,16|16,26|26,26|6,16|6,26|16,16|
#setting_targetting_pos=-1,-1|-1,-1|-1,-1|-1,-1|-1,-1|-1,-1|-1,-1|
#type=4,4,4,4,4,4,4,
.......
#1111111111111111111
#assigned_pet=-1,-1,-1,-1,-1,-1,-1,
#assigned_hub=6,7,5,8,1,2,4,
#moving_targetting_pos=26,6|26,16|16,26|26,26|6,16|6,26|16,16|
#setting_targetting_pos=-1,-1|-1,-1|-1,-1|-1,-1|-1,-1|-1,-1|-1,-1|
#type=4,4,4,4,4,4,4,
.......
#1111111111111111111
#assigned_pet=-1,-1,-1,-1,-1,-1,-1,
#assigned_hub=6,7,5,8,1,2,4,
#moving_targetting_pos=26,6|26,16|16,26|26,26|6,16|6,26|16,16|
#setting_targetting_pos=-1,-1|-1,-1|-1,-1|-1,-1|-1,-1|-1,-1|-1,-1|
#type=4,4,4,4,4,4,4,
.......
#1111111111111111111
#assigned_pet=-1,-1,-1,-1,-1,-1,-1,
#assigned_hub=6,7,5,8,1,2,4,
#moving_targetting_pos=26,6|26,16|16,26|26,26|6,16|6,26|16,16|
#setting_targetting_pos=-1,-1|-1,-1|-1,-1|-1,-1|-1,-1|-1,-1|-1,-1|
#type=4,4,4,4,4,4,4,
.......
#1111111111111111111
#assigned_pet=-1,-1,-1,-1,-1,-1,-1,
#assigned_hub=6,7,5,8,1,2,4,
#moving_targetting_pos=26,6|26,16|16,26|26,26|6,16|6,26|16,16|
#setting_targetting_pos=-1,-1|-1,-1|-1,-1|-1,-1|-1,-1|-1,-1|-1,-1|
#type=4,4,4,4,4,4,4,
.......
#1111111111111111111
#assigned_pet=-1,-1,-1,-1,-1,-1,-1,
#assigned_hub=6,7,5,8,1,2,4,
#moving_targetting_pos=26,6|26,16|16,26|26,26|6,16|6,26|16,16|
#setting_targetting_pos=-1,-1|-1,-1|-1,-1|-1,-1|-1,-1|-1,-1|-1,-1|
#type=4,4,4,4,4,4,4,
.......
#1111111111111111111
#assigned_pet=-1,-1,-1,-1,-1,-1,-1,
#assigned_hub=6,7,5,8,1,2,4,
#moving_targetting_pos=26,6|26,16|16,26|26,26|6,16|6,26|16,16|
#setting_targetting_pos=-1,-1|-1,-1|-1,-1|-1,-1|-1,-1|-1,-1|-1,-1|
#type=4,4,4,4,4,4,4,
.......
#1111111111111111111
#assigned_pet=-1,-1,-1,-1,-1,-1,-1,
#assigned_hub=6,7,5,8,1,2,4,
#moving_targetting_pos=26,6|26,16|16,26|26,26|6,16|6,26|16,16|
#setting_targetting_pos=-1,-1|-1,-1|-1,-1|-1,-1|-1,-1|-1,-1|-1,-1|
#type=4,4,4,4,4,4,4,
.......
#1111111111111111111
#assigned_pet=-1,-1,-1,-1,-1,-1,-1,
#assigned_hub=6,7,5,8,1,2,4,
#moving_targetting_pos=26,6|26,16|16,26|26,26|6,16|6,26|16,16|
#setting_targetting_pos=-1,-1|-1,-1|-1,-1|-1,-1|-1,-1|-1,-1|-1,-1|
#type=4,4,4,4,4,4,4,
.......
#1111111111111111111
#assigned_pet=-1,-1,-1,-1,-1,-1,-1,
#assigned_hub=6,7,5,8,1,2,4,
#moving_targetting_pos=26,6|26,16|16,26|26,26|6,16|6,26|16,16|
#setting_targetting_pos=-1,-1|-1,-1|-1,-1|-1,-1|-1,-1|-1,-1|-1,-1|
#type=4,4,4,4,4,4,4,
.......
#1111111111111111111
#assigned_pet=-1,-1,-1,-1,-1,-1,-1,
#assigned_hub=6,7,5,8,1,2,4,
#moving_targetting_pos=26,6|26,16|16,26|26,26|6,16|6,26|16,16|
#setting_targetting_pos=-1,-1|-1,-1|-1,-1|-1,-1|-1,-1|-1,-1|-1,-1|
#type=4,4,4,4,4,4,4,
.......
#1111111111111111111
#assigned_pet=-1,-1,-1,-1,-1,-1,-1,
#assigned_hub=6,7,5,8,1,2,4,
#moving_targetting_pos=26,6|26,16|16,26|26,26|6,16|6,26|16,16|
#setting_targetting_pos=-1,-1|-1,-1|-1,-1|-1,-1|-1,-1|-1,-1|-1,-1|
#type=4,4,4,4,4,4,4,
.......
#1111111111111111111
#assigned_pet=-1,-1,-1,-1,-1,-1,-1,
#assigned_hub=6,7,5,8,1,2,4,
#moving_targetting_pos=26,6|26,16|16,26|26,26|6,16|6,26|16,16|
#setting_targetting_pos=-1,-1|-1,-1|-1,-1|-1,-1|-1,-1|-1,-1|-1,-1|
#type=4,4,4,4,4,4,4,
.......
#1111111111111111111
#assigned_pet=-1,-1,-1,-1,-1,-1,-1,
#assigned_hub=6,7,5,8,1,2,4,
#moving_targetting_pos=26,6|26,16|16,26|26,26|6,16|6,26|16,16|
#setting_targetting_pos=-1,-1|-1,-1|-1,-1|-1,-1|-1,-1|-1,-1|-1,-1|
#type=4,4,4,4,4,4,4,
.......
#1111111111111111111
#assigned_pet=-1,-1,-1,-1,-1,-1,-1,
#assigned_hub=6,7,5,8,1,2,4,
#moving_targetting_pos=26,6|26,16|16,26|26,26|6,16|6,26|16,16|
#setting_targetting_pos=-1,-1|-1,-1|-1,-1|-1,-1|-1,-1|-1,-1|-1,-1|
#type=4,4,4,4,4,4,4,
.......
#1111111111111111111
#assigned_pet=-1,-1,-1,-1,-1,-1,-1,
#assigned_hub=6,7,5,8,1,2,4,
#moving_targetting_pos=26,6|26,16|16,26|26,26|6,16|6,26|16,16|
#setting_targetting_pos=-1,-1|-1,-1|-1,-1|-1,-1|-1,-1|-1,-1|-1,-1|
#type=4,4,4,4,4,4,4,
.......
#1111111111111111111
#assigned_pet=-1,-1,-1,-1,-1,-1,-1,
#assigned_hub=6,7,5,8,1,2,4,
#moving_targetting_pos=26,6|26,16|16,26|26,26|6,16|6,26|16,16|
#setting_targetting_pos=-1,-1|-1,-1|-1,-1|-1,-1|-1,-1|-1,-1|-1,-1|
#type=4,4,4,4,4,4,4,
.......
#1111111111111111111
#assigned_pet=-1,-1,-1,-1,-1,-1,-1,
#assigned_hub=6,7,5,8,1,2,4,
#moving_targetting_pos=26,6|26,16|16,26|26,26|6,16|6,26|16,16|
#setting_targetting_pos=-1,-1|-1,-1|-1,-1|-1,-1|-1,-1|-1,-1|-1,-1|
#type=4,4,4,4,4,4,4,
.......
