#0000000000000000
#assigned_pet=-1,-1,-1,-1,-1,-1,-1,-1,-1,-1,
#assigned_hub=0,0,0,0,0,0,0,0,0,5,
#moving_targetting_pos=22,29|5,30|25,30|15,30|29,30|19,30|12,1|9,2|2,1|16,26|
#setting_targetting_pos=22,1|5,1|25,1|15,1|29,2|19,2|12,29|9,30|2,29|0,0|
RRRRRRLDL.
#0000000000000000
#assigned_pet=-1,-1,-1,-1,-1,-1,-1,-1,-1,-1,
#assigned_hub=0,0,0,0,0,0,0,0,0,5,
#moving_targetting_pos=22,29|5,30|25,30|15,30|29,30|19,30|12,1|9,2|2,1|16,26|
#setting_targetting_pos=22,1|5,1|25,1|15,1|29,2|19,2|12,29|9,30|2,29|-1,-1|
RRRRRRLdL.
#0000000000000000
#assigned_pet=-1,-1,-1,-1,-1,-1,-1,-1,-1,-1,
#assigned_hub=0,0,0,0,0,0,0,0,0,5,
#moving_targetting_pos=22,29|5,30|25,30|15,30|29,30|19,30|12,1|9,2|2,1|16,26|
#setting_targetting_pos=22,1|5,1|25,1|15,1|29,2|19,2|12,29|9,30|2,29|-1,-1|
RRdRRRLRL.
#0000000000000000
#assigned_pet=-1,-1,-1,-1,-1,-1,-1,-1,-1,-1,
#assigned_hub=0,0,0,0,0,0,0,0,0,5,
#moving_targetting_pos=22,29|5,30|25,30|15,30|29,30|19,30|12,1|9,2|2,1|16,26|
#setting_targetting_pos=22,1|5,1|25,1|15,1|29,2|19,2|12,29|9,30|2,29|-1,-1|
RRLRRRLRL.
#0000000000000000
#assigned_pet=-1,-1,-1,-1,-1,-1,-1,-1,-1,-1,
#assigned_hub=0,0,0,0,0,0,0,0,0,5,
#moving_targetting_pos=22,29|5,30|25,30|15,30|29,30|19,30|12,1|9,2|2,1|16,26|
#setting_targetting_pos=22,1|5,1|25,1|15,1|29,2|19,2|12,29|9,30|2,29|-1,-1|
RRdURRLlL.
#0000000000000000
#assigned_pet=-1,-1,-1,-1,-1,-1,-1,-1,-1,-1,
#assigned_hub=0,0,0,0,0,0,0,0,0,5,
#moving_targetting_pos=22,29|5,30|25,30|15,30|29,30|19,30|12,1|9,2|2,1|16,26|
#setting_targetting_pos=22,1|5,1|25,1|15,1|29,2|19,2|12,29|9,30|2,29|-1,-1|
RRLUDRU.L.
#0000000000000000
#assigned_pet=-1,-1,-1,-1,-1,-1,-1,-1,-1,-1,
#assigned_hub=0,0,0,0,0,0,0,0,0,5,
#moving_targetting_pos=22,29|5,30|25,30|15,30|29,30|19,30|12,1|9,2|2,1|16,26|
#setting_targetting_pos=22,1|5,1|25,1|15,1|29,2|19,2|12,29|9,30|2,29|-1,-1|
RRudRRU.L.
#0000000000000000
#assigned_pet=-1,-1,-1,-1,-1,-1,-1,-1,-1,-1,
#assigned_hub=0,0,0,0,0,0,0,0,0,5,
#moving_targetting_pos=22,29|5,30|25,30|15,30|29,30|19,30|12,1|9,2|2,1|16,26|
#setting_targetting_pos=22,1|5,1|25,1|15,1|29,2|19,2|12,29|9,30|2,29|-1,-1|
URLLRRUuL.
#0000000000000000
#assigned_pet=-1,-1,-1,-1,-1,-1,-1,-1,-1,-1,
#assigned_hub=0,0,0,0,0,0,0,0,0,5,
#moving_targetting_pos=22,29|5,30|25,30|15,30|29,30|19,30|12,1|9,2|2,1|16,26|
#setting_targetting_pos=22,1|5,1|25,1|15,1|29,2|19,2|12,29|9,30|2,29|-1,-1|
RRLdDRURL.
#0000000000000000
#assigned_pet=-1,-1,-1,-1,-1,-1,-1,-1,-1,-1,
#assigned_hub=0,0,0,0,0,0,0,0,0,5,
#moving_targetting_pos=22,29|5,30|25,30|15,30|29,30|19,30|12,1|9,2|2,1|16,26|
#setting_targetting_pos=22,1|5,1|25,1|15,1|29,2|19,2|12,29|9,30|2,29|-1,-1|
RRLLDRuRL.
#0000000000000000
#assigned_pet=-1,-1,-1,-1,-1,-1,-1,-1,-1,-1,
#assigned_hub=0,0,0,0,0,0,0,0,0,5,
#moving_targetting_pos=22,29|5,30|25,30|15,30|29,30|19,30|12,1|9,2|2,1|16,26|
#setting_targetting_pos=22,1|5,1|25,1|15,1|29,2|19,2|12,29|9,30|2,29|-1,-1|
URL.dURdU.
#0000000000000000
#assigned_pet=-1,-1,-1,-1,-1,-1,-1,-1,-1,-1,
#assigned_hub=0,0,0,0,0,0,0,0,0,5,
#moving_targetting_pos=22,29|5,30|25,30|15,30|29,30|19,30|12,1|9,2|2,1|16,26|
#setting_targetting_pos=22,1|5,1|25,1|15,1|29,2|19,2|12,29|9,30|2,29|-1,-1|
rRu.LdRRU.
#0000000000000000
#assigned_pet=-1,-1,-1,-1,-1,-1,-1,-1,-1,-1,
#assigned_hub=0,0,0,0,0,0,0,0,0,5,
#moving_targetting_pos=22,29|5,30|25,30|15,30|29,30|19,30|12,1|9,2|2,1|16,26|
#setting_targetting_pos=22,1|5,1|25,1|15,1|29,2|19,2|12,29|9,30|2,29|-1,-1|
dRLuLLllU.
#0000000000000000
#assigned_pet=-1,-1,-1,-1,-1,-1,-1,-1,-1,-1,
#assigned_hub=0,0,0,0,0,0,0,0,0,5,
#moving_targetting_pos=22,29|5,30|25,30|15,30|29,30|19,30|12,1|9,2|2,1|16,26|
#setting_targetting_pos=22,1|5,1|25,1|15,1|29,2|19,2|12,29|9,30|2,29|-1,-1|
LUdLuLdRU.
#0000000000000000
#assigned_pet=-1,-1,-1,-1,-1,-1,-1,-1,-1,-1,
#assigned_hub=0,0,0,0,0,0,0,0,0,5,
#moving_targetting_pos=22,29|5,30|25,30|15,30|29,30|19,30|12,1|9,2|2,1|16,26|
#setting_targetting_pos=22,1|5,1|25,1|15,1|29,2|19,2|12,29|9,30|2,29|-1,-1|
LULL.rRuU.
#0000000000000000
#assigned_pet=-1,-1,-1,-1,-1,-1,-1,-1,-1,-1,
#assigned_hub=0,0,0,0,0,0,0,0,0,5,
#moving_targetting_pos=22,29|5,30|25,30|15,30|29,30|19,30|12,1|9,2|2,1|16,26|
#setting_targetting_pos=22,1|5,1|25,1|15,1|29,2|19,2|12,29|9,30|2,29|-1,-1|
LddLruRRU.
#0000000000000000
#assigned_pet=-1,-1,-1,-1,-1,-1,-1,-1,-1,-1,
#assigned_hub=0,0,0,0,0,0,0,0,0,5,
#moving_targetting_pos=22,29|5,30|25,30|15,30|29,30|19,30|12,1|9,2|2,1|16,26|
#setting_targetting_pos=22,1|5,1|25,1|15,1|29,2|19,2|12,29|9,30|2,29|-1,-1|
dLLLLLRRU.
#0000000000000000
#assigned_pet=-1,-1,-1,-1,-1,-1,-1,-1,-1,-1,
#assigned_hub=0,0,0,0,0,0,0,0,0,5,
#moving_targetting_pos=22,29|5,30|25,30|15,30|29,30|19,30|12,1|9,2|2,1|16,26|
#setting_targetting_pos=22,1|5,1|25,1|15,1|29,2|19,2|12,29|9,30|2,29|-1,-1|
udduLLdlU.
#0000000000000000
#assigned_pet=-1,-1,-1,-1,-1,-1,-1,-1,-1,-1,
#assigned_hub=0,0,0,0,0,0,0,0,0,5,
#moving_targetting_pos=22,29|5,30|25,30|15,30|29,30|19,30|12,1|9,2|2,1|16,26|
#setting_targetting_pos=22,1|5,1|25,1|15,1|29,2|19,2|12,29|9,30|2,29|-1,-1|
LLLLddudU.
#0000000000000000
#assigned_pet=-1,-1,-1,-1,-1,-1,-1,-1,-1,-1,
#assigned_hub=0,0,0,0,0,0,0,0,0,5,
#moving_targetting_pos=22,29|5,30|25,30|15,30|29,30|19,30|12,1|9,2|2,1|16,26|
#setting_targetting_pos=22,1|5,1|25,1|15,1|29,2|19,2|12,29|9,30|2,29|-1,-1|
rud.LLRRU.
#0000000000000000
#assigned_pet=-1,-1,-1,-1,-1,-1,-1,-1,-1,-1,
#assigned_hub=0,0,0,0,0,0,0,0,0,5,
#moving_targetting_pos=22,29|5,30|25,30|15,30|29,30|19,30|12,1|9,2|2,1|16,26|
#setting_targetting_pos=22,1|5,1|25,1|15,1|29,2|19,2|12,29|9,30|2,29|-1,-1|
LLLdrrlRU.
#0000000000000000
#assigned_pet=-1,-1,-1,-1,-1,-1,-1,-1,-1,-1,
#assigned_hub=0,0,0,0,0,0,0,0,0,5,
#moving_targetting_pos=22,29|5,30|25,30|15,30|29,30|19,30|12,1|9,2|2,1|16,26|
#setting_targetting_pos=22,1|5,1|25,1|15,1|29,2|19,2|12,29|9,30|2,29|-1,-1|
LLdLLLRdL.
#0000000000000000
#assigned_pet=-1,-1,-1,-1,-1,-1,-1,-1,-1,-1,
#assigned_hub=0,0,0,0,0,0,0,0,0,5,
#moving_targetting_pos=22,29|5,30|25,30|15,30|29,30|19,30|12,1|9,2|2,1|16,26|
#setting_targetting_pos=22,1|5,1|25,1|15,1|29,2|19,2|12,29|9,30|2,29|-1,-1|
dLLdu.RRL.
#0000000000000000
#assigned_pet=-1,-1,-1,-1,-1,-1,-1,-1,-1,-1,
#assigned_hub=0,0,0,0,0,0,0,0,0,5,
#moving_targetting_pos=22,29|5,30|25,30|15,30|29,30|19,30|12,1|9,2|2,1|16,26|
#setting_targetting_pos=22,1|5,1|25,1|15,1|29,2|19,2|12,29|9,30|2,29|-1,-1|
LLuLL.dRL.
#0000000000000000
#assigned_pet=-1,-1,-1,-1,-1,-1,-1,-1,-1,-1,
#assigned_hub=0,0,0,0,0,0,0,0,0,5,
#moving_targetting_pos=22,29|5,30|25,30|15,30|29,30|19,30|12,1|9,2|2,1|16,26|
#setting_targetting_pos=22,1|5,1|25,1|15,1|29,2|19,2|12,29|9,30|2,29|-1,-1|
LuLdL.R.L.
#0000000000000000
#assigned_pet=-1,-1,-1,-1,-1,-1,-1,-1,-1,-1,
#assigned_hub=0,0,0,0,0,0,0,0,0,5,
#moving_targetting_pos=22,29|5,30|25,30|15,30|29,30|19,30|12,1|9,2|2,1|16,26|
#setting_targetting_pos=22,1|5,1|25,1|15,1|29,2|19,2|12,29|9,30|2,29|-1,-1|
rLLLr.RlU.
#0000000000000000
#assigned_pet=-1,-1,-1,-1,-1,-1,-1,-1,-1,-1,
#assigned_hub=0,0,0,0,0,0,0,0,0,5,
#moving_targetting_pos=22,29|5,30|25,30|15,30|29,30|19,30|12,1|9,2|2,1|16,26|
#setting_targetting_pos=22,1|5,1|25,1|15,1|29,2|19,2|12,29|9,30|2,29|-1,-1|
udLdd..uU.
#0000000000000000
#assigned_pet=-1,-1,-1,-1,-1,-1,-1,-1,-1,-1,
#assigned_hub=0,0,0,0,0,0,0,0,0,5,
#moving_targetting_pos=22,29|5,30|25,30|15,30|29,30|19,30|12,1|9,2|2,1|16,26|
#setting_targetting_pos=22,1|5,1|25,1|15,1|29,2|19,2|12,29|9,30|2,29|-1,-1|
LLLLL..RU.
#0000000000000000
#assigned_pet=-1,-1,-1,-1,-1,-1,-1,-1,-1,-1,
#assigned_hub=0,0,0,0,0,0,0,0,0,5,
#moving_targetting_pos=22,29|5,30|25,30|15,30|29,30|19,30|12,1|9,2|2,1|16,26|
#setting_targetting_pos=22,1|5,1|25,1|15,1|29,2|19,2|12,29|9,30|2,29|-1,-1|
LdudL.lRU.
#0000000000000000
#assigned_pet=-1,-1,-1,-1,-1,-1,-1,-1,-1,-1,
#assigned_hub=0,0,0,0,0,0,0,0,0,5,
#moving_targetting_pos=22,29|5,30|25,30|15,30|29,30|19,30|12,1|9,2|2,1|16,26|
#setting_targetting_pos=22,1|5,1|25,1|15,1|29,2|19,2|12,29|9,30|2,29|-1,-1|
rLLLd.u.U.
#0000000000000000
#assigned_pet=-1,-1,-1,-1,-1,-1,-1,-1,-1,-1,
#assigned_hub=0,0,0,0,0,0,0,0,0,5,
#moving_targetting_pos=22,29|5,30|25,30|15,30|29,30|19,30|12,1|9,2|2,1|16,26|
#setting_targetting_pos=22,1|5,1|25,1|15,1|29,2|19,2|12,29|9,30|2,29|-1,-1|
ddduL.R.u.
#0000000000000000
#assigned_pet=-1,-1,-1,-1,-1,-1,-1,-1,-1,-1,
#assigned_hub=0,0,0,0,0,0,0,0,0,5,
#moving_targetting_pos=22,29|5,30|25,30|15,30|29,30|19,30|12,1|9,2|2,1|16,26|
#setting_targetting_pos=22,1|5,1|25,1|15,1|29,2|19,2|12,29|9,30|2,29|-1,-1|
LLLLL.R.R.
#0000000000000000
#assigned_pet=-1,-1,-1,-1,-1,-1,-1,-1,-1,-1,
#assigned_hub=0,0,0,0,0,0,0,0,0,5,
#moving_targetting_pos=22,29|5,30|25,30|15,30|29,30|19,30|12,1|9,2|2,1|16,26|
#setting_targetting_pos=22,1|5,1|25,1|15,1|29,2|19,2|12,29|9,30|2,29|-1,-1|
LddLr.ldR.
#0000000000000000
#assigned_pet=-1,-1,-1,-1,-1,-1,-1,-1,-1,-1,
#assigned_hub=0,0,0,0,0,0,0,0,0,5,
#moving_targetting_pos=22,29|5,30|25,30|15,30|29,30|19,30|12,1|9,2|2,1|16,26|
#setting_targetting_pos=22,1|5,1|25,1|15,1|29,2|19,2|12,29|9,30|2,29|-1,-1|
LLLLu.dRl.
#0000000000000000
#assigned_pet=-1,-1,-1,-1,-1,-1,-1,-1,-1,-1,
#assigned_hub=0,0,0,0,0,0,0,0,0,5,
#moving_targetting_pos=22,29|5,30|25,30|15,30|29,30|19,30|12,1|9,2|2,1|16,26|
#setting_targetting_pos=22,1|5,1|25,1|15,1|29,2|19,2|12,29|9,30|2,29|-1,-1|
dddLL.Rld.
#0000000000000000
#assigned_pet=-1,-1,-1,-1,-1,-1,-1,-1,-1,-1,
#assigned_hub=0,0,0,0,0,0,0,0,0,5,
#moving_targetting_pos=22,29|5,30|25,30|15,30|29,30|19,30|12,1|9,2|2,1|16,26|
#setting_targetting_pos=22,1|5,1|25,1|15,1|29,2|19,2|12,29|9,30|2,29|-1,-1|
uLLuL.RRR.
#0000000000000000
#assigned_pet=-1,-1,-1,-1,-1,-1,-1,-1,-1,-1,
#assigned_hub=0,0,0,0,0,0,0,0,0,5,
#moving_targetting_pos=22,29|5,30|25,30|15,30|29,30|19,30|12,1|9,2|2,1|16,26|
#setting_targetting_pos=22,1|5,1|25,1|15,1|29,2|19,2|12,29|9,30|2,29|-1,-1|
LudLd.RuR.
#0000000000000000
#assigned_pet=-1,-1,-1,-1,-1,-1,-1,-1,-1,-1,
#assigned_hub=0,0,0,0,0,0,0,0,0,5,
#moving_targetting_pos=22,29|5,30|25,30|15,30|29,30|19,30|12,1|9,2|2,1|16,26|
#setting_targetting_pos=22,1|5,1|25,1|15,1|29,2|19,2|12,29|9,30|2,29|-1,-1|
rLLdL.dRR.
#0000000000000000
#assigned_pet=-1,-1,-1,-1,-1,-1,-1,-1,-1,-1,
#assigned_hub=0,0,0,0,0,0,0,0,0,5,
#moving_targetting_pos=22,29|5,30|25,30|15,30|29,30|19,30|12,1|9,2|2,1|16,26|
#setting_targetting_pos=22,1|5,1|25,1|15,1|29,2|19,2|12,29|9,30|2,29|-1,-1|
LLdLr.uRd.
#0000000000000000
#assigned_pet=-1,-1,-1,-1,-1,-1,-1,-1,-1,-1,
#assigned_hub=0,0,0,0,0,0,0,0,0,5,
#moving_targetting_pos=22,29|5,30|25,30|15,30|29,30|19,30|12,1|9,2|2,1|16,26|
#setting_targetting_pos=22,1|5,1|25,1|15,1|29,2|19,2|12,29|9,30|2,29|-1,-1|
LLLdL.Rlu.
#0000000000000000
#assigned_pet=-1,-1,-1,-1,-1,-1,-1,-1,-1,-1,
#assigned_hub=0,0,0,0,0,0,0,0,0,5,
#moving_targetting_pos=22,29|5,30|25,30|15,30|29,30|19,30|12,1|9,2|2,1|16,26|
#setting_targetting_pos=22,1|5,1|25,1|15,1|29,2|19,2|12,29|9,30|2,29|-1,-1|
dLuLu.ldR.
#0000000000000000
#assigned_pet=-1,-1,-1,-1,-1,-1,-1,-1,-1,-1,
#assigned_hub=0,0,0,0,0,0,0,0,0,5,
#moving_targetting_pos=22,29|5,30|25,30|15,30|29,30|19,30|12,1|9,2|2,1|16,26|
#setting_targetting_pos=22,1|5,1|25,1|15,1|29,2|19,2|12,29|9,30|2,29|-1,-1|
LuL.L.RRl.
#0000000000000000
#assigned_pet=-1,-1,-1,-1,-1,-1,-1,-1,-1,-1,
#assigned_hub=0,0,0,0,0,0,0,0,0,5,
#moving_targetting_pos=22,29|5,30|25,30|15,30|29,30|19,30|12,1|9,2|2,1|16,26|
#setting_targetting_pos=22,1|5,1|25,1|15,1|29,2|19,2|12,29|9,30|2,29|-1,-1|
LLL.L.RRR.
#0000000000000000
#assigned_pet=-1,-1,-1,-1,-1,-1,-1,-1,-1,-1,
#assigned_hub=0,0,0,0,0,0,0,0,0,5,
#moving_targetting_pos=22,29|5,30|25,30|15,30|29,30|19,30|12,1|9,2|2,1|16,26|
#setting_targetting_pos=22,1|5,1|25,1|15,1|29,2|19,2|12,29|9,30|2,29|-1,-1|
rdLdr.ddR.
#0000000000000000
#assigned_pet=-1,-1,-1,-1,-1,-1,-1,-1,-1,-1,
#assigned_hub=0,0,0,0,0,0,0,0,0,5,
#moving_targetting_pos=22,29|5,30|25,30|15,30|29,30|19,30|12,1|9,2|2,1|16,26|
#setting_targetting_pos=22,1|5,1|25,1|15,1|29,2|19,2|12,29|9,30|2,29|-1,-1|
.LLLd.RRd.
#0000000000000000
#assigned_pet=-1,-1,-1,-1,-1,-1,-1,-1,-1,-1,
#assigned_hub=0,0,0,0,0,0,0,0,0,5,
#moving_targetting_pos=22,29|5,30|25,30|15,30|29,30|19,30|12,1|9,2|2,1|16,26|
#setting_targetting_pos=22,1|5,1|25,1|15,1|29,2|19,2|12,29|9,30|2,29|-1,-1|
.dudL.RRR.
#0000000000000000
#assigned_pet=-1,-1,-1,-1,-1,-1,-1,-1,-1,-1,
#assigned_hub=0,0,0,0,0,0,0,0,0,5,
#moving_targetting_pos=22,29|5,30|25,30|15,30|29,30|19,30|12,1|9,2|2,1|16,26|
#setting_targetting_pos=22,1|5,1|25,1|15,1|29,2|19,2|12,29|9,30|2,29|-1,-1|
.LLLL.llR.
#0000000000000000
#assigned_pet=-1,-1,-1,-1,-1,-1,-1,-1,-1,-1,
#assigned_hub=0,0,0,0,0,0,0,0,0,5,
#moving_targetting_pos=22,29|5,30|25,30|15,30|29,30|19,30|12,1|9,2|2,1|16,26|
#setting_targetting_pos=22,1|5,1|25,1|15,1|29,2|19,2|12,29|9,30|2,29|-1,-1|
.dddd.uu..
#0000000000000000
#assigned_pet=-1,-1,-1,-1,-1,-1,-1,-1,-1,-1,
#assigned_hub=0,0,0,0,0,0,0,0,0,5,
#moving_targetting_pos=22,29|5,30|25,30|15,30|29,30|19,30|12,1|9,2|2,1|16,26|
#setting_targetting_pos=22,1|5,1|25,1|15,1|29,2|19,2|12,29|9,30|2,29|-1,-1|
uLLLL.RRl.
#0000000000000000
#assigned_pet=-1,-1,-1,-1,-1,-1,-1,-1,-1,-1,
#assigned_hub=0,0,0,0,0,0,0,0,0,5,
#moving_targetting_pos=22,29|5,30|25,30|15,30|29,30|19,30|12,1|9,2|2,1|16,26|
#setting_targetting_pos=22,1|5,1|25,1|15,1|29,2|19,2|12,29|9,30|2,29|-1,-1|
Ld.uL.RR..
#0000000000000000
#assigned_pet=-1,-1,-1,-1,-1,-1,-1,-1,-1,-1,
#assigned_hub=0,0,0,0,0,0,0,0,0,5,
#moving_targetting_pos=22,29|5,30|25,30|15,30|29,30|19,30|12,1|9,2|2,1|16,26|
#setting_targetting_pos=22,1|5,1|25,1|15,1|29,2|19,2|12,29|9,30|2,29|-1,-1|
LL.Lr.ldu.
#0000000000000000
#assigned_pet=-1,-1,-1,-1,-1,-1,-1,-1,-1,-1,
#assigned_hub=0,0,0,0,0,0,0,0,0,5,
#moving_targetting_pos=22,29|5,30|25,30|15,30|29,30|19,30|12,1|9,2|2,1|16,26|
#setting_targetting_pos=22,1|5,1|25,1|15,1|29,2|19,2|12,29|9,30|2,29|-1,-1|
rddLu.dRR.
#0000000000000000
#assigned_pet=-1,-1,-1,-1,-1,-1,-1,-1,-1,-1,
#assigned_hub=0,0,0,0,0,0,0,0,0,5,
#moving_targetting_pos=22,29|5,30|25,30|15,30|29,30|19,30|12,1|9,2|2,1|16,26|
#setting_targetting_pos=22,1|5,1|25,1|15,1|29,2|19,2|12,29|9,30|2,29|-1,-1|
dLLLL.RlR.
#0000000000000000
#assigned_pet=-1,-1,-1,-1,-1,-1,-1,-1,-1,-1,
#assigned_hub=0,0,0,0,0,0,0,0,0,5,
#moving_targetting_pos=22,29|5,30|25,30|15,30|29,30|19,30|12,1|9,2|2,1|16,26|
#setting_targetting_pos=22,1|5,1|25,1|15,1|29,2|19,2|12,29|9,30|2,29|-1,-1|
LudLL.RRl.
#0000000000000000
#assigned_pet=-1,-1,-1,-1,-1,-1,-1,-1,-1,-1,
#assigned_hub=0,0,6,0,0,0,0,0,0,5,
#moving_targetting_pos=22,29|5,30|26,6|15,30|29,30|19,30|12,1|9,2|2,1|16,26|
#setting_targetting_pos=22,1|5,1|25,1|15,1|29,2|19,2|12,29|9,30|2,29|-1,-1|
LLRud.Rud.
#0000000000000000
#assigned_pet=-1,-1,-1,-1,-1,-1,-1,-1,-1,-1,
#assigned_hub=0,0,6,0,0,0,0,0,0,5,
#moving_targetting_pos=22,29|5,30|26,6|15,30|29,30|19,30|12,1|9,2|2,1|16,26|
#setting_targetting_pos=22,1|5,1|-1,-1|15,1|29,2|19,2|12,29|9,30|2,29|-1,-1|
LLRLL.dRR.
#0000000000000000
#assigned_pet=-1,-1,-1,-1,-1,-1,-1,-1,-1,-1,
#assigned_hub=0,0,6,0,0,0,0,0,0,5,
#moving_targetting_pos=22,29|5,30|26,6|15,30|29,30|19,30|12,1|9,2|2,1|16,26|
#setting_targetting_pos=22,1|5,1|-1,-1|15,1|29,2|19,2|12,29|9,30|2,29|-1,-1|
dLRdr.uRR.
#0000000000000000
#assigned_pet=-1,-1,-1,-1,-1,-1,-1,-1,-1,-1,
#assigned_hub=0,0,6,0,0,0,0,0,0,5,
#moving_targetting_pos=22,29|5,30|26,6|15,30|29,30|19,30|12,1|9,2|2,1|16,26|
#setting_targetting_pos=22,1|5,1|-1,-1|15,1|29,2|19,2|12,29|9,30|2,29|-1,-1|
uLRLL.RlR.
#0000000000000000
#assigned_pet=-1,-1,14,-1,-1,-1,-1,-1,-1,-1,
#assigned_hub=0,0,6,0,0,0,0,0,0,5,
#moving_targetting_pos=22,29|5,30|-1,-1|15,30|29,30|19,30|12,1|9,2|2,1|16,26|
#setting_targetting_pos=22,1|5,1|27,4|15,1|29,2|19,2|12,29|9,30|2,29|-1,-1|
LuLd..ldd.
#0000000000000000
#assigned_pet=-1,-1,14,-1,-1,-1,-1,-1,-1,-1,
#assigned_hub=0,0,6,0,0,0,0,1,0,5,
#moving_targetting_pos=22,29|5,30|-1,-1|15,30|29,30|19,30|12,1|6,16|2,1|16,26|
#setting_targetting_pos=22,1|5,1|27,4|15,1|29,2|19,2|12,29|9,30|2,29|-1,-1|
rLDLu.RUu.
#0000000000000000
#assigned_pet=-1,-1,-1,-1,-1,-1,-1,-1,-1,-1,
#assigned_hub=0,0,6,0,0,0,0,1,0,5,
#moving_targetting_pos=22,29|5,30|-1,-1|15,30|29,30|19,30|12,1|6,16|2,1|16,26|
#setting_targetting_pos=22,1|5,1|-1,-1|15,1|29,2|19,2|12,29|-1,-1|2,29|-1,-1|
Ld.dL.RLR.
#0000000000000000
#assigned_pet=-1,-1,-1,-1,-1,-1,-1,-1,-1,-1,
#assigned_hub=0,0,6,3,0,0,0,1,0,5,
#moving_targetting_pos=22,29|5,30|-1,-1|16,6|29,30|19,30|12,1|6,16|2,1|16,26|
#setting_targetting_pos=22,1|5,1|-1,-1|15,1|29,2|19,2|12,29|-1,-1|2,29|-1,-1|
LL.RL.rUl.
#0000000000000000
#assigned_pet=-1,-1,-1,-1,-1,-1,-1,-1,-1,-1,
#assigned_hub=0,0,6,3,0,0,0,1,0,5,
#moving_targetting_pos=22,29|5,30|-1,-1|16,6|29,30|19,30|12,1|6,16|2,1|16,26|
#setting_targetting_pos=22,1|5,1|-1,-1|-1,-1|29,2|19,2|12,29|-1,-1|2,29|-1,-1|
dd.Rr.dLR.
#0000000000000000
#assigned_pet=-1,-1,-1,-1,-1,-1,-1,-1,-1,-1,
#assigned_hub=0,0,6,3,0,0,2,1,0,5,
#moving_targetting_pos=22,29|5,30|-1,-1|16,6|29,30|19,30|6,26|6,16|2,1|16,26|
#setting_targetting_pos=22,1|5,1|-1,-1|-1,-1|29,2|19,2|12,29|-1,-1|2,29|-1,-1|
LL.Rd.LLR.
#0000000000000000
#assigned_pet=-1,-1,-1,-1,-1,-1,-1,-1,-1,-1,
#assigned_hub=0,0,6,3,7,0,2,1,0,5,
#moving_targetting_pos=22,29|5,30|-1,-1|16,6|26,16|19,30|6,26|6,16|2,1|16,26|
#setting_targetting_pos=22,1|5,1|-1,-1|-1,-1|29,2|19,2|-1,-1|-1,-1|2,29|-1,-1|
Ld.RU.LLd.
#0000000000000000
#assigned_pet=-1,-1,14,-1,-1,-1,-1,-1,-1,-1,
#assigned_hub=0,0,6,3,7,0,2,1,0,5,
#moving_targetting_pos=22,29|6,6|-1,-1|-1,-1|26,16|19,30|6,26|6,16|2,1|16,26|
#setting_targetting_pos=22,1|5,1|27,4|-1,-1|-1,-1|19,2|-1,-1|-1,-1|2,29|-1,-1|
rR..R.ULR.
#0000000000000000
#assigned_pet=-1,-1,14,-1,-1,-1,-1,-1,-1,-1,
#assigned_hub=0,0,6,3,7,0,2,1,0,5,
#moving_targetting_pos=22,29|6,6|-1,-1|-1,-1|26,16|19,30|6,26|6,16|2,1|16,26|
#setting_targetting_pos=22,1|-1,-1|27,4|-1,-1|-1,-1|19,2|-1,-1|-1,-1|2,29|-1,-1|
uR..U.ULR.
#0000000000000000
#assigned_pet=-1,-1,14,-1,-1,-1,-1,-1,-1,-1,
#assigned_hub=4,0,6,3,7,0,2,1,0,5,
#moving_targetting_pos=16,16|6,6|-1,-1|-1,-1|26,16|19,30|6,26|6,16|2,1|16,26|
#setting_targetting_pos=22,1|-1,-1|27,4|-1,-1|-1,-1|19,2|-1,-1|-1,-1|2,29|-1,-1|
DR..R.ULl.
#0000000000000000
#assigned_pet=-1,-1,14,-1,-1,-1,-1,-1,-1,-1,
#assigned_hub=4,0,6,3,7,0,2,1,0,5,
#moving_targetting_pos=16,16|6,6|-1,-1|-1,-1|26,16|19,30|6,26|6,16|2,1|16,26|
#setting_targetting_pos=-1,-1|-1,-1|27,4|-1,-1|-1,-1|19,2|-1,-1|-1,-1|2,29|-1,-1|
RR..R.ULu.
#0000000000000000
#assigned_pet=-1,-1,14,-1,-1,-1,-1,-1,-1,-1,
#assigned_hub=4,0,6,3,7,0,2,1,0,5,
#moving_targetting_pos=16,16|-1,-1|-1,-1|-1,-1|26,16|19,30|6,26|6,16|2,1|16,26|
#setting_targetting_pos=-1,-1|-1,-1|27,4|-1,-1|-1,-1|19,2|-1,-1|-1,-1|2,29|-1,-1|
D...R.LLR.
#0000000000000010
#assigned_pet=-1,-1,14,-1,-1,-1,-1,-1,-1,-1,
#assigned_hub=4,0,6,3,7,0,2,1,0,5,
#moving_targetting_pos=16,16|-1,-1|-1,-1|-1,-1|26,16|19,30|-1,-1|6,16|2,1|16,26|
#setting_targetting_pos=-1,-1|-1,-1|27,4|-1,-1|-1,-1|19,2|-1,-1|-1,-1|2,29|-1,-1|
R.d.R..LR.
#0000000000000010
#assigned_pet=-1,-1,9,9,-1,-1,-1,-1,-1,-1,
#assigned_hub=4,0,6,3,7,0,2,1,0,5,
#moving_targetting_pos=16,16|-1,-1|-1,-1|-1,-1|26,16|19,30|-1,-1|6,16|2,1|16,26|
#setting_targetting_pos=-1,-1|-1,-1|24,7|18,7|-1,-1|19,2|-1,-1|-1,-1|2,29|-1,-1|
D.RRR..Ll.
#0000000000000010
#assigned_pet=-1,-1,1,-1,-1,-1,-1,-1,-1,-1,
#assigned_hub=4,0,6,3,7,0,2,1,0,5,
#moving_targetting_pos=16,16|-1,-1|-1,-1|-1,-1|26,16|19,30|-1,-1|6,16|2,1|16,26|
#setting_targetting_pos=-1,-1|-1,-1|25,4|-1,-1|-1,-1|19,2|-1,-1|-1,-1|2,29|-1,-1|
R.L.R..Ld.
#0000000000000010
#assigned_pet=-1,-1,9,9,-1,-1,-1,-1,-1,-1,
#assigned_hub=4,0,6,3,7,0,2,1,0,5,
#moving_targetting_pos=16,16|-1,-1|-1,-1|-1,-1|26,16|19,30|-1,-1|6,16|2,1|16,26|
#setting_targetting_pos=-1,-1|-1,-1|24,7|18,7|-1,-1|19,2|-1,-1|-1,-1|2,29|-1,-1|
R.RRR..LR.
#0000000000000010
#assigned_pet=-1,-1,9,9,-1,-1,-1,-1,-1,-1,
#assigned_hub=4,0,6,3,7,0,2,1,0,5,
#moving_targetting_pos=16,16|-1,-1|-1,-1|-1,-1|26,16|19,30|-1,-1|-1,-1|2,1|16,26|
#setting_targetting_pos=-1,-1|-1,-1|24,7|18,7|-1,-1|19,2|-1,-1|-1,-1|2,29|-1,-1|
R.RDR...R.
#0000000000000010
#assigned_pet=-1,-1,-1,-1,-1,-1,-1,-1,-1,-1,
#assigned_hub=4,0,6,3,7,0,2,1,0,5,
#moving_targetting_pos=16,16|-1,-1|-1,-1|-1,-1|26,16|19,30|-1,-1|-1,-1|2,1|16,26|
#setting_targetting_pos=-1,-1|-1,-1|-1,-1|-1,-1|-1,-1|19,2|-1,-1|-1,-1|2,29|-1,-1|
R...R...R.
#0000000000000010
#assigned_pet=-1,-1,-1,-1,-1,-1,3,3,-1,-1,
#assigned_hub=4,0,6,3,7,0,2,1,0,5,
#moving_targetting_pos=16,16|-1,-1|-1,-1|-1,-1|26,16|19,30|-1,-1|-1,-1|2,1|16,26|
#setting_targetting_pos=-1,-1|-1,-1|-1,-1|-1,-1|-1,-1|19,2|5,24|5,18|2,29|-1,-1|
R...R.LRd.
#0000000000000010
#assigned_pet=-1,-1,-1,-1,-1,-1,3,3,-1,-1,
#assigned_hub=4,0,6,3,7,0,2,1,0,5,
#moving_targetting_pos=16,16|-1,-1|-1,-1|-1,-1|26,16|19,30|-1,-1|-1,-1|2,1|16,26|
#setting_targetting_pos=-1,-1|-1,-1|-1,-1|-1,-1|-1,-1|19,2|5,24|5,18|2,29|-1,-1|
R...R.UUu.
#0000000000000010
#assigned_pet=-1,-1,-1,-1,-1,-1,3,3,-1,-1,
#assigned_hub=4,0,6,3,7,0,2,1,0,5,
#moving_targetting_pos=16,16|-1,-1|-1,-1|-1,-1|26,16|19,30|-1,-1|-1,-1|2,1|16,26|
#setting_targetting_pos=-1,-1|-1,-1|-1,-1|-1,-1|-1,-1|19,2|5,24|5,18|2,29|-1,-1|
R...R.L.R.
#0000000000000010
#assigned_pet=-1,-1,2,-1,2,-1,3,3,-1,-1,
#assigned_hub=4,0,6,3,7,0,2,1,0,5,
#moving_targetting_pos=16,16|-1,-1|-1,-1|-1,-1|-1,-1|19,30|-1,-1|-1,-1|2,1|16,26|
#setting_targetting_pos=-1,-1|-1,-1|25,8|-1,-1|25,14|19,2|5,24|5,18|2,29|-1,-1|
R.R.L.U.l.
#0001010000000010
#assigned_pet=-1,-1,2,-1,2,-1,3,3,-1,-1,
#assigned_hub=4,0,6,3,7,0,2,1,0,5,
#moving_targetting_pos=16,16|-1,-1|-1,-1|-1,-1|-1,-1|19,30|-1,-1|-1,-1|2,1|16,26|
#setting_targetting_pos=-1,-1|-1,-1|25,8|-1,-1|25,14|19,2|5,24|5,18|2,29|-1,-1|
R.R.U.uuR.
#0001010000000010
#assigned_pet=-1,-1,2,-1,2,-1,-1,-1,-1,-1,
#assigned_hub=4,0,6,3,7,0,2,1,0,5,
#moving_targetting_pos=16,16|-1,-1|-1,-1|-1,-1|-1,-1|19,30|-1,-1|-1,-1|2,1|16,26|
#setting_targetting_pos=-1,-1|-1,-1|25,8|-1,-1|25,14|19,2|-1,-1|-1,-1|2,29|-1,-1|
R.......R.
#0001010000000010
#assigned_pet=-1,-1,2,-1,2,-1,-1,-1,-1,-1,
#assigned_hub=4,0,6,3,7,0,2,1,0,5,
#moving_targetting_pos=16,16|-1,-1|-1,-1|-1,-1|-1,-1|19,30|-1,-1|-1,-1|2,1|16,26|
#setting_targetting_pos=-1,-1|-1,-1|25,8|-1,-1|25,14|19,2|-1,-1|-1,-1|2,29|-1,-1|
R.......r.
#0001010000000010
#assigned_pet=-1,-1,2,-1,2,-1,-1,-1,-1,-1,
#assigned_hub=4,0,6,3,7,0,2,1,0,5,
#moving_targetting_pos=16,16|-1,-1|-1,-1|-1,-1|-1,-1|19,30|-1,-1|-1,-1|2,1|16,26|
#setting_targetting_pos=-1,-1|-1,-1|25,8|-1,-1|25,14|19,2|-1,-1|-1,-1|2,29|-1,-1|
R.......d.
#0001010000000010
#assigned_pet=-1,4,2,-1,2,-1,-1,-1,-1,-1,
#assigned_hub=8,0,6,3,7,0,2,1,0,5,
#moving_targetting_pos=26,26|-1,-1|-1,-1|-1,-1|-1,-1|19,30|-1,-1|-1,-1|2,1|16,26|
#setting_targetting_pos=-1,-1|4,7|25,8|-1,-1|25,14|19,2|-1,-1|-1,-1|2,29|-1,-1|
RR........
#0001010000000010
#assigned_pet=-1,4,2,-1,2,-1,-1,-1,-1,-1,
#assigned_hub=8,0,6,3,7,0,2,1,0,5,
#moving_targetting_pos=26,26|-1,-1|-1,-1|-1,-1|-1,-1|19,30|-1,-1|-1,-1|2,1|16,26|
#setting_targetting_pos=-1,-1|4,7|25,8|-1,-1|25,14|19,2|-1,-1|-1,-1|2,29|-1,-1|
RR........
#0011010000100010
#assigned_pet=-1,0,2,6,2,-1,-1,-1,-1,-1,
#assigned_hub=8,0,6,3,7,0,2,1,4,5,
#moving_targetting_pos=26,26|-1,-1|-1,-1|-1,-1|-1,-1|19,30|-1,-1|-1,-1|16,16|16,26|
#setting_targetting_pos=-1,-1|4,7|25,8|15,4|25,14|19,2|-1,-1|-1,-1|2,29|-1,-1|
R.uLu...L.
#0011010000101010
#assigned_pet=-1,4,12,-1,12,-1,-1,-1,-1,-1,
#assigned_hub=8,0,6,3,7,0,2,1,4,5,
#moving_targetting_pos=26,26|-1,-1|-1,-1|-1,-1|-1,-1|19,30|-1,-1|-1,-1|16,16|16,26|
#setting_targetting_pos=-1,-1|4,7|27,8|-1,-1|27,14|19,2|-1,-1|-1,-1|-1,-1|-1,-1|
R.d.d...L.
#0011010000101010
#assigned_pet=-1,4,1,1,-1,-1,-1,-1,-1,-1,
#assigned_hub=8,0,6,3,7,0,2,1,4,5,
#moving_targetting_pos=26,26|-1,-1|-1,-1|-1,-1|-1,-1|19,30|-1,-1|-1,-1|16,16|16,26|
#setting_targetting_pos=-1,-1|4,7|24,7|18,7|-1,-1|19,2|-1,-1|-1,-1|-1,-1|-1,-1|
R.LR....D.
#0011010000101010
#assigned_pet=-1,4,1,1,-1,-1,-1,-1,-1,-1,
#assigned_hub=8,0,6,3,7,0,2,1,4,5,
#moving_targetting_pos=26,26|-1,-1|-1,-1|-1,-1|-1,-1|19,30|-1,-1|-1,-1|16,16|16,26|
#setting_targetting_pos=-1,-1|4,7|24,7|18,7|-1,-1|19,2|-1,-1|-1,-1|-1,-1|-1,-1|
R.UD....D.
#0011010000111010
#assigned_pet=-1,4,1,1,-1,-1,11,11,-1,-1,
#assigned_hub=8,0,6,3,7,0,2,1,4,5,
#moving_targetting_pos=26,26|-1,-1|-1,-1|-1,-1|-1,-1|19,30|-1,-1|-1,-1|16,16|16,26|
#setting_targetting_pos=-1,-1|4,7|24,7|18,7|-1,-1|19,2|7,24|7,18|-1,-1|-1,-1|
R.....ddL.
#0011010000111010
#assigned_pet=-1,4,-1,-1,-1,-1,-1,-1,-1,-1,
#assigned_hub=8,0,6,3,7,0,2,1,4,5,
#moving_targetting_pos=26,26|-1,-1|-1,-1|-1,-1|-1,-1|19,30|6,26|6,16|16,16|16,26|
#setting_targetting_pos=-1,-1|4,7|-1,-1|-1,-1|-1,-1|19,2|-1,-1|-1,-1|-1,-1|-1,-1|
R.......L.
#0011010000111010
#assigned_pet=-1,4,-1,-1,-1,-1,-1,-1,-1,-1,
#assigned_hub=8,0,6,3,7,0,2,1,4,5,
#moving_targetting_pos=26,26|-1,-1|-1,-1|-1,-1|-1,-1|19,30|6,26|6,16|16,16|16,26|
#setting_targetting_pos=-1,-1|4,7|-1,-1|-1,-1|-1,-1|19,2|-1,-1|-1,-1|-1,-1|-1,-1|
R.......D.
#0011010000111010
#assigned_pet=-1,4,-1,-1,-1,-1,-1,-1,-1,-1,
#assigned_hub=8,0,6,3,7,0,2,1,4,5,
#moving_targetting_pos=26,26|-1,-1|-1,-1|-1,-1|-1,-1|19,30|6,26|6,16|16,16|16,26|
#setting_targetting_pos=-1,-1|4,7|-1,-1|-1,-1|-1,-1|19,2|-1,-1|-1,-1|-1,-1|-1,-1|
R.......D.
#0011010000111010
#assigned_pet=7,-1,-1,-1,7,-1,-1,-1,-1,-1,
#assigned_hub=8,0,6,3,7,0,2,1,4,5,
#moving_targetting_pos=-1,-1|-1,-1|-1,-1|-1,-1|-1,-1|19,30|6,26|-1,-1|16,16|16,26|
#setting_targetting_pos=25,24|-1,-1|-1,-1|-1,-1|25,18|19,2|-1,-1|-1,-1|-1,-1|-1,-1|
....R...D.
#0011010000111010
#assigned_pet=7,-1,-1,-1,7,-1,-1,-1,-1,-1,
#assigned_hub=8,0,6,3,7,0,2,1,4,5,
#moving_targetting_pos=-1,-1|-1,-1|-1,-1|-1,-1|-1,-1|19,30|6,26|-1,-1|16,16|16,26|
#setting_targetting_pos=25,24|-1,-1|-1,-1|-1,-1|25,18|19,2|-1,-1|-1,-1|-1,-1|-1,-1|
....R...D.
#0011010000111010
#assigned_pet=7,-1,-1,-1,7,-1,-1,-1,-1,-1,
#assigned_hub=8,0,6,3,7,0,2,1,4,5,
#moving_targetting_pos=-1,-1|-1,-1|-1,-1|-1,-1|-1,-1|19,30|-1,-1|-1,-1|16,16|16,26|
#setting_targetting_pos=25,24|-1,-1|-1,-1|-1,-1|25,18|19,2|-1,-1|-1,-1|-1,-1|-1,-1|
....R...D.
#0011010000111010
#assigned_pet=7,8,-1,8,7,-1,-1,-1,-1,-1,
#assigned_hub=8,0,6,3,7,0,2,1,4,5,
#moving_targetting_pos=-1,-1|-1,-1|-1,-1|-1,-1|-1,-1|19,30|-1,-1|6,16|16,16|16,26|
#setting_targetting_pos=25,24|8,7|-1,-1|14,7|25,18|19,2|-1,-1|-1,-1|-1,-1|-1,-1|
.D.UR...D.
#0011010100111010
#assigned_pet=7,8,-1,8,7,-1,-1,-1,-1,-1,
#assigned_hub=8,0,6,3,7,0,2,1,4,5,
#moving_targetting_pos=-1,-1|-1,-1|26,6|-1,-1|-1,-1|19,30|6,26|6,16|16,16|16,26|
#setting_targetting_pos=25,24|8,7|-1,-1|14,7|25,18|19,2|-1,-1|-1,-1|-1,-1|-1,-1|
lD.Uu...D.
#0011010100111010
#assigned_pet=-1,-1,-1,-1,-1,-1,-1,-1,-1,-1,
#assigned_hub=8,0,6,3,7,0,2,1,4,5,
#moving_targetting_pos=-1,-1|-1,-1|-1,-1|-1,-1|-1,-1|19,30|-1,-1|6,16|16,16|16,26|
#setting_targetting_pos=-1,-1|-1,-1|-1,-1|-1,-1|-1,-1|19,2|-1,-1|-1,-1|-1,-1|-1,-1|
........D.
#0011010100111010
#assigned_pet=-1,-1,-1,-1,-1,-1,-1,-1,-1,-1,
#assigned_hub=8,0,6,3,7,0,2,1,4,5,
#moving_targetting_pos=-1,-1|-1,-1|-1,-1|-1,-1|-1,-1|19,30|-1,-1|-1,-1|16,16|16,26|
#setting_targetting_pos=-1,-1|-1,-1|-1,-1|-1,-1|-1,-1|19,2|-1,-1|-1,-1|-1,-1|-1,-1|
........D.
#0011010100111010
#assigned_pet=-1,-1,-1,-1,-1,-1,-1,-1,-1,-1,
#assigned_hub=8,0,6,3,7,0,2,1,4,5,
#moving_targetting_pos=-1,-1|-1,-1|26,6|-1,-1|-1,-1|19,30|-1,-1|-1,-1|16,16|16,26|
#setting_targetting_pos=-1,-1|-1,-1|-1,-1|-1,-1|-1,-1|19,2|-1,-1|-1,-1|-1,-1|-1,-1|
........D.
#0011010100111010
#assigned_pet=-1,-1,-1,-1,-1,-1,-1,-1,-1,-1,
#assigned_hub=8,0,6,3,7,0,2,1,4,5,
#moving_targetting_pos=-1,-1|-1,-1|26,6|-1,-1|-1,-1|19,30|-1,-1|-1,-1|16,16|16,26|
#setting_targetting_pos=-1,-1|-1,-1|-1,-1|-1,-1|-1,-1|19,2|-1,-1|-1,-1|-1,-1|-1,-1|
........D.
#0011010100111010
#assigned_pet=-1,4,-1,4,-1,-1,-1,-1,-1,-1,
#assigned_hub=8,0,6,3,7,0,2,1,4,5,
#moving_targetting_pos=-1,-1|-1,-1|26,6|-1,-1|-1,-1|19,30|-1,-1|-1,-1|16,16|16,26|
#setting_targetting_pos=-1,-1|8,5|-1,-1|14,5|-1,-1|19,2|-1,-1|-1,-1|-1,-1|-1,-1|
.L.L....L.
#0011010100111010
#assigned_pet=-1,4,-1,4,-1,-1,-1,-1,-1,-1,
#assigned_hub=8,0,6,3,7,0,2,1,4,5,
#moving_targetting_pos=-1,-1|-1,-1|26,6|-1,-1|-1,-1|19,30|6,26|-1,-1|16,16|16,26|
#setting_targetting_pos=-1,-1|8,5|-1,-1|14,5|-1,-1|19,2|-1,-1|-1,-1|-1,-1|-1,-1|
.L.L....L.
#0011110100111010
#assigned_pet=-1,4,-1,4,-1,-1,-1,-1,-1,-1,
#assigned_hub=8,0,6,3,7,0,2,1,4,5,
#moving_targetting_pos=-1,-1|-1,-1|26,6|-1,-1|-1,-1|19,30|-1,-1|-1,-1|16,16|16,26|
#setting_targetting_pos=-1,-1|8,5|-1,-1|14,5|-1,-1|19,2|-1,-1|-1,-1|-1,-1|-1,-1|
.d.u....L.
#0011110100111010
#assigned_pet=-1,-1,-1,-1,-1,-1,-1,-1,-1,-1,
#assigned_hub=8,0,6,3,7,0,2,1,4,5,
#moving_targetting_pos=-1,-1|-1,-1|26,6|-1,-1|-1,-1|19,30|-1,-1|-1,-1|16,16|16,26|
#setting_targetting_pos=-1,-1|-1,-1|-1,-1|-1,-1|-1,-1|19,2|-1,-1|-1,-1|-1,-1|-1,-1|
........L.
#0011110100111010
#assigned_pet=-1,-1,-1,-1,-1,-1,-1,-1,-1,-1,
#assigned_hub=8,0,6,3,7,0,2,1,4,5,
#moving_targetting_pos=-1,-1|-1,-1|26,6|-1,-1|-1,-1|19,30|-1,-1|-1,-1|16,16|16,26|
#setting_targetting_pos=-1,-1|-1,-1|-1,-1|-1,-1|-1,-1|19,2|-1,-1|-1,-1|-1,-1|-1,-1|
........L.
#0011110100111010
#assigned_pet=-1,-1,-1,-1,-1,-1,-1,-1,-1,-1,
#assigned_hub=8,0,6,3,7,0,2,1,4,5,
#moving_targetting_pos=-1,-1|-1,-1|26,6|-1,-1|-1,-1|19,30|-1,-1|-1,-1|16,16|16,26|
#setting_targetting_pos=-1,-1|-1,-1|-1,-1|-1,-1|-1,-1|19,2|-1,-1|-1,-1|-1,-1|-1,-1|
........L.
#0011110100111010
#assigned_pet=-1,-1,-1,-1,-1,-1,-1,-1,-1,-1,
#assigned_hub=8,0,6,3,7,0,2,1,4,5,
#moving_targetting_pos=-1,-1|-1,-1|26,6|-1,-1|-1,-1|19,30|-1,-1|-1,-1|16,16|16,26|
#setting_targetting_pos=-1,-1|-1,-1|-1,-1|-1,-1|-1,-1|19,2|-1,-1|-1,-1|-1,-1|-1,-1|
........L.
#0011110100111010
#assigned_pet=-1,0,-1,0,-1,-1,-1,-1,-1,-1,
#assigned_hub=8,0,6,3,7,0,2,1,4,5,
#moving_targetting_pos=-1,-1|-1,-1|26,6|-1,-1|-1,-1|19,30|-1,-1|-1,-1|16,16|16,26|
#setting_targetting_pos=-1,-1|8,7|-1,-1|14,7|-1,-1|19,2|-1,-1|-1,-1|-1,-1|-1,-1|
.R.R....L.
#0011110100111010
#assigned_pet=-1,0,-1,0,8,-1,-1,-1,8,-1,
#assigned_hub=8,0,6,3,7,0,2,1,4,5,
#moving_targetting_pos=-1,-1|-1,-1|26,6|-1,-1|-1,-1|19,30|-1,-1|-1,-1|-1,-1|16,26|
#setting_targetting_pos=-1,-1|8,7|-1,-1|14,7|24,17|19,2|-1,-1|-1,-1|18,17|-1,-1|
.R.RL...D.
#0011110100111010
#assigned_pet=-1,0,-1,0,8,-1,-1,-1,8,-1,
#assigned_hub=8,0,6,3,7,0,2,1,4,5,
#moving_targetting_pos=26,26|-1,-1|26,6|-1,-1|-1,-1|19,30|-1,-1|-1,-1|-1,-1|16,26|
#setting_targetting_pos=-1,-1|8,7|-1,-1|14,7|24,17|19,2|-1,-1|-1,-1|18,17|-1,-1|
....U...D.
#1011110100111010
#assigned_pet=-1,0,-1,0,8,-1,-1,-1,8,-1,
#assigned_hub=8,0,6,3,7,0,2,1,4,5,
#moving_targetting_pos=26,26|-1,-1|26,6|-1,-1|-1,-1|19,30|-1,-1|-1,-1|-1,-1|16,26|
#setting_targetting_pos=-1,-1|8,7|-1,-1|14,7|24,17|19,2|-1,-1|-1,-1|18,17|-1,-1|
.d.u......
#1011110100111010
#assigned_pet=-1,-1,-1,-1,8,-1,-1,-1,8,-1,
#assigned_hub=8,0,6,3,7,0,2,1,4,5,
#moving_targetting_pos=-1,-1|6,6|26,6|16,6|-1,-1|19,30|-1,-1|-1,-1|-1,-1|16,26|
#setting_targetting_pos=-1,-1|-1,-1|-1,-1|-1,-1|24,17|19,2|-1,-1|-1,-1|18,17|-1,-1|
..........
#1011110100111010
#assigned_pet=-1,-1,-1,-1,8,-1,-1,-1,8,-1,
#assigned_hub=8,0,6,3,7,0,2,1,4,5,
#moving_targetting_pos=-1,-1|6,6|26,6|16,6|-1,-1|19,30|-1,-1|-1,-1|-1,-1|16,26|
#setting_targetting_pos=-1,-1|-1,-1|-1,-1|-1,-1|24,17|19,2|-1,-1|-1,-1|18,17|-1,-1|
..........
#1011110100111010
#assigned_pet=-1,-1,-1,-1,8,-1,-1,-1,8,-1,
#assigned_hub=8,0,6,3,7,0,2,1,4,5,
#moving_targetting_pos=-1,-1|-1,-1|26,6|16,6|-1,-1|19,30|-1,-1|-1,-1|-1,-1|16,26|
#setting_targetting_pos=-1,-1|-1,-1|-1,-1|-1,-1|24,17|19,2|-1,-1|-1,-1|18,17|-1,-1|
..........
#1011110100111010
#assigned_pet=-1,-1,-1,-1,15,-1,-1,-1,15,-1,
#assigned_hub=8,0,6,3,7,0,2,1,4,5,
#moving_targetting_pos=-1,-1|-1,-1|26,6|16,6|-1,-1|19,30|-1,-1|-1,-1|-1,-1|16,26|
#setting_targetting_pos=-1,-1|-1,-1|-1,-1|-1,-1|24,17|19,2|-1,-1|-1,-1|18,17|-1,-1|
..........
#1011110100111010
#assigned_pet=-1,-1,-1,-1,15,-1,-1,-1,15,-1,
#assigned_hub=8,0,6,3,7,0,2,1,4,5,
#moving_targetting_pos=-1,-1|-1,-1|26,6|16,6|-1,-1|19,30|-1,-1|-1,-1|-1,-1|16,26|
#setting_targetting_pos=-1,-1|-1,-1|-1,-1|-1,-1|24,17|19,2|-1,-1|-1,-1|18,17|-1,-1|
..........
#1011110100111010
#assigned_pet=-1,-1,-1,-1,15,-1,-1,-1,15,-1,
#assigned_hub=8,0,6,3,7,0,2,1,4,5,
#moving_targetting_pos=-1,-1|-1,-1|26,6|16,6|-1,-1|19,30|-1,-1|-1,-1|-1,-1|16,26|
#setting_targetting_pos=-1,-1|-1,-1|-1,-1|-1,-1|24,17|19,2|-1,-1|-1,-1|18,17|-1,-1|
..........
#1011110100111010
#assigned_pet=-1,-1,-1,-1,15,-1,-1,-1,15,-1,
#assigned_hub=8,0,6,3,7,0,2,1,4,5,
#moving_targetting_pos=-1,-1|-1,-1|26,6|16,6|-1,-1|19,30|-1,-1|-1,-1|-1,-1|16,26|
#setting_targetting_pos=-1,-1|-1,-1|-1,-1|-1,-1|24,17|19,2|-1,-1|-1,-1|18,17|-1,-1|
..........
#1011110100111010
#assigned_pet=-1,-1,-1,-1,15,-1,-1,-1,15,-1,
#assigned_hub=8,0,6,3,7,0,2,1,4,5,
#moving_targetting_pos=-1,-1|-1,-1|26,6|16,6|-1,-1|19,30|-1,-1|-1,-1|-1,-1|16,26|
#setting_targetting_pos=-1,-1|-1,-1|-1,-1|-1,-1|24,17|19,2|-1,-1|-1,-1|18,17|-1,-1|
..........
#1011110100111010
#assigned_pet=-1,-1,-1,-1,15,-1,-1,-1,15,-1,
#assigned_hub=8,0,6,3,7,0,2,1,4,5,
#moving_targetting_pos=-1,-1|-1,-1|26,6|16,6|-1,-1|19,30|-1,-1|-1,-1|-1,-1|16,26|
#setting_targetting_pos=-1,-1|-1,-1|-1,-1|-1,-1|24,17|19,2|-1,-1|-1,-1|18,17|-1,-1|
..........
#1011110100111010
#assigned_pet=-1,-1,-1,-1,15,-1,-1,-1,15,-1,
#assigned_hub=8,0,6,3,7,0,2,1,4,5,
#moving_targetting_pos=-1,-1|-1,-1|26,6|-1,-1|-1,-1|19,30|-1,-1|-1,-1|-1,-1|16,26|
#setting_targetting_pos=-1,-1|-1,-1|-1,-1|-1,-1|24,17|19,2|-1,-1|-1,-1|18,17|-1,-1|
..........
#1011110100111010
#assigned_pet=-1,-1,-1,-1,15,-1,-1,-1,15,-1,
#assigned_hub=8,0,6,3,7,0,2,1,4,5,
#moving_targetting_pos=-1,-1|-1,-1|26,6|-1,-1|-1,-1|19,30|-1,-1|-1,-1|-1,-1|16,26|
#setting_targetting_pos=-1,-1|-1,-1|-1,-1|-1,-1|24,17|19,2|-1,-1|-1,-1|18,17|-1,-1|
..........
#1011110100111010
#assigned_pet=-1,-1,-1,-1,15,-1,-1,-1,15,-1,
#assigned_hub=8,0,6,3,7,0,2,1,4,5,
#moving_targetting_pos=-1,-1|-1,-1|26,6|-1,-1|-1,-1|19,30|-1,-1|-1,-1|-1,-1|16,26|
#setting_targetting_pos=-1,-1|-1,-1|-1,-1|-1,-1|24,17|19,2|-1,-1|-1,-1|18,17|-1,-1|
..........
#1011110100111010
#assigned_pet=-1,-1,-1,-1,15,-1,-1,-1,15,-1,
#assigned_hub=8,0,6,3,7,0,2,1,4,5,
#moving_targetting_pos=-1,-1|6,6|26,6|-1,-1|-1,-1|19,30|-1,-1|-1,-1|-1,-1|16,26|
#setting_targetting_pos=-1,-1|-1,-1|-1,-1|-1,-1|24,17|19,2|-1,-1|-1,-1|18,17|-1,-1|
..........
#1011110100111010
#assigned_pet=-1,-1,-1,-1,15,-1,-1,-1,15,-1,
#assigned_hub=8,0,6,3,7,0,2,1,4,5,
#moving_targetting_pos=-1,-1|6,6|26,6|-1,-1|-1,-1|19,30|-1,-1|-1,-1|-1,-1|16,26|
#setting_targetting_pos=-1,-1|-1,-1|-1,-1|-1,-1|24,17|19,2|-1,-1|-1,-1|18,17|-1,-1|
..........
#1011110100111010
#assigned_pet=-1,-1,-1,-1,15,-1,-1,-1,15,-1,
#assigned_hub=8,0,6,3,7,0,2,1,4,5,
#moving_targetting_pos=-1,-1|6,6|26,6|-1,-1|-1,-1|19,30|-1,-1|-1,-1|-1,-1|16,26|
#setting_targetting_pos=-1,-1|-1,-1|-1,-1|-1,-1|24,17|19,2|-1,-1|-1,-1|18,17|-1,-1|
..........
#1011110100111010
#assigned_pet=-1,-1,-1,-1,-1,-1,-1,6,6,-1,
#assigned_hub=8,0,6,3,7,0,2,1,4,5,
#moving_targetting_pos=-1,-1|6,6|26,6|-1,-1|-1,-1|19,30|-1,-1|-1,-1|-1,-1|16,26|
#setting_targetting_pos=-1,-1|-1,-1|-1,-1|-1,-1|-1,-1|19,2|-1,-1|8,17|14,17|-1,-1|
.......LU.
#1011110100111010
#assigned_pet=-1,-1,-1,-1,-1,-1,-1,6,6,-1,
#assigned_hub=8,0,6,3,7,0,2,1,4,5,
#moving_targetting_pos=-1,-1|6,6|26,6|-1,-1|-1,-1|19,30|-1,-1|-1,-1|-1,-1|16,26|
#setting_targetting_pos=-1,-1|-1,-1|-1,-1|-1,-1|-1,-1|19,2|-1,-1|8,17|14,17|-1,-1|
.......DU.
#1011110100111010
#assigned_pet=-1,-1,-1,-1,-1,-1,-1,6,6,-1,
#assigned_hub=8,0,6,3,7,0,2,1,4,5,
#moving_targetting_pos=-1,-1|6,6|26,6|-1,-1|-1,-1|19,30|-1,-1|-1,-1|-1,-1|16,26|
#setting_targetting_pos=-1,-1|-1,-1|-1,-1|-1,-1|-1,-1|19,2|-1,-1|8,17|14,17|-1,-1|
..........
#1011110100111010
#assigned_pet=-1,-1,-1,-1,-1,-1,-1,6,6,-1,
#assigned_hub=8,0,6,3,7,0,2,1,4,5,
#moving_targetting_pos=-1,-1|-1,-1|26,6|-1,-1|-1,-1|19,30|-1,-1|-1,-1|-1,-1|16,26|
#setting_targetting_pos=-1,-1|-1,-1|-1,-1|-1,-1|-1,-1|19,2|-1,-1|8,17|14,17|-1,-1|
..........
#1011110100111010
#assigned_pet=-1,-1,-1,-1,-1,-1,-1,6,6,-1,
#assigned_hub=8,0,6,3,7,0,2,1,4,5,
#moving_targetting_pos=-1,-1|-1,-1|26,6|-1,-1|-1,-1|19,30|-1,-1|-1,-1|-1,-1|16,26|
#setting_targetting_pos=-1,-1|-1,-1|-1,-1|-1,-1|-1,-1|19,2|-1,-1|8,17|14,17|-1,-1|
..........
#1011110100111010
#assigned_pet=-1,-1,-1,-1,-1,-1,-1,6,6,-1,
#assigned_hub=8,0,6,3,7,0,2,1,4,5,
#moving_targetting_pos=-1,-1|-1,-1|26,6|-1,-1|-1,-1|19,30|-1,-1|-1,-1|-1,-1|16,26|
#setting_targetting_pos=-1,-1|-1,-1|-1,-1|-1,-1|-1,-1|19,2|-1,-1|8,17|14,17|-1,-1|
..........
#1011110100111010
#assigned_pet=-1,-1,-1,-1,8,-1,-1,-1,8,-1,
#assigned_hub=8,0,6,3,7,0,2,1,4,5,
#moving_targetting_pos=-1,-1|-1,-1|26,6|16,6|-1,-1|19,30|-1,-1|-1,-1|-1,-1|16,26|
#setting_targetting_pos=-1,-1|-1,-1|-1,-1|-1,-1|24,17|19,2|-1,-1|-1,-1|18,17|-1,-1|
........D.
#1011110100111010
#assigned_pet=-1,-1,-1,-1,8,-1,-1,-1,8,-1,
#assigned_hub=8,0,6,3,7,0,2,1,4,5,
#moving_targetting_pos=-1,-1|-1,-1|26,6|16,6|-1,-1|19,30|-1,-1|-1,-1|-1,-1|16,26|
#setting_targetting_pos=-1,-1|-1,-1|-1,-1|-1,-1|24,17|19,2|-1,-1|-1,-1|18,17|-1,-1|
........D.
#1011110100111010
#assigned_pet=-1,-1,-1,-1,8,-1,-1,-1,8,-1,
#assigned_hub=8,0,6,3,7,0,2,1,4,5,
#moving_targetting_pos=-1,-1|-1,-1|26,6|-1,-1|-1,-1|19,30|-1,-1|-1,-1|-1,-1|16,26|
#setting_targetting_pos=-1,-1|-1,-1|-1,-1|-1,-1|24,17|19,2|-1,-1|-1,-1|18,17|-1,-1|
..........
#1011110100111010
#assigned_pet=-1,-1,-1,-1,8,-1,-1,-1,8,-1,
#assigned_hub=8,0,6,3,7,0,2,1,4,5,
#moving_targetting_pos=-1,-1|-1,-1|26,6|-1,-1|-1,-1|19,30|-1,-1|-1,-1|-1,-1|16,26|
#setting_targetting_pos=-1,-1|-1,-1|-1,-1|-1,-1|24,17|19,2|-1,-1|-1,-1|18,17|-1,-1|
..........
#1011110100111010
#assigned_pet=-1,-1,-1,-1,8,-1,-1,-1,8,-1,
#assigned_hub=8,0,6,3,7,0,2,1,4,5,
#moving_targetting_pos=-1,-1|-1,-1|26,6|-1,-1|-1,-1|19,30|-1,-1|-1,-1|-1,-1|16,26|
#setting_targetting_pos=-1,-1|-1,-1|-1,-1|-1,-1|24,17|19,2|-1,-1|-1,-1|18,17|-1,-1|
..........
#1011110100111010
#assigned_pet=-1,-1,-1,-1,8,-1,-1,-1,8,-1,
#assigned_hub=8,0,6,3,7,0,2,1,4,5,
#moving_targetting_pos=-1,-1|-1,-1|26,6|-1,-1|-1,-1|19,30|-1,-1|-1,-1|-1,-1|16,26|
#setting_targetting_pos=-1,-1|-1,-1|-1,-1|-1,-1|24,17|19,2|-1,-1|-1,-1|18,17|-1,-1|
..........
#1011110100111010
#assigned_pet=-1,-1,-1,-1,8,-1,-1,-1,8,-1,
#assigned_hub=8,0,6,3,7,0,2,1,4,5,
#moving_targetting_pos=-1,-1|-1,-1|26,6|-1,-1|-1,-1|19,30|-1,-1|-1,-1|-1,-1|16,26|
#setting_targetting_pos=-1,-1|-1,-1|-1,-1|-1,-1|24,17|19,2|-1,-1|-1,-1|18,17|-1,-1|
..........
#1011110100111010
#assigned_pet=-1,-1,-1,-1,8,-1,-1,-1,8,-1,
#assigned_hub=8,0,6,3,7,0,2,1,4,5,
#moving_targetting_pos=-1,-1|-1,-1|26,6|-1,-1|-1,-1|19,30|-1,-1|-1,-1|-1,-1|16,26|
#setting_targetting_pos=-1,-1|-1,-1|-1,-1|-1,-1|24,17|19,2|-1,-1|-1,-1|18,17|-1,-1|
..........
#1011110100111010
#assigned_pet=-1,-1,-1,-1,8,-1,-1,-1,8,-1,
#assigned_hub=8,0,6,3,7,0,2,1,4,5,
#moving_targetting_pos=-1,-1|-1,-1|26,6|-1,-1|-1,-1|19,30|-1,-1|-1,-1|-1,-1|16,26|
#setting_targetting_pos=-1,-1|-1,-1|-1,-1|-1,-1|24,17|19,2|-1,-1|-1,-1|18,17|-1,-1|
..........
#1011110100111010
#assigned_pet=-1,-1,-1,-1,8,-1,-1,-1,8,-1,
#assigned_hub=8,0,6,3,7,0,2,1,4,5,
#moving_targetting_pos=-1,-1|6,6|26,6|-1,-1|-1,-1|19,30|-1,-1|-1,-1|-1,-1|16,26|
#setting_targetting_pos=-1,-1|-1,-1|-1,-1|-1,-1|24,17|19,2|-1,-1|-1,-1|18,17|-1,-1|
..........
#1011110100111010
#assigned_pet=-1,-1,-1,-1,8,-1,-1,-1,8,-1,
#assigned_hub=8,0,6,3,7,0,2,1,4,5,
#moving_targetting_pos=-1,-1|6,6|26,6|-1,-1|-1,-1|19,30|-1,-1|-1,-1|-1,-1|16,26|
#setting_targetting_pos=-1,-1|-1,-1|-1,-1|-1,-1|24,17|19,2|-1,-1|-1,-1|18,17|-1,-1|
..........
#1011110100111010
#assigned_pet=-1,-1,-1,-1,8,-1,-1,-1,8,-1,
#assigned_hub=8,0,6,3,7,0,2,1,4,5,
#moving_targetting_pos=-1,-1|6,6|26,6|-1,-1|-1,-1|19,30|-1,-1|-1,-1|-1,-1|16,26|
#setting_targetting_pos=-1,-1|-1,-1|-1,-1|-1,-1|24,17|19,2|-1,-1|-1,-1|18,17|-1,-1|
..........
#1011110100111010
#assigned_pet=-1,-1,-1,-1,8,-1,-1,-1,8,-1,
#assigned_hub=8,0,6,3,7,0,2,1,4,5,
#moving_targetting_pos=-1,-1|6,6|26,6|-1,-1|-1,-1|19,30|-1,-1|-1,-1|-1,-1|16,26|
#setting_targetting_pos=-1,-1|-1,-1|-1,-1|-1,-1|24,17|19,2|-1,-1|-1,-1|18,17|-1,-1|
..........
#1011110100111010
#assigned_pet=-1,-1,-1,-1,8,-1,-1,-1,8,-1,
#assigned_hub=8,0,6,3,7,0,2,1,4,5,
#moving_targetting_pos=-1,-1|6,6|26,6|-1,-1|-1,-1|19,30|-1,-1|-1,-1|-1,-1|16,26|
#setting_targetting_pos=-1,-1|-1,-1|-1,-1|-1,-1|24,17|19,2|-1,-1|-1,-1|18,17|-1,-1|
..........
#1011110100111010
#assigned_pet=-1,-1,-1,-1,8,-1,-1,-1,8,-1,
#assigned_hub=8,0,6,3,7,0,2,1,4,5,
#moving_targetting_pos=-1,-1|6,6|26,6|-1,-1|-1,-1|19,30|-1,-1|-1,-1|-1,-1|16,26|
#setting_targetting_pos=-1,-1|-1,-1|-1,-1|-1,-1|24,17|19,2|-1,-1|-1,-1|18,17|-1,-1|
..........
#1011110100111010
#assigned_pet=-1,-1,-1,-1,8,-1,-1,-1,8,-1,
#assigned_hub=8,0,6,3,7,0,2,1,4,5,
#moving_targetting_pos=-1,-1|6,6|26,6|-1,-1|-1,-1|19,30|-1,-1|-1,-1|-1,-1|16,26|
#setting_targetting_pos=-1,-1|-1,-1|-1,-1|-1,-1|24,17|19,2|-1,-1|-1,-1|18,17|-1,-1|
..........
#1011110100111010
#assigned_pet=-1,-1,-1,-1,8,-1,-1,-1,8,-1,
#assigned_hub=8,0,6,3,7,0,2,1,4,5,
#moving_targetting_pos=-1,-1|6,6|26,6|-1,-1|-1,-1|19,30|-1,-1|-1,-1|-1,-1|16,26|
#setting_targetting_pos=-1,-1|-1,-1|-1,-1|-1,-1|24,17|19,2|-1,-1|-1,-1|18,17|-1,-1|
..........
#1011110100111010
#assigned_pet=-1,-1,-1,-1,13,-1,-1,-1,13,-1,
#assigned_hub=8,0,6,3,7,0,2,1,4,5,
#moving_targetting_pos=-1,-1|6,6|26,6|-1,-1|-1,-1|19,30|-1,-1|-1,-1|-1,-1|16,26|
#setting_targetting_pos=-1,-1|-1,-1|-1,-1|-1,-1|24,17|19,2|-1,-1|-1,-1|18,17|-1,-1|
..........
#1011110100111010
#assigned_pet=-1,-1,-1,-1,15,-1,-1,-1,15,-1,
#assigned_hub=8,0,6,3,7,0,2,1,4,5,
#moving_targetting_pos=-1,-1|6,6|26,6|-1,-1|-1,-1|19,30|-1,-1|-1,-1|-1,-1|16,26|
#setting_targetting_pos=-1,-1|-1,-1|-1,-1|-1,-1|24,17|19,2|-1,-1|-1,-1|18,17|-1,-1|
..........
#1011110100111010
#assigned_pet=-1,-1,-1,-1,15,-1,-1,-1,15,-1,
#assigned_hub=8,0,6,3,7,0,2,1,4,5,
#moving_targetting_pos=-1,-1|6,6|26,6|-1,-1|-1,-1|19,30|-1,-1|-1,-1|-1,-1|16,26|
#setting_targetting_pos=-1,-1|-1,-1|-1,-1|-1,-1|24,15|19,2|-1,-1|-1,-1|18,15|-1,-1|
....L...L.
#1011110100111010
#assigned_pet=-1,-1,-1,1,-1,-1,-1,-1,1,-1,
#assigned_hub=8,0,6,3,7,0,2,1,4,5,
#moving_targetting_pos=-1,-1|6,6|26,6|-1,-1|-1,-1|19,30|-1,-1|-1,-1|-1,-1|16,26|
#setting_targetting_pos=-1,-1|-1,-1|-1,-1|15,8|-1,-1|19,2|-1,-1|-1,-1|15,14|-1,-1|
........L.
#1011110100111010
#assigned_pet=-1,-1,-1,1,-1,-1,-1,-1,1,-1,
#assigned_hub=8,0,6,3,7,0,2,1,4,5,
#moving_targetting_pos=-1,-1|6,6|26,6|-1,-1|-1,-1|19,30|-1,-1|-1,-1|-1,-1|16,26|
#setting_targetting_pos=-1,-1|-1,-1|-1,-1|15,8|-1,-1|19,2|-1,-1|-1,-1|15,14|-1,-1|
........L.
#1011110100111010
#assigned_pet=-1,-1,-1,1,-1,-1,-1,-1,1,-1,
#assigned_hub=8,0,6,3,7,0,2,1,4,5,
#moving_targetting_pos=-1,-1|6,6|26,6|-1,-1|-1,-1|19,30|-1,-1|-1,-1|-1,-1|16,26|
#setting_targetting_pos=-1,-1|-1,-1|-1,-1|15,8|-1,-1|19,2|-1,-1|-1,-1|15,14|-1,-1|
........U.
#1111110100111010
#assigned_pet=-1,-1,-1,1,-1,-1,-1,-1,1,-1,
#assigned_hub=8,0,6,3,7,0,2,1,4,5,
#moving_targetting_pos=-1,-1|6,6|26,6|-1,-1|-1,-1|19,30|-1,-1|6,16|-1,-1|16,26|
#setting_targetting_pos=-1,-1|-1,-1|-1,-1|15,8|-1,-1|19,2|-1,-1|-1,-1|15,14|-1,-1|
...r....u.
#1111110100111010
#assigned_pet=-1,-1,-1,-1,13,-1,-1,-1,13,-1,
#assigned_hub=8,0,6,3,7,0,2,1,4,5,
#moving_targetting_pos=-1,-1|6,6|26,6|16,6|-1,-1|19,30|-1,-1|-1,-1|-1,-1|16,26|
#setting_targetting_pos=-1,-1|-1,-1|-1,-1|-1,-1|24,17|19,2|-1,-1|-1,-1|18,17|-1,-1|
....R...R.
#1111110100111010
#assigned_pet=-1,-1,-1,-1,13,-1,-1,-1,13,-1,
#assigned_hub=8,0,6,3,7,0,2,1,4,5,
#moving_targetting_pos=-1,-1|6,6|26,6|16,6|-1,-1|19,30|-1,-1|-1,-1|-1,-1|16,26|
#setting_targetting_pos=-1,-1|-1,-1|-1,-1|-1,-1|24,17|19,2|-1,-1|-1,-1|18,17|-1,-1|
........R.
#1111110100111010
#assigned_pet=-1,-1,-1,-1,13,-1,-1,-1,13,-1,
#assigned_hub=8,0,6,3,7,0,2,1,4,5,
#moving_targetting_pos=-1,-1|6,6|26,6|16,6|-1,-1|19,30|-1,-1|6,16|-1,-1|16,26|
#setting_targetting_pos=-1,-1|-1,-1|-1,-1|-1,-1|24,17|19,2|-1,-1|-1,-1|18,17|-1,-1|
........R.
#1111110100111010
#assigned_pet=-1,-1,-1,-1,13,-1,-1,-1,13,-1,
#assigned_hub=8,0,6,3,7,0,2,1,4,5,
#moving_targetting_pos=-1,-1|6,6|26,6|-1,-1|-1,-1|19,30|-1,-1|-1,-1|-1,-1|16,26|
#setting_targetting_pos=-1,-1|-1,-1|-1,-1|-1,-1|24,17|19,2|-1,-1|-1,-1|18,17|-1,-1|
........D.
#1111110100111010
#assigned_pet=-1,-1,-1,-1,13,-1,-1,-1,13,-1,
#assigned_hub=8,0,6,3,7,0,2,1,4,5,
#moving_targetting_pos=-1,-1|6,6|26,6|-1,-1|-1,-1|19,30|-1,-1|-1,-1|-1,-1|16,26|
#setting_targetting_pos=-1,-1|-1,-1|-1,-1|-1,-1|24,17|19,2|-1,-1|-1,-1|18,17|-1,-1|
..........
#1111110100111010
#assigned_pet=-1,-1,-1,-1,13,-1,-1,-1,13,-1,
#assigned_hub=8,0,6,3,7,0,2,1,4,5,
#moving_targetting_pos=-1,-1|6,6|26,6|16,6|-1,-1|19,30|-1,-1|-1,-1|-1,-1|16,26|
#setting_targetting_pos=-1,-1|-1,-1|-1,-1|-1,-1|24,17|19,2|-1,-1|-1,-1|18,17|-1,-1|
..........
#1111110100111010
#assigned_pet=-1,-1,-1,-1,15,-1,-1,-1,15,-1,
#assigned_hub=8,0,6,3,7,0,2,1,4,5,
#moving_targetting_pos=-1,-1|6,6|26,6|16,6|-1,-1|19,30|-1,-1|6,16|-1,-1|16,26|
#setting_targetting_pos=-1,-1|-1,-1|-1,-1|-1,-1|24,17|19,2|-1,-1|-1,-1|18,17|-1,-1|
..........
#1111110100111010
#assigned_pet=-1,-1,-1,-1,15,-1,-1,-1,15,-1,
#assigned_hub=8,0,6,3,7,0,2,1,4,5,
#moving_targetting_pos=-1,-1|6,6|26,6|16,6|-1,-1|19,30|-1,-1|6,16|-1,-1|16,26|
#setting_targetting_pos=-1,-1|-1,-1|-1,-1|-1,-1|24,17|19,2|-1,-1|-1,-1|18,17|-1,-1|
..........
#1111110100111010
#assigned_pet=8,-1,-1,-1,-1,-1,-1,-1,-1,-1,
#assigned_hub=8,0,6,3,7,0,2,1,4,5,
#moving_targetting_pos=-1,-1|6,6|26,6|16,6|-1,-1|19,30|-1,-1|-1,-1|-1,-1|16,26|
#setting_targetting_pos=27,28|-1,-1|-1,-1|-1,-1|-1,-1|19,2|-1,-1|-1,-1|-1,-1|-1,-1|
R.........
#1111110100111010
#assigned_pet=8,-1,-1,-1,-1,-1,-1,-1,-1,-1,
#assigned_hub=8,0,6,3,7,0,2,1,4,5,
#moving_targetting_pos=-1,-1|6,6|26,6|16,6|-1,-1|19,30|-1,-1|6,16|-1,-1|16,26|
#setting_targetting_pos=27,28|-1,-1|-1,-1|-1,-1|-1,-1|19,2|-1,-1|-1,-1|-1,-1|-1,-1|
R.........
#1111110100111010
#assigned_pet=8,-1,-1,-1,-1,-1,-1,-1,-1,-1,
#assigned_hub=8,0,6,3,7,0,2,1,4,5,
#moving_targetting_pos=-1,-1|6,6|26,6|16,6|-1,-1|19,30|-1,-1|6,16|-1,-1|16,26|
#setting_targetting_pos=27,28|-1,-1|-1,-1|-1,-1|-1,-1|19,2|-1,-1|-1,-1|-1,-1|-1,-1|
R.........
#1111110100111010
#assigned_pet=8,-1,-1,-1,-1,-1,-1,-1,-1,-1,
#assigned_hub=8,0,6,3,7,0,2,1,4,5,
#moving_targetting_pos=-1,-1|6,6|26,6|16,6|-1,-1|19,30|-1,-1|6,16|-1,-1|16,26|
#setting_targetting_pos=27,28|-1,-1|-1,-1|-1,-1|-1,-1|19,2|-1,-1|-1,-1|-1,-1|-1,-1|
D.........
#1111110100111010
#assigned_pet=-1,-1,-1,-1,-1,-1,-1,-1,-1,-1,
#assigned_hub=8,0,6,3,7,0,2,1,4,5,
#moving_targetting_pos=-1,-1|6,6|26,6|16,6|-1,-1|19,30|-1,-1|6,16|-1,-1|16,26|
#setting_targetting_pos=-1,-1|-1,-1|-1,-1|-1,-1|-1,-1|19,2|-1,-1|-1,-1|-1,-1|-1,-1|
..........
#1111110100111010
#assigned_pet=-1,-1,-1,-1,13,-1,-1,-1,13,-1,
#assigned_hub=8,0,6,3,7,0,2,1,4,5,
#moving_targetting_pos=-1,-1|6,6|26,6|16,6|-1,-1|19,30|-1,-1|6,16|-1,-1|16,26|
#setting_targetting_pos=-1,-1|-1,-1|-1,-1|-1,-1|24,17|19,2|-1,-1|-1,-1|18,17|-1,-1|
..........
#1111110100111010
#assigned_pet=-1,-1,-1,-1,-1,-1,-1,-1,-1,-1,
#assigned_hub=8,0,6,3,7,0,2,1,4,5,
#moving_targetting_pos=-1,-1|6,6|26,6|16,6|-1,-1|19,30|-1,-1|6,16|-1,-1|16,26|
#setting_targetting_pos=-1,-1|-1,-1|-1,-1|-1,-1|-1,-1|19,2|-1,-1|-1,-1|-1,-1|-1,-1|
..........
#1111110100111010
#assigned_pet=-1,-1,-1,-1,13,-1,-1,-1,13,-1,
#assigned_hub=8,0,6,3,7,0,2,1,4,5,
#moving_targetting_pos=-1,-1|6,6|26,6|16,6|-1,-1|19,30|-1,-1|6,16|-1,-1|16,26|
#setting_targetting_pos=-1,-1|-1,-1|-1,-1|-1,-1|24,17|19,2|-1,-1|-1,-1|18,17|-1,-1|
..........
#1111110100111010
#assigned_pet=-1,-1,-1,-1,13,-1,-1,-1,13,-1,
#assigned_hub=8,0,6,3,7,0,2,1,4,5,
#moving_targetting_pos=-1,-1|6,6|26,6|16,6|-1,-1|19,30|-1,-1|6,16|-1,-1|16,26|
#setting_targetting_pos=-1,-1|-1,-1|-1,-1|-1,-1|24,17|19,2|-1,-1|-1,-1|18,17|-1,-1|
..........
#1111110100111010
#assigned_pet=-1,-1,-1,-1,13,-1,-1,-1,13,-1,
#assigned_hub=8,0,6,3,7,0,2,1,4,5,
#moving_targetting_pos=-1,-1|6,6|26,6|16,6|-1,-1|19,30|-1,-1|6,16|-1,-1|16,26|
#setting_targetting_pos=-1,-1|-1,-1|-1,-1|-1,-1|24,17|19,2|-1,-1|-1,-1|18,17|-1,-1|
..........
#1111110100111010
#assigned_pet=-1,-1,-1,-1,13,-1,-1,-1,13,-1,
#assigned_hub=8,0,6,3,7,0,2,1,4,5,
#moving_targetting_pos=-1,-1|6,6|26,6|16,6|-1,-1|19,30|-1,-1|6,16|-1,-1|16,26|
#setting_targetting_pos=-1,-1|-1,-1|-1,-1|-1,-1|24,17|19,2|-1,-1|-1,-1|18,17|-1,-1|
..........
#1111110100111010
#assigned_pet=-1,-1,-1,-1,-1,-1,-1,-1,-1,-1,
#assigned_hub=8,0,6,3,7,0,2,1,4,5,
#moving_targetting_pos=-1,-1|6,6|26,6|16,6|-1,-1|19,30|-1,-1|6,16|-1,-1|16,26|
#setting_targetting_pos=-1,-1|-1,-1|-1,-1|-1,-1|-1,-1|19,2|-1,-1|-1,-1|-1,-1|-1,-1|
..........
#1111110100111010
#assigned_pet=-1,-1,-1,-1,-1,-1,-1,-1,-1,-1,
#assigned_hub=8,0,6,3,7,0,2,1,4,5,
#moving_targetting_pos=-1,-1|6,6|26,6|16,6|-1,-1|19,30|-1,-1|6,16|-1,-1|16,26|
#setting_targetting_pos=-1,-1|-1,-1|-1,-1|-1,-1|-1,-1|19,2|-1,-1|-1,-1|-1,-1|-1,-1|
..........
#1111110100111010
#assigned_pet=-1,-1,-1,-1,15,-1,-1,-1,15,-1,
#assigned_hub=8,0,6,3,7,0,2,1,4,5,
#moving_targetting_pos=-1,-1|6,6|26,6|16,6|-1,-1|19,30|-1,-1|6,16|-1,-1|16,26|
#setting_targetting_pos=-1,-1|-1,-1|-1,-1|-1,-1|24,17|19,2|-1,-1|-1,-1|18,17|-1,-1|
..........
#1111110100111010
#assigned_pet=-1,-1,-1,-1,15,-1,-1,-1,15,-1,
#assigned_hub=8,0,6,3,7,0,2,1,4,5,
#moving_targetting_pos=-1,-1|6,6|26,6|16,6|-1,-1|19,30|-1,-1|6,16|-1,-1|16,26|
#setting_targetting_pos=-1,-1|-1,-1|-1,-1|-1,-1|24,17|19,2|-1,-1|-1,-1|18,17|-1,-1|
..........
#1111110100111010
#assigned_pet=-1,-1,-1,-1,15,-1,-1,-1,15,-1,
#assigned_hub=8,0,6,3,7,0,2,1,4,5,
#moving_targetting_pos=-1,-1|6,6|26,6|16,6|-1,-1|19,30|-1,-1|-1,-1|-1,-1|16,26|
#setting_targetting_pos=-1,-1|-1,-1|-1,-1|-1,-1|24,17|19,2|-1,-1|-1,-1|18,17|-1,-1|
..........
#1111110100111010
#assigned_pet=-1,-1,-1,-1,-1,-1,-1,-1,-1,-1,
#assigned_hub=8,0,6,3,7,0,2,1,4,5,
#moving_targetting_pos=-1,-1|6,6|26,6|16,6|-1,-1|19,30|-1,-1|6,16|-1,-1|16,26|
#setting_targetting_pos=-1,-1|-1,-1|-1,-1|-1,-1|-1,-1|19,2|-1,-1|-1,-1|-1,-1|-1,-1|
..........
#1111110100111010
#assigned_pet=-1,-1,-1,-1,-1,-1,-1,-1,-1,-1,
#assigned_hub=8,0,6,3,7,0,2,1,4,5,
#moving_targetting_pos=-1,-1|6,6|26,6|16,6|-1,-1|19,30|-1,-1|6,16|-1,-1|16,26|
#setting_targetting_pos=-1,-1|-1,-1|-1,-1|-1,-1|-1,-1|19,2|-1,-1|-1,-1|-1,-1|-1,-1|
..........
#1111110100111010
#assigned_pet=-1,-1,-1,-1,-1,-1,-1,-1,-1,-1,
#assigned_hub=8,0,6,3,7,0,2,1,4,5,
#moving_targetting_pos=-1,-1|6,6|26,6|16,6|-1,-1|19,30|-1,-1|6,16|-1,-1|16,26|
#setting_targetting_pos=-1,-1|-1,-1|-1,-1|-1,-1|-1,-1|19,2|-1,-1|-1,-1|-1,-1|-1,-1|
..........
#1111110100111010
#assigned_pet=-1,-1,-1,-1,-1,-1,-1,-1,-1,-1,
#assigned_hub=8,0,6,3,7,0,2,1,4,5,
#moving_targetting_pos=26,26|6,6|26,6|16,6|-1,-1|19,30|-1,-1|-1,-1|-1,-1|16,26|
#setting_targetting_pos=-1,-1|-1,-1|-1,-1|-1,-1|-1,-1|19,2|-1,-1|-1,-1|-1,-1|-1,-1|
..........
#1111110100111010
#assigned_pet=-1,-1,-1,-1,-1,-1,-1,-1,-1,-1,
#assigned_hub=8,0,6,3,7,0,2,1,4,5,
#moving_targetting_pos=-1,-1|6,6|26,6|16,6|-1,-1|19,30|-1,-1|-1,-1|-1,-1|16,26|
#setting_targetting_pos=-1,-1|-1,-1|-1,-1|-1,-1|-1,-1|19,2|-1,-1|-1,-1|-1,-1|-1,-1|
..........
#1111110100111010
#assigned_pet=-1,-1,-1,-1,-1,-1,-1,-1,-1,-1,
#assigned_hub=8,0,6,3,7,0,2,1,4,5,
#moving_targetting_pos=26,26|6,6|26,6|16,6|-1,-1|19,30|-1,-1|-1,-1|-1,-1|16,26|
#setting_targetting_pos=-1,-1|-1,-1|-1,-1|-1,-1|-1,-1|19,2|-1,-1|-1,-1|-1,-1|-1,-1|
..........
#1111110100111010
#assigned_pet=-1,-1,-1,-1,-1,-1,-1,-1,-1,-1,
#assigned_hub=8,0,6,3,7,0,2,1,4,5,
#moving_targetting_pos=26,26|6,6|26,6|16,6|-1,-1|19,30|-1,-1|-1,-1|-1,-1|16,26|
#setting_targetting_pos=-1,-1|-1,-1|-1,-1|-1,-1|-1,-1|19,2|-1,-1|-1,-1|-1,-1|-1,-1|
..........
#1111110100111010
#assigned_pet=-1,-1,-1,-1,-1,-1,-1,-1,-1,-1,
#assigned_hub=8,0,6,3,7,0,2,1,4,5,
#moving_targetting_pos=26,26|6,6|26,6|-1,-1|-1,-1|19,30|-1,-1|-1,-1|-1,-1|16,26|
#setting_targetting_pos=-1,-1|-1,-1|-1,-1|-1,-1|-1,-1|19,2|-1,-1|-1,-1|-1,-1|-1,-1|
..........
#1111110100111010
#assigned_pet=-1,-1,-1,-1,-1,-1,-1,-1,-1,-1,
#assigned_hub=8,0,6,3,7,0,2,1,4,5,
#moving_targetting_pos=26,26|6,6|26,6|-1,-1|-1,-1|19,30|-1,-1|-1,-1|-1,-1|16,26|
#setting_targetting_pos=-1,-1|-1,-1|-1,-1|-1,-1|-1,-1|19,2|-1,-1|-1,-1|-1,-1|-1,-1|
..........
#1111110100111010
#assigned_pet=-1,-1,-1,-1,-1,-1,-1,-1,-1,-1,
#assigned_hub=8,0,6,3,7,0,2,1,4,5,
#moving_targetting_pos=26,26|6,6|26,6|-1,-1|-1,-1|19,30|-1,-1|-1,-1|-1,-1|16,26|
#setting_targetting_pos=-1,-1|-1,-1|-1,-1|-1,-1|-1,-1|19,2|-1,-1|-1,-1|-1,-1|-1,-1|
..........
#1111110100111010
#assigned_pet=-1,-1,-1,-1,9,-1,-1,-1,9,-1,
#assigned_hub=8,0,6,3,7,0,2,1,4,5,
#moving_targetting_pos=26,26|6,6|26,6|-1,-1|-1,-1|19,30|-1,-1|-1,-1|-1,-1|16,26|
#setting_targetting_pos=-1,-1|-1,-1|-1,-1|-1,-1|24,17|19,2|-1,-1|-1,-1|18,17|-1,-1|
..........
#1111110100111010
#assigned_pet=-1,-1,-1,-1,9,-1,-1,-1,9,-1,
#assigned_hub=8,0,6,3,7,0,2,1,4,5,
#moving_targetting_pos=-1,-1|6,6|26,6|-1,-1|-1,-1|19,30|-1,-1|-1,-1|-1,-1|16,26|
#setting_targetting_pos=-1,-1|-1,-1|-1,-1|-1,-1|24,17|19,2|-1,-1|-1,-1|18,17|-1,-1|
..........
#1111110100111010
#assigned_pet=-1,-1,-1,-1,9,-1,-1,-1,9,-1,
#assigned_hub=8,0,6,3,7,0,2,1,4,5,
#moving_targetting_pos=-1,-1|6,6|26,6|-1,-1|-1,-1|19,30|-1,-1|-1,-1|-1,-1|16,26|
#setting_targetting_pos=-1,-1|-1,-1|-1,-1|-1,-1|24,17|19,2|-1,-1|-1,-1|18,17|-1,-1|
..........
#1111110100111010
#assigned_pet=-1,-1,-1,-1,13,-1,-1,-1,13,-1,
#assigned_hub=8,0,6,3,7,0,2,1,4,5,
#moving_targetting_pos=26,26|6,6|26,6|-1,-1|-1,-1|19,30|-1,-1|-1,-1|-1,-1|16,26|
#setting_targetting_pos=-1,-1|-1,-1|-1,-1|-1,-1|24,15|19,2|-1,-1|-1,-1|18,15|-1,-1|
....L...L.
#1111110100111010
#assigned_pet=-1,-1,-1,-1,9,-1,-1,-1,9,-1,
#assigned_hub=8,0,6,3,7,0,2,1,4,5,
#moving_targetting_pos=26,26|6,6|26,6|-1,-1|-1,-1|19,30|-1,-1|-1,-1|-1,-1|16,26|
#setting_targetting_pos=-1,-1|-1,-1|-1,-1|-1,-1|24,15|19,2|-1,-1|-1,-1|18,15|-1,-1|
....L...L.
#1111110100111010
#assigned_pet=-1,-1,-1,-1,9,-1,-1,-1,9,-1,
#assigned_hub=8,0,6,3,7,0,2,1,4,5,
#moving_targetting_pos=-1,-1|6,6|26,6|-1,-1|-1,-1|19,30|-1,-1|-1,-1|-1,-1|16,26|
#setting_targetting_pos=-1,-1|-1,-1|-1,-1|-1,-1|24,15|19,2|-1,-1|-1,-1|18,15|-1,-1|
..........
#1111110100111010
#assigned_pet=-1,-1,-1,-1,9,-1,-1,-1,9,-1,
#assigned_hub=8,0,6,3,7,0,2,1,4,5,
#moving_targetting_pos=26,26|6,6|26,6|-1,-1|-1,-1|19,30|-1,-1|-1,-1|-1,-1|16,26|
#setting_targetting_pos=-1,-1|-1,-1|-1,-1|-1,-1|24,15|19,2|-1,-1|-1,-1|18,15|-1,-1|
..........
#1111110100111010
#assigned_pet=-1,-1,-1,-1,9,-1,-1,-1,9,-1,
#assigned_hub=8,0,6,3,7,0,2,1,4,5,
#moving_targetting_pos=26,26|6,6|-1,-1|-1,-1|-1,-1|19,30|-1,-1|-1,-1|-1,-1|16,26|
#setting_targetting_pos=-1,-1|-1,-1|-1,-1|-1,-1|24,15|19,2|-1,-1|-1,-1|18,15|-1,-1|
..........
#1111110100111010
#assigned_pet=-1,-1,-1,-1,13,-1,-1,-1,13,-1,
#assigned_hub=8,0,6,3,7,0,2,1,4,5,
#moving_targetting_pos=26,26|6,6|-1,-1|-1,-1|-1,-1|19,30|-1,-1|-1,-1|-1,-1|16,26|
#setting_targetting_pos=-1,-1|-1,-1|-1,-1|-1,-1|24,15|19,2|-1,-1|-1,-1|18,15|-1,-1|
..........
#1111110100111010
#assigned_pet=-1,-1,-1,-1,9,-1,-1,-1,9,-1,
#assigned_hub=8,0,6,3,7,0,2,1,4,5,
#moving_targetting_pos=26,26|6,6|-1,-1|-1,-1|-1,-1|19,30|-1,-1|-1,-1|-1,-1|16,26|
#setting_targetting_pos=-1,-1|-1,-1|-1,-1|-1,-1|24,15|19,2|-1,-1|-1,-1|18,15|-1,-1|
..........
#1111110100111010
#assigned_pet=-1,-1,-1,-1,6,-1,-1,-1,6,-1,
#assigned_hub=8,0,6,3,7,0,2,1,4,5,
#moving_targetting_pos=26,26|6,6|-1,-1|-1,-1|-1,-1|19,30|-1,-1|6,16|-1,-1|16,26|
#setting_targetting_pos=-1,-1|-1,-1|-1,-1|-1,-1|24,15|19,2|-1,-1|-1,-1|18,15|-1,-1|
..........
#1111110100111010
#assigned_pet=-1,-1,-1,-1,6,-1,-1,-1,6,-1,
#assigned_hub=8,0,6,3,7,0,2,1,4,5,
#moving_targetting_pos=26,26|6,6|-1,-1|-1,-1|-1,-1|19,30|-1,-1|6,16|-1,-1|16,26|
#setting_targetting_pos=-1,-1|-1,-1|-1,-1|-1,-1|24,15|19,2|-1,-1|-1,-1|18,15|-1,-1|
..........
#1111110100111010
#assigned_pet=-1,-1,-1,-1,-1,-1,-1,-1,-1,-1,
#assigned_hub=8,0,6,3,7,0,2,1,4,5,
#moving_targetting_pos=26,26|6,6|-1,-1|-1,-1|-1,-1|19,30|-1,-1|6,16|-1,-1|16,26|
#setting_targetting_pos=-1,-1|-1,-1|-1,-1|-1,-1|-1,-1|19,2|-1,-1|-1,-1|-1,-1|-1,-1|
..........
#1111110100111010
#assigned_pet=-1,-1,-1,-1,13,-1,-1,-1,13,-1,
#assigned_hub=8,0,6,3,7,0,2,1,4,5,
#moving_targetting_pos=26,26|6,6|-1,-1|-1,-1|-1,-1|19,30|-1,-1|6,16|-1,-1|16,26|
#setting_targetting_pos=-1,-1|-1,-1|-1,-1|-1,-1|24,15|19,2|-1,-1|-1,-1|18,15|-1,-1|
..........
#1111110100111010
#assigned_pet=-1,-1,-1,-1,6,-1,-1,-1,6,-1,
#assigned_hub=8,0,6,3,7,0,2,1,4,5,
#moving_targetting_pos=-1,-1|6,6|-1,-1|-1,-1|-1,-1|19,30|-1,-1|6,16|-1,-1|16,26|
#setting_targetting_pos=-1,-1|-1,-1|-1,-1|-1,-1|24,15|19,2|-1,-1|-1,-1|18,15|-1,-1|
..........
#1111110100111010
#assigned_pet=-1,-1,-1,-1,13,-1,-1,-1,13,-1,
#assigned_hub=8,0,6,3,7,0,2,1,4,5,
#moving_targetting_pos=-1,-1|6,6|-1,-1|-1,-1|-1,-1|19,30|-1,-1|6,16|-1,-1|16,26|
#setting_targetting_pos=-1,-1|-1,-1|-1,-1|-1,-1|24,15|19,2|-1,-1|-1,-1|18,15|-1,-1|
..........
#1111110100111010
#assigned_pet=-1,-1,-1,9,-1,-1,-1,-1,9,-1,
#assigned_hub=8,0,6,3,7,0,2,1,4,5,
#moving_targetting_pos=-1,-1|6,6|-1,-1|-1,-1|-1,-1|19,30|-1,-1|6,16|-1,-1|16,26|
#setting_targetting_pos=-1,-1|-1,-1|-1,-1|17,8|-1,-1|19,2|-1,-1|-1,-1|17,14|-1,-1|
...D......
#1111110100111010
#assigned_pet=-1,-1,-1,-1,6,-1,-1,-1,6,-1,
#assigned_hub=8,0,6,3,7,0,2,1,4,5,
#moving_targetting_pos=-1,-1|6,6|-1,-1|-1,-1|-1,-1|19,30|-1,-1|6,16|-1,-1|16,26|
#setting_targetting_pos=-1,-1|-1,-1|-1,-1|-1,-1|24,15|19,2|-1,-1|-1,-1|18,15|-1,-1|
..........
#1111110100111010
#assigned_pet=-1,-1,-1,-1,13,-1,-1,-1,13,-1,
#assigned_hub=8,0,6,3,7,0,2,1,4,5,
#moving_targetting_pos=-1,-1|6,6|-1,-1|-1,-1|-1,-1|19,30|-1,-1|6,16|-1,-1|16,26|
#setting_targetting_pos=-1,-1|-1,-1|-1,-1|-1,-1|24,15|19,2|-1,-1|-1,-1|18,15|-1,-1|
..........
#1111110100111010
#assigned_pet=-1,-1,-1,-1,6,-1,-1,-1,6,-1,
#assigned_hub=8,0,6,3,7,0,2,1,4,5,
#moving_targetting_pos=-1,-1|6,6|-1,-1|-1,-1|-1,-1|19,30|-1,-1|6,16|-1,-1|16,26|
#setting_targetting_pos=-1,-1|-1,-1|-1,-1|-1,-1|24,15|19,2|-1,-1|-1,-1|18,15|-1,-1|
..........
#1111110100111010
#assigned_pet=-1,-1,-1,-1,6,-1,-1,-1,6,-1,
#assigned_hub=8,0,6,3,7,0,2,1,4,5,
#moving_targetting_pos=-1,-1|6,6|-1,-1|-1,-1|-1,-1|19,30|-1,-1|6,16|-1,-1|16,26|
#setting_targetting_pos=-1,-1|-1,-1|-1,-1|-1,-1|24,15|19,2|-1,-1|-1,-1|18,15|-1,-1|
..........
#1111110100111010
#assigned_pet=-1,-1,-1,-1,6,-1,-1,-1,6,-1,
#assigned_hub=8,0,6,3,7,0,2,1,4,5,
#moving_targetting_pos=-1,-1|6,6|-1,-1|-1,-1|-1,-1|19,30|-1,-1|6,16|-1,-1|16,26|
#setting_targetting_pos=-1,-1|-1,-1|-1,-1|-1,-1|24,15|19,2|-1,-1|-1,-1|18,15|-1,-1|
..........
#1111110100111010
#assigned_pet=-1,-1,-1,-1,13,-1,-1,-1,13,-1,
#assigned_hub=8,0,6,3,7,0,2,1,4,5,
#moving_targetting_pos=-1,-1|6,6|-1,-1|-1,-1|-1,-1|19,30|-1,-1|6,16|-1,-1|16,26|
#setting_targetting_pos=-1,-1|-1,-1|-1,-1|-1,-1|24,15|19,2|-1,-1|-1,-1|18,15|-1,-1|
..........
#1111110100111010
#assigned_pet=-1,-1,-1,-1,13,-1,-1,-1,13,-1,
#assigned_hub=8,0,6,3,7,0,2,1,4,5,
#moving_targetting_pos=-1,-1|6,6|-1,-1|-1,-1|-1,-1|19,30|-1,-1|6,16|-1,-1|16,26|
#setting_targetting_pos=-1,-1|-1,-1|-1,-1|-1,-1|24,15|19,2|-1,-1|-1,-1|18,15|-1,-1|
..........
#1111110100111010
#assigned_pet=-1,-1,-1,-1,13,-1,-1,-1,13,-1,
#assigned_hub=8,0,6,3,7,0,2,1,4,5,
#moving_targetting_pos=-1,-1|6,6|-1,-1|-1,-1|-1,-1|19,30|-1,-1|6,16|-1,-1|16,26|
#setting_targetting_pos=-1,-1|-1,-1|-1,-1|-1,-1|24,15|19,2|-1,-1|-1,-1|18,15|-1,-1|
..........
#1111110100111010
#assigned_pet=-1,-1,-1,-1,13,-1,-1,-1,13,-1,
#assigned_hub=8,0,6,3,7,0,2,1,4,5,
#moving_targetting_pos=-1,-1|6,6|-1,-1|-1,-1|-1,-1|19,30|-1,-1|6,16|-1,-1|16,26|
#setting_targetting_pos=-1,-1|-1,-1|-1,-1|-1,-1|24,15|19,2|-1,-1|-1,-1|18,15|-1,-1|
..........
#1111110100111010
#assigned_pet=-1,-1,6,6,13,-1,-1,-1,13,-1,
#assigned_hub=8,0,6,3,7,0,2,1,4,5,
#moving_targetting_pos=-1,-1|6,6|-1,-1|-1,-1|-1,-1|19,30|-1,-1|6,16|-1,-1|16,26|
#setting_targetting_pos=-1,-1|-1,-1|24,7|18,7|24,15|19,2|-1,-1|-1,-1|18,15|-1,-1|
...D......
#1111110100111010
#assigned_pet=-1,-1,9,9,13,-1,-1,-1,13,-1,
#assigned_hub=8,0,6,3,7,0,2,1,4,5,
#moving_targetting_pos=-1,-1|6,6|-1,-1|-1,-1|-1,-1|19,30|-1,-1|6,16|-1,-1|16,26|
#setting_targetting_pos=-1,-1|-1,-1|24,7|18,7|24,15|19,2|-1,-1|-1,-1|18,15|-1,-1|
..........
#1111110100111010
#assigned_pet=-1,-1,9,9,13,-1,-1,-1,13,-1,
#assigned_hub=8,0,6,3,7,0,2,1,4,5,
#moving_targetting_pos=-1,-1|6,6|-1,-1|-1,-1|-1,-1|19,30|-1,-1|6,16|-1,-1|16,26|
#setting_targetting_pos=-1,-1|-1,-1|24,7|18,7|24,15|19,2|-1,-1|-1,-1|18,15|-1,-1|
..........
#1111110100111010
#assigned_pet=-1,-1,9,9,13,-1,-1,-1,13,-1,
#assigned_hub=8,0,6,3,7,0,2,1,4,5,
#moving_targetting_pos=-1,-1|6,6|-1,-1|-1,-1|-1,-1|19,30|6,26|6,16|-1,-1|16,26|
#setting_targetting_pos=-1,-1|-1,-1|24,7|18,7|24,15|19,2|-1,-1|-1,-1|18,15|-1,-1|
..........
#1111110100111010
#assigned_pet=-1,-1,6,6,-1,-1,-1,-1,-1,-1,
#assigned_hub=8,0,6,3,7,0,2,1,4,5,
#moving_targetting_pos=-1,-1|6,6|-1,-1|-1,-1|-1,-1|19,30|6,26|6,16|-1,-1|16,26|
#setting_targetting_pos=-1,-1|-1,-1|24,5|18,5|-1,-1|19,2|-1,-1|-1,-1|-1,-1|-1,-1|
..LL......
#1111110100111010
#assigned_pet=-1,-1,6,6,-1,-1,-1,-1,-1,-1,
#assigned_hub=8,0,6,3,7,0,2,1,4,5,
#moving_targetting_pos=-1,-1|6,6|-1,-1|-1,-1|-1,-1|19,30|6,26|-1,-1|-1,-1|16,26|
#setting_targetting_pos=-1,-1|-1,-1|24,5|18,5|-1,-1|19,2|-1,-1|-1,-1|-1,-1|-1,-1|
..LL......
#1111110100111010
#assigned_pet=-1,-1,6,6,-1,-1,-1,-1,-1,-1,
#assigned_hub=8,0,6,3,7,0,2,1,4,5,
#moving_targetting_pos=-1,-1|6,6|-1,-1|-1,-1|-1,-1|19,30|6,26|-1,-1|-1,-1|16,26|
#setting_targetting_pos=-1,-1|-1,-1|24,5|18,5|-1,-1|19,2|-1,-1|-1,-1|-1,-1|-1,-1|
..........
#1111110100111010
#assigned_pet=-1,-1,6,6,-1,-1,-1,-1,-1,-1,
#assigned_hub=8,0,6,3,7,0,2,1,4,5,
#moving_targetting_pos=-1,-1|6,6|-1,-1|-1,-1|-1,-1|19,30|6,26|-1,-1|-1,-1|16,26|
#setting_targetting_pos=-1,-1|-1,-1|24,5|18,5|-1,-1|19,2|-1,-1|-1,-1|-1,-1|-1,-1|
..........
#1111110100111010
#assigned_pet=-1,-1,9,9,-1,-1,-1,-1,-1,-1,
#assigned_hub=8,0,6,3,7,0,2,1,4,5,
#moving_targetting_pos=-1,-1|6,6|-1,-1|-1,-1|-1,-1|19,30|6,26|-1,-1|-1,-1|16,26|
#setting_targetting_pos=-1,-1|-1,-1|24,7|18,7|-1,-1|19,2|-1,-1|-1,-1|-1,-1|-1,-1|
..RR......
#1111110100111010
#assigned_pet=-1,-1,6,6,-1,-1,-1,-1,-1,-1,
#assigned_hub=8,0,6,3,7,0,2,1,4,5,
#moving_targetting_pos=-1,-1|6,6|-1,-1|-1,-1|-1,-1|19,30|6,26|-1,-1|-1,-1|16,26|
#setting_targetting_pos=-1,-1|-1,-1|24,5|18,5|-1,-1|19,2|-1,-1|-1,-1|-1,-1|-1,-1|
..LL......
#1111110100111010
#assigned_pet=-1,-1,9,9,-1,-1,-1,-1,-1,-1,
#assigned_hub=8,0,6,3,7,0,2,1,4,5,
#moving_targetting_pos=-1,-1|6,6|-1,-1|-1,-1|-1,-1|19,30|6,26|-1,-1|-1,-1|16,26|
#setting_targetting_pos=-1,-1|-1,-1|24,7|18,7|-1,-1|19,2|-1,-1|-1,-1|-1,-1|-1,-1|
..RR......
#1111110100111010
#assigned_pet=-1,-1,6,6,-1,-1,-1,-1,-1,-1,
#assigned_hub=8,0,6,3,7,0,2,1,4,5,
#moving_targetting_pos=-1,-1|6,6|-1,-1|-1,-1|-1,-1|19,30|6,26|-1,-1|-1,-1|16,26|
#setting_targetting_pos=-1,-1|-1,-1|24,7|18,7|-1,-1|19,2|-1,-1|-1,-1|-1,-1|-1,-1|
..RR......
#1111110100111010
#assigned_pet=-1,-1,9,9,-1,-1,-1,-1,-1,-1,
#assigned_hub=8,0,6,3,7,0,2,1,4,5,
#moving_targetting_pos=-1,-1|6,6|-1,-1|-1,-1|-1,-1|19,30|6,26|-1,-1|-1,-1|16,26|
#setting_targetting_pos=-1,-1|-1,-1|24,7|18,7|-1,-1|19,2|-1,-1|-1,-1|-1,-1|-1,-1|
..........
#1111110100111010
#assigned_pet=15,-1,-1,13,-1,-1,-1,-1,13,-1,
#assigned_hub=8,0,6,3,7,0,2,1,4,5,
#moving_targetting_pos=-1,-1|6,6|-1,-1|-1,-1|-1,-1|19,30|6,26|6,16|-1,-1|16,26|
#setting_targetting_pos=27,28|-1,-1|-1,-1|17,8|-1,-1|19,2|-1,-1|-1,-1|17,14|-1,-1|
..........
#1111110100111010
#assigned_pet=15,-1,-1,9,-1,-1,-1,-1,9,-1,
#assigned_hub=8,0,6,3,7,0,2,1,4,5,
#moving_targetting_pos=-1,-1|6,6|-1,-1|-1,-1|-1,-1|19,30|6,26|6,16|-1,-1|16,26|
#setting_targetting_pos=27,28|-1,-1|-1,-1|17,8|-1,-1|19,2|-1,-1|-1,-1|17,14|-1,-1|
..........
#1111110100111010
#assigned_pet=15,-1,-1,9,-1,-1,-1,-1,9,-1,
#assigned_hub=8,0,6,3,7,0,2,1,4,5,
#moving_targetting_pos=-1,-1|6,6|-1,-1|-1,-1|-1,-1|19,30|6,26|6,16|-1,-1|16,26|
#setting_targetting_pos=27,28|-1,-1|-1,-1|17,8|-1,-1|19,2|-1,-1|-1,-1|17,14|-1,-1|
..........
#1111110100111010
#assigned_pet=15,-1,6,6,-1,-1,-1,-1,-1,-1,
#assigned_hub=8,0,6,3,7,0,2,1,4,5,
#moving_targetting_pos=-1,-1|6,6|-1,-1|-1,-1|-1,-1|19,30|6,26|6,16|-1,-1|16,26|
#setting_targetting_pos=27,28|-1,-1|24,7|18,7|-1,-1|19,2|-1,-1|-1,-1|-1,-1|-1,-1|
..........
#1111110100111010
#assigned_pet=15,-1,-1,9,-1,-1,-1,-1,9,-1,
#assigned_hub=8,0,6,3,7,0,2,1,4,5,
#moving_targetting_pos=-1,-1|6,6|-1,-1|-1,-1|-1,-1|19,30|6,26|6,16|-1,-1|16,26|
#setting_targetting_pos=27,28|-1,-1|-1,-1|17,8|-1,-1|19,2|-1,-1|-1,-1|17,14|-1,-1|
..........
#1111110100111011
#assigned_pet=15,-1,-1,9,-1,-1,-1,-1,9,-1,
#assigned_hub=8,0,6,3,7,0,2,1,4,5,
#moving_targetting_pos=-1,-1|6,6|-1,-1|-1,-1|-1,-1|19,30|6,26|6,16|-1,-1|16,26|
#setting_targetting_pos=27,28|-1,-1|-1,-1|17,8|-1,-1|19,2|-1,-1|-1,-1|17,14|-1,-1|
d.........
#1111110100111011
#assigned_pet=-1,-1,-1,9,-1,-1,-1,-1,9,-1,
#assigned_hub=8,0,6,3,7,0,2,1,4,5,
#moving_targetting_pos=26,26|6,6|-1,-1|-1,-1|-1,-1|19,30|6,26|6,16|-1,-1|16,26|
#setting_targetting_pos=-1,-1|-1,-1|-1,-1|17,8|-1,-1|19,2|-1,-1|-1,-1|17,14|-1,-1|
..........
#1111110100111011
#assigned_pet=-1,-1,-1,-1,-1,-1,-1,-1,-1,-1,
#assigned_hub=8,0,6,3,7,0,2,1,4,5,
#moving_targetting_pos=26,26|6,6|-1,-1|-1,-1|-1,-1|19,30|6,26|-1,-1|-1,-1|16,26|
#setting_targetting_pos=-1,-1|-1,-1|-1,-1|-1,-1|-1,-1|19,2|-1,-1|-1,-1|-1,-1|-1,-1|
..........
#1111110100111011
#assigned_pet=-1,-1,-1,-1,6,-1,-1,-1,6,-1,
#assigned_hub=8,0,6,3,7,0,2,1,4,5,
#moving_targetting_pos=26,26|6,6|-1,-1|-1,-1|-1,-1|19,30|6,26|-1,-1|-1,-1|16,26|
#setting_targetting_pos=-1,-1|-1,-1|-1,-1|-1,-1|24,15|19,2|-1,-1|-1,-1|18,15|-1,-1|
..........
#1111110100111011
#assigned_pet=-1,-1,-1,-1,6,-1,-1,-1,6,-1,
#assigned_hub=8,0,6,3,7,0,2,1,4,5,
#moving_targetting_pos=26,26|6,6|26,6|-1,-1|-1,-1|19,30|6,26|-1,-1|-1,-1|16,26|
#setting_targetting_pos=-1,-1|-1,-1|-1,-1|-1,-1|24,15|19,2|-1,-1|-1,-1|18,15|-1,-1|
..........
#1111110100111011
#assigned_pet=-1,-1,-1,-1,6,-1,-1,-1,6,-1,
#assigned_hub=8,0,6,3,7,0,2,1,4,5,
#moving_targetting_pos=26,26|6,6|26,6|-1,-1|-1,-1|19,30|6,26|-1,-1|-1,-1|16,26|
#setting_targetting_pos=-1,-1|-1,-1|-1,-1|-1,-1|24,15|19,2|-1,-1|-1,-1|18,15|-1,-1|
..........
#1111110100111011
#assigned_pet=-1,-1,-1,-1,8,-1,-1,-1,8,-1,
#assigned_hub=8,0,6,3,7,0,2,1,4,5,
#moving_targetting_pos=26,26|6,6|26,6|-1,-1|-1,-1|19,30|6,26|-1,-1|-1,-1|16,26|
#setting_targetting_pos=-1,-1|-1,-1|-1,-1|-1,-1|24,15|19,2|-1,-1|-1,-1|18,15|-1,-1|
..........
#1111110100111011
#assigned_pet=-1,-1,-1,-1,8,-1,-1,-1,8,-1,
#assigned_hub=8,0,6,3,7,0,2,1,4,5,
#moving_targetting_pos=26,26|6,6|26,6|-1,-1|-1,-1|19,30|6,26|-1,-1|-1,-1|16,26|
#setting_targetting_pos=-1,-1|-1,-1|-1,-1|-1,-1|24,15|19,2|-1,-1|-1,-1|18,15|-1,-1|
..........
#1111110100111011
#assigned_pet=-1,-1,-1,-1,8,-1,-1,-1,8,-1,
#assigned_hub=8,0,6,3,7,0,2,1,4,5,
#moving_targetting_pos=26,26|6,6|26,6|-1,-1|-1,-1|19,30|6,26|-1,-1|-1,-1|16,26|
#setting_targetting_pos=-1,-1|-1,-1|-1,-1|-1,-1|24,15|19,2|-1,-1|-1,-1|18,15|-1,-1|
..........
#1111110100111011
#assigned_pet=-1,-1,-1,-1,8,-1,-1,-1,8,-1,
#assigned_hub=8,0,6,3,7,0,2,1,4,5,
#moving_targetting_pos=26,26|6,6|26,6|16,6|-1,-1|19,30|6,26|-1,-1|-1,-1|16,26|
#setting_targetting_pos=-1,-1|-1,-1|-1,-1|-1,-1|24,15|19,2|-1,-1|-1,-1|18,15|-1,-1|
..........
#1111110100111011
#assigned_pet=-1,-1,-1,-1,8,-1,-1,-1,8,-1,
#assigned_hub=8,0,6,3,7,0,2,1,4,5,
#moving_targetting_pos=-1,-1|6,6|26,6|16,6|-1,-1|19,30|6,26|-1,-1|-1,-1|16,26|
#setting_targetting_pos=-1,-1|-1,-1|-1,-1|-1,-1|24,15|19,2|-1,-1|-1,-1|18,15|-1,-1|
..........
#1111110100111011
#assigned_pet=-1,-1,-1,-1,13,-1,-1,-1,13,-1,
#assigned_hub=8,0,6,3,7,0,2,1,4,5,
#moving_targetting_pos=-1,-1|6,6|26,6|16,6|-1,-1|19,30|6,26|-1,-1|-1,-1|16,26|
#setting_targetting_pos=-1,-1|-1,-1|-1,-1|-1,-1|24,17|19,2|-1,-1|-1,-1|18,17|-1,-1|
....R...R.
#1111110100111011
#assigned_pet=-1,-1,-1,-1,13,-1,-1,-1,13,-1,
#assigned_hub=8,0,6,3,7,0,2,1,4,5,
#moving_targetting_pos=-1,-1|-1,-1|26,6|16,6|-1,-1|19,30|6,26|-1,-1|-1,-1|16,26|
#setting_targetting_pos=-1,-1|-1,-1|-1,-1|-1,-1|24,17|19,2|-1,-1|-1,-1|18,17|-1,-1|
....R...R.
#1111110100111011
#assigned_pet=-1,-1,-1,-1,13,-1,-1,-1,13,-1,
#assigned_hub=8,0,6,3,7,0,2,1,4,5,
#moving_targetting_pos=-1,-1|-1,-1|26,6|16,6|-1,-1|19,30|6,26|-1,-1|-1,-1|16,26|
#setting_targetting_pos=-1,-1|-1,-1|-1,-1|-1,-1|24,17|19,2|-1,-1|-1,-1|18,17|-1,-1|
..........
#1111110100111011
#assigned_pet=6,-1,-1,-1,6,-1,-1,-1,-1,-1,
#assigned_hub=8,0,6,3,7,0,2,1,4,5,
#moving_targetting_pos=-1,-1|-1,-1|26,6|16,6|-1,-1|19,30|6,26|-1,-1|-1,-1|16,26|
#setting_targetting_pos=27,24|-1,-1|-1,-1|-1,-1|27,18|19,2|-1,-1|-1,-1|-1,-1|-1,-1|
L...D.....
#1111110100111011
#assigned_pet=-1,-1,-1,-1,-1,-1,-1,-1,-1,-1,
#assigned_hub=8,0,6,3,7,0,2,1,4,5,
#moving_targetting_pos=-1,-1|-1,-1|26,6|16,6|-1,-1|19,30|6,26|-1,-1|-1,-1|16,26|
#setting_targetting_pos=-1,-1|-1,-1|-1,-1|-1,-1|-1,-1|19,2|-1,-1|-1,-1|-1,-1|-1,-1|
..........
#1111110100111011
#assigned_pet=-1,-1,-1,-1,-1,-1,-1,-1,-1,-1,
#assigned_hub=8,0,6,3,7,0,2,1,4,5,
#moving_targetting_pos=-1,-1|-1,-1|26,6|16,6|-1,-1|19,30|6,26|-1,-1|-1,-1|16,26|
#setting_targetting_pos=-1,-1|-1,-1|-1,-1|-1,-1|-1,-1|19,2|-1,-1|-1,-1|-1,-1|-1,-1|
..........
#1111110100111011
#assigned_pet=6,-1,-1,-1,-1,-1,-1,-1,-1,-1,
#assigned_hub=8,0,6,3,7,0,2,1,4,5,
#moving_targetting_pos=-1,-1|-1,-1|26,6|16,6|-1,-1|19,30|6,26|-1,-1|-1,-1|16,26|
#setting_targetting_pos=28,25|-1,-1|-1,-1|-1,-1|-1,-1|19,2|-1,-1|-1,-1|-1,-1|-1,-1|
L.........
#1111110100111011
#assigned_pet=6,-1,-1,-1,-1,-1,-1,-1,-1,-1,
#assigned_hub=8,0,6,3,7,0,2,1,4,5,
#moving_targetting_pos=-1,-1|-1,-1|26,6|16,6|-1,-1|19,30|6,26|-1,-1|-1,-1|16,26|
#setting_targetting_pos=28,25|-1,-1|-1,-1|-1,-1|-1,-1|19,2|-1,-1|-1,-1|-1,-1|-1,-1|
L.........
#1111110100111011
#assigned_pet=-1,-1,-1,-1,-1,-1,-1,-1,-1,-1,
#assigned_hub=8,0,6,3,7,0,2,1,4,5,
#moving_targetting_pos=-1,-1|-1,-1|26,6|16,6|-1,-1|19,30|6,26|-1,-1|-1,-1|16,26|
#setting_targetting_pos=-1,-1|-1,-1|-1,-1|-1,-1|-1,-1|19,2|-1,-1|-1,-1|-1,-1|-1,-1|
..........
#1111110100111011
#assigned_pet=-1,-1,-1,-1,-1,-1,-1,-1,-1,-1,
#assigned_hub=8,0,6,3,7,0,2,1,4,5,
#moving_targetting_pos=-1,-1|-1,-1|26,6|16,6|-1,-1|19,30|6,26|-1,-1|-1,-1|16,26|
#setting_targetting_pos=-1,-1|-1,-1|-1,-1|-1,-1|-1,-1|19,2|-1,-1|-1,-1|-1,-1|-1,-1|
..........
#1111110100111011
#assigned_pet=6,-1,-1,-1,-1,-1,-1,9,9,-1,
#assigned_hub=8,0,6,3,7,0,2,1,4,5,
#moving_targetting_pos=-1,-1|-1,-1|26,6|16,6|-1,-1|19,30|6,26|-1,-1|-1,-1|16,26|
#setting_targetting_pos=28,27|-1,-1|-1,-1|-1,-1|-1,-1|19,2|-1,-1|8,17|14,17|-1,-1|
R.......U.
#1111110100111011
#assigned_pet=6,-1,-1,-1,-1,-1,-1,9,9,-1,
#assigned_hub=8,0,6,3,7,0,2,1,4,5,
#moving_targetting_pos=-1,-1|-1,-1|26,6|16,6|-1,-1|19,30|6,26|-1,-1|-1,-1|16,26|
#setting_targetting_pos=28,27|-1,-1|-1,-1|-1,-1|-1,-1|19,2|-1,-1|8,17|14,17|-1,-1|
R.......U.
#1111110101111011
#assigned_pet=6,-1,-1,-1,-1,-1,-1,9,9,-1,
#assigned_hub=8,0,6,3,7,0,2,1,4,5,
#moving_targetting_pos=-1,-1|6,6|26,6|16,6|-1,-1|19,30|6,26|-1,-1|-1,-1|16,26|
#setting_targetting_pos=28,27|-1,-1|-1,-1|-1,-1|-1,-1|19,2|-1,-1|8,17|14,17|-1,-1|
D......du.
#1111111101111011
#assigned_pet=6,-1,-1,-1,-1,-1,-1,-1,-1,-1,
#assigned_hub=8,0,6,3,7,0,2,1,4,5,
#moving_targetting_pos=-1,-1|6,6|26,6|16,6|-1,-1|19,30|6,26|6,16|-1,-1|16,26|
#setting_targetting_pos=28,27|-1,-1|-1,-1|-1,-1|-1,-1|19,2|-1,-1|-1,-1|-1,-1|-1,-1|
d.........
#1111111101111011
#assigned_pet=-1,-1,-1,-1,-1,-1,-1,-1,-1,-1,
#assigned_hub=8,0,6,3,7,0,2,1,4,5,
#moving_targetting_pos=-1,-1|6,6|26,6|16,6|-1,-1|19,30|6,26|6,16|-1,-1|16,26|
#setting_targetting_pos=-1,-1|-1,-1|-1,-1|-1,-1|-1,-1|19,2|-1,-1|-1,-1|-1,-1|-1,-1|
..........
#1111111101111011
#assigned_pet=-1,-1,-1,-1,-1,-1,-1,-1,-1,-1,
#assigned_hub=8,0,6,3,7,0,2,1,4,5,
#moving_targetting_pos=-1,-1|6,6|26,6|16,6|-1,-1|19,30|-1,-1|6,16|-1,-1|16,26|
#setting_targetting_pos=-1,-1|-1,-1|-1,-1|-1,-1|-1,-1|19,2|-1,-1|-1,-1|-1,-1|-1,-1|
..........
#1111111101111011
#assigned_pet=-1,-1,-1,-1,-1,-1,-1,-1,-1,-1,
#assigned_hub=8,0,6,3,7,0,2,1,4,5,
#moving_targetting_pos=-1,-1|6,6|26,6|16,6|-1,-1|19,30|6,26|6,16|-1,-1|16,26|
#setting_targetting_pos=-1,-1|-1,-1|-1,-1|-1,-1|-1,-1|19,2|-1,-1|-1,-1|-1,-1|-1,-1|
..........
#1111111101111011
#assigned_pet=-1,-1,-1,-1,-1,-1,-1,-1,-1,-1,
#assigned_hub=8,0,6,3,7,0,2,1,4,5,
#moving_targetting_pos=-1,-1|6,6|26,6|16,6|-1,-1|19,30|-1,-1|6,16|-1,-1|16,26|
#setting_targetting_pos=-1,-1|-1,-1|-1,-1|-1,-1|-1,-1|19,2|-1,-1|-1,-1|-1,-1|-1,-1|
..........
#1111111101111011
#assigned_pet=-1,-1,-1,-1,-1,-1,-1,-1,-1,-1,
#assigned_hub=8,0,6,3,7,0,2,1,4,5,
#moving_targetting_pos=-1,-1|6,6|26,6|16,6|-1,-1|19,30|6,26|6,16|-1,-1|16,26|
#setting_targetting_pos=-1,-1|-1,-1|-1,-1|-1,-1|-1,-1|19,2|-1,-1|-1,-1|-1,-1|-1,-1|
..........
#1111111101111011
#assigned_pet=-1,-1,-1,-1,-1,-1,-1,-1,-1,-1,
#assigned_hub=8,0,6,3,7,0,2,1,4,5,
#moving_targetting_pos=-1,-1|6,6|26,6|16,6|-1,-1|19,30|6,26|6,16|-1,-1|16,26|
#setting_targetting_pos=-1,-1|-1,-1|-1,-1|-1,-1|-1,-1|19,2|-1,-1|-1,-1|-1,-1|-1,-1|
..........
#1111111101111011
#assigned_pet=-1,-1,-1,-1,8,-1,-1,-1,8,-1,
#assigned_hub=8,0,6,3,7,0,2,1,4,5,
#moving_targetting_pos=26,26|6,6|26,6|16,6|-1,-1|19,30|6,26|6,16|-1,-1|16,26|
#setting_targetting_pos=-1,-1|-1,-1|-1,-1|-1,-1|24,17|19,2|-1,-1|-1,-1|18,17|-1,-1|
....U...D.
#1111111101111011
#assigned_pet=-1,-1,-1,-1,8,-1,-1,-1,8,-1,
#assigned_hub=8,0,6,3,7,0,2,1,4,5,
#moving_targetting_pos=-1,-1|6,6|26,6|16,6|-1,-1|19,30|6,26|6,16|-1,-1|16,26|
#setting_targetting_pos=-1,-1|-1,-1|-1,-1|-1,-1|24,17|19,2|-1,-1|-1,-1|18,17|-1,-1|
........D.
#1111111101111011
#assigned_pet=-1,-1,-1,-1,8,-1,-1,-1,8,-1,
#assigned_hub=8,0,6,3,7,0,2,1,4,5,
#moving_targetting_pos=26,26|6,6|26,6|16,6|-1,-1|19,30|6,26|6,16|-1,-1|16,26|
#setting_targetting_pos=-1,-1|-1,-1|-1,-1|-1,-1|24,17|19,2|-1,-1|-1,-1|18,17|-1,-1|
..........
#1111111101111011
#assigned_pet=-1,-1,-1,-1,8,-1,-1,-1,8,-1,
#assigned_hub=8,0,6,3,7,0,2,1,4,5,
#moving_targetting_pos=-1,-1|6,6|26,6|16,6|-1,-1|19,30|-1,-1|6,16|-1,-1|16,26|
#setting_targetting_pos=-1,-1|-1,-1|-1,-1|-1,-1|24,17|19,2|-1,-1|-1,-1|18,17|-1,-1|
..........
#1111111101111011
#assigned_pet=-1,-1,-1,-1,8,-1,-1,-1,8,-1,
#assigned_hub=8,0,6,3,7,0,2,1,4,5,
#moving_targetting_pos=26,26|6,6|26,6|16,6|-1,-1|19,30|-1,-1|6,16|-1,-1|16,26|
#setting_targetting_pos=-1,-1|-1,-1|-1,-1|-1,-1|24,17|19,2|-1,-1|-1,-1|18,17|-1,-1|
..........
#1111111101111011
#assigned_pet=-1,-1,-1,-1,-1,-1,-1,-1,-1,-1,
#assigned_hub=8,0,6,3,7,0,2,1,4,5,
#moving_targetting_pos=26,26|6,6|26,6|16,6|-1,-1|19,30|-1,-1|6,16|-1,-1|16,26|
#setting_targetting_pos=-1,-1|-1,-1|-1,-1|-1,-1|-1,-1|19,2|-1,-1|-1,-1|-1,-1|-1,-1|
..........
#1111111101111011
#assigned_pet=-1,-1,-1,-1,8,-1,-1,-1,8,-1,
#assigned_hub=8,0,6,3,7,0,2,1,4,5,
#moving_targetting_pos=26,26|6,6|26,6|16,6|-1,-1|19,30|-1,-1|6,16|-1,-1|16,26|
#setting_targetting_pos=-1,-1|-1,-1|-1,-1|-1,-1|24,17|19,2|-1,-1|-1,-1|18,17|-1,-1|
..........
#1111111101111011
#assigned_pet=-1,-1,-1,-1,8,-1,-1,-1,8,-1,
#assigned_hub=8,0,6,3,7,0,2,1,4,5,
#moving_targetting_pos=-1,-1|6,6|26,6|16,6|-1,-1|19,30|-1,-1|6,16|-1,-1|16,26|
#setting_targetting_pos=-1,-1|-1,-1|-1,-1|-1,-1|24,17|19,2|-1,-1|-1,-1|18,17|-1,-1|
..........
#1111111101111011
#assigned_pet=-1,-1,-1,-1,-1,-1,-1,-1,-1,-1,
#assigned_hub=8,0,6,3,7,0,2,1,4,5,
#moving_targetting_pos=26,26|6,6|26,6|-1,-1|-1,-1|19,30|6,26|6,16|-1,-1|16,26|
#setting_targetting_pos=-1,-1|-1,-1|-1,-1|-1,-1|-1,-1|19,2|-1,-1|-1,-1|-1,-1|-1,-1|
..........
#1111111101111011
#assigned_pet=-1,-1,-1,-1,-1,-1,-1,-1,-1,-1,
#assigned_hub=8,0,6,3,7,0,2,1,4,5,
#moving_targetting_pos=-1,-1|6,6|26,6|16,6|-1,-1|19,30|6,26|6,16|-1,-1|16,26|
#setting_targetting_pos=-1,-1|-1,-1|-1,-1|-1,-1|-1,-1|19,2|-1,-1|-1,-1|-1,-1|-1,-1|
..........
#1111111101111011
#assigned_pet=-1,-1,-1,-1,-1,-1,-1,-1,-1,-1,
#assigned_hub=8,0,6,3,7,0,2,1,4,5,
#moving_targetting_pos=-1,-1|6,6|26,6|16,6|26,16|19,30|6,26|6,16|-1,-1|16,26|
#setting_targetting_pos=-1,-1|-1,-1|-1,-1|-1,-1|-1,-1|19,2|-1,-1|-1,-1|-1,-1|-1,-1|
..........
#1111111101111011
#assigned_pet=-1,-1,-1,-1,-1,-1,-1,-1,-1,-1,
#assigned_hub=8,0,6,3,7,0,2,1,4,5,
#moving_targetting_pos=-1,-1|6,6|26,6|16,6|26,16|19,30|6,26|6,16|-1,-1|16,26|
#setting_targetting_pos=-1,-1|-1,-1|-1,-1|-1,-1|-1,-1|19,2|-1,-1|-1,-1|-1,-1|-1,-1|
..........
#1111111101111011
#assigned_pet=-1,-1,-1,-1,-1,-1,-1,-1,-1,-1,
#assigned_hub=8,0,6,3,7,0,2,1,4,5,
#moving_targetting_pos=-1,-1|6,6|26,6|16,6|26,16|19,30|6,26|6,16|-1,-1|16,26|
#setting_targetting_pos=-1,-1|-1,-1|-1,-1|-1,-1|-1,-1|19,2|-1,-1|-1,-1|-1,-1|-1,-1|
..........
#1111111101111011
#assigned_pet=-1,-1,-1,-1,-1,-1,-1,-1,-1,-1,
#assigned_hub=8,0,6,3,7,0,2,1,4,5,
#moving_targetting_pos=-1,-1|6,6|26,6|16,6|26,16|19,30|-1,-1|6,16|-1,-1|16,26|
#setting_targetting_pos=-1,-1|-1,-1|-1,-1|-1,-1|-1,-1|19,2|-1,-1|-1,-1|-1,-1|-1,-1|
..........
#1111111101111011
#assigned_pet=-1,-1,-1,-1,-1,-1,-1,-1,-1,-1,
#assigned_hub=8,0,6,3,7,0,2,1,4,5,
#moving_targetting_pos=26,26|6,6|26,6|16,6|-1,-1|19,30|6,26|6,16|-1,-1|16,26|
#setting_targetting_pos=-1,-1|-1,-1|-1,-1|-1,-1|-1,-1|19,2|-1,-1|-1,-1|-1,-1|-1,-1|
..........
#1111111101111011
#assigned_pet=-1,-1,-1,-1,-1,-1,-1,-1,-1,-1,
#assigned_hub=8,0,6,3,7,0,2,1,4,5,
#moving_targetting_pos=26,26|6,6|26,6|16,6|-1,-1|19,30|6,26|6,16|-1,-1|16,26|
#setting_targetting_pos=-1,-1|-1,-1|-1,-1|-1,-1|-1,-1|19,2|-1,-1|-1,-1|-1,-1|-1,-1|
..........
#1111111101111011
#assigned_pet=-1,-1,-1,-1,-1,-1,-1,-1,-1,-1,
#assigned_hub=8,0,6,3,7,0,2,1,4,5,
#moving_targetting_pos=26,26|6,6|26,6|16,6|-1,-1|19,30|6,26|6,16|-1,-1|16,26|
#setting_targetting_pos=-1,-1|-1,-1|-1,-1|-1,-1|-1,-1|19,2|-1,-1|-1,-1|-1,-1|-1,-1|
..........
#1111111101111011
#assigned_pet=-1,-1,-1,-1,-1,-1,-1,-1,-1,-1,
#assigned_hub=8,0,6,3,7,0,2,1,4,5,
#moving_targetting_pos=26,26|6,6|26,6|-1,-1|-1,-1|19,30|6,26|6,16|-1,-1|16,26|
#setting_targetting_pos=-1,-1|-1,-1|-1,-1|-1,-1|-1,-1|19,2|-1,-1|-1,-1|-1,-1|-1,-1|
..........
#1111111101111011
#assigned_pet=-1,-1,-1,-1,-1,-1,-1,-1,-1,-1,
#assigned_hub=8,0,6,3,7,0,2,1,4,5,
#moving_targetting_pos=26,26|6,6|26,6|-1,-1|-1,-1|19,30|6,26|6,16|-1,-1|16,26|
#setting_targetting_pos=-1,-1|-1,-1|-1,-1|-1,-1|-1,-1|19,2|-1,-1|-1,-1|-1,-1|-1,-1|
..........
#1111111101111011
#assigned_pet=-1,-1,-1,-1,-1,-1,-1,-1,-1,-1,
#assigned_hub=8,0,6,3,7,0,2,1,4,5,
#moving_targetting_pos=26,26|6,6|26,6|-1,-1|-1,-1|19,30|6,26|6,16|-1,-1|16,26|
#setting_targetting_pos=-1,-1|-1,-1|-1,-1|-1,-1|-1,-1|19,2|-1,-1|-1,-1|-1,-1|-1,-1|
..........
#1111111101111011
#assigned_pet=-1,-1,-1,-1,-1,-1,-1,-1,-1,-1,
#assigned_hub=8,0,6,3,7,0,2,1,4,5,
#moving_targetting_pos=26,26|6,6|26,6|-1,-1|-1,-1|19,30|6,26|6,16|-1,-1|16,26|
#setting_targetting_pos=-1,-1|-1,-1|-1,-1|-1,-1|-1,-1|19,2|-1,-1|-1,-1|-1,-1|-1,-1|
..........
#1111111101111011
#assigned_pet=-1,-1,-1,-1,-1,-1,-1,-1,-1,-1,
#assigned_hub=8,0,6,3,7,0,2,1,4,5,
#moving_targetting_pos=26,26|6,6|26,6|-1,-1|-1,-1|19,30|6,26|6,16|-1,-1|16,26|
#setting_targetting_pos=-1,-1|-1,-1|-1,-1|-1,-1|-1,-1|19,2|-1,-1|-1,-1|-1,-1|-1,-1|
..........
#1111111101111011
#assigned_pet=-1,-1,-1,-1,-1,-1,-1,-1,-1,-1,
#assigned_hub=8,0,6,3,7,0,2,1,4,5,
#moving_targetting_pos=-1,-1|6,6|26,6|-1,-1|-1,-1|19,30|6,26|6,16|-1,-1|16,26|
#setting_targetting_pos=-1,-1|-1,-1|-1,-1|-1,-1|-1,-1|19,2|-1,-1|-1,-1|-1,-1|-1,-1|
..........
#1111111101111011
#assigned_pet=-1,-1,-1,-1,-1,-1,-1,-1,-1,-1,
#assigned_hub=8,0,6,3,7,0,2,1,4,5,
#moving_targetting_pos=26,26|6,6|26,6|-1,-1|-1,-1|19,30|-1,-1|6,16|-1,-1|16,26|
#setting_targetting_pos=-1,-1|-1,-1|-1,-1|-1,-1|-1,-1|19,2|-1,-1|-1,-1|-1,-1|-1,-1|
..........
#1111111101111011
#assigned_pet=-1,-1,-1,-1,8,-1,-1,-1,8,-1,
#assigned_hub=8,0,6,3,7,0,2,1,4,5,
#moving_targetting_pos=26,26|6,6|26,6|16,6|-1,-1|19,30|-1,-1|6,16|-1,-1|16,26|
#setting_targetting_pos=-1,-1|-1,-1|-1,-1|-1,-1|24,17|19,2|-1,-1|-1,-1|18,17|-1,-1|
..........
#1111111101111011
#assigned_pet=-1,-1,-1,-1,-1,-1,-1,-1,-1,-1,
#assigned_hub=8,0,6,3,7,0,2,1,4,5,
#moving_targetting_pos=-1,-1|6,6|26,6|-1,-1|-1,-1|19,30|-1,-1|6,16|-1,-1|16,26|
#setting_targetting_pos=-1,-1|-1,-1|-1,-1|-1,-1|-1,-1|19,2|-1,-1|-1,-1|-1,-1|-1,-1|
..........
#1111111101111011
#assigned_pet=-1,-1,-1,-1,-1,-1,-1,-1,-1,-1,
#assigned_hub=8,0,6,3,7,0,2,1,4,5,
#moving_targetting_pos=26,26|6,6|26,6|-1,-1|-1,-1|19,30|-1,-1|6,16|-1,-1|16,26|
#setting_targetting_pos=-1,-1|-1,-1|-1,-1|-1,-1|-1,-1|19,2|-1,-1|-1,-1|-1,-1|-1,-1|
..........
#1111111101111011
#assigned_pet=-1,-1,-1,-1,8,-1,-1,-1,8,-1,
#assigned_hub=8,0,6,3,7,0,2,1,4,5,
#moving_targetting_pos=26,26|6,6|26,6|-1,-1|-1,-1|19,30|-1,-1|6,16|-1,-1|16,26|
#setting_targetting_pos=-1,-1|-1,-1|-1,-1|-1,-1|24,15|19,2|-1,-1|-1,-1|18,15|-1,-1|
....L...L.
#1111111101111011
#assigned_pet=-1,-1,-1,-1,8,-1,-1,-1,8,-1,
#assigned_hub=8,0,6,3,7,0,2,1,4,5,
#moving_targetting_pos=26,26|6,6|26,6|-1,-1|-1,-1|19,30|-1,-1|6,16|-1,-1|16,26|
#setting_targetting_pos=-1,-1|-1,-1|-1,-1|-1,-1|24,15|19,2|-1,-1|-1,-1|18,15|-1,-1|
....L...L.
#1111111101111011
#assigned_pet=-1,-1,-1,-1,8,-1,-1,-1,8,-1,
#assigned_hub=8,0,6,3,7,0,2,1,4,5,
#moving_targetting_pos=26,26|6,6|26,6|16,6|-1,-1|19,30|6,26|6,16|-1,-1|16,26|
#setting_targetting_pos=-1,-1|-1,-1|-1,-1|-1,-1|24,15|19,2|-1,-1|-1,-1|18,15|-1,-1|
..........
#1111111101111011
#assigned_pet=-1,-1,-1,-1,8,-1,-1,-1,8,-1,
#assigned_hub=8,0,6,3,7,0,2,1,4,5,
#moving_targetting_pos=-1,-1|6,6|26,6|16,6|-1,-1|19,30|6,26|6,16|-1,-1|16,26|
#setting_targetting_pos=-1,-1|-1,-1|-1,-1|-1,-1|24,15|19,2|-1,-1|-1,-1|18,15|-1,-1|
..........
#1111111101111011
#assigned_pet=-1,-1,-1,-1,-1,-1,-1,-1,-1,-1,
#assigned_hub=8,0,6,3,7,0,2,1,4,5,
#moving_targetting_pos=-1,-1|6,6|26,6|16,6|-1,-1|19,30|-1,-1|6,16|-1,-1|16,26|
#setting_targetting_pos=-1,-1|-1,-1|-1,-1|-1,-1|-1,-1|19,2|-1,-1|-1,-1|-1,-1|-1,-1|
..........
