#00000000000000
#assigned_pet=-1,-1,-1,-1,-1,-1,-1,-1,
#assigned_hub=0,0,0,0,0,0,0,0,
#moving_targetting_pos=9,2|12,29|2,29|15,1|25,30|5,30|19,2|22,29|
#setting_targetting_pos=9,30|12,1|2,1|15,30|25,1|5,1|19,30|22,1|
LRRLRRLR
#00000000000000
#assigned_pet=-1,-1,-1,-1,-1,-1,-1,-1,
#assigned_hub=0,0,0,0,0,0,0,0,
#moving_targetting_pos=9,2|12,29|2,29|15,1|25,30|5,30|19,2|22,29|
#setting_targetting_pos=9,30|12,1|2,1|15,30|25,1|5,1|19,30|22,1|
LRRLRRLR
#00000000000000
#assigned_pet=-1,-1,-1,-1,-1,-1,-1,-1,
#assigned_hub=0,0,0,0,0,0,0,0,
#moving_targetting_pos=9,2|12,29|2,29|15,1|25,30|5,30|19,2|22,29|
#setting_targetting_pos=9,30|12,1|2,1|15,30|25,1|5,1|19,30|22,1|
LRRLRRLR
#00000000000000
#assigned_pet=-1,-1,-1,-1,-1,-1,-1,-1,
#assigned_hub=0,0,0,0,0,0,0,0,
#moving_targetting_pos=9,2|12,29|2,29|15,1|25,30|5,30|19,2|22,29|
#setting_targetting_pos=9,30|12,1|2,1|15,30|25,1|5,1|19,30|22,1|
LRRLRRLR
#00000000000000
#assigned_pet=-1,-1,-1,-1,-1,-1,-1,-1,
#assigned_hub=0,0,0,0,0,0,0,0,
#moving_targetting_pos=9,2|12,29|2,29|15,1|25,30|5,30|19,2|22,29|
#setting_targetting_pos=9,30|12,1|2,1|15,30|25,1|5,1|19,30|22,1|
LRRLRRLD
#00000000000000
#assigned_pet=-1,-1,-1,-1,-1,-1,-1,-1,
#assigned_hub=0,0,0,0,0,0,0,0,
#moving_targetting_pos=9,2|12,29|2,29|15,1|25,30|5,30|19,2|22,29|
#setting_targetting_pos=9,30|12,1|2,1|15,30|25,1|5,1|19,30|22,1|
LRRLRRLr
#00000000000000
#assigned_pet=-1,-1,-1,-1,-1,-1,-1,-1,
#assigned_hub=0,0,0,0,0,0,0,0,
#moving_targetting_pos=9,2|12,29|2,29|15,1|25,30|5,30|19,2|22,29|
#setting_targetting_pos=9,30|12,1|2,1|15,30|25,1|5,1|19,30|22,1|
LRRLRRLd
#00000000000000
#assigned_pet=-1,-1,-1,-1,-1,-1,-1,-1,
#assigned_hub=0,0,0,0,0,0,0,0,
#moving_targetting_pos=9,2|12,29|2,29|15,1|25,30|5,30|19,2|22,29|
#setting_targetting_pos=9,30|12,1|2,1|15,30|25,1|5,1|19,30|22,1|
LRRLRRLL
#00000000000000
#assigned_pet=-1,-1,-1,-1,-1,-1,-1,-1,
#assigned_hub=0,0,0,0,0,0,0,0,
#moving_targetting_pos=9,2|12,29|2,29|15,1|25,30|5,30|19,2|22,29|
#setting_targetting_pos=9,30|12,1|2,1|15,30|25,1|5,1|19,30|22,1|
LRRLRRLL
#00000000000000
#assigned_pet=-1,-1,-1,-1,-1,-1,-1,-1,
#assigned_hub=0,0,0,0,0,0,0,0,
#moving_targetting_pos=9,2|12,29|2,29|15,1|25,30|5,30|19,2|22,29|
#setting_targetting_pos=9,30|12,1|2,1|15,30|25,1|5,1|19,30|22,1|
LRULRRLL
#00000000000000
#assigned_pet=-1,-1,-1,-1,-1,-1,-1,-1,
#assigned_hub=0,0,0,0,0,0,0,0,
#moving_targetting_pos=9,2|12,29|2,29|15,1|25,30|5,30|19,2|22,29|
#setting_targetting_pos=9,30|12,1|2,1|15,30|25,1|5,1|19,30|22,1|
DRULRRDd
#00000000000000
#assigned_pet=-1,-1,-1,-1,-1,-1,-1,-1,
#assigned_hub=0,0,0,0,0,0,0,0,
#moving_targetting_pos=9,2|12,29|2,29|15,1|25,30|5,30|19,2|22,29|
#setting_targetting_pos=9,30|12,1|2,1|15,30|25,1|5,1|19,30|22,1|
DRrLRRDu
#00000000000000
#assigned_pet=-1,-1,-1,-1,-1,-1,-1,-1,
#assigned_hub=0,0,0,0,0,0,0,0,
#moving_targetting_pos=9,2|12,29|2,29|15,1|25,30|5,30|19,2|22,29|
#setting_targetting_pos=9,30|12,1|2,1|15,30|25,1|5,1|19,30|22,1|
dRdDRDDL
#00000000000000
#assigned_pet=-1,-1,-1,-1,-1,-1,-1,-1,
#assigned_hub=0,0,0,0,0,0,0,0,
#moving_targetting_pos=9,2|12,29|2,29|15,1|25,30|5,30|19,2|22,29|
#setting_targetting_pos=9,30|12,1|2,1|15,30|25,1|5,1|19,30|22,1|
RULDRdRr
#00000000000000
#assigned_pet=-1,-1,-1,-1,-1,-1,-1,-1,
#assigned_hub=0,0,0,0,0,0,0,0,
#moving_targetting_pos=9,2|12,29|2,29|15,1|25,30|5,30|19,2|22,29|
#setting_targetting_pos=9,30|12,1|2,1|15,30|25,1|5,1|19,30|22,1|
RrLDULDL
#00000000000000
#assigned_pet=-1,-1,-1,-1,-1,-1,-1,-1,
#assigned_hub=0,0,0,0,0,0,0,0,
#moving_targetting_pos=9,2|12,29|2,29|15,1|25,30|5,30|19,2|22,29|
#setting_targetting_pos=9,30|12,1|2,1|15,30|25,1|5,1|19,30|22,1|
.dLdddDL
#00000000000000
#assigned_pet=-1,-1,-1,-1,-1,-1,-1,-1,
#assigned_hub=0,0,0,0,0,0,0,0,
#moving_targetting_pos=9,2|12,29|2,29|15,1|25,30|5,30|19,2|22,29|
#setting_targetting_pos=9,30|12,1|2,1|15,30|25,1|5,1|19,30|22,1|
.LdRLLDd
#00000000000000
#assigned_pet=-1,-1,-1,-1,-1,-1,-1,-1,
#assigned_hub=0,0,0,0,0,0,0,0,
#moving_targetting_pos=9,2|12,29|2,29|15,1|25,30|5,30|19,2|22,29|
#setting_targetting_pos=9,30|12,1|2,1|15,30|25,1|5,1|19,30|22,1|
.LudduDL
#00000000000000
#assigned_pet=-1,-1,-1,-1,-1,-1,-1,-1,
#assigned_hub=0,0,0,0,0,0,0,0,
#moving_targetting_pos=9,2|12,29|2,29|15,1|25,30|5,30|19,2|22,29|
#setting_targetting_pos=9,30|12,1|2,1|15,30|25,1|5,1|19,30|22,1|
lLLRLLDL
#00000000000000
#assigned_pet=-1,-1,-1,-1,-1,-1,-1,-1,
#assigned_hub=0,0,0,0,0,0,0,0,
#moving_targetting_pos=9,2|12,29|2,29|15,1|25,30|5,30|19,2|22,29|
#setting_targetting_pos=9,30|12,1|2,1|15,30|25,1|5,1|19,30|22,1|
udrduLDr
#00000000000000
#assigned_pet=-1,-1,-1,-1,-1,-1,-1,-1,
#assigned_hub=0,0,0,0,0,0,0,0,
#moving_targetting_pos=9,2|12,29|2,29|15,1|25,30|5,30|19,2|22,29|
#setting_targetting_pos=9,30|12,1|2,1|15,30|25,1|5,1|19,30|22,1|
R.LRLLR.
#00000000000000
#assigned_pet=-1,-1,-1,-1,-1,-1,-1,-1,
#assigned_hub=0,0,0,0,0,0,0,0,
#moving_targetting_pos=9,2|12,29|2,29|15,1|25,30|5,30|19,2|22,29|
#setting_targetting_pos=9,30|12,1|2,1|15,30|25,1|5,1|19,30|22,1|
R.L.LLD.
#00000000000000
#assigned_pet=-1,-1,-1,-1,-1,-1,-1,-1,
#assigned_hub=0,0,0,0,0,0,0,0,
#moving_targetting_pos=9,2|12,29|2,29|15,1|25,30|5,30|19,2|22,29|
#setting_targetting_pos=9,30|12,1|2,1|15,30|25,1|5,1|19,30|22,1|
d.d.LuD.
#00000000000000
#assigned_pet=-1,-1,-1,-1,-1,-1,-1,-1,
#assigned_hub=0,0,0,0,0,0,0,0,
#moving_targetting_pos=9,2|12,29|2,29|15,1|25,30|5,30|19,2|22,29|
#setting_targetting_pos=9,30|12,1|2,1|15,30|25,1|5,1|19,30|22,1|
R.L.LLD.
#00000000000000
#assigned_pet=-1,-1,-1,-1,-1,-1,-1,-1,
#assigned_hub=0,0,0,0,0,0,0,0,
#moving_targetting_pos=9,2|12,29|2,29|15,1|25,30|5,30|19,2|22,29|
#setting_targetting_pos=9,30|12,1|2,1|15,30|25,1|5,1|19,30|22,1|
l.LuudDu
#00000000000000
#assigned_pet=-1,-1,-1,-1,-1,-1,-1,-1,
#assigned_hub=0,0,0,0,0,0,0,0,
#moving_targetting_pos=9,2|12,29|2,29|15,1|25,30|5,30|19,2|22,29|
#setting_targetting_pos=9,30|12,1|2,1|15,30|25,1|5,1|19,30|22,1|
R.rRLLLL
#00000000000000
#assigned_pet=-1,-1,-1,-1,-1,-1,-1,-1,
#assigned_hub=0,0,0,0,0,0,0,0,
#moving_targetting_pos=9,2|12,29|2,29|15,1|25,30|5,30|19,2|22,29|
#setting_targetting_pos=9,30|12,1|2,1|15,30|25,1|5,1|19,30|22,1|
u.uRddLL
#00000000000000
#assigned_pet=-1,-1,-1,-1,-1,-1,-1,-1,
#assigned_hub=0,0,0,0,0,0,0,0,
#moving_targetting_pos=9,2|12,29|2,29|15,1|25,30|5,30|19,2|22,29|
#setting_targetting_pos=9,30|12,1|2,1|15,30|25,1|5,1|19,30|22,1|
RuLRLLDr
#00000000000000
#assigned_pet=-1,-1,-1,-1,-1,-1,-1,-1,
#assigned_hub=0,0,0,0,0,0,0,0,
#moving_targetting_pos=9,2|12,29|2,29|15,1|25,30|5,30|19,2|22,29|
#setting_targetting_pos=9,30|12,1|2,1|15,30|25,1|5,1|19,30|22,1|
RLLRddDd
#00000000000000
#assigned_pet=-1,-1,-1,-1,-1,-1,-1,-1,
#assigned_hub=0,0,0,0,0,0,0,0,
#moving_targetting_pos=9,2|12,29|2,29|15,1|25,30|5,30|19,2|22,29|
#setting_targetting_pos=9,30|12,1|2,1|15,30|25,1|5,1|19,30|22,1|
l.ruLLdL
#00000000000000
#assigned_pet=-1,-1,-1,-1,-1,-1,-1,-1,
#assigned_hub=0,0,0,0,0,0,0,0,
#moving_targetting_pos=9,2|12,29|2,29|15,1|25,30|5,30|19,2|22,29|
#setting_targetting_pos=9,30|12,1|2,1|15,30|25,1|5,1|19,30|22,1|
drdRddRL
#00000000000000
#assigned_pet=-1,-1,-1,-1,-1,-1,-1,-1,
#assigned_hub=0,0,0,0,0,0,0,0,
#moving_targetting_pos=9,2|12,29|2,29|15,1|25,30|5,30|19,2|22,29|
#setting_targetting_pos=9,30|12,1|2,1|15,30|25,1|5,1|19,30|22,1|
RLLdLLRL
#00000000000000
#assigned_pet=-1,-1,-1,-1,-1,-1,-1,-1,
#assigned_hub=0,0,0,0,0,0,0,0,
#moving_targetting_pos=9,2|12,29|2,29|15,1|25,30|5,30|19,2|22,29|
#setting_targetting_pos=9,30|12,1|2,1|15,30|25,1|5,1|19,30|22,1|
RLLRddld
#00000000000000
#assigned_pet=-1,-1,-1,-1,-1,-1,-1,-1,
#assigned_hub=0,0,0,0,0,0,0,0,
#moving_targetting_pos=9,2|12,29|2,29|15,1|25,30|5,30|19,2|22,29|
#setting_targetting_pos=9,30|12,1|2,1|15,30|25,1|5,1|19,30|22,1|
d.LdLLuu
#00000000000000
#assigned_pet=-1,-1,-1,-1,-1,-1,-1,-1,
#assigned_hub=0,0,0,0,0,0,0,0,
#moving_targetting_pos=9,2|12,29|2,29|15,1|25,30|5,30|19,2|22,29|
#setting_targetting_pos=9,30|12,1|2,1|15,30|25,1|5,1|19,30|22,1|
RddRduRL
#00000000000000
#assigned_pet=-1,-1,-1,-1,-1,-1,-1,-1,
#assigned_hub=0,0,0,0,0,0,0,0,
#moving_targetting_pos=9,2|12,29|2,29|15,1|25,30|5,30|19,2|22,29|
#setting_targetting_pos=9,30|12,1|2,1|15,30|25,1|5,1|19,30|22,1|
RL.dLLRr
#00000000000000
#assigned_pet=-1,-1,-1,-1,-1,-1,-1,-1,
#assigned_hub=0,0,0,0,0,0,0,0,
#moving_targetting_pos=9,2|12,29|2,29|15,1|25,30|5,30|19,2|22,29|
#setting_targetting_pos=9,30|12,1|2,1|15,30|25,1|5,1|19,30|22,1|
lL.RuLdL
#00000000000000
#assigned_pet=-1,-1,-1,-1,-1,-1,-1,-1,
#assigned_hub=0,0,0,0,0,0,0,0,
#moving_targetting_pos=9,2|12,29|2,29|15,1|25,30|5,30|19,2|22,29|
#setting_targetting_pos=9,30|12,1|2,1|15,30|25,1|5,1|19,30|22,1|
ur.dLLRL
#00000000000000
#assigned_pet=-1,-1,-1,-1,-1,-1,-1,-1,
#assigned_hub=0,0,0,0,0,0,0,0,
#moving_targetting_pos=9,2|12,29|2,29|15,1|25,30|5,30|19,2|22,29|
#setting_targetting_pos=9,30|12,1|2,1|15,30|25,1|5,1|19,30|22,1|
Ru.RLLld
#00000000000000
#assigned_pet=-1,-1,-1,-1,-1,-1,-1,-1,
#assigned_hub=0,0,0,0,0,0,0,0,
#moving_targetting_pos=9,2|12,29|2,29|15,1|25,30|5,30|19,2|22,29|
#setting_targetting_pos=9,30|12,1|2,1|15,30|25,1|5,1|19,30|22,1|
RLudLuRL
#00000000000000
#assigned_pet=-1,-1,-1,-1,-1,-1,-1,-1,
#assigned_hub=0,0,0,0,0,0,0,0,
#moving_targetting_pos=9,2|12,29|2,29|15,1|25,30|5,30|19,2|22,29|
#setting_targetting_pos=9,30|12,1|2,1|15,30|25,1|5,1|19,30|22,1|
dLLRLLuL
#00000000000000
#assigned_pet=-1,-1,-1,-1,-1,-1,-1,-1,
#assigned_hub=0,0,0,0,0,0,0,0,
#moving_targetting_pos=9,2|12,29|2,29|15,1|25,30|5,30|19,2|22,29|
#setting_targetting_pos=9,30|12,1|2,1|15,30|25,1|5,1|19,30|22,1|
RrruudRr
#00000000000000
#assigned_pet=-1,-1,-1,-1,-1,-1,-1,-1,
#assigned_hub=0,0,0,0,0,0,0,0,
#moving_targetting_pos=9,2|12,29|2,29|15,1|25,30|5,30|19,2|22,29|
#setting_targetting_pos=9,30|12,1|2,1|15,30|25,1|5,1|19,30|22,1|
ldLRLLRu
#00000000000000
#assigned_pet=-1,-1,-1,-1,-1,-1,-1,-1,
#assigned_hub=0,0,0,0,0,0,0,0,
#moving_targetting_pos=9,2|12,29|2,29|15,1|25,30|5,30|19,2|22,29|
#setting_targetting_pos=9,30|12,1|2,1|15,30|25,1|5,1|19,30|22,1|
RLLRdddL
#00000000000000
#assigned_pet=-1,-1,-1,-1,-1,-1,-1,-1,
#assigned_hub=0,0,0,0,0,0,0,0,
#moving_targetting_pos=9,2|12,29|2,29|15,1|25,30|5,30|19,2|22,29|
#setting_targetting_pos=9,30|12,1|2,1|15,30|25,1|5,1|19,30|22,1|
uLdRLLlL
#00000000000000
#assigned_pet=-1,-1,-1,-1,-1,-1,-1,-1,
#assigned_hub=0,0,0,0,0,0,0,0,
#moving_targetting_pos=9,2|12,29|2,29|15,1|25,30|5,30|19,2|22,29|
#setting_targetting_pos=9,30|12,1|2,1|15,30|25,1|5,1|19,30|22,1|
RLLRddRr
#00000000000000
#assigned_pet=-1,-1,-1,-1,-1,-1,-1,-1,
#assigned_hub=0,0,0,0,0,0,0,0,
#moving_targetting_pos=9,2|12,29|2,29|15,1|25,30|5,30|19,2|22,29|
#setting_targetting_pos=9,30|12,1|2,1|15,30|25,1|5,1|19,30|22,1|
RdLuLLRd
#00000000000000
#assigned_pet=-1,-1,-1,-1,-1,-1,-1,-1,
#assigned_hub=0,0,0,0,0,0,0,0,
#moving_targetting_pos=9,2|12,29|2,29|15,1|25,30|5,30|19,2|22,29|
#setting_targetting_pos=9,30|12,1|2,1|15,30|25,1|5,1|19,30|22,1|
lurRdddL
#00000000000000
#assigned_pet=-1,-1,-1,-1,-1,-1,-1,-1,
#assigned_hub=0,0,0,0,0,0,0,0,
#moving_targetting_pos=9,2|12,29|2,29|15,1|25,30|5,30|19,2|22,29|
#setting_targetting_pos=9,30|12,1|2,1|15,30|25,1|5,1|19,30|22,1|
dLudLLRL
#00000000000000
#assigned_pet=-1,-1,-1,-1,-1,-1,-1,-1,
#assigned_hub=0,0,0,0,0,0,0,0,
#moving_targetting_pos=9,2|12,29|2,29|15,1|25,30|5,30|19,2|22,29|
#setting_targetting_pos=9,30|12,1|2,1|15,30|25,1|5,1|19,30|22,1|
RrLRddRL
#00000000000000
#assigned_pet=-1,-1,-1,-1,-1,-1,-1,-1,
#assigned_hub=0,0,0,0,0,0,0,0,
#moving_targetting_pos=9,2|12,29|2,29|15,1|25,30|5,30|19,2|22,29|
#setting_targetting_pos=9,30|12,1|2,1|15,30|25,1|5,1|19,30|22,1|
RLLdLLld
#00000000000000
#assigned_pet=-1,-1,-1,-1,-1,-1,-1,-1,
#assigned_hub=0,0,0,0,0,0,0,0,
#moving_targetting_pos=9,2|12,29|2,29|15,1|25,30|5,30|19,2|22,29|
#setting_targetting_pos=9,30|12,1|2,1|15,30|25,1|5,1|19,30|22,1|
dLrRduuu
#00000000000000
#assigned_pet=-1,-1,-1,-1,-1,-1,-1,-1,
#assigned_hub=0,0,0,0,0,0,0,0,
#moving_targetting_pos=9,2|12,29|2,29|15,1|25,30|5,30|19,2|22,29|
#setting_targetting_pos=9,30|12,1|2,1|15,30|25,1|5,1|19,30|22,1|
Rdd.LLRL
#00000000000000
#assigned_pet=-1,-1,-1,-1,-1,-1,-1,-1,
#assigned_hub=0,0,0,0,0,0,0,0,
#moving_targetting_pos=9,2|12,29|2,29|15,1|25,30|5,30|19,2|22,29|
#setting_targetting_pos=9,30|12,1|2,1|15,30|25,1|5,1|19,30|22,1|
RLL.uLRr
#00000000000000
#assigned_pet=-1,-1,-1,-1,-1,-1,-1,-1,
#assigned_hub=0,0,0,0,0,0,0,0,
#moving_targetting_pos=9,2|12,29|2,29|15,1|25,30|5,30|19,2|22,29|
#setting_targetting_pos=9,30|12,1|2,1|15,30|25,1|5,1|19,30|22,1|
lLL.LLdL
#00000000000000
#assigned_pet=-1,-1,-1,-1,-1,-1,-1,-1,
#assigned_hub=0,0,0,0,0,0,0,0,
#moving_targetting_pos=9,2|12,29|2,29|15,1|25,30|5,30|19,2|22,29|
#setting_targetting_pos=9,30|12,1|2,1|15,30|25,1|5,1|19,30|22,1|
urL.LLRL
#00000000000000
#assigned_pet=-1,-1,-1,-1,-1,-1,-1,-1,
#assigned_hub=0,0,0,0,0,0,0,0,
#moving_targetting_pos=9,2|12,29|2,29|15,1|25,30|5,30|19,2|22,29|
#setting_targetting_pos=9,30|12,1|2,1|15,30|25,1|5,1|19,30|22,1|
R.d.Luld
#00000000000000
#assigned_pet=-1,-1,-1,-1,-1,-1,-1,-1,
#assigned_hub=0,0,0,0,0,0,0,0,
#moving_targetting_pos=9,2|12,29|2,29|15,1|25,30|5,30|19,2|22,29|
#setting_targetting_pos=9,30|12,1|2,1|15,30|25,1|5,1|19,30|22,1|
R.u.LLRL
#00000000000000
#assigned_pet=-1,-1,-1,-1,-1,-1,-1,-1,
#assigned_hub=0,0,0,0,0,0,0,0,
#moving_targetting_pos=9,2|12,29|2,29|15,1|25,30|5,30|19,2|22,29|
#setting_targetting_pos=9,30|12,1|2,1|15,30|25,1|5,1|19,30|22,1|
d.LduduL
#00000000000000
#assigned_pet=-1,-1,-1,-1,-1,-1,-1,-1,
#assigned_hub=0,0,0,0,0,0,0,0,
#moving_targetting_pos=9,2|12,29|2,29|15,1|25,30|5,30|19,2|22,29|
#setting_targetting_pos=9,30|12,1|2,1|15,30|25,1|5,1|19,30|22,1|
RurRLLRr
#00000000000000
#assigned_pet=-1,-1,-1,-1,-1,-1,-1,-1,
#assigned_hub=0,0,0,0,0,0,0,0,
#moving_targetting_pos=9,2|12,29|2,29|15,1|25,30|5,30|19,2|22,29|
#setting_targetting_pos=9,30|12,1|2,1|15,30|25,1|5,1|19,30|22,1|
lLLdddRu
#00000000000000
#assigned_pet=-1,-1,-1,-1,-1,-1,-1,-1,
#assigned_hub=0,0,0,0,0,0,0,0,
#moving_targetting_pos=9,2|12,29|2,29|15,1|25,30|5,30|19,2|29,2|
#setting_targetting_pos=9,30|12,1|2,1|15,30|25,1|5,1|19,30|29,30|
RLLRLLlD
#00000000000000
#assigned_pet=-1,-1,-1,-1,-1,-1,-1,-1,
#assigned_hub=0,0,0,0,0,0,0,0,
#moving_targetting_pos=9,2|12,29|2,29|15,1|25,30|5,30|19,2|29,2|
#setting_targetting_pos=9,30|12,1|2,1|15,30|25,1|5,1|19,30|29,30|
urdddddR
#00000000000000
#assigned_pet=-1,-1,-1,-1,-1,-1,-1,-1,
#assigned_hub=0,0,0,0,0,0,0,0,
#moving_targetting_pos=9,2|12,29|2,29|15,1|25,30|6,6|19,2|29,2|
#setting_targetting_pos=9,30|12,1|2,1|15,30|25,1|5,1|19,30|29,30|
RdLRLRRL
#00000000000000
#assigned_pet=-1,-1,-1,-1,-1,-1,-1,-1,
#assigned_hub=0,0,0,0,0,0,0,0,
#moving_targetting_pos=9,2|12,29|2,29|15,1|25,30|6,6|19,2|29,2|
#setting_targetting_pos=9,30|12,1|2,1|15,30|25,1|-1,-1|19,30|29,30|
RLLudRRD
#00000000000000
#assigned_pet=-1,-1,-1,-1,-1,-1,-1,-1,
#assigned_hub=0,0,0,0,6,0,0,0,
#moving_targetting_pos=9,2|12,29|2,29|15,1|26,6|6,6|19,2|29,2|
#setting_targetting_pos=9,30|12,1|2,1|15,30|25,1|-1,-1|19,30|29,30|
lLrRRR.R
#00000000000000
#assigned_pet=-1,-1,-1,-1,-1,-1,-1,-1,
#assigned_hub=0,0,0,0,6,0,0,0,
#moving_targetting_pos=9,2|12,29|2,29|15,1|26,6|6,6|19,2|29,2|
#setting_targetting_pos=9,30|12,1|2,1|15,30|-1,-1|-1,-1|19,30|29,30|
dLuRRR.R
#00000000000000
#assigned_pet=-1,-1,-1,-1,-1,4,-1,-1,
#assigned_hub=2,0,1,0,6,0,0,0,
#moving_targetting_pos=6,26|12,29|6,16|15,1|26,6|-1,-1|19,2|29,2|
#setting_targetting_pos=9,30|12,1|2,1|15,30|-1,-1|4,7|19,30|29,30|
UdDRRRdD
#00000000000000
#assigned_pet=-1,-1,-1,-1,-1,4,-1,-1,
#assigned_hub=2,0,1,0,6,0,0,0,
#moving_targetting_pos=6,26|12,29|6,16|15,1|26,6|-1,-1|19,2|29,2|
#setting_targetting_pos=-1,-1|12,1|-1,-1|15,30|-1,-1|4,7|19,30|29,30|
LuRRRRRR
#00001000000000
#assigned_pet=-1,-1,-1,-1,-1,4,-1,-1,
#assigned_hub=2,0,1,0,6,0,0,0,
#moving_targetting_pos=6,26|12,29|6,16|15,1|-1,-1|-1,-1|19,2|29,2|
#setting_targetting_pos=-1,-1|12,1|-1,-1|15,30|-1,-1|4,7|19,30|29,30|
ULDu.uRD
#00001000000000
#assigned_pet=-1,-1,-1,-1,-1,-1,-1,-1,
#assigned_hub=2,0,1,0,6,0,0,0,
#moving_targetting_pos=6,26|12,29|6,16|15,1|-1,-1|-1,-1|19,2|29,2|
#setting_targetting_pos=-1,-1|12,1|-1,-1|15,30|-1,-1|-1,-1|19,30|29,30|
LrRR...D
#00001000000000
#assigned_pet=-1,-1,-1,-1,-1,-1,-1,-1,
#assigned_hub=2,0,1,0,6,0,0,0,
#moving_targetting_pos=6,26|12,29|6,16|15,1|-1,-1|-1,-1|19,2|29,2|
#setting_targetting_pos=-1,-1|12,1|-1,-1|15,30|-1,-1|-1,-1|19,30|29,30|
LLDd..lL
#00001000000000
#assigned_pet=11,-1,-1,-1,-1,-1,-1,-1,
#assigned_hub=2,0,1,0,6,0,0,0,
#moving_targetting_pos=-1,-1|12,29|6,16|15,1|-1,-1|-1,-1|19,2|29,2|
#setting_targetting_pos=4,25|12,1|-1,-1|15,30|-1,-1|-1,-1|19,30|29,30|
LLRR..uL
#00001000000000
#assigned_pet=-1,-1,-1,-1,-1,-1,-1,-1,
#assigned_hub=2,0,1,0,6,0,0,0,
#moving_targetting_pos=-1,-1|12,29|6,16|15,1|-1,-1|-1,-1|19,2|29,2|
#setting_targetting_pos=-1,-1|12,1|-1,-1|15,30|-1,-1|-1,-1|19,30|29,30|
.dRd..RD
#00001000000000
#assigned_pet=-1,-1,-1,-1,-1,-1,-1,-1,
#assigned_hub=2,0,1,5,6,0,0,0,
#moving_targetting_pos=-1,-1|12,29|6,16|16,26|-1,-1|-1,-1|19,2|29,2|
#setting_targetting_pos=-1,-1|12,1|-1,-1|15,30|-1,-1|-1,-1|19,30|29,30|
.LRL..RD
#00001000000000
#assigned_pet=-1,-1,-1,-1,-1,-1,-1,-1,
#assigned_hub=2,0,1,5,6,0,0,0,
#moving_targetting_pos=-1,-1|12,29|6,16|16,26|-1,-1|-1,-1|19,2|29,2|
#setting_targetting_pos=-1,-1|12,1|-1,-1|-1,-1|-1,-1|-1,-1|19,30|29,30|
.LRL..dd
#00001000000000
#assigned_pet=11,-1,-1,-1,-1,-1,-1,-1,
#assigned_hub=2,0,1,5,6,0,0,0,
#moving_targetting_pos=-1,-1|12,29|6,16|16,26|-1,-1|-1,-1|19,2|29,2|
#setting_targetting_pos=4,27|12,1|-1,-1|-1,-1|-1,-1|-1,-1|19,30|29,30|
RrRL..RR
#00001000000000
#assigned_pet=11,-1,-1,-1,-1,-1,-1,-1,
#assigned_hub=2,0,1,5,6,0,0,0,
#moving_targetting_pos=-1,-1|12,29|6,16|-1,-1|-1,-1|-1,-1|19,2|29,2|
#setting_targetting_pos=4,27|12,1|-1,-1|-1,-1|-1,-1|-1,-1|19,30|29,30|
UuR...lR
#00001000000000
#assigned_pet=11,-1,-1,-1,-1,-1,-1,-1,
#assigned_hub=2,3,1,5,6,0,0,0,
#moving_targetting_pos=-1,-1|16,6|6,16|-1,-1|-1,-1|-1,-1|19,2|29,2|
#setting_targetting_pos=4,27|12,1|-1,-1|-1,-1|-1,-1|-1,-1|19,30|29,30|
UDR...Rl
#00001000000100
#assigned_pet=11,-1,-1,-1,13,-1,-1,-1,
#assigned_hub=2,3,1,5,6,0,0,0,
#moving_targetting_pos=-1,-1|16,6|6,16|-1,-1|-1,-1|-1,-1|19,2|29,2|
#setting_targetting_pos=4,27|-1,-1|-1,-1|-1,-1|28,7|-1,-1|19,30|29,30|
uRR.R.uu
#00001000000100
#assigned_pet=-1,-1,-1,-1,13,-1,-1,-1,
#assigned_hub=2,3,1,5,6,0,0,0,
#moving_targetting_pos=-1,-1|16,6|6,16|-1,-1|-1,-1|-1,-1|19,2|29,2|
#setting_targetting_pos=-1,-1|-1,-1|-1,-1|-1,-1|28,7|-1,-1|19,30|29,30|
.DR.R.RR
#00001000000100
#assigned_pet=-1,-1,-1,-1,13,-1,-1,-1,
#assigned_hub=2,3,1,5,6,0,0,0,
#moving_targetting_pos=-1,-1|16,6|6,16|-1,-1|-1,-1|-1,-1|19,2|29,2|
#setting_targetting_pos=-1,-1|-1,-1|-1,-1|-1,-1|28,7|-1,-1|19,30|29,30|
.RR.D.RR
#00001000000100
#assigned_pet=-1,-1,-1,-1,13,-1,-1,-1,
#assigned_hub=2,3,1,5,6,0,0,0,
#moving_targetting_pos=-1,-1|16,6|6,16|-1,-1|-1,-1|-1,-1|19,2|29,2|
#setting_targetting_pos=-1,-1|-1,-1|-1,-1|-1,-1|28,5|-1,-1|19,30|29,30|
.DR.L.l.
#00001000000100
#assigned_pet=-1,-1,-1,-1,-1,-1,-1,-1,
#assigned_hub=2,3,1,5,6,0,0,0,
#moving_targetting_pos=-1,-1|16,6|6,16|-1,-1|-1,-1|-1,-1|19,2|29,2|
#setting_targetting_pos=-1,-1|-1,-1|-1,-1|-1,-1|-1,-1|-1,-1|19,30|29,30|
.RR...dd
#00001000000100
#assigned_pet=-1,-1,-1,-1,-1,-1,-1,-1,
#assigned_hub=2,3,1,5,6,0,8,0,
#moving_targetting_pos=-1,-1|16,6|-1,-1|-1,-1|-1,-1|-1,-1|26,26|29,2|
#setting_targetting_pos=-1,-1|-1,-1|-1,-1|-1,-1|-1,-1|-1,-1|19,30|29,30|
.R....UR
#00001000000100
#assigned_pet=-1,0,-1,-1,-1,0,-1,-1,
#assigned_hub=2,3,1,5,6,0,8,0,
#moving_targetting_pos=-1,-1|-1,-1|-1,-1|-1,-1|-1,-1|-1,-1|26,26|29,2|
#setting_targetting_pos=-1,-1|14,7|-1,-1|-1,-1|-1,-1|8,7|-1,-1|29,30|
.R...DLl
#00001000000100
#assigned_pet=-1,0,-1,-1,-1,0,-1,-1,
#assigned_hub=2,3,1,5,6,0,8,0,
#moving_targetting_pos=-1,-1|-1,-1|-1,-1|-1,-1|-1,-1|-1,-1|26,26|29,2|
#setting_targetting_pos=-1,-1|14,7|-1,-1|-1,-1|-1,-1|8,7|-1,-1|29,30|
.R...DUR
#00001000000100
#assigned_pet=-1,0,-1,-1,-1,0,-1,-1,
#assigned_hub=2,3,1,5,6,0,8,0,
#moving_targetting_pos=-1,-1|-1,-1|-1,-1|-1,-1|-1,-1|-1,-1|26,26|29,2|
#setting_targetting_pos=-1,-1|14,7|-1,-1|-1,-1|-1,-1|8,7|-1,-1|29,30|
......L.
#00001000000100
#assigned_pet=-1,6,-1,-1,-1,6,-1,-1,
#assigned_hub=2,3,1,5,6,0,8,0,
#moving_targetting_pos=-1,-1|-1,-1|-1,-1|-1,-1|-1,-1|-1,-1|26,26|29,2|
#setting_targetting_pos=-1,-1|14,7|-1,-1|-1,-1|-1,-1|8,7|-1,-1|29,30|
......Lu
#00001000000100
#assigned_pet=-1,6,-1,-1,-1,6,-1,-1,
#assigned_hub=2,3,1,5,6,0,8,0,
#moving_targetting_pos=-1,-1|-1,-1|-1,-1|-1,-1|-1,-1|-1,-1|26,26|29,2|
#setting_targetting_pos=-1,-1|14,7|-1,-1|-1,-1|-1,-1|8,7|-1,-1|29,30|
......DR
#00001010100100
#assigned_pet=-1,6,-1,-1,-1,6,-1,-1,
#assigned_hub=4,3,1,5,6,0,8,0,
#moving_targetting_pos=16,16|-1,-1|-1,-1|-1,-1|-1,-1|-1,-1|26,26|29,2|
#setting_targetting_pos=-1,-1|14,7|-1,-1|-1,-1|-1,-1|8,7|-1,-1|29,30|
Lu...dDR
#00001010100100
#assigned_pet=-1,-1,-1,-1,-1,-1,-1,-1,
#assigned_hub=4,3,1,5,6,0,8,0,
#moving_targetting_pos=16,16|-1,-1|-1,-1|-1,-1|-1,-1|-1,-1|26,26|29,2|
#setting_targetting_pos=-1,-1|-1,-1|-1,-1|-1,-1|-1,-1|-1,-1|-1,-1|29,30|
L.....Dl
#00001010100100
#assigned_pet=-1,-1,-1,-1,-1,-1,-1,-1,
#assigned_hub=4,3,1,5,6,0,8,0,
#moving_targetting_pos=16,16|-1,-1|-1,-1|-1,-1|-1,-1|-1,-1|26,26|29,2|
#setting_targetting_pos=-1,-1|-1,-1|-1,-1|-1,-1|-1,-1|-1,-1|-1,-1|29,30|
L.....Dd
#00001010100100
#assigned_pet=-1,-1,-1,-1,-1,-1,-1,-1,
#assigned_hub=4,3,1,5,6,0,8,0,
#moving_targetting_pos=16,16|-1,-1|-1,-1|-1,-1|-1,-1|-1,-1|26,26|29,2|
#setting_targetting_pos=-1,-1|-1,-1|-1,-1|-1,-1|-1,-1|-1,-1|-1,-1|29,30|
L.....DR
#00001010100100
#assigned_pet=-1,-1,-1,-1,-1,-1,-1,-1,
#assigned_hub=4,3,1,5,6,0,8,0,
#moving_targetting_pos=16,16|-1,-1|-1,-1|-1,-1|-1,-1|-1,-1|26,26|29,2|
#setting_targetting_pos=-1,-1|-1,-1|-1,-1|-1,-1|-1,-1|-1,-1|-1,-1|29,30|
L.....DR
#00001010100100
#assigned_pet=-1,-1,-1,-1,-1,-1,-1,-1,
#assigned_hub=4,3,1,5,6,0,8,0,
#moving_targetting_pos=16,16|-1,-1|-1,-1|-1,-1|-1,-1|-1,-1|26,26|29,2|
#setting_targetting_pos=-1,-1|-1,-1|-1,-1|-1,-1|-1,-1|-1,-1|-1,-1|29,30|
L.....D.
#00001010100100
#assigned_pet=-1,-1,-1,-1,-1,-1,-1,-1,
#assigned_hub=4,3,1,5,6,0,8,0,
#moving_targetting_pos=16,16|-1,-1|-1,-1|-1,-1|-1,-1|-1,-1|26,26|29,2|
#setting_targetting_pos=-1,-1|-1,-1|-1,-1|-1,-1|-1,-1|-1,-1|-1,-1|29,30|
L.....L.
#00001010100100
#assigned_pet=-1,-1,-1,3,-1,-1,3,-1,
#assigned_hub=4,3,1,5,6,0,8,0,
#moving_targetting_pos=16,16|-1,-1|-1,-1|-1,-1|-1,-1|-1,-1|-1,-1|29,2|
#setting_targetting_pos=-1,-1|-1,-1|-1,-1|18,25|-1,-1|-1,-1|24,25|29,30|
L..L....
#00001010100100
#assigned_pet=-1,-1,-1,3,-1,-1,3,-1,
#assigned_hub=4,3,1,5,6,0,8,0,
#moving_targetting_pos=16,16|-1,-1|-1,-1|-1,-1|-1,-1|-1,-1|-1,-1|29,2|
#setting_targetting_pos=-1,-1|-1,-1|-1,-1|18,25|-1,-1|-1,-1|24,25|29,30|
L..L...d
#00001010100100
#assigned_pet=-1,-1,-1,3,-1,-1,3,-1,
#assigned_hub=4,3,1,5,6,0,8,0,
#moving_targetting_pos=16,16|-1,-1|-1,-1|-1,-1|-1,-1|-1,-1|-1,-1|29,2|
#setting_targetting_pos=-1,-1|-1,-1|-1,-1|18,25|-1,-1|-1,-1|24,25|29,30|
L..D...R
#00001010100100
#assigned_pet=-1,13,-1,3,-1,13,3,-1,
#assigned_hub=4,3,1,5,6,0,8,0,
#moving_targetting_pos=16,16|-1,-1|-1,-1|-1,-1|-1,-1|-1,-1|-1,-1|29,2|
#setting_targetting_pos=-1,-1|14,5|-1,-1|18,25|-1,-1|8,5|24,25|29,30|
DL.D.L.R
#00001010100100
#assigned_pet=-1,13,-1,-1,-1,13,-1,-1,
#assigned_hub=4,3,1,5,6,0,8,0,
#moving_targetting_pos=16,16|-1,-1|-1,-1|-1,-1|-1,-1|-1,-1|-1,-1|29,2|
#setting_targetting_pos=-1,-1|14,5|-1,-1|-1,-1|-1,-1|8,5|-1,-1|29,30|
DL...L..
#00001010100101
#assigned_pet=-1,13,-1,3,-1,13,3,-1,
#assigned_hub=4,3,1,5,6,0,8,0,
#moving_targetting_pos=16,16|-1,-1|-1,-1|-1,-1|-1,-1|-1,-1|-1,-1|29,2|
#setting_targetting_pos=-1,-1|14,5|-1,-1|18,25|-1,-1|8,5|24,25|29,30|
Du...d.u
#00011010100101
#assigned_pet=-1,-1,-1,3,-1,-1,3,-1,
#assigned_hub=4,3,1,5,6,0,8,0,
#moving_targetting_pos=16,16|-1,-1|-1,-1|-1,-1|-1,-1|6,6|-1,-1|29,2|
#setting_targetting_pos=-1,-1|-1,-1|-1,-1|18,25|-1,-1|-1,-1|24,25|29,30|
D..d..l.
#00011010100101
#assigned_pet=-1,-1,-1,-1,-1,-1,-1,-1,
#assigned_hub=4,3,1,5,6,0,8,0,
#moving_targetting_pos=16,16|-1,-1|-1,-1|-1,-1|-1,-1|-1,-1|-1,-1|29,2|
#setting_targetting_pos=-1,-1|-1,-1|-1,-1|-1,-1|-1,-1|-1,-1|-1,-1|29,30|
D.......
#00011010100101
#assigned_pet=-1,-1,-1,-1,-1,-1,-1,-1,
#assigned_hub=4,3,1,5,6,0,8,0,
#moving_targetting_pos=16,16|-1,-1|-1,-1|-1,-1|-1,-1|-1,-1|-1,-1|29,2|
#setting_targetting_pos=-1,-1|-1,-1|-1,-1|-1,-1|-1,-1|-1,-1|-1,-1|29,30|
D.......
#00011010100101
#assigned_pet=-1,-1,-1,-1,-1,-1,-1,-1,
#assigned_hub=4,3,1,5,6,0,8,0,
#moving_targetting_pos=16,16|-1,-1|-1,-1|-1,-1|-1,-1|6,6|-1,-1|29,2|
#setting_targetting_pos=-1,-1|-1,-1|-1,-1|-1,-1|-1,-1|-1,-1|-1,-1|29,30|
D.......
#00011010100101
#assigned_pet=-1,-1,-1,-1,-1,-1,-1,-1,
#assigned_hub=4,3,1,5,6,7,8,0,
#moving_targetting_pos=16,16|-1,-1|-1,-1|-1,-1|-1,-1|26,16|-1,-1|29,2|
#setting_targetting_pos=-1,-1|-1,-1|-1,-1|-1,-1|-1,-1|-1,-1|-1,-1|29,30|
D....R..
#00011010100101
#assigned_pet=-1,-1,-1,-1,-1,-1,-1,-1,
#assigned_hub=4,3,1,5,6,7,8,0,
#moving_targetting_pos=16,16|-1,-1|-1,-1|-1,-1|-1,-1|26,16|-1,-1|29,2|
#setting_targetting_pos=-1,-1|-1,-1|-1,-1|-1,-1|-1,-1|-1,-1|-1,-1|29,30|
D....R.l
#00011010100101
#assigned_pet=-1,-1,-1,-1,-1,-1,-1,-1,
#assigned_hub=4,3,1,5,6,7,8,0,
#moving_targetting_pos=16,16|-1,-1|-1,-1|-1,-1|-1,-1|26,16|-1,-1|29,2|
#setting_targetting_pos=-1,-1|-1,-1|-1,-1|-1,-1|-1,-1|-1,-1|-1,-1|29,30|
L....R.R
#00011010100101
#assigned_pet=9,-1,-1,9,-1,-1,-1,-1,
#assigned_hub=4,3,1,5,6,7,8,0,
#moving_targetting_pos=-1,-1|-1,-1|-1,-1|-1,-1|-1,-1|26,16|-1,-1|29,2|
#setting_targetting_pos=15,18|-1,-1|-1,-1|15,24|-1,-1|-1,-1|-1,-1|29,30|
R..L.R.R
#00011010100101
#assigned_pet=9,-1,-1,9,-1,-1,-1,-1,
#assigned_hub=4,3,1,5,6,0,8,0,
#moving_targetting_pos=-1,-1|-1,-1|-1,-1|-1,-1|-1,-1|6,6|-1,-1|29,2|
#setting_targetting_pos=15,18|-1,-1|-1,-1|15,24|-1,-1|-1,-1|-1,-1|29,30|
D..U.L.d
#00011010100101
#assigned_pet=9,-1,-1,9,-1,-1,-1,-1,
#assigned_hub=4,3,1,5,6,7,8,0,
#moving_targetting_pos=-1,-1|-1,-1|-1,-1|-1,-1|-1,-1|26,16|-1,-1|29,2|
#setting_targetting_pos=15,18|-1,-1|-1,-1|15,24|-1,-1|-1,-1|-1,-1|29,30|
.....R.R
#00011010110101
#assigned_pet=9,-1,-1,9,-1,-1,-1,-1,
#assigned_hub=4,3,1,5,6,7,8,0,
#moving_targetting_pos=-1,-1|-1,-1|-1,-1|-1,-1|-1,-1|26,16|-1,-1|29,2|
#setting_targetting_pos=15,18|-1,-1|-1,-1|15,24|-1,-1|-1,-1|-1,-1|29,30|
r..u.R.l
#00011010110101
#assigned_pet=10,-1,10,-1,-1,-1,-1,-1,
#assigned_hub=4,3,1,5,6,7,8,0,
#moving_targetting_pos=-1,-1|-1,-1|-1,-1|-1,-1|-1,-1|26,16|-1,-1|29,2|
#setting_targetting_pos=14,17|-1,-1|8,17|-1,-1|-1,-1|-1,-1|-1,-1|29,30|
..R..R.R
#00011010110101
#assigned_pet=10,-1,10,-1,-1,-1,-1,-1,
#assigned_hub=4,3,1,5,6,7,8,0,
#moving_targetting_pos=-1,-1|-1,-1|-1,-1|-1,-1|-1,-1|26,16|-1,-1|29,2|
#setting_targetting_pos=14,17|-1,-1|8,17|-1,-1|-1,-1|-1,-1|-1,-1|29,30|
..R..R.u
#00011010110101
#assigned_pet=-1,-1,-1,-1,-1,-1,-1,-1,
#assigned_hub=4,3,1,5,6,7,8,0,
#moving_targetting_pos=-1,-1|-1,-1|-1,-1|-1,-1|-1,-1|26,16|-1,-1|29,2|
#setting_targetting_pos=-1,-1|-1,-1|-1,-1|-1,-1|-1,-1|-1,-1|-1,-1|29,30|
.....R.R
#00011010110101
#assigned_pet=-1,-1,-1,-1,-1,-1,-1,-1,
#assigned_hub=4,3,1,5,6,7,8,0,
#moving_targetting_pos=-1,-1|-1,-1|-1,-1|-1,-1|-1,-1|26,16|-1,-1|29,2|
#setting_targetting_pos=-1,-1|-1,-1|-1,-1|-1,-1|-1,-1|-1,-1|-1,-1|29,30|
.....R.R
#00011010110101
#assigned_pet=-1,-1,-1,-1,-1,-1,-1,-1,
#assigned_hub=4,3,1,5,6,7,8,0,
#moving_targetting_pos=-1,-1|-1,-1|-1,-1|-1,-1|-1,-1|26,16|-1,-1|29,2|
#setting_targetting_pos=-1,-1|-1,-1|-1,-1|-1,-1|-1,-1|-1,-1|-1,-1|29,30|
.....R.l
#00011010110101
#assigned_pet=-1,-1,-1,12,-1,-1,12,-1,
#assigned_hub=4,3,1,5,6,7,8,0,
#moving_targetting_pos=-1,-1|-1,-1|-1,-1|-1,-1|-1,-1|26,16|-1,-1|29,2|
#setting_targetting_pos=-1,-1|-1,-1|-1,-1|18,27|-1,-1|-1,-1|24,27|29,30|
...R.D.d
#00011010110101
#assigned_pet=-1,-1,-1,12,-1,-1,12,-1,
#assigned_hub=4,3,1,5,6,7,8,0,
#moving_targetting_pos=-1,-1|-1,-1|6,16|-1,-1|-1,-1|26,16|-1,-1|29,2|
#setting_targetting_pos=-1,-1|-1,-1|-1,-1|18,27|-1,-1|-1,-1|24,27|29,30|
...R.D.R
#00011010110101
#assigned_pet=-1,-1,-1,12,-1,-1,12,-1,
#assigned_hub=4,3,1,5,6,7,8,0,
#moving_targetting_pos=-1,-1|-1,-1|-1,-1|-1,-1|-1,-1|26,16|-1,-1|29,2|
#setting_targetting_pos=-1,-1|-1,-1|-1,-1|18,27|-1,-1|-1,-1|24,27|29,30|
...R.D.R
#00011010110101
#assigned_pet=-1,-1,-1,12,-1,-1,12,-1,
#assigned_hub=4,3,1,5,6,7,8,0,
#moving_targetting_pos=-1,-1|-1,-1|6,16|-1,-1|-1,-1|26,16|-1,-1|29,2|
#setting_targetting_pos=-1,-1|-1,-1|-1,-1|18,27|-1,-1|-1,-1|24,27|29,30|
...D.D.d
#00011010110111
#assigned_pet=10,10,-1,12,-1,-1,12,-1,
#assigned_hub=4,3,1,5,6,7,8,0,
#moving_targetting_pos=-1,-1|-1,-1|6,16|-1,-1|-1,-1|26,16|-1,-1|29,2|
#setting_targetting_pos=17,14|17,8|-1,-1|18,27|-1,-1|-1,-1|24,27|29,30|
LR.d.DrR
#00011010110111
#assigned_pet=10,10,-1,-1,-1,-1,-1,-1,
#assigned_hub=4,3,1,5,6,7,8,0,
#moving_targetting_pos=-1,-1|-1,-1|6,16|-1,-1|-1,-1|26,16|-1,-1|29,2|
#setting_targetting_pos=17,14|17,8|-1,-1|-1,-1|-1,-1|-1,-1|-1,-1|29,30|
LR...D.R
#00011010110111
#assigned_pet=10,10,-1,-1,-1,-1,-1,-1,
#assigned_hub=4,3,1,5,6,7,8,0,
#moving_targetting_pos=-1,-1|-1,-1|6,16|-1,-1|-1,-1|26,16|-1,-1|29,2|
#setting_targetting_pos=17,14|17,8|-1,-1|-1,-1|-1,-1|-1,-1|-1,-1|29,30|
LR...D.l
#00011010110111
#assigned_pet=10,10,-1,-1,-1,-1,-1,-1,
#assigned_hub=4,3,1,5,6,7,8,0,
#moving_targetting_pos=-1,-1|-1,-1|-1,-1|-1,-1|-1,-1|26,16|-1,-1|29,2|
#setting_targetting_pos=17,14|17,8|-1,-1|-1,-1|-1,-1|-1,-1|-1,-1|29,30|
DD...D.u
#00011010111111
#assigned_pet=10,10,-1,-1,-1,-1,-1,-1,
#assigned_hub=4,3,1,5,6,7,8,0,
#moving_targetting_pos=-1,-1|-1,-1|-1,-1|-1,-1|-1,-1|26,16|-1,-1|29,2|
#setting_targetting_pos=17,14|17,8|-1,-1|-1,-1|-1,-1|-1,-1|-1,-1|29,30|
dd...D.R
#00011010111111
#assigned_pet=-1,-1,-1,-1,-1,-1,-1,-1,
#assigned_hub=4,3,1,5,6,7,8,0,
#moving_targetting_pos=-1,-1|-1,-1|-1,-1|16,26|-1,-1|26,16|-1,-1|29,2|
#setting_targetting_pos=-1,-1|-1,-1|-1,-1|-1,-1|-1,-1|-1,-1|-1,-1|29,30|
.....D.R
#00011010111111
#assigned_pet=-1,-1,-1,-1,-1,-1,-1,-1,
#assigned_hub=4,3,1,5,6,7,8,0,
#moving_targetting_pos=-1,-1|-1,-1|-1,-1|16,26|-1,-1|26,16|-1,-1|29,2|
#setting_targetting_pos=-1,-1|-1,-1|-1,-1|-1,-1|-1,-1|-1,-1|-1,-1|29,30|
.....D.d
#00011010111111
#assigned_pet=-1,-1,-1,-1,2,-1,-1,-1,
#assigned_hub=4,3,1,5,6,7,8,0,
#moving_targetting_pos=-1,-1|-1,-1|-1,-1|16,26|-1,-1|26,16|-1,-1|29,2|
#setting_targetting_pos=-1,-1|-1,-1|-1,-1|-1,-1|28,5|-1,-1|-1,-1|29,30|
....LD.R
#00011010111111
#assigned_pet=-1,-1,-1,-1,-1,-1,-1,-1,
#assigned_hub=4,3,1,5,6,7,8,0,
#moving_targetting_pos=-1,-1|-1,-1|-1,-1|-1,-1|-1,-1|26,16|26,26|29,2|
#setting_targetting_pos=-1,-1|-1,-1|-1,-1|-1,-1|-1,-1|-1,-1|-1,-1|29,30|
.....D.l
#00011010111111
#assigned_pet=-1,-1,-1,-1,-1,-1,-1,-1,
#assigned_hub=4,3,1,5,6,7,8,0,
#moving_targetting_pos=-1,-1|-1,-1|-1,-1|-1,-1|-1,-1|26,16|26,26|29,2|
#setting_targetting_pos=-1,-1|-1,-1|-1,-1|-1,-1|-1,-1|-1,-1|-1,-1|29,30|
.....D.R
#00011010111111
#assigned_pet=0,-1,0,-1,-1,-1,-1,-1,
#assigned_hub=4,3,1,5,6,7,8,0,
#moving_targetting_pos=-1,-1|-1,-1|-1,-1|16,26|-1,-1|26,16|26,26|29,2|
#setting_targetting_pos=14,17|-1,-1|8,17|-1,-1|-1,-1|-1,-1|-1,-1|29,30|
R.D..D.u
#00011010111111
#assigned_pet=0,-1,0,-1,2,-1,-1,-1,
#assigned_hub=4,3,1,5,6,7,8,0,
#moving_targetting_pos=-1,-1|-1,-1|-1,-1|16,26|-1,-1|26,16|26,26|29,2|
#setting_targetting_pos=14,17|-1,-1|8,17|-1,-1|27,4|-1,-1|-1,-1|29,30|
R.D.LD.R
#00111010111111
#assigned_pet=0,-1,0,-1,2,-1,-1,-1,
#assigned_hub=4,3,1,5,6,7,8,0,
#moving_targetting_pos=-1,-1|-1,-1|-1,-1|16,26|-1,-1|26,16|26,26|29,2|
#setting_targetting_pos=14,17|-1,-1|8,17|-1,-1|27,4|-1,-1|-1,-1|29,30|
R...dD.R
#00111010111111
#assigned_pet=0,-1,0,-1,-1,-1,-1,-1,
#assigned_hub=4,3,1,5,6,7,8,0,
#moving_targetting_pos=-1,-1|-1,-1|-1,-1|16,26|-1,-1|26,16|-1,-1|29,2|
#setting_targetting_pos=14,17|-1,-1|8,17|-1,-1|-1,-1|-1,-1|-1,-1|29,30|
U....R.l
#10111010111111
#assigned_pet=0,-1,0,-1,-1,-1,-1,-1,
#assigned_hub=4,3,1,5,6,7,8,0,
#moving_targetting_pos=-1,-1|-1,-1|-1,-1|16,26|-1,-1|-1,-1|26,26|29,2|
#setting_targetting_pos=14,17|-1,-1|8,17|-1,-1|-1,-1|-1,-1|-1,-1|29,30|
u.d....d
#10111010111111
#assigned_pet=-1,-1,-1,-1,-1,-1,-1,-1,
#assigned_hub=4,3,1,5,6,7,8,0,
#moving_targetting_pos=16,16|-1,-1|6,16|16,26|-1,-1|-1,-1|26,26|29,2|
#setting_targetting_pos=-1,-1|-1,-1|-1,-1|-1,-1|-1,-1|-1,-1|-1,-1|29,30|
........
#10111010111111
#assigned_pet=-1,-1,-1,-1,-1,-1,-1,-1,
#assigned_hub=4,3,1,5,6,7,8,0,
#moving_targetting_pos=16,16|-1,-1|6,16|16,26|-1,-1|-1,-1|26,26|29,2|
#setting_targetting_pos=-1,-1|-1,-1|-1,-1|-1,-1|-1,-1|-1,-1|-1,-1|29,30|
........
#10111010111111
#assigned_pet=-1,5,-1,-1,5,-1,-1,-1,
#assigned_hub=4,3,1,5,6,7,8,0,
#moving_targetting_pos=16,16|-1,-1|6,16|16,26|-1,-1|-1,-1|26,26|29,2|
#setting_targetting_pos=-1,-1|18,7|-1,-1|-1,-1|24,7|-1,-1|-1,-1|29,30|
.L..R...
#10111010111111
#assigned_pet=-1,5,-1,-1,5,-1,-1,-1,
#assigned_hub=4,3,1,5,6,7,8,0,
#moving_targetting_pos=-1,-1|-1,-1|6,16|16,26|-1,-1|-1,-1|-1,-1|29,2|
#setting_targetting_pos=-1,-1|18,7|-1,-1|-1,-1|24,7|-1,-1|-1,-1|29,30|
.D..R...
#10111010111111
#assigned_pet=-1,5,-1,-1,5,-1,-1,-1,
#assigned_hub=4,3,1,5,6,7,8,0,
#moving_targetting_pos=-1,-1|-1,-1|6,16|16,26|-1,-1|-1,-1|-1,-1|29,2|
#setting_targetting_pos=-1,-1|18,7|-1,-1|-1,-1|24,7|-1,-1|-1,-1|29,30|
....R...
#10111010111111
#assigned_pet=-1,5,-1,-1,5,-1,-1,-1,
#assigned_hub=4,3,1,5,6,7,8,0,
#moving_targetting_pos=16,16|-1,-1|6,16|16,26|-1,-1|-1,-1|26,26|29,2|
#setting_targetting_pos=-1,-1|18,7|-1,-1|-1,-1|24,7|-1,-1|-1,-1|29,30|
....U...
#10111110111111
#assigned_pet=-1,5,-1,-1,5,-1,-1,-1,
#assigned_hub=4,3,1,5,6,7,8,0,
#moving_targetting_pos=16,16|-1,-1|6,16|16,26|-1,-1|-1,-1|26,26|29,2|
#setting_targetting_pos=-1,-1|18,7|-1,-1|-1,-1|24,7|-1,-1|-1,-1|29,30|
.d..u...
#10111110111111
#assigned_pet=-1,-1,-1,-1,-1,-1,-1,-1,
#assigned_hub=4,3,1,5,6,7,8,0,
#moving_targetting_pos=-1,-1|16,6|6,16|16,26|-1,-1|-1,-1|-1,-1|29,2|
#setting_targetting_pos=-1,-1|-1,-1|-1,-1|-1,-1|-1,-1|-1,-1|-1,-1|29,30|
........
#10111110111111
#assigned_pet=-1,-1,-1,-1,7,7,-1,-1,
#assigned_hub=4,3,1,5,6,7,8,0,
#moving_targetting_pos=-1,-1|16,6|6,16|16,26|-1,-1|-1,-1|-1,-1|29,2|
#setting_targetting_pos=-1,-1|-1,-1|-1,-1|-1,-1|25,8|25,14|-1,-1|29,30|
.....L..
#10111110111111
#assigned_pet=-1,-1,-1,-1,7,7,-1,-1,
#assigned_hub=4,3,1,5,6,7,8,0,
#moving_targetting_pos=16,16|16,6|6,16|16,26|-1,-1|-1,-1|26,26|29,2|
#setting_targetting_pos=-1,-1|-1,-1|-1,-1|-1,-1|25,8|25,14|-1,-1|29,30|
.....D..
#10111110111111
#assigned_pet=-1,-1,-1,-1,7,7,-1,-1,
#assigned_hub=4,3,1,5,6,7,8,0,
#moving_targetting_pos=16,16|16,6|6,16|16,26|-1,-1|-1,-1|26,26|29,2|
#setting_targetting_pos=-1,-1|-1,-1|-1,-1|-1,-1|25,8|25,14|-1,-1|29,30|
........
#10111111111111
#assigned_pet=-1,-1,-1,-1,7,7,-1,-1,
#assigned_hub=4,3,1,5,6,7,8,0,
#moving_targetting_pos=16,16|16,6|6,16|16,26|-1,-1|-1,-1|26,26|29,2|
#setting_targetting_pos=-1,-1|-1,-1|-1,-1|-1,-1|25,8|25,14|-1,-1|29,30|
....rl..
#10111111111111
#assigned_pet=-1,-1,-1,-1,-1,-1,-1,-1,
#assigned_hub=4,3,1,5,6,7,8,0,
#moving_targetting_pos=-1,-1|16,6|6,16|16,26|-1,-1|-1,-1|-1,-1|29,2|
#setting_targetting_pos=-1,-1|-1,-1|-1,-1|-1,-1|-1,-1|-1,-1|-1,-1|29,30|
........
#10111111111111
#assigned_pet=-1,-1,-1,-1,-1,-1,-1,-1,
#assigned_hub=4,3,1,5,6,7,8,0,
#moving_targetting_pos=-1,-1|16,6|6,16|16,26|-1,-1|-1,-1|-1,-1|29,2|
#setting_targetting_pos=-1,-1|-1,-1|-1,-1|-1,-1|-1,-1|-1,-1|-1,-1|29,30|
........
#10111111111111
#assigned_pet=-1,-1,-1,-1,-1,-1,-1,-1,
#assigned_hub=4,3,1,5,6,7,8,0,
#moving_targetting_pos=16,16|16,6|6,16|16,26|-1,-1|-1,-1|26,26|29,2|
#setting_targetting_pos=-1,-1|-1,-1|-1,-1|-1,-1|-1,-1|-1,-1|-1,-1|29,30|
........
#10111111111111
#assigned_pet=-1,-1,-1,-1,-1,-1,-1,-1,
#assigned_hub=4,3,1,5,6,7,8,0,
#moving_targetting_pos=-1,-1|16,6|6,16|16,26|-1,-1|-1,-1|-1,-1|29,2|
#setting_targetting_pos=-1,-1|-1,-1|-1,-1|-1,-1|-1,-1|-1,-1|-1,-1|29,30|
........
#10111111111111
#assigned_pet=-1,-1,-1,-1,-1,-1,-1,-1,
#assigned_hub=4,3,1,5,6,7,8,0,
#moving_targetting_pos=16,16|16,6|6,16|16,26|-1,-1|-1,-1|26,26|29,2|
#setting_targetting_pos=-1,-1|-1,-1|-1,-1|-1,-1|-1,-1|-1,-1|-1,-1|29,30|
........
#10111111111111
#assigned_pet=-1,-1,-1,-1,-1,1,-1,-1,
#assigned_hub=4,3,1,5,6,7,8,0,
#moving_targetting_pos=16,16|16,6|6,16|16,26|-1,-1|-1,-1|26,26|29,2|
#setting_targetting_pos=-1,-1|-1,-1|-1,-1|-1,-1|-1,-1|28,15|-1,-1|29,30|
.....D..
#10111111111111
#assigned_pet=-1,-1,-1,-1,-1,1,-1,-1,
#assigned_hub=4,3,1,5,6,7,8,0,
#moving_targetting_pos=16,16|16,6|6,16|16,26|26,6|-1,-1|26,26|29,2|
#setting_targetting_pos=-1,-1|-1,-1|-1,-1|-1,-1|-1,-1|28,15|-1,-1|29,30|
.....D..
#11111111111111
#assigned_pet=-1,-1,-1,-1,-1,1,-1,-1,
#assigned_hub=4,3,1,5,6,7,8,0,
#moving_targetting_pos=16,16|16,6|6,16|16,26|26,6|-1,-1|26,26|29,2|
#setting_targetting_pos=-1,-1|-1,-1|-1,-1|-1,-1|-1,-1|28,15|-1,-1|29,30|
.....d..
#11111111111111
#assigned_pet=-1,-1,-1,-1,-1,-1,-1,-1,
#assigned_hub=4,3,1,5,6,7,8,0,
#moving_targetting_pos=16,16|16,6|6,16|16,26|26,6|26,16|26,26|29,2|
#setting_targetting_pos=-1,-1|-1,-1|-1,-1|-1,-1|-1,-1|-1,-1|-1,-1|29,30|
........
#11111111111111
#assigned_pet=-1,-1,-1,-1,-1,-1,-1,-1,
#assigned_hub=4,3,1,5,6,7,8,0,
#moving_targetting_pos=16,16|16,6|6,16|16,26|26,6|26,16|26,26|29,2|
#setting_targetting_pos=-1,-1|-1,-1|-1,-1|-1,-1|-1,-1|-1,-1|-1,-1|29,30|
........
#11111111111111
#assigned_pet=-1,-1,-1,-1,-1,-1,-1,-1,
#assigned_hub=4,3,1,5,6,7,8,0,
#moving_targetting_pos=16,16|16,6|6,16|16,26|26,6|26,16|26,26|29,2|
#setting_targetting_pos=-1,-1|-1,-1|-1,-1|-1,-1|-1,-1|-1,-1|-1,-1|29,30|
........
#11111111111111
#assigned_pet=-1,-1,-1,-1,-1,-1,-1,-1,
#assigned_hub=4,3,1,5,6,7,8,0,
#moving_targetting_pos=16,16|16,6|6,16|16,26|26,6|26,16|26,26|29,2|
#setting_targetting_pos=-1,-1|-1,-1|-1,-1|-1,-1|-1,-1|-1,-1|-1,-1|29,30|
........
#11111111111111
#assigned_pet=-1,-1,-1,-1,-1,-1,-1,-1,
#assigned_hub=4,3,1,5,6,7,8,0,
#moving_targetting_pos=16,16|16,6|6,16|16,26|26,6|26,16|26,26|29,2|
#setting_targetting_pos=-1,-1|-1,-1|-1,-1|-1,-1|-1,-1|-1,-1|-1,-1|29,30|
........
#11111111111111
#assigned_pet=-1,-1,-1,-1,-1,-1,-1,-1,
#assigned_hub=4,3,1,5,6,7,8,0,
#moving_targetting_pos=16,16|16,6|6,16|16,26|26,6|26,16|26,26|29,2|
#setting_targetting_pos=-1,-1|-1,-1|-1,-1|-1,-1|-1,-1|-1,-1|-1,-1|29,30|
........
#11111111111111
#assigned_pet=-1,-1,-1,-1,-1,-1,-1,-1,
#assigned_hub=4,3,1,5,6,7,8,0,
#moving_targetting_pos=16,16|16,6|6,16|16,26|26,6|26,16|26,26|29,2|
#setting_targetting_pos=-1,-1|-1,-1|-1,-1|-1,-1|-1,-1|-1,-1|-1,-1|29,30|
........
#11111111111111
#assigned_pet=-1,-1,-1,-1,-1,-1,-1,-1,
#assigned_hub=4,3,1,5,6,7,8,0,
#moving_targetting_pos=16,16|16,6|6,16|16,26|26,6|26,16|26,26|29,2|
#setting_targetting_pos=-1,-1|-1,-1|-1,-1|-1,-1|-1,-1|-1,-1|-1,-1|29,30|
........
#11111111111111
#assigned_pet=-1,-1,-1,-1,-1,-1,-1,-1,
#assigned_hub=4,3,1,5,6,7,8,0,
#moving_targetting_pos=16,16|16,6|6,16|16,26|26,6|26,16|26,26|29,2|
#setting_targetting_pos=-1,-1|-1,-1|-1,-1|-1,-1|-1,-1|-1,-1|-1,-1|29,30|
........
#11111111111111
#assigned_pet=-1,-1,-1,-1,-1,-1,-1,-1,
#assigned_hub=4,3,1,5,6,7,8,0,
#moving_targetting_pos=16,16|16,6|6,16|16,26|26,6|26,16|26,26|29,2|
#setting_targetting_pos=-1,-1|-1,-1|-1,-1|-1,-1|-1,-1|-1,-1|-1,-1|29,30|
........
#11111111111111
#assigned_pet=-1,-1,-1,-1,-1,-1,-1,-1,
#assigned_hub=4,3,1,5,6,7,8,0,
#moving_targetting_pos=16,16|16,6|6,16|16,26|26,6|26,16|26,26|29,2|
#setting_targetting_pos=-1,-1|-1,-1|-1,-1|-1,-1|-1,-1|-1,-1|-1,-1|29,30|
........
#11111111111111
#assigned_pet=-1,-1,-1,-1,-1,-1,-1,-1,
#assigned_hub=4,3,1,5,6,7,8,0,
#moving_targetting_pos=16,16|16,6|6,16|16,26|26,6|26,16|26,26|29,2|
#setting_targetting_pos=-1,-1|-1,-1|-1,-1|-1,-1|-1,-1|-1,-1|-1,-1|29,30|
........
#11111111111111
#assigned_pet=-1,-1,-1,-1,-1,-1,-1,-1,
#assigned_hub=4,3,1,5,6,7,8,0,
#moving_targetting_pos=16,16|16,6|6,16|16,26|26,6|26,16|26,26|29,2|
#setting_targetting_pos=-1,-1|-1,-1|-1,-1|-1,-1|-1,-1|-1,-1|-1,-1|29,30|
........
#11111111111111
#assigned_pet=-1,-1,-1,-1,-1,-1,-1,-1,
#assigned_hub=4,3,1,5,6,7,8,0,
#moving_targetting_pos=16,16|16,6|6,16|16,26|26,6|26,16|26,26|29,2|
#setting_targetting_pos=-1,-1|-1,-1|-1,-1|-1,-1|-1,-1|-1,-1|-1,-1|29,30|
........
#11111111111111
#assigned_pet=-1,-1,-1,-1,-1,-1,-1,-1,
#assigned_hub=4,3,1,5,6,7,8,0,
#moving_targetting_pos=16,16|16,6|6,16|16,26|26,6|26,16|26,26|29,2|
#setting_targetting_pos=-1,-1|-1,-1|-1,-1|-1,-1|-1,-1|-1,-1|-1,-1|29,30|
........
#11111111111111
#assigned_pet=-1,-1,-1,-1,-1,-1,-1,-1,
#assigned_hub=4,3,1,5,6,7,8,0,
#moving_targetting_pos=16,16|16,6|6,16|16,26|26,6|26,16|26,26|29,2|
#setting_targetting_pos=-1,-1|-1,-1|-1,-1|-1,-1|-1,-1|-1,-1|-1,-1|29,30|
........
#11111111111111
#assigned_pet=-1,-1,-1,-1,-1,-1,-1,-1,
#assigned_hub=4,3,1,5,6,7,8,0,
#moving_targetting_pos=16,16|16,6|6,16|16,26|26,6|26,16|26,26|29,2|
#setting_targetting_pos=-1,-1|-1,-1|-1,-1|-1,-1|-1,-1|-1,-1|-1,-1|29,30|
........
#11111111111111
#assigned_pet=-1,-1,-1,-1,-1,-1,-1,-1,
#assigned_hub=4,3,1,5,6,7,8,0,
#moving_targetting_pos=16,16|16,6|6,16|16,26|26,6|26,16|26,26|29,2|
#setting_targetting_pos=-1,-1|-1,-1|-1,-1|-1,-1|-1,-1|-1,-1|-1,-1|29,30|
........
#11111111111111
#assigned_pet=-1,-1,-1,-1,-1,-1,-1,-1,
#assigned_hub=4,3,1,5,6,7,8,0,
#moving_targetting_pos=16,16|16,6|6,16|16,26|26,6|26,16|26,26|29,2|
#setting_targetting_pos=-1,-1|-1,-1|-1,-1|-1,-1|-1,-1|-1,-1|-1,-1|29,30|
........
#11111111111111
#assigned_pet=-1,-1,-1,-1,-1,-1,-1,-1,
#assigned_hub=4,3,1,5,6,7,8,0,
#moving_targetting_pos=16,16|16,6|6,16|16,26|26,6|26,16|26,26|29,2|
#setting_targetting_pos=-1,-1|-1,-1|-1,-1|-1,-1|-1,-1|-1,-1|-1,-1|29,30|
........
#11111111111111
#assigned_pet=-1,-1,-1,-1,-1,-1,-1,-1,
#assigned_hub=4,3,1,5,6,7,8,0,
#moving_targetting_pos=16,16|16,6|6,16|16,26|26,6|26,16|26,26|29,2|
#setting_targetting_pos=-1,-1|-1,-1|-1,-1|-1,-1|-1,-1|-1,-1|-1,-1|29,30|
........
#11111111111111
#assigned_pet=-1,-1,-1,-1,-1,-1,-1,-1,
#assigned_hub=4,3,1,5,6,7,8,0,
#moving_targetting_pos=16,16|16,6|6,16|16,26|26,6|26,16|26,26|29,2|
#setting_targetting_pos=-1,-1|-1,-1|-1,-1|-1,-1|-1,-1|-1,-1|-1,-1|29,30|
........
#11111111111111
#assigned_pet=-1,-1,-1,-1,-1,-1,-1,-1,
#assigned_hub=4,3,1,5,6,7,8,0,
#moving_targetting_pos=16,16|16,6|6,16|16,26|26,6|26,16|26,26|29,2|
#setting_targetting_pos=-1,-1|-1,-1|-1,-1|-1,-1|-1,-1|-1,-1|-1,-1|29,30|
........
#11111111111111
#assigned_pet=-1,-1,-1,-1,-1,-1,-1,-1,
#assigned_hub=4,3,1,5,6,7,8,0,
#moving_targetting_pos=16,16|16,6|6,16|16,26|26,6|26,16|26,26|29,2|
#setting_targetting_pos=-1,-1|-1,-1|-1,-1|-1,-1|-1,-1|-1,-1|-1,-1|29,30|
........
#11111111111111
#assigned_pet=-1,-1,-1,-1,-1,-1,-1,-1,
#assigned_hub=4,3,1,5,6,7,8,0,
#moving_targetting_pos=16,16|16,6|6,16|16,26|26,6|26,16|26,26|29,2|
#setting_targetting_pos=-1,-1|-1,-1|-1,-1|-1,-1|-1,-1|-1,-1|-1,-1|29,30|
........
#11111111111111
#assigned_pet=-1,-1,-1,-1,-1,-1,-1,-1,
#assigned_hub=4,3,1,5,6,7,8,0,
#moving_targetting_pos=16,16|16,6|6,16|16,26|26,6|26,16|26,26|29,2|
#setting_targetting_pos=-1,-1|-1,-1|-1,-1|-1,-1|-1,-1|-1,-1|-1,-1|29,30|
........
#11111111111111
#assigned_pet=-1,-1,-1,-1,-1,-1,-1,-1,
#assigned_hub=4,3,1,5,6,7,8,0,
#moving_targetting_pos=16,16|16,6|6,16|16,26|26,6|26,16|26,26|29,2|
#setting_targetting_pos=-1,-1|-1,-1|-1,-1|-1,-1|-1,-1|-1,-1|-1,-1|29,30|
........
#11111111111111
#assigned_pet=-1,-1,-1,-1,-1,-1,-1,-1,
#assigned_hub=4,3,1,5,6,7,8,0,
#moving_targetting_pos=16,16|16,6|6,16|16,26|26,6|26,16|26,26|29,2|
#setting_targetting_pos=-1,-1|-1,-1|-1,-1|-1,-1|-1,-1|-1,-1|-1,-1|29,30|
........
#11111111111111
#assigned_pet=-1,-1,-1,-1,-1,-1,-1,-1,
#assigned_hub=4,3,1,5,6,7,8,0,
#moving_targetting_pos=16,16|16,6|6,16|16,26|26,6|26,16|26,26|29,2|
#setting_targetting_pos=-1,-1|-1,-1|-1,-1|-1,-1|-1,-1|-1,-1|-1,-1|29,30|
........
#11111111111111
#assigned_pet=-1,-1,-1,-1,-1,-1,-1,-1,
#assigned_hub=4,3,1,5,6,7,8,0,
#moving_targetting_pos=16,16|16,6|6,16|16,26|26,6|26,16|26,26|29,2|
#setting_targetting_pos=-1,-1|-1,-1|-1,-1|-1,-1|-1,-1|-1,-1|-1,-1|29,30|
........
#11111111111111
#assigned_pet=-1,-1,-1,-1,-1,-1,-1,-1,
#assigned_hub=4,3,1,5,6,7,8,0,
#moving_targetting_pos=16,16|16,6|6,16|16,26|26,6|26,16|26,26|29,2|
#setting_targetting_pos=-1,-1|-1,-1|-1,-1|-1,-1|-1,-1|-1,-1|-1,-1|29,30|
........
#11111111111111
#assigned_pet=-1,-1,-1,-1,-1,-1,-1,-1,
#assigned_hub=4,3,1,5,6,7,8,0,
#moving_targetting_pos=16,16|16,6|6,16|16,26|26,6|26,16|26,26|29,2|
#setting_targetting_pos=-1,-1|-1,-1|-1,-1|-1,-1|-1,-1|-1,-1|-1,-1|29,30|
........
#11111111111111
#assigned_pet=-1,-1,-1,-1,-1,-1,-1,-1,
#assigned_hub=4,3,1,5,6,7,8,0,
#moving_targetting_pos=16,16|16,6|6,16|16,26|26,6|26,16|26,26|29,2|
#setting_targetting_pos=-1,-1|-1,-1|-1,-1|-1,-1|-1,-1|-1,-1|-1,-1|29,30|
........
#11111111111111
#assigned_pet=-1,-1,-1,-1,-1,-1,-1,-1,
#assigned_hub=4,3,1,5,6,7,8,0,
#moving_targetting_pos=16,16|16,6|6,16|16,26|26,6|26,16|26,26|29,2|
#setting_targetting_pos=-1,-1|-1,-1|-1,-1|-1,-1|-1,-1|-1,-1|-1,-1|29,30|
........
#11111111111111
#assigned_pet=-1,-1,-1,-1,-1,-1,-1,-1,
#assigned_hub=4,3,1,5,6,7,8,0,
#moving_targetting_pos=16,16|16,6|6,16|16,26|26,6|26,16|26,26|29,2|
#setting_targetting_pos=-1,-1|-1,-1|-1,-1|-1,-1|-1,-1|-1,-1|-1,-1|29,30|
........
#11111111111111
#assigned_pet=-1,-1,-1,-1,-1,-1,-1,-1,
#assigned_hub=4,3,1,5,6,7,8,0,
#moving_targetting_pos=16,16|16,6|6,16|16,26|26,6|26,16|26,26|29,2|
#setting_targetting_pos=-1,-1|-1,-1|-1,-1|-1,-1|-1,-1|-1,-1|-1,-1|29,30|
........
#11111111111111
#assigned_pet=-1,-1,-1,-1,-1,-1,-1,-1,
#assigned_hub=4,3,1,5,6,7,8,0,
#moving_targetting_pos=16,16|16,6|6,16|16,26|26,6|26,16|26,26|29,2|
#setting_targetting_pos=-1,-1|-1,-1|-1,-1|-1,-1|-1,-1|-1,-1|-1,-1|29,30|
........
#11111111111111
#assigned_pet=-1,-1,-1,-1,-1,-1,-1,-1,
#assigned_hub=4,3,1,5,6,7,8,0,
#moving_targetting_pos=16,16|16,6|6,16|16,26|26,6|26,16|26,26|29,2|
#setting_targetting_pos=-1,-1|-1,-1|-1,-1|-1,-1|-1,-1|-1,-1|-1,-1|29,30|
........
#11111111111111
#assigned_pet=-1,-1,-1,-1,-1,-1,-1,-1,
#assigned_hub=4,3,1,5,6,7,8,0,
#moving_targetting_pos=16,16|16,6|6,16|16,26|26,6|26,16|26,26|29,2|
#setting_targetting_pos=-1,-1|-1,-1|-1,-1|-1,-1|-1,-1|-1,-1|-1,-1|29,30|
........
#11111111111111
#assigned_pet=-1,-1,-1,-1,-1,-1,-1,-1,
#assigned_hub=4,3,1,5,6,7,8,0,
#moving_targetting_pos=16,16|16,6|6,16|16,26|26,6|26,16|26,26|29,2|
#setting_targetting_pos=-1,-1|-1,-1|-1,-1|-1,-1|-1,-1|-1,-1|-1,-1|29,30|
........
#11111111111111
#assigned_pet=-1,-1,-1,-1,-1,-1,-1,-1,
#assigned_hub=4,3,1,5,6,7,8,0,
#moving_targetting_pos=16,16|16,6|6,16|16,26|26,6|26,16|26,26|29,2|
#setting_targetting_pos=-1,-1|-1,-1|-1,-1|-1,-1|-1,-1|-1,-1|-1,-1|29,30|
........
#11111111111111
#assigned_pet=-1,-1,-1,-1,-1,-1,-1,-1,
#assigned_hub=4,3,1,5,6,7,8,0,
#moving_targetting_pos=16,16|16,6|6,16|16,26|26,6|26,16|26,26|29,2|
#setting_targetting_pos=-1,-1|-1,-1|-1,-1|-1,-1|-1,-1|-1,-1|-1,-1|29,30|
........
#11111111111111
#assigned_pet=-1,-1,-1,-1,-1,-1,-1,-1,
#assigned_hub=4,3,1,5,6,7,8,0,
#moving_targetting_pos=16,16|16,6|6,16|16,26|26,6|26,16|26,26|29,2|
#setting_targetting_pos=-1,-1|-1,-1|-1,-1|-1,-1|-1,-1|-1,-1|-1,-1|29,30|
........
#11111111111111
#assigned_pet=-1,-1,-1,-1,-1,-1,-1,-1,
#assigned_hub=4,3,1,5,6,7,8,0,
#moving_targetting_pos=16,16|16,6|6,16|16,26|26,6|26,16|26,26|29,2|
#setting_targetting_pos=-1,-1|-1,-1|-1,-1|-1,-1|-1,-1|-1,-1|-1,-1|29,30|
........
#11111111111111
#assigned_pet=-1,-1,-1,-1,-1,-1,-1,-1,
#assigned_hub=4,3,1,5,6,7,8,0,
#moving_targetting_pos=16,16|16,6|6,16|16,26|26,6|26,16|26,26|29,2|
#setting_targetting_pos=-1,-1|-1,-1|-1,-1|-1,-1|-1,-1|-1,-1|-1,-1|29,30|
........
#11111111111111
#assigned_pet=-1,-1,-1,-1,-1,-1,-1,-1,
#assigned_hub=4,3,1,5,6,7,8,0,
#moving_targetting_pos=16,16|16,6|6,16|16,26|26,6|26,16|26,26|29,2|
#setting_targetting_pos=-1,-1|-1,-1|-1,-1|-1,-1|-1,-1|-1,-1|-1,-1|29,30|
........
#11111111111111
#assigned_pet=-1,-1,-1,-1,-1,-1,-1,-1,
#assigned_hub=4,3,1,5,6,7,8,0,
#moving_targetting_pos=16,16|16,6|6,16|16,26|26,6|26,16|26,26|29,2|
#setting_targetting_pos=-1,-1|-1,-1|-1,-1|-1,-1|-1,-1|-1,-1|-1,-1|29,30|
........
#11111111111111
#assigned_pet=-1,-1,-1,-1,-1,-1,-1,-1,
#assigned_hub=4,3,1,5,6,7,8,0,
#moving_targetting_pos=16,16|16,6|6,16|16,26|26,6|26,16|26,26|29,2|
#setting_targetting_pos=-1,-1|-1,-1|-1,-1|-1,-1|-1,-1|-1,-1|-1,-1|29,30|
........
#11111111111111
#assigned_pet=-1,-1,-1,-1,-1,-1,-1,-1,
#assigned_hub=4,3,1,5,6,7,8,0,
#moving_targetting_pos=16,16|16,6|6,16|16,26|26,6|26,16|26,26|29,2|
#setting_targetting_pos=-1,-1|-1,-1|-1,-1|-1,-1|-1,-1|-1,-1|-1,-1|29,30|
........
#11111111111111
#assigned_pet=-1,-1,-1,-1,-1,-1,-1,-1,
#assigned_hub=4,3,1,5,6,7,8,0,
#moving_targetting_pos=16,16|16,6|6,16|16,26|26,6|26,16|26,26|29,2|
#setting_targetting_pos=-1,-1|-1,-1|-1,-1|-1,-1|-1,-1|-1,-1|-1,-1|29,30|
........
#11111111111111
#assigned_pet=-1,-1,-1,-1,-1,-1,-1,-1,
#assigned_hub=4,3,1,5,6,7,8,0,
#moving_targetting_pos=16,16|16,6|6,16|16,26|26,6|26,16|26,26|29,2|
#setting_targetting_pos=-1,-1|-1,-1|-1,-1|-1,-1|-1,-1|-1,-1|-1,-1|29,30|
........
#11111111111111
#assigned_pet=-1,-1,-1,-1,-1,-1,-1,-1,
#assigned_hub=4,3,1,5,6,7,8,0,
#moving_targetting_pos=16,16|16,6|6,16|16,26|26,6|26,16|26,26|29,2|
#setting_targetting_pos=-1,-1|-1,-1|-1,-1|-1,-1|-1,-1|-1,-1|-1,-1|29,30|
........
#11111111111111
#assigned_pet=-1,-1,-1,-1,-1,-1,-1,-1,
#assigned_hub=4,3,1,5,6,7,8,0,
#moving_targetting_pos=16,16|16,6|6,16|16,26|26,6|26,16|26,26|29,2|
#setting_targetting_pos=-1,-1|-1,-1|-1,-1|-1,-1|-1,-1|-1,-1|-1,-1|29,30|
........
#11111111111111
#assigned_pet=-1,-1,-1,-1,-1,-1,-1,-1,
#assigned_hub=4,3,1,5,6,7,8,0,
#moving_targetting_pos=16,16|16,6|6,16|16,26|26,6|26,16|26,26|29,2|
#setting_targetting_pos=-1,-1|-1,-1|-1,-1|-1,-1|-1,-1|-1,-1|-1,-1|29,30|
........
#11111111111111
#assigned_pet=-1,-1,-1,-1,-1,-1,-1,-1,
#assigned_hub=4,3,1,5,6,7,8,0,
#moving_targetting_pos=16,16|16,6|6,16|16,26|26,6|26,16|26,26|29,2|
#setting_targetting_pos=-1,-1|-1,-1|-1,-1|-1,-1|-1,-1|-1,-1|-1,-1|29,30|
........
#11111111111111
#assigned_pet=-1,-1,-1,-1,-1,-1,-1,-1,
#assigned_hub=4,3,1,5,6,7,8,0,
#moving_targetting_pos=16,16|16,6|6,16|16,26|26,6|26,16|26,26|29,2|
#setting_targetting_pos=-1,-1|-1,-1|-1,-1|-1,-1|-1,-1|-1,-1|-1,-1|29,30|
........
#11111111111111
#assigned_pet=-1,-1,-1,-1,-1,-1,-1,-1,
#assigned_hub=4,3,1,5,6,7,8,0,
#moving_targetting_pos=16,16|16,6|6,16|16,26|26,6|26,16|26,26|29,2|
#setting_targetting_pos=-1,-1|-1,-1|-1,-1|-1,-1|-1,-1|-1,-1|-1,-1|29,30|
........
#11111111111111
#assigned_pet=-1,-1,-1,-1,-1,-1,-1,-1,
#assigned_hub=4,3,1,5,6,7,8,0,
#moving_targetting_pos=16,16|16,6|6,16|16,26|26,6|26,16|26,26|29,2|
#setting_targetting_pos=-1,-1|-1,-1|-1,-1|-1,-1|-1,-1|-1,-1|-1,-1|29,30|
........
#11111111111111
#assigned_pet=-1,-1,-1,-1,-1,-1,-1,-1,
#assigned_hub=4,3,1,5,6,7,8,0,
#moving_targetting_pos=16,16|16,6|6,16|16,26|26,6|26,16|26,26|29,2|
#setting_targetting_pos=-1,-1|-1,-1|-1,-1|-1,-1|-1,-1|-1,-1|-1,-1|29,30|
........
#11111111111111
#assigned_pet=-1,-1,-1,-1,-1,-1,-1,-1,
#assigned_hub=4,3,1,5,6,7,8,0,
#moving_targetting_pos=16,16|16,6|6,16|16,26|26,6|26,16|26,26|29,2|
#setting_targetting_pos=-1,-1|-1,-1|-1,-1|-1,-1|-1,-1|-1,-1|-1,-1|29,30|
........
#11111111111111
#assigned_pet=-1,-1,-1,-1,-1,-1,-1,-1,
#assigned_hub=4,3,1,5,6,7,8,0,
#moving_targetting_pos=16,16|16,6|6,16|16,26|26,6|26,16|26,26|29,2|
#setting_targetting_pos=-1,-1|-1,-1|-1,-1|-1,-1|-1,-1|-1,-1|-1,-1|29,30|
........
#11111111111111
#assigned_pet=-1,-1,-1,-1,-1,-1,-1,-1,
#assigned_hub=4,3,1,5,6,7,8,0,
#moving_targetting_pos=16,16|16,6|6,16|16,26|26,6|26,16|26,26|29,2|
#setting_targetting_pos=-1,-1|-1,-1|-1,-1|-1,-1|-1,-1|-1,-1|-1,-1|29,30|
........
#11111111111111
#assigned_pet=-1,-1,-1,-1,-1,-1,-1,-1,
#assigned_hub=4,3,1,5,6,7,8,0,
#moving_targetting_pos=16,16|16,6|6,16|16,26|26,6|26,16|26,26|29,2|
#setting_targetting_pos=-1,-1|-1,-1|-1,-1|-1,-1|-1,-1|-1,-1|-1,-1|29,30|
........
#11111111111111
#assigned_pet=-1,-1,-1,-1,-1,-1,-1,-1,
#assigned_hub=4,3,1,5,6,7,8,0,
#moving_targetting_pos=16,16|16,6|6,16|16,26|26,6|26,16|26,26|29,2|
#setting_targetting_pos=-1,-1|-1,-1|-1,-1|-1,-1|-1,-1|-1,-1|-1,-1|29,30|
........
#11111111111111
#assigned_pet=-1,-1,-1,-1,-1,-1,-1,-1,
#assigned_hub=4,3,1,5,6,7,8,0,
#moving_targetting_pos=16,16|16,6|6,16|16,26|26,6|26,16|26,26|29,2|
#setting_targetting_pos=-1,-1|-1,-1|-1,-1|-1,-1|-1,-1|-1,-1|-1,-1|29,30|
........
#11111111111111
#assigned_pet=-1,-1,-1,-1,-1,-1,-1,-1,
#assigned_hub=4,3,1,5,6,7,8,0,
#moving_targetting_pos=16,16|16,6|6,16|16,26|26,6|26,16|26,26|29,2|
#setting_targetting_pos=-1,-1|-1,-1|-1,-1|-1,-1|-1,-1|-1,-1|-1,-1|29,30|
........
#11111111111111
#assigned_pet=-1,-1,-1,-1,-1,-1,-1,-1,
#assigned_hub=4,3,1,5,6,7,8,0,
#moving_targetting_pos=16,16|16,6|6,16|16,26|26,6|26,16|26,26|29,2|
#setting_targetting_pos=-1,-1|-1,-1|-1,-1|-1,-1|-1,-1|-1,-1|-1,-1|29,30|
........
#11111111111111
#assigned_pet=-1,-1,-1,-1,-1,-1,-1,-1,
#assigned_hub=4,3,1,5,6,7,8,0,
#moving_targetting_pos=16,16|16,6|6,16|16,26|26,6|26,16|26,26|29,2|
#setting_targetting_pos=-1,-1|-1,-1|-1,-1|-1,-1|-1,-1|-1,-1|-1,-1|29,30|
........
#11111111111111
#assigned_pet=-1,-1,-1,-1,-1,-1,-1,-1,
#assigned_hub=4,3,1,5,6,7,8,0,
#moving_targetting_pos=16,16|16,6|6,16|16,26|26,6|26,16|26,26|29,2|
#setting_targetting_pos=-1,-1|-1,-1|-1,-1|-1,-1|-1,-1|-1,-1|-1,-1|29,30|
........
#11111111111111
#assigned_pet=-1,-1,-1,-1,-1,-1,-1,-1,
#assigned_hub=4,3,1,5,6,7,8,0,
#moving_targetting_pos=16,16|16,6|6,16|16,26|26,6|26,16|26,26|29,2|
#setting_targetting_pos=-1,-1|-1,-1|-1,-1|-1,-1|-1,-1|-1,-1|-1,-1|29,30|
........
#11111111111111
#assigned_pet=-1,-1,-1,-1,-1,-1,-1,-1,
#assigned_hub=4,3,1,5,6,7,8,0,
#moving_targetting_pos=16,16|16,6|6,16|16,26|26,6|26,16|26,26|29,2|
#setting_targetting_pos=-1,-1|-1,-1|-1,-1|-1,-1|-1,-1|-1,-1|-1,-1|29,30|
........
#11111111111111
#assigned_pet=-1,-1,-1,-1,-1,-1,-1,-1,
#assigned_hub=4,3,1,5,6,7,8,0,
#moving_targetting_pos=16,16|16,6|6,16|16,26|26,6|26,16|26,26|29,2|
#setting_targetting_pos=-1,-1|-1,-1|-1,-1|-1,-1|-1,-1|-1,-1|-1,-1|29,30|
........
#11111111111111
#assigned_pet=-1,-1,-1,-1,-1,-1,-1,-1,
#assigned_hub=4,3,1,5,6,7,8,0,
#moving_targetting_pos=16,16|16,6|6,16|16,26|26,6|26,16|26,26|29,2|
#setting_targetting_pos=-1,-1|-1,-1|-1,-1|-1,-1|-1,-1|-1,-1|-1,-1|29,30|
........
#11111111111111
#assigned_pet=-1,-1,-1,-1,-1,-1,-1,-1,
#assigned_hub=4,3,1,5,6,7,8,0,
#moving_targetting_pos=16,16|16,6|6,16|16,26|26,6|26,16|26,26|29,2|
#setting_targetting_pos=-1,-1|-1,-1|-1,-1|-1,-1|-1,-1|-1,-1|-1,-1|29,30|
........
#11111111111111
#assigned_pet=-1,-1,-1,-1,-1,-1,-1,-1,
#assigned_hub=4,3,1,5,6,7,8,0,
#moving_targetting_pos=16,16|16,6|6,16|16,26|26,6|26,16|26,26|29,2|
#setting_targetting_pos=-1,-1|-1,-1|-1,-1|-1,-1|-1,-1|-1,-1|-1,-1|29,30|
........
#11111111111111
#assigned_pet=-1,-1,-1,-1,-1,-1,-1,-1,
#assigned_hub=4,3,1,5,6,7,8,0,
#moving_targetting_pos=16,16|16,6|6,16|16,26|26,6|26,16|26,26|29,2|
#setting_targetting_pos=-1,-1|-1,-1|-1,-1|-1,-1|-1,-1|-1,-1|-1,-1|29,30|
........
#11111111111111
#assigned_pet=-1,-1,-1,-1,-1,-1,-1,-1,
#assigned_hub=4,3,1,5,6,7,8,0,
#moving_targetting_pos=16,16|16,6|6,16|16,26|26,6|26,16|26,26|29,2|
#setting_targetting_pos=-1,-1|-1,-1|-1,-1|-1,-1|-1,-1|-1,-1|-1,-1|29,30|
........
#11111111111111
#assigned_pet=-1,-1,-1,-1,-1,-1,-1,-1,
#assigned_hub=4,3,1,5,6,7,8,0,
#moving_targetting_pos=16,16|16,6|6,16|16,26|26,6|26,16|26,26|29,2|
#setting_targetting_pos=-1,-1|-1,-1|-1,-1|-1,-1|-1,-1|-1,-1|-1,-1|29,30|
........
#11111111111111
#assigned_pet=-1,-1,-1,-1,-1,-1,-1,-1,
#assigned_hub=4,3,1,5,6,7,8,0,
#moving_targetting_pos=16,16|16,6|6,16|16,26|26,6|26,16|26,26|29,2|
#setting_targetting_pos=-1,-1|-1,-1|-1,-1|-1,-1|-1,-1|-1,-1|-1,-1|29,30|
........
#11111111111111
#assigned_pet=-1,-1,-1,-1,-1,-1,-1,-1,
#assigned_hub=4,3,1,5,6,7,8,0,
#moving_targetting_pos=16,16|16,6|6,16|16,26|26,6|26,16|26,26|29,2|
#setting_targetting_pos=-1,-1|-1,-1|-1,-1|-1,-1|-1,-1|-1,-1|-1,-1|29,30|
........
#11111111111111
#assigned_pet=-1,-1,-1,-1,-1,-1,-1,-1,
#assigned_hub=4,3,1,5,6,7,8,0,
#moving_targetting_pos=16,16|16,6|6,16|16,26|26,6|26,16|26,26|29,2|
#setting_targetting_pos=-1,-1|-1,-1|-1,-1|-1,-1|-1,-1|-1,-1|-1,-1|29,30|
........
#11111111111111
#assigned_pet=-1,-1,-1,-1,-1,-1,-1,-1,
#assigned_hub=4,3,1,5,6,7,8,0,
#moving_targetting_pos=16,16|16,6|6,16|16,26|26,6|26,16|26,26|29,2|
#setting_targetting_pos=-1,-1|-1,-1|-1,-1|-1,-1|-1,-1|-1,-1|-1,-1|29,30|
........
#11111111111111
#assigned_pet=-1,-1,-1,-1,-1,-1,-1,-1,
#assigned_hub=4,3,1,5,6,7,8,0,
#moving_targetting_pos=16,16|16,6|6,16|16,26|26,6|26,16|26,26|29,2|
#setting_targetting_pos=-1,-1|-1,-1|-1,-1|-1,-1|-1,-1|-1,-1|-1,-1|29,30|
........
#11111111111111
#assigned_pet=-1,-1,-1,-1,-1,-1,-1,-1,
#assigned_hub=4,3,1,5,6,7,8,0,
#moving_targetting_pos=16,16|16,6|6,16|16,26|26,6|26,16|26,26|29,2|
#setting_targetting_pos=-1,-1|-1,-1|-1,-1|-1,-1|-1,-1|-1,-1|-1,-1|29,30|
........
#11111111111111
#assigned_pet=-1,-1,-1,-1,-1,-1,-1,-1,
#assigned_hub=4,3,1,5,6,7,8,0,
#moving_targetting_pos=16,16|16,6|6,16|16,26|26,6|26,16|26,26|29,2|
#setting_targetting_pos=-1,-1|-1,-1|-1,-1|-1,-1|-1,-1|-1,-1|-1,-1|29,30|
........
#11111111111111
#assigned_pet=-1,-1,-1,-1,-1,-1,-1,-1,
#assigned_hub=4,3,1,5,6,7,8,0,
#moving_targetting_pos=16,16|16,6|6,16|16,26|26,6|26,16|26,26|29,2|
#setting_targetting_pos=-1,-1|-1,-1|-1,-1|-1,-1|-1,-1|-1,-1|-1,-1|29,30|
........
#11111111111111
#assigned_pet=-1,-1,-1,-1,-1,-1,-1,-1,
#assigned_hub=4,3,1,5,6,7,8,0,
#moving_targetting_pos=16,16|16,6|6,16|16,26|26,6|26,16|26,26|29,2|
#setting_targetting_pos=-1,-1|-1,-1|-1,-1|-1,-1|-1,-1|-1,-1|-1,-1|29,30|
........
#11111111111111
#assigned_pet=-1,-1,-1,-1,-1,-1,-1,-1,
#assigned_hub=4,3,1,5,6,7,8,0,
#moving_targetting_pos=16,16|16,6|6,16|16,26|26,6|26,16|26,26|29,2|
#setting_targetting_pos=-1,-1|-1,-1|-1,-1|-1,-1|-1,-1|-1,-1|-1,-1|29,30|
........
#11111111111111
#assigned_pet=-1,-1,-1,-1,-1,-1,-1,-1,
#assigned_hub=4,3,1,5,6,7,8,0,
#moving_targetting_pos=16,16|16,6|6,16|16,26|26,6|26,16|26,26|29,2|
#setting_targetting_pos=-1,-1|-1,-1|-1,-1|-1,-1|-1,-1|-1,-1|-1,-1|29,30|
........
#11111111111111
#assigned_pet=-1,-1,-1,-1,-1,-1,-1,-1,
#assigned_hub=4,3,1,5,6,7,8,0,
#moving_targetting_pos=16,16|16,6|6,16|16,26|26,6|26,16|26,26|29,2|
#setting_targetting_pos=-1,-1|-1,-1|-1,-1|-1,-1|-1,-1|-1,-1|-1,-1|29,30|
........
#11111111111111
#assigned_pet=-1,-1,-1,-1,-1,-1,-1,-1,
#assigned_hub=4,3,1,5,6,7,8,0,
#moving_targetting_pos=16,16|16,6|6,16|16,26|26,6|26,16|26,26|29,2|
#setting_targetting_pos=-1,-1|-1,-1|-1,-1|-1,-1|-1,-1|-1,-1|-1,-1|29,30|
........
#11111111111111
#assigned_pet=-1,-1,-1,-1,-1,-1,-1,-1,
#assigned_hub=4,3,1,5,6,7,8,0,
#moving_targetting_pos=16,16|16,6|6,16|16,26|26,6|26,16|26,26|29,2|
#setting_targetting_pos=-1,-1|-1,-1|-1,-1|-1,-1|-1,-1|-1,-1|-1,-1|29,30|
........
#11111111111111
#assigned_pet=-1,-1,-1,-1,-1,-1,-1,-1,
#assigned_hub=4,3,1,5,6,7,8,0,
#moving_targetting_pos=16,16|16,6|6,16|16,26|26,6|26,16|26,26|29,2|
#setting_targetting_pos=-1,-1|-1,-1|-1,-1|-1,-1|-1,-1|-1,-1|-1,-1|29,30|
........
#11111111111111
#assigned_pet=-1,-1,-1,-1,-1,-1,-1,-1,
#assigned_hub=4,3,1,5,6,7,8,0,
#moving_targetting_pos=16,16|16,6|6,16|16,26|26,6|26,16|26,26|29,2|
#setting_targetting_pos=-1,-1|-1,-1|-1,-1|-1,-1|-1,-1|-1,-1|-1,-1|29,30|
........
#11111111111111
#assigned_pet=-1,-1,-1,-1,-1,-1,-1,-1,
#assigned_hub=4,3,1,5,6,7,8,0,
#moving_targetting_pos=16,16|16,6|6,16|16,26|26,6|26,16|26,26|29,2|
#setting_targetting_pos=-1,-1|-1,-1|-1,-1|-1,-1|-1,-1|-1,-1|-1,-1|29,30|
........
#11111111111111
#assigned_pet=-1,-1,-1,-1,-1,-1,-1,-1,
#assigned_hub=4,3,1,5,6,7,8,0,
#moving_targetting_pos=16,16|16,6|6,16|16,26|26,6|26,16|26,26|29,2|
#setting_targetting_pos=-1,-1|-1,-1|-1,-1|-1,-1|-1,-1|-1,-1|-1,-1|29,30|
........
#11111111111111
#assigned_pet=-1,-1,-1,-1,-1,-1,-1,-1,
#assigned_hub=4,3,1,5,6,7,8,0,
#moving_targetting_pos=16,16|16,6|6,16|16,26|26,6|26,16|26,26|29,2|
#setting_targetting_pos=-1,-1|-1,-1|-1,-1|-1,-1|-1,-1|-1,-1|-1,-1|29,30|
........
#11111111111111
#assigned_pet=-1,-1,-1,-1,-1,-1,-1,-1,
#assigned_hub=4,3,1,5,6,7,8,0,
#moving_targetting_pos=16,16|16,6|6,16|16,26|26,6|26,16|26,26|29,2|
#setting_targetting_pos=-1,-1|-1,-1|-1,-1|-1,-1|-1,-1|-1,-1|-1,-1|29,30|
........
#11111111111111
#assigned_pet=-1,-1,-1,-1,-1,-1,-1,-1,
#assigned_hub=4,3,1,5,6,7,8,0,
#moving_targetting_pos=16,16|16,6|6,16|16,26|26,6|26,16|26,26|29,2|
#setting_targetting_pos=-1,-1|-1,-1|-1,-1|-1,-1|-1,-1|-1,-1|-1,-1|29,30|
........
#11111111111111
#assigned_pet=-1,-1,-1,-1,-1,-1,-1,-1,
#assigned_hub=4,3,1,5,6,7,8,0,
#moving_targetting_pos=16,16|16,6|6,16|16,26|26,6|26,16|26,26|29,2|
#setting_targetting_pos=-1,-1|-1,-1|-1,-1|-1,-1|-1,-1|-1,-1|-1,-1|29,30|
........
#11111111111111
#assigned_pet=-1,-1,-1,-1,-1,-1,-1,-1,
#assigned_hub=4,3,1,5,6,7,8,0,
#moving_targetting_pos=16,16|16,6|6,16|16,26|26,6|26,16|26,26|29,2|
#setting_targetting_pos=-1,-1|-1,-1|-1,-1|-1,-1|-1,-1|-1,-1|-1,-1|29,30|
........
#11111111111111
#assigned_pet=-1,-1,-1,-1,-1,-1,-1,-1,
#assigned_hub=4,3,1,5,6,7,8,0,
#moving_targetting_pos=16,16|16,6|6,16|16,26|26,6|26,16|26,26|29,2|
#setting_targetting_pos=-1,-1|-1,-1|-1,-1|-1,-1|-1,-1|-1,-1|-1,-1|29,30|
........
#11111111111111
#assigned_pet=-1,-1,-1,-1,-1,-1,-1,-1,
#assigned_hub=4,3,1,5,6,7,8,0,
#moving_targetting_pos=16,16|16,6|6,16|16,26|26,6|26,16|26,26|29,2|
#setting_targetting_pos=-1,-1|-1,-1|-1,-1|-1,-1|-1,-1|-1,-1|-1,-1|29,30|
........
#11111111111111
#assigned_pet=-1,-1,-1,-1,-1,-1,-1,-1,
#assigned_hub=4,3,1,5,6,7,8,0,
#moving_targetting_pos=16,16|16,6|6,16|16,26|26,6|26,16|26,26|29,2|
#setting_targetting_pos=-1,-1|-1,-1|-1,-1|-1,-1|-1,-1|-1,-1|-1,-1|29,30|
........
#11111111111111
#assigned_pet=-1,-1,-1,-1,-1,-1,-1,-1,
#assigned_hub=4,3,1,5,6,7,8,0,
#moving_targetting_pos=16,16|16,6|6,16|16,26|26,6|26,16|26,26|29,2|
#setting_targetting_pos=-1,-1|-1,-1|-1,-1|-1,-1|-1,-1|-1,-1|-1,-1|29,30|
........
#11111111111111
#assigned_pet=-1,-1,-1,-1,-1,-1,-1,-1,
#assigned_hub=4,3,1,5,6,7,8,0,
#moving_targetting_pos=16,16|16,6|6,16|16,26|26,6|26,16|26,26|29,2|
#setting_targetting_pos=-1,-1|-1,-1|-1,-1|-1,-1|-1,-1|-1,-1|-1,-1|29,30|
........
#11111111111111
#assigned_pet=-1,-1,-1,-1,-1,-1,-1,-1,
#assigned_hub=4,3,1,5,6,7,8,0,
#moving_targetting_pos=16,16|16,6|6,16|16,26|26,6|26,16|26,26|29,2|
#setting_targetting_pos=-1,-1|-1,-1|-1,-1|-1,-1|-1,-1|-1,-1|-1,-1|29,30|
........
#11111111111111
#assigned_pet=-1,-1,-1,-1,-1,-1,-1,-1,
#assigned_hub=4,3,1,5,6,7,8,0,
#moving_targetting_pos=16,16|16,6|6,16|16,26|26,6|26,16|26,26|29,2|
#setting_targetting_pos=-1,-1|-1,-1|-1,-1|-1,-1|-1,-1|-1,-1|-1,-1|29,30|
........
#11111111111111
#assigned_pet=-1,-1,-1,-1,-1,-1,-1,-1,
#assigned_hub=4,3,1,5,6,7,8,0,
#moving_targetting_pos=16,16|16,6|6,16|16,26|26,6|26,16|26,26|29,2|
#setting_targetting_pos=-1,-1|-1,-1|-1,-1|-1,-1|-1,-1|-1,-1|-1,-1|29,30|
........
#11111111111111
#assigned_pet=-1,-1,-1,-1,-1,-1,-1,-1,
#assigned_hub=4,3,1,5,6,7,8,0,
#moving_targetting_pos=16,16|16,6|6,16|16,26|26,6|26,16|26,26|29,2|
#setting_targetting_pos=-1,-1|-1,-1|-1,-1|-1,-1|-1,-1|-1,-1|-1,-1|29,30|
........
#11111111111111
#assigned_pet=-1,-1,-1,-1,-1,-1,-1,-1,
#assigned_hub=4,3,1,5,6,7,8,0,
#moving_targetting_pos=16,16|16,6|6,16|16,26|26,6|26,16|26,26|29,2|
#setting_targetting_pos=-1,-1|-1,-1|-1,-1|-1,-1|-1,-1|-1,-1|-1,-1|29,30|
........
#11111111111111
#assigned_pet=-1,-1,-1,-1,-1,-1,-1,-1,
#assigned_hub=4,3,1,5,6,7,8,0,
#moving_targetting_pos=16,16|16,6|6,16|16,26|26,6|26,16|26,26|29,2|
#setting_targetting_pos=-1,-1|-1,-1|-1,-1|-1,-1|-1,-1|-1,-1|-1,-1|29,30|
........
#11111111111111
#assigned_pet=-1,-1,-1,-1,-1,-1,-1,-1,
#assigned_hub=4,3,1,5,6,7,8,0,
#moving_targetting_pos=16,16|16,6|6,16|16,26|26,6|26,16|26,26|29,2|
#setting_targetting_pos=-1,-1|-1,-1|-1,-1|-1,-1|-1,-1|-1,-1|-1,-1|29,30|
........
#11111111111111
#assigned_pet=-1,-1,-1,-1,-1,-1,-1,-1,
#assigned_hub=4,3,1,5,6,7,8,0,
#moving_targetting_pos=16,16|16,6|6,16|16,26|26,6|26,16|26,26|29,2|
#setting_targetting_pos=-1,-1|-1,-1|-1,-1|-1,-1|-1,-1|-1,-1|-1,-1|29,30|
........
#11111111111111
#assigned_pet=-1,-1,-1,-1,-1,-1,-1,-1,
#assigned_hub=4,3,1,5,6,7,8,0,
#moving_targetting_pos=16,16|16,6|6,16|16,26|26,6|26,16|26,26|29,2|
#setting_targetting_pos=-1,-1|-1,-1|-1,-1|-1,-1|-1,-1|-1,-1|-1,-1|29,30|
........
#11111111111111
#assigned_pet=-1,-1,-1,-1,-1,-1,-1,-1,
#assigned_hub=4,3,1,5,6,7,8,0,
#moving_targetting_pos=16,16|16,6|6,16|16,26|26,6|26,16|26,26|29,2|
#setting_targetting_pos=-1,-1|-1,-1|-1,-1|-1,-1|-1,-1|-1,-1|-1,-1|29,30|
........
#11111111111111
#assigned_pet=-1,-1,-1,-1,-1,-1,-1,-1,
#assigned_hub=4,3,1,5,6,7,8,0,
#moving_targetting_pos=16,16|16,6|6,16|16,26|26,6|26,16|26,26|29,2|
#setting_targetting_pos=-1,-1|-1,-1|-1,-1|-1,-1|-1,-1|-1,-1|-1,-1|29,30|
........
#11111111111111
#assigned_pet=-1,-1,-1,-1,-1,-1,-1,-1,
#assigned_hub=4,3,1,5,6,7,8,0,
#moving_targetting_pos=16,16|16,6|6,16|16,26|26,6|26,16|26,26|29,2|
#setting_targetting_pos=-1,-1|-1,-1|-1,-1|-1,-1|-1,-1|-1,-1|-1,-1|29,30|
........
#11111111111111
#assigned_pet=-1,-1,-1,-1,-1,-1,-1,-1,
#assigned_hub=4,3,1,5,6,7,8,0,
#moving_targetting_pos=16,16|16,6|6,16|16,26|26,6|26,16|26,26|29,2|
#setting_targetting_pos=-1,-1|-1,-1|-1,-1|-1,-1|-1,-1|-1,-1|-1,-1|29,30|
........
#11111111111111
#assigned_pet=-1,-1,-1,-1,-1,-1,-1,-1,
#assigned_hub=4,3,1,5,6,7,8,0,
#moving_targetting_pos=16,16|16,6|6,16|16,26|26,6|26,16|26,26|29,2|
#setting_targetting_pos=-1,-1|-1,-1|-1,-1|-1,-1|-1,-1|-1,-1|-1,-1|29,30|
........
#11111111111111
#assigned_pet=-1,-1,-1,-1,-1,-1,-1,-1,
#assigned_hub=4,3,1,5,6,7,8,0,
#moving_targetting_pos=16,16|16,6|6,16|16,26|26,6|26,16|26,26|29,2|
#setting_targetting_pos=-1,-1|-1,-1|-1,-1|-1,-1|-1,-1|-1,-1|-1,-1|29,30|
........
#11111111111111
#assigned_pet=-1,-1,-1,-1,-1,-1,-1,-1,
#assigned_hub=4,3,1,5,6,7,8,0,
#moving_targetting_pos=16,16|16,6|6,16|16,26|26,6|26,16|26,26|29,2|
#setting_targetting_pos=-1,-1|-1,-1|-1,-1|-1,-1|-1,-1|-1,-1|-1,-1|29,30|
........
#11111111111111
#assigned_pet=-1,-1,-1,-1,-1,-1,-1,-1,
#assigned_hub=4,3,1,5,6,7,8,0,
#moving_targetting_pos=16,16|16,6|6,16|16,26|26,6|26,16|26,26|29,2|
#setting_targetting_pos=-1,-1|-1,-1|-1,-1|-1,-1|-1,-1|-1,-1|-1,-1|29,30|
........
#11111111111111
#assigned_pet=-1,-1,-1,-1,-1,-1,-1,-1,
#assigned_hub=4,3,1,5,6,7,8,0,
#moving_targetting_pos=16,16|16,6|6,16|16,26|26,6|26,16|26,26|29,2|
#setting_targetting_pos=-1,-1|-1,-1|-1,-1|-1,-1|-1,-1|-1,-1|-1,-1|29,30|
........
#11111111111111
#assigned_pet=-1,-1,-1,-1,-1,-1,-1,-1,
#assigned_hub=4,3,1,5,6,7,8,0,
#moving_targetting_pos=16,16|16,6|6,16|16,26|26,6|26,16|26,26|29,2|
#setting_targetting_pos=-1,-1|-1,-1|-1,-1|-1,-1|-1,-1|-1,-1|-1,-1|29,30|
........
#11111111111111
#assigned_pet=-1,-1,-1,-1,-1,-1,-1,-1,
#assigned_hub=4,3,1,5,6,7,8,0,
#moving_targetting_pos=16,16|16,6|6,16|16,26|26,6|26,16|26,26|29,2|
#setting_targetting_pos=-1,-1|-1,-1|-1,-1|-1,-1|-1,-1|-1,-1|-1,-1|29,30|
........
#11111111111111
#assigned_pet=-1,-1,-1,-1,-1,-1,-1,-1,
#assigned_hub=4,3,1,5,6,7,8,0,
#moving_targetting_pos=16,16|16,6|6,16|16,26|26,6|26,16|26,26|29,2|
#setting_targetting_pos=-1,-1|-1,-1|-1,-1|-1,-1|-1,-1|-1,-1|-1,-1|29,30|
........
#11111111111111
#assigned_pet=-1,-1,-1,-1,-1,-1,-1,-1,
#assigned_hub=4,3,1,5,6,7,8,0,
#moving_targetting_pos=16,16|16,6|6,16|16,26|26,6|26,16|26,26|29,2|
#setting_targetting_pos=-1,-1|-1,-1|-1,-1|-1,-1|-1,-1|-1,-1|-1,-1|29,30|
........
#11111111111111
#assigned_pet=-1,-1,-1,-1,-1,-1,-1,-1,
#assigned_hub=4,3,1,5,6,7,8,0,
#moving_targetting_pos=16,16|16,6|6,16|16,26|26,6|26,16|26,26|29,2|
#setting_targetting_pos=-1,-1|-1,-1|-1,-1|-1,-1|-1,-1|-1,-1|-1,-1|29,30|
........
#11111111111111
#assigned_pet=-1,-1,-1,-1,-1,-1,-1,-1,
#assigned_hub=4,3,1,5,6,7,8,0,
#moving_targetting_pos=16,16|16,6|6,16|16,26|26,6|26,16|26,26|29,2|
#setting_targetting_pos=-1,-1|-1,-1|-1,-1|-1,-1|-1,-1|-1,-1|-1,-1|29,30|
........
#11111111111111
#assigned_pet=-1,-1,-1,-1,-1,-1,-1,-1,
#assigned_hub=4,3,1,5,6,7,8,0,
#moving_targetting_pos=16,16|16,6|6,16|16,26|26,6|26,16|26,26|29,2|
#setting_targetting_pos=-1,-1|-1,-1|-1,-1|-1,-1|-1,-1|-1,-1|-1,-1|29,30|
........
#11111111111111
#assigned_pet=-1,-1,-1,-1,-1,-1,-1,-1,
#assigned_hub=4,3,1,5,6,7,8,0,
#moving_targetting_pos=16,16|16,6|6,16|16,26|26,6|26,16|26,26|29,2|
#setting_targetting_pos=-1,-1|-1,-1|-1,-1|-1,-1|-1,-1|-1,-1|-1,-1|29,30|
........
#11111111111111
#assigned_pet=-1,-1,-1,-1,-1,-1,-1,-1,
#assigned_hub=4,3,1,5,6,7,8,0,
#moving_targetting_pos=16,16|16,6|6,16|16,26|26,6|26,16|26,26|29,2|
#setting_targetting_pos=-1,-1|-1,-1|-1,-1|-1,-1|-1,-1|-1,-1|-1,-1|29,30|
........
#11111111111111
#assigned_pet=-1,-1,-1,-1,-1,-1,-1,-1,
#assigned_hub=4,3,1,5,6,7,8,0,
#moving_targetting_pos=16,16|16,6|6,16|16,26|26,6|26,16|26,26|29,2|
#setting_targetting_pos=-1,-1|-1,-1|-1,-1|-1,-1|-1,-1|-1,-1|-1,-1|29,30|
........
#11111111111111
#assigned_pet=-1,-1,-1,-1,-1,-1,-1,-1,
#assigned_hub=4,3,1,5,6,7,8,0,
#moving_targetting_pos=16,16|16,6|6,16|16,26|26,6|26,16|26,26|29,2|
#setting_targetting_pos=-1,-1|-1,-1|-1,-1|-1,-1|-1,-1|-1,-1|-1,-1|29,30|
........
#11111111111111
#assigned_pet=-1,-1,-1,-1,-1,-1,-1,-1,
#assigned_hub=4,3,1,5,6,7,8,0,
#moving_targetting_pos=16,16|16,6|6,16|16,26|26,6|26,16|26,26|29,2|
#setting_targetting_pos=-1,-1|-1,-1|-1,-1|-1,-1|-1,-1|-1,-1|-1,-1|29,30|
........
#11111111111111
#assigned_pet=-1,-1,-1,-1,-1,-1,-1,-1,
#assigned_hub=4,3,1,5,6,7,8,0,
#moving_targetting_pos=16,16|16,6|6,16|16,26|26,6|26,16|26,26|29,2|
#setting_targetting_pos=-1,-1|-1,-1|-1,-1|-1,-1|-1,-1|-1,-1|-1,-1|29,30|
........
#11111111111111
#assigned_pet=-1,-1,-1,-1,-1,-1,-1,-1,
#assigned_hub=4,3,1,5,6,7,8,0,
#moving_targetting_pos=16,16|16,6|6,16|16,26|26,6|26,16|26,26|29,2|
#setting_targetting_pos=-1,-1|-1,-1|-1,-1|-1,-1|-1,-1|-1,-1|-1,-1|29,30|
........
#11111111111111
#assigned_pet=-1,-1,-1,-1,-1,-1,-1,-1,
#assigned_hub=4,3,1,5,6,7,8,0,
#moving_targetting_pos=16,16|16,6|6,16|16,26|26,6|26,16|26,26|29,2|
#setting_targetting_pos=-1,-1|-1,-1|-1,-1|-1,-1|-1,-1|-1,-1|-1,-1|29,30|
........
#11111111111111
#assigned_pet=-1,-1,-1,-1,-1,-1,-1,-1,
#assigned_hub=4,3,1,5,6,7,8,0,
#moving_targetting_pos=16,16|16,6|6,16|16,26|26,6|26,16|26,26|29,2|
#setting_targetting_pos=-1,-1|-1,-1|-1,-1|-1,-1|-1,-1|-1,-1|-1,-1|29,30|
........
#11111111111111
#assigned_pet=-1,-1,-1,-1,-1,-1,-1,-1,
#assigned_hub=4,3,1,5,6,7,8,0,
#moving_targetting_pos=16,16|16,6|6,16|16,26|26,6|26,16|26,26|29,2|
#setting_targetting_pos=-1,-1|-1,-1|-1,-1|-1,-1|-1,-1|-1,-1|-1,-1|29,30|
........
#11111111111111
#assigned_pet=-1,-1,-1,-1,-1,-1,-1,-1,
#assigned_hub=4,3,1,5,6,7,8,0,
#moving_targetting_pos=16,16|16,6|6,16|16,26|26,6|26,16|26,26|29,2|
#setting_targetting_pos=-1,-1|-1,-1|-1,-1|-1,-1|-1,-1|-1,-1|-1,-1|29,30|
........
