#000000000000
#assigned_pet=-1,-1,-1,-1,-1,-1,-1,-1,
#assigned_hub=0,0,0,0,0,0,0,0,
#moving_targetting_pos=12,1|5,30|29,2|9,30|19,2|15,30|25,1|22,29|
#setting_targetting_pos=12,29|5,1|29,30|9,2|19,30|15,1|25,30|22,1|
LRLRLDLR
#000000000000
#assigned_pet=-1,-1,-1,-1,-1,-1,-1,-1,
#assigned_hub=0,0,0,0,0,0,0,0,
#moving_targetting_pos=12,1|5,30|29,2|9,30|19,2|15,30|25,1|22,29|
#setting_targetting_pos=12,29|5,1|29,30|9,2|19,30|15,1|25,30|22,1|
LRLRLdLR
#000000000000
#assigned_pet=-1,-1,-1,-1,-1,-1,-1,-1,
#assigned_hub=0,0,0,0,0,0,0,0,
#moving_targetting_pos=12,1|5,30|29,2|9,30|19,2|15,30|25,1|22,29|
#setting_targetting_pos=12,29|5,1|29,30|9,2|19,30|15,1|25,30|22,1|
LRLRdLLR
#000000000000
#assigned_pet=-1,-1,-1,-1,-1,-1,-1,-1,
#assigned_hub=0,0,0,0,0,0,0,0,
#moving_targetting_pos=12,1|5,30|29,2|9,30|19,2|15,30|25,1|22,29|
#setting_targetting_pos=12,29|5,1|29,30|9,2|19,30|15,1|25,30|22,1|
LRLDRdLR
#000000000000
#assigned_pet=-1,-1,-1,-1,-1,-1,-1,-1,
#assigned_hub=0,0,0,0,0,0,0,0,
#moving_targetting_pos=12,1|5,30|29,2|9,30|19,2|15,30|25,1|22,29|
#setting_targetting_pos=12,29|5,1|29,30|9,2|19,30|15,1|25,30|22,1|
LRLdRLLR
#000000000000
#assigned_pet=-1,-1,-1,-1,-1,-1,-1,-1,
#assigned_hub=0,0,0,0,0,0,0,0,
#moving_targetting_pos=12,1|5,30|29,2|9,30|19,2|15,30|25,1|22,29|
#setting_targetting_pos=12,29|5,1|29,30|9,2|19,30|15,1|25,30|22,1|
LdLLluLU
#000000000000
#assigned_pet=-1,-1,-1,-1,-1,-1,-1,-1,
#assigned_hub=0,0,0,0,0,0,0,0,
#moving_targetting_pos=12,1|5,30|29,2|9,30|19,2|15,30|25,1|22,29|
#setting_targetting_pos=12,29|5,1|29,30|9,2|19,30|15,1|25,30|22,1|
LLLLuLLU
#000000000000
#assigned_pet=-1,-1,-1,-1,-1,-1,-1,-1,
#assigned_hub=0,0,0,0,0,0,0,0,
#moving_targetting_pos=12,1|5,30|29,2|9,30|19,2|15,30|25,1|22,29|
#setting_targetting_pos=12,29|5,1|29,30|9,2|19,30|15,1|25,30|22,1|
LdDrRLLU
#000000000000
#assigned_pet=-1,-1,-1,-1,-1,-1,-1,-1,
#assigned_hub=0,0,0,0,0,0,0,0,
#moving_targetting_pos=12,1|5,30|29,2|9,30|19,2|15,30|25,1|22,29|
#setting_targetting_pos=12,29|5,1|29,30|9,2|19,30|15,1|25,30|22,1|
LLDuRLLr
#000000000000
#assigned_pet=-1,-1,-1,-1,-1,-1,-1,-1,
#assigned_hub=0,0,0,0,0,0,0,0,
#moving_targetting_pos=12,1|5,30|29,2|9,30|19,2|15,30|25,1|22,29|
#setting_targetting_pos=12,29|5,1|29,30|9,2|19,30|15,1|25,30|22,1|
LudLdLLd
#000000000000
#assigned_pet=-1,-1,-1,-1,-1,-1,-1,-1,
#assigned_hub=0,0,0,0,0,0,0,0,
#moving_targetting_pos=12,1|5,30|29,2|9,30|19,2|15,30|25,1|22,29|
#setting_targetting_pos=12,29|5,1|29,30|9,2|19,30|15,1|25,30|22,1|
ULRLRuLL
#000000000000
#assigned_pet=-1,-1,-1,-1,-1,-1,-1,-1,
#assigned_hub=0,0,0,0,0,0,0,0,
#moving_targetting_pos=12,1|5,30|29,2|9,30|19,2|15,30|25,1|22,29|
#setting_targetting_pos=12,29|5,1|29,30|9,2|19,30|15,1|25,30|22,1|
uLRdlLLL
#000000000000
#assigned_pet=-1,-1,-1,-1,-1,-1,-1,-1,
#assigned_hub=0,0,0,0,0,0,0,0,
#moving_targetting_pos=12,1|5,30|29,2|9,30|19,2|15,30|25,1|22,29|
#setting_targetting_pos=12,29|5,1|29,30|9,2|19,30|15,1|25,30|22,1|
RLlLRdLL
#000000000000
#assigned_pet=-1,-1,-1,-1,-1,-1,-1,-1,
#assigned_hub=0,0,0,0,0,0,0,0,
#moving_targetting_pos=12,1|5,30|29,2|9,30|19,2|15,30|25,1|22,29|
#setting_targetting_pos=12,29|5,1|29,30|9,2|19,30|15,1|25,30|22,1|
RLur.LLd
#000000000000
#assigned_pet=-1,-1,-1,-1,-1,-1,-1,-1,
#assigned_hub=0,0,0,0,0,0,0,0,
#moving_targetting_pos=12,1|5,30|29,2|9,30|19,2|15,30|25,1|22,29|
#setting_targetting_pos=12,29|5,1|29,30|9,2|19,30|15,1|25,30|22,1|
luRLu.Uu
#000000000000
#assigned_pet=-1,-1,-1,-1,-1,-1,-1,-1,
#assigned_hub=0,0,0,0,0,0,0,0,
#moving_targetting_pos=12,1|5,30|29,2|9,30|19,2|15,30|25,1|22,29|
#setting_targetting_pos=12,29|5,1|29,30|9,2|19,30|15,1|25,30|22,1|
dLRuR.dL
#000000000000
#assigned_pet=-1,-1,-1,-1,-1,-1,-1,-1,
#assigned_hub=0,0,0,0,0,0,0,0,
#moving_targetting_pos=12,1|5,30|29,2|9,30|19,2|15,30|25,1|22,29|
#setting_targetting_pos=12,29|5,1|29,30|9,2|19,30|15,1|25,30|22,1|
RddLR.Rr
#000000000000
#assigned_pet=-1,-1,-1,-1,-1,-1,-1,-1,
#assigned_hub=0,0,0,0,0,0,0,0,
#moving_targetting_pos=12,1|5,30|29,2|9,30|19,2|15,30|25,1|22,29|
#setting_targetting_pos=12,29|5,1|29,30|9,2|19,30|15,1|25,30|22,1|
RLRLl.dL
#000000000000
#assigned_pet=-1,-1,-1,-1,-1,-1,-1,-1,
#assigned_hub=0,0,0,0,0,0,0,0,
#moving_targetting_pos=12,1|5,30|29,2|9,30|19,2|15,30|25,1|22,29|
#setting_targetting_pos=12,29|5,1|29,30|9,2|19,30|15,1|25,30|22,1|
R.lrd.RL
#000000000000
#assigned_pet=-1,-1,-1,-1,-1,-1,-1,-1,
#assigned_hub=0,0,0,0,0,0,0,0,
#moving_targetting_pos=12,1|5,30|29,2|9,30|19,2|15,30|25,1|22,29|
#setting_targetting_pos=12,29|5,1|29,30|9,2|19,30|15,1|25,30|22,1|
d.RdR.dd
#000000000000
#assigned_pet=-1,-1,-1,-1,-1,-1,-1,-1,
#assigned_hub=0,0,0,0,0,0,0,0,
#moving_targetting_pos=12,1|5,30|29,2|9,30|19,2|15,30|25,1|22,29|
#setting_targetting_pos=12,29|5,1|29,30|9,2|19,30|15,1|25,30|22,1|
u.uLR.RL
#000000000000
#assigned_pet=-1,-1,-1,-1,-1,-1,-1,-1,
#assigned_hub=0,0,0,0,0,0,0,0,
#moving_targetting_pos=12,1|5,30|29,2|9,30|19,2|15,30|25,1|22,29|
#setting_targetting_pos=12,29|5,1|29,30|9,2|19,30|15,1|25,30|22,1|
RdRLdduL
#000000000000
#assigned_pet=-1,-1,-1,-1,-1,-1,-1,-1,
#assigned_hub=0,0,0,0,0,0,0,0,
#moving_targetting_pos=12,1|5,30|29,2|9,30|19,2|15,30|25,1|22,29|
#setting_targetting_pos=12,29|5,1|29,30|9,2|19,30|15,1|25,30|22,1|
lLRdRLRr
#000000000000
#assigned_pet=-1,-1,-1,-1,-1,-1,-1,-1,
#assigned_hub=0,0,0,0,0,0,0,0,
#moving_targetting_pos=12,1|5,30|29,2|9,30|19,2|15,30|25,1|22,29|
#setting_targetting_pos=12,29|5,1|29,30|9,2|19,30|15,1|25,30|22,1|
RdlLRdRu
#000000000000
#assigned_pet=-1,-1,-1,-1,-1,-1,-1,-1,
#assigned_hub=0,0,0,0,0,0,0,0,
#moving_targetting_pos=12,1|5,30|29,2|9,30|19,2|15,30|25,1|22,29|
#setting_targetting_pos=12,29|5,1|29,30|9,2|19,30|15,1|25,30|22,1|
RLdLlLRL
#000000000000
#assigned_pet=-1,-1,-1,-1,-1,-1,-1,-1,
#assigned_hub=0,0,0,0,0,0,0,0,
#moving_targetting_pos=12,1|5,30|29,2|9,30|19,2|15,30|25,1|22,29|
#setting_targetting_pos=12,29|5,1|29,30|9,2|19,30|15,1|25,30|22,1|
ddR.udRL
#000000000000
#assigned_pet=-1,-1,-1,-1,-1,-1,-1,-1,
#assigned_hub=0,0,0,0,0,0,0,0,
#moving_targetting_pos=12,1|5,30|29,2|9,30|19,2|15,30|25,1|22,29|
#setting_targetting_pos=12,29|5,1|29,30|9,2|19,30|15,1|25,30|22,1|
RLRrRLur
#000000000000
#assigned_pet=-1,-1,-1,-1,-1,-1,-1,-1,
#assigned_hub=0,0,0,0,0,0,0,0,
#moving_targetting_pos=12,1|5,30|29,2|9,30|19,2|15,30|25,1|22,29|
#setting_targetting_pos=12,29|5,1|29,30|9,2|19,30|15,1|25,30|22,1|
Rdd.RdRd
#000000000000
#assigned_pet=-1,-1,-1,-1,-1,-1,-1,-1,
#assigned_hub=0,0,0,0,0,0,0,0,
#moving_targetting_pos=12,1|5,30|29,2|9,30|19,2|15,30|25,1|22,29|
#setting_targetting_pos=12,29|5,1|29,30|9,2|19,30|15,1|25,30|22,1|
lLR.dLdL
#000000000000
#assigned_pet=-1,-1,-1,-1,-1,-1,-1,-1,
#assigned_hub=0,0,0,0,0,0,0,0,
#moving_targetting_pos=12,1|5,30|29,2|9,30|19,2|15,30|25,1|22,29|
#setting_targetting_pos=12,29|5,1|29,30|9,2|19,30|15,1|25,30|22,1|
uuR.RuRL
#000000000000
#assigned_pet=-1,-1,-1,-1,-1,-1,-1,-1,
#assigned_hub=0,0,0,0,0,0,0,0,
#moving_targetting_pos=12,1|5,30|29,2|9,30|19,2|15,30|25,1|22,29|
#setting_targetting_pos=12,29|5,1|29,30|9,2|19,30|15,1|25,30|22,1|
RLlulLdL
#000000000000
#assigned_pet=-1,-1,-1,-1,-1,-1,-1,-1,
#assigned_hub=0,0,0,0,0,0,0,0,
#moving_targetting_pos=12,1|5,30|29,2|9,30|19,2|15,30|25,1|22,29|
#setting_targetting_pos=12,29|5,1|29,30|9,2|19,30|15,1|25,30|22,1|
RL.LRLRd
#000000000000
#assigned_pet=-1,-1,-1,-1,-1,-1,-1,-1,
#assigned_hub=0,0,0,0,0,0,0,0,
#moving_targetting_pos=12,1|5,30|29,2|9,30|19,2|15,30|25,1|22,29|
#setting_targetting_pos=12,29|5,1|29,30|9,2|19,30|15,1|25,30|22,1|
lL.LuL.u
#000000000000
#assigned_pet=-1,-1,-1,-1,-1,-1,-1,-1,
#assigned_hub=0,0,0,0,0,0,0,0,
#moving_targetting_pos=12,1|5,30|29,2|9,30|19,2|15,30|25,1|22,29|
#setting_targetting_pos=12,29|5,1|29,30|9,2|19,30|15,1|25,30|22,1|
dLudRLdL
#000000000000
#assigned_pet=-1,-1,-1,-1,-1,-1,-1,-1,
#assigned_hub=0,0,0,0,0,0,0,0,
#moving_targetting_pos=12,1|5,30|29,2|9,30|19,2|15,30|25,1|22,29|
#setting_targetting_pos=12,29|5,1|29,30|9,2|19,30|15,1|25,30|22,1|
RuRLRuRr
#000000000000
#assigned_pet=-1,-1,-1,-1,-1,-1,-1,-1,
#assigned_hub=0,0,0,0,0,0,0,0,
#moving_targetting_pos=12,1|5,30|29,2|9,30|19,2|15,30|25,1|22,29|
#setting_targetting_pos=12,29|5,1|29,30|9,2|19,30|15,1|25,30|22,1|
RLRrlL.L
#000000000000
#assigned_pet=-1,-1,-1,-1,-1,-1,-1,-1,
#assigned_hub=0,0,0,0,0,0,0,0,
#moving_targetting_pos=12,1|5,30|29,2|9,30|19,2|15,30|25,1|22,29|
#setting_targetting_pos=12,29|5,1|29,30|9,2|19,30|15,1|25,30|22,1|
Rd.Ld.dL
#000000000000
#assigned_pet=-1,-1,-1,-1,-1,-1,-1,-1,
#assigned_hub=0,0,0,0,0,0,0,0,
#moving_targetting_pos=12,1|5,30|29,2|9,30|19,2|15,30|25,1|22,29|
#setting_targetting_pos=12,29|5,1|29,30|9,2|19,30|15,1|25,30|22,1|
dL.uRdRd
#000000000000
#assigned_pet=-1,-1,-1,-1,-1,-1,-1,-1,
#assigned_hub=0,0,0,0,0,0,0,0,
#moving_targetting_pos=12,1|5,30|29,2|9,30|19,2|15,30|25,1|22,29|
#setting_targetting_pos=12,29|5,1|29,30|9,2|19,30|15,1|25,30|22,1|
ud.LRLdL
#000000000000
#assigned_pet=-1,-1,-1,-1,-1,-1,-1,-1,
#assigned_hub=0,0,0,0,0,0,0,0,
#moving_targetting_pos=12,1|5,30|29,2|9,30|19,2|15,30|25,1|22,29|
#setting_targetting_pos=12,29|5,1|29,30|9,2|19,30|15,1|25,30|22,1|
RL.LddRL
#000000000000
#assigned_pet=-1,-1,-1,-1,-1,-1,-1,-1,
#assigned_hub=0,0,0,0,0,0,0,0,
#moving_targetting_pos=12,1|5,30|29,2|9,30|19,2|15,30|25,1|22,29|
#setting_targetting_pos=12,29|5,1|29,30|9,2|19,30|15,1|25,30|22,1|
ld.rRLur
#000000000000
#assigned_pet=-1,-1,-1,-1,-1,-1,-1,-1,
#assigned_hub=0,0,0,0,0,0,0,0,
#moving_targetting_pos=12,1|5,30|29,2|9,30|19,2|15,30|25,1|22,29|
#setting_targetting_pos=12,29|5,1|29,30|9,2|19,30|15,1|25,30|22,1|
RL.dRdRu
#000000000000
#assigned_pet=-1,-1,-1,-1,-1,-1,-1,-1,
#assigned_hub=0,0,0,0,0,0,0,0,
#moving_targetting_pos=12,1|5,30|29,2|9,30|19,2|15,30|25,1|22,29|
#setting_targetting_pos=12,29|5,1|29,30|9,2|19,30|15,1|25,30|22,1|
Rd.LlLRL
#000000000000
#assigned_pet=-1,-1,-1,-1,-1,-1,-1,-1,
#assigned_hub=0,0,0,0,0,0,0,0,
#moving_targetting_pos=12,1|5,30|29,2|9,30|19,2|15,30|25,1|22,29|
#setting_targetting_pos=12,29|5,1|29,30|9,2|19,30|15,1|25,30|22,1|
dL.Lu.RL
#000000000000
#assigned_pet=-1,-1,-1,-1,-1,-1,-1,-1,
#assigned_hub=0,0,0,0,0,0,0,0,
#moving_targetting_pos=12,1|5,30|29,2|9,30|19,2|15,30|25,1|22,29|
#setting_targetting_pos=12,29|5,1|29,30|9,2|19,30|15,1|25,30|22,1|
Rd.dR.Rr
#000000000000
#assigned_pet=-1,-1,-1,-1,-1,-1,-1,-1,
#assigned_hub=0,0,0,0,0,0,0,0,
#moving_targetting_pos=12,1|5,30|29,2|9,30|19,2|15,30|25,1|22,29|
#setting_targetting_pos=12,29|5,1|29,30|9,2|19,30|15,1|25,30|22,1|
RLdLR.ud
#000000000000
#assigned_pet=-1,-1,-1,-1,-1,-1,-1,-1,
#assigned_hub=0,0,0,0,0,0,0,0,
#moving_targetting_pos=12,1|5,30|29,2|9,30|19,2|15,30|25,1|22,29|
#setting_targetting_pos=12,29|5,1|29,30|9,2|19,30|15,1|25,30|22,1|
luRLd.RL
#000000000000
#assigned_pet=-1,-1,-1,-1,-1,-1,-1,-1,
#assigned_hub=0,0,0,0,0,0,0,0,
#moving_targetting_pos=12,1|5,30|29,2|9,30|19,2|15,30|25,1|22,29|
#setting_targetting_pos=12,29|5,1|29,30|9,2|19,30|15,1|25,30|22,1|
uLlrR.dL
#000000000000
#assigned_pet=-1,-1,-1,-1,-1,-1,-1,-1,
#assigned_hub=0,0,0,0,0,0,0,0,
#moving_targetting_pos=12,1|5,30|29,2|9,30|19,2|15,30|25,1|22,29|
#setting_targetting_pos=12,29|5,1|29,30|9,2|19,30|15,1|25,30|22,1|
RLRul.RL
#000000000000
#assigned_pet=-1,-1,-1,-1,-1,-1,-1,-1,
#assigned_hub=0,0,0,0,0,0,0,0,
#moving_targetting_pos=12,1|5,30|29,2|9,30|19,2|15,30|25,1|22,29|
#setting_targetting_pos=12,29|5,1|29,30|9,2|19,30|15,1|25,30|22,1|
RL.LR.dd
#000000000000
#assigned_pet=-1,-1,-1,-1,-1,-1,-1,-1,
#assigned_hub=0,0,0,0,0,0,0,0,
#moving_targetting_pos=12,1|5,30|29,2|9,30|19,2|15,30|25,1|22,29|
#setting_targetting_pos=12,29|5,1|29,30|9,2|19,30|15,1|25,30|22,1|
lLuLu.Ru
#000000000000
#assigned_pet=-1,-1,-1,-1,-1,-1,-1,-1,
#assigned_hub=0,0,0,0,0,0,0,0,
#moving_targetting_pos=12,1|5,30|29,2|9,30|19,2|15,30|25,1|22,29|
#setting_targetting_pos=12,29|5,1|29,30|9,2|19,30|15,1|25,30|22,1|
duRdR.dL
#000000000000
#assigned_pet=-1,-1,-1,-1,-1,-1,-1,-1,
#assigned_hub=0,0,0,0,0,0,0,0,
#moving_targetting_pos=12,1|5,30|29,2|9,30|19,2|15,30|25,1|22,29|
#setting_targetting_pos=12,29|5,1|29,30|9,2|19,30|15,1|25,30|22,1|
RLRLR.Rr
#000000000000
#assigned_pet=-1,-1,-1,-1,-1,-1,-1,-1,
#assigned_hub=0,0,0,0,0,0,0,0,
#moving_targetting_pos=12,1|5,30|29,2|9,30|19,2|15,30|25,1|22,29|
#setting_targetting_pos=12,29|5,1|29,30|9,2|19,30|15,1|25,30|22,1|
Rd.rlddL
#000000000000
#assigned_pet=-1,-1,-1,-1,-1,-1,-1,-1,
#assigned_hub=0,0,0,0,0,0,0,0,
#moving_targetting_pos=12,1|5,30|29,2|9,30|19,2|15,30|25,1|22,29|
#setting_targetting_pos=12,29|5,1|29,30|9,2|19,30|15,1|25,30|22,1|
RL.LdLRL
#000000000000
#assigned_pet=-1,-1,-1,-1,-1,-1,-1,-1,
#assigned_hub=0,0,0,0,0,0,0,0,
#moving_targetting_pos=12,1|5,30|29,2|9,30|2,29|15,30|25,1|22,29|
#setting_targetting_pos=12,29|5,1|29,30|9,2|2,1|15,1|25,30|22,1|
dd.uUddd
#000000000000
#assigned_pet=-1,-1,-1,-1,-1,-1,-1,-1,
#assigned_hub=0,0,0,0,0,0,0,0,
#moving_targetting_pos=12,1|5,30|29,2|9,30|2,29|15,30|25,1|22,29|
#setting_targetting_pos=12,29|5,1|29,30|9,2|2,1|15,1|25,30|22,1|
uLdLLLRL
#000000000000
#assigned_pet=-1,-1,-1,-1,-1,-1,-1,-1,
#assigned_hub=0,0,0,0,0,0,0,0,
#moving_targetting_pos=12,1|5,30|29,2|9,30|2,29|15,30|25,1|22,29|
#setting_targetting_pos=12,29|5,1|29,30|9,2|2,1|15,1|25,30|22,1|
RdlLUuuL
#000000000000
#assigned_pet=-1,-1,-1,-1,-1,-1,-1,-1,
#assigned_hub=0,0,0,0,0,0,0,0,
#moving_targetting_pos=12,1|6,6|29,2|9,30|2,29|15,30|25,1|22,29|
#setting_targetting_pos=12,29|5,1|29,30|9,2|2,1|15,1|25,30|22,1|
lRRrLLRr
#000000000000
#assigned_pet=-1,-1,-1,-1,-1,-1,-1,-1,
#assigned_hub=0,0,0,0,0,0,0,0,
#moving_targetting_pos=12,1|6,6|29,2|9,30|2,29|15,30|25,1|22,29|
#setting_targetting_pos=12,29|-1,-1|29,30|9,2|2,1|15,1|25,30|22,1|
RRRdLLRu
#000000000000
#assigned_pet=-1,-1,-1,-1,-1,-1,-1,-1,
#assigned_hub=0,0,0,3,0,0,0,6,
#moving_targetting_pos=12,1|6,6|29,2|16,6|2,29|15,30|25,1|26,6|
#setting_targetting_pos=12,29|-1,-1|29,30|9,2|2,1|15,1|25,30|22,1|
RRdUULRD
#000000000000
#assigned_pet=-1,-1,-1,-1,-1,-1,-1,-1,
#assigned_hub=0,0,0,3,0,0,0,6,
#moving_targetting_pos=12,1|6,6|29,2|16,6|2,29|15,30|25,1|26,6|
#setting_targetting_pos=12,29|-1,-1|29,30|-1,-1|2,1|15,1|25,30|-1,-1|
rRRRULRR
#000000000000
#assigned_pet=-1,7,-1,-1,-1,-1,-1,-1,
#assigned_hub=0,0,0,3,0,0,0,6,
#moving_targetting_pos=12,1|-1,-1|29,2|16,6|2,29|15,30|25,1|26,6|
#setting_targetting_pos=12,29|4,7|29,30|-1,-1|2,1|15,1|25,30|-1,-1|
dRRUUuuD
#000000000000
#assigned_pet=-1,7,-1,-1,-1,-1,-1,-1,
#assigned_hub=2,0,0,3,0,0,0,6,
#moving_targetting_pos=6,26|-1,-1|29,2|16,6|2,29|15,30|25,1|26,6|
#setting_targetting_pos=12,29|4,7|29,30|-1,-1|2,1|15,1|25,30|-1,-1|
LR.RULRR
#000000000000
#assigned_pet=-1,7,-1,-1,-1,-1,-1,-1,
#assigned_hub=2,0,0,3,0,0,0,6,
#moving_targetting_pos=6,26|-1,-1|29,2|16,6|2,29|15,30|25,1|26,6|
#setting_targetting_pos=-1,-1|4,7|29,30|-1,-1|2,1|15,1|25,30|-1,-1|
L.lRUddD
#000000000000
#assigned_pet=-1,7,-1,-1,-1,-1,-1,-1,
#assigned_hub=2,0,0,3,0,0,0,7,
#moving_targetting_pos=6,26|-1,-1|29,2|16,6|2,29|15,30|25,1|26,16|
#setting_targetting_pos=-1,-1|4,7|29,30|-1,-1|2,1|15,1|25,30|-1,-1|
U..DULRR
#000000000000
#assigned_pet=-1,7,-1,-1,-1,-1,-1,-1,
#assigned_hub=2,0,0,3,0,0,0,7,
#moving_targetting_pos=6,26|-1,-1|29,2|16,6|2,29|15,30|25,1|26,16|
#setting_targetting_pos=-1,-1|4,7|29,30|-1,-1|2,1|15,1|25,30|-1,-1|
U..DUddR
#000000000000
#assigned_pet=-1,7,-1,-1,-1,-1,-1,-1,
#assigned_hub=2,0,0,3,0,0,8,7,
#moving_targetting_pos=6,26|-1,-1|29,2|16,6|2,29|15,30|26,26|26,16|
#setting_targetting_pos=-1,-1|4,7|29,30|-1,-1|2,1|15,1|25,30|-1,-1|
U..DULLR
#000000000000
#assigned_pet=-1,-1,-1,-1,-1,-1,-1,-1,
#assigned_hub=2,0,0,3,0,0,8,7,
#moving_targetting_pos=6,26|-1,-1|29,2|16,6|2,29|15,30|26,26|26,16|
#setting_targetting_pos=-1,-1|-1,-1|29,30|-1,-1|2,1|15,1|-1,-1|-1,-1|
U.uDUdLR
#000000000000
#assigned_pet=-1,7,-1,-1,-1,-1,-1,-1,
#assigned_hub=2,0,0,3,0,4,8,7,
#moving_targetting_pos=6,26|-1,-1|29,2|16,6|2,29|16,16|26,26|26,16|
#setting_targetting_pos=-1,-1|4,7|29,30|-1,-1|2,1|15,1|-1,-1|-1,-1|
L.RDURLR
#000000000000
#assigned_pet=-1,-1,-1,-1,-1,-1,-1,-1,
#assigned_hub=2,0,0,3,0,4,8,7,
#moving_targetting_pos=-1,-1|-1,-1|29,2|16,6|2,29|16,16|-1,-1|26,16|
#setting_targetting_pos=-1,-1|-1,-1|29,30|-1,-1|2,1|-1,-1|-1,-1|-1,-1|
..RDRR.R
#000000000000
#assigned_pet=-1,7,-1,-1,-1,-1,-1,-1,
#assigned_hub=2,0,0,3,0,4,8,7,
#moving_targetting_pos=-1,-1|-1,-1|29,2|16,6|2,29|16,16|-1,-1|26,16|
#setting_targetting_pos=-1,-1|4,7|29,30|-1,-1|2,1|-1,-1|-1,-1|-1,-1|
..dDUR.R
#000000000000
#assigned_pet=-1,-1,-1,-1,-1,-1,-1,-1,
#assigned_hub=2,0,0,3,0,4,8,7,
#moving_targetting_pos=-1,-1|-1,-1|29,2|16,6|2,29|16,16|-1,-1|26,16|
#setting_targetting_pos=-1,-1|-1,-1|29,30|-1,-1|2,1|-1,-1|-1,-1|-1,-1|
..RRUR.R
#000000000000
#assigned_pet=-1,3,-1,3,-1,-1,-1,-1,
#assigned_hub=2,0,0,3,0,4,8,7,
#moving_targetting_pos=-1,-1|-1,-1|29,2|-1,-1|2,29|16,16|-1,-1|26,16|
#setting_targetting_pos=-1,-1|8,7|29,30|14,7|2,1|-1,-1|-1,-1|-1,-1|
.D..RR.R
#000000000000
#assigned_pet=-1,3,-1,3,-1,-1,6,-1,
#assigned_hub=2,0,0,3,0,4,8,7,
#moving_targetting_pos=-1,-1|-1,-1|29,2|-1,-1|2,29|16,16|-1,-1|26,16|
#setting_targetting_pos=-1,-1|8,7|29,30|14,7|2,1|-1,-1|28,27|-1,-1|
.Dl.URDR
#000000000000
#assigned_pet=-1,3,-1,3,-1,-1,6,-1,
#assigned_hub=2,0,0,3,0,4,8,7,
#moving_targetting_pos=-1,-1|-1,-1|29,2|-1,-1|2,29|16,16|-1,-1|26,16|
#setting_targetting_pos=-1,-1|8,7|29,30|14,7|2,1|-1,-1|28,27|-1,-1|
..R.URDR
#000100000000
#assigned_pet=-1,3,-1,3,-1,-1,-1,-1,
#assigned_hub=2,0,0,3,0,4,8,7,
#moving_targetting_pos=-1,-1|-1,-1|29,2|-1,-1|2,29|16,16|-1,-1|26,16|
#setting_targetting_pos=-1,-1|8,7|29,30|14,7|2,1|-1,-1|-1,-1|-1,-1|
.d.rUR.R
#000100000000
#assigned_pet=-1,7,-1,-1,-1,-1,-1,11,
#assigned_hub=2,0,0,3,0,4,8,7,
#moving_targetting_pos=-1,-1|-1,-1|29,2|-1,-1|2,29|16,16|-1,-1|-1,-1|
#setting_targetting_pos=-1,-1|4,7|29,30|-1,-1|2,1|-1,-1|-1,-1|28,17|
.Uu.rR.R
#000100000000
#assigned_pet=-1,7,-1,-1,-1,-1,-1,-1,
#assigned_hub=2,0,0,3,0,4,8,7,
#moving_targetting_pos=-1,-1|-1,-1|29,2|-1,-1|2,29|16,16|-1,-1|-1,-1|
#setting_targetting_pos=-1,-1|4,7|29,30|-1,-1|2,1|-1,-1|-1,-1|-1,-1|
.UR.dR..
#000100000000
#assigned_pet=-1,7,-1,-1,-1,-1,-1,-1,
#assigned_hub=2,0,0,3,0,4,8,7,
#moving_targetting_pos=-1,-1|-1,-1|29,2|-1,-1|2,29|16,16|-1,-1|-1,-1|
#setting_targetting_pos=-1,-1|4,7|29,30|-1,-1|2,1|-1,-1|-1,-1|-1,-1|
..R.LR..
#000100000000
#assigned_pet=-1,5,-1,-1,-1,-1,6,6,
#assigned_hub=2,0,0,3,0,4,8,7,
#moving_targetting_pos=-1,-1|-1,-1|29,2|-1,-1|2,29|16,16|-1,-1|-1,-1|
#setting_targetting_pos=-1,-1|4,7|29,30|-1,-1|2,1|-1,-1|25,24|25,18|
..l.LRLR
#000100000000
#assigned_pet=-1,7,-1,-1,-1,-1,6,6,
#assigned_hub=2,0,0,3,0,4,8,7,
#moving_targetting_pos=-1,-1|-1,-1|29,2|-1,-1|2,29|16,16|-1,-1|-1,-1|
#setting_targetting_pos=-1,-1|4,7|29,30|-1,-1|2,1|-1,-1|25,24|25,18|
..d.LRL.
#000100000000
#assigned_pet=-1,7,-1,-1,-1,-1,6,6,
#assigned_hub=2,0,5,3,0,4,8,7,
#moving_targetting_pos=-1,-1|-1,-1|16,26|-1,-1|2,29|16,16|-1,-1|-1,-1|
#setting_targetting_pos=-1,-1|4,7|29,30|-1,-1|2,1|-1,-1|25,24|25,18|
..U.dRL.
#000100000000
#assigned_pet=-1,7,-1,10,-1,10,6,6,
#assigned_hub=2,0,5,3,0,4,8,7,
#moving_targetting_pos=-1,-1|-1,-1|16,26|-1,-1|2,29|-1,-1|-1,-1|-1,-1|
#setting_targetting_pos=-1,-1|4,7|-1,-1|15,8|2,1|15,14|25,24|25,18|
..LDu.U.
#000100100000
#assigned_pet=-1,7,-1,10,-1,10,6,6,
#assigned_hub=2,0,5,3,0,4,8,7,
#moving_targetting_pos=-1,-1|-1,-1|16,26|-1,-1|2,29|-1,-1|-1,-1|-1,-1|
#setting_targetting_pos=-1,-1|4,7|-1,-1|15,8|2,1|15,14|25,24|25,18|
..URL.ur
#000100100010
#assigned_pet=-1,7,-1,10,-1,10,-1,-1,
#assigned_hub=2,0,5,3,0,4,1,7,
#moving_targetting_pos=-1,-1|-1,-1|16,26|-1,-1|2,29|-1,-1|6,16|-1,-1|
#setting_targetting_pos=-1,-1|4,7|-1,-1|15,8|2,1|15,14|-1,-1|-1,-1|
..LrrlR.
#000100100010
#assigned_pet=-1,-1,-1,-1,-1,-1,-1,-1,
#assigned_hub=2,0,5,3,0,4,1,7,
#moving_targetting_pos=-1,-1|-1,-1|16,26|-1,-1|2,29|-1,-1|6,16|-1,-1|
#setting_targetting_pos=-1,-1|-1,-1|-1,-1|-1,-1|2,1|-1,-1|-1,-1|-1,-1|
..L.L.U.
#000100100010
#assigned_pet=-1,-1,-1,-1,-1,11,-1,11,
#assigned_hub=2,0,5,3,0,4,1,7,
#moving_targetting_pos=-1,-1|-1,-1|16,26|16,6|2,29|-1,-1|6,16|-1,-1|
#setting_targetting_pos=-1,-1|-1,-1|-1,-1|-1,-1|2,1|18,15|-1,-1|24,15|
..U.LDUL
#000100100010
#assigned_pet=-1,-1,-1,-1,-1,11,-1,11,
#assigned_hub=2,0,5,3,0,4,1,7,
#moving_targetting_pos=-1,-1|-1,-1|16,26|16,6|2,29|-1,-1|6,16|-1,-1|
#setting_targetting_pos=-1,-1|-1,-1|-1,-1|-1,-1|2,1|18,15|-1,-1|24,15|
..U.dDUL
#000100100011
#assigned_pet=-1,-1,-1,-1,-1,11,-1,11,
#assigned_hub=2,0,5,3,0,4,1,7,
#moving_targetting_pos=-1,-1|-1,-1|16,26|16,6|2,29|-1,-1|6,16|-1,-1|
#setting_targetting_pos=-1,-1|-1,-1|-1,-1|-1,-1|2,1|18,15|-1,-1|24,15|
..U.LdUu
#000100100011
#assigned_pet=-1,5,-1,-1,-1,-1,-1,-1,
#assigned_hub=2,0,5,3,0,4,1,7,
#moving_targetting_pos=-1,-1|-1,-1|16,26|16,6|2,29|-1,-1|6,16|-1,-1|
#setting_targetting_pos=-1,-1|4,5|-1,-1|-1,-1|2,1|-1,-1|-1,-1|-1,-1|
.LU.L.U.
#000100100011
#assigned_pet=-1,5,-1,-1,-1,-1,-1,-1,
#assigned_hub=2,0,5,3,0,4,1,7,
#moving_targetting_pos=-1,-1|-1,-1|16,26|16,6|2,29|-1,-1|6,16|-1,-1|
#setting_targetting_pos=-1,-1|4,5|-1,-1|-1,-1|2,1|-1,-1|-1,-1|-1,-1|
.LU.r.U.
#000100100011
#assigned_pet=-1,5,-1,-1,-1,-1,-1,-1,
#assigned_hub=2,0,5,3,0,4,1,7,
#moving_targetting_pos=-1,-1|-1,-1|16,26|16,6|2,29|-1,-1|6,16|-1,-1|
#setting_targetting_pos=-1,-1|4,5|-1,-1|-1,-1|2,1|-1,-1|-1,-1|-1,-1|
..U.u.U.
#000100100011
#assigned_pet=-1,5,-1,-1,-1,-1,-1,-1,
#assigned_hub=2,0,5,3,0,4,1,7,
#moving_targetting_pos=-1,-1|-1,-1|16,26|16,6|2,29|-1,-1|6,16|-1,-1|
#setting_targetting_pos=-1,-1|4,5|-1,-1|-1,-1|2,1|-1,-1|-1,-1|-1,-1|
..U.L.U.
#000100100011
#assigned_pet=-1,5,-1,-1,-1,-1,-1,-1,
#assigned_hub=2,0,5,3,0,4,1,7,
#moving_targetting_pos=-1,-1|-1,-1|16,26|-1,-1|2,29|-1,-1|6,16|-1,-1|
#setting_targetting_pos=-1,-1|4,5|-1,-1|-1,-1|2,1|-1,-1|-1,-1|-1,-1|
..U.L.U.
#000100100011
#assigned_pet=-1,5,-1,-1,-1,8,-1,8,
#assigned_hub=2,0,5,3,0,4,1,7,
#moving_targetting_pos=-1,-1|-1,-1|16,26|16,6|2,29|-1,-1|6,16|-1,-1|
#setting_targetting_pos=-1,-1|4,5|-1,-1|-1,-1|2,1|18,17|-1,-1|24,17|
..U.rRLR
#000100100011
#assigned_pet=-1,5,-1,-1,-1,8,-1,8,
#assigned_hub=2,0,5,3,0,4,1,7,
#moving_targetting_pos=-1,-1|-1,-1|16,26|-1,-1|2,29|-1,-1|6,16|-1,-1|
#setting_targetting_pos=-1,-1|5,4|-1,-1|-1,-1|2,1|18,17|-1,-1|24,17|
..L.dRLR
#000100100011
#assigned_pet=-1,5,-1,-1,-1,8,-1,8,
#assigned_hub=2,0,5,3,0,4,1,7,
#moving_targetting_pos=-1,-1|-1,-1|-1,-1|16,6|2,29|-1,-1|6,16|-1,-1|
#setting_targetting_pos=-1,-1|4,5|-1,-1|-1,-1|2,1|18,17|-1,-1|24,17|
....L.L.
#000100100011
#assigned_pet=-1,7,-1,-1,-1,2,-1,2,
#assigned_hub=2,0,5,3,0,4,1,7,
#moving_targetting_pos=-1,-1|-1,-1|-1,-1|16,6|2,29|-1,-1|6,16|-1,-1|
#setting_targetting_pos=-1,-1|4,7|-1,-1|-1,-1|2,1|18,17|-1,-1|24,17|
.R..L.L.
#101100101011
#assigned_pet=-1,5,-1,-1,-1,0,-1,0,
#assigned_hub=2,0,5,3,0,4,1,7,
#moving_targetting_pos=-1,-1|-1,-1|16,26|16,6|2,29|-1,-1|6,16|-1,-1|
#setting_targetting_pos=-1,-1|4,5|-1,-1|-1,-1|2,1|18,17|-1,-1|24,17|
.L..LdLu
#101100101011
#assigned_pet=-1,7,-1,-1,-1,-1,-1,-1,
#assigned_hub=2,0,5,3,0,4,1,7,
#moving_targetting_pos=-1,-1|-1,-1|16,26|16,6|2,29|16,16|6,16|26,16|
#setting_targetting_pos=-1,-1|4,7|-1,-1|-1,-1|2,1|-1,-1|-1,-1|-1,-1|
.R..d.L.
#101100101011
#assigned_pet=-1,5,-1,-1,-1,-1,-1,-1,
#assigned_hub=2,0,5,3,0,4,1,7,
#moving_targetting_pos=-1,-1|-1,-1|16,26|16,6|2,29|16,16|6,16|26,16|
#setting_targetting_pos=-1,-1|4,5|-1,-1|-1,-1|2,1|-1,-1|-1,-1|-1,-1|
.L..u.L.
#101100101011
#assigned_pet=-1,7,-1,-1,-1,-1,-1,-1,
#assigned_hub=2,0,5,3,0,4,1,7,
#moving_targetting_pos=-1,-1|-1,-1|16,26|16,6|2,29|16,16|6,16|26,16|
#setting_targetting_pos=-1,-1|4,7|-1,-1|-1,-1|2,1|-1,-1|-1,-1|-1,-1|
.R..L.L.
#101100101011
#assigned_pet=-1,5,-1,-1,-1,-1,-1,-1,
#assigned_hub=2,0,5,3,0,4,1,7,
#moving_targetting_pos=-1,-1|-1,-1|16,26|16,6|2,29|16,16|6,16|26,16|
#setting_targetting_pos=-1,-1|5,4|-1,-1|-1,-1|2,1|-1,-1|-1,-1|-1,-1|
.L..r.U.
#101100101011
#assigned_pet=9,5,-1,-1,-1,-1,-1,-1,
#assigned_hub=2,0,5,3,0,4,1,7,
#moving_targetting_pos=-1,-1|-1,-1|16,26|16,6|2,29|16,16|6,16|26,16|
#setting_targetting_pos=4,27|4,5|-1,-1|-1,-1|2,1|-1,-1|-1,-1|-1,-1|
R...L.U.
#101100101011
#assigned_pet=9,5,-1,-1,-1,-1,-1,-1,
#assigned_hub=2,0,5,3,0,4,1,7,
#moving_targetting_pos=-1,-1|-1,-1|16,26|16,6|2,29|16,16|6,16|26,16|
#setting_targetting_pos=4,27|4,5|-1,-1|-1,-1|2,1|-1,-1|-1,-1|-1,-1|
U...L.U.
#101100101011
#assigned_pet=9,5,-1,-1,-1,-1,-1,-1,
#assigned_hub=2,0,5,3,0,4,1,7,
#moving_targetting_pos=-1,-1|-1,-1|16,26|16,6|2,29|16,16|6,16|26,16|
#setting_targetting_pos=4,27|4,5|-1,-1|-1,-1|2,1|-1,-1|-1,-1|-1,-1|
U...d.U.
#101100101011
#assigned_pet=-1,7,-1,-1,-1,-1,-1,-1,
#assigned_hub=2,0,5,3,0,4,1,7,
#moving_targetting_pos=-1,-1|-1,-1|16,26|16,6|2,29|16,16|6,16|26,16|
#setting_targetting_pos=-1,-1|4,7|-1,-1|-1,-1|2,1|-1,-1|-1,-1|-1,-1|
.R..L.U.
#101100101011
#assigned_pet=-1,5,-1,-1,-1,-1,-1,-1,
#assigned_hub=2,0,5,3,0,4,1,7,
#moving_targetting_pos=-1,-1|-1,-1|16,26|16,6|2,29|16,16|6,16|26,16|
#setting_targetting_pos=-1,-1|4,7|-1,-1|-1,-1|2,1|-1,-1|-1,-1|-1,-1|
.R..L.U.
#101100101011
#assigned_pet=-1,7,-1,-1,-1,-1,-1,-1,
#assigned_hub=2,0,5,3,0,4,1,7,
#moving_targetting_pos=-1,-1|-1,-1|16,26|16,6|2,29|16,16|6,16|26,16|
#setting_targetting_pos=-1,-1|4,7|-1,-1|-1,-1|2,1|-1,-1|-1,-1|-1,-1|
....r.U.
#101100101011
#assigned_pet=-1,5,-1,-1,-1,-1,-1,-1,
#assigned_hub=2,0,5,3,0,4,1,7,
#moving_targetting_pos=-1,-1|-1,-1|16,26|16,6|2,29|16,16|6,16|26,16|
#setting_targetting_pos=-1,-1|4,5|-1,-1|-1,-1|2,1|-1,-1|-1,-1|-1,-1|
.L..u.U.
#101100101011
#assigned_pet=-1,5,-1,-1,-1,-1,-1,-1,
#assigned_hub=2,0,5,3,0,4,1,7,
#moving_targetting_pos=-1,-1|-1,-1|16,26|16,6|2,29|16,16|6,16|26,16|
#setting_targetting_pos=-1,-1|4,5|-1,-1|-1,-1|2,1|-1,-1|-1,-1|-1,-1|
.L..L.U.
#101100101011
#assigned_pet=-1,5,-1,-1,-1,-1,-1,-1,
#assigned_hub=2,0,5,3,0,4,1,7,
#moving_targetting_pos=-1,-1|-1,-1|16,26|16,6|2,29|16,16|6,16|26,16|
#setting_targetting_pos=-1,-1|4,5|-1,-1|-1,-1|2,1|-1,-1|-1,-1|-1,-1|
....L.L.
#101100101011
#assigned_pet=4,-1,-1,-1,-1,-1,4,-1,
#assigned_hub=2,0,5,3,0,4,1,7,
#moving_targetting_pos=-1,-1|-1,-1|16,26|16,6|2,29|16,16|-1,-1|26,16|
#setting_targetting_pos=7,24|-1,-1|-1,-1|-1,-1|2,1|-1,-1|7,18|-1,-1|
L...r.R.
#101100101011
#assigned_pet=4,5,-1,-1,-1,-1,4,-1,
#assigned_hub=2,0,5,3,0,4,1,7,
#moving_targetting_pos=-1,-1|-1,-1|16,26|16,6|2,29|16,16|-1,-1|26,16|
#setting_targetting_pos=7,24|4,7|-1,-1|-1,-1|2,1|-1,-1|7,18|-1,-1|
LR..d.U.
#101100101011
#assigned_pet=4,5,-1,-1,-1,-1,4,-1,
#assigned_hub=2,0,5,3,0,4,1,7,
#moving_targetting_pos=-1,-1|-1,-1|16,26|16,6|2,29|-1,-1|-1,-1|26,16|
#setting_targetting_pos=7,24|4,7|-1,-1|-1,-1|2,1|-1,-1|7,18|-1,-1|
LR..L...
#101100101011
#assigned_pet=4,5,-1,-1,-1,-1,4,-1,
#assigned_hub=2,0,5,3,0,4,1,7,
#moving_targetting_pos=-1,-1|-1,-1|16,26|16,6|2,29|16,16|-1,-1|26,16|
#setting_targetting_pos=7,24|4,7|-1,-1|-1,-1|2,1|-1,-1|7,18|-1,-1|
....L...
#101100101011
#assigned_pet=4,5,-1,-1,-1,-1,4,-1,
#assigned_hub=2,0,5,3,0,4,1,7,
#moving_targetting_pos=-1,-1|-1,-1|16,26|16,6|2,29|-1,-1|-1,-1|26,16|
#setting_targetting_pos=7,24|4,7|-1,-1|-1,-1|2,1|-1,-1|7,18|-1,-1|
....L...
#101100101011
#assigned_pet=-1,5,-1,-1,-1,-1,-1,-1,
#assigned_hub=2,0,5,3,0,4,1,7,
#moving_targetting_pos=-1,-1|-1,-1|16,26|16,6|2,29|-1,-1|-1,-1|26,16|
#setting_targetting_pos=-1,-1|4,7|-1,-1|-1,-1|2,1|-1,-1|-1,-1|-1,-1|
....u...
#101100101011
#assigned_pet=-1,5,-1,-1,-1,-1,-1,-1,
#assigned_hub=2,0,5,3,0,4,1,7,
#moving_targetting_pos=-1,-1|-1,-1|-1,-1|16,6|2,29|-1,-1|-1,-1|26,16|
#setting_targetting_pos=-1,-1|4,7|-1,-1|-1,-1|2,1|-1,-1|-1,-1|-1,-1|
....d...
#101100101011
#assigned_pet=9,5,9,-1,-1,-1,-1,-1,
#assigned_hub=2,0,5,3,0,4,1,7,
#moving_targetting_pos=-1,-1|-1,-1|-1,-1|16,6|2,29|-1,-1|-1,-1|26,16|
#setting_targetting_pos=8,25|4,7|14,25|-1,-1|2,1|-1,-1|-1,-1|-1,-1|
R.L.L...
#101100101011
#assigned_pet=9,5,9,-1,-1,4,4,-1,
#assigned_hub=2,0,5,3,0,4,1,7,
#moving_targetting_pos=-1,-1|-1,-1|-1,-1|16,6|2,29|-1,-1|-1,-1|26,16|
#setting_targetting_pos=8,25|4,7|14,25|-1,-1|2,1|14,17|8,17|-1,-1|
D.U..U..
#101100101011
#assigned_pet=9,-1,9,-1,-1,4,4,-1,
#assigned_hub=2,0,5,3,0,4,1,7,
#moving_targetting_pos=-1,-1|-1,-1|-1,-1|16,6|2,29|-1,-1|-1,-1|26,16|
#setting_targetting_pos=8,25|-1,-1|14,25|-1,-1|2,1|14,17|8,17|-1,-1|
..U..U..
#101100101011
#assigned_pet=9,5,9,-1,-1,4,4,-1,
#assigned_hub=2,0,5,3,0,4,1,7,
#moving_targetting_pos=-1,-1|-1,-1|-1,-1|16,6|2,29|-1,-1|-1,-1|26,16|
#setting_targetting_pos=8,25|4,5|14,25|-1,-1|2,1|14,17|8,17|-1,-1|
.LU.....
#101100101111
#assigned_pet=9,5,9,-1,-1,-1,-1,-1,
#assigned_hub=2,0,5,3,0,4,1,7,
#moving_targetting_pos=-1,-1|-1,-1|-1,-1|16,6|2,29|-1,-1|-1,-1|26,16|
#setting_targetting_pos=8,25|4,5|14,25|-1,-1|2,1|-1,-1|-1,-1|-1,-1|
dLu.r...
#101100101111
#assigned_pet=-1,5,-1,-1,-1,-1,-1,-1,
#assigned_hub=2,0,5,3,0,4,1,7,
#moving_targetting_pos=-1,-1|-1,-1|16,26|16,6|2,29|-1,-1|-1,-1|26,16|
#setting_targetting_pos=-1,-1|4,5|-1,-1|-1,-1|2,1|-1,-1|-1,-1|-1,-1|
....L...
#101100101111
#assigned_pet=-1,-1,-1,-1,-1,-1,-1,-1,
#assigned_hub=2,0,5,3,0,4,1,7,
#moving_targetting_pos=-1,-1|-1,-1|16,26|-1,-1|2,29|-1,-1|-1,-1|26,16|
#setting_targetting_pos=-1,-1|-1,-1|-1,-1|-1,-1|2,1|-1,-1|-1,-1|-1,-1|
....L...
#101100101111
#assigned_pet=-1,5,-1,-1,-1,4,4,-1,
#assigned_hub=2,0,5,3,0,4,1,7,
#moving_targetting_pos=-1,-1|-1,-1|16,26|-1,-1|2,29|-1,-1|-1,-1|26,16|
#setting_targetting_pos=-1,-1|4,5|-1,-1|-1,-1|2,1|14,15|8,15|-1,-1|
....dLL.
#101100101111
#assigned_pet=-1,5,-1,-1,-1,-1,1,-1,
#assigned_hub=2,0,5,3,0,4,1,7,
#moving_targetting_pos=-1,-1|-1,-1|16,26|-1,-1|2,29|-1,-1|-1,-1|26,16|
#setting_targetting_pos=-1,-1|4,5|-1,-1|-1,-1|2,1|-1,-1|4,17|-1,-1|
....L.R.
#101100101111
#assigned_pet=-1,5,-1,-1,-1,-1,1,-1,
#assigned_hub=2,0,5,3,0,4,1,7,
#moving_targetting_pos=-1,-1|-1,-1|16,26|16,6|2,29|-1,-1|-1,-1|26,16|
#setting_targetting_pos=-1,-1|4,5|-1,-1|-1,-1|2,1|-1,-1|4,17|-1,-1|
....L.U.
#101100101111
#assigned_pet=-1,-1,-1,-1,-1,-1,1,-1,
#assigned_hub=2,0,5,3,0,4,1,7,
#moving_targetting_pos=-1,-1|-1,-1|16,26|16,6|2,29|-1,-1|-1,-1|26,16|
#setting_targetting_pos=-1,-1|-1,-1|-1,-1|-1,-1|2,1|-1,-1|4,17|-1,-1|
....u.U.
#111100101111
#assigned_pet=-1,5,-1,-1,-1,-1,1,-1,
#assigned_hub=2,0,5,3,0,4,1,7,
#moving_targetting_pos=-1,-1|-1,-1|16,26|16,6|2,29|-1,-1|-1,-1|26,16|
#setting_targetting_pos=-1,-1|4,5|-1,-1|-1,-1|2,1|-1,-1|4,17|-1,-1|
......u.
#111100101111
#assigned_pet=-1,5,-1,-1,-1,-1,-1,-1,
#assigned_hub=2,0,5,3,0,4,1,7,
#moving_targetting_pos=-1,-1|-1,-1|16,26|16,6|2,29|-1,-1|-1,-1|26,16|
#setting_targetting_pos=-1,-1|4,5|-1,-1|-1,-1|2,1|-1,-1|-1,-1|-1,-1|
....r...
#111101101111
#assigned_pet=-1,5,-1,-1,-1,-1,-1,-1,
#assigned_hub=2,0,5,3,0,4,1,7,
#moving_targetting_pos=-1,-1|-1,-1|16,26|16,6|2,29|-1,-1|-1,-1|26,16|
#setting_targetting_pos=-1,-1|4,5|-1,-1|-1,-1|2,1|-1,-1|-1,-1|-1,-1|
.u......
#111101101111
#assigned_pet=-1,-1,-1,-1,-1,-1,-1,-1,
#assigned_hub=2,0,5,3,0,4,1,7,
#moving_targetting_pos=-1,-1|-1,-1|16,26|-1,-1|2,29|-1,-1|-1,-1|26,16|
#setting_targetting_pos=-1,-1|-1,-1|-1,-1|-1,-1|2,1|-1,-1|-1,-1|-1,-1|
........
#111101101111
#assigned_pet=-1,-1,-1,-1,-1,-1,-1,-1,
#assigned_hub=2,0,5,3,0,4,1,7,
#moving_targetting_pos=-1,-1|-1,-1|16,26|-1,-1|2,29|-1,-1|-1,-1|26,16|
#setting_targetting_pos=-1,-1|-1,-1|-1,-1|-1,-1|2,1|-1,-1|-1,-1|-1,-1|
........
#111101101111
#assigned_pet=-1,-1,-1,-1,-1,-1,-1,-1,
#assigned_hub=2,0,5,3,0,4,1,7,
#moving_targetting_pos=-1,-1|-1,-1|16,26|-1,-1|2,29|-1,-1|-1,-1|26,16|
#setting_targetting_pos=-1,-1|-1,-1|-1,-1|-1,-1|2,1|-1,-1|-1,-1|-1,-1|
........
#111101101111
#assigned_pet=-1,-1,-1,-1,-1,-1,-1,-1,
#assigned_hub=2,0,5,3,0,4,1,7,
#moving_targetting_pos=-1,-1|-1,-1|16,26|-1,-1|2,29|-1,-1|-1,-1|26,16|
#setting_targetting_pos=-1,-1|-1,-1|-1,-1|-1,-1|2,1|-1,-1|-1,-1|-1,-1|
........
#111101101111
#assigned_pet=-1,-1,-1,-1,-1,-1,-1,-1,
#assigned_hub=2,0,5,3,0,4,1,7,
#moving_targetting_pos=-1,-1|-1,-1|16,26|-1,-1|2,29|-1,-1|-1,-1|26,16|
#setting_targetting_pos=-1,-1|-1,-1|-1,-1|-1,-1|2,1|-1,-1|-1,-1|-1,-1|
........
#111101101111
#assigned_pet=-1,-1,-1,-1,-1,-1,-1,-1,
#assigned_hub=2,0,5,3,0,4,1,7,
#moving_targetting_pos=-1,-1|-1,-1|16,26|-1,-1|2,29|-1,-1|-1,-1|26,16|
#setting_targetting_pos=-1,-1|-1,-1|-1,-1|-1,-1|2,1|-1,-1|-1,-1|-1,-1|
........
#111101101111
#assigned_pet=-1,-1,-1,-1,-1,-1,-1,-1,
#assigned_hub=2,0,5,3,0,4,1,7,
#moving_targetting_pos=-1,-1|-1,-1|16,26|-1,-1|2,29|-1,-1|-1,-1|26,16|
#setting_targetting_pos=-1,-1|-1,-1|-1,-1|-1,-1|2,1|-1,-1|-1,-1|-1,-1|
........
#111101101111
#assigned_pet=-1,-1,-1,-1,-1,-1,-1,-1,
#assigned_hub=2,0,5,3,0,4,1,7,
#moving_targetting_pos=-1,-1|-1,-1|16,26|-1,-1|2,29|-1,-1|-1,-1|26,16|
#setting_targetting_pos=-1,-1|-1,-1|-1,-1|-1,-1|2,1|-1,-1|-1,-1|-1,-1|
........
#111101101111
#assigned_pet=-1,-1,-1,-1,-1,-1,-1,-1,
#assigned_hub=2,0,5,3,0,4,1,7,
#moving_targetting_pos=-1,-1|-1,-1|16,26|-1,-1|2,29|-1,-1|-1,-1|26,16|
#setting_targetting_pos=-1,-1|-1,-1|-1,-1|-1,-1|2,1|-1,-1|-1,-1|-1,-1|
........
#111101101111
#assigned_pet=-1,-1,-1,-1,-1,-1,-1,-1,
#assigned_hub=2,0,5,3,0,4,1,7,
#moving_targetting_pos=-1,-1|-1,-1|16,26|16,6|2,29|-1,-1|-1,-1|26,16|
#setting_targetting_pos=-1,-1|-1,-1|-1,-1|-1,-1|2,1|-1,-1|-1,-1|-1,-1|
........
#111101101111
#assigned_pet=-1,-1,-1,-1,-1,-1,-1,-1,
#assigned_hub=2,0,5,3,0,4,1,7,
#moving_targetting_pos=-1,-1|-1,-1|16,26|-1,-1|2,29|-1,-1|-1,-1|26,16|
#setting_targetting_pos=-1,-1|-1,-1|-1,-1|-1,-1|2,1|-1,-1|-1,-1|-1,-1|
........
#111101101111
#assigned_pet=-1,-1,-1,-1,-1,-1,-1,-1,
#assigned_hub=2,0,5,3,0,4,1,7,
#moving_targetting_pos=-1,-1|-1,-1|16,26|16,6|2,29|-1,-1|-1,-1|26,16|
#setting_targetting_pos=-1,-1|-1,-1|-1,-1|-1,-1|2,1|-1,-1|-1,-1|-1,-1|
........
#111101101111
#assigned_pet=-1,-1,-1,-1,-1,-1,-1,-1,
#assigned_hub=2,0,5,3,0,4,1,7,
#moving_targetting_pos=-1,-1|-1,-1|16,26|-1,-1|2,29|-1,-1|-1,-1|26,16|
#setting_targetting_pos=-1,-1|-1,-1|-1,-1|-1,-1|2,1|-1,-1|-1,-1|-1,-1|
........
#111101101111
#assigned_pet=-1,-1,-1,-1,-1,-1,-1,-1,
#assigned_hub=2,0,5,3,0,4,1,7,
#moving_targetting_pos=-1,-1|-1,-1|16,26|-1,-1|2,29|-1,-1|-1,-1|26,16|
#setting_targetting_pos=-1,-1|-1,-1|-1,-1|-1,-1|2,1|-1,-1|-1,-1|-1,-1|
........
#111101101111
#assigned_pet=-1,-1,-1,-1,-1,-1,-1,-1,
#assigned_hub=2,0,5,3,0,4,1,7,
#moving_targetting_pos=-1,-1|-1,-1|16,26|-1,-1|2,29|-1,-1|-1,-1|26,16|
#setting_targetting_pos=-1,-1|-1,-1|-1,-1|-1,-1|2,1|-1,-1|-1,-1|-1,-1|
........
#111101101111
#assigned_pet=-1,-1,-1,-1,-1,-1,-1,-1,
#assigned_hub=2,0,5,3,0,4,1,7,
#moving_targetting_pos=-1,-1|-1,-1|16,26|-1,-1|2,29|-1,-1|-1,-1|26,16|
#setting_targetting_pos=-1,-1|-1,-1|-1,-1|-1,-1|2,1|-1,-1|-1,-1|-1,-1|
........
#111101101111
#assigned_pet=-1,-1,-1,-1,-1,-1,-1,-1,
#assigned_hub=2,0,5,3,0,4,1,7,
#moving_targetting_pos=-1,-1|-1,-1|16,26|-1,-1|2,29|-1,-1|-1,-1|26,16|
#setting_targetting_pos=-1,-1|-1,-1|-1,-1|-1,-1|2,1|-1,-1|-1,-1|-1,-1|
........
#111101101111
#assigned_pet=-1,-1,-1,-1,-1,-1,-1,-1,
#assigned_hub=2,0,5,3,0,4,1,7,
#moving_targetting_pos=-1,-1|-1,-1|16,26|-1,-1|2,29|-1,-1|-1,-1|26,16|
#setting_targetting_pos=-1,-1|-1,-1|-1,-1|-1,-1|2,1|-1,-1|-1,-1|-1,-1|
........
#111101101111
#assigned_pet=-1,7,-1,7,-1,-1,-1,-1,
#assigned_hub=2,0,5,3,0,4,1,7,
#moving_targetting_pos=-1,-1|-1,-1|16,26|-1,-1|2,29|-1,-1|-1,-1|26,16|
#setting_targetting_pos=-1,-1|8,5|-1,-1|14,5|2,1|-1,-1|-1,-1|-1,-1|
.D.L....
#111101101111
#assigned_pet=-1,7,-1,7,-1,-1,-1,-1,
#assigned_hub=2,0,5,3,0,4,1,7,
#moving_targetting_pos=-1,-1|-1,-1|16,26|-1,-1|2,29|-1,-1|-1,-1|26,16|
#setting_targetting_pos=-1,-1|8,5|-1,-1|14,5|2,1|-1,-1|-1,-1|-1,-1|
.D.L....
#111101111111
#assigned_pet=-1,7,-1,7,-1,-1,-1,-1,
#assigned_hub=2,0,5,3,0,4,1,7,
#moving_targetting_pos=-1,-1|-1,-1|16,26|-1,-1|2,29|-1,-1|-1,-1|26,16|
#setting_targetting_pos=-1,-1|8,5|-1,-1|14,5|2,1|-1,-1|-1,-1|-1,-1|
.d.u....
#111101111111
#assigned_pet=-1,4,-1,-1,-1,-1,4,-1,
#assigned_hub=2,0,5,3,0,4,1,7,
#moving_targetting_pos=-1,-1|-1,-1|16,26|16,6|2,29|-1,-1|-1,-1|26,16|
#setting_targetting_pos=-1,-1|7,8|-1,-1|-1,-1|2,1|-1,-1|7,14|-1,-1|
.R....L.
#111101111111
#assigned_pet=-1,4,-1,-1,-1,-1,4,-1,
#assigned_hub=2,0,5,3,0,4,1,7,
#moving_targetting_pos=6,26|-1,-1|16,26|16,6|2,29|-1,-1|-1,-1|26,16|
#setting_targetting_pos=-1,-1|7,8|-1,-1|-1,-1|2,1|-1,-1|7,14|-1,-1|
.R....L.
#111101111111
#assigned_pet=-1,4,-1,-1,-1,-1,4,-1,
#assigned_hub=2,0,5,3,0,4,1,7,
#moving_targetting_pos=-1,-1|-1,-1|16,26|16,6|2,29|-1,-1|-1,-1|26,16|
#setting_targetting_pos=-1,-1|7,8|-1,-1|-1,-1|2,1|-1,-1|7,14|-1,-1|
......L.
#111101111111
#assigned_pet=-1,4,-1,-1,-1,-1,4,-1,
#assigned_hub=2,0,5,3,0,4,1,7,
#moving_targetting_pos=6,26|-1,-1|16,26|16,6|2,29|-1,-1|-1,-1|26,16|
#setting_targetting_pos=-1,-1|7,8|-1,-1|-1,-1|2,1|-1,-1|7,14|-1,-1|
......D.
#111101111111
#assigned_pet=-1,4,-1,-1,-1,-1,4,-1,
#assigned_hub=2,0,5,3,0,4,1,7,
#moving_targetting_pos=-1,-1|-1,-1|16,26|16,6|2,29|-1,-1|-1,-1|26,16|
#setting_targetting_pos=-1,-1|7,8|-1,-1|-1,-1|2,1|-1,-1|7,14|-1,-1|
........
#111101111111
#assigned_pet=-1,-1,-1,-1,-1,-1,-1,-1,
#assigned_hub=2,0,5,3,0,4,1,7,
#moving_targetting_pos=-1,-1|-1,-1|16,26|16,6|2,29|-1,-1|-1,-1|26,16|
#setting_targetting_pos=-1,-1|-1,-1|-1,-1|-1,-1|2,1|-1,-1|-1,-1|-1,-1|
........
#111101111111
#assigned_pet=-1,-1,-1,-1,-1,-1,-1,-1,
#assigned_hub=2,0,5,3,0,4,1,7,
#moving_targetting_pos=-1,-1|-1,-1|16,26|16,6|2,29|-1,-1|-1,-1|26,16|
#setting_targetting_pos=-1,-1|-1,-1|-1,-1|-1,-1|2,1|-1,-1|-1,-1|-1,-1|
........
#111101111111
#assigned_pet=-1,-1,-1,-1,-1,-1,-1,-1,
#assigned_hub=2,0,5,3,0,4,1,7,
#moving_targetting_pos=-1,-1|-1,-1|16,26|16,6|2,29|-1,-1|-1,-1|26,16|
#setting_targetting_pos=-1,-1|-1,-1|-1,-1|-1,-1|2,1|-1,-1|-1,-1|-1,-1|
........
#111101111111
#assigned_pet=-1,-1,-1,-1,-1,-1,-1,-1,
#assigned_hub=2,0,5,3,0,4,1,7,
#moving_targetting_pos=-1,-1|-1,-1|16,26|16,6|2,29|-1,-1|-1,-1|26,16|
#setting_targetting_pos=-1,-1|-1,-1|-1,-1|-1,-1|2,1|-1,-1|-1,-1|-1,-1|
........
#111101111111
#assigned_pet=-1,-1,-1,-1,-1,-1,-1,-1,
#assigned_hub=2,0,5,3,0,4,1,7,
#moving_targetting_pos=-1,-1|-1,-1|16,26|16,6|2,29|-1,-1|-1,-1|26,16|
#setting_targetting_pos=-1,-1|-1,-1|-1,-1|-1,-1|2,1|-1,-1|-1,-1|-1,-1|
........
#111101111111
#assigned_pet=-1,4,-1,-1,-1,-1,4,-1,
#assigned_hub=2,0,5,3,0,4,1,7,
#moving_targetting_pos=-1,-1|-1,-1|16,26|16,6|2,29|-1,-1|-1,-1|26,16|
#setting_targetting_pos=-1,-1|7,8|-1,-1|-1,-1|2,1|-1,-1|7,14|-1,-1|
........
#111101111111
#assigned_pet=-1,-1,-1,-1,-1,-1,-1,-1,
#assigned_hub=2,0,5,3,0,4,1,7,
#moving_targetting_pos=-1,-1|-1,-1|16,26|16,6|2,29|-1,-1|-1,-1|26,16|
#setting_targetting_pos=-1,-1|-1,-1|-1,-1|-1,-1|2,1|-1,-1|-1,-1|-1,-1|
........
#111101111111
#assigned_pet=-1,-1,-1,-1,-1,-1,-1,-1,
#assigned_hub=2,0,5,3,0,4,1,7,
#moving_targetting_pos=-1,-1|-1,-1|16,26|16,6|2,29|-1,-1|-1,-1|26,16|
#setting_targetting_pos=-1,-1|-1,-1|-1,-1|-1,-1|2,1|-1,-1|-1,-1|-1,-1|
........
#111101111111
#assigned_pet=-1,-1,-1,-1,-1,-1,-1,-1,
#assigned_hub=2,0,5,3,0,4,1,7,
#moving_targetting_pos=-1,-1|-1,-1|16,26|16,6|2,29|-1,-1|-1,-1|26,16|
#setting_targetting_pos=-1,-1|-1,-1|-1,-1|-1,-1|2,1|-1,-1|-1,-1|-1,-1|
........
#111101111111
#assigned_pet=-1,-1,-1,-1,-1,-1,-1,-1,
#assigned_hub=2,0,5,3,0,4,1,7,
#moving_targetting_pos=-1,-1|-1,-1|16,26|16,6|2,29|-1,-1|-1,-1|26,16|
#setting_targetting_pos=-1,-1|-1,-1|-1,-1|-1,-1|2,1|-1,-1|-1,-1|-1,-1|
........
#111101111111
#assigned_pet=-1,-1,-1,-1,-1,-1,-1,-1,
#assigned_hub=2,0,5,3,0,4,1,7,
#moving_targetting_pos=-1,-1|-1,-1|16,26|16,6|2,29|-1,-1|-1,-1|26,16|
#setting_targetting_pos=-1,-1|-1,-1|-1,-1|-1,-1|2,1|-1,-1|-1,-1|-1,-1|
........
#111101111111
#assigned_pet=-1,-1,-1,-1,-1,-1,-1,-1,
#assigned_hub=2,0,5,3,0,4,1,7,
#moving_targetting_pos=-1,-1|-1,-1|16,26|16,6|2,29|-1,-1|-1,-1|26,16|
#setting_targetting_pos=-1,-1|-1,-1|-1,-1|-1,-1|2,1|-1,-1|-1,-1|-1,-1|
........
#111101111111
#assigned_pet=-1,-1,-1,-1,-1,-1,-1,-1,
#assigned_hub=2,0,5,3,0,4,1,7,
#moving_targetting_pos=-1,-1|-1,-1|16,26|16,6|2,29|-1,-1|-1,-1|26,16|
#setting_targetting_pos=-1,-1|-1,-1|-1,-1|-1,-1|2,1|-1,-1|-1,-1|-1,-1|
........
#111101111111
#assigned_pet=-1,-1,-1,-1,-1,4,4,-1,
#assigned_hub=2,0,5,3,0,4,1,7,
#moving_targetting_pos=-1,-1|-1,-1|16,26|16,6|2,29|-1,-1|-1,-1|26,16|
#setting_targetting_pos=-1,-1|-1,-1|-1,-1|-1,-1|2,1|14,15|8,15|-1,-1|
.....LR.
#111101111111
#assigned_pet=-1,-1,-1,-1,-1,4,4,-1,
#assigned_hub=2,0,5,3,0,4,1,7,
#moving_targetting_pos=6,26|-1,-1|16,26|16,6|2,29|-1,-1|-1,-1|26,16|
#setting_targetting_pos=-1,-1|-1,-1|-1,-1|-1,-1|2,1|14,15|8,15|-1,-1|
......D.
#111111111111
#assigned_pet=-1,-1,-1,-1,-1,4,4,-1,
#assigned_hub=2,0,5,3,0,4,1,7,
#moving_targetting_pos=6,26|-1,-1|16,26|16,6|2,29|-1,-1|-1,-1|26,16|
#setting_targetting_pos=-1,-1|-1,-1|-1,-1|-1,-1|2,1|14,15|8,15|-1,-1|
.....ud.
#111111111111
#assigned_pet=-1,-1,-1,-1,-1,-1,-1,-1,
#assigned_hub=2,0,5,3,0,4,1,7,
#moving_targetting_pos=6,26|6,6|16,26|16,6|2,29|16,16|6,16|26,16|
#setting_targetting_pos=-1,-1|-1,-1|-1,-1|-1,-1|2,1|-1,-1|-1,-1|-1,-1|
........
#111111111111
#assigned_pet=-1,-1,-1,-1,-1,-1,-1,-1,
#assigned_hub=2,0,5,3,0,4,1,7,
#moving_targetting_pos=6,26|6,6|16,26|16,6|2,29|16,16|6,16|26,16|
#setting_targetting_pos=-1,-1|-1,-1|-1,-1|-1,-1|2,1|-1,-1|-1,-1|-1,-1|
........
#111111111111
#assigned_pet=-1,-1,-1,-1,-1,-1,-1,-1,
#assigned_hub=2,0,5,3,0,4,1,7,
#moving_targetting_pos=6,26|6,6|16,26|16,6|2,29|16,16|6,16|26,16|
#setting_targetting_pos=-1,-1|-1,-1|-1,-1|-1,-1|2,1|-1,-1|-1,-1|-1,-1|
........
#111111111111
#assigned_pet=-1,-1,-1,-1,-1,-1,-1,-1,
#assigned_hub=2,0,5,3,0,4,1,7,
#moving_targetting_pos=6,26|6,6|16,26|16,6|2,29|16,16|6,16|26,16|
#setting_targetting_pos=-1,-1|-1,-1|-1,-1|-1,-1|2,1|-1,-1|-1,-1|-1,-1|
........
#111111111111
#assigned_pet=-1,-1,-1,-1,-1,-1,-1,-1,
#assigned_hub=2,0,5,3,0,4,1,7,
#moving_targetting_pos=6,26|6,6|16,26|16,6|2,29|16,16|6,16|26,16|
#setting_targetting_pos=-1,-1|-1,-1|-1,-1|-1,-1|2,1|-1,-1|-1,-1|-1,-1|
........
#111111111111
#assigned_pet=-1,-1,-1,-1,-1,-1,-1,-1,
#assigned_hub=2,0,5,3,0,4,1,7,
#moving_targetting_pos=6,26|6,6|16,26|16,6|2,29|16,16|6,16|26,16|
#setting_targetting_pos=-1,-1|-1,-1|-1,-1|-1,-1|2,1|-1,-1|-1,-1|-1,-1|
........
#111111111111
#assigned_pet=-1,-1,-1,-1,-1,-1,-1,-1,
#assigned_hub=2,0,5,3,0,4,1,7,
#moving_targetting_pos=6,26|6,6|16,26|16,6|2,29|16,16|6,16|26,16|
#setting_targetting_pos=-1,-1|-1,-1|-1,-1|-1,-1|2,1|-1,-1|-1,-1|-1,-1|
........
#111111111111
#assigned_pet=-1,-1,-1,-1,-1,-1,-1,-1,
#assigned_hub=2,0,5,3,0,4,1,7,
#moving_targetting_pos=6,26|6,6|16,26|16,6|2,29|16,16|6,16|26,16|
#setting_targetting_pos=-1,-1|-1,-1|-1,-1|-1,-1|2,1|-1,-1|-1,-1|-1,-1|
........
#111111111111
#assigned_pet=-1,-1,-1,-1,-1,-1,-1,-1,
#assigned_hub=2,0,5,3,0,4,1,7,
#moving_targetting_pos=6,26|6,6|16,26|16,6|2,29|16,16|6,16|26,16|
#setting_targetting_pos=-1,-1|-1,-1|-1,-1|-1,-1|2,1|-1,-1|-1,-1|-1,-1|
........
#111111111111
#assigned_pet=-1,-1,-1,-1,-1,-1,-1,-1,
#assigned_hub=2,0,5,3,0,4,1,7,
#moving_targetting_pos=6,26|6,6|16,26|16,6|2,29|16,16|6,16|26,16|
#setting_targetting_pos=-1,-1|-1,-1|-1,-1|-1,-1|2,1|-1,-1|-1,-1|-1,-1|
........
#111111111111
#assigned_pet=-1,-1,-1,-1,-1,-1,-1,-1,
#assigned_hub=2,0,5,3,0,4,1,7,
#moving_targetting_pos=6,26|6,6|16,26|16,6|2,29|16,16|6,16|26,16|
#setting_targetting_pos=-1,-1|-1,-1|-1,-1|-1,-1|2,1|-1,-1|-1,-1|-1,-1|
........
#111111111111
#assigned_pet=-1,-1,-1,-1,-1,-1,-1,-1,
#assigned_hub=2,0,5,3,0,4,1,7,
#moving_targetting_pos=6,26|6,6|16,26|16,6|2,29|16,16|6,16|26,16|
#setting_targetting_pos=-1,-1|-1,-1|-1,-1|-1,-1|2,1|-1,-1|-1,-1|-1,-1|
........
#111111111111
#assigned_pet=-1,-1,-1,-1,-1,-1,-1,-1,
#assigned_hub=2,0,5,3,0,4,1,7,
#moving_targetting_pos=6,26|6,6|16,26|16,6|2,29|16,16|6,16|26,16|
#setting_targetting_pos=-1,-1|-1,-1|-1,-1|-1,-1|2,1|-1,-1|-1,-1|-1,-1|
........
#111111111111
#assigned_pet=-1,-1,-1,-1,-1,-1,-1,-1,
#assigned_hub=2,0,5,3,0,4,1,7,
#moving_targetting_pos=6,26|6,6|16,26|16,6|2,29|16,16|6,16|26,16|
#setting_targetting_pos=-1,-1|-1,-1|-1,-1|-1,-1|2,1|-1,-1|-1,-1|-1,-1|
........
#111111111111
#assigned_pet=-1,-1,-1,-1,-1,-1,-1,-1,
#assigned_hub=2,0,5,3,0,4,1,7,
#moving_targetting_pos=6,26|6,6|16,26|16,6|2,29|16,16|6,16|26,16|
#setting_targetting_pos=-1,-1|-1,-1|-1,-1|-1,-1|2,1|-1,-1|-1,-1|-1,-1|
........
#111111111111
#assigned_pet=-1,-1,-1,-1,-1,-1,-1,-1,
#assigned_hub=2,0,5,3,0,4,1,7,
#moving_targetting_pos=6,26|6,6|16,26|16,6|2,29|16,16|6,16|26,16|
#setting_targetting_pos=-1,-1|-1,-1|-1,-1|-1,-1|2,1|-1,-1|-1,-1|-1,-1|
........
#111111111111
#assigned_pet=-1,-1,-1,-1,-1,-1,-1,-1,
#assigned_hub=2,0,5,3,0,4,1,7,
#moving_targetting_pos=6,26|6,6|16,26|16,6|2,29|16,16|6,16|26,16|
#setting_targetting_pos=-1,-1|-1,-1|-1,-1|-1,-1|2,1|-1,-1|-1,-1|-1,-1|
........
#111111111111
#assigned_pet=-1,-1,-1,-1,-1,-1,-1,-1,
#assigned_hub=2,0,5,3,0,4,1,7,
#moving_targetting_pos=6,26|6,6|16,26|16,6|2,29|16,16|6,16|26,16|
#setting_targetting_pos=-1,-1|-1,-1|-1,-1|-1,-1|2,1|-1,-1|-1,-1|-1,-1|
........
#111111111111
#assigned_pet=-1,-1,-1,-1,-1,-1,-1,-1,
#assigned_hub=2,0,5,3,0,4,1,7,
#moving_targetting_pos=6,26|6,6|16,26|16,6|2,29|16,16|6,16|26,16|
#setting_targetting_pos=-1,-1|-1,-1|-1,-1|-1,-1|2,1|-1,-1|-1,-1|-1,-1|
........
#111111111111
#assigned_pet=-1,-1,-1,-1,-1,-1,-1,-1,
#assigned_hub=2,0,5,3,0,4,1,7,
#moving_targetting_pos=6,26|6,6|16,26|16,6|2,29|16,16|6,16|26,16|
#setting_targetting_pos=-1,-1|-1,-1|-1,-1|-1,-1|2,1|-1,-1|-1,-1|-1,-1|
........
#111111111111
#assigned_pet=-1,-1,-1,-1,-1,-1,-1,-1,
#assigned_hub=2,0,5,3,0,4,1,7,
#moving_targetting_pos=6,26|6,6|16,26|16,6|2,29|16,16|6,16|26,16|
#setting_targetting_pos=-1,-1|-1,-1|-1,-1|-1,-1|2,1|-1,-1|-1,-1|-1,-1|
........
#111111111111
#assigned_pet=-1,-1,-1,-1,-1,-1,-1,-1,
#assigned_hub=2,0,5,3,0,4,1,7,
#moving_targetting_pos=6,26|6,6|16,26|16,6|2,29|16,16|6,16|26,16|
#setting_targetting_pos=-1,-1|-1,-1|-1,-1|-1,-1|2,1|-1,-1|-1,-1|-1,-1|
........
#111111111111
#assigned_pet=-1,-1,-1,-1,-1,-1,-1,-1,
#assigned_hub=2,0,5,3,0,4,1,7,
#moving_targetting_pos=6,26|6,6|16,26|16,6|2,29|16,16|6,16|26,16|
#setting_targetting_pos=-1,-1|-1,-1|-1,-1|-1,-1|2,1|-1,-1|-1,-1|-1,-1|
........
#111111111111
#assigned_pet=-1,-1,-1,-1,-1,-1,-1,-1,
#assigned_hub=2,0,5,3,0,4,1,7,
#moving_targetting_pos=6,26|6,6|16,26|16,6|2,29|16,16|6,16|26,16|
#setting_targetting_pos=-1,-1|-1,-1|-1,-1|-1,-1|2,1|-1,-1|-1,-1|-1,-1|
........
#111111111111
#assigned_pet=-1,-1,-1,-1,-1,-1,-1,-1,
#assigned_hub=2,0,5,3,0,4,1,7,
#moving_targetting_pos=6,26|6,6|16,26|16,6|2,29|16,16|6,16|26,16|
#setting_targetting_pos=-1,-1|-1,-1|-1,-1|-1,-1|2,1|-1,-1|-1,-1|-1,-1|
........
#111111111111
#assigned_pet=-1,-1,-1,-1,-1,-1,-1,-1,
#assigned_hub=2,0,5,3,0,4,1,7,
#moving_targetting_pos=6,26|6,6|16,26|16,6|2,29|16,16|6,16|26,16|
#setting_targetting_pos=-1,-1|-1,-1|-1,-1|-1,-1|2,1|-1,-1|-1,-1|-1,-1|
........
#111111111111
#assigned_pet=-1,-1,-1,-1,-1,-1,-1,-1,
#assigned_hub=2,0,5,3,0,4,1,7,
#moving_targetting_pos=6,26|6,6|16,26|16,6|2,29|16,16|6,16|26,16|
#setting_targetting_pos=-1,-1|-1,-1|-1,-1|-1,-1|2,1|-1,-1|-1,-1|-1,-1|
........
#111111111111
#assigned_pet=-1,-1,-1,-1,-1,-1,-1,-1,
#assigned_hub=2,0,5,3,0,4,1,7,
#moving_targetting_pos=6,26|6,6|16,26|16,6|2,29|16,16|6,16|26,16|
#setting_targetting_pos=-1,-1|-1,-1|-1,-1|-1,-1|2,1|-1,-1|-1,-1|-1,-1|
........
#111111111111
#assigned_pet=-1,-1,-1,-1,-1,-1,-1,-1,
#assigned_hub=2,0,5,3,0,4,1,7,
#moving_targetting_pos=6,26|6,6|16,26|16,6|2,29|16,16|6,16|26,16|
#setting_targetting_pos=-1,-1|-1,-1|-1,-1|-1,-1|2,1|-1,-1|-1,-1|-1,-1|
........
#111111111111
#assigned_pet=-1,-1,-1,-1,-1,-1,-1,-1,
#assigned_hub=2,0,5,3,0,4,1,7,
#moving_targetting_pos=6,26|6,6|16,26|16,6|2,29|16,16|6,16|26,16|
#setting_targetting_pos=-1,-1|-1,-1|-1,-1|-1,-1|2,1|-1,-1|-1,-1|-1,-1|
........
#111111111111
#assigned_pet=-1,-1,-1,-1,-1,-1,-1,-1,
#assigned_hub=2,0,5,3,0,4,1,7,
#moving_targetting_pos=6,26|6,6|16,26|16,6|2,29|16,16|6,16|26,16|
#setting_targetting_pos=-1,-1|-1,-1|-1,-1|-1,-1|2,1|-1,-1|-1,-1|-1,-1|
........
#111111111111
#assigned_pet=-1,-1,-1,-1,-1,-1,-1,-1,
#assigned_hub=2,0,5,3,0,4,1,7,
#moving_targetting_pos=6,26|6,6|16,26|16,6|2,29|16,16|6,16|26,16|
#setting_targetting_pos=-1,-1|-1,-1|-1,-1|-1,-1|2,1|-1,-1|-1,-1|-1,-1|
........
#111111111111
#assigned_pet=-1,-1,-1,-1,-1,-1,-1,-1,
#assigned_hub=2,0,5,3,0,4,1,7,
#moving_targetting_pos=6,26|6,6|16,26|16,6|2,29|16,16|6,16|26,16|
#setting_targetting_pos=-1,-1|-1,-1|-1,-1|-1,-1|2,1|-1,-1|-1,-1|-1,-1|
........
#111111111111
#assigned_pet=-1,-1,-1,-1,-1,-1,-1,-1,
#assigned_hub=2,0,5,3,0,4,1,7,
#moving_targetting_pos=6,26|6,6|16,26|16,6|2,29|16,16|6,16|26,16|
#setting_targetting_pos=-1,-1|-1,-1|-1,-1|-1,-1|2,1|-1,-1|-1,-1|-1,-1|
........
#111111111111
#assigned_pet=-1,-1,-1,-1,-1,-1,-1,-1,
#assigned_hub=2,0,5,3,0,4,1,7,
#moving_targetting_pos=6,26|6,6|16,26|16,6|2,29|16,16|6,16|26,16|
#setting_targetting_pos=-1,-1|-1,-1|-1,-1|-1,-1|2,1|-1,-1|-1,-1|-1,-1|
........
#111111111111
#assigned_pet=-1,-1,-1,-1,-1,-1,-1,-1,
#assigned_hub=2,0,5,3,0,4,1,7,
#moving_targetting_pos=6,26|6,6|16,26|16,6|2,29|16,16|6,16|26,16|
#setting_targetting_pos=-1,-1|-1,-1|-1,-1|-1,-1|2,1|-1,-1|-1,-1|-1,-1|
........
#111111111111
#assigned_pet=-1,-1,-1,-1,-1,-1,-1,-1,
#assigned_hub=2,0,5,3,0,4,1,7,
#moving_targetting_pos=6,26|6,6|16,26|16,6|2,29|16,16|6,16|26,16|
#setting_targetting_pos=-1,-1|-1,-1|-1,-1|-1,-1|2,1|-1,-1|-1,-1|-1,-1|
........
#111111111111
#assigned_pet=-1,-1,-1,-1,-1,-1,-1,-1,
#assigned_hub=2,0,5,3,0,4,1,7,
#moving_targetting_pos=6,26|6,6|16,26|16,6|2,29|16,16|6,16|26,16|
#setting_targetting_pos=-1,-1|-1,-1|-1,-1|-1,-1|2,1|-1,-1|-1,-1|-1,-1|
........
#111111111111
#assigned_pet=-1,-1,-1,-1,-1,-1,-1,-1,
#assigned_hub=2,0,5,3,0,4,1,7,
#moving_targetting_pos=6,26|6,6|16,26|16,6|2,29|16,16|6,16|26,16|
#setting_targetting_pos=-1,-1|-1,-1|-1,-1|-1,-1|2,1|-1,-1|-1,-1|-1,-1|
........
#111111111111
#assigned_pet=-1,-1,-1,-1,-1,-1,-1,-1,
#assigned_hub=2,0,5,3,0,4,1,7,
#moving_targetting_pos=6,26|6,6|16,26|16,6|2,29|16,16|6,16|26,16|
#setting_targetting_pos=-1,-1|-1,-1|-1,-1|-1,-1|2,1|-1,-1|-1,-1|-1,-1|
........
#111111111111
#assigned_pet=-1,-1,-1,-1,-1,-1,-1,-1,
#assigned_hub=2,0,5,3,0,4,1,7,
#moving_targetting_pos=6,26|6,6|16,26|16,6|2,29|16,16|6,16|26,16|
#setting_targetting_pos=-1,-1|-1,-1|-1,-1|-1,-1|2,1|-1,-1|-1,-1|-1,-1|
........
#111111111111
#assigned_pet=-1,-1,-1,-1,-1,-1,-1,-1,
#assigned_hub=2,0,5,3,0,4,1,7,
#moving_targetting_pos=6,26|6,6|16,26|16,6|2,29|16,16|6,16|26,16|
#setting_targetting_pos=-1,-1|-1,-1|-1,-1|-1,-1|2,1|-1,-1|-1,-1|-1,-1|
........
#111111111111
#assigned_pet=-1,-1,-1,-1,-1,-1,-1,-1,
#assigned_hub=2,0,5,3,0,4,1,7,
#moving_targetting_pos=6,26|6,6|16,26|16,6|2,29|16,16|6,16|26,16|
#setting_targetting_pos=-1,-1|-1,-1|-1,-1|-1,-1|2,1|-1,-1|-1,-1|-1,-1|
........
#111111111111
#assigned_pet=-1,-1,-1,-1,-1,-1,-1,-1,
#assigned_hub=2,0,5,3,0,4,1,7,
#moving_targetting_pos=6,26|6,6|16,26|16,6|2,29|16,16|6,16|26,16|
#setting_targetting_pos=-1,-1|-1,-1|-1,-1|-1,-1|2,1|-1,-1|-1,-1|-1,-1|
........
#111111111111
#assigned_pet=-1,-1,-1,-1,-1,-1,-1,-1,
#assigned_hub=2,0,5,3,0,4,1,7,
#moving_targetting_pos=6,26|6,6|16,26|16,6|2,29|16,16|6,16|26,16|
#setting_targetting_pos=-1,-1|-1,-1|-1,-1|-1,-1|2,1|-1,-1|-1,-1|-1,-1|
........
#111111111111
#assigned_pet=-1,-1,-1,-1,-1,-1,-1,-1,
#assigned_hub=2,0,5,3,0,4,1,7,
#moving_targetting_pos=6,26|6,6|16,26|16,6|2,29|16,16|6,16|26,16|
#setting_targetting_pos=-1,-1|-1,-1|-1,-1|-1,-1|2,1|-1,-1|-1,-1|-1,-1|
........
#111111111111
#assigned_pet=-1,-1,-1,-1,-1,-1,-1,-1,
#assigned_hub=2,0,5,3,0,4,1,7,
#moving_targetting_pos=6,26|6,6|16,26|16,6|2,29|16,16|6,16|26,16|
#setting_targetting_pos=-1,-1|-1,-1|-1,-1|-1,-1|2,1|-1,-1|-1,-1|-1,-1|
........
#111111111111
#assigned_pet=-1,-1,-1,-1,-1,-1,-1,-1,
#assigned_hub=2,0,5,3,0,4,1,7,
#moving_targetting_pos=6,26|6,6|16,26|16,6|2,29|16,16|6,16|26,16|
#setting_targetting_pos=-1,-1|-1,-1|-1,-1|-1,-1|2,1|-1,-1|-1,-1|-1,-1|
........
#111111111111
#assigned_pet=-1,-1,-1,-1,-1,-1,-1,-1,
#assigned_hub=2,0,5,3,0,4,1,7,
#moving_targetting_pos=6,26|6,6|16,26|16,6|2,29|16,16|6,16|26,16|
#setting_targetting_pos=-1,-1|-1,-1|-1,-1|-1,-1|2,1|-1,-1|-1,-1|-1,-1|
........
#111111111111
#assigned_pet=-1,-1,-1,-1,-1,-1,-1,-1,
#assigned_hub=2,0,5,3,0,4,1,7,
#moving_targetting_pos=6,26|6,6|16,26|16,6|2,29|16,16|6,16|26,16|
#setting_targetting_pos=-1,-1|-1,-1|-1,-1|-1,-1|2,1|-1,-1|-1,-1|-1,-1|
........
#111111111111
#assigned_pet=-1,-1,-1,-1,-1,-1,-1,-1,
#assigned_hub=2,0,5,3,0,4,1,7,
#moving_targetting_pos=6,26|6,6|16,26|16,6|2,29|16,16|6,16|26,16|
#setting_targetting_pos=-1,-1|-1,-1|-1,-1|-1,-1|2,1|-1,-1|-1,-1|-1,-1|
........
#111111111111
#assigned_pet=-1,-1,-1,-1,-1,-1,-1,-1,
#assigned_hub=2,0,5,3,0,4,1,7,
#moving_targetting_pos=6,26|6,6|16,26|16,6|2,29|16,16|6,16|26,16|
#setting_targetting_pos=-1,-1|-1,-1|-1,-1|-1,-1|2,1|-1,-1|-1,-1|-1,-1|
........
#111111111111
#assigned_pet=-1,-1,-1,-1,-1,-1,-1,-1,
#assigned_hub=2,0,5,3,0,4,1,7,
#moving_targetting_pos=6,26|6,6|16,26|16,6|2,29|16,16|6,16|26,16|
#setting_targetting_pos=-1,-1|-1,-1|-1,-1|-1,-1|2,1|-1,-1|-1,-1|-1,-1|
........
#111111111111
#assigned_pet=-1,-1,-1,-1,-1,-1,-1,-1,
#assigned_hub=2,0,5,3,0,4,1,7,
#moving_targetting_pos=6,26|6,6|16,26|16,6|2,29|16,16|6,16|26,16|
#setting_targetting_pos=-1,-1|-1,-1|-1,-1|-1,-1|2,1|-1,-1|-1,-1|-1,-1|
........
#111111111111
#assigned_pet=-1,-1,-1,-1,-1,-1,-1,-1,
#assigned_hub=2,0,5,3,0,4,1,7,
#moving_targetting_pos=6,26|6,6|16,26|16,6|2,29|16,16|6,16|26,16|
#setting_targetting_pos=-1,-1|-1,-1|-1,-1|-1,-1|2,1|-1,-1|-1,-1|-1,-1|
........
#111111111111
#assigned_pet=-1,-1,-1,-1,-1,-1,-1,-1,
#assigned_hub=2,0,5,3,0,4,1,7,
#moving_targetting_pos=6,26|6,6|16,26|16,6|2,29|16,16|6,16|26,16|
#setting_targetting_pos=-1,-1|-1,-1|-1,-1|-1,-1|2,1|-1,-1|-1,-1|-1,-1|
........
#111111111111
#assigned_pet=-1,-1,-1,-1,-1,-1,-1,-1,
#assigned_hub=2,0,5,3,0,4,1,7,
#moving_targetting_pos=6,26|6,6|16,26|16,6|2,29|16,16|6,16|26,16|
#setting_targetting_pos=-1,-1|-1,-1|-1,-1|-1,-1|2,1|-1,-1|-1,-1|-1,-1|
........
#111111111111
#assigned_pet=-1,-1,-1,-1,-1,-1,-1,-1,
#assigned_hub=2,0,5,3,0,4,1,7,
#moving_targetting_pos=6,26|6,6|16,26|16,6|2,29|16,16|6,16|26,16|
#setting_targetting_pos=-1,-1|-1,-1|-1,-1|-1,-1|2,1|-1,-1|-1,-1|-1,-1|
........
#111111111111
#assigned_pet=-1,-1,-1,-1,-1,-1,-1,-1,
#assigned_hub=2,0,5,3,0,4,1,7,
#moving_targetting_pos=6,26|6,6|16,26|16,6|2,29|16,16|6,16|26,16|
#setting_targetting_pos=-1,-1|-1,-1|-1,-1|-1,-1|2,1|-1,-1|-1,-1|-1,-1|
........
#111111111111
#assigned_pet=-1,-1,-1,-1,-1,-1,-1,-1,
#assigned_hub=2,0,5,3,0,4,1,7,
#moving_targetting_pos=6,26|6,6|16,26|16,6|2,29|16,16|6,16|26,16|
#setting_targetting_pos=-1,-1|-1,-1|-1,-1|-1,-1|2,1|-1,-1|-1,-1|-1,-1|
........
#111111111111
#assigned_pet=-1,-1,-1,-1,-1,-1,-1,-1,
#assigned_hub=2,0,5,3,0,4,1,7,
#moving_targetting_pos=6,26|6,6|16,26|16,6|2,29|16,16|6,16|26,16|
#setting_targetting_pos=-1,-1|-1,-1|-1,-1|-1,-1|2,1|-1,-1|-1,-1|-1,-1|
........
#111111111111
#assigned_pet=-1,-1,-1,-1,-1,-1,-1,-1,
#assigned_hub=2,0,5,3,0,4,1,7,
#moving_targetting_pos=6,26|6,6|16,26|16,6|2,29|16,16|6,16|26,16|
#setting_targetting_pos=-1,-1|-1,-1|-1,-1|-1,-1|2,1|-1,-1|-1,-1|-1,-1|
........
#111111111111
#assigned_pet=-1,-1,-1,-1,-1,-1,-1,-1,
#assigned_hub=2,0,5,3,0,4,1,7,
#moving_targetting_pos=6,26|6,6|16,26|16,6|2,29|16,16|6,16|26,16|
#setting_targetting_pos=-1,-1|-1,-1|-1,-1|-1,-1|2,1|-1,-1|-1,-1|-1,-1|
........
#111111111111
#assigned_pet=-1,-1,-1,-1,-1,-1,-1,-1,
#assigned_hub=2,0,5,3,0,4,1,7,
#moving_targetting_pos=6,26|6,6|16,26|16,6|2,29|16,16|6,16|26,16|
#setting_targetting_pos=-1,-1|-1,-1|-1,-1|-1,-1|2,1|-1,-1|-1,-1|-1,-1|
........
#111111111111
#assigned_pet=-1,-1,-1,-1,-1,-1,-1,-1,
#assigned_hub=2,0,5,3,0,4,1,7,
#moving_targetting_pos=6,26|6,6|16,26|16,6|2,29|16,16|6,16|26,16|
#setting_targetting_pos=-1,-1|-1,-1|-1,-1|-1,-1|2,1|-1,-1|-1,-1|-1,-1|
........
#111111111111
#assigned_pet=-1,-1,-1,-1,-1,-1,-1,-1,
#assigned_hub=2,0,5,3,0,4,1,7,
#moving_targetting_pos=6,26|6,6|16,26|16,6|2,29|16,16|6,16|26,16|
#setting_targetting_pos=-1,-1|-1,-1|-1,-1|-1,-1|2,1|-1,-1|-1,-1|-1,-1|
........
#111111111111
#assigned_pet=-1,-1,-1,-1,-1,-1,-1,-1,
#assigned_hub=2,0,5,3,0,4,1,7,
#moving_targetting_pos=6,26|6,6|16,26|16,6|2,29|16,16|6,16|26,16|
#setting_targetting_pos=-1,-1|-1,-1|-1,-1|-1,-1|2,1|-1,-1|-1,-1|-1,-1|
........
#111111111111
#assigned_pet=-1,-1,-1,-1,-1,-1,-1,-1,
#assigned_hub=2,0,5,3,0,4,1,7,
#moving_targetting_pos=6,26|6,6|16,26|16,6|2,29|16,16|6,16|26,16|
#setting_targetting_pos=-1,-1|-1,-1|-1,-1|-1,-1|2,1|-1,-1|-1,-1|-1,-1|
........
#111111111111
#assigned_pet=-1,-1,-1,-1,-1,-1,-1,-1,
#assigned_hub=2,0,5,3,0,4,1,7,
#moving_targetting_pos=6,26|6,6|16,26|16,6|2,29|16,16|6,16|26,16|
#setting_targetting_pos=-1,-1|-1,-1|-1,-1|-1,-1|2,1|-1,-1|-1,-1|-1,-1|
........
#111111111111
#assigned_pet=-1,-1,-1,-1,-1,-1,-1,-1,
#assigned_hub=2,0,5,3,0,4,1,7,
#moving_targetting_pos=6,26|6,6|16,26|16,6|2,29|16,16|6,16|26,16|
#setting_targetting_pos=-1,-1|-1,-1|-1,-1|-1,-1|2,1|-1,-1|-1,-1|-1,-1|
........
#111111111111
#assigned_pet=-1,-1,-1,-1,-1,-1,-1,-1,
#assigned_hub=2,0,5,3,0,4,1,7,
#moving_targetting_pos=6,26|6,6|16,26|16,6|2,29|16,16|6,16|26,16|
#setting_targetting_pos=-1,-1|-1,-1|-1,-1|-1,-1|2,1|-1,-1|-1,-1|-1,-1|
........
#111111111111
#assigned_pet=-1,-1,-1,-1,-1,-1,-1,-1,
#assigned_hub=2,0,5,3,0,4,1,7,
#moving_targetting_pos=6,26|6,6|16,26|16,6|2,29|16,16|6,16|26,16|
#setting_targetting_pos=-1,-1|-1,-1|-1,-1|-1,-1|2,1|-1,-1|-1,-1|-1,-1|
........
#111111111111
#assigned_pet=-1,-1,-1,-1,-1,-1,-1,-1,
#assigned_hub=2,0,5,3,0,4,1,7,
#moving_targetting_pos=6,26|6,6|16,26|16,6|2,29|16,16|6,16|26,16|
#setting_targetting_pos=-1,-1|-1,-1|-1,-1|-1,-1|2,1|-1,-1|-1,-1|-1,-1|
........
#111111111111
#assigned_pet=-1,-1,-1,-1,-1,-1,-1,-1,
#assigned_hub=2,0,5,3,0,4,1,7,
#moving_targetting_pos=6,26|6,6|16,26|16,6|2,29|16,16|6,16|26,16|
#setting_targetting_pos=-1,-1|-1,-1|-1,-1|-1,-1|2,1|-1,-1|-1,-1|-1,-1|
........
#111111111111
#assigned_pet=-1,-1,-1,-1,-1,-1,-1,-1,
#assigned_hub=2,0,5,3,0,4,1,7,
#moving_targetting_pos=6,26|6,6|16,26|16,6|2,29|16,16|6,16|26,16|
#setting_targetting_pos=-1,-1|-1,-1|-1,-1|-1,-1|2,1|-1,-1|-1,-1|-1,-1|
........
#111111111111
#assigned_pet=-1,-1,-1,-1,-1,-1,-1,-1,
#assigned_hub=2,0,5,3,0,4,1,7,
#moving_targetting_pos=6,26|6,6|16,26|16,6|2,29|16,16|6,16|26,16|
#setting_targetting_pos=-1,-1|-1,-1|-1,-1|-1,-1|2,1|-1,-1|-1,-1|-1,-1|
........
#111111111111
#assigned_pet=-1,-1,-1,-1,-1,-1,-1,-1,
#assigned_hub=2,0,5,3,0,4,1,7,
#moving_targetting_pos=6,26|6,6|16,26|16,6|2,29|16,16|6,16|26,16|
#setting_targetting_pos=-1,-1|-1,-1|-1,-1|-1,-1|2,1|-1,-1|-1,-1|-1,-1|
........
#111111111111
#assigned_pet=-1,-1,-1,-1,-1,-1,-1,-1,
#assigned_hub=2,0,5,3,0,4,1,7,
#moving_targetting_pos=6,26|6,6|16,26|16,6|2,29|16,16|6,16|26,16|
#setting_targetting_pos=-1,-1|-1,-1|-1,-1|-1,-1|2,1|-1,-1|-1,-1|-1,-1|
........
#111111111111
#assigned_pet=-1,-1,-1,-1,-1,-1,-1,-1,
#assigned_hub=2,0,5,3,0,4,1,7,
#moving_targetting_pos=6,26|6,6|16,26|16,6|2,29|16,16|6,16|26,16|
#setting_targetting_pos=-1,-1|-1,-1|-1,-1|-1,-1|2,1|-1,-1|-1,-1|-1,-1|
........
#111111111111
#assigned_pet=-1,-1,-1,-1,-1,-1,-1,-1,
#assigned_hub=2,0,5,3,0,4,1,7,
#moving_targetting_pos=6,26|6,6|16,26|16,6|2,29|16,16|6,16|26,16|
#setting_targetting_pos=-1,-1|-1,-1|-1,-1|-1,-1|2,1|-1,-1|-1,-1|-1,-1|
........
#111111111111
#assigned_pet=-1,-1,-1,-1,-1,-1,-1,-1,
#assigned_hub=2,0,5,3,0,4,1,7,
#moving_targetting_pos=6,26|6,6|16,26|16,6|2,29|16,16|6,16|26,16|
#setting_targetting_pos=-1,-1|-1,-1|-1,-1|-1,-1|2,1|-1,-1|-1,-1|-1,-1|
........
#111111111111
#assigned_pet=-1,-1,-1,-1,-1,-1,-1,-1,
#assigned_hub=2,0,5,3,0,4,1,7,
#moving_targetting_pos=6,26|6,6|16,26|16,6|2,29|16,16|6,16|26,16|
#setting_targetting_pos=-1,-1|-1,-1|-1,-1|-1,-1|2,1|-1,-1|-1,-1|-1,-1|
........
#111111111111
#assigned_pet=-1,-1,-1,-1,-1,-1,-1,-1,
#assigned_hub=2,0,5,3,0,4,1,7,
#moving_targetting_pos=6,26|6,6|16,26|16,6|2,29|16,16|6,16|26,16|
#setting_targetting_pos=-1,-1|-1,-1|-1,-1|-1,-1|2,1|-1,-1|-1,-1|-1,-1|
........
#111111111111
#assigned_pet=-1,-1,-1,-1,-1,-1,-1,-1,
#assigned_hub=2,0,5,3,0,4,1,7,
#moving_targetting_pos=6,26|6,6|16,26|16,6|2,29|16,16|6,16|26,16|
#setting_targetting_pos=-1,-1|-1,-1|-1,-1|-1,-1|2,1|-1,-1|-1,-1|-1,-1|
........
#111111111111
#assigned_pet=-1,-1,-1,-1,-1,-1,-1,-1,
#assigned_hub=2,0,5,3,0,4,1,7,
#moving_targetting_pos=6,26|6,6|16,26|16,6|2,29|16,16|6,16|26,16|
#setting_targetting_pos=-1,-1|-1,-1|-1,-1|-1,-1|2,1|-1,-1|-1,-1|-1,-1|
........
#111111111111
#assigned_pet=-1,-1,-1,-1,-1,-1,-1,-1,
#assigned_hub=2,0,5,3,0,4,1,7,
#moving_targetting_pos=6,26|6,6|16,26|16,6|2,29|16,16|6,16|26,16|
#setting_targetting_pos=-1,-1|-1,-1|-1,-1|-1,-1|2,1|-1,-1|-1,-1|-1,-1|
........
#111111111111
#assigned_pet=-1,-1,-1,-1,-1,-1,-1,-1,
#assigned_hub=2,0,5,3,0,4,1,7,
#moving_targetting_pos=6,26|6,6|16,26|16,6|2,29|16,16|6,16|26,16|
#setting_targetting_pos=-1,-1|-1,-1|-1,-1|-1,-1|2,1|-1,-1|-1,-1|-1,-1|
........
#111111111111
#assigned_pet=-1,-1,-1,-1,-1,-1,-1,-1,
#assigned_hub=2,0,5,3,0,4,1,7,
#moving_targetting_pos=6,26|6,6|16,26|16,6|2,29|16,16|6,16|26,16|
#setting_targetting_pos=-1,-1|-1,-1|-1,-1|-1,-1|2,1|-1,-1|-1,-1|-1,-1|
........
#111111111111
#assigned_pet=-1,-1,-1,-1,-1,-1,-1,-1,
#assigned_hub=2,0,5,3,0,4,1,7,
#moving_targetting_pos=6,26|6,6|16,26|16,6|2,29|16,16|6,16|26,16|
#setting_targetting_pos=-1,-1|-1,-1|-1,-1|-1,-1|2,1|-1,-1|-1,-1|-1,-1|
........
#111111111111
#assigned_pet=-1,-1,-1,-1,-1,-1,-1,-1,
#assigned_hub=2,0,5,3,0,4,1,7,
#moving_targetting_pos=6,26|6,6|16,26|16,6|2,29|16,16|6,16|26,16|
#setting_targetting_pos=-1,-1|-1,-1|-1,-1|-1,-1|2,1|-1,-1|-1,-1|-1,-1|
........
#111111111111
#assigned_pet=-1,-1,-1,-1,-1,-1,-1,-1,
#assigned_hub=2,0,5,3,0,4,1,7,
#moving_targetting_pos=6,26|6,6|16,26|16,6|2,29|16,16|6,16|26,16|
#setting_targetting_pos=-1,-1|-1,-1|-1,-1|-1,-1|2,1|-1,-1|-1,-1|-1,-1|
........
#111111111111
#assigned_pet=-1,-1,-1,-1,-1,-1,-1,-1,
#assigned_hub=2,0,5,3,0,4,1,7,
#moving_targetting_pos=6,26|6,6|16,26|16,6|2,29|16,16|6,16|26,16|
#setting_targetting_pos=-1,-1|-1,-1|-1,-1|-1,-1|2,1|-1,-1|-1,-1|-1,-1|
........
#111111111111
#assigned_pet=-1,-1,-1,-1,-1,-1,-1,-1,
#assigned_hub=2,0,5,3,0,4,1,7,
#moving_targetting_pos=6,26|6,6|16,26|16,6|2,29|16,16|6,16|26,16|
#setting_targetting_pos=-1,-1|-1,-1|-1,-1|-1,-1|2,1|-1,-1|-1,-1|-1,-1|
........
#111111111111
#assigned_pet=-1,-1,-1,-1,-1,-1,-1,-1,
#assigned_hub=2,0,5,3,0,4,1,7,
#moving_targetting_pos=6,26|6,6|16,26|16,6|2,29|16,16|6,16|26,16|
#setting_targetting_pos=-1,-1|-1,-1|-1,-1|-1,-1|2,1|-1,-1|-1,-1|-1,-1|
........
#111111111111
#assigned_pet=-1,-1,-1,-1,-1,-1,-1,-1,
#assigned_hub=2,0,5,3,0,4,1,7,
#moving_targetting_pos=6,26|6,6|16,26|16,6|2,29|16,16|6,16|26,16|
#setting_targetting_pos=-1,-1|-1,-1|-1,-1|-1,-1|2,1|-1,-1|-1,-1|-1,-1|
........
#111111111111
#assigned_pet=-1,-1,-1,-1,-1,-1,-1,-1,
#assigned_hub=2,0,5,3,0,4,1,7,
#moving_targetting_pos=6,26|6,6|16,26|16,6|2,29|16,16|6,16|26,16|
#setting_targetting_pos=-1,-1|-1,-1|-1,-1|-1,-1|2,1|-1,-1|-1,-1|-1,-1|
........
#111111111111
#assigned_pet=-1,-1,-1,-1,-1,-1,-1,-1,
#assigned_hub=2,0,5,3,0,4,1,7,
#moving_targetting_pos=6,26|6,6|16,26|16,6|2,29|16,16|6,16|26,16|
#setting_targetting_pos=-1,-1|-1,-1|-1,-1|-1,-1|2,1|-1,-1|-1,-1|-1,-1|
........
#111111111111
#assigned_pet=-1,-1,-1,-1,-1,-1,-1,-1,
#assigned_hub=2,0,5,3,0,4,1,7,
#moving_targetting_pos=6,26|6,6|16,26|16,6|2,29|16,16|6,16|26,16|
#setting_targetting_pos=-1,-1|-1,-1|-1,-1|-1,-1|2,1|-1,-1|-1,-1|-1,-1|
........
#111111111111
#assigned_pet=-1,-1,-1,-1,-1,-1,-1,-1,
#assigned_hub=2,0,5,3,0,4,1,7,
#moving_targetting_pos=6,26|6,6|16,26|16,6|2,29|16,16|6,16|26,16|
#setting_targetting_pos=-1,-1|-1,-1|-1,-1|-1,-1|2,1|-1,-1|-1,-1|-1,-1|
........
#111111111111
#assigned_pet=-1,-1,-1,-1,-1,-1,-1,-1,
#assigned_hub=2,0,5,3,0,4,1,7,
#moving_targetting_pos=6,26|6,6|16,26|16,6|2,29|16,16|6,16|26,16|
#setting_targetting_pos=-1,-1|-1,-1|-1,-1|-1,-1|2,1|-1,-1|-1,-1|-1,-1|
........
#111111111111
#assigned_pet=-1,-1,-1,-1,-1,-1,-1,-1,
#assigned_hub=2,0,5,3,0,4,1,7,
#moving_targetting_pos=6,26|6,6|16,26|16,6|2,29|16,16|6,16|26,16|
#setting_targetting_pos=-1,-1|-1,-1|-1,-1|-1,-1|2,1|-1,-1|-1,-1|-1,-1|
........
#111111111111
#assigned_pet=-1,-1,-1,-1,-1,-1,-1,-1,
#assigned_hub=2,0,5,3,0,4,1,7,
#moving_targetting_pos=6,26|6,6|16,26|16,6|2,29|16,16|6,16|26,16|
#setting_targetting_pos=-1,-1|-1,-1|-1,-1|-1,-1|2,1|-1,-1|-1,-1|-1,-1|
........
#111111111111
#assigned_pet=-1,-1,-1,-1,-1,-1,-1,-1,
#assigned_hub=2,0,5,3,0,4,1,7,
#moving_targetting_pos=6,26|6,6|16,26|16,6|2,29|16,16|6,16|26,16|
#setting_targetting_pos=-1,-1|-1,-1|-1,-1|-1,-1|2,1|-1,-1|-1,-1|-1,-1|
........
#111111111111
#assigned_pet=-1,-1,-1,-1,-1,-1,-1,-1,
#assigned_hub=2,0,5,3,0,4,1,7,
#moving_targetting_pos=6,26|6,6|16,26|16,6|2,29|16,16|6,16|26,16|
#setting_targetting_pos=-1,-1|-1,-1|-1,-1|-1,-1|2,1|-1,-1|-1,-1|-1,-1|
........
#111111111111
#assigned_pet=-1,-1,-1,-1,-1,-1,-1,-1,
#assigned_hub=2,0,5,3,0,4,1,7,
#moving_targetting_pos=6,26|6,6|16,26|16,6|2,29|16,16|6,16|26,16|
#setting_targetting_pos=-1,-1|-1,-1|-1,-1|-1,-1|2,1|-1,-1|-1,-1|-1,-1|
........
#111111111111
#assigned_pet=-1,-1,-1,-1,-1,-1,-1,-1,
#assigned_hub=2,0,5,3,0,4,1,7,
#moving_targetting_pos=6,26|6,6|16,26|16,6|2,29|16,16|6,16|26,16|
#setting_targetting_pos=-1,-1|-1,-1|-1,-1|-1,-1|2,1|-1,-1|-1,-1|-1,-1|
........
#111111111111
#assigned_pet=-1,-1,-1,-1,-1,-1,-1,-1,
#assigned_hub=2,0,5,3,0,4,1,7,
#moving_targetting_pos=6,26|6,6|16,26|16,6|2,29|16,16|6,16|26,16|
#setting_targetting_pos=-1,-1|-1,-1|-1,-1|-1,-1|2,1|-1,-1|-1,-1|-1,-1|
........
#111111111111
#assigned_pet=-1,-1,-1,-1,-1,-1,-1,-1,
#assigned_hub=2,0,5,3,0,4,1,7,
#moving_targetting_pos=6,26|6,6|16,26|16,6|2,29|16,16|6,16|26,16|
#setting_targetting_pos=-1,-1|-1,-1|-1,-1|-1,-1|2,1|-1,-1|-1,-1|-1,-1|
........
#111111111111
#assigned_pet=-1,-1,-1,-1,-1,-1,-1,-1,
#assigned_hub=2,0,5,3,0,4,1,7,
#moving_targetting_pos=6,26|6,6|16,26|16,6|2,29|16,16|6,16|26,16|
#setting_targetting_pos=-1,-1|-1,-1|-1,-1|-1,-1|2,1|-1,-1|-1,-1|-1,-1|
........
#111111111111
#assigned_pet=-1,-1,-1,-1,-1,-1,-1,-1,
#assigned_hub=2,0,5,3,0,4,1,7,
#moving_targetting_pos=6,26|6,6|16,26|16,6|2,29|16,16|6,16|26,16|
#setting_targetting_pos=-1,-1|-1,-1|-1,-1|-1,-1|2,1|-1,-1|-1,-1|-1,-1|
........
#111111111111
#assigned_pet=-1,-1,-1,-1,-1,-1,-1,-1,
#assigned_hub=2,0,5,3,0,4,1,7,
#moving_targetting_pos=6,26|6,6|16,26|16,6|2,29|16,16|6,16|26,16|
#setting_targetting_pos=-1,-1|-1,-1|-1,-1|-1,-1|2,1|-1,-1|-1,-1|-1,-1|
........
#111111111111
#assigned_pet=-1,-1,-1,-1,-1,-1,-1,-1,
#assigned_hub=2,0,5,3,0,4,1,7,
#moving_targetting_pos=6,26|6,6|16,26|16,6|2,29|16,16|6,16|26,16|
#setting_targetting_pos=-1,-1|-1,-1|-1,-1|-1,-1|2,1|-1,-1|-1,-1|-1,-1|
........
#111111111111
#assigned_pet=-1,-1,-1,-1,-1,-1,-1,-1,
#assigned_hub=2,0,5,3,0,4,1,7,
#moving_targetting_pos=6,26|6,6|16,26|16,6|2,29|16,16|6,16|26,16|
#setting_targetting_pos=-1,-1|-1,-1|-1,-1|-1,-1|2,1|-1,-1|-1,-1|-1,-1|
........
#111111111111
#assigned_pet=-1,-1,-1,-1,-1,-1,-1,-1,
#assigned_hub=2,0,5,3,0,4,1,7,
#moving_targetting_pos=6,26|6,6|16,26|16,6|2,29|16,16|6,16|26,16|
#setting_targetting_pos=-1,-1|-1,-1|-1,-1|-1,-1|2,1|-1,-1|-1,-1|-1,-1|
........
#111111111111
#assigned_pet=-1,-1,-1,-1,-1,-1,-1,-1,
#assigned_hub=2,0,5,3,0,4,1,7,
#moving_targetting_pos=6,26|6,6|16,26|16,6|2,29|16,16|6,16|26,16|
#setting_targetting_pos=-1,-1|-1,-1|-1,-1|-1,-1|2,1|-1,-1|-1,-1|-1,-1|
........
#111111111111
#assigned_pet=-1,-1,-1,-1,-1,-1,-1,-1,
#assigned_hub=2,0,5,3,0,4,1,7,
#moving_targetting_pos=6,26|6,6|16,26|16,6|2,29|16,16|6,16|26,16|
#setting_targetting_pos=-1,-1|-1,-1|-1,-1|-1,-1|2,1|-1,-1|-1,-1|-1,-1|
........
#111111111111
#assigned_pet=-1,-1,-1,-1,-1,-1,-1,-1,
#assigned_hub=2,0,5,3,0,4,1,7,
#moving_targetting_pos=6,26|6,6|16,26|16,6|2,29|16,16|6,16|26,16|
#setting_targetting_pos=-1,-1|-1,-1|-1,-1|-1,-1|2,1|-1,-1|-1,-1|-1,-1|
........
#111111111111
#assigned_pet=-1,-1,-1,-1,-1,-1,-1,-1,
#assigned_hub=2,0,5,3,0,4,1,7,
#moving_targetting_pos=6,26|6,6|16,26|16,6|2,29|16,16|6,16|26,16|
#setting_targetting_pos=-1,-1|-1,-1|-1,-1|-1,-1|2,1|-1,-1|-1,-1|-1,-1|
........
#111111111111
#assigned_pet=-1,-1,-1,-1,-1,-1,-1,-1,
#assigned_hub=2,0,5,3,0,4,1,7,
#moving_targetting_pos=6,26|6,6|16,26|16,6|2,29|16,16|6,16|26,16|
#setting_targetting_pos=-1,-1|-1,-1|-1,-1|-1,-1|2,1|-1,-1|-1,-1|-1,-1|
........
#111111111111
#assigned_pet=-1,-1,-1,-1,-1,-1,-1,-1,
#assigned_hub=2,0,5,3,0,4,1,7,
#moving_targetting_pos=6,26|6,6|16,26|16,6|2,29|16,16|6,16|26,16|
#setting_targetting_pos=-1,-1|-1,-1|-1,-1|-1,-1|2,1|-1,-1|-1,-1|-1,-1|
........
#111111111111
#assigned_pet=-1,-1,-1,-1,-1,-1,-1,-1,
#assigned_hub=2,0,5,3,0,4,1,7,
#moving_targetting_pos=6,26|6,6|16,26|16,6|2,29|16,16|6,16|26,16|
#setting_targetting_pos=-1,-1|-1,-1|-1,-1|-1,-1|2,1|-1,-1|-1,-1|-1,-1|
........
#111111111111
#assigned_pet=-1,-1,-1,-1,-1,-1,-1,-1,
#assigned_hub=2,0,5,3,0,4,1,7,
#moving_targetting_pos=6,26|6,6|16,26|16,6|2,29|16,16|6,16|26,16|
#setting_targetting_pos=-1,-1|-1,-1|-1,-1|-1,-1|2,1|-1,-1|-1,-1|-1,-1|
........
#111111111111
#assigned_pet=-1,-1,-1,-1,-1,-1,-1,-1,
#assigned_hub=2,0,5,3,0,4,1,7,
#moving_targetting_pos=6,26|6,6|16,26|16,6|2,29|16,16|6,16|26,16|
#setting_targetting_pos=-1,-1|-1,-1|-1,-1|-1,-1|2,1|-1,-1|-1,-1|-1,-1|
........
#111111111111
#assigned_pet=-1,-1,-1,-1,-1,-1,-1,-1,
#assigned_hub=2,0,5,3,0,4,1,7,
#moving_targetting_pos=6,26|6,6|16,26|16,6|2,29|16,16|6,16|26,16|
#setting_targetting_pos=-1,-1|-1,-1|-1,-1|-1,-1|2,1|-1,-1|-1,-1|-1,-1|
........
