#000000000000
#assigned_pet=-1,-1,-1,-1,-1,-1,-1,-1,
#assigned_hub=0,0,0,0,0,0,0,0,
#moving_targetting_pos=19,30|15,1|12,1|9,2|5,30|22,1|25,30|2,1|
#setting_targetting_pos=19,2|15,30|12,29|9,30|5,1|22,29|25,1|2,29|
RLLLRLRL
#000000000000
#assigned_pet=-1,-1,-1,-1,-1,-1,-1,-1,
#assigned_hub=0,0,0,0,0,0,0,0,
#moving_targetting_pos=19,30|15,1|12,1|9,2|5,30|22,1|25,30|2,1|
#setting_targetting_pos=19,2|15,30|12,29|9,30|5,1|22,29|25,1|2,29|
RLLLRLRL
#000000000000
#assigned_pet=-1,-1,-1,-1,-1,-1,-1,-1,
#assigned_hub=0,0,0,0,0,0,0,0,
#moving_targetting_pos=19,30|15,1|12,1|9,2|5,30|22,1|25,30|2,1|
#setting_targetting_pos=19,2|15,30|12,29|9,30|5,1|22,29|25,1|2,29|
RULURLRL
#000000000000
#assigned_pet=-1,-1,-1,-1,-1,-1,-1,-1,
#assigned_hub=0,0,0,0,0,0,0,0,
#moving_targetting_pos=19,30|15,1|12,1|9,2|5,30|22,1|25,30|2,1|
#setting_targetting_pos=19,2|15,30|12,29|9,30|5,1|22,29|25,1|2,29|
RdLUULRL
#000000000000
#assigned_pet=-1,-1,-1,-1,-1,-1,-1,-1,
#assigned_hub=0,0,0,0,0,0,0,0,
#moving_targetting_pos=19,30|15,1|12,1|9,2|5,30|22,1|25,30|2,1|
#setting_targetting_pos=19,2|15,30|12,29|9,30|5,1|22,29|25,1|2,29|
dRLUULRL
#000000000000
#assigned_pet=-1,-1,-1,-1,-1,-1,-1,-1,
#assigned_hub=0,0,0,0,0,0,0,0,
#moving_targetting_pos=19,30|15,1|12,1|9,2|5,30|22,1|25,30|2,1|
#setting_targetting_pos=19,2|15,30|12,29|9,30|5,1|22,29|25,1|2,29|
LdLUULRL
#000000000000
#assigned_pet=-1,-1,-1,-1,-1,-1,-1,-1,
#assigned_hub=0,0,0,0,0,0,0,0,
#moving_targetting_pos=19,30|15,1|12,1|9,2|5,30|22,1|25,30|2,1|
#setting_targetting_pos=19,2|15,30|12,29|9,30|5,1|22,29|25,1|2,29|
LRLdULRL
#000000000000
#assigned_pet=-1,-1,-1,-1,-1,-1,-1,-1,
#assigned_hub=0,0,0,0,0,0,0,0,
#moving_targetting_pos=19,30|15,1|12,1|9,2|5,30|22,1|25,30|2,1|
#setting_targetting_pos=19,2|15,30|12,29|9,30|5,1|22,29|25,1|2,29|
rdLRULRL
#000000000000
#assigned_pet=-1,-1,-1,-1,-1,-1,-1,-1,
#assigned_hub=0,0,0,0,0,0,0,0,
#moving_targetting_pos=19,30|15,1|12,1|9,2|5,30|22,1|25,30|2,1|
#setting_targetting_pos=19,2|15,30|12,29|9,30|5,1|22,29|25,1|2,29|
uRLRULDU
#000000000000
#assigned_pet=-1,-1,-1,-1,-1,-1,-1,-1,
#assigned_hub=0,0,0,0,0,0,0,0,
#moving_targetting_pos=19,30|15,1|12,1|9,2|5,30|22,1|25,30|2,1|
#setting_targetting_pos=19,2|15,30|12,29|9,30|5,1|22,29|25,1|2,29|
LuLlULLU
#000000000000
#assigned_pet=-1,-1,-1,-1,-1,-1,-1,-1,
#assigned_hub=0,0,0,0,0,0,0,0,
#moving_targetting_pos=19,30|15,1|12,1|9,2|5,30|22,1|25,30|2,1|
#setting_targetting_pos=19,2|15,30|12,29|9,30|5,1|22,29|25,1|2,29|
LRLudLDU
#000000000000
#assigned_pet=-1,-1,-1,-1,-1,-1,-1,-1,
#assigned_hub=0,0,0,0,0,0,0,0,
#moving_targetting_pos=19,30|15,1|12,1|9,2|5,30|22,1|25,30|2,1|
#setting_targetting_pos=19,2|15,30|12,29|9,30|5,1|22,29|25,1|2,29|
dRLRLDDU
#000000000000
#assigned_pet=-1,-1,-1,-1,-1,-1,-1,-1,
#assigned_hub=0,0,0,0,0,0,0,0,
#moving_targetting_pos=19,30|15,1|12,1|9,2|5,30|22,1|25,30|2,1|
#setting_targetting_pos=19,2|15,30|12,29|9,30|5,1|22,29|25,1|2,29|
LRLRdDRU
#000000000000
#assigned_pet=-1,-1,-1,-1,-1,-1,-1,-1,
#assigned_hub=0,0,0,0,0,0,0,0,
#moving_targetting_pos=19,30|15,1|12,1|9,2|5,30|22,1|25,30|2,1|
#setting_targetting_pos=19,2|15,30|12,29|9,30|5,1|22,29|25,1|2,29|
rRUdLuDU
#000000000000
#assigned_pet=-1,-1,-1,-1,-1,-1,-1,-1,
#assigned_hub=0,0,0,0,0,0,0,0,
#moving_targetting_pos=19,30|15,1|12,1|9,2|5,30|22,1|25,30|2,1|
#setting_targetting_pos=19,2|15,30|12,29|9,30|5,1|22,29|25,1|2,29|
LuURuRRU
#000000000000
#assigned_pet=-1,-1,-1,-1,-1,-1,-1,-1,
#assigned_hub=0,0,0,0,0,0,0,0,
#moving_targetting_pos=19,30|15,1|12,1|9,2|5,30|22,1|25,30|2,1|
#setting_targetting_pos=19,2|15,30|12,29|9,30|5,1|22,29|25,1|2,29|
uRUlLRDU
#000000000000
#assigned_pet=-1,-1,-1,-1,-1,-1,-1,-1,
#assigned_hub=0,0,0,0,0,0,0,0,
#moving_targetting_pos=19,30|15,1|12,1|9,2|5,30|22,1|25,30|2,1|
#setting_targetting_pos=19,2|15,30|12,29|9,30|5,1|22,29|25,1|2,29|
LduRLlRU
#000000000000
#assigned_pet=-1,-1,-1,-1,-1,-1,-1,-1,
#assigned_hub=0,0,0,0,0,0,0,0,
#moving_targetting_pos=19,30|15,1|12,1|9,2|5,30|22,1|25,30|2,1|
#setting_targetting_pos=19,2|15,30|12,29|9,30|5,1|22,29|25,1|2,29|
LRRuLdDU
#000000000000
#assigned_pet=-1,-1,-1,-1,-1,-1,-1,-1,
#assigned_hub=0,0,0,0,0,0,0,0,
#moving_targetting_pos=19,30|15,1|12,1|9,2|5,30|22,1|25,30|2,1|
#setting_targetting_pos=19,2|15,30|12,29|9,30|5,1|22,29|25,1|2,29|
rdRRLRDU
#000000000000
#assigned_pet=-1,-1,-1,-1,-1,-1,-1,-1,
#assigned_hub=0,0,0,0,0,0,0,0,
#moving_targetting_pos=19,30|15,1|12,1|9,2|5,30|22,1|25,30|2,1|
#setting_targetting_pos=19,2|15,30|12,29|9,30|5,1|22,29|25,1|2,29|
dRlRuRDU
#000000000000
#assigned_pet=-1,-1,-1,-1,-1,-1,-1,-1,
#assigned_hub=0,0,0,0,0,0,0,0,
#moving_targetting_pos=19,30|15,1|12,1|9,2|5,30|22,1|25,30|2,1|
#setting_targetting_pos=19,2|15,30|12,29|9,30|5,1|22,29|25,1|2,29|
LddlLRDU
#000000000000
#assigned_pet=-1,-1,-1,-1,-1,-1,-1,-1,
#assigned_hub=0,0,0,0,0,0,0,0,
#moving_targetting_pos=19,30|15,1|12,1|9,2|5,30|22,1|25,30|2,1|
#setting_targetting_pos=19,2|15,30|12,29|9,30|5,1|22,29|25,1|2,29|
LRRddddu
#000000000000
#assigned_pet=-1,-1,-1,-1,-1,-1,-1,-1,
#assigned_hub=0,0,0,0,0,0,0,0,
#moving_targetting_pos=19,30|15,1|12,1|9,2|5,30|22,1|25,30|2,1|
#setting_targetting_pos=19,2|15,30|12,29|9,30|5,1|22,29|25,1|2,29|
ddRRLuLR
#000000000000
#assigned_pet=-1,-1,-1,-1,-1,-1,-1,-1,
#assigned_hub=0,0,0,0,0,0,0,0,
#moving_targetting_pos=19,30|15,1|12,1|9,2|5,30|22,1|25,30|2,1|
#setting_targetting_pos=19,2|15,30|12,29|9,30|5,1|22,29|25,1|2,29|
LRRRdRdR
#000000000000
#assigned_pet=-1,-1,-1,-1,-1,-1,-1,-1,
#assigned_hub=0,0,0,0,0,0,0,0,
#moving_targetting_pos=19,30|15,1|12,1|9,2|5,30|22,1|25,30|2,1|
#setting_targetting_pos=19,2|15,30|12,29|9,30|5,1|22,29|25,1|2,29|
Ld.dLlLl
#000000000000
#assigned_pet=-1,-1,-1,-1,-1,-1,-1,-1,
#assigned_hub=0,0,0,0,0,0,0,0,
#moving_targetting_pos=19,30|15,1|12,1|9,2|5,30|22,1|25,30|2,1|
#setting_targetting_pos=19,2|15,30|12,29|9,30|5,1|22,29|25,1|2,29|
rR.RdRud
#000000000000
#assigned_pet=-1,-1,-1,-1,-1,-1,-1,-1,
#assigned_hub=0,0,0,0,0,0,0,0,
#moving_targetting_pos=19,30|15,1|12,1|9,2|5,30|22,1|25,30|2,1|
#setting_targetting_pos=19,2|15,30|12,29|9,30|5,1|22,29|25,1|2,29|
uu.RLRLR
#000000000000
#assigned_pet=-1,-1,-1,-1,-1,-1,-1,-1,
#assigned_hub=0,0,0,0,0,0,0,0,
#moving_targetting_pos=19,30|15,1|12,1|9,2|5,30|22,1|25,30|2,1|
#setting_targetting_pos=19,2|15,30|12,29|9,30|5,1|22,29|25,1|2,29|
LRulddLR
#000000000000
#assigned_pet=-1,-1,-1,-1,-1,-1,-1,-1,
#assigned_hub=0,0,0,0,0,0,0,0,
#moving_targetting_pos=19,30|15,1|12,1|9,2|5,30|22,1|25,30|2,1|
#setting_targetting_pos=19,2|15,30|12,29|9,30|5,1|22,29|25,1|2,29|
LR.uLRLR
#000000000000
#assigned_pet=-1,-1,-1,-1,-1,-1,-1,-1,
#assigned_hub=0,0,0,0,0,0,0,0,
#moving_targetting_pos=19,30|15,1|12,1|9,2|5,30|22,1|25,30|2,1|
#setting_targetting_pos=19,2|15,30|12,29|9,30|5,1|22,29|25,1|2,29|
dR.RdRLd
#000000000000
#assigned_pet=-1,-1,-1,-1,-1,-1,-1,-1,
#assigned_hub=0,0,0,0,0,0,0,0,
#moving_targetting_pos=19,30|15,1|12,1|9,2|5,30|22,1|25,30|2,1|
#setting_targetting_pos=19,2|15,30|12,29|9,30|5,1|22,29|25,1|2,29|
LR.RLluu
#000000000000
#assigned_pet=-1,-1,-1,-1,-1,-1,-1,-1,
#assigned_hub=0,0,0,0,0,0,0,0,
#moving_targetting_pos=19,30|15,1|12,1|9,2|5,30|22,1|25,30|2,1|
#setting_targetting_pos=19,2|15,30|12,29|9,30|5,1|22,29|25,1|2,29|
ru.duuLR
#000000000000
#assigned_pet=-1,-1,-1,-1,-1,-1,-1,-1,
#assigned_hub=0,0,0,0,0,0,0,0,
#moving_targetting_pos=19,30|15,1|12,1|9,2|5,30|22,1|25,30|2,1|
#setting_targetting_pos=19,2|15,30|12,29|9,30|5,1|22,29|25,1|2,29|
LRdRLR.l
#000000000000
#assigned_pet=-1,-1,-1,-1,-1,-1,-1,-1,
#assigned_hub=0,0,0,0,0,0,0,0,
#moving_targetting_pos=19,30|15,1|12,1|9,2|5,30|22,1|25,30|2,1|
#setting_targetting_pos=19,2|15,30|12,29|9,30|5,1|22,29|25,1|2,29|
udR.LRdR
#000000000000
#assigned_pet=-1,-1,-1,-1,-1,-1,-1,-1,
#assigned_hub=0,0,0,0,0,0,0,0,
#moving_targetting_pos=19,30|15,1|12,1|9,2|5,30|22,1|25,30|2,1|
#setting_targetting_pos=19,2|15,30|12,29|9,30|5,1|22,29|25,1|2,29|
LRllLlLR
#000000000000
#assigned_pet=-1,-1,-1,-1,-1,-1,-1,-1,
#assigned_hub=0,0,0,0,0,0,0,0,
#moving_targetting_pos=19,30|15,1|12,1|9,2|5,30|22,1|25,30|2,1|
#setting_targetting_pos=19,2|15,30|12,29|9,30|5,1|22,29|25,1|2,29|
LdRRLddd
#000000000000
#assigned_pet=-1,-1,-1,-1,-1,-1,-1,-1,
#assigned_hub=0,0,0,0,0,0,0,0,
#moving_targetting_pos=19,30|15,1|12,1|9,2|5,30|22,1|25,30|2,1|
#setting_targetting_pos=19,2|15,30|12,29|9,30|5,1|22,29|25,1|2,29|
rRRuuRLR
#000000000000
#assigned_pet=-1,-1,-1,-1,-1,-1,-1,-1,
#assigned_hub=0,0,0,0,0,0,0,0,
#moving_targetting_pos=19,30|15,1|12,1|9,2|5,30|22,1|25,30|2,1|
#setting_targetting_pos=19,2|15,30|12,29|9,30|5,1|22,29|25,1|2,29|
dd.RLRdR
#000000000000
#assigned_pet=-1,-1,-1,-1,-1,-1,-1,-1,
#assigned_hub=0,0,0,0,0,0,0,0,
#moving_targetting_pos=19,30|15,1|12,1|9,2|5,30|22,1|25,30|2,1|
#setting_targetting_pos=19,2|15,30|12,29|9,30|5,1|22,29|25,1|2,29|
LR.RdRLu
#000000000000
#assigned_pet=-1,-1,-1,-1,-1,-1,-1,-1,
#assigned_hub=0,0,0,0,0,0,0,0,
#moving_targetting_pos=19,30|15,1|12,1|9,2|5,30|22,1|25,30|2,1|
#setting_targetting_pos=19,2|15,30|12,29|9,30|5,1|22,29|25,1|2,29|
Ld..Lddl
#000000000000
#assigned_pet=-1,-1,-1,-1,-1,-1,-1,-1,
#assigned_hub=0,0,0,0,0,0,0,0,
#moving_targetting_pos=19,30|15,1|12,1|9,2|5,30|22,1|25,30|2,1|
#setting_targetting_pos=19,2|15,30|12,29|9,30|5,1|22,29|25,1|2,29|
dRdlduLR
#000000000000
#assigned_pet=-1,-1,-1,-1,-1,-1,-1,-1,
#assigned_hub=0,0,0,0,0,0,0,0,
#moving_targetting_pos=19,30|15,1|12,1|9,2|5,30|22,1|25,30|2,1|
#setting_targetting_pos=19,2|15,30|12,29|9,30|5,1|22,29|25,1|2,29|
LdR.LRdR
#000000000000
#assigned_pet=-1,-1,-1,-1,-1,-1,-1,-1,
#assigned_hub=0,0,0,0,0,0,0,0,
#moving_targetting_pos=19,30|15,1|12,1|9,2|5,30|22,1|25,30|2,1|
#setting_targetting_pos=19,2|15,30|12,29|9,30|5,1|22,29|25,1|2,29|
LRRddlLl
#000000000000
#assigned_pet=-1,-1,-1,-1,-1,-1,-1,-1,
#assigned_hub=0,0,0,0,0,0,0,0,
#moving_targetting_pos=19,30|15,1|12,1|9,2|5,30|22,1|25,30|2,1|
#setting_targetting_pos=19,2|15,30|12,29|9,30|5,1|22,29|25,1|2,29|
rulRLRud
#000000000000
#assigned_pet=-1,-1,-1,-1,-1,-1,-1,-1,
#assigned_hub=0,0,0,0,0,0,0,0,
#moving_targetting_pos=19,30|15,1|12,1|9,2|5,30|22,1|25,30|2,1|
#setting_targetting_pos=19,2|15,30|12,29|9,30|5,1|22,29|25,1|2,29|
uRuRdRLR
#000000000000
#assigned_pet=-1,-1,-1,-1,-1,-1,-1,-1,
#assigned_hub=0,0,0,0,0,0,0,0,
#moving_targetting_pos=19,30|15,1|12,1|9,2|5,30|22,1|25,30|2,1|
#setting_targetting_pos=19,2|15,30|12,29|9,30|5,1|22,29|25,1|2,29|
LRRdLdLR
#000000000000
#assigned_pet=-1,-1,-1,-1,-1,-1,-1,-1,
#assigned_hub=0,0,0,0,0,0,0,0,
#moving_targetting_pos=19,30|15,1|12,1|9,2|5,30|22,1|25,30|2,1|
#setting_targetting_pos=19,2|15,30|12,29|9,30|5,1|22,29|25,1|2,29|
LRRR.RLR
#000000000000
#assigned_pet=-1,-1,-1,-1,-1,-1,-1,-1,
#assigned_hub=0,0,0,0,0,0,0,0,
#moving_targetting_pos=19,30|15,1|12,1|9,2|5,30|22,1|25,30|2,1|
#setting_targetting_pos=19,2|15,30|12,29|9,30|5,1|22,29|25,1|2,29|
dRlRdRLd
#000000000000
#assigned_pet=-1,-1,-1,-1,-1,-1,-1,-1,
#assigned_hub=0,0,0,0,0,0,0,0,
#moving_targetting_pos=19,30|15,1|12,1|9,2|5,30|22,1|25,30|2,1|
#setting_targetting_pos=19,2|15,30|12,29|9,30|5,1|22,29|25,1|2,29|
LudlLuuu
#000000000000
#assigned_pet=-1,-1,-1,-1,-1,-1,-1,-1,
#assigned_hub=0,0,0,0,0,0,0,0,
#moving_targetting_pos=19,30|15,1|12,1|9,2|5,30|22,1|25,30|2,1|
#setting_targetting_pos=19,2|15,30|12,29|9,30|5,1|22,29|25,1|2,29|
rRRuulLR
#000000000000
#assigned_pet=-1,-1,-1,-1,-1,-1,-1,-1,
#assigned_hub=0,0,0,0,0,0,0,0,
#moving_targetting_pos=19,30|15,1|12,1|9,2|5,30|22,1|25,30|2,1|
#setting_targetting_pos=19,2|15,30|12,29|9,30|5,1|22,29|25,1|2,29|
LdRRLRdl
#000000000000
#assigned_pet=-1,-1,-1,-1,-1,-1,-1,-1,
#assigned_hub=0,0,0,0,0,0,0,0,
#moving_targetting_pos=19,30|15,1|12,1|9,2|5,30|22,1|25,30|2,1|
#setting_targetting_pos=19,2|15,30|12,29|9,30|5,1|22,29|25,1|2,29|
uRRRLRLR
#000000000000
#assigned_pet=-1,-1,-1,-1,-1,-1,-1,-1,
#assigned_hub=0,0,0,0,0,0,0,0,
#moving_targetting_pos=19,30|15,1|12,1|9,2|5,30|22,1|25,30|2,1|
#setting_targetting_pos=19,2|15,30|12,29|9,30|5,1|22,29|25,1|2,29|
LdddLldR
#000000000000
#assigned_pet=-1,-1,-1,-1,-1,-1,-1,-1,
#assigned_hub=0,0,0,0,0,0,0,0,
#moving_targetting_pos=19,30|29,30|12,1|9,2|5,30|22,1|25,30|2,1|
#setting_targetting_pos=19,2|29,2|12,29|9,30|5,1|22,29|25,1|2,29|
LL.RLdLd
#000000000000
#assigned_pet=-1,-1,-1,-1,-1,-1,-1,-1,
#assigned_hub=0,0,0,0,0,0,0,0,
#moving_targetting_pos=19,30|29,30|12,1|9,2|5,30|22,1|25,30|2,1|
#setting_targetting_pos=19,2|29,2|12,29|9,30|5,1|22,29|25,1|2,29|
rL.luRdR
#000000000000
#assigned_pet=-1,-1,-1,-1,-1,-1,-1,-1,
#assigned_hub=0,0,0,0,0,0,0,0,
#moving_targetting_pos=19,30|29,30|12,1|9,2|5,30|22,1|25,30|2,1|
#setting_targetting_pos=19,2|29,2|12,29|9,30|5,1|22,29|25,1|2,29|
dLuRLRLR
#000000000000
#assigned_pet=-1,-1,-1,-1,-1,-1,-1,-1,
#assigned_hub=3,0,0,0,0,0,0,0,
#moving_targetting_pos=16,6|29,30|12,1|9,2|5,30|22,1|25,30|2,1|
#setting_targetting_pos=19,2|29,2|12,29|9,30|5,1|22,29|25,1|2,29|
UDRudRdl
#000000000000
#assigned_pet=-1,-1,-1,-1,-1,-1,-1,-1,
#assigned_hub=3,0,0,0,0,0,0,0,
#moving_targetting_pos=16,6|29,30|12,1|9,2|5,30|22,1|25,30|2,1|
#setting_targetting_pos=-1,-1|29,2|12,29|9,30|5,1|22,29|25,1|2,29|
RDlRLdLu
#000000000000
#assigned_pet=-1,-1,-1,-1,-1,-1,-1,-1,
#assigned_hub=3,0,0,0,0,0,0,0,
#moving_targetting_pos=16,6|29,30|12,1|9,2|5,30|22,1|25,30|2,1|
#setting_targetting_pos=-1,-1|29,2|12,29|9,30|5,1|22,29|25,1|2,29|
UDRRd.dR
#000000000000
#assigned_pet=-1,-1,-1,-1,-1,-1,-1,-1,
#assigned_hub=3,0,0,0,0,0,0,0,
#moving_targetting_pos=16,6|29,30|12,1|9,2|5,30|22,1|25,30|2,1|
#setting_targetting_pos=-1,-1|29,2|12,29|9,30|5,1|22,29|25,1|2,29|
RDRlL.LR
#000000000000
#assigned_pet=-1,-1,-1,-1,-1,-1,-1,-1,
#assigned_hub=3,0,0,0,0,0,0,0,
#moving_targetting_pos=16,6|29,30|12,1|9,2|5,30|22,1|25,30|2,1|
#setting_targetting_pos=-1,-1|29,2|12,29|9,30|5,1|22,29|25,1|2,29|
RD..d.ul
#000000000000
#assigned_pet=-1,-1,-1,-1,-1,-1,-1,-1,
#assigned_hub=3,0,0,0,0,0,0,0,
#moving_targetting_pos=-1,-1|29,30|12,1|9,2|6,6|22,1|25,30|2,1|
#setting_targetting_pos=-1,-1|29,2|12,29|9,30|5,1|22,29|25,1|2,29|
.DddRuLd
#000000000000
#assigned_pet=-1,-1,-1,-1,-1,-1,-1,-1,
#assigned_hub=3,0,0,2,0,0,0,0,
#moving_targetting_pos=-1,-1|29,30|12,1|6,26|6,6|22,1|25,30|2,1|
#setting_targetting_pos=-1,-1|29,2|12,29|9,30|-1,-1|22,29|25,1|2,29|
.DRURRLR
#000000000000
#assigned_pet=-1,-1,-1,-1,-1,-1,-1,-1,
#assigned_hub=3,0,0,2,0,0,0,0,
#moving_targetting_pos=-1,-1|29,30|12,1|6,26|6,6|22,1|25,30|2,1|
#setting_targetting_pos=-1,-1|29,2|12,29|-1,-1|-1,-1|22,29|25,1|2,29|
.DRLR.LR
#000000000000
#assigned_pet=-1,-1,-1,-1,-1,-1,-1,-1,
#assigned_hub=3,0,0,2,0,0,0,0,
#moving_targetting_pos=-1,-1|29,30|12,1|6,26|6,6|22,1|25,30|2,1|
#setting_targetting_pos=-1,-1|29,2|12,29|-1,-1|-1,-1|22,29|25,1|2,29|
.DlURlLR
#000000000000
#assigned_pet=-1,-1,-1,-1,-1,-1,-1,-1,
#assigned_hub=3,0,0,2,0,0,0,0,
#moving_targetting_pos=-1,-1|29,30|12,1|6,26|-1,-1|22,1|25,30|2,1|
#setting_targetting_pos=-1,-1|29,2|12,29|-1,-1|-1,-1|22,29|25,1|2,29|
.DuL.Rud
#000000000000
#assigned_pet=-1,-1,-1,-1,-1,-1,-1,-1,
#assigned_hub=3,0,0,2,0,0,0,0,
#moving_targetting_pos=-1,-1|29,30|12,1|6,26|-1,-1|22,1|25,30|2,1|
#setting_targetting_pos=-1,-1|29,2|12,29|-1,-1|-1,-1|22,29|25,1|2,29|
.RRL.RLu
#000000000000
#assigned_pet=-1,-1,-1,2,-1,-1,-1,-1,
#assigned_hub=3,0,0,2,0,0,0,0,
#moving_targetting_pos=-1,-1|29,30|12,1|-1,-1|-1,-1|22,1|25,30|2,1|
#setting_targetting_pos=-1,-1|29,2|12,29|4,27|-1,-1|22,29|25,1|2,29|
.DRU.rdR
#000000000000
#assigned_pet=-1,-1,-1,-1,-1,-1,-1,-1,
#assigned_hub=3,0,0,2,0,0,0,0,
#moving_targetting_pos=-1,-1|29,30|12,1|-1,-1|-1,-1|22,1|25,30|2,1|
#setting_targetting_pos=-1,-1|29,2|12,29|-1,-1|-1,-1|22,29|25,1|2,29|
.Dl..dLl
#000000000000
#assigned_pet=-1,-1,-1,-1,-1,-1,-1,-1,
#assigned_hub=3,0,0,2,0,8,0,0,
#moving_targetting_pos=-1,-1|29,30|12,1|-1,-1|-1,-1|26,26|25,30|2,1|
#setting_targetting_pos=-1,-1|29,2|12,29|-1,-1|-1,-1|22,29|25,1|2,29|
.Rd..LdR
#000000000000
#assigned_pet=-1,-1,-1,-1,-1,-1,-1,-1,
#assigned_hub=3,0,0,2,0,8,0,0,
#moving_targetting_pos=-1,-1|29,30|12,1|-1,-1|-1,-1|26,26|25,30|2,1|
#setting_targetting_pos=-1,-1|29,2|12,29|-1,-1|-1,-1|-1,-1|25,1|2,29|
.RR..LLR
#000000000000
#assigned_pet=-1,-1,-1,-1,-1,-1,-1,-1,
#assigned_hub=3,0,0,2,0,8,0,0,
#moving_targetting_pos=-1,-1|29,30|12,1|-1,-1|-1,-1|26,26|25,30|2,1|
#setting_targetting_pos=-1,-1|29,2|12,29|-1,-1|-1,-1|-1,-1|25,1|2,29|
.DR..Ddr
#000000000000
#assigned_pet=-1,-1,-1,-1,-1,-1,-1,-1,
#assigned_hub=3,0,0,2,0,8,6,0,
#moving_targetting_pos=-1,-1|29,30|12,1|-1,-1|-1,-1|26,26|26,6|2,1|
#setting_targetting_pos=-1,-1|29,2|12,29|-1,-1|-1,-1|-1,-1|25,1|2,29|
.DR..DRd
#000000000000
#assigned_pet=-1,-1,-1,-1,-1,-1,-1,-1,
#assigned_hub=3,0,0,2,0,8,6,1,
#moving_targetting_pos=-1,-1|29,30|12,1|-1,-1|-1,-1|26,26|26,6|6,16|
#setting_targetting_pos=-1,-1|29,2|12,29|-1,-1|-1,-1|-1,-1|-1,-1|2,29|
.dd..LRL
#000000000000
#assigned_pet=-1,-1,-1,-1,-1,-1,-1,-1,
#assigned_hub=3,0,0,2,0,8,6,1,
#moving_targetting_pos=-1,-1|29,30|12,1|-1,-1|-1,-1|-1,-1|26,6|6,16|
#setting_targetting_pos=-1,-1|29,2|12,29|-1,-1|-1,-1|-1,-1|-1,-1|-1,-1|
.Lu...RL
#000000000000
#assigned_pet=-1,-1,-1,8,-1,-1,-1,-1,
#assigned_hub=3,0,0,2,0,8,7,1,
#moving_targetting_pos=-1,-1|29,30|12,1|-1,-1|-1,-1|-1,-1|26,16|6,16|
#setting_targetting_pos=-1,-1|29,2|12,29|4,25|-1,-1|-1,-1|-1,-1|-1,-1|
.LRL..RD
#000000000000
#assigned_pet=9,-1,-1,8,-1,-1,9,-1,
#assigned_hub=3,0,0,2,0,8,6,1,
#moving_targetting_pos=-1,-1|29,30|12,1|-1,-1|-1,-1|-1,-1|26,6|6,16|
#setting_targetting_pos=18,7|29,2|12,29|4,25|-1,-1|-1,-1|24,7|-1,-1|
RrlL..RD
#000000000000
#assigned_pet=9,-1,-1,8,-1,-1,9,-1,
#assigned_hub=3,0,0,2,0,8,6,1,
#moving_targetting_pos=-1,-1|29,30|12,1|-1,-1|-1,-1|-1,-1|-1,-1|6,16|
#setting_targetting_pos=18,7|29,2|12,29|4,25|-1,-1|-1,-1|24,7|-1,-1|
RuRU..RL
#000000000100
#assigned_pet=9,-1,-1,8,-1,-1,9,-1,
#assigned_hub=3,0,0,2,0,8,6,1,
#moving_targetting_pos=-1,-1|29,30|12,1|-1,-1|-1,-1|-1,-1|-1,-1|6,16|
#setting_targetting_pos=18,7|29,2|12,29|4,25|-1,-1|-1,-1|24,7|-1,-1|
dLR...uL
#000000000100
#assigned_pet=-1,-1,-1,8,-1,-1,-1,-1,
#assigned_hub=3,0,0,2,0,8,7,1,
#moving_targetting_pos=-1,-1|29,30|12,1|-1,-1|-1,-1|-1,-1|26,16|6,16|
#setting_targetting_pos=-1,-1|29,2|12,29|4,25|-1,-1|-1,-1|-1,-1|-1,-1|
.Lr...RD
#000000000100
#assigned_pet=-1,-1,-1,0,-1,-1,-1,-1,
#assigned_hub=3,0,0,2,0,8,7,1,
#moving_targetting_pos=-1,-1|29,30|12,1|-1,-1|-1,-1|-1,-1|26,16|6,16|
#setting_targetting_pos=-1,-1|29,2|12,29|4,25|-1,-1|-1,-1|-1,-1|-1,-1|
.dd...RL
#000000000100
#assigned_pet=-1,-1,-1,-1,-1,-1,-1,-1,
#assigned_hub=3,0,5,2,0,8,7,1,
#moving_targetting_pos=-1,-1|29,30|16,26|-1,-1|-1,-1|-1,-1|26,16|6,16|
#setting_targetting_pos=-1,-1|29,2|12,29|-1,-1|-1,-1|-1,-1|-1,-1|-1,-1|
.LL...RL
#000000000100
#assigned_pet=-1,-1,-1,-1,-1,-1,-1,-1,
#assigned_hub=3,0,5,2,0,8,7,1,
#moving_targetting_pos=-1,-1|29,30|16,26|-1,-1|-1,-1|-1,-1|26,16|6,16|
#setting_targetting_pos=-1,-1|29,2|-1,-1|-1,-1|-1,-1|-1,-1|-1,-1|-1,-1|
.rL...RL
#000000000100
#assigned_pet=-1,-1,-1,-1,-1,-1,-1,-1,
#assigned_hub=3,0,5,2,0,8,7,1,
#moving_targetting_pos=-1,-1|29,30|16,26|-1,-1|-1,-1|-1,-1|26,16|6,16|
#setting_targetting_pos=-1,-1|29,2|-1,-1|-1,-1|-1,-1|-1,-1|-1,-1|-1,-1|
.LD...RL
#000000000100
#assigned_pet=-1,-1,-1,-1,-1,-1,-1,-1,
#assigned_hub=3,0,5,2,0,8,7,1,
#moving_targetting_pos=-1,-1|29,30|16,26|-1,-1|-1,-1|-1,-1|26,16|6,16|
#setting_targetting_pos=-1,-1|29,2|-1,-1|-1,-1|-1,-1|-1,-1|-1,-1|-1,-1|
.uD...RL
#000000000100
#assigned_pet=-1,-1,-1,-1,-1,-1,-1,-1,
#assigned_hub=3,0,5,2,0,8,7,1,
#moving_targetting_pos=-1,-1|29,30|16,26|-1,-1|-1,-1|-1,-1|26,16|6,16|
#setting_targetting_pos=-1,-1|29,2|-1,-1|-1,-1|-1,-1|-1,-1|-1,-1|-1,-1|
.LL...RL
#000000000100
#assigned_pet=-1,-1,-1,-1,7,4,-1,-1,
#assigned_hub=4,0,5,2,0,8,7,1,
#moving_targetting_pos=16,16|29,30|-1,-1|-1,-1|-1,-1|-1,-1|26,16|6,16|
#setting_targetting_pos=-1,-1|29,2|-1,-1|-1,-1|5,4|28,25|-1,-1|-1,-1|
RL...LRL
#000000010100
#assigned_pet=-1,-1,10,-1,7,10,-1,-1,
#assigned_hub=4,0,5,2,0,8,7,1,
#moving_targetting_pos=16,16|29,30|-1,-1|-1,-1|-1,-1|-1,-1|-1,-1|6,16|
#setting_targetting_pos=-1,-1|29,2|18,25|-1,-1|5,4|24,25|-1,-1|-1,-1|
RrL.lR.L
#000000010100
#assigned_pet=-1,-1,10,2,-1,10,-1,2,
#assigned_hub=4,0,5,2,0,8,7,1,
#moving_targetting_pos=16,16|29,30|-1,-1|-1,-1|6,6|-1,-1|-1,-1|-1,-1|
#setting_targetting_pos=-1,-1|29,2|18,25|7,24|-1,-1|24,25|-1,-1|7,18|
RdDL...R
#000000010100
#assigned_pet=-1,-1,10,2,-1,10,-1,2,
#assigned_hub=4,0,5,2,0,8,7,1,
#moving_targetting_pos=16,16|29,30|-1,-1|-1,-1|6,6|-1,-1|-1,-1|-1,-1|
#setting_targetting_pos=-1,-1|29,2|18,25|7,24|-1,-1|24,25|-1,-1|7,18|
RLDD...D
#001000010100
#assigned_pet=-1,-1,-1,2,-1,4,-1,2,
#assigned_hub=4,0,5,2,0,8,7,1,
#moving_targetting_pos=16,16|29,30|-1,-1|-1,-1|-1,-1|-1,-1|-1,-1|-1,-1|
#setting_targetting_pos=-1,-1|29,2|-1,-1|7,24|-1,-1|28,25|-1,-1|7,18|
RL.d.L.d
#001000010100
#assigned_pet=-1,-1,-1,8,-1,4,-1,8,
#assigned_hub=4,0,5,2,0,8,7,1,
#moving_targetting_pos=16,16|29,30|-1,-1|-1,-1|-1,-1|-1,-1|-1,-1|-1,-1|
#setting_targetting_pos=-1,-1|29,2|-1,-1|5,24|-1,-1|28,25|-1,-1|5,18|
Rd...D..
#001000010100
#assigned_pet=-1,-1,-1,8,-1,4,-1,8,
#assigned_hub=4,0,5,2,0,8,7,1,
#moving_targetting_pos=16,16|29,30|-1,-1|-1,-1|-1,-1|-1,-1|-1,-1|-1,-1|
#setting_targetting_pos=-1,-1|29,2|-1,-1|5,24|-1,-1|28,25|-1,-1|5,18|
RL...D..
#001000011100
#assigned_pet=-1,-1,-1,8,-1,4,-1,8,
#assigned_hub=4,0,5,2,0,8,7,1,
#moving_targetting_pos=16,16|29,30|-1,-1|-1,-1|-1,-1|-1,-1|-1,-1|-1,-1|
#setting_targetting_pos=-1,-1|29,2|-1,-1|5,24|-1,-1|28,25|-1,-1|5,18|
RL.u.D.u
#001000011100
#assigned_pet=11,-1,-1,-1,5,4,11,5,
#assigned_hub=4,0,5,2,0,8,7,1,
#moving_targetting_pos=-1,-1|29,30|-1,-1|-1,-1|-1,-1|-1,-1|-1,-1|-1,-1|
#setting_targetting_pos=18,17|29,2|-1,-1|-1,-1|7,8|28,25|24,17|7,14|
Rr..R.RL
#001000011100
#assigned_pet=3,-1,3,-1,5,-1,-1,5,
#assigned_hub=4,0,5,2,0,8,7,1,
#moving_targetting_pos=-1,-1|29,30|-1,-1|-1,-1|-1,-1|-1,-1|-1,-1|-1,-1|
#setting_targetting_pos=15,18|29,2|15,24|-1,-1|7,8|-1,-1|-1,-1|7,14|
RuL.R..L
#001000011100
#assigned_pet=3,-1,3,0,5,-1,-1,5,
#assigned_hub=4,0,5,2,0,8,7,1,
#moving_targetting_pos=-1,-1|29,30|-1,-1|-1,-1|-1,-1|-1,-1|-1,-1|-1,-1|
#setting_targetting_pos=15,18|29,2|15,24|4,27|7,8|-1,-1|-1,-1|7,14|
RL.RR..L
#001000011100
#assigned_pet=3,-1,3,0,5,-1,-1,5,
#assigned_hub=4,0,5,2,0,8,7,1,
#moving_targetting_pos=-1,-1|29,30|-1,-1|-1,-1|-1,-1|-1,-1|-1,-1|-1,-1|
#setting_targetting_pos=15,18|29,2|15,24|4,27|7,8|-1,-1|-1,-1|7,14|
UL.RD..L
#001001011100
#assigned_pet=3,-1,3,0,5,10,-1,5,
#assigned_hub=4,0,5,2,0,8,7,1,
#moving_targetting_pos=-1,-1|29,30|-1,-1|-1,-1|-1,-1|-1,-1|-1,-1|-1,-1|
#setting_targetting_pos=15,18|29,2|15,24|4,27|7,8|28,27|-1,-1|7,14|
.d.RdR.d
#001001011100
#assigned_pet=3,-1,3,0,-1,10,-1,-1,
#assigned_hub=4,0,5,2,0,8,7,1,
#moving_targetting_pos=-1,-1|29,30|-1,-1|-1,-1|6,6|-1,-1|-1,-1|6,16|
#setting_targetting_pos=15,18|29,2|15,24|4,27|-1,-1|28,27|-1,-1|-1,-1|
.L.U.R..
#101001011100
#assigned_pet=3,-1,3,0,-1,-1,-1,-1,
#assigned_hub=4,0,5,2,0,8,7,1,
#moving_targetting_pos=-1,-1|29,30|-1,-1|-1,-1|6,6|-1,-1|-1,-1|6,16|
#setting_targetting_pos=15,18|29,2|15,24|4,27|-1,-1|-1,-1|-1,-1|-1,-1|
.r.u....
#101001011100
#assigned_pet=3,-1,3,-1,-1,-1,-1,-1,
#assigned_hub=4,0,5,2,0,8,7,1,
#moving_targetting_pos=-1,-1|29,30|-1,-1|6,26|6,6|-1,-1|-1,-1|6,16|
#setting_targetting_pos=15,18|29,2|15,24|-1,-1|-1,-1|-1,-1|-1,-1|-1,-1|
.L......
#101001011100
#assigned_pet=3,-1,3,-1,-1,-1,-1,-1,
#assigned_hub=4,0,5,2,0,8,7,1,
#moving_targetting_pos=-1,-1|29,30|-1,-1|6,26|6,6|-1,-1|-1,-1|-1,-1|
#setting_targetting_pos=15,18|29,2|15,24|-1,-1|-1,-1|-1,-1|-1,-1|-1,-1|
.u......
#101001011100
#assigned_pet=3,-1,3,-1,-1,-1,-1,-1,
#assigned_hub=4,0,5,2,0,8,7,1,
#moving_targetting_pos=-1,-1|29,30|-1,-1|6,26|6,6|-1,-1|-1,-1|6,16|
#setting_targetting_pos=15,18|29,2|15,24|-1,-1|-1,-1|-1,-1|-1,-1|-1,-1|
.L......
#101101111100
#assigned_pet=3,-1,3,-1,-1,10,10,-1,
#assigned_hub=4,0,5,2,0,8,7,1,
#moving_targetting_pos=-1,-1|29,30|-1,-1|6,26|6,6|-1,-1|-1,-1|6,16|
#setting_targetting_pos=15,18|29,2|15,24|-1,-1|-1,-1|27,24|27,18|-1,-1|
uLu..LR.
#101101111100
#assigned_pet=-1,-1,-1,-1,-1,10,10,-1,
#assigned_hub=4,0,5,2,0,8,7,1,
#moving_targetting_pos=-1,-1|29,30|-1,-1|6,26|6,6|-1,-1|-1,-1|6,16|
#setting_targetting_pos=-1,-1|29,2|-1,-1|-1,-1|-1,-1|27,24|27,18|-1,-1|
.r...LR.
#101101111100
#assigned_pet=11,-1,-1,-1,-1,-1,11,-1,
#assigned_hub=4,0,5,2,0,8,7,1,
#moving_targetting_pos=-1,-1|29,30|-1,-1|6,26|6,6|-1,-1|-1,-1|6,16|
#setting_targetting_pos=18,17|29,2|-1,-1|-1,-1|-1,-1|-1,-1|24,17|-1,-1|
Ld....L.
#101101111100
#assigned_pet=11,-1,-1,-1,-1,10,11,-1,
#assigned_hub=4,0,5,2,0,8,7,1,
#moving_targetting_pos=-1,-1|29,30|16,26|6,26|6,6|-1,-1|-1,-1|6,16|
#setting_targetting_pos=18,17|29,2|-1,-1|-1,-1|-1,-1|28,25|24,17|-1,-1|
DL......
#101101111111
#assigned_pet=11,-1,-1,-1,-1,10,11,-1,
#assigned_hub=4,0,5,2,0,8,7,1,
#moving_targetting_pos=-1,-1|29,30|-1,-1|6,26|6,6|-1,-1|-1,-1|-1,-1|
#setting_targetting_pos=18,17|29,2|-1,-1|-1,-1|-1,-1|28,25|24,17|-1,-1|
dL...du.
#101101111111
#assigned_pet=-1,-1,-1,-1,-1,-1,-1,-1,
#assigned_hub=4,0,5,2,0,8,7,1,
#moving_targetting_pos=-1,-1|29,30|-1,-1|6,26|6,6|-1,-1|-1,-1|6,16|
#setting_targetting_pos=-1,-1|29,2|-1,-1|-1,-1|-1,-1|-1,-1|-1,-1|-1,-1|
.d......
#101101111111
#assigned_pet=-1,-1,-1,-1,-1,-1,-1,-1,
#assigned_hub=4,0,5,2,0,8,7,1,
#moving_targetting_pos=-1,-1|29,30|-1,-1|6,26|6,6|-1,-1|-1,-1|6,16|
#setting_targetting_pos=-1,-1|29,2|-1,-1|-1,-1|-1,-1|-1,-1|-1,-1|-1,-1|
.L......
#101101111111
#assigned_pet=-1,-1,-1,-1,-1,-1,-1,-1,
#assigned_hub=4,0,5,2,0,8,7,1,
#moving_targetting_pos=-1,-1|29,30|-1,-1|6,26|6,6|-1,-1|26,16|6,16|
#setting_targetting_pos=-1,-1|29,2|-1,-1|-1,-1|-1,-1|-1,-1|-1,-1|-1,-1|
.L......
#101101111111
#assigned_pet=-1,-1,-1,-1,-1,-1,-1,-1,
#assigned_hub=4,0,5,2,0,8,7,1,
#moving_targetting_pos=-1,-1|29,30|-1,-1|6,26|6,6|-1,-1|-1,-1|6,16|
#setting_targetting_pos=-1,-1|29,2|-1,-1|-1,-1|-1,-1|-1,-1|-1,-1|-1,-1|
.r......
#101101111111
#assigned_pet=-1,-1,-1,-1,-1,-1,-1,-1,
#assigned_hub=4,0,5,2,0,8,7,1,
#moving_targetting_pos=-1,-1|29,30|-1,-1|6,26|6,6|-1,-1|-1,-1|6,16|
#setting_targetting_pos=-1,-1|29,2|-1,-1|-1,-1|-1,-1|-1,-1|-1,-1|-1,-1|
.u......
#101101111111
#assigned_pet=-1,-1,-1,-1,-1,-1,-1,-1,
#assigned_hub=4,0,5,2,0,8,7,1,
#moving_targetting_pos=-1,-1|29,30|-1,-1|6,26|6,6|-1,-1|-1,-1|-1,-1|
#setting_targetting_pos=-1,-1|29,2|-1,-1|-1,-1|-1,-1|-1,-1|-1,-1|-1,-1|
.L......
#101101111111
#assigned_pet=-1,-1,-1,-1,-1,-1,-1,-1,
#assigned_hub=4,0,5,2,0,8,7,1,
#moving_targetting_pos=-1,-1|29,30|-1,-1|6,26|6,6|-1,-1|-1,-1|-1,-1|
#setting_targetting_pos=-1,-1|29,2|-1,-1|-1,-1|-1,-1|-1,-1|-1,-1|-1,-1|
.L......
#101101111111
#assigned_pet=-1,-1,-1,-1,-1,-1,-1,-1,
#assigned_hub=4,0,5,2,0,8,7,1,
#moving_targetting_pos=-1,-1|29,30|-1,-1|6,26|6,6|-1,-1|-1,-1|-1,-1|
#setting_targetting_pos=-1,-1|29,2|-1,-1|-1,-1|-1,-1|-1,-1|-1,-1|-1,-1|
.d......
#101101111111
#assigned_pet=-1,-1,-1,-1,-1,-1,-1,-1,
#assigned_hub=4,0,5,2,0,8,7,1,
#moving_targetting_pos=-1,-1|29,30|-1,-1|6,26|6,6|-1,-1|-1,-1|6,16|
#setting_targetting_pos=-1,-1|29,2|-1,-1|-1,-1|-1,-1|-1,-1|-1,-1|-1,-1|
.L......
#101101111111
#assigned_pet=-1,-1,-1,-1,-1,-1,-1,-1,
#assigned_hub=4,0,5,2,0,8,7,1,
#moving_targetting_pos=-1,-1|29,30|-1,-1|6,26|6,6|-1,-1|-1,-1|-1,-1|
#setting_targetting_pos=-1,-1|29,2|-1,-1|-1,-1|-1,-1|-1,-1|-1,-1|-1,-1|
.r......
#101101111111
#assigned_pet=-1,-1,-1,-1,-1,-1,-1,-1,
#assigned_hub=4,0,5,2,0,8,7,1,
#moving_targetting_pos=-1,-1|29,30|-1,-1|6,26|6,6|-1,-1|-1,-1|6,16|
#setting_targetting_pos=-1,-1|29,2|-1,-1|-1,-1|-1,-1|-1,-1|-1,-1|-1,-1|
.L......
#101101111111
#assigned_pet=-1,-1,-1,-1,-1,-1,-1,-1,
#assigned_hub=4,0,5,2,0,8,7,1,
#moving_targetting_pos=-1,-1|29,30|-1,-1|6,26|6,6|-1,-1|-1,-1|6,16|
#setting_targetting_pos=-1,-1|29,2|-1,-1|-1,-1|-1,-1|-1,-1|-1,-1|-1,-1|
.u......
#101101111111
#assigned_pet=-1,-1,-1,-1,-1,-1,-1,-1,
#assigned_hub=4,0,5,2,0,8,7,1,
#moving_targetting_pos=-1,-1|29,30|-1,-1|6,26|6,6|-1,-1|-1,-1|-1,-1|
#setting_targetting_pos=-1,-1|29,2|-1,-1|-1,-1|-1,-1|-1,-1|-1,-1|-1,-1|
.L......
#101101111111
#assigned_pet=-1,-1,-1,-1,-1,4,-1,-1,
#assigned_hub=4,0,5,2,0,8,7,1,
#moving_targetting_pos=-1,-1|29,30|-1,-1|6,26|6,6|-1,-1|-1,-1|-1,-1|
#setting_targetting_pos=-1,-1|29,2|-1,-1|-1,-1|-1,-1|25,28|-1,-1|-1,-1|
.L...R..
#101101111111
#assigned_pet=-1,-1,-1,-1,-1,4,-1,-1,
#assigned_hub=4,0,5,2,0,8,7,1,
#moving_targetting_pos=-1,-1|29,30|-1,-1|6,26|6,6|-1,-1|-1,-1|-1,-1|
#setting_targetting_pos=-1,-1|29,2|-1,-1|-1,-1|-1,-1|25,28|-1,-1|-1,-1|
.r...R..
#101101111111
#assigned_pet=-1,-1,-1,-1,-1,4,-1,-1,
#assigned_hub=4,0,5,2,0,8,7,1,
#moving_targetting_pos=-1,-1|29,30|-1,-1|6,26|6,6|-1,-1|-1,-1|-1,-1|
#setting_targetting_pos=-1,-1|29,2|-1,-1|-1,-1|-1,-1|25,28|-1,-1|-1,-1|
.d...R..
#101101111111
#assigned_pet=-1,-1,-1,-1,-1,4,-1,-1,
#assigned_hub=4,0,5,2,0,8,7,1,
#moving_targetting_pos=-1,-1|29,30|-1,-1|6,26|6,6|-1,-1|26,16|6,16|
#setting_targetting_pos=-1,-1|29,2|-1,-1|-1,-1|-1,-1|25,28|-1,-1|-1,-1|
.....U..
#101101111111
#assigned_pet=-1,-1,-1,-1,-1,4,-1,-1,
#assigned_hub=4,0,5,2,0,8,7,1,
#moving_targetting_pos=-1,-1|29,30|-1,-1|6,26|6,6|-1,-1|-1,-1|6,16|
#setting_targetting_pos=-1,-1|29,2|-1,-1|-1,-1|-1,-1|25,28|-1,-1|-1,-1|
........
#101111111111
#assigned_pet=-1,-1,-1,-1,-1,4,-1,-1,
#assigned_hub=4,0,5,2,0,8,7,1,
#moving_targetting_pos=-1,-1|29,30|-1,-1|6,26|6,6|-1,-1|-1,-1|-1,-1|
#setting_targetting_pos=-1,-1|29,2|-1,-1|-1,-1|-1,-1|25,28|-1,-1|-1,-1|
.....u..
#101111111111
#assigned_pet=-1,-1,-1,-1,-1,-1,-1,-1,
#assigned_hub=4,0,5,2,0,8,7,1,
#moving_targetting_pos=-1,-1|29,30|-1,-1|6,26|6,6|26,26|26,16|-1,-1|
#setting_targetting_pos=-1,-1|29,2|-1,-1|-1,-1|-1,-1|-1,-1|-1,-1|-1,-1|
........
#101111111111
#assigned_pet=-1,-1,-1,-1,-1,-1,-1,-1,
#assigned_hub=4,0,5,2,0,8,7,1,
#moving_targetting_pos=-1,-1|29,30|-1,-1|6,26|6,6|26,26|26,16|-1,-1|
#setting_targetting_pos=-1,-1|29,2|-1,-1|-1,-1|-1,-1|-1,-1|-1,-1|-1,-1|
........
#101111111111
#assigned_pet=-1,-1,-1,-1,-1,-1,-1,-1,
#assigned_hub=4,0,5,2,0,8,7,1,
#moving_targetting_pos=-1,-1|29,30|-1,-1|6,26|6,6|26,26|26,16|-1,-1|
#setting_targetting_pos=-1,-1|29,2|-1,-1|-1,-1|-1,-1|-1,-1|-1,-1|-1,-1|
........
#101111111111
#assigned_pet=-1,-1,-1,-1,-1,-1,-1,-1,
#assigned_hub=4,0,5,2,0,8,7,1,
#moving_targetting_pos=-1,-1|29,30|-1,-1|6,26|6,6|26,26|26,16|6,16|
#setting_targetting_pos=-1,-1|29,2|-1,-1|-1,-1|-1,-1|-1,-1|-1,-1|-1,-1|
........
#101111111111
#assigned_pet=-1,-1,-1,-1,-1,-1,-1,-1,
#assigned_hub=4,0,5,2,0,8,7,1,
#moving_targetting_pos=-1,-1|29,30|-1,-1|6,26|6,6|26,26|-1,-1|-1,-1|
#setting_targetting_pos=-1,-1|29,2|-1,-1|-1,-1|-1,-1|-1,-1|-1,-1|-1,-1|
........
#101111111111
#assigned_pet=-1,-1,-1,-1,-1,-1,-1,-1,
#assigned_hub=4,0,5,2,0,8,7,1,
#moving_targetting_pos=-1,-1|29,30|16,26|6,26|6,6|26,26|26,16|-1,-1|
#setting_targetting_pos=-1,-1|29,2|-1,-1|-1,-1|-1,-1|-1,-1|-1,-1|-1,-1|
........
#101111111111
#assigned_pet=-1,-1,-1,-1,-1,-1,-1,-1,
#assigned_hub=4,3,5,2,0,8,7,1,
#moving_targetting_pos=-1,-1|16,6|16,26|6,26|6,6|26,26|26,16|6,16|
#setting_targetting_pos=-1,-1|29,2|-1,-1|-1,-1|-1,-1|-1,-1|-1,-1|-1,-1|
.U......
#101111111111
#assigned_pet=-1,-1,-1,-1,-1,-1,-1,-1,
#assigned_hub=4,3,5,2,0,8,7,1,
#moving_targetting_pos=-1,-1|16,6|16,26|6,26|6,6|26,26|26,16|-1,-1|
#setting_targetting_pos=-1,-1|-1,-1|-1,-1|-1,-1|-1,-1|-1,-1|-1,-1|-1,-1|
.R......
#101111111111
#assigned_pet=-1,-1,-1,-1,-1,-1,-1,-1,
#assigned_hub=4,3,5,2,0,8,7,1,
#moving_targetting_pos=-1,-1|16,6|16,26|6,26|6,6|26,26|26,16|6,16|
#setting_targetting_pos=-1,-1|-1,-1|-1,-1|-1,-1|-1,-1|-1,-1|-1,-1|-1,-1|
.U......
#101111111111
#assigned_pet=-1,-1,-1,-1,-1,-1,-1,-1,
#assigned_hub=4,3,5,2,0,8,7,1,
#moving_targetting_pos=-1,-1|16,6|16,26|6,26|6,6|26,26|26,16|6,16|
#setting_targetting_pos=-1,-1|-1,-1|-1,-1|-1,-1|-1,-1|-1,-1|-1,-1|-1,-1|
.R......
#101111111111
#assigned_pet=-1,-1,-1,-1,-1,-1,-1,-1,
#assigned_hub=4,3,5,2,0,8,7,1,
#moving_targetting_pos=-1,-1|16,6|16,26|6,26|6,6|26,26|26,16|6,16|
#setting_targetting_pos=-1,-1|-1,-1|-1,-1|-1,-1|-1,-1|-1,-1|-1,-1|-1,-1|
.R......
#101111111111
#assigned_pet=-1,-1,-1,-1,-1,-1,-1,-1,
#assigned_hub=4,3,5,2,0,8,7,1,
#moving_targetting_pos=-1,-1|16,6|16,26|6,26|6,6|26,26|26,16|6,16|
#setting_targetting_pos=-1,-1|-1,-1|-1,-1|-1,-1|-1,-1|-1,-1|-1,-1|-1,-1|
.U......
#101111111111
#assigned_pet=-1,-1,-1,-1,-1,-1,-1,-1,
#assigned_hub=4,3,5,2,0,8,7,1,
#moving_targetting_pos=-1,-1|16,6|16,26|6,26|6,6|26,26|26,16|6,16|
#setting_targetting_pos=-1,-1|-1,-1|-1,-1|-1,-1|-1,-1|-1,-1|-1,-1|-1,-1|
.U......
#101111111111
#assigned_pet=-1,-1,-1,-1,-1,-1,-1,-1,
#assigned_hub=4,3,5,2,0,8,7,1,
#moving_targetting_pos=-1,-1|16,6|16,26|6,26|6,6|26,26|26,16|6,16|
#setting_targetting_pos=-1,-1|-1,-1|-1,-1|-1,-1|-1,-1|-1,-1|-1,-1|-1,-1|
.U......
#101111111111
#assigned_pet=-1,-1,-1,-1,-1,-1,-1,-1,
#assigned_hub=4,3,5,2,0,8,7,1,
#moving_targetting_pos=-1,-1|16,6|16,26|6,26|6,6|26,26|26,16|6,16|
#setting_targetting_pos=-1,-1|-1,-1|-1,-1|-1,-1|-1,-1|-1,-1|-1,-1|-1,-1|
.U......
#101111111111
#assigned_pet=-1,-1,-1,-1,-1,-1,-1,-1,
#assigned_hub=4,3,5,2,0,8,7,1,
#moving_targetting_pos=-1,-1|16,6|16,26|6,26|6,6|26,26|26,16|6,16|
#setting_targetting_pos=-1,-1|-1,-1|-1,-1|-1,-1|-1,-1|-1,-1|-1,-1|-1,-1|
.U......
#101111111111
#assigned_pet=-1,-1,-1,-1,-1,-1,-1,-1,
#assigned_hub=4,3,5,2,0,8,7,1,
#moving_targetting_pos=-1,-1|16,6|16,26|6,26|6,6|26,26|26,16|6,16|
#setting_targetting_pos=-1,-1|-1,-1|-1,-1|-1,-1|-1,-1|-1,-1|-1,-1|-1,-1|
.U......
#101111111111
#assigned_pet=-1,-1,-1,-1,-1,-1,-1,-1,
#assigned_hub=4,3,5,2,0,8,7,1,
#moving_targetting_pos=-1,-1|16,6|16,26|6,26|6,6|26,26|26,16|6,16|
#setting_targetting_pos=-1,-1|-1,-1|-1,-1|-1,-1|-1,-1|-1,-1|-1,-1|-1,-1|
.U......
#101111111111
#assigned_pet=-1,-1,-1,-1,-1,-1,-1,-1,
#assigned_hub=4,3,5,2,0,8,7,1,
#moving_targetting_pos=-1,-1|16,6|16,26|6,26|6,6|26,26|26,16|6,16|
#setting_targetting_pos=-1,-1|-1,-1|-1,-1|-1,-1|-1,-1|-1,-1|-1,-1|-1,-1|
.U......
#101111111111
#assigned_pet=-1,-1,-1,-1,-1,-1,-1,-1,
#assigned_hub=4,3,5,2,0,8,7,1,
#moving_targetting_pos=-1,-1|16,6|16,26|6,26|6,6|26,26|26,16|6,16|
#setting_targetting_pos=-1,-1|-1,-1|-1,-1|-1,-1|-1,-1|-1,-1|-1,-1|-1,-1|
.U......
#101111111111
#assigned_pet=-1,-1,-1,-1,-1,-1,-1,-1,
#assigned_hub=4,3,5,2,0,8,7,1,
#moving_targetting_pos=-1,-1|16,6|16,26|6,26|6,6|26,26|26,16|6,16|
#setting_targetting_pos=-1,-1|-1,-1|-1,-1|-1,-1|-1,-1|-1,-1|-1,-1|-1,-1|
.R......
#101111111111
#assigned_pet=1,1,-1,-1,-1,-1,-1,-1,
#assigned_hub=4,3,5,2,0,8,7,1,
#moving_targetting_pos=-1,-1|-1,-1|16,26|6,26|6,6|26,26|26,16|6,16|
#setting_targetting_pos=15,14|15,8|-1,-1|-1,-1|-1,-1|-1,-1|-1,-1|-1,-1|
LU......
#101111111111
#assigned_pet=1,1,-1,-1,-1,-1,-1,-1,
#assigned_hub=4,3,5,2,0,8,7,1,
#moving_targetting_pos=-1,-1|-1,-1|16,26|6,26|6,6|26,26|26,16|6,16|
#setting_targetting_pos=15,14|15,8|-1,-1|-1,-1|-1,-1|-1,-1|-1,-1|-1,-1|
LR......
#101111111111
#assigned_pet=1,1,-1,-1,-1,-1,-1,-1,
#assigned_hub=4,3,5,2,0,8,7,1,
#moving_targetting_pos=-1,-1|-1,-1|16,26|6,26|6,6|26,26|26,16|6,16|
#setting_targetting_pos=15,14|15,8|-1,-1|-1,-1|-1,-1|-1,-1|-1,-1|-1,-1|
LR......
#101111111111
#assigned_pet=1,1,-1,-1,-1,-1,-1,-1,
#assigned_hub=4,3,5,2,0,8,7,1,
#moving_targetting_pos=-1,-1|-1,-1|16,26|6,26|6,6|26,26|26,16|6,16|
#setting_targetting_pos=15,14|15,8|-1,-1|-1,-1|-1,-1|-1,-1|-1,-1|-1,-1|
UU......
#111111111111
#assigned_pet=1,1,-1,-1,-1,-1,-1,-1,
#assigned_hub=4,3,5,2,0,8,7,1,
#moving_targetting_pos=-1,-1|-1,-1|16,26|6,26|6,6|26,26|26,16|6,16|
#setting_targetting_pos=15,14|15,8|-1,-1|-1,-1|-1,-1|-1,-1|-1,-1|-1,-1|
uu......
#111111111111
#assigned_pet=-1,-1,-1,-1,-1,-1,-1,-1,
#assigned_hub=4,3,5,2,0,8,7,1,
#moving_targetting_pos=16,16|16,6|16,26|6,26|6,6|26,26|26,16|6,16|
#setting_targetting_pos=-1,-1|-1,-1|-1,-1|-1,-1|-1,-1|-1,-1|-1,-1|-1,-1|
........
#111111111111
#assigned_pet=-1,-1,-1,-1,-1,-1,-1,-1,
#assigned_hub=4,3,5,2,0,8,7,1,
#moving_targetting_pos=16,16|16,6|16,26|6,26|6,6|26,26|26,16|6,16|
#setting_targetting_pos=-1,-1|-1,-1|-1,-1|-1,-1|-1,-1|-1,-1|-1,-1|-1,-1|
........
#111111111111
#assigned_pet=-1,-1,-1,-1,-1,-1,-1,-1,
#assigned_hub=4,3,5,2,0,8,7,1,
#moving_targetting_pos=16,16|16,6|16,26|6,26|6,6|26,26|26,16|6,16|
#setting_targetting_pos=-1,-1|-1,-1|-1,-1|-1,-1|-1,-1|-1,-1|-1,-1|-1,-1|
........
#111111111111
#assigned_pet=-1,-1,-1,-1,-1,-1,-1,-1,
#assigned_hub=4,3,5,2,0,8,7,1,
#moving_targetting_pos=16,16|16,6|16,26|6,26|6,6|26,26|26,16|6,16|
#setting_targetting_pos=-1,-1|-1,-1|-1,-1|-1,-1|-1,-1|-1,-1|-1,-1|-1,-1|
........
#111111111111
#assigned_pet=-1,-1,-1,-1,-1,-1,-1,-1,
#assigned_hub=4,3,5,2,0,8,7,1,
#moving_targetting_pos=16,16|16,6|16,26|6,26|6,6|26,26|26,16|6,16|
#setting_targetting_pos=-1,-1|-1,-1|-1,-1|-1,-1|-1,-1|-1,-1|-1,-1|-1,-1|
........
#111111111111
#assigned_pet=-1,-1,-1,-1,-1,-1,-1,-1,
#assigned_hub=4,3,5,2,0,8,7,1,
#moving_targetting_pos=16,16|16,6|16,26|6,26|6,6|26,26|26,16|6,16|
#setting_targetting_pos=-1,-1|-1,-1|-1,-1|-1,-1|-1,-1|-1,-1|-1,-1|-1,-1|
........
#111111111111
#assigned_pet=-1,-1,-1,-1,-1,-1,-1,-1,
#assigned_hub=4,3,5,2,0,8,7,1,
#moving_targetting_pos=16,16|16,6|16,26|6,26|6,6|26,26|26,16|6,16|
#setting_targetting_pos=-1,-1|-1,-1|-1,-1|-1,-1|-1,-1|-1,-1|-1,-1|-1,-1|
........
#111111111111
#assigned_pet=-1,-1,-1,-1,-1,-1,-1,-1,
#assigned_hub=4,3,5,2,0,8,7,1,
#moving_targetting_pos=16,16|16,6|16,26|6,26|6,6|26,26|26,16|6,16|
#setting_targetting_pos=-1,-1|-1,-1|-1,-1|-1,-1|-1,-1|-1,-1|-1,-1|-1,-1|
........
#111111111111
#assigned_pet=-1,-1,-1,-1,-1,-1,-1,-1,
#assigned_hub=4,3,5,2,0,8,7,1,
#moving_targetting_pos=16,16|16,6|16,26|6,26|6,6|26,26|26,16|6,16|
#setting_targetting_pos=-1,-1|-1,-1|-1,-1|-1,-1|-1,-1|-1,-1|-1,-1|-1,-1|
........
#111111111111
#assigned_pet=-1,-1,-1,-1,-1,-1,-1,-1,
#assigned_hub=4,3,5,2,0,8,7,1,
#moving_targetting_pos=16,16|16,6|16,26|6,26|6,6|26,26|26,16|6,16|
#setting_targetting_pos=-1,-1|-1,-1|-1,-1|-1,-1|-1,-1|-1,-1|-1,-1|-1,-1|
........
#111111111111
#assigned_pet=-1,-1,-1,-1,-1,-1,-1,-1,
#assigned_hub=4,3,5,2,0,8,7,1,
#moving_targetting_pos=16,16|16,6|16,26|6,26|6,6|26,26|26,16|6,16|
#setting_targetting_pos=-1,-1|-1,-1|-1,-1|-1,-1|-1,-1|-1,-1|-1,-1|-1,-1|
........
#111111111111
#assigned_pet=-1,-1,-1,-1,-1,-1,-1,-1,
#assigned_hub=4,3,5,2,0,8,7,1,
#moving_targetting_pos=16,16|16,6|16,26|6,26|6,6|26,26|26,16|6,16|
#setting_targetting_pos=-1,-1|-1,-1|-1,-1|-1,-1|-1,-1|-1,-1|-1,-1|-1,-1|
........
#111111111111
#assigned_pet=-1,-1,-1,-1,-1,-1,-1,-1,
#assigned_hub=4,3,5,2,0,8,7,1,
#moving_targetting_pos=16,16|16,6|16,26|6,26|6,6|26,26|26,16|6,16|
#setting_targetting_pos=-1,-1|-1,-1|-1,-1|-1,-1|-1,-1|-1,-1|-1,-1|-1,-1|
........
#111111111111
#assigned_pet=-1,-1,-1,-1,-1,-1,-1,-1,
#assigned_hub=4,3,5,2,0,8,7,1,
#moving_targetting_pos=16,16|16,6|16,26|6,26|6,6|26,26|26,16|6,16|
#setting_targetting_pos=-1,-1|-1,-1|-1,-1|-1,-1|-1,-1|-1,-1|-1,-1|-1,-1|
........
#111111111111
#assigned_pet=-1,-1,-1,-1,-1,-1,-1,-1,
#assigned_hub=4,3,5,2,0,8,7,1,
#moving_targetting_pos=16,16|16,6|16,26|6,26|6,6|26,26|26,16|6,16|
#setting_targetting_pos=-1,-1|-1,-1|-1,-1|-1,-1|-1,-1|-1,-1|-1,-1|-1,-1|
........
#111111111111
#assigned_pet=-1,-1,-1,-1,-1,-1,-1,-1,
#assigned_hub=4,3,5,2,0,8,7,1,
#moving_targetting_pos=16,16|16,6|16,26|6,26|6,6|26,26|26,16|6,16|
#setting_targetting_pos=-1,-1|-1,-1|-1,-1|-1,-1|-1,-1|-1,-1|-1,-1|-1,-1|
........
#111111111111
#assigned_pet=-1,-1,-1,-1,-1,-1,-1,-1,
#assigned_hub=4,3,5,2,0,8,7,1,
#moving_targetting_pos=16,16|16,6|16,26|6,26|6,6|26,26|26,16|6,16|
#setting_targetting_pos=-1,-1|-1,-1|-1,-1|-1,-1|-1,-1|-1,-1|-1,-1|-1,-1|
........
#111111111111
#assigned_pet=-1,-1,-1,-1,-1,-1,-1,-1,
#assigned_hub=4,3,5,2,0,8,7,1,
#moving_targetting_pos=16,16|16,6|16,26|6,26|6,6|26,26|26,16|6,16|
#setting_targetting_pos=-1,-1|-1,-1|-1,-1|-1,-1|-1,-1|-1,-1|-1,-1|-1,-1|
........
#111111111111
#assigned_pet=-1,-1,-1,-1,-1,-1,-1,-1,
#assigned_hub=4,3,5,2,0,8,7,1,
#moving_targetting_pos=16,16|16,6|16,26|6,26|6,6|26,26|26,16|6,16|
#setting_targetting_pos=-1,-1|-1,-1|-1,-1|-1,-1|-1,-1|-1,-1|-1,-1|-1,-1|
........
#111111111111
#assigned_pet=-1,-1,-1,-1,-1,-1,-1,-1,
#assigned_hub=4,3,5,2,0,8,7,1,
#moving_targetting_pos=16,16|16,6|16,26|6,26|6,6|26,26|26,16|6,16|
#setting_targetting_pos=-1,-1|-1,-1|-1,-1|-1,-1|-1,-1|-1,-1|-1,-1|-1,-1|
........
#111111111111
#assigned_pet=-1,-1,-1,-1,-1,-1,-1,-1,
#assigned_hub=4,3,5,2,0,8,7,1,
#moving_targetting_pos=16,16|16,6|16,26|6,26|6,6|26,26|26,16|6,16|
#setting_targetting_pos=-1,-1|-1,-1|-1,-1|-1,-1|-1,-1|-1,-1|-1,-1|-1,-1|
........
#111111111111
#assigned_pet=-1,-1,-1,-1,-1,-1,-1,-1,
#assigned_hub=4,3,5,2,0,8,7,1,
#moving_targetting_pos=16,16|16,6|16,26|6,26|6,6|26,26|26,16|6,16|
#setting_targetting_pos=-1,-1|-1,-1|-1,-1|-1,-1|-1,-1|-1,-1|-1,-1|-1,-1|
........
#111111111111
#assigned_pet=-1,-1,-1,-1,-1,-1,-1,-1,
#assigned_hub=4,3,5,2,0,8,7,1,
#moving_targetting_pos=16,16|16,6|16,26|6,26|6,6|26,26|26,16|6,16|
#setting_targetting_pos=-1,-1|-1,-1|-1,-1|-1,-1|-1,-1|-1,-1|-1,-1|-1,-1|
........
#111111111111
#assigned_pet=-1,-1,-1,-1,-1,-1,-1,-1,
#assigned_hub=4,3,5,2,0,8,7,1,
#moving_targetting_pos=16,16|16,6|16,26|6,26|6,6|26,26|26,16|6,16|
#setting_targetting_pos=-1,-1|-1,-1|-1,-1|-1,-1|-1,-1|-1,-1|-1,-1|-1,-1|
........
#111111111111
#assigned_pet=-1,-1,-1,-1,-1,-1,-1,-1,
#assigned_hub=4,3,5,2,0,8,7,1,
#moving_targetting_pos=16,16|16,6|16,26|6,26|6,6|26,26|26,16|6,16|
#setting_targetting_pos=-1,-1|-1,-1|-1,-1|-1,-1|-1,-1|-1,-1|-1,-1|-1,-1|
........
#111111111111
#assigned_pet=-1,-1,-1,-1,-1,-1,-1,-1,
#assigned_hub=4,3,5,2,0,8,7,1,
#moving_targetting_pos=16,16|16,6|16,26|6,26|6,6|26,26|26,16|6,16|
#setting_targetting_pos=-1,-1|-1,-1|-1,-1|-1,-1|-1,-1|-1,-1|-1,-1|-1,-1|
........
#111111111111
#assigned_pet=-1,-1,-1,-1,-1,-1,-1,-1,
#assigned_hub=4,3,5,2,0,8,7,1,
#moving_targetting_pos=16,16|16,6|16,26|6,26|6,6|26,26|26,16|6,16|
#setting_targetting_pos=-1,-1|-1,-1|-1,-1|-1,-1|-1,-1|-1,-1|-1,-1|-1,-1|
........
#111111111111
#assigned_pet=-1,-1,-1,-1,-1,-1,-1,-1,
#assigned_hub=4,3,5,2,0,8,7,1,
#moving_targetting_pos=16,16|16,6|16,26|6,26|6,6|26,26|26,16|6,16|
#setting_targetting_pos=-1,-1|-1,-1|-1,-1|-1,-1|-1,-1|-1,-1|-1,-1|-1,-1|
........
#111111111111
#assigned_pet=-1,-1,-1,-1,-1,-1,-1,-1,
#assigned_hub=4,3,5,2,0,8,7,1,
#moving_targetting_pos=16,16|16,6|16,26|6,26|6,6|26,26|26,16|6,16|
#setting_targetting_pos=-1,-1|-1,-1|-1,-1|-1,-1|-1,-1|-1,-1|-1,-1|-1,-1|
........
#111111111111
#assigned_pet=-1,-1,-1,-1,-1,-1,-1,-1,
#assigned_hub=4,3,5,2,0,8,7,1,
#moving_targetting_pos=16,16|16,6|16,26|6,26|6,6|26,26|26,16|6,16|
#setting_targetting_pos=-1,-1|-1,-1|-1,-1|-1,-1|-1,-1|-1,-1|-1,-1|-1,-1|
........
#111111111111
#assigned_pet=-1,-1,-1,-1,-1,-1,-1,-1,
#assigned_hub=4,3,5,2,0,8,7,1,
#moving_targetting_pos=16,16|16,6|16,26|6,26|6,6|26,26|26,16|6,16|
#setting_targetting_pos=-1,-1|-1,-1|-1,-1|-1,-1|-1,-1|-1,-1|-1,-1|-1,-1|
........
#111111111111
#assigned_pet=-1,-1,-1,-1,-1,-1,-1,-1,
#assigned_hub=4,3,5,2,0,8,7,1,
#moving_targetting_pos=16,16|16,6|16,26|6,26|6,6|26,26|26,16|6,16|
#setting_targetting_pos=-1,-1|-1,-1|-1,-1|-1,-1|-1,-1|-1,-1|-1,-1|-1,-1|
........
#111111111111
#assigned_pet=-1,-1,-1,-1,-1,-1,-1,-1,
#assigned_hub=4,3,5,2,0,8,7,1,
#moving_targetting_pos=16,16|16,6|16,26|6,26|6,6|26,26|26,16|6,16|
#setting_targetting_pos=-1,-1|-1,-1|-1,-1|-1,-1|-1,-1|-1,-1|-1,-1|-1,-1|
........
#111111111111
#assigned_pet=-1,-1,-1,-1,-1,-1,-1,-1,
#assigned_hub=4,3,5,2,0,8,7,1,
#moving_targetting_pos=16,16|16,6|16,26|6,26|6,6|26,26|26,16|6,16|
#setting_targetting_pos=-1,-1|-1,-1|-1,-1|-1,-1|-1,-1|-1,-1|-1,-1|-1,-1|
........
#111111111111
#assigned_pet=-1,-1,-1,-1,-1,-1,-1,-1,
#assigned_hub=4,3,5,2,0,8,7,1,
#moving_targetting_pos=16,16|16,6|16,26|6,26|6,6|26,26|26,16|6,16|
#setting_targetting_pos=-1,-1|-1,-1|-1,-1|-1,-1|-1,-1|-1,-1|-1,-1|-1,-1|
........
#111111111111
#assigned_pet=-1,-1,-1,-1,-1,-1,-1,-1,
#assigned_hub=4,3,5,2,0,8,7,1,
#moving_targetting_pos=16,16|16,6|16,26|6,26|6,6|26,26|26,16|6,16|
#setting_targetting_pos=-1,-1|-1,-1|-1,-1|-1,-1|-1,-1|-1,-1|-1,-1|-1,-1|
........
#111111111111
#assigned_pet=-1,-1,-1,-1,-1,-1,-1,-1,
#assigned_hub=4,3,5,2,0,8,7,1,
#moving_targetting_pos=16,16|16,6|16,26|6,26|6,6|26,26|26,16|6,16|
#setting_targetting_pos=-1,-1|-1,-1|-1,-1|-1,-1|-1,-1|-1,-1|-1,-1|-1,-1|
........
#111111111111
#assigned_pet=-1,-1,-1,-1,-1,-1,-1,-1,
#assigned_hub=4,3,5,2,0,8,7,1,
#moving_targetting_pos=16,16|16,6|16,26|6,26|6,6|26,26|26,16|6,16|
#setting_targetting_pos=-1,-1|-1,-1|-1,-1|-1,-1|-1,-1|-1,-1|-1,-1|-1,-1|
........
#111111111111
#assigned_pet=-1,-1,-1,-1,-1,-1,-1,-1,
#assigned_hub=4,3,5,2,0,8,7,1,
#moving_targetting_pos=16,16|16,6|16,26|6,26|6,6|26,26|26,16|6,16|
#setting_targetting_pos=-1,-1|-1,-1|-1,-1|-1,-1|-1,-1|-1,-1|-1,-1|-1,-1|
........
#111111111111
#assigned_pet=-1,-1,-1,-1,-1,-1,-1,-1,
#assigned_hub=4,3,5,2,0,8,7,1,
#moving_targetting_pos=16,16|16,6|16,26|6,26|6,6|26,26|26,16|6,16|
#setting_targetting_pos=-1,-1|-1,-1|-1,-1|-1,-1|-1,-1|-1,-1|-1,-1|-1,-1|
........
#111111111111
#assigned_pet=-1,-1,-1,-1,-1,-1,-1,-1,
#assigned_hub=4,3,5,2,0,8,7,1,
#moving_targetting_pos=16,16|16,6|16,26|6,26|6,6|26,26|26,16|6,16|
#setting_targetting_pos=-1,-1|-1,-1|-1,-1|-1,-1|-1,-1|-1,-1|-1,-1|-1,-1|
........
#111111111111
#assigned_pet=-1,-1,-1,-1,-1,-1,-1,-1,
#assigned_hub=4,3,5,2,0,8,7,1,
#moving_targetting_pos=16,16|16,6|16,26|6,26|6,6|26,26|26,16|6,16|
#setting_targetting_pos=-1,-1|-1,-1|-1,-1|-1,-1|-1,-1|-1,-1|-1,-1|-1,-1|
........
#111111111111
#assigned_pet=-1,-1,-1,-1,-1,-1,-1,-1,
#assigned_hub=4,3,5,2,0,8,7,1,
#moving_targetting_pos=16,16|16,6|16,26|6,26|6,6|26,26|26,16|6,16|
#setting_targetting_pos=-1,-1|-1,-1|-1,-1|-1,-1|-1,-1|-1,-1|-1,-1|-1,-1|
........
#111111111111
#assigned_pet=-1,-1,-1,-1,-1,-1,-1,-1,
#assigned_hub=4,3,5,2,0,8,7,1,
#moving_targetting_pos=16,16|16,6|16,26|6,26|6,6|26,26|26,16|6,16|
#setting_targetting_pos=-1,-1|-1,-1|-1,-1|-1,-1|-1,-1|-1,-1|-1,-1|-1,-1|
........
#111111111111
#assigned_pet=-1,-1,-1,-1,-1,-1,-1,-1,
#assigned_hub=4,3,5,2,0,8,7,1,
#moving_targetting_pos=16,16|16,6|16,26|6,26|6,6|26,26|26,16|6,16|
#setting_targetting_pos=-1,-1|-1,-1|-1,-1|-1,-1|-1,-1|-1,-1|-1,-1|-1,-1|
........
#111111111111
#assigned_pet=-1,-1,-1,-1,-1,-1,-1,-1,
#assigned_hub=4,3,5,2,0,8,7,1,
#moving_targetting_pos=16,16|16,6|16,26|6,26|6,6|26,26|26,16|6,16|
#setting_targetting_pos=-1,-1|-1,-1|-1,-1|-1,-1|-1,-1|-1,-1|-1,-1|-1,-1|
........
#111111111111
#assigned_pet=-1,-1,-1,-1,-1,-1,-1,-1,
#assigned_hub=4,3,5,2,0,8,7,1,
#moving_targetting_pos=16,16|16,6|16,26|6,26|6,6|26,26|26,16|6,16|
#setting_targetting_pos=-1,-1|-1,-1|-1,-1|-1,-1|-1,-1|-1,-1|-1,-1|-1,-1|
........
#111111111111
#assigned_pet=-1,-1,-1,-1,-1,-1,-1,-1,
#assigned_hub=4,3,5,2,0,8,7,1,
#moving_targetting_pos=16,16|16,6|16,26|6,26|6,6|26,26|26,16|6,16|
#setting_targetting_pos=-1,-1|-1,-1|-1,-1|-1,-1|-1,-1|-1,-1|-1,-1|-1,-1|
........
#111111111111
#assigned_pet=-1,-1,-1,-1,-1,-1,-1,-1,
#assigned_hub=4,3,5,2,0,8,7,1,
#moving_targetting_pos=16,16|16,6|16,26|6,26|6,6|26,26|26,16|6,16|
#setting_targetting_pos=-1,-1|-1,-1|-1,-1|-1,-1|-1,-1|-1,-1|-1,-1|-1,-1|
........
#111111111111
#assigned_pet=-1,-1,-1,-1,-1,-1,-1,-1,
#assigned_hub=4,3,5,2,0,8,7,1,
#moving_targetting_pos=16,16|16,6|16,26|6,26|6,6|26,26|26,16|6,16|
#setting_targetting_pos=-1,-1|-1,-1|-1,-1|-1,-1|-1,-1|-1,-1|-1,-1|-1,-1|
........
#111111111111
#assigned_pet=-1,-1,-1,-1,-1,-1,-1,-1,
#assigned_hub=4,3,5,2,0,8,7,1,
#moving_targetting_pos=16,16|16,6|16,26|6,26|6,6|26,26|26,16|6,16|
#setting_targetting_pos=-1,-1|-1,-1|-1,-1|-1,-1|-1,-1|-1,-1|-1,-1|-1,-1|
........
#111111111111
#assigned_pet=-1,-1,-1,-1,-1,-1,-1,-1,
#assigned_hub=4,3,5,2,0,8,7,1,
#moving_targetting_pos=16,16|16,6|16,26|6,26|6,6|26,26|26,16|6,16|
#setting_targetting_pos=-1,-1|-1,-1|-1,-1|-1,-1|-1,-1|-1,-1|-1,-1|-1,-1|
........
#111111111111
#assigned_pet=-1,-1,-1,-1,-1,-1,-1,-1,
#assigned_hub=4,3,5,2,0,8,7,1,
#moving_targetting_pos=16,16|16,6|16,26|6,26|6,6|26,26|26,16|6,16|
#setting_targetting_pos=-1,-1|-1,-1|-1,-1|-1,-1|-1,-1|-1,-1|-1,-1|-1,-1|
........
#111111111111
#assigned_pet=-1,-1,-1,-1,-1,-1,-1,-1,
#assigned_hub=4,3,5,2,0,8,7,1,
#moving_targetting_pos=16,16|16,6|16,26|6,26|6,6|26,26|26,16|6,16|
#setting_targetting_pos=-1,-1|-1,-1|-1,-1|-1,-1|-1,-1|-1,-1|-1,-1|-1,-1|
........
#111111111111
#assigned_pet=-1,-1,-1,-1,-1,-1,-1,-1,
#assigned_hub=4,3,5,2,0,8,7,1,
#moving_targetting_pos=16,16|16,6|16,26|6,26|6,6|26,26|26,16|6,16|
#setting_targetting_pos=-1,-1|-1,-1|-1,-1|-1,-1|-1,-1|-1,-1|-1,-1|-1,-1|
........
#111111111111
#assigned_pet=-1,-1,-1,-1,-1,-1,-1,-1,
#assigned_hub=4,3,5,2,0,8,7,1,
#moving_targetting_pos=16,16|16,6|16,26|6,26|6,6|26,26|26,16|6,16|
#setting_targetting_pos=-1,-1|-1,-1|-1,-1|-1,-1|-1,-1|-1,-1|-1,-1|-1,-1|
........
#111111111111
#assigned_pet=-1,-1,-1,-1,-1,-1,-1,-1,
#assigned_hub=4,3,5,2,0,8,7,1,
#moving_targetting_pos=16,16|16,6|16,26|6,26|6,6|26,26|26,16|6,16|
#setting_targetting_pos=-1,-1|-1,-1|-1,-1|-1,-1|-1,-1|-1,-1|-1,-1|-1,-1|
........
#111111111111
#assigned_pet=-1,-1,-1,-1,-1,-1,-1,-1,
#assigned_hub=4,3,5,2,0,8,7,1,
#moving_targetting_pos=16,16|16,6|16,26|6,26|6,6|26,26|26,16|6,16|
#setting_targetting_pos=-1,-1|-1,-1|-1,-1|-1,-1|-1,-1|-1,-1|-1,-1|-1,-1|
........
#111111111111
#assigned_pet=-1,-1,-1,-1,-1,-1,-1,-1,
#assigned_hub=4,3,5,2,0,8,7,1,
#moving_targetting_pos=16,16|16,6|16,26|6,26|6,6|26,26|26,16|6,16|
#setting_targetting_pos=-1,-1|-1,-1|-1,-1|-1,-1|-1,-1|-1,-1|-1,-1|-1,-1|
........
#111111111111
#assigned_pet=-1,-1,-1,-1,-1,-1,-1,-1,
#assigned_hub=4,3,5,2,0,8,7,1,
#moving_targetting_pos=16,16|16,6|16,26|6,26|6,6|26,26|26,16|6,16|
#setting_targetting_pos=-1,-1|-1,-1|-1,-1|-1,-1|-1,-1|-1,-1|-1,-1|-1,-1|
........
#111111111111
#assigned_pet=-1,-1,-1,-1,-1,-1,-1,-1,
#assigned_hub=4,3,5,2,0,8,7,1,
#moving_targetting_pos=16,16|16,6|16,26|6,26|6,6|26,26|26,16|6,16|
#setting_targetting_pos=-1,-1|-1,-1|-1,-1|-1,-1|-1,-1|-1,-1|-1,-1|-1,-1|
........
#111111111111
#assigned_pet=-1,-1,-1,-1,-1,-1,-1,-1,
#assigned_hub=4,3,5,2,0,8,7,1,
#moving_targetting_pos=16,16|16,6|16,26|6,26|6,6|26,26|26,16|6,16|
#setting_targetting_pos=-1,-1|-1,-1|-1,-1|-1,-1|-1,-1|-1,-1|-1,-1|-1,-1|
........
#111111111111
#assigned_pet=-1,-1,-1,-1,-1,-1,-1,-1,
#assigned_hub=4,3,5,2,0,8,7,1,
#moving_targetting_pos=16,16|16,6|16,26|6,26|6,6|26,26|26,16|6,16|
#setting_targetting_pos=-1,-1|-1,-1|-1,-1|-1,-1|-1,-1|-1,-1|-1,-1|-1,-1|
........
#111111111111
#assigned_pet=-1,-1,-1,-1,-1,-1,-1,-1,
#assigned_hub=4,3,5,2,0,8,7,1,
#moving_targetting_pos=16,16|16,6|16,26|6,26|6,6|26,26|26,16|6,16|
#setting_targetting_pos=-1,-1|-1,-1|-1,-1|-1,-1|-1,-1|-1,-1|-1,-1|-1,-1|
........
#111111111111
#assigned_pet=-1,-1,-1,-1,-1,-1,-1,-1,
#assigned_hub=4,3,5,2,0,8,7,1,
#moving_targetting_pos=16,16|16,6|16,26|6,26|6,6|26,26|26,16|6,16|
#setting_targetting_pos=-1,-1|-1,-1|-1,-1|-1,-1|-1,-1|-1,-1|-1,-1|-1,-1|
........
#111111111111
#assigned_pet=-1,-1,-1,-1,-1,-1,-1,-1,
#assigned_hub=4,3,5,2,0,8,7,1,
#moving_targetting_pos=16,16|16,6|16,26|6,26|6,6|26,26|26,16|6,16|
#setting_targetting_pos=-1,-1|-1,-1|-1,-1|-1,-1|-1,-1|-1,-1|-1,-1|-1,-1|
........
#111111111111
#assigned_pet=-1,-1,-1,-1,-1,-1,-1,-1,
#assigned_hub=4,3,5,2,0,8,7,1,
#moving_targetting_pos=16,16|16,6|16,26|6,26|6,6|26,26|26,16|6,16|
#setting_targetting_pos=-1,-1|-1,-1|-1,-1|-1,-1|-1,-1|-1,-1|-1,-1|-1,-1|
........
#111111111111
#assigned_pet=-1,-1,-1,-1,-1,-1,-1,-1,
#assigned_hub=4,3,5,2,0,8,7,1,
#moving_targetting_pos=16,16|16,6|16,26|6,26|6,6|26,26|26,16|6,16|
#setting_targetting_pos=-1,-1|-1,-1|-1,-1|-1,-1|-1,-1|-1,-1|-1,-1|-1,-1|
........
#111111111111
#assigned_pet=-1,-1,-1,-1,-1,-1,-1,-1,
#assigned_hub=4,3,5,2,0,8,7,1,
#moving_targetting_pos=16,16|16,6|16,26|6,26|6,6|26,26|26,16|6,16|
#setting_targetting_pos=-1,-1|-1,-1|-1,-1|-1,-1|-1,-1|-1,-1|-1,-1|-1,-1|
........
#111111111111
#assigned_pet=-1,-1,-1,-1,-1,-1,-1,-1,
#assigned_hub=4,3,5,2,0,8,7,1,
#moving_targetting_pos=16,16|16,6|16,26|6,26|6,6|26,26|26,16|6,16|
#setting_targetting_pos=-1,-1|-1,-1|-1,-1|-1,-1|-1,-1|-1,-1|-1,-1|-1,-1|
........
#111111111111
#assigned_pet=-1,-1,-1,-1,-1,-1,-1,-1,
#assigned_hub=4,3,5,2,0,8,7,1,
#moving_targetting_pos=16,16|16,6|16,26|6,26|6,6|26,26|26,16|6,16|
#setting_targetting_pos=-1,-1|-1,-1|-1,-1|-1,-1|-1,-1|-1,-1|-1,-1|-1,-1|
........
#111111111111
#assigned_pet=-1,-1,-1,-1,-1,-1,-1,-1,
#assigned_hub=4,3,5,2,0,8,7,1,
#moving_targetting_pos=16,16|16,6|16,26|6,26|6,6|26,26|26,16|6,16|
#setting_targetting_pos=-1,-1|-1,-1|-1,-1|-1,-1|-1,-1|-1,-1|-1,-1|-1,-1|
........
#111111111111
#assigned_pet=-1,-1,-1,-1,-1,-1,-1,-1,
#assigned_hub=4,3,5,2,0,8,7,1,
#moving_targetting_pos=16,16|16,6|16,26|6,26|6,6|26,26|26,16|6,16|
#setting_targetting_pos=-1,-1|-1,-1|-1,-1|-1,-1|-1,-1|-1,-1|-1,-1|-1,-1|
........
#111111111111
#assigned_pet=-1,-1,-1,-1,-1,-1,-1,-1,
#assigned_hub=4,3,5,2,0,8,7,1,
#moving_targetting_pos=16,16|16,6|16,26|6,26|6,6|26,26|26,16|6,16|
#setting_targetting_pos=-1,-1|-1,-1|-1,-1|-1,-1|-1,-1|-1,-1|-1,-1|-1,-1|
........
#111111111111
#assigned_pet=-1,-1,-1,-1,-1,-1,-1,-1,
#assigned_hub=4,3,5,2,0,8,7,1,
#moving_targetting_pos=16,16|16,6|16,26|6,26|6,6|26,26|26,16|6,16|
#setting_targetting_pos=-1,-1|-1,-1|-1,-1|-1,-1|-1,-1|-1,-1|-1,-1|-1,-1|
........
#111111111111
#assigned_pet=-1,-1,-1,-1,-1,-1,-1,-1,
#assigned_hub=4,3,5,2,0,8,7,1,
#moving_targetting_pos=16,16|16,6|16,26|6,26|6,6|26,26|26,16|6,16|
#setting_targetting_pos=-1,-1|-1,-1|-1,-1|-1,-1|-1,-1|-1,-1|-1,-1|-1,-1|
........
#111111111111
#assigned_pet=-1,-1,-1,-1,-1,-1,-1,-1,
#assigned_hub=4,3,5,2,0,8,7,1,
#moving_targetting_pos=16,16|16,6|16,26|6,26|6,6|26,26|26,16|6,16|
#setting_targetting_pos=-1,-1|-1,-1|-1,-1|-1,-1|-1,-1|-1,-1|-1,-1|-1,-1|
........
#111111111111
#assigned_pet=-1,-1,-1,-1,-1,-1,-1,-1,
#assigned_hub=4,3,5,2,0,8,7,1,
#moving_targetting_pos=16,16|16,6|16,26|6,26|6,6|26,26|26,16|6,16|
#setting_targetting_pos=-1,-1|-1,-1|-1,-1|-1,-1|-1,-1|-1,-1|-1,-1|-1,-1|
........
#111111111111
#assigned_pet=-1,-1,-1,-1,-1,-1,-1,-1,
#assigned_hub=4,3,5,2,0,8,7,1,
#moving_targetting_pos=16,16|16,6|16,26|6,26|6,6|26,26|26,16|6,16|
#setting_targetting_pos=-1,-1|-1,-1|-1,-1|-1,-1|-1,-1|-1,-1|-1,-1|-1,-1|
........
#111111111111
#assigned_pet=-1,-1,-1,-1,-1,-1,-1,-1,
#assigned_hub=4,3,5,2,0,8,7,1,
#moving_targetting_pos=16,16|16,6|16,26|6,26|6,6|26,26|26,16|6,16|
#setting_targetting_pos=-1,-1|-1,-1|-1,-1|-1,-1|-1,-1|-1,-1|-1,-1|-1,-1|
........
#111111111111
#assigned_pet=-1,-1,-1,-1,-1,-1,-1,-1,
#assigned_hub=4,3,5,2,0,8,7,1,
#moving_targetting_pos=16,16|16,6|16,26|6,26|6,6|26,26|26,16|6,16|
#setting_targetting_pos=-1,-1|-1,-1|-1,-1|-1,-1|-1,-1|-1,-1|-1,-1|-1,-1|
........
#111111111111
#assigned_pet=-1,-1,-1,-1,-1,-1,-1,-1,
#assigned_hub=4,3,5,2,0,8,7,1,
#moving_targetting_pos=16,16|16,6|16,26|6,26|6,6|26,26|26,16|6,16|
#setting_targetting_pos=-1,-1|-1,-1|-1,-1|-1,-1|-1,-1|-1,-1|-1,-1|-1,-1|
........
#111111111111
#assigned_pet=-1,-1,-1,-1,-1,-1,-1,-1,
#assigned_hub=4,3,5,2,0,8,7,1,
#moving_targetting_pos=16,16|16,6|16,26|6,26|6,6|26,26|26,16|6,16|
#setting_targetting_pos=-1,-1|-1,-1|-1,-1|-1,-1|-1,-1|-1,-1|-1,-1|-1,-1|
........
#111111111111
#assigned_pet=-1,-1,-1,-1,-1,-1,-1,-1,
#assigned_hub=4,3,5,2,0,8,7,1,
#moving_targetting_pos=16,16|16,6|16,26|6,26|6,6|26,26|26,16|6,16|
#setting_targetting_pos=-1,-1|-1,-1|-1,-1|-1,-1|-1,-1|-1,-1|-1,-1|-1,-1|
........
#111111111111
#assigned_pet=-1,-1,-1,-1,-1,-1,-1,-1,
#assigned_hub=4,3,5,2,0,8,7,1,
#moving_targetting_pos=16,16|16,6|16,26|6,26|6,6|26,26|26,16|6,16|
#setting_targetting_pos=-1,-1|-1,-1|-1,-1|-1,-1|-1,-1|-1,-1|-1,-1|-1,-1|
........
#111111111111
#assigned_pet=-1,-1,-1,-1,-1,-1,-1,-1,
#assigned_hub=4,3,5,2,0,8,7,1,
#moving_targetting_pos=16,16|16,6|16,26|6,26|6,6|26,26|26,16|6,16|
#setting_targetting_pos=-1,-1|-1,-1|-1,-1|-1,-1|-1,-1|-1,-1|-1,-1|-1,-1|
........
#111111111111
#assigned_pet=-1,-1,-1,-1,-1,-1,-1,-1,
#assigned_hub=4,3,5,2,0,8,7,1,
#moving_targetting_pos=16,16|16,6|16,26|6,26|6,6|26,26|26,16|6,16|
#setting_targetting_pos=-1,-1|-1,-1|-1,-1|-1,-1|-1,-1|-1,-1|-1,-1|-1,-1|
........
#111111111111
#assigned_pet=-1,-1,-1,-1,-1,-1,-1,-1,
#assigned_hub=4,3,5,2,0,8,7,1,
#moving_targetting_pos=16,16|16,6|16,26|6,26|6,6|26,26|26,16|6,16|
#setting_targetting_pos=-1,-1|-1,-1|-1,-1|-1,-1|-1,-1|-1,-1|-1,-1|-1,-1|
........
#111111111111
#assigned_pet=-1,-1,-1,-1,-1,-1,-1,-1,
#assigned_hub=4,3,5,2,0,8,7,1,
#moving_targetting_pos=16,16|16,6|16,26|6,26|6,6|26,26|26,16|6,16|
#setting_targetting_pos=-1,-1|-1,-1|-1,-1|-1,-1|-1,-1|-1,-1|-1,-1|-1,-1|
........
#111111111111
#assigned_pet=-1,-1,-1,-1,-1,-1,-1,-1,
#assigned_hub=4,3,5,2,0,8,7,1,
#moving_targetting_pos=16,16|16,6|16,26|6,26|6,6|26,26|26,16|6,16|
#setting_targetting_pos=-1,-1|-1,-1|-1,-1|-1,-1|-1,-1|-1,-1|-1,-1|-1,-1|
........
#111111111111
#assigned_pet=-1,-1,-1,-1,-1,-1,-1,-1,
#assigned_hub=4,3,5,2,0,8,7,1,
#moving_targetting_pos=16,16|16,6|16,26|6,26|6,6|26,26|26,16|6,16|
#setting_targetting_pos=-1,-1|-1,-1|-1,-1|-1,-1|-1,-1|-1,-1|-1,-1|-1,-1|
........
#111111111111
#assigned_pet=-1,-1,-1,-1,-1,-1,-1,-1,
#assigned_hub=4,3,5,2,0,8,7,1,
#moving_targetting_pos=16,16|16,6|16,26|6,26|6,6|26,26|26,16|6,16|
#setting_targetting_pos=-1,-1|-1,-1|-1,-1|-1,-1|-1,-1|-1,-1|-1,-1|-1,-1|
........
#111111111111
#assigned_pet=-1,-1,-1,-1,-1,-1,-1,-1,
#assigned_hub=4,3,5,2,0,8,7,1,
#moving_targetting_pos=16,16|16,6|16,26|6,26|6,6|26,26|26,16|6,16|
#setting_targetting_pos=-1,-1|-1,-1|-1,-1|-1,-1|-1,-1|-1,-1|-1,-1|-1,-1|
........
#111111111111
#assigned_pet=-1,-1,-1,-1,-1,-1,-1,-1,
#assigned_hub=4,3,5,2,0,8,7,1,
#moving_targetting_pos=16,16|16,6|16,26|6,26|6,6|26,26|26,16|6,16|
#setting_targetting_pos=-1,-1|-1,-1|-1,-1|-1,-1|-1,-1|-1,-1|-1,-1|-1,-1|
........
#111111111111
#assigned_pet=-1,-1,-1,-1,-1,-1,-1,-1,
#assigned_hub=4,3,5,2,0,8,7,1,
#moving_targetting_pos=16,16|16,6|16,26|6,26|6,6|26,26|26,16|6,16|
#setting_targetting_pos=-1,-1|-1,-1|-1,-1|-1,-1|-1,-1|-1,-1|-1,-1|-1,-1|
........
#111111111111
#assigned_pet=-1,-1,-1,-1,-1,-1,-1,-1,
#assigned_hub=4,3,5,2,0,8,7,1,
#moving_targetting_pos=16,16|16,6|16,26|6,26|6,6|26,26|26,16|6,16|
#setting_targetting_pos=-1,-1|-1,-1|-1,-1|-1,-1|-1,-1|-1,-1|-1,-1|-1,-1|
........
#111111111111
#assigned_pet=-1,-1,-1,-1,-1,-1,-1,-1,
#assigned_hub=4,3,5,2,0,8,7,1,
#moving_targetting_pos=16,16|16,6|16,26|6,26|6,6|26,26|26,16|6,16|
#setting_targetting_pos=-1,-1|-1,-1|-1,-1|-1,-1|-1,-1|-1,-1|-1,-1|-1,-1|
........
#111111111111
#assigned_pet=-1,-1,-1,-1,-1,-1,-1,-1,
#assigned_hub=4,3,5,2,0,8,7,1,
#moving_targetting_pos=16,16|16,6|16,26|6,26|6,6|26,26|26,16|6,16|
#setting_targetting_pos=-1,-1|-1,-1|-1,-1|-1,-1|-1,-1|-1,-1|-1,-1|-1,-1|
........
#111111111111
#assigned_pet=-1,-1,-1,-1,-1,-1,-1,-1,
#assigned_hub=4,3,5,2,0,8,7,1,
#moving_targetting_pos=16,16|16,6|16,26|6,26|6,6|26,26|26,16|6,16|
#setting_targetting_pos=-1,-1|-1,-1|-1,-1|-1,-1|-1,-1|-1,-1|-1,-1|-1,-1|
........
#111111111111
#assigned_pet=-1,-1,-1,-1,-1,-1,-1,-1,
#assigned_hub=4,3,5,2,0,8,7,1,
#moving_targetting_pos=16,16|16,6|16,26|6,26|6,6|26,26|26,16|6,16|
#setting_targetting_pos=-1,-1|-1,-1|-1,-1|-1,-1|-1,-1|-1,-1|-1,-1|-1,-1|
........
#111111111111
#assigned_pet=-1,-1,-1,-1,-1,-1,-1,-1,
#assigned_hub=4,3,5,2,0,8,7,1,
#moving_targetting_pos=16,16|16,6|16,26|6,26|6,6|26,26|26,16|6,16|
#setting_targetting_pos=-1,-1|-1,-1|-1,-1|-1,-1|-1,-1|-1,-1|-1,-1|-1,-1|
........
#111111111111
#assigned_pet=-1,-1,-1,-1,-1,-1,-1,-1,
#assigned_hub=4,3,5,2,0,8,7,1,
#moving_targetting_pos=16,16|16,6|16,26|6,26|6,6|26,26|26,16|6,16|
#setting_targetting_pos=-1,-1|-1,-1|-1,-1|-1,-1|-1,-1|-1,-1|-1,-1|-1,-1|
........
#111111111111
#assigned_pet=-1,-1,-1,-1,-1,-1,-1,-1,
#assigned_hub=4,3,5,2,0,8,7,1,
#moving_targetting_pos=16,16|16,6|16,26|6,26|6,6|26,26|26,16|6,16|
#setting_targetting_pos=-1,-1|-1,-1|-1,-1|-1,-1|-1,-1|-1,-1|-1,-1|-1,-1|
........
#111111111111
#assigned_pet=-1,-1,-1,-1,-1,-1,-1,-1,
#assigned_hub=4,3,5,2,0,8,7,1,
#moving_targetting_pos=16,16|16,6|16,26|6,26|6,6|26,26|26,16|6,16|
#setting_targetting_pos=-1,-1|-1,-1|-1,-1|-1,-1|-1,-1|-1,-1|-1,-1|-1,-1|
........
#111111111111
#assigned_pet=-1,-1,-1,-1,-1,-1,-1,-1,
#assigned_hub=4,3,5,2,0,8,7,1,
#moving_targetting_pos=16,16|16,6|16,26|6,26|6,6|26,26|26,16|6,16|
#setting_targetting_pos=-1,-1|-1,-1|-1,-1|-1,-1|-1,-1|-1,-1|-1,-1|-1,-1|
........
#111111111111
#assigned_pet=-1,-1,-1,-1,-1,-1,-1,-1,
#assigned_hub=4,3,5,2,0,8,7,1,
#moving_targetting_pos=16,16|16,6|16,26|6,26|6,6|26,26|26,16|6,16|
#setting_targetting_pos=-1,-1|-1,-1|-1,-1|-1,-1|-1,-1|-1,-1|-1,-1|-1,-1|
........
#111111111111
#assigned_pet=-1,-1,-1,-1,-1,-1,-1,-1,
#assigned_hub=4,3,5,2,0,8,7,1,
#moving_targetting_pos=16,16|16,6|16,26|6,26|6,6|26,26|26,16|6,16|
#setting_targetting_pos=-1,-1|-1,-1|-1,-1|-1,-1|-1,-1|-1,-1|-1,-1|-1,-1|
........
#111111111111
#assigned_pet=-1,-1,-1,-1,-1,-1,-1,-1,
#assigned_hub=4,3,5,2,0,8,7,1,
#moving_targetting_pos=16,16|16,6|16,26|6,26|6,6|26,26|26,16|6,16|
#setting_targetting_pos=-1,-1|-1,-1|-1,-1|-1,-1|-1,-1|-1,-1|-1,-1|-1,-1|
........
#111111111111
#assigned_pet=-1,-1,-1,-1,-1,-1,-1,-1,
#assigned_hub=4,3,5,2,0,8,7,1,
#moving_targetting_pos=16,16|16,6|16,26|6,26|6,6|26,26|26,16|6,16|
#setting_targetting_pos=-1,-1|-1,-1|-1,-1|-1,-1|-1,-1|-1,-1|-1,-1|-1,-1|
........
#111111111111
#assigned_pet=-1,-1,-1,-1,-1,-1,-1,-1,
#assigned_hub=4,3,5,2,0,8,7,1,
#moving_targetting_pos=16,16|16,6|16,26|6,26|6,6|26,26|26,16|6,16|
#setting_targetting_pos=-1,-1|-1,-1|-1,-1|-1,-1|-1,-1|-1,-1|-1,-1|-1,-1|
........
#111111111111
#assigned_pet=-1,-1,-1,-1,-1,-1,-1,-1,
#assigned_hub=4,3,5,2,0,8,7,1,
#moving_targetting_pos=16,16|16,6|16,26|6,26|6,6|26,26|26,16|6,16|
#setting_targetting_pos=-1,-1|-1,-1|-1,-1|-1,-1|-1,-1|-1,-1|-1,-1|-1,-1|
........
#111111111111
#assigned_pet=-1,-1,-1,-1,-1,-1,-1,-1,
#assigned_hub=4,3,5,2,0,8,7,1,
#moving_targetting_pos=16,16|16,6|16,26|6,26|6,6|26,26|26,16|6,16|
#setting_targetting_pos=-1,-1|-1,-1|-1,-1|-1,-1|-1,-1|-1,-1|-1,-1|-1,-1|
........
#111111111111
#assigned_pet=-1,-1,-1,-1,-1,-1,-1,-1,
#assigned_hub=4,3,5,2,0,8,7,1,
#moving_targetting_pos=16,16|16,6|16,26|6,26|6,6|26,26|26,16|6,16|
#setting_targetting_pos=-1,-1|-1,-1|-1,-1|-1,-1|-1,-1|-1,-1|-1,-1|-1,-1|
........
#111111111111
#assigned_pet=-1,-1,-1,-1,-1,-1,-1,-1,
#assigned_hub=4,3,5,2,0,8,7,1,
#moving_targetting_pos=16,16|16,6|16,26|6,26|6,6|26,26|26,16|6,16|
#setting_targetting_pos=-1,-1|-1,-1|-1,-1|-1,-1|-1,-1|-1,-1|-1,-1|-1,-1|
........
#111111111111
#assigned_pet=-1,-1,-1,-1,-1,-1,-1,-1,
#assigned_hub=4,3,5,2,0,8,7,1,
#moving_targetting_pos=16,16|16,6|16,26|6,26|6,6|26,26|26,16|6,16|
#setting_targetting_pos=-1,-1|-1,-1|-1,-1|-1,-1|-1,-1|-1,-1|-1,-1|-1,-1|
........
#111111111111
#assigned_pet=-1,-1,-1,-1,-1,-1,-1,-1,
#assigned_hub=4,3,5,2,0,8,7,1,
#moving_targetting_pos=16,16|16,6|16,26|6,26|6,6|26,26|26,16|6,16|
#setting_targetting_pos=-1,-1|-1,-1|-1,-1|-1,-1|-1,-1|-1,-1|-1,-1|-1,-1|
........
#111111111111
#assigned_pet=-1,-1,-1,-1,-1,-1,-1,-1,
#assigned_hub=4,3,5,2,0,8,7,1,
#moving_targetting_pos=16,16|16,6|16,26|6,26|6,6|26,26|26,16|6,16|
#setting_targetting_pos=-1,-1|-1,-1|-1,-1|-1,-1|-1,-1|-1,-1|-1,-1|-1,-1|
........
#111111111111
#assigned_pet=-1,-1,-1,-1,-1,-1,-1,-1,
#assigned_hub=4,3,5,2,0,8,7,1,
#moving_targetting_pos=16,16|16,6|16,26|6,26|6,6|26,26|26,16|6,16|
#setting_targetting_pos=-1,-1|-1,-1|-1,-1|-1,-1|-1,-1|-1,-1|-1,-1|-1,-1|
........
#111111111111
#assigned_pet=-1,-1,-1,-1,-1,-1,-1,-1,
#assigned_hub=4,3,5,2,0,8,7,1,
#moving_targetting_pos=16,16|16,6|16,26|6,26|6,6|26,26|26,16|6,16|
#setting_targetting_pos=-1,-1|-1,-1|-1,-1|-1,-1|-1,-1|-1,-1|-1,-1|-1,-1|
........
#111111111111
#assigned_pet=-1,-1,-1,-1,-1,-1,-1,-1,
#assigned_hub=4,3,5,2,0,8,7,1,
#moving_targetting_pos=16,16|16,6|16,26|6,26|6,6|26,26|26,16|6,16|
#setting_targetting_pos=-1,-1|-1,-1|-1,-1|-1,-1|-1,-1|-1,-1|-1,-1|-1,-1|
........
#111111111111
#assigned_pet=-1,-1,-1,-1,-1,-1,-1,-1,
#assigned_hub=4,3,5,2,0,8,7,1,
#moving_targetting_pos=16,16|16,6|16,26|6,26|6,6|26,26|26,16|6,16|
#setting_targetting_pos=-1,-1|-1,-1|-1,-1|-1,-1|-1,-1|-1,-1|-1,-1|-1,-1|
........
#111111111111
#assigned_pet=-1,-1,-1,-1,-1,-1,-1,-1,
#assigned_hub=4,3,5,2,0,8,7,1,
#moving_targetting_pos=16,16|16,6|16,26|6,26|6,6|26,26|26,16|6,16|
#setting_targetting_pos=-1,-1|-1,-1|-1,-1|-1,-1|-1,-1|-1,-1|-1,-1|-1,-1|
........
#111111111111
#assigned_pet=-1,-1,-1,-1,-1,-1,-1,-1,
#assigned_hub=4,3,5,2,0,8,7,1,
#moving_targetting_pos=16,16|16,6|16,26|6,26|6,6|26,26|26,16|6,16|
#setting_targetting_pos=-1,-1|-1,-1|-1,-1|-1,-1|-1,-1|-1,-1|-1,-1|-1,-1|
........
#111111111111
#assigned_pet=-1,-1,-1,-1,-1,-1,-1,-1,
#assigned_hub=4,3,5,2,0,8,7,1,
#moving_targetting_pos=16,16|16,6|16,26|6,26|6,6|26,26|26,16|6,16|
#setting_targetting_pos=-1,-1|-1,-1|-1,-1|-1,-1|-1,-1|-1,-1|-1,-1|-1,-1|
........
#111111111111
#assigned_pet=-1,-1,-1,-1,-1,-1,-1,-1,
#assigned_hub=4,3,5,2,0,8,7,1,
#moving_targetting_pos=16,16|16,6|16,26|6,26|6,6|26,26|26,16|6,16|
#setting_targetting_pos=-1,-1|-1,-1|-1,-1|-1,-1|-1,-1|-1,-1|-1,-1|-1,-1|
........
#111111111111
#assigned_pet=-1,-1,-1,-1,-1,-1,-1,-1,
#assigned_hub=4,3,5,2,0,8,7,1,
#moving_targetting_pos=16,16|16,6|16,26|6,26|6,6|26,26|26,16|6,16|
#setting_targetting_pos=-1,-1|-1,-1|-1,-1|-1,-1|-1,-1|-1,-1|-1,-1|-1,-1|
........
#111111111111
#assigned_pet=-1,-1,-1,-1,-1,-1,-1,-1,
#assigned_hub=4,3,5,2,0,8,7,1,
#moving_targetting_pos=16,16|16,6|16,26|6,26|6,6|26,26|26,16|6,16|
#setting_targetting_pos=-1,-1|-1,-1|-1,-1|-1,-1|-1,-1|-1,-1|-1,-1|-1,-1|
........
#111111111111
#assigned_pet=-1,-1,-1,-1,-1,-1,-1,-1,
#assigned_hub=4,3,5,2,0,8,7,1,
#moving_targetting_pos=16,16|16,6|16,26|6,26|6,6|26,26|26,16|6,16|
#setting_targetting_pos=-1,-1|-1,-1|-1,-1|-1,-1|-1,-1|-1,-1|-1,-1|-1,-1|
........
#111111111111
#assigned_pet=-1,-1,-1,-1,-1,-1,-1,-1,
#assigned_hub=4,3,5,2,0,8,7,1,
#moving_targetting_pos=16,16|16,6|16,26|6,26|6,6|26,26|26,16|6,16|
#setting_targetting_pos=-1,-1|-1,-1|-1,-1|-1,-1|-1,-1|-1,-1|-1,-1|-1,-1|
........
#111111111111
#assigned_pet=-1,-1,-1,-1,-1,-1,-1,-1,
#assigned_hub=4,3,5,2,0,8,7,1,
#moving_targetting_pos=16,16|16,6|16,26|6,26|6,6|26,26|26,16|6,16|
#setting_targetting_pos=-1,-1|-1,-1|-1,-1|-1,-1|-1,-1|-1,-1|-1,-1|-1,-1|
........
#111111111111
#assigned_pet=-1,-1,-1,-1,-1,-1,-1,-1,
#assigned_hub=4,3,5,2,0,8,7,1,
#moving_targetting_pos=16,16|16,6|16,26|6,26|6,6|26,26|26,16|6,16|
#setting_targetting_pos=-1,-1|-1,-1|-1,-1|-1,-1|-1,-1|-1,-1|-1,-1|-1,-1|
........
#111111111111
#assigned_pet=-1,-1,-1,-1,-1,-1,-1,-1,
#assigned_hub=4,3,5,2,0,8,7,1,
#moving_targetting_pos=16,16|16,6|16,26|6,26|6,6|26,26|26,16|6,16|
#setting_targetting_pos=-1,-1|-1,-1|-1,-1|-1,-1|-1,-1|-1,-1|-1,-1|-1,-1|
........
#111111111111
#assigned_pet=-1,-1,-1,-1,-1,-1,-1,-1,
#assigned_hub=4,3,5,2,0,8,7,1,
#moving_targetting_pos=16,16|16,6|16,26|6,26|6,6|26,26|26,16|6,16|
#setting_targetting_pos=-1,-1|-1,-1|-1,-1|-1,-1|-1,-1|-1,-1|-1,-1|-1,-1|
........
#111111111111
#assigned_pet=-1,-1,-1,-1,-1,-1,-1,-1,
#assigned_hub=4,3,5,2,0,8,7,1,
#moving_targetting_pos=16,16|16,6|16,26|6,26|6,6|26,26|26,16|6,16|
#setting_targetting_pos=-1,-1|-1,-1|-1,-1|-1,-1|-1,-1|-1,-1|-1,-1|-1,-1|
........
#111111111111
#assigned_pet=-1,-1,-1,-1,-1,-1,-1,-1,
#assigned_hub=4,3,5,2,0,8,7,1,
#moving_targetting_pos=16,16|16,6|16,26|6,26|6,6|26,26|26,16|6,16|
#setting_targetting_pos=-1,-1|-1,-1|-1,-1|-1,-1|-1,-1|-1,-1|-1,-1|-1,-1|
........
#111111111111
#assigned_pet=-1,-1,-1,-1,-1,-1,-1,-1,
#assigned_hub=4,3,5,2,0,8,7,1,
#moving_targetting_pos=16,16|16,6|16,26|6,26|6,6|26,26|26,16|6,16|
#setting_targetting_pos=-1,-1|-1,-1|-1,-1|-1,-1|-1,-1|-1,-1|-1,-1|-1,-1|
........
#111111111111
#assigned_pet=-1,-1,-1,-1,-1,-1,-1,-1,
#assigned_hub=4,3,5,2,0,8,7,1,
#moving_targetting_pos=16,16|16,6|16,26|6,26|6,6|26,26|26,16|6,16|
#setting_targetting_pos=-1,-1|-1,-1|-1,-1|-1,-1|-1,-1|-1,-1|-1,-1|-1,-1|
........
#111111111111
#assigned_pet=-1,-1,-1,-1,-1,-1,-1,-1,
#assigned_hub=4,3,5,2,0,8,7,1,
#moving_targetting_pos=16,16|16,6|16,26|6,26|6,6|26,26|26,16|6,16|
#setting_targetting_pos=-1,-1|-1,-1|-1,-1|-1,-1|-1,-1|-1,-1|-1,-1|-1,-1|
........
#111111111111
#assigned_pet=-1,-1,-1,-1,-1,-1,-1,-1,
#assigned_hub=4,3,5,2,0,8,7,1,
#moving_targetting_pos=16,16|16,6|16,26|6,26|6,6|26,26|26,16|6,16|
#setting_targetting_pos=-1,-1|-1,-1|-1,-1|-1,-1|-1,-1|-1,-1|-1,-1|-1,-1|
........
#111111111111
#assigned_pet=-1,-1,-1,-1,-1,-1,-1,-1,
#assigned_hub=4,3,5,2,0,8,7,1,
#moving_targetting_pos=16,16|16,6|16,26|6,26|6,6|26,26|26,16|6,16|
#setting_targetting_pos=-1,-1|-1,-1|-1,-1|-1,-1|-1,-1|-1,-1|-1,-1|-1,-1|
........
#111111111111
#assigned_pet=-1,-1,-1,-1,-1,-1,-1,-1,
#assigned_hub=4,3,5,2,0,8,7,1,
#moving_targetting_pos=16,16|16,6|16,26|6,26|6,6|26,26|26,16|6,16|
#setting_targetting_pos=-1,-1|-1,-1|-1,-1|-1,-1|-1,-1|-1,-1|-1,-1|-1,-1|
........
#111111111111
#assigned_pet=-1,-1,-1,-1,-1,-1,-1,-1,
#assigned_hub=4,3,5,2,0,8,7,1,
#moving_targetting_pos=16,16|16,6|16,26|6,26|6,6|26,26|26,16|6,16|
#setting_targetting_pos=-1,-1|-1,-1|-1,-1|-1,-1|-1,-1|-1,-1|-1,-1|-1,-1|
........
#111111111111
#assigned_pet=-1,-1,-1,-1,-1,-1,-1,-1,
#assigned_hub=4,3,5,2,0,8,7,1,
#moving_targetting_pos=16,16|16,6|16,26|6,26|6,6|26,26|26,16|6,16|
#setting_targetting_pos=-1,-1|-1,-1|-1,-1|-1,-1|-1,-1|-1,-1|-1,-1|-1,-1|
........
#111111111111
#assigned_pet=-1,-1,-1,-1,-1,-1,-1,-1,
#assigned_hub=4,3,5,2,0,8,7,1,
#moving_targetting_pos=16,16|16,6|16,26|6,26|6,6|26,26|26,16|6,16|
#setting_targetting_pos=-1,-1|-1,-1|-1,-1|-1,-1|-1,-1|-1,-1|-1,-1|-1,-1|
........
#111111111111
#assigned_pet=-1,-1,-1,-1,-1,-1,-1,-1,
#assigned_hub=4,3,5,2,0,8,7,1,
#moving_targetting_pos=16,16|16,6|16,26|6,26|6,6|26,26|26,16|6,16|
#setting_targetting_pos=-1,-1|-1,-1|-1,-1|-1,-1|-1,-1|-1,-1|-1,-1|-1,-1|
........
#111111111111
#assigned_pet=-1,-1,-1,-1,-1,-1,-1,-1,
#assigned_hub=4,3,5,2,0,8,7,1,
#moving_targetting_pos=16,16|16,6|16,26|6,26|6,6|26,26|26,16|6,16|
#setting_targetting_pos=-1,-1|-1,-1|-1,-1|-1,-1|-1,-1|-1,-1|-1,-1|-1,-1|
........
