#00000000000000
#assigned_pet=-1,-1,-1,-1,-1,-1,-1,-1,
#assigned_hub=0,0,0,0,0,0,0,0,
#moving_targetting_pos=19,30|25,1|15,30|5,30|22,29|12,1|9,30|2,1|
#setting_targetting_pos=19,2|25,30|15,1|5,1|22,1|12,29|9,2|2,29|
RLRDDLRL
#00000000000000
#assigned_pet=-1,-1,-1,-1,-1,-1,-1,-1,
#assigned_hub=0,0,0,0,0,0,0,0,
#moving_targetting_pos=19,30|25,1|15,30|5,30|22,29|12,1|9,30|2,1|
#setting_targetting_pos=19,2|25,30|15,1|5,1|22,1|12,29|9,2|2,29|
RDRdDLUL
#00000000000000
#assigned_pet=-1,-1,-1,-1,-1,-1,-1,-1,
#assigned_hub=0,0,0,0,0,0,0,0,
#moving_targetting_pos=19,30|25,1|15,30|5,30|22,29|12,1|9,30|2,1|
#setting_targetting_pos=19,2|25,30|15,1|5,1|22,1|12,29|9,2|2,29|
RdRLDLUL
#00000000000000
#assigned_pet=-1,-1,-1,-1,-1,-1,-1,-1,
#assigned_hub=0,0,0,0,0,0,0,0,
#moving_targetting_pos=19,30|25,1|15,30|5,30|22,29|12,1|9,30|2,1|
#setting_targetting_pos=19,2|25,30|15,1|5,1|22,1|12,29|9,2|2,29|
RRRdDLUL
#00000000000000
#assigned_pet=-1,-1,-1,-1,-1,-1,-1,-1,
#assigned_hub=0,0,0,0,0,0,0,0,
#moving_targetting_pos=19,30|25,1|15,30|5,30|22,29|12,1|9,30|2,1|
#setting_targetting_pos=19,2|25,30|15,1|5,1|22,1|12,29|9,2|2,29|
RdRLrL.L
#00000000000000
#assigned_pet=-1,-1,-1,-1,-1,-1,-1,-1,
#assigned_hub=0,0,0,0,0,0,0,0,
#moving_targetting_pos=19,30|25,1|15,30|5,30|22,29|12,1|9,30|2,1|
#setting_targetting_pos=19,2|25,30|15,1|5,1|22,1|12,29|9,2|2,29|
RRRudLdu
#00000000000000
#assigned_pet=-1,-1,-1,-1,-1,-1,-1,-1,
#assigned_hub=0,0,0,0,0,0,0,0,
#moving_targetting_pos=19,30|25,1|15,30|5,30|22,29|12,1|9,30|2,1|
#setting_targetting_pos=19,2|25,30|15,1|5,1|22,1|12,29|9,2|2,29|
RdRLLLLR
#00000000000000
#assigned_pet=-1,-1,-1,-1,-1,-1,-1,-1,
#assigned_hub=0,0,0,0,0,0,0,0,
#moving_targetting_pos=19,30|25,1|15,30|5,30|22,29|12,1|9,30|2,1|
#setting_targetting_pos=19,2|25,30|15,1|5,1|22,1|12,29|9,2|2,29|
RRRLLLLR
#00000000000000
#assigned_pet=-1,-1,-1,-1,-1,-1,-1,-1,
#assigned_hub=0,0,0,0,0,0,0,0,
#moving_targetting_pos=19,30|25,1|15,30|5,30|22,29|12,1|9,30|2,1|
#setting_targetting_pos=19,2|25,30|15,1|5,1|22,1|12,29|9,2|2,29|
RuRLLL.l
#00000000000000
#assigned_pet=-1,-1,-1,-1,-1,-1,-1,-1,
#assigned_hub=0,0,0,0,0,0,0,0,
#moving_targetting_pos=19,30|25,1|15,30|5,30|22,29|12,1|9,30|2,1|
#setting_targetting_pos=19,2|25,30|15,1|5,1|22,1|12,29|9,2|2,29|
DRULdUud
#00000000000000
#assigned_pet=-1,-1,-1,-1,-1,-1,-1,-1,
#assigned_hub=0,0,0,0,0,0,0,0,
#moving_targetting_pos=19,30|25,1|15,30|5,30|22,29|12,1|9,30|2,1|
#setting_targetting_pos=19,2|25,30|15,1|5,1|22,1|12,29|9,2|2,29|
dRUuuU.R
#00000000000000
#assigned_pet=-1,-1,-1,-1,-1,-1,-1,-1,
#assigned_hub=0,0,0,0,0,0,0,0,
#moving_targetting_pos=19,30|25,1|15,30|5,30|22,29|12,1|9,30|2,1|
#setting_targetting_pos=19,2|25,30|15,1|5,1|22,1|12,29|9,2|2,29|
LRdLLU.R
#00000000000000
#assigned_pet=-1,-1,-1,-1,-1,-1,-1,-1,
#assigned_hub=0,0,0,0,0,0,0,0,
#moving_targetting_pos=19,30|25,1|15,30|5,30|22,29|12,1|9,30|2,1|
#setting_targetting_pos=19,2|25,30|15,1|5,1|22,1|12,29|9,2|2,29|
LRLdrU.R
#00000000000000
#assigned_pet=-1,-1,-1,-1,-1,-1,-1,-1,
#assigned_hub=0,0,0,0,0,0,0,0,
#moving_targetting_pos=19,30|25,1|15,30|5,30|22,29|12,1|9,30|2,1|
#setting_targetting_pos=19,2|25,30|15,1|5,1|22,1|12,29|9,2|2,29|
rudLLU.d
#00000000000000
#assigned_pet=-1,-1,-1,-1,-1,-1,-1,-1,
#assigned_hub=0,0,0,0,0,0,0,0,
#moving_targetting_pos=19,30|25,1|15,30|5,30|22,29|12,1|9,30|2,1|
#setting_targetting_pos=19,2|25,30|15,1|5,1|22,1|12,29|9,2|2,29|
uRLdLU.u
#00000000000000
#assigned_pet=-1,-1,-1,-1,-1,-1,-1,-1,
#assigned_hub=0,0,0,0,0,0,0,0,
#moving_targetting_pos=19,30|25,1|15,30|5,30|22,29|12,1|9,30|2,1|
#setting_targetting_pos=19,2|25,30|15,1|5,1|22,1|12,29|9,2|2,29|
LduLdUrR
#00000000000000
#assigned_pet=-1,-1,-1,-1,-1,-1,-1,-1,
#assigned_hub=0,0,0,0,0,0,0,0,
#moving_targetting_pos=19,30|25,1|15,30|5,30|22,29|12,1|9,30|2,1|
#setting_targetting_pos=19,2|25,30|15,1|5,1|22,1|12,29|9,2|2,29|
LRLdLuLl
#00000000000000
#assigned_pet=-1,-1,-1,-1,-1,-1,-1,-1,
#assigned_hub=0,0,0,0,0,0,0,0,
#moving_targetting_pos=19,30|25,1|15,30|5,30|22,29|12,1|9,30|2,1|
#setting_targetting_pos=19,2|25,30|15,1|5,1|22,1|12,29|9,2|2,29|
ddLLLRLR
#00000000000000
#assigned_pet=-1,-1,-1,-1,-1,-1,-1,-1,
#assigned_hub=0,0,0,0,0,0,0,0,
#moving_targetting_pos=19,30|25,1|15,30|5,30|22,29|12,1|9,30|2,1|
#setting_targetting_pos=19,2|25,30|15,1|5,1|22,1|12,29|9,2|2,29|
LRLdrRdR
#00000000000000
#assigned_pet=-1,-1,-1,-1,-1,-1,-1,-1,
#assigned_hub=0,0,0,0,0,0,0,0,
#moving_targetting_pos=19,30|25,1|15,30|5,30|22,29|12,1|9,30|2,1|
#setting_targetting_pos=19,2|25,30|15,1|5,1|22,1|12,29|9,2|2,29|
rdLLulLd
#00000000000000
#assigned_pet=-1,-1,-1,-1,-1,-1,-1,-1,
#assigned_hub=0,0,0,0,0,0,0,0,
#moving_targetting_pos=19,30|25,1|15,30|5,30|22,29|12,1|9,30|2,1|
#setting_targetting_pos=19,2|25,30|15,1|5,1|22,1|12,29|9,2|2,29|
LR.dLdrR
#00000000000000
#assigned_pet=-1,-1,-1,-1,-1,-1,-1,-1,
#assigned_hub=0,0,0,0,0,0,0,0,
#moving_targetting_pos=19,30|25,1|15,30|5,30|22,29|12,1|9,30|2,1|
#setting_targetting_pos=19,2|25,30|15,1|5,1|22,1|12,29|9,2|2,29|
ud.LLRLR
#00000000000000
#assigned_pet=-1,-1,-1,-1,-1,-1,-1,-1,
#assigned_hub=0,0,0,0,0,0,0,0,
#moving_targetting_pos=19,30|25,1|15,30|5,30|22,29|12,1|9,30|2,1|
#setting_targetting_pos=19,2|25,30|15,1|5,1|22,1|12,29|9,2|2,29|
LR.urRul
#00000000000000
#assigned_pet=-1,-1,-1,-1,-1,-1,-1,-1,
#assigned_hub=0,0,0,0,0,0,0,0,
#moving_targetting_pos=19,30|25,1|15,30|5,30|22,29|12,1|9,30|2,1|
#setting_targetting_pos=19,2|25,30|15,1|5,1|22,1|12,29|9,2|2,29|
Ld.LdRLu
#00000000000000
#assigned_pet=-1,-1,-1,-1,-1,-1,-1,-1,
#assigned_hub=0,0,0,0,0,0,0,0,
#moving_targetting_pos=19,30|25,1|15,30|5,30|22,29|12,1|9,30|2,1|
#setting_targetting_pos=19,2|25,30|15,1|5,1|22,1|12,29|9,2|2,29|
rR.LLdLR
#00000000000000
#assigned_pet=-1,-1,-1,-1,-1,-1,-1,-1,
#assigned_hub=0,0,0,0,0,0,0,0,
#moving_targetting_pos=19,30|25,1|15,30|5,30|22,29|12,1|9,30|2,1|
#setting_targetting_pos=19,2|25,30|15,1|5,1|22,1|12,29|9,2|2,29|
d.uLLurR
#00000000000000
#assigned_pet=-1,-1,-1,-1,-1,-1,-1,-1,
#assigned_hub=0,0,0,0,0,0,0,0,
#moving_targetting_pos=19,30|25,1|15,30|5,30|22,29|12,1|9,30|2,1|
#setting_targetting_pos=19,2|25,30|15,1|5,1|22,1|12,29|9,2|2,29|
L.LLLR.l
#00000000000000
#assigned_pet=-1,-1,-1,-1,-1,-1,-1,-1,
#assigned_hub=0,0,0,0,0,0,0,0,
#moving_targetting_pos=19,30|25,1|15,30|5,30|22,29|12,1|9,30|2,1|
#setting_targetting_pos=19,2|25,30|15,1|5,1|22,1|12,29|9,2|2,29|
L.d.d..d
#00000000000000
#assigned_pet=-1,-1,-1,-1,-1,-1,-1,-1,
#assigned_hub=0,0,0,0,0,0,0,0,
#moving_targetting_pos=19,30|25,1|15,30|5,30|22,29|12,1|9,30|2,1|
#setting_targetting_pos=19,2|25,30|15,1|5,1|22,1|12,29|9,2|2,29|
d.L....R
#00000000000000
#assigned_pet=-1,-1,-1,-1,-1,-1,-1,-1,
#assigned_hub=0,0,0,0,0,0,0,0,
#moving_targetting_pos=19,30|25,1|15,30|5,30|22,29|12,1|9,30|2,1|
#setting_targetting_pos=19,2|25,30|15,1|5,1|22,1|12,29|9,2|2,29|
Ludu.ldR
#00000000000000
#assigned_pet=-1,-1,-1,-1,-1,-1,-1,-1,
#assigned_hub=0,0,0,0,0,0,0,0,
#moving_targetting_pos=19,30|25,1|15,30|5,30|22,29|12,1|9,30|2,1|
#setting_targetting_pos=19,2|25,30|15,1|5,1|22,1|12,29|9,2|2,29|
LRLL.RLR
#00000000000000
#assigned_pet=-1,-1,-1,-1,-1,-1,-1,-1,
#assigned_hub=0,0,0,0,0,0,0,0,
#moving_targetting_pos=19,30|25,1|15,30|5,30|22,29|12,1|9,30|2,1|
#setting_targetting_pos=19,2|25,30|15,1|5,1|22,1|12,29|9,2|2,29|
rRd..RLd
#00000000000000
#assigned_pet=-1,-1,-1,-1,-1,-1,-1,-1,
#assigned_hub=0,0,0,0,0,0,0,0,
#moving_targetting_pos=19,30|25,1|15,30|5,30|22,29|12,1|9,30|2,1|
#setting_targetting_pos=19,2|25,30|15,1|5,1|22,1|12,29|9,2|2,29|
.RLd.ddu
#00000000000000
#assigned_pet=-1,-1,-1,-1,-1,-1,-1,-1,
#assigned_hub=0,0,0,0,0,0,0,0,
#moving_targetting_pos=19,30|25,1|15,30|5,30|22,29|12,1|9,30|2,1|
#setting_targetting_pos=19,2|25,30|15,1|5,1|22,1|12,29|9,2|2,29|
uRdL.RLR
#00000000000000
#assigned_pet=-1,-1,-1,-1,-1,-1,-1,-1,
#assigned_hub=0,0,0,0,0,0,0,0,
#moving_targetting_pos=19,30|25,1|15,30|5,30|22,29|12,1|9,30|2,1|
#setting_targetting_pos=19,2|25,30|15,1|5,1|22,1|12,29|9,2|2,29|
LuLd.RLl
#00000000000000
#assigned_pet=-1,-1,-1,-1,-1,-1,-1,-1,
#assigned_hub=0,0,0,0,0,0,0,0,
#moving_targetting_pos=19,30|25,1|15,30|5,30|22,29|12,1|9,30|2,1|
#setting_targetting_pos=19,2|25,30|15,1|5,1|22,1|12,29|9,2|2,29|
LRdLulrR
#00000000000000
#assigned_pet=-1,-1,-1,-1,-1,-1,-1,-1,
#assigned_hub=0,0,0,0,0,0,0,0,
#moving_targetting_pos=19,30|25,1|15,30|5,30|22,29|12,1|9,30|2,1|
#setting_targetting_pos=19,2|25,30|15,1|5,1|22,1|12,29|9,2|2,29|
.dLdLu.R
#00000000000000
#assigned_pet=-1,-1,-1,-1,-1,-1,-1,-1,
#assigned_hub=0,0,0,0,0,0,0,0,
#moving_targetting_pos=19,30|25,1|15,30|5,30|22,29|12,1|9,30|2,1|
#setting_targetting_pos=19,2|25,30|15,1|5,1|22,1|12,29|9,2|2,29|
dRuLrR.d
#00000000000000
#assigned_pet=-1,-1,-1,-1,-1,-1,-1,-1,
#assigned_hub=0,0,0,0,0,0,0,0,
#moving_targetting_pos=19,30|25,1|15,30|5,30|22,29|12,1|9,30|2,1|
#setting_targetting_pos=19,2|25,30|15,1|5,1|22,1|12,29|9,2|2,29|
LdL.LR.R
#00000000000000
#assigned_pet=-1,-1,-1,-1,-1,-1,-1,-1,
#assigned_hub=0,0,0,0,0,0,0,0,
#moving_targetting_pos=19,30|25,1|15,30|5,30|22,29|12,1|9,30|2,1|
#setting_targetting_pos=19,2|25,30|15,1|5,1|22,1|12,29|9,2|2,29|
rRL.LluR
#00000000000000
#assigned_pet=-1,-1,-1,-1,-1,-1,-1,-1,
#assigned_hub=0,0,0,0,0,0,0,0,
#moving_targetting_pos=19,30|25,1|15,30|5,30|22,29|12,1|9,30|2,1|
#setting_targetting_pos=19,2|25,30|15,1|5,1|22,1|12,29|9,2|2,29|
LdL.ddLl
#00000000000000
#assigned_pet=-1,-1,-1,-1,-1,-1,-1,-1,
#assigned_hub=0,0,0,0,0,0,0,0,
#moving_targetting_pos=19,30|25,1|15,30|5,30|22,29|12,1|9,30|2,1|
#setting_targetting_pos=19,2|25,30|15,1|5,1|22,1|12,29|9,2|2,29|
uRL.LRLu
#00000000000000
#assigned_pet=-1,-1,-1,-1,-1,-1,-1,-1,
#assigned_hub=0,0,0,0,0,0,0,0,
#moving_targetting_pos=19,30|25,1|15,30|5,30|22,29|12,1|9,30|2,1|
#setting_targetting_pos=19,2|25,30|15,1|5,1|22,1|12,29|9,2|2,29|
Ldu.LRdR
#00000000000000
#assigned_pet=-1,-1,-1,-1,-1,-1,-1,-1,
#assigned_hub=0,0,0,0,0,0,0,0,
#moving_targetting_pos=19,30|25,1|15,30|5,30|22,29|12,1|9,30|2,1|
#setting_targetting_pos=19,2|25,30|15,1|5,1|22,1|12,29|9,2|2,29|
LRL.rRLR
#00000000000000
#assigned_pet=-1,-1,-1,-1,-1,-1,-1,-1,
#assigned_hub=0,0,0,0,0,0,0,0,
#moving_targetting_pos=19,30|25,1|15,30|5,30|22,29|12,1|9,30|2,1|
#setting_targetting_pos=19,2|25,30|15,1|5,1|22,1|12,29|9,2|2,29|
r...uurl
#00000000000000
#assigned_pet=-1,-1,-1,-1,-1,-1,-1,-1,
#assigned_hub=0,0,0,0,0,0,0,0,
#moving_targetting_pos=19,30|25,1|15,30|5,30|22,29|12,1|9,30|2,1|
#setting_targetting_pos=19,2|25,30|15,1|5,1|22,1|12,29|9,2|2,29|
ddd.LdLd
#00000000000000
#assigned_pet=-1,-1,-1,-1,-1,-1,-1,-1,
#assigned_hub=0,0,0,0,0,0,0,0,
#moving_targetting_pos=19,30|25,1|15,30|5,30|22,29|12,1|9,30|2,1|
#setting_targetting_pos=19,2|25,30|15,1|5,1|22,1|12,29|9,2|2,29|
LRLdLR.R
#00000000000000
#assigned_pet=-1,-1,-1,-1,-1,-1,-1,-1,
#assigned_hub=0,0,0,0,0,0,0,0,
#moving_targetting_pos=19,30|25,1|15,30|5,30|22,29|12,1|9,30|2,1|
#setting_targetting_pos=19,2|25,30|15,1|5,1|22,1|12,29|9,2|2,29|
L.dLrluR
#00000000000000
#assigned_pet=-1,-1,-1,-1,-1,-1,-1,-1,
#assigned_hub=0,0,0,0,0,0,0,0,
#moving_targetting_pos=19,30|25,1|15,30|5,30|22,29|12,1|9,30|2,1|
#setting_targetting_pos=19,2|25,30|15,1|5,1|22,1|12,29|9,2|2,29|
d.LddRLR
#00000000000000
#assigned_pet=-1,-1,-1,-1,-1,-1,-1,-1,
#assigned_hub=0,0,0,0,0,0,0,0,
#moving_targetting_pos=19,30|25,1|15,30|5,30|22,29|12,1|9,30|2,1|
#setting_targetting_pos=19,2|25,30|15,1|5,1|22,1|12,29|9,2|2,29|
L.dLLRLd
#00000000000000
#assigned_pet=-1,-1,-1,-1,-1,-1,-1,-1,
#assigned_hub=0,0,0,0,0,0,0,0,
#moving_targetting_pos=19,30|25,1|15,30|5,30|22,29|12,1|9,30|2,1|
#setting_targetting_pos=19,2|25,30|15,1|5,1|22,1|12,29|9,2|2,29|
L.LuLdru
#00000000000000
#assigned_pet=-1,-1,-1,-1,-1,-1,-1,-1,
#assigned_hub=0,0,0,0,0,0,0,0,
#moving_targetting_pos=19,30|25,1|15,30|5,30|22,29|12,1|9,30|2,1|
#setting_targetting_pos=19,2|25,30|15,1|5,1|22,1|12,29|9,2|2,29|
r.dLLR.R
#00000000000000
#assigned_pet=-1,-1,-1,-1,-1,-1,-1,-1,
#assigned_hub=0,0,0,0,0,0,0,0,
#moving_targetting_pos=19,30|25,1|15,30|5,30|22,29|12,1|9,30|2,1|
#setting_targetting_pos=19,2|25,30|15,1|5,1|22,1|12,29|9,2|2,29|
u.LLdR.l
#00000000000000
#assigned_pet=-1,-1,-1,-1,-1,-1,-1,-1,
#assigned_hub=0,0,0,0,0,0,0,0,
#moving_targetting_pos=19,30|25,1|15,30|5,30|22,29|12,1|9,30|2,1|
#setting_targetting_pos=19,2|25,30|15,1|5,1|22,1|12,29|9,2|2,29|
LudLu..R
#00000000000000
#assigned_pet=-1,-1,-1,-1,-1,-1,-1,-1,
#assigned_hub=0,0,0,0,0,0,0,0,
#moving_targetting_pos=19,30|25,1|15,30|5,30|22,29|12,1|9,30|2,1|
#setting_targetting_pos=19,2|25,30|15,1|5,1|22,1|12,29|9,2|2,29|
LRLLLu.R
#00000000000000
#assigned_pet=-1,-1,-1,-1,-1,-1,-1,-1,
#assigned_hub=0,0,0,0,0,0,0,0,
#moving_targetting_pos=19,30|25,1|15,30|5,30|22,29|12,1|9,30|2,1|
#setting_targetting_pos=19,2|25,30|15,1|5,1|22,1|12,29|9,2|2,29|
dRuur..d
#00000000000000
#assigned_pet=-1,-1,-1,-1,-1,-1,-1,-1,
#assigned_hub=0,0,0,0,0,0,0,0,
#moving_targetting_pos=19,30|25,1|15,30|5,30|22,29|12,1|9,30|2,1|
#setting_targetting_pos=19,2|25,30|15,1|5,1|22,1|12,29|9,2|2,29|
LRLLLl.r
#00000000000000
#assigned_pet=-1,-1,-1,-1,-1,-1,-1,-1,
#assigned_hub=0,0,0,0,0,0,0,0,
#moving_targetting_pos=19,30|25,1|15,30|5,30|22,29|12,1|9,30|29,30|
#setting_targetting_pos=19,2|25,30|15,1|5,1|22,1|12,29|9,2|29,2|
rRLdLRdL
#00000000000000
#assigned_pet=-1,-1,-1,-1,-1,-1,-1,-1,
#assigned_hub=0,0,0,0,0,0,0,0,
#moving_targetting_pos=19,30|25,1|15,30|5,30|22,29|12,1|9,30|29,30|
#setting_targetting_pos=19,2|25,30|15,1|5,1|22,1|12,29|9,2|29,2|
L.LLdRLL
#00000000000000
#assigned_pet=-1,-1,-1,-1,-1,-1,-1,-1,
#assigned_hub=0,0,0,0,0,0,0,0,
#moving_targetting_pos=19,30|25,1|15,30|5,30|22,29|12,1|9,30|29,30|
#setting_targetting_pos=19,2|25,30|15,1|5,1|22,1|12,29|9,2|29,2|
uuLdLlLD
#00000000000000
#assigned_pet=-1,-1,-1,-1,-1,-1,-1,-1,
#assigned_hub=0,0,0,0,0,0,0,0,
#moving_targetting_pos=19,30|25,1|15,30|5,30|22,29|12,1|9,30|29,30|
#setting_targetting_pos=19,2|25,30|15,1|5,1|22,1|12,29|9,2|29,2|
LRuLLddD
#00000000000000
#assigned_pet=-1,-1,-1,-1,-1,-1,-1,-1,
#assigned_hub=0,0,0,0,0,0,0,0,
#moving_targetting_pos=19,30|25,1|15,30|5,30|22,29|12,1|9,30|29,30|
#setting_targetting_pos=19,2|25,30|15,1|5,1|22,1|12,29|9,2|29,2|
LdLdrRLD
#00000000000000
#assigned_pet=-1,-1,-1,-1,-1,-1,-1,-1,
#assigned_hub=0,0,0,0,0,0,0,0,
#moving_targetting_pos=19,30|25,1|15,30|6,6|22,29|12,1|9,30|29,30|
#setting_targetting_pos=19,2|25,30|15,1|5,1|22,1|12,29|9,2|29,2|
rRdRuRLD
#00000000000000
#assigned_pet=-1,-1,-1,-1,-1,-1,-1,-1,
#assigned_hub=0,0,0,0,3,0,0,0,
#moving_targetting_pos=19,30|25,1|15,30|6,6|16,6|12,1|9,30|29,30|
#setting_targetting_pos=19,2|25,30|15,1|-1,-1|22,1|12,29|9,2|29,2|
.dLRDRrD
#00000000000000
#assigned_pet=-1,-1,-1,-1,-1,-1,-1,-1,
#assigned_hub=0,8,0,0,3,0,0,0,
#moving_targetting_pos=19,30|26,26|15,30|6,6|16,6|12,1|9,30|29,30|
#setting_targetting_pos=19,2|25,30|15,1|-1,-1|-1,-1|12,29|9,2|29,2|
.LdRRuuD
#00000000000000
#assigned_pet=-1,-1,-1,-1,-1,-1,-1,-1,
#assigned_hub=0,5,0,0,3,0,0,0,
#moving_targetting_pos=19,30|16,26|15,30|6,6|16,6|12,1|9,30|29,30|
#setting_targetting_pos=19,2|-1,-1|15,1|-1,-1|-1,-1|12,29|9,2|29,2|
dLLRD.LD
#00000000000000
#assigned_pet=-1,-1,-1,-1,-1,-1,-1,-1,
#assigned_hub=4,8,0,0,3,0,0,0,
#moving_targetting_pos=16,16|26,26|15,30|-1,-1|16,6|12,1|9,30|29,30|
#setting_targetting_pos=19,2|-1,-1|15,1|-1,-1|-1,-1|12,29|9,2|29,2|
ULd.RdLD
#00000000000000
#assigned_pet=-1,-1,-1,-1,-1,-1,-1,-1,
#assigned_hub=4,8,1,0,3,0,0,0,
#moving_targetting_pos=16,16|-1,-1|6,16|-1,-1|16,6|12,1|9,30|29,30|
#setting_targetting_pos=-1,-1|-1,-1|15,1|-1,-1|-1,-1|12,29|9,2|29,2|
R.R.DRdD
#00000000000000
#assigned_pet=-1,-1,-1,-1,-1,-1,-1,-1,
#assigned_hub=4,8,1,0,3,0,0,0,
#moving_targetting_pos=16,16|-1,-1|6,16|-1,-1|16,6|12,1|9,30|29,30|
#setting_targetting_pos=-1,-1|-1,-1|-1,-1|-1,-1|-1,-1|12,29|9,2|29,2|
U.R.RlLD
#00000000000000
#assigned_pet=-1,-1,-1,-1,-1,-1,-1,-1,
#assigned_hub=4,8,1,0,3,0,0,0,
#moving_targetting_pos=16,16|-1,-1|6,16|-1,-1|16,6|12,1|9,30|29,30|
#setting_targetting_pos=-1,-1|-1,-1|-1,-1|-1,-1|-1,-1|12,29|9,2|29,2|
R.R.RRrD
#00000000000000
#assigned_pet=-1,-1,-1,-1,-1,-1,-1,-1,
#assigned_hub=4,8,1,0,3,0,0,0,
#moving_targetting_pos=16,16|-1,-1|6,16|-1,-1|16,6|12,1|9,30|29,30|
#setting_targetting_pos=-1,-1|-1,-1|-1,-1|-1,-1|-1,-1|12,29|9,2|29,2|
R.R.URLD
#00000000000000
#assigned_pet=-1,-1,-1,-1,-1,-1,-1,-1,
#assigned_hub=4,8,5,0,3,0,0,0,
#moving_targetting_pos=16,16|-1,-1|16,26|-1,-1|16,6|12,1|9,30|29,30|
#setting_targetting_pos=-1,-1|-1,-1|-1,-1|-1,-1|-1,-1|12,29|9,2|29,2|
R.R.UruD
#00000000000000
#assigned_pet=-1,10,-1,-1,-1,-1,-1,-1,
#assigned_hub=4,8,1,0,3,0,0,0,
#moving_targetting_pos=16,16|-1,-1|6,16|-1,-1|16,6|12,1|9,30|29,30|
#setting_targetting_pos=-1,-1|28,27|-1,-1|-1,-1|-1,-1|12,29|9,2|29,2|
RDR.UdLD
#00000000000000
#assigned_pet=-1,-1,-1,-1,-1,-1,-1,-1,
#assigned_hub=4,8,1,0,3,5,0,0,
#moving_targetting_pos=16,16|-1,-1|6,16|-1,-1|16,6|16,26|9,30|29,30|
#setting_targetting_pos=-1,-1|-1,-1|-1,-1|-1,-1|-1,-1|12,29|9,2|29,2|
R.R.ULLD
#00000000000000
#assigned_pet=-1,-1,-1,-1,-1,-1,-1,-1,
#assigned_hub=4,8,6,0,3,5,0,0,
#moving_targetting_pos=16,16|-1,-1|26,6|-1,-1|16,6|16,26|9,30|29,30|
#setting_targetting_pos=-1,-1|-1,-1|-1,-1|-1,-1|-1,-1|-1,-1|9,2|29,2|
R.L.ULrD
#00000000000000
#assigned_pet=-1,-1,-1,1,-1,-1,-1,-1,
#assigned_hub=4,8,6,0,3,5,0,0,
#moving_targetting_pos=16,16|-1,-1|26,6|-1,-1|16,6|16,26|9,30|29,30|
#setting_targetting_pos=-1,-1|-1,-1|-1,-1|4,7|-1,-1|-1,-1|9,2|29,2|
R.DRUDdD
#00000000000000
#assigned_pet=-1,10,-1,1,-1,-1,-1,-1,
#assigned_hub=4,8,6,0,3,5,2,0,
#moving_targetting_pos=16,16|-1,-1|26,6|-1,-1|16,6|16,26|6,26|29,30|
#setting_targetting_pos=-1,-1|28,25|-1,-1|4,7|-1,-1|-1,-1|9,2|29,2|
RLDRUDUD
#01000000000000
#assigned_pet=-1,-1,-1,1,-1,-1,-1,-1,
#assigned_hub=4,8,6,0,3,5,2,0,
#moving_targetting_pos=16,16|-1,-1|26,6|-1,-1|16,6|16,26|6,26|29,30|
#setting_targetting_pos=-1,-1|-1,-1|-1,-1|4,7|-1,-1|-1,-1|-1,-1|29,2|
R.DuRLRD
#01000000000000
#assigned_pet=-1,-1,-1,-1,8,-1,-1,-1,
#assigned_hub=4,8,6,7,3,5,2,0,
#moving_targetting_pos=16,16|-1,-1|26,6|26,16|-1,-1|-1,-1|6,26|29,30|
#setting_targetting_pos=-1,-1|-1,-1|-1,-1|-1,-1|17,4|-1,-1|-1,-1|29,2|
R.DRL.UD
#01000000000000
#assigned_pet=-1,-1,-1,-1,8,-1,-1,-1,
#assigned_hub=4,8,0,7,3,5,2,0,
#moving_targetting_pos=16,16|-1,-1|6,6|26,16|-1,-1|-1,-1|6,26|29,30|
#setting_targetting_pos=-1,-1|-1,-1|-1,-1|-1,-1|17,4|-1,-1|-1,-1|29,2|
R.URU.RD
#01000000100000
#assigned_pet=-1,4,-1,-1,8,4,-1,-1,
#assigned_hub=4,8,1,7,3,5,2,0,
#moving_targetting_pos=16,16|-1,-1|6,16|26,16|-1,-1|-1,-1|6,26|29,30|
#setting_targetting_pos=-1,-1|24,25|-1,-1|-1,-1|17,4|18,25|-1,-1|29,2|
RLURlLRD
#01000000100000
#assigned_pet=13,4,-1,-1,13,4,-1,-1,
#assigned_hub=4,8,1,7,3,5,2,0,
#moving_targetting_pos=-1,-1|-1,-1|6,16|26,16|-1,-1|-1,-1|6,26|29,30|
#setting_targetting_pos=17,14|24,25|-1,-1|-1,-1|17,8|18,25|-1,-1|29,2|
.URRRDRD
#01000000100000
#assigned_pet=13,3,-1,-1,13,3,-1,-1,
#assigned_hub=4,8,1,7,3,5,2,0,
#moving_targetting_pos=-1,-1|-1,-1|6,16|26,16|-1,-1|-1,-1|6,26|29,30|
#setting_targetting_pos=17,14|24,25|-1,-1|-1,-1|17,8|18,25|-1,-1|29,2|
..RRRDRR
#01000000100000
#assigned_pet=13,3,-1,-1,13,3,-1,-1,
#assigned_hub=4,8,0,1,3,5,2,0,
#moving_targetting_pos=-1,-1|-1,-1|6,6|6,16|-1,-1|-1,-1|6,26|29,30|
#setting_targetting_pos=17,14|24,25|-1,-1|-1,-1|17,8|18,25|-1,-1|29,2|
..LR.DRD
#01011000100000
#assigned_pet=13,3,-1,-1,13,3,-1,-1,
#assigned_hub=4,8,7,1,3,5,2,0,
#moving_targetting_pos=-1,-1|-1,-1|26,16|6,16|-1,-1|-1,-1|6,26|29,30|
#setting_targetting_pos=17,14|24,25|-1,-1|-1,-1|17,8|18,25|-1,-1|29,2|
.uRR.dRD
#01011000100000
#assigned_pet=13,7,-1,-1,13,7,-1,-1,
#assigned_hub=4,8,7,1,3,5,2,0,
#moving_targetting_pos=-1,-1|-1,-1|26,16|6,16|-1,-1|-1,-1|6,26|29,30|
#setting_targetting_pos=17,14|24,27|-1,-1|-1,-1|17,8|18,27|-1,-1|29,2|
.RRR.RRR
#01011000100000
#assigned_pet=13,7,-1,-1,13,7,-1,-1,
#assigned_hub=4,8,7,1,3,5,2,0,
#moving_targetting_pos=-1,-1|-1,-1|26,16|-1,-1|-1,-1|-1,-1|6,26|29,30|
#setting_targetting_pos=17,14|24,27|-1,-1|-1,-1|17,8|18,27|-1,-1|29,2|
.RR..RRR
#01011001100000
#assigned_pet=5,7,-1,-1,5,7,-1,-1,
#assigned_hub=4,8,7,1,3,5,2,0,
#moving_targetting_pos=-1,-1|-1,-1|26,16|-1,-1|-1,-1|-1,-1|6,26|29,30|
#setting_targetting_pos=17,14|24,27|-1,-1|-1,-1|17,8|18,27|-1,-1|29,2|
.uR..dRD
#01011001100000
#assigned_pet=5,10,-1,-1,5,-1,-1,-1,
#assigned_hub=4,8,7,1,3,5,2,0,
#moving_targetting_pos=-1,-1|-1,-1|26,16|-1,-1|-1,-1|-1,-1|6,26|29,30|
#setting_targetting_pos=17,14|28,25|-1,-1|-1,-1|17,8|-1,-1|-1,-1|29,2|
.LR...RD
#01011001100000
#assigned_pet=5,-1,-1,-1,5,-1,-1,-1,
#assigned_hub=4,8,7,1,3,5,0,0,
#moving_targetting_pos=-1,-1|-1,-1|26,16|-1,-1|-1,-1|-1,-1|6,6|29,30|
#setting_targetting_pos=17,14|-1,-1|-1,-1|-1,-1|17,8|-1,-1|-1,-1|29,2|
..R...Ld
#01011001100000
#assigned_pet=5,-1,-1,-1,5,-1,-1,-1,
#assigned_hub=4,8,7,1,3,5,0,0,
#moving_targetting_pos=-1,-1|-1,-1|26,16|-1,-1|-1,-1|-1,-1|6,6|29,30|
#setting_targetting_pos=17,14|-1,-1|-1,-1|-1,-1|17,8|-1,-1|-1,-1|29,2|
..R...LL
#01011001100000
#assigned_pet=5,10,-1,-1,5,-1,-1,-1,
#assigned_hub=4,8,7,1,3,5,2,0,
#moving_targetting_pos=-1,-1|-1,-1|26,16|-1,-1|-1,-1|-1,-1|6,26|29,30|
#setting_targetting_pos=17,14|28,27|-1,-1|-1,-1|17,8|-1,-1|-1,-1|29,2|
.RD...RL
#01011101100001
#assigned_pet=5,10,-1,-1,5,-1,-1,-1,
#assigned_hub=4,8,7,1,3,5,2,0,
#moving_targetting_pos=-1,-1|-1,-1|26,16|-1,-1|-1,-1|-1,-1|6,26|29,30|
#setting_targetting_pos=17,14|28,27|-1,-1|-1,-1|17,8|-1,-1|-1,-1|29,2|
lDD.r.Ru
#01011101100001
#assigned_pet=-1,10,-1,-1,-1,-1,-1,-1,
#assigned_hub=4,8,7,1,3,5,0,0,
#moving_targetting_pos=-1,-1|-1,-1|26,16|-1,-1|-1,-1|-1,-1|6,6|29,30|
#setting_targetting_pos=-1,-1|28,27|-1,-1|-1,-1|-1,-1|-1,-1|-1,-1|29,2|
.DD...Lr
#01011101100001
#assigned_pet=-1,10,-1,-1,-1,-1,-1,-1,
#assigned_hub=4,8,7,1,3,5,0,0,
#moving_targetting_pos=-1,-1|-1,-1|26,16|-1,-1|-1,-1|-1,-1|6,6|29,30|
#setting_targetting_pos=-1,-1|28,27|-1,-1|-1,-1|-1,-1|-1,-1|-1,-1|29,2|
..D...LL
#01011101100001
#assigned_pet=-1,-1,-1,-1,-1,-1,-1,-1,
#assigned_hub=4,8,7,1,3,5,0,0,
#moving_targetting_pos=-1,-1|-1,-1|26,16|-1,-1|-1,-1|-1,-1|6,6|29,30|
#setting_targetting_pos=-1,-1|-1,-1|-1,-1|-1,-1|-1,-1|-1,-1|-1,-1|29,2|
..D...LL
#01011101100001
#assigned_pet=-1,-1,-1,-1,-1,-1,-1,-1,
#assigned_hub=4,8,7,1,2,5,0,0,
#moving_targetting_pos=-1,-1|-1,-1|26,16|-1,-1|6,26|-1,-1|6,6|29,30|
#setting_targetting_pos=-1,-1|-1,-1|-1,-1|-1,-1|-1,-1|-1,-1|-1,-1|29,2|
..D.U.L.
#01011101100001
#assigned_pet=-1,-1,-1,-1,-1,-1,-1,-1,
#assigned_hub=4,8,7,1,2,5,0,0,
#moving_targetting_pos=-1,-1|-1,-1|26,16|-1,-1|6,26|-1,-1|6,6|29,30|
#setting_targetting_pos=-1,-1|-1,-1|-1,-1|-1,-1|-1,-1|-1,-1|-1,-1|29,2|
..D.R.Ld
#01011101100001
#assigned_pet=-1,-1,-1,-1,-1,-1,-1,-1,
#assigned_hub=4,8,7,1,2,5,0,0,
#moving_targetting_pos=-1,-1|-1,-1|26,16|-1,-1|6,26|-1,-1|6,6|29,30|
#setting_targetting_pos=-1,-1|-1,-1|-1,-1|-1,-1|-1,-1|-1,-1|-1,-1|29,2|
..R.U.LL
#01011101100001
#assigned_pet=-1,9,9,-1,-1,-1,-1,-1,
#assigned_hub=4,8,7,1,2,5,0,0,
#moving_targetting_pos=-1,-1|-1,-1|-1,-1|-1,-1|6,26|16,26|6,6|29,30|
#setting_targetting_pos=-1,-1|27,24|27,18|-1,-1|-1,-1|-1,-1|-1,-1|29,2|
.LR.R..r
#01011101100001
#assigned_pet=-1,9,9,-1,-1,-1,-1,-1,
#assigned_hub=4,8,7,1,2,5,0,0,
#moving_targetting_pos=-1,-1|-1,-1|-1,-1|-1,-1|6,26|-1,-1|6,6|29,30|
#setting_targetting_pos=-1,-1|27,24|27,18|-1,-1|-1,-1|-1,-1|-1,-1|29,2|
.LD.R..L
#01011101100001
#assigned_pet=-1,10,-1,-1,-1,-1,-1,-1,
#assigned_hub=4,8,7,1,2,5,0,0,
#moving_targetting_pos=-1,-1|-1,-1|-1,-1|-1,-1|6,26|16,26|6,6|29,30|
#setting_targetting_pos=-1,-1|28,25|-1,-1|-1,-1|-1,-1|-1,-1|-1,-1|29,2|
....R..u
#01011101100001
#assigned_pet=-1,9,9,-1,-1,-1,-1,-1,
#assigned_hub=4,8,7,1,2,5,0,0,
#moving_targetting_pos=-1,-1|-1,-1|-1,-1|-1,-1|6,26|-1,-1|6,6|29,30|
#setting_targetting_pos=-1,-1|27,24|27,18|-1,-1|-1,-1|-1,-1|-1,-1|29,2|
..R.R..L
#01011101100001
#assigned_pet=-1,9,9,-1,-1,-1,-1,-1,
#assigned_hub=4,8,7,1,2,5,0,0,
#moving_targetting_pos=-1,-1|-1,-1|-1,-1|-1,-1|6,26|16,26|6,6|29,30|
#setting_targetting_pos=-1,-1|27,24|27,18|-1,-1|-1,-1|-1,-1|-1,-1|29,2|
..D.R..L
#01011101100001
#assigned_pet=-1,9,9,-1,-1,-1,-1,-1,
#assigned_hub=4,8,7,1,2,5,0,0,
#moving_targetting_pos=-1,-1|-1,-1|-1,-1|-1,-1|6,26|-1,-1|6,6|29,30|
#setting_targetting_pos=-1,-1|27,24|27,18|-1,-1|-1,-1|-1,-1|-1,-1|29,2|
....R..r
#01011101100001
#assigned_pet=-1,9,9,-1,-1,-1,-1,-1,
#assigned_hub=4,8,7,1,2,5,0,0,
#moving_targetting_pos=-1,-1|-1,-1|-1,-1|-1,-1|6,26|16,26|6,6|29,30|
#setting_targetting_pos=-1,-1|27,24|27,18|-1,-1|-1,-1|-1,-1|-1,-1|29,2|
....R..d
#01011101100001
#assigned_pet=0,9,9,0,-1,-1,-1,-1,
#assigned_hub=4,8,7,1,2,5,0,0,
#moving_targetting_pos=-1,-1|-1,-1|-1,-1|-1,-1|6,26|16,26|6,6|29,30|
#setting_targetting_pos=14,17|27,24|27,18|8,17|-1,-1|-1,-1|-1,-1|29,2|
R..RR..L
#01011101100001
#assigned_pet=0,9,9,0,-1,-1,-1,-1,
#assigned_hub=4,8,7,1,3,2,0,0,
#moving_targetting_pos=-1,-1|-1,-1|-1,-1|-1,-1|16,6|6,26|6,6|29,30|
#setting_targetting_pos=14,17|27,24|27,18|8,17|-1,-1|-1,-1|-1,-1|29,2|
R..RLU.L
#01011101100001
#assigned_pet=0,9,9,0,-1,-1,-1,-1,
#assigned_hub=4,8,7,1,3,2,0,0,
#moving_targetting_pos=-1,-1|-1,-1|-1,-1|-1,-1|16,6|6,26|6,6|29,30|
#setting_targetting_pos=14,17|27,24|27,18|8,17|-1,-1|-1,-1|-1,-1|29,2|
U..DLU.d
#01011101100001
#assigned_pet=0,9,9,0,-1,-1,-1,-1,
#assigned_hub=4,8,7,1,3,2,0,0,
#moving_targetting_pos=-1,-1|-1,-1|-1,-1|-1,-1|16,6|6,26|6,6|29,30|
#setting_targetting_pos=14,17|27,24|27,18|8,17|-1,-1|-1,-1|-1,-1|29,2|
U..DLU.L
#11011101100001
#assigned_pet=0,9,9,0,-1,-1,-1,-1,
#assigned_hub=4,8,7,1,3,2,0,0,
#moving_targetting_pos=-1,-1|-1,-1|-1,-1|-1,-1|16,6|6,26|6,6|29,30|
#setting_targetting_pos=14,17|27,24|27,18|8,17|-1,-1|-1,-1|-1,-1|29,2|
u..dLU.L
#11011101100001
#assigned_pet=-1,9,9,-1,-1,-1,-1,-1,
#assigned_hub=4,8,7,1,3,2,0,0,
#moving_targetting_pos=-1,-1|-1,-1|-1,-1|-1,-1|16,6|6,26|6,6|29,30|
#setting_targetting_pos=-1,-1|27,24|27,18|-1,-1|-1,-1|-1,-1|-1,-1|29,2|
....LU..
#11011101100001
#assigned_pet=-1,10,9,-1,-1,-1,-1,-1,
#assigned_hub=4,8,7,1,3,2,0,0,
#moving_targetting_pos=-1,-1|-1,-1|-1,-1|-1,-1|16,6|6,26|6,6|29,30|
#setting_targetting_pos=-1,-1|25,28|28,17|-1,-1|-1,-1|-1,-1|-1,-1|29,2|
.RL.LU..
#11011101100001
#assigned_pet=-1,10,9,-1,-1,-1,-1,-1,
#assigned_hub=4,8,7,1,3,2,0,0,
#moving_targetting_pos=-1,-1|-1,-1|-1,-1|-1,-1|16,6|6,26|6,6|29,30|
#setting_targetting_pos=-1,-1|25,28|28,17|-1,-1|-1,-1|-1,-1|-1,-1|29,2|
.RD.LU..
#11011101100001
#assigned_pet=-1,10,-1,-1,-1,-1,-1,-1,
#assigned_hub=4,8,7,1,3,2,0,0,
#moving_targetting_pos=-1,-1|-1,-1|-1,-1|-1,-1|16,6|6,26|6,6|29,30|
#setting_targetting_pos=-1,-1|25,28|-1,-1|-1,-1|-1,-1|-1,-1|-1,-1|29,2|
.R..LU.r
#11011101100001
#assigned_pet=-1,10,9,-1,-1,-1,-1,-1,
#assigned_hub=4,8,7,1,3,2,0,0,
#moving_targetting_pos=-1,-1|-1,-1|-1,-1|-1,-1|16,6|6,26|-1,-1|29,30|
#setting_targetting_pos=-1,-1|25,28|28,17|-1,-1|-1,-1|-1,-1|-1,-1|29,2|
.U..LU.u
#11011101101001
#assigned_pet=6,10,-1,-1,6,-1,-1,-1,
#assigned_hub=4,8,7,1,3,2,0,0,
#moving_targetting_pos=-1,-1|-1,-1|-1,-1|-1,-1|-1,-1|6,26|-1,-1|29,30|
#setting_targetting_pos=15,14|25,28|-1,-1|-1,-1|15,8|-1,-1|-1,-1|29,2|
Lu...L.L
#11011101101001
#assigned_pet=6,-1,-1,2,6,2,-1,-1,
#assigned_hub=4,8,7,1,3,2,0,0,
#moving_targetting_pos=-1,-1|-1,-1|-1,-1|-1,-1|-1,-1|-1,-1|-1,-1|29,30|
#setting_targetting_pos=15,14|-1,-1|-1,-1|5,18|15,8|5,24|-1,-1|29,2|
L..R.L.L
#11011111101001
#assigned_pet=6,-1,-1,-1,6,-1,-1,-1,
#assigned_hub=4,8,7,1,3,2,0,0,
#moving_targetting_pos=-1,-1|26,26|-1,-1|-1,-1|-1,-1|-1,-1|-1,-1|29,30|
#setting_targetting_pos=15,14|-1,-1|-1,-1|-1,-1|15,8|-1,-1|-1,-1|29,2|
l...r..d
#11011111101001
#assigned_pet=-1,-1,-1,-1,-1,-1,-1,-1,
#assigned_hub=4,8,7,1,3,2,0,0,
#moving_targetting_pos=-1,-1|26,26|-1,-1|-1,-1|16,6|-1,-1|6,6|29,30|
#setting_targetting_pos=-1,-1|-1,-1|-1,-1|-1,-1|-1,-1|-1,-1|-1,-1|29,2|
.......L
#11011111101001
#assigned_pet=9,-1,9,-1,-1,-1,-1,-1,
#assigned_hub=4,6,7,1,3,2,0,0,
#moving_targetting_pos=-1,-1|26,6|-1,-1|-1,-1|16,6|-1,-1|6,6|29,30|
#setting_targetting_pos=18,17|-1,-1|24,17|-1,-1|-1,-1|-1,-1|-1,-1|29,2|
RLU....r
#11011111101001
#assigned_pet=9,-1,9,-1,-1,-1,-1,-1,
#assigned_hub=4,6,7,1,3,2,0,0,
#moving_targetting_pos=-1,-1|26,6|-1,-1|-1,-1|-1,-1|-1,-1|6,6|29,30|
#setting_targetting_pos=18,17|-1,-1|24,17|-1,-1|-1,-1|-1,-1|-1,-1|29,2|
RLU....L
#11011111101001
#assigned_pet=9,-1,9,-1,-1,-1,-1,-1,
#assigned_hub=4,6,7,1,3,2,0,0,
#moving_targetting_pos=-1,-1|26,6|-1,-1|-1,-1|-1,-1|-1,-1|6,6|29,30|
#setting_targetting_pos=18,17|-1,-1|24,17|-1,-1|-1,-1|-1,-1|-1,-1|29,2|
DL.....u
#11011111101001
#assigned_pet=9,-1,9,-1,-1,-1,-1,-1,
#assigned_hub=4,6,7,1,3,2,0,0,
#moving_targetting_pos=-1,-1|26,6|-1,-1|-1,-1|-1,-1|-1,-1|6,6|29,30|
#setting_targetting_pos=18,17|-1,-1|24,17|-1,-1|-1,-1|-1,-1|-1,-1|29,2|
DL.....L
#11011111101001
#assigned_pet=11,-1,11,-1,-1,-1,-1,-1,
#assigned_hub=4,6,7,1,3,2,0,0,
#moving_targetting_pos=-1,-1|26,6|-1,-1|-1,-1|-1,-1|-1,-1|6,6|29,30|
#setting_targetting_pos=18,15|-1,-1|24,15|-1,-1|-1,-1|-1,-1|-1,-1|29,2|
LDL....L
#11011111101001
#assigned_pet=11,-1,11,-1,-1,-1,-1,-1,
#assigned_hub=4,6,7,1,3,2,0,0,
#moving_targetting_pos=-1,-1|26,6|-1,-1|-1,-1|-1,-1|-1,-1|6,6|29,30|
#setting_targetting_pos=18,15|-1,-1|24,15|-1,-1|-1,-1|-1,-1|-1,-1|29,2|
LLL....r
#11011111101101
#assigned_pet=11,-1,11,2,-1,2,-1,-1,
#assigned_hub=4,6,7,1,3,2,0,0,
#moving_targetting_pos=-1,-1|26,6|-1,-1|-1,-1|-1,-1|-1,-1|6,6|29,30|
#setting_targetting_pos=18,15|-1,-1|24,15|5,18|-1,-1|5,24|-1,-1|29,2|
dLuU.U.d
#11011111101101
#assigned_pet=-1,-1,-1,2,-1,2,-1,-1,
#assigned_hub=4,6,7,1,3,2,0,0,
#moving_targetting_pos=-1,-1|26,6|-1,-1|-1,-1|-1,-1|-1,-1|6,6|29,30|
#setting_targetting_pos=-1,-1|-1,-1|-1,-1|5,18|-1,-1|5,24|-1,-1|29,2|
.L...L.L
#11011111101101
#assigned_pet=-1,-1,-1,2,-1,2,-1,-1,
#assigned_hub=4,6,7,1,3,2,0,0,
#moving_targetting_pos=-1,-1|26,6|-1,-1|-1,-1|-1,-1|-1,-1|-1,-1|29,30|
#setting_targetting_pos=-1,-1|-1,-1|-1,-1|5,18|-1,-1|5,24|-1,-1|29,2|
.L...U.L
#11111111101101
#assigned_pet=-1,-1,-1,2,-1,2,-1,-1,
#assigned_hub=4,6,7,1,3,2,0,0,
#moving_targetting_pos=-1,-1|26,6|-1,-1|-1,-1|-1,-1|-1,-1|-1,-1|29,30|
#setting_targetting_pos=-1,-1|-1,-1|-1,-1|5,18|-1,-1|5,24|-1,-1|29,2|
.L.u.u.d
#11111111101101
#assigned_pet=-1,-1,-1,-1,-1,-1,-1,-1,
#assigned_hub=4,6,7,1,3,2,0,0,
#moving_targetting_pos=-1,-1|26,6|-1,-1|6,16|-1,-1|6,26|-1,-1|29,30|
#setting_targetting_pos=-1,-1|-1,-1|-1,-1|-1,-1|-1,-1|-1,-1|-1,-1|29,2|
.L.....L
#11111111101101
#assigned_pet=-1,-1,-1,-1,-1,-1,-1,-1,
#assigned_hub=4,6,7,1,3,2,0,0,
#moving_targetting_pos=-1,-1|26,6|-1,-1|6,16|-1,-1|6,26|-1,-1|29,30|
#setting_targetting_pos=-1,-1|-1,-1|-1,-1|-1,-1|-1,-1|-1,-1|-1,-1|29,2|
.L.....L
#11111111101101
#assigned_pet=9,-1,9,-1,-1,-1,-1,-1,
#assigned_hub=4,6,7,1,3,2,0,0,
#moving_targetting_pos=-1,-1|26,6|-1,-1|6,16|-1,-1|6,26|-1,-1|29,30|
#setting_targetting_pos=18,17|-1,-1|24,17|-1,-1|-1,-1|-1,-1|-1,-1|29,2|
RLR....r
#11111111101101
#assigned_pet=9,-1,9,-1,-1,-1,-1,-1,
#assigned_hub=4,6,7,1,3,2,0,0,
#moving_targetting_pos=-1,-1|26,6|-1,-1|6,16|-1,-1|6,26|-1,-1|29,30|
#setting_targetting_pos=18,17|-1,-1|24,17|-1,-1|-1,-1|-1,-1|-1,-1|29,2|
RLR....u
#11111111101101
#assigned_pet=-1,-1,-1,-1,-1,-1,-1,-1,
#assigned_hub=4,6,7,1,3,2,0,0,
#moving_targetting_pos=-1,-1|26,6|-1,-1|6,16|-1,-1|6,26|-1,-1|29,30|
#setting_targetting_pos=-1,-1|-1,-1|-1,-1|-1,-1|-1,-1|-1,-1|-1,-1|29,2|
.L.....L
#11111111101101
#assigned_pet=-1,-1,-1,-1,-1,-1,-1,-1,
#assigned_hub=4,6,7,1,3,2,0,0,
#moving_targetting_pos=-1,-1|26,6|-1,-1|6,16|-1,-1|6,26|-1,-1|29,30|
#setting_targetting_pos=-1,-1|-1,-1|-1,-1|-1,-1|-1,-1|-1,-1|-1,-1|29,2|
.L.....L
#11111111101101
#assigned_pet=-1,-1,-1,-1,-1,-1,-1,-1,
#assigned_hub=4,6,7,1,3,2,0,0,
#moving_targetting_pos=-1,-1|26,6|-1,-1|6,16|-1,-1|6,26|-1,-1|29,30|
#setting_targetting_pos=-1,-1|-1,-1|-1,-1|-1,-1|-1,-1|-1,-1|-1,-1|29,2|
.L.....d
#11111111101101
#assigned_pet=-1,-1,-1,-1,-1,-1,-1,-1,
#assigned_hub=4,6,7,1,3,2,0,0,
#moving_targetting_pos=-1,-1|26,6|-1,-1|6,16|-1,-1|6,26|-1,-1|29,30|
#setting_targetting_pos=-1,-1|-1,-1|-1,-1|-1,-1|-1,-1|-1,-1|-1,-1|29,2|
.L.....L
#11111111101101
#assigned_pet=-1,-1,-1,-1,-1,-1,-1,-1,
#assigned_hub=4,6,7,1,3,2,0,0,
#moving_targetting_pos=-1,-1|26,6|-1,-1|6,16|-1,-1|6,26|-1,-1|29,30|
#setting_targetting_pos=-1,-1|-1,-1|-1,-1|-1,-1|-1,-1|-1,-1|-1,-1|29,2|
.L.....r
#11111111101101
#assigned_pet=-1,-1,-1,-1,-1,-1,-1,-1,
#assigned_hub=4,6,7,1,3,2,0,0,
#moving_targetting_pos=-1,-1|26,6|-1,-1|6,16|-1,-1|6,26|-1,-1|29,30|
#setting_targetting_pos=-1,-1|-1,-1|-1,-1|-1,-1|-1,-1|-1,-1|-1,-1|29,2|
.L.....L
#11111111101101
#assigned_pet=-1,-1,-1,-1,-1,-1,-1,-1,
#assigned_hub=4,6,7,1,3,2,0,0,
#moving_targetting_pos=-1,-1|26,6|-1,-1|6,16|-1,-1|6,26|-1,-1|29,30|
#setting_targetting_pos=-1,-1|-1,-1|-1,-1|-1,-1|-1,-1|-1,-1|-1,-1|29,2|
.L.....u
#11111111101101
#assigned_pet=-1,-1,-1,-1,-1,-1,-1,-1,
#assigned_hub=4,6,7,1,3,2,0,0,
#moving_targetting_pos=-1,-1|26,6|-1,-1|6,16|-1,-1|6,26|-1,-1|29,30|
#setting_targetting_pos=-1,-1|-1,-1|-1,-1|-1,-1|-1,-1|-1,-1|-1,-1|29,2|
.L.....L
#11111111101101
#assigned_pet=-1,-1,-1,-1,-1,-1,-1,-1,
#assigned_hub=4,6,7,1,3,2,0,0,
#moving_targetting_pos=-1,-1|-1,-1|-1,-1|6,16|-1,-1|6,26|-1,-1|29,30|
#setting_targetting_pos=-1,-1|-1,-1|-1,-1|-1,-1|-1,-1|-1,-1|-1,-1|29,2|
.......L
#11111111101101
#assigned_pet=-1,-1,-1,-1,-1,-1,-1,-1,
#assigned_hub=4,6,7,1,3,2,0,0,
#moving_targetting_pos=-1,-1|-1,-1|-1,-1|6,16|-1,-1|6,26|-1,-1|29,30|
#setting_targetting_pos=-1,-1|-1,-1|-1,-1|-1,-1|-1,-1|-1,-1|-1,-1|29,2|
.......r
#11111111101101
#assigned_pet=-1,-1,-1,-1,12,-1,12,-1,
#assigned_hub=4,6,7,1,3,2,0,0,
#moving_targetting_pos=-1,-1|-1,-1|-1,-1|6,16|-1,-1|6,26|-1,-1|29,30|
#setting_targetting_pos=-1,-1|-1,-1|-1,-1|-1,-1|14,5|-1,-1|8,5|29,2|
....L.Ld
#11111111101101
#assigned_pet=-1,-1,-1,-1,12,-1,12,-1,
#assigned_hub=4,6,7,1,3,2,0,0,
#moving_targetting_pos=16,16|-1,-1|-1,-1|6,16|-1,-1|6,26|-1,-1|29,30|
#setting_targetting_pos=-1,-1|-1,-1|-1,-1|-1,-1|14,5|-1,-1|8,5|29,2|
....L.L.
#11111111101101
#assigned_pet=-1,-1,-1,-1,12,-1,12,-1,
#assigned_hub=4,6,7,1,3,2,0,0,
#moving_targetting_pos=-1,-1|-1,-1|-1,-1|6,16|-1,-1|6,26|-1,-1|29,30|
#setting_targetting_pos=-1,-1|-1,-1|-1,-1|-1,-1|14,5|-1,-1|8,5|29,2|
........
#11111111101111
#assigned_pet=-1,-1,-1,-1,12,-1,12,-1,
#assigned_hub=4,6,7,1,3,2,0,0,
#moving_targetting_pos=-1,-1|-1,-1|-1,-1|6,16|-1,-1|6,26|-1,-1|29,30|
#setting_targetting_pos=-1,-1|-1,-1|-1,-1|-1,-1|14,5|-1,-1|8,5|29,2|
....u.d.
#11111111101111
#assigned_pet=-1,-1,-1,-1,-1,-1,-1,-1,
#assigned_hub=4,6,7,1,3,2,0,0,
#moving_targetting_pos=-1,-1|-1,-1|-1,-1|6,16|16,6|6,26|6,6|29,30|
#setting_targetting_pos=-1,-1|-1,-1|-1,-1|-1,-1|-1,-1|-1,-1|-1,-1|29,2|
........
#11111111101111
#assigned_pet=-1,-1,-1,-1,-1,-1,-1,-1,
#assigned_hub=4,6,7,1,3,2,0,0,
#moving_targetting_pos=16,16|-1,-1|-1,-1|6,16|16,6|6,26|6,6|29,30|
#setting_targetting_pos=-1,-1|-1,-1|-1,-1|-1,-1|-1,-1|-1,-1|-1,-1|29,2|
........
#11111111101111
#assigned_pet=-1,-1,-1,-1,-1,-1,-1,-1,
#assigned_hub=4,6,7,1,3,2,0,0,
#moving_targetting_pos=16,16|-1,-1|-1,-1|6,16|16,6|6,26|6,6|29,30|
#setting_targetting_pos=-1,-1|-1,-1|-1,-1|-1,-1|-1,-1|-1,-1|-1,-1|29,2|
........
#11111111101111
#assigned_pet=-1,9,9,-1,-1,-1,-1,-1,
#assigned_hub=4,6,7,1,3,2,0,0,
#moving_targetting_pos=16,16|-1,-1|-1,-1|6,16|16,6|6,26|6,6|29,30|
#setting_targetting_pos=-1,-1|27,8|27,14|-1,-1|-1,-1|-1,-1|-1,-1|29,2|
..L.....
#11111111101111
#assigned_pet=-1,9,9,-1,-1,-1,-1,-1,
#assigned_hub=4,6,7,1,3,2,0,0,
#moving_targetting_pos=16,16|-1,-1|-1,-1|6,16|16,6|6,26|6,6|29,30|
#setting_targetting_pos=-1,-1|27,8|27,14|-1,-1|-1,-1|-1,-1|-1,-1|29,2|
..L.....
#11111111101111
#assigned_pet=-1,9,9,-1,-1,-1,-1,-1,
#assigned_hub=4,6,7,1,3,2,0,0,
#moving_targetting_pos=16,16|-1,-1|-1,-1|6,16|16,6|6,26|6,6|29,30|
#setting_targetting_pos=-1,-1|27,8|27,14|-1,-1|-1,-1|-1,-1|-1,-1|29,2|
..L.....
#11111111101111
#assigned_pet=-1,9,9,-1,-1,-1,-1,-1,
#assigned_hub=4,6,7,1,3,2,0,0,
#moving_targetting_pos=16,16|-1,-1|-1,-1|6,16|16,6|6,26|6,6|29,30|
#setting_targetting_pos=-1,-1|27,8|27,14|-1,-1|-1,-1|-1,-1|-1,-1|29,2|
..D.....
#11111111111111
#assigned_pet=-1,9,9,-1,-1,-1,-1,-1,
#assigned_hub=4,6,7,1,3,2,0,0,
#moving_targetting_pos=16,16|-1,-1|-1,-1|6,16|16,6|6,26|6,6|29,30|
#setting_targetting_pos=-1,-1|27,8|27,14|-1,-1|-1,-1|-1,-1|-1,-1|29,2|
.rd.....
#11111111111111
#assigned_pet=-1,-1,-1,-1,-1,-1,-1,-1,
#assigned_hub=4,6,7,1,3,2,0,0,
#moving_targetting_pos=16,16|26,6|26,16|6,16|16,6|6,26|6,6|29,30|
#setting_targetting_pos=-1,-1|-1,-1|-1,-1|-1,-1|-1,-1|-1,-1|-1,-1|29,2|
........
#11111111111111
#assigned_pet=-1,-1,-1,-1,-1,-1,-1,-1,
#assigned_hub=4,6,7,1,3,2,0,0,
#moving_targetting_pos=16,16|26,6|26,16|6,16|16,6|6,26|6,6|29,30|
#setting_targetting_pos=-1,-1|-1,-1|-1,-1|-1,-1|-1,-1|-1,-1|-1,-1|29,2|
........
#11111111111111
#assigned_pet=-1,-1,-1,-1,-1,-1,-1,-1,
#assigned_hub=4,6,7,1,3,2,0,0,
#moving_targetting_pos=16,16|26,6|26,16|6,16|16,6|6,26|6,6|29,30|
#setting_targetting_pos=-1,-1|-1,-1|-1,-1|-1,-1|-1,-1|-1,-1|-1,-1|29,2|
........
#11111111111111
#assigned_pet=-1,-1,-1,-1,-1,-1,-1,-1,
#assigned_hub=4,6,7,1,3,2,0,0,
#moving_targetting_pos=16,16|26,6|26,16|6,16|16,6|6,26|6,6|29,30|
#setting_targetting_pos=-1,-1|-1,-1|-1,-1|-1,-1|-1,-1|-1,-1|-1,-1|29,2|
........
#11111111111111
#assigned_pet=-1,-1,-1,-1,-1,-1,-1,-1,
#assigned_hub=4,6,7,1,3,2,0,0,
#moving_targetting_pos=16,16|26,6|26,16|6,16|16,6|6,26|6,6|29,30|
#setting_targetting_pos=-1,-1|-1,-1|-1,-1|-1,-1|-1,-1|-1,-1|-1,-1|29,2|
........
#11111111111111
#assigned_pet=-1,-1,-1,-1,-1,-1,-1,-1,
#assigned_hub=4,6,7,1,3,2,0,0,
#moving_targetting_pos=16,16|26,6|26,16|6,16|16,6|6,26|6,6|29,30|
#setting_targetting_pos=-1,-1|-1,-1|-1,-1|-1,-1|-1,-1|-1,-1|-1,-1|29,2|
........
#11111111111111
#assigned_pet=-1,-1,-1,-1,-1,-1,-1,-1,
#assigned_hub=4,6,7,1,3,2,0,0,
#moving_targetting_pos=16,16|26,6|26,16|6,16|16,6|6,26|6,6|29,30|
#setting_targetting_pos=-1,-1|-1,-1|-1,-1|-1,-1|-1,-1|-1,-1|-1,-1|29,2|
........
#11111111111111
#assigned_pet=-1,-1,-1,-1,-1,-1,-1,-1,
#assigned_hub=4,6,7,1,3,2,0,0,
#moving_targetting_pos=16,16|26,6|26,16|6,16|16,6|6,26|6,6|29,30|
#setting_targetting_pos=-1,-1|-1,-1|-1,-1|-1,-1|-1,-1|-1,-1|-1,-1|29,2|
........
#11111111111111
#assigned_pet=-1,-1,-1,-1,-1,-1,-1,-1,
#assigned_hub=4,6,7,1,3,2,0,0,
#moving_targetting_pos=16,16|26,6|26,16|6,16|16,6|6,26|6,6|29,30|
#setting_targetting_pos=-1,-1|-1,-1|-1,-1|-1,-1|-1,-1|-1,-1|-1,-1|29,2|
........
#11111111111111
#assigned_pet=-1,-1,-1,-1,-1,-1,-1,-1,
#assigned_hub=4,6,7,1,3,2,0,0,
#moving_targetting_pos=16,16|26,6|26,16|6,16|16,6|6,26|6,6|29,30|
#setting_targetting_pos=-1,-1|-1,-1|-1,-1|-1,-1|-1,-1|-1,-1|-1,-1|29,2|
........
#11111111111111
#assigned_pet=-1,-1,-1,-1,-1,-1,-1,-1,
#assigned_hub=4,6,7,1,3,2,0,0,
#moving_targetting_pos=16,16|26,6|26,16|6,16|16,6|6,26|6,6|29,30|
#setting_targetting_pos=-1,-1|-1,-1|-1,-1|-1,-1|-1,-1|-1,-1|-1,-1|29,2|
........
#11111111111111
#assigned_pet=-1,-1,-1,-1,-1,-1,-1,-1,
#assigned_hub=4,6,7,1,3,2,0,0,
#moving_targetting_pos=16,16|26,6|26,16|6,16|16,6|6,26|6,6|29,30|
#setting_targetting_pos=-1,-1|-1,-1|-1,-1|-1,-1|-1,-1|-1,-1|-1,-1|29,2|
........
#11111111111111
#assigned_pet=-1,-1,-1,-1,-1,-1,-1,-1,
#assigned_hub=4,6,7,1,3,2,0,0,
#moving_targetting_pos=16,16|26,6|26,16|6,16|16,6|6,26|6,6|29,30|
#setting_targetting_pos=-1,-1|-1,-1|-1,-1|-1,-1|-1,-1|-1,-1|-1,-1|29,2|
........
#11111111111111
#assigned_pet=-1,-1,-1,-1,-1,-1,-1,-1,
#assigned_hub=4,6,7,1,3,2,0,0,
#moving_targetting_pos=16,16|26,6|26,16|6,16|16,6|6,26|6,6|29,30|
#setting_targetting_pos=-1,-1|-1,-1|-1,-1|-1,-1|-1,-1|-1,-1|-1,-1|29,2|
........
#11111111111111
#assigned_pet=-1,-1,-1,-1,-1,-1,-1,-1,
#assigned_hub=4,6,7,1,3,2,0,0,
#moving_targetting_pos=16,16|26,6|26,16|6,16|16,6|6,26|6,6|29,30|
#setting_targetting_pos=-1,-1|-1,-1|-1,-1|-1,-1|-1,-1|-1,-1|-1,-1|29,2|
........
#11111111111111
#assigned_pet=-1,-1,-1,-1,-1,-1,-1,-1,
#assigned_hub=4,6,7,1,3,2,0,0,
#moving_targetting_pos=16,16|26,6|26,16|6,16|16,6|6,26|6,6|29,30|
#setting_targetting_pos=-1,-1|-1,-1|-1,-1|-1,-1|-1,-1|-1,-1|-1,-1|29,2|
........
#11111111111111
#assigned_pet=-1,-1,-1,-1,-1,-1,-1,-1,
#assigned_hub=4,6,7,1,3,2,0,0,
#moving_targetting_pos=16,16|26,6|26,16|6,16|16,6|6,26|6,6|29,30|
#setting_targetting_pos=-1,-1|-1,-1|-1,-1|-1,-1|-1,-1|-1,-1|-1,-1|29,2|
........
#11111111111111
#assigned_pet=-1,-1,-1,-1,-1,-1,-1,-1,
#assigned_hub=4,6,7,1,3,2,0,0,
#moving_targetting_pos=16,16|26,6|26,16|6,16|16,6|6,26|6,6|29,30|
#setting_targetting_pos=-1,-1|-1,-1|-1,-1|-1,-1|-1,-1|-1,-1|-1,-1|29,2|
........
#11111111111111
#assigned_pet=-1,-1,-1,-1,-1,-1,-1,-1,
#assigned_hub=4,6,7,1,3,2,0,0,
#moving_targetting_pos=16,16|26,6|26,16|6,16|16,6|6,26|6,6|29,30|
#setting_targetting_pos=-1,-1|-1,-1|-1,-1|-1,-1|-1,-1|-1,-1|-1,-1|29,2|
........
#11111111111111
#assigned_pet=-1,-1,-1,-1,-1,-1,-1,-1,
#assigned_hub=4,6,7,1,3,2,0,0,
#moving_targetting_pos=16,16|26,6|26,16|6,16|16,6|6,26|6,6|29,30|
#setting_targetting_pos=-1,-1|-1,-1|-1,-1|-1,-1|-1,-1|-1,-1|-1,-1|29,2|
........
#11111111111111
#assigned_pet=-1,-1,-1,-1,-1,-1,-1,-1,
#assigned_hub=4,6,7,1,3,2,0,0,
#moving_targetting_pos=16,16|26,6|26,16|6,16|16,6|6,26|6,6|29,30|
#setting_targetting_pos=-1,-1|-1,-1|-1,-1|-1,-1|-1,-1|-1,-1|-1,-1|29,2|
........
#11111111111111
#assigned_pet=-1,-1,-1,-1,-1,-1,-1,-1,
#assigned_hub=4,6,7,1,3,2,0,0,
#moving_targetting_pos=16,16|26,6|26,16|6,16|16,6|6,26|6,6|29,30|
#setting_targetting_pos=-1,-1|-1,-1|-1,-1|-1,-1|-1,-1|-1,-1|-1,-1|29,2|
........
#11111111111111
#assigned_pet=-1,-1,-1,-1,-1,-1,-1,-1,
#assigned_hub=4,6,7,1,3,2,0,0,
#moving_targetting_pos=16,16|26,6|26,16|6,16|16,6|6,26|6,6|29,30|
#setting_targetting_pos=-1,-1|-1,-1|-1,-1|-1,-1|-1,-1|-1,-1|-1,-1|29,2|
........
#11111111111111
#assigned_pet=-1,-1,-1,-1,-1,-1,-1,-1,
#assigned_hub=4,6,7,1,3,2,0,0,
#moving_targetting_pos=16,16|26,6|26,16|6,16|16,6|6,26|6,6|29,30|
#setting_targetting_pos=-1,-1|-1,-1|-1,-1|-1,-1|-1,-1|-1,-1|-1,-1|29,2|
........
#11111111111111
#assigned_pet=-1,-1,-1,-1,-1,-1,-1,-1,
#assigned_hub=4,6,7,1,3,2,0,0,
#moving_targetting_pos=16,16|26,6|26,16|6,16|16,6|6,26|6,6|29,30|
#setting_targetting_pos=-1,-1|-1,-1|-1,-1|-1,-1|-1,-1|-1,-1|-1,-1|29,2|
........
#11111111111111
#assigned_pet=-1,-1,-1,-1,-1,-1,-1,-1,
#assigned_hub=4,6,7,1,3,2,0,0,
#moving_targetting_pos=16,16|26,6|26,16|6,16|16,6|6,26|6,6|29,30|
#setting_targetting_pos=-1,-1|-1,-1|-1,-1|-1,-1|-1,-1|-1,-1|-1,-1|29,2|
........
#11111111111111
#assigned_pet=-1,-1,-1,-1,-1,-1,-1,-1,
#assigned_hub=4,6,7,1,3,2,0,0,
#moving_targetting_pos=16,16|26,6|26,16|6,16|16,6|6,26|6,6|29,30|
#setting_targetting_pos=-1,-1|-1,-1|-1,-1|-1,-1|-1,-1|-1,-1|-1,-1|29,2|
........
#11111111111111
#assigned_pet=-1,-1,-1,-1,-1,-1,-1,-1,
#assigned_hub=4,6,7,1,3,2,0,0,
#moving_targetting_pos=16,16|26,6|26,16|6,16|16,6|6,26|6,6|29,30|
#setting_targetting_pos=-1,-1|-1,-1|-1,-1|-1,-1|-1,-1|-1,-1|-1,-1|29,2|
........
#11111111111111
#assigned_pet=-1,-1,-1,-1,-1,-1,-1,-1,
#assigned_hub=4,6,7,1,3,2,0,0,
#moving_targetting_pos=16,16|26,6|26,16|6,16|16,6|6,26|6,6|29,30|
#setting_targetting_pos=-1,-1|-1,-1|-1,-1|-1,-1|-1,-1|-1,-1|-1,-1|29,2|
........
#11111111111111
#assigned_pet=-1,-1,-1,-1,-1,-1,-1,-1,
#assigned_hub=4,6,7,1,3,2,0,0,
#moving_targetting_pos=16,16|26,6|26,16|6,16|16,6|6,26|6,6|29,30|
#setting_targetting_pos=-1,-1|-1,-1|-1,-1|-1,-1|-1,-1|-1,-1|-1,-1|29,2|
........
#11111111111111
#assigned_pet=-1,-1,-1,-1,-1,-1,-1,-1,
#assigned_hub=4,6,7,1,3,2,0,0,
#moving_targetting_pos=16,16|26,6|26,16|6,16|16,6|6,26|6,6|29,30|
#setting_targetting_pos=-1,-1|-1,-1|-1,-1|-1,-1|-1,-1|-1,-1|-1,-1|29,2|
........
#11111111111111
#assigned_pet=-1,-1,-1,-1,-1,-1,-1,-1,
#assigned_hub=4,6,7,1,3,2,0,0,
#moving_targetting_pos=16,16|26,6|26,16|6,16|16,6|6,26|6,6|29,30|
#setting_targetting_pos=-1,-1|-1,-1|-1,-1|-1,-1|-1,-1|-1,-1|-1,-1|29,2|
........
#11111111111111
#assigned_pet=-1,-1,-1,-1,-1,-1,-1,-1,
#assigned_hub=4,6,7,1,3,2,0,0,
#moving_targetting_pos=16,16|26,6|26,16|6,16|16,6|6,26|6,6|29,30|
#setting_targetting_pos=-1,-1|-1,-1|-1,-1|-1,-1|-1,-1|-1,-1|-1,-1|29,2|
........
#11111111111111
#assigned_pet=-1,-1,-1,-1,-1,-1,-1,-1,
#assigned_hub=4,6,7,1,3,2,0,0,
#moving_targetting_pos=16,16|26,6|26,16|6,16|16,6|6,26|6,6|29,30|
#setting_targetting_pos=-1,-1|-1,-1|-1,-1|-1,-1|-1,-1|-1,-1|-1,-1|29,2|
........
#11111111111111
#assigned_pet=-1,-1,-1,-1,-1,-1,-1,-1,
#assigned_hub=4,6,7,1,3,2,0,0,
#moving_targetting_pos=16,16|26,6|26,16|6,16|16,6|6,26|6,6|29,30|
#setting_targetting_pos=-1,-1|-1,-1|-1,-1|-1,-1|-1,-1|-1,-1|-1,-1|29,2|
........
#11111111111111
#assigned_pet=-1,-1,-1,-1,-1,-1,-1,-1,
#assigned_hub=4,6,7,1,3,2,0,0,
#moving_targetting_pos=16,16|26,6|26,16|6,16|16,6|6,26|6,6|29,30|
#setting_targetting_pos=-1,-1|-1,-1|-1,-1|-1,-1|-1,-1|-1,-1|-1,-1|29,2|
........
#11111111111111
#assigned_pet=-1,-1,-1,-1,-1,-1,-1,-1,
#assigned_hub=4,6,7,1,3,2,0,0,
#moving_targetting_pos=16,16|26,6|26,16|6,16|16,6|6,26|6,6|29,30|
#setting_targetting_pos=-1,-1|-1,-1|-1,-1|-1,-1|-1,-1|-1,-1|-1,-1|29,2|
........
#11111111111111
#assigned_pet=-1,-1,-1,-1,-1,-1,-1,-1,
#assigned_hub=4,6,7,1,3,2,0,0,
#moving_targetting_pos=16,16|26,6|26,16|6,16|16,6|6,26|6,6|29,30|
#setting_targetting_pos=-1,-1|-1,-1|-1,-1|-1,-1|-1,-1|-1,-1|-1,-1|29,2|
........
#11111111111111
#assigned_pet=-1,-1,-1,-1,-1,-1,-1,-1,
#assigned_hub=4,6,7,1,3,2,0,0,
#moving_targetting_pos=16,16|26,6|26,16|6,16|16,6|6,26|6,6|29,30|
#setting_targetting_pos=-1,-1|-1,-1|-1,-1|-1,-1|-1,-1|-1,-1|-1,-1|29,2|
........
#11111111111111
#assigned_pet=-1,-1,-1,-1,-1,-1,-1,-1,
#assigned_hub=4,6,7,1,3,2,0,0,
#moving_targetting_pos=16,16|26,6|26,16|6,16|16,6|6,26|6,6|29,30|
#setting_targetting_pos=-1,-1|-1,-1|-1,-1|-1,-1|-1,-1|-1,-1|-1,-1|29,2|
........
#11111111111111
#assigned_pet=-1,-1,-1,-1,-1,-1,-1,-1,
#assigned_hub=4,6,7,1,3,2,0,0,
#moving_targetting_pos=16,16|26,6|26,16|6,16|16,6|6,26|6,6|29,30|
#setting_targetting_pos=-1,-1|-1,-1|-1,-1|-1,-1|-1,-1|-1,-1|-1,-1|29,2|
........
#11111111111111
#assigned_pet=-1,-1,-1,-1,-1,-1,-1,-1,
#assigned_hub=4,6,7,1,3,2,0,0,
#moving_targetting_pos=16,16|26,6|26,16|6,16|16,6|6,26|6,6|29,30|
#setting_targetting_pos=-1,-1|-1,-1|-1,-1|-1,-1|-1,-1|-1,-1|-1,-1|29,2|
........
#11111111111111
#assigned_pet=-1,-1,-1,-1,-1,-1,-1,-1,
#assigned_hub=4,6,7,1,3,2,0,0,
#moving_targetting_pos=16,16|26,6|26,16|6,16|16,6|6,26|6,6|29,30|
#setting_targetting_pos=-1,-1|-1,-1|-1,-1|-1,-1|-1,-1|-1,-1|-1,-1|29,2|
........
#11111111111111
#assigned_pet=-1,-1,-1,-1,-1,-1,-1,-1,
#assigned_hub=4,6,7,1,3,2,0,0,
#moving_targetting_pos=16,16|26,6|26,16|6,16|16,6|6,26|6,6|29,30|
#setting_targetting_pos=-1,-1|-1,-1|-1,-1|-1,-1|-1,-1|-1,-1|-1,-1|29,2|
........
#11111111111111
#assigned_pet=-1,-1,-1,-1,-1,-1,-1,-1,
#assigned_hub=4,6,7,1,3,2,0,0,
#moving_targetting_pos=16,16|26,6|26,16|6,16|16,6|6,26|6,6|29,30|
#setting_targetting_pos=-1,-1|-1,-1|-1,-1|-1,-1|-1,-1|-1,-1|-1,-1|29,2|
........
#11111111111111
#assigned_pet=-1,-1,-1,-1,-1,-1,-1,-1,
#assigned_hub=4,6,7,1,3,2,0,0,
#moving_targetting_pos=16,16|26,6|26,16|6,16|16,6|6,26|6,6|29,30|
#setting_targetting_pos=-1,-1|-1,-1|-1,-1|-1,-1|-1,-1|-1,-1|-1,-1|29,2|
........
#11111111111111
#assigned_pet=-1,-1,-1,-1,-1,-1,-1,-1,
#assigned_hub=4,6,7,1,3,2,0,0,
#moving_targetting_pos=16,16|26,6|26,16|6,16|16,6|6,26|6,6|29,30|
#setting_targetting_pos=-1,-1|-1,-1|-1,-1|-1,-1|-1,-1|-1,-1|-1,-1|29,2|
........
#11111111111111
#assigned_pet=-1,-1,-1,-1,-1,-1,-1,-1,
#assigned_hub=4,6,7,1,3,2,0,0,
#moving_targetting_pos=16,16|26,6|26,16|6,16|16,6|6,26|6,6|29,30|
#setting_targetting_pos=-1,-1|-1,-1|-1,-1|-1,-1|-1,-1|-1,-1|-1,-1|29,2|
........
#11111111111111
#assigned_pet=-1,-1,-1,-1,-1,-1,-1,-1,
#assigned_hub=4,6,7,1,3,2,0,0,
#moving_targetting_pos=16,16|26,6|26,16|6,16|16,6|6,26|6,6|29,30|
#setting_targetting_pos=-1,-1|-1,-1|-1,-1|-1,-1|-1,-1|-1,-1|-1,-1|29,2|
........
#11111111111111
#assigned_pet=-1,-1,-1,-1,-1,-1,-1,-1,
#assigned_hub=4,6,7,1,3,2,0,0,
#moving_targetting_pos=16,16|26,6|26,16|6,16|16,6|6,26|6,6|29,30|
#setting_targetting_pos=-1,-1|-1,-1|-1,-1|-1,-1|-1,-1|-1,-1|-1,-1|29,2|
........
#11111111111111
#assigned_pet=-1,-1,-1,-1,-1,-1,-1,-1,
#assigned_hub=4,6,7,1,3,2,0,0,
#moving_targetting_pos=16,16|26,6|26,16|6,16|16,6|6,26|6,6|29,30|
#setting_targetting_pos=-1,-1|-1,-1|-1,-1|-1,-1|-1,-1|-1,-1|-1,-1|29,2|
........
#11111111111111
#assigned_pet=-1,-1,-1,-1,-1,-1,-1,-1,
#assigned_hub=4,6,7,1,3,2,0,0,
#moving_targetting_pos=16,16|26,6|26,16|6,16|16,6|6,26|6,6|29,30|
#setting_targetting_pos=-1,-1|-1,-1|-1,-1|-1,-1|-1,-1|-1,-1|-1,-1|29,2|
........
#11111111111111
#assigned_pet=-1,-1,-1,-1,-1,-1,-1,-1,
#assigned_hub=4,6,7,1,3,2,0,0,
#moving_targetting_pos=16,16|26,6|26,16|6,16|16,6|6,26|6,6|29,30|
#setting_targetting_pos=-1,-1|-1,-1|-1,-1|-1,-1|-1,-1|-1,-1|-1,-1|29,2|
........
#11111111111111
#assigned_pet=-1,-1,-1,-1,-1,-1,-1,-1,
#assigned_hub=4,6,7,1,3,2,0,0,
#moving_targetting_pos=16,16|26,6|26,16|6,16|16,6|6,26|6,6|29,30|
#setting_targetting_pos=-1,-1|-1,-1|-1,-1|-1,-1|-1,-1|-1,-1|-1,-1|29,2|
........
#11111111111111
#assigned_pet=-1,-1,-1,-1,-1,-1,-1,-1,
#assigned_hub=4,6,7,1,3,2,0,0,
#moving_targetting_pos=16,16|26,6|26,16|6,16|16,6|6,26|6,6|29,30|
#setting_targetting_pos=-1,-1|-1,-1|-1,-1|-1,-1|-1,-1|-1,-1|-1,-1|29,2|
........
#11111111111111
#assigned_pet=-1,-1,-1,-1,-1,-1,-1,-1,
#assigned_hub=4,6,7,1,3,2,0,0,
#moving_targetting_pos=16,16|26,6|26,16|6,16|16,6|6,26|6,6|29,30|
#setting_targetting_pos=-1,-1|-1,-1|-1,-1|-1,-1|-1,-1|-1,-1|-1,-1|29,2|
........
#11111111111111
#assigned_pet=-1,-1,-1,-1,-1,-1,-1,-1,
#assigned_hub=4,6,7,1,3,2,0,0,
#moving_targetting_pos=16,16|26,6|26,16|6,16|16,6|6,26|6,6|29,30|
#setting_targetting_pos=-1,-1|-1,-1|-1,-1|-1,-1|-1,-1|-1,-1|-1,-1|29,2|
........
#11111111111111
#assigned_pet=-1,-1,-1,-1,-1,-1,-1,-1,
#assigned_hub=4,6,7,1,3,2,0,0,
#moving_targetting_pos=16,16|26,6|26,16|6,16|16,6|6,26|6,6|29,30|
#setting_targetting_pos=-1,-1|-1,-1|-1,-1|-1,-1|-1,-1|-1,-1|-1,-1|29,2|
........
#11111111111111
#assigned_pet=-1,-1,-1,-1,-1,-1,-1,-1,
#assigned_hub=4,6,7,1,3,2,0,0,
#moving_targetting_pos=16,16|26,6|26,16|6,16|16,6|6,26|6,6|29,30|
#setting_targetting_pos=-1,-1|-1,-1|-1,-1|-1,-1|-1,-1|-1,-1|-1,-1|29,2|
........
#11111111111111
#assigned_pet=-1,-1,-1,-1,-1,-1,-1,-1,
#assigned_hub=4,6,7,1,3,2,0,0,
#moving_targetting_pos=16,16|26,6|26,16|6,16|16,6|6,26|6,6|29,30|
#setting_targetting_pos=-1,-1|-1,-1|-1,-1|-1,-1|-1,-1|-1,-1|-1,-1|29,2|
........
#11111111111111
#assigned_pet=-1,-1,-1,-1,-1,-1,-1,-1,
#assigned_hub=4,6,7,1,3,2,0,0,
#moving_targetting_pos=16,16|26,6|26,16|6,16|16,6|6,26|6,6|29,30|
#setting_targetting_pos=-1,-1|-1,-1|-1,-1|-1,-1|-1,-1|-1,-1|-1,-1|29,2|
........
#11111111111111
#assigned_pet=-1,-1,-1,-1,-1,-1,-1,-1,
#assigned_hub=4,6,7,1,3,2,0,0,
#moving_targetting_pos=16,16|26,6|26,16|6,16|16,6|6,26|6,6|29,30|
#setting_targetting_pos=-1,-1|-1,-1|-1,-1|-1,-1|-1,-1|-1,-1|-1,-1|29,2|
........
#11111111111111
#assigned_pet=-1,-1,-1,-1,-1,-1,-1,-1,
#assigned_hub=4,6,7,1,3,2,0,0,
#moving_targetting_pos=16,16|26,6|26,16|6,16|16,6|6,26|6,6|29,30|
#setting_targetting_pos=-1,-1|-1,-1|-1,-1|-1,-1|-1,-1|-1,-1|-1,-1|29,2|
........
#11111111111111
#assigned_pet=-1,-1,-1,-1,-1,-1,-1,-1,
#assigned_hub=4,6,7,1,3,2,0,0,
#moving_targetting_pos=16,16|26,6|26,16|6,16|16,6|6,26|6,6|29,30|
#setting_targetting_pos=-1,-1|-1,-1|-1,-1|-1,-1|-1,-1|-1,-1|-1,-1|29,2|
........
#11111111111111
#assigned_pet=-1,-1,-1,-1,-1,-1,-1,-1,
#assigned_hub=4,6,7,1,3,2,0,0,
#moving_targetting_pos=16,16|26,6|26,16|6,16|16,6|6,26|6,6|29,30|
#setting_targetting_pos=-1,-1|-1,-1|-1,-1|-1,-1|-1,-1|-1,-1|-1,-1|29,2|
........
#11111111111111
#assigned_pet=-1,-1,-1,-1,-1,-1,-1,-1,
#assigned_hub=4,6,7,1,3,2,0,0,
#moving_targetting_pos=16,16|26,6|26,16|6,16|16,6|6,26|6,6|29,30|
#setting_targetting_pos=-1,-1|-1,-1|-1,-1|-1,-1|-1,-1|-1,-1|-1,-1|29,2|
........
#11111111111111
#assigned_pet=-1,-1,-1,-1,-1,-1,-1,-1,
#assigned_hub=4,6,7,1,3,2,0,0,
#moving_targetting_pos=16,16|26,6|26,16|6,16|16,6|6,26|6,6|29,30|
#setting_targetting_pos=-1,-1|-1,-1|-1,-1|-1,-1|-1,-1|-1,-1|-1,-1|29,2|
........
#11111111111111
#assigned_pet=-1,-1,-1,-1,-1,-1,-1,-1,
#assigned_hub=4,6,7,1,3,2,0,0,
#moving_targetting_pos=16,16|26,6|26,16|6,16|16,6|6,26|6,6|29,30|
#setting_targetting_pos=-1,-1|-1,-1|-1,-1|-1,-1|-1,-1|-1,-1|-1,-1|29,2|
........
#11111111111111
#assigned_pet=-1,-1,-1,-1,-1,-1,-1,-1,
#assigned_hub=4,6,7,1,3,2,0,0,
#moving_targetting_pos=16,16|26,6|26,16|6,16|16,6|6,26|6,6|29,30|
#setting_targetting_pos=-1,-1|-1,-1|-1,-1|-1,-1|-1,-1|-1,-1|-1,-1|29,2|
........
#11111111111111
#assigned_pet=-1,-1,-1,-1,-1,-1,-1,-1,
#assigned_hub=4,6,7,1,3,2,0,0,
#moving_targetting_pos=16,16|26,6|26,16|6,16|16,6|6,26|6,6|29,30|
#setting_targetting_pos=-1,-1|-1,-1|-1,-1|-1,-1|-1,-1|-1,-1|-1,-1|29,2|
........
#11111111111111
#assigned_pet=-1,-1,-1,-1,-1,-1,-1,-1,
#assigned_hub=4,6,7,1,3,2,0,0,
#moving_targetting_pos=16,16|26,6|26,16|6,16|16,6|6,26|6,6|29,30|
#setting_targetting_pos=-1,-1|-1,-1|-1,-1|-1,-1|-1,-1|-1,-1|-1,-1|29,2|
........
#11111111111111
#assigned_pet=-1,-1,-1,-1,-1,-1,-1,-1,
#assigned_hub=4,6,7,1,3,2,0,0,
#moving_targetting_pos=16,16|26,6|26,16|6,16|16,6|6,26|6,6|29,30|
#setting_targetting_pos=-1,-1|-1,-1|-1,-1|-1,-1|-1,-1|-1,-1|-1,-1|29,2|
........
#11111111111111
#assigned_pet=-1,-1,-1,-1,-1,-1,-1,-1,
#assigned_hub=4,6,7,1,3,2,0,0,
#moving_targetting_pos=16,16|26,6|26,16|6,16|16,6|6,26|6,6|29,30|
#setting_targetting_pos=-1,-1|-1,-1|-1,-1|-1,-1|-1,-1|-1,-1|-1,-1|29,2|
........
#11111111111111
#assigned_pet=-1,-1,-1,-1,-1,-1,-1,-1,
#assigned_hub=4,6,7,1,3,2,0,0,
#moving_targetting_pos=16,16|26,6|26,16|6,16|16,6|6,26|6,6|29,30|
#setting_targetting_pos=-1,-1|-1,-1|-1,-1|-1,-1|-1,-1|-1,-1|-1,-1|29,2|
........
#11111111111111
#assigned_pet=-1,-1,-1,-1,-1,-1,-1,-1,
#assigned_hub=4,6,7,1,3,2,0,0,
#moving_targetting_pos=16,16|26,6|26,16|6,16|16,6|6,26|6,6|29,30|
#setting_targetting_pos=-1,-1|-1,-1|-1,-1|-1,-1|-1,-1|-1,-1|-1,-1|29,2|
........
#11111111111111
#assigned_pet=-1,-1,-1,-1,-1,-1,-1,-1,
#assigned_hub=4,6,7,1,3,2,0,0,
#moving_targetting_pos=16,16|26,6|26,16|6,16|16,6|6,26|6,6|29,30|
#setting_targetting_pos=-1,-1|-1,-1|-1,-1|-1,-1|-1,-1|-1,-1|-1,-1|29,2|
........
#11111111111111
#assigned_pet=-1,-1,-1,-1,-1,-1,-1,-1,
#assigned_hub=4,6,7,1,3,2,0,0,
#moving_targetting_pos=16,16|26,6|26,16|6,16|16,6|6,26|6,6|29,30|
#setting_targetting_pos=-1,-1|-1,-1|-1,-1|-1,-1|-1,-1|-1,-1|-1,-1|29,2|
........
#11111111111111
#assigned_pet=-1,-1,-1,-1,-1,-1,-1,-1,
#assigned_hub=4,6,7,1,3,2,0,0,
#moving_targetting_pos=16,16|26,6|26,16|6,16|16,6|6,26|6,6|29,30|
#setting_targetting_pos=-1,-1|-1,-1|-1,-1|-1,-1|-1,-1|-1,-1|-1,-1|29,2|
........
#11111111111111
#assigned_pet=-1,-1,-1,-1,-1,-1,-1,-1,
#assigned_hub=4,6,7,1,3,2,0,0,
#moving_targetting_pos=16,16|26,6|26,16|6,16|16,6|6,26|6,6|29,30|
#setting_targetting_pos=-1,-1|-1,-1|-1,-1|-1,-1|-1,-1|-1,-1|-1,-1|29,2|
........
#11111111111111
#assigned_pet=-1,-1,-1,-1,-1,-1,-1,-1,
#assigned_hub=4,6,7,1,3,2,0,0,
#moving_targetting_pos=16,16|26,6|26,16|6,16|16,6|6,26|6,6|29,30|
#setting_targetting_pos=-1,-1|-1,-1|-1,-1|-1,-1|-1,-1|-1,-1|-1,-1|29,2|
........
#11111111111111
#assigned_pet=-1,-1,-1,-1,-1,-1,-1,-1,
#assigned_hub=4,6,7,1,3,2,0,0,
#moving_targetting_pos=16,16|26,6|26,16|6,16|16,6|6,26|6,6|29,30|
#setting_targetting_pos=-1,-1|-1,-1|-1,-1|-1,-1|-1,-1|-1,-1|-1,-1|29,2|
........
#11111111111111
#assigned_pet=-1,-1,-1,-1,-1,-1,-1,-1,
#assigned_hub=4,6,7,1,3,2,0,0,
#moving_targetting_pos=16,16|26,6|26,16|6,16|16,6|6,26|6,6|29,30|
#setting_targetting_pos=-1,-1|-1,-1|-1,-1|-1,-1|-1,-1|-1,-1|-1,-1|29,2|
........
#11111111111111
#assigned_pet=-1,-1,-1,-1,-1,-1,-1,-1,
#assigned_hub=4,6,7,1,3,2,0,0,
#moving_targetting_pos=16,16|26,6|26,16|6,16|16,6|6,26|6,6|29,30|
#setting_targetting_pos=-1,-1|-1,-1|-1,-1|-1,-1|-1,-1|-1,-1|-1,-1|29,2|
........
#11111111111111
#assigned_pet=-1,-1,-1,-1,-1,-1,-1,-1,
#assigned_hub=4,6,7,1,3,2,0,0,
#moving_targetting_pos=16,16|26,6|26,16|6,16|16,6|6,26|6,6|29,30|
#setting_targetting_pos=-1,-1|-1,-1|-1,-1|-1,-1|-1,-1|-1,-1|-1,-1|29,2|
........
#11111111111111
#assigned_pet=-1,-1,-1,-1,-1,-1,-1,-1,
#assigned_hub=4,6,7,1,3,2,0,0,
#moving_targetting_pos=16,16|26,6|26,16|6,16|16,6|6,26|6,6|29,30|
#setting_targetting_pos=-1,-1|-1,-1|-1,-1|-1,-1|-1,-1|-1,-1|-1,-1|29,2|
........
#11111111111111
#assigned_pet=-1,-1,-1,-1,-1,-1,-1,-1,
#assigned_hub=4,6,7,1,3,2,0,0,
#moving_targetting_pos=16,16|26,6|26,16|6,16|16,6|6,26|6,6|29,30|
#setting_targetting_pos=-1,-1|-1,-1|-1,-1|-1,-1|-1,-1|-1,-1|-1,-1|29,2|
........
#11111111111111
#assigned_pet=-1,-1,-1,-1,-1,-1,-1,-1,
#assigned_hub=4,6,7,1,3,2,0,0,
#moving_targetting_pos=16,16|26,6|26,16|6,16|16,6|6,26|6,6|29,30|
#setting_targetting_pos=-1,-1|-1,-1|-1,-1|-1,-1|-1,-1|-1,-1|-1,-1|29,2|
........
#11111111111111
#assigned_pet=-1,-1,-1,-1,-1,-1,-1,-1,
#assigned_hub=4,6,7,1,3,2,0,0,
#moving_targetting_pos=16,16|26,6|26,16|6,16|16,6|6,26|6,6|29,30|
#setting_targetting_pos=-1,-1|-1,-1|-1,-1|-1,-1|-1,-1|-1,-1|-1,-1|29,2|
........
#11111111111111
#assigned_pet=-1,-1,-1,-1,-1,-1,-1,-1,
#assigned_hub=4,6,7,1,3,2,0,0,
#moving_targetting_pos=16,16|26,6|26,16|6,16|16,6|6,26|6,6|29,30|
#setting_targetting_pos=-1,-1|-1,-1|-1,-1|-1,-1|-1,-1|-1,-1|-1,-1|29,2|
........
#11111111111111
#assigned_pet=-1,-1,-1,-1,-1,-1,-1,-1,
#assigned_hub=4,6,7,1,3,2,0,0,
#moving_targetting_pos=16,16|26,6|26,16|6,16|16,6|6,26|6,6|29,30|
#setting_targetting_pos=-1,-1|-1,-1|-1,-1|-1,-1|-1,-1|-1,-1|-1,-1|29,2|
........
#11111111111111
#assigned_pet=-1,-1,-1,-1,-1,-1,-1,-1,
#assigned_hub=4,6,7,1,3,2,0,0,
#moving_targetting_pos=16,16|26,6|26,16|6,16|16,6|6,26|6,6|29,30|
#setting_targetting_pos=-1,-1|-1,-1|-1,-1|-1,-1|-1,-1|-1,-1|-1,-1|29,2|
........
#11111111111111
#assigned_pet=-1,-1,-1,-1,-1,-1,-1,-1,
#assigned_hub=4,6,7,1,3,2,0,0,
#moving_targetting_pos=16,16|26,6|26,16|6,16|16,6|6,26|6,6|29,30|
#setting_targetting_pos=-1,-1|-1,-1|-1,-1|-1,-1|-1,-1|-1,-1|-1,-1|29,2|
........
#11111111111111
#assigned_pet=-1,-1,-1,-1,-1,-1,-1,-1,
#assigned_hub=4,6,7,1,3,2,0,0,
#moving_targetting_pos=16,16|26,6|26,16|6,16|16,6|6,26|6,6|29,30|
#setting_targetting_pos=-1,-1|-1,-1|-1,-1|-1,-1|-1,-1|-1,-1|-1,-1|29,2|
........
#11111111111111
#assigned_pet=-1,-1,-1,-1,-1,-1,-1,-1,
#assigned_hub=4,6,7,1,3,2,0,0,
#moving_targetting_pos=16,16|26,6|26,16|6,16|16,6|6,26|6,6|29,30|
#setting_targetting_pos=-1,-1|-1,-1|-1,-1|-1,-1|-1,-1|-1,-1|-1,-1|29,2|
........
#11111111111111
#assigned_pet=-1,-1,-1,-1,-1,-1,-1,-1,
#assigned_hub=4,6,7,1,3,2,0,0,
#moving_targetting_pos=16,16|26,6|26,16|6,16|16,6|6,26|6,6|29,30|
#setting_targetting_pos=-1,-1|-1,-1|-1,-1|-1,-1|-1,-1|-1,-1|-1,-1|29,2|
........
#11111111111111
#assigned_pet=-1,-1,-1,-1,-1,-1,-1,-1,
#assigned_hub=4,6,7,1,3,2,0,0,
#moving_targetting_pos=16,16|26,6|26,16|6,16|16,6|6,26|6,6|29,30|
#setting_targetting_pos=-1,-1|-1,-1|-1,-1|-1,-1|-1,-1|-1,-1|-1,-1|29,2|
........
#11111111111111
#assigned_pet=-1,-1,-1,-1,-1,-1,-1,-1,
#assigned_hub=4,6,7,1,3,2,0,0,
#moving_targetting_pos=16,16|26,6|26,16|6,16|16,6|6,26|6,6|29,30|
#setting_targetting_pos=-1,-1|-1,-1|-1,-1|-1,-1|-1,-1|-1,-1|-1,-1|29,2|
........
#11111111111111
#assigned_pet=-1,-1,-1,-1,-1,-1,-1,-1,
#assigned_hub=4,6,7,1,3,2,0,0,
#moving_targetting_pos=16,16|26,6|26,16|6,16|16,6|6,26|6,6|29,30|
#setting_targetting_pos=-1,-1|-1,-1|-1,-1|-1,-1|-1,-1|-1,-1|-1,-1|29,2|
........
#11111111111111
#assigned_pet=-1,-1,-1,-1,-1,-1,-1,-1,
#assigned_hub=4,6,7,1,3,2,0,0,
#moving_targetting_pos=16,16|26,6|26,16|6,16|16,6|6,26|6,6|29,30|
#setting_targetting_pos=-1,-1|-1,-1|-1,-1|-1,-1|-1,-1|-1,-1|-1,-1|29,2|
........
#11111111111111
#assigned_pet=-1,-1,-1,-1,-1,-1,-1,-1,
#assigned_hub=4,6,7,1,3,2,0,0,
#moving_targetting_pos=16,16|26,6|26,16|6,16|16,6|6,26|6,6|29,30|
#setting_targetting_pos=-1,-1|-1,-1|-1,-1|-1,-1|-1,-1|-1,-1|-1,-1|29,2|
........
#11111111111111
#assigned_pet=-1,-1,-1,-1,-1,-1,-1,-1,
#assigned_hub=4,6,7,1,3,2,0,0,
#moving_targetting_pos=16,16|26,6|26,16|6,16|16,6|6,26|6,6|29,30|
#setting_targetting_pos=-1,-1|-1,-1|-1,-1|-1,-1|-1,-1|-1,-1|-1,-1|29,2|
........
#11111111111111
#assigned_pet=-1,-1,-1,-1,-1,-1,-1,-1,
#assigned_hub=4,6,7,1,3,2,0,0,
#moving_targetting_pos=16,16|26,6|26,16|6,16|16,6|6,26|6,6|29,30|
#setting_targetting_pos=-1,-1|-1,-1|-1,-1|-1,-1|-1,-1|-1,-1|-1,-1|29,2|
........
#11111111111111
#assigned_pet=-1,-1,-1,-1,-1,-1,-1,-1,
#assigned_hub=4,6,7,1,3,2,0,0,
#moving_targetting_pos=16,16|26,6|26,16|6,16|16,6|6,26|6,6|29,30|
#setting_targetting_pos=-1,-1|-1,-1|-1,-1|-1,-1|-1,-1|-1,-1|-1,-1|29,2|
........
#11111111111111
#assigned_pet=-1,-1,-1,-1,-1,-1,-1,-1,
#assigned_hub=4,6,7,1,3,2,0,0,
#moving_targetting_pos=16,16|26,6|26,16|6,16|16,6|6,26|6,6|29,30|
#setting_targetting_pos=-1,-1|-1,-1|-1,-1|-1,-1|-1,-1|-1,-1|-1,-1|29,2|
........
#11111111111111
#assigned_pet=-1,-1,-1,-1,-1,-1,-1,-1,
#assigned_hub=4,6,7,1,3,2,0,0,
#moving_targetting_pos=16,16|26,6|26,16|6,16|16,6|6,26|6,6|29,30|
#setting_targetting_pos=-1,-1|-1,-1|-1,-1|-1,-1|-1,-1|-1,-1|-1,-1|29,2|
........
#11111111111111
#assigned_pet=-1,-1,-1,-1,-1,-1,-1,-1,
#assigned_hub=4,6,7,1,3,2,0,0,
#moving_targetting_pos=16,16|26,6|26,16|6,16|16,6|6,26|6,6|29,30|
#setting_targetting_pos=-1,-1|-1,-1|-1,-1|-1,-1|-1,-1|-1,-1|-1,-1|29,2|
........
#11111111111111
#assigned_pet=-1,-1,-1,-1,-1,-1,-1,-1,
#assigned_hub=4,6,7,1,3,2,0,0,
#moving_targetting_pos=16,16|26,6|26,16|6,16|16,6|6,26|6,6|29,30|
#setting_targetting_pos=-1,-1|-1,-1|-1,-1|-1,-1|-1,-1|-1,-1|-1,-1|29,2|
........
#11111111111111
#assigned_pet=-1,-1,-1,-1,-1,-1,-1,-1,
#assigned_hub=4,6,7,1,3,2,0,0,
#moving_targetting_pos=16,16|26,6|26,16|6,16|16,6|6,26|6,6|29,30|
#setting_targetting_pos=-1,-1|-1,-1|-1,-1|-1,-1|-1,-1|-1,-1|-1,-1|29,2|
........
#11111111111111
#assigned_pet=-1,-1,-1,-1,-1,-1,-1,-1,
#assigned_hub=4,6,7,1,3,2,0,0,
#moving_targetting_pos=16,16|26,6|26,16|6,16|16,6|6,26|6,6|29,30|
#setting_targetting_pos=-1,-1|-1,-1|-1,-1|-1,-1|-1,-1|-1,-1|-1,-1|29,2|
........
#11111111111111
#assigned_pet=-1,-1,-1,-1,-1,-1,-1,-1,
#assigned_hub=4,6,7,1,3,2,0,0,
#moving_targetting_pos=16,16|26,6|26,16|6,16|16,6|6,26|6,6|29,30|
#setting_targetting_pos=-1,-1|-1,-1|-1,-1|-1,-1|-1,-1|-1,-1|-1,-1|29,2|
........
#11111111111111
#assigned_pet=-1,-1,-1,-1,-1,-1,-1,-1,
#assigned_hub=4,6,7,1,3,2,0,0,
#moving_targetting_pos=16,16|26,6|26,16|6,16|16,6|6,26|6,6|29,30|
#setting_targetting_pos=-1,-1|-1,-1|-1,-1|-1,-1|-1,-1|-1,-1|-1,-1|29,2|
........
#11111111111111
#assigned_pet=-1,-1,-1,-1,-1,-1,-1,-1,
#assigned_hub=4,6,7,1,3,2,0,0,
#moving_targetting_pos=16,16|26,6|26,16|6,16|16,6|6,26|6,6|29,30|
#setting_targetting_pos=-1,-1|-1,-1|-1,-1|-1,-1|-1,-1|-1,-1|-1,-1|29,2|
........
#11111111111111
#assigned_pet=-1,-1,-1,-1,-1,-1,-1,-1,
#assigned_hub=4,6,7,1,3,2,0,0,
#moving_targetting_pos=16,16|26,6|26,16|6,16|16,6|6,26|6,6|29,30|
#setting_targetting_pos=-1,-1|-1,-1|-1,-1|-1,-1|-1,-1|-1,-1|-1,-1|29,2|
........
#11111111111111
#assigned_pet=-1,-1,-1,-1,-1,-1,-1,-1,
#assigned_hub=4,6,7,1,3,2,0,0,
#moving_targetting_pos=16,16|26,6|26,16|6,16|16,6|6,26|6,6|29,30|
#setting_targetting_pos=-1,-1|-1,-1|-1,-1|-1,-1|-1,-1|-1,-1|-1,-1|29,2|
........
#11111111111111
#assigned_pet=-1,-1,-1,-1,-1,-1,-1,-1,
#assigned_hub=4,6,7,1,3,2,0,0,
#moving_targetting_pos=16,16|26,6|26,16|6,16|16,6|6,26|6,6|29,30|
#setting_targetting_pos=-1,-1|-1,-1|-1,-1|-1,-1|-1,-1|-1,-1|-1,-1|29,2|
........
#11111111111111
#assigned_pet=-1,-1,-1,-1,-1,-1,-1,-1,
#assigned_hub=4,6,7,1,3,2,0,0,
#moving_targetting_pos=16,16|26,6|26,16|6,16|16,6|6,26|6,6|29,30|
#setting_targetting_pos=-1,-1|-1,-1|-1,-1|-1,-1|-1,-1|-1,-1|-1,-1|29,2|
........
#11111111111111
#assigned_pet=-1,-1,-1,-1,-1,-1,-1,-1,
#assigned_hub=4,6,7,1,3,2,0,0,
#moving_targetting_pos=16,16|26,6|26,16|6,16|16,6|6,26|6,6|29,30|
#setting_targetting_pos=-1,-1|-1,-1|-1,-1|-1,-1|-1,-1|-1,-1|-1,-1|29,2|
........
#11111111111111
#assigned_pet=-1,-1,-1,-1,-1,-1,-1,-1,
#assigned_hub=4,6,7,1,3,2,0,0,
#moving_targetting_pos=16,16|26,6|26,16|6,16|16,6|6,26|6,6|29,30|
#setting_targetting_pos=-1,-1|-1,-1|-1,-1|-1,-1|-1,-1|-1,-1|-1,-1|29,2|
........
#11111111111111
#assigned_pet=-1,-1,-1,-1,-1,-1,-1,-1,
#assigned_hub=4,6,7,1,3,2,0,0,
#moving_targetting_pos=16,16|26,6|26,16|6,16|16,6|6,26|6,6|29,30|
#setting_targetting_pos=-1,-1|-1,-1|-1,-1|-1,-1|-1,-1|-1,-1|-1,-1|29,2|
........
#11111111111111
#assigned_pet=-1,-1,-1,-1,-1,-1,-1,-1,
#assigned_hub=4,6,7,1,3,2,0,0,
#moving_targetting_pos=16,16|26,6|26,16|6,16|16,6|6,26|6,6|29,30|
#setting_targetting_pos=-1,-1|-1,-1|-1,-1|-1,-1|-1,-1|-1,-1|-1,-1|29,2|
........
#11111111111111
#assigned_pet=-1,-1,-1,-1,-1,-1,-1,-1,
#assigned_hub=4,6,7,1,3,2,0,0,
#moving_targetting_pos=16,16|26,6|26,16|6,16|16,6|6,26|6,6|29,30|
#setting_targetting_pos=-1,-1|-1,-1|-1,-1|-1,-1|-1,-1|-1,-1|-1,-1|29,2|
........
#11111111111111
#assigned_pet=-1,-1,-1,-1,-1,-1,-1,-1,
#assigned_hub=4,6,7,1,3,2,0,0,
#moving_targetting_pos=16,16|26,6|26,16|6,16|16,6|6,26|6,6|29,30|
#setting_targetting_pos=-1,-1|-1,-1|-1,-1|-1,-1|-1,-1|-1,-1|-1,-1|29,2|
........
#11111111111111
#assigned_pet=-1,-1,-1,-1,-1,-1,-1,-1,
#assigned_hub=4,6,7,1,3,2,0,0,
#moving_targetting_pos=16,16|26,6|26,16|6,16|16,6|6,26|6,6|29,30|
#setting_targetting_pos=-1,-1|-1,-1|-1,-1|-1,-1|-1,-1|-1,-1|-1,-1|29,2|
........
#11111111111111
#assigned_pet=-1,-1,-1,-1,-1,-1,-1,-1,
#assigned_hub=4,6,7,1,3,2,0,0,
#moving_targetting_pos=16,16|26,6|26,16|6,16|16,6|6,26|6,6|29,30|
#setting_targetting_pos=-1,-1|-1,-1|-1,-1|-1,-1|-1,-1|-1,-1|-1,-1|29,2|
........
#11111111111111
#assigned_pet=-1,-1,-1,-1,-1,-1,-1,-1,
#assigned_hub=4,6,7,1,3,2,0,0,
#moving_targetting_pos=16,16|26,6|26,16|6,16|16,6|6,26|6,6|29,30|
#setting_targetting_pos=-1,-1|-1,-1|-1,-1|-1,-1|-1,-1|-1,-1|-1,-1|29,2|
........
#11111111111111
#assigned_pet=-1,-1,-1,-1,-1,-1,-1,-1,
#assigned_hub=4,6,7,1,3,2,0,0,
#moving_targetting_pos=16,16|26,6|26,16|6,16|16,6|6,26|6,6|29,30|
#setting_targetting_pos=-1,-1|-1,-1|-1,-1|-1,-1|-1,-1|-1,-1|-1,-1|29,2|
........
#11111111111111
#assigned_pet=-1,-1,-1,-1,-1,-1,-1,-1,
#assigned_hub=4,6,7,1,3,2,0,0,
#moving_targetting_pos=16,16|26,6|26,16|6,16|16,6|6,26|6,6|29,30|
#setting_targetting_pos=-1,-1|-1,-1|-1,-1|-1,-1|-1,-1|-1,-1|-1,-1|29,2|
........
#11111111111111
#assigned_pet=-1,-1,-1,-1,-1,-1,-1,-1,
#assigned_hub=4,6,7,1,3,2,0,0,
#moving_targetting_pos=16,16|26,6|26,16|6,16|16,6|6,26|6,6|29,30|
#setting_targetting_pos=-1,-1|-1,-1|-1,-1|-1,-1|-1,-1|-1,-1|-1,-1|29,2|
........
#11111111111111
#assigned_pet=-1,-1,-1,-1,-1,-1,-1,-1,
#assigned_hub=4,6,7,1,3,2,0,0,
#moving_targetting_pos=16,16|26,6|26,16|6,16|16,6|6,26|6,6|29,30|
#setting_targetting_pos=-1,-1|-1,-1|-1,-1|-1,-1|-1,-1|-1,-1|-1,-1|29,2|
........
#11111111111111
#assigned_pet=-1,-1,-1,-1,-1,-1,-1,-1,
#assigned_hub=4,6,7,1,3,2,0,0,
#moving_targetting_pos=16,16|26,6|26,16|6,16|16,6|6,26|6,6|29,30|
#setting_targetting_pos=-1,-1|-1,-1|-1,-1|-1,-1|-1,-1|-1,-1|-1,-1|29,2|
........
#11111111111111
#assigned_pet=-1,-1,-1,-1,-1,-1,-1,-1,
#assigned_hub=4,6,7,1,3,2,0,0,
#moving_targetting_pos=16,16|26,6|26,16|6,16|16,6|6,26|6,6|29,30|
#setting_targetting_pos=-1,-1|-1,-1|-1,-1|-1,-1|-1,-1|-1,-1|-1,-1|29,2|
........
#11111111111111
#assigned_pet=-1,-1,-1,-1,-1,-1,-1,-1,
#assigned_hub=4,6,7,1,3,2,0,0,
#moving_targetting_pos=16,16|26,6|26,16|6,16|16,6|6,26|6,6|29,30|
#setting_targetting_pos=-1,-1|-1,-1|-1,-1|-1,-1|-1,-1|-1,-1|-1,-1|29,2|
........
#11111111111111
#assigned_pet=-1,-1,-1,-1,-1,-1,-1,-1,
#assigned_hub=4,6,7,1,3,2,0,0,
#moving_targetting_pos=16,16|26,6|26,16|6,16|16,6|6,26|6,6|29,30|
#setting_targetting_pos=-1,-1|-1,-1|-1,-1|-1,-1|-1,-1|-1,-1|-1,-1|29,2|
........
#11111111111111
#assigned_pet=-1,-1,-1,-1,-1,-1,-1,-1,
#assigned_hub=4,6,7,1,3,2,0,0,
#moving_targetting_pos=16,16|26,6|26,16|6,16|16,6|6,26|6,6|29,30|
#setting_targetting_pos=-1,-1|-1,-1|-1,-1|-1,-1|-1,-1|-1,-1|-1,-1|29,2|
........
#11111111111111
#assigned_pet=-1,-1,-1,-1,-1,-1,-1,-1,
#assigned_hub=4,6,7,1,3,2,0,0,
#moving_targetting_pos=16,16|26,6|26,16|6,16|16,6|6,26|6,6|29,30|
#setting_targetting_pos=-1,-1|-1,-1|-1,-1|-1,-1|-1,-1|-1,-1|-1,-1|29,2|
........
#11111111111111
#assigned_pet=-1,-1,-1,-1,-1,-1,-1,-1,
#assigned_hub=4,6,7,1,3,2,0,0,
#moving_targetting_pos=16,16|26,6|26,16|6,16|16,6|6,26|6,6|29,30|
#setting_targetting_pos=-1,-1|-1,-1|-1,-1|-1,-1|-1,-1|-1,-1|-1,-1|29,2|
........
#11111111111111
#assigned_pet=-1,-1,-1,-1,-1,-1,-1,-1,
#assigned_hub=4,6,7,1,3,2,0,0,
#moving_targetting_pos=16,16|26,6|26,16|6,16|16,6|6,26|6,6|29,30|
#setting_targetting_pos=-1,-1|-1,-1|-1,-1|-1,-1|-1,-1|-1,-1|-1,-1|29,2|
........
#11111111111111
#assigned_pet=-1,-1,-1,-1,-1,-1,-1,-1,
#assigned_hub=4,6,7,1,3,2,0,0,
#moving_targetting_pos=16,16|26,6|26,16|6,16|16,6|6,26|6,6|29,30|
#setting_targetting_pos=-1,-1|-1,-1|-1,-1|-1,-1|-1,-1|-1,-1|-1,-1|29,2|
........
#11111111111111
#assigned_pet=-1,-1,-1,-1,-1,-1,-1,-1,
#assigned_hub=4,6,7,1,3,2,0,0,
#moving_targetting_pos=16,16|26,6|26,16|6,16|16,6|6,26|6,6|29,30|
#setting_targetting_pos=-1,-1|-1,-1|-1,-1|-1,-1|-1,-1|-1,-1|-1,-1|29,2|
........
#11111111111111
#assigned_pet=-1,-1,-1,-1,-1,-1,-1,-1,
#assigned_hub=4,6,7,1,3,2,0,0,
#moving_targetting_pos=16,16|26,6|26,16|6,16|16,6|6,26|6,6|29,30|
#setting_targetting_pos=-1,-1|-1,-1|-1,-1|-1,-1|-1,-1|-1,-1|-1,-1|29,2|
........
#11111111111111
#assigned_pet=-1,-1,-1,-1,-1,-1,-1,-1,
#assigned_hub=4,6,7,1,3,2,0,0,
#moving_targetting_pos=16,16|26,6|26,16|6,16|16,6|6,26|6,6|29,30|
#setting_targetting_pos=-1,-1|-1,-1|-1,-1|-1,-1|-1,-1|-1,-1|-1,-1|29,2|
........
#11111111111111
#assigned_pet=-1,-1,-1,-1,-1,-1,-1,-1,
#assigned_hub=4,6,7,1,3,2,0,0,
#moving_targetting_pos=16,16|26,6|26,16|6,16|16,6|6,26|6,6|29,30|
#setting_targetting_pos=-1,-1|-1,-1|-1,-1|-1,-1|-1,-1|-1,-1|-1,-1|29,2|
........
#11111111111111
#assigned_pet=-1,-1,-1,-1,-1,-1,-1,-1,
#assigned_hub=4,6,7,1,3,2,0,0,
#moving_targetting_pos=16,16|26,6|26,16|6,16|16,6|6,26|6,6|29,30|
#setting_targetting_pos=-1,-1|-1,-1|-1,-1|-1,-1|-1,-1|-1,-1|-1,-1|29,2|
........
#11111111111111
#assigned_pet=-1,-1,-1,-1,-1,-1,-1,-1,
#assigned_hub=4,6,7,1,3,2,0,0,
#moving_targetting_pos=16,16|26,6|26,16|6,16|16,6|6,26|6,6|29,30|
#setting_targetting_pos=-1,-1|-1,-1|-1,-1|-1,-1|-1,-1|-1,-1|-1,-1|29,2|
........
