#00000000000000000000
#assigned_pet=-1,-1,-1,-1,-1,-1,-1,-1,
#assigned_hub=0,0,0,0,0,0,0,0,
#moving_targetting_pos=5,1|2,29|25,1|9,30|29,2|12,1|15,1|19,30|
#setting_targetting_pos=5,30|2,1|25,30|9,2|29,30|12,29|15,30|19,2|
LRLRLLLR
#00000000000000000000
#assigned_pet=-1,-1,-1,-1,-1,-1,-1,-1,
#assigned_hub=0,0,0,0,0,0,0,0,
#moving_targetting_pos=5,1|2,29|25,1|9,30|29,2|12,1|15,1|19,30|
#setting_targetting_pos=5,30|2,1|25,30|9,2|29,30|12,29|15,30|19,2|
LRLRLLLR
#00000000000000000000
#assigned_pet=-1,-1,-1,-1,-1,-1,-1,-1,
#assigned_hub=0,0,0,0,0,0,0,0,
#moving_targetting_pos=5,1|2,29|25,1|9,30|29,2|12,1|15,1|19,30|
#setting_targetting_pos=5,30|2,1|25,30|9,2|29,30|12,29|15,30|19,2|
LRLdLDLR
#00000000000000000000
#assigned_pet=-1,-1,-1,-1,-1,-1,-1,-1,
#assigned_hub=0,0,0,0,0,0,0,0,
#moving_targetting_pos=5,1|2,29|25,1|9,30|29,2|12,1|15,1|19,30|
#setting_targetting_pos=5,30|2,1|25,30|9,2|29,30|12,29|15,30|19,2|
LRLLL.LD
#00000000000000000000
#assigned_pet=-1,-1,-1,-1,-1,-1,-1,-1,
#assigned_hub=0,0,0,0,0,0,0,0,
#moving_targetting_pos=5,1|2,29|25,1|9,30|29,2|12,1|15,1|19,30|
#setting_targetting_pos=5,30|2,1|25,30|9,2|29,30|12,29|15,30|19,2|
LRLLL.LD
#00000000000000000000
#assigned_pet=-1,-1,-1,-1,-1,-1,-1,-1,
#assigned_hub=0,0,0,0,0,0,0,0,
#moving_targetting_pos=5,1|2,29|25,1|9,30|29,2|12,1|15,1|19,30|
#setting_targetting_pos=5,30|2,1|25,30|9,2|29,30|12,29|15,30|19,2|
LULrL.LR
#00000000000000000000
#assigned_pet=-1,-1,-1,-1,-1,-1,-1,-1,
#assigned_hub=0,0,0,0,0,0,0,0,
#moving_targetting_pos=5,1|2,29|25,1|9,30|29,2|12,1|15,1|19,30|
#setting_targetting_pos=5,30|2,1|25,30|9,2|29,30|12,29|15,30|19,2|
LULuL.LD
#00000000000000000000
#assigned_pet=-1,-1,-1,-1,-1,-1,-1,-1,
#assigned_hub=0,0,0,0,0,0,0,0,
#moving_targetting_pos=5,1|2,29|25,1|9,30|29,2|12,1|15,1|19,30|
#setting_targetting_pos=5,30|2,1|25,30|9,2|29,30|12,29|15,30|19,2|
LULLL.LD
#00000000000000000000
#assigned_pet=-1,-1,-1,-1,-1,-1,-1,-1,
#assigned_hub=0,0,0,0,0,0,0,0,
#moving_targetting_pos=5,1|2,29|25,1|9,30|29,2|12,1|15,1|19,30|
#setting_targetting_pos=5,30|2,1|25,30|9,2|29,30|12,29|15,30|19,2|
DrLLL.LD
#00000000000000000000
#assigned_pet=-1,-1,-1,-1,-1,-1,-1,-1,
#assigned_hub=0,0,0,0,0,0,0,0,
#moving_targetting_pos=5,1|2,29|25,1|9,30|29,2|12,1|15,1|19,30|
#setting_targetting_pos=5,30|2,1|25,30|9,2|29,30|12,29|15,30|19,2|
ddLdL.LD
#00000000000000000000
#assigned_pet=-1,-1,-1,-1,-1,-1,-1,-1,
#assigned_hub=0,0,0,0,0,0,0,0,
#moving_targetting_pos=5,1|2,29|25,1|9,30|29,2|12,1|15,1|19,30|
#setting_targetting_pos=5,30|2,1|25,30|9,2|29,30|12,29|15,30|19,2|
RLLLLuLD
#00000000000000000000
#assigned_pet=-1,-1,-1,-1,-1,-1,-1,-1,
#assigned_hub=0,0,0,0,0,0,0,0,
#moving_targetting_pos=5,1|2,29|25,1|9,30|29,2|12,1|15,1|19,30|
#setting_targetting_pos=5,30|2,1|25,30|9,2|29,30|12,29|15,30|19,2|
dLLrLRLD
#00000000000000000000
#assigned_pet=-1,-1,-1,-1,-1,-1,-1,-1,
#assigned_hub=0,0,0,0,0,0,0,0,
#moving_targetting_pos=5,1|2,29|25,1|9,30|29,2|12,1|15,1|19,30|
#setting_targetting_pos=5,30|2,1|25,30|9,2|29,30|12,29|15,30|19,2|
RLLLDRLD
#00000000000000000000
#assigned_pet=-1,-1,-1,-1,-1,-1,-1,-1,
#assigned_hub=0,0,0,0,0,0,0,0,
#moving_targetting_pos=5,1|2,29|25,1|9,30|29,2|12,1|15,1|19,30|
#setting_targetting_pos=5,30|2,1|25,30|9,2|29,30|12,29|15,30|19,2|
ddUuDlDD
#00000000000000000000
#assigned_pet=-1,-1,-1,-1,-1,-1,-1,-1,
#assigned_hub=0,0,0,0,0,0,0,0,
#moving_targetting_pos=5,1|2,29|25,1|9,30|29,2|12,1|15,1|19,30|
#setting_targetting_pos=5,30|2,1|25,30|9,2|29,30|12,29|15,30|19,2|
RudLd.Rd
#00000000000000000000
#assigned_pet=-1,-1,-1,-1,-1,-1,-1,-1,
#assigned_hub=0,0,0,0,0,0,0,0,
#moving_targetting_pos=5,1|2,29|25,1|9,30|29,2|12,1|15,1|19,30|
#setting_targetting_pos=5,30|2,1|25,30|9,2|29,30|12,29|15,30|19,2|
.LRLR.DL
#00000000000000000000
#assigned_pet=-1,-1,-1,-1,-1,-1,-1,-1,
#assigned_hub=0,0,0,0,0,0,0,0,
#moving_targetting_pos=5,1|2,29|25,1|9,30|29,2|12,1|15,1|19,30|
#setting_targetting_pos=5,30|2,1|25,30|9,2|29,30|12,29|15,30|19,2|
urdrR.DL
#00000000000000000000
#assigned_pet=-1,-1,-1,-1,-1,-1,-1,-1,
#assigned_hub=0,0,0,0,0,0,0,0,
#moving_targetting_pos=5,1|2,29|25,1|9,30|29,2|12,1|15,1|19,30|
#setting_targetting_pos=5,30|2,1|25,30|9,2|29,30|12,29|15,30|19,2|
RLRdl.Lr
#00000000000000000000
#assigned_pet=-1,-1,-1,-1,-1,-1,-1,-1,
#assigned_hub=0,0,0,0,0,0,0,0,
#moving_targetting_pos=5,1|2,29|25,1|9,30|29,2|12,1|15,1|19,30|
#setting_targetting_pos=5,30|2,1|25,30|9,2|29,30|12,29|15,30|19,2|
RL.Lu.Lu
#00000000000000000000
#assigned_pet=-1,-1,-1,-1,-1,-1,-1,-1,
#assigned_hub=0,0,0,0,0,0,0,0,
#moving_targetting_pos=5,1|2,29|25,1|9,30|29,2|12,1|15,1|19,30|
#setting_targetting_pos=5,30|2,1|25,30|9,2|29,30|12,29|15,30|19,2|
RddLRdDL
#00000000000000000000
#assigned_pet=-1,-1,-1,-1,-1,-1,-1,-1,
#assigned_hub=0,0,0,0,0,0,0,0,
#moving_targetting_pos=5,1|2,29|25,1|9,30|29,2|12,1|15,1|19,30|
#setting_targetting_pos=5,30|2,1|25,30|9,2|29,30|12,29|15,30|19,2|
RLRdRRDL
#00000000000000000000
#assigned_pet=-1,-1,-1,-1,-1,-1,-1,-1,
#assigned_hub=0,0,0,0,0,0,0,0,
#moving_targetting_pos=5,1|2,29|25,1|9,30|29,2|12,1|15,1|19,30|
#setting_targetting_pos=5,30|2,1|25,30|9,2|29,30|12,29|15,30|19,2|
uL.LdR.d
#00000000000000000000
#assigned_pet=-1,-1,-1,-1,-1,-1,-1,-1,
#assigned_hub=0,0,0,0,0,0,0,0,
#moving_targetting_pos=5,1|2,29|25,1|9,30|29,2|12,1|15,1|19,30|
#setting_targetting_pos=5,30|2,1|25,30|9,2|29,30|12,29|15,30|19,2|
RruLRR.L
#00000000000000000000
#assigned_pet=-1,-1,-1,-1,-1,-1,-1,-1,
#assigned_hub=0,0,0,0,0,0,0,0,
#moving_targetting_pos=5,1|2,29|25,1|9,30|29,2|12,1|15,1|19,30|
#setting_targetting_pos=5,30|2,1|25,30|9,2|29,30|12,29|15,30|19,2|
d.Rrld.r
#00000000000000000000
#assigned_pet=-1,-1,-1,-1,-1,-1,-1,-1,
#assigned_hub=0,0,0,0,0,0,0,0,
#moving_targetting_pos=5,1|2,29|25,1|9,30|29,2|12,1|15,1|19,30|
#setting_targetting_pos=5,30|2,1|25,30|9,2|29,30|12,29|15,30|19,2|
RuRuRu.L
#00000000000000000000
#assigned_pet=-1,-1,-1,-1,-1,-1,-1,-1,
#assigned_hub=0,0,0,0,0,0,0,0,
#moving_targetting_pos=5,1|2,29|25,1|9,30|29,2|12,1|15,1|19,30|
#setting_targetting_pos=5,30|2,1|25,30|9,2|29,30|12,29|15,30|19,2|
dLRLuRdu
#00000000000000000000
#assigned_pet=-1,-1,-1,-1,-1,-1,-1,-1,
#assigned_hub=0,0,0,0,0,0,0,0,
#moving_targetting_pos=5,1|2,29|25,1|9,30|29,2|12,1|15,1|19,30|
#setting_targetting_pos=5,30|2,1|25,30|9,2|29,30|12,29|15,30|19,2|
RLRLRlRL
#00000000000000000000
#assigned_pet=-1,-1,-1,-1,-1,-1,-1,-1,
#assigned_hub=0,0,0,0,0,0,0,0,
#moving_targetting_pos=5,1|2,29|25,1|9,30|29,2|12,1|15,1|19,30|
#setting_targetting_pos=5,30|2,1|25,30|9,2|29,30|12,29|15,30|19,2|
dr.dRRdL
#00000000000000000000
#assigned_pet=-1,-1,-1,-1,-1,-1,-1,-1,
#assigned_hub=0,0,0,0,0,0,0,0,
#moving_targetting_pos=5,1|2,29|25,1|9,30|29,2|12,1|15,1|19,30|
#setting_targetting_pos=5,30|2,1|25,30|9,2|29,30|12,29|15,30|19,2|
Rd.LlRRr
#00000000000000000000
#assigned_pet=-1,-1,-1,-1,-1,-1,-1,-1,
#assigned_hub=0,0,0,0,0,0,0,0,
#moving_targetting_pos=5,1|2,29|25,1|9,30|29,2|12,1|15,1|19,30|
#setting_targetting_pos=5,30|2,1|25,30|9,2|29,30|12,29|15,30|19,2|
dL.rdddd
#00000000000000000000
#assigned_pet=-1,-1,-1,-1,-1,-1,-1,-1,
#assigned_hub=0,0,0,0,0,0,0,0,
#moving_targetting_pos=5,1|2,29|25,1|9,30|29,2|12,1|15,1|19,30|
#setting_targetting_pos=5,30|2,1|25,30|9,2|29,30|12,29|15,30|19,2|
RL.LRRRL
#00000000000000000000
#assigned_pet=-1,-1,-1,-1,-1,-1,-1,-1,
#assigned_hub=0,0,0,0,0,0,0,0,
#moving_targetting_pos=5,1|2,29|25,1|9,30|29,2|12,1|15,1|19,30|
#setting_targetting_pos=5,30|2,1|25,30|9,2|29,30|12,29|15,30|19,2|
dLuuRRuL
#00000000000000000000
#assigned_pet=-1,-1,-1,-1,-1,-1,-1,-1,
#assigned_hub=0,0,0,0,0,0,0,0,
#moving_targetting_pos=5,1|2,29|25,1|9,30|29,2|12,1|15,1|19,30|
#setting_targetting_pos=5,30|2,1|25,30|9,2|29,30|12,29|15,30|19,2|
RdRLdlRd
#00000000000000000000
#assigned_pet=-1,-1,-1,-1,-1,-1,-1,-1,
#assigned_hub=0,0,0,0,0,0,0,0,
#moving_targetting_pos=5,1|2,29|25,1|9,30|29,2|12,1|15,1|19,30|
#setting_targetting_pos=5,30|2,1|25,30|9,2|29,30|12,29|15,30|19,2|
uudLRuRL
#00000000000000000000
#assigned_pet=-1,-1,-1,-1,-1,-1,-1,-1,
#assigned_hub=0,0,0,0,0,0,0,0,
#moving_targetting_pos=5,1|2,29|25,1|9,30|29,2|12,1|15,1|19,30|
#setting_targetting_pos=5,30|2,1|25,30|9,2|29,30|12,29|15,30|19,2|
RLRrRRRL
#00000000000000000000
#assigned_pet=-1,-1,-1,-1,-1,-1,-1,-1,
#assigned_hub=0,0,0,0,0,0,0,0,
#moving_targetting_pos=5,1|2,29|25,1|9,30|29,2|12,1|15,1|19,30|
#setting_targetting_pos=5,30|2,1|25,30|9,2|29,30|12,29|15,30|19,2|
Rrdd.RRr
#00000000000000000000
#assigned_pet=-1,-1,-1,-1,-1,-1,-1,-1,
#assigned_hub=0,0,0,0,0,0,0,0,
#moving_targetting_pos=5,1|2,29|25,1|9,30|29,2|12,1|15,1|19,30|
#setting_targetting_pos=5,30|2,1|25,30|9,2|29,30|12,29|15,30|19,2|
RLRLllu.
#00000000000000000000
#assigned_pet=-1,-1,-1,-1,-1,-1,-1,-1,
#assigned_hub=0,0,0,0,0,0,0,0,
#moving_targetting_pos=5,1|2,29|25,1|9,30|29,2|12,1|15,1|19,30|
#setting_targetting_pos=5,30|2,1|25,30|9,2|29,30|12,29|15,30|19,2|
RLdLudR.
#00000000000000000000
#assigned_pet=-1,-1,-1,-1,-1,-1,-1,-1,
#assigned_hub=0,0,0,0,0,0,0,0,
#moving_targetting_pos=5,1|2,29|25,1|9,30|29,2|12,1|15,1|19,30|
#setting_targetting_pos=5,30|2,1|25,30|9,2|29,30|12,29|15,30|19,2|
udRdRRd.
#00000000000000000000
#assigned_pet=-1,-1,-1,-1,-1,-1,-1,-1,
#assigned_hub=0,0,0,0,0,0,0,0,
#moving_targetting_pos=5,1|2,29|25,1|9,30|29,2|12,1|15,1|19,30|
#setting_targetting_pos=5,30|2,1|25,30|9,2|29,30|12,29|15,30|19,2|
RLdLRRRu
#00000000000000000000
#assigned_pet=-1,-1,-1,-1,-1,-1,-1,-1,
#assigned_hub=0,0,0,0,0,0,0,0,
#moving_targetting_pos=5,1|2,29|25,1|9,30|29,2|12,1|15,1|19,30|
#setting_targetting_pos=5,30|2,1|25,30|9,2|29,30|12,29|15,30|19,2|
dLRLdR.L
#00000000000000000000
#assigned_pet=-1,-1,-1,-1,-1,-1,-1,-1,
#assigned_hub=0,0,0,0,0,0,0,0,
#moving_targetting_pos=5,1|2,29|25,1|9,30|29,2|12,1|15,1|19,30|
#setting_targetting_pos=5,30|2,1|25,30|9,2|29,30|12,29|15,30|19,2|
RrdrRddL
#00000000000000000000
#assigned_pet=-1,-1,-1,-1,-1,-1,-1,-1,
#assigned_hub=0,0,0,0,0,0,0,0,
#moving_targetting_pos=5,1|2,29|25,1|9,30|29,2|12,1|15,1|19,30|
#setting_targetting_pos=5,30|2,1|25,30|9,2|29,30|12,29|15,30|19,2|
duRuluRd
#00000000000000000000
#assigned_pet=-1,-1,-1,-1,-1,-1,-1,-1,
#assigned_hub=0,0,0,0,0,0,0,0,
#moving_targetting_pos=5,1|2,29|25,1|9,30|29,2|12,1|15,1|19,30|
#setting_targetting_pos=5,30|2,1|25,30|9,2|29,30|12,29|15,30|19,2|
RLuLRRdL
#00000000000000000000
#assigned_pet=-1,-1,-1,-1,-1,-1,-1,-1,
#assigned_hub=0,0,0,0,0,0,0,0,
#moving_targetting_pos=5,1|2,29|25,1|9,30|29,2|12,1|15,1|19,30|
#setting_targetting_pos=5,30|2,1|25,30|9,2|29,30|12,29|15,30|19,2|
dLRLu.R.
#00000000000000000000
#assigned_pet=-1,-1,-1,-1,-1,-1,-1,-1,
#assigned_hub=0,0,0,0,0,0,0,0,
#moving_targetting_pos=5,1|2,29|25,1|9,30|29,2|12,1|15,1|19,30|
#setting_targetting_pos=5,30|2,1|25,30|9,2|29,30|12,29|15,30|19,2|
RrRdR.d.
#00000000000000000000
#assigned_pet=-1,-1,-1,-1,-1,-1,-1,-1,
#assigned_hub=0,0,0,0,0,0,0,0,
#moving_targetting_pos=5,1|2,29|25,1|9,30|29,2|12,1|15,1|19,30|
#setting_targetting_pos=5,30|2,1|25,30|9,2|29,30|12,29|15,30|19,2|
ddRLR.Rr
#00000000000000000000
#assigned_pet=-1,-1,-1,-1,-1,-1,-1,-1,
#assigned_hub=0,0,0,0,0,0,0,0,
#moving_targetting_pos=5,1|2,29|25,1|9,30|29,2|12,1|15,1|19,30|
#setting_targetting_pos=5,30|2,1|25,30|9,2|29,30|12,29|15,30|19,2|
RLRrd.dL
#00000000000000000000
#assigned_pet=-1,-1,-1,-1,-1,-1,-1,-1,
#assigned_hub=0,0,0,0,0,0,0,0,
#moving_targetting_pos=5,1|2,29|25,1|9,30|29,2|12,1|15,1|19,30|
#setting_targetting_pos=5,30|2,1|25,30|9,2|29,30|12,29|15,30|19,2|
dLuLllRu
#00000000000000000000
#assigned_pet=-1,-1,-1,-1,-1,-1,-1,-1,
#assigned_hub=0,0,0,0,0,0,0,0,
#moving_targetting_pos=5,1|2,29|25,1|9,30|29,2|12,1|15,1|19,30|
#setting_targetting_pos=5,30|2,1|25,30|9,2|29,30|12,29|15,30|19,2|
RLRuRR.L
#00000000000000000000
#assigned_pet=-1,-1,-1,-1,-1,-1,-1,-1,
#assigned_hub=0,0,0,0,0,0,0,0,
#moving_targetting_pos=5,1|2,29|25,1|9,30|29,2|12,1|15,1|19,30|
#setting_targetting_pos=5,30|2,1|25,30|9,2|29,30|12,29|15,30|19,2|
uddLRR.L
#00000000000000000000
#assigned_pet=-1,-1,-1,-1,-1,-1,-1,-1,
#assigned_hub=0,0,0,0,0,0,0,0,
#moving_targetting_pos=5,1|2,29|25,1|9,30|29,2|12,1|15,1|19,30|
#setting_targetting_pos=5,30|2,1|25,30|9,2|29,30|12,29|15,30|19,2|
RuRLd.ur
#00000000000000000000
#assigned_pet=-1,-1,-1,-1,-1,-1,-1,-1,
#assigned_hub=0,0,0,0,0,0,0,0,
#moving_targetting_pos=5,1|2,29|25,1|9,30|29,2|12,1|15,1|19,30|
#setting_targetting_pos=5,30|2,1|25,30|9,2|29,30|12,29|15,30|19,2|
RLdrRdRd
#00000000000000000000
#assigned_pet=-1,-1,-1,-1,-1,-1,-1,-1,
#assigned_hub=0,0,0,0,0,0,0,0,
#moving_targetting_pos=5,1|2,29|25,1|9,30|29,2|12,1|15,1|19,30|
#setting_targetting_pos=5,30|2,1|25,30|9,2|29,30|12,29|15,30|19,2|
RrRdRRRL
#00000000000000000000
#assigned_pet=-1,-1,-1,-1,-1,-1,-1,-1,
#assigned_hub=0,0,0,0,0,0,0,0,
#moving_targetting_pos=5,1|2,29|25,1|22,1|29,2|12,1|15,1|19,30|
#setting_targetting_pos=5,30|2,1|25,30|22,29|29,30|12,29|15,30|19,2|
RLdUlRRL
#00000000000000000000
#assigned_pet=-1,-1,-1,-1,-1,-1,-1,-1,
#assigned_hub=0,0,0,0,0,0,0,0,
#moving_targetting_pos=5,1|2,29|25,1|22,1|29,2|12,1|15,1|19,30|
#setting_targetting_pos=5,30|2,1|25,30|22,29|29,30|12,29|15,30|19,2|
uLRRulRd
#00000000000000000000
#assigned_pet=-1,-1,-1,-1,-1,-1,-1,-1,
#assigned_hub=0,0,0,0,0,0,0,0,
#moving_targetting_pos=5,1|2,29|25,1|22,1|29,2|12,1|15,1|19,30|
#setting_targetting_pos=5,30|2,1|25,30|22,29|29,30|12,29|15,30|19,2|
RddUR.uL
#00000000000000000000
#assigned_pet=-1,-1,-1,-1,-1,-1,-1,-1,
#assigned_hub=0,0,0,0,0,0,0,0,
#moving_targetting_pos=5,1|2,29|25,1|22,1|29,2|12,1|15,1|19,30|
#setting_targetting_pos=5,30|2,1|25,30|22,29|29,30|12,29|15,30|19,2|
dLRRR.RL
#00000000000000000000
#assigned_pet=-1,-1,-1,-1,-1,-1,-1,-1,
#assigned_hub=0,0,0,0,0,0,0,0,
#moving_targetting_pos=5,1|2,29|25,1|22,1|29,2|12,1|15,1|19,30|
#setting_targetting_pos=5,30|2,1|25,30|22,29|29,30|12,29|15,30|19,2|
RL.Rdu.r
#00000000000000000000
#assigned_pet=-1,-1,-1,-1,-1,-1,-1,-1,
#assigned_hub=0,0,0,0,0,0,0,0,
#moving_targetting_pos=5,1|2,29|25,1|22,1|29,2|12,1|15,1|19,30|
#setting_targetting_pos=5,30|2,1|25,30|22,29|29,30|12,29|15,30|19,2|
drdDRRdu
#00000000000000000000
#assigned_pet=-1,-1,-1,-1,-1,-1,-1,-1,
#assigned_hub=2,0,0,0,0,0,0,0,
#moving_targetting_pos=6,26|2,29|25,1|22,1|29,2|12,1|15,1|19,30|
#setting_targetting_pos=5,30|2,1|25,30|22,29|29,30|12,29|15,30|19,2|
LuRDlRRL
#00000000000000000000
#assigned_pet=-1,-1,-1,-1,-1,-1,-1,-1,
#assigned_hub=2,0,0,0,0,0,0,0,
#moving_targetting_pos=6,26|6,6|25,1|22,1|29,2|12,1|15,1|19,30|
#setting_targetting_pos=-1,-1|2,1|25,30|22,29|29,30|12,29|15,30|19,2|
LDuDRl.L
#00000000000000000000
#assigned_pet=-1,-1,-1,-1,-1,-1,-1,-1,
#assigned_hub=2,0,0,0,0,0,0,0,
#moving_targetting_pos=6,26|6,6|25,1|22,1|29,2|12,1|15,1|19,30|
#setting_targetting_pos=-1,-1|-1,-1|25,30|22,29|29,30|12,29|15,30|19,2|
LRRDuddd
#00000000000000000000
#assigned_pet=10,-1,-1,-1,-1,-1,-1,-1,
#assigned_hub=2,0,0,0,0,0,0,0,
#moving_targetting_pos=-1,-1|6,6|25,1|22,1|29,2|12,1|15,1|19,30|
#setting_targetting_pos=4,25|-1,-1|25,30|22,29|29,30|12,29|15,30|19,2|
LDRDRRRL
#00000000000000000000
#assigned_pet=10,-1,-1,-1,-1,-1,-1,-1,
#assigned_hub=2,0,0,0,0,0,0,0,
#moving_targetting_pos=-1,-1|6,6|25,1|22,1|29,2|12,1|15,1|19,30|
#setting_targetting_pos=4,25|-1,-1|25,30|22,29|29,30|12,29|15,30|19,2|
LRRDRRd.
#00000000001000000000
#assigned_pet=10,-1,-1,-1,-1,-1,-1,-1,
#assigned_hub=2,0,0,0,0,0,0,0,
#moving_targetting_pos=-1,-1|6,6|25,1|22,1|29,2|12,1|15,1|19,30|
#setting_targetting_pos=4,25|-1,-1|25,30|22,29|29,30|12,29|15,30|19,2|
uDRDdRR.
#00000000001000000000
#assigned_pet=-1,-1,-1,-1,-1,-1,-1,-1,
#assigned_hub=2,0,0,0,0,0,0,0,
#moving_targetting_pos=-1,-1|6,6|25,1|22,1|29,2|12,1|15,1|19,30|
#setting_targetting_pos=-1,-1|-1,-1|25,30|22,29|29,30|12,29|15,30|19,2|
.RuD.d..
#00000000001000000000
#assigned_pet=-1,-1,-1,-1,-1,-1,-1,-1,
#assigned_hub=2,0,0,0,0,0,0,0,
#moving_targetting_pos=-1,-1|6,6|25,1|22,1|29,2|12,1|15,1|19,30|
#setting_targetting_pos=-1,-1|-1,-1|25,30|22,29|29,30|12,29|15,30|19,2|
.RRL.ud.
#00000000001000000000
#assigned_pet=-1,19,-1,-1,-1,-1,-1,-1,
#assigned_hub=2,0,0,0,0,0,0,0,
#moving_targetting_pos=-1,-1|-1,-1|25,1|22,1|29,2|12,1|15,1|19,30|
#setting_targetting_pos=-1,-1|7,4|25,30|22,29|29,30|12,29|15,30|19,2|
.L.DlRRr
#00000000001000000000
#assigned_pet=-1,19,-1,-1,-1,-1,-1,-1,
#assigned_hub=2,0,0,0,8,0,0,0,
#moving_targetting_pos=-1,-1|-1,-1|25,1|22,1|26,26|12,1|15,1|19,30|
#setting_targetting_pos=-1,-1|7,4|25,30|22,29|29,30|12,29|15,30|19,2|
.DdDUldL
#00000000001000000001
#assigned_pet=-1,19,-1,-1,-1,-1,-1,-1,
#assigned_hub=2,0,0,0,8,0,0,0,
#moving_targetting_pos=-1,-1|-1,-1|25,1|22,1|26,26|12,1|15,1|19,30|
#setting_targetting_pos=-1,-1|7,4|25,30|22,29|-1,-1|12,29|15,30|19,2|
.dRLLRR.
#00000000001000000001
#assigned_pet=-1,-1,-1,-1,-1,-1,-1,-1,
#assigned_hub=2,0,0,0,8,0,0,0,
#moving_targetting_pos=-1,-1|-1,-1|25,1|22,1|26,26|12,1|15,1|19,30|
#setting_targetting_pos=-1,-1|-1,-1|25,30|22,29|-1,-1|12,29|15,30|19,2|
..dLURu.
#00000000001000000001
#assigned_pet=-1,-1,-1,-1,-1,-1,-1,-1,
#assigned_hub=2,0,5,0,8,0,0,0,
#moving_targetting_pos=-1,-1|-1,-1|16,26|22,1|26,26|12,1|15,1|19,30|
#setting_targetting_pos=-1,-1|-1,-1|25,30|22,29|-1,-1|12,29|15,30|19,2|
..LLLrRu
#00000000001000000001
#assigned_pet=-1,-1,-1,-1,-1,-1,-1,-1,
#assigned_hub=2,0,5,0,8,0,0,0,
#moving_targetting_pos=-1,-1|-1,-1|16,26|22,1|26,26|12,1|15,1|19,30|
#setting_targetting_pos=-1,-1|-1,-1|-1,-1|22,29|-1,-1|12,29|15,30|19,2|
..LDLdRL
#00000000001000000001
#assigned_pet=-1,-1,-1,-1,4,-1,-1,-1,
#assigned_hub=2,0,5,0,8,4,0,0,
#moving_targetting_pos=-1,-1|-1,-1|16,26|22,1|-1,-1|16,16|15,1|19,30|
#setting_targetting_pos=-1,-1|-1,-1|-1,-1|22,29|28,27|12,29|15,30|19,2|
..LD.LRL
#00000000001000000001
#assigned_pet=-1,-1,-1,-1,4,-1,-1,-1,
#assigned_hub=2,0,5,0,8,4,0,0,
#moving_targetting_pos=-1,-1|-1,-1|16,26|22,1|-1,-1|16,16|15,1|19,30|
#setting_targetting_pos=-1,-1|-1,-1|-1,-1|22,29|28,27|-1,-1|15,30|19,2|
..UD.LRd
#00000000001000000001
#assigned_pet=-1,-1,-1,-1,4,-1,-1,-1,
#assigned_hub=2,0,5,0,8,4,0,0,
#moving_targetting_pos=-1,-1|-1,-1|16,26|22,1|-1,-1|16,16|15,1|19,30|
#setting_targetting_pos=-1,-1|-1,-1|-1,-1|22,29|28,27|-1,-1|15,30|19,2|
..UD.Dur
#00000000001000000001
#assigned_pet=-1,-1,-1,-1,4,-1,-1,-1,
#assigned_hub=2,0,5,0,8,4,0,3,
#moving_targetting_pos=-1,-1|-1,-1|16,26|22,1|-1,-1|16,16|15,1|16,6|
#setting_targetting_pos=-1,-1|-1,-1|-1,-1|22,29|28,27|-1,-1|15,30|19,2|
..UD.DRU
#00000000001000000001
#assigned_pet=-1,-1,-1,-1,13,-1,-1,-1,
#assigned_hub=2,0,5,0,8,4,0,3,
#moving_targetting_pos=-1,-1|-1,-1|16,26|22,1|-1,-1|16,16|15,1|16,6|
#setting_targetting_pos=-1,-1|-1,-1|-1,-1|22,29|27,28|-1,-1|15,30|-1,-1|
..Uu.LdR
#00000000001000000001
#assigned_pet=-1,-1,-1,-1,4,-1,-1,-1,
#assigned_hub=2,0,5,0,8,4,0,3,
#moving_targetting_pos=-1,-1|-1,-1|16,26|22,1|-1,-1|16,16|15,1|16,6|
#setting_targetting_pos=-1,-1|-1,-1|-1,-1|22,29|28,27|-1,-1|15,30|-1,-1|
..UR.LRU
#00000000001000000001
#assigned_pet=-1,-1,-1,-1,13,-1,-1,-1,
#assigned_hub=2,0,5,0,8,4,0,3,
#moving_targetting_pos=-1,-1|-1,-1|16,26|22,1|-1,-1|16,16|15,1|16,6|
#setting_targetting_pos=-1,-1|-1,-1|-1,-1|22,29|27,28|-1,-1|15,30|-1,-1|
..UR.DdR
#00000000001001000001
#assigned_pet=-1,-1,-1,-1,13,-1,-1,-1,
#assigned_hub=2,0,5,0,8,4,1,3,
#moving_targetting_pos=-1,-1|-1,-1|16,26|22,1|-1,-1|16,16|6,16|16,6|
#setting_targetting_pos=-1,-1|-1,-1|-1,-1|22,29|27,28|-1,-1|15,30|-1,-1|
..UlrLLR
#00000000001001000001
#assigned_pet=-1,-1,-1,-1,-1,-1,-1,2,
#assigned_hub=2,0,5,0,8,4,1,3,
#moving_targetting_pos=-1,-1|-1,-1|16,26|22,1|-1,-1|16,16|6,16|-1,-1|
#setting_targetting_pos=-1,-1|-1,-1|-1,-1|22,29|-1,-1|-1,-1|-1,-1|15,4|
..Ld.LLL
#00000000001001000001
#assigned_pet=-1,-1,11,-1,11,-1,-1,2,
#assigned_hub=2,0,5,0,8,4,1,3,
#moving_targetting_pos=-1,-1|-1,-1|-1,-1|22,1|-1,-1|16,16|6,16|-1,-1|
#setting_targetting_pos=-1,-1|-1,-1|18,25|22,29|24,25|-1,-1|-1,-1|15,4|
...RLLLU
#00100000001001100001
#assigned_pet=-1,-1,11,-1,11,-1,-1,2,
#assigned_hub=2,0,5,0,8,4,1,3,
#moving_targetting_pos=-1,-1|-1,-1|-1,-1|22,1|-1,-1|16,16|6,16|-1,-1|
#setting_targetting_pos=-1,-1|-1,-1|18,25|22,29|24,25|-1,-1|-1,-1|15,4|
...RLLLu
#00100000001001100001
#assigned_pet=-1,-1,0,-1,0,-1,-1,-1,
#assigned_hub=2,0,5,0,8,4,1,3,
#moving_targetting_pos=-1,-1|-1,-1|-1,-1|22,1|-1,-1|16,16|6,16|-1,-1|
#setting_targetting_pos=-1,-1|-1,-1|18,25|22,29|24,25|-1,-1|-1,-1|-1,-1|
...RULL.
#00100000001001100001
#assigned_pet=-1,-1,11,-1,11,-1,-1,-1,
#assigned_hub=2,0,5,0,8,4,1,3,
#moving_targetting_pos=-1,-1|-1,-1|-1,-1|22,1|-1,-1|16,16|6,16|-1,-1|
#setting_targetting_pos=-1,-1|-1,-1|18,25|22,29|24,25|-1,-1|-1,-1|-1,-1|
...dULL.
#00100000001001100001
#assigned_pet=-1,-1,11,-1,11,-1,-1,-1,
#assigned_hub=2,0,5,0,8,4,1,3,
#moving_targetting_pos=-1,-1|-1,-1|-1,-1|22,1|-1,-1|16,16|6,16|-1,-1|
#setting_targetting_pos=-1,-1|-1,-1|18,25|22,29|24,25|-1,-1|-1,-1|-1,-1|
...u.LL.
#00100000001001100001
#assigned_pet=-1,-1,11,-1,11,-1,-1,-1,
#assigned_hub=2,0,5,0,8,4,1,3,
#moving_targetting_pos=-1,-1|-1,-1|-1,-1|22,1|-1,-1|16,16|6,16|-1,-1|
#setting_targetting_pos=-1,-1|-1,-1|18,25|22,29|24,25|-1,-1|-1,-1|-1,-1|
...R.LL.
#00100000001001100001
#assigned_pet=-1,-1,9,-1,9,5,-1,5,
#assigned_hub=2,0,5,0,8,4,1,3,
#moving_targetting_pos=-1,-1|-1,-1|-1,-1|22,1|-1,-1|-1,-1|6,16|-1,-1|
#setting_targetting_pos=-1,-1|-1,-1|18,25|22,29|24,25|17,14|-1,-1|17,8|
...l.LLR
#00100000001001100001
#assigned_pet=-1,-1,9,-1,9,1,-1,1,
#assigned_hub=2,0,5,0,8,4,1,3,
#moving_targetting_pos=-1,-1|-1,-1|-1,-1|22,1|-1,-1|-1,-1|6,16|-1,-1|
#setting_targetting_pos=-1,-1|-1,-1|18,25|22,29|24,25|15,14|-1,-1|15,8|
...R.LLR
#00100000001001100001
#assigned_pet=-1,-1,9,-1,9,1,-1,1,
#assigned_hub=2,0,5,0,8,4,1,3,
#moving_targetting_pos=-1,-1|-1,-1|-1,-1|22,1|-1,-1|-1,-1|6,16|-1,-1|
#setting_targetting_pos=-1,-1|-1,-1|18,25|22,29|24,25|15,14|-1,-1|15,8|
...R..LR
#00100000001001100001
#assigned_pet=-1,-1,9,-1,9,1,-1,1,
#assigned_hub=2,0,5,0,8,4,1,3,
#moving_targetting_pos=-1,-1|-1,-1|-1,-1|22,1|-1,-1|-1,-1|6,16|-1,-1|
#setting_targetting_pos=-1,-1|-1,-1|18,25|22,29|24,25|15,14|-1,-1|15,8|
...d..LR
#00100000001001100001
#assigned_pet=-1,-1,9,-1,9,1,-1,1,
#assigned_hub=2,0,5,0,8,4,1,3,
#moving_targetting_pos=-1,-1|-1,-1|-1,-1|22,1|-1,-1|-1,-1|6,16|-1,-1|
#setting_targetting_pos=-1,-1|-1,-1|18,25|22,29|24,25|15,14|-1,-1|15,8|
...R..L.
#00100000001001100001
#assigned_pet=-1,-1,9,-1,9,1,-1,1,
#assigned_hub=2,0,5,0,8,4,1,3,
#moving_targetting_pos=-1,-1|-1,-1|-1,-1|22,1|-1,-1|-1,-1|6,16|-1,-1|
#setting_targetting_pos=-1,-1|-1,-1|18,25|22,29|24,25|15,14|-1,-1|15,8|
...R..U.
#00100000001001100001
#assigned_pet=-1,-1,9,-1,9,1,-1,1,
#assigned_hub=2,0,5,0,8,4,1,3,
#moving_targetting_pos=-1,-1|-1,-1|-1,-1|22,1|-1,-1|-1,-1|6,16|-1,-1|
#setting_targetting_pos=-1,-1|-1,-1|18,25|22,29|24,25|15,14|-1,-1|15,8|
...l..U.
#00100000001001100001
#assigned_pet=-1,-1,9,-1,9,1,-1,1,
#assigned_hub=2,0,5,0,8,4,1,3,
#moving_targetting_pos=-1,-1|-1,-1|-1,-1|22,1|-1,-1|-1,-1|6,16|-1,-1|
#setting_targetting_pos=-1,-1|-1,-1|18,25|22,29|24,25|15,14|-1,-1|15,8|
...u..U.
#00100000001001100001
#assigned_pet=-1,-1,4,-1,4,1,-1,1,
#assigned_hub=2,0,5,0,8,4,1,3,
#moving_targetting_pos=-1,-1|-1,-1|-1,-1|22,1|-1,-1|-1,-1|6,16|-1,-1|
#setting_targetting_pos=-1,-1|-1,-1|18,25|22,29|24,25|15,14|-1,-1|15,8|
...R..U.
#00100000001001100001
#assigned_pet=-1,-1,4,-1,4,1,-1,1,
#assigned_hub=2,0,5,0,8,4,1,3,
#moving_targetting_pos=-1,-1|-1,-1|-1,-1|22,1|-1,-1|-1,-1|6,16|-1,-1|
#setting_targetting_pos=-1,-1|-1,-1|18,25|22,29|24,25|15,14|-1,-1|15,8|
...R..U.
#00100000001001100001
#assigned_pet=-1,-1,4,-1,4,1,-1,1,
#assigned_hub=2,0,5,0,8,4,1,3,
#moving_targetting_pos=-1,-1|-1,-1|-1,-1|22,1|-1,-1|-1,-1|6,16|-1,-1|
#setting_targetting_pos=-1,-1|-1,-1|18,25|22,29|24,25|15,14|-1,-1|15,8|
...l..U.
#00100000001001100001
#assigned_pet=-1,-1,18,-1,18,1,-1,1,
#assigned_hub=2,0,5,0,8,4,1,3,
#moving_targetting_pos=-1,-1|-1,-1|-1,-1|22,1|-1,-1|-1,-1|6,16|-1,-1|
#setting_targetting_pos=-1,-1|-1,-1|18,27|22,29|24,27|15,14|-1,-1|15,8|
...dR.U.
#00100000001001100001
#assigned_pet=-1,-1,18,-1,18,1,-1,1,
#assigned_hub=2,0,5,0,8,4,1,3,
#moving_targetting_pos=-1,-1|-1,-1|-1,-1|22,1|-1,-1|-1,-1|6,16|-1,-1|
#setting_targetting_pos=-1,-1|-1,-1|18,27|22,29|24,27|15,14|-1,-1|15,8|
...RR.L.
#01110000001001100001
#assigned_pet=16,-1,18,-1,18,1,16,1,
#assigned_hub=2,0,5,0,8,4,1,3,
#moving_targetting_pos=-1,-1|-1,-1|-1,-1|22,1|-1,-1|-1,-1|-1,-1|-1,-1|
#setting_targetting_pos=7,24|-1,-1|18,27|22,29|24,27|15,14|7,18|15,8|
L..R.lRu
#01110000001001100001
#assigned_pet=16,-1,18,-1,18,5,16,5,
#assigned_hub=2,0,5,0,8,4,1,3,
#moving_targetting_pos=-1,-1|-1,-1|-1,-1|22,1|-1,-1|-1,-1|-1,-1|-1,-1|
#setting_targetting_pos=7,24|-1,-1|18,27|22,29|24,27|17,14|7,18|17,8|
D..R.DU.
#01110000001001100001
#assigned_pet=16,-1,18,-1,18,5,16,5,
#assigned_hub=2,0,5,0,8,4,1,3,
#moving_targetting_pos=-1,-1|-1,-1|-1,-1|22,1|-1,-1|-1,-1|-1,-1|-1,-1|
#setting_targetting_pos=7,24|-1,-1|18,27|22,29|24,27|17,14|7,18|17,8|
...d.L..
#01110000001001100001
#assigned_pet=7,-1,18,-1,18,-1,7,-1,
#assigned_hub=2,0,5,0,8,4,1,3,
#moving_targetting_pos=-1,-1|-1,-1|-1,-1|22,1|-1,-1|-1,-1|-1,-1|-1,-1|
#setting_targetting_pos=7,24|-1,-1|18,27|22,29|24,27|-1,-1|7,18|-1,-1|
...u....
#01110000001001100001
#assigned_pet=7,-1,18,-1,18,-1,7,-1,
#assigned_hub=2,0,5,0,8,4,1,3,
#moving_targetting_pos=-1,-1|-1,-1|-1,-1|22,1|-1,-1|-1,-1|-1,-1|-1,-1|
#setting_targetting_pos=7,24|-1,-1|18,27|22,29|24,27|-1,-1|7,18|-1,-1|
...R....
#01110000001001100001
#assigned_pet=16,-1,18,-1,18,17,16,17,
#assigned_hub=2,0,5,0,8,4,1,3,
#moving_targetting_pos=-1,-1|-1,-1|-1,-1|22,1|-1,-1|-1,-1|-1,-1|-1,-1|
#setting_targetting_pos=7,24|-1,-1|18,27|22,29|24,27|17,14|7,18|17,8|
...l....
#01110000001001100001
#assigned_pet=7,-1,18,-1,18,17,7,17,
#assigned_hub=2,0,5,0,8,4,1,3,
#moving_targetting_pos=-1,-1|-1,-1|-1,-1|22,1|-1,-1|-1,-1|-1,-1|-1,-1|
#setting_targetting_pos=7,24|-1,-1|18,27|22,29|24,27|17,14|7,18|17,8|
...R....
#01110000001001100001
#assigned_pet=7,-1,18,-1,18,17,7,17,
#assigned_hub=2,0,5,0,8,4,1,3,
#moving_targetting_pos=-1,-1|-1,-1|-1,-1|22,1|-1,-1|-1,-1|-1,-1|-1,-1|
#setting_targetting_pos=7,24|-1,-1|18,27|22,29|24,27|17,14|7,18|17,8|
...R....
#11110001001001101001
#assigned_pet=0,-1,-1,-1,-1,17,0,17,
#assigned_hub=2,0,5,0,8,4,1,3,
#moving_targetting_pos=-1,-1|-1,-1|-1,-1|22,1|-1,-1|-1,-1|-1,-1|-1,-1|
#setting_targetting_pos=7,24|-1,-1|-1,-1|22,29|-1,-1|17,14|7,18|17,8|
d..d..r.
#11110001001001101001
#assigned_pet=4,-1,4,-1,18,17,-1,17,
#assigned_hub=2,0,5,0,8,4,1,3,
#moving_targetting_pos=-1,-1|-1,-1|-1,-1|22,1|-1,-1|-1,-1|-1,-1|-1,-1|
#setting_targetting_pos=8,27|-1,-1|14,27|22,29|25,28|17,14|-1,-1|17,8|
R.RR....
#11110001001001101001
#assigned_pet=4,-1,4,-1,18,17,-1,17,
#assigned_hub=2,0,5,0,8,4,1,3,
#moving_targetting_pos=-1,-1|-1,-1|-1,-1|22,1|-1,-1|-1,-1|-1,-1|-1,-1|
#setting_targetting_pos=8,27|-1,-1|14,27|22,29|25,28|17,14|-1,-1|17,8|
R.UR....
#11110001001001101101
#assigned_pet=4,-1,4,-1,18,17,-1,17,
#assigned_hub=2,0,5,0,8,4,1,3,
#moving_targetting_pos=-1,-1|-1,-1|-1,-1|22,1|-1,-1|-1,-1|-1,-1|-1,-1|
#setting_targetting_pos=8,27|-1,-1|14,27|22,29|25,28|17,14|-1,-1|17,8|
R.Ul.d.d
#11110001001001101101
#assigned_pet=4,-1,4,-1,-1,-1,15,-1,
#assigned_hub=2,0,5,0,8,4,1,7,
#moving_targetting_pos=-1,-1|-1,-1|-1,-1|22,1|-1,-1|-1,-1|-1,-1|26,16|
#setting_targetting_pos=8,27|-1,-1|14,27|22,29|-1,-1|-1,-1|4,17|-1,-1|
D.U...UL
#11111001001001101101
#assigned_pet=4,-1,4,-1,18,-1,15,-1,
#assigned_hub=2,0,5,0,8,4,1,7,
#moving_targetting_pos=-1,-1|-1,-1|-1,-1|22,1|-1,-1|-1,-1|-1,-1|26,16|
#setting_targetting_pos=8,27|-1,-1|14,27|22,29|25,28|-1,-1|4,17|-1,-1|
d.u...UD
#11111001001001111101
#assigned_pet=-1,-1,11,-1,-1,11,15,-1,
#assigned_hub=2,0,5,0,8,4,1,7,
#moving_targetting_pos=-1,-1|-1,-1|-1,-1|22,1|-1,-1|-1,-1|-1,-1|26,16|
#setting_targetting_pos=-1,-1|-1,-1|17,24|22,29|-1,-1|17,18|4,17|-1,-1|
..L..RuD
#11111001001001111101
#assigned_pet=-1,-1,18,-1,18,-1,-1,-1,
#assigned_hub=2,0,5,0,8,4,1,7,
#moving_targetting_pos=-1,-1|-1,-1|-1,-1|22,1|-1,-1|-1,-1|-1,-1|26,16|
#setting_targetting_pos=-1,-1|-1,-1|18,27|22,29|24,27|-1,-1|-1,-1|-1,-1|
..R....D
#11111001001001111101
#assigned_pet=-1,12,18,-1,18,-1,-1,-1,
#assigned_hub=2,0,5,0,8,4,1,7,
#moving_targetting_pos=-1,-1|-1,-1|-1,-1|22,1|-1,-1|-1,-1|-1,-1|26,16|
#setting_targetting_pos=-1,-1|4,7|18,27|22,29|24,27|-1,-1|-1,-1|-1,-1|
.RD....D
#11111001001001111101
#assigned_pet=-1,12,18,-1,18,-1,-1,-1,
#assigned_hub=2,0,5,0,8,4,1,7,
#moving_targetting_pos=-1,-1|-1,-1|-1,-1|22,1|-1,-1|-1,-1|-1,-1|26,16|
#setting_targetting_pos=-1,-1|4,7|18,27|22,29|24,27|-1,-1|-1,-1|-1,-1|
.RD....D
#11111001001001111101
#assigned_pet=-1,12,-1,-1,-1,-1,-1,-1,
#assigned_hub=2,0,5,0,8,4,1,7,
#moving_targetting_pos=-1,-1|-1,-1|-1,-1|22,1|-1,-1|-1,-1|-1,-1|26,16|
#setting_targetting_pos=-1,-1|4,7|-1,-1|22,29|-1,-1|-1,-1|-1,-1|-1,-1|
.R.....D
#11111001001001111101
#assigned_pet=-1,12,-1,-1,18,-1,-1,-1,
#assigned_hub=2,0,5,0,8,4,1,7,
#moving_targetting_pos=-1,-1|-1,-1|-1,-1|22,1|-1,-1|-1,-1|-1,-1|26,16|
#setting_targetting_pos=-1,-1|4,7|-1,-1|22,29|25,28|-1,-1|-1,-1|-1,-1|
.U.u...D
#11111001001011111101
#assigned_pet=-1,12,11,-1,11,-1,-1,-1,
#assigned_hub=2,0,5,0,8,4,1,7,
#moving_targetting_pos=-1,-1|-1,-1|-1,-1|22,1|-1,-1|-1,-1|-1,-1|26,16|
#setting_targetting_pos=-1,-1|4,7|18,25|22,29|24,25|-1,-1|-1,-1|-1,-1|
.uLRL..D
#11111001001011111101
#assigned_pet=-1,-1,-1,-1,18,-1,-1,-1,
#assigned_hub=2,0,5,0,8,4,1,7,
#moving_targetting_pos=-1,-1|6,6|-1,-1|22,1|-1,-1|-1,-1|-1,-1|26,16|
#setting_targetting_pos=-1,-1|-1,-1|-1,-1|22,29|25,28|-1,-1|-1,-1|-1,-1|
...RR..D
#11111001001011111101
#assigned_pet=-1,-1,11,-1,11,-1,-1,-1,
#assigned_hub=2,0,5,0,8,4,1,7,
#moving_targetting_pos=-1,-1|6,6|-1,-1|22,1|-1,-1|-1,-1|-1,-1|26,16|
#setting_targetting_pos=-1,-1|-1,-1|18,25|22,29|24,25|-1,-1|-1,-1|-1,-1|
..LdL..R
#11111001001011111101
#assigned_pet=-1,-1,11,-1,11,-1,-1,-1,
#assigned_hub=2,0,5,0,8,4,1,7,
#moving_targetting_pos=-1,-1|6,6|-1,-1|22,1|-1,-1|-1,-1|-1,-1|26,16|
#setting_targetting_pos=-1,-1|-1,-1|18,25|22,29|24,25|-1,-1|-1,-1|-1,-1|
...lL..R
#11111001001011111101
#assigned_pet=-1,-1,8,-1,8,5,5,-1,
#assigned_hub=2,0,5,0,8,4,1,7,
#moving_targetting_pos=-1,-1|6,6|-1,-1|22,1|-1,-1|-1,-1|-1,-1|26,16|
#setting_targetting_pos=-1,-1|-1,-1|18,25|22,29|24,25|14,17|8,17|-1,-1|
...R.RDR
#11111001001011111101
#assigned_pet=-1,-1,8,-1,8,5,5,-1,
#assigned_hub=2,0,5,0,8,4,1,7,
#moving_targetting_pos=-1,-1|6,6|-1,-1|22,1|-1,-1|-1,-1|-1,-1|26,16|
#setting_targetting_pos=-1,-1|-1,-1|18,25|22,29|24,25|14,17|8,17|-1,-1|
...R.RDR
#11111001001011111101
#assigned_pet=-1,-1,8,-1,8,5,5,-1,
#assigned_hub=2,0,5,0,8,4,1,7,
#moving_targetting_pos=-1,-1|6,6|-1,-1|22,1|-1,-1|-1,-1|-1,-1|26,16|
#setting_targetting_pos=-1,-1|-1,-1|18,25|22,29|24,25|14,17|8,17|-1,-1|
...R.U.R
#11111101001011111101
#assigned_pet=-1,-1,8,-1,8,5,5,-1,
#assigned_hub=2,0,5,0,8,4,1,7,
#moving_targetting_pos=-1,-1|6,6|-1,-1|22,1|-1,-1|-1,-1|-1,-1|26,16|
#setting_targetting_pos=-1,-1|-1,-1|18,25|22,29|24,25|14,17|8,17|-1,-1|
...d.udR
#11111101001011111101
#assigned_pet=-1,-1,8,-1,8,-1,-1,-1,
#assigned_hub=2,0,5,0,8,4,1,7,
#moving_targetting_pos=-1,-1|6,6|-1,-1|22,1|-1,-1|-1,-1|6,16|26,16|
#setting_targetting_pos=-1,-1|-1,-1|18,25|22,29|24,25|-1,-1|-1,-1|-1,-1|
...u...R
#11111101001011111101
#assigned_pet=-1,-1,8,-1,8,-1,-1,-1,
#assigned_hub=2,0,5,0,8,4,1,7,
#moving_targetting_pos=-1,-1|6,6|-1,-1|22,1|-1,-1|16,16|-1,-1|26,16|
#setting_targetting_pos=-1,-1|-1,-1|18,25|22,29|24,25|-1,-1|-1,-1|-1,-1|
...R...R
#11111101001011111101
#assigned_pet=-1,-1,8,-1,8,-1,-1,-1,
#assigned_hub=2,0,5,0,8,4,1,7,
#moving_targetting_pos=-1,-1|6,6|-1,-1|22,1|-1,-1|16,16|-1,-1|-1,-1|
#setting_targetting_pos=-1,-1|-1,-1|18,25|22,29|24,25|-1,-1|-1,-1|-1,-1|
...l....
#11111101001011111101
#assigned_pet=-1,-1,11,-1,11,-1,-1,-1,
#assigned_hub=2,0,5,0,8,4,1,7,
#moving_targetting_pos=-1,-1|6,6|-1,-1|22,1|-1,-1|-1,-1|-1,-1|-1,-1|
#setting_targetting_pos=-1,-1|-1,-1|18,25|22,29|24,25|-1,-1|-1,-1|-1,-1|
...R....
#11111101001111111101
#assigned_pet=-1,-1,11,-1,11,-1,-1,-1,
#assigned_hub=2,0,5,0,8,4,1,7,
#moving_targetting_pos=-1,-1|6,6|-1,-1|22,1|-1,-1|-1,-1|6,16|-1,-1|
#setting_targetting_pos=-1,-1|-1,-1|18,25|22,29|24,25|-1,-1|-1,-1|-1,-1|
..dRu...
#11111101001111111101
#assigned_pet=9,-1,9,-1,18,-1,-1,-1,
#assigned_hub=2,0,5,0,8,4,1,7,
#moving_targetting_pos=-1,-1|6,6|-1,-1|22,1|-1,-1|-1,-1|6,16|-1,-1|
#setting_targetting_pos=8,25|-1,-1|14,25|22,29|25,28|-1,-1|-1,-1|-1,-1|
L.UrR...
#11111101001111111101
#assigned_pet=9,-1,9,-1,-1,-1,-1,-1,
#assigned_hub=2,0,5,0,8,4,1,7,
#moving_targetting_pos=-1,-1|6,6|-1,-1|22,1|-1,-1|-1,-1|6,16|-1,-1|
#setting_targetting_pos=8,25|-1,-1|14,25|22,29|-1,-1|-1,-1|-1,-1|-1,-1|
L.U.....
#11111101001111111101
#assigned_pet=9,-1,9,-1,18,-1,-1,-1,
#assigned_hub=2,0,5,0,8,4,1,7,
#moving_targetting_pos=-1,-1|6,6|-1,-1|22,1|-1,-1|-1,-1|6,16|-1,-1|
#setting_targetting_pos=8,25|-1,-1|14,25|22,29|25,28|-1,-1|-1,-1|-1,-1|
....R...
#11111101001111111101
#assigned_pet=8,-1,8,-1,-1,-1,-1,-1,
#assigned_hub=2,0,5,0,8,4,1,7,
#moving_targetting_pos=-1,-1|6,6|-1,-1|22,1|-1,-1|-1,-1|6,16|26,16|
#setting_targetting_pos=8,25|-1,-1|14,25|22,29|-1,-1|-1,-1|-1,-1|-1,-1|
........
#11111101001111111101
#assigned_pet=8,-1,8,-1,6,-1,-1,-1,
#assigned_hub=2,0,5,0,8,4,1,7,
#moving_targetting_pos=-1,-1|6,6|-1,-1|22,1|-1,-1|-1,-1|6,16|26,16|
#setting_targetting_pos=8,25|-1,-1|14,25|22,29|25,28|-1,-1|-1,-1|-1,-1|
........
#11111101001111111101
#assigned_pet=8,-1,8,-1,6,-1,-1,-1,
#assigned_hub=2,0,5,0,8,4,1,7,
#moving_targetting_pos=-1,-1|6,6|-1,-1|22,1|-1,-1|-1,-1|6,16|26,16|
#setting_targetting_pos=8,25|-1,-1|14,25|22,29|25,28|-1,-1|-1,-1|-1,-1|
........
#11111101001111111101
#assigned_pet=8,-1,8,-1,18,-1,-1,-1,
#assigned_hub=2,0,5,0,8,4,1,7,
#moving_targetting_pos=-1,-1|6,6|-1,-1|22,1|-1,-1|-1,-1|6,16|26,16|
#setting_targetting_pos=8,25|-1,-1|14,25|22,29|25,28|-1,-1|-1,-1|-1,-1|
........
#11111101101111111101
#assigned_pet=8,-1,8,-1,18,-1,-1,-1,
#assigned_hub=2,0,5,0,8,4,1,7,
#moving_targetting_pos=-1,-1|6,6|-1,-1|22,1|-1,-1|-1,-1|6,16|26,16|
#setting_targetting_pos=8,25|-1,-1|14,25|22,29|25,28|-1,-1|-1,-1|-1,-1|
d.u.....
#11111101101111111101
#assigned_pet=-1,-1,-1,-1,18,-1,-1,-1,
#assigned_hub=2,0,5,0,8,4,1,7,
#moving_targetting_pos=6,26|6,6|-1,-1|22,1|-1,-1|-1,-1|6,16|26,16|
#setting_targetting_pos=-1,-1|-1,-1|-1,-1|22,29|25,28|-1,-1|-1,-1|-1,-1|
........
#11111101101111111101
#assigned_pet=-1,-1,6,-1,6,-1,-1,-1,
#assigned_hub=2,0,5,0,8,4,1,7,
#moving_targetting_pos=6,26|6,6|-1,-1|22,1|-1,-1|-1,-1|6,16|26,16|
#setting_targetting_pos=-1,-1|-1,-1|18,27|22,29|24,27|-1,-1|-1,-1|-1,-1|
..R.....
#11111101101111111101
#assigned_pet=-1,-1,6,-1,6,-1,-1,-1,
#assigned_hub=2,0,5,0,8,4,1,7,
#moving_targetting_pos=6,26|6,6|-1,-1|22,1|-1,-1|-1,-1|6,16|26,16|
#setting_targetting_pos=-1,-1|-1,-1|18,27|22,29|24,27|-1,-1|-1,-1|-1,-1|
..R.....
#11111101101111111101
#assigned_pet=-1,-1,6,-1,6,-1,-1,-1,
#assigned_hub=2,0,5,0,8,4,1,7,
#moving_targetting_pos=6,26|6,6|-1,-1|22,1|-1,-1|-1,-1|6,16|26,16|
#setting_targetting_pos=-1,-1|-1,-1|18,27|22,29|24,27|-1,-1|-1,-1|-1,-1|
..Dd....
#11111101101111111101
#assigned_pet=-1,-1,6,-1,6,-1,-1,-1,
#assigned_hub=2,0,5,0,8,4,1,7,
#moving_targetting_pos=6,26|6,6|-1,-1|22,1|-1,-1|16,16|6,16|26,16|
#setting_targetting_pos=-1,-1|-1,-1|18,27|22,29|24,27|-1,-1|-1,-1|-1,-1|
..D.....
#11111101101111111101
#assigned_pet=-1,-1,6,-1,6,-1,-1,-1,
#assigned_hub=2,0,5,0,8,4,1,7,
#moving_targetting_pos=6,26|6,6|-1,-1|22,1|-1,-1|16,16|6,16|26,16|
#setting_targetting_pos=-1,-1|-1,-1|18,27|22,29|24,27|-1,-1|-1,-1|-1,-1|
........
#11111101101111111101
#assigned_pet=-1,-1,6,-1,6,-1,-1,-1,
#assigned_hub=2,0,5,0,8,4,1,7,
#moving_targetting_pos=6,26|6,6|-1,-1|22,1|-1,-1|16,16|6,16|26,16|
#setting_targetting_pos=-1,-1|-1,-1|18,27|22,29|24,27|-1,-1|-1,-1|-1,-1|
........
#11111101101111111101
#assigned_pet=-1,-1,6,-1,6,-1,-1,-1,
#assigned_hub=2,0,5,0,8,4,1,7,
#moving_targetting_pos=6,26|6,6|-1,-1|22,1|-1,-1|16,16|6,16|26,16|
#setting_targetting_pos=-1,-1|-1,-1|18,27|22,29|24,27|-1,-1|-1,-1|-1,-1|
........
#11111101101111111101
#assigned_pet=-1,-1,6,-1,6,-1,-1,-1,
#assigned_hub=2,0,5,0,8,4,1,7,
#moving_targetting_pos=6,26|6,6|-1,-1|22,1|-1,-1|16,16|6,16|26,16|
#setting_targetting_pos=-1,-1|-1,-1|18,27|22,29|24,27|-1,-1|-1,-1|-1,-1|
........
#11111101101111111101
#assigned_pet=-1,-1,6,-1,6,-1,-1,-1,
#assigned_hub=2,0,5,0,8,4,1,7,
#moving_targetting_pos=6,26|6,6|-1,-1|22,1|-1,-1|16,16|6,16|-1,-1|
#setting_targetting_pos=-1,-1|-1,-1|18,27|22,29|24,27|-1,-1|-1,-1|-1,-1|
........
#11111101101111111101
#assigned_pet=-1,-1,9,-1,9,-1,-1,-1,
#assigned_hub=2,0,5,0,8,4,1,7,
#moving_targetting_pos=6,26|6,6|-1,-1|22,1|-1,-1|16,16|6,16|26,16|
#setting_targetting_pos=-1,-1|-1,-1|18,27|22,29|24,27|-1,-1|-1,-1|-1,-1|
........
#11111101101111111101
#assigned_pet=-1,-1,-1,-1,-1,-1,-1,-1,
#assigned_hub=2,0,5,0,8,4,1,7,
#moving_targetting_pos=6,26|6,6|-1,-1|22,1|-1,-1|-1,-1|6,16|-1,-1|
#setting_targetting_pos=-1,-1|-1,-1|-1,-1|22,29|-1,-1|-1,-1|-1,-1|-1,-1|
........
#11111101101111111101
#assigned_pet=-1,-1,-1,-1,-1,-1,-1,-1,
#assigned_hub=2,0,5,0,8,4,1,7,
#moving_targetting_pos=6,26|6,6|-1,-1|22,1|-1,-1|-1,-1|6,16|26,16|
#setting_targetting_pos=-1,-1|-1,-1|-1,-1|22,29|-1,-1|-1,-1|-1,-1|-1,-1|
........
#11111101101111111101
#assigned_pet=-1,-1,-1,-1,-1,-1,-1,-1,
#assigned_hub=2,0,5,0,8,4,1,7,
#moving_targetting_pos=6,26|6,6|-1,-1|22,1|-1,-1|-1,-1|6,16|-1,-1|
#setting_targetting_pos=-1,-1|-1,-1|-1,-1|22,29|-1,-1|-1,-1|-1,-1|-1,-1|
........
#11111101101111111101
#assigned_pet=-1,-1,-1,-1,-1,-1,-1,-1,
#assigned_hub=2,0,5,0,8,4,1,7,
#moving_targetting_pos=6,26|6,6|-1,-1|22,1|-1,-1|-1,-1|6,16|26,16|
#setting_targetting_pos=-1,-1|-1,-1|-1,-1|22,29|-1,-1|-1,-1|-1,-1|-1,-1|
........
#11111101101111111101
#assigned_pet=-1,-1,-1,-1,-1,-1,-1,-1,
#assigned_hub=2,0,5,0,8,4,1,7,
#moving_targetting_pos=6,26|6,6|-1,-1|22,1|-1,-1|-1,-1|6,16|-1,-1|
#setting_targetting_pos=-1,-1|-1,-1|-1,-1|22,29|-1,-1|-1,-1|-1,-1|-1,-1|
........
#11111101101111111101
#assigned_pet=-1,-1,-1,-1,-1,-1,-1,-1,
#assigned_hub=2,0,5,0,8,4,1,7,
#moving_targetting_pos=6,26|6,6|-1,-1|22,1|-1,-1|-1,-1|6,16|-1,-1|
#setting_targetting_pos=-1,-1|-1,-1|-1,-1|22,29|-1,-1|-1,-1|-1,-1|-1,-1|
........
#11111101101111111101
#assigned_pet=-1,-1,-1,-1,-1,-1,-1,-1,
#assigned_hub=2,0,5,0,8,4,1,7,
#moving_targetting_pos=6,26|6,6|-1,-1|22,1|-1,-1|-1,-1|6,16|-1,-1|
#setting_targetting_pos=-1,-1|-1,-1|-1,-1|22,29|-1,-1|-1,-1|-1,-1|-1,-1|
........
#11111101101111111101
#assigned_pet=-1,-1,9,-1,-1,9,-1,-1,
#assigned_hub=2,0,5,0,8,4,1,7,
#moving_targetting_pos=6,26|6,6|-1,-1|22,1|-1,-1|-1,-1|6,16|-1,-1|
#setting_targetting_pos=-1,-1|-1,-1|15,24|22,29|-1,-1|15,18|-1,-1|-1,-1|
..L.....
#11111101101111111101
#assigned_pet=-1,-1,9,-1,18,9,-1,18,
#assigned_hub=2,0,5,0,8,4,1,7,
#moving_targetting_pos=6,26|6,6|-1,-1|22,1|-1,-1|-1,-1|6,16|-1,-1|
#setting_targetting_pos=-1,-1|-1,-1|15,24|22,29|27,24|15,18|-1,-1|27,18|
..L.L..R
#11111101101111111101
#assigned_pet=-1,-1,9,-1,18,9,-1,18,
#assigned_hub=2,0,5,0,8,4,1,7,
#moving_targetting_pos=6,26|6,6|-1,-1|22,1|-1,-1|-1,-1|6,16|-1,-1|
#setting_targetting_pos=-1,-1|-1,-1|15,24|22,29|27,24|15,18|-1,-1|27,18|
..L.L..R
#11111101101111111101
#assigned_pet=-1,-1,6,-1,18,6,-1,18,
#assigned_hub=2,0,5,0,8,4,1,7,
#moving_targetting_pos=6,26|6,6|-1,-1|22,1|-1,-1|-1,-1|6,16|-1,-1|
#setting_targetting_pos=-1,-1|-1,-1|15,24|22,29|27,24|15,18|-1,-1|27,18|
..U.L..R
#11111101101111111101
#assigned_pet=-1,-1,6,-1,18,6,-1,18,
#assigned_hub=2,0,5,0,8,4,1,7,
#moving_targetting_pos=6,26|6,6|-1,-1|22,1|-1,-1|-1,-1|6,16|-1,-1|
#setting_targetting_pos=-1,-1|-1,-1|15,24|22,29|27,24|15,18|-1,-1|27,18|
....D..D
#11111111111111111111
#assigned_pet=-1,-1,6,-1,18,6,-1,18,
#assigned_hub=2,0,5,0,8,4,1,7,
#moving_targetting_pos=6,26|6,6|-1,-1|22,1|-1,-1|-1,-1|6,16|-1,-1|
#setting_targetting_pos=-1,-1|-1,-1|15,24|22,29|27,24|15,18|-1,-1|27,18|
..u.dr.d
#11111111111111111111
#assigned_pet=-1,-1,-1,-1,-1,-1,-1,-1,
#assigned_hub=2,0,5,0,8,4,1,7,
#moving_targetting_pos=6,26|6,6|16,26|22,1|26,26|16,16|6,16|26,16|
#setting_targetting_pos=-1,-1|-1,-1|-1,-1|22,29|-1,-1|-1,-1|-1,-1|-1,-1|
........
#11111111111111111111
#assigned_pet=-1,-1,-1,-1,-1,-1,-1,-1,
#assigned_hub=2,0,5,0,8,4,1,7,
#moving_targetting_pos=6,26|6,6|16,26|22,1|26,26|16,16|6,16|26,16|
#setting_targetting_pos=-1,-1|-1,-1|-1,-1|22,29|-1,-1|-1,-1|-1,-1|-1,-1|
........
#11111111111111111111
#assigned_pet=-1,-1,-1,-1,-1,-1,-1,-1,
#assigned_hub=2,0,5,0,8,4,1,7,
#moving_targetting_pos=6,26|6,6|16,26|22,1|26,26|16,16|6,16|26,16|
#setting_targetting_pos=-1,-1|-1,-1|-1,-1|22,29|-1,-1|-1,-1|-1,-1|-1,-1|
........
#11111111111111111111
#assigned_pet=-1,-1,-1,-1,-1,-1,-1,-1,
#assigned_hub=2,0,5,0,8,4,1,7,
#moving_targetting_pos=6,26|6,6|16,26|22,1|26,26|16,16|6,16|26,16|
#setting_targetting_pos=-1,-1|-1,-1|-1,-1|22,29|-1,-1|-1,-1|-1,-1|-1,-1|
........
#11111111111111111111
#assigned_pet=-1,-1,-1,-1,-1,-1,-1,-1,
#assigned_hub=2,0,5,0,8,4,1,7,
#moving_targetting_pos=6,26|6,6|16,26|22,1|26,26|16,16|6,16|26,16|
#setting_targetting_pos=-1,-1|-1,-1|-1,-1|22,29|-1,-1|-1,-1|-1,-1|-1,-1|
........
#11111111111111111111
#assigned_pet=-1,-1,-1,-1,-1,-1,-1,-1,
#assigned_hub=2,0,5,0,8,4,1,7,
#moving_targetting_pos=6,26|6,6|16,26|22,1|26,26|16,16|6,16|26,16|
#setting_targetting_pos=-1,-1|-1,-1|-1,-1|22,29|-1,-1|-1,-1|-1,-1|-1,-1|
........
#11111111111111111111
#assigned_pet=-1,-1,-1,-1,-1,-1,-1,-1,
#assigned_hub=2,0,5,0,8,4,1,7,
#moving_targetting_pos=6,26|6,6|16,26|22,1|26,26|16,16|6,16|26,16|
#setting_targetting_pos=-1,-1|-1,-1|-1,-1|22,29|-1,-1|-1,-1|-1,-1|-1,-1|
........
#11111111111111111111
#assigned_pet=-1,-1,-1,-1,-1,-1,-1,-1,
#assigned_hub=2,0,5,0,8,4,1,7,
#moving_targetting_pos=6,26|6,6|16,26|22,1|26,26|16,16|6,16|26,16|
#setting_targetting_pos=-1,-1|-1,-1|-1,-1|22,29|-1,-1|-1,-1|-1,-1|-1,-1|
........
#11111111111111111111
#assigned_pet=-1,-1,-1,-1,-1,-1,-1,-1,
#assigned_hub=2,0,5,0,8,4,1,7,
#moving_targetting_pos=6,26|6,6|16,26|22,1|26,26|16,16|6,16|26,16|
#setting_targetting_pos=-1,-1|-1,-1|-1,-1|22,29|-1,-1|-1,-1|-1,-1|-1,-1|
........
#11111111111111111111
#assigned_pet=-1,-1,-1,-1,-1,-1,-1,-1,
#assigned_hub=2,0,5,0,8,4,1,7,
#moving_targetting_pos=6,26|6,6|16,26|22,1|26,26|16,16|6,16|26,16|
#setting_targetting_pos=-1,-1|-1,-1|-1,-1|22,29|-1,-1|-1,-1|-1,-1|-1,-1|
........
#11111111111111111111
#assigned_pet=-1,-1,-1,-1,-1,-1,-1,-1,
#assigned_hub=2,0,5,0,8,4,1,7,
#moving_targetting_pos=6,26|6,6|16,26|22,1|26,26|16,16|6,16|26,16|
#setting_targetting_pos=-1,-1|-1,-1|-1,-1|22,29|-1,-1|-1,-1|-1,-1|-1,-1|
........
#11111111111111111111
#assigned_pet=-1,-1,-1,-1,-1,-1,-1,-1,
#assigned_hub=2,0,5,0,8,4,1,7,
#moving_targetting_pos=6,26|6,6|16,26|22,1|26,26|16,16|6,16|26,16|
#setting_targetting_pos=-1,-1|-1,-1|-1,-1|22,29|-1,-1|-1,-1|-1,-1|-1,-1|
........
#11111111111111111111
#assigned_pet=-1,-1,-1,-1,-1,-1,-1,-1,
#assigned_hub=2,0,5,0,8,4,1,7,
#moving_targetting_pos=6,26|6,6|16,26|22,1|26,26|16,16|6,16|26,16|
#setting_targetting_pos=-1,-1|-1,-1|-1,-1|22,29|-1,-1|-1,-1|-1,-1|-1,-1|
........
#11111111111111111111
#assigned_pet=-1,-1,-1,-1,-1,-1,-1,-1,
#assigned_hub=2,0,5,0,8,4,1,7,
#moving_targetting_pos=6,26|6,6|16,26|22,1|26,26|16,16|6,16|26,16|
#setting_targetting_pos=-1,-1|-1,-1|-1,-1|22,29|-1,-1|-1,-1|-1,-1|-1,-1|
........
#11111111111111111111
#assigned_pet=-1,-1,-1,-1,-1,-1,-1,-1,
#assigned_hub=2,0,5,0,8,4,1,7,
#moving_targetting_pos=6,26|6,6|16,26|22,1|26,26|16,16|6,16|26,16|
#setting_targetting_pos=-1,-1|-1,-1|-1,-1|22,29|-1,-1|-1,-1|-1,-1|-1,-1|
........
#11111111111111111111
#assigned_pet=-1,-1,-1,-1,-1,-1,-1,-1,
#assigned_hub=2,0,5,0,8,4,1,7,
#moving_targetting_pos=6,26|6,6|16,26|22,1|26,26|16,16|6,16|26,16|
#setting_targetting_pos=-1,-1|-1,-1|-1,-1|22,29|-1,-1|-1,-1|-1,-1|-1,-1|
........
#11111111111111111111
#assigned_pet=-1,-1,-1,-1,-1,-1,-1,-1,
#assigned_hub=2,0,5,0,8,4,1,7,
#moving_targetting_pos=6,26|6,6|16,26|22,1|26,26|16,16|6,16|26,16|
#setting_targetting_pos=-1,-1|-1,-1|-1,-1|22,29|-1,-1|-1,-1|-1,-1|-1,-1|
........
#11111111111111111111
#assigned_pet=-1,-1,-1,-1,-1,-1,-1,-1,
#assigned_hub=2,0,5,0,8,4,1,7,
#moving_targetting_pos=6,26|6,6|16,26|22,1|26,26|16,16|6,16|26,16|
#setting_targetting_pos=-1,-1|-1,-1|-1,-1|22,29|-1,-1|-1,-1|-1,-1|-1,-1|
........
#11111111111111111111
#assigned_pet=-1,-1,-1,-1,-1,-1,-1,-1,
#assigned_hub=2,0,5,0,8,4,1,7,
#moving_targetting_pos=6,26|6,6|16,26|22,1|26,26|16,16|6,16|26,16|
#setting_targetting_pos=-1,-1|-1,-1|-1,-1|22,29|-1,-1|-1,-1|-1,-1|-1,-1|
........
#11111111111111111111
#assigned_pet=-1,-1,-1,-1,-1,-1,-1,-1,
#assigned_hub=2,0,5,0,8,4,1,7,
#moving_targetting_pos=6,26|6,6|16,26|22,1|26,26|16,16|6,16|26,16|
#setting_targetting_pos=-1,-1|-1,-1|-1,-1|22,29|-1,-1|-1,-1|-1,-1|-1,-1|
........
#11111111111111111111
#assigned_pet=-1,-1,-1,-1,-1,-1,-1,-1,
#assigned_hub=2,0,5,0,8,4,1,7,
#moving_targetting_pos=6,26|6,6|16,26|22,1|26,26|16,16|6,16|26,16|
#setting_targetting_pos=-1,-1|-1,-1|-1,-1|22,29|-1,-1|-1,-1|-1,-1|-1,-1|
........
#11111111111111111111
#assigned_pet=-1,-1,-1,-1,-1,-1,-1,-1,
#assigned_hub=2,0,5,0,8,4,1,7,
#moving_targetting_pos=6,26|6,6|16,26|22,1|26,26|16,16|6,16|26,16|
#setting_targetting_pos=-1,-1|-1,-1|-1,-1|22,29|-1,-1|-1,-1|-1,-1|-1,-1|
........
#11111111111111111111
#assigned_pet=-1,-1,-1,-1,-1,-1,-1,-1,
#assigned_hub=2,0,5,0,8,4,1,7,
#moving_targetting_pos=6,26|6,6|16,26|22,1|26,26|16,16|6,16|26,16|
#setting_targetting_pos=-1,-1|-1,-1|-1,-1|22,29|-1,-1|-1,-1|-1,-1|-1,-1|
........
#11111111111111111111
#assigned_pet=-1,-1,-1,-1,-1,-1,-1,-1,
#assigned_hub=2,0,5,0,8,4,1,7,
#moving_targetting_pos=6,26|6,6|16,26|22,1|26,26|16,16|6,16|26,16|
#setting_targetting_pos=-1,-1|-1,-1|-1,-1|22,29|-1,-1|-1,-1|-1,-1|-1,-1|
........
#11111111111111111111
#assigned_pet=-1,-1,-1,-1,-1,-1,-1,-1,
#assigned_hub=2,0,5,0,8,4,1,7,
#moving_targetting_pos=6,26|6,6|16,26|22,1|26,26|16,16|6,16|26,16|
#setting_targetting_pos=-1,-1|-1,-1|-1,-1|22,29|-1,-1|-1,-1|-1,-1|-1,-1|
........
#11111111111111111111
#assigned_pet=-1,-1,-1,-1,-1,-1,-1,-1,
#assigned_hub=2,0,5,0,8,4,1,7,
#moving_targetting_pos=6,26|6,6|16,26|22,1|26,26|16,16|6,16|26,16|
#setting_targetting_pos=-1,-1|-1,-1|-1,-1|22,29|-1,-1|-1,-1|-1,-1|-1,-1|
........
#11111111111111111111
#assigned_pet=-1,-1,-1,-1,-1,-1,-1,-1,
#assigned_hub=2,0,5,0,8,4,1,7,
#moving_targetting_pos=6,26|6,6|16,26|22,1|26,26|16,16|6,16|26,16|
#setting_targetting_pos=-1,-1|-1,-1|-1,-1|22,29|-1,-1|-1,-1|-1,-1|-1,-1|
........
#11111111111111111111
#assigned_pet=-1,-1,-1,-1,-1,-1,-1,-1,
#assigned_hub=2,0,5,0,8,4,1,7,
#moving_targetting_pos=6,26|6,6|16,26|22,1|26,26|16,16|6,16|26,16|
#setting_targetting_pos=-1,-1|-1,-1|-1,-1|22,29|-1,-1|-1,-1|-1,-1|-1,-1|
........
#11111111111111111111
#assigned_pet=-1,-1,-1,-1,-1,-1,-1,-1,
#assigned_hub=2,0,5,0,8,4,1,7,
#moving_targetting_pos=6,26|6,6|16,26|22,1|26,26|16,16|6,16|26,16|
#setting_targetting_pos=-1,-1|-1,-1|-1,-1|22,29|-1,-1|-1,-1|-1,-1|-1,-1|
........
#11111111111111111111
#assigned_pet=-1,-1,-1,-1,-1,-1,-1,-1,
#assigned_hub=2,0,5,0,8,4,1,7,
#moving_targetting_pos=6,26|6,6|16,26|22,1|26,26|16,16|6,16|26,16|
#setting_targetting_pos=-1,-1|-1,-1|-1,-1|22,29|-1,-1|-1,-1|-1,-1|-1,-1|
........
#11111111111111111111
#assigned_pet=-1,-1,-1,-1,-1,-1,-1,-1,
#assigned_hub=2,0,5,0,8,4,1,7,
#moving_targetting_pos=6,26|6,6|16,26|22,1|26,26|16,16|6,16|26,16|
#setting_targetting_pos=-1,-1|-1,-1|-1,-1|22,29|-1,-1|-1,-1|-1,-1|-1,-1|
........
#11111111111111111111
#assigned_pet=-1,-1,-1,-1,-1,-1,-1,-1,
#assigned_hub=2,0,5,0,8,4,1,7,
#moving_targetting_pos=6,26|6,6|16,26|22,1|26,26|16,16|6,16|26,16|
#setting_targetting_pos=-1,-1|-1,-1|-1,-1|22,29|-1,-1|-1,-1|-1,-1|-1,-1|
........
#11111111111111111111
#assigned_pet=-1,-1,-1,-1,-1,-1,-1,-1,
#assigned_hub=2,0,5,0,8,4,1,7,
#moving_targetting_pos=6,26|6,6|16,26|22,1|26,26|16,16|6,16|26,16|
#setting_targetting_pos=-1,-1|-1,-1|-1,-1|22,29|-1,-1|-1,-1|-1,-1|-1,-1|
........
#11111111111111111111
#assigned_pet=-1,-1,-1,-1,-1,-1,-1,-1,
#assigned_hub=2,0,5,0,8,4,1,7,
#moving_targetting_pos=6,26|6,6|16,26|22,1|26,26|16,16|6,16|26,16|
#setting_targetting_pos=-1,-1|-1,-1|-1,-1|22,29|-1,-1|-1,-1|-1,-1|-1,-1|
........
#11111111111111111111
#assigned_pet=-1,-1,-1,-1,-1,-1,-1,-1,
#assigned_hub=2,0,5,0,8,4,1,7,
#moving_targetting_pos=6,26|6,6|16,26|22,1|26,26|16,16|6,16|26,16|
#setting_targetting_pos=-1,-1|-1,-1|-1,-1|22,29|-1,-1|-1,-1|-1,-1|-1,-1|
........
#11111111111111111111
#assigned_pet=-1,-1,-1,-1,-1,-1,-1,-1,
#assigned_hub=2,0,5,0,8,4,1,7,
#moving_targetting_pos=6,26|6,6|16,26|22,1|26,26|16,16|6,16|26,16|
#setting_targetting_pos=-1,-1|-1,-1|-1,-1|22,29|-1,-1|-1,-1|-1,-1|-1,-1|
........
#11111111111111111111
#assigned_pet=-1,-1,-1,-1,-1,-1,-1,-1,
#assigned_hub=2,0,5,0,8,4,1,7,
#moving_targetting_pos=6,26|6,6|16,26|22,1|26,26|16,16|6,16|26,16|
#setting_targetting_pos=-1,-1|-1,-1|-1,-1|22,29|-1,-1|-1,-1|-1,-1|-1,-1|
........
#11111111111111111111
#assigned_pet=-1,-1,-1,-1,-1,-1,-1,-1,
#assigned_hub=2,0,5,0,8,4,1,7,
#moving_targetting_pos=6,26|6,6|16,26|22,1|26,26|16,16|6,16|26,16|
#setting_targetting_pos=-1,-1|-1,-1|-1,-1|22,29|-1,-1|-1,-1|-1,-1|-1,-1|
........
#11111111111111111111
#assigned_pet=-1,-1,-1,-1,-1,-1,-1,-1,
#assigned_hub=2,0,5,0,8,4,1,7,
#moving_targetting_pos=6,26|6,6|16,26|22,1|26,26|16,16|6,16|26,16|
#setting_targetting_pos=-1,-1|-1,-1|-1,-1|22,29|-1,-1|-1,-1|-1,-1|-1,-1|
........
#11111111111111111111
#assigned_pet=-1,-1,-1,-1,-1,-1,-1,-1,
#assigned_hub=2,0,5,0,8,4,1,7,
#moving_targetting_pos=6,26|6,6|16,26|22,1|26,26|16,16|6,16|26,16|
#setting_targetting_pos=-1,-1|-1,-1|-1,-1|22,29|-1,-1|-1,-1|-1,-1|-1,-1|
........
#11111111111111111111
#assigned_pet=-1,-1,-1,-1,-1,-1,-1,-1,
#assigned_hub=2,0,5,0,8,4,1,7,
#moving_targetting_pos=6,26|6,6|16,26|22,1|26,26|16,16|6,16|26,16|
#setting_targetting_pos=-1,-1|-1,-1|-1,-1|22,29|-1,-1|-1,-1|-1,-1|-1,-1|
........
#11111111111111111111
#assigned_pet=-1,-1,-1,-1,-1,-1,-1,-1,
#assigned_hub=2,0,5,0,8,4,1,7,
#moving_targetting_pos=6,26|6,6|16,26|22,1|26,26|16,16|6,16|26,16|
#setting_targetting_pos=-1,-1|-1,-1|-1,-1|22,29|-1,-1|-1,-1|-1,-1|-1,-1|
........
#11111111111111111111
#assigned_pet=-1,-1,-1,-1,-1,-1,-1,-1,
#assigned_hub=2,0,5,0,8,4,1,7,
#moving_targetting_pos=6,26|6,6|16,26|22,1|26,26|16,16|6,16|26,16|
#setting_targetting_pos=-1,-1|-1,-1|-1,-1|22,29|-1,-1|-1,-1|-1,-1|-1,-1|
........
#11111111111111111111
#assigned_pet=-1,-1,-1,-1,-1,-1,-1,-1,
#assigned_hub=2,0,5,0,8,4,1,7,
#moving_targetting_pos=6,26|6,6|16,26|22,1|26,26|16,16|6,16|26,16|
#setting_targetting_pos=-1,-1|-1,-1|-1,-1|22,29|-1,-1|-1,-1|-1,-1|-1,-1|
........
#11111111111111111111
#assigned_pet=-1,-1,-1,-1,-1,-1,-1,-1,
#assigned_hub=2,0,5,0,8,4,1,7,
#moving_targetting_pos=6,26|6,6|16,26|22,1|26,26|16,16|6,16|26,16|
#setting_targetting_pos=-1,-1|-1,-1|-1,-1|22,29|-1,-1|-1,-1|-1,-1|-1,-1|
........
#11111111111111111111
#assigned_pet=-1,-1,-1,-1,-1,-1,-1,-1,
#assigned_hub=2,0,5,0,8,4,1,7,
#moving_targetting_pos=6,26|6,6|16,26|22,1|26,26|16,16|6,16|26,16|
#setting_targetting_pos=-1,-1|-1,-1|-1,-1|22,29|-1,-1|-1,-1|-1,-1|-1,-1|
........
#11111111111111111111
#assigned_pet=-1,-1,-1,-1,-1,-1,-1,-1,
#assigned_hub=2,0,5,0,8,4,1,7,
#moving_targetting_pos=6,26|6,6|16,26|22,1|26,26|16,16|6,16|26,16|
#setting_targetting_pos=-1,-1|-1,-1|-1,-1|22,29|-1,-1|-1,-1|-1,-1|-1,-1|
........
#11111111111111111111
#assigned_pet=-1,-1,-1,-1,-1,-1,-1,-1,
#assigned_hub=2,0,5,0,8,4,1,7,
#moving_targetting_pos=6,26|6,6|16,26|22,1|26,26|16,16|6,16|26,16|
#setting_targetting_pos=-1,-1|-1,-1|-1,-1|22,29|-1,-1|-1,-1|-1,-1|-1,-1|
........
#11111111111111111111
#assigned_pet=-1,-1,-1,-1,-1,-1,-1,-1,
#assigned_hub=2,0,5,0,8,4,1,7,
#moving_targetting_pos=6,26|6,6|16,26|22,1|26,26|16,16|6,16|26,16|
#setting_targetting_pos=-1,-1|-1,-1|-1,-1|22,29|-1,-1|-1,-1|-1,-1|-1,-1|
........
#11111111111111111111
#assigned_pet=-1,-1,-1,-1,-1,-1,-1,-1,
#assigned_hub=2,0,5,0,8,4,1,7,
#moving_targetting_pos=6,26|6,6|16,26|22,1|26,26|16,16|6,16|26,16|
#setting_targetting_pos=-1,-1|-1,-1|-1,-1|22,29|-1,-1|-1,-1|-1,-1|-1,-1|
........
#11111111111111111111
#assigned_pet=-1,-1,-1,-1,-1,-1,-1,-1,
#assigned_hub=2,0,5,0,8,4,1,7,
#moving_targetting_pos=6,26|6,6|16,26|22,1|26,26|16,16|6,16|26,16|
#setting_targetting_pos=-1,-1|-1,-1|-1,-1|22,29|-1,-1|-1,-1|-1,-1|-1,-1|
........
#11111111111111111111
#assigned_pet=-1,-1,-1,-1,-1,-1,-1,-1,
#assigned_hub=2,0,5,0,8,4,1,7,
#moving_targetting_pos=6,26|6,6|16,26|22,1|26,26|16,16|6,16|26,16|
#setting_targetting_pos=-1,-1|-1,-1|-1,-1|22,29|-1,-1|-1,-1|-1,-1|-1,-1|
........
#11111111111111111111
#assigned_pet=-1,-1,-1,-1,-1,-1,-1,-1,
#assigned_hub=2,0,5,0,8,4,1,7,
#moving_targetting_pos=6,26|6,6|16,26|22,1|26,26|16,16|6,16|26,16|
#setting_targetting_pos=-1,-1|-1,-1|-1,-1|22,29|-1,-1|-1,-1|-1,-1|-1,-1|
........
#11111111111111111111
#assigned_pet=-1,-1,-1,-1,-1,-1,-1,-1,
#assigned_hub=2,0,5,0,8,4,1,7,
#moving_targetting_pos=6,26|6,6|16,26|22,1|26,26|16,16|6,16|26,16|
#setting_targetting_pos=-1,-1|-1,-1|-1,-1|22,29|-1,-1|-1,-1|-1,-1|-1,-1|
........
#11111111111111111111
#assigned_pet=-1,-1,-1,-1,-1,-1,-1,-1,
#assigned_hub=2,0,5,0,8,4,1,7,
#moving_targetting_pos=6,26|6,6|16,26|22,1|26,26|16,16|6,16|26,16|
#setting_targetting_pos=-1,-1|-1,-1|-1,-1|22,29|-1,-1|-1,-1|-1,-1|-1,-1|
........
#11111111111111111111
#assigned_pet=-1,-1,-1,-1,-1,-1,-1,-1,
#assigned_hub=2,0,5,0,8,4,1,7,
#moving_targetting_pos=6,26|6,6|16,26|22,1|26,26|16,16|6,16|26,16|
#setting_targetting_pos=-1,-1|-1,-1|-1,-1|22,29|-1,-1|-1,-1|-1,-1|-1,-1|
........
#11111111111111111111
#assigned_pet=-1,-1,-1,-1,-1,-1,-1,-1,
#assigned_hub=2,0,5,0,8,4,1,7,
#moving_targetting_pos=6,26|6,6|16,26|22,1|26,26|16,16|6,16|26,16|
#setting_targetting_pos=-1,-1|-1,-1|-1,-1|22,29|-1,-1|-1,-1|-1,-1|-1,-1|
........
#11111111111111111111
#assigned_pet=-1,-1,-1,-1,-1,-1,-1,-1,
#assigned_hub=2,0,5,0,8,4,1,7,
#moving_targetting_pos=6,26|6,6|16,26|22,1|26,26|16,16|6,16|26,16|
#setting_targetting_pos=-1,-1|-1,-1|-1,-1|22,29|-1,-1|-1,-1|-1,-1|-1,-1|
........
#11111111111111111111
#assigned_pet=-1,-1,-1,-1,-1,-1,-1,-1,
#assigned_hub=2,0,5,0,8,4,1,7,
#moving_targetting_pos=6,26|6,6|16,26|22,1|26,26|16,16|6,16|26,16|
#setting_targetting_pos=-1,-1|-1,-1|-1,-1|22,29|-1,-1|-1,-1|-1,-1|-1,-1|
........
#11111111111111111111
#assigned_pet=-1,-1,-1,-1,-1,-1,-1,-1,
#assigned_hub=2,0,5,0,8,4,1,7,
#moving_targetting_pos=6,26|6,6|16,26|22,1|26,26|16,16|6,16|26,16|
#setting_targetting_pos=-1,-1|-1,-1|-1,-1|22,29|-1,-1|-1,-1|-1,-1|-1,-1|
........
#11111111111111111111
#assigned_pet=-1,-1,-1,-1,-1,-1,-1,-1,
#assigned_hub=2,0,5,0,8,4,1,7,
#moving_targetting_pos=6,26|6,6|16,26|22,1|26,26|16,16|6,16|26,16|
#setting_targetting_pos=-1,-1|-1,-1|-1,-1|22,29|-1,-1|-1,-1|-1,-1|-1,-1|
........
#11111111111111111111
#assigned_pet=-1,-1,-1,-1,-1,-1,-1,-1,
#assigned_hub=2,0,5,0,8,4,1,7,
#moving_targetting_pos=6,26|6,6|16,26|22,1|26,26|16,16|6,16|26,16|
#setting_targetting_pos=-1,-1|-1,-1|-1,-1|22,29|-1,-1|-1,-1|-1,-1|-1,-1|
........
#11111111111111111111
#assigned_pet=-1,-1,-1,-1,-1,-1,-1,-1,
#assigned_hub=2,0,5,0,8,4,1,7,
#moving_targetting_pos=6,26|6,6|16,26|22,1|26,26|16,16|6,16|26,16|
#setting_targetting_pos=-1,-1|-1,-1|-1,-1|22,29|-1,-1|-1,-1|-1,-1|-1,-1|
........
#11111111111111111111
#assigned_pet=-1,-1,-1,-1,-1,-1,-1,-1,
#assigned_hub=2,0,5,0,8,4,1,7,
#moving_targetting_pos=6,26|6,6|16,26|22,1|26,26|16,16|6,16|26,16|
#setting_targetting_pos=-1,-1|-1,-1|-1,-1|22,29|-1,-1|-1,-1|-1,-1|-1,-1|
........
#11111111111111111111
#assigned_pet=-1,-1,-1,-1,-1,-1,-1,-1,
#assigned_hub=2,0,5,0,8,4,1,7,
#moving_targetting_pos=6,26|6,6|16,26|22,1|26,26|16,16|6,16|26,16|
#setting_targetting_pos=-1,-1|-1,-1|-1,-1|22,29|-1,-1|-1,-1|-1,-1|-1,-1|
........
#11111111111111111111
#assigned_pet=-1,-1,-1,-1,-1,-1,-1,-1,
#assigned_hub=2,0,5,0,8,4,1,7,
#moving_targetting_pos=6,26|6,6|16,26|22,1|26,26|16,16|6,16|26,16|
#setting_targetting_pos=-1,-1|-1,-1|-1,-1|22,29|-1,-1|-1,-1|-1,-1|-1,-1|
........
#11111111111111111111
#assigned_pet=-1,-1,-1,-1,-1,-1,-1,-1,
#assigned_hub=2,0,5,0,8,4,1,7,
#moving_targetting_pos=6,26|6,6|16,26|22,1|26,26|16,16|6,16|26,16|
#setting_targetting_pos=-1,-1|-1,-1|-1,-1|22,29|-1,-1|-1,-1|-1,-1|-1,-1|
........
#11111111111111111111
#assigned_pet=-1,-1,-1,-1,-1,-1,-1,-1,
#assigned_hub=2,0,5,0,8,4,1,7,
#moving_targetting_pos=6,26|6,6|16,26|22,1|26,26|16,16|6,16|26,16|
#setting_targetting_pos=-1,-1|-1,-1|-1,-1|22,29|-1,-1|-1,-1|-1,-1|-1,-1|
........
#11111111111111111111
#assigned_pet=-1,-1,-1,-1,-1,-1,-1,-1,
#assigned_hub=2,0,5,0,8,4,1,7,
#moving_targetting_pos=6,26|6,6|16,26|22,1|26,26|16,16|6,16|26,16|
#setting_targetting_pos=-1,-1|-1,-1|-1,-1|22,29|-1,-1|-1,-1|-1,-1|-1,-1|
........
#11111111111111111111
#assigned_pet=-1,-1,-1,-1,-1,-1,-1,-1,
#assigned_hub=2,0,5,0,8,4,1,7,
#moving_targetting_pos=6,26|6,6|16,26|22,1|26,26|16,16|6,16|26,16|
#setting_targetting_pos=-1,-1|-1,-1|-1,-1|22,29|-1,-1|-1,-1|-1,-1|-1,-1|
........
#11111111111111111111
#assigned_pet=-1,-1,-1,-1,-1,-1,-1,-1,
#assigned_hub=2,0,5,0,8,4,1,7,
#moving_targetting_pos=6,26|6,6|16,26|22,1|26,26|16,16|6,16|26,16|
#setting_targetting_pos=-1,-1|-1,-1|-1,-1|22,29|-1,-1|-1,-1|-1,-1|-1,-1|
........
#11111111111111111111
#assigned_pet=-1,-1,-1,-1,-1,-1,-1,-1,
#assigned_hub=2,0,5,0,8,4,1,7,
#moving_targetting_pos=6,26|6,6|16,26|22,1|26,26|16,16|6,16|26,16|
#setting_targetting_pos=-1,-1|-1,-1|-1,-1|22,29|-1,-1|-1,-1|-1,-1|-1,-1|
........
#11111111111111111111
#assigned_pet=-1,-1,-1,-1,-1,-1,-1,-1,
#assigned_hub=2,0,5,0,8,4,1,7,
#moving_targetting_pos=6,26|6,6|16,26|22,1|26,26|16,16|6,16|26,16|
#setting_targetting_pos=-1,-1|-1,-1|-1,-1|22,29|-1,-1|-1,-1|-1,-1|-1,-1|
........
#11111111111111111111
#assigned_pet=-1,-1,-1,-1,-1,-1,-1,-1,
#assigned_hub=2,0,5,0,8,4,1,7,
#moving_targetting_pos=6,26|6,6|16,26|22,1|26,26|16,16|6,16|26,16|
#setting_targetting_pos=-1,-1|-1,-1|-1,-1|22,29|-1,-1|-1,-1|-1,-1|-1,-1|
........
#11111111111111111111
#assigned_pet=-1,-1,-1,-1,-1,-1,-1,-1,
#assigned_hub=2,0,5,0,8,4,1,7,
#moving_targetting_pos=6,26|6,6|16,26|22,1|26,26|16,16|6,16|26,16|
#setting_targetting_pos=-1,-1|-1,-1|-1,-1|22,29|-1,-1|-1,-1|-1,-1|-1,-1|
........
#11111111111111111111
#assigned_pet=-1,-1,-1,-1,-1,-1,-1,-1,
#assigned_hub=2,0,5,0,8,4,1,7,
#moving_targetting_pos=6,26|6,6|16,26|22,1|26,26|16,16|6,16|26,16|
#setting_targetting_pos=-1,-1|-1,-1|-1,-1|22,29|-1,-1|-1,-1|-1,-1|-1,-1|
........
#11111111111111111111
#assigned_pet=-1,-1,-1,-1,-1,-1,-1,-1,
#assigned_hub=2,0,5,0,8,4,1,7,
#moving_targetting_pos=6,26|6,6|16,26|22,1|26,26|16,16|6,16|26,16|
#setting_targetting_pos=-1,-1|-1,-1|-1,-1|22,29|-1,-1|-1,-1|-1,-1|-1,-1|
........
#11111111111111111111
#assigned_pet=-1,-1,-1,-1,-1,-1,-1,-1,
#assigned_hub=2,0,5,0,8,4,1,7,
#moving_targetting_pos=6,26|6,6|16,26|22,1|26,26|16,16|6,16|26,16|
#setting_targetting_pos=-1,-1|-1,-1|-1,-1|22,29|-1,-1|-1,-1|-1,-1|-1,-1|
........
#11111111111111111111
#assigned_pet=-1,-1,-1,-1,-1,-1,-1,-1,
#assigned_hub=2,0,5,0,8,4,1,7,
#moving_targetting_pos=6,26|6,6|16,26|22,1|26,26|16,16|6,16|26,16|
#setting_targetting_pos=-1,-1|-1,-1|-1,-1|22,29|-1,-1|-1,-1|-1,-1|-1,-1|
........
#11111111111111111111
#assigned_pet=-1,-1,-1,-1,-1,-1,-1,-1,
#assigned_hub=2,0,5,0,8,4,1,7,
#moving_targetting_pos=6,26|6,6|16,26|22,1|26,26|16,16|6,16|26,16|
#setting_targetting_pos=-1,-1|-1,-1|-1,-1|22,29|-1,-1|-1,-1|-1,-1|-1,-1|
........
#11111111111111111111
#assigned_pet=-1,-1,-1,-1,-1,-1,-1,-1,
#assigned_hub=2,0,5,0,8,4,1,7,
#moving_targetting_pos=6,26|6,6|16,26|22,1|26,26|16,16|6,16|26,16|
#setting_targetting_pos=-1,-1|-1,-1|-1,-1|22,29|-1,-1|-1,-1|-1,-1|-1,-1|
........
#11111111111111111111
#assigned_pet=-1,-1,-1,-1,-1,-1,-1,-1,
#assigned_hub=2,0,5,0,8,4,1,7,
#moving_targetting_pos=6,26|6,6|16,26|22,1|26,26|16,16|6,16|26,16|
#setting_targetting_pos=-1,-1|-1,-1|-1,-1|22,29|-1,-1|-1,-1|-1,-1|-1,-1|
........
#11111111111111111111
#assigned_pet=-1,-1,-1,-1,-1,-1,-1,-1,
#assigned_hub=2,0,5,0,8,4,1,7,
#moving_targetting_pos=6,26|6,6|16,26|22,1|26,26|16,16|6,16|26,16|
#setting_targetting_pos=-1,-1|-1,-1|-1,-1|22,29|-1,-1|-1,-1|-1,-1|-1,-1|
........
#11111111111111111111
#assigned_pet=-1,-1,-1,-1,-1,-1,-1,-1,
#assigned_hub=2,0,5,0,8,4,1,7,
#moving_targetting_pos=6,26|6,6|16,26|22,1|26,26|16,16|6,16|26,16|
#setting_targetting_pos=-1,-1|-1,-1|-1,-1|22,29|-1,-1|-1,-1|-1,-1|-1,-1|
........
#11111111111111111111
#assigned_pet=-1,-1,-1,-1,-1,-1,-1,-1,
#assigned_hub=2,0,5,0,8,4,1,7,
#moving_targetting_pos=6,26|6,6|16,26|22,1|26,26|16,16|6,16|26,16|
#setting_targetting_pos=-1,-1|-1,-1|-1,-1|22,29|-1,-1|-1,-1|-1,-1|-1,-1|
........
#11111111111111111111
#assigned_pet=-1,-1,-1,-1,-1,-1,-1,-1,
#assigned_hub=2,0,5,0,8,4,1,7,
#moving_targetting_pos=6,26|6,6|16,26|22,1|26,26|16,16|6,16|26,16|
#setting_targetting_pos=-1,-1|-1,-1|-1,-1|22,29|-1,-1|-1,-1|-1,-1|-1,-1|
........
#11111111111111111111
#assigned_pet=-1,-1,-1,-1,-1,-1,-1,-1,
#assigned_hub=2,0,5,0,8,4,1,7,
#moving_targetting_pos=6,26|6,6|16,26|22,1|26,26|16,16|6,16|26,16|
#setting_targetting_pos=-1,-1|-1,-1|-1,-1|22,29|-1,-1|-1,-1|-1,-1|-1,-1|
........
#11111111111111111111
#assigned_pet=-1,-1,-1,-1,-1,-1,-1,-1,
#assigned_hub=2,0,5,0,8,4,1,7,
#moving_targetting_pos=6,26|6,6|16,26|22,1|26,26|16,16|6,16|26,16|
#setting_targetting_pos=-1,-1|-1,-1|-1,-1|22,29|-1,-1|-1,-1|-1,-1|-1,-1|
........
#11111111111111111111
#assigned_pet=-1,-1,-1,-1,-1,-1,-1,-1,
#assigned_hub=2,0,5,0,8,4,1,7,
#moving_targetting_pos=6,26|6,6|16,26|22,1|26,26|16,16|6,16|26,16|
#setting_targetting_pos=-1,-1|-1,-1|-1,-1|22,29|-1,-1|-1,-1|-1,-1|-1,-1|
........
#11111111111111111111
#assigned_pet=-1,-1,-1,-1,-1,-1,-1,-1,
#assigned_hub=2,0,5,0,8,4,1,7,
#moving_targetting_pos=6,26|6,6|16,26|22,1|26,26|16,16|6,16|26,16|
#setting_targetting_pos=-1,-1|-1,-1|-1,-1|22,29|-1,-1|-1,-1|-1,-1|-1,-1|
........
#11111111111111111111
#assigned_pet=-1,-1,-1,-1,-1,-1,-1,-1,
#assigned_hub=2,0,5,0,8,4,1,7,
#moving_targetting_pos=6,26|6,6|16,26|22,1|26,26|16,16|6,16|26,16|
#setting_targetting_pos=-1,-1|-1,-1|-1,-1|22,29|-1,-1|-1,-1|-1,-1|-1,-1|
........
#11111111111111111111
#assigned_pet=-1,-1,-1,-1,-1,-1,-1,-1,
#assigned_hub=2,0,5,0,8,4,1,7,
#moving_targetting_pos=6,26|6,6|16,26|22,1|26,26|16,16|6,16|26,16|
#setting_targetting_pos=-1,-1|-1,-1|-1,-1|22,29|-1,-1|-1,-1|-1,-1|-1,-1|
........
#11111111111111111111
#assigned_pet=-1,-1,-1,-1,-1,-1,-1,-1,
#assigned_hub=2,0,5,0,8,4,1,7,
#moving_targetting_pos=6,26|6,6|16,26|22,1|26,26|16,16|6,16|26,16|
#setting_targetting_pos=-1,-1|-1,-1|-1,-1|22,29|-1,-1|-1,-1|-1,-1|-1,-1|
........
#11111111111111111111
#assigned_pet=-1,-1,-1,-1,-1,-1,-1,-1,
#assigned_hub=2,0,5,0,8,4,1,7,
#moving_targetting_pos=6,26|6,6|16,26|22,1|26,26|16,16|6,16|26,16|
#setting_targetting_pos=-1,-1|-1,-1|-1,-1|22,29|-1,-1|-1,-1|-1,-1|-1,-1|
........
#11111111111111111111
#assigned_pet=-1,-1,-1,-1,-1,-1,-1,-1,
#assigned_hub=2,0,5,0,8,4,1,7,
#moving_targetting_pos=6,26|6,6|16,26|22,1|26,26|16,16|6,16|26,16|
#setting_targetting_pos=-1,-1|-1,-1|-1,-1|22,29|-1,-1|-1,-1|-1,-1|-1,-1|
........
#11111111111111111111
#assigned_pet=-1,-1,-1,-1,-1,-1,-1,-1,
#assigned_hub=2,0,5,0,8,4,1,7,
#moving_targetting_pos=6,26|6,6|16,26|22,1|26,26|16,16|6,16|26,16|
#setting_targetting_pos=-1,-1|-1,-1|-1,-1|22,29|-1,-1|-1,-1|-1,-1|-1,-1|
........
#11111111111111111111
#assigned_pet=-1,-1,-1,-1,-1,-1,-1,-1,
#assigned_hub=2,0,5,0,8,4,1,7,
#moving_targetting_pos=6,26|6,6|16,26|22,1|26,26|16,16|6,16|26,16|
#setting_targetting_pos=-1,-1|-1,-1|-1,-1|22,29|-1,-1|-1,-1|-1,-1|-1,-1|
........
#11111111111111111111
#assigned_pet=-1,-1,-1,-1,-1,-1,-1,-1,
#assigned_hub=2,0,5,0,8,4,1,7,
#moving_targetting_pos=6,26|6,6|16,26|22,1|26,26|16,16|6,16|26,16|
#setting_targetting_pos=-1,-1|-1,-1|-1,-1|22,29|-1,-1|-1,-1|-1,-1|-1,-1|
........
#11111111111111111111
#assigned_pet=-1,-1,-1,-1,-1,-1,-1,-1,
#assigned_hub=2,0,5,0,8,4,1,7,
#moving_targetting_pos=6,26|6,6|16,26|22,1|26,26|16,16|6,16|26,16|
#setting_targetting_pos=-1,-1|-1,-1|-1,-1|22,29|-1,-1|-1,-1|-1,-1|-1,-1|
........
#11111111111111111111
#assigned_pet=-1,-1,-1,-1,-1,-1,-1,-1,
#assigned_hub=2,0,5,0,8,4,1,7,
#moving_targetting_pos=6,26|6,6|16,26|22,1|26,26|16,16|6,16|26,16|
#setting_targetting_pos=-1,-1|-1,-1|-1,-1|22,29|-1,-1|-1,-1|-1,-1|-1,-1|
........
#11111111111111111111
#assigned_pet=-1,-1,-1,-1,-1,-1,-1,-1,
#assigned_hub=2,0,5,0,8,4,1,7,
#moving_targetting_pos=6,26|6,6|16,26|22,1|26,26|16,16|6,16|26,16|
#setting_targetting_pos=-1,-1|-1,-1|-1,-1|22,29|-1,-1|-1,-1|-1,-1|-1,-1|
........
#11111111111111111111
#assigned_pet=-1,-1,-1,-1,-1,-1,-1,-1,
#assigned_hub=2,0,5,0,8,4,1,7,
#moving_targetting_pos=6,26|6,6|16,26|22,1|26,26|16,16|6,16|26,16|
#setting_targetting_pos=-1,-1|-1,-1|-1,-1|22,29|-1,-1|-1,-1|-1,-1|-1,-1|
........
#11111111111111111111
#assigned_pet=-1,-1,-1,-1,-1,-1,-1,-1,
#assigned_hub=2,0,5,0,8,4,1,7,
#moving_targetting_pos=6,26|6,6|16,26|22,1|26,26|16,16|6,16|26,16|
#setting_targetting_pos=-1,-1|-1,-1|-1,-1|22,29|-1,-1|-1,-1|-1,-1|-1,-1|
........
#11111111111111111111
#assigned_pet=-1,-1,-1,-1,-1,-1,-1,-1,
#assigned_hub=2,0,5,0,8,4,1,7,
#moving_targetting_pos=6,26|6,6|16,26|22,1|26,26|16,16|6,16|26,16|
#setting_targetting_pos=-1,-1|-1,-1|-1,-1|22,29|-1,-1|-1,-1|-1,-1|-1,-1|
........
#11111111111111111111
#assigned_pet=-1,-1,-1,-1,-1,-1,-1,-1,
#assigned_hub=2,0,5,0,8,4,1,7,
#moving_targetting_pos=6,26|6,6|16,26|22,1|26,26|16,16|6,16|26,16|
#setting_targetting_pos=-1,-1|-1,-1|-1,-1|22,29|-1,-1|-1,-1|-1,-1|-1,-1|
........
#11111111111111111111
#assigned_pet=-1,-1,-1,-1,-1,-1,-1,-1,
#assigned_hub=2,0,5,0,8,4,1,7,
#moving_targetting_pos=6,26|6,6|16,26|22,1|26,26|16,16|6,16|26,16|
#setting_targetting_pos=-1,-1|-1,-1|-1,-1|22,29|-1,-1|-1,-1|-1,-1|-1,-1|
........
#11111111111111111111
#assigned_pet=-1,-1,-1,-1,-1,-1,-1,-1,
#assigned_hub=2,0,5,0,8,4,1,7,
#moving_targetting_pos=6,26|6,6|16,26|22,1|26,26|16,16|6,16|26,16|
#setting_targetting_pos=-1,-1|-1,-1|-1,-1|22,29|-1,-1|-1,-1|-1,-1|-1,-1|
........
#11111111111111111111
#assigned_pet=-1,-1,-1,-1,-1,-1,-1,-1,
#assigned_hub=2,0,5,0,8,4,1,7,
#moving_targetting_pos=6,26|6,6|16,26|22,1|26,26|16,16|6,16|26,16|
#setting_targetting_pos=-1,-1|-1,-1|-1,-1|22,29|-1,-1|-1,-1|-1,-1|-1,-1|
........
#11111111111111111111
#assigned_pet=-1,-1,-1,-1,-1,-1,-1,-1,
#assigned_hub=2,0,5,0,8,4,1,7,
#moving_targetting_pos=6,26|6,6|16,26|22,1|26,26|16,16|6,16|26,16|
#setting_targetting_pos=-1,-1|-1,-1|-1,-1|22,29|-1,-1|-1,-1|-1,-1|-1,-1|
........
#11111111111111111111
#assigned_pet=-1,-1,-1,-1,-1,-1,-1,-1,
#assigned_hub=2,0,5,0,8,4,1,7,
#moving_targetting_pos=6,26|6,6|16,26|22,1|26,26|16,16|6,16|26,16|
#setting_targetting_pos=-1,-1|-1,-1|-1,-1|22,29|-1,-1|-1,-1|-1,-1|-1,-1|
........
#11111111111111111111
#assigned_pet=-1,-1,-1,-1,-1,-1,-1,-1,
#assigned_hub=2,0,5,0,8,4,1,7,
#moving_targetting_pos=6,26|6,6|16,26|22,1|26,26|16,16|6,16|26,16|
#setting_targetting_pos=-1,-1|-1,-1|-1,-1|22,29|-1,-1|-1,-1|-1,-1|-1,-1|
........
#11111111111111111111
#assigned_pet=-1,-1,-1,-1,-1,-1,-1,-1,
#assigned_hub=2,0,5,0,8,4,1,7,
#moving_targetting_pos=6,26|6,6|16,26|22,1|26,26|16,16|6,16|26,16|
#setting_targetting_pos=-1,-1|-1,-1|-1,-1|22,29|-1,-1|-1,-1|-1,-1|-1,-1|
........
#11111111111111111111
#assigned_pet=-1,-1,-1,-1,-1,-1,-1,-1,
#assigned_hub=2,0,5,0,8,4,1,7,
#moving_targetting_pos=6,26|6,6|16,26|22,1|26,26|16,16|6,16|26,16|
#setting_targetting_pos=-1,-1|-1,-1|-1,-1|22,29|-1,-1|-1,-1|-1,-1|-1,-1|
........
#11111111111111111111
#assigned_pet=-1,-1,-1,-1,-1,-1,-1,-1,
#assigned_hub=2,0,5,0,8,4,1,7,
#moving_targetting_pos=6,26|6,6|16,26|22,1|26,26|16,16|6,16|26,16|
#setting_targetting_pos=-1,-1|-1,-1|-1,-1|22,29|-1,-1|-1,-1|-1,-1|-1,-1|
........
#11111111111111111111
#assigned_pet=-1,-1,-1,-1,-1,-1,-1,-1,
#assigned_hub=2,0,5,0,8,4,1,7,
#moving_targetting_pos=6,26|6,6|16,26|22,1|26,26|16,16|6,16|26,16|
#setting_targetting_pos=-1,-1|-1,-1|-1,-1|22,29|-1,-1|-1,-1|-1,-1|-1,-1|
........
#11111111111111111111
#assigned_pet=-1,-1,-1,-1,-1,-1,-1,-1,
#assigned_hub=2,0,5,0,8,4,1,7,
#moving_targetting_pos=6,26|6,6|16,26|22,1|26,26|16,16|6,16|26,16|
#setting_targetting_pos=-1,-1|-1,-1|-1,-1|22,29|-1,-1|-1,-1|-1,-1|-1,-1|
........
#11111111111111111111
#assigned_pet=-1,-1,-1,-1,-1,-1,-1,-1,
#assigned_hub=2,0,5,0,8,4,1,7,
#moving_targetting_pos=6,26|6,6|16,26|22,1|26,26|16,16|6,16|26,16|
#setting_targetting_pos=-1,-1|-1,-1|-1,-1|22,29|-1,-1|-1,-1|-1,-1|-1,-1|
........
#11111111111111111111
#assigned_pet=-1,-1,-1,-1,-1,-1,-1,-1,
#assigned_hub=2,0,5,0,8,4,1,7,
#moving_targetting_pos=6,26|6,6|16,26|22,1|26,26|16,16|6,16|26,16|
#setting_targetting_pos=-1,-1|-1,-1|-1,-1|22,29|-1,-1|-1,-1|-1,-1|-1,-1|
........
#11111111111111111111
#assigned_pet=-1,-1,-1,-1,-1,-1,-1,-1,
#assigned_hub=2,0,5,0,8,4,1,7,
#moving_targetting_pos=6,26|6,6|16,26|22,1|26,26|16,16|6,16|26,16|
#setting_targetting_pos=-1,-1|-1,-1|-1,-1|22,29|-1,-1|-1,-1|-1,-1|-1,-1|
........
#11111111111111111111
#assigned_pet=-1,-1,-1,-1,-1,-1,-1,-1,
#assigned_hub=2,0,5,0,8,4,1,7,
#moving_targetting_pos=6,26|6,6|16,26|22,1|26,26|16,16|6,16|26,16|
#setting_targetting_pos=-1,-1|-1,-1|-1,-1|22,29|-1,-1|-1,-1|-1,-1|-1,-1|
........
#11111111111111111111
#assigned_pet=-1,-1,-1,-1,-1,-1,-1,-1,
#assigned_hub=2,0,5,0,8,4,1,7,
#moving_targetting_pos=6,26|6,6|16,26|22,1|26,26|16,16|6,16|26,16|
#setting_targetting_pos=-1,-1|-1,-1|-1,-1|22,29|-1,-1|-1,-1|-1,-1|-1,-1|
........
#11111111111111111111
#assigned_pet=-1,-1,-1,-1,-1,-1,-1,-1,
#assigned_hub=2,0,5,0,8,4,1,7,
#moving_targetting_pos=6,26|6,6|16,26|22,1|26,26|16,16|6,16|26,16|
#setting_targetting_pos=-1,-1|-1,-1|-1,-1|22,29|-1,-1|-1,-1|-1,-1|-1,-1|
........
#11111111111111111111
#assigned_pet=-1,-1,-1,-1,-1,-1,-1,-1,
#assigned_hub=2,0,5,0,8,4,1,7,
#moving_targetting_pos=6,26|6,6|16,26|22,1|26,26|16,16|6,16|26,16|
#setting_targetting_pos=-1,-1|-1,-1|-1,-1|22,29|-1,-1|-1,-1|-1,-1|-1,-1|
........
#11111111111111111111
#assigned_pet=-1,-1,-1,-1,-1,-1,-1,-1,
#assigned_hub=2,0,5,0,8,4,1,7,
#moving_targetting_pos=6,26|6,6|16,26|22,1|26,26|16,16|6,16|26,16|
#setting_targetting_pos=-1,-1|-1,-1|-1,-1|22,29|-1,-1|-1,-1|-1,-1|-1,-1|
........
#11111111111111111111
#assigned_pet=-1,-1,-1,-1,-1,-1,-1,-1,
#assigned_hub=2,0,5,0,8,4,1,7,
#moving_targetting_pos=6,26|6,6|16,26|22,1|26,26|16,16|6,16|26,16|
#setting_targetting_pos=-1,-1|-1,-1|-1,-1|22,29|-1,-1|-1,-1|-1,-1|-1,-1|
........
#11111111111111111111
#assigned_pet=-1,-1,-1,-1,-1,-1,-1,-1,
#assigned_hub=2,0,5,0,8,4,1,7,
#moving_targetting_pos=6,26|6,6|16,26|22,1|26,26|16,16|6,16|26,16|
#setting_targetting_pos=-1,-1|-1,-1|-1,-1|22,29|-1,-1|-1,-1|-1,-1|-1,-1|
........
#11111111111111111111
#assigned_pet=-1,-1,-1,-1,-1,-1,-1,-1,
#assigned_hub=2,0,5,0,8,4,1,7,
#moving_targetting_pos=6,26|6,6|16,26|22,1|26,26|16,16|6,16|26,16|
#setting_targetting_pos=-1,-1|-1,-1|-1,-1|22,29|-1,-1|-1,-1|-1,-1|-1,-1|
........
#11111111111111111111
#assigned_pet=-1,-1,-1,-1,-1,-1,-1,-1,
#assigned_hub=2,0,5,0,8,4,1,7,
#moving_targetting_pos=6,26|6,6|16,26|22,1|26,26|16,16|6,16|26,16|
#setting_targetting_pos=-1,-1|-1,-1|-1,-1|22,29|-1,-1|-1,-1|-1,-1|-1,-1|
........
#11111111111111111111
#assigned_pet=-1,-1,-1,-1,-1,-1,-1,-1,
#assigned_hub=2,0,5,0,8,4,1,7,
#moving_targetting_pos=6,26|6,6|16,26|22,1|26,26|16,16|6,16|26,16|
#setting_targetting_pos=-1,-1|-1,-1|-1,-1|22,29|-1,-1|-1,-1|-1,-1|-1,-1|
........
#11111111111111111111
#assigned_pet=-1,-1,-1,-1,-1,-1,-1,-1,
#assigned_hub=2,0,5,0,8,4,1,7,
#moving_targetting_pos=6,26|6,6|16,26|22,1|26,26|16,16|6,16|26,16|
#setting_targetting_pos=-1,-1|-1,-1|-1,-1|22,29|-1,-1|-1,-1|-1,-1|-1,-1|
........
#11111111111111111111
#assigned_pet=-1,-1,-1,-1,-1,-1,-1,-1,
#assigned_hub=2,0,5,0,8,4,1,7,
#moving_targetting_pos=6,26|6,6|16,26|22,1|26,26|16,16|6,16|26,16|
#setting_targetting_pos=-1,-1|-1,-1|-1,-1|22,29|-1,-1|-1,-1|-1,-1|-1,-1|
........
#11111111111111111111
#assigned_pet=-1,-1,-1,-1,-1,-1,-1,-1,
#assigned_hub=2,0,5,0,8,4,1,7,
#moving_targetting_pos=6,26|6,6|16,26|22,1|26,26|16,16|6,16|26,16|
#setting_targetting_pos=-1,-1|-1,-1|-1,-1|22,29|-1,-1|-1,-1|-1,-1|-1,-1|
........
#11111111111111111111
#assigned_pet=-1,-1,-1,-1,-1,-1,-1,-1,
#assigned_hub=2,0,5,0,8,4,1,7,
#moving_targetting_pos=6,26|6,6|16,26|22,1|26,26|16,16|6,16|26,16|
#setting_targetting_pos=-1,-1|-1,-1|-1,-1|22,29|-1,-1|-1,-1|-1,-1|-1,-1|
........
