#000000000000
#assigned_pet=-1,-1,-1,-1,-1,-1,-1,-1,
#assigned_hub=0,0,0,0,0,0,0,0,
#moving_targetting_pos=29,30|12,29|5,1|9,30|15,1|2,29|19,2|22,1|
#setting_targetting_pos=29,2|12,1|5,30|9,2|15,30|2,1|19,30|22,29|
RRLRLRDD
#000000000000
#assigned_pet=-1,-1,-1,-1,-1,-1,-1,-1,
#assigned_hub=0,0,0,0,0,0,0,0,
#moving_targetting_pos=29,30|12,29|5,1|9,30|15,1|2,29|19,2|22,1|
#setting_targetting_pos=29,2|12,1|5,30|9,2|15,30|2,1|19,30|22,29|
RULRLRDD
#000000000000
#assigned_pet=-1,-1,-1,-1,-1,-1,-1,-1,
#assigned_hub=0,0,0,0,0,0,0,0,
#moving_targetting_pos=29,30|12,29|5,1|9,30|15,1|2,29|19,2|22,1|
#setting_targetting_pos=29,2|12,1|5,30|9,2|15,30|2,1|19,30|22,29|
RUdRLRDD
#000000000000
#assigned_pet=-1,-1,-1,-1,-1,-1,-1,-1,
#assigned_hub=0,0,0,0,0,0,0,0,
#moving_targetting_pos=29,30|12,29|5,1|9,30|15,1|2,29|19,2|22,1|
#setting_targetting_pos=29,2|12,1|5,30|9,2|15,30|2,1|19,30|22,29|
RrRRLRDu
#000000000000
#assigned_pet=-1,-1,-1,-1,-1,-1,-1,-1,
#assigned_hub=0,0,0,0,0,0,0,0,
#moving_targetting_pos=29,30|12,29|5,1|9,30|15,1|2,29|19,2|22,1|
#setting_targetting_pos=29,2|12,1|5,30|9,2|15,30|2,1|19,30|22,29|
RddRLRDR
#000000000000
#assigned_pet=-1,-1,-1,-1,-1,-1,-1,-1,
#assigned_hub=0,0,0,0,0,0,0,0,
#moving_targetting_pos=29,30|12,29|5,1|9,30|15,1|2,29|19,2|22,1|
#setting_targetting_pos=29,2|12,1|5,30|9,2|15,30|2,1|19,30|22,29|
RLRDLRDR
#000000000000
#assigned_pet=-1,-1,-1,-1,-1,-1,-1,-1,
#assigned_hub=0,0,0,0,0,0,0,0,
#moving_targetting_pos=29,30|12,29|5,1|9,30|15,1|2,29|19,2|22,1|
#setting_targetting_pos=29,2|12,1|5,30|9,2|15,30|2,1|19,30|22,29|
RLdDLRDl
#000000000000
#assigned_pet=-1,-1,-1,-1,-1,-1,-1,-1,
#assigned_hub=0,0,0,0,0,0,0,0,
#moving_targetting_pos=29,30|12,29|5,1|9,30|15,1|2,29|19,2|22,1|
#setting_targetting_pos=29,2|12,1|5,30|9,2|15,30|2,1|19,30|22,29|
RLRdLRDd
#000000000000
#assigned_pet=-1,-1,-1,-1,-1,-1,-1,-1,
#assigned_hub=0,0,0,0,0,0,0,0,
#moving_targetting_pos=29,30|12,29|5,1|9,30|15,1|2,29|19,2|22,1|
#setting_targetting_pos=29,2|12,1|5,30|9,2|15,30|2,1|19,30|22,29|
UduLLRDR
#000000000000
#assigned_pet=-1,-1,-1,-1,-1,-1,-1,-1,
#assigned_hub=0,0,0,0,0,0,0,0,
#moving_targetting_pos=29,30|12,29|5,1|9,30|15,1|2,29|19,2|22,1|
#setting_targetting_pos=29,2|12,1|5,30|9,2|15,30|2,1|19,30|22,29|
duRLLUDR
#000000000000
#assigned_pet=-1,-1,-1,-1,-1,-1,-1,-1,
#assigned_hub=0,0,0,0,0,0,0,0,
#moving_targetting_pos=29,30|12,29|5,1|9,30|15,1|2,29|19,2|22,1|
#setting_targetting_pos=29,2|12,1|5,30|9,2|15,30|2,1|19,30|22,29|
LLRrDUDR
#000000000000
#assigned_pet=-1,-1,-1,-1,-1,-1,-1,-1,
#assigned_hub=0,0,0,0,0,0,0,0,
#moving_targetting_pos=29,30|12,29|5,1|9,30|15,1|2,29|19,2|22,1|
#setting_targetting_pos=29,2|12,1|5,30|9,2|15,30|2,1|19,30|22,29|
LrRuDUDd
#000000000000
#assigned_pet=-1,-1,-1,-1,-1,-1,-1,-1,
#assigned_hub=0,0,0,0,0,0,0,0,
#moving_targetting_pos=29,30|12,29|5,1|9,30|15,1|2,29|19,2|22,1|
#setting_targetting_pos=29,2|12,1|5,30|9,2|15,30|2,1|19,30|22,29|
rLRLDUDu
#000000000000
#assigned_pet=-1,-1,-1,-1,-1,-1,-1,-1,
#assigned_hub=0,0,0,0,0,0,0,0,
#moving_targetting_pos=29,30|12,29|5,1|9,30|15,1|2,29|19,2|22,1|
#setting_targetting_pos=29,2|12,1|5,30|9,2|15,30|2,1|19,30|22,29|
uLuLDUDR
#000000000000
#assigned_pet=-1,-1,-1,-1,-1,-1,-1,-1,
#assigned_hub=0,0,0,0,0,0,0,0,
#moving_targetting_pos=29,30|12,29|5,1|9,30|15,1|2,29|19,2|22,1|
#setting_targetting_pos=29,2|12,1|5,30|9,2|15,30|2,1|19,30|22,29|
LdR.Drdl
#000000000000
#assigned_pet=-1,-1,-1,-1,-1,-1,-1,-1,
#assigned_hub=0,0,0,0,0,0,0,0,
#moving_targetting_pos=29,30|12,29|5,1|9,30|15,1|2,29|19,2|22,1|
#setting_targetting_pos=29,2|12,1|5,30|9,2|15,30|2,1|19,30|22,29|
LLd.ddRR
#000000000000
#assigned_pet=-1,-1,-1,-1,-1,-1,-1,-1,
#assigned_hub=0,0,0,0,0,0,0,0,
#moving_targetting_pos=29,30|12,29|5,1|9,30|15,1|2,29|19,2|22,1|
#setting_targetting_pos=29,2|12,1|5,30|9,2|15,30|2,1|19,30|22,29|
dLR.RLRR
#000000000000
#assigned_pet=-1,-1,-1,-1,-1,-1,-1,-1,
#assigned_hub=0,0,0,0,0,0,0,0,
#moving_targetting_pos=29,30|12,29|5,1|9,30|15,1|2,29|19,2|22,1|
#setting_targetting_pos=29,2|12,1|5,30|9,2|15,30|2,1|19,30|22,29|
LrdddLl.
#000000000000
#assigned_pet=-1,-1,-1,-1,-1,-1,-1,-1,
#assigned_hub=0,0,0,0,0,0,0,0,
#moving_targetting_pos=29,30|12,29|5,1|9,30|15,1|2,29|19,2|22,1|
#setting_targetting_pos=29,2|12,1|5,30|9,2|15,30|2,1|19,30|22,29|
ruRLRLu.
#000000000000
#assigned_pet=-1,-1,-1,-1,-1,-1,-1,-1,
#assigned_hub=0,0,0,0,0,0,0,0,
#moving_targetting_pos=29,30|12,29|5,1|9,30|15,1|2,29|19,2|22,1|
#setting_targetting_pos=29,2|12,1|5,30|9,2|15,30|2,1|19,30|22,29|
LLd.ddR.
#000000000000
#assigned_pet=-1,-1,-1,-1,-1,-1,-1,-1,
#assigned_hub=0,0,0,0,0,0,0,0,
#moving_targetting_pos=29,30|12,29|5,1|9,30|15,1|2,29|19,2|22,1|
#setting_targetting_pos=29,2|12,1|5,30|9,2|15,30|2,1|19,30|22,29|
uLRrRuRd
#000000000000
#assigned_pet=-1,-1,-1,-1,-1,-1,-1,-1,
#assigned_hub=0,0,0,0,0,0,0,0,
#moving_targetting_pos=29,30|12,29|5,1|9,30|15,1|2,29|19,2|22,1|
#setting_targetting_pos=29,2|12,1|5,30|9,2|15,30|2,1|19,30|22,29|
LrdLuLdR
#000000000000
#assigned_pet=-1,-1,-1,-1,-1,-1,-1,-1,
#assigned_hub=0,0,0,0,0,0,0,0,
#moving_targetting_pos=29,30|12,29|5,1|9,30|15,1|2,29|19,2|22,1|
#setting_targetting_pos=29,2|12,1|5,30|9,2|15,30|2,1|19,30|22,29|
LdRuRrRR
#000000000000
#assigned_pet=-1,-1,-1,-1,-1,-1,-1,-1,
#assigned_hub=0,0,0,0,0,0,0,0,
#moving_targetting_pos=29,30|12,29|5,1|9,30|15,1|2,29|19,2|22,1|
#setting_targetting_pos=29,2|12,1|5,30|9,2|15,30|2,1|19,30|22,29|
rLdLRLll
#000000000000
#assigned_pet=-1,-1,-1,-1,-1,-1,-1,-1,
#assigned_hub=0,0,0,0,0,0,0,0,
#moving_targetting_pos=29,30|12,29|5,1|9,30|15,1|2,29|19,2|22,1|
#setting_targetting_pos=29,2|12,1|5,30|9,2|15,30|2,1|19,30|22,29|
dLRLRLRu
#000000000000
#assigned_pet=-1,-1,-1,-1,-1,-1,-1,-1,
#assigned_hub=0,0,0,0,0,0,0,0,
#moving_targetting_pos=29,30|12,29|5,1|9,30|15,1|2,29|19,2|22,1|
#setting_targetting_pos=29,2|12,1|5,30|9,2|15,30|2,1|19,30|22,29|
LLurRduR
#000000000000
#assigned_pet=-1,-1,-1,-1,-1,-1,-1,-1,
#assigned_hub=0,0,0,0,0,0,0,0,
#moving_targetting_pos=29,30|12,29|5,1|9,30|15,1|2,29|19,2|22,1|
#setting_targetting_pos=29,2|12,1|5,30|9,2|15,30|2,1|19,30|22,29|
LuRduLRR
#000000000000
#assigned_pet=-1,-1,-1,-1,-1,-1,-1,-1,
#assigned_hub=0,0,0,0,0,0,0,0,
#moving_targetting_pos=29,30|12,29|5,1|9,30|15,1|2,29|19,2|22,1|
#setting_targetting_pos=29,2|12,1|5,30|9,2|15,30|2,1|19,30|22,29|
d.RLRLRl
#000000000000
#assigned_pet=-1,-1,-1,-1,-1,-1,-1,-1,
#assigned_hub=0,0,0,0,0,0,0,0,
#moving_targetting_pos=29,30|12,29|5,1|9,30|15,1|2,29|19,2|22,1|
#setting_targetting_pos=29,2|12,1|5,30|9,2|15,30|2,1|19,30|22,29|
L.RLdrld
#000000000000
#assigned_pet=-1,-1,-1,-1,-1,-1,-1,-1,
#assigned_hub=0,0,0,0,0,0,0,0,
#moving_targetting_pos=29,30|12,29|5,1|9,30|15,1|2,29|19,2|22,1|
#setting_targetting_pos=29,2|12,1|5,30|9,2|15,30|2,1|19,30|22,29|
LdRdRudR
#000000000000
#assigned_pet=-1,-1,-1,-1,-1,-1,-1,-1,
#assigned_hub=0,0,0,0,0,0,0,0,
#moving_targetting_pos=29,30|12,29|5,1|9,30|15,1|2,29|19,2|22,1|
#setting_targetting_pos=29,2|12,1|5,30|9,2|15,30|2,1|19,30|22,29|
rLuLdLRR
#000000000000
#assigned_pet=-1,-1,-1,-1,-1,-1,-1,-1,
#assigned_hub=0,0,0,0,0,0,0,0,
#moving_targetting_pos=29,30|12,29|5,1|9,30|15,1|2,29|19,2|22,1|
#setting_targetting_pos=29,2|12,1|5,30|9,2|15,30|2,1|19,30|22,29|
urRLRLRR
#000000000000
#assigned_pet=-1,-1,-1,-1,-1,-1,-1,-1,
#assigned_hub=0,0,0,0,0,0,0,0,
#moving_targetting_pos=29,30|12,29|5,1|9,30|15,1|2,29|19,2|22,1|
#setting_targetting_pos=29,2|12,1|5,30|9,2|15,30|2,1|19,30|22,29|
LLdrdrdd
#000000000000
#assigned_pet=-1,-1,-1,-1,-1,-1,-1,-1,
#assigned_hub=0,0,0,0,0,0,0,0,
#moving_targetting_pos=29,30|12,29|5,1|9,30|15,1|2,29|19,2|22,1|
#setting_targetting_pos=29,2|12,1|5,30|9,2|15,30|2,1|19,30|22,29|
LLRuR.Ru
#000000000000
#assigned_pet=-1,-1,-1,-1,-1,-1,-1,-1,
#assigned_hub=0,0,0,0,0,0,0,0,
#moving_targetting_pos=29,30|12,29|5,1|9,30|15,1|2,29|19,2|22,1|
#setting_targetting_pos=29,2|12,1|5,30|9,2|15,30|2,1|19,30|22,29|
dddLd.RR
#000000000000
#assigned_pet=-1,-1,-1,-1,-1,-1,-1,-1,
#assigned_hub=0,0,0,0,0,0,0,0,
#moving_targetting_pos=29,30|12,29|5,1|9,30|15,1|2,29|19,2|22,1|
#setting_targetting_pos=29,2|12,1|5,30|9,2|15,30|2,1|19,30|22,29|
LLRLR.ll
#000000000000
#assigned_pet=-1,-1,-1,-1,-1,-1,-1,-1,
#assigned_hub=0,0,0,0,0,0,0,0,
#moving_targetting_pos=29,30|12,29|5,1|9,30|15,1|2,29|19,2|22,1|
#setting_targetting_pos=29,2|12,1|5,30|9,2|15,30|2,1|19,30|22,29|
rLddd.uR
#000000000000
#assigned_pet=-1,-1,-1,-1,-1,-1,-1,-1,
#assigned_hub=0,0,0,0,0,0,0,0,
#moving_targetting_pos=29,30|12,29|5,1|9,30|15,1|2,29|19,2|22,1|
#setting_targetting_pos=29,2|12,1|5,30|9,2|15,30|2,1|19,30|22,29|
LrRLR.RR
#000000000000
#assigned_pet=-1,-1,-1,-1,-1,-1,-1,-1,
#assigned_hub=0,0,0,0,0,0,0,0,
#moving_targetting_pos=29,30|12,29|5,1|9,30|15,1|2,29|19,2|22,1|
#setting_targetting_pos=29,2|12,1|5,30|9,2|15,30|2,1|19,30|22,29|
uudru.Rd
#000000000000
#assigned_pet=-1,-1,-1,-1,-1,-1,-1,-1,
#assigned_hub=0,0,0,0,0,0,0,0,
#moving_targetting_pos=29,30|12,29|5,1|9,30|15,1|2,29|19,2|22,1|
#setting_targetting_pos=29,2|12,1|5,30|9,2|15,30|2,1|19,30|22,29|
LLRLR.dR
#000000000000
#assigned_pet=-1,-1,-1,-1,-1,-1,-1,-1,
#assigned_hub=0,0,0,0,0,0,0,0,
#moving_targetting_pos=29,30|12,29|5,1|9,30|15,1|2,29|19,2|22,1|
#setting_targetting_pos=29,2|12,1|5,30|9,2|15,30|2,1|19,30|22,29|
LLduR.RR
#000000000000
#assigned_pet=-1,-1,-1,-1,-1,-1,-1,-1,
#assigned_hub=0,0,0,0,0,0,0,0,
#moving_targetting_pos=29,30|12,29|5,1|9,30|15,1|2,29|19,2|22,1|
#setting_targetting_pos=29,2|12,1|5,30|9,2|15,30|2,1|19,30|22,29|
rrRLR.ll
#000000000000
#assigned_pet=-1,-1,-1,-1,-1,-1,-1,-1,
#assigned_hub=0,0,0,0,0,0,0,0,
#moving_targetting_pos=29,30|12,29|5,1|9,30|15,1|2,29|19,2|22,1|
#setting_targetting_pos=29,2|12,1|5,30|9,2|15,30|2,1|19,30|22,29|
dduLR.Ru
#000000000000
#assigned_pet=-1,-1,-1,-1,-1,-1,-1,-1,
#assigned_hub=0,0,0,0,0,0,0,0,
#moving_targetting_pos=29,30|12,29|5,1|9,30|15,1|2,29|19,2|22,1|
#setting_targetting_pos=29,2|12,1|5,30|9,2|15,30|2,1|19,30|22,29|
LLRr.d.R
#000000000000
#assigned_pet=-1,-1,-1,-1,-1,-1,-1,-1,
#assigned_hub=0,0,0,0,0,0,0,0,
#moving_targetting_pos=29,30|12,29|5,1|9,30|15,1|2,29|19,2|22,1|
#setting_targetting_pos=29,2|12,1|5,30|9,2|15,30|2,1|19,30|22,29|
LLRd.LuR
#000000000000
#assigned_pet=-1,-1,-1,-1,-1,-1,-1,-1,
#assigned_hub=0,0,0,0,0,0,0,0,
#moving_targetting_pos=29,30|12,29|5,1|9,30|15,1|2,29|19,2|22,1|
#setting_targetting_pos=29,2|12,1|5,30|9,2|15,30|2,1|19,30|22,29|
dLRL.LRl
#000000000000
#assigned_pet=-1,-1,-1,-1,-1,-1,-1,-1,
#assigned_hub=0,0,0,0,0,0,0,0,
#moving_targetting_pos=29,30|12,29|5,1|9,30|15,1|2,29|19,2|22,1|
#setting_targetting_pos=29,2|12,1|5,30|9,2|15,30|2,1|19,30|22,29|
LdRLuLRd
#000000000000
#assigned_pet=-1,-1,-1,-1,-1,-1,-1,-1,
#assigned_hub=0,0,0,0,0,0,0,0,
#moving_targetting_pos=29,30|12,29|5,1|9,30|15,1|2,29|19,2|22,1|
#setting_targetting_pos=29,2|12,1|5,30|9,2|15,30|2,1|19,30|22,29|
LuudRd.R
#000000000000
#assigned_pet=-1,-1,-1,-1,-1,-1,-1,-1,
#assigned_hub=0,0,0,0,0,0,0,0,
#moving_targetting_pos=29,30|12,29|5,1|9,30|15,1|2,29|19,2|22,1|
#setting_targetting_pos=29,2|12,1|5,30|9,2|15,30|2,1|19,30|22,29|
rLRL.ulR
#000000000000
#assigned_pet=-1,-1,-1,-1,-1,-1,-1,-1,
#assigned_hub=0,0,0,0,0,0,0,0,
#moving_targetting_pos=29,30|12,29|5,1|9,30|15,1|2,29|19,2|22,1|
#setting_targetting_pos=29,2|12,1|5,30|9,2|15,30|2,1|19,30|22,29|
urdL.L.R
#000000000000
#assigned_pet=-1,-1,-1,-1,-1,-1,-1,-1,
#assigned_hub=0,0,0,0,0,0,0,0,
#moving_targetting_pos=29,30|12,29|5,1|9,30|15,1|2,29|19,2|22,1|
#setting_targetting_pos=29,2|12,1|5,30|9,2|15,30|2,1|19,30|22,29|
LLRr.r.d
#000000000000
#assigned_pet=-1,-1,-1,-1,-1,-1,-1,-1,
#assigned_hub=0,0,0,0,0,0,0,0,
#moving_targetting_pos=29,30|12,29|5,1|9,30|15,1|2,29|19,2|22,1|
#setting_targetting_pos=29,2|12,1|5,30|9,2|15,30|2,1|19,30|22,29|
LLdudL.u
#000000000000
#assigned_pet=-1,-1,-1,-1,-1,-1,-1,-1,
#assigned_hub=0,0,0,0,0,0,0,0,
#moving_targetting_pos=29,30|12,29|25,30|9,30|15,1|2,29|19,2|22,1|
#setting_targetting_pos=29,2|12,1|25,1|9,2|15,30|2,1|19,30|22,29|
ddLLRL.R
#000000000000
#assigned_pet=-1,-1,-1,-1,-1,-1,-1,-1,
#assigned_hub=0,0,0,0,0,0,0,0,
#moving_targetting_pos=29,30|12,29|25,30|9,30|15,1|2,29|19,2|22,1|
#setting_targetting_pos=29,2|12,1|25,1|9,2|15,30|2,1|19,30|22,29|
LLLLdd.l
#000000000000
#assigned_pet=-1,-1,-1,-1,-1,-1,-1,-1,
#assigned_hub=0,0,0,0,0,0,0,0,
#moving_targetting_pos=29,30|12,29|25,30|9,30|15,1|2,29|19,2|22,1|
#setting_targetting_pos=29,2|12,1|25,1|9,2|15,30|2,1|19,30|22,29|
rLLdRLdR
#000000000000
#assigned_pet=-1,-1,-1,-1,-1,-1,-1,-1,
#assigned_hub=0,0,0,0,0,0,0,0,
#moving_targetting_pos=29,30|12,29|25,30|9,30|15,1|2,29|19,2|22,1|
#setting_targetting_pos=29,2|12,1|25,1|9,2|15,30|2,1|19,30|22,29|
L.DLdLRR
#000000000000
#assigned_pet=-1,-1,-1,-1,-1,-1,-1,-1,
#assigned_hub=0,0,0,0,0,0,0,0,
#moving_targetting_pos=29,30|12,29|25,30|9,30|15,1|2,29|19,2|22,1|
#setting_targetting_pos=29,2|12,1|25,1|9,2|15,30|2,1|19,30|22,29|
urDrRrRr
#000000000000
#assigned_pet=-1,-1,-1,-1,-1,-1,-1,-1,
#assigned_hub=0,0,0,0,0,0,0,0,
#moving_targetting_pos=29,30|12,29|25,30|9,30|15,1|2,29|19,2|22,1|
#setting_targetting_pos=29,2|12,1|25,1|9,2|15,30|2,1|19,30|22,29|
LuDLdudd
#000000000000
#assigned_pet=-1,-1,-1,-1,-1,-1,-1,-1,
#assigned_hub=0,3,0,0,0,0,0,8,
#moving_targetting_pos=29,30|16,6|25,30|9,30|15,1|2,29|19,2|26,26|
#setting_targetting_pos=29,2|12,1|25,1|9,2|15,30|2,1|19,30|22,29|
LDD.RLRL
#000000000000
#assigned_pet=-1,-1,-1,-1,-1,-1,-1,-1,
#assigned_hub=0,3,0,0,0,0,0,8,
#moving_targetting_pos=29,30|16,6|25,30|9,30|15,1|2,29|19,2|26,26|
#setting_targetting_pos=29,2|-1,-1|25,1|9,2|15,30|2,1|19,30|-1,-1|
rRRudLRL
#000000000000
#assigned_pet=-1,-1,-1,-1,-1,-1,-1,-1,
#assigned_hub=0,3,0,0,0,0,0,8,
#moving_targetting_pos=29,30|16,6|25,30|9,30|15,1|2,29|19,2|26,26|
#setting_targetting_pos=29,2|-1,-1|25,1|9,2|15,30|2,1|19,30|-1,-1|
dDDLRrlD
#000000000000
#assigned_pet=-1,-1,-1,-1,-1,-1,-1,-1,
#assigned_hub=6,3,0,0,0,0,0,8,
#moving_targetting_pos=26,6|16,6|25,30|9,30|15,1|2,29|19,2|26,26|
#setting_targetting_pos=29,2|-1,-1|25,1|9,2|15,30|2,1|19,30|-1,-1|
URDLuduD
#000000000000
#assigned_pet=-1,-1,-1,-1,-1,-1,-1,-1,
#assigned_hub=6,3,0,0,0,0,0,8,
#moving_targetting_pos=26,6|16,6|25,30|9,30|15,1|2,29|19,2|26,26|
#setting_targetting_pos=-1,-1|-1,-1|25,1|9,2|15,30|2,1|19,30|-1,-1|
RDDrRLRL
#000000000000
#assigned_pet=-1,-1,-1,-1,-1,-1,-1,9,
#assigned_hub=6,3,0,0,0,0,0,8,
#moving_targetting_pos=26,6|16,6|25,30|9,30|15,1|2,29|19,2|-1,-1|
#setting_targetting_pos=-1,-1|-1,-1|25,1|9,2|15,30|2,1|19,30|27,28|
URDdRLRR
#000000000000
#assigned_pet=-1,-1,-1,-1,-1,-1,-1,-1,
#assigned_hub=6,3,0,0,0,0,0,8,
#moving_targetting_pos=26,6|16,6|25,30|6,6|15,1|2,29|19,2|-1,-1|
#setting_targetting_pos=-1,-1|-1,-1|25,1|9,2|15,30|2,1|19,30|-1,-1|
RRDURLd.
#000000000000
#assigned_pet=-1,-1,-1,-1,-1,-1,-1,-1,
#assigned_hub=6,3,0,0,0,0,0,8,
#moving_targetting_pos=26,6|-1,-1|25,30|6,6|15,1|2,29|19,2|-1,-1|
#setting_targetting_pos=-1,-1|-1,-1|25,1|-1,-1|15,30|2,1|19,30|-1,-1|
R.DRRdR.
#000000000000
#assigned_pet=6,6,-1,-1,-1,-1,-1,-1,
#assigned_hub=6,3,0,0,0,0,0,8,
#moving_targetting_pos=-1,-1|-1,-1|25,30|6,6|15,1|2,29|19,2|-1,-1|
#setting_targetting_pos=24,5|18,5|25,1|-1,-1|15,30|2,1|19,30|-1,-1|
UDDU.ul.
#000000000000
#assigned_pet=6,6,-1,-1,-1,-1,-1,9,
#assigned_hub=6,3,0,0,0,0,0,8,
#moving_targetting_pos=-1,-1|-1,-1|25,30|6,6|15,1|2,29|19,2|-1,-1|
#setting_targetting_pos=24,5|18,5|25,1|-1,-1|15,30|2,1|19,30|27,28|
UDDR.LRR
#000000000000
#assigned_pet=6,6,-1,-1,-1,-1,-1,-1,
#assigned_hub=6,3,0,0,0,0,0,8,
#moving_targetting_pos=-1,-1|-1,-1|25,30|6,6|15,1|2,29|19,2|-1,-1|
#setting_targetting_pos=24,5|18,5|25,1|-1,-1|15,30|2,1|19,30|-1,-1|
..DR.r..
#000000000001
#assigned_pet=6,6,-1,11,-1,-1,-1,9,
#assigned_hub=6,3,0,0,0,0,0,8,
#moving_targetting_pos=-1,-1|-1,-1|25,30|-1,-1|15,1|2,29|19,2|-1,-1|
#setting_targetting_pos=24,5|18,5|25,1|7,4|15,30|2,1|19,30|25,28|
..Dl.L..
#000000000001
#assigned_pet=6,6,-1,-1,-1,-1,-1,9,
#assigned_hub=6,3,0,0,0,0,0,8,
#moving_targetting_pos=-1,-1|-1,-1|25,30|-1,-1|15,1|2,29|19,2|-1,-1|
#setting_targetting_pos=24,5|18,5|25,1|-1,-1|15,30|2,1|19,30|25,28|
..D.uL..
#000000000001
#assigned_pet=6,6,-1,-1,-1,-1,-1,9,
#assigned_hub=6,3,0,0,0,0,0,8,
#moving_targetting_pos=-1,-1|-1,-1|25,30|-1,-1|15,1|2,29|19,2|-1,-1|
#setting_targetting_pos=24,5|18,5|25,1|-1,-1|15,30|2,1|19,30|25,28|
..D.Rd..
#000000000001
#assigned_pet=6,6,-1,-1,-1,-1,-1,-1,
#assigned_hub=6,3,0,0,0,0,0,8,
#moving_targetting_pos=-1,-1|-1,-1|25,30|-1,-1|15,1|2,29|19,2|-1,-1|
#setting_targetting_pos=24,5|18,5|25,1|-1,-1|15,30|2,1|19,30|-1,-1|
..D.dLu.
#000000000001
#assigned_pet=6,6,-1,-1,-1,-1,-1,9,
#assigned_hub=6,3,0,0,0,0,0,8,
#moving_targetting_pos=-1,-1|-1,-1|25,30|-1,-1|15,1|2,29|19,2|-1,-1|
#setting_targetting_pos=24,5|18,5|25,1|-1,-1|15,30|2,1|19,30|25,28|
..D.RLR.
#000000000001
#assigned_pet=6,6,-1,-1,-1,-1,-1,-1,
#assigned_hub=6,3,0,0,0,0,0,8,
#moving_targetting_pos=-1,-1|-1,-1|25,30|-1,-1|15,1|2,29|19,2|-1,-1|
#setting_targetting_pos=24,5|18,5|25,1|-1,-1|15,30|2,1|19,30|-1,-1|
..D.drR.
#000000000001
#assigned_pet=6,6,-1,-1,-1,-1,-1,9,
#assigned_hub=6,3,0,0,5,0,0,8,
#moving_targetting_pos=-1,-1|-1,-1|25,30|-1,-1|16,26|2,29|19,2|-1,-1|
#setting_targetting_pos=24,5|18,5|25,1|-1,-1|15,30|2,1|19,30|25,28|
..R.Lul.
#000000000001
#assigned_pet=6,6,-1,-1,-1,-1,-1,-1,
#assigned_hub=6,3,0,0,5,4,0,8,
#moving_targetting_pos=-1,-1|-1,-1|25,30|-1,-1|16,26|16,16|19,2|-1,-1|
#setting_targetting_pos=24,5|18,5|25,1|-1,-1|-1,-1|2,1|19,30|-1,-1|
..R.LDd.
#000000000001
#assigned_pet=6,6,-1,-1,-1,-1,-1,9,
#assigned_hub=6,3,0,0,5,4,7,8,
#moving_targetting_pos=-1,-1|-1,-1|25,30|-1,-1|16,26|16,16|26,16|-1,-1|
#setting_targetting_pos=24,5|18,5|25,1|-1,-1|-1,-1|-1,-1|19,30|25,28|
..D.LRU.
#000000000001
#assigned_pet=6,6,-1,-1,-1,-1,-1,9,
#assigned_hub=6,3,0,0,5,4,7,8,
#moving_targetting_pos=-1,-1|-1,-1|25,30|-1,-1|-1,-1|16,16|26,16|-1,-1|
#setting_targetting_pos=24,5|18,5|25,1|-1,-1|-1,-1|-1,-1|-1,-1|25,28|
..d..DLL
#000000000001
#assigned_pet=6,6,-1,-1,-1,-1,-1,9,
#assigned_hub=6,3,0,0,5,4,7,8,
#moving_targetting_pos=-1,-1|-1,-1|25,30|-1,-1|-1,-1|16,16|26,16|-1,-1|
#setting_targetting_pos=24,5|18,5|25,1|-1,-1|-1,-1|-1,-1|-1,-1|25,28|
..L..RUR
#000000000001
#assigned_pet=6,6,-1,-1,-1,-1,-1,9,
#assigned_hub=6,3,0,0,5,4,7,8,
#moving_targetting_pos=-1,-1|-1,-1|25,30|-1,-1|-1,-1|16,16|26,16|-1,-1|
#setting_targetting_pos=24,5|18,5|25,1|-1,-1|-1,-1|-1,-1|-1,-1|25,28|
..d..DLL
#000000000001
#assigned_pet=6,6,-1,-1,-1,-1,-1,9,
#assigned_hub=6,3,0,0,5,4,7,8,
#moving_targetting_pos=-1,-1|-1,-1|25,30|-1,-1|-1,-1|16,16|26,16|-1,-1|
#setting_targetting_pos=24,5|18,5|25,1|-1,-1|-1,-1|-1,-1|-1,-1|25,28|
..L..RLR
#000000000001
#assigned_pet=6,6,-1,-1,-1,-1,-1,9,
#assigned_hub=6,3,0,0,5,4,7,8,
#moving_targetting_pos=-1,-1|-1,-1|25,30|-1,-1|-1,-1|16,16|26,16|-1,-1|
#setting_targetting_pos=24,5|18,5|25,1|-1,-1|-1,-1|-1,-1|-1,-1|25,28|
.....RLL
#000000000001
#assigned_pet=6,6,-1,-1,-1,-1,-1,9,
#assigned_hub=6,3,0,0,5,4,7,8,
#moving_targetting_pos=-1,-1|-1,-1|25,30|-1,-1|-1,-1|16,16|26,16|-1,-1|
#setting_targetting_pos=24,5|18,5|25,1|-1,-1|-1,-1|-1,-1|-1,-1|25,28|
.....RLR
#000000000001
#assigned_pet=6,6,-1,-1,-1,-1,-1,9,
#assigned_hub=6,3,0,0,5,4,7,8,
#moving_targetting_pos=-1,-1|-1,-1|25,30|-1,-1|-1,-1|16,16|26,16|-1,-1|
#setting_targetting_pos=24,5|18,5|25,1|-1,-1|-1,-1|-1,-1|-1,-1|25,28|
.....RLL
#000000000001
#assigned_pet=6,6,-1,-1,-1,-1,-1,9,
#assigned_hub=6,3,0,0,5,4,7,8,
#moving_targetting_pos=-1,-1|-1,-1|25,30|-1,-1|-1,-1|16,16|26,16|-1,-1|
#setting_targetting_pos=24,5|18,5|25,1|-1,-1|-1,-1|-1,-1|-1,-1|25,28|
.....RLR
#000000000001
#assigned_pet=6,6,-1,-1,-1,-1,-1,9,
#assigned_hub=6,3,0,0,5,4,7,8,
#moving_targetting_pos=-1,-1|-1,-1|25,30|-1,-1|-1,-1|16,16|26,16|-1,-1|
#setting_targetting_pos=24,5|18,5|25,1|-1,-1|-1,-1|-1,-1|-1,-1|25,28|
.....RLL
#000000000001
#assigned_pet=6,6,-1,-1,-1,-1,-1,9,
#assigned_hub=6,3,0,0,5,4,7,8,
#moving_targetting_pos=-1,-1|-1,-1|25,30|-1,-1|-1,-1|16,16|26,16|-1,-1|
#setting_targetting_pos=24,5|18,5|25,1|-1,-1|-1,-1|-1,-1|-1,-1|25,28|
.....RLR
#000000000001
#assigned_pet=6,6,-1,-1,-1,-1,-1,9,
#assigned_hub=6,3,0,0,5,4,7,8,
#moving_targetting_pos=-1,-1|-1,-1|25,30|-1,-1|-1,-1|16,16|26,16|-1,-1|
#setting_targetting_pos=24,5|18,5|25,1|-1,-1|-1,-1|-1,-1|-1,-1|25,28|
.....RL.
#000000000001
#assigned_pet=-1,-1,-1,-1,-1,-1,-1,9,
#assigned_hub=6,3,0,0,5,4,7,8,
#moving_targetting_pos=-1,-1|-1,-1|25,30|-1,-1|-1,-1|16,16|26,16|-1,-1|
#setting_targetting_pos=-1,-1|-1,-1|25,1|-1,-1|-1,-1|-1,-1|-1,-1|25,28|
.....RL.
#000000000001
#assigned_pet=6,6,-1,-1,-1,-1,-1,9,
#assigned_hub=6,3,0,0,5,4,7,8,
#moving_targetting_pos=-1,-1|-1,-1|25,30|-1,-1|-1,-1|16,16|26,16|-1,-1|
#setting_targetting_pos=24,5|18,5|25,1|-1,-1|-1,-1|-1,-1|-1,-1|25,28|
.....RLL
#000000000001
#assigned_pet=6,6,-1,-1,-1,-1,-1,9,
#assigned_hub=6,3,0,2,5,4,7,8,
#moving_targetting_pos=-1,-1|-1,-1|25,30|6,26|-1,-1|16,16|26,16|-1,-1|
#setting_targetting_pos=24,5|18,5|25,1|-1,-1|-1,-1|-1,-1|-1,-1|25,28|
...R.RLR
#000000000001
#assigned_pet=6,6,-1,-1,-1,-1,-1,9,
#assigned_hub=6,3,0,2,5,4,7,8,
#moving_targetting_pos=-1,-1|-1,-1|25,30|6,26|-1,-1|16,16|26,16|-1,-1|
#setting_targetting_pos=24,5|18,5|25,1|-1,-1|-1,-1|-1,-1|-1,-1|25,28|
...R.RDL
#000000000001
#assigned_pet=6,6,-1,-1,-1,-1,-1,9,
#assigned_hub=6,3,0,2,5,4,7,8,
#moving_targetting_pos=-1,-1|-1,-1|25,30|6,26|-1,-1|16,16|26,16|-1,-1|
#setting_targetting_pos=24,5|18,5|25,1|-1,-1|-1,-1|-1,-1|-1,-1|25,28|
...R.DDR
#000000000001
#assigned_pet=6,6,-1,-1,-1,-1,-1,9,
#assigned_hub=6,3,0,2,5,4,7,8,
#moving_targetting_pos=-1,-1|-1,-1|25,30|6,26|-1,-1|16,16|26,16|-1,-1|
#setting_targetting_pos=24,5|18,5|25,1|-1,-1|-1,-1|-1,-1|-1,-1|25,28|
...R.DDL
#000000000001
#assigned_pet=6,6,-1,-1,-1,-1,-1,9,
#assigned_hub=6,3,0,2,5,4,7,8,
#moving_targetting_pos=-1,-1|-1,-1|25,30|6,26|-1,-1|16,16|26,16|-1,-1|
#setting_targetting_pos=24,5|18,5|25,1|-1,-1|-1,-1|-1,-1|-1,-1|25,28|
...R.DDR
#000000000001
#assigned_pet=6,6,-1,-1,-1,-1,-1,9,
#assigned_hub=6,3,0,2,5,4,7,8,
#moving_targetting_pos=-1,-1|-1,-1|25,30|6,26|-1,-1|16,16|26,16|-1,-1|
#setting_targetting_pos=24,5|18,5|25,1|-1,-1|-1,-1|-1,-1|-1,-1|25,28|
...R.DDL
#000000000001
#assigned_pet=6,6,-1,-1,-1,-1,-1,9,
#assigned_hub=6,3,0,2,5,4,7,8,
#moving_targetting_pos=-1,-1|-1,-1|25,30|6,26|-1,-1|16,16|26,16|-1,-1|
#setting_targetting_pos=24,5|18,5|25,1|-1,-1|-1,-1|-1,-1|-1,-1|25,28|
...R.DDR
#000000000001
#assigned_pet=6,6,-1,-1,-1,-1,-1,9,
#assigned_hub=6,3,0,2,5,4,7,8,
#moving_targetting_pos=-1,-1|-1,-1|25,30|6,26|-1,-1|16,16|26,16|-1,-1|
#setting_targetting_pos=24,5|18,5|25,1|-1,-1|-1,-1|-1,-1|-1,-1|25,28|
...R.DDL
#000000000001
#assigned_pet=6,6,-1,-1,-1,-1,-1,9,
#assigned_hub=6,3,0,0,5,4,2,8,
#moving_targetting_pos=-1,-1|-1,-1|25,30|6,6|-1,-1|16,16|6,26|-1,-1|
#setting_targetting_pos=24,5|18,5|25,1|-1,-1|-1,-1|-1,-1|-1,-1|25,28|
...L.DRR
#000000000001
#assigned_pet=6,6,-1,-1,-1,-1,-1,9,
#assigned_hub=6,3,0,0,5,4,2,8,
#moving_targetting_pos=-1,-1|-1,-1|25,30|6,6|-1,-1|16,16|6,26|-1,-1|
#setting_targetting_pos=24,5|18,5|25,1|-1,-1|-1,-1|-1,-1|-1,-1|25,28|
...L.DRL
#000000000001
#assigned_pet=6,6,-1,-1,-1,-1,-1,9,
#assigned_hub=6,3,0,0,5,4,2,8,
#moving_targetting_pos=-1,-1|-1,-1|25,30|6,6|-1,-1|16,16|6,26|-1,-1|
#setting_targetting_pos=24,5|18,5|25,1|-1,-1|-1,-1|-1,-1|-1,-1|25,28|
...L.DRR
#000000000001
#assigned_pet=6,6,-1,-1,-1,-1,-1,9,
#assigned_hub=6,3,0,7,5,4,2,8,
#moving_targetting_pos=-1,-1|-1,-1|25,30|26,16|-1,-1|16,16|6,26|-1,-1|
#setting_targetting_pos=24,5|18,5|25,1|-1,-1|-1,-1|-1,-1|-1,-1|25,28|
...R.RRL
#000000000001
#assigned_pet=6,6,-1,-1,0,0,-1,9,
#assigned_hub=6,3,0,0,5,4,2,8,
#moving_targetting_pos=-1,-1|-1,-1|25,30|6,6|-1,-1|-1,-1|6,26|-1,-1|
#setting_targetting_pos=24,5|18,5|25,1|-1,-1|17,24|17,18|-1,-1|25,28|
...LLRRR
#000000000001
#assigned_pet=6,6,-1,-1,0,0,-1,9,
#assigned_hub=6,3,0,1,5,4,7,8,
#moving_targetting_pos=-1,-1|-1,-1|25,30|6,16|-1,-1|-1,-1|26,16|-1,-1|
#setting_targetting_pos=24,5|18,5|25,1|-1,-1|17,24|17,18|-1,-1|25,28|
...RLDLL
#000000000001
#assigned_pet=6,6,-1,-1,0,0,-1,9,
#assigned_hub=6,3,0,1,5,4,7,8,
#moving_targetting_pos=-1,-1|-1,-1|25,30|6,16|-1,-1|-1,-1|26,16|-1,-1|
#setting_targetting_pos=24,5|18,5|25,1|-1,-1|17,24|17,18|-1,-1|25,28|
...RLRLR
#000000000001
#assigned_pet=6,6,-1,-1,0,0,-1,9,
#assigned_hub=6,3,0,1,5,4,7,8,
#moving_targetting_pos=-1,-1|-1,-1|25,30|6,16|-1,-1|-1,-1|26,16|-1,-1|
#setting_targetting_pos=24,5|18,5|25,1|-1,-1|17,24|17,18|-1,-1|25,28|
...RDDL.
#100000000001
#assigned_pet=6,6,-1,-1,0,0,-1,9,
#assigned_hub=6,3,0,1,5,4,7,8,
#moving_targetting_pos=-1,-1|-1,-1|25,30|6,16|-1,-1|-1,-1|26,16|-1,-1|
#setting_targetting_pos=24,5|18,5|25,1|-1,-1|17,24|17,18|-1,-1|25,28|
...RddL.
#100000000001
#assigned_pet=6,6,-1,-1,-1,-1,-1,9,
#assigned_hub=6,3,0,1,5,4,7,8,
#moving_targetting_pos=-1,-1|-1,-1|25,30|6,16|-1,-1|-1,-1|26,16|-1,-1|
#setting_targetting_pos=24,5|18,5|25,1|-1,-1|-1,-1|-1,-1|-1,-1|25,28|
...R..L.
#100000000001
#assigned_pet=-1,4,-1,-1,-1,4,-1,9,
#assigned_hub=6,3,0,1,5,4,7,8,
#moving_targetting_pos=-1,-1|-1,-1|25,30|-1,-1|-1,-1|-1,-1|26,16|-1,-1|
#setting_targetting_pos=-1,-1|17,8|25,1|-1,-1|-1,-1|17,14|-1,-1|25,28|
.R...LL.
#100000000001
#assigned_pet=6,6,-1,-1,-1,-1,-1,9,
#assigned_hub=6,3,0,1,5,4,7,8,
#moving_targetting_pos=-1,-1|-1,-1|25,30|-1,-1|-1,-1|-1,-1|-1,-1|-1,-1|
#setting_targetting_pos=24,5|18,5|25,1|-1,-1|-1,-1|-1,-1|-1,-1|25,28|
.L.....L
#100000000001
#assigned_pet=6,6,-1,3,-1,3,-1,9,
#assigned_hub=6,3,0,1,5,4,7,8,
#moving_targetting_pos=-1,-1|-1,-1|25,30|-1,-1|-1,-1|-1,-1|-1,-1|-1,-1|
#setting_targetting_pos=24,5|18,5|25,1|8,17|-1,-1|14,17|-1,-1|25,28|
...R.U.R
#100000000001
#assigned_pet=6,6,-1,3,-1,3,-1,9,
#assigned_hub=6,3,0,1,5,4,7,8,
#moving_targetting_pos=-1,-1|-1,-1|25,30|-1,-1|-1,-1|-1,-1|-1,-1|-1,-1|
#setting_targetting_pos=24,5|18,5|25,1|8,17|-1,-1|14,17|-1,-1|25,28|
...R...L
#100000000001
#assigned_pet=6,6,-1,5,-1,5,-1,9,
#assigned_hub=6,3,0,1,5,4,7,8,
#moving_targetting_pos=-1,-1|-1,-1|25,30|-1,-1|-1,-1|-1,-1|-1,-1|-1,-1|
#setting_targetting_pos=24,5|18,5|25,1|8,15|-1,-1|14,15|-1,-1|25,28|
...L.L.R
#100000000001
#assigned_pet=6,6,-1,-1,-1,2,2,-1,
#assigned_hub=6,3,0,1,5,4,7,8,
#moving_targetting_pos=-1,-1|-1,-1|25,30|-1,-1|-1,-1|-1,-1|-1,-1|-1,-1|
#setting_targetting_pos=24,5|18,5|25,1|-1,-1|-1,-1|18,17|24,17|-1,-1|
.....R..
#100000000001
#assigned_pet=6,6,-1,3,9,3,-1,9,
#assigned_hub=6,3,0,1,5,4,7,8,
#moving_targetting_pos=-1,-1|-1,-1|25,30|-1,-1|-1,-1|-1,-1|-1,-1|-1,-1|
#setting_targetting_pos=24,5|18,5|25,1|8,17|18,27|14,17|-1,-1|24,27|
...RR..R
#100000000001
#assigned_pet=6,6,-1,3,-1,3,-1,-1,
#assigned_hub=6,3,0,1,5,4,7,8,
#moving_targetting_pos=-1,-1|-1,-1|25,30|-1,-1|-1,-1|-1,-1|-1,-1|-1,-1|
#setting_targetting_pos=24,5|18,5|25,1|8,17|-1,-1|14,17|-1,-1|-1,-1|
........
#100000000001
#assigned_pet=6,6,-1,3,9,3,-1,9,
#assigned_hub=6,3,0,1,5,4,7,8,
#moving_targetting_pos=-1,-1|-1,-1|25,30|-1,-1|-1,-1|-1,-1|-1,-1|-1,-1|
#setting_targetting_pos=24,5|18,5|25,1|8,17|18,27|14,17|-1,-1|24,27|
....R..L
#100000000001
#assigned_pet=6,6,-1,3,9,3,-1,9,
#assigned_hub=6,3,0,1,5,4,7,8,
#moving_targetting_pos=-1,-1|-1,-1|25,30|-1,-1|-1,-1|-1,-1|-1,-1|-1,-1|
#setting_targetting_pos=24,5|18,5|25,1|8,17|18,27|14,17|-1,-1|24,27|
....R..R
#100000000001
#assigned_pet=-1,-1,-1,3,9,3,-1,9,
#assigned_hub=6,3,0,1,5,4,7,8,
#moving_targetting_pos=-1,-1|-1,-1|25,30|-1,-1|-1,-1|-1,-1|-1,-1|-1,-1|
#setting_targetting_pos=-1,-1|-1,-1|25,1|8,17|18,27|14,17|-1,-1|24,27|
....D..L
#100100000001
#assigned_pet=-1,-1,-1,3,9,3,-1,9,
#assigned_hub=6,3,0,1,5,4,7,8,
#moving_targetting_pos=-1,-1|-1,-1|25,30|-1,-1|-1,-1|-1,-1|-1,-1|-1,-1|
#setting_targetting_pos=-1,-1|-1,-1|25,1|8,17|18,27|14,17|-1,-1|24,27|
...d.u.R
#100100000001
#assigned_pet=8,8,-1,7,9,7,-1,9,
#assigned_hub=6,3,0,1,5,4,7,8,
#moving_targetting_pos=-1,-1|-1,-1|25,30|-1,-1|-1,-1|-1,-1|-1,-1|-1,-1|
#setting_targetting_pos=24,5|18,5|25,1|8,15|18,27|14,15|-1,-1|24,27|
...L.L.L
#100100000001
#assigned_pet=8,8,-1,7,9,7,-1,9,
#assigned_hub=6,3,0,1,5,4,7,8,
#moving_targetting_pos=-1,-1|-1,-1|25,30|-1,-1|-1,-1|-1,-1|-1,-1|-1,-1|
#setting_targetting_pos=24,5|18,5|25,1|8,15|18,27|14,15|-1,-1|24,27|
...L.L.R
#100100000001
#assigned_pet=8,8,-1,10,9,-1,-1,9,
#assigned_hub=6,3,0,1,5,4,7,8,
#moving_targetting_pos=-1,-1|-1,-1|25,30|-1,-1|-1,-1|-1,-1|-1,-1|-1,-1|
#setting_targetting_pos=24,5|18,5|25,1|4,15|18,27|-1,-1|-1,-1|24,27|
...U...L
#100100000001
#assigned_pet=8,8,-1,10,9,-1,-1,9,
#assigned_hub=6,3,0,1,5,4,7,8,
#moving_targetting_pos=-1,-1|-1,-1|25,30|-1,-1|-1,-1|-1,-1|-1,-1|-1,-1|
#setting_targetting_pos=24,5|18,5|25,1|4,15|18,27|-1,-1|-1,-1|24,27|
...U...R
#100100000011
#assigned_pet=8,8,-1,10,9,-1,-1,9,
#assigned_hub=6,3,0,1,5,4,7,8,
#moving_targetting_pos=-1,-1|-1,-1|25,30|-1,-1|-1,-1|-1,-1|-1,-1|-1,-1|
#setting_targetting_pos=24,5|18,5|25,1|4,15|18,27|-1,-1|-1,-1|24,27|
...u...L
#100100000011
#assigned_pet=8,8,-1,-1,9,-1,-1,9,
#assigned_hub=6,3,0,1,5,4,7,8,
#moving_targetting_pos=-1,-1|-1,-1|25,30|-1,-1|-1,-1|-1,-1|-1,-1|-1,-1|
#setting_targetting_pos=24,5|18,5|25,1|-1,-1|18,27|-1,-1|-1,-1|24,27|
.......R
#100100000011
#assigned_pet=8,8,-1,-1,9,-1,-1,9,
#assigned_hub=6,3,0,1,5,4,7,8,
#moving_targetting_pos=-1,-1|-1,-1|25,30|6,16|-1,-1|-1,-1|-1,-1|-1,-1|
#setting_targetting_pos=24,5|18,5|25,1|-1,-1|18,27|-1,-1|-1,-1|24,27|
.......L
#100100000011
#assigned_pet=8,8,-1,-1,9,-1,-1,9,
#assigned_hub=6,3,0,1,5,4,7,8,
#moving_targetting_pos=-1,-1|-1,-1|25,30|6,16|-1,-1|-1,-1|-1,-1|-1,-1|
#setting_targetting_pos=24,5|18,5|25,1|-1,-1|18,27|-1,-1|-1,-1|24,27|
.......R
#100100000011
#assigned_pet=-1,7,-1,-1,9,7,-1,9,
#assigned_hub=6,3,0,1,5,4,7,8,
#moving_targetting_pos=-1,-1|-1,-1|25,30|6,16|-1,-1|-1,-1|-1,-1|-1,-1|
#setting_targetting_pos=-1,-1|17,8|25,1|-1,-1|18,27|17,14|-1,-1|24,27|
.R...L.L
#100100000011
#assigned_pet=-1,7,-1,-1,-1,7,-1,-1,
#assigned_hub=6,3,0,0,5,4,7,8,
#moving_targetting_pos=-1,-1|-1,-1|25,30|6,6|-1,-1|-1,-1|-1,-1|-1,-1|
#setting_targetting_pos=-1,-1|17,8|25,1|-1,-1|-1,-1|17,14|-1,-1|-1,-1|
.R.L.D..
#100100010011
#assigned_pet=-1,7,-1,-1,-1,7,-1,-1,
#assigned_hub=6,3,0,0,5,4,7,8,
#moving_targetting_pos=-1,-1|-1,-1|25,30|6,6|-1,-1|-1,-1|-1,-1|-1,-1|
#setting_targetting_pos=-1,-1|17,8|25,1|-1,-1|-1,-1|17,14|-1,-1|-1,-1|
.r.L.d..
#100100010011
#assigned_pet=6,6,-1,-1,-1,-1,-1,-1,
#assigned_hub=6,3,0,0,5,4,7,8,
#moving_targetting_pos=-1,-1|-1,-1|25,30|6,6|-1,-1|-1,-1|-1,-1|-1,-1|
#setting_targetting_pos=24,7|18,7|25,1|-1,-1|-1,-1|-1,-1|-1,-1|-1,-1|
R..L....
#100100010011
#assigned_pet=-1,-1,-1,-1,1,-1,-1,1,
#assigned_hub=6,3,0,0,5,4,7,8,
#moving_targetting_pos=-1,-1|-1,-1|25,30|6,6|-1,-1|-1,-1|-1,-1|-1,-1|
#setting_targetting_pos=-1,-1|-1,-1|25,1|-1,-1|18,27|-1,-1|-1,-1|24,27|
...L....
#100100010011
#assigned_pet=6,6,-1,-1,2,2,-1,-1,
#assigned_hub=6,3,0,0,5,4,7,8,
#moving_targetting_pos=-1,-1|-1,-1|25,30|6,6|-1,-1|-1,-1|-1,-1|-1,-1|
#setting_targetting_pos=24,7|18,7|25,1|-1,-1|15,24|15,18|-1,-1|-1,-1|
R..LLR..
#100100010011
#assigned_pet=4,4,-1,-1,2,2,-1,-1,
#assigned_hub=6,3,0,0,5,4,7,8,
#moving_targetting_pos=-1,-1|-1,-1|25,30|6,6|-1,-1|-1,-1|-1,-1|-1,-1|
#setting_targetting_pos=24,7|18,7|25,1|-1,-1|15,24|15,18|-1,-1|-1,-1|
...LLR..
#100100010011
#assigned_pet=4,4,-1,-1,1,-1,-1,-1,
#assigned_hub=6,3,0,2,5,4,7,8,
#moving_targetting_pos=-1,-1|-1,-1|25,30|6,26|-1,-1|-1,-1|-1,-1|-1,-1|
#setting_targetting_pos=24,7|18,7|25,1|-1,-1|17,28|-1,-1|-1,-1|-1,-1|
...RR...
#100100010011
#assigned_pet=4,4,-1,-1,1,-1,-1,-1,
#assigned_hub=6,3,0,2,5,4,7,8,
#moving_targetting_pos=-1,-1|-1,-1|25,30|6,26|-1,-1|-1,-1|-1,-1|-1,-1|
#setting_targetting_pos=24,7|18,7|25,1|-1,-1|17,28|-1,-1|-1,-1|-1,-1|
...RR...
#100100010011
#assigned_pet=4,4,-1,-1,1,-1,-1,9,
#assigned_hub=6,3,0,0,5,4,7,8,
#moving_targetting_pos=-1,-1|-1,-1|25,30|6,6|-1,-1|-1,-1|-1,-1|-1,-1|
#setting_targetting_pos=24,7|18,7|25,1|-1,-1|17,28|-1,-1|-1,-1|28,25|
...L...L
#100100010011
#assigned_pet=4,4,-1,-1,1,-1,-1,-1,
#assigned_hub=6,3,0,0,5,4,7,8,
#moving_targetting_pos=-1,-1|-1,-1|25,30|6,6|-1,-1|-1,-1|-1,-1|-1,-1|
#setting_targetting_pos=24,7|18,7|25,1|-1,-1|17,28|-1,-1|-1,-1|-1,-1|
...L....
#100100010011
#assigned_pet=4,4,-1,-1,2,2,-1,-1,
#assigned_hub=6,3,0,0,5,4,7,8,
#moving_targetting_pos=-1,-1|-1,-1|25,30|6,6|-1,-1|-1,-1|-1,-1|-1,-1|
#setting_targetting_pos=24,7|18,7|25,1|-1,-1|15,24|15,18|-1,-1|-1,-1|
...LLR..
#100100010011
#assigned_pet=4,4,-1,-1,1,-1,-1,-1,
#assigned_hub=6,3,0,0,5,4,7,8,
#moving_targetting_pos=-1,-1|-1,-1|25,30|6,6|-1,-1|-1,-1|-1,-1|-1,-1|
#setting_targetting_pos=24,7|18,7|25,1|-1,-1|15,28|-1,-1|-1,-1|-1,-1|
...LR...
#100100010011
#assigned_pet=4,4,-1,-1,1,-1,-1,-1,
#assigned_hub=6,3,0,0,5,4,7,8,
#moving_targetting_pos=-1,-1|-1,-1|25,30|6,6|-1,-1|-1,-1|-1,-1|-1,-1|
#setting_targetting_pos=24,7|18,7|25,1|-1,-1|15,28|-1,-1|-1,-1|-1,-1|
....R...
#100100010011
#assigned_pet=4,4,-1,-1,1,-1,-1,-1,
#assigned_hub=6,3,0,0,5,4,7,8,
#moving_targetting_pos=-1,-1|-1,-1|25,30|6,6|-1,-1|-1,-1|-1,-1|-1,-1|
#setting_targetting_pos=24,7|18,7|25,1|-1,-1|15,28|-1,-1|-1,-1|-1,-1|
....U...
#110100010011
#assigned_pet=4,4,-1,-1,1,-1,-1,-1,
#assigned_hub=6,3,0,0,5,4,7,8,
#moving_targetting_pos=-1,-1|-1,-1|25,30|6,6|-1,-1|-1,-1|-1,-1|-1,-1|
#setting_targetting_pos=24,7|18,7|25,1|-1,-1|15,28|-1,-1|-1,-1|-1,-1|
....u...
#110100010011
#assigned_pet=6,6,-1,-1,5,-1,-1,5,
#assigned_hub=6,3,0,0,5,4,7,8,
#moving_targetting_pos=-1,-1|-1,-1|25,30|6,6|-1,-1|-1,-1|-1,-1|-1,-1|
#setting_targetting_pos=24,7|18,7|25,1|-1,-1|18,27|-1,-1|-1,-1|24,27|
....L..R
#110100010011
#assigned_pet=6,6,-1,-1,5,-1,-1,5,
#assigned_hub=6,3,0,0,5,4,7,8,
#moving_targetting_pos=-1,-1|-1,-1|25,30|6,6|-1,-1|-1,-1|-1,-1|-1,-1|
#setting_targetting_pos=24,7|18,7|25,1|-1,-1|18,27|-1,-1|-1,-1|24,27|
....D...
#110100010011
#assigned_pet=6,6,-1,-1,5,-1,-1,5,
#assigned_hub=6,3,0,0,5,4,7,8,
#moving_targetting_pos=-1,-1|-1,-1|25,30|6,6|-1,-1|-1,-1|-1,-1|-1,-1|
#setting_targetting_pos=24,7|18,7|25,1|-1,-1|18,27|-1,-1|-1,-1|24,27|
.......R
#110100010011
#assigned_pet=6,6,-1,-1,5,-1,-1,5,
#assigned_hub=6,3,0,0,5,4,7,8,
#moving_targetting_pos=-1,-1|-1,-1|25,30|6,6|-1,-1|-1,-1|-1,-1|-1,-1|
#setting_targetting_pos=24,7|18,7|25,1|-1,-1|18,27|-1,-1|-1,-1|24,27|
.......L
#110100010011
#assigned_pet=-1,-1,-1,-1,5,-1,-1,5,
#assigned_hub=6,3,0,0,5,4,7,8,
#moving_targetting_pos=-1,-1|-1,-1|25,30|6,6|-1,-1|-1,-1|-1,-1|-1,-1|
#setting_targetting_pos=-1,-1|-1,-1|25,1|-1,-1|18,27|-1,-1|-1,-1|24,27|
.......R
#110100010011
#assigned_pet=6,6,-1,-1,-1,8,8,9,
#assigned_hub=6,3,0,0,5,4,7,8,
#moving_targetting_pos=-1,-1|-1,-1|25,30|6,6|-1,-1|-1,-1|-1,-1|-1,-1|
#setting_targetting_pos=24,7|18,7|25,1|-1,-1|-1,-1|18,15|24,15|28,25|
.....L.L
#110100010011
#assigned_pet=-1,-1,-1,-1,-1,8,8,9,
#assigned_hub=6,3,0,0,5,4,7,8,
#moving_targetting_pos=-1,-1|-1,-1|25,30|6,6|-1,-1|-1,-1|-1,-1|-1,-1|
#setting_targetting_pos=-1,-1|-1,-1|25,1|-1,-1|-1,-1|18,15|24,15|28,25|
.....L.L
#110100010011
#assigned_pet=8,-1,-1,-1,2,2,8,9,
#assigned_hub=6,3,0,0,5,4,7,8,
#moving_targetting_pos=-1,-1|-1,-1|25,30|6,6|-1,-1|-1,-1|-1,-1|-1,-1|
#setting_targetting_pos=25,8|-1,-1|25,1|-1,-1|15,24|15,18|25,14|28,25|
....LRLL
#110100010011
#assigned_pet=-1,-1,-1,-1,-1,8,8,-1,
#assigned_hub=6,3,0,0,5,4,7,8,
#moving_targetting_pos=-1,-1|-1,-1|25,30|6,6|-1,-1|-1,-1|-1,-1|-1,-1|
#setting_targetting_pos=-1,-1|-1,-1|25,1|-1,-1|-1,-1|18,15|24,15|-1,-1|
.....LR.
#110100010011
#assigned_pet=4,-1,-1,-1,-1,-1,4,-1,
#assigned_hub=6,3,0,0,5,4,7,8,
#moving_targetting_pos=-1,-1|-1,-1|25,30|6,6|-1,-1|-1,-1|-1,-1|-1,-1|
#setting_targetting_pos=27,8|-1,-1|25,1|-1,-1|-1,-1|-1,-1|27,14|-1,-1|
R.u...L.
#110100010011
#assigned_pet=4,-1,-1,-1,-1,-1,4,-1,
#assigned_hub=6,3,0,0,5,4,7,8,
#moving_targetting_pos=-1,-1|-1,-1|25,30|6,6|-1,-1|-1,-1|-1,-1|-1,-1|
#setting_targetting_pos=27,8|-1,-1|25,1|-1,-1|-1,-1|-1,-1|27,14|-1,-1|
D.L...L.
#110100010011
#assigned_pet=4,-1,-1,-1,2,2,4,-1,
#assigned_hub=6,3,0,0,5,4,7,8,
#moving_targetting_pos=-1,-1|-1,-1|25,30|6,6|-1,-1|-1,-1|-1,-1|-1,-1|
#setting_targetting_pos=27,8|-1,-1|25,1|-1,-1|15,24|15,18|27,14|-1,-1|
..L.LRD.
#110100010011
#assigned_pet=4,-1,-1,-1,2,2,4,-1,
#assigned_hub=6,3,0,0,5,4,7,8,
#moving_targetting_pos=-1,-1|-1,-1|25,30|6,6|-1,-1|-1,-1|-1,-1|-1,-1|
#setting_targetting_pos=27,8|-1,-1|25,1|-1,-1|15,24|15,18|27,14|-1,-1|
..L.URD.
#110100010011
#assigned_pet=-1,-1,-1,-1,2,2,5,5,
#assigned_hub=6,3,0,0,5,4,7,8,
#moving_targetting_pos=-1,-1|-1,-1|25,30|6,6|-1,-1|-1,-1|-1,-1|-1,-1|
#setting_targetting_pos=-1,-1|-1,-1|25,1|-1,-1|15,24|15,18|25,18|25,24|
..L.LRRL
#111100010011
#assigned_pet=-1,-1,-1,-1,2,2,5,5,
#assigned_hub=6,3,0,0,5,4,7,8,
#moving_targetting_pos=-1,-1|-1,-1|25,30|6,6|-1,-1|-1,-1|-1,-1|-1,-1|
#setting_targetting_pos=-1,-1|-1,-1|25,1|-1,-1|15,24|15,18|25,18|25,24|
....uuRL
#111100010011
#assigned_pet=4,-1,-1,-1,-1,-1,4,-1,
#assigned_hub=6,3,0,0,5,4,7,8,
#moving_targetting_pos=-1,-1|-1,-1|25,30|6,6|16,26|16,16|-1,-1|-1,-1|
#setting_targetting_pos=25,8|-1,-1|25,1|-1,-1|-1,-1|-1,-1|25,14|-1,-1|
......L.
#111100010011
#assigned_pet=4,-1,-1,-1,-1,-1,4,-1,
#assigned_hub=6,3,0,0,5,4,7,8,
#moving_targetting_pos=-1,-1|-1,-1|25,30|6,6|16,26|16,16|-1,-1|-1,-1|
#setting_targetting_pos=25,8|-1,-1|25,1|-1,-1|-1,-1|-1,-1|25,14|-1,-1|
......L.
#111100010011
#assigned_pet=4,-1,-1,-1,-1,-1,4,-1,
#assigned_hub=6,3,0,0,5,4,7,8,
#moving_targetting_pos=-1,-1|-1,-1|25,30|6,6|16,26|-1,-1|-1,-1|-1,-1|
#setting_targetting_pos=25,8|-1,-1|25,1|-1,-1|-1,-1|-1,-1|25,14|-1,-1|
........
#111100010011
#assigned_pet=4,-1,-1,-1,-1,-1,4,-1,
#assigned_hub=6,3,0,0,5,4,7,8,
#moving_targetting_pos=-1,-1|-1,-1|25,30|6,6|-1,-1|-1,-1|-1,-1|-1,-1|
#setting_targetting_pos=25,8|-1,-1|25,1|-1,-1|-1,-1|-1,-1|25,14|-1,-1|
........
#111100010011
#assigned_pet=4,-1,-1,-1,8,-1,4,8,
#assigned_hub=6,3,0,0,5,4,7,8,
#moving_targetting_pos=-1,-1|-1,-1|25,30|6,6|-1,-1|-1,-1|-1,-1|-1,-1|
#setting_targetting_pos=25,8|-1,-1|25,1|-1,-1|18,25|-1,-1|25,14|24,25|
....R..R
#111100010011
#assigned_pet=4,-1,-1,-1,8,-1,4,8,
#assigned_hub=6,3,0,0,5,4,7,8,
#moving_targetting_pos=-1,-1|-1,-1|25,30|6,6|-1,-1|-1,-1|-1,-1|-1,-1|
#setting_targetting_pos=25,8|-1,-1|25,1|-1,-1|18,25|-1,-1|25,14|24,25|
....D..R
#111100010011
#assigned_pet=4,-1,-1,-1,8,-1,4,8,
#assigned_hub=6,3,0,0,5,4,7,8,
#moving_targetting_pos=-1,-1|-1,-1|25,30|6,6|-1,-1|-1,-1|-1,-1|-1,-1|
#setting_targetting_pos=25,8|-1,-1|25,1|-1,-1|18,25|-1,-1|25,14|24,25|
..u.....
#111100011011
#assigned_pet=4,-1,-1,-1,8,-1,4,8,
#assigned_hub=6,3,0,0,5,4,7,8,
#moving_targetting_pos=-1,-1|-1,-1|25,30|6,6|-1,-1|-1,-1|-1,-1|-1,-1|
#setting_targetting_pos=25,8|-1,-1|25,1|-1,-1|18,25|-1,-1|25,14|24,25|
..L.d..l
#111100011011
#assigned_pet=4,-1,-1,-1,-1,-1,4,-1,
#assigned_hub=6,3,0,0,5,4,7,8,
#moving_targetting_pos=-1,-1|-1,-1|25,30|6,6|16,26|-1,-1|-1,-1|-1,-1|
#setting_targetting_pos=25,8|-1,-1|25,1|-1,-1|-1,-1|-1,-1|25,14|-1,-1|
........
#111100011011
#assigned_pet=4,-1,-1,-1,-1,-1,4,-1,
#assigned_hub=6,3,0,0,5,4,7,8,
#moving_targetting_pos=-1,-1|-1,-1|25,30|6,6|16,26|-1,-1|-1,-1|-1,-1|
#setting_targetting_pos=25,8|-1,-1|25,1|-1,-1|-1,-1|-1,-1|25,14|-1,-1|
........
#111100011011
#assigned_pet=-1,-1,-1,-1,-1,-1,-1,-1,
#assigned_hub=6,3,0,0,5,4,7,8,
#moving_targetting_pos=-1,-1|-1,-1|25,30|6,6|16,26|16,16|-1,-1|-1,-1|
#setting_targetting_pos=-1,-1|-1,-1|25,1|-1,-1|-1,-1|-1,-1|-1,-1|-1,-1|
........
#111100011011
#assigned_pet=-1,-1,-1,-1,-1,-1,-1,-1,
#assigned_hub=6,3,0,0,5,4,7,8,
#moving_targetting_pos=-1,-1|-1,-1|25,30|6,6|16,26|-1,-1|-1,-1|-1,-1|
#setting_targetting_pos=-1,-1|-1,-1|25,1|-1,-1|-1,-1|-1,-1|-1,-1|-1,-1|
..d.....
#111100011011
#assigned_pet=-1,-1,-1,-1,-1,-1,-1,-1,
#assigned_hub=6,3,0,0,5,4,7,8,
#moving_targetting_pos=-1,-1|-1,-1|25,30|6,6|16,26|-1,-1|-1,-1|-1,-1|
#setting_targetting_pos=-1,-1|-1,-1|25,1|-1,-1|-1,-1|-1,-1|-1,-1|-1,-1|
..L.....
#111100011011
#assigned_pet=4,-1,-1,-1,-1,-1,4,-1,
#assigned_hub=6,3,0,0,5,4,7,8,
#moving_targetting_pos=-1,-1|-1,-1|25,30|6,6|16,26|-1,-1|-1,-1|-1,-1|
#setting_targetting_pos=27,8|-1,-1|25,1|-1,-1|-1,-1|-1,-1|27,14|-1,-1|
..d.....
#111100011011
#assigned_pet=-1,-1,-1,-1,-1,-1,-1,-1,
#assigned_hub=6,3,0,0,5,4,7,8,
#moving_targetting_pos=-1,-1|-1,-1|25,30|6,6|-1,-1|-1,-1|-1,-1|-1,-1|
#setting_targetting_pos=-1,-1|-1,-1|25,1|-1,-1|-1,-1|-1,-1|-1,-1|-1,-1|
..L.....
#111100011011
#assigned_pet=-1,-1,-1,-1,-1,-1,-1,-1,
#assigned_hub=6,3,0,0,5,4,7,8,
#moving_targetting_pos=-1,-1|-1,-1|25,30|6,6|16,26|-1,-1|-1,-1|-1,-1|
#setting_targetting_pos=-1,-1|-1,-1|25,1|-1,-1|-1,-1|-1,-1|-1,-1|-1,-1|
..d.....
#111100011011
#assigned_pet=-1,-1,-1,-1,-1,-1,-1,-1,
#assigned_hub=6,3,0,0,5,4,7,8,
#moving_targetting_pos=-1,-1|-1,-1|25,30|6,6|16,26|-1,-1|-1,-1|-1,-1|
#setting_targetting_pos=-1,-1|-1,-1|25,1|-1,-1|-1,-1|-1,-1|-1,-1|-1,-1|
..L.....
#111100011011
#assigned_pet=4,4,-1,-1,-1,5,5,-1,
#assigned_hub=6,3,0,0,5,4,7,8,
#moving_targetting_pos=-1,-1|-1,-1|25,30|6,6|16,26|-1,-1|-1,-1|-1,-1|
#setting_targetting_pos=24,7|18,7|25,1|-1,-1|-1,-1|18,17|24,17|-1,-1|
L.d..LR.
#111100011011
#assigned_pet=4,4,-1,-1,-1,-1,-1,-1,
#assigned_hub=6,3,0,0,5,4,7,8,
#moving_targetting_pos=-1,-1|-1,-1|25,30|6,6|16,26|-1,-1|-1,-1|-1,-1|
#setting_targetting_pos=24,7|18,7|25,1|-1,-1|-1,-1|-1,-1|-1,-1|-1,-1|
U.L.....
#111100011011
#assigned_pet=4,4,-1,-1,-1,-1,5,5,
#assigned_hub=6,3,0,0,5,4,7,8,
#moving_targetting_pos=-1,-1|-1,-1|25,30|6,6|16,26|-1,-1|-1,-1|-1,-1|
#setting_targetting_pos=24,7|18,7|25,1|-1,-1|-1,-1|-1,-1|25,18|25,24|
......RD
#111100011011
#assigned_pet=4,4,-1,-1,-1,-1,5,5,
#assigned_hub=6,3,0,0,5,4,7,8,
#moving_targetting_pos=-1,-1|-1,-1|25,30|6,6|16,26|16,16|-1,-1|-1,-1|
#setting_targetting_pos=24,7|18,7|25,1|-1,-1|-1,-1|-1,-1|25,18|25,24|
..d...RL
#111100011011
#assigned_pet=4,4,-1,-1,-1,-1,5,5,
#assigned_hub=6,3,0,0,5,4,7,8,
#moving_targetting_pos=-1,-1|-1,-1|25,30|6,6|16,26|16,16|-1,-1|-1,-1|
#setting_targetting_pos=24,7|18,7|25,1|-1,-1|-1,-1|-1,-1|25,18|25,24|
..L...R.
#111100011011
#assigned_pet=4,4,-1,-1,-1,-1,5,5,
#assigned_hub=6,3,0,0,5,4,7,8,
#moving_targetting_pos=-1,-1|-1,-1|25,30|6,6|16,26|16,16|-1,-1|-1,-1|
#setting_targetting_pos=24,7|18,7|25,1|-1,-1|-1,-1|-1,-1|25,18|25,24|
..u.....
#111100011011
#assigned_pet=4,4,-1,-1,-1,-1,5,5,
#assigned_hub=6,3,0,0,5,4,7,8,
#moving_targetting_pos=-1,-1|-1,-1|25,30|6,6|16,26|16,16|-1,-1|-1,-1|
#setting_targetting_pos=24,7|18,7|25,1|-1,-1|-1,-1|-1,-1|25,18|25,24|
..L.....
#111100011011
#assigned_pet=4,4,-1,-1,-1,-1,5,5,
#assigned_hub=6,3,0,0,5,4,7,8,
#moving_targetting_pos=-1,-1|-1,-1|25,30|6,6|16,26|16,16|-1,-1|-1,-1|
#setting_targetting_pos=24,7|18,7|25,1|-1,-1|-1,-1|-1,-1|25,18|25,24|
..L.....
#111101011011
#assigned_pet=4,4,-1,-1,-1,-1,5,5,
#assigned_hub=6,3,0,0,5,4,7,8,
#moving_targetting_pos=-1,-1|-1,-1|25,30|6,6|16,26|16,16|-1,-1|-1,-1|
#setting_targetting_pos=24,7|18,7|25,1|-1,-1|-1,-1|-1,-1|25,18|25,24|
..L...ul
#111101011011
#assigned_pet=4,4,-1,-1,-1,-1,-1,-1,
#assigned_hub=6,3,0,0,5,4,7,8,
#moving_targetting_pos=-1,-1|-1,-1|25,30|6,6|16,26|16,16|-1,-1|-1,-1|
#setting_targetting_pos=24,7|18,7|25,1|-1,-1|-1,-1|-1,-1|-1,-1|-1,-1|
..L.....
#111101011011
#assigned_pet=4,4,-1,-1,-1,-1,-1,-1,
#assigned_hub=6,3,0,0,5,4,7,8,
#moving_targetting_pos=-1,-1|-1,-1|25,30|6,6|16,26|16,16|-1,-1|-1,-1|
#setting_targetting_pos=24,7|18,7|25,1|-1,-1|-1,-1|-1,-1|-1,-1|-1,-1|
..u.....
#111101011011
#assigned_pet=4,4,-1,-1,-1,-1,-1,-1,
#assigned_hub=6,3,0,0,5,4,7,8,
#moving_targetting_pos=-1,-1|-1,-1|25,30|6,6|16,26|16,16|-1,-1|-1,-1|
#setting_targetting_pos=24,7|18,7|25,1|-1,-1|-1,-1|-1,-1|-1,-1|-1,-1|
..L.....
#111101011011
#assigned_pet=4,4,-1,-1,-1,-1,-1,-1,
#assigned_hub=6,3,0,0,5,4,7,8,
#moving_targetting_pos=-1,-1|-1,-1|25,30|6,6|16,26|16,16|-1,-1|-1,-1|
#setting_targetting_pos=24,7|18,7|25,1|-1,-1|-1,-1|-1,-1|-1,-1|-1,-1|
..d.....
#111101011011
#assigned_pet=4,4,-1,-1,-1,-1,-1,-1,
#assigned_hub=6,3,0,0,5,4,7,8,
#moving_targetting_pos=-1,-1|-1,-1|25,30|6,6|16,26|16,16|-1,-1|-1,-1|
#setting_targetting_pos=24,7|18,7|25,1|-1,-1|-1,-1|-1,-1|-1,-1|-1,-1|
..L.....
#111101011011
#assigned_pet=4,4,-1,-1,-1,-1,-1,-1,
#assigned_hub=6,3,0,0,5,4,7,8,
#moving_targetting_pos=-1,-1|-1,-1|25,30|6,6|16,26|16,16|-1,-1|-1,-1|
#setting_targetting_pos=24,7|18,7|25,1|-1,-1|-1,-1|-1,-1|-1,-1|-1,-1|
..d.....
#111101011011
#assigned_pet=4,4,-1,-1,-1,-1,-1,-1,
#assigned_hub=6,3,0,0,5,4,7,8,
#moving_targetting_pos=-1,-1|-1,-1|25,30|6,6|-1,-1|16,16|-1,-1|-1,-1|
#setting_targetting_pos=24,7|18,7|25,1|-1,-1|-1,-1|-1,-1|-1,-1|-1,-1|
..L.....
#111101011011
#assigned_pet=4,4,-1,-1,-1,-1,-1,-1,
#assigned_hub=6,3,0,0,5,4,7,8,
#moving_targetting_pos=-1,-1|-1,-1|25,30|6,6|16,26|16,16|-1,-1|-1,-1|
#setting_targetting_pos=24,7|18,7|25,1|-1,-1|-1,-1|-1,-1|-1,-1|-1,-1|
..d.....
#111101011011
#assigned_pet=4,4,-1,-1,-1,-1,-1,-1,
#assigned_hub=6,3,0,0,5,4,7,8,
#moving_targetting_pos=-1,-1|-1,-1|25,30|6,6|-1,-1|16,16|-1,-1|-1,-1|
#setting_targetting_pos=24,7|18,7|25,1|-1,-1|-1,-1|-1,-1|-1,-1|-1,-1|
..L.....
#111101011011
#assigned_pet=4,4,-1,-1,-1,-1,-1,-1,
#assigned_hub=6,3,0,0,5,4,7,8,
#moving_targetting_pos=-1,-1|-1,-1|25,30|6,6|16,26|16,16|-1,-1|-1,-1|
#setting_targetting_pos=24,7|18,7|25,1|-1,-1|-1,-1|-1,-1|-1,-1|-1,-1|
..d.....
#111101011011
#assigned_pet=4,4,-1,-1,-1,-1,-1,-1,
#assigned_hub=6,3,0,0,5,4,7,8,
#moving_targetting_pos=-1,-1|-1,-1|25,30|6,6|-1,-1|16,16|-1,-1|-1,-1|
#setting_targetting_pos=24,7|18,7|25,1|-1,-1|-1,-1|-1,-1|-1,-1|-1,-1|
..L.....
#111101011011
#assigned_pet=-1,-1,-1,-1,-1,-1,-1,-1,
#assigned_hub=6,3,0,0,5,4,7,8,
#moving_targetting_pos=-1,-1|-1,-1|25,30|-1,-1|16,26|16,16|-1,-1|-1,-1|
#setting_targetting_pos=-1,-1|-1,-1|25,1|-1,-1|-1,-1|-1,-1|-1,-1|-1,-1|
..d.....
#111101011011
#assigned_pet=-1,-1,-1,-1,-1,-1,-1,-1,
#assigned_hub=6,3,0,0,5,4,7,8,
#moving_targetting_pos=-1,-1|-1,-1|25,30|-1,-1|-1,-1|-1,-1|-1,-1|-1,-1|
#setting_targetting_pos=-1,-1|-1,-1|25,1|-1,-1|-1,-1|-1,-1|-1,-1|-1,-1|
..L.....
#111101011011
#assigned_pet=-1,-1,-1,-1,-1,-1,-1,-1,
#assigned_hub=6,3,0,0,5,4,7,8,
#moving_targetting_pos=-1,-1|-1,-1|25,30|-1,-1|16,26|16,16|-1,-1|-1,-1|
#setting_targetting_pos=-1,-1|-1,-1|25,1|-1,-1|-1,-1|-1,-1|-1,-1|-1,-1|
..u.....
#111101011011
#assigned_pet=-1,-1,-1,-1,-1,-1,-1,-1,
#assigned_hub=6,3,0,0,5,4,7,8,
#moving_targetting_pos=-1,-1|-1,-1|25,30|6,6|16,26|16,16|-1,-1|-1,-1|
#setting_targetting_pos=-1,-1|-1,-1|25,1|-1,-1|-1,-1|-1,-1|-1,-1|-1,-1|
..L.....
#111101011011
#assigned_pet=-1,-1,-1,-1,-1,-1,-1,-1,
#assigned_hub=6,3,0,0,5,4,7,8,
#moving_targetting_pos=-1,-1|-1,-1|25,30|6,6|16,26|16,16|-1,-1|-1,-1|
#setting_targetting_pos=-1,-1|-1,-1|25,1|-1,-1|-1,-1|-1,-1|-1,-1|-1,-1|
..L.....
#111101011011
#assigned_pet=-1,4,-1,-1,-1,-1,-1,-1,
#assigned_hub=6,3,0,0,5,4,7,8,
#moving_targetting_pos=-1,-1|-1,-1|25,30|6,6|16,26|16,16|-1,-1|-1,-1|
#setting_targetting_pos=-1,-1|17,4|25,1|-1,-1|-1,-1|-1,-1|-1,-1|-1,-1|
.LL.....
#111101011011
#assigned_pet=-1,4,-1,-1,-1,-1,-1,-1,
#assigned_hub=6,3,0,0,5,4,7,8,
#moving_targetting_pos=-1,-1|-1,-1|25,30|6,6|16,26|16,16|-1,-1|-1,-1|
#setting_targetting_pos=-1,-1|17,4|25,1|-1,-1|-1,-1|-1,-1|-1,-1|-1,-1|
.LL.....
#111111011011
#assigned_pet=-1,4,-1,-1,-1,-1,-1,-1,
#assigned_hub=6,3,0,0,5,4,7,8,
#moving_targetting_pos=-1,-1|-1,-1|25,30|6,6|-1,-1|16,16|-1,-1|-1,-1|
#setting_targetting_pos=-1,-1|17,4|25,1|-1,-1|-1,-1|-1,-1|-1,-1|-1,-1|
.lu.....
#111111011011
#assigned_pet=-1,-1,-1,-1,-1,-1,-1,-1,
#assigned_hub=6,3,0,0,5,4,7,8,
#moving_targetting_pos=-1,-1|16,6|25,30|6,6|16,26|16,16|-1,-1|-1,-1|
#setting_targetting_pos=-1,-1|-1,-1|25,1|-1,-1|-1,-1|-1,-1|-1,-1|-1,-1|
..L.....
#111111011011
#assigned_pet=-1,-1,-1,-1,-1,-1,-1,-1,
#assigned_hub=6,3,0,0,5,4,7,8,
#moving_targetting_pos=-1,-1|-1,-1|25,30|6,6|-1,-1|16,16|-1,-1|-1,-1|
#setting_targetting_pos=-1,-1|-1,-1|25,1|-1,-1|-1,-1|-1,-1|-1,-1|-1,-1|
..d.....
#111111011011
#assigned_pet=-1,-1,-1,-1,-1,-1,-1,-1,
#assigned_hub=6,3,0,0,5,4,7,8,
#moving_targetting_pos=-1,-1|16,6|25,30|6,6|-1,-1|16,16|-1,-1|-1,-1|
#setting_targetting_pos=-1,-1|-1,-1|25,1|-1,-1|-1,-1|-1,-1|-1,-1|-1,-1|
..L.....
#111111011011
#assigned_pet=6,-1,-1,-1,-1,-1,-1,-1,
#assigned_hub=6,3,0,0,5,4,7,8,
#moving_targetting_pos=-1,-1|16,6|25,30|6,6|-1,-1|16,16|-1,-1|-1,-1|
#setting_targetting_pos=28,7|-1,-1|25,1|-1,-1|-1,-1|-1,-1|-1,-1|-1,-1|
D.d.....
#111111011011
#assigned_pet=6,-1,-1,-1,-1,-1,-1,-1,
#assigned_hub=6,3,0,0,5,4,7,8,
#moving_targetting_pos=-1,-1|16,6|25,30|6,6|-1,-1|16,16|-1,-1|-1,-1|
#setting_targetting_pos=28,7|-1,-1|25,1|-1,-1|-1,-1|-1,-1|-1,-1|-1,-1|
D.L.....
#111111011011
#assigned_pet=6,-1,-1,-1,-1,-1,-1,-1,
#assigned_hub=6,3,0,0,5,4,7,8,
#moving_targetting_pos=-1,-1|16,6|25,30|6,6|-1,-1|16,16|-1,-1|-1,-1|
#setting_targetting_pos=28,7|-1,-1|25,1|-1,-1|-1,-1|-1,-1|-1,-1|-1,-1|
..d.....
#111111011011
#assigned_pet=-1,-1,-1,-1,-1,-1,-1,-1,
#assigned_hub=6,3,0,0,5,4,7,8,
#moving_targetting_pos=-1,-1|16,6|25,30|6,6|-1,-1|16,16|26,16|-1,-1|
#setting_targetting_pos=-1,-1|-1,-1|25,1|-1,-1|-1,-1|-1,-1|-1,-1|-1,-1|
........
#111111011011
#assigned_pet=-1,-1,-1,-1,-1,-1,-1,9,
#assigned_hub=6,3,0,0,5,4,7,8,
#moving_targetting_pos=-1,-1|-1,-1|25,30|6,6|-1,-1|16,16|-1,-1|-1,-1|
#setting_targetting_pos=-1,-1|-1,-1|25,1|-1,-1|-1,-1|-1,-1|-1,-1|25,28|
.......R
#111111011011
#assigned_pet=-1,-1,-1,-1,-1,-1,-1,-1,
#assigned_hub=6,3,0,0,5,4,7,8,
#moving_targetting_pos=-1,-1|16,6|25,30|6,6|-1,-1|16,16|-1,-1|-1,-1|
#setting_targetting_pos=-1,-1|-1,-1|25,1|-1,-1|-1,-1|-1,-1|-1,-1|-1,-1|
........
#111111011011
#assigned_pet=-1,-1,-1,-1,-1,-1,-1,-1,
#assigned_hub=6,3,0,0,5,4,7,8,
#moving_targetting_pos=-1,-1|-1,-1|25,30|6,6|-1,-1|16,16|-1,-1|-1,-1|
#setting_targetting_pos=-1,-1|-1,-1|25,1|-1,-1|-1,-1|-1,-1|-1,-1|-1,-1|
........
#111111011011
#assigned_pet=-1,-1,-1,-1,-1,-1,-1,-1,
#assigned_hub=6,3,0,0,5,4,7,8,
#moving_targetting_pos=-1,-1|16,6|25,30|6,6|-1,-1|16,16|-1,-1|-1,-1|
#setting_targetting_pos=-1,-1|-1,-1|25,1|-1,-1|-1,-1|-1,-1|-1,-1|-1,-1|
........
#111111011011
#assigned_pet=6,-1,-1,-1,-1,-1,6,-1,
#assigned_hub=6,3,0,0,5,4,7,8,
#moving_targetting_pos=-1,-1|16,6|25,30|6,6|-1,-1|16,16|-1,-1|-1,-1|
#setting_targetting_pos=27,8|-1,-1|25,1|-1,-1|-1,-1|-1,-1|27,14|-1,-1|
......L.
#111111011011
#assigned_pet=6,-1,-1,-1,-1,-1,6,-1,
#assigned_hub=6,3,0,0,5,4,7,8,
#moving_targetting_pos=-1,-1|16,6|25,30|6,6|-1,-1|16,16|-1,-1|-1,-1|
#setting_targetting_pos=27,8|-1,-1|25,1|-1,-1|-1,-1|-1,-1|27,14|-1,-1|
......L.
#111111011011
#assigned_pet=6,-1,-1,-1,-1,-1,6,-1,
#assigned_hub=6,3,0,0,5,4,7,8,
#moving_targetting_pos=-1,-1|16,6|25,30|6,6|-1,-1|16,16|-1,-1|-1,-1|
#setting_targetting_pos=27,8|-1,-1|25,1|-1,-1|-1,-1|-1,-1|27,14|-1,-1|
......L.
#111111011011
#assigned_pet=6,-1,-1,-1,-1,-1,6,-1,
#assigned_hub=6,3,0,0,5,4,7,8,
#moving_targetting_pos=-1,-1|16,6|25,30|6,6|16,26|16,16|-1,-1|-1,-1|
#setting_targetting_pos=27,8|-1,-1|25,1|-1,-1|-1,-1|-1,-1|27,14|-1,-1|
......L.
#111111011011
#assigned_pet=6,-1,-1,-1,-1,-1,6,-1,
#assigned_hub=6,3,0,0,5,4,7,8,
#moving_targetting_pos=-1,-1|16,6|25,30|6,6|16,26|16,16|-1,-1|-1,-1|
#setting_targetting_pos=27,8|-1,-1|25,1|-1,-1|-1,-1|-1,-1|27,14|-1,-1|
........
#111111111011
#assigned_pet=6,-1,-1,-1,-1,-1,6,-1,
#assigned_hub=6,3,0,0,5,4,7,8,
#moving_targetting_pos=-1,-1|16,6|25,30|6,6|16,26|16,16|-1,-1|-1,-1|
#setting_targetting_pos=27,8|-1,-1|25,1|-1,-1|-1,-1|-1,-1|27,14|-1,-1|
r.....d.
#111111111011
#assigned_pet=-1,-1,-1,-1,-1,-1,-1,-1,
#assigned_hub=6,3,0,0,5,4,7,8,
#moving_targetting_pos=26,6|16,6|25,30|6,6|-1,-1|16,16|26,16|-1,-1|
#setting_targetting_pos=-1,-1|-1,-1|25,1|-1,-1|-1,-1|-1,-1|-1,-1|-1,-1|
........
#111111111011
#assigned_pet=-1,-1,-1,-1,-1,-1,-1,-1,
#assigned_hub=6,3,0,0,5,4,7,8,
#moving_targetting_pos=26,6|16,6|25,30|6,6|16,26|16,16|26,16|-1,-1|
#setting_targetting_pos=-1,-1|-1,-1|25,1|-1,-1|-1,-1|-1,-1|-1,-1|-1,-1|
........
#111111111011
#assigned_pet=-1,-1,-1,-1,-1,-1,-1,-1,
#assigned_hub=6,3,0,0,5,4,7,8,
#moving_targetting_pos=26,6|16,6|25,30|6,6|16,26|16,16|-1,-1|-1,-1|
#setting_targetting_pos=-1,-1|-1,-1|25,1|-1,-1|-1,-1|-1,-1|-1,-1|-1,-1|
........
#111111111011
#assigned_pet=-1,-1,-1,-1,-1,-1,-1,-1,
#assigned_hub=6,3,0,0,5,4,7,8,
#moving_targetting_pos=26,6|16,6|25,30|6,6|16,26|16,16|-1,-1|-1,-1|
#setting_targetting_pos=-1,-1|-1,-1|25,1|-1,-1|-1,-1|-1,-1|-1,-1|-1,-1|
........
#111111111011
#assigned_pet=-1,-1,-1,-1,-1,-1,9,9,
#assigned_hub=6,3,0,0,5,4,7,8,
#moving_targetting_pos=26,6|16,6|25,30|6,6|16,26|16,16|-1,-1|-1,-1|
#setting_targetting_pos=-1,-1|-1,-1|25,1|-1,-1|-1,-1|-1,-1|27,18|27,24|
......RL
#111111111011
#assigned_pet=-1,-1,-1,-1,-1,-1,9,9,
#assigned_hub=6,3,0,0,5,4,7,8,
#moving_targetting_pos=26,6|16,6|25,30|6,6|16,26|16,16|-1,-1|-1,-1|
#setting_targetting_pos=-1,-1|-1,-1|25,1|-1,-1|-1,-1|-1,-1|27,18|27,24|
......RD
#111111111011
#assigned_pet=-1,-1,-1,-1,-1,-1,9,9,
#assigned_hub=6,3,0,0,5,4,7,8,
#moving_targetting_pos=26,6|16,6|25,30|6,6|16,26|16,16|-1,-1|-1,-1|
#setting_targetting_pos=-1,-1|-1,-1|25,1|-1,-1|-1,-1|-1,-1|27,18|27,24|
......RL
#111111111011
#assigned_pet=-1,-1,-1,-1,-1,-1,9,9,
#assigned_hub=6,3,0,0,5,4,7,8,
#moving_targetting_pos=26,6|16,6|25,30|6,6|16,26|16,16|-1,-1|-1,-1|
#setting_targetting_pos=-1,-1|-1,-1|25,1|-1,-1|-1,-1|-1,-1|27,18|27,24|
......R.
#111111111011
#assigned_pet=-1,-1,-1,-1,-1,-1,9,9,
#assigned_hub=6,3,0,0,5,4,7,8,
#moving_targetting_pos=26,6|16,6|25,30|6,6|16,26|16,16|-1,-1|-1,-1|
#setting_targetting_pos=-1,-1|-1,-1|25,1|-1,-1|-1,-1|-1,-1|27,18|27,24|
........
#111111111111
#assigned_pet=-1,-1,-1,-1,-1,-1,9,9,
#assigned_hub=6,3,0,0,5,4,7,8,
#moving_targetting_pos=26,6|16,6|25,30|6,6|16,26|16,16|-1,-1|-1,-1|
#setting_targetting_pos=-1,-1|-1,-1|25,1|-1,-1|-1,-1|-1,-1|27,18|27,24|
......dd
#111111111111
#assigned_pet=-1,-1,-1,-1,-1,-1,-1,-1,
#assigned_hub=6,3,0,0,5,4,7,8,
#moving_targetting_pos=26,6|16,6|25,30|6,6|16,26|16,16|26,16|26,26|
#setting_targetting_pos=-1,-1|-1,-1|25,1|-1,-1|-1,-1|-1,-1|-1,-1|-1,-1|
........
#111111111111
#assigned_pet=-1,-1,-1,-1,-1,-1,-1,-1,
#assigned_hub=6,3,0,0,5,4,7,8,
#moving_targetting_pos=26,6|16,6|25,30|6,6|16,26|16,16|26,16|26,26|
#setting_targetting_pos=-1,-1|-1,-1|25,1|-1,-1|-1,-1|-1,-1|-1,-1|-1,-1|
........
#111111111111
#assigned_pet=-1,-1,-1,-1,-1,-1,-1,-1,
#assigned_hub=6,3,0,0,5,4,7,8,
#moving_targetting_pos=26,6|16,6|25,30|6,6|16,26|16,16|26,16|26,26|
#setting_targetting_pos=-1,-1|-1,-1|25,1|-1,-1|-1,-1|-1,-1|-1,-1|-1,-1|
........
#111111111111
#assigned_pet=-1,-1,-1,-1,-1,-1,-1,-1,
#assigned_hub=6,3,0,0,5,4,7,8,
#moving_targetting_pos=26,6|16,6|25,30|6,6|16,26|16,16|26,16|26,26|
#setting_targetting_pos=-1,-1|-1,-1|25,1|-1,-1|-1,-1|-1,-1|-1,-1|-1,-1|
........
#111111111111
#assigned_pet=-1,-1,-1,-1,-1,-1,-1,-1,
#assigned_hub=6,3,0,0,5,4,7,8,
#moving_targetting_pos=26,6|16,6|25,30|6,6|16,26|16,16|26,16|26,26|
#setting_targetting_pos=-1,-1|-1,-1|25,1|-1,-1|-1,-1|-1,-1|-1,-1|-1,-1|
........
#111111111111
#assigned_pet=-1,-1,-1,-1,-1,-1,-1,-1,
#assigned_hub=6,3,0,0,5,4,7,8,
#moving_targetting_pos=26,6|16,6|25,30|6,6|16,26|16,16|26,16|26,26|
#setting_targetting_pos=-1,-1|-1,-1|25,1|-1,-1|-1,-1|-1,-1|-1,-1|-1,-1|
........
#111111111111
#assigned_pet=-1,-1,-1,-1,-1,-1,-1,-1,
#assigned_hub=6,3,0,0,5,4,7,8,
#moving_targetting_pos=26,6|16,6|25,30|6,6|16,26|16,16|26,16|26,26|
#setting_targetting_pos=-1,-1|-1,-1|25,1|-1,-1|-1,-1|-1,-1|-1,-1|-1,-1|
........
#111111111111
#assigned_pet=-1,-1,-1,-1,-1,-1,-1,-1,
#assigned_hub=6,3,0,0,5,4,7,8,
#moving_targetting_pos=26,6|16,6|25,30|6,6|16,26|16,16|26,16|26,26|
#setting_targetting_pos=-1,-1|-1,-1|25,1|-1,-1|-1,-1|-1,-1|-1,-1|-1,-1|
........
#111111111111
#assigned_pet=-1,-1,-1,-1,-1,-1,-1,-1,
#assigned_hub=6,3,0,0,5,4,7,8,
#moving_targetting_pos=26,6|16,6|25,30|6,6|16,26|16,16|26,16|26,26|
#setting_targetting_pos=-1,-1|-1,-1|25,1|-1,-1|-1,-1|-1,-1|-1,-1|-1,-1|
........
#111111111111
#assigned_pet=-1,-1,-1,-1,-1,-1,-1,-1,
#assigned_hub=6,3,0,0,5,4,7,8,
#moving_targetting_pos=26,6|16,6|25,30|6,6|16,26|16,16|26,16|26,26|
#setting_targetting_pos=-1,-1|-1,-1|25,1|-1,-1|-1,-1|-1,-1|-1,-1|-1,-1|
........
#111111111111
#assigned_pet=-1,-1,-1,-1,-1,-1,-1,-1,
#assigned_hub=6,3,0,0,5,4,7,8,
#moving_targetting_pos=26,6|16,6|25,30|6,6|16,26|16,16|26,16|26,26|
#setting_targetting_pos=-1,-1|-1,-1|25,1|-1,-1|-1,-1|-1,-1|-1,-1|-1,-1|
........
#111111111111
#assigned_pet=-1,-1,-1,-1,-1,-1,-1,-1,
#assigned_hub=6,3,0,0,5,4,7,8,
#moving_targetting_pos=26,6|16,6|25,30|6,6|16,26|16,16|26,16|26,26|
#setting_targetting_pos=-1,-1|-1,-1|25,1|-1,-1|-1,-1|-1,-1|-1,-1|-1,-1|
........
#111111111111
#assigned_pet=-1,-1,-1,-1,-1,-1,-1,-1,
#assigned_hub=6,3,0,0,5,4,7,8,
#moving_targetting_pos=26,6|16,6|25,30|6,6|16,26|16,16|26,16|26,26|
#setting_targetting_pos=-1,-1|-1,-1|25,1|-1,-1|-1,-1|-1,-1|-1,-1|-1,-1|
........
#111111111111
#assigned_pet=-1,-1,-1,-1,-1,-1,-1,-1,
#assigned_hub=6,3,0,0,5,4,7,8,
#moving_targetting_pos=26,6|16,6|25,30|6,6|16,26|16,16|26,16|26,26|
#setting_targetting_pos=-1,-1|-1,-1|25,1|-1,-1|-1,-1|-1,-1|-1,-1|-1,-1|
........
#111111111111
#assigned_pet=-1,-1,-1,-1,-1,-1,-1,-1,
#assigned_hub=6,3,0,0,5,4,7,8,
#moving_targetting_pos=26,6|16,6|25,30|6,6|16,26|16,16|26,16|26,26|
#setting_targetting_pos=-1,-1|-1,-1|25,1|-1,-1|-1,-1|-1,-1|-1,-1|-1,-1|
........
#111111111111
#assigned_pet=-1,-1,-1,-1,-1,-1,-1,-1,
#assigned_hub=6,3,0,0,5,4,7,8,
#moving_targetting_pos=26,6|16,6|25,30|6,6|16,26|16,16|26,16|26,26|
#setting_targetting_pos=-1,-1|-1,-1|25,1|-1,-1|-1,-1|-1,-1|-1,-1|-1,-1|
........
#111111111111
#assigned_pet=-1,-1,-1,-1,-1,-1,-1,-1,
#assigned_hub=6,3,0,0,5,4,7,8,
#moving_targetting_pos=26,6|16,6|25,30|6,6|16,26|16,16|26,16|26,26|
#setting_targetting_pos=-1,-1|-1,-1|25,1|-1,-1|-1,-1|-1,-1|-1,-1|-1,-1|
........
#111111111111
#assigned_pet=-1,-1,-1,-1,-1,-1,-1,-1,
#assigned_hub=6,3,0,0,5,4,7,8,
#moving_targetting_pos=26,6|16,6|25,30|6,6|16,26|16,16|26,16|26,26|
#setting_targetting_pos=-1,-1|-1,-1|25,1|-1,-1|-1,-1|-1,-1|-1,-1|-1,-1|
........
#111111111111
#assigned_pet=-1,-1,-1,-1,-1,-1,-1,-1,
#assigned_hub=6,3,0,0,5,4,7,8,
#moving_targetting_pos=26,6|16,6|25,30|6,6|16,26|16,16|26,16|26,26|
#setting_targetting_pos=-1,-1|-1,-1|25,1|-1,-1|-1,-1|-1,-1|-1,-1|-1,-1|
........
#111111111111
#assigned_pet=-1,-1,-1,-1,-1,-1,-1,-1,
#assigned_hub=6,3,0,0,5,4,7,8,
#moving_targetting_pos=26,6|16,6|25,30|6,6|16,26|16,16|26,16|26,26|
#setting_targetting_pos=-1,-1|-1,-1|25,1|-1,-1|-1,-1|-1,-1|-1,-1|-1,-1|
........
#111111111111
#assigned_pet=-1,-1,-1,-1,-1,-1,-1,-1,
#assigned_hub=6,3,0,0,5,4,7,8,
#moving_targetting_pos=26,6|16,6|25,30|6,6|16,26|16,16|26,16|26,26|
#setting_targetting_pos=-1,-1|-1,-1|25,1|-1,-1|-1,-1|-1,-1|-1,-1|-1,-1|
........
#111111111111
#assigned_pet=-1,-1,-1,-1,-1,-1,-1,-1,
#assigned_hub=6,3,0,0,5,4,7,8,
#moving_targetting_pos=26,6|16,6|25,30|6,6|16,26|16,16|26,16|26,26|
#setting_targetting_pos=-1,-1|-1,-1|25,1|-1,-1|-1,-1|-1,-1|-1,-1|-1,-1|
........
#111111111111
#assigned_pet=-1,-1,-1,-1,-1,-1,-1,-1,
#assigned_hub=6,3,0,0,5,4,7,8,
#moving_targetting_pos=26,6|16,6|25,30|6,6|16,26|16,16|26,16|26,26|
#setting_targetting_pos=-1,-1|-1,-1|25,1|-1,-1|-1,-1|-1,-1|-1,-1|-1,-1|
........
#111111111111
#assigned_pet=-1,-1,-1,-1,-1,-1,-1,-1,
#assigned_hub=6,3,0,0,5,4,7,8,
#moving_targetting_pos=26,6|16,6|25,30|6,6|16,26|16,16|26,16|26,26|
#setting_targetting_pos=-1,-1|-1,-1|25,1|-1,-1|-1,-1|-1,-1|-1,-1|-1,-1|
........
#111111111111
#assigned_pet=-1,-1,-1,-1,-1,-1,-1,-1,
#assigned_hub=6,3,0,0,5,4,7,8,
#moving_targetting_pos=26,6|16,6|25,30|6,6|16,26|16,16|26,16|26,26|
#setting_targetting_pos=-1,-1|-1,-1|25,1|-1,-1|-1,-1|-1,-1|-1,-1|-1,-1|
........
#111111111111
#assigned_pet=-1,-1,-1,-1,-1,-1,-1,-1,
#assigned_hub=6,3,0,0,5,4,7,8,
#moving_targetting_pos=26,6|16,6|25,30|6,6|16,26|16,16|26,16|26,26|
#setting_targetting_pos=-1,-1|-1,-1|25,1|-1,-1|-1,-1|-1,-1|-1,-1|-1,-1|
........
#111111111111
#assigned_pet=-1,-1,-1,-1,-1,-1,-1,-1,
#assigned_hub=6,3,0,0,5,4,7,8,
#moving_targetting_pos=26,6|16,6|25,30|6,6|16,26|16,16|26,16|26,26|
#setting_targetting_pos=-1,-1|-1,-1|25,1|-1,-1|-1,-1|-1,-1|-1,-1|-1,-1|
........
#111111111111
#assigned_pet=-1,-1,-1,-1,-1,-1,-1,-1,
#assigned_hub=6,3,0,0,5,4,7,8,
#moving_targetting_pos=26,6|16,6|25,30|6,6|16,26|16,16|26,16|26,26|
#setting_targetting_pos=-1,-1|-1,-1|25,1|-1,-1|-1,-1|-1,-1|-1,-1|-1,-1|
........
#111111111111
#assigned_pet=-1,-1,-1,-1,-1,-1,-1,-1,
#assigned_hub=6,3,0,0,5,4,7,8,
#moving_targetting_pos=26,6|16,6|25,30|6,6|16,26|16,16|26,16|26,26|
#setting_targetting_pos=-1,-1|-1,-1|25,1|-1,-1|-1,-1|-1,-1|-1,-1|-1,-1|
........
#111111111111
#assigned_pet=-1,-1,-1,-1,-1,-1,-1,-1,
#assigned_hub=6,3,0,0,5,4,7,8,
#moving_targetting_pos=26,6|16,6|25,30|6,6|16,26|16,16|26,16|26,26|
#setting_targetting_pos=-1,-1|-1,-1|25,1|-1,-1|-1,-1|-1,-1|-1,-1|-1,-1|
........
#111111111111
#assigned_pet=-1,-1,-1,-1,-1,-1,-1,-1,
#assigned_hub=6,3,0,0,5,4,7,8,
#moving_targetting_pos=26,6|16,6|25,30|6,6|16,26|16,16|26,16|26,26|
#setting_targetting_pos=-1,-1|-1,-1|25,1|-1,-1|-1,-1|-1,-1|-1,-1|-1,-1|
........
#111111111111
#assigned_pet=-1,-1,-1,-1,-1,-1,-1,-1,
#assigned_hub=6,3,0,0,5,4,7,8,
#moving_targetting_pos=26,6|16,6|25,30|6,6|16,26|16,16|26,16|26,26|
#setting_targetting_pos=-1,-1|-1,-1|25,1|-1,-1|-1,-1|-1,-1|-1,-1|-1,-1|
........
#111111111111
#assigned_pet=-1,-1,-1,-1,-1,-1,-1,-1,
#assigned_hub=6,3,0,0,5,4,7,8,
#moving_targetting_pos=26,6|16,6|25,30|6,6|16,26|16,16|26,16|26,26|
#setting_targetting_pos=-1,-1|-1,-1|25,1|-1,-1|-1,-1|-1,-1|-1,-1|-1,-1|
........
#111111111111
#assigned_pet=-1,-1,-1,-1,-1,-1,-1,-1,
#assigned_hub=6,3,0,0,5,4,7,8,
#moving_targetting_pos=26,6|16,6|25,30|6,6|16,26|16,16|26,16|26,26|
#setting_targetting_pos=-1,-1|-1,-1|25,1|-1,-1|-1,-1|-1,-1|-1,-1|-1,-1|
........
#111111111111
#assigned_pet=-1,-1,-1,-1,-1,-1,-1,-1,
#assigned_hub=6,3,0,0,5,4,7,8,
#moving_targetting_pos=26,6|16,6|25,30|6,6|16,26|16,16|26,16|26,26|
#setting_targetting_pos=-1,-1|-1,-1|25,1|-1,-1|-1,-1|-1,-1|-1,-1|-1,-1|
........
#111111111111
#assigned_pet=-1,-1,-1,-1,-1,-1,-1,-1,
#assigned_hub=6,3,0,0,5,4,7,8,
#moving_targetting_pos=26,6|16,6|25,30|6,6|16,26|16,16|26,16|26,26|
#setting_targetting_pos=-1,-1|-1,-1|25,1|-1,-1|-1,-1|-1,-1|-1,-1|-1,-1|
........
#111111111111
#assigned_pet=-1,-1,-1,-1,-1,-1,-1,-1,
#assigned_hub=6,3,0,0,5,4,7,8,
#moving_targetting_pos=26,6|16,6|25,30|6,6|16,26|16,16|26,16|26,26|
#setting_targetting_pos=-1,-1|-1,-1|25,1|-1,-1|-1,-1|-1,-1|-1,-1|-1,-1|
........
#111111111111
#assigned_pet=-1,-1,-1,-1,-1,-1,-1,-1,
#assigned_hub=6,3,0,0,5,4,7,8,
#moving_targetting_pos=26,6|16,6|25,30|6,6|16,26|16,16|26,16|26,26|
#setting_targetting_pos=-1,-1|-1,-1|25,1|-1,-1|-1,-1|-1,-1|-1,-1|-1,-1|
........
#111111111111
#assigned_pet=-1,-1,-1,-1,-1,-1,-1,-1,
#assigned_hub=6,3,0,0,5,4,7,8,
#moving_targetting_pos=26,6|16,6|25,30|6,6|16,26|16,16|26,16|26,26|
#setting_targetting_pos=-1,-1|-1,-1|25,1|-1,-1|-1,-1|-1,-1|-1,-1|-1,-1|
........
#111111111111
#assigned_pet=-1,-1,-1,-1,-1,-1,-1,-1,
#assigned_hub=6,3,0,0,5,4,7,8,
#moving_targetting_pos=26,6|16,6|25,30|6,6|16,26|16,16|26,16|26,26|
#setting_targetting_pos=-1,-1|-1,-1|25,1|-1,-1|-1,-1|-1,-1|-1,-1|-1,-1|
........
#111111111111
#assigned_pet=-1,-1,-1,-1,-1,-1,-1,-1,
#assigned_hub=6,3,0,0,5,4,7,8,
#moving_targetting_pos=26,6|16,6|25,30|6,6|16,26|16,16|26,16|26,26|
#setting_targetting_pos=-1,-1|-1,-1|25,1|-1,-1|-1,-1|-1,-1|-1,-1|-1,-1|
........
#111111111111
#assigned_pet=-1,-1,-1,-1,-1,-1,-1,-1,
#assigned_hub=6,3,0,0,5,4,7,8,
#moving_targetting_pos=26,6|16,6|25,30|6,6|16,26|16,16|26,16|26,26|
#setting_targetting_pos=-1,-1|-1,-1|25,1|-1,-1|-1,-1|-1,-1|-1,-1|-1,-1|
........
#111111111111
#assigned_pet=-1,-1,-1,-1,-1,-1,-1,-1,
#assigned_hub=6,3,0,0,5,4,7,8,
#moving_targetting_pos=26,6|16,6|25,30|6,6|16,26|16,16|26,16|26,26|
#setting_targetting_pos=-1,-1|-1,-1|25,1|-1,-1|-1,-1|-1,-1|-1,-1|-1,-1|
........
#111111111111
#assigned_pet=-1,-1,-1,-1,-1,-1,-1,-1,
#assigned_hub=6,3,0,0,5,4,7,8,
#moving_targetting_pos=26,6|16,6|25,30|6,6|16,26|16,16|26,16|26,26|
#setting_targetting_pos=-1,-1|-1,-1|25,1|-1,-1|-1,-1|-1,-1|-1,-1|-1,-1|
........
#111111111111
#assigned_pet=-1,-1,-1,-1,-1,-1,-1,-1,
#assigned_hub=6,3,0,0,5,4,7,8,
#moving_targetting_pos=26,6|16,6|25,30|6,6|16,26|16,16|26,16|26,26|
#setting_targetting_pos=-1,-1|-1,-1|25,1|-1,-1|-1,-1|-1,-1|-1,-1|-1,-1|
........
#111111111111
#assigned_pet=-1,-1,-1,-1,-1,-1,-1,-1,
#assigned_hub=6,3,0,0,5,4,7,8,
#moving_targetting_pos=26,6|16,6|25,30|6,6|16,26|16,16|26,16|26,26|
#setting_targetting_pos=-1,-1|-1,-1|25,1|-1,-1|-1,-1|-1,-1|-1,-1|-1,-1|
........
#111111111111
#assigned_pet=-1,-1,-1,-1,-1,-1,-1,-1,
#assigned_hub=6,3,0,0,5,4,7,8,
#moving_targetting_pos=26,6|16,6|25,30|6,6|16,26|16,16|26,16|26,26|
#setting_targetting_pos=-1,-1|-1,-1|25,1|-1,-1|-1,-1|-1,-1|-1,-1|-1,-1|
........
#111111111111
#assigned_pet=-1,-1,-1,-1,-1,-1,-1,-1,
#assigned_hub=6,3,0,0,5,4,7,8,
#moving_targetting_pos=26,6|16,6|25,30|6,6|16,26|16,16|26,16|26,26|
#setting_targetting_pos=-1,-1|-1,-1|25,1|-1,-1|-1,-1|-1,-1|-1,-1|-1,-1|
........
#111111111111
#assigned_pet=-1,-1,-1,-1,-1,-1,-1,-1,
#assigned_hub=6,3,0,0,5,4,7,8,
#moving_targetting_pos=26,6|16,6|25,30|6,6|16,26|16,16|26,16|26,26|
#setting_targetting_pos=-1,-1|-1,-1|25,1|-1,-1|-1,-1|-1,-1|-1,-1|-1,-1|
........
#111111111111
#assigned_pet=-1,-1,-1,-1,-1,-1,-1,-1,
#assigned_hub=6,3,0,0,5,4,7,8,
#moving_targetting_pos=26,6|16,6|25,30|6,6|16,26|16,16|26,16|26,26|
#setting_targetting_pos=-1,-1|-1,-1|25,1|-1,-1|-1,-1|-1,-1|-1,-1|-1,-1|
........
#111111111111
#assigned_pet=-1,-1,-1,-1,-1,-1,-1,-1,
#assigned_hub=6,3,0,0,5,4,7,8,
#moving_targetting_pos=26,6|16,6|25,30|6,6|16,26|16,16|26,16|26,26|
#setting_targetting_pos=-1,-1|-1,-1|25,1|-1,-1|-1,-1|-1,-1|-1,-1|-1,-1|
........
#111111111111
#assigned_pet=-1,-1,-1,-1,-1,-1,-1,-1,
#assigned_hub=6,3,0,0,5,4,7,8,
#moving_targetting_pos=26,6|16,6|25,30|6,6|16,26|16,16|26,16|26,26|
#setting_targetting_pos=-1,-1|-1,-1|25,1|-1,-1|-1,-1|-1,-1|-1,-1|-1,-1|
........
#111111111111
#assigned_pet=-1,-1,-1,-1,-1,-1,-1,-1,
#assigned_hub=6,3,0,0,5,4,7,8,
#moving_targetting_pos=26,6|16,6|25,30|6,6|16,26|16,16|26,16|26,26|
#setting_targetting_pos=-1,-1|-1,-1|25,1|-1,-1|-1,-1|-1,-1|-1,-1|-1,-1|
........
#111111111111
#assigned_pet=-1,-1,-1,-1,-1,-1,-1,-1,
#assigned_hub=6,3,0,0,5,4,7,8,
#moving_targetting_pos=26,6|16,6|25,30|6,6|16,26|16,16|26,16|26,26|
#setting_targetting_pos=-1,-1|-1,-1|25,1|-1,-1|-1,-1|-1,-1|-1,-1|-1,-1|
........
#111111111111
#assigned_pet=-1,-1,-1,-1,-1,-1,-1,-1,
#assigned_hub=6,3,0,0,5,4,7,8,
#moving_targetting_pos=26,6|16,6|25,30|6,6|16,26|16,16|26,16|26,26|
#setting_targetting_pos=-1,-1|-1,-1|25,1|-1,-1|-1,-1|-1,-1|-1,-1|-1,-1|
........
#111111111111
#assigned_pet=-1,-1,-1,-1,-1,-1,-1,-1,
#assigned_hub=6,3,0,0,5,4,7,8,
#moving_targetting_pos=26,6|16,6|25,30|6,6|16,26|16,16|26,16|26,26|
#setting_targetting_pos=-1,-1|-1,-1|25,1|-1,-1|-1,-1|-1,-1|-1,-1|-1,-1|
........
#111111111111
#assigned_pet=-1,-1,-1,-1,-1,-1,-1,-1,
#assigned_hub=6,3,0,0,5,4,7,8,
#moving_targetting_pos=26,6|16,6|25,30|6,6|16,26|16,16|26,16|26,26|
#setting_targetting_pos=-1,-1|-1,-1|25,1|-1,-1|-1,-1|-1,-1|-1,-1|-1,-1|
........
#111111111111
#assigned_pet=-1,-1,-1,-1,-1,-1,-1,-1,
#assigned_hub=6,3,0,0,5,4,7,8,
#moving_targetting_pos=26,6|16,6|25,30|6,6|16,26|16,16|26,16|26,26|
#setting_targetting_pos=-1,-1|-1,-1|25,1|-1,-1|-1,-1|-1,-1|-1,-1|-1,-1|
........
#111111111111
#assigned_pet=-1,-1,-1,-1,-1,-1,-1,-1,
#assigned_hub=6,3,0,0,5,4,7,8,
#moving_targetting_pos=26,6|16,6|25,30|6,6|16,26|16,16|26,16|26,26|
#setting_targetting_pos=-1,-1|-1,-1|25,1|-1,-1|-1,-1|-1,-1|-1,-1|-1,-1|
........
#111111111111
#assigned_pet=-1,-1,-1,-1,-1,-1,-1,-1,
#assigned_hub=6,3,0,0,5,4,7,8,
#moving_targetting_pos=26,6|16,6|25,30|6,6|16,26|16,16|26,16|26,26|
#setting_targetting_pos=-1,-1|-1,-1|25,1|-1,-1|-1,-1|-1,-1|-1,-1|-1,-1|
........
#111111111111
#assigned_pet=-1,-1,-1,-1,-1,-1,-1,-1,
#assigned_hub=6,3,0,0,5,4,7,8,
#moving_targetting_pos=26,6|16,6|25,30|6,6|16,26|16,16|26,16|26,26|
#setting_targetting_pos=-1,-1|-1,-1|25,1|-1,-1|-1,-1|-1,-1|-1,-1|-1,-1|
........
#111111111111
#assigned_pet=-1,-1,-1,-1,-1,-1,-1,-1,
#assigned_hub=6,3,0,0,5,4,7,8,
#moving_targetting_pos=26,6|16,6|25,30|6,6|16,26|16,16|26,16|26,26|
#setting_targetting_pos=-1,-1|-1,-1|25,1|-1,-1|-1,-1|-1,-1|-1,-1|-1,-1|
........
#111111111111
#assigned_pet=-1,-1,-1,-1,-1,-1,-1,-1,
#assigned_hub=6,3,0,0,5,4,7,8,
#moving_targetting_pos=26,6|16,6|25,30|6,6|16,26|16,16|26,16|26,26|
#setting_targetting_pos=-1,-1|-1,-1|25,1|-1,-1|-1,-1|-1,-1|-1,-1|-1,-1|
........
#111111111111
#assigned_pet=-1,-1,-1,-1,-1,-1,-1,-1,
#assigned_hub=6,3,0,0,5,4,7,8,
#moving_targetting_pos=26,6|16,6|25,30|6,6|16,26|16,16|26,16|26,26|
#setting_targetting_pos=-1,-1|-1,-1|25,1|-1,-1|-1,-1|-1,-1|-1,-1|-1,-1|
........
#111111111111
#assigned_pet=-1,-1,-1,-1,-1,-1,-1,-1,
#assigned_hub=6,3,0,0,5,4,7,8,
#moving_targetting_pos=26,6|16,6|25,30|6,6|16,26|16,16|26,16|26,26|
#setting_targetting_pos=-1,-1|-1,-1|25,1|-1,-1|-1,-1|-1,-1|-1,-1|-1,-1|
........
#111111111111
#assigned_pet=-1,-1,-1,-1,-1,-1,-1,-1,
#assigned_hub=6,3,0,0,5,4,7,8,
#moving_targetting_pos=26,6|16,6|25,30|6,6|16,26|16,16|26,16|26,26|
#setting_targetting_pos=-1,-1|-1,-1|25,1|-1,-1|-1,-1|-1,-1|-1,-1|-1,-1|
........
#111111111111
#assigned_pet=-1,-1,-1,-1,-1,-1,-1,-1,
#assigned_hub=6,3,0,0,5,4,7,8,
#moving_targetting_pos=26,6|16,6|25,30|6,6|16,26|16,16|26,16|26,26|
#setting_targetting_pos=-1,-1|-1,-1|25,1|-1,-1|-1,-1|-1,-1|-1,-1|-1,-1|
........
#111111111111
#assigned_pet=-1,-1,-1,-1,-1,-1,-1,-1,
#assigned_hub=6,3,0,0,5,4,7,8,
#moving_targetting_pos=26,6|16,6|25,30|6,6|16,26|16,16|26,16|26,26|
#setting_targetting_pos=-1,-1|-1,-1|25,1|-1,-1|-1,-1|-1,-1|-1,-1|-1,-1|
........
