#0000000000000
#assigned_pet=-1,-1,-1,-1,-1,-1,-1,-1,
#assigned_hub=0,0,0,0,0,0,0,0,
#moving_targetting_pos=12,1|19,2|9,2|22,29|25,30|29,30|5,30|15,30|
#setting_targetting_pos=12,29|19,30|9,30|22,1|25,1|29,2|5,1|15,1|
LLLRRRRR
#0000000000000
#assigned_pet=-1,-1,-1,-1,-1,-1,-1,-1,
#assigned_hub=0,0,0,0,0,0,0,0,
#moving_targetting_pos=12,1|19,2|9,2|22,29|25,30|29,30|5,30|15,30|
#setting_targetting_pos=12,29|19,30|9,30|22,1|25,1|29,2|5,1|15,1|
LLDDRRRR
#0000000000000
#assigned_pet=-1,-1,-1,-1,-1,-1,-1,-1,
#assigned_hub=0,0,0,0,0,0,0,0,
#moving_targetting_pos=12,1|19,2|9,2|22,29|25,30|29,30|5,30|15,30|
#setting_targetting_pos=12,29|19,30|9,30|22,1|25,1|29,2|5,1|15,1|
LLdDRRRU
#0000000000000
#assigned_pet=-1,-1,-1,-1,-1,-1,-1,-1,
#assigned_hub=0,0,0,0,0,0,0,0,
#moving_targetting_pos=12,1|19,2|9,2|22,29|25,30|29,30|5,30|15,30|
#setting_targetting_pos=12,29|19,30|9,30|22,1|25,1|29,2|5,1|15,1|
LLRdDRRU
#0000000000000
#assigned_pet=-1,-1,-1,-1,-1,-1,-1,-1,
#assigned_hub=0,0,0,0,0,0,0,0,
#moving_targetting_pos=12,1|19,2|9,2|22,29|25,30|29,30|5,30|15,30|
#setting_targetting_pos=12,29|19,30|9,30|22,1|25,1|29,2|5,1|15,1|
LLR.DRRU
#0000000000000
#assigned_pet=-1,-1,-1,-1,-1,-1,-1,-1,
#assigned_hub=0,0,0,0,0,0,0,0,
#moving_targetting_pos=12,1|19,2|9,2|22,29|25,30|29,30|5,30|15,30|
#setting_targetting_pos=12,29|19,30|9,30|22,1|25,1|29,2|5,1|15,1|
LLl.DRRU
#0000000000000
#assigned_pet=-1,-1,-1,-1,-1,-1,-1,-1,
#assigned_hub=0,0,0,0,0,0,0,0,
#moving_targetting_pos=12,1|19,2|9,2|22,29|25,30|29,30|5,30|15,30|
#setting_targetting_pos=12,29|19,30|9,30|22,1|25,1|29,2|5,1|15,1|
LLurDRRU
#0000000000000
#assigned_pet=-1,-1,-1,-1,-1,-1,-1,-1,
#assigned_hub=0,0,0,0,0,0,0,0,
#moving_targetting_pos=12,1|19,2|9,2|22,29|25,30|29,30|5,30|15,30|
#setting_targetting_pos=12,29|19,30|9,30|22,1|25,1|29,2|5,1|15,1|
LLRL.RUD
#0000000000000
#assigned_pet=-1,-1,-1,-1,-1,-1,-1,-1,
#assigned_hub=0,0,0,0,0,0,0,0,
#moving_targetting_pos=12,1|19,2|9,2|22,29|25,30|29,30|5,30|15,30|
#setting_targetting_pos=12,29|19,30|9,30|22,1|25,1|29,2|5,1|15,1|
LLRLdDUL
#0000000000000
#assigned_pet=-1,-1,-1,-1,-1,-1,-1,-1,
#assigned_hub=0,0,0,0,0,0,0,0,
#moving_targetting_pos=12,1|19,2|9,2|22,29|25,30|29,30|5,30|15,30|
#setting_targetting_pos=12,29|19,30|9,30|22,1|25,1|29,2|5,1|15,1|
ULdLLRUL
#0000000000000
#assigned_pet=-1,-1,-1,-1,-1,-1,-1,-1,
#assigned_hub=0,0,0,0,0,0,0,0,
#moving_targetting_pos=12,1|19,2|9,2|22,29|25,30|29,30|5,30|15,30|
#setting_targetting_pos=12,29|19,30|9,30|22,1|25,1|29,2|5,1|15,1|
uLRddDUU
#0000000000000
#assigned_pet=-1,-1,-1,-1,-1,-1,-1,-1,
#assigned_hub=0,0,0,0,0,0,0,0,
#moving_targetting_pos=12,1|19,2|9,2|22,29|25,30|29,30|5,30|15,30|
#setting_targetting_pos=12,29|19,30|9,30|22,1|25,1|29,2|5,1|15,1|
RLluLLdU
#0000000000000
#assigned_pet=-1,-1,-1,-1,-1,-1,-1,-1,
#assigned_hub=0,0,0,0,0,0,0,0,
#moving_targetting_pos=12,1|19,2|9,2|22,29|25,30|29,30|5,30|15,30|
#setting_targetting_pos=12,29|19,30|9,30|22,1|25,1|29,2|5,1|15,1|
RURL.DLR
#0000000000000
#assigned_pet=-1,-1,-1,-1,-1,-1,-1,-1,
#assigned_hub=0,0,0,0,0,0,0,0,
#moving_targetting_pos=12,1|19,2|9,2|22,29|25,30|29,30|5,30|15,30|
#setting_targetting_pos=12,29|19,30|9,30|22,1|25,1|29,2|5,1|15,1|
lUuruDdU
#0000000000000
#assigned_pet=-1,-1,-1,-1,-1,-1,-1,-1,
#assigned_hub=0,0,0,0,0,0,0,0,
#moving_targetting_pos=12,1|19,2|9,2|22,29|25,30|29,30|5,30|15,30|
#setting_targetting_pos=12,29|19,30|9,30|22,1|25,1|29,2|5,1|15,1|
ddRLLRLR
#0000000000000
#assigned_pet=-1,-1,-1,-1,-1,-1,-1,-1,
#assigned_hub=0,0,0,0,0,0,0,0,
#moving_targetting_pos=12,1|19,2|9,2|22,29|25,30|29,30|5,30|15,30|
#setting_targetting_pos=12,29|19,30|9,30|22,1|25,1|29,2|5,1|15,1|
RRRLLRuU
#0000000000000
#assigned_pet=-1,-1,-1,-1,-1,-1,-1,-1,
#assigned_hub=0,0,0,0,0,0,0,0,
#moving_targetting_pos=12,1|19,2|9,2|22,29|25,30|29,30|5,30|15,30|
#setting_targetting_pos=12,29|19,30|9,30|22,1|25,1|29,2|5,1|15,1|
RRldLDLU
#0000000000000
#assigned_pet=-1,-1,-1,-1,-1,-1,-1,-1,
#assigned_hub=0,0,0,0,0,0,0,0,
#moving_targetting_pos=12,1|19,2|9,2|22,29|25,30|29,30|5,30|15,30|
#setting_targetting_pos=12,29|19,30|9,30|22,1|25,1|29,2|5,1|15,1|
RldLLDLU
#0000000000000
#assigned_pet=-1,-1,-1,-1,-1,-1,-1,-1,
#assigned_hub=0,0,0,0,0,0,0,0,
#moving_targetting_pos=12,1|19,2|9,2|22,29|25,30|29,30|5,30|15,30|
#setting_targetting_pos=12,29|19,30|9,30|22,1|25,1|29,2|5,1|15,1|
d.RLudLU
#0000000000000
#assigned_pet=-1,-1,-1,-1,-1,-1,-1,-1,
#assigned_hub=0,0,0,0,0,0,0,0,
#moving_targetting_pos=12,1|19,2|9,2|22,29|25,30|29,30|5,30|15,30|
#setting_targetting_pos=12,29|19,30|9,30|22,1|25,1|29,2|5,1|15,1|
uuRrLLLU
#0000000000000
#assigned_pet=-1,-1,-1,-1,-1,-1,-1,-1,
#assigned_hub=0,0,0,0,0,0,0,0,
#moving_targetting_pos=12,1|19,2|9,2|22,29|25,30|29,30|5,30|15,30|
#setting_targetting_pos=12,29|19,30|9,30|22,1|25,1|29,2|5,1|15,1|
RRdudLuU
#0000000000000
#assigned_pet=-1,-1,-1,-1,-1,-1,-1,-1,
#assigned_hub=0,0,0,0,0,0,0,0,
#moving_targetting_pos=12,1|19,2|9,2|22,29|25,30|29,30|5,30|15,30|
#setting_targetting_pos=12,29|19,30|9,30|22,1|25,1|29,2|5,1|15,1|
lRRLL.Ld
#0000000000000
#assigned_pet=-1,-1,-1,-1,-1,-1,-1,-1,
#assigned_hub=0,0,0,0,0,0,0,0,
#moving_targetting_pos=12,1|19,2|9,2|22,29|25,30|29,30|5,30|15,30|
#setting_targetting_pos=12,29|19,30|9,30|22,1|25,1|29,2|5,1|15,1|
RdRLdrdL
#0000000000000
#assigned_pet=-1,-1,-1,-1,-1,-1,-1,-1,
#assigned_hub=0,0,0,0,0,0,0,0,
#moving_targetting_pos=12,1|19,2|9,2|22,29|25,30|29,30|5,30|15,30|
#setting_targetting_pos=12,29|19,30|9,30|22,1|25,1|29,2|5,1|15,1|
RRlrLuLd
#0000000000000
#assigned_pet=-1,-1,-1,-1,-1,-1,-1,-1,
#assigned_hub=0,0,0,0,0,0,0,0,
#moving_targetting_pos=12,1|19,2|9,2|22,29|25,30|29,30|5,30|15,30|
#setting_targetting_pos=12,29|19,30|9,30|22,1|25,1|29,2|5,1|15,1|
dlu.dLdL
#0000000000000
#assigned_pet=-1,-1,-1,-1,-1,-1,-1,-1,
#assigned_hub=0,0,0,0,0,0,0,0,
#moving_targetting_pos=12,1|19,2|9,2|22,29|25,30|29,30|5,30|15,30|
#setting_targetting_pos=12,29|19,30|9,30|22,1|25,1|29,2|5,1|15,1|
RRRdLLLu
#0000000000000
#assigned_pet=-1,-1,-1,-1,-1,-1,-1,-1,
#assigned_hub=0,0,0,0,0,0,0,0,
#moving_targetting_pos=12,1|19,2|9,2|22,29|25,30|29,30|5,30|15,30|
#setting_targetting_pos=12,29|19,30|9,30|22,1|25,1|29,2|5,1|15,1|
RuRLdddL
#0000000000000
#assigned_pet=-1,-1,-1,-1,-1,-1,-1,-1,
#assigned_hub=0,0,0,0,0,0,0,0,
#moving_targetting_pos=12,1|19,2|9,2|22,29|25,30|29,30|5,30|15,30|
#setting_targetting_pos=12,29|19,30|9,30|22,1|25,1|29,2|5,1|15,1|
lRdLLLLL
#0000000000000
#assigned_pet=-1,-1,-1,-1,-1,-1,-1,-1,
#assigned_hub=0,0,0,0,0,0,0,0,
#moving_targetting_pos=12,1|19,2|9,2|22,29|25,30|29,30|5,30|15,30|
#setting_targetting_pos=12,29|19,30|9,30|22,1|25,1|29,2|5,1|15,1|
uRRLdrdL
#0000000000000
#assigned_pet=-1,-1,-1,-1,-1,-1,-1,-1,
#assigned_hub=0,0,0,0,0,0,0,0,
#moving_targetting_pos=12,1|19,2|9,2|22,29|25,30|29,30|5,30|15,30|
#setting_targetting_pos=12,29|19,30|9,30|22,1|25,1|29,2|5,1|15,1|
RlldLLLL
#0000000000000
#assigned_pet=-1,-1,-1,-1,-1,-1,-1,-1,
#assigned_hub=0,0,0,0,0,0,0,0,
#moving_targetting_pos=12,1|19,2|9,2|22,29|25,30|29,30|5,30|15,30|
#setting_targetting_pos=12,29|19,30|9,30|22,1|25,1|29,2|5,1|15,1|
RdRuuudu
#0000000000000
#assigned_pet=-1,-1,-1,-1,-1,-1,-1,-1,
#assigned_hub=0,0,0,0,0,0,0,0,
#moving_targetting_pos=12,1|19,2|9,2|22,29|25,30|29,30|5,30|15,30|
#setting_targetting_pos=12,29|19,30|9,30|22,1|25,1|29,2|5,1|15,1|
lRuLLLLL
#0000000000000
#assigned_pet=-1,-1,-1,-1,-1,-1,-1,-1,
#assigned_hub=0,0,0,0,0,0,0,0,
#moving_targetting_pos=12,1|19,2|9,2|22,29|25,30|29,30|5,30|15,30|
#setting_targetting_pos=12,29|19,30|9,30|22,1|25,1|29,2|5,1|15,1|
dRRrLLud
#0000000000000
#assigned_pet=-1,-1,-1,-1,-1,-1,-1,-1,
#assigned_hub=0,0,0,0,0,0,0,0,
#moving_targetting_pos=12,1|19,2|9,2|22,29|25,30|29,30|5,30|15,30|
#setting_targetting_pos=12,29|19,30|9,30|22,1|25,1|29,2|5,1|15,1|
RdRLLrLL
#0000000000000
#assigned_pet=-1,-1,-1,-1,-1,-1,-1,-1,
#assigned_hub=0,0,0,0,0,0,0,0,
#moving_targetting_pos=12,1|19,2|9,2|22,29|25,30|29,30|5,30|15,30|
#setting_targetting_pos=12,29|19,30|9,30|22,1|25,1|29,2|5,1|15,1|
RRlLLdLd
#0000000000000
#assigned_pet=-1,-1,-1,-1,-1,-1,-1,-1,
#assigned_hub=0,0,0,0,0,0,0,0,
#moving_targetting_pos=12,1|19,2|9,2|22,29|25,30|29,30|5,30|15,30|
#setting_targetting_pos=12,29|19,30|9,30|22,1|25,1|29,2|5,1|15,1|
RRdduLLL
#0000000000000
#assigned_pet=-1,-1,-1,-1,-1,-1,-1,-1,
#assigned_hub=0,0,0,0,0,0,0,0,
#moving_targetting_pos=12,1|19,2|9,2|22,29|25,30|29,30|5,30|15,30|
#setting_targetting_pos=12,29|19,30|9,30|22,1|25,1|29,2|5,1|15,1|
dlRLLLLd
#0000000000000
#assigned_pet=-1,-1,-1,-1,-1,-1,-1,-1,
#assigned_hub=0,0,0,0,0,0,0,0,
#moving_targetting_pos=12,1|19,2|9,2|22,29|25,30|29,30|5,30|15,30|
#setting_targetting_pos=12,29|19,30|9,30|22,1|25,1|29,2|5,1|15,1|
uuRLdduL
#0000000000000
#assigned_pet=-1,-1,-1,-1,-1,-1,-1,-1,
#assigned_hub=0,0,0,0,0,0,0,0,
#moving_targetting_pos=12,1|19,2|9,2|22,29|25,30|29,30|5,30|15,30|
#setting_targetting_pos=12,29|19,30|9,30|22,1|25,1|29,2|5,1|15,1|
RRdrLLLd
#0000000000000
#assigned_pet=-1,-1,-1,-1,-1,-1,-1,-1,
#assigned_hub=0,0,0,0,0,0,0,0,
#moving_targetting_pos=12,1|19,2|9,2|22,29|25,30|29,30|5,30|15,30|
#setting_targetting_pos=12,29|19,30|9,30|22,1|25,1|29,2|5,1|15,1|
lRRudLdL
#0000000000000
#assigned_pet=-1,-1,-1,-1,-1,-1,-1,-1,
#assigned_hub=0,0,0,0,0,0,0,0,
#moving_targetting_pos=12,1|19,2|9,2|22,29|25,30|29,30|5,30|15,30|
#setting_targetting_pos=12,29|19,30|9,30|22,1|25,1|29,2|5,1|15,1|
RdRLLrLd
#0000000000000
#assigned_pet=-1,-1,-1,-1,-1,-1,-1,-1,
#assigned_hub=0,0,0,0,0,0,0,0,
#moving_targetting_pos=12,1|19,2|9,2|22,29|25,30|29,30|5,30|15,30|
#setting_targetting_pos=12,29|19,30|9,30|22,1|25,1|29,2|5,1|15,1|
RRlLdudL
#0000000000000
#assigned_pet=-1,-1,-1,-1,-1,-1,-1,-1,
#assigned_hub=0,0,0,0,0,0,0,0,
#moving_targetting_pos=12,1|19,2|9,2|22,29|25,30|29,30|5,30|15,30|
#setting_targetting_pos=12,29|19,30|9,30|22,1|25,1|29,2|5,1|15,1|
.lurLLLu
#0000000000000
#assigned_pet=-1,-1,-1,-1,-1,-1,-1,-1,
#assigned_hub=0,0,0,0,0,0,0,0,
#moving_targetting_pos=12,1|19,2|9,2|22,29|25,30|29,30|5,30|15,30|
#setting_targetting_pos=12,29|19,30|9,30|22,1|25,1|29,2|5,1|15,1|
.RRddLdL
#0000000000000
#assigned_pet=-1,-1,-1,-1,-1,-1,-1,-1,
#assigned_hub=0,0,0,0,0,0,0,0,
#moving_targetting_pos=12,1|19,2|9,2|22,29|25,30|29,30|5,30|15,30|
#setting_targetting_pos=12,29|19,30|9,30|22,1|25,1|29,2|5,1|15,1|
duRLLdLL
#0000000000000
#assigned_pet=-1,-1,-1,-1,-1,-1,-1,-1,
#assigned_hub=0,0,0,0,0,0,0,0,
#moving_targetting_pos=12,1|19,2|9,2|22,29|25,30|29,30|5,30|15,30|
#setting_targetting_pos=12,29|19,30|9,30|22,1|25,1|29,2|5,1|15,1|
RRdLdLdL
#0000000000000
#assigned_pet=-1,-1,-1,-1,-1,-1,-1,-1,
#assigned_hub=0,0,0,0,0,0,0,0,
#moving_targetting_pos=12,1|19,2|9,2|22,29|25,30|29,30|5,30|15,30|
#setting_targetting_pos=12,29|19,30|9,30|22,1|25,1|29,2|5,1|15,1|
RRRLLrLL
#0000000000000
#assigned_pet=-1,-1,-1,-1,-1,-1,-1,-1,
#assigned_hub=0,0,0,0,0,0,0,0,
#moving_targetting_pos=12,1|19,2|9,2|22,29|25,30|29,30|5,30|15,30|
#setting_targetting_pos=12,29|19,30|9,30|22,1|25,1|29,2|5,1|15,1|
lllduLdu
#0000000000000
#assigned_pet=-1,-1,-1,-1,-1,-1,-1,-1,
#assigned_hub=0,0,0,0,0,0,0,0,
#moving_targetting_pos=12,1|19,2|9,2|22,29|25,30|29,30|5,30|15,30|
#setting_targetting_pos=12,29|19,30|9,30|22,1|25,1|29,2|5,1|15,1|
udRuLuLL
#0000000000000
#assigned_pet=-1,-1,-1,-1,-1,-1,-1,-1,
#assigned_hub=0,0,0,0,0,0,0,0,
#moving_targetting_pos=12,1|19,2|9,2|22,29|25,30|29,30|5,30|15,30|
#setting_targetting_pos=12,29|19,30|9,30|22,1|25,1|29,2|5,1|15,1|
RRuLLLu.
#0000000000000
#assigned_pet=-1,-1,-1,-1,-1,-1,-1,-1,
#assigned_hub=0,0,0,0,0,0,0,0,
#moving_targetting_pos=12,1|19,2|9,2|22,29|25,30|29,30|5,30|15,30|
#setting_targetting_pos=12,29|19,30|9,30|22,1|25,1|29,2|5,1|15,1|
RRRrLLL.
#0000000000000
#assigned_pet=-1,-1,-1,-1,-1,-1,-1,-1,
#assigned_hub=0,0,0,0,0,0,0,0,
#moving_targetting_pos=12,1|19,2|9,2|22,29|25,30|29,30|5,30|15,30|
#setting_targetting_pos=12,29|19,30|9,30|22,1|25,1|29,2|5,1|15,1|
ldRLLrLd
#0000000000000
#assigned_pet=-1,-1,-1,-1,-1,-1,-1,-1,
#assigned_hub=0,0,0,0,0,0,0,0,
#moving_targetting_pos=12,1|19,2|9,2|22,29|25,30|29,30|5,30|15,30|
#setting_targetting_pos=12,29|19,30|9,30|22,1|25,1|29,2|5,1|15,1|
dRlLudLL
#0000000000000
#assigned_pet=-1,-1,-1,-1,-1,-1,-1,-1,
#assigned_hub=0,0,0,0,0,0,0,0,
#moving_targetting_pos=12,1|19,2|9,2|22,29|25,30|29,30|5,30|15,30|
#setting_targetting_pos=12,29|19,30|9,30|22,1|25,1|29,2|5,1|15,1|
RRddLLLd
#0000000000000
#assigned_pet=-1,-1,-1,-1,-1,-1,-1,-1,
#assigned_hub=0,0,0,0,0,0,0,0,
#moving_targetting_pos=12,1|19,2|2,29|22,29|25,30|29,30|5,30|15,30|
#setting_targetting_pos=12,29|19,30|2,1|22,1|25,1|29,2|5,1|15,1|
RlULdLuL
#0000000000000
#assigned_pet=-1,-1,-1,-1,-1,-1,-1,-1,
#assigned_hub=0,0,0,0,0,0,0,0,
#moving_targetting_pos=12,1|19,2|2,29|22,29|25,30|29,30|5,30|15,30|
#setting_targetting_pos=12,29|19,30|2,1|22,1|25,1|29,2|5,1|15,1|
RuLLLdLd
#0000000000000
#assigned_pet=-1,-1,-1,-1,-1,-1,-1,-1,
#assigned_hub=0,0,0,0,0,0,0,0,
#moving_targetting_pos=12,1|19,2|2,29|22,29|25,30|29,30|5,30|15,30|
#setting_targetting_pos=12,29|19,30|2,1|22,1|25,1|29,2|5,1|15,1|
dRUrdLdL
#0000000000000
#assigned_pet=-1,-1,-1,-1,-1,-1,-1,-1,
#assigned_hub=0,0,0,0,0,0,0,0,
#moving_targetting_pos=12,1|19,2|2,29|22,29|25,30|29,30|5,30|15,30|
#setting_targetting_pos=12,29|19,30|2,1|22,1|25,1|29,2|5,1|15,1|
uRLuLLLd
#0000000000000
#assigned_pet=-1,-1,-1,-1,-1,-1,-1,-1,
#assigned_hub=0,0,0,6,0,0,0,0,
#moving_targetting_pos=12,1|19,2|2,29|26,6|25,30|29,30|5,30|15,30|
#setting_targetting_pos=12,29|19,30|2,1|22,1|25,1|29,2|5,1|15,1|
RdUD.rdL
#0000000000000
#assigned_pet=-1,-1,-1,-1,-1,-1,-1,-1,
#assigned_hub=0,0,0,6,0,0,0,0,
#moving_targetting_pos=12,1|19,2|2,29|26,6|25,30|29,30|5,30|15,30|
#setting_targetting_pos=12,29|19,30|2,1|-1,-1|25,1|29,2|5,1|15,1|
lRUR.uLd
#0000000000000
#assigned_pet=-1,-1,-1,-1,-1,-1,-1,-1,
#assigned_hub=0,0,0,6,0,0,0,0,
#moving_targetting_pos=12,1|19,2|2,29|26,6|25,30|29,30|5,30|15,30|
#setting_targetting_pos=12,29|19,30|2,1|-1,-1|25,1|29,2|5,1|15,1|
RlRD.LdL
#0000000000000
#assigned_pet=-1,-1,-1,-1,-1,-1,-1,-1,
#assigned_hub=0,0,0,6,0,0,0,0,
#moving_targetting_pos=12,1|19,2|2,29|26,6|25,30|29,30|6,6|15,30|
#setting_targetting_pos=12,29|19,30|2,1|-1,-1|25,1|29,2|5,1|15,1|
RRUR.LRu
#0000000000000
#assigned_pet=-1,-1,-1,-1,-1,-1,-1,-1,
#assigned_hub=0,0,0,6,0,0,0,0,
#moving_targetting_pos=12,1|19,2|2,29|26,6|25,30|29,30|6,6|15,30|
#setting_targetting_pos=12,29|19,30|2,1|-1,-1|25,1|29,2|-1,-1|15,1|
ruUDddRL
#0000000000000
#assigned_pet=-1,-1,-1,-1,-1,-1,-1,-1,
#assigned_hub=0,0,0,6,3,0,0,0,
#moving_targetting_pos=12,1|19,2|2,29|26,6|16,6|29,30|6,6|15,30|
#setting_targetting_pos=12,29|19,30|2,1|-1,-1|25,1|29,2|-1,-1|15,1|
dRURRLRL
#0000000000000
#assigned_pet=-1,-1,-1,-1,-1,-1,-1,-1,
#assigned_hub=5,0,0,6,3,0,0,0,
#moving_targetting_pos=16,26|19,2|2,29|26,6|16,6|29,30|6,6|15,30|
#setting_targetting_pos=12,29|19,30|2,1|-1,-1|-1,-1|29,2|-1,-1|15,1|
LRrRRrRL
#0000000000000
#assigned_pet=-1,-1,-1,-1,-1,-1,-1,-1,
#assigned_hub=5,0,0,6,3,0,0,0,
#moving_targetting_pos=16,26|19,2|2,29|-1,-1|16,6|29,30|-1,-1|15,30|
#setting_targetting_pos=-1,-1|19,30|2,1|-1,-1|-1,-1|29,2|-1,-1|15,1|
Lld.RL.L
#0000000000000
#assigned_pet=-1,-1,-1,-1,-1,-1,-1,-1,
#assigned_hub=5,0,0,6,3,0,0,0,
#moving_targetting_pos=16,26|19,2|2,29|-1,-1|16,6|29,30|-1,-1|15,30|
#setting_targetting_pos=-1,-1|19,30|2,1|-1,-1|-1,-1|29,2|-1,-1|15,1|
DdL.Ru..
#0000000000000
#assigned_pet=-1,-1,-1,-1,-1,-1,-1,-1,
#assigned_hub=5,8,0,6,3,0,0,0,
#moving_targetting_pos=16,26|26,26|2,29|-1,-1|16,6|29,30|-1,-1|15,30|
#setting_targetting_pos=-1,-1|19,30|2,1|-1,-1|-1,-1|29,2|-1,-1|15,1|
DUL.UL..
#0000000000000
#assigned_pet=-1,-1,-1,-1,-1,-1,-1,-1,
#assigned_hub=5,8,0,6,3,0,0,0,
#moving_targetting_pos=16,26|26,26|2,29|-1,-1|16,6|29,30|-1,-1|15,30|
#setting_targetting_pos=-1,-1|-1,-1|2,1|-1,-1|-1,-1|29,2|-1,-1|15,1|
LLL.UL..
#0000000000000
#assigned_pet=-1,-1,-1,-1,-1,-1,-1,-1,
#assigned_hub=5,8,0,6,3,0,0,0,
#moving_targetting_pos=-1,-1|26,26|2,29|-1,-1|16,6|29,30|-1,-1|15,30|
#setting_targetting_pos=-1,-1|-1,-1|2,1|-1,-1|-1,-1|29,2|-1,-1|15,1|
.Ud.Ur..
#0000000000000
#assigned_pet=-1,-1,-1,-1,-1,-1,-1,-1,
#assigned_hub=5,8,0,6,3,0,0,0,
#moving_targetting_pos=-1,-1|26,26|2,29|-1,-1|16,6|29,30|-1,-1|15,30|
#setting_targetting_pos=-1,-1|-1,-1|2,1|-1,-1|-1,-1|29,2|-1,-1|15,1|
.Lu.Ud..
#0000000000000
#assigned_pet=-1,-1,-1,-1,-1,-1,-1,-1,
#assigned_hub=5,8,0,6,3,7,0,0,
#moving_targetting_pos=-1,-1|26,26|2,29|-1,-1|16,6|26,16|-1,-1|15,30|
#setting_targetting_pos=-1,-1|-1,-1|2,1|-1,-1|-1,-1|29,2|-1,-1|15,1|
.LL.UU.u
#0000000000000
#assigned_pet=-1,-1,-1,-1,-1,-1,-1,-1,
#assigned_hub=5,8,0,6,3,7,0,0,
#moving_targetting_pos=-1,-1|26,26|2,29|-1,-1|16,6|26,16|-1,-1|15,30|
#setting_targetting_pos=-1,-1|-1,-1|2,1|-1,-1|-1,-1|-1,-1|-1,-1|15,1|
.Dr.UR.L
#0000000000000
#assigned_pet=-1,-1,-1,-1,-1,-1,-1,-1,
#assigned_hub=5,8,0,6,3,7,0,0,
#moving_targetting_pos=-1,-1|26,26|2,29|-1,-1|16,6|26,16|-1,-1|15,30|
#setting_targetting_pos=-1,-1|-1,-1|2,1|-1,-1|-1,-1|-1,-1|-1,-1|15,1|
.DL.UU.d
#0000000000000
#assigned_pet=-1,-1,-1,-1,-1,-1,-1,-1,
#assigned_hub=5,8,0,6,3,7,0,0,
#moving_targetting_pos=-1,-1|26,26|2,29|-1,-1|16,6|26,16|-1,-1|15,30|
#setting_targetting_pos=-1,-1|-1,-1|2,1|-1,-1|-1,-1|-1,-1|-1,-1|15,1|
.DL.RR.L
#0000000000000
#assigned_pet=-1,-1,-1,9,-1,-1,-1,-1,
#assigned_hub=5,8,0,6,3,7,0,0,
#moving_targetting_pos=-1,-1|26,26|2,29|-1,-1|-1,-1|26,16|-1,-1|15,30|
#setting_targetting_pos=-1,-1|-1,-1|2,1|28,7|-1,-1|-1,-1|-1,-1|15,1|
.DdR.R..
#0000000000000
#assigned_pet=-1,-1,-1,9,10,-1,-1,-1,
#assigned_hub=5,8,0,6,3,7,0,0,
#moving_targetting_pos=-1,-1|26,26|2,29|-1,-1|-1,-1|26,16|-1,-1|15,30|
#setting_targetting_pos=-1,-1|-1,-1|2,1|28,7|15,4|-1,-1|-1,-1|15,1|
.DLRLR..
#0000000000000
#assigned_pet=-1,-1,-1,9,10,-1,-1,-1,
#assigned_hub=5,8,0,6,3,7,0,0,
#moving_targetting_pos=-1,-1|26,26|2,29|-1,-1|-1,-1|26,16|-1,-1|15,30|
#setting_targetting_pos=-1,-1|-1,-1|2,1|28,7|15,4|-1,-1|-1,-1|15,1|
.DLDUR..
#0000000000000
#assigned_pet=-1,-1,-1,9,0,-1,0,-1,
#assigned_hub=5,8,0,6,3,7,0,0,
#moving_targetting_pos=-1,-1|26,26|2,29|-1,-1|-1,-1|26,16|-1,-1|15,30|
#setting_targetting_pos=-1,-1|-1,-1|2,1|28,7|14,5|-1,-1|8,5|15,1|
.DrDURDd
#0000000001000
#assigned_pet=-1,-1,-1,9,0,-1,0,-1,
#assigned_hub=5,8,0,6,3,7,0,0,
#moving_targetting_pos=-1,-1|26,26|2,29|-1,-1|-1,-1|26,16|-1,-1|15,30|
#setting_targetting_pos=-1,-1|-1,-1|2,1|28,7|14,5|-1,-1|8,5|15,1|
.LudURDL
#1000000001000
#assigned_pet=-1,4,-1,-1,0,-1,0,-1,
#assigned_hub=5,8,0,6,3,7,0,0,
#moving_targetting_pos=-1,-1|-1,-1|2,29|-1,-1|-1,-1|26,16|-1,-1|15,30|
#setting_targetting_pos=-1,-1|28,27|2,1|-1,-1|14,5|-1,-1|8,5|15,1|
.RL.uRdd
#1000000001000
#assigned_pet=-1,4,-1,-1,8,-1,1,-1,
#assigned_hub=5,8,0,6,3,7,0,4,
#moving_targetting_pos=-1,-1|-1,-1|2,29|-1,-1|-1,-1|26,16|-1,-1|16,16|
#setting_targetting_pos=-1,-1|28,27|2,1|-1,-1|15,4|-1,-1|4,7|15,1|
.DL..RRR
#1000000001000
#assigned_pet=-1,4,-1,-1,8,-1,1,-1,
#assigned_hub=5,8,0,6,3,7,0,4,
#moving_targetting_pos=-1,-1|-1,-1|2,29|-1,-1|-1,-1|26,16|-1,-1|16,16|
#setting_targetting_pos=-1,-1|28,27|2,1|-1,-1|15,4|-1,-1|4,7|-1,-1|
.Dr..RRR
#1000000001000
#assigned_pet=12,12,-1,-1,10,-1,1,-1,
#assigned_hub=5,8,0,6,3,7,0,4,
#moving_targetting_pos=-1,-1|-1,-1|2,29|-1,-1|-1,-1|26,16|-1,-1|16,16|
#setting_targetting_pos=18,25|24,25|2,1|-1,-1|15,4|-1,-1|4,7|-1,-1|
LLd..RUR
#1000000001000
#assigned_pet=12,12,-1,-1,10,-1,1,-1,
#assigned_hub=5,8,0,6,3,7,0,4,
#moving_targetting_pos=-1,-1|-1,-1|2,29|-1,-1|-1,-1|26,16|-1,-1|16,16|
#setting_targetting_pos=18,25|24,25|2,1|-1,-1|15,4|-1,-1|4,7|-1,-1|
DLL..RUR
#1000000001000
#assigned_pet=12,12,-1,-1,10,-1,1,-1,
#assigned_hub=5,8,0,6,3,7,0,4,
#moving_targetting_pos=-1,-1|-1,-1|2,29|-1,-1|-1,-1|26,16|-1,-1|16,16|
#setting_targetting_pos=18,25|24,25|2,1|-1,-1|15,4|-1,-1|4,7|-1,-1|
DUL..R.R
#1000000001100
#assigned_pet=12,12,-1,5,10,5,1,-1,
#assigned_hub=5,8,0,6,3,7,0,4,
#moving_targetting_pos=-1,-1|-1,-1|2,29|-1,-1|-1,-1|-1,-1|-1,-1|16,16|
#setting_targetting_pos=18,25|24,25|2,1|25,8|15,4|25,14|4,7|-1,-1|
D.LRlL.R
#1000000001101
#assigned_pet=12,12,-1,6,-1,6,-1,-1,
#assigned_hub=5,8,0,6,3,7,0,4,
#moving_targetting_pos=-1,-1|-1,-1|2,29|-1,-1|-1,-1|-1,-1|-1,-1|16,16|
#setting_targetting_pos=18,25|24,25|2,1|25,8|-1,-1|25,14|-1,-1|-1,-1|
dudU.U.R
#1000000001101
#assigned_pet=-1,4,-1,7,7,-1,1,-1,
#assigned_hub=1,8,0,6,3,7,0,4,
#moving_targetting_pos=6,16|-1,-1|2,29|-1,-1|-1,-1|-1,-1|-1,-1|16,16|
#setting_targetting_pos=-1,-1|28,25|2,1|24,7|18,7|-1,-1|4,7|-1,-1|
LDuLR..R
#1000000001101
#assigned_pet=-1,4,-1,7,7,-1,1,-1,
#assigned_hub=1,8,0,6,3,7,0,4,
#moving_targetting_pos=6,16|-1,-1|2,29|-1,-1|-1,-1|-1,-1|-1,-1|16,16|
#setting_targetting_pos=-1,-1|28,25|2,1|24,7|18,7|-1,-1|4,7|-1,-1|
LDLUR..R
#1000100001101
#assigned_pet=-1,4,-1,7,7,-1,1,-1,
#assigned_hub=1,8,0,6,3,7,0,4,
#moving_targetting_pos=6,16|-1,-1|2,29|-1,-1|-1,-1|-1,-1|-1,-1|16,16|
#setting_targetting_pos=-1,-1|28,25|2,1|24,7|18,7|-1,-1|4,7|-1,-1|
Ldr.D..R
#1000100001101
#assigned_pet=-1,-1,-1,7,7,-1,-1,-1,
#assigned_hub=1,8,0,6,3,7,0,4,
#moving_targetting_pos=6,16|-1,-1|2,29|-1,-1|-1,-1|-1,-1|-1,-1|16,16|
#setting_targetting_pos=-1,-1|-1,-1|2,1|24,7|18,7|-1,-1|-1,-1|-1,-1|
L.L.D..R
#1000100001101
#assigned_pet=-1,-1,-1,7,7,-1,-1,-1,
#assigned_hub=1,8,0,6,3,7,0,4,
#moving_targetting_pos=6,16|-1,-1|2,29|-1,-1|-1,-1|-1,-1|-1,-1|16,16|
#setting_targetting_pos=-1,-1|-1,-1|2,1|24,7|18,7|-1,-1|-1,-1|-1,-1|
L.L....R
#1000100101101
#assigned_pet=-1,-1,-1,7,7,-1,-1,-1,
#assigned_hub=1,8,0,6,3,7,0,4,
#moving_targetting_pos=6,16|-1,-1|2,29|-1,-1|-1,-1|-1,-1|-1,-1|16,16|
#setting_targetting_pos=-1,-1|-1,-1|2,1|24,7|18,7|-1,-1|-1,-1|-1,-1|
L..ud..R
#1000100101101
#assigned_pet=-1,-1,-1,-1,-1,-1,-1,-1,
#assigned_hub=1,8,0,6,3,7,0,4,
#moving_targetting_pos=6,16|-1,-1|2,29|-1,-1|-1,-1|-1,-1|-1,-1|16,16|
#setting_targetting_pos=-1,-1|-1,-1|2,1|-1,-1|-1,-1|-1,-1|-1,-1|-1,-1|
L......R
#1000100101101
#assigned_pet=-1,-1,-1,-1,8,-1,-1,8,
#assigned_hub=1,8,0,6,3,7,0,4,
#moving_targetting_pos=6,16|-1,-1|2,29|-1,-1|-1,-1|-1,-1|-1,-1|-1,-1|
#setting_targetting_pos=-1,-1|-1,-1|2,1|-1,-1|17,8|-1,-1|-1,-1|17,14|
L.d....L
#1000100101101
#assigned_pet=-1,-1,-1,11,8,11,-1,8,
#assigned_hub=1,8,0,6,3,7,0,4,
#moving_targetting_pos=6,16|-1,-1|2,29|-1,-1|-1,-1|-1,-1|-1,-1|-1,-1|
#setting_targetting_pos=-1,-1|-1,-1|2,1|25,8|17,8|25,14|-1,-1|17,14|
U.L....D
#1000100111101
#assigned_pet=-1,-1,-1,11,8,11,-1,8,
#assigned_hub=1,8,0,6,3,7,0,4,
#moving_targetting_pos=6,16|-1,-1|2,29|-1,-1|-1,-1|-1,-1|-1,-1|-1,-1|
#setting_targetting_pos=-1,-1|-1,-1|2,1|25,8|17,8|25,14|-1,-1|17,14|
U.L.r..d
#1000100111111
#assigned_pet=-1,-1,-1,11,-1,11,-1,-1,
#assigned_hub=1,8,0,6,3,7,0,4,
#moving_targetting_pos=6,16|-1,-1|2,29|-1,-1|-1,-1|-1,-1|-1,-1|-1,-1|
#setting_targetting_pos=-1,-1|-1,-1|2,1|25,8|-1,-1|25,14|-1,-1|-1,-1|
U.rr.u..
#1000100111111
#assigned_pet=-1,-1,-1,-1,-1,6,-1,6,
#assigned_hub=1,8,0,6,3,7,0,4,
#moving_targetting_pos=6,16|-1,-1|2,29|-1,-1|16,6|-1,-1|-1,-1|-1,-1|
#setting_targetting_pos=-1,-1|-1,-1|2,1|-1,-1|-1,-1|24,15|-1,-1|18,15|
U.u..R.R
#1000100111111
#assigned_pet=-1,-1,-1,-1,-1,6,-1,6,
#assigned_hub=1,8,0,6,3,7,0,4,
#moving_targetting_pos=6,16|-1,-1|2,29|-1,-1|-1,-1|-1,-1|-1,-1|-1,-1|
#setting_targetting_pos=-1,-1|-1,-1|2,1|-1,-1|-1,-1|24,15|-1,-1|18,15|
U.L..U.D
#1000100111111
#assigned_pet=-1,-1,-1,-1,-1,6,-1,6,
#assigned_hub=1,8,0,6,3,7,0,4,
#moving_targetting_pos=6,16|-1,-1|2,29|-1,-1|-1,-1|-1,-1|-1,-1|-1,-1|
#setting_targetting_pos=-1,-1|-1,-1|2,1|-1,-1|-1,-1|24,15|-1,-1|18,15|
U.L.....
#1000101111111
#assigned_pet=-1,-1,-1,-1,-1,6,-1,6,
#assigned_hub=1,8,0,6,3,7,0,4,
#moving_targetting_pos=6,16|-1,-1|2,29|-1,-1|-1,-1|-1,-1|-1,-1|-1,-1|
#setting_targetting_pos=-1,-1|-1,-1|2,1|-1,-1|-1,-1|24,15|-1,-1|18,15|
U.r..u.d
#1000101111111
#assigned_pet=-1,-1,-1,-1,-1,-1,-1,-1,
#assigned_hub=1,8,0,6,3,7,0,4,
#moving_targetting_pos=6,16|-1,-1|2,29|-1,-1|16,6|-1,-1|-1,-1|-1,-1|
#setting_targetting_pos=-1,-1|-1,-1|2,1|-1,-1|-1,-1|-1,-1|-1,-1|-1,-1|
U.d.....
#1000101111111
#assigned_pet=-1,-1,-1,5,-1,-1,-1,-1,
#assigned_hub=1,8,0,6,3,7,0,4,
#moving_targetting_pos=6,16|-1,-1|2,29|-1,-1|16,6|-1,-1|-1,-1|-1,-1|
#setting_targetting_pos=-1,-1|-1,-1|2,1|27,4|-1,-1|-1,-1|-1,-1|-1,-1|
U.LL....
#1000101111111
#assigned_pet=-1,-1,-1,-1,-1,-1,-1,-1,
#assigned_hub=1,8,0,6,3,7,0,4,
#moving_targetting_pos=6,16|-1,-1|2,29|-1,-1|16,6|-1,-1|-1,-1|-1,-1|
#setting_targetting_pos=-1,-1|-1,-1|2,1|-1,-1|-1,-1|-1,-1|-1,-1|-1,-1|
L.L.....
#1000101111111
#assigned_pet=-1,-1,-1,-1,-1,-1,-1,-1,
#assigned_hub=1,8,0,6,3,7,0,4,
#moving_targetting_pos=-1,-1|-1,-1|2,29|-1,-1|-1,-1|-1,-1|-1,-1|-1,-1|
#setting_targetting_pos=-1,-1|-1,-1|2,1|-1,-1|-1,-1|-1,-1|-1,-1|-1,-1|
..L.....
#1000101111111
#assigned_pet=-1,-1,-1,-1,-1,-1,-1,-1,
#assigned_hub=1,8,0,6,3,7,0,4,
#moving_targetting_pos=-1,-1|-1,-1|2,29|-1,-1|16,6|-1,-1|-1,-1|-1,-1|
#setting_targetting_pos=-1,-1|-1,-1|2,1|-1,-1|-1,-1|-1,-1|-1,-1|-1,-1|
..d.....
#1000101111111
#assigned_pet=-1,-1,-1,-1,-1,-1,-1,-1,
#assigned_hub=1,8,0,6,3,7,0,4,
#moving_targetting_pos=-1,-1|-1,-1|2,29|-1,-1|-1,-1|-1,-1|-1,-1|-1,-1|
#setting_targetting_pos=-1,-1|-1,-1|2,1|-1,-1|-1,-1|-1,-1|-1,-1|-1,-1|
..u.....
#1000101111111
#assigned_pet=2,-1,-1,-1,-1,-1,-1,2,
#assigned_hub=1,8,0,6,3,7,0,4,
#moving_targetting_pos=-1,-1|26,26|2,29|-1,-1|16,6|-1,-1|-1,-1|-1,-1|
#setting_targetting_pos=8,15|-1,-1|2,1|-1,-1|-1,-1|-1,-1|-1,-1|14,15|
..L....U
#1000101111111
#assigned_pet=2,-1,-1,-1,-1,-1,-1,2,
#assigned_hub=1,8,0,6,3,7,0,4,
#moving_targetting_pos=-1,-1|26,26|2,29|-1,-1|16,6|-1,-1|-1,-1|-1,-1|
#setting_targetting_pos=8,15|-1,-1|2,1|-1,-1|-1,-1|-1,-1|-1,-1|14,15|
..r....U
#1010101111111
#assigned_pet=2,-1,-1,-1,-1,-1,-1,2,
#assigned_hub=1,8,0,6,3,7,0,4,
#moving_targetting_pos=-1,-1|26,26|2,29|-1,-1|16,6|-1,-1|-1,-1|-1,-1|
#setting_targetting_pos=8,15|-1,-1|2,1|-1,-1|-1,-1|-1,-1|-1,-1|14,15|
l.L....u
#1010101111111
#assigned_pet=-1,-1,-1,-1,-1,3,-1,3,
#assigned_hub=1,8,0,6,3,7,0,4,
#moving_targetting_pos=-1,-1|26,26|2,29|-1,-1|-1,-1|-1,-1|6,6|-1,-1|
#setting_targetting_pos=-1,-1|-1,-1|2,1|-1,-1|-1,-1|24,17|-1,-1|18,17|
..L..R.R
#1010101111111
#assigned_pet=-1,-1,-1,-1,-1,-1,-1,-1,
#assigned_hub=1,8,0,6,3,7,0,4,
#moving_targetting_pos=-1,-1|26,26|2,29|-1,-1|16,6|-1,-1|6,6|-1,-1|
#setting_targetting_pos=-1,-1|-1,-1|2,1|-1,-1|-1,-1|-1,-1|-1,-1|-1,-1|
..d.....
#1010101111111
#assigned_pet=1,-1,-1,-1,-1,-1,-1,1,
#assigned_hub=1,8,0,6,3,7,0,4,
#moving_targetting_pos=-1,-1|26,26|2,29|-1,-1|16,6|-1,-1|6,6|-1,-1|
#setting_targetting_pos=8,17|-1,-1|2,1|-1,-1|-1,-1|-1,-1|-1,-1|14,17|
..L....R
#1110101111111
#assigned_pet=1,-1,-1,-1,-1,-1,-1,1,
#assigned_hub=1,8,0,6,3,7,0,4,
#moving_targetting_pos=-1,-1|26,26|2,29|-1,-1|16,6|-1,-1|6,6|-1,-1|
#setting_targetting_pos=8,17|-1,-1|2,1|-1,-1|-1,-1|-1,-1|-1,-1|14,17|
r.L....u
#1110101111111
#assigned_pet=-1,-1,-1,-1,-1,-1,-1,-1,
#assigned_hub=1,8,0,6,3,7,0,4,
#moving_targetting_pos=6,16|26,26|2,29|-1,-1|-1,-1|-1,-1|6,6|-1,-1|
#setting_targetting_pos=-1,-1|-1,-1|2,1|-1,-1|-1,-1|-1,-1|-1,-1|-1,-1|
..r.....
#1110101111111
#assigned_pet=-1,-1,-1,-1,-1,-1,-1,-1,
#assigned_hub=1,8,0,6,3,7,0,4,
#moving_targetting_pos=6,16|26,26|2,29|-1,-1|-1,-1|-1,-1|6,6|-1,-1|
#setting_targetting_pos=-1,-1|-1,-1|2,1|-1,-1|-1,-1|-1,-1|-1,-1|-1,-1|
..u.....
#1110101111111
#assigned_pet=-1,-1,-1,-1,-1,-1,-1,-1,
#assigned_hub=1,8,0,6,3,7,0,4,
#moving_targetting_pos=6,16|26,26|2,29|-1,-1|-1,-1|-1,-1|6,6|-1,-1|
#setting_targetting_pos=-1,-1|-1,-1|2,1|-1,-1|-1,-1|-1,-1|-1,-1|-1,-1|
........
#1110101111111
#assigned_pet=-1,-1,-1,-1,-1,-1,-1,-1,
#assigned_hub=1,8,0,6,3,7,0,4,
#moving_targetting_pos=6,16|26,26|2,29|-1,-1|-1,-1|-1,-1|6,6|-1,-1|
#setting_targetting_pos=-1,-1|-1,-1|2,1|-1,-1|-1,-1|-1,-1|-1,-1|-1,-1|
........
#1110101111111
#assigned_pet=-1,-1,-1,-1,-1,-1,-1,-1,
#assigned_hub=1,8,0,6,3,7,0,4,
#moving_targetting_pos=6,16|26,26|2,29|-1,-1|-1,-1|-1,-1|6,6|-1,-1|
#setting_targetting_pos=-1,-1|-1,-1|2,1|-1,-1|-1,-1|-1,-1|-1,-1|-1,-1|
........
#1110101111111
#assigned_pet=-1,-1,-1,-1,-1,-1,-1,-1,
#assigned_hub=1,8,0,6,3,7,0,4,
#moving_targetting_pos=6,16|26,26|2,29|-1,-1|-1,-1|-1,-1|6,6|-1,-1|
#setting_targetting_pos=-1,-1|-1,-1|2,1|-1,-1|-1,-1|-1,-1|-1,-1|-1,-1|
........
#1110101111111
#assigned_pet=-1,-1,-1,-1,-1,-1,-1,-1,
#assigned_hub=1,8,0,6,3,7,0,4,
#moving_targetting_pos=6,16|26,26|2,29|-1,-1|-1,-1|-1,-1|6,6|-1,-1|
#setting_targetting_pos=-1,-1|-1,-1|2,1|-1,-1|-1,-1|-1,-1|-1,-1|-1,-1|
........
#1110101111111
#assigned_pet=-1,-1,-1,-1,-1,-1,-1,-1,
#assigned_hub=1,8,0,6,3,7,0,4,
#moving_targetting_pos=6,16|26,26|2,29|-1,-1|-1,-1|26,16|6,6|-1,-1|
#setting_targetting_pos=-1,-1|-1,-1|2,1|-1,-1|-1,-1|-1,-1|-1,-1|-1,-1|
........
#1110101111111
#assigned_pet=-1,-1,-1,-1,3,-1,-1,3,
#assigned_hub=1,8,0,6,3,7,0,4,
#moving_targetting_pos=6,16|26,26|2,29|-1,-1|-1,-1|26,16|6,6|-1,-1|
#setting_targetting_pos=-1,-1|-1,-1|2,1|-1,-1|15,8|-1,-1|-1,-1|15,14|
....U..L
#1110101111111
#assigned_pet=-1,-1,-1,-1,3,-1,-1,3,
#assigned_hub=1,8,0,6,3,7,0,4,
#moving_targetting_pos=6,16|26,26|2,29|-1,-1|-1,-1|26,16|6,6|-1,-1|
#setting_targetting_pos=-1,-1|-1,-1|2,1|-1,-1|15,8|-1,-1|-1,-1|15,14|
....R..L
#1111101111111
#assigned_pet=-1,-1,-1,-1,3,-1,-1,3,
#assigned_hub=1,8,0,6,3,7,0,4,
#moving_targetting_pos=6,16|26,26|2,29|-1,-1|-1,-1|26,16|6,6|-1,-1|
#setting_targetting_pos=-1,-1|-1,-1|2,1|-1,-1|15,8|-1,-1|-1,-1|15,14|
....u..l
#1111101111111
#assigned_pet=-1,-1,-1,-1,-1,-1,-1,-1,
#assigned_hub=1,8,0,6,3,7,0,4,
#moving_targetting_pos=6,16|26,26|2,29|-1,-1|16,6|26,16|6,6|16,16|
#setting_targetting_pos=-1,-1|-1,-1|2,1|-1,-1|-1,-1|-1,-1|-1,-1|-1,-1|
........
#1111101111111
#assigned_pet=-1,-1,-1,-1,-1,-1,-1,-1,
#assigned_hub=1,8,0,6,3,7,0,4,
#moving_targetting_pos=6,16|26,26|2,29|-1,-1|16,6|26,16|6,6|16,16|
#setting_targetting_pos=-1,-1|-1,-1|2,1|-1,-1|-1,-1|-1,-1|-1,-1|-1,-1|
........
#1111101111111
#assigned_pet=-1,-1,-1,-1,-1,-1,-1,-1,
#assigned_hub=1,8,0,6,3,7,0,4,
#moving_targetting_pos=6,16|26,26|2,29|-1,-1|16,6|26,16|6,6|16,16|
#setting_targetting_pos=-1,-1|-1,-1|2,1|-1,-1|-1,-1|-1,-1|-1,-1|-1,-1|
........
#1111101111111
#assigned_pet=-1,-1,-1,-1,-1,-1,-1,-1,
#assigned_hub=1,8,0,6,3,7,0,4,
#moving_targetting_pos=6,16|26,26|2,29|-1,-1|-1,-1|26,16|6,6|16,16|
#setting_targetting_pos=-1,-1|-1,-1|2,1|-1,-1|-1,-1|-1,-1|-1,-1|-1,-1|
........
#1111101111111
#assigned_pet=-1,-1,-1,-1,-1,-1,-1,-1,
#assigned_hub=1,8,0,6,3,7,0,4,
#moving_targetting_pos=6,16|26,26|2,29|-1,-1|-1,-1|26,16|6,6|16,16|
#setting_targetting_pos=-1,-1|-1,-1|2,1|-1,-1|-1,-1|-1,-1|-1,-1|-1,-1|
........
#1111101111111
#assigned_pet=-1,-1,-1,-1,-1,-1,-1,-1,
#assigned_hub=1,8,0,6,3,7,0,4,
#moving_targetting_pos=6,16|26,26|2,29|-1,-1|-1,-1|26,16|6,6|16,16|
#setting_targetting_pos=-1,-1|-1,-1|2,1|-1,-1|-1,-1|-1,-1|-1,-1|-1,-1|
........
#1111101111111
#assigned_pet=-1,-1,-1,-1,-1,-1,-1,-1,
#assigned_hub=1,8,0,6,3,7,0,4,
#moving_targetting_pos=6,16|26,26|2,29|-1,-1|-1,-1|26,16|6,6|16,16|
#setting_targetting_pos=-1,-1|-1,-1|2,1|-1,-1|-1,-1|-1,-1|-1,-1|-1,-1|
........
#1111101111111
#assigned_pet=-1,-1,-1,5,5,-1,-1,-1,
#assigned_hub=1,8,0,6,3,7,0,4,
#moving_targetting_pos=6,16|26,26|2,29|-1,-1|-1,-1|26,16|6,6|16,16|
#setting_targetting_pos=-1,-1|-1,-1|2,1|24,5|18,5|-1,-1|-1,-1|-1,-1|
...LL...
#1111101111111
#assigned_pet=-1,-1,-1,5,5,-1,-1,-1,
#assigned_hub=1,8,0,6,3,7,0,4,
#moving_targetting_pos=6,16|26,26|2,29|-1,-1|-1,-1|26,16|6,6|16,16|
#setting_targetting_pos=-1,-1|-1,-1|2,1|24,5|18,5|-1,-1|-1,-1|-1,-1|
....L...
#1111101111111
#assigned_pet=-1,-1,-1,5,5,-1,-1,-1,
#assigned_hub=1,8,0,6,3,7,0,4,
#moving_targetting_pos=6,16|26,26|2,29|-1,-1|-1,-1|26,16|6,6|16,16|
#setting_targetting_pos=-1,-1|-1,-1|2,1|24,5|18,5|-1,-1|-1,-1|-1,-1|
....L...
#1111101111111
#assigned_pet=-1,-1,-1,5,5,-1,-1,-1,
#assigned_hub=1,8,0,6,3,7,0,4,
#moving_targetting_pos=6,16|26,26|2,29|-1,-1|-1,-1|26,16|6,6|16,16|
#setting_targetting_pos=-1,-1|-1,-1|2,1|24,5|18,5|-1,-1|-1,-1|-1,-1|
....D...
#1111101111111
#assigned_pet=-1,-1,-1,5,5,-1,-1,-1,
#assigned_hub=1,8,0,6,3,7,0,4,
#moving_targetting_pos=6,16|26,26|2,29|-1,-1|-1,-1|26,16|6,6|16,16|
#setting_targetting_pos=-1,-1|-1,-1|2,1|24,5|18,5|-1,-1|-1,-1|-1,-1|
........
#1111111111111
#assigned_pet=-1,-1,-1,5,5,-1,-1,-1,
#assigned_hub=1,8,0,6,3,7,0,4,
#moving_targetting_pos=6,16|26,26|2,29|-1,-1|-1,-1|26,16|6,6|16,16|
#setting_targetting_pos=-1,-1|-1,-1|2,1|24,5|18,5|-1,-1|-1,-1|-1,-1|
...ud...
#1111111111111
#assigned_pet=-1,-1,-1,-1,-1,-1,-1,-1,
#assigned_hub=1,8,0,6,3,7,0,4,
#moving_targetting_pos=6,16|26,26|2,29|26,6|16,6|26,16|6,6|16,16|
#setting_targetting_pos=-1,-1|-1,-1|2,1|-1,-1|-1,-1|-1,-1|-1,-1|-1,-1|
........
#1111111111111
#assigned_pet=-1,-1,-1,-1,-1,-1,-1,-1,
#assigned_hub=1,8,0,6,3,7,0,4,
#moving_targetting_pos=6,16|26,26|2,29|26,6|16,6|26,16|6,6|16,16|
#setting_targetting_pos=-1,-1|-1,-1|2,1|-1,-1|-1,-1|-1,-1|-1,-1|-1,-1|
........
#1111111111111
#assigned_pet=-1,-1,-1,-1,-1,-1,-1,-1,
#assigned_hub=1,8,0,6,3,7,0,4,
#moving_targetting_pos=6,16|26,26|2,29|26,6|16,6|26,16|6,6|16,16|
#setting_targetting_pos=-1,-1|-1,-1|2,1|-1,-1|-1,-1|-1,-1|-1,-1|-1,-1|
........
#1111111111111
#assigned_pet=-1,-1,-1,-1,-1,-1,-1,-1,
#assigned_hub=1,8,0,6,3,7,0,4,
#moving_targetting_pos=6,16|26,26|2,29|26,6|16,6|26,16|6,6|16,16|
#setting_targetting_pos=-1,-1|-1,-1|2,1|-1,-1|-1,-1|-1,-1|-1,-1|-1,-1|
........
#1111111111111
#assigned_pet=-1,-1,-1,-1,-1,-1,-1,-1,
#assigned_hub=1,8,0,6,3,7,0,4,
#moving_targetting_pos=6,16|26,26|2,29|26,6|16,6|26,16|6,6|16,16|
#setting_targetting_pos=-1,-1|-1,-1|2,1|-1,-1|-1,-1|-1,-1|-1,-1|-1,-1|
........
#1111111111111
#assigned_pet=-1,-1,-1,-1,-1,-1,-1,-1,
#assigned_hub=1,8,0,6,3,7,0,4,
#moving_targetting_pos=6,16|26,26|2,29|26,6|16,6|26,16|6,6|16,16|
#setting_targetting_pos=-1,-1|-1,-1|2,1|-1,-1|-1,-1|-1,-1|-1,-1|-1,-1|
........
#1111111111111
#assigned_pet=-1,-1,-1,-1,-1,-1,-1,-1,
#assigned_hub=1,8,0,6,3,7,0,4,
#moving_targetting_pos=6,16|26,26|2,29|26,6|16,6|26,16|6,6|16,16|
#setting_targetting_pos=-1,-1|-1,-1|2,1|-1,-1|-1,-1|-1,-1|-1,-1|-1,-1|
........
#1111111111111
#assigned_pet=-1,-1,-1,-1,-1,-1,-1,-1,
#assigned_hub=1,8,0,6,3,7,0,4,
#moving_targetting_pos=6,16|26,26|2,29|26,6|16,6|26,16|6,6|16,16|
#setting_targetting_pos=-1,-1|-1,-1|2,1|-1,-1|-1,-1|-1,-1|-1,-1|-1,-1|
........
#1111111111111
#assigned_pet=-1,-1,-1,-1,-1,-1,-1,-1,
#assigned_hub=1,8,0,6,3,7,0,4,
#moving_targetting_pos=6,16|26,26|2,29|26,6|16,6|26,16|6,6|16,16|
#setting_targetting_pos=-1,-1|-1,-1|2,1|-1,-1|-1,-1|-1,-1|-1,-1|-1,-1|
........
#1111111111111
#assigned_pet=-1,-1,-1,-1,-1,-1,-1,-1,
#assigned_hub=1,8,0,6,3,7,0,4,
#moving_targetting_pos=6,16|26,26|2,29|26,6|16,6|26,16|6,6|16,16|
#setting_targetting_pos=-1,-1|-1,-1|2,1|-1,-1|-1,-1|-1,-1|-1,-1|-1,-1|
........
#1111111111111
#assigned_pet=-1,-1,-1,-1,-1,-1,-1,-1,
#assigned_hub=1,8,0,6,3,7,0,4,
#moving_targetting_pos=6,16|26,26|2,29|26,6|16,6|26,16|6,6|16,16|
#setting_targetting_pos=-1,-1|-1,-1|2,1|-1,-1|-1,-1|-1,-1|-1,-1|-1,-1|
........
#1111111111111
#assigned_pet=-1,-1,-1,-1,-1,-1,-1,-1,
#assigned_hub=1,8,0,6,3,7,0,4,
#moving_targetting_pos=6,16|26,26|2,29|26,6|16,6|26,16|6,6|16,16|
#setting_targetting_pos=-1,-1|-1,-1|2,1|-1,-1|-1,-1|-1,-1|-1,-1|-1,-1|
........
#1111111111111
#assigned_pet=-1,-1,-1,-1,-1,-1,-1,-1,
#assigned_hub=1,8,0,6,3,7,0,4,
#moving_targetting_pos=6,16|26,26|2,29|26,6|16,6|26,16|6,6|16,16|
#setting_targetting_pos=-1,-1|-1,-1|2,1|-1,-1|-1,-1|-1,-1|-1,-1|-1,-1|
........
#1111111111111
#assigned_pet=-1,-1,-1,-1,-1,-1,-1,-1,
#assigned_hub=1,8,0,6,3,7,0,4,
#moving_targetting_pos=6,16|26,26|2,29|26,6|16,6|26,16|6,6|16,16|
#setting_targetting_pos=-1,-1|-1,-1|2,1|-1,-1|-1,-1|-1,-1|-1,-1|-1,-1|
........
#1111111111111
#assigned_pet=-1,-1,-1,-1,-1,-1,-1,-1,
#assigned_hub=1,8,0,6,3,7,0,4,
#moving_targetting_pos=6,16|26,26|2,29|26,6|16,6|26,16|6,6|16,16|
#setting_targetting_pos=-1,-1|-1,-1|2,1|-1,-1|-1,-1|-1,-1|-1,-1|-1,-1|
........
#1111111111111
#assigned_pet=-1,-1,-1,-1,-1,-1,-1,-1,
#assigned_hub=1,8,0,6,3,7,0,4,
#moving_targetting_pos=6,16|26,26|2,29|26,6|16,6|26,16|6,6|16,16|
#setting_targetting_pos=-1,-1|-1,-1|2,1|-1,-1|-1,-1|-1,-1|-1,-1|-1,-1|
........
#1111111111111
#assigned_pet=-1,-1,-1,-1,-1,-1,-1,-1,
#assigned_hub=1,8,0,6,3,7,0,4,
#moving_targetting_pos=6,16|26,26|2,29|26,6|16,6|26,16|6,6|16,16|
#setting_targetting_pos=-1,-1|-1,-1|2,1|-1,-1|-1,-1|-1,-1|-1,-1|-1,-1|
........
#1111111111111
#assigned_pet=-1,-1,-1,-1,-1,-1,-1,-1,
#assigned_hub=1,8,0,6,3,7,0,4,
#moving_targetting_pos=6,16|26,26|2,29|26,6|16,6|26,16|6,6|16,16|
#setting_targetting_pos=-1,-1|-1,-1|2,1|-1,-1|-1,-1|-1,-1|-1,-1|-1,-1|
........
#1111111111111
#assigned_pet=-1,-1,-1,-1,-1,-1,-1,-1,
#assigned_hub=1,8,0,6,3,7,0,4,
#moving_targetting_pos=6,16|26,26|2,29|26,6|16,6|26,16|6,6|16,16|
#setting_targetting_pos=-1,-1|-1,-1|2,1|-1,-1|-1,-1|-1,-1|-1,-1|-1,-1|
........
#1111111111111
#assigned_pet=-1,-1,-1,-1,-1,-1,-1,-1,
#assigned_hub=1,8,0,6,3,7,0,4,
#moving_targetting_pos=6,16|26,26|2,29|26,6|16,6|26,16|6,6|16,16|
#setting_targetting_pos=-1,-1|-1,-1|2,1|-1,-1|-1,-1|-1,-1|-1,-1|-1,-1|
........
#1111111111111
#assigned_pet=-1,-1,-1,-1,-1,-1,-1,-1,
#assigned_hub=1,8,0,6,3,7,0,4,
#moving_targetting_pos=6,16|26,26|2,29|26,6|16,6|26,16|6,6|16,16|
#setting_targetting_pos=-1,-1|-1,-1|2,1|-1,-1|-1,-1|-1,-1|-1,-1|-1,-1|
........
#1111111111111
#assigned_pet=-1,-1,-1,-1,-1,-1,-1,-1,
#assigned_hub=1,8,0,6,3,7,0,4,
#moving_targetting_pos=6,16|26,26|2,29|26,6|16,6|26,16|6,6|16,16|
#setting_targetting_pos=-1,-1|-1,-1|2,1|-1,-1|-1,-1|-1,-1|-1,-1|-1,-1|
........
#1111111111111
#assigned_pet=-1,-1,-1,-1,-1,-1,-1,-1,
#assigned_hub=1,8,0,6,3,7,0,4,
#moving_targetting_pos=6,16|26,26|2,29|26,6|16,6|26,16|6,6|16,16|
#setting_targetting_pos=-1,-1|-1,-1|2,1|-1,-1|-1,-1|-1,-1|-1,-1|-1,-1|
........
#1111111111111
#assigned_pet=-1,-1,-1,-1,-1,-1,-1,-1,
#assigned_hub=1,8,0,6,3,7,0,4,
#moving_targetting_pos=6,16|26,26|2,29|26,6|16,6|26,16|6,6|16,16|
#setting_targetting_pos=-1,-1|-1,-1|2,1|-1,-1|-1,-1|-1,-1|-1,-1|-1,-1|
........
#1111111111111
#assigned_pet=-1,-1,-1,-1,-1,-1,-1,-1,
#assigned_hub=1,8,0,6,3,7,0,4,
#moving_targetting_pos=6,16|26,26|2,29|26,6|16,6|26,16|6,6|16,16|
#setting_targetting_pos=-1,-1|-1,-1|2,1|-1,-1|-1,-1|-1,-1|-1,-1|-1,-1|
........
#1111111111111
#assigned_pet=-1,-1,-1,-1,-1,-1,-1,-1,
#assigned_hub=1,8,0,6,3,7,0,4,
#moving_targetting_pos=6,16|26,26|2,29|26,6|16,6|26,16|6,6|16,16|
#setting_targetting_pos=-1,-1|-1,-1|2,1|-1,-1|-1,-1|-1,-1|-1,-1|-1,-1|
........
#1111111111111
#assigned_pet=-1,-1,-1,-1,-1,-1,-1,-1,
#assigned_hub=1,8,0,6,3,7,0,4,
#moving_targetting_pos=6,16|26,26|2,29|26,6|16,6|26,16|6,6|16,16|
#setting_targetting_pos=-1,-1|-1,-1|2,1|-1,-1|-1,-1|-1,-1|-1,-1|-1,-1|
........
#1111111111111
#assigned_pet=-1,-1,-1,-1,-1,-1,-1,-1,
#assigned_hub=1,8,0,6,3,7,0,4,
#moving_targetting_pos=6,16|26,26|2,29|26,6|16,6|26,16|6,6|16,16|
#setting_targetting_pos=-1,-1|-1,-1|2,1|-1,-1|-1,-1|-1,-1|-1,-1|-1,-1|
........
#1111111111111
#assigned_pet=-1,-1,-1,-1,-1,-1,-1,-1,
#assigned_hub=1,8,0,6,3,7,0,4,
#moving_targetting_pos=6,16|26,26|2,29|26,6|16,6|26,16|6,6|16,16|
#setting_targetting_pos=-1,-1|-1,-1|2,1|-1,-1|-1,-1|-1,-1|-1,-1|-1,-1|
........
#1111111111111
#assigned_pet=-1,-1,-1,-1,-1,-1,-1,-1,
#assigned_hub=1,8,0,6,3,7,0,4,
#moving_targetting_pos=6,16|26,26|2,29|26,6|16,6|26,16|6,6|16,16|
#setting_targetting_pos=-1,-1|-1,-1|2,1|-1,-1|-1,-1|-1,-1|-1,-1|-1,-1|
........
#1111111111111
#assigned_pet=-1,-1,-1,-1,-1,-1,-1,-1,
#assigned_hub=1,8,0,6,3,7,0,4,
#moving_targetting_pos=6,16|26,26|2,29|26,6|16,6|26,16|6,6|16,16|
#setting_targetting_pos=-1,-1|-1,-1|2,1|-1,-1|-1,-1|-1,-1|-1,-1|-1,-1|
........
#1111111111111
#assigned_pet=-1,-1,-1,-1,-1,-1,-1,-1,
#assigned_hub=1,8,0,6,3,7,0,4,
#moving_targetting_pos=6,16|26,26|2,29|26,6|16,6|26,16|6,6|16,16|
#setting_targetting_pos=-1,-1|-1,-1|2,1|-1,-1|-1,-1|-1,-1|-1,-1|-1,-1|
........
#1111111111111
#assigned_pet=-1,-1,-1,-1,-1,-1,-1,-1,
#assigned_hub=1,8,0,6,3,7,0,4,
#moving_targetting_pos=6,16|26,26|2,29|26,6|16,6|26,16|6,6|16,16|
#setting_targetting_pos=-1,-1|-1,-1|2,1|-1,-1|-1,-1|-1,-1|-1,-1|-1,-1|
........
#1111111111111
#assigned_pet=-1,-1,-1,-1,-1,-1,-1,-1,
#assigned_hub=1,8,0,6,3,7,0,4,
#moving_targetting_pos=6,16|26,26|2,29|26,6|16,6|26,16|6,6|16,16|
#setting_targetting_pos=-1,-1|-1,-1|2,1|-1,-1|-1,-1|-1,-1|-1,-1|-1,-1|
........
#1111111111111
#assigned_pet=-1,-1,-1,-1,-1,-1,-1,-1,
#assigned_hub=1,8,0,6,3,7,0,4,
#moving_targetting_pos=6,16|26,26|2,29|26,6|16,6|26,16|6,6|16,16|
#setting_targetting_pos=-1,-1|-1,-1|2,1|-1,-1|-1,-1|-1,-1|-1,-1|-1,-1|
........
#1111111111111
#assigned_pet=-1,-1,-1,-1,-1,-1,-1,-1,
#assigned_hub=1,8,0,6,3,7,0,4,
#moving_targetting_pos=6,16|26,26|2,29|26,6|16,6|26,16|6,6|16,16|
#setting_targetting_pos=-1,-1|-1,-1|2,1|-1,-1|-1,-1|-1,-1|-1,-1|-1,-1|
........
#1111111111111
#assigned_pet=-1,-1,-1,-1,-1,-1,-1,-1,
#assigned_hub=1,8,0,6,3,7,0,4,
#moving_targetting_pos=6,16|26,26|2,29|26,6|16,6|26,16|6,6|16,16|
#setting_targetting_pos=-1,-1|-1,-1|2,1|-1,-1|-1,-1|-1,-1|-1,-1|-1,-1|
........
#1111111111111
#assigned_pet=-1,-1,-1,-1,-1,-1,-1,-1,
#assigned_hub=1,8,0,6,3,7,0,4,
#moving_targetting_pos=6,16|26,26|2,29|26,6|16,6|26,16|6,6|16,16|
#setting_targetting_pos=-1,-1|-1,-1|2,1|-1,-1|-1,-1|-1,-1|-1,-1|-1,-1|
........
#1111111111111
#assigned_pet=-1,-1,-1,-1,-1,-1,-1,-1,
#assigned_hub=1,8,0,6,3,7,0,4,
#moving_targetting_pos=6,16|26,26|2,29|26,6|16,6|26,16|6,6|16,16|
#setting_targetting_pos=-1,-1|-1,-1|2,1|-1,-1|-1,-1|-1,-1|-1,-1|-1,-1|
........
#1111111111111
#assigned_pet=-1,-1,-1,-1,-1,-1,-1,-1,
#assigned_hub=1,8,0,6,3,7,0,4,
#moving_targetting_pos=6,16|26,26|2,29|26,6|16,6|26,16|6,6|16,16|
#setting_targetting_pos=-1,-1|-1,-1|2,1|-1,-1|-1,-1|-1,-1|-1,-1|-1,-1|
........
#1111111111111
#assigned_pet=-1,-1,-1,-1,-1,-1,-1,-1,
#assigned_hub=1,8,0,6,3,7,0,4,
#moving_targetting_pos=6,16|26,26|2,29|26,6|16,6|26,16|6,6|16,16|
#setting_targetting_pos=-1,-1|-1,-1|2,1|-1,-1|-1,-1|-1,-1|-1,-1|-1,-1|
........
#1111111111111
#assigned_pet=-1,-1,-1,-1,-1,-1,-1,-1,
#assigned_hub=1,8,0,6,3,7,0,4,
#moving_targetting_pos=6,16|26,26|2,29|26,6|16,6|26,16|6,6|16,16|
#setting_targetting_pos=-1,-1|-1,-1|2,1|-1,-1|-1,-1|-1,-1|-1,-1|-1,-1|
........
#1111111111111
#assigned_pet=-1,-1,-1,-1,-1,-1,-1,-1,
#assigned_hub=1,8,0,6,3,7,0,4,
#moving_targetting_pos=6,16|26,26|2,29|26,6|16,6|26,16|6,6|16,16|
#setting_targetting_pos=-1,-1|-1,-1|2,1|-1,-1|-1,-1|-1,-1|-1,-1|-1,-1|
........
#1111111111111
#assigned_pet=-1,-1,-1,-1,-1,-1,-1,-1,
#assigned_hub=1,8,0,6,3,7,0,4,
#moving_targetting_pos=6,16|26,26|2,29|26,6|16,6|26,16|6,6|16,16|
#setting_targetting_pos=-1,-1|-1,-1|2,1|-1,-1|-1,-1|-1,-1|-1,-1|-1,-1|
........
#1111111111111
#assigned_pet=-1,-1,-1,-1,-1,-1,-1,-1,
#assigned_hub=1,8,0,6,3,7,0,4,
#moving_targetting_pos=6,16|26,26|2,29|26,6|16,6|26,16|6,6|16,16|
#setting_targetting_pos=-1,-1|-1,-1|2,1|-1,-1|-1,-1|-1,-1|-1,-1|-1,-1|
........
#1111111111111
#assigned_pet=-1,-1,-1,-1,-1,-1,-1,-1,
#assigned_hub=1,8,0,6,3,7,0,4,
#moving_targetting_pos=6,16|26,26|2,29|26,6|16,6|26,16|6,6|16,16|
#setting_targetting_pos=-1,-1|-1,-1|2,1|-1,-1|-1,-1|-1,-1|-1,-1|-1,-1|
........
#1111111111111
#assigned_pet=-1,-1,-1,-1,-1,-1,-1,-1,
#assigned_hub=1,8,0,6,3,7,0,4,
#moving_targetting_pos=6,16|26,26|2,29|26,6|16,6|26,16|6,6|16,16|
#setting_targetting_pos=-1,-1|-1,-1|2,1|-1,-1|-1,-1|-1,-1|-1,-1|-1,-1|
........
#1111111111111
#assigned_pet=-1,-1,-1,-1,-1,-1,-1,-1,
#assigned_hub=1,8,0,6,3,7,0,4,
#moving_targetting_pos=6,16|26,26|2,29|26,6|16,6|26,16|6,6|16,16|
#setting_targetting_pos=-1,-1|-1,-1|2,1|-1,-1|-1,-1|-1,-1|-1,-1|-1,-1|
........
#1111111111111
#assigned_pet=-1,-1,-1,-1,-1,-1,-1,-1,
#assigned_hub=1,8,0,6,3,7,0,4,
#moving_targetting_pos=6,16|26,26|2,29|26,6|16,6|26,16|6,6|16,16|
#setting_targetting_pos=-1,-1|-1,-1|2,1|-1,-1|-1,-1|-1,-1|-1,-1|-1,-1|
........
#1111111111111
#assigned_pet=-1,-1,-1,-1,-1,-1,-1,-1,
#assigned_hub=1,8,0,6,3,7,0,4,
#moving_targetting_pos=6,16|26,26|2,29|26,6|16,6|26,16|6,6|16,16|
#setting_targetting_pos=-1,-1|-1,-1|2,1|-1,-1|-1,-1|-1,-1|-1,-1|-1,-1|
........
#1111111111111
#assigned_pet=-1,-1,-1,-1,-1,-1,-1,-1,
#assigned_hub=1,8,0,6,3,7,0,4,
#moving_targetting_pos=6,16|26,26|2,29|26,6|16,6|26,16|6,6|16,16|
#setting_targetting_pos=-1,-1|-1,-1|2,1|-1,-1|-1,-1|-1,-1|-1,-1|-1,-1|
........
#1111111111111
#assigned_pet=-1,-1,-1,-1,-1,-1,-1,-1,
#assigned_hub=1,8,0,6,3,7,0,4,
#moving_targetting_pos=6,16|26,26|2,29|26,6|16,6|26,16|6,6|16,16|
#setting_targetting_pos=-1,-1|-1,-1|2,1|-1,-1|-1,-1|-1,-1|-1,-1|-1,-1|
........
#1111111111111
#assigned_pet=-1,-1,-1,-1,-1,-1,-1,-1,
#assigned_hub=1,8,0,6,3,7,0,4,
#moving_targetting_pos=6,16|26,26|2,29|26,6|16,6|26,16|6,6|16,16|
#setting_targetting_pos=-1,-1|-1,-1|2,1|-1,-1|-1,-1|-1,-1|-1,-1|-1,-1|
........
#1111111111111
#assigned_pet=-1,-1,-1,-1,-1,-1,-1,-1,
#assigned_hub=1,8,0,6,3,7,0,4,
#moving_targetting_pos=6,16|26,26|2,29|26,6|16,6|26,16|6,6|16,16|
#setting_targetting_pos=-1,-1|-1,-1|2,1|-1,-1|-1,-1|-1,-1|-1,-1|-1,-1|
........
#1111111111111
#assigned_pet=-1,-1,-1,-1,-1,-1,-1,-1,
#assigned_hub=1,8,0,6,3,7,0,4,
#moving_targetting_pos=6,16|26,26|2,29|26,6|16,6|26,16|6,6|16,16|
#setting_targetting_pos=-1,-1|-1,-1|2,1|-1,-1|-1,-1|-1,-1|-1,-1|-1,-1|
........
#1111111111111
#assigned_pet=-1,-1,-1,-1,-1,-1,-1,-1,
#assigned_hub=1,8,0,6,3,7,0,4,
#moving_targetting_pos=6,16|26,26|2,29|26,6|16,6|26,16|6,6|16,16|
#setting_targetting_pos=-1,-1|-1,-1|2,1|-1,-1|-1,-1|-1,-1|-1,-1|-1,-1|
........
#1111111111111
#assigned_pet=-1,-1,-1,-1,-1,-1,-1,-1,
#assigned_hub=1,8,0,6,3,7,0,4,
#moving_targetting_pos=6,16|26,26|2,29|26,6|16,6|26,16|6,6|16,16|
#setting_targetting_pos=-1,-1|-1,-1|2,1|-1,-1|-1,-1|-1,-1|-1,-1|-1,-1|
........
#1111111111111
#assigned_pet=-1,-1,-1,-1,-1,-1,-1,-1,
#assigned_hub=1,8,0,6,3,7,0,4,
#moving_targetting_pos=6,16|26,26|2,29|26,6|16,6|26,16|6,6|16,16|
#setting_targetting_pos=-1,-1|-1,-1|2,1|-1,-1|-1,-1|-1,-1|-1,-1|-1,-1|
........
#1111111111111
#assigned_pet=-1,-1,-1,-1,-1,-1,-1,-1,
#assigned_hub=1,8,0,6,3,7,0,4,
#moving_targetting_pos=6,16|26,26|2,29|26,6|16,6|26,16|6,6|16,16|
#setting_targetting_pos=-1,-1|-1,-1|2,1|-1,-1|-1,-1|-1,-1|-1,-1|-1,-1|
........
#1111111111111
#assigned_pet=-1,-1,-1,-1,-1,-1,-1,-1,
#assigned_hub=1,8,0,6,3,7,0,4,
#moving_targetting_pos=6,16|26,26|2,29|26,6|16,6|26,16|6,6|16,16|
#setting_targetting_pos=-1,-1|-1,-1|2,1|-1,-1|-1,-1|-1,-1|-1,-1|-1,-1|
........
#1111111111111
#assigned_pet=-1,-1,-1,-1,-1,-1,-1,-1,
#assigned_hub=1,8,0,6,3,7,0,4,
#moving_targetting_pos=6,16|26,26|2,29|26,6|16,6|26,16|6,6|16,16|
#setting_targetting_pos=-1,-1|-1,-1|2,1|-1,-1|-1,-1|-1,-1|-1,-1|-1,-1|
........
#1111111111111
#assigned_pet=-1,-1,-1,-1,-1,-1,-1,-1,
#assigned_hub=1,8,0,6,3,7,0,4,
#moving_targetting_pos=6,16|26,26|2,29|26,6|16,6|26,16|6,6|16,16|
#setting_targetting_pos=-1,-1|-1,-1|2,1|-1,-1|-1,-1|-1,-1|-1,-1|-1,-1|
........
#1111111111111
#assigned_pet=-1,-1,-1,-1,-1,-1,-1,-1,
#assigned_hub=1,8,0,6,3,7,0,4,
#moving_targetting_pos=6,16|26,26|2,29|26,6|16,6|26,16|6,6|16,16|
#setting_targetting_pos=-1,-1|-1,-1|2,1|-1,-1|-1,-1|-1,-1|-1,-1|-1,-1|
........
#1111111111111
#assigned_pet=-1,-1,-1,-1,-1,-1,-1,-1,
#assigned_hub=1,8,0,6,3,7,0,4,
#moving_targetting_pos=6,16|26,26|2,29|26,6|16,6|26,16|6,6|16,16|
#setting_targetting_pos=-1,-1|-1,-1|2,1|-1,-1|-1,-1|-1,-1|-1,-1|-1,-1|
........
#1111111111111
#assigned_pet=-1,-1,-1,-1,-1,-1,-1,-1,
#assigned_hub=1,8,0,6,3,7,0,4,
#moving_targetting_pos=6,16|26,26|2,29|26,6|16,6|26,16|6,6|16,16|
#setting_targetting_pos=-1,-1|-1,-1|2,1|-1,-1|-1,-1|-1,-1|-1,-1|-1,-1|
........
#1111111111111
#assigned_pet=-1,-1,-1,-1,-1,-1,-1,-1,
#assigned_hub=1,8,0,6,3,7,0,4,
#moving_targetting_pos=6,16|26,26|2,29|26,6|16,6|26,16|6,6|16,16|
#setting_targetting_pos=-1,-1|-1,-1|2,1|-1,-1|-1,-1|-1,-1|-1,-1|-1,-1|
........
#1111111111111
#assigned_pet=-1,-1,-1,-1,-1,-1,-1,-1,
#assigned_hub=1,8,0,6,3,7,0,4,
#moving_targetting_pos=6,16|26,26|2,29|26,6|16,6|26,16|6,6|16,16|
#setting_targetting_pos=-1,-1|-1,-1|2,1|-1,-1|-1,-1|-1,-1|-1,-1|-1,-1|
........
#1111111111111
#assigned_pet=-1,-1,-1,-1,-1,-1,-1,-1,
#assigned_hub=1,8,0,6,3,7,0,4,
#moving_targetting_pos=6,16|26,26|2,29|26,6|16,6|26,16|6,6|16,16|
#setting_targetting_pos=-1,-1|-1,-1|2,1|-1,-1|-1,-1|-1,-1|-1,-1|-1,-1|
........
#1111111111111
#assigned_pet=-1,-1,-1,-1,-1,-1,-1,-1,
#assigned_hub=1,8,0,6,3,7,0,4,
#moving_targetting_pos=6,16|26,26|2,29|26,6|16,6|26,16|6,6|16,16|
#setting_targetting_pos=-1,-1|-1,-1|2,1|-1,-1|-1,-1|-1,-1|-1,-1|-1,-1|
........
#1111111111111
#assigned_pet=-1,-1,-1,-1,-1,-1,-1,-1,
#assigned_hub=1,8,0,6,3,7,0,4,
#moving_targetting_pos=6,16|26,26|2,29|26,6|16,6|26,16|6,6|16,16|
#setting_targetting_pos=-1,-1|-1,-1|2,1|-1,-1|-1,-1|-1,-1|-1,-1|-1,-1|
........
#1111111111111
#assigned_pet=-1,-1,-1,-1,-1,-1,-1,-1,
#assigned_hub=1,8,0,6,3,7,0,4,
#moving_targetting_pos=6,16|26,26|2,29|26,6|16,6|26,16|6,6|16,16|
#setting_targetting_pos=-1,-1|-1,-1|2,1|-1,-1|-1,-1|-1,-1|-1,-1|-1,-1|
........
#1111111111111
#assigned_pet=-1,-1,-1,-1,-1,-1,-1,-1,
#assigned_hub=1,8,0,6,3,7,0,4,
#moving_targetting_pos=6,16|26,26|2,29|26,6|16,6|26,16|6,6|16,16|
#setting_targetting_pos=-1,-1|-1,-1|2,1|-1,-1|-1,-1|-1,-1|-1,-1|-1,-1|
........
#1111111111111
#assigned_pet=-1,-1,-1,-1,-1,-1,-1,-1,
#assigned_hub=1,8,0,6,3,7,0,4,
#moving_targetting_pos=6,16|26,26|2,29|26,6|16,6|26,16|6,6|16,16|
#setting_targetting_pos=-1,-1|-1,-1|2,1|-1,-1|-1,-1|-1,-1|-1,-1|-1,-1|
........
#1111111111111
#assigned_pet=-1,-1,-1,-1,-1,-1,-1,-1,
#assigned_hub=1,8,0,6,3,7,0,4,
#moving_targetting_pos=6,16|26,26|2,29|26,6|16,6|26,16|6,6|16,16|
#setting_targetting_pos=-1,-1|-1,-1|2,1|-1,-1|-1,-1|-1,-1|-1,-1|-1,-1|
........
#1111111111111
#assigned_pet=-1,-1,-1,-1,-1,-1,-1,-1,
#assigned_hub=1,8,0,6,3,7,0,4,
#moving_targetting_pos=6,16|26,26|2,29|26,6|16,6|26,16|6,6|16,16|
#setting_targetting_pos=-1,-1|-1,-1|2,1|-1,-1|-1,-1|-1,-1|-1,-1|-1,-1|
........
#1111111111111
#assigned_pet=-1,-1,-1,-1,-1,-1,-1,-1,
#assigned_hub=1,8,0,6,3,7,0,4,
#moving_targetting_pos=6,16|26,26|2,29|26,6|16,6|26,16|6,6|16,16|
#setting_targetting_pos=-1,-1|-1,-1|2,1|-1,-1|-1,-1|-1,-1|-1,-1|-1,-1|
........
#1111111111111
#assigned_pet=-1,-1,-1,-1,-1,-1,-1,-1,
#assigned_hub=1,8,0,6,3,7,0,4,
#moving_targetting_pos=6,16|26,26|2,29|26,6|16,6|26,16|6,6|16,16|
#setting_targetting_pos=-1,-1|-1,-1|2,1|-1,-1|-1,-1|-1,-1|-1,-1|-1,-1|
........
#1111111111111
#assigned_pet=-1,-1,-1,-1,-1,-1,-1,-1,
#assigned_hub=1,8,0,6,3,7,0,4,
#moving_targetting_pos=6,16|26,26|2,29|26,6|16,6|26,16|6,6|16,16|
#setting_targetting_pos=-1,-1|-1,-1|2,1|-1,-1|-1,-1|-1,-1|-1,-1|-1,-1|
........
#1111111111111
#assigned_pet=-1,-1,-1,-1,-1,-1,-1,-1,
#assigned_hub=1,8,0,6,3,7,0,4,
#moving_targetting_pos=6,16|26,26|2,29|26,6|16,6|26,16|6,6|16,16|
#setting_targetting_pos=-1,-1|-1,-1|2,1|-1,-1|-1,-1|-1,-1|-1,-1|-1,-1|
........
#1111111111111
#assigned_pet=-1,-1,-1,-1,-1,-1,-1,-1,
#assigned_hub=1,8,0,6,3,7,0,4,
#moving_targetting_pos=6,16|26,26|2,29|26,6|16,6|26,16|6,6|16,16|
#setting_targetting_pos=-1,-1|-1,-1|2,1|-1,-1|-1,-1|-1,-1|-1,-1|-1,-1|
........
#1111111111111
#assigned_pet=-1,-1,-1,-1,-1,-1,-1,-1,
#assigned_hub=1,8,0,6,3,7,0,4,
#moving_targetting_pos=6,16|26,26|2,29|26,6|16,6|26,16|6,6|16,16|
#setting_targetting_pos=-1,-1|-1,-1|2,1|-1,-1|-1,-1|-1,-1|-1,-1|-1,-1|
........
#1111111111111
#assigned_pet=-1,-1,-1,-1,-1,-1,-1,-1,
#assigned_hub=1,8,0,6,3,7,0,4,
#moving_targetting_pos=6,16|26,26|2,29|26,6|16,6|26,16|6,6|16,16|
#setting_targetting_pos=-1,-1|-1,-1|2,1|-1,-1|-1,-1|-1,-1|-1,-1|-1,-1|
........
#1111111111111
#assigned_pet=-1,-1,-1,-1,-1,-1,-1,-1,
#assigned_hub=1,8,0,6,3,7,0,4,
#moving_targetting_pos=6,16|26,26|2,29|26,6|16,6|26,16|6,6|16,16|
#setting_targetting_pos=-1,-1|-1,-1|2,1|-1,-1|-1,-1|-1,-1|-1,-1|-1,-1|
........
#1111111111111
#assigned_pet=-1,-1,-1,-1,-1,-1,-1,-1,
#assigned_hub=1,8,0,6,3,7,0,4,
#moving_targetting_pos=6,16|26,26|2,29|26,6|16,6|26,16|6,6|16,16|
#setting_targetting_pos=-1,-1|-1,-1|2,1|-1,-1|-1,-1|-1,-1|-1,-1|-1,-1|
........
#1111111111111
#assigned_pet=-1,-1,-1,-1,-1,-1,-1,-1,
#assigned_hub=1,8,0,6,3,7,0,4,
#moving_targetting_pos=6,16|26,26|2,29|26,6|16,6|26,16|6,6|16,16|
#setting_targetting_pos=-1,-1|-1,-1|2,1|-1,-1|-1,-1|-1,-1|-1,-1|-1,-1|
........
#1111111111111
#assigned_pet=-1,-1,-1,-1,-1,-1,-1,-1,
#assigned_hub=1,8,0,6,3,7,0,4,
#moving_targetting_pos=6,16|26,26|2,29|26,6|16,6|26,16|6,6|16,16|
#setting_targetting_pos=-1,-1|-1,-1|2,1|-1,-1|-1,-1|-1,-1|-1,-1|-1,-1|
........
#1111111111111
#assigned_pet=-1,-1,-1,-1,-1,-1,-1,-1,
#assigned_hub=1,8,0,6,3,7,0,4,
#moving_targetting_pos=6,16|26,26|2,29|26,6|16,6|26,16|6,6|16,16|
#setting_targetting_pos=-1,-1|-1,-1|2,1|-1,-1|-1,-1|-1,-1|-1,-1|-1,-1|
........
#1111111111111
#assigned_pet=-1,-1,-1,-1,-1,-1,-1,-1,
#assigned_hub=1,8,0,6,3,7,0,4,
#moving_targetting_pos=6,16|26,26|2,29|26,6|16,6|26,16|6,6|16,16|
#setting_targetting_pos=-1,-1|-1,-1|2,1|-1,-1|-1,-1|-1,-1|-1,-1|-1,-1|
........
#1111111111111
#assigned_pet=-1,-1,-1,-1,-1,-1,-1,-1,
#assigned_hub=1,8,0,6,3,7,0,4,
#moving_targetting_pos=6,16|26,26|2,29|26,6|16,6|26,16|6,6|16,16|
#setting_targetting_pos=-1,-1|-1,-1|2,1|-1,-1|-1,-1|-1,-1|-1,-1|-1,-1|
........
#1111111111111
#assigned_pet=-1,-1,-1,-1,-1,-1,-1,-1,
#assigned_hub=1,8,0,6,3,7,0,4,
#moving_targetting_pos=6,16|26,26|2,29|26,6|16,6|26,16|6,6|16,16|
#setting_targetting_pos=-1,-1|-1,-1|2,1|-1,-1|-1,-1|-1,-1|-1,-1|-1,-1|
........
#1111111111111
#assigned_pet=-1,-1,-1,-1,-1,-1,-1,-1,
#assigned_hub=1,8,0,6,3,7,0,4,
#moving_targetting_pos=6,16|26,26|2,29|26,6|16,6|26,16|6,6|16,16|
#setting_targetting_pos=-1,-1|-1,-1|2,1|-1,-1|-1,-1|-1,-1|-1,-1|-1,-1|
........
#1111111111111
#assigned_pet=-1,-1,-1,-1,-1,-1,-1,-1,
#assigned_hub=1,8,0,6,3,7,0,4,
#moving_targetting_pos=6,16|26,26|2,29|26,6|16,6|26,16|6,6|16,16|
#setting_targetting_pos=-1,-1|-1,-1|2,1|-1,-1|-1,-1|-1,-1|-1,-1|-1,-1|
........
#1111111111111
#assigned_pet=-1,-1,-1,-1,-1,-1,-1,-1,
#assigned_hub=1,8,0,6,3,7,0,4,
#moving_targetting_pos=6,16|26,26|2,29|26,6|16,6|26,16|6,6|16,16|
#setting_targetting_pos=-1,-1|-1,-1|2,1|-1,-1|-1,-1|-1,-1|-1,-1|-1,-1|
........
#1111111111111
#assigned_pet=-1,-1,-1,-1,-1,-1,-1,-1,
#assigned_hub=1,8,0,6,3,7,0,4,
#moving_targetting_pos=6,16|26,26|2,29|26,6|16,6|26,16|6,6|16,16|
#setting_targetting_pos=-1,-1|-1,-1|2,1|-1,-1|-1,-1|-1,-1|-1,-1|-1,-1|
........
#1111111111111
#assigned_pet=-1,-1,-1,-1,-1,-1,-1,-1,
#assigned_hub=1,8,0,6,3,7,0,4,
#moving_targetting_pos=6,16|26,26|2,29|26,6|16,6|26,16|6,6|16,16|
#setting_targetting_pos=-1,-1|-1,-1|2,1|-1,-1|-1,-1|-1,-1|-1,-1|-1,-1|
........
#1111111111111
#assigned_pet=-1,-1,-1,-1,-1,-1,-1,-1,
#assigned_hub=1,8,0,6,3,7,0,4,
#moving_targetting_pos=6,16|26,26|2,29|26,6|16,6|26,16|6,6|16,16|
#setting_targetting_pos=-1,-1|-1,-1|2,1|-1,-1|-1,-1|-1,-1|-1,-1|-1,-1|
........
#1111111111111
#assigned_pet=-1,-1,-1,-1,-1,-1,-1,-1,
#assigned_hub=1,8,0,6,3,7,0,4,
#moving_targetting_pos=6,16|26,26|2,29|26,6|16,6|26,16|6,6|16,16|
#setting_targetting_pos=-1,-1|-1,-1|2,1|-1,-1|-1,-1|-1,-1|-1,-1|-1,-1|
........
#1111111111111
#assigned_pet=-1,-1,-1,-1,-1,-1,-1,-1,
#assigned_hub=1,8,0,6,3,7,0,4,
#moving_targetting_pos=6,16|26,26|2,29|26,6|16,6|26,16|6,6|16,16|
#setting_targetting_pos=-1,-1|-1,-1|2,1|-1,-1|-1,-1|-1,-1|-1,-1|-1,-1|
........
#1111111111111
#assigned_pet=-1,-1,-1,-1,-1,-1,-1,-1,
#assigned_hub=1,8,0,6,3,7,0,4,
#moving_targetting_pos=6,16|26,26|2,29|26,6|16,6|26,16|6,6|16,16|
#setting_targetting_pos=-1,-1|-1,-1|2,1|-1,-1|-1,-1|-1,-1|-1,-1|-1,-1|
........
#1111111111111
#assigned_pet=-1,-1,-1,-1,-1,-1,-1,-1,
#assigned_hub=1,8,0,6,3,7,0,4,
#moving_targetting_pos=6,16|26,26|2,29|26,6|16,6|26,16|6,6|16,16|
#setting_targetting_pos=-1,-1|-1,-1|2,1|-1,-1|-1,-1|-1,-1|-1,-1|-1,-1|
........
#1111111111111
#assigned_pet=-1,-1,-1,-1,-1,-1,-1,-1,
#assigned_hub=1,8,0,6,3,7,0,4,
#moving_targetting_pos=6,16|26,26|2,29|26,6|16,6|26,16|6,6|16,16|
#setting_targetting_pos=-1,-1|-1,-1|2,1|-1,-1|-1,-1|-1,-1|-1,-1|-1,-1|
........
#1111111111111
#assigned_pet=-1,-1,-1,-1,-1,-1,-1,-1,
#assigned_hub=1,8,0,6,3,7,0,4,
#moving_targetting_pos=6,16|26,26|2,29|26,6|16,6|26,16|6,6|16,16|
#setting_targetting_pos=-1,-1|-1,-1|2,1|-1,-1|-1,-1|-1,-1|-1,-1|-1,-1|
........
#1111111111111
#assigned_pet=-1,-1,-1,-1,-1,-1,-1,-1,
#assigned_hub=1,8,0,6,3,7,0,4,
#moving_targetting_pos=6,16|26,26|2,29|26,6|16,6|26,16|6,6|16,16|
#setting_targetting_pos=-1,-1|-1,-1|2,1|-1,-1|-1,-1|-1,-1|-1,-1|-1,-1|
........
#1111111111111
#assigned_pet=-1,-1,-1,-1,-1,-1,-1,-1,
#assigned_hub=1,8,0,6,3,7,0,4,
#moving_targetting_pos=6,16|26,26|2,29|26,6|16,6|26,16|6,6|16,16|
#setting_targetting_pos=-1,-1|-1,-1|2,1|-1,-1|-1,-1|-1,-1|-1,-1|-1,-1|
........
#1111111111111
#assigned_pet=-1,-1,-1,-1,-1,-1,-1,-1,
#assigned_hub=1,8,0,6,3,7,0,4,
#moving_targetting_pos=6,16|26,26|2,29|26,6|16,6|26,16|6,6|16,16|
#setting_targetting_pos=-1,-1|-1,-1|2,1|-1,-1|-1,-1|-1,-1|-1,-1|-1,-1|
........
#1111111111111
#assigned_pet=-1,-1,-1,-1,-1,-1,-1,-1,
#assigned_hub=1,8,0,6,3,7,0,4,
#moving_targetting_pos=6,16|26,26|2,29|26,6|16,6|26,16|6,6|16,16|
#setting_targetting_pos=-1,-1|-1,-1|2,1|-1,-1|-1,-1|-1,-1|-1,-1|-1,-1|
........
#1111111111111
#assigned_pet=-1,-1,-1,-1,-1,-1,-1,-1,
#assigned_hub=1,8,0,6,3,7,0,4,
#moving_targetting_pos=6,16|26,26|2,29|26,6|16,6|26,16|6,6|16,16|
#setting_targetting_pos=-1,-1|-1,-1|2,1|-1,-1|-1,-1|-1,-1|-1,-1|-1,-1|
........
#1111111111111
#assigned_pet=-1,-1,-1,-1,-1,-1,-1,-1,
#assigned_hub=1,8,0,6,3,7,0,4,
#moving_targetting_pos=6,16|26,26|2,29|26,6|16,6|26,16|6,6|16,16|
#setting_targetting_pos=-1,-1|-1,-1|2,1|-1,-1|-1,-1|-1,-1|-1,-1|-1,-1|
........
#1111111111111
#assigned_pet=-1,-1,-1,-1,-1,-1,-1,-1,
#assigned_hub=1,8,0,6,3,7,0,4,
#moving_targetting_pos=6,16|26,26|2,29|26,6|16,6|26,16|6,6|16,16|
#setting_targetting_pos=-1,-1|-1,-1|2,1|-1,-1|-1,-1|-1,-1|-1,-1|-1,-1|
........
#1111111111111
#assigned_pet=-1,-1,-1,-1,-1,-1,-1,-1,
#assigned_hub=1,8,0,6,3,7,0,4,
#moving_targetting_pos=6,16|26,26|2,29|26,6|16,6|26,16|6,6|16,16|
#setting_targetting_pos=-1,-1|-1,-1|2,1|-1,-1|-1,-1|-1,-1|-1,-1|-1,-1|
........
#1111111111111
#assigned_pet=-1,-1,-1,-1,-1,-1,-1,-1,
#assigned_hub=1,8,0,6,3,7,0,4,
#moving_targetting_pos=6,16|26,26|2,29|26,6|16,6|26,16|6,6|16,16|
#setting_targetting_pos=-1,-1|-1,-1|2,1|-1,-1|-1,-1|-1,-1|-1,-1|-1,-1|
........
#1111111111111
#assigned_pet=-1,-1,-1,-1,-1,-1,-1,-1,
#assigned_hub=1,8,0,6,3,7,0,4,
#moving_targetting_pos=6,16|26,26|2,29|26,6|16,6|26,16|6,6|16,16|
#setting_targetting_pos=-1,-1|-1,-1|2,1|-1,-1|-1,-1|-1,-1|-1,-1|-1,-1|
........
#1111111111111
#assigned_pet=-1,-1,-1,-1,-1,-1,-1,-1,
#assigned_hub=1,8,0,6,3,7,0,4,
#moving_targetting_pos=6,16|26,26|2,29|26,6|16,6|26,16|6,6|16,16|
#setting_targetting_pos=-1,-1|-1,-1|2,1|-1,-1|-1,-1|-1,-1|-1,-1|-1,-1|
........
#1111111111111
#assigned_pet=-1,-1,-1,-1,-1,-1,-1,-1,
#assigned_hub=1,8,0,6,3,7,0,4,
#moving_targetting_pos=6,16|26,26|2,29|26,6|16,6|26,16|6,6|16,16|
#setting_targetting_pos=-1,-1|-1,-1|2,1|-1,-1|-1,-1|-1,-1|-1,-1|-1,-1|
........
#1111111111111
#assigned_pet=-1,-1,-1,-1,-1,-1,-1,-1,
#assigned_hub=1,8,0,6,3,7,0,4,
#moving_targetting_pos=6,16|26,26|2,29|26,6|16,6|26,16|6,6|16,16|
#setting_targetting_pos=-1,-1|-1,-1|2,1|-1,-1|-1,-1|-1,-1|-1,-1|-1,-1|
........
#1111111111111
#assigned_pet=-1,-1,-1,-1,-1,-1,-1,-1,
#assigned_hub=1,8,0,6,3,7,0,4,
#moving_targetting_pos=6,16|26,26|2,29|26,6|16,6|26,16|6,6|16,16|
#setting_targetting_pos=-1,-1|-1,-1|2,1|-1,-1|-1,-1|-1,-1|-1,-1|-1,-1|
........
#1111111111111
#assigned_pet=-1,-1,-1,-1,-1,-1,-1,-1,
#assigned_hub=1,8,0,6,3,7,0,4,
#moving_targetting_pos=6,16|26,26|2,29|26,6|16,6|26,16|6,6|16,16|
#setting_targetting_pos=-1,-1|-1,-1|2,1|-1,-1|-1,-1|-1,-1|-1,-1|-1,-1|
........
#1111111111111
#assigned_pet=-1,-1,-1,-1,-1,-1,-1,-1,
#assigned_hub=1,8,0,6,3,7,0,4,
#moving_targetting_pos=6,16|26,26|2,29|26,6|16,6|26,16|6,6|16,16|
#setting_targetting_pos=-1,-1|-1,-1|2,1|-1,-1|-1,-1|-1,-1|-1,-1|-1,-1|
........
#1111111111111
#assigned_pet=-1,-1,-1,-1,-1,-1,-1,-1,
#assigned_hub=1,8,0,6,3,7,0,4,
#moving_targetting_pos=6,16|26,26|2,29|26,6|16,6|26,16|6,6|16,16|
#setting_targetting_pos=-1,-1|-1,-1|2,1|-1,-1|-1,-1|-1,-1|-1,-1|-1,-1|
........
#1111111111111
#assigned_pet=-1,-1,-1,-1,-1,-1,-1,-1,
#assigned_hub=1,8,0,6,3,7,0,4,
#moving_targetting_pos=6,16|26,26|2,29|26,6|16,6|26,16|6,6|16,16|
#setting_targetting_pos=-1,-1|-1,-1|2,1|-1,-1|-1,-1|-1,-1|-1,-1|-1,-1|
........
#1111111111111
#assigned_pet=-1,-1,-1,-1,-1,-1,-1,-1,
#assigned_hub=1,8,0,6,3,7,0,4,
#moving_targetting_pos=6,16|26,26|2,29|26,6|16,6|26,16|6,6|16,16|
#setting_targetting_pos=-1,-1|-1,-1|2,1|-1,-1|-1,-1|-1,-1|-1,-1|-1,-1|
........
#1111111111111
#assigned_pet=-1,-1,-1,-1,-1,-1,-1,-1,
#assigned_hub=1,8,0,6,3,7,0,4,
#moving_targetting_pos=6,16|26,26|2,29|26,6|16,6|26,16|6,6|16,16|
#setting_targetting_pos=-1,-1|-1,-1|2,1|-1,-1|-1,-1|-1,-1|-1,-1|-1,-1|
........
#1111111111111
#assigned_pet=-1,-1,-1,-1,-1,-1,-1,-1,
#assigned_hub=1,8,0,6,3,7,0,4,
#moving_targetting_pos=6,16|26,26|2,29|26,6|16,6|26,16|6,6|16,16|
#setting_targetting_pos=-1,-1|-1,-1|2,1|-1,-1|-1,-1|-1,-1|-1,-1|-1,-1|
........
#1111111111111
#assigned_pet=-1,-1,-1,-1,-1,-1,-1,-1,
#assigned_hub=1,8,0,6,3,7,0,4,
#moving_targetting_pos=6,16|26,26|2,29|26,6|16,6|26,16|6,6|16,16|
#setting_targetting_pos=-1,-1|-1,-1|2,1|-1,-1|-1,-1|-1,-1|-1,-1|-1,-1|
........
#1111111111111
#assigned_pet=-1,-1,-1,-1,-1,-1,-1,-1,
#assigned_hub=1,8,0,6,3,7,0,4,
#moving_targetting_pos=6,16|26,26|2,29|26,6|16,6|26,16|6,6|16,16|
#setting_targetting_pos=-1,-1|-1,-1|2,1|-1,-1|-1,-1|-1,-1|-1,-1|-1,-1|
........
#1111111111111
#assigned_pet=-1,-1,-1,-1,-1,-1,-1,-1,
#assigned_hub=1,8,0,6,3,7,0,4,
#moving_targetting_pos=6,16|26,26|2,29|26,6|16,6|26,16|6,6|16,16|
#setting_targetting_pos=-1,-1|-1,-1|2,1|-1,-1|-1,-1|-1,-1|-1,-1|-1,-1|
........
#1111111111111
#assigned_pet=-1,-1,-1,-1,-1,-1,-1,-1,
#assigned_hub=1,8,0,6,3,7,0,4,
#moving_targetting_pos=6,16|26,26|2,29|26,6|16,6|26,16|6,6|16,16|
#setting_targetting_pos=-1,-1|-1,-1|2,1|-1,-1|-1,-1|-1,-1|-1,-1|-1,-1|
........
#1111111111111
#assigned_pet=-1,-1,-1,-1,-1,-1,-1,-1,
#assigned_hub=1,8,0,6,3,7,0,4,
#moving_targetting_pos=6,16|26,26|2,29|26,6|16,6|26,16|6,6|16,16|
#setting_targetting_pos=-1,-1|-1,-1|2,1|-1,-1|-1,-1|-1,-1|-1,-1|-1,-1|
........
#1111111111111
#assigned_pet=-1,-1,-1,-1,-1,-1,-1,-1,
#assigned_hub=1,8,0,6,3,7,0,4,
#moving_targetting_pos=6,16|26,26|2,29|26,6|16,6|26,16|6,6|16,16|
#setting_targetting_pos=-1,-1|-1,-1|2,1|-1,-1|-1,-1|-1,-1|-1,-1|-1,-1|
........
#1111111111111
#assigned_pet=-1,-1,-1,-1,-1,-1,-1,-1,
#assigned_hub=1,8,0,6,3,7,0,4,
#moving_targetting_pos=6,16|26,26|2,29|26,6|16,6|26,16|6,6|16,16|
#setting_targetting_pos=-1,-1|-1,-1|2,1|-1,-1|-1,-1|-1,-1|-1,-1|-1,-1|
........
#1111111111111
#assigned_pet=-1,-1,-1,-1,-1,-1,-1,-1,
#assigned_hub=1,8,0,6,3,7,0,4,
#moving_targetting_pos=6,16|26,26|2,29|26,6|16,6|26,16|6,6|16,16|
#setting_targetting_pos=-1,-1|-1,-1|2,1|-1,-1|-1,-1|-1,-1|-1,-1|-1,-1|
........
#1111111111111
#assigned_pet=-1,-1,-1,-1,-1,-1,-1,-1,
#assigned_hub=1,8,0,6,3,7,0,4,
#moving_targetting_pos=6,16|26,26|2,29|26,6|16,6|26,16|6,6|16,16|
#setting_targetting_pos=-1,-1|-1,-1|2,1|-1,-1|-1,-1|-1,-1|-1,-1|-1,-1|
........
#1111111111111
#assigned_pet=-1,-1,-1,-1,-1,-1,-1,-1,
#assigned_hub=1,8,0,6,3,7,0,4,
#moving_targetting_pos=6,16|26,26|2,29|26,6|16,6|26,16|6,6|16,16|
#setting_targetting_pos=-1,-1|-1,-1|2,1|-1,-1|-1,-1|-1,-1|-1,-1|-1,-1|
........
#1111111111111
#assigned_pet=-1,-1,-1,-1,-1,-1,-1,-1,
#assigned_hub=1,8,0,6,3,7,0,4,
#moving_targetting_pos=6,16|26,26|2,29|26,6|16,6|26,16|6,6|16,16|
#setting_targetting_pos=-1,-1|-1,-1|2,1|-1,-1|-1,-1|-1,-1|-1,-1|-1,-1|
........
#1111111111111
#assigned_pet=-1,-1,-1,-1,-1,-1,-1,-1,
#assigned_hub=1,8,0,6,3,7,0,4,
#moving_targetting_pos=6,16|26,26|2,29|26,6|16,6|26,16|6,6|16,16|
#setting_targetting_pos=-1,-1|-1,-1|2,1|-1,-1|-1,-1|-1,-1|-1,-1|-1,-1|
........
#1111111111111
#assigned_pet=-1,-1,-1,-1,-1,-1,-1,-1,
#assigned_hub=1,8,0,6,3,7,0,4,
#moving_targetting_pos=6,16|26,26|2,29|26,6|16,6|26,16|6,6|16,16|
#setting_targetting_pos=-1,-1|-1,-1|2,1|-1,-1|-1,-1|-1,-1|-1,-1|-1,-1|
........
#1111111111111
#assigned_pet=-1,-1,-1,-1,-1,-1,-1,-1,
#assigned_hub=1,8,0,6,3,7,0,4,
#moving_targetting_pos=6,16|26,26|2,29|26,6|16,6|26,16|6,6|16,16|
#setting_targetting_pos=-1,-1|-1,-1|2,1|-1,-1|-1,-1|-1,-1|-1,-1|-1,-1|
........
#1111111111111
#assigned_pet=-1,-1,-1,-1,-1,-1,-1,-1,
#assigned_hub=1,8,0,6,3,7,0,4,
#moving_targetting_pos=6,16|26,26|2,29|26,6|16,6|26,16|6,6|16,16|
#setting_targetting_pos=-1,-1|-1,-1|2,1|-1,-1|-1,-1|-1,-1|-1,-1|-1,-1|
........
#1111111111111
#assigned_pet=-1,-1,-1,-1,-1,-1,-1,-1,
#assigned_hub=1,8,0,6,3,7,0,4,
#moving_targetting_pos=6,16|26,26|2,29|26,6|16,6|26,16|6,6|16,16|
#setting_targetting_pos=-1,-1|-1,-1|2,1|-1,-1|-1,-1|-1,-1|-1,-1|-1,-1|
........
#1111111111111
#assigned_pet=-1,-1,-1,-1,-1,-1,-1,-1,
#assigned_hub=1,8,0,6,3,7,0,4,
#moving_targetting_pos=6,16|26,26|2,29|26,6|16,6|26,16|6,6|16,16|
#setting_targetting_pos=-1,-1|-1,-1|2,1|-1,-1|-1,-1|-1,-1|-1,-1|-1,-1|
........
#1111111111111
#assigned_pet=-1,-1,-1,-1,-1,-1,-1,-1,
#assigned_hub=1,8,0,6,3,7,0,4,
#moving_targetting_pos=6,16|26,26|2,29|26,6|16,6|26,16|6,6|16,16|
#setting_targetting_pos=-1,-1|-1,-1|2,1|-1,-1|-1,-1|-1,-1|-1,-1|-1,-1|
........
#1111111111111
#assigned_pet=-1,-1,-1,-1,-1,-1,-1,-1,
#assigned_hub=1,8,0,6,3,7,0,4,
#moving_targetting_pos=6,16|26,26|2,29|26,6|16,6|26,16|6,6|16,16|
#setting_targetting_pos=-1,-1|-1,-1|2,1|-1,-1|-1,-1|-1,-1|-1,-1|-1,-1|
........
#1111111111111
#assigned_pet=-1,-1,-1,-1,-1,-1,-1,-1,
#assigned_hub=1,8,0,6,3,7,0,4,
#moving_targetting_pos=6,16|26,26|2,29|26,6|16,6|26,16|6,6|16,16|
#setting_targetting_pos=-1,-1|-1,-1|2,1|-1,-1|-1,-1|-1,-1|-1,-1|-1,-1|
........
#1111111111111
#assigned_pet=-1,-1,-1,-1,-1,-1,-1,-1,
#assigned_hub=1,8,0,6,3,7,0,4,
#moving_targetting_pos=6,16|26,26|2,29|26,6|16,6|26,16|6,6|16,16|
#setting_targetting_pos=-1,-1|-1,-1|2,1|-1,-1|-1,-1|-1,-1|-1,-1|-1,-1|
........
#1111111111111
#assigned_pet=-1,-1,-1,-1,-1,-1,-1,-1,
#assigned_hub=1,8,0,6,3,7,0,4,
#moving_targetting_pos=6,16|26,26|2,29|26,6|16,6|26,16|6,6|16,16|
#setting_targetting_pos=-1,-1|-1,-1|2,1|-1,-1|-1,-1|-1,-1|-1,-1|-1,-1|
........
#1111111111111
#assigned_pet=-1,-1,-1,-1,-1,-1,-1,-1,
#assigned_hub=1,8,0,6,3,7,0,4,
#moving_targetting_pos=6,16|26,26|2,29|26,6|16,6|26,16|6,6|16,16|
#setting_targetting_pos=-1,-1|-1,-1|2,1|-1,-1|-1,-1|-1,-1|-1,-1|-1,-1|
........
#1111111111111
#assigned_pet=-1,-1,-1,-1,-1,-1,-1,-1,
#assigned_hub=1,8,0,6,3,7,0,4,
#moving_targetting_pos=6,16|26,26|2,29|26,6|16,6|26,16|6,6|16,16|
#setting_targetting_pos=-1,-1|-1,-1|2,1|-1,-1|-1,-1|-1,-1|-1,-1|-1,-1|
........
#1111111111111
#assigned_pet=-1,-1,-1,-1,-1,-1,-1,-1,
#assigned_hub=1,8,0,6,3,7,0,4,
#moving_targetting_pos=6,16|26,26|2,29|26,6|16,6|26,16|6,6|16,16|
#setting_targetting_pos=-1,-1|-1,-1|2,1|-1,-1|-1,-1|-1,-1|-1,-1|-1,-1|
........
#1111111111111
#assigned_pet=-1,-1,-1,-1,-1,-1,-1,-1,
#assigned_hub=1,8,0,6,3,7,0,4,
#moving_targetting_pos=6,16|26,26|2,29|26,6|16,6|26,16|6,6|16,16|
#setting_targetting_pos=-1,-1|-1,-1|2,1|-1,-1|-1,-1|-1,-1|-1,-1|-1,-1|
........
#1111111111111
#assigned_pet=-1,-1,-1,-1,-1,-1,-1,-1,
#assigned_hub=1,8,0,6,3,7,0,4,
#moving_targetting_pos=6,16|26,26|2,29|26,6|16,6|26,16|6,6|16,16|
#setting_targetting_pos=-1,-1|-1,-1|2,1|-1,-1|-1,-1|-1,-1|-1,-1|-1,-1|
........
#1111111111111
#assigned_pet=-1,-1,-1,-1,-1,-1,-1,-1,
#assigned_hub=1,8,0,6,3,7,0,4,
#moving_targetting_pos=6,16|26,26|2,29|26,6|16,6|26,16|6,6|16,16|
#setting_targetting_pos=-1,-1|-1,-1|2,1|-1,-1|-1,-1|-1,-1|-1,-1|-1,-1|
........
#1111111111111
#assigned_pet=-1,-1,-1,-1,-1,-1,-1,-1,
#assigned_hub=1,8,0,6,3,7,0,4,
#moving_targetting_pos=6,16|26,26|2,29|26,6|16,6|26,16|6,6|16,16|
#setting_targetting_pos=-1,-1|-1,-1|2,1|-1,-1|-1,-1|-1,-1|-1,-1|-1,-1|
........
#1111111111111
#assigned_pet=-1,-1,-1,-1,-1,-1,-1,-1,
#assigned_hub=1,8,0,6,3,7,0,4,
#moving_targetting_pos=6,16|26,26|2,29|26,6|16,6|26,16|6,6|16,16|
#setting_targetting_pos=-1,-1|-1,-1|2,1|-1,-1|-1,-1|-1,-1|-1,-1|-1,-1|
........
#1111111111111
#assigned_pet=-1,-1,-1,-1,-1,-1,-1,-1,
#assigned_hub=1,8,0,6,3,7,0,4,
#moving_targetting_pos=6,16|26,26|2,29|26,6|16,6|26,16|6,6|16,16|
#setting_targetting_pos=-1,-1|-1,-1|2,1|-1,-1|-1,-1|-1,-1|-1,-1|-1,-1|
........
#1111111111111
#assigned_pet=-1,-1,-1,-1,-1,-1,-1,-1,
#assigned_hub=1,8,0,6,3,7,0,4,
#moving_targetting_pos=6,16|26,26|2,29|26,6|16,6|26,16|6,6|16,16|
#setting_targetting_pos=-1,-1|-1,-1|2,1|-1,-1|-1,-1|-1,-1|-1,-1|-1,-1|
........
#1111111111111
#assigned_pet=-1,-1,-1,-1,-1,-1,-1,-1,
#assigned_hub=1,8,0,6,3,7,0,4,
#moving_targetting_pos=6,16|26,26|2,29|26,6|16,6|26,16|6,6|16,16|
#setting_targetting_pos=-1,-1|-1,-1|2,1|-1,-1|-1,-1|-1,-1|-1,-1|-1,-1|
........
#1111111111111
#assigned_pet=-1,-1,-1,-1,-1,-1,-1,-1,
#assigned_hub=1,8,0,6,3,7,0,4,
#moving_targetting_pos=6,16|26,26|2,29|26,6|16,6|26,16|6,6|16,16|
#setting_targetting_pos=-1,-1|-1,-1|2,1|-1,-1|-1,-1|-1,-1|-1,-1|-1,-1|
........
#1111111111111
#assigned_pet=-1,-1,-1,-1,-1,-1,-1,-1,
#assigned_hub=1,8,0,6,3,7,0,4,
#moving_targetting_pos=6,16|26,26|2,29|26,6|16,6|26,16|6,6|16,16|
#setting_targetting_pos=-1,-1|-1,-1|2,1|-1,-1|-1,-1|-1,-1|-1,-1|-1,-1|
........
#1111111111111
#assigned_pet=-1,-1,-1,-1,-1,-1,-1,-1,
#assigned_hub=1,8,0,6,3,7,0,4,
#moving_targetting_pos=6,16|26,26|2,29|26,6|16,6|26,16|6,6|16,16|
#setting_targetting_pos=-1,-1|-1,-1|2,1|-1,-1|-1,-1|-1,-1|-1,-1|-1,-1|
........
#1111111111111
#assigned_pet=-1,-1,-1,-1,-1,-1,-1,-1,
#assigned_hub=1,8,0,6,3,7,0,4,
#moving_targetting_pos=6,16|26,26|2,29|26,6|16,6|26,16|6,6|16,16|
#setting_targetting_pos=-1,-1|-1,-1|2,1|-1,-1|-1,-1|-1,-1|-1,-1|-1,-1|
........
