#000000000000000
#assigned_pet=-1,-1,-1,-1,-1,-1,-1,-1,-1,-1,
#assigned_hub=0,0,0,0,0,0,0,0,0,2,
#moving_targetting_pos=9,2|12,29|15,1|5,1|2,29|29,30|25,30|19,2|22,29|6,26|
#setting_targetting_pos=9,30|12,1|15,30|5,30|2,1|29,2|25,1|19,30|22,1|0,0|
dRLLRRRLL.
#000000000000000
#assigned_pet=-1,-1,-1,-1,-1,-1,-1,-1,-1,-1,
#assigned_hub=0,0,0,0,0,0,0,0,0,2,
#moving_targetting_pos=9,2|12,29|15,1|5,1|2,29|29,30|25,30|19,2|22,29|6,26|
#setting_targetting_pos=9,30|12,1|15,30|5,30|2,1|29,2|25,1|19,30|22,1|-1,-1|
RRLLRRRLD.
#000000000000000
#assigned_pet=-1,-1,-1,-1,-1,-1,-1,-1,-1,-1,
#assigned_hub=0,0,0,0,0,0,0,0,0,2,
#moving_targetting_pos=9,2|12,29|15,1|5,1|2,29|29,30|25,30|19,2|22,29|6,26|
#setting_targetting_pos=9,30|12,1|15,30|5,30|2,1|29,2|25,1|19,30|22,1|-1,-1|
RRLLRRRLD.
#000000000000000
#assigned_pet=-1,-1,-1,-1,-1,-1,-1,-1,-1,-1,
#assigned_hub=0,0,0,0,0,0,0,0,0,2,
#moving_targetting_pos=9,2|12,29|15,1|5,1|2,29|29,30|25,30|19,2|22,29|6,26|
#setting_targetting_pos=9,30|12,1|15,30|5,30|2,1|29,2|25,1|19,30|22,1|-1,-1|
lRLLRRRLr.
#000000000000000
#assigned_pet=-1,-1,-1,-1,-1,-1,-1,-1,-1,-1,
#assigned_hub=0,0,0,0,0,0,0,0,0,2,
#moving_targetting_pos=9,2|12,29|15,1|5,1|2,29|29,30|25,30|19,2|22,29|6,26|
#setting_targetting_pos=9,30|12,1|15,30|5,30|2,1|29,2|25,1|19,30|22,1|-1,-1|
uRLLRRRLd.
#000000000000000
#assigned_pet=-1,-1,-1,-1,-1,-1,-1,-1,-1,-1,
#assigned_hub=0,0,0,0,0,0,0,0,0,2,
#moving_targetting_pos=9,2|12,29|15,1|5,1|2,29|29,30|25,30|19,2|22,29|6,26|
#setting_targetting_pos=9,30|12,1|15,30|5,30|2,1|29,2|25,1|19,30|22,1|-1,-1|
RRLLURRLL.
#000000000000000
#assigned_pet=-1,-1,-1,-1,-1,-1,-1,-1,-1,-1,
#assigned_hub=0,0,0,0,0,0,0,0,0,2,
#moving_targetting_pos=9,2|12,29|15,1|5,1|2,29|29,30|25,30|19,2|22,29|6,26|
#setting_targetting_pos=9,30|12,1|15,30|5,30|2,1|29,2|25,1|19,30|22,1|-1,-1|
RRLDrRRDL.
#000000000000000
#assigned_pet=-1,-1,-1,-1,-1,-1,-1,-1,-1,-1,
#assigned_hub=0,0,0,0,0,0,0,0,0,2,
#moving_targetting_pos=9,2|12,29|15,1|5,1|2,29|29,30|25,30|19,2|22,29|6,26|
#setting_targetting_pos=9,30|12,1|15,30|5,30|2,1|29,2|25,1|19,30|22,1|-1,-1|
dRLddRRDL.
#000000000000000
#assigned_pet=-1,-1,-1,-1,-1,-1,-1,-1,-1,-1,
#assigned_hub=0,0,0,0,0,0,0,0,0,2,
#moving_targetting_pos=9,2|12,29|15,1|5,1|2,29|29,30|25,30|19,2|22,29|6,26|
#setting_targetting_pos=9,30|12,1|15,30|5,30|2,1|29,2|25,1|19,30|22,1|-1,-1|
RRLRLRRDd.
#000000000000000
#assigned_pet=-1,-1,-1,-1,-1,-1,-1,-1,-1,-1,
#assigned_hub=0,0,0,0,0,0,0,0,0,2,
#moving_targetting_pos=9,2|12,29|15,1|5,1|2,29|29,30|25,30|19,2|22,29|6,26|
#setting_targetting_pos=9,30|12,1|15,30|5,30|2,1|29,2|25,1|19,30|22,1|-1,-1|
.ULdLRRL..
#000000000000000
#assigned_pet=-1,-1,-1,-1,-1,-1,-1,-1,-1,-1,
#assigned_hub=0,0,0,0,0,0,0,0,0,2,
#moving_targetting_pos=9,2|12,29|15,1|5,1|2,29|29,30|25,30|19,2|22,29|6,26|
#setting_targetting_pos=9,30|12,1|15,30|5,30|2,1|29,2|25,1|19,30|22,1|-1,-1|
lUURLRRDu.
#000000000000000
#assigned_pet=-1,-1,-1,-1,-1,-1,-1,-1,-1,-1,
#assigned_hub=0,0,0,0,0,0,0,0,0,2,
#moving_targetting_pos=9,2|12,29|15,1|5,1|2,29|29,30|25,30|19,2|22,29|6,26|
#setting_targetting_pos=9,30|12,1|15,30|5,30|2,1|29,2|25,1|19,30|22,1|-1,-1|
RrdddRULL.
#000000000000000
#assigned_pet=-1,-1,-1,-1,-1,-1,-1,-1,-1,-1,
#assigned_hub=0,0,0,0,0,0,0,0,0,2,
#moving_targetting_pos=9,2|12,29|15,1|5,1|2,29|29,30|25,30|19,2|22,29|6,26|
#setting_targetting_pos=9,30|12,1|15,30|5,30|2,1|29,2|25,1|19,30|22,1|-1,-1|
udRRuDUD..
#000000000000000
#assigned_pet=-1,-1,-1,-1,-1,-1,-1,-1,-1,-1,
#assigned_hub=0,0,0,0,0,0,0,0,0,2,
#moving_targetting_pos=9,2|12,29|15,1|5,1|2,29|29,30|25,30|19,2|22,29|6,26|
#setting_targetting_pos=9,30|12,1|15,30|5,30|2,1|29,2|25,1|19,30|22,1|-1,-1|
RLduLdULr.
#000000000000000
#assigned_pet=-1,-1,-1,-1,-1,-1,-1,-1,-1,-1,
#assigned_hub=0,0,0,0,0,0,0,0,0,2,
#moving_targetting_pos=9,2|12,29|15,1|5,1|2,29|29,30|25,30|19,2|22,29|6,26|
#setting_targetting_pos=9,30|12,1|15,30|5,30|2,1|29,2|25,1|19,30|22,1|-1,-1|
RLRRrLURL.
#000000000000000
#assigned_pet=-1,-1,-1,-1,-1,-1,-1,-1,-1,-1,
#assigned_hub=0,0,0,0,0,0,0,0,0,2,
#moving_targetting_pos=9,2|12,29|15,1|5,1|2,29|29,30|25,30|19,2|22,29|6,26|
#setting_targetting_pos=9,30|12,1|15,30|5,30|2,1|29,2|25,1|19,30|22,1|-1,-1|
lLdRLLdDL.
#000000000000000
#assigned_pet=-1,-1,-1,-1,-1,-1,-1,-1,-1,-1,
#assigned_hub=0,0,0,0,0,0,0,0,0,2,
#moving_targetting_pos=9,2|12,29|15,1|5,1|2,29|29,30|25,30|19,2|22,29|6,26|
#setting_targetting_pos=9,30|12,1|15,30|5,30|2,1|29,2|25,1|19,30|22,1|-1,-1|
ddRRLrLRd.
#000000000000000
#assigned_pet=-1,-1,-1,-1,-1,-1,-1,-1,-1,-1,
#assigned_hub=0,0,0,0,0,0,0,0,0,2,
#moving_targetting_pos=9,2|12,29|15,1|5,1|2,29|29,30|25,30|19,2|22,29|6,26|
#setting_targetting_pos=9,30|12,1|15,30|5,30|2,1|29,2|25,1|19,30|22,1|-1,-1|
RuuRdudDL.
#000000000000000
#assigned_pet=-1,-1,-1,-1,-1,-1,-1,-1,-1,-1,
#assigned_hub=0,0,0,0,0,0,0,0,0,2,
#moving_targetting_pos=9,2|12,29|15,1|5,1|2,29|29,30|25,30|19,2|22,29|6,26|
#setting_targetting_pos=9,30|12,1|15,30|5,30|2,1|29,2|25,1|19,30|22,1|-1,-1|
RLRuLLLRL.
#000000000000000
#assigned_pet=-1,-1,-1,-1,-1,-1,-1,-1,-1,-1,
#assigned_hub=0,0,0,0,0,0,0,0,0,2,
#moving_targetting_pos=9,2|12,29|15,1|5,1|2,29|29,30|25,30|19,2|22,29|6,26|
#setting_targetting_pos=9,30|12,1|15,30|5,30|2,1|29,2|25,1|19,30|22,1|-1,-1|
drRRLLuDr.
#000000000000000
#assigned_pet=-1,-1,-1,-1,-1,-1,-1,-1,-1,-1,
#assigned_hub=0,0,0,0,0,0,0,0,0,2,
#moving_targetting_pos=9,2|12,29|15,1|5,1|2,29|29,30|25,30|19,2|22,29|6,26|
#setting_targetting_pos=9,30|12,1|15,30|5,30|2,1|29,2|25,1|19,30|22,1|-1,-1|
RLRdrdLDu.
#000000000000000
#assigned_pet=-1,-1,-1,-1,-1,-1,-1,-1,-1,-1,
#assigned_hub=0,0,0,0,0,0,0,0,0,2,
#moving_targetting_pos=9,2|12,29|15,1|5,1|2,29|29,30|25,30|19,2|22,29|6,26|
#setting_targetting_pos=9,30|12,1|15,30|5,30|2,1|29,2|25,1|19,30|22,1|-1,-1|
RLRR.LLLL.
#000000000000000
#assigned_pet=-1,-1,-1,-1,-1,-1,-1,-1,-1,-1,
#assigned_hub=0,0,0,0,0,0,0,0,0,2,
#moving_targetting_pos=9,2|12,29|15,1|5,1|2,29|29,30|25,30|19,2|22,29|6,26|
#setting_targetting_pos=9,30|12,1|15,30|5,30|2,1|29,2|25,1|19,30|22,1|-1,-1|
ldud.rLDL.
#000000000000000
#assigned_pet=-1,-1,-1,-1,-1,-1,-1,-1,-1,-1,
#assigned_hub=0,0,0,0,0,0,0,0,0,2,
#moving_targetting_pos=9,2|12,29|15,1|5,1|2,29|29,30|25,30|19,2|22,29|6,26|
#setting_targetting_pos=9,30|12,1|15,30|5,30|2,1|29,2|25,1|19,30|22,1|-1,-1|
uLRRuLLDr.
#000000000000000
#assigned_pet=-1,-1,-1,-1,-1,-1,-1,-1,-1,-1,
#assigned_hub=0,0,0,0,0,0,0,0,0,2,
#moving_targetting_pos=9,2|12,29|15,1|5,1|2,29|29,30|25,30|19,2|22,29|6,26|
#setting_targetting_pos=9,30|12,1|15,30|5,30|2,1|29,2|25,1|19,30|22,1|-1,-1|
RLddLuuLd.
#000000000000000
#assigned_pet=-1,-1,-1,-1,-1,-1,-1,-1,-1,-1,
#assigned_hub=0,0,0,0,0,0,0,0,0,2,
#moving_targetting_pos=9,2|12,29|15,1|5,1|2,29|29,30|25,30|19,2|22,29|6,26|
#setting_targetting_pos=9,30|12,1|15,30|5,30|2,1|29,2|25,1|19,30|22,1|-1,-1|
RrRRLLLLL.
#000000000000000
#assigned_pet=-1,-1,-1,-1,-1,-1,-1,-1,-1,-1,
#assigned_hub=0,0,0,0,0,0,0,0,0,2,
#moving_targetting_pos=9,2|12,29|15,1|5,1|2,29|29,30|25,30|19,2|22,29|6,26|
#setting_targetting_pos=9,30|12,1|15,30|5,30|2,1|29,2|25,1|19,30|22,1|-1,-1|
duddrLdDL.
#000000000000000
#assigned_pet=-1,-1,-1,-1,-1,-1,-1,-1,-1,-1,
#assigned_hub=0,0,0,0,0,0,0,0,0,2,
#moving_targetting_pos=9,2|12,29|15,1|5,1|2,29|29,30|25,30|19,2|22,29|6,26|
#setting_targetting_pos=9,30|12,1|15,30|5,30|2,1|29,2|25,1|19,30|22,1|-1,-1|
RLRR.rLDL.
#000000000000000
#assigned_pet=-1,-1,-1,-1,-1,-1,-1,-1,-1,-1,
#assigned_hub=0,0,0,0,0,0,0,0,0,2,
#moving_targetting_pos=9,2|12,29|15,1|5,1|2,29|29,30|25,30|19,2|22,29|6,26|
#setting_targetting_pos=9,30|12,1|15,30|5,30|2,1|29,2|25,1|19,30|22,1|-1,-1|
lLddddddu.
#000000000000000
#assigned_pet=-1,-1,-1,-1,-1,-1,-1,-1,-1,-1,
#assigned_hub=0,0,0,0,0,0,0,0,0,2,
#moving_targetting_pos=9,2|12,29|15,1|5,1|2,29|29,30|25,30|19,2|22,29|6,26|
#setting_targetting_pos=9,30|12,1|15,30|5,30|2,1|29,2|25,1|19,30|22,1|-1,-1|
RrRRLLLR..
#000000000000000
#assigned_pet=-1,-1,-1,-1,-1,-1,-1,-1,-1,-1,
#assigned_hub=0,0,0,0,0,0,0,0,0,2,
#moving_targetting_pos=9,2|12,29|15,1|5,1|2,29|29,30|25,30|19,2|22,29|6,26|
#setting_targetting_pos=9,30|12,1|15,30|5,30|2,1|29,2|25,1|19,30|22,1|-1,-1|
.dduLLdR..
#000000000000000
#assigned_pet=-1,-1,-1,-1,-1,-1,-1,-1,-1,-1,
#assigned_hub=0,0,0,0,0,0,0,0,0,2,
#moving_targetting_pos=9,2|12,29|15,1|5,1|2,29|29,30|25,30|19,2|22,29|6,26|
#setting_targetting_pos=9,30|12,1|15,30|5,30|2,1|29,2|25,1|19,30|22,1|-1,-1|
.LRRLdLl..
#000000000000000
#assigned_pet=-1,-1,-1,-1,-1,-1,-1,-1,-1,-1,
#assigned_hub=0,0,0,0,0,0,0,0,0,2,
#moving_targetting_pos=9,2|12,29|15,1|5,1|2,29|29,30|25,30|19,2|22,29|6,26|
#setting_targetting_pos=9,30|12,1|15,30|5,30|2,1|29,2|25,1|19,30|22,1|-1,-1|
.LdRdLdu..
#000000000000000
#assigned_pet=-1,-1,-1,-1,-1,-1,-1,-1,-1,-1,
#assigned_hub=0,0,0,0,0,0,0,0,0,2,
#moving_targetting_pos=9,2|12,29|15,1|5,1|2,29|29,30|25,30|19,2|22,29|6,26|
#setting_targetting_pos=9,30|12,1|15,30|5,30|2,1|29,2|25,1|19,30|22,1|-1,-1|
uLRRuLLRd.
#000000000000000
#assigned_pet=-1,-1,-1,-1,-1,-1,-1,-1,-1,-1,
#assigned_hub=0,0,0,0,0,0,0,0,0,2,
#moving_targetting_pos=9,2|12,29|15,1|5,1|2,29|29,30|25,30|19,2|22,29|6,26|
#setting_targetting_pos=9,30|12,1|15,30|5,30|2,1|29,2|25,1|19,30|22,1|-1,-1|
RduRLr.RL.
#000000000000000
#assigned_pet=-1,-1,-1,-1,-1,-1,-1,-1,-1,-1,
#assigned_hub=0,0,0,0,0,0,0,0,0,2,
#moving_targetting_pos=9,2|12,29|15,1|5,1|2,29|29,30|25,30|19,2|22,29|6,26|
#setting_targetting_pos=9,30|12,1|15,30|5,30|2,1|29,2|25,1|19,30|22,1|-1,-1|
R.Ruru.d..
#000000000000000
#assigned_pet=-1,-1,-1,-1,-1,-1,-1,-1,-1,-1,
#assigned_hub=0,0,0,0,0,0,0,0,0,2,
#moving_targetting_pos=9,2|12,29|15,1|5,1|2,29|29,30|25,30|19,2|22,29|6,26|
#setting_targetting_pos=9,30|12,1|15,30|5,30|2,1|29,2|25,1|19,30|22,1|-1,-1|
l.RRLL.Rr.
#000000000000000
#assigned_pet=-1,-1,-1,-1,-1,-1,-1,-1,-1,-1,
#assigned_hub=0,0,0,0,0,0,0,0,0,2,
#moving_targetting_pos=9,2|12,29|15,1|5,1|2,29|29,30|25,30|19,2|22,29|6,26|
#setting_targetting_pos=9,30|12,1|15,30|5,30|2,1|29,2|25,1|19,30|22,1|-1,-1|
..RdLL.lL.
#000000000000000
#assigned_pet=-1,-1,-1,-1,-1,-1,-1,-1,-1,-1,
#assigned_hub=0,0,0,0,0,0,0,0,0,2,
#moving_targetting_pos=9,2|12,29|15,1|5,1|2,29|29,30|25,30|19,2|22,29|6,26|
#setting_targetting_pos=9,30|12,1|15,30|5,30|2,1|29,2|25,1|19,30|22,1|-1,-1|
duRRdddRL.
#000000000000000
#assigned_pet=-1,-1,-1,-1,-1,-1,-1,-1,-1,-1,
#assigned_hub=0,0,0,0,0,0,0,0,0,2,
#moving_targetting_pos=9,2|12,29|15,1|5,1|2,29|29,30|25,30|19,2|22,29|6,26|
#setting_targetting_pos=9,30|12,1|15,30|5,30|2,1|29,2|25,1|19,30|22,1|-1,-1|
RLudLLLud.
#000000000000000
#assigned_pet=-1,-1,-1,-1,-1,-1,-1,-1,-1,-1,
#assigned_hub=0,0,0,0,0,0,0,0,0,2,
#moving_targetting_pos=9,2|12,29|15,1|5,1|2,29|29,30|25,30|19,2|22,29|6,26|
#setting_targetting_pos=9,30|12,1|15,30|5,30|2,1|29,2|25,1|19,30|22,1|-1,-1|
RrRRLruRL.
#000000000000000
#assigned_pet=-1,-1,-1,-1,-1,-1,-1,-1,-1,-1,
#assigned_hub=0,0,0,0,0,0,0,0,0,2,
#moving_targetting_pos=9,2|12,29|15,1|5,1|2,29|29,30|25,30|19,2|22,29|6,26|
#setting_targetting_pos=9,30|12,1|15,30|5,30|2,1|29,2|25,1|19,30|22,1|-1,-1|
dLddrLLRL.
#000000000000000
#assigned_pet=-1,-1,-1,-1,-1,-1,-1,-1,-1,-1,
#assigned_hub=0,0,0,0,0,0,0,0,0,2,
#moving_targetting_pos=9,2|12,29|15,1|5,1|2,29|29,30|25,30|19,2|22,29|6,26|
#setting_targetting_pos=9,30|12,1|15,30|5,30|2,1|29,2|25,1|19,30|22,1|-1,-1|
RLRRuuLlr.
#000000000000000
#assigned_pet=-1,-1,-1,-1,-1,-1,-1,-1,-1,-1,
#assigned_hub=0,0,0,0,0,0,0,0,0,2,
#moving_targetting_pos=9,2|12,29|15,1|5,1|2,29|29,30|25,30|19,2|22,29|6,26|
#setting_targetting_pos=9,30|12,1|15,30|5,30|2,1|29,2|25,1|19,30|22,1|-1,-1|
RdddLLLdu.
#000000000000000
#assigned_pet=-1,-1,-1,-1,-1,-1,-1,-1,-1,-1,
#assigned_hub=0,0,0,0,0,0,0,0,0,2,
#moving_targetting_pos=9,2|12,29|15,1|5,1|2,29|29,30|25,30|19,2|22,29|6,26|
#setting_targetting_pos=9,30|12,1|15,30|5,30|2,1|29,2|25,1|19,30|22,1|-1,-1|
lLRRLLLRL.
#000000000000000
#assigned_pet=-1,-1,-1,-1,-1,-1,-1,-1,-1,-1,
#assigned_hub=0,0,0,0,0,0,0,0,0,2,
#moving_targetting_pos=9,2|12,29|15,1|5,1|2,29|29,30|25,30|19,2|22,29|6,26|
#setting_targetting_pos=9,30|12,1|15,30|5,30|2,1|29,2|25,1|19,30|22,1|-1,-1|
.LddrruRL.
#000000000000000
#assigned_pet=-1,-1,-1,-1,-1,-1,-1,-1,-1,-1,
#assigned_hub=0,0,0,0,0,0,0,0,0,2,
#moving_targetting_pos=9,2|12,29|15,1|5,1|2,29|29,30|25,30|19,2|22,29|6,26|
#setting_targetting_pos=9,30|12,1|15,30|5,30|2,1|29,2|25,1|19,30|22,1|-1,-1|
.rRRddLdr.
#000000000000000
#assigned_pet=-1,-1,-1,-1,-1,-1,-1,-1,-1,-1,
#assigned_hub=0,0,0,0,0,0,0,0,0,2,
#moving_targetting_pos=9,2|12,29|15,1|5,1|2,29|29,30|25,30|19,2|22,29|6,26|
#setting_targetting_pos=9,30|12,1|15,30|5,30|2,1|29,2|25,1|19,30|22,1|-1,-1|
.uduLL.Rd.
#000000000000000
#assigned_pet=-1,-1,-1,-1,-1,-1,-1,-1,-1,-1,
#assigned_hub=0,0,0,0,0,0,0,0,0,2,
#moving_targetting_pos=9,2|12,29|15,1|5,1|2,29|29,30|25,30|19,2|22,29|6,26|
#setting_targetting_pos=9,30|12,1|15,30|5,30|2,1|29,2|25,1|19,30|22,1|-1,-1|
.LRRLLdRL.
#000000000000000
#assigned_pet=-1,-1,-1,-1,-1,-1,-1,-1,-1,-1,
#assigned_hub=0,0,0,0,0,0,0,0,0,2,
#moving_targetting_pos=9,2|12,29|15,1|5,1|2,29|29,30|25,30|19,2|22,29|6,26|
#setting_targetting_pos=9,30|12,1|15,30|5,30|2,1|29,2|25,1|19,30|22,1|-1,-1|
.LdRLdLuL.
#000000000000000
#assigned_pet=-1,-1,-1,-1,-1,-1,-1,-1,-1,-1,
#assigned_hub=0,0,0,0,0,0,0,0,0,2,
#moving_targetting_pos=9,2|12,29|15,1|5,1|2,29|29,30|25,30|19,2|22,29|6,26|
#setting_targetting_pos=9,30|12,1|15,30|5,30|2,1|29,2|25,1|19,30|22,1|-1,-1|
..RRdLdlL.
#000000000000000
#assigned_pet=-1,-1,-1,-1,-1,-1,-1,-1,-1,-1,
#assigned_hub=0,0,0,0,0,0,0,0,0,2,
#moving_targetting_pos=9,2|12,29|15,1|5,1|2,29|29,30|25,30|19,2|22,29|6,26|
#setting_targetting_pos=9,30|12,1|15,30|5,30|2,1|29,2|25,1|19,30|22,1|-1,-1|
.duRuLLRd.
#000000000000000
#assigned_pet=-1,-1,-1,-1,-1,-1,-1,-1,-1,-1,
#assigned_hub=0,0,0,0,0,0,0,0,0,2,
#moving_targetting_pos=9,2|12,29|15,1|5,1|2,29|29,30|25,30|19,2|22,29|6,26|
#setting_targetting_pos=9,30|12,1|15,30|5,30|2,1|29,2|25,1|19,30|22,1|-1,-1|
.rRuLrdR..
#000000000000000
#assigned_pet=-1,-1,-1,-1,-1,-1,-1,-1,-1,-1,
#assigned_hub=0,0,0,0,0,0,0,0,0,2,
#moving_targetting_pos=9,2|12,29|15,1|5,1|2,29|29,30|25,30|19,2|22,29|6,26|
#setting_targetting_pos=9,30|12,1|15,30|5,30|2,1|29,2|25,1|19,30|22,1|-1,-1|
.LRRruLd..
#000000000000000
#assigned_pet=-1,-1,-1,-1,-1,-1,-1,-1,-1,-1,
#assigned_hub=0,0,0,0,0,0,0,0,0,2,
#moving_targetting_pos=9,2|12,29|15,1|5,1|2,29|29,30|25,30|19,2|22,29|6,26|
#setting_targetting_pos=9,30|12,1|15,30|5,30|2,1|29,2|25,1|19,30|22,1|-1,-1|
.LRdLLdRu.
#000000000000000
#assigned_pet=-1,-1,-1,-1,-1,-1,-1,-1,-1,-1,
#assigned_hub=0,0,0,0,0,0,0,0,0,2,
#moving_targetting_pos=9,2|12,29|15,1|5,1|2,29|29,30|25,30|19,2|22,29|6,26|
#setting_targetting_pos=9,30|12,1|15,30|5,30|2,1|29,2|25,1|19,30|22,1|-1,-1|
.LRRLLLlL.
#000000000000000
#assigned_pet=-1,-1,-1,-1,-1,-1,-1,-1,-1,-1,
#assigned_hub=0,0,0,0,0,0,0,0,0,2,
#moving_targetting_pos=9,2|12,29|15,1|5,1|2,29|29,30|25,30|19,2|22,29|6,26|
#setting_targetting_pos=9,30|12,1|15,30|5,30|2,1|29,2|25,1|19,30|22,1|-1,-1|
.duddddRr.
#000000000000000
#assigned_pet=-1,-1,-1,-1,-1,-1,-1,-1,-1,-1,
#assigned_hub=0,0,0,5,0,0,0,0,0,2,
#moving_targetting_pos=9,2|12,29|15,1|16,26|2,29|29,30|25,30|19,2|22,29|6,26|
#setting_targetting_pos=9,30|12,1|15,30|5,30|2,1|29,2|25,1|19,30|22,1|-1,-1|
.uRLLLLuL.
#000000000000000
#assigned_pet=-1,-1,-1,-1,-1,-1,-1,-1,-1,-1,
#assigned_hub=0,0,0,5,0,0,0,0,0,2,
#moving_targetting_pos=9,2|12,29|15,1|16,26|2,29|29,30|25,30|19,2|22,29|6,26|
#setting_targetting_pos=9,30|12,1|15,30|-1,-1|2,1|29,2|25,1|19,30|22,1|-1,-1|
.L.LLruRL.
#000000000000000
#assigned_pet=-1,-1,-1,-1,-1,-1,-1,-1,-1,-1,
#assigned_hub=0,0,0,1,0,0,0,0,0,2,
#moving_targetting_pos=9,2|12,29|15,1|6,16|2,29|29,30|25,30|19,2|22,29|6,26|
#setting_targetting_pos=9,30|12,1|15,30|-1,-1|2,1|29,2|25,1|19,30|22,1|-1,-1|
.r.LrLLRd.
#000000000000000
#assigned_pet=-1,-1,-1,-1,-1,-1,-1,-1,-1,-1,
#assigned_hub=0,0,0,1,0,0,0,0,0,2,
#moving_targetting_pos=9,2|12,29|15,1|6,16|2,29|29,30|25,30|19,2|22,29|6,26|
#setting_targetting_pos=9,30|12,1|15,30|-1,-1|2,1|29,2|25,1|19,30|22,1|-1,-1|
.L.LuuL.L.
#000000000000000
#assigned_pet=-1,-1,-1,-1,-1,-1,-1,-1,-1,-1,
#assigned_hub=0,0,0,1,0,0,0,0,0,2,
#moving_targetting_pos=9,2|12,29|15,1|6,16|6,6|29,30|25,30|19,2|22,29|6,26|
#setting_targetting_pos=9,30|12,1|15,30|-1,-1|2,1|29,2|25,1|19,30|22,1|-1,-1|
.L.LDLLlL.
#000000000000000
#assigned_pet=-1,-1,-1,-1,-1,-1,-1,-1,-1,-1,
#assigned_hub=0,0,0,1,0,0,0,0,0,2,
#moving_targetting_pos=9,2|12,29|15,1|6,16|6,6|29,30|25,30|19,2|22,29|6,26|
#setting_targetting_pos=9,30|12,1|15,30|-1,-1|-1,-1|29,2|25,1|19,30|22,1|-1,-1|
.d.LRLLdr.
#000000000000000
#assigned_pet=-1,-1,-1,-1,-1,-1,-1,-1,-1,-1,
#assigned_hub=0,0,0,1,0,0,0,0,0,2,
#moving_targetting_pos=9,2|12,29|15,1|6,16|6,6|29,30|25,30|19,2|22,29|6,26|
#setting_targetting_pos=9,30|12,1|15,30|-1,-1|-1,-1|29,2|25,1|19,30|22,1|-1,-1|
.L.LDruRu.
#000000000000000
#assigned_pet=-1,-1,-1,-1,-1,-1,-1,-1,-1,-1,
#assigned_hub=0,0,0,1,0,0,0,0,6,2,
#moving_targetting_pos=9,2|12,29|15,1|6,16|6,6|29,30|25,30|19,2|26,6|6,26|
#setting_targetting_pos=9,30|12,1|15,30|-1,-1|-1,-1|29,2|25,1|19,30|22,1|-1,-1|
.L.LRdLRD.
#000000000000000
#assigned_pet=-1,-1,-1,-1,-1,-1,-1,-1,-1,-1,
#assigned_hub=0,0,0,1,0,3,0,0,6,2,
#moving_targetting_pos=9,2|12,29|15,1|6,16|6,6|16,6|25,30|19,2|26,6|6,26|
#setting_targetting_pos=9,30|12,1|15,30|-1,-1|-1,-1|29,2|25,1|19,30|-1,-1|-1,-1|
.r.LDUd.R.
#000000000000000
#assigned_pet=-1,-1,-1,-1,-1,-1,-1,-1,-1,-1,
#assigned_hub=0,0,0,1,0,3,0,0,6,2,
#moving_targetting_pos=9,2|12,29|15,1|6,16|6,6|16,6|25,30|19,2|26,6|6,26|
#setting_targetting_pos=9,30|12,1|15,30|-1,-1|-1,-1|-1,-1|25,1|19,30|-1,-1|-1,-1|
.udLRRL.D.
#000000000000000
#assigned_pet=-1,-1,-1,-1,-1,-1,-1,-1,-1,-1,
#assigned_hub=0,4,0,1,0,3,0,0,6,2,
#moving_targetting_pos=9,2|16,16|15,1|6,16|6,6|16,6|25,30|19,2|26,6|6,26|
#setting_targetting_pos=9,30|12,1|15,30|-1,-1|-1,-1|-1,-1|25,1|19,30|-1,-1|-1,-1|
.DRLRUddR.
#000000000000000
#assigned_pet=-1,-1,-1,-1,11,-1,-1,-1,-1,-1,
#assigned_hub=0,4,0,1,0,3,0,0,6,2,
#moving_targetting_pos=9,2|16,16|15,1|6,16|-1,-1|16,6|25,30|19,2|26,6|6,26|
#setting_targetting_pos=9,30|-1,-1|15,30|-1,-1|4,7|-1,-1|25,1|19,30|-1,-1|-1,-1|
.RdLRRLRD.
#000000000000000
#assigned_pet=-1,-1,-1,-1,11,-1,-1,-1,-1,-1,
#assigned_hub=0,4,5,1,0,3,0,0,6,2,
#moving_targetting_pos=9,2|16,16|16,26|6,16|-1,-1|16,6|25,30|19,2|26,6|6,26|
#setting_targetting_pos=9,30|-1,-1|15,30|-1,-1|4,7|-1,-1|25,1|19,30|-1,-1|-1,-1|
.DLLRRdRR.
#000000000001000
#assigned_pet=-1,-1,-1,3,11,-1,-1,-1,-1,-1,
#assigned_hub=0,4,5,1,0,3,7,0,6,2,
#moving_targetting_pos=9,2|16,16|16,26|-1,-1|-1,-1|16,6|26,16|19,2|26,6|6,26|
#setting_targetting_pos=9,30|-1,-1|-1,-1|4,15|4,7|-1,-1|25,1|19,30|-1,-1|-1,-1|
.RLLuURlR.
#000000000001000
#assigned_pet=-1,-1,-1,3,-1,-1,-1,-1,10,-1,
#assigned_hub=0,4,5,1,0,3,7,0,6,2,
#moving_targetting_pos=9,2|16,16|16,26|-1,-1|-1,-1|16,6|26,16|19,2|-1,-1|6,26|
#setting_targetting_pos=9,30|-1,-1|-1,-1|4,15|-1,-1|-1,-1|-1,-1|19,30|25,4|-1,-1|
.DLL.URu..
#000100000001000
#assigned_pet=-1,-1,-1,3,-1,-1,-1,-1,10,-1,
#assigned_hub=0,4,5,1,0,3,7,0,6,2,
#moving_targetting_pos=9,2|16,16|-1,-1|-1,-1|-1,-1|16,6|26,16|19,2|-1,-1|6,26|
#setting_targetting_pos=9,30|-1,-1|-1,-1|4,15|-1,-1|-1,-1|-1,-1|19,30|25,4|-1,-1|
.R.u.URR..
#000100000001000
#assigned_pet=-1,-1,-1,-1,-1,-1,-1,-1,10,-1,
#assigned_hub=0,4,5,1,0,3,7,0,6,2,
#moving_targetting_pos=9,2|16,16|-1,-1|-1,-1|-1,-1|16,6|26,16|19,2|-1,-1|6,26|
#setting_targetting_pos=9,30|-1,-1|-1,-1|-1,-1|-1,-1|-1,-1|-1,-1|19,30|25,4|-1,-1|
.R...URR..
#000100000001000
#assigned_pet=-1,-1,-1,-1,-1,-1,-1,-1,10,-1,
#assigned_hub=0,4,5,1,0,3,7,0,6,2,
#moving_targetting_pos=9,2|16,16|-1,-1|-1,-1|-1,-1|16,6|26,16|19,2|-1,-1|6,26|
#setting_targetting_pos=9,30|-1,-1|-1,-1|-1,-1|-1,-1|-1,-1|-1,-1|19,30|25,4|-1,-1|
.R...URd..
#000100000001000
#assigned_pet=-1,-1,-1,0,0,-1,-1,-1,10,-1,
#assigned_hub=0,4,5,1,0,3,7,0,6,2,
#moving_targetting_pos=9,2|16,16|-1,-1|-1,-1|-1,-1|16,6|26,16|19,2|-1,-1|6,26|
#setting_targetting_pos=9,30|-1,-1|-1,-1|7,14|7,8|-1,-1|-1,-1|19,30|25,4|-1,-1|
.R.LRURR..
#000100000001000
#assigned_pet=-1,-1,-1,-1,-1,-1,-1,-1,10,-1,
#assigned_hub=0,4,5,1,0,3,7,0,6,2,
#moving_targetting_pos=9,2|16,16|-1,-1|-1,-1|-1,-1|16,6|26,16|19,2|-1,-1|6,26|
#setting_targetting_pos=9,30|-1,-1|-1,-1|-1,-1|-1,-1|-1,-1|-1,-1|19,30|25,4|-1,-1|
.R...URl..
#000100000001000
#assigned_pet=-1,-1,-1,-1,-1,-1,-1,-1,-1,-1,
#assigned_hub=0,4,5,1,0,3,7,0,6,2,
#moving_targetting_pos=9,2|16,16|-1,-1|-1,-1|-1,-1|16,6|26,16|19,2|-1,-1|6,26|
#setting_targetting_pos=9,30|-1,-1|-1,-1|-1,-1|-1,-1|-1,-1|-1,-1|19,30|-1,-1|-1,-1|
.R...URR..
#000100000001000
#assigned_pet=-1,-1,-1,-1,-1,-1,-1,-1,-1,-1,
#assigned_hub=0,4,5,1,0,3,7,0,6,2,
#moving_targetting_pos=9,2|16,16|-1,-1|-1,-1|-1,-1|16,6|26,16|19,2|-1,-1|6,26|
#setting_targetting_pos=9,30|-1,-1|-1,-1|-1,-1|-1,-1|-1,-1|-1,-1|19,30|-1,-1|-1,-1|
.R...URu..
#000100000001000
#assigned_pet=-1,-1,14,-1,-1,-1,-1,-1,-1,-1,
#assigned_hub=0,4,5,1,0,3,8,0,6,2,
#moving_targetting_pos=9,2|16,16|-1,-1|-1,-1|-1,-1|16,6|26,26|19,2|-1,-1|6,26|
#setting_targetting_pos=9,30|-1,-1|15,28|-1,-1|-1,-1|-1,-1|-1,-1|19,30|-1,-1|-1,-1|
.R...RRR..
#000100000001000
#assigned_pet=-1,-1,-1,-1,12,12,-1,-1,-1,-1,
#assigned_hub=0,4,5,1,0,3,8,0,6,2,
#moving_targetting_pos=9,2|16,16|-1,-1|-1,-1|-1,-1|-1,-1|26,26|19,2|-1,-1|6,26|
#setting_targetting_pos=9,30|-1,-1|-1,-1|-1,-1|8,7|14,7|-1,-1|19,30|-1,-1|-1,-1|
.R..LRRR..
#000100000001000
#assigned_pet=-1,-1,-1,0,0,-1,-1,-1,-1,-1,
#assigned_hub=0,4,5,1,0,3,8,0,6,2,
#moving_targetting_pos=9,2|16,16|-1,-1|-1,-1|-1,-1|-1,-1|26,26|19,2|-1,-1|6,26|
#setting_targetting_pos=9,30|-1,-1|-1,-1|7,14|7,8|-1,-1|-1,-1|19,30|-1,-1|-1,-1|
.R.DR.Rl..
#000100000001000
#assigned_pet=-1,-1,-1,0,0,-1,-1,-1,-1,-1,
#assigned_hub=0,4,5,1,0,3,8,0,6,2,
#moving_targetting_pos=9,2|16,16|-1,-1|-1,-1|-1,-1|-1,-1|26,26|19,2|-1,-1|6,26|
#setting_targetting_pos=9,30|-1,-1|-1,-1|7,14|7,8|-1,-1|-1,-1|19,30|-1,-1|-1,-1|
.R..D.Rd..
#100100000001000
#assigned_pet=-1,-1,14,0,0,10,-1,-1,10,-1,
#assigned_hub=0,4,5,1,0,3,8,0,6,2,
#moving_targetting_pos=9,2|16,16|-1,-1|-1,-1|-1,-1|-1,-1|26,26|19,2|-1,-1|6,26|
#setting_targetting_pos=9,30|-1,-1|15,28|7,14|7,8|18,7|-1,-1|19,30|24,7|-1,-1|
.R.ddLR.R.
#100100000001000
#assigned_pet=-1,6,-1,6,-1,10,-1,-1,10,-1,
#assigned_hub=0,4,5,1,0,3,8,0,6,2,
#moving_targetting_pos=9,2|-1,-1|-1,-1|-1,-1|-1,-1|-1,-1|26,26|19,2|-1,-1|6,26|
#setting_targetting_pos=9,30|14,15|-1,-1|8,15|-1,-1|18,7|-1,-1|19,30|24,7|-1,-1|
...R..R.R.
#100100000011000
#assigned_pet=-1,6,-1,6,-1,10,-1,-1,10,-1,
#assigned_hub=0,4,5,1,0,3,8,0,6,2,
#moving_targetting_pos=9,2|-1,-1|-1,-1|-1,-1|6,6|-1,-1|26,26|19,2|-1,-1|6,26|
#setting_targetting_pos=9,30|14,15|-1,-1|8,15|-1,-1|18,7|-1,-1|19,30|24,7|-1,-1|
...D.rR.u.
#100100000011000
#assigned_pet=-1,6,-1,6,-1,-1,-1,-1,-1,-1,
#assigned_hub=0,4,5,1,0,3,8,0,6,2,
#moving_targetting_pos=9,2|-1,-1|-1,-1|-1,-1|6,6|-1,-1|26,26|19,2|-1,-1|6,26|
#setting_targetting_pos=9,30|14,15|-1,-1|8,15|-1,-1|-1,-1|-1,-1|19,30|-1,-1|-1,-1|
......R...
#100100000011000
#assigned_pet=-1,6,-1,6,-1,1,-1,-1,1,-1,
#assigned_hub=0,4,5,1,0,3,8,0,6,2,
#moving_targetting_pos=9,2|-1,-1|-1,-1|-1,-1|6,6|-1,-1|26,26|19,2|-1,-1|6,26|
#setting_targetting_pos=9,30|14,15|-1,-1|8,15|-1,-1|18,5|-1,-1|19,30|24,5|-1,-1|
......R.L.
#100100100011000
#assigned_pet=-1,6,-1,6,-1,1,-1,-1,1,-1,
#assigned_hub=0,4,5,1,0,3,8,0,6,2,
#moving_targetting_pos=9,2|-1,-1|-1,-1|-1,-1|-1,-1|-1,-1|26,26|19,2|-1,-1|6,26|
#setting_targetting_pos=9,30|14,15|-1,-1|8,15|-1,-1|18,5|-1,-1|19,30|24,5|-1,-1|
.u.d..R.L.
#110100100011000
#assigned_pet=-1,-1,-1,-1,-1,1,-1,-1,1,-1,
#assigned_hub=0,4,5,1,0,3,8,0,6,2,
#moving_targetting_pos=9,2|-1,-1|-1,-1|-1,-1|6,6|-1,-1|26,26|19,2|-1,-1|6,26|
#setting_targetting_pos=9,30|-1,-1|-1,-1|-1,-1|-1,-1|18,5|-1,-1|19,30|24,5|-1,-1|
.....lR.u.
#110100100011000
#assigned_pet=-1,2,-1,-1,-1,2,-1,-1,-1,-1,
#assigned_hub=0,4,5,1,0,3,8,0,6,2,
#moving_targetting_pos=9,2|-1,-1|-1,-1|-1,-1|-1,-1|-1,-1|26,26|19,2|26,6|6,26|
#setting_targetting_pos=9,30|17,14|-1,-1|-1,-1|-1,-1|17,8|-1,-1|19,30|-1,-1|-1,-1|
.L...UR...
#110100100011000
#assigned_pet=-1,2,-1,-1,-1,2,-1,-1,-1,-1,
#assigned_hub=0,4,5,1,0,3,8,0,6,2,
#moving_targetting_pos=9,2|-1,-1|-1,-1|-1,-1|6,6|-1,-1|26,26|19,2|26,6|6,26|
#setting_targetting_pos=9,30|17,14|-1,-1|-1,-1|-1,-1|17,8|-1,-1|19,30|-1,-1|-1,-1|
.D...RR...
#110100100011000
#assigned_pet=-1,2,-1,-1,-1,2,-1,-1,-1,-1,
#assigned_hub=0,4,5,1,0,3,8,0,6,2,
#moving_targetting_pos=9,2|-1,-1|-1,-1|-1,-1|6,6|-1,-1|26,26|19,2|26,6|6,26|
#setting_targetting_pos=9,30|17,14|-1,-1|-1,-1|-1,-1|17,8|-1,-1|19,30|-1,-1|-1,-1|
......R...
#111100100011100
#assigned_pet=-1,2,-1,-1,-1,2,-1,-1,-1,-1,
#assigned_hub=0,4,5,1,0,3,8,0,6,2,
#moving_targetting_pos=9,2|-1,-1|-1,-1|-1,-1|6,6|-1,-1|26,26|19,2|26,6|6,26|
#setting_targetting_pos=9,30|17,14|-1,-1|-1,-1|-1,-1|17,8|-1,-1|19,30|-1,-1|-1,-1|
.d...rR...
#111100100011100
#assigned_pet=-1,13,4,13,-1,-1,4,-1,-1,-1,
#assigned_hub=0,4,5,1,0,3,8,0,6,2,
#moving_targetting_pos=9,2|-1,-1|-1,-1|-1,-1|6,6|16,6|-1,-1|19,2|26,6|6,26|
#setting_targetting_pos=9,30|14,17|18,27|8,17|-1,-1|-1,-1|24,27|19,30|-1,-1|-1,-1|
.RDR..R...
#111100100011100
#assigned_pet=-1,13,4,13,-1,-1,4,-1,-1,-1,
#assigned_hub=0,4,5,1,7,3,8,0,6,2,
#moving_targetting_pos=9,2|-1,-1|-1,-1|-1,-1|26,16|16,6|-1,-1|19,2|26,6|6,26|
#setting_targetting_pos=9,30|14,17|18,27|8,17|-1,-1|-1,-1|24,27|19,30|-1,-1|-1,-1|
.RDRL.R...
#111110100011100
#assigned_pet=-1,13,4,13,-1,-1,4,-1,-1,-1,
#assigned_hub=0,4,5,1,7,3,8,0,6,2,
#moving_targetting_pos=9,2|-1,-1|-1,-1|-1,-1|26,16|16,6|-1,-1|19,2|26,6|6,26|
#setting_targetting_pos=9,30|14,17|18,27|8,17|-1,-1|-1,-1|24,27|19,30|-1,-1|-1,-1|
.Rd.D.u...
#111110100011100
#assigned_pet=-1,-1,14,-1,-1,-1,14,-1,-1,-1,
#assigned_hub=0,4,5,1,0,7,8,0,6,2,
#moving_targetting_pos=9,2|-1,-1|-1,-1|-1,-1|6,6|26,16|-1,-1|19,2|26,6|6,26|
#setting_targetting_pos=9,30|-1,-1|18,25|-1,-1|-1,-1|-1,-1|24,25|19,30|-1,-1|-1,-1|
..L..UL...
#111110100011100
#assigned_pet=-1,-1,14,-1,-1,-1,14,-1,-1,-1,
#assigned_hub=0,4,5,1,0,7,8,0,6,2,
#moving_targetting_pos=9,2|-1,-1|-1,-1|-1,-1|6,6|26,16|-1,-1|19,2|26,6|6,26|
#setting_targetting_pos=9,30|-1,-1|18,25|-1,-1|-1,-1|-1,-1|24,25|19,30|-1,-1|-1,-1|
..L..RL...
#111110100011100
#assigned_pet=-1,-1,14,-1,-1,-1,14,-1,-1,-1,
#assigned_hub=0,4,5,1,0,7,8,0,6,2,
#moving_targetting_pos=9,2|-1,-1|-1,-1|-1,-1|6,6|26,16|-1,-1|19,2|26,6|6,26|
#setting_targetting_pos=9,30|-1,-1|18,25|-1,-1|-1,-1|-1,-1|24,25|19,30|-1,-1|-1,-1|
.....U....
#111110100011101
#assigned_pet=-1,-1,14,-1,-1,-1,14,-1,-1,-1,
#assigned_hub=0,4,5,1,0,7,8,0,6,2,
#moving_targetting_pos=9,2|-1,-1|-1,-1|-1,-1|6,6|26,16|-1,-1|19,2|26,6|6,26|
#setting_targetting_pos=9,30|-1,-1|18,25|-1,-1|-1,-1|-1,-1|24,25|19,30|-1,-1|-1,-1|
..d..Ru...
#111110100011101
#assigned_pet=-1,-1,-1,-1,-1,-1,-1,-1,-1,-1,
#assigned_hub=0,4,5,1,0,7,8,0,6,2,
#moving_targetting_pos=9,2|-1,-1|-1,-1|-1,-1|6,6|26,16|-1,-1|19,2|26,6|6,26|
#setting_targetting_pos=9,30|-1,-1|-1,-1|-1,-1|-1,-1|-1,-1|-1,-1|19,30|-1,-1|-1,-1|
.....R....
#111110100011101
#assigned_pet=-1,-1,-1,-1,-1,-1,-1,-1,-1,-1,
#assigned_hub=0,4,5,1,0,7,8,0,6,2,
#moving_targetting_pos=9,2|-1,-1|-1,-1|-1,-1|6,6|26,16|-1,-1|19,2|26,6|6,26|
#setting_targetting_pos=9,30|-1,-1|-1,-1|-1,-1|-1,-1|-1,-1|-1,-1|19,30|-1,-1|-1,-1|
.....R....
#111110100011101
#assigned_pet=-1,-1,-1,-1,-1,-1,-1,-1,-1,-1,
#assigned_hub=0,4,5,1,0,7,8,0,6,2,
#moving_targetting_pos=9,2|-1,-1|-1,-1|-1,-1|6,6|26,16|-1,-1|19,2|26,6|6,26|
#setting_targetting_pos=9,30|-1,-1|-1,-1|-1,-1|-1,-1|-1,-1|-1,-1|19,30|-1,-1|-1,-1|
.....R....
#111110100011101
#assigned_pet=-1,-1,-1,-1,-1,-1,-1,-1,-1,-1,
#assigned_hub=0,4,5,1,0,7,8,0,6,2,
#moving_targetting_pos=9,2|-1,-1|-1,-1|-1,-1|6,6|26,16|-1,-1|19,2|26,6|6,26|
#setting_targetting_pos=9,30|-1,-1|-1,-1|-1,-1|-1,-1|-1,-1|-1,-1|19,30|-1,-1|-1,-1|
.....R....
#111110100011101
#assigned_pet=-1,-1,-1,-1,-1,-1,-1,-1,-1,-1,
#assigned_hub=0,4,5,1,0,7,8,0,6,2,
#moving_targetting_pos=9,2|-1,-1|-1,-1|-1,-1|6,6|26,16|-1,-1|19,2|-1,-1|6,26|
#setting_targetting_pos=9,30|-1,-1|-1,-1|-1,-1|-1,-1|-1,-1|-1,-1|19,30|-1,-1|-1,-1|
.....R....
#111110100011101
#assigned_pet=-1,-1,-1,-1,-1,-1,-1,-1,-1,-1,
#assigned_hub=0,4,5,1,0,7,8,0,6,2,
#moving_targetting_pos=9,2|-1,-1|-1,-1|-1,-1|6,6|26,16|-1,-1|19,2|26,6|6,26|
#setting_targetting_pos=9,30|-1,-1|-1,-1|-1,-1|-1,-1|-1,-1|-1,-1|19,30|-1,-1|-1,-1|
.....R....
#111110100011101
#assigned_pet=-1,-1,-1,-1,-1,-1,-1,-1,-1,-1,
#assigned_hub=0,4,5,1,0,7,8,0,6,2,
#moving_targetting_pos=9,2|-1,-1|-1,-1|-1,-1|6,6|26,16|-1,-1|19,2|26,6|6,26|
#setting_targetting_pos=9,30|-1,-1|-1,-1|-1,-1|-1,-1|-1,-1|-1,-1|19,30|-1,-1|-1,-1|
.....D....
#111110100011101
#assigned_pet=-1,-1,-1,-1,-1,-1,-1,-1,-1,-1,
#assigned_hub=0,4,5,1,0,7,8,0,6,2,
#moving_targetting_pos=9,2|-1,-1|-1,-1|-1,-1|6,6|26,16|-1,-1|19,2|-1,-1|6,26|
#setting_targetting_pos=9,30|-1,-1|-1,-1|-1,-1|-1,-1|-1,-1|-1,-1|19,30|-1,-1|-1,-1|
.....D....
#111110100011101
#assigned_pet=-1,-1,-1,-1,-1,-1,-1,-1,-1,-1,
#assigned_hub=0,4,5,1,0,7,8,0,6,2,
#moving_targetting_pos=9,2|-1,-1|-1,-1|-1,-1|6,6|26,16|-1,-1|19,2|-1,-1|6,26|
#setting_targetting_pos=9,30|-1,-1|-1,-1|-1,-1|-1,-1|-1,-1|-1,-1|19,30|-1,-1|-1,-1|
.....D....
#111110100011101
#assigned_pet=-1,-1,-1,-1,-1,-1,-1,-1,-1,-1,
#assigned_hub=0,4,5,1,0,7,8,0,6,2,
#moving_targetting_pos=9,2|-1,-1|-1,-1|-1,-1|6,6|26,16|-1,-1|19,2|26,6|6,26|
#setting_targetting_pos=9,30|-1,-1|-1,-1|-1,-1|-1,-1|-1,-1|-1,-1|19,30|-1,-1|-1,-1|
.....D....
#111110100011101
#assigned_pet=-1,-1,-1,-1,-1,-1,-1,-1,-1,-1,
#assigned_hub=0,4,5,1,0,7,8,0,6,2,
#moving_targetting_pos=9,2|-1,-1|-1,-1|-1,-1|6,6|26,16|-1,-1|19,2|26,6|6,26|
#setting_targetting_pos=9,30|-1,-1|-1,-1|-1,-1|-1,-1|-1,-1|-1,-1|19,30|-1,-1|-1,-1|
.....D....
#111110100011101
#assigned_pet=-1,-1,-1,-1,-1,-1,-1,-1,-1,-1,
#assigned_hub=0,4,5,1,0,7,8,0,6,2,
#moving_targetting_pos=9,2|-1,-1|-1,-1|-1,-1|6,6|26,16|-1,-1|19,2|26,6|6,26|
#setting_targetting_pos=9,30|-1,-1|-1,-1|-1,-1|-1,-1|-1,-1|-1,-1|19,30|-1,-1|-1,-1|
.....D....
#111110100011101
#assigned_pet=-1,-1,-1,-1,-1,-1,-1,-1,-1,-1,
#assigned_hub=0,4,5,1,0,7,8,0,6,2,
#moving_targetting_pos=9,2|-1,-1|-1,-1|-1,-1|6,6|26,16|-1,-1|19,2|26,6|6,26|
#setting_targetting_pos=9,30|-1,-1|-1,-1|-1,-1|-1,-1|-1,-1|-1,-1|19,30|-1,-1|-1,-1|
.....D....
#111110100011101
#assigned_pet=-1,-1,-1,-1,-1,-1,-1,-1,-1,-1,
#assigned_hub=0,4,5,1,0,7,8,0,6,2,
#moving_targetting_pos=9,2|-1,-1|-1,-1|-1,-1|6,6|26,16|-1,-1|19,2|26,6|6,26|
#setting_targetting_pos=9,30|-1,-1|-1,-1|-1,-1|-1,-1|-1,-1|-1,-1|19,30|-1,-1|-1,-1|
.....D....
#111110100011101
#assigned_pet=-1,8,-1,8,-1,-1,-1,-1,-1,-1,
#assigned_hub=0,4,5,1,0,7,8,0,6,2,
#moving_targetting_pos=9,2|-1,-1|-1,-1|-1,-1|6,6|26,16|-1,-1|19,2|26,6|6,26|
#setting_targetting_pos=9,30|14,17|-1,-1|8,17|-1,-1|-1,-1|-1,-1|19,30|-1,-1|-1,-1|
.U...D....
#111110100011101
#assigned_pet=-1,8,-1,8,-1,-1,-1,-1,-1,-1,
#assigned_hub=0,4,5,1,0,7,8,0,6,2,
#moving_targetting_pos=9,2|-1,-1|-1,-1|-1,-1|6,6|26,16|-1,-1|19,2|26,6|6,26|
#setting_targetting_pos=9,30|14,17|-1,-1|8,17|-1,-1|-1,-1|-1,-1|19,30|-1,-1|-1,-1|
.....R....
#111110101111101
#assigned_pet=-1,8,-1,8,-1,-1,-1,-1,-1,-1,
#assigned_hub=0,4,5,1,0,7,8,0,6,2,
#moving_targetting_pos=9,2|-1,-1|-1,-1|-1,-1|6,6|-1,-1|-1,-1|19,2|26,6|6,26|
#setting_targetting_pos=9,30|14,17|-1,-1|8,17|-1,-1|-1,-1|-1,-1|19,30|-1,-1|-1,-1|
.u.d......
#111110101111101
#assigned_pet=-1,-1,-1,-1,-1,-1,-1,-1,-1,-1,
#assigned_hub=0,4,5,1,0,7,8,0,6,2,
#moving_targetting_pos=9,2|-1,-1|-1,-1|6,16|6,6|-1,-1|-1,-1|19,2|-1,-1|6,26|
#setting_targetting_pos=9,30|-1,-1|-1,-1|-1,-1|-1,-1|-1,-1|-1,-1|19,30|-1,-1|-1,-1|
..........
#111110101111101
#assigned_pet=-1,-1,-1,-1,-1,-1,-1,-1,-1,-1,
#assigned_hub=0,4,5,1,0,7,8,0,6,2,
#moving_targetting_pos=9,2|-1,-1|-1,-1|-1,-1|6,6|-1,-1|-1,-1|19,2|26,6|6,26|
#setting_targetting_pos=9,30|-1,-1|-1,-1|-1,-1|-1,-1|-1,-1|-1,-1|19,30|-1,-1|-1,-1|
..........
#111110101111101
#assigned_pet=-1,-1,-1,-1,-1,-1,-1,-1,-1,-1,
#assigned_hub=0,4,5,1,0,7,8,0,6,2,
#moving_targetting_pos=9,2|-1,-1|-1,-1|6,16|6,6|-1,-1|-1,-1|19,2|26,6|6,26|
#setting_targetting_pos=9,30|-1,-1|-1,-1|-1,-1|-1,-1|-1,-1|-1,-1|19,30|-1,-1|-1,-1|
..........
#111110101111101
#assigned_pet=-1,7,7,-1,-1,-1,-1,-1,-1,-1,
#assigned_hub=0,4,5,1,0,7,8,0,6,2,
#moving_targetting_pos=9,2|-1,-1|-1,-1|6,16|6,6|-1,-1|-1,-1|19,2|26,6|6,26|
#setting_targetting_pos=9,30|15,18|15,24|-1,-1|-1,-1|-1,-1|-1,-1|19,30|-1,-1|-1,-1|
..L.......
#111110101111101
#assigned_pet=-1,7,7,-1,-1,13,13,-1,-1,-1,
#assigned_hub=0,4,5,1,0,7,8,0,6,2,
#moving_targetting_pos=9,2|-1,-1|-1,-1|6,16|6,6|-1,-1|-1,-1|19,2|26,6|6,26|
#setting_targetting_pos=9,30|15,18|15,24|-1,-1|-1,-1|25,18|25,24|19,30|-1,-1|-1,-1|
..U..R....
#111110101111101
#assigned_pet=-1,7,7,-1,-1,13,13,-1,-1,-1,
#assigned_hub=0,4,5,1,0,7,8,0,6,2,
#moving_targetting_pos=9,2|-1,-1|-1,-1|6,16|6,6|-1,-1|-1,-1|19,2|26,6|6,26|
#setting_targetting_pos=9,30|15,18|15,24|-1,-1|-1,-1|25,18|25,24|19,30|-1,-1|-1,-1|
.....D....
#111110101111101
#assigned_pet=-1,-1,-1,-1,-1,-1,-1,-1,-1,-1,
#assigned_hub=0,4,5,1,0,7,8,0,6,2,
#moving_targetting_pos=9,2|-1,-1|-1,-1|6,16|6,6|-1,-1|-1,-1|19,2|26,6|6,26|
#setting_targetting_pos=9,30|-1,-1|-1,-1|-1,-1|-1,-1|-1,-1|-1,-1|19,30|-1,-1|-1,-1|
..........
#111110101111101
#assigned_pet=-1,7,7,-1,-1,-1,-1,-1,-1,-1,
#assigned_hub=0,4,5,1,0,7,8,0,6,2,
#moving_targetting_pos=9,2|-1,-1|-1,-1|6,16|6,6|-1,-1|-1,-1|19,2|26,6|6,26|
#setting_targetting_pos=9,30|15,18|15,24|-1,-1|-1,-1|-1,-1|-1,-1|19,30|-1,-1|-1,-1|
..........
#111110101111111
#assigned_pet=-1,7,7,-1,-1,13,13,-1,-1,-1,
#assigned_hub=0,4,5,1,0,7,8,0,6,2,
#moving_targetting_pos=9,2|-1,-1|-1,-1|6,16|6,6|-1,-1|-1,-1|19,2|26,6|6,26|
#setting_targetting_pos=9,30|15,18|15,24|-1,-1|-1,-1|25,18|25,24|19,30|-1,-1|-1,-1|
.....rl...
#111110101111111
#assigned_pet=-1,-1,-1,-1,-1,-1,-1,-1,-1,-1,
#assigned_hub=0,4,5,1,0,7,8,0,6,2,
#moving_targetting_pos=9,2|-1,-1|-1,-1|6,16|6,6|26,16|26,26|19,2|26,6|6,26|
#setting_targetting_pos=9,30|-1,-1|-1,-1|-1,-1|-1,-1|-1,-1|-1,-1|19,30|-1,-1|-1,-1|
..........
#111110101111111
#assigned_pet=-1,-1,-1,-1,-1,-1,-1,-1,-1,-1,
#assigned_hub=0,4,5,1,0,7,8,0,6,2,
#moving_targetting_pos=9,2|-1,-1|-1,-1|6,16|6,6|26,16|26,26|19,2|26,6|6,26|
#setting_targetting_pos=9,30|-1,-1|-1,-1|-1,-1|-1,-1|-1,-1|-1,-1|19,30|-1,-1|-1,-1|
..........
#111110101111111
#assigned_pet=-1,-1,-1,-1,-1,-1,-1,-1,-1,-1,
#assigned_hub=0,4,5,1,0,7,8,0,6,2,
#moving_targetting_pos=9,2|-1,-1|-1,-1|6,16|6,6|26,16|26,26|19,2|26,6|6,26|
#setting_targetting_pos=9,30|-1,-1|-1,-1|-1,-1|-1,-1|-1,-1|-1,-1|19,30|-1,-1|-1,-1|
..........
#111110101111111
#assigned_pet=-1,-1,-1,-1,-1,-1,-1,-1,-1,-1,
#assigned_hub=0,4,5,1,0,7,8,0,6,2,
#moving_targetting_pos=9,2|-1,-1|-1,-1|6,16|6,6|26,16|26,26|19,2|26,6|6,26|
#setting_targetting_pos=9,30|-1,-1|-1,-1|-1,-1|-1,-1|-1,-1|-1,-1|19,30|-1,-1|-1,-1|
..........
#111110101111111
#assigned_pet=-1,-1,-1,-1,-1,-1,-1,-1,-1,-1,
#assigned_hub=0,4,5,1,0,7,8,0,6,2,
#moving_targetting_pos=9,2|-1,-1|-1,-1|6,16|6,6|26,16|26,26|19,2|26,6|6,26|
#setting_targetting_pos=9,30|-1,-1|-1,-1|-1,-1|-1,-1|-1,-1|-1,-1|19,30|-1,-1|-1,-1|
..........
#111110101111111
#assigned_pet=-1,-1,-1,-1,-1,-1,-1,-1,-1,-1,
#assigned_hub=0,4,5,1,0,7,8,0,6,2,
#moving_targetting_pos=9,2|-1,-1|-1,-1|6,16|6,6|26,16|26,26|19,2|26,6|6,26|
#setting_targetting_pos=9,30|-1,-1|-1,-1|-1,-1|-1,-1|-1,-1|-1,-1|19,30|-1,-1|-1,-1|
..........
#111110101111111
#assigned_pet=-1,-1,-1,-1,-1,-1,-1,-1,-1,-1,
#assigned_hub=0,4,5,1,0,7,8,0,6,2,
#moving_targetting_pos=9,2|-1,-1|-1,-1|6,16|6,6|26,16|26,26|19,2|26,6|6,26|
#setting_targetting_pos=9,30|-1,-1|-1,-1|-1,-1|-1,-1|-1,-1|-1,-1|19,30|-1,-1|-1,-1|
..........
#111110101111111
#assigned_pet=-1,-1,-1,-1,-1,-1,-1,-1,-1,-1,
#assigned_hub=0,4,5,1,0,7,8,0,6,2,
#moving_targetting_pos=9,2|-1,-1|-1,-1|6,16|6,6|26,16|26,26|19,2|26,6|6,26|
#setting_targetting_pos=9,30|-1,-1|-1,-1|-1,-1|-1,-1|-1,-1|-1,-1|19,30|-1,-1|-1,-1|
..........
#111110101111111
#assigned_pet=-1,-1,-1,-1,-1,-1,-1,-1,-1,-1,
#assigned_hub=0,4,5,1,0,7,8,0,6,2,
#moving_targetting_pos=9,2|-1,-1|-1,-1|-1,-1|6,6|26,16|26,26|19,2|26,6|6,26|
#setting_targetting_pos=9,30|-1,-1|-1,-1|-1,-1|-1,-1|-1,-1|-1,-1|19,30|-1,-1|-1,-1|
..........
#111110101111111
#assigned_pet=-1,-1,-1,-1,-1,-1,-1,-1,-1,-1,
#assigned_hub=0,4,5,1,0,7,8,0,6,2,
#moving_targetting_pos=9,2|-1,-1|-1,-1|6,16|6,6|26,16|26,26|19,2|26,6|6,26|
#setting_targetting_pos=9,30|-1,-1|-1,-1|-1,-1|-1,-1|-1,-1|-1,-1|19,30|-1,-1|-1,-1|
..........
#111110101111111
#assigned_pet=-1,-1,-1,-1,-1,-1,-1,-1,-1,-1,
#assigned_hub=0,4,5,1,0,7,8,0,6,2,
#moving_targetting_pos=9,2|-1,-1|-1,-1|-1,-1|6,6|26,16|26,26|19,2|26,6|6,26|
#setting_targetting_pos=9,30|-1,-1|-1,-1|-1,-1|-1,-1|-1,-1|-1,-1|19,30|-1,-1|-1,-1|
..........
#111110101111111
#assigned_pet=-1,-1,-1,-1,-1,-1,-1,-1,-1,-1,
#assigned_hub=0,4,5,1,0,7,8,0,6,2,
#moving_targetting_pos=9,2|-1,-1|-1,-1|6,16|6,6|26,16|26,26|19,2|26,6|6,26|
#setting_targetting_pos=9,30|-1,-1|-1,-1|-1,-1|-1,-1|-1,-1|-1,-1|19,30|-1,-1|-1,-1|
..........
#111110101111111
#assigned_pet=-1,-1,-1,-1,-1,-1,-1,-1,-1,-1,
#assigned_hub=0,4,5,1,0,7,8,0,6,2,
#moving_targetting_pos=9,2|-1,-1|-1,-1|-1,-1|6,6|26,16|26,26|19,2|26,6|6,26|
#setting_targetting_pos=9,30|-1,-1|-1,-1|-1,-1|-1,-1|-1,-1|-1,-1|19,30|-1,-1|-1,-1|
..........
#111110101111111
#assigned_pet=-1,-1,-1,-1,-1,-1,-1,-1,-1,-1,
#assigned_hub=0,4,5,1,0,7,8,0,6,2,
#moving_targetting_pos=9,2|16,16|-1,-1|-1,-1|6,6|26,16|26,26|19,2|26,6|6,26|
#setting_targetting_pos=9,30|-1,-1|-1,-1|-1,-1|-1,-1|-1,-1|-1,-1|19,30|-1,-1|-1,-1|
..........
#111110101111111
#assigned_pet=-1,-1,-1,-1,-1,-1,-1,-1,-1,-1,
#assigned_hub=0,4,5,1,0,7,8,0,6,2,
#moving_targetting_pos=9,2|16,16|-1,-1|-1,-1|6,6|26,16|26,26|19,2|26,6|6,26|
#setting_targetting_pos=9,30|-1,-1|-1,-1|-1,-1|-1,-1|-1,-1|-1,-1|19,30|-1,-1|-1,-1|
..........
#111110101111111
#assigned_pet=-1,-1,-1,-1,-1,-1,-1,-1,-1,-1,
#assigned_hub=0,4,5,1,0,7,8,0,6,2,
#moving_targetting_pos=9,2|16,16|-1,-1|-1,-1|6,6|26,16|26,26|19,2|26,6|6,26|
#setting_targetting_pos=9,30|-1,-1|-1,-1|-1,-1|-1,-1|-1,-1|-1,-1|19,30|-1,-1|-1,-1|
..........
#111110101111111
#assigned_pet=-1,-1,-1,-1,-1,-1,-1,-1,-1,-1,
#assigned_hub=0,4,5,1,0,7,8,0,6,2,
#moving_targetting_pos=9,2|16,16|-1,-1|-1,-1|6,6|26,16|26,26|19,2|26,6|6,26|
#setting_targetting_pos=9,30|-1,-1|-1,-1|-1,-1|-1,-1|-1,-1|-1,-1|19,30|-1,-1|-1,-1|
..........
#111110101111111
#assigned_pet=-1,-1,-1,-1,-1,-1,-1,-1,-1,-1,
#assigned_hub=0,4,5,1,0,7,8,0,6,2,
#moving_targetting_pos=9,2|16,16|-1,-1|-1,-1|6,6|26,16|26,26|19,2|26,6|6,26|
#setting_targetting_pos=9,30|-1,-1|-1,-1|-1,-1|-1,-1|-1,-1|-1,-1|19,30|-1,-1|-1,-1|
..........
#111110101111111
#assigned_pet=-1,-1,-1,-1,-1,-1,-1,-1,-1,-1,
#assigned_hub=0,4,5,1,0,7,8,0,6,2,
#moving_targetting_pos=9,2|16,16|-1,-1|-1,-1|6,6|26,16|26,26|19,2|26,6|6,26|
#setting_targetting_pos=9,30|-1,-1|-1,-1|-1,-1|-1,-1|-1,-1|-1,-1|19,30|-1,-1|-1,-1|
..........
#111110101111111
#assigned_pet=-1,-1,-1,-1,-1,-1,-1,-1,-1,-1,
#assigned_hub=0,4,5,1,0,7,8,0,6,2,
#moving_targetting_pos=9,2|16,16|-1,-1|-1,-1|6,6|26,16|26,26|19,2|26,6|6,26|
#setting_targetting_pos=9,30|-1,-1|-1,-1|-1,-1|-1,-1|-1,-1|-1,-1|19,30|-1,-1|-1,-1|
..........
#111110101111111
#assigned_pet=-1,-1,-1,-1,-1,-1,-1,-1,-1,-1,
#assigned_hub=0,4,5,1,0,7,8,0,6,2,
#moving_targetting_pos=9,2|16,16|-1,-1|-1,-1|6,6|26,16|26,26|19,2|26,6|6,26|
#setting_targetting_pos=9,30|-1,-1|-1,-1|-1,-1|-1,-1|-1,-1|-1,-1|19,30|-1,-1|-1,-1|
..........
#111110101111111
#assigned_pet=-1,-1,-1,-1,-1,-1,-1,-1,-1,-1,
#assigned_hub=0,4,5,1,0,7,8,0,6,2,
#moving_targetting_pos=9,2|16,16|-1,-1|-1,-1|6,6|26,16|26,26|19,2|26,6|6,26|
#setting_targetting_pos=9,30|-1,-1|-1,-1|-1,-1|-1,-1|-1,-1|-1,-1|19,30|-1,-1|-1,-1|
..........
#111110101111111
#assigned_pet=-1,-1,-1,-1,-1,-1,-1,-1,-1,-1,
#assigned_hub=0,4,5,1,0,7,8,0,6,2,
#moving_targetting_pos=9,2|16,16|16,26|-1,-1|6,6|26,16|26,26|19,2|26,6|6,26|
#setting_targetting_pos=9,30|-1,-1|-1,-1|-1,-1|-1,-1|-1,-1|-1,-1|19,30|-1,-1|-1,-1|
..........
#111110101111111
#assigned_pet=-1,-1,-1,-1,-1,-1,-1,-1,-1,-1,
#assigned_hub=0,4,5,1,0,7,8,0,6,2,
#moving_targetting_pos=9,2|16,16|16,26|-1,-1|6,6|26,16|26,26|19,2|26,6|6,26|
#setting_targetting_pos=9,30|-1,-1|-1,-1|-1,-1|-1,-1|-1,-1|-1,-1|19,30|-1,-1|-1,-1|
..........
#111110101111111
#assigned_pet=-1,-1,-1,-1,-1,-1,-1,-1,-1,-1,
#assigned_hub=0,4,5,1,0,7,8,0,6,2,
#moving_targetting_pos=9,2|16,16|16,26|-1,-1|6,6|26,16|26,26|19,2|26,6|6,26|
#setting_targetting_pos=9,30|-1,-1|-1,-1|-1,-1|-1,-1|-1,-1|-1,-1|19,30|-1,-1|-1,-1|
..........
#111110101111111
#assigned_pet=-1,-1,-1,-1,-1,-1,-1,-1,-1,-1,
#assigned_hub=0,4,5,1,0,7,8,0,6,2,
#moving_targetting_pos=9,2|16,16|16,26|-1,-1|6,6|26,16|26,26|19,2|26,6|6,26|
#setting_targetting_pos=9,30|-1,-1|-1,-1|-1,-1|-1,-1|-1,-1|-1,-1|19,30|-1,-1|-1,-1|
..........
#111110101111111
#assigned_pet=-1,-1,-1,-1,-1,-1,-1,-1,-1,-1,
#assigned_hub=0,4,5,1,0,7,8,0,6,2,
#moving_targetting_pos=9,2|16,16|16,26|-1,-1|6,6|26,16|26,26|19,2|26,6|6,26|
#setting_targetting_pos=9,30|-1,-1|-1,-1|-1,-1|-1,-1|-1,-1|-1,-1|19,30|-1,-1|-1,-1|
..........
#111110101111111
#assigned_pet=-1,-1,-1,-1,-1,-1,-1,-1,-1,-1,
#assigned_hub=0,4,5,1,0,7,8,0,6,2,
#moving_targetting_pos=9,2|16,16|16,26|-1,-1|6,6|26,16|26,26|19,2|26,6|6,26|
#setting_targetting_pos=9,30|-1,-1|-1,-1|-1,-1|-1,-1|-1,-1|-1,-1|19,30|-1,-1|-1,-1|
..........
#111110101111111
#assigned_pet=-1,-1,-1,-1,-1,-1,-1,-1,-1,-1,
#assigned_hub=0,4,5,1,0,7,8,0,6,2,
#moving_targetting_pos=9,2|16,16|16,26|-1,-1|6,6|26,16|26,26|19,2|26,6|6,26|
#setting_targetting_pos=9,30|-1,-1|-1,-1|-1,-1|-1,-1|-1,-1|-1,-1|19,30|-1,-1|-1,-1|
..........
#111110101111111
#assigned_pet=-1,-1,-1,-1,-1,-1,-1,-1,-1,-1,
#assigned_hub=0,4,5,1,0,7,8,0,6,2,
#moving_targetting_pos=9,2|16,16|16,26|-1,-1|6,6|26,16|26,26|19,2|26,6|6,26|
#setting_targetting_pos=9,30|-1,-1|-1,-1|-1,-1|-1,-1|-1,-1|-1,-1|19,30|-1,-1|-1,-1|
..........
#111110101111111
#assigned_pet=-1,-1,-1,-1,-1,-1,-1,-1,-1,-1,
#assigned_hub=0,4,5,1,0,7,8,0,6,2,
#moving_targetting_pos=9,2|16,16|16,26|-1,-1|6,6|26,16|26,26|19,2|26,6|6,26|
#setting_targetting_pos=9,30|-1,-1|-1,-1|-1,-1|-1,-1|-1,-1|-1,-1|19,30|-1,-1|-1,-1|
..........
#111110101111111
#assigned_pet=-1,-1,-1,-1,-1,-1,-1,-1,-1,-1,
#assigned_hub=0,4,5,1,0,7,8,0,6,2,
#moving_targetting_pos=9,2|16,16|16,26|-1,-1|6,6|26,16|26,26|19,2|26,6|6,26|
#setting_targetting_pos=9,30|-1,-1|-1,-1|-1,-1|-1,-1|-1,-1|-1,-1|19,30|-1,-1|-1,-1|
..........
#111110101111111
#assigned_pet=-1,-1,-1,-1,-1,-1,-1,-1,-1,-1,
#assigned_hub=0,4,5,1,0,7,8,0,6,2,
#moving_targetting_pos=9,2|16,16|16,26|-1,-1|6,6|26,16|26,26|19,2|26,6|6,26|
#setting_targetting_pos=9,30|-1,-1|-1,-1|-1,-1|-1,-1|-1,-1|-1,-1|19,30|-1,-1|-1,-1|
..........
#111110101111111
#assigned_pet=-1,-1,-1,-1,-1,-1,-1,-1,-1,-1,
#assigned_hub=0,4,5,1,0,7,8,0,6,2,
#moving_targetting_pos=9,2|16,16|16,26|-1,-1|6,6|26,16|26,26|19,2|26,6|6,26|
#setting_targetting_pos=9,30|-1,-1|-1,-1|-1,-1|-1,-1|-1,-1|-1,-1|19,30|-1,-1|-1,-1|
..........
#111110101111111
#assigned_pet=-1,-1,-1,-1,-1,-1,-1,-1,-1,-1,
#assigned_hub=0,4,5,1,0,7,8,0,6,2,
#moving_targetting_pos=9,2|16,16|16,26|-1,-1|-1,-1|26,16|26,26|19,2|26,6|6,26|
#setting_targetting_pos=9,30|-1,-1|-1,-1|-1,-1|-1,-1|-1,-1|-1,-1|19,30|-1,-1|-1,-1|
..........
#111110101111111
#assigned_pet=-1,-1,-1,-1,-1,-1,-1,-1,-1,-1,
#assigned_hub=0,4,5,1,0,7,8,0,6,2,
#moving_targetting_pos=9,2|16,16|16,26|-1,-1|-1,-1|26,16|26,26|19,2|26,6|6,26|
#setting_targetting_pos=9,30|-1,-1|-1,-1|-1,-1|-1,-1|-1,-1|-1,-1|19,30|-1,-1|-1,-1|
..........
#111110101111111
#assigned_pet=-1,-1,-1,-1,-1,-1,-1,-1,-1,-1,
#assigned_hub=0,4,5,1,0,7,8,0,6,2,
#moving_targetting_pos=9,2|16,16|16,26|-1,-1|-1,-1|26,16|26,26|19,2|26,6|6,26|
#setting_targetting_pos=9,30|-1,-1|-1,-1|-1,-1|-1,-1|-1,-1|-1,-1|19,30|-1,-1|-1,-1|
..........
#111110101111111
#assigned_pet=-1,-1,-1,-1,-1,-1,-1,-1,-1,-1,
#assigned_hub=0,4,5,1,0,7,8,0,6,2,
#moving_targetting_pos=9,2|16,16|16,26|-1,-1|-1,-1|26,16|26,26|19,2|26,6|6,26|
#setting_targetting_pos=9,30|-1,-1|-1,-1|-1,-1|-1,-1|-1,-1|-1,-1|19,30|-1,-1|-1,-1|
..........
#111110101111111
#assigned_pet=-1,-1,-1,-1,-1,-1,-1,-1,-1,-1,
#assigned_hub=0,4,5,1,0,7,8,0,6,2,
#moving_targetting_pos=9,2|16,16|16,26|-1,-1|-1,-1|26,16|26,26|19,2|26,6|6,26|
#setting_targetting_pos=9,30|-1,-1|-1,-1|-1,-1|-1,-1|-1,-1|-1,-1|19,30|-1,-1|-1,-1|
..........
#111110101111111
#assigned_pet=-1,-1,-1,7,7,-1,-1,-1,-1,-1,
#assigned_hub=0,4,5,1,0,7,8,0,6,2,
#moving_targetting_pos=9,2|16,16|16,26|-1,-1|-1,-1|26,16|26,26|19,2|26,6|6,26|
#setting_targetting_pos=9,30|-1,-1|-1,-1|5,14|5,8|-1,-1|-1,-1|19,30|-1,-1|-1,-1|
...LU.....
#111110101111111
#assigned_pet=-1,-1,-1,7,7,-1,-1,-1,-1,-1,
#assigned_hub=0,4,5,1,0,7,8,0,6,2,
#moving_targetting_pos=9,2|16,16|16,26|-1,-1|-1,-1|26,16|26,26|19,2|26,6|6,26|
#setting_targetting_pos=9,30|-1,-1|-1,-1|5,14|5,8|-1,-1|-1,-1|19,30|-1,-1|-1,-1|
...LR.....
#111110101111111
#assigned_pet=-1,-1,-1,7,7,-1,-1,-1,-1,-1,
#assigned_hub=0,4,5,1,0,7,8,0,6,2,
#moving_targetting_pos=9,2|16,16|16,26|-1,-1|-1,-1|26,16|26,26|19,2|26,6|6,26|
#setting_targetting_pos=9,30|-1,-1|-1,-1|5,14|5,8|-1,-1|-1,-1|19,30|-1,-1|-1,-1|
...U......
#111110101111111
#assigned_pet=-1,-1,-1,7,7,-1,-1,-1,-1,-1,
#assigned_hub=0,4,5,1,0,7,8,0,6,2,
#moving_targetting_pos=9,2|16,16|16,26|-1,-1|-1,-1|26,16|26,26|19,2|26,6|6,26|
#setting_targetting_pos=9,30|-1,-1|-1,-1|5,14|5,8|-1,-1|-1,-1|19,30|-1,-1|-1,-1|
...L......
#111110111111111
#assigned_pet=-1,-1,-1,7,7,-1,-1,-1,-1,-1,
#assigned_hub=0,4,5,1,0,7,8,0,6,2,
#moving_targetting_pos=9,2|16,16|16,26|-1,-1|-1,-1|26,16|26,26|19,2|26,6|6,26|
#setting_targetting_pos=9,30|-1,-1|-1,-1|5,14|5,8|-1,-1|-1,-1|19,30|-1,-1|-1,-1|
...uu.....
#111110111111111
#assigned_pet=-1,-1,-1,-1,-1,-1,-1,-1,-1,-1,
#assigned_hub=0,4,5,1,0,7,8,0,6,2,
#moving_targetting_pos=9,2|16,16|16,26|-1,-1|6,6|26,16|26,26|19,2|26,6|6,26|
#setting_targetting_pos=9,30|-1,-1|-1,-1|-1,-1|-1,-1|-1,-1|-1,-1|19,30|-1,-1|-1,-1|
..........
#111110111111111
#assigned_pet=-1,-1,-1,-1,-1,-1,-1,-1,-1,-1,
#assigned_hub=0,4,5,1,0,7,8,0,6,2,
#moving_targetting_pos=9,2|16,16|16,26|-1,-1|6,6|26,16|26,26|19,2|26,6|6,26|
#setting_targetting_pos=9,30|-1,-1|-1,-1|-1,-1|-1,-1|-1,-1|-1,-1|19,30|-1,-1|-1,-1|
..........
#111110111111111
#assigned_pet=-1,-1,-1,-1,-1,-1,-1,-1,-1,-1,
#assigned_hub=0,4,5,1,0,7,8,0,6,2,
#moving_targetting_pos=9,2|16,16|16,26|-1,-1|6,6|26,16|26,26|19,2|26,6|6,26|
#setting_targetting_pos=9,30|-1,-1|-1,-1|-1,-1|-1,-1|-1,-1|-1,-1|19,30|-1,-1|-1,-1|
..........
#111110111111111
#assigned_pet=-1,-1,-1,-1,-1,-1,-1,-1,-1,-1,
#assigned_hub=0,4,5,1,0,7,8,0,6,2,
#moving_targetting_pos=9,2|16,16|16,26|-1,-1|6,6|26,16|26,26|19,2|26,6|6,26|
#setting_targetting_pos=9,30|-1,-1|-1,-1|-1,-1|-1,-1|-1,-1|-1,-1|19,30|-1,-1|-1,-1|
..........
#111110111111111
#assigned_pet=-1,-1,-1,-1,-1,-1,-1,-1,-1,-1,
#assigned_hub=0,4,5,1,0,7,8,0,6,2,
#moving_targetting_pos=9,2|16,16|16,26|-1,-1|6,6|26,16|26,26|19,2|26,6|6,26|
#setting_targetting_pos=9,30|-1,-1|-1,-1|-1,-1|-1,-1|-1,-1|-1,-1|19,30|-1,-1|-1,-1|
..........
#111110111111111
#assigned_pet=-1,-1,-1,-1,-1,-1,-1,-1,-1,-1,
#assigned_hub=0,4,5,1,0,7,8,0,6,2,
#moving_targetting_pos=9,2|16,16|16,26|-1,-1|6,6|26,16|26,26|19,2|26,6|6,26|
#setting_targetting_pos=9,30|-1,-1|-1,-1|-1,-1|-1,-1|-1,-1|-1,-1|19,30|-1,-1|-1,-1|
..........
#111110111111111
#assigned_pet=-1,-1,-1,-1,-1,-1,-1,-1,-1,-1,
#assigned_hub=0,4,5,1,0,7,8,0,6,2,
#moving_targetting_pos=9,2|16,16|16,26|-1,-1|6,6|26,16|26,26|19,2|26,6|6,26|
#setting_targetting_pos=9,30|-1,-1|-1,-1|-1,-1|-1,-1|-1,-1|-1,-1|19,30|-1,-1|-1,-1|
..........
#111110111111111
#assigned_pet=-1,-1,-1,-1,-1,-1,-1,-1,-1,-1,
#assigned_hub=0,4,5,1,0,7,8,0,6,2,
#moving_targetting_pos=9,2|16,16|16,26|-1,-1|6,6|26,16|26,26|19,2|26,6|6,26|
#setting_targetting_pos=9,30|-1,-1|-1,-1|-1,-1|-1,-1|-1,-1|-1,-1|19,30|-1,-1|-1,-1|
..........
#111110111111111
#assigned_pet=-1,-1,-1,-1,-1,-1,-1,-1,-1,-1,
#assigned_hub=0,4,5,1,0,7,8,0,6,2,
#moving_targetting_pos=9,2|16,16|16,26|-1,-1|6,6|26,16|26,26|19,2|26,6|6,26|
#setting_targetting_pos=9,30|-1,-1|-1,-1|-1,-1|-1,-1|-1,-1|-1,-1|19,30|-1,-1|-1,-1|
..........
#111110111111111
#assigned_pet=-1,-1,-1,-1,-1,-1,-1,-1,-1,-1,
#assigned_hub=0,4,5,1,0,7,8,0,6,2,
#moving_targetting_pos=9,2|16,16|16,26|-1,-1|6,6|26,16|26,26|19,2|26,6|6,26|
#setting_targetting_pos=9,30|-1,-1|-1,-1|-1,-1|-1,-1|-1,-1|-1,-1|19,30|-1,-1|-1,-1|
..........
#111110111111111
#assigned_pet=-1,-1,-1,-1,-1,-1,-1,-1,-1,-1,
#assigned_hub=0,4,5,1,0,7,8,0,6,2,
#moving_targetting_pos=9,2|16,16|16,26|-1,-1|6,6|26,16|26,26|19,2|26,6|6,26|
#setting_targetting_pos=9,30|-1,-1|-1,-1|-1,-1|-1,-1|-1,-1|-1,-1|19,30|-1,-1|-1,-1|
..........
#111110111111111
#assigned_pet=-1,-1,-1,-1,-1,-1,-1,-1,-1,-1,
#assigned_hub=0,4,5,1,0,7,8,0,6,2,
#moving_targetting_pos=9,2|16,16|16,26|-1,-1|6,6|26,16|26,26|19,2|26,6|6,26|
#setting_targetting_pos=9,30|-1,-1|-1,-1|-1,-1|-1,-1|-1,-1|-1,-1|19,30|-1,-1|-1,-1|
..........
#111110111111111
#assigned_pet=-1,-1,-1,-1,-1,-1,-1,-1,-1,-1,
#assigned_hub=0,4,5,1,0,7,8,0,6,2,
#moving_targetting_pos=9,2|16,16|16,26|-1,-1|6,6|26,16|26,26|19,2|26,6|6,26|
#setting_targetting_pos=9,30|-1,-1|-1,-1|-1,-1|-1,-1|-1,-1|-1,-1|19,30|-1,-1|-1,-1|
..........
#111110111111111
#assigned_pet=-1,-1,-1,-1,-1,-1,-1,-1,-1,-1,
#assigned_hub=0,4,5,1,0,7,8,0,6,2,
#moving_targetting_pos=9,2|16,16|16,26|-1,-1|6,6|26,16|26,26|19,2|26,6|6,26|
#setting_targetting_pos=9,30|-1,-1|-1,-1|-1,-1|-1,-1|-1,-1|-1,-1|19,30|-1,-1|-1,-1|
..........
#111110111111111
#assigned_pet=-1,-1,-1,-1,-1,-1,-1,-1,-1,-1,
#assigned_hub=0,4,5,1,0,7,8,0,6,2,
#moving_targetting_pos=9,2|16,16|16,26|-1,-1|6,6|26,16|26,26|19,2|26,6|6,26|
#setting_targetting_pos=9,30|-1,-1|-1,-1|-1,-1|-1,-1|-1,-1|-1,-1|19,30|-1,-1|-1,-1|
..........
#111110111111111
#assigned_pet=-1,-1,-1,-1,-1,-1,-1,-1,-1,-1,
#assigned_hub=0,4,5,1,0,7,8,0,6,2,
#moving_targetting_pos=9,2|16,16|16,26|-1,-1|6,6|26,16|26,26|19,2|26,6|6,26|
#setting_targetting_pos=9,30|-1,-1|-1,-1|-1,-1|-1,-1|-1,-1|-1,-1|19,30|-1,-1|-1,-1|
..........
#111110111111111
#assigned_pet=-1,-1,-1,-1,-1,-1,-1,-1,-1,-1,
#assigned_hub=0,4,5,1,0,7,8,0,6,2,
#moving_targetting_pos=9,2|16,16|16,26|-1,-1|6,6|26,16|26,26|19,2|26,6|6,26|
#setting_targetting_pos=9,30|-1,-1|-1,-1|-1,-1|-1,-1|-1,-1|-1,-1|19,30|-1,-1|-1,-1|
..........
#111110111111111
#assigned_pet=-1,-1,-1,-1,-1,-1,-1,-1,-1,-1,
#assigned_hub=0,4,5,1,0,7,8,0,6,2,
#moving_targetting_pos=9,2|16,16|16,26|-1,-1|6,6|26,16|26,26|19,2|26,6|6,26|
#setting_targetting_pos=9,30|-1,-1|-1,-1|-1,-1|-1,-1|-1,-1|-1,-1|19,30|-1,-1|-1,-1|
..........
#111110111111111
#assigned_pet=-1,-1,-1,-1,-1,-1,-1,-1,-1,-1,
#assigned_hub=0,4,5,1,0,7,8,0,6,2,
#moving_targetting_pos=9,2|16,16|16,26|-1,-1|6,6|26,16|26,26|19,2|26,6|6,26|
#setting_targetting_pos=9,30|-1,-1|-1,-1|-1,-1|-1,-1|-1,-1|-1,-1|19,30|-1,-1|-1,-1|
..........
#111110111111111
#assigned_pet=-1,-1,-1,-1,-1,-1,-1,-1,-1,-1,
#assigned_hub=0,4,5,1,0,7,8,0,6,2,
#moving_targetting_pos=9,2|16,16|16,26|-1,-1|6,6|26,16|26,26|19,2|26,6|6,26|
#setting_targetting_pos=9,30|-1,-1|-1,-1|-1,-1|-1,-1|-1,-1|-1,-1|19,30|-1,-1|-1,-1|
..........
#111110111111111
#assigned_pet=-1,-1,-1,5,-1,-1,-1,-1,-1,-1,
#assigned_hub=0,4,5,1,0,7,8,0,6,2,
#moving_targetting_pos=9,2|16,16|16,26|-1,-1|6,6|26,16|26,26|19,2|26,6|6,26|
#setting_targetting_pos=9,30|-1,-1|-1,-1|4,17|-1,-1|-1,-1|-1,-1|19,30|-1,-1|-1,-1|
...R......
#111110111111111
#assigned_pet=-1,-1,-1,5,-1,-1,-1,-1,-1,-1,
#assigned_hub=0,4,5,1,0,7,8,0,6,2,
#moving_targetting_pos=9,2|16,16|16,26|-1,-1|6,6|26,16|26,26|19,2|26,6|6,26|
#setting_targetting_pos=9,30|-1,-1|-1,-1|4,17|-1,-1|-1,-1|-1,-1|19,30|-1,-1|-1,-1|
...R......
#111110111111111
#assigned_pet=-1,-1,-1,5,-1,-1,-1,-1,-1,-1,
#assigned_hub=0,4,5,1,0,7,8,0,6,2,
#moving_targetting_pos=9,2|16,16|16,26|-1,-1|6,6|26,16|26,26|19,2|26,6|6,26|
#setting_targetting_pos=9,30|-1,-1|-1,-1|4,17|-1,-1|-1,-1|-1,-1|19,30|-1,-1|-1,-1|
...R......
#111110111111111
#assigned_pet=-1,-1,-1,5,-1,-1,-1,-1,-1,-1,
#assigned_hub=0,4,5,1,0,7,8,0,6,2,
#moving_targetting_pos=9,2|16,16|16,26|-1,-1|6,6|26,16|26,26|19,2|26,6|6,26|
#setting_targetting_pos=9,30|-1,-1|-1,-1|4,17|-1,-1|-1,-1|-1,-1|19,30|-1,-1|-1,-1|
...U......
#111111111111111
#assigned_pet=-1,-1,-1,5,-1,-1,-1,-1,-1,-1,
#assigned_hub=0,4,5,1,0,7,8,0,6,2,
#moving_targetting_pos=9,2|16,16|16,26|-1,-1|6,6|26,16|26,26|19,2|26,6|6,26|
#setting_targetting_pos=9,30|-1,-1|-1,-1|4,17|-1,-1|-1,-1|-1,-1|19,30|-1,-1|-1,-1|
...u......
#111111111111111
#assigned_pet=-1,-1,-1,-1,-1,-1,-1,-1,-1,-1,
#assigned_hub=0,4,5,1,0,7,8,0,6,2,
#moving_targetting_pos=9,2|16,16|16,26|6,16|6,6|26,16|26,26|19,2|26,6|6,26|
#setting_targetting_pos=9,30|-1,-1|-1,-1|-1,-1|-1,-1|-1,-1|-1,-1|19,30|-1,-1|-1,-1|
..........
#111111111111111
#assigned_pet=-1,-1,-1,-1,-1,-1,-1,-1,-1,-1,
#assigned_hub=0,4,5,1,0,7,8,0,6,2,
#moving_targetting_pos=9,2|16,16|16,26|6,16|6,6|26,16|26,26|19,2|26,6|6,26|
#setting_targetting_pos=9,30|-1,-1|-1,-1|-1,-1|-1,-1|-1,-1|-1,-1|19,30|-1,-1|-1,-1|
..........
#111111111111111
#assigned_pet=-1,-1,-1,-1,-1,-1,-1,-1,-1,-1,
#assigned_hub=0,4,5,1,0,7,8,0,6,2,
#moving_targetting_pos=9,2|16,16|16,26|6,16|6,6|26,16|26,26|19,2|26,6|6,26|
#setting_targetting_pos=9,30|-1,-1|-1,-1|-1,-1|-1,-1|-1,-1|-1,-1|19,30|-1,-1|-1,-1|
..........
#111111111111111
#assigned_pet=-1,-1,-1,-1,-1,-1,-1,-1,-1,-1,
#assigned_hub=0,4,5,1,0,7,8,0,6,2,
#moving_targetting_pos=9,2|16,16|16,26|6,16|6,6|26,16|26,26|19,2|26,6|6,26|
#setting_targetting_pos=9,30|-1,-1|-1,-1|-1,-1|-1,-1|-1,-1|-1,-1|19,30|-1,-1|-1,-1|
..........
#111111111111111
#assigned_pet=-1,-1,-1,-1,-1,-1,-1,-1,-1,-1,
#assigned_hub=0,4,5,1,0,7,8,0,6,2,
#moving_targetting_pos=9,2|16,16|16,26|6,16|6,6|26,16|26,26|19,2|26,6|6,26|
#setting_targetting_pos=9,30|-1,-1|-1,-1|-1,-1|-1,-1|-1,-1|-1,-1|19,30|-1,-1|-1,-1|
..........
#111111111111111
#assigned_pet=-1,-1,-1,-1,-1,-1,-1,-1,-1,-1,
#assigned_hub=0,4,5,1,0,7,8,0,6,2,
#moving_targetting_pos=9,2|16,16|16,26|6,16|6,6|26,16|26,26|19,2|26,6|6,26|
#setting_targetting_pos=9,30|-1,-1|-1,-1|-1,-1|-1,-1|-1,-1|-1,-1|19,30|-1,-1|-1,-1|
..........
#111111111111111
#assigned_pet=-1,-1,-1,-1,-1,-1,-1,-1,-1,-1,
#assigned_hub=0,4,5,1,0,7,8,0,6,2,
#moving_targetting_pos=9,2|16,16|16,26|6,16|6,6|26,16|26,26|19,2|26,6|6,26|
#setting_targetting_pos=9,30|-1,-1|-1,-1|-1,-1|-1,-1|-1,-1|-1,-1|19,30|-1,-1|-1,-1|
..........
#111111111111111
#assigned_pet=-1,-1,-1,-1,-1,-1,-1,-1,-1,-1,
#assigned_hub=0,4,5,1,0,7,8,0,6,2,
#moving_targetting_pos=9,2|16,16|16,26|6,16|6,6|26,16|26,26|19,2|26,6|6,26|
#setting_targetting_pos=9,30|-1,-1|-1,-1|-1,-1|-1,-1|-1,-1|-1,-1|19,30|-1,-1|-1,-1|
..........
#111111111111111
#assigned_pet=-1,-1,-1,-1,-1,-1,-1,-1,-1,-1,
#assigned_hub=0,4,5,1,0,7,8,0,6,2,
#moving_targetting_pos=9,2|16,16|16,26|6,16|6,6|26,16|26,26|19,2|26,6|6,26|
#setting_targetting_pos=9,30|-1,-1|-1,-1|-1,-1|-1,-1|-1,-1|-1,-1|19,30|-1,-1|-1,-1|
..........
#111111111111111
#assigned_pet=-1,-1,-1,-1,-1,-1,-1,-1,-1,-1,
#assigned_hub=0,4,5,1,0,7,8,0,6,2,
#moving_targetting_pos=9,2|16,16|16,26|6,16|6,6|26,16|26,26|19,2|26,6|6,26|
#setting_targetting_pos=9,30|-1,-1|-1,-1|-1,-1|-1,-1|-1,-1|-1,-1|19,30|-1,-1|-1,-1|
..........
#111111111111111
#assigned_pet=-1,-1,-1,-1,-1,-1,-1,-1,-1,-1,
#assigned_hub=0,4,5,1,0,7,8,0,6,2,
#moving_targetting_pos=9,2|16,16|16,26|6,16|6,6|26,16|26,26|19,2|26,6|6,26|
#setting_targetting_pos=9,30|-1,-1|-1,-1|-1,-1|-1,-1|-1,-1|-1,-1|19,30|-1,-1|-1,-1|
..........
#111111111111111
#assigned_pet=-1,-1,-1,-1,-1,-1,-1,-1,-1,-1,
#assigned_hub=0,4,5,1,0,7,8,0,6,2,
#moving_targetting_pos=9,2|16,16|16,26|6,16|6,6|26,16|26,26|19,2|26,6|6,26|
#setting_targetting_pos=9,30|-1,-1|-1,-1|-1,-1|-1,-1|-1,-1|-1,-1|19,30|-1,-1|-1,-1|
..........
#111111111111111
#assigned_pet=-1,-1,-1,-1,-1,-1,-1,-1,-1,-1,
#assigned_hub=0,4,5,1,0,7,8,0,6,2,
#moving_targetting_pos=9,2|16,16|16,26|6,16|6,6|26,16|26,26|19,2|26,6|6,26|
#setting_targetting_pos=9,30|-1,-1|-1,-1|-1,-1|-1,-1|-1,-1|-1,-1|19,30|-1,-1|-1,-1|
..........
#111111111111111
#assigned_pet=-1,-1,-1,-1,-1,-1,-1,-1,-1,-1,
#assigned_hub=0,4,5,1,0,7,8,0,6,2,
#moving_targetting_pos=9,2|16,16|16,26|6,16|6,6|26,16|26,26|19,2|26,6|6,26|
#setting_targetting_pos=9,30|-1,-1|-1,-1|-1,-1|-1,-1|-1,-1|-1,-1|19,30|-1,-1|-1,-1|
..........
#111111111111111
#assigned_pet=-1,-1,-1,-1,-1,-1,-1,-1,-1,-1,
#assigned_hub=0,4,5,1,0,7,8,0,6,2,
#moving_targetting_pos=9,2|16,16|16,26|6,16|6,6|26,16|26,26|19,2|26,6|6,26|
#setting_targetting_pos=9,30|-1,-1|-1,-1|-1,-1|-1,-1|-1,-1|-1,-1|19,30|-1,-1|-1,-1|
..........
#111111111111111
#assigned_pet=-1,-1,-1,-1,-1,-1,-1,-1,-1,-1,
#assigned_hub=0,4,5,1,0,7,8,0,6,2,
#moving_targetting_pos=9,2|16,16|16,26|6,16|6,6|26,16|26,26|19,2|26,6|6,26|
#setting_targetting_pos=9,30|-1,-1|-1,-1|-1,-1|-1,-1|-1,-1|-1,-1|19,30|-1,-1|-1,-1|
..........
#111111111111111
#assigned_pet=-1,-1,-1,-1,-1,-1,-1,-1,-1,-1,
#assigned_hub=0,4,5,1,0,7,8,0,6,2,
#moving_targetting_pos=9,2|16,16|16,26|6,16|6,6|26,16|26,26|19,2|26,6|6,26|
#setting_targetting_pos=9,30|-1,-1|-1,-1|-1,-1|-1,-1|-1,-1|-1,-1|19,30|-1,-1|-1,-1|
..........
#111111111111111
#assigned_pet=-1,-1,-1,-1,-1,-1,-1,-1,-1,-1,
#assigned_hub=0,4,5,1,0,7,8,0,6,2,
#moving_targetting_pos=9,2|16,16|16,26|6,16|6,6|26,16|26,26|19,2|26,6|6,26|
#setting_targetting_pos=9,30|-1,-1|-1,-1|-1,-1|-1,-1|-1,-1|-1,-1|19,30|-1,-1|-1,-1|
..........
#111111111111111
#assigned_pet=-1,-1,-1,-1,-1,-1,-1,-1,-1,-1,
#assigned_hub=0,4,5,1,0,7,8,0,6,2,
#moving_targetting_pos=9,2|16,16|16,26|6,16|6,6|26,16|26,26|19,2|26,6|6,26|
#setting_targetting_pos=9,30|-1,-1|-1,-1|-1,-1|-1,-1|-1,-1|-1,-1|19,30|-1,-1|-1,-1|
..........
#111111111111111
#assigned_pet=-1,-1,-1,-1,-1,-1,-1,-1,-1,-1,
#assigned_hub=0,4,5,1,0,7,8,0,6,2,
#moving_targetting_pos=9,2|16,16|16,26|6,16|6,6|26,16|26,26|19,2|26,6|6,26|
#setting_targetting_pos=9,30|-1,-1|-1,-1|-1,-1|-1,-1|-1,-1|-1,-1|19,30|-1,-1|-1,-1|
..........
#111111111111111
#assigned_pet=-1,-1,-1,-1,-1,-1,-1,-1,-1,-1,
#assigned_hub=0,4,5,1,0,7,8,0,6,2,
#moving_targetting_pos=9,2|16,16|16,26|6,16|6,6|26,16|26,26|19,2|26,6|6,26|
#setting_targetting_pos=9,30|-1,-1|-1,-1|-1,-1|-1,-1|-1,-1|-1,-1|19,30|-1,-1|-1,-1|
..........
#111111111111111
#assigned_pet=-1,-1,-1,-1,-1,-1,-1,-1,-1,-1,
#assigned_hub=0,4,5,1,0,7,8,0,6,2,
#moving_targetting_pos=9,2|16,16|16,26|6,16|6,6|26,16|26,26|19,2|26,6|6,26|
#setting_targetting_pos=9,30|-1,-1|-1,-1|-1,-1|-1,-1|-1,-1|-1,-1|19,30|-1,-1|-1,-1|
..........
#111111111111111
#assigned_pet=-1,-1,-1,-1,-1,-1,-1,-1,-1,-1,
#assigned_hub=0,4,5,1,0,7,8,0,6,2,
#moving_targetting_pos=9,2|16,16|16,26|6,16|6,6|26,16|26,26|19,2|26,6|6,26|
#setting_targetting_pos=9,30|-1,-1|-1,-1|-1,-1|-1,-1|-1,-1|-1,-1|19,30|-1,-1|-1,-1|
..........
#111111111111111
#assigned_pet=-1,-1,-1,-1,-1,-1,-1,-1,-1,-1,
#assigned_hub=0,4,5,1,0,7,8,0,6,2,
#moving_targetting_pos=9,2|16,16|16,26|6,16|6,6|26,16|26,26|19,2|26,6|6,26|
#setting_targetting_pos=9,30|-1,-1|-1,-1|-1,-1|-1,-1|-1,-1|-1,-1|19,30|-1,-1|-1,-1|
..........
#111111111111111
#assigned_pet=-1,-1,-1,-1,-1,-1,-1,-1,-1,-1,
#assigned_hub=0,4,5,1,0,7,8,0,6,2,
#moving_targetting_pos=9,2|16,16|16,26|6,16|6,6|26,16|26,26|19,2|26,6|6,26|
#setting_targetting_pos=9,30|-1,-1|-1,-1|-1,-1|-1,-1|-1,-1|-1,-1|19,30|-1,-1|-1,-1|
..........
#111111111111111
#assigned_pet=-1,-1,-1,-1,-1,-1,-1,-1,-1,-1,
#assigned_hub=0,4,5,1,0,7,8,0,6,2,
#moving_targetting_pos=9,2|16,16|16,26|6,16|6,6|26,16|26,26|19,2|26,6|6,26|
#setting_targetting_pos=9,30|-1,-1|-1,-1|-1,-1|-1,-1|-1,-1|-1,-1|19,30|-1,-1|-1,-1|
..........
#111111111111111
#assigned_pet=-1,-1,-1,-1,-1,-1,-1,-1,-1,-1,
#assigned_hub=0,4,5,1,0,7,8,0,6,2,
#moving_targetting_pos=9,2|16,16|16,26|6,16|6,6|26,16|26,26|19,2|26,6|6,26|
#setting_targetting_pos=9,30|-1,-1|-1,-1|-1,-1|-1,-1|-1,-1|-1,-1|19,30|-1,-1|-1,-1|
..........
#111111111111111
#assigned_pet=-1,-1,-1,-1,-1,-1,-1,-1,-1,-1,
#assigned_hub=0,4,5,1,0,7,8,0,6,2,
#moving_targetting_pos=9,2|16,16|16,26|6,16|6,6|26,16|26,26|19,2|26,6|6,26|
#setting_targetting_pos=9,30|-1,-1|-1,-1|-1,-1|-1,-1|-1,-1|-1,-1|19,30|-1,-1|-1,-1|
..........
#111111111111111
#assigned_pet=-1,-1,-1,-1,-1,-1,-1,-1,-1,-1,
#assigned_hub=0,4,5,1,0,7,8,0,6,2,
#moving_targetting_pos=9,2|16,16|16,26|6,16|6,6|26,16|26,26|19,2|26,6|6,26|
#setting_targetting_pos=9,30|-1,-1|-1,-1|-1,-1|-1,-1|-1,-1|-1,-1|19,30|-1,-1|-1,-1|
..........
#111111111111111
#assigned_pet=-1,-1,-1,-1,-1,-1,-1,-1,-1,-1,
#assigned_hub=0,4,5,1,0,7,8,0,6,2,
#moving_targetting_pos=9,2|16,16|16,26|6,16|6,6|26,16|26,26|19,2|26,6|6,26|
#setting_targetting_pos=9,30|-1,-1|-1,-1|-1,-1|-1,-1|-1,-1|-1,-1|19,30|-1,-1|-1,-1|
..........
#111111111111111
#assigned_pet=-1,-1,-1,-1,-1,-1,-1,-1,-1,-1,
#assigned_hub=0,4,5,1,0,7,8,0,6,2,
#moving_targetting_pos=9,2|16,16|16,26|6,16|6,6|26,16|26,26|19,2|26,6|6,26|
#setting_targetting_pos=9,30|-1,-1|-1,-1|-1,-1|-1,-1|-1,-1|-1,-1|19,30|-1,-1|-1,-1|
..........
#111111111111111
#assigned_pet=-1,-1,-1,-1,-1,-1,-1,-1,-1,-1,
#assigned_hub=0,4,5,1,0,7,8,0,6,2,
#moving_targetting_pos=9,2|16,16|16,26|6,16|6,6|26,16|26,26|19,2|26,6|6,26|
#setting_targetting_pos=9,30|-1,-1|-1,-1|-1,-1|-1,-1|-1,-1|-1,-1|19,30|-1,-1|-1,-1|
..........
#111111111111111
#assigned_pet=-1,-1,-1,-1,-1,-1,-1,-1,-1,-1,
#assigned_hub=0,4,5,1,0,7,8,0,6,2,
#moving_targetting_pos=9,2|16,16|16,26|6,16|6,6|26,16|26,26|19,2|26,6|6,26|
#setting_targetting_pos=9,30|-1,-1|-1,-1|-1,-1|-1,-1|-1,-1|-1,-1|19,30|-1,-1|-1,-1|
..........
#111111111111111
#assigned_pet=-1,-1,-1,-1,-1,-1,-1,-1,-1,-1,
#assigned_hub=0,4,5,1,0,7,8,0,6,2,
#moving_targetting_pos=9,2|16,16|16,26|6,16|6,6|26,16|26,26|19,2|26,6|6,26|
#setting_targetting_pos=9,30|-1,-1|-1,-1|-1,-1|-1,-1|-1,-1|-1,-1|19,30|-1,-1|-1,-1|
..........
#111111111111111
#assigned_pet=-1,-1,-1,-1,-1,-1,-1,-1,-1,-1,
#assigned_hub=0,4,5,1,0,7,8,0,6,2,
#moving_targetting_pos=9,2|16,16|16,26|6,16|6,6|26,16|26,26|19,2|26,6|6,26|
#setting_targetting_pos=9,30|-1,-1|-1,-1|-1,-1|-1,-1|-1,-1|-1,-1|19,30|-1,-1|-1,-1|
..........
#111111111111111
#assigned_pet=-1,-1,-1,-1,-1,-1,-1,-1,-1,-1,
#assigned_hub=0,4,5,1,0,7,8,0,6,2,
#moving_targetting_pos=9,2|16,16|16,26|6,16|6,6|26,16|26,26|19,2|26,6|6,26|
#setting_targetting_pos=9,30|-1,-1|-1,-1|-1,-1|-1,-1|-1,-1|-1,-1|19,30|-1,-1|-1,-1|
..........
#111111111111111
#assigned_pet=-1,-1,-1,-1,-1,-1,-1,-1,-1,-1,
#assigned_hub=0,4,5,1,0,7,8,0,6,2,
#moving_targetting_pos=9,2|16,16|16,26|6,16|6,6|26,16|26,26|19,2|26,6|6,26|
#setting_targetting_pos=9,30|-1,-1|-1,-1|-1,-1|-1,-1|-1,-1|-1,-1|19,30|-1,-1|-1,-1|
..........
#111111111111111
#assigned_pet=-1,-1,-1,-1,-1,-1,-1,-1,-1,-1,
#assigned_hub=0,4,5,1,0,7,8,0,6,2,
#moving_targetting_pos=9,2|16,16|16,26|6,16|6,6|26,16|26,26|19,2|26,6|6,26|
#setting_targetting_pos=9,30|-1,-1|-1,-1|-1,-1|-1,-1|-1,-1|-1,-1|19,30|-1,-1|-1,-1|
..........
#111111111111111
#assigned_pet=-1,-1,-1,-1,-1,-1,-1,-1,-1,-1,
#assigned_hub=0,4,5,1,0,7,8,0,6,2,
#moving_targetting_pos=9,2|16,16|16,26|6,16|6,6|26,16|26,26|19,2|26,6|6,26|
#setting_targetting_pos=9,30|-1,-1|-1,-1|-1,-1|-1,-1|-1,-1|-1,-1|19,30|-1,-1|-1,-1|
..........
#111111111111111
#assigned_pet=-1,-1,-1,-1,-1,-1,-1,-1,-1,-1,
#assigned_hub=0,4,5,1,0,7,8,0,6,2,
#moving_targetting_pos=9,2|16,16|16,26|6,16|6,6|26,16|26,26|19,2|26,6|6,26|
#setting_targetting_pos=9,30|-1,-1|-1,-1|-1,-1|-1,-1|-1,-1|-1,-1|19,30|-1,-1|-1,-1|
..........
#111111111111111
#assigned_pet=-1,-1,-1,-1,-1,-1,-1,-1,-1,-1,
#assigned_hub=0,4,5,1,0,7,8,0,6,2,
#moving_targetting_pos=9,2|16,16|16,26|6,16|6,6|26,16|26,26|19,2|26,6|6,26|
#setting_targetting_pos=9,30|-1,-1|-1,-1|-1,-1|-1,-1|-1,-1|-1,-1|19,30|-1,-1|-1,-1|
..........
#111111111111111
#assigned_pet=-1,-1,-1,-1,-1,-1,-1,-1,-1,-1,
#assigned_hub=0,4,5,1,0,7,8,0,6,2,
#moving_targetting_pos=9,2|16,16|16,26|6,16|6,6|26,16|26,26|19,2|26,6|6,26|
#setting_targetting_pos=9,30|-1,-1|-1,-1|-1,-1|-1,-1|-1,-1|-1,-1|19,30|-1,-1|-1,-1|
..........
#111111111111111
#assigned_pet=-1,-1,-1,-1,-1,-1,-1,-1,-1,-1,
#assigned_hub=0,4,5,1,0,7,8,0,6,2,
#moving_targetting_pos=9,2|16,16|16,26|6,16|6,6|26,16|26,26|19,2|26,6|6,26|
#setting_targetting_pos=9,30|-1,-1|-1,-1|-1,-1|-1,-1|-1,-1|-1,-1|19,30|-1,-1|-1,-1|
..........
#111111111111111
#assigned_pet=-1,-1,-1,-1,-1,-1,-1,-1,-1,-1,
#assigned_hub=0,4,5,1,0,7,8,0,6,2,
#moving_targetting_pos=9,2|16,16|16,26|6,16|6,6|26,16|26,26|19,2|26,6|6,26|
#setting_targetting_pos=9,30|-1,-1|-1,-1|-1,-1|-1,-1|-1,-1|-1,-1|19,30|-1,-1|-1,-1|
..........
#111111111111111
#assigned_pet=-1,-1,-1,-1,-1,-1,-1,-1,-1,-1,
#assigned_hub=0,4,5,1,0,7,8,0,6,2,
#moving_targetting_pos=9,2|16,16|16,26|6,16|6,6|26,16|26,26|19,2|26,6|6,26|
#setting_targetting_pos=9,30|-1,-1|-1,-1|-1,-1|-1,-1|-1,-1|-1,-1|19,30|-1,-1|-1,-1|
..........
#111111111111111
#assigned_pet=-1,-1,-1,-1,-1,-1,-1,-1,-1,-1,
#assigned_hub=0,4,5,1,0,7,8,0,6,2,
#moving_targetting_pos=9,2|16,16|16,26|6,16|6,6|26,16|26,26|19,2|26,6|6,26|
#setting_targetting_pos=9,30|-1,-1|-1,-1|-1,-1|-1,-1|-1,-1|-1,-1|19,30|-1,-1|-1,-1|
..........
#111111111111111
#assigned_pet=-1,-1,-1,-1,-1,-1,-1,-1,-1,-1,
#assigned_hub=0,4,5,1,0,7,8,0,6,2,
#moving_targetting_pos=9,2|16,16|16,26|6,16|6,6|26,16|26,26|19,2|26,6|6,26|
#setting_targetting_pos=9,30|-1,-1|-1,-1|-1,-1|-1,-1|-1,-1|-1,-1|19,30|-1,-1|-1,-1|
..........
#111111111111111
#assigned_pet=-1,-1,-1,-1,-1,-1,-1,-1,-1,-1,
#assigned_hub=0,4,5,1,0,7,8,0,6,2,
#moving_targetting_pos=9,2|16,16|16,26|6,16|6,6|26,16|26,26|19,2|26,6|6,26|
#setting_targetting_pos=9,30|-1,-1|-1,-1|-1,-1|-1,-1|-1,-1|-1,-1|19,30|-1,-1|-1,-1|
..........
#111111111111111
#assigned_pet=-1,-1,-1,-1,-1,-1,-1,-1,-1,-1,
#assigned_hub=0,4,5,1,0,7,8,0,6,2,
#moving_targetting_pos=9,2|16,16|16,26|6,16|6,6|26,16|26,26|19,2|26,6|6,26|
#setting_targetting_pos=9,30|-1,-1|-1,-1|-1,-1|-1,-1|-1,-1|-1,-1|19,30|-1,-1|-1,-1|
..........
#111111111111111
#assigned_pet=-1,-1,-1,-1,-1,-1,-1,-1,-1,-1,
#assigned_hub=0,4,5,1,0,7,8,0,6,2,
#moving_targetting_pos=9,2|16,16|16,26|6,16|6,6|26,16|26,26|19,2|26,6|6,26|
#setting_targetting_pos=9,30|-1,-1|-1,-1|-1,-1|-1,-1|-1,-1|-1,-1|19,30|-1,-1|-1,-1|
..........
#111111111111111
#assigned_pet=-1,-1,-1,-1,-1,-1,-1,-1,-1,-1,
#assigned_hub=0,4,5,1,0,7,8,0,6,2,
#moving_targetting_pos=9,2|16,16|16,26|6,16|6,6|26,16|26,26|19,2|26,6|6,26|
#setting_targetting_pos=9,30|-1,-1|-1,-1|-1,-1|-1,-1|-1,-1|-1,-1|19,30|-1,-1|-1,-1|
..........
#111111111111111
#assigned_pet=-1,-1,-1,-1,-1,-1,-1,-1,-1,-1,
#assigned_hub=0,4,5,1,0,7,8,0,6,2,
#moving_targetting_pos=9,2|16,16|16,26|6,16|6,6|26,16|26,26|19,2|26,6|6,26|
#setting_targetting_pos=9,30|-1,-1|-1,-1|-1,-1|-1,-1|-1,-1|-1,-1|19,30|-1,-1|-1,-1|
..........
#111111111111111
#assigned_pet=-1,-1,-1,-1,-1,-1,-1,-1,-1,-1,
#assigned_hub=0,4,5,1,0,7,8,0,6,2,
#moving_targetting_pos=9,2|16,16|16,26|6,16|6,6|26,16|26,26|19,2|26,6|6,26|
#setting_targetting_pos=9,30|-1,-1|-1,-1|-1,-1|-1,-1|-1,-1|-1,-1|19,30|-1,-1|-1,-1|
..........
#111111111111111
#assigned_pet=-1,-1,-1,-1,-1,-1,-1,-1,-1,-1,
#assigned_hub=0,4,5,1,0,7,8,0,6,2,
#moving_targetting_pos=9,2|16,16|16,26|6,16|6,6|26,16|26,26|19,2|26,6|6,26|
#setting_targetting_pos=9,30|-1,-1|-1,-1|-1,-1|-1,-1|-1,-1|-1,-1|19,30|-1,-1|-1,-1|
..........
#111111111111111
#assigned_pet=-1,-1,-1,-1,-1,-1,-1,-1,-1,-1,
#assigned_hub=0,4,5,1,0,7,8,0,6,2,
#moving_targetting_pos=9,2|16,16|16,26|6,16|6,6|26,16|26,26|19,2|26,6|6,26|
#setting_targetting_pos=9,30|-1,-1|-1,-1|-1,-1|-1,-1|-1,-1|-1,-1|19,30|-1,-1|-1,-1|
..........
#111111111111111
#assigned_pet=-1,-1,-1,-1,-1,-1,-1,-1,-1,-1,
#assigned_hub=0,4,5,1,0,7,8,0,6,2,
#moving_targetting_pos=9,2|16,16|16,26|6,16|6,6|26,16|26,26|19,2|26,6|6,26|
#setting_targetting_pos=9,30|-1,-1|-1,-1|-1,-1|-1,-1|-1,-1|-1,-1|19,30|-1,-1|-1,-1|
..........
#111111111111111
#assigned_pet=-1,-1,-1,-1,-1,-1,-1,-1,-1,-1,
#assigned_hub=0,4,5,1,0,7,8,0,6,2,
#moving_targetting_pos=9,2|16,16|16,26|6,16|6,6|26,16|26,26|19,2|26,6|6,26|
#setting_targetting_pos=9,30|-1,-1|-1,-1|-1,-1|-1,-1|-1,-1|-1,-1|19,30|-1,-1|-1,-1|
..........
#111111111111111
#assigned_pet=-1,-1,-1,-1,-1,-1,-1,-1,-1,-1,
#assigned_hub=0,4,5,1,0,7,8,0,6,2,
#moving_targetting_pos=9,2|16,16|16,26|6,16|6,6|26,16|26,26|19,2|26,6|6,26|
#setting_targetting_pos=9,30|-1,-1|-1,-1|-1,-1|-1,-1|-1,-1|-1,-1|19,30|-1,-1|-1,-1|
..........
#111111111111111
#assigned_pet=-1,-1,-1,-1,-1,-1,-1,-1,-1,-1,
#assigned_hub=0,4,5,1,0,7,8,0,6,2,
#moving_targetting_pos=9,2|16,16|16,26|6,16|6,6|26,16|26,26|19,2|26,6|6,26|
#setting_targetting_pos=9,30|-1,-1|-1,-1|-1,-1|-1,-1|-1,-1|-1,-1|19,30|-1,-1|-1,-1|
..........
#111111111111111
#assigned_pet=-1,-1,-1,-1,-1,-1,-1,-1,-1,-1,
#assigned_hub=0,4,5,1,0,7,8,0,6,2,
#moving_targetting_pos=9,2|16,16|16,26|6,16|6,6|26,16|26,26|19,2|26,6|6,26|
#setting_targetting_pos=9,30|-1,-1|-1,-1|-1,-1|-1,-1|-1,-1|-1,-1|19,30|-1,-1|-1,-1|
..........
#111111111111111
#assigned_pet=-1,-1,-1,-1,-1,-1,-1,-1,-1,-1,
#assigned_hub=0,4,5,1,0,7,8,0,6,2,
#moving_targetting_pos=9,2|16,16|16,26|6,16|6,6|26,16|26,26|19,2|26,6|6,26|
#setting_targetting_pos=9,30|-1,-1|-1,-1|-1,-1|-1,-1|-1,-1|-1,-1|19,30|-1,-1|-1,-1|
..........
#111111111111111
#assigned_pet=-1,-1,-1,-1,-1,-1,-1,-1,-1,-1,
#assigned_hub=0,4,5,1,0,7,8,0,6,2,
#moving_targetting_pos=9,2|16,16|16,26|6,16|6,6|26,16|26,26|19,2|26,6|6,26|
#setting_targetting_pos=9,30|-1,-1|-1,-1|-1,-1|-1,-1|-1,-1|-1,-1|19,30|-1,-1|-1,-1|
..........
#111111111111111
#assigned_pet=-1,-1,-1,-1,-1,-1,-1,-1,-1,-1,
#assigned_hub=0,4,5,1,0,7,8,0,6,2,
#moving_targetting_pos=9,2|16,16|16,26|6,16|6,6|26,16|26,26|19,2|26,6|6,26|
#setting_targetting_pos=9,30|-1,-1|-1,-1|-1,-1|-1,-1|-1,-1|-1,-1|19,30|-1,-1|-1,-1|
..........
#111111111111111
#assigned_pet=-1,-1,-1,-1,-1,-1,-1,-1,-1,-1,
#assigned_hub=0,4,5,1,0,7,8,0,6,2,
#moving_targetting_pos=9,2|16,16|16,26|6,16|6,6|26,16|26,26|19,2|26,6|6,26|
#setting_targetting_pos=9,30|-1,-1|-1,-1|-1,-1|-1,-1|-1,-1|-1,-1|19,30|-1,-1|-1,-1|
..........
#111111111111111
#assigned_pet=-1,-1,-1,-1,-1,-1,-1,-1,-1,-1,
#assigned_hub=0,4,5,1,0,7,8,0,6,2,
#moving_targetting_pos=9,2|16,16|16,26|6,16|6,6|26,16|26,26|19,2|26,6|6,26|
#setting_targetting_pos=9,30|-1,-1|-1,-1|-1,-1|-1,-1|-1,-1|-1,-1|19,30|-1,-1|-1,-1|
..........
#111111111111111
#assigned_pet=-1,-1,-1,-1,-1,-1,-1,-1,-1,-1,
#assigned_hub=0,4,5,1,0,7,8,0,6,2,
#moving_targetting_pos=9,2|16,16|16,26|6,16|6,6|26,16|26,26|19,2|26,6|6,26|
#setting_targetting_pos=9,30|-1,-1|-1,-1|-1,-1|-1,-1|-1,-1|-1,-1|19,30|-1,-1|-1,-1|
..........
#111111111111111
#assigned_pet=-1,-1,-1,-1,-1,-1,-1,-1,-1,-1,
#assigned_hub=0,4,5,1,0,7,8,0,6,2,
#moving_targetting_pos=9,2|16,16|16,26|6,16|6,6|26,16|26,26|19,2|26,6|6,26|
#setting_targetting_pos=9,30|-1,-1|-1,-1|-1,-1|-1,-1|-1,-1|-1,-1|19,30|-1,-1|-1,-1|
..........
#111111111111111
#assigned_pet=-1,-1,-1,-1,-1,-1,-1,-1,-1,-1,
#assigned_hub=0,4,5,1,0,7,8,0,6,2,
#moving_targetting_pos=9,2|16,16|16,26|6,16|6,6|26,16|26,26|19,2|26,6|6,26|
#setting_targetting_pos=9,30|-1,-1|-1,-1|-1,-1|-1,-1|-1,-1|-1,-1|19,30|-1,-1|-1,-1|
..........
#111111111111111
#assigned_pet=-1,-1,-1,-1,-1,-1,-1,-1,-1,-1,
#assigned_hub=0,4,5,1,0,7,8,0,6,2,
#moving_targetting_pos=9,2|16,16|16,26|6,16|6,6|26,16|26,26|19,2|26,6|6,26|
#setting_targetting_pos=9,30|-1,-1|-1,-1|-1,-1|-1,-1|-1,-1|-1,-1|19,30|-1,-1|-1,-1|
..........
#111111111111111
#assigned_pet=-1,-1,-1,-1,-1,-1,-1,-1,-1,-1,
#assigned_hub=0,4,5,1,0,7,8,0,6,2,
#moving_targetting_pos=9,2|16,16|16,26|6,16|6,6|26,16|26,26|19,2|26,6|6,26|
#setting_targetting_pos=9,30|-1,-1|-1,-1|-1,-1|-1,-1|-1,-1|-1,-1|19,30|-1,-1|-1,-1|
..........
#111111111111111
#assigned_pet=-1,-1,-1,-1,-1,-1,-1,-1,-1,-1,
#assigned_hub=0,4,5,1,0,7,8,0,6,2,
#moving_targetting_pos=9,2|16,16|16,26|6,16|6,6|26,16|26,26|19,2|26,6|6,26|
#setting_targetting_pos=9,30|-1,-1|-1,-1|-1,-1|-1,-1|-1,-1|-1,-1|19,30|-1,-1|-1,-1|
..........
#111111111111111
#assigned_pet=-1,-1,-1,-1,-1,-1,-1,-1,-1,-1,
#assigned_hub=0,4,5,1,0,7,8,0,6,2,
#moving_targetting_pos=9,2|16,16|16,26|6,16|6,6|26,16|26,26|19,2|26,6|6,26|
#setting_targetting_pos=9,30|-1,-1|-1,-1|-1,-1|-1,-1|-1,-1|-1,-1|19,30|-1,-1|-1,-1|
..........
#111111111111111
#assigned_pet=-1,-1,-1,-1,-1,-1,-1,-1,-1,-1,
#assigned_hub=0,4,5,1,0,7,8,0,6,2,
#moving_targetting_pos=9,2|16,16|16,26|6,16|6,6|26,16|26,26|19,2|26,6|6,26|
#setting_targetting_pos=9,30|-1,-1|-1,-1|-1,-1|-1,-1|-1,-1|-1,-1|19,30|-1,-1|-1,-1|
..........
#111111111111111
#assigned_pet=-1,-1,-1,-1,-1,-1,-1,-1,-1,-1,
#assigned_hub=0,4,5,1,0,7,8,0,6,2,
#moving_targetting_pos=9,2|16,16|16,26|6,16|6,6|26,16|26,26|19,2|26,6|6,26|
#setting_targetting_pos=9,30|-1,-1|-1,-1|-1,-1|-1,-1|-1,-1|-1,-1|19,30|-1,-1|-1,-1|
..........
#111111111111111
#assigned_pet=-1,-1,-1,-1,-1,-1,-1,-1,-1,-1,
#assigned_hub=0,4,5,1,0,7,8,0,6,2,
#moving_targetting_pos=9,2|16,16|16,26|6,16|6,6|26,16|26,26|19,2|26,6|6,26|
#setting_targetting_pos=9,30|-1,-1|-1,-1|-1,-1|-1,-1|-1,-1|-1,-1|19,30|-1,-1|-1,-1|
..........
#111111111111111
#assigned_pet=-1,-1,-1,-1,-1,-1,-1,-1,-1,-1,
#assigned_hub=0,4,5,1,0,7,8,0,6,2,
#moving_targetting_pos=9,2|16,16|16,26|6,16|6,6|26,16|26,26|19,2|26,6|6,26|
#setting_targetting_pos=9,30|-1,-1|-1,-1|-1,-1|-1,-1|-1,-1|-1,-1|19,30|-1,-1|-1,-1|
..........
#111111111111111
#assigned_pet=-1,-1,-1,-1,-1,-1,-1,-1,-1,-1,
#assigned_hub=0,4,5,1,0,7,8,0,6,2,
#moving_targetting_pos=9,2|16,16|16,26|6,16|6,6|26,16|26,26|19,2|26,6|6,26|
#setting_targetting_pos=9,30|-1,-1|-1,-1|-1,-1|-1,-1|-1,-1|-1,-1|19,30|-1,-1|-1,-1|
..........
#111111111111111
#assigned_pet=-1,-1,-1,-1,-1,-1,-1,-1,-1,-1,
#assigned_hub=0,4,5,1,0,7,8,0,6,2,
#moving_targetting_pos=9,2|16,16|16,26|6,16|6,6|26,16|26,26|19,2|26,6|6,26|
#setting_targetting_pos=9,30|-1,-1|-1,-1|-1,-1|-1,-1|-1,-1|-1,-1|19,30|-1,-1|-1,-1|
..........
#111111111111111
#assigned_pet=-1,-1,-1,-1,-1,-1,-1,-1,-1,-1,
#assigned_hub=0,4,5,1,0,7,8,0,6,2,
#moving_targetting_pos=9,2|16,16|16,26|6,16|6,6|26,16|26,26|19,2|26,6|6,26|
#setting_targetting_pos=9,30|-1,-1|-1,-1|-1,-1|-1,-1|-1,-1|-1,-1|19,30|-1,-1|-1,-1|
..........
#111111111111111
#assigned_pet=-1,-1,-1,-1,-1,-1,-1,-1,-1,-1,
#assigned_hub=0,4,5,1,0,7,8,0,6,2,
#moving_targetting_pos=9,2|16,16|16,26|6,16|6,6|26,16|26,26|19,2|26,6|6,26|
#setting_targetting_pos=9,30|-1,-1|-1,-1|-1,-1|-1,-1|-1,-1|-1,-1|19,30|-1,-1|-1,-1|
..........
#111111111111111
#assigned_pet=-1,-1,-1,-1,-1,-1,-1,-1,-1,-1,
#assigned_hub=0,4,5,1,0,7,8,0,6,2,
#moving_targetting_pos=9,2|16,16|16,26|6,16|6,6|26,16|26,26|19,2|26,6|6,26|
#setting_targetting_pos=9,30|-1,-1|-1,-1|-1,-1|-1,-1|-1,-1|-1,-1|19,30|-1,-1|-1,-1|
..........
#111111111111111
#assigned_pet=-1,-1,-1,-1,-1,-1,-1,-1,-1,-1,
#assigned_hub=0,4,5,1,0,7,8,0,6,2,
#moving_targetting_pos=9,2|16,16|16,26|6,16|6,6|26,16|26,26|19,2|26,6|6,26|
#setting_targetting_pos=9,30|-1,-1|-1,-1|-1,-1|-1,-1|-1,-1|-1,-1|19,30|-1,-1|-1,-1|
..........
#111111111111111
#assigned_pet=-1,-1,-1,-1,-1,-1,-1,-1,-1,-1,
#assigned_hub=0,4,5,1,0,7,8,0,6,2,
#moving_targetting_pos=9,2|16,16|16,26|6,16|6,6|26,16|26,26|19,2|26,6|6,26|
#setting_targetting_pos=9,30|-1,-1|-1,-1|-1,-1|-1,-1|-1,-1|-1,-1|19,30|-1,-1|-1,-1|
..........
#111111111111111
#assigned_pet=-1,-1,-1,-1,-1,-1,-1,-1,-1,-1,
#assigned_hub=0,4,5,1,0,7,8,0,6,2,
#moving_targetting_pos=9,2|16,16|16,26|6,16|6,6|26,16|26,26|19,2|26,6|6,26|
#setting_targetting_pos=9,30|-1,-1|-1,-1|-1,-1|-1,-1|-1,-1|-1,-1|19,30|-1,-1|-1,-1|
..........
#111111111111111
#assigned_pet=-1,-1,-1,-1,-1,-1,-1,-1,-1,-1,
#assigned_hub=0,4,5,1,0,7,8,0,6,2,
#moving_targetting_pos=9,2|16,16|16,26|6,16|6,6|26,16|26,26|19,2|26,6|6,26|
#setting_targetting_pos=9,30|-1,-1|-1,-1|-1,-1|-1,-1|-1,-1|-1,-1|19,30|-1,-1|-1,-1|
..........
#111111111111111
#assigned_pet=-1,-1,-1,-1,-1,-1,-1,-1,-1,-1,
#assigned_hub=0,4,5,1,0,7,8,0,6,2,
#moving_targetting_pos=9,2|16,16|16,26|6,16|6,6|26,16|26,26|19,2|26,6|6,26|
#setting_targetting_pos=9,30|-1,-1|-1,-1|-1,-1|-1,-1|-1,-1|-1,-1|19,30|-1,-1|-1,-1|
..........
#111111111111111
#assigned_pet=-1,-1,-1,-1,-1,-1,-1,-1,-1,-1,
#assigned_hub=0,4,5,1,0,7,8,0,6,2,
#moving_targetting_pos=9,2|16,16|16,26|6,16|6,6|26,16|26,26|19,2|26,6|6,26|
#setting_targetting_pos=9,30|-1,-1|-1,-1|-1,-1|-1,-1|-1,-1|-1,-1|19,30|-1,-1|-1,-1|
..........
#111111111111111
#assigned_pet=-1,-1,-1,-1,-1,-1,-1,-1,-1,-1,
#assigned_hub=0,4,5,1,0,7,8,0,6,2,
#moving_targetting_pos=9,2|16,16|16,26|6,16|6,6|26,16|26,26|19,2|26,6|6,26|
#setting_targetting_pos=9,30|-1,-1|-1,-1|-1,-1|-1,-1|-1,-1|-1,-1|19,30|-1,-1|-1,-1|
..........
#111111111111111
#assigned_pet=-1,-1,-1,-1,-1,-1,-1,-1,-1,-1,
#assigned_hub=0,4,5,1,0,7,8,0,6,2,
#moving_targetting_pos=9,2|16,16|16,26|6,16|6,6|26,16|26,26|19,2|26,6|6,26|
#setting_targetting_pos=9,30|-1,-1|-1,-1|-1,-1|-1,-1|-1,-1|-1,-1|19,30|-1,-1|-1,-1|
..........
#111111111111111
#assigned_pet=-1,-1,-1,-1,-1,-1,-1,-1,-1,-1,
#assigned_hub=0,4,5,1,0,7,8,0,6,2,
#moving_targetting_pos=9,2|16,16|16,26|6,16|6,6|26,16|26,26|19,2|26,6|6,26|
#setting_targetting_pos=9,30|-1,-1|-1,-1|-1,-1|-1,-1|-1,-1|-1,-1|19,30|-1,-1|-1,-1|
..........
#111111111111111
#assigned_pet=-1,-1,-1,-1,-1,-1,-1,-1,-1,-1,
#assigned_hub=0,4,5,1,0,7,8,0,6,2,
#moving_targetting_pos=9,2|16,16|16,26|6,16|6,6|26,16|26,26|19,2|26,6|6,26|
#setting_targetting_pos=9,30|-1,-1|-1,-1|-1,-1|-1,-1|-1,-1|-1,-1|19,30|-1,-1|-1,-1|
..........
#111111111111111
#assigned_pet=-1,-1,-1,-1,-1,-1,-1,-1,-1,-1,
#assigned_hub=0,4,5,1,0,7,8,0,6,2,
#moving_targetting_pos=9,2|16,16|16,26|6,16|6,6|26,16|26,26|19,2|26,6|6,26|
#setting_targetting_pos=9,30|-1,-1|-1,-1|-1,-1|-1,-1|-1,-1|-1,-1|19,30|-1,-1|-1,-1|
..........
#111111111111111
#assigned_pet=-1,-1,-1,-1,-1,-1,-1,-1,-1,-1,
#assigned_hub=0,4,5,1,0,7,8,0,6,2,
#moving_targetting_pos=9,2|16,16|16,26|6,16|6,6|26,16|26,26|19,2|26,6|6,26|
#setting_targetting_pos=9,30|-1,-1|-1,-1|-1,-1|-1,-1|-1,-1|-1,-1|19,30|-1,-1|-1,-1|
..........
#111111111111111
#assigned_pet=-1,-1,-1,-1,-1,-1,-1,-1,-1,-1,
#assigned_hub=0,4,5,1,0,7,8,0,6,2,
#moving_targetting_pos=9,2|16,16|16,26|6,16|6,6|26,16|26,26|19,2|26,6|6,26|
#setting_targetting_pos=9,30|-1,-1|-1,-1|-1,-1|-1,-1|-1,-1|-1,-1|19,30|-1,-1|-1,-1|
..........
#111111111111111
#assigned_pet=-1,-1,-1,-1,-1,-1,-1,-1,-1,-1,
#assigned_hub=0,4,5,1,0,7,8,0,6,2,
#moving_targetting_pos=9,2|16,16|16,26|6,16|6,6|26,16|26,26|19,2|26,6|6,26|
#setting_targetting_pos=9,30|-1,-1|-1,-1|-1,-1|-1,-1|-1,-1|-1,-1|19,30|-1,-1|-1,-1|
..........
#111111111111111
#assigned_pet=-1,-1,-1,-1,-1,-1,-1,-1,-1,-1,
#assigned_hub=0,4,5,1,0,7,8,0,6,2,
#moving_targetting_pos=9,2|16,16|16,26|6,16|6,6|26,16|26,26|19,2|26,6|6,26|
#setting_targetting_pos=9,30|-1,-1|-1,-1|-1,-1|-1,-1|-1,-1|-1,-1|19,30|-1,-1|-1,-1|
..........
#111111111111111
#assigned_pet=-1,-1,-1,-1,-1,-1,-1,-1,-1,-1,
#assigned_hub=0,4,5,1,0,7,8,0,6,2,
#moving_targetting_pos=9,2|16,16|16,26|6,16|6,6|26,16|26,26|19,2|26,6|6,26|
#setting_targetting_pos=9,30|-1,-1|-1,-1|-1,-1|-1,-1|-1,-1|-1,-1|19,30|-1,-1|-1,-1|
..........
#111111111111111
#assigned_pet=-1,-1,-1,-1,-1,-1,-1,-1,-1,-1,
#assigned_hub=0,4,5,1,0,7,8,0,6,2,
#moving_targetting_pos=9,2|16,16|16,26|6,16|6,6|26,16|26,26|19,2|26,6|6,26|
#setting_targetting_pos=9,30|-1,-1|-1,-1|-1,-1|-1,-1|-1,-1|-1,-1|19,30|-1,-1|-1,-1|
..........
#111111111111111
#assigned_pet=-1,-1,-1,-1,-1,-1,-1,-1,-1,-1,
#assigned_hub=0,4,5,1,0,7,8,0,6,2,
#moving_targetting_pos=9,2|16,16|16,26|6,16|6,6|26,16|26,26|19,2|26,6|6,26|
#setting_targetting_pos=9,30|-1,-1|-1,-1|-1,-1|-1,-1|-1,-1|-1,-1|19,30|-1,-1|-1,-1|
..........
#111111111111111
#assigned_pet=-1,-1,-1,-1,-1,-1,-1,-1,-1,-1,
#assigned_hub=0,4,5,1,0,7,8,0,6,2,
#moving_targetting_pos=9,2|16,16|16,26|6,16|6,6|26,16|26,26|19,2|26,6|6,26|
#setting_targetting_pos=9,30|-1,-1|-1,-1|-1,-1|-1,-1|-1,-1|-1,-1|19,30|-1,-1|-1,-1|
..........
#111111111111111
#assigned_pet=-1,-1,-1,-1,-1,-1,-1,-1,-1,-1,
#assigned_hub=0,4,5,1,0,7,8,0,6,2,
#moving_targetting_pos=9,2|16,16|16,26|6,16|6,6|26,16|26,26|19,2|26,6|6,26|
#setting_targetting_pos=9,30|-1,-1|-1,-1|-1,-1|-1,-1|-1,-1|-1,-1|19,30|-1,-1|-1,-1|
..........
#111111111111111
#assigned_pet=-1,-1,-1,-1,-1,-1,-1,-1,-1,-1,
#assigned_hub=0,4,5,1,0,7,8,0,6,2,
#moving_targetting_pos=9,2|16,16|16,26|6,16|6,6|26,16|26,26|19,2|26,6|6,26|
#setting_targetting_pos=9,30|-1,-1|-1,-1|-1,-1|-1,-1|-1,-1|-1,-1|19,30|-1,-1|-1,-1|
..........
#111111111111111
#assigned_pet=-1,-1,-1,-1,-1,-1,-1,-1,-1,-1,
#assigned_hub=0,4,5,1,0,7,8,0,6,2,
#moving_targetting_pos=9,2|16,16|16,26|6,16|6,6|26,16|26,26|19,2|26,6|6,26|
#setting_targetting_pos=9,30|-1,-1|-1,-1|-1,-1|-1,-1|-1,-1|-1,-1|19,30|-1,-1|-1,-1|
..........
#111111111111111
#assigned_pet=-1,-1,-1,-1,-1,-1,-1,-1,-1,-1,
#assigned_hub=0,4,5,1,0,7,8,0,6,2,
#moving_targetting_pos=9,2|16,16|16,26|6,16|6,6|26,16|26,26|19,2|26,6|6,26|
#setting_targetting_pos=9,30|-1,-1|-1,-1|-1,-1|-1,-1|-1,-1|-1,-1|19,30|-1,-1|-1,-1|
..........
