#000000000000000000
#assigned_pet=-1,-1,-1,-1,-1,-1,-1,-1,-1,-1,
#assigned_hub=0,0,0,0,0,0,0,0,0,8,
#moving_targetting_pos=2,1|5,30|25,1|15,1|12,29|9,2|22,29|19,30|29,2|26,26|
#setting_targetting_pos=2,29|5,1|25,30|15,30|12,1|9,30|22,1|19,2|29,30|0,0|
LRLLRDLRL.
#000000000000000000
#assigned_pet=-1,-1,-1,-1,-1,-1,-1,-1,-1,-1,
#assigned_hub=0,0,0,0,0,0,0,0,0,8,
#moving_targetting_pos=2,1|5,30|25,1|15,1|12,29|9,2|22,29|19,30|29,2|26,26|
#setting_targetting_pos=2,29|5,1|25,30|15,30|12,1|9,30|22,1|19,2|29,30|-1,-1|
LRLLRDURL.
#000000000000000000
#assigned_pet=-1,-1,-1,-1,-1,-1,-1,-1,-1,-1,
#assigned_hub=0,0,0,0,0,0,0,0,0,8,
#moving_targetting_pos=2,1|5,30|25,1|15,1|12,29|9,2|22,29|19,30|29,2|26,26|
#setting_targetting_pos=2,29|5,1|25,30|15,30|12,1|9,30|22,1|19,2|29,30|-1,-1|
DRLLRDrRD.
#000000000000000000
#assigned_pet=-1,-1,-1,-1,-1,-1,-1,-1,-1,-1,
#assigned_hub=0,0,0,0,0,0,0,0,0,8,
#moving_targetting_pos=2,1|5,30|25,1|15,1|12,29|9,2|22,29|19,30|29,2|26,26|
#setting_targetting_pos=2,29|5,1|25,30|15,30|12,1|9,30|22,1|19,2|29,30|-1,-1|
uRLURDdRD.
#000000000000000000
#assigned_pet=-1,-1,-1,-1,-1,-1,-1,-1,-1,-1,
#assigned_hub=0,0,0,0,0,0,0,0,0,8,
#moving_targetting_pos=2,1|5,30|25,1|15,1|12,29|9,2|22,29|19,30|29,2|26,26|
#setting_targetting_pos=2,29|5,1|25,30|15,30|12,1|9,30|22,1|19,2|29,30|-1,-1|
RRLdRDLDD.
#000000000000000000
#assigned_pet=-1,-1,-1,-1,-1,-1,-1,-1,-1,-1,
#assigned_hub=0,0,0,0,0,0,0,0,0,8,
#moving_targetting_pos=2,1|5,30|25,1|15,1|12,29|9,2|22,29|19,30|29,2|26,26|
#setting_targetting_pos=2,29|5,1|25,30|15,30|12,1|9,30|22,1|19,2|29,30|-1,-1|
RULRRDLDD.
#000000000000000000
#assigned_pet=-1,-1,-1,-1,-1,-1,-1,-1,-1,-1,
#assigned_hub=0,0,0,0,0,0,0,0,0,8,
#moving_targetting_pos=2,1|5,30|25,1|15,1|12,29|9,2|22,29|19,30|29,2|26,26|
#setting_targetting_pos=2,29|5,1|25,30|15,30|12,1|9,30|22,1|19,2|29,30|-1,-1|
lULdRdLDD.
#000000000000000000
#assigned_pet=-1,-1,-1,-1,-1,-1,-1,-1,-1,-1,
#assigned_hub=0,0,0,0,0,0,0,0,0,8,
#moving_targetting_pos=2,1|5,30|25,1|15,1|12,29|9,2|22,29|19,30|29,2|26,26|
#setting_targetting_pos=2,29|5,1|25,30|15,30|12,1|9,30|22,1|19,2|29,30|-1,-1|
ddLRRRdDR.
#000000000000000000
#assigned_pet=-1,-1,-1,-1,-1,-1,-1,-1,-1,-1,
#assigned_hub=0,0,0,0,0,0,0,0,0,5,
#moving_targetting_pos=2,1|5,30|25,1|15,1|12,29|9,2|22,29|19,30|29,2|16,26|
#setting_targetting_pos=2,29|5,1|25,30|15,30|12,1|9,30|22,1|19,2|29,30|-1,-1|
RLLdRR.dD.
#000000000000000000
#assigned_pet=-1,-1,-1,-1,-1,-1,-1,-1,-1,-1,
#assigned_hub=0,0,0,0,0,0,0,0,0,5,
#moving_targetting_pos=2,1|5,30|25,1|15,1|12,29|9,2|22,29|19,30|29,2|16,26|
#setting_targetting_pos=2,29|5,1|25,30|15,30|12,1|9,30|22,1|19,2|29,30|-1,-1|
RdURR..LR.
#000000000000000000
#assigned_pet=-1,-1,-1,-1,-1,-1,-1,-1,-1,-1,
#assigned_hub=0,0,0,0,0,0,0,0,0,5,
#moving_targetting_pos=2,1|5,30|25,1|15,1|12,29|9,2|22,29|19,30|29,2|16,26|
#setting_targetting_pos=2,29|5,1|25,30|15,30|12,1|9,30|22,1|19,2|29,30|-1,-1|
RLdurl.LD.
#000000000000000000
#assigned_pet=-1,-1,-1,-1,-1,-1,-1,-1,-1,-1,
#assigned_hub=0,0,0,0,0,0,0,0,0,5,
#moving_targetting_pos=2,1|5,30|25,1|15,1|12,29|9,2|22,29|19,30|29,2|16,26|
#setting_targetting_pos=2,29|5,1|25,30|15,30|12,1|9,30|22,1|19,2|29,30|-1,-1|
duRRd..rR.
#000000000000000000
#assigned_pet=-1,-1,-1,-1,-1,-1,-1,-1,-1,-1,
#assigned_hub=0,0,0,0,0,0,0,0,0,5,
#moving_targetting_pos=2,1|5,30|25,1|15,1|12,29|9,2|22,29|19,30|29,2|16,26|
#setting_targetting_pos=2,29|5,1|25,30|15,30|12,1|9,30|22,1|19,2|29,30|-1,-1|
uLdRL..uD.
#000000000000000000
#assigned_pet=-1,-1,-1,-1,-1,-1,-1,-1,-1,-1,
#assigned_hub=0,0,0,0,0,0,0,0,0,5,
#moving_targetting_pos=2,1|5,30|25,1|15,1|12,29|9,2|22,29|19,30|29,2|16,26|
#setting_targetting_pos=2,29|5,1|25,30|15,30|12,1|9,30|22,1|19,2|29,30|-1,-1|
RLRRL..LD.
#000000000000000000
#assigned_pet=-1,-1,-1,-1,-1,-1,-1,-1,-1,-1,
#assigned_hub=0,0,0,0,0,0,0,0,0,5,
#moving_targetting_pos=2,1|5,30|25,1|15,1|12,29|9,2|22,29|19,30|29,2|16,26|
#setting_targetting_pos=2,29|5,1|25,30|15,30|12,1|9,30|22,1|19,2|29,30|-1,-1|
lLdRL..LD.
#000000000000000000
#assigned_pet=-1,-1,-1,-1,-1,-1,-1,-1,-1,-1,
#assigned_hub=0,0,0,0,0,0,0,0,0,5,
#moving_targetting_pos=2,1|5,30|25,1|15,1|12,29|9,2|22,29|19,30|29,2|16,26|
#setting_targetting_pos=2,29|5,1|25,30|15,30|12,1|9,30|22,1|19,2|29,30|-1,-1|
RLR.d...D.
#000000000000000000
#assigned_pet=-1,-1,-1,-1,-1,-1,-1,-1,-1,-1,
#assigned_hub=0,0,0,0,0,0,0,0,0,5,
#moving_targetting_pos=2,1|5,30|25,1|15,1|12,29|9,2|22,29|19,30|29,2|16,26|
#setting_targetting_pos=2,29|5,1|25,30|15,30|12,1|9,30|22,1|19,2|29,30|-1,-1|
Ruu.uu..D.
#000000000000000000
#assigned_pet=-1,-1,-1,-1,-1,-1,-1,-1,-1,-1,
#assigned_hub=0,0,0,0,0,0,0,0,0,5,
#moving_targetting_pos=2,1|5,30|25,1|15,1|12,29|9,2|22,29|19,30|29,2|16,26|
#setting_targetting_pos=2,29|5,1|25,30|15,30|12,1|9,30|22,1|19,2|29,30|-1,-1|
dLRuLR..D.
#000000000000000000
#assigned_pet=-1,-1,-1,-1,-1,-1,-1,-1,-1,-1,
#assigned_hub=0,0,0,0,0,0,0,0,0,5,
#moving_targetting_pos=2,1|5,30|25,1|15,1|12,29|9,2|22,29|19,30|29,2|16,26|
#setting_targetting_pos=2,29|5,1|25,30|15,30|12,1|9,30|22,1|19,2|29,30|-1,-1|
RdRRrR..D.
#000000000000000000
#assigned_pet=-1,-1,-1,-1,-1,-1,-1,-1,-1,-1,
#assigned_hub=0,0,0,0,0,0,0,0,0,5,
#moving_targetting_pos=2,1|5,30|25,1|15,1|12,29|9,2|22,29|19,30|29,2|16,26|
#setting_targetting_pos=2,29|5,1|25,30|15,30|12,1|9,30|22,1|19,2|29,30|-1,-1|
RLRdLd..D.
#000000000000000000
#assigned_pet=-1,-1,-1,-1,-1,-1,-1,-1,-1,-1,
#assigned_hub=0,0,0,0,0,0,0,0,0,5,
#moving_targetting_pos=2,1|5,30|25,1|15,1|12,29|9,2|22,29|19,30|29,2|16,26|
#setting_targetting_pos=2,29|5,1|25,30|15,30|12,1|9,30|22,1|19,2|29,30|-1,-1|
ldRRLR..D.
#000000000000000000
#assigned_pet=-1,-1,-1,-1,-1,-1,-1,-1,-1,-1,
#assigned_hub=0,0,0,0,0,0,0,0,0,5,
#moving_targetting_pos=2,1|5,30|25,1|15,1|12,29|9,2|22,29|19,30|29,2|16,26|
#setting_targetting_pos=2,29|5,1|25,30|15,30|12,1|9,30|22,1|19,2|29,30|-1,-1|
uLuddl..D.
#000000000000000000
#assigned_pet=-1,-1,-1,-1,-1,-1,-1,-1,-1,-1,
#assigned_hub=0,0,0,0,0,0,0,0,0,5,
#moving_targetting_pos=2,1|5,30|25,1|15,1|12,29|9,2|22,29|19,30|29,2|16,26|
#setting_targetting_pos=2,29|5,1|25,30|15,30|12,1|9,30|22,1|19,2|29,30|-1,-1|
RdRRLR..D.
#000000000000000000
#assigned_pet=-1,-1,-1,-1,-1,-1,-1,-1,-1,-1,
#assigned_hub=0,0,0,0,0,0,0,0,0,5,
#moving_targetting_pos=2,1|5,30|25,1|15,1|12,29|9,2|22,29|19,30|29,2|16,26|
#setting_targetting_pos=2,29|5,1|25,30|15,30|12,1|9,30|22,1|19,2|29,30|-1,-1|
RLddLu..D.
#000000000000000000
#assigned_pet=-1,-1,-1,-1,-1,-1,-1,-1,-1,-1,
#assigned_hub=0,0,0,0,0,0,0,0,0,5,
#moving_targetting_pos=2,1|5,30|25,1|15,1|12,29|9,2|22,29|19,30|29,2|16,26|
#setting_targetting_pos=2,29|5,1|25,30|15,30|12,1|9,30|22,1|19,2|29,30|-1,-1|
ldRRuR..D.
#000000000000000000
#assigned_pet=-1,-1,-1,-1,-1,-1,-1,-1,-1,-1,
#assigned_hub=0,0,0,0,0,0,0,0,0,5,
#moving_targetting_pos=2,1|5,30|25,1|15,1|12,29|9,2|22,29|19,30|29,2|16,26|
#setting_targetting_pos=2,29|5,1|25,30|15,30|12,1|9,30|22,1|19,2|29,30|-1,-1|
dLdd.R..D.
#000000000000000000
#assigned_pet=-1,-1,-1,-1,-1,-1,-1,-1,-1,-1,
#assigned_hub=0,0,0,0,0,0,0,0,0,5,
#moving_targetting_pos=2,1|5,30|25,1|15,1|12,29|9,2|22,29|19,30|29,2|16,26|
#setting_targetting_pos=2,29|5,1|25,30|15,30|12,1|9,30|22,1|19,2|29,30|-1,-1|
RdRR.l..D.
#000000000000000000
#assigned_pet=-1,-1,-1,-1,-1,-1,-1,-1,-1,-1,
#assigned_hub=0,0,0,0,0,0,0,0,0,5,
#moving_targetting_pos=2,1|5,30|25,1|15,1|12,29|9,2|22,29|19,30|29,2|16,26|
#setting_targetting_pos=2,29|5,1|25,30|15,30|12,1|9,30|22,1|19,2|29,30|-1,-1|
RLdd.d..D.
#000000000000000000
#assigned_pet=-1,-1,-1,-1,-1,-1,-1,-1,-1,-1,
#assigned_hub=0,0,0,0,0,0,0,0,0,5,
#moving_targetting_pos=2,1|5,30|25,1|15,1|12,29|9,2|22,29|19,30|29,2|16,26|
#setting_targetting_pos=2,29|5,1|25,30|15,30|12,1|9,30|22,1|19,2|29,30|-1,-1|
R.RRrR..L.
#000000000000000000
#assigned_pet=-1,-1,-1,-1,-1,-1,-1,-1,-1,-1,
#assigned_hub=0,0,0,0,0,0,0,0,0,8,
#moving_targetting_pos=2,1|5,30|25,1|15,1|12,29|9,2|22,29|19,30|29,2|26,26|
#setting_targetting_pos=2,29|5,1|25,30|15,30|12,1|9,30|22,1|19,2|29,30|-1,-1|
duduLR..D.
#000000000000000000
#assigned_pet=-1,-1,-1,-1,-1,-1,-1,-1,-1,-1,
#assigned_hub=0,0,0,0,0,0,0,0,0,5,
#moving_targetting_pos=2,1|5,30|25,1|15,1|12,29|9,2|22,29|19,30|29,2|16,26|
#setting_targetting_pos=2,29|5,1|25,30|15,30|12,1|9,30|22,1|19,2|29,30|-1,-1|
uLRRLd..D.
#000000000000000000
#assigned_pet=-1,-1,-1,-1,-1,-1,-1,-1,-1,-1,
#assigned_hub=0,0,0,0,0,0,0,0,0,5,
#moving_targetting_pos=2,1|5,30|25,1|15,1|12,29|9,2|22,29|19,30|29,2|16,26|
#setting_targetting_pos=2,29|5,1|25,30|15,30|12,1|9,30|22,1|19,2|29,30|-1,-1|
RLdRrR..L.
#000000000000000000
#assigned_pet=-1,-1,-1,-1,-1,-1,-1,-1,-1,-1,
#assigned_hub=0,0,0,0,0,0,0,0,0,8,
#moving_targetting_pos=2,1|5,30|25,1|15,1|12,29|9,2|22,29|19,30|29,2|26,26|
#setting_targetting_pos=2,29|5,1|25,30|15,30|12,1|9,30|22,1|19,2|29,30|-1,-1|
lLRRdR..L.
#000000000000000000
#assigned_pet=-1,-1,-1,-1,-1,-1,-1,-1,-1,-1,
#assigned_hub=0,0,0,0,0,0,0,0,0,5,
#moving_targetting_pos=2,1|5,30|25,1|15,1|12,29|9,2|22,29|19,30|29,2|16,26|
#setting_targetting_pos=2,29|5,1|25,30|15,30|12,1|9,30|22,1|19,2|29,30|-1,-1|
RLuRLl..D.
#000000000000000000
#assigned_pet=-1,-1,-1,-1,-1,-1,-1,-1,-1,-1,
#assigned_hub=0,0,0,0,0,0,0,0,0,8,
#moving_targetting_pos=2,1|5,30|25,1|15,1|12,29|9,2|22,29|19,30|29,2|26,26|
#setting_targetting_pos=2,29|5,1|25,30|15,30|12,1|9,30|22,1|19,2|29,30|-1,-1|
RuR.Lu..D.
#000000000000000000
#assigned_pet=-1,-1,-1,-1,-1,-1,-1,-1,-1,-1,
#assigned_hub=0,0,0,0,0,0,0,0,0,8,
#moving_targetting_pos=2,1|5,30|25,1|15,1|12,29|9,2|22,29|19,30|29,2|26,26|
#setting_targetting_pos=2,29|5,1|25,30|15,30|12,1|9,30|22,1|19,2|29,30|-1,-1|
dLRuLR....
#000000000000000000
#assigned_pet=-1,-1,-1,-1,-1,-1,-1,-1,-1,-1,
#assigned_hub=0,0,0,0,0,0,0,0,0,5,
#moving_targetting_pos=2,1|5,30|25,1|15,1|12,29|9,2|22,29|19,30|29,2|16,26|
#setting_targetting_pos=2,29|5,1|25,30|15,30|12,1|9,30|22,1|19,2|29,30|-1,-1|
RdRRdR....
#000000000000000000
#assigned_pet=-1,-1,-1,-1,-1,-1,-1,-1,-1,-1,
#assigned_hub=0,0,0,0,0,0,0,0,0,5,
#moving_targetting_pos=2,1|5,30|25,1|15,1|12,29|9,2|22,29|19,30|29,2|16,26|
#setting_targetting_pos=2,29|5,1|25,30|15,30|12,1|9,30|22,1|19,2|29,30|-1,-1|
RLRdud....
#000000000000000000
#assigned_pet=-1,-1,-1,-1,-1,-1,-1,-1,-1,-1,
#assigned_hub=0,0,0,0,0,0,0,0,0,5,
#moving_targetting_pos=2,1|5,30|25,1|15,1|12,29|9,2|22,29|19,30|29,2|16,26|
#setting_targetting_pos=2,29|5,1|25,30|15,30|12,1|9,30|22,1|19,2|29,30|-1,-1|
lduRLR..d.
#000000000000000000
#assigned_pet=-1,-1,-1,-1,-1,-1,-1,-1,-1,-1,
#assigned_hub=0,0,0,0,0,0,0,0,0,5,
#moving_targetting_pos=2,1|5,30|25,1|15,1|12,29|9,2|22,29|19,30|29,2|16,26|
#setting_targetting_pos=2,29|5,1|25,30|15,30|12,1|9,30|22,1|19,2|29,30|-1,-1|
uLRdrl..R.
#000000000000000000
#assigned_pet=-1,-1,-1,-1,-1,-1,-1,-1,-1,-1,
#assigned_hub=0,0,0,0,0,0,0,0,0,5,
#moving_targetting_pos=2,1|5,30|25,1|15,1|12,29|9,2|22,29|19,30|29,2|16,26|
#setting_targetting_pos=2,29|5,1|25,30|15,30|12,1|9,30|22,1|19,2|29,30|-1,-1|
RddRLR..R.
#000000000000000000
#assigned_pet=-1,-1,-1,-1,-1,-1,-1,-1,-1,-1,
#assigned_hub=0,0,0,0,0,0,0,0,0,5,
#moving_targetting_pos=2,1|5,30|25,1|15,1|12,29|9,2|22,29|19,30|29,2|16,26|
#setting_targetting_pos=2,29|5,1|25,30|15,30|12,1|9,30|22,1|19,2|29,30|-1,-1|
RLRdLu..u.
#000000000000000000
#assigned_pet=-1,-1,-1,-1,-1,-1,-1,-1,-1,-1,
#assigned_hub=0,0,0,0,0,0,0,0,0,5,
#moving_targetting_pos=2,1|5,30|25,1|15,1|12,29|9,2|22,29|19,30|29,2|16,26|
#setting_targetting_pos=2,29|5,1|25,30|15,30|12,1|9,30|22,1|19,2|29,30|-1,-1|
lddR.R....
#000000000000000000
#assigned_pet=-1,-1,-1,-1,-1,-1,-1,-1,-1,-1,
#assigned_hub=0,0,0,0,0,0,0,0,0,5,
#moving_targetting_pos=2,1|5,30|25,1|15,1|12,29|9,2|22,29|19,30|29,2|16,26|
#setting_targetting_pos=2,29|5,1|25,30|15,30|12,1|9,30|22,1|19,2|29,30|-1,-1|
dLRd.R....
#000000000000000000
#assigned_pet=-1,-1,-1,-1,-1,-1,-1,-1,-1,-1,
#assigned_hub=0,0,0,0,0,0,0,0,0,5,
#moving_targetting_pos=2,1|5,30|25,1|15,1|12,29|9,2|22,29|19,30|29,2|16,26|
#setting_targetting_pos=2,29|5,1|25,30|15,30|12,1|9,30|22,1|19,2|29,30|-1,-1|
RddR.l....
#000000000000000000
#assigned_pet=-1,-1,-1,-1,-1,-1,-1,-1,-1,-1,
#assigned_hub=0,0,0,0,0,0,0,0,0,5,
#moving_targetting_pos=2,1|5,30|25,1|15,1|12,29|9,2|22,29|19,30|29,2|16,26|
#setting_targetting_pos=2,29|5,1|25,30|15,30|12,1|9,30|22,1|19,2|29,30|-1,-1|
RLRddd....
#000000000000000000
#assigned_pet=-1,-1,-1,-1,-1,-1,-1,-1,-1,-1,
#assigned_hub=0,0,0,0,0,0,0,0,0,5,
#moving_targetting_pos=2,1|5,30|25,1|15,1|12,29|9,2|22,29|19,30|29,2|16,26|
#setting_targetting_pos=2,29|5,1|25,30|15,30|12,1|9,30|22,1|19,2|29,30|-1,-1|
RudRLR....
#000000000000000000
#assigned_pet=-1,-1,-1,-1,-1,-1,-1,-1,-1,-1,
#assigned_hub=0,0,0,0,0,0,0,0,0,5,
#moving_targetting_pos=2,1|5,30|25,1|15,1|12,29|9,2|22,29|19,30|29,2|16,26|
#setting_targetting_pos=2,29|5,1|25,30|15,30|12,1|9,30|22,1|19,2|29,30|-1,-1|
dLRuLR....
#000000000000000000
#assigned_pet=-1,-1,-1,-1,-1,-1,-1,-1,-1,-1,
#assigned_hub=0,0,0,0,0,0,0,0,0,8,
#moving_targetting_pos=2,1|5,30|25,1|15,1|12,29|9,2|22,29|19,30|29,2|26,26|
#setting_targetting_pos=2,29|5,1|25,30|15,30|12,1|9,30|22,1|19,2|29,30|-1,-1|
uLdRrd..l.
#000000000000000000
#assigned_pet=-1,-1,-1,-1,-1,-1,-1,-1,-1,-1,
#assigned_hub=0,0,0,0,0,0,0,0,0,5,
#moving_targetting_pos=2,1|5,30|25,1|15,1|12,29|9,2|22,29|19,30|29,2|16,26|
#setting_targetting_pos=2,29|5,1|25,30|15,30|12,1|9,30|22,1|19,2|29,30|-1,-1|
RLRRuR..R.
#000000000000000000
#assigned_pet=-1,-1,-1,-1,-1,-1,-1,-1,-1,-1,
#assigned_hub=0,0,0,0,0,0,0,0,0,5,
#moving_targetting_pos=2,1|5,30|25,1|15,1|12,29|9,2|22,29|19,30|29,2|16,26|
#setting_targetting_pos=2,29|5,1|25,30|15,30|12,1|9,30|22,1|19,2|29,30|-1,-1|
lLuRLR..R.
#000000000000000000
#assigned_pet=-1,-1,-1,-1,-1,-1,-1,-1,-1,-1,
#assigned_hub=0,0,0,0,0,0,0,0,0,5,
#moving_targetting_pos=2,1|5,30|25,1|15,1|12,29|9,2|22,29|19,30|29,2|16,26|
#setting_targetting_pos=2,29|5,1|25,30|15,30|12,1|9,30|22,1|19,2|29,30|-1,-1|
R.RRLl....
#000000000000000000
#assigned_pet=-1,-1,-1,-1,-1,-1,-1,-1,-1,-1,
#assigned_hub=0,0,0,0,0,0,0,0,0,5,
#moving_targetting_pos=2,1|5,30|25,1|15,1|12,29|9,2|22,29|19,30|29,2|16,26|
#setting_targetting_pos=2,29|5,1|25,30|15,30|12,1|9,30|22,1|19,2|29,30|-1,-1|
RuRuru..d.
#000000000000000000
#assigned_pet=-1,-1,-1,-1,-1,-1,-1,-1,-1,-1,
#assigned_hub=0,0,0,0,0,0,0,0,0,5,
#moving_targetting_pos=2,1|5,30|25,1|15,1|12,29|9,2|22,29|19,30|29,2|16,26|
#setting_targetting_pos=2,29|5,1|25,30|15,30|12,1|9,30|22,1|19,2|29,30|-1,-1|
rLRR.R..R.
#000000000000000000
#assigned_pet=-1,-1,-1,-1,-1,-1,-1,-1,-1,-1,
#assigned_hub=0,0,0,0,0,0,0,0,0,5,
#moving_targetting_pos=2,1|5,30|25,1|15,1|12,29|9,2|22,29|19,30|29,2|16,26|
#setting_targetting_pos=2,29|5,1|25,30|15,30|12,1|9,30|22,1|19,2|29,30|-1,-1|
ddRd.R..l.
#000000000000000000
#assigned_pet=-1,-1,-1,-1,-1,-1,-1,-1,-1,-1,
#assigned_hub=2,0,0,0,0,0,0,0,0,5,
#moving_targetting_pos=6,26|5,30|25,1|15,1|12,29|9,2|22,29|19,30|29,2|16,26|
#setting_targetting_pos=2,29|5,1|25,30|15,30|12,1|9,30|22,1|19,2|29,30|-1,-1|
LLuR.d..R.
#000000000000000000
#assigned_pet=-1,-1,-1,-1,-1,-1,-1,-1,-1,-1,
#assigned_hub=2,0,0,0,0,0,0,0,0,5,
#moving_targetting_pos=6,26|5,30|25,1|15,1|12,29|9,2|22,29|19,30|29,2|16,26|
#setting_targetting_pos=-1,-1|5,1|25,30|15,30|12,1|9,30|22,1|19,2|29,30|-1,-1|
LdRddR....
#000000000000000000
#assigned_pet=-1,-1,-1,-1,-1,-1,-1,-1,-1,-1,
#assigned_hub=2,0,0,8,0,0,0,0,0,5,
#moving_targetting_pos=6,26|5,30|25,1|26,26|12,29|9,2|22,29|19,30|29,2|16,26|
#setting_targetting_pos=-1,-1|5,1|25,30|15,30|12,1|9,30|22,1|19,2|29,30|-1,-1|
DLdLLl..u.
#000000000000000000
#assigned_pet=-1,-1,-1,-1,-1,-1,-1,-1,-1,-1,
#assigned_hub=2,0,0,8,0,0,0,0,0,5,
#moving_targetting_pos=6,26|5,30|25,1|26,26|12,29|9,2|22,29|19,30|29,2|16,26|
#setting_targetting_pos=-1,-1|5,1|25,30|-1,-1|12,1|9,30|22,1|19,2|29,30|-1,-1|
D.RLLR..R.
#000000000000000000
#assigned_pet=-1,-1,-1,-1,-1,-1,-1,-1,-1,-1,
#assigned_hub=2,0,0,8,0,0,0,0,0,5,
#moving_targetting_pos=6,26|5,30|25,1|26,26|12,29|9,2|22,29|19,30|29,2|16,26|
#setting_targetting_pos=-1,-1|5,1|25,30|-1,-1|12,1|9,30|22,1|19,2|29,30|-1,-1|
Ld.LLu..R.
#000000000000000000
#assigned_pet=6,-1,-1,-1,-1,-1,-1,-1,-1,-1,
#assigned_hub=2,0,0,8,0,0,0,0,0,5,
#moving_targetting_pos=-1,-1|6,6|25,1|26,26|12,29|9,2|22,29|19,30|29,2|16,26|
#setting_targetting_pos=7,28|5,1|25,30|-1,-1|12,1|9,30|22,1|19,2|29,30|-1,-1|
RR.DdR..l.
#000000000000000000
#assigned_pet=6,-1,-1,-1,-1,-1,-1,-1,-1,-1,
#assigned_hub=2,0,0,8,0,0,0,0,0,5,
#moving_targetting_pos=-1,-1|6,6|25,1|26,26|12,29|9,2|22,29|19,30|29,2|16,26|
#setting_targetting_pos=7,28|-1,-1|25,30|-1,-1|12,1|9,30|22,1|19,2|29,30|-1,-1|
DR.DuR..d.
#000000000000000000
#assigned_pet=6,-1,-1,-1,-1,-1,-1,-1,-1,-1,
#assigned_hub=2,0,0,8,0,0,0,0,0,5,
#moving_targetting_pos=-1,-1|6,6|25,1|26,26|12,29|9,2|22,29|19,30|29,2|16,26|
#setting_targetting_pos=7,28|-1,-1|25,30|-1,-1|12,1|9,30|22,1|19,2|29,30|-1,-1|
RR.DL...R.
#000000000000000000
#assigned_pet=6,-1,-1,-1,-1,-1,-1,-1,-1,-1,
#assigned_hub=2,0,0,8,0,0,0,0,0,5,
#moving_targetting_pos=-1,-1|6,6|25,1|26,26|12,29|9,2|22,29|19,30|29,2|16,26|
#setting_targetting_pos=7,28|-1,-1|25,30|-1,-1|12,1|9,30|22,1|19,2|29,30|-1,-1|
DR.Dr...R.
#000000000000000000
#assigned_pet=6,4,-1,-1,-1,-1,-1,-1,-1,-1,
#assigned_hub=2,0,0,8,0,0,0,0,0,5,
#moving_targetting_pos=-1,-1|-1,-1|25,1|26,26|12,29|9,2|22,29|19,30|29,2|16,26|
#setting_targetting_pos=7,28|7,4|25,30|-1,-1|12,1|9,30|22,1|19,2|29,30|-1,-1|
.LdDL...d.
#000000000000000000
#assigned_pet=8,4,-1,-1,-1,-1,-1,-1,-1,-1,
#assigned_hub=2,0,7,8,0,0,0,0,0,5,
#moving_targetting_pos=-1,-1|-1,-1|26,16|26,26|12,29|9,2|22,29|19,30|29,2|16,26|
#setting_targetting_pos=7,28|7,4|25,30|-1,-1|12,1|9,30|22,1|19,2|29,30|-1,-1|
.DLDL...R.
#000000000000000000
#assigned_pet=-1,4,-1,-1,-1,-1,-1,-1,-1,-1,
#assigned_hub=2,0,7,8,0,0,0,0,0,5,
#moving_targetting_pos=-1,-1|-1,-1|26,16|26,26|12,29|9,2|22,29|19,30|29,2|16,26|
#setting_targetting_pos=-1,-1|7,4|-1,-1|-1,-1|12,1|9,30|22,1|19,2|29,30|-1,-1|
..LDd...R.
#000000000000000000
#assigned_pet=-1,4,-1,-1,-1,-1,-1,-1,-1,-1,
#assigned_hub=2,0,7,8,0,0,0,0,0,5,
#moving_targetting_pos=-1,-1|-1,-1|26,16|26,26|12,29|9,2|22,29|19,30|29,2|16,26|
#setting_targetting_pos=-1,-1|7,4|-1,-1|-1,-1|12,1|9,30|22,1|19,2|29,30|-1,-1|
..LDLl..l.
#000000000000000000
#assigned_pet=-1,4,-1,-1,-1,-1,-1,-1,-1,-1,
#assigned_hub=2,0,7,8,0,0,0,0,0,5,
#moving_targetting_pos=-1,-1|-1,-1|26,16|26,26|12,29|9,2|22,29|19,30|29,2|16,26|
#setting_targetting_pos=-1,-1|7,4|-1,-1|-1,-1|12,1|9,30|22,1|19,2|29,30|-1,-1|
..LDLd..u.
#000000000000000000
#assigned_pet=-1,4,-1,-1,-1,-1,-1,-1,-1,-1,
#assigned_hub=2,0,7,8,0,1,0,0,0,5,
#moving_targetting_pos=-1,-1|-1,-1|26,16|26,26|12,29|6,16|22,29|19,30|29,2|16,26|
#setting_targetting_pos=-1,-1|7,4|-1,-1|-1,-1|12,1|9,30|22,1|19,2|29,30|-1,-1|
..LL.U..R.
#000000000000000000
#assigned_pet=-1,-1,-1,3,-1,-1,-1,-1,-1,-1,
#assigned_hub=2,0,7,8,0,1,0,0,0,5,
#moving_targetting_pos=-1,-1|-1,-1|26,16|-1,-1|12,29|6,16|22,29|19,30|29,2|16,26|
#setting_targetting_pos=-1,-1|-1,-1|-1,-1|25,28|12,1|-1,-1|22,1|19,2|29,30|-1,-1|
..LR.L..R.
#000000000000000000
#assigned_pet=-1,-1,-1,3,-1,-1,-1,-1,-1,-1,
#assigned_hub=2,0,7,8,0,1,0,0,0,5,
#moving_targetting_pos=-1,-1|-1,-1|26,16|-1,-1|12,29|6,16|22,29|19,30|29,2|16,26|
#setting_targetting_pos=-1,-1|-1,-1|-1,-1|25,28|12,1|-1,-1|22,1|19,2|29,30|-1,-1|
..LDuU..d.
#000100000000000000
#assigned_pet=-1,-1,-1,3,-1,-1,-1,-1,-1,-1,
#assigned_hub=2,0,7,8,0,1,0,0,0,5,
#moving_targetting_pos=-1,-1|-1,-1|26,16|-1,-1|12,29|6,16|22,29|19,30|29,2|16,26|
#setting_targetting_pos=-1,-1|-1,-1|-1,-1|25,28|12,1|-1,-1|22,1|19,2|29,30|-1,-1|
..Lr.L..R.
#000100000000000000
#assigned_pet=-1,-1,-1,-1,-1,-1,-1,-1,-1,-1,
#assigned_hub=2,0,7,8,0,1,0,0,0,5,
#moving_targetting_pos=-1,-1|-1,-1|26,16|-1,-1|12,29|6,16|22,29|19,30|29,2|16,26|
#setting_targetting_pos=-1,-1|-1,-1|-1,-1|-1,-1|12,1|-1,-1|22,1|19,2|29,30|-1,-1|
..L..L..l.
#000100000000000000
#assigned_pet=-1,-1,-1,-1,-1,-1,-1,-1,-1,-1,
#assigned_hub=2,0,7,8,0,1,0,0,0,5,
#moving_targetting_pos=-1,-1|-1,-1|26,16|-1,-1|12,29|6,16|22,29|19,30|29,2|16,26|
#setting_targetting_pos=-1,-1|-1,-1|-1,-1|-1,-1|12,1|-1,-1|22,1|19,2|29,30|-1,-1|
..L.rL..R.
#000100000000000000
#assigned_pet=-1,-1,-1,-1,-1,-1,-1,-1,-1,-1,
#assigned_hub=2,0,7,8,3,1,0,0,0,5,
#moving_targetting_pos=-1,-1|-1,-1|26,16|-1,-1|16,6|6,16|22,29|19,30|29,2|16,26|
#setting_targetting_pos=-1,-1|-1,-1|-1,-1|-1,-1|12,1|-1,-1|22,1|19,2|29,30|-1,-1|
..L.DL..u.
#000100000000000000
#assigned_pet=-1,-1,-1,-1,-1,-1,-1,-1,-1,-1,
#assigned_hub=2,0,7,8,3,1,0,0,0,5,
#moving_targetting_pos=-1,-1|-1,-1|26,16|-1,-1|16,6|6,16|22,29|19,30|29,2|16,26|
#setting_targetting_pos=-1,-1|-1,-1|-1,-1|-1,-1|-1,-1|-1,-1|22,1|19,2|29,30|-1,-1|
..L.RL..R.
#000100000000000000
#assigned_pet=-1,-1,-1,-1,-1,-1,-1,-1,-1,-1,
#assigned_hub=2,0,7,8,3,1,0,0,0,5,
#moving_targetting_pos=-1,-1|-1,-1|26,16|-1,-1|16,6|6,16|22,29|19,30|29,2|16,26|
#setting_targetting_pos=-1,-1|-1,-1|-1,-1|-1,-1|-1,-1|-1,-1|22,1|19,2|29,30|-1,-1|
..L.DL..R.
#000100000000000000
#assigned_pet=-1,-1,-1,-1,-1,-1,-1,-1,-1,-1,
#assigned_hub=2,0,7,8,3,1,0,0,0,5,
#moving_targetting_pos=-1,-1|-1,-1|-1,-1|-1,-1|16,6|6,16|22,29|19,30|29,2|16,26|
#setting_targetting_pos=-1,-1|-1,-1|-1,-1|-1,-1|-1,-1|-1,-1|22,1|19,2|29,30|-1,-1|
....RL..l.
#000100000000000000
#assigned_pet=-1,-1,-1,-1,-1,-1,-1,-1,-1,-1,
#assigned_hub=2,0,7,8,3,1,0,0,0,5,
#moving_targetting_pos=-1,-1|-1,-1|-1,-1|-1,-1|16,6|6,16|22,29|19,30|29,2|16,26|
#setting_targetting_pos=-1,-1|-1,-1|-1,-1|-1,-1|-1,-1|-1,-1|22,1|19,2|29,30|-1,-1|
....DL..d.
#000100000000000000
#assigned_pet=-1,-1,-1,-1,-1,-1,-1,-1,-1,-1,
#assigned_hub=2,0,7,8,3,1,0,0,0,5,
#moving_targetting_pos=-1,-1|-1,-1|-1,-1|-1,-1|16,6|6,16|22,29|19,30|29,2|16,26|
#setting_targetting_pos=-1,-1|-1,-1|-1,-1|-1,-1|-1,-1|-1,-1|22,1|19,2|29,30|-1,-1|
....RL..R.
#000100000000000000
#assigned_pet=-1,-1,-1,-1,-1,-1,-1,-1,-1,-1,
#assigned_hub=2,0,7,8,3,1,0,0,0,5,
#moving_targetting_pos=-1,-1|-1,-1|-1,-1|-1,-1|16,6|6,16|22,29|19,30|29,2|16,26|
#setting_targetting_pos=-1,-1|-1,-1|-1,-1|-1,-1|-1,-1|-1,-1|22,1|19,2|29,30|-1,-1|
....RL..R.
#000100000000000000
#assigned_pet=-1,0,2,2,0,-1,-1,-1,-1,-1,
#assigned_hub=2,0,7,8,3,1,0,0,0,5,
#moving_targetting_pos=-1,-1|-1,-1|-1,-1|-1,-1|-1,-1|6,16|22,29|19,30|29,2|16,26|
#setting_targetting_pos=-1,-1|8,5|27,18|27,24|14,5|-1,-1|22,1|19,2|29,30|-1,-1|
.RRL.L..d.
#000100000000000000
#assigned_pet=-1,0,2,2,0,-1,-1,-1,-1,-1,
#assigned_hub=2,0,7,8,3,1,0,0,0,5,
#moving_targetting_pos=-1,-1|-1,-1|-1,-1|-1,-1|-1,-1|6,16|22,29|19,30|29,2|16,26|
#setting_targetting_pos=-1,-1|8,5|27,18|27,24|14,5|-1,-1|22,1|19,2|29,30|-1,-1|
.DDL.L..R.
#000100000000000000
#assigned_pet=-1,0,2,2,0,-1,-1,-1,-1,-1,
#assigned_hub=2,0,7,8,3,1,0,0,0,5,
#moving_targetting_pos=-1,-1|-1,-1|-1,-1|-1,-1|-1,-1|-1,-1|22,29|19,30|29,2|16,26|
#setting_targetting_pos=-1,-1|8,5|27,18|27,24|14,5|-1,-1|22,1|19,2|29,30|-1,-1|
...L....R.
#100110000000000100
#assigned_pet=-1,0,-1,2,0,-1,-1,-1,-1,-1,
#assigned_hub=2,0,7,8,3,1,0,0,0,5,
#moving_targetting_pos=-1,-1|-1,-1|-1,-1|-1,-1|-1,-1|-1,-1|22,29|19,30|29,2|16,26|
#setting_targetting_pos=-1,-1|8,5|-1,-1|28,25|14,5|-1,-1|22,1|19,2|29,30|-1,-1|
.d.Ru...u.
#100110000000000100
#assigned_pet=-1,16,2,2,16,-1,-1,-1,-1,-1,
#assigned_hub=2,0,7,8,3,1,0,0,0,5,
#moving_targetting_pos=-1,-1|-1,-1|-1,-1|-1,-1|-1,-1|-1,-1|22,29|19,30|29,2|16,26|
#setting_targetting_pos=-1,-1|8,7|27,18|27,24|14,7|-1,-1|22,1|19,2|29,30|-1,-1|
.R.LR.....
#100110000000000100
#assigned_pet=-1,16,2,2,16,-1,-1,-1,-1,-1,
#assigned_hub=2,0,7,8,3,1,0,0,0,5,
#moving_targetting_pos=-1,-1|-1,-1|-1,-1|-1,-1|-1,-1|-1,-1|22,29|19,30|29,2|16,26|
#setting_targetting_pos=-1,-1|8,7|27,18|27,24|14,7|-1,-1|22,1|19,2|29,30|-1,-1|
.R.DR.....
#100110000000000110
#assigned_pet=-1,16,-1,2,16,-1,-1,-1,-1,-1,
#assigned_hub=2,0,7,8,3,1,0,0,0,5,
#moving_targetting_pos=-1,-1|-1,-1|-1,-1|-1,-1|-1,-1|-1,-1|22,29|19,30|29,2|16,26|
#setting_targetting_pos=-1,-1|8,7|-1,-1|28,25|14,7|-1,-1|22,1|19,2|29,30|-1,-1|
.d.Ru.....
#100110000000000110
#assigned_pet=-1,-1,-1,2,-1,-1,-1,-1,-1,-1,
#assigned_hub=2,0,7,8,3,1,0,0,0,5,
#moving_targetting_pos=-1,-1|-1,-1|-1,-1|-1,-1|-1,-1|-1,-1|22,29|19,30|29,2|16,26|
#setting_targetting_pos=-1,-1|-1,-1|-1,-1|28,25|-1,-1|-1,-1|22,1|19,2|29,30|-1,-1|
...D......
#100110000000000110
#assigned_pet=-1,13,2,2,-1,13,-1,-1,-1,-1,
#assigned_hub=2,0,7,8,3,1,0,0,0,5,
#moving_targetting_pos=-1,-1|-1,-1|-1,-1|-1,-1|-1,-1|-1,-1|22,29|19,30|29,2|16,26|
#setting_targetting_pos=-1,-1|7,8|27,18|27,24|-1,-1|7,14|22,1|19,2|29,30|-1,-1|
.....L....
#100110000000000110
#assigned_pet=-1,13,-1,-1,-1,13,-1,-1,-1,-1,
#assigned_hub=2,0,7,8,3,1,0,0,0,5,
#moving_targetting_pos=-1,-1|-1,-1|-1,-1|-1,-1|-1,-1|-1,-1|22,29|19,30|29,2|16,26|
#setting_targetting_pos=-1,-1|7,8|-1,-1|-1,-1|-1,-1|7,14|22,1|19,2|29,30|-1,-1|
.....L..l.
#101110000000010110
#assigned_pet=-1,13,2,2,-1,13,-1,-1,-1,-1,
#assigned_hub=2,0,7,8,3,1,0,0,0,5,
#moving_targetting_pos=-1,-1|-1,-1|-1,-1|-1,-1|-1,-1|-1,-1|22,29|19,30|29,2|16,26|
#setting_targetting_pos=-1,-1|7,8|27,18|27,24|-1,-1|7,14|22,1|19,2|29,30|-1,-1|
.rdl.l..R.
#101110000000010110
#assigned_pet=-1,-1,-1,-1,-1,-1,-1,-1,-1,-1,
#assigned_hub=2,0,4,8,3,1,0,0,0,5,
#moving_targetting_pos=-1,-1|6,6|16,16|-1,-1|-1,-1|-1,-1|22,29|19,30|29,2|16,26|
#setting_targetting_pos=-1,-1|-1,-1|-1,-1|-1,-1|-1,-1|-1,-1|22,1|19,2|29,30|-1,-1|
..L.....R.
#101110000000010110
#assigned_pet=-1,-1,-1,-1,-1,-1,-1,-1,-1,-1,
#assigned_hub=2,0,4,8,3,1,0,0,0,5,
#moving_targetting_pos=-1,-1|6,6|16,16|-1,-1|-1,-1|-1,-1|22,29|19,30|29,2|16,26|
#setting_targetting_pos=-1,-1|-1,-1|-1,-1|-1,-1|-1,-1|-1,-1|22,1|19,2|29,30|-1,-1|
..L.....d.
#101110000000010110
#assigned_pet=-1,-1,-1,-1,-1,-1,-1,-1,-1,-1,
#assigned_hub=2,0,4,8,3,1,0,0,0,5,
#moving_targetting_pos=-1,-1|6,6|16,16|-1,-1|-1,-1|-1,-1|22,29|19,30|29,2|16,26|
#setting_targetting_pos=-1,-1|-1,-1|-1,-1|-1,-1|-1,-1|-1,-1|22,1|19,2|29,30|-1,-1|
..U.....R.
#101110000000010110
#assigned_pet=10,-1,-1,-1,-1,10,-1,-1,-1,-1,
#assigned_hub=2,0,4,8,3,1,0,0,0,5,
#moving_targetting_pos=-1,-1|-1,-1|16,16|-1,-1|-1,-1|-1,-1|22,29|19,30|29,2|16,26|
#setting_targetting_pos=5,24|-1,-1|-1,-1|-1,-1|-1,-1|5,18|22,1|19,2|29,30|-1,-1|
L.U..R..l.
#101110000000010110
#assigned_pet=10,-1,-1,-1,11,10,-1,-1,-1,-1,
#assigned_hub=2,0,4,8,3,1,0,0,0,5,
#moving_targetting_pos=-1,-1|6,6|16,16|-1,-1|-1,-1|-1,-1|22,29|19,30|29,2|16,26|
#setting_targetting_pos=5,24|-1,-1|-1,-1|-1,-1|17,4|5,18|22,1|19,2|29,30|-1,-1|
L.U.LR..R.
#101110000000010110
#assigned_pet=10,-1,-1,-1,11,10,-1,-1,-1,-1,
#assigned_hub=2,0,7,8,3,1,0,0,0,5,
#moving_targetting_pos=-1,-1|-1,-1|26,16|-1,-1|-1,-1|-1,-1|22,29|19,30|29,2|16,26|
#setting_targetting_pos=5,24|-1,-1|-1,-1|-1,-1|17,4|5,18|22,1|19,2|29,30|-1,-1|
L.D.LR..u.
#101110000000010110
#assigned_pet=10,-1,-1,-1,11,10,-1,-1,-1,-1,
#assigned_hub=2,4,7,8,3,1,0,0,0,5,
#moving_targetting_pos=-1,-1|16,16|-1,-1|-1,-1|-1,-1|-1,-1|22,29|19,30|29,2|16,26|
#setting_targetting_pos=5,24|-1,-1|-1,-1|-1,-1|17,4|5,18|22,1|19,2|29,30|-1,-1|
LU..LU..R.
#101110000010010110
#assigned_pet=10,-1,-1,-1,11,10,-1,-1,-1,-1,
#assigned_hub=2,0,7,8,3,1,0,0,0,5,
#moving_targetting_pos=-1,-1|6,6|-1,-1|-1,-1|-1,-1|-1,-1|22,29|19,30|29,2|16,26|
#setting_targetting_pos=5,24|-1,-1|-1,-1|-1,-1|17,4|5,18|22,1|19,2|29,30|-1,-1|
u...Du..R.
#101110000010010110
#assigned_pet=-1,-1,-1,-1,11,-1,-1,-1,-1,-1,
#assigned_hub=2,4,7,8,3,1,0,0,0,5,
#moving_targetting_pos=-1,-1|16,16|-1,-1|-1,-1|-1,-1|-1,-1|22,29|19,30|29,2|16,26|
#setting_targetting_pos=-1,-1|-1,-1|-1,-1|-1,-1|17,4|-1,-1|22,1|19,2|29,30|-1,-1|
.R......l.
#101110000010010110
#assigned_pet=-1,-1,-1,-1,-1,-1,-1,-1,-1,-1,
#assigned_hub=2,4,7,8,3,1,0,0,0,5,
#moving_targetting_pos=-1,-1|16,16|-1,-1|-1,-1|-1,-1|-1,-1|22,29|19,30|29,2|16,26|
#setting_targetting_pos=-1,-1|-1,-1|-1,-1|-1,-1|-1,-1|-1,-1|22,1|19,2|29,30|-1,-1|
.U......d.
#101110000010010110
#assigned_pet=-1,-1,-1,-1,-1,-1,-1,-1,-1,-1,
#assigned_hub=2,0,7,8,3,1,0,0,4,5,
#moving_targetting_pos=-1,-1|6,6|-1,-1|-1,-1|-1,-1|-1,-1|22,29|19,30|16,16|16,26|
#setting_targetting_pos=-1,-1|-1,-1|-1,-1|-1,-1|-1,-1|-1,-1|22,1|19,2|29,30|-1,-1|
.L......U.
#101110000010010110
#assigned_pet=-1,-1,-1,-1,-1,-1,-1,-1,-1,-1,
#assigned_hub=2,0,7,8,3,1,0,0,4,5,
#moving_targetting_pos=-1,-1|-1,-1|-1,-1|-1,-1|-1,-1|-1,-1|22,29|19,30|16,16|16,26|
#setting_targetting_pos=-1,-1|-1,-1|-1,-1|-1,-1|-1,-1|-1,-1|22,1|19,2|-1,-1|-1,-1|
........L.
#101110000010010110
#assigned_pet=-1,-1,-1,-1,-1,-1,-1,-1,-1,-1,
#assigned_hub=2,0,7,8,3,1,0,0,4,5,
#moving_targetting_pos=-1,-1|-1,-1|-1,-1|-1,-1|-1,-1|-1,-1|22,29|19,30|16,16|16,26|
#setting_targetting_pos=-1,-1|-1,-1|-1,-1|-1,-1|-1,-1|-1,-1|22,1|19,2|-1,-1|-1,-1|
........U.
#101110000010010110
#assigned_pet=-1,-1,-1,-1,-1,-1,-1,-1,-1,-1,
#assigned_hub=2,0,7,8,3,1,0,0,4,5,
#moving_targetting_pos=-1,-1|-1,-1|-1,-1|-1,-1|-1,-1|-1,-1|22,29|19,30|16,16|16,26|
#setting_targetting_pos=-1,-1|-1,-1|-1,-1|-1,-1|-1,-1|-1,-1|22,1|19,2|-1,-1|-1,-1|
........L.
#101110000010010110
#assigned_pet=-1,-1,-1,-1,-1,-1,-1,-1,-1,-1,
#assigned_hub=2,0,7,8,3,1,0,0,4,5,
#moving_targetting_pos=-1,-1|-1,-1|-1,-1|-1,-1|-1,-1|-1,-1|22,29|19,30|16,16|16,26|
#setting_targetting_pos=-1,-1|-1,-1|-1,-1|-1,-1|-1,-1|-1,-1|22,1|19,2|-1,-1|-1,-1|
........L.
#101110000010010110
#assigned_pet=-1,-1,-1,-1,-1,-1,-1,-1,-1,-1,
#assigned_hub=2,0,7,8,3,1,0,0,4,5,
#moving_targetting_pos=-1,-1|-1,-1|-1,-1|-1,-1|-1,-1|-1,-1|22,29|19,30|16,16|16,26|
#setting_targetting_pos=-1,-1|-1,-1|-1,-1|-1,-1|-1,-1|-1,-1|22,1|19,2|-1,-1|-1,-1|
........L.
#101110000010010110
#assigned_pet=-1,14,-1,-1,-1,14,-1,-1,-1,-1,
#assigned_hub=2,0,7,8,3,1,0,0,4,5,
#moving_targetting_pos=-1,-1|-1,-1|-1,-1|-1,-1|-1,-1|-1,-1|22,29|19,30|16,16|16,26|
#setting_targetting_pos=-1,-1|5,8|-1,-1|-1,-1|-1,-1|5,14|22,1|19,2|-1,-1|-1,-1|
.....L..L.
#101110000010010110
#assigned_pet=8,-1,-1,-1,-1,8,-1,-1,-1,-1,
#assigned_hub=2,0,7,8,3,1,0,0,4,5,
#moving_targetting_pos=-1,-1|-1,-1|-1,-1|-1,-1|-1,-1|-1,-1|22,29|19,30|16,16|16,26|
#setting_targetting_pos=7,24|-1,-1|-1,-1|-1,-1|-1,-1|7,18|22,1|19,2|-1,-1|-1,-1|
.....R..U.
#101110001010010110
#assigned_pet=8,-1,-1,-1,-1,8,-1,-1,-1,-1,
#assigned_hub=2,0,7,8,3,1,0,0,6,5,
#moving_targetting_pos=-1,-1|-1,-1|-1,-1|-1,-1|-1,-1|-1,-1|22,29|19,30|26,6|16,26|
#setting_targetting_pos=7,24|-1,-1|-1,-1|-1,-1|-1,-1|7,18|22,1|19,2|-1,-1|-1,-1|
d....d..L.
#101110001010010110
#assigned_pet=-1,-1,-1,-1,-1,-1,-1,-1,-1,-1,
#assigned_hub=2,0,7,8,3,1,0,0,6,5,
#moving_targetting_pos=-1,-1|-1,-1|-1,-1|-1,-1|-1,-1|-1,-1|22,29|19,30|26,6|16,26|
#setting_targetting_pos=-1,-1|-1,-1|-1,-1|-1,-1|-1,-1|-1,-1|22,1|19,2|-1,-1|-1,-1|
........U.
#101110001010010110
#assigned_pet=-1,-1,-1,-1,-1,-1,-1,-1,-1,-1,
#assigned_hub=2,0,7,8,3,4,0,0,6,5,
#moving_targetting_pos=-1,-1|-1,-1|-1,-1|-1,-1|-1,-1|16,16|22,29|19,30|26,6|16,26|
#setting_targetting_pos=-1,-1|-1,-1|-1,-1|-1,-1|-1,-1|-1,-1|22,1|19,2|-1,-1|-1,-1|
.....L..L.
#101110001010010110
#assigned_pet=-1,-1,-1,-1,-1,-1,-1,-1,-1,-1,
#assigned_hub=2,0,7,8,3,4,0,0,6,5,
#moving_targetting_pos=-1,-1|-1,-1|-1,-1|-1,-1|-1,-1|16,16|22,29|19,30|26,6|16,26|
#setting_targetting_pos=-1,-1|-1,-1|-1,-1|-1,-1|-1,-1|-1,-1|22,1|19,2|-1,-1|-1,-1|
.....D..L.
#101110001010010110
#assigned_pet=-1,-1,-1,-1,-1,-1,-1,-1,-1,-1,
#assigned_hub=2,0,7,8,3,4,0,0,6,5,
#moving_targetting_pos=-1,-1|-1,-1|-1,-1|-1,-1|-1,-1|16,16|22,29|19,30|26,6|16,26|
#setting_targetting_pos=-1,-1|-1,-1|-1,-1|-1,-1|-1,-1|-1,-1|22,1|19,2|-1,-1|-1,-1|
.....D..L.
#101110001010010110
#assigned_pet=-1,-1,-1,-1,-1,-1,-1,-1,-1,-1,
#assigned_hub=2,0,7,8,3,4,0,0,6,5,
#moving_targetting_pos=-1,-1|-1,-1|-1,-1|-1,-1|-1,-1|16,16|22,29|19,30|26,6|16,26|
#setting_targetting_pos=-1,-1|-1,-1|-1,-1|-1,-1|-1,-1|-1,-1|22,1|19,2|-1,-1|-1,-1|
.....D..L.
#101110001010010110
#assigned_pet=-1,-1,-1,-1,-1,-1,-1,-1,-1,-1,
#assigned_hub=2,0,7,8,3,1,0,0,4,5,
#moving_targetting_pos=-1,-1|-1,-1|-1,-1|-1,-1|-1,-1|6,16|22,29|19,30|16,16|16,26|
#setting_targetting_pos=-1,-1|-1,-1|-1,-1|-1,-1|-1,-1|-1,-1|22,1|19,2|-1,-1|-1,-1|
.....U..L.
#101110101010010110
#assigned_pet=-1,-1,-1,6,-1,-1,-1,-1,-1,-1,
#assigned_hub=2,0,7,8,3,1,0,0,4,5,
#moving_targetting_pos=-1,-1|-1,-1|-1,-1|-1,-1|-1,-1|6,16|22,29|19,30|16,16|16,26|
#setting_targetting_pos=-1,-1|-1,-1|-1,-1|28,25|-1,-1|-1,-1|22,1|19,2|-1,-1|-1,-1|
...d.L..L.
#101110101010010110
#assigned_pet=-1,14,-1,-1,-1,14,-1,-1,-1,-1,
#assigned_hub=2,0,7,8,3,1,0,0,6,5,
#moving_targetting_pos=-1,-1|-1,-1|-1,-1|-1,-1|-1,-1|-1,-1|22,29|19,30|26,6|16,26|
#setting_targetting_pos=-1,-1|5,8|-1,-1|-1,-1|-1,-1|5,14|22,1|19,2|-1,-1|-1,-1|
.....L..L.
#101110101010010110
#assigned_pet=-1,14,-1,-1,-1,14,-1,-1,-1,-1,
#assigned_hub=2,0,7,4,3,1,0,0,6,5,
#moving_targetting_pos=-1,-1|-1,-1|-1,-1|16,16|-1,-1|-1,-1|22,29|19,30|26,6|16,26|
#setting_targetting_pos=-1,-1|5,8|-1,-1|-1,-1|-1,-1|5,14|22,1|19,2|-1,-1|-1,-1|
...U.U..L.
#101110101010010110
#assigned_pet=-1,14,-1,-1,-1,14,-1,-1,-1,-1,
#assigned_hub=2,0,7,4,3,1,0,0,6,5,
#moving_targetting_pos=-1,-1|-1,-1|-1,-1|16,16|-1,-1|-1,-1|22,29|19,30|26,6|16,26|
#setting_targetting_pos=-1,-1|5,8|-1,-1|-1,-1|-1,-1|5,14|22,1|19,2|-1,-1|-1,-1|
...L.U..L.
#101110101010010110
#assigned_pet=-1,14,-1,-1,-1,14,-1,-1,-1,-1,
#assigned_hub=2,0,7,4,3,1,0,0,6,5,
#moving_targetting_pos=-1,-1|-1,-1|-1,-1|16,16|-1,-1|-1,-1|22,29|19,30|26,6|16,26|
#setting_targetting_pos=-1,-1|5,8|-1,-1|-1,-1|-1,-1|5,14|22,1|19,2|-1,-1|-1,-1|
...U.L..L.
#101110101010010110
#assigned_pet=-1,14,-1,-1,-1,14,-1,-1,-1,-1,
#assigned_hub=2,0,7,4,3,1,0,0,6,5,
#moving_targetting_pos=-1,-1|-1,-1|-1,-1|16,16|-1,-1|-1,-1|22,29|19,30|26,6|16,26|
#setting_targetting_pos=-1,-1|5,8|-1,-1|-1,-1|-1,-1|5,14|22,1|19,2|-1,-1|-1,-1|
...L....L.
#101110101010010110
#assigned_pet=-1,-1,-1,-1,-1,-1,-1,-1,-1,-1,
#assigned_hub=2,0,7,4,3,1,0,0,6,5,
#moving_targetting_pos=-1,-1|-1,-1|-1,-1|16,16|-1,-1|-1,-1|22,29|19,30|26,6|16,26|
#setting_targetting_pos=-1,-1|-1,-1|-1,-1|-1,-1|-1,-1|-1,-1|22,1|19,2|-1,-1|-1,-1|
...L....L.
#101110101010010110
#assigned_pet=-1,-1,-1,-1,-1,-1,-1,-1,-1,-1,
#assigned_hub=2,0,7,4,3,1,0,0,6,5,
#moving_targetting_pos=-1,-1|-1,-1|-1,-1|16,16|-1,-1|-1,-1|22,29|19,30|26,6|16,26|
#setting_targetting_pos=-1,-1|-1,-1|-1,-1|-1,-1|-1,-1|-1,-1|22,1|19,2|-1,-1|-1,-1|
...L....L.
#101110101010010110
#assigned_pet=-1,-1,-1,-1,-1,-1,-1,-1,-1,-1,
#assigned_hub=2,0,7,4,3,1,0,0,6,5,
#moving_targetting_pos=-1,-1|-1,-1|-1,-1|16,16|-1,-1|-1,-1|22,29|19,30|26,6|16,26|
#setting_targetting_pos=-1,-1|-1,-1|-1,-1|-1,-1|-1,-1|-1,-1|22,1|19,2|-1,-1|-1,-1|
...L....L.
#101110101010010110
#assigned_pet=-1,-1,-1,-1,-1,-1,-1,-1,-1,-1,
#assigned_hub=2,0,7,4,3,1,0,0,6,5,
#moving_targetting_pos=-1,-1|-1,-1|-1,-1|16,16|-1,-1|-1,-1|22,29|19,30|26,6|16,26|
#setting_targetting_pos=-1,-1|-1,-1|-1,-1|-1,-1|-1,-1|-1,-1|22,1|19,2|-1,-1|-1,-1|
...L....L.
#101110101010010110
#assigned_pet=-1,-1,-1,-1,-1,-1,-1,-1,-1,-1,
#assigned_hub=2,0,7,4,3,1,0,0,6,5,
#moving_targetting_pos=-1,-1|-1,-1|-1,-1|16,16|-1,-1|-1,-1|22,29|19,30|26,6|16,26|
#setting_targetting_pos=-1,-1|-1,-1|-1,-1|-1,-1|-1,-1|-1,-1|22,1|19,2|-1,-1|-1,-1|
...L....L.
#101110101010010110
#assigned_pet=-1,-1,-1,-1,-1,-1,-1,-1,-1,-1,
#assigned_hub=2,0,7,4,3,1,0,0,6,5,
#moving_targetting_pos=-1,-1|-1,-1|-1,-1|16,16|-1,-1|-1,-1|22,29|19,30|26,6|16,26|
#setting_targetting_pos=-1,-1|-1,-1|-1,-1|-1,-1|-1,-1|-1,-1|22,1|19,2|-1,-1|-1,-1|
...L....L.
#101110101010010110
#assigned_pet=-1,-1,5,-1,-1,-1,-1,-1,5,-1,
#assigned_hub=2,0,7,4,3,1,0,0,6,5,
#moving_targetting_pos=-1,-1|6,6|-1,-1|16,16|-1,-1|-1,-1|22,29|19,30|-1,-1|16,26|
#setting_targetting_pos=-1,-1|-1,-1|25,14|-1,-1|-1,-1|-1,-1|22,1|19,2|25,8|-1,-1|
..LL......
#101110101010010110
#assigned_pet=17,-1,5,-1,-1,-1,-1,-1,5,-1,
#assigned_hub=2,0,7,4,3,1,0,0,6,5,
#moving_targetting_pos=-1,-1|6,6|-1,-1|16,16|-1,-1|-1,-1|22,29|19,30|-1,-1|16,26|
#setting_targetting_pos=5,28|-1,-1|25,14|-1,-1|-1,-1|-1,-1|22,1|19,2|25,8|-1,-1|
R.DU......
#101110101010010110
#assigned_pet=-1,-1,5,-1,-1,-1,-1,-1,5,-1,
#assigned_hub=2,0,7,4,3,1,0,0,6,5,
#moving_targetting_pos=-1,-1|6,6|-1,-1|16,16|-1,-1|-1,-1|22,29|19,30|-1,-1|16,26|
#setting_targetting_pos=-1,-1|-1,-1|25,14|-1,-1|-1,-1|-1,-1|22,1|19,2|25,8|-1,-1|
...U......
#101110101010010110
#assigned_pet=-1,-1,5,-1,-1,-1,-1,-1,5,-1,
#assigned_hub=2,0,7,4,3,1,0,0,6,5,
#moving_targetting_pos=-1,-1|6,6|-1,-1|16,16|-1,-1|-1,-1|22,29|19,30|-1,-1|16,26|
#setting_targetting_pos=-1,-1|-1,-1|25,14|-1,-1|-1,-1|-1,-1|22,1|19,2|25,8|-1,-1|
...U......
#101110101010010110
#assigned_pet=-1,-1,5,-1,-1,-1,-1,-1,5,-1,
#assigned_hub=2,0,7,4,3,1,0,0,6,5,
#moving_targetting_pos=-1,-1|6,6|-1,-1|16,16|-1,-1|-1,-1|22,29|19,30|-1,-1|16,26|
#setting_targetting_pos=-1,-1|-1,-1|25,14|-1,-1|-1,-1|-1,-1|22,1|19,2|25,8|-1,-1|
...U......
#101110101010010110
#assigned_pet=-1,-1,5,-1,-1,-1,-1,-1,5,-1,
#assigned_hub=2,0,7,4,3,1,0,0,6,5,
#moving_targetting_pos=-1,-1|6,6|-1,-1|16,16|-1,-1|-1,-1|22,29|19,30|-1,-1|16,26|
#setting_targetting_pos=-1,-1|-1,-1|25,14|-1,-1|-1,-1|-1,-1|22,1|19,2|25,8|-1,-1|
...U......
#101110101010010110
#assigned_pet=-1,-1,5,-1,-1,-1,-1,-1,5,-1,
#assigned_hub=2,0,7,4,3,1,0,0,6,5,
#moving_targetting_pos=-1,-1|6,6|-1,-1|16,16|-1,-1|-1,-1|22,29|19,30|-1,-1|16,26|
#setting_targetting_pos=-1,-1|-1,-1|25,14|-1,-1|-1,-1|-1,-1|22,1|19,2|25,8|-1,-1|
...U......
#101110101010010110
#assigned_pet=-1,-1,5,-1,-1,-1,-1,-1,5,-1,
#assigned_hub=2,0,7,4,3,1,0,0,6,5,
#moving_targetting_pos=-1,-1|6,6|-1,-1|16,16|-1,-1|-1,-1|22,29|19,30|-1,-1|16,26|
#setting_targetting_pos=-1,-1|-1,-1|25,14|-1,-1|-1,-1|-1,-1|22,1|19,2|25,8|-1,-1|
...U......
#101110101010010110
#assigned_pet=-1,-1,5,9,-1,9,-1,-1,5,-1,
#assigned_hub=2,0,7,4,3,1,0,0,6,5,
#moving_targetting_pos=-1,-1|6,6|-1,-1|-1,-1|-1,-1|-1,-1|22,29|19,30|-1,-1|16,26|
#setting_targetting_pos=-1,-1|-1,-1|25,14|14,15|-1,-1|8,15|22,1|19,2|25,8|-1,-1|
...L.R....
#101110101010010110
#assigned_pet=-1,-1,5,9,-1,9,-1,-1,5,-1,
#assigned_hub=2,0,7,4,3,1,0,0,6,5,
#moving_targetting_pos=-1,-1|6,6|-1,-1|-1,-1|-1,-1|-1,-1|22,29|19,30|-1,-1|16,26|
#setting_targetting_pos=-1,-1|-1,-1|25,14|14,15|-1,-1|8,15|22,1|19,2|25,8|-1,-1|
...U.D....
#101110101010010110
#assigned_pet=-1,-1,5,9,-1,9,-1,-1,5,-1,
#assigned_hub=2,0,7,4,3,1,0,0,6,5,
#moving_targetting_pos=-1,-1|-1,-1|-1,-1|-1,-1|-1,-1|-1,-1|22,29|19,30|-1,-1|16,26|
#setting_targetting_pos=-1,-1|-1,-1|25,14|14,15|-1,-1|8,15|22,1|19,2|25,8|-1,-1|
...U......
#101110101010010110
#assigned_pet=-1,-1,5,14,14,-1,-1,-1,5,-1,
#assigned_hub=2,0,7,4,3,1,0,0,6,5,
#moving_targetting_pos=-1,-1|-1,-1|-1,-1|-1,-1|-1,-1|-1,-1|22,29|19,30|-1,-1|16,26|
#setting_targetting_pos=-1,-1|-1,-1|25,14|15,14|15,8|-1,-1|22,1|19,2|25,8|-1,-1|
...LR.....
#101110101010010110
#assigned_pet=-1,-1,5,14,14,-1,-1,-1,5,-1,
#assigned_hub=2,0,7,4,3,1,0,0,6,5,
#moving_targetting_pos=-1,-1|-1,-1|-1,-1|-1,-1|-1,-1|-1,-1|22,29|19,30|-1,-1|16,26|
#setting_targetting_pos=-1,-1|-1,-1|25,14|15,14|15,8|-1,-1|22,1|19,2|25,8|-1,-1|
....R.....
#101110101010010110
#assigned_pet=-1,-1,5,-1,-1,-1,-1,-1,5,-1,
#assigned_hub=2,0,7,4,3,1,0,0,6,5,
#moving_targetting_pos=-1,-1|-1,-1|-1,-1|-1,-1|-1,-1|-1,-1|22,29|19,30|-1,-1|16,26|
#setting_targetting_pos=-1,-1|-1,-1|25,14|-1,-1|-1,-1|-1,-1|22,1|19,2|25,8|-1,-1|
..........
#101110101010010110
#assigned_pet=-1,-1,5,-1,-1,-1,-1,-1,5,-1,
#assigned_hub=2,0,7,4,3,1,0,0,6,5,
#moving_targetting_pos=-1,-1|-1,-1|-1,-1|-1,-1|-1,-1|-1,-1|22,29|19,30|-1,-1|16,26|
#setting_targetting_pos=-1,-1|-1,-1|25,14|-1,-1|-1,-1|-1,-1|22,1|19,2|25,8|-1,-1|
..........
#101110101010010110
#assigned_pet=-1,-1,5,12,12,-1,-1,-1,5,-1,
#assigned_hub=2,0,7,4,3,1,0,0,6,5,
#moving_targetting_pos=-1,-1|-1,-1|-1,-1|-1,-1|-1,-1|-1,-1|22,29|19,30|-1,-1|16,26|
#setting_targetting_pos=-1,-1|-1,-1|25,14|17,14|17,8|-1,-1|22,1|19,2|25,8|-1,-1|
....R.....
#101110101010010110
#assigned_pet=-1,9,5,12,12,9,-1,-1,5,-1,
#assigned_hub=2,0,7,4,3,1,0,0,6,5,
#moving_targetting_pos=-1,-1|-1,-1|-1,-1|-1,-1|-1,-1|-1,-1|22,29|19,30|-1,-1|16,26|
#setting_targetting_pos=-1,-1|5,8|25,14|17,14|17,8|5,14|22,1|19,2|25,8|-1,-1|
....RU....
#101110101010010110
#assigned_pet=-1,9,5,-1,-1,9,-1,-1,5,-1,
#assigned_hub=2,0,7,4,3,1,0,0,6,5,
#moving_targetting_pos=-1,-1|-1,-1|-1,-1|-1,-1|-1,-1|-1,-1|22,29|19,30|-1,-1|16,26|
#setting_targetting_pos=-1,-1|5,8|25,14|-1,-1|-1,-1|5,14|22,1|19,2|25,8|-1,-1|
.....L....
#101110101110010110
#assigned_pet=-1,9,5,-1,-1,9,-1,-1,5,-1,
#assigned_hub=2,0,7,4,3,1,0,0,6,5,
#moving_targetting_pos=-1,-1|-1,-1|-1,-1|-1,-1|-1,-1|-1,-1|22,29|19,30|-1,-1|16,26|
#setting_targetting_pos=-1,-1|5,8|25,14|-1,-1|-1,-1|5,14|22,1|19,2|25,8|-1,-1|
.r...u....
#101110101110010110
#assigned_pet=-1,-1,-1,12,12,-1,-1,-1,7,-1,
#assigned_hub=2,0,7,4,3,1,0,0,6,5,
#moving_targetting_pos=-1,-1|6,6|-1,-1|-1,-1|-1,-1|6,16|22,29|19,30|-1,-1|16,26|
#setting_targetting_pos=-1,-1|-1,-1|-1,-1|17,14|17,8|-1,-1|22,1|19,2|25,4|-1,-1|
........L.
#101110101110010110
#assigned_pet=-1,-1,5,-1,-1,-1,-1,-1,5,-1,
#assigned_hub=2,0,7,4,3,1,0,0,6,5,
#moving_targetting_pos=-1,-1|6,6|-1,-1|-1,-1|-1,-1|-1,-1|22,29|19,30|-1,-1|16,26|
#setting_targetting_pos=-1,-1|-1,-1|25,14|-1,-1|-1,-1|-1,-1|22,1|19,2|25,8|-1,-1|
........R.
#101110101110010110
#assigned_pet=-1,-1,-1,-1,-1,-1,-1,-1,7,-1,
#assigned_hub=2,0,7,4,3,1,0,0,6,5,
#moving_targetting_pos=-1,-1|6,6|-1,-1|-1,-1|-1,-1|-1,-1|22,29|19,30|-1,-1|16,26|
#setting_targetting_pos=-1,-1|-1,-1|-1,-1|-1,-1|-1,-1|-1,-1|22,1|19,2|25,4|-1,-1|
........L.
#101110101110010110
#assigned_pet=-1,-1,5,-1,-1,-1,-1,-1,5,-1,
#assigned_hub=2,0,7,4,3,1,0,0,6,5,
#moving_targetting_pos=-1,-1|6,6|-1,-1|-1,-1|-1,-1|-1,-1|22,29|19,30|-1,-1|16,26|
#setting_targetting_pos=-1,-1|-1,-1|25,14|-1,-1|-1,-1|-1,-1|22,1|19,2|25,8|-1,-1|
........R.
#101110101110010110
#assigned_pet=-1,-1,5,-1,-1,-1,-1,-1,5,-1,
#assigned_hub=2,0,7,4,3,1,0,0,6,5,
#moving_targetting_pos=-1,-1|6,6|-1,-1|-1,-1|-1,-1|-1,-1|22,29|19,30|-1,-1|16,26|
#setting_targetting_pos=-1,-1|-1,-1|25,14|-1,-1|-1,-1|-1,-1|22,1|19,2|25,8|-1,-1|
..........
#101110101110010110
#assigned_pet=-1,-1,5,1,-1,1,-1,-1,5,-1,
#assigned_hub=2,0,7,4,3,1,0,0,6,5,
#moving_targetting_pos=-1,-1|6,6|-1,-1|-1,-1|-1,-1|-1,-1|22,29|19,30|-1,-1|16,26|
#setting_targetting_pos=-1,-1|-1,-1|25,14|14,15|-1,-1|8,15|22,1|19,2|25,8|-1,-1|
...R.R....
#101110101110010110
#assigned_pet=-1,-1,-1,1,-1,1,-1,-1,7,-1,
#assigned_hub=2,0,7,4,3,1,0,0,6,5,
#moving_targetting_pos=-1,-1|6,6|-1,-1|-1,-1|-1,-1|-1,-1|22,29|19,30|-1,-1|16,26|
#setting_targetting_pos=-1,-1|-1,-1|-1,-1|14,15|-1,-1|8,15|22,1|19,2|25,4|-1,-1|
...U.D..L.
#111110101110010110
#assigned_pet=-1,-1,-1,1,5,1,-1,-1,5,-1,
#assigned_hub=2,0,7,4,3,1,0,0,6,5,
#moving_targetting_pos=-1,-1|6,6|-1,-1|-1,-1|-1,-1|-1,-1|22,29|19,30|-1,-1|16,26|
#setting_targetting_pos=-1,-1|-1,-1|-1,-1|14,15|18,7|8,15|22,1|19,2|24,7|-1,-1|
...uLd..R.
#111110101110010110
#assigned_pet=-1,-1,-1,-1,14,-1,-1,-1,14,-1,
#assigned_hub=2,0,7,4,3,1,0,0,6,5,
#moving_targetting_pos=-1,-1|6,6|-1,-1|-1,-1|-1,-1|-1,-1|22,29|19,30|-1,-1|16,26|
#setting_targetting_pos=-1,-1|-1,-1|-1,-1|-1,-1|18,7|-1,-1|22,1|19,2|24,7|-1,-1|
....D.....
#111110101110010110
#assigned_pet=-1,-1,-1,-1,5,-1,-1,-1,5,-1,
#assigned_hub=2,0,7,4,3,1,0,0,6,5,
#moving_targetting_pos=-1,-1|6,6|-1,-1|-1,-1|-1,-1|-1,-1|22,29|19,30|-1,-1|16,26|
#setting_targetting_pos=-1,-1|-1,-1|-1,-1|-1,-1|18,7|-1,-1|22,1|19,2|24,7|-1,-1|
..........
#111110101110010110
#assigned_pet=-1,-1,-1,12,5,12,-1,-1,5,-1,
#assigned_hub=2,0,7,4,3,1,0,0,6,5,
#moving_targetting_pos=-1,-1|6,6|-1,-1|-1,-1|-1,-1|-1,-1|22,29|19,30|-1,-1|16,26|
#setting_targetting_pos=-1,-1|-1,-1|-1,-1|14,17|18,7|8,17|22,1|19,2|24,7|-1,-1|
...R.R....
#111110101110010110
#assigned_pet=-1,-1,-1,12,5,12,-1,-1,5,-1,
#assigned_hub=2,0,7,4,3,1,0,0,6,5,
#moving_targetting_pos=-1,-1|6,6|-1,-1|-1,-1|-1,-1|-1,-1|22,29|19,30|-1,-1|16,26|
#setting_targetting_pos=-1,-1|-1,-1|-1,-1|14,17|18,7|8,17|22,1|19,2|24,7|-1,-1|
...R.R....
#111110101110110110
#assigned_pet=-1,-1,-1,12,-1,12,-1,-1,7,-1,
#assigned_hub=2,0,7,4,3,1,0,0,6,5,
#moving_targetting_pos=-1,-1|6,6|-1,-1|-1,-1|-1,-1|-1,-1|22,29|19,30|-1,-1|16,26|
#setting_targetting_pos=-1,-1|-1,-1|-1,-1|14,17|-1,-1|8,17|22,1|19,2|25,4|-1,-1|
...u.d..L.
#111110101110110110
#assigned_pet=-1,-1,5,-1,-1,-1,-1,-1,5,-1,
#assigned_hub=2,0,7,4,3,1,0,0,6,5,
#moving_targetting_pos=-1,-1|6,6|-1,-1|-1,-1|-1,-1|6,16|22,29|19,30|-1,-1|16,26|
#setting_targetting_pos=-1,-1|-1,-1|25,14|-1,-1|-1,-1|-1,-1|22,1|19,2|25,8|-1,-1|
........R.
#111110101110110110
#assigned_pet=-1,-1,-1,-1,-1,-1,-1,-1,7,-1,
#assigned_hub=2,0,7,4,3,1,0,0,6,5,
#moving_targetting_pos=-1,-1|6,6|-1,-1|-1,-1|-1,-1|6,16|22,29|19,30|-1,-1|16,26|
#setting_targetting_pos=-1,-1|-1,-1|-1,-1|-1,-1|-1,-1|-1,-1|22,1|19,2|25,4|-1,-1|
........L.
#111110101110110110
#assigned_pet=-1,-1,5,-1,-1,-1,-1,-1,5,-1,
#assigned_hub=2,0,7,4,3,1,0,0,6,5,
#moving_targetting_pos=-1,-1|6,6|-1,-1|16,16|-1,-1|6,16|22,29|19,30|-1,-1|16,26|
#setting_targetting_pos=-1,-1|-1,-1|25,14|-1,-1|-1,-1|-1,-1|22,1|19,2|25,8|-1,-1|
........R.
#111110101110110110
#assigned_pet=-1,-1,5,-1,-1,-1,-1,-1,5,-1,
#assigned_hub=2,0,7,4,3,1,0,0,6,5,
#moving_targetting_pos=-1,-1|6,6|-1,-1|-1,-1|-1,-1|6,16|22,29|19,30|-1,-1|16,26|
#setting_targetting_pos=-1,-1|-1,-1|25,14|-1,-1|-1,-1|-1,-1|22,1|19,2|25,8|-1,-1|
..........
#111110101110110110
#assigned_pet=-1,-1,5,-1,-1,-1,-1,-1,5,-1,
#assigned_hub=2,0,7,4,3,1,0,0,6,5,
#moving_targetting_pos=-1,-1|6,6|-1,-1|-1,-1|-1,-1|6,16|22,29|19,30|-1,-1|16,26|
#setting_targetting_pos=-1,-1|-1,-1|25,14|-1,-1|-1,-1|-1,-1|22,1|19,2|25,8|-1,-1|
..........
#111110101110110110
#assigned_pet=-1,-1,5,-1,-1,-1,-1,-1,5,-1,
#assigned_hub=2,0,7,4,3,1,0,0,6,5,
#moving_targetting_pos=-1,-1|6,6|-1,-1|-1,-1|-1,-1|6,16|22,29|19,30|-1,-1|16,26|
#setting_targetting_pos=-1,-1|-1,-1|25,14|-1,-1|-1,-1|-1,-1|22,1|19,2|25,8|-1,-1|
..........
#111110101110110110
#assigned_pet=-1,-1,5,-1,-1,-1,-1,-1,5,-1,
#assigned_hub=2,0,7,4,3,1,0,0,6,5,
#moving_targetting_pos=-1,-1|6,6|-1,-1|16,16|-1,-1|6,16|22,29|19,30|-1,-1|16,26|
#setting_targetting_pos=-1,-1|-1,-1|25,14|-1,-1|-1,-1|-1,-1|22,1|19,2|25,8|-1,-1|
..........
#111110101110110110
#assigned_pet=-1,-1,5,-1,-1,-1,-1,-1,5,-1,
#assigned_hub=2,0,7,4,3,1,0,0,6,5,
#moving_targetting_pos=-1,-1|6,6|-1,-1|16,16|-1,-1|6,16|22,29|19,30|-1,-1|16,26|
#setting_targetting_pos=-1,-1|-1,-1|25,14|-1,-1|-1,-1|-1,-1|22,1|19,2|25,8|-1,-1|
..........
#111110101110110110
#assigned_pet=-1,-1,5,-1,-1,-1,-1,-1,5,-1,
#assigned_hub=2,0,7,4,3,1,0,0,6,5,
#moving_targetting_pos=-1,-1|6,6|-1,-1|16,16|-1,-1|6,16|22,29|19,30|-1,-1|16,26|
#setting_targetting_pos=-1,-1|-1,-1|25,14|-1,-1|-1,-1|-1,-1|22,1|19,2|25,8|-1,-1|
..........
#111110101110110110
#assigned_pet=-1,-1,5,-1,-1,-1,-1,-1,5,-1,
#assigned_hub=2,0,7,4,3,1,0,0,6,5,
#moving_targetting_pos=-1,-1|6,6|-1,-1|-1,-1|-1,-1|6,16|22,29|19,30|-1,-1|16,26|
#setting_targetting_pos=-1,-1|-1,-1|25,14|-1,-1|-1,-1|-1,-1|22,1|19,2|25,8|-1,-1|
..........
#111110101110110110
#assigned_pet=-1,-1,5,-1,-1,-1,-1,-1,5,-1,
#assigned_hub=2,0,7,4,3,1,0,0,6,5,
#moving_targetting_pos=-1,-1|6,6|-1,-1|-1,-1|-1,-1|6,16|22,29|19,30|-1,-1|16,26|
#setting_targetting_pos=-1,-1|-1,-1|25,14|-1,-1|-1,-1|-1,-1|22,1|19,2|25,8|-1,-1|
..........
#111110101110110110
#assigned_pet=-1,-1,5,-1,-1,-1,-1,-1,5,-1,
#assigned_hub=2,0,7,4,3,1,0,0,6,5,
#moving_targetting_pos=-1,-1|6,6|-1,-1|-1,-1|-1,-1|6,16|22,29|19,30|-1,-1|16,26|
#setting_targetting_pos=-1,-1|-1,-1|25,14|-1,-1|-1,-1|-1,-1|22,1|19,2|25,8|-1,-1|
..........
#111110101110110110
#assigned_pet=-1,-1,5,-1,-1,-1,-1,-1,5,-1,
#assigned_hub=2,0,7,4,3,1,0,0,6,5,
#moving_targetting_pos=-1,-1|6,6|-1,-1|-1,-1|-1,-1|6,16|22,29|19,30|-1,-1|16,26|
#setting_targetting_pos=-1,-1|-1,-1|25,14|-1,-1|-1,-1|-1,-1|22,1|19,2|25,8|-1,-1|
..........
#111110101110110110
#assigned_pet=-1,-1,5,-1,-1,-1,-1,-1,5,-1,
#assigned_hub=2,0,7,4,3,1,0,0,6,5,
#moving_targetting_pos=-1,-1|6,6|-1,-1|-1,-1|-1,-1|6,16|22,29|19,30|-1,-1|16,26|
#setting_targetting_pos=-1,-1|-1,-1|25,14|-1,-1|-1,-1|-1,-1|22,1|19,2|25,8|-1,-1|
..........
#111110101110110110
#assigned_pet=-1,-1,5,-1,-1,-1,-1,-1,5,-1,
#assigned_hub=2,0,7,4,3,1,0,0,6,5,
#moving_targetting_pos=-1,-1|6,6|-1,-1|-1,-1|-1,-1|6,16|22,29|19,30|-1,-1|16,26|
#setting_targetting_pos=-1,-1|-1,-1|25,14|-1,-1|-1,-1|-1,-1|22,1|19,2|25,8|-1,-1|
..........
#111110101110110110
#assigned_pet=-1,-1,5,-1,-1,-1,-1,-1,5,-1,
#assigned_hub=2,0,7,4,3,1,0,0,6,5,
#moving_targetting_pos=-1,-1|6,6|-1,-1|-1,-1|-1,-1|6,16|22,29|19,30|-1,-1|16,26|
#setting_targetting_pos=-1,-1|-1,-1|25,14|-1,-1|-1,-1|-1,-1|22,1|19,2|25,8|-1,-1|
..........
#111110101110110110
#assigned_pet=-1,-1,11,-1,-1,-1,-1,-1,11,-1,
#assigned_hub=2,0,7,4,3,1,0,0,6,5,
#moving_targetting_pos=-1,-1|6,6|-1,-1|-1,-1|-1,-1|6,16|22,29|19,30|-1,-1|16,26|
#setting_targetting_pos=-1,-1|-1,-1|27,14|-1,-1|-1,-1|-1,-1|22,1|19,2|27,8|-1,-1|
..L.....R.
#111110101110110110
#assigned_pet=-1,-1,11,-1,-1,-1,-1,-1,11,-1,
#assigned_hub=2,0,7,4,3,1,0,0,6,5,
#moving_targetting_pos=-1,-1|6,6|-1,-1|-1,-1|-1,-1|6,16|22,29|19,30|-1,-1|16,26|
#setting_targetting_pos=-1,-1|-1,-1|27,14|-1,-1|-1,-1|-1,-1|22,1|19,2|27,8|-1,-1|
..D.....D.
#111110101111110110
#assigned_pet=-1,-1,11,-1,-1,-1,-1,-1,11,-1,
#assigned_hub=2,0,7,4,3,1,0,0,6,5,
#moving_targetting_pos=-1,-1|6,6|-1,-1|-1,-1|-1,-1|6,16|22,29|19,30|-1,-1|16,26|
#setting_targetting_pos=-1,-1|-1,-1|27,14|-1,-1|-1,-1|-1,-1|22,1|19,2|27,8|-1,-1|
..d.....d.
#111110101111110110
#assigned_pet=-1,-1,-1,-1,7,-1,-1,-1,7,-1,
#assigned_hub=2,0,7,4,3,1,0,0,6,5,
#moving_targetting_pos=6,26|6,6|-1,-1|-1,-1|-1,-1|6,16|22,29|19,30|-1,-1|16,26|
#setting_targetting_pos=-1,-1|-1,-1|-1,-1|-1,-1|18,5|-1,-1|22,1|19,2|24,5|-1,-1|
....L...L.
#111110101111110110
#assigned_pet=-1,-1,14,-1,-1,-1,-1,-1,14,-1,
#assigned_hub=2,0,7,4,3,1,0,0,6,5,
#moving_targetting_pos=-1,-1|6,6|-1,-1|-1,-1|-1,-1|6,16|22,29|19,30|-1,-1|16,26|
#setting_targetting_pos=-1,-1|-1,-1|25,14|-1,-1|-1,-1|-1,-1|22,1|19,2|25,8|-1,-1|
........R.
#111110101111110110
#assigned_pet=-1,-1,14,-1,-1,-1,-1,-1,14,-1,
#assigned_hub=2,0,7,4,3,1,0,0,6,5,
#moving_targetting_pos=-1,-1|6,6|-1,-1|-1,-1|-1,-1|6,16|22,29|19,30|-1,-1|16,26|
#setting_targetting_pos=-1,-1|-1,-1|25,14|-1,-1|-1,-1|-1,-1|22,1|19,2|25,8|-1,-1|
..........
#111110101111110110
#assigned_pet=-1,-1,14,-1,-1,-1,-1,-1,14,-1,
#assigned_hub=2,0,7,4,3,1,0,0,6,5,
#moving_targetting_pos=-1,-1|6,6|-1,-1|-1,-1|-1,-1|6,16|22,29|19,30|-1,-1|16,26|
#setting_targetting_pos=-1,-1|-1,-1|25,14|-1,-1|-1,-1|-1,-1|22,1|19,2|25,8|-1,-1|
..........
#111110101111110110
#assigned_pet=-1,-1,14,-1,-1,-1,-1,-1,14,-1,
#assigned_hub=2,0,7,4,3,1,0,0,6,5,
#moving_targetting_pos=6,26|6,6|-1,-1|-1,-1|-1,-1|6,16|22,29|19,30|-1,-1|16,26|
#setting_targetting_pos=-1,-1|-1,-1|25,14|-1,-1|-1,-1|-1,-1|22,1|19,2|25,8|-1,-1|
..........
#111110101111110110
#assigned_pet=-1,-1,5,5,7,-1,-1,-1,7,-1,
#assigned_hub=2,0,7,4,3,1,0,0,6,5,
#moving_targetting_pos=-1,-1|6,6|-1,-1|-1,-1|-1,-1|6,16|22,29|19,30|-1,-1|16,26|
#setting_targetting_pos=-1,-1|-1,-1|24,15|18,15|18,5|-1,-1|22,1|19,2|24,5|-1,-1|
..RLL...L.
#111110101111110110
#assigned_pet=-1,-1,-1,-1,7,-1,-1,-1,7,-1,
#assigned_hub=2,0,7,4,3,1,0,0,6,5,
#moving_targetting_pos=-1,-1|6,6|-1,-1|-1,-1|-1,-1|6,16|22,29|19,30|-1,-1|16,26|
#setting_targetting_pos=-1,-1|-1,-1|-1,-1|-1,-1|18,5|-1,-1|22,1|19,2|24,5|-1,-1|
........L.
#111110101111110110
#assigned_pet=-1,-1,-1,-1,7,-1,-1,-1,7,-1,
#assigned_hub=2,0,7,4,3,1,0,0,6,5,
#moving_targetting_pos=-1,-1|6,6|-1,-1|-1,-1|-1,-1|6,16|22,29|19,30|-1,-1|16,26|
#setting_targetting_pos=-1,-1|-1,-1|-1,-1|-1,-1|18,5|-1,-1|22,1|19,2|24,5|-1,-1|
........L.
#111110101111110110
#assigned_pet=-1,-1,-1,-1,7,-1,-1,-1,7,-1,
#assigned_hub=2,0,7,4,3,1,0,0,6,5,
#moving_targetting_pos=-1,-1|6,6|-1,-1|-1,-1|-1,-1|6,16|22,29|19,30|-1,-1|16,26|
#setting_targetting_pos=-1,-1|-1,-1|-1,-1|-1,-1|18,5|-1,-1|22,1|19,2|24,5|-1,-1|
........U.
#111110101111110110
#assigned_pet=-1,-1,-1,-1,-1,-1,-1,-1,-1,-1,
#assigned_hub=2,0,7,4,3,1,0,0,6,5,
#moving_targetting_pos=-1,-1|6,6|-1,-1|-1,-1|-1,-1|6,16|22,29|19,30|-1,-1|16,26|
#setting_targetting_pos=-1,-1|-1,-1|-1,-1|-1,-1|-1,-1|-1,-1|22,1|19,2|-1,-1|-1,-1|
..........
#111110101111110110
#assigned_pet=-1,-1,14,14,-1,-1,-1,-1,-1,-1,
#assigned_hub=2,0,7,4,3,1,0,0,6,5,
#moving_targetting_pos=-1,-1|6,6|-1,-1|-1,-1|-1,-1|6,16|22,29|19,30|-1,-1|16,26|
#setting_targetting_pos=-1,-1|-1,-1|24,15|18,15|-1,-1|-1,-1|22,1|19,2|-1,-1|-1,-1|
..UL......
#111110101111110110
#assigned_pet=-1,-1,14,14,7,-1,-1,-1,7,-1,
#assigned_hub=2,0,7,4,3,1,0,0,6,5,
#moving_targetting_pos=-1,-1|6,6|-1,-1|-1,-1|-1,-1|6,16|22,29|19,30|-1,-1|16,26|
#setting_targetting_pos=-1,-1|-1,-1|24,15|18,15|18,5|-1,-1|22,1|19,2|24,5|-1,-1|
...D......
#111110101111110110
#assigned_pet=-1,-1,14,14,-1,-1,-1,-1,-1,-1,
#assigned_hub=2,0,7,4,3,1,0,0,6,5,
#moving_targetting_pos=-1,-1|6,6|-1,-1|-1,-1|-1,-1|6,16|22,29|19,30|-1,-1|16,26|
#setting_targetting_pos=-1,-1|-1,-1|24,15|18,15|-1,-1|-1,-1|22,1|19,2|-1,-1|-1,-1|
...D......
#111110101111110110
#assigned_pet=-1,-1,14,14,-1,-1,-1,-1,-1,-1,
#assigned_hub=2,0,7,4,3,1,0,0,6,5,
#moving_targetting_pos=-1,-1|6,6|-1,-1|-1,-1|-1,-1|6,16|22,29|19,30|-1,-1|16,26|
#setting_targetting_pos=-1,-1|-1,-1|24,15|18,15|-1,-1|-1,-1|22,1|19,2|-1,-1|-1,-1|
..........
#111110101111110110
#assigned_pet=-1,-1,14,14,-1,-1,-1,-1,-1,-1,
#assigned_hub=2,0,7,4,3,1,0,0,6,5,
#moving_targetting_pos=-1,-1|6,6|-1,-1|-1,-1|-1,-1|6,16|22,29|19,30|-1,-1|16,26|
#setting_targetting_pos=-1,-1|-1,-1|24,15|18,15|-1,-1|-1,-1|22,1|19,2|-1,-1|-1,-1|
..........
#111110101111110110
#assigned_pet=-1,-1,14,14,-1,-1,-1,-1,-1,-1,
#assigned_hub=2,0,7,4,3,1,0,0,6,5,
#moving_targetting_pos=-1,-1|6,6|-1,-1|-1,-1|-1,-1|6,16|22,29|19,30|-1,-1|16,26|
#setting_targetting_pos=-1,-1|-1,-1|24,15|18,15|-1,-1|-1,-1|22,1|19,2|-1,-1|-1,-1|
..........
#111110101111110110
#assigned_pet=-1,-1,-1,-1,-1,-1,-1,-1,-1,-1,
#assigned_hub=2,0,7,4,3,1,0,0,6,5,
#moving_targetting_pos=-1,-1|6,6|-1,-1|-1,-1|-1,-1|6,16|22,29|19,30|-1,-1|16,26|
#setting_targetting_pos=-1,-1|-1,-1|-1,-1|-1,-1|-1,-1|-1,-1|22,1|19,2|-1,-1|-1,-1|
..........
#111110101111110110
#assigned_pet=-1,-1,14,14,-1,-1,-1,-1,-1,-1,
#assigned_hub=2,0,7,4,3,1,0,0,6,5,
#moving_targetting_pos=-1,-1|6,6|-1,-1|-1,-1|-1,-1|6,16|22,29|19,30|-1,-1|16,26|
#setting_targetting_pos=-1,-1|-1,-1|24,15|18,15|-1,-1|-1,-1|22,1|19,2|-1,-1|-1,-1|
..........
#111110101111110110
#assigned_pet=-1,-1,14,14,-1,-1,-1,-1,-1,-1,
#assigned_hub=2,0,7,4,3,1,0,0,6,5,
#moving_targetting_pos=-1,-1|6,6|-1,-1|-1,-1|-1,-1|6,16|22,29|19,30|-1,-1|16,26|
#setting_targetting_pos=-1,-1|-1,-1|24,15|18,15|-1,-1|-1,-1|22,1|19,2|-1,-1|-1,-1|
..........
#111110101111110110
#assigned_pet=-1,-1,5,5,-1,-1,-1,-1,-1,-1,
#assigned_hub=2,0,7,4,3,1,0,0,6,5,
#moving_targetting_pos=-1,-1|6,6|-1,-1|-1,-1|-1,-1|6,16|22,29|19,30|-1,-1|16,26|
#setting_targetting_pos=-1,-1|-1,-1|24,17|18,17|-1,-1|-1,-1|22,1|19,2|-1,-1|-1,-1|
..RR......
#111110101111110110
#assigned_pet=-1,-1,-1,14,14,-1,-1,-1,-1,-1,
#assigned_hub=2,0,7,4,3,1,0,0,6,5,
#moving_targetting_pos=-1,-1|6,6|-1,-1|-1,-1|-1,-1|6,16|22,29|19,30|-1,-1|16,26|
#setting_targetting_pos=-1,-1|-1,-1|-1,-1|17,14|17,8|-1,-1|22,1|19,2|-1,-1|-1,-1|
...LR.....
#111110101111110110
#assigned_pet=-1,-1,5,5,-1,-1,-1,-1,-1,-1,
#assigned_hub=2,0,7,4,3,1,0,0,6,5,
#moving_targetting_pos=-1,-1|6,6|-1,-1|-1,-1|-1,-1|6,16|22,29|19,30|-1,-1|16,26|
#setting_targetting_pos=-1,-1|-1,-1|24,17|18,17|-1,-1|-1,-1|22,1|19,2|-1,-1|-1,-1|
..RR......
#111110101111110110
#assigned_pet=-1,-1,5,5,-1,-1,-1,-1,-1,-1,
#assigned_hub=2,0,7,4,3,1,0,0,6,5,
#moving_targetting_pos=-1,-1|6,6|-1,-1|-1,-1|-1,-1|6,16|22,29|19,30|-1,-1|16,26|
#setting_targetting_pos=-1,-1|-1,-1|24,17|18,17|-1,-1|-1,-1|22,1|19,2|-1,-1|-1,-1|
...R......
#111110101111110110
#assigned_pet=-1,-1,5,5,-1,-1,-1,-1,-1,-1,
#assigned_hub=2,0,7,4,3,1,0,0,6,5,
#moving_targetting_pos=-1,-1|6,6|-1,-1|-1,-1|-1,-1|6,16|22,29|19,30|-1,-1|16,26|
#setting_targetting_pos=-1,-1|-1,-1|24,17|18,17|-1,-1|-1,-1|22,1|19,2|-1,-1|-1,-1|
..........
#111110101111110110
#assigned_pet=-1,-1,5,5,-1,-1,-1,-1,-1,-1,
#assigned_hub=2,0,7,4,3,1,0,0,6,5,
#moving_targetting_pos=-1,-1|6,6|-1,-1|-1,-1|-1,-1|6,16|22,29|19,30|-1,-1|16,26|
#setting_targetting_pos=-1,-1|-1,-1|24,17|18,17|-1,-1|-1,-1|22,1|19,2|-1,-1|-1,-1|
..........
#111110101111110110
#assigned_pet=-1,-1,5,5,-1,-1,-1,-1,-1,-1,
#assigned_hub=2,0,7,4,3,1,0,0,6,5,
#moving_targetting_pos=-1,-1|6,6|-1,-1|-1,-1|-1,-1|6,16|22,29|19,30|-1,-1|16,26|
#setting_targetting_pos=-1,-1|-1,-1|24,17|18,17|-1,-1|-1,-1|22,1|19,2|-1,-1|-1,-1|
..........
#111110101111110110
#assigned_pet=-1,-1,14,-1,-1,-1,-1,-1,14,-1,
#assigned_hub=2,0,7,4,3,1,0,0,6,5,
#moving_targetting_pos=-1,-1|6,6|-1,-1|-1,-1|-1,-1|6,16|22,29|19,30|-1,-1|16,26|
#setting_targetting_pos=-1,-1|-1,-1|25,14|-1,-1|-1,-1|-1,-1|22,1|19,2|25,8|-1,-1|
..L.....R.
#111110101111110110
#assigned_pet=-1,-1,5,5,-1,-1,-1,-1,-1,-1,
#assigned_hub=2,0,7,4,3,1,0,0,6,5,
#moving_targetting_pos=-1,-1|6,6|-1,-1|-1,-1|-1,-1|6,16|22,29|19,30|-1,-1|16,26|
#setting_targetting_pos=-1,-1|-1,-1|24,17|18,17|-1,-1|-1,-1|22,1|19,2|-1,-1|-1,-1|
..R.......
#111110101111110110
#assigned_pet=-1,-1,14,-1,-1,-1,-1,-1,14,-1,
#assigned_hub=2,0,7,4,3,1,0,0,6,5,
#moving_targetting_pos=-1,-1|6,6|-1,-1|-1,-1|-1,-1|6,16|22,29|19,30|-1,-1|16,26|
#setting_targetting_pos=-1,-1|-1,-1|25,14|-1,-1|-1,-1|-1,-1|22,1|19,2|25,8|-1,-1|
..L.....R.
#111110101111110110
#assigned_pet=-1,-1,14,-1,-1,-1,-1,-1,14,-1,
#assigned_hub=2,0,7,4,3,1,0,0,6,5,
#moving_targetting_pos=-1,-1|6,6|-1,-1|-1,-1|-1,-1|6,16|22,29|19,30|-1,-1|16,26|
#setting_targetting_pos=-1,-1|-1,-1|25,14|-1,-1|-1,-1|-1,-1|22,1|19,2|25,8|-1,-1|
..L.......
#111110101111110110
#assigned_pet=-1,-1,14,-1,-1,-1,-1,-1,14,-1,
#assigned_hub=2,0,7,4,3,1,0,0,6,5,
#moving_targetting_pos=-1,-1|6,6|-1,-1|-1,-1|-1,-1|6,16|22,29|19,30|-1,-1|16,26|
#setting_targetting_pos=-1,-1|-1,-1|25,14|-1,-1|-1,-1|-1,-1|22,1|19,2|25,8|-1,-1|
..........
#111110101111110110
#assigned_pet=-1,-1,14,-1,-1,-1,-1,-1,14,-1,
#assigned_hub=2,0,7,4,3,1,0,0,6,5,
#moving_targetting_pos=-1,-1|6,6|-1,-1|-1,-1|-1,-1|6,16|22,29|19,30|-1,-1|16,26|
#setting_targetting_pos=-1,-1|-1,-1|25,14|-1,-1|-1,-1|-1,-1|22,1|19,2|25,8|-1,-1|
..........
#111110101111110110
#assigned_pet=-1,-1,14,-1,-1,-1,-1,-1,14,-1,
#assigned_hub=2,0,7,4,3,1,0,0,6,5,
#moving_targetting_pos=-1,-1|6,6|-1,-1|-1,-1|-1,-1|6,16|22,29|19,30|-1,-1|16,26|
#setting_targetting_pos=-1,-1|-1,-1|25,14|-1,-1|-1,-1|-1,-1|22,1|19,2|25,8|-1,-1|
..........
#111110101111110110
#assigned_pet=-1,-1,14,-1,-1,-1,-1,-1,14,-1,
#assigned_hub=2,0,7,4,3,1,0,0,6,5,
#moving_targetting_pos=-1,-1|6,6|-1,-1|-1,-1|-1,-1|6,16|22,29|19,30|-1,-1|16,26|
#setting_targetting_pos=-1,-1|-1,-1|25,14|-1,-1|-1,-1|-1,-1|22,1|19,2|25,8|-1,-1|
..........
#111110101111110110
#assigned_pet=-1,-1,14,-1,-1,-1,-1,-1,14,-1,
#assigned_hub=2,0,7,4,3,1,0,0,6,5,
#moving_targetting_pos=-1,-1|6,6|-1,-1|-1,-1|-1,-1|6,16|22,29|19,30|-1,-1|16,26|
#setting_targetting_pos=-1,-1|-1,-1|25,14|-1,-1|-1,-1|-1,-1|22,1|19,2|25,8|-1,-1|
..........
#111110101111110110
#assigned_pet=-1,-1,14,-1,-1,-1,-1,-1,14,-1,
#assigned_hub=2,0,7,4,3,1,0,0,6,5,
#moving_targetting_pos=-1,-1|6,6|-1,-1|-1,-1|-1,-1|6,16|22,29|19,30|-1,-1|16,26|
#setting_targetting_pos=-1,-1|-1,-1|25,14|-1,-1|-1,-1|-1,-1|22,1|19,2|25,8|-1,-1|
..........
#111110101111110110
#assigned_pet=-1,-1,14,-1,-1,-1,-1,-1,14,-1,
#assigned_hub=2,0,7,4,3,1,0,0,6,5,
#moving_targetting_pos=-1,-1|6,6|-1,-1|-1,-1|-1,-1|6,16|22,29|19,30|-1,-1|16,26|
#setting_targetting_pos=-1,-1|-1,-1|25,14|-1,-1|-1,-1|-1,-1|22,1|19,2|25,8|-1,-1|
..........
#111110101111110110
#assigned_pet=-1,-1,14,-1,-1,-1,-1,-1,14,-1,
#assigned_hub=2,0,7,4,3,1,0,0,6,5,
#moving_targetting_pos=-1,-1|6,6|-1,-1|-1,-1|-1,-1|6,16|22,29|19,30|-1,-1|16,26|
#setting_targetting_pos=-1,-1|-1,-1|25,14|-1,-1|-1,-1|-1,-1|22,1|19,2|25,8|-1,-1|
..........
#111110101111110110
#assigned_pet=-1,-1,14,-1,-1,-1,-1,-1,14,-1,
#assigned_hub=2,0,7,4,3,1,0,0,6,5,
#moving_targetting_pos=-1,-1|6,6|-1,-1|-1,-1|-1,-1|6,16|22,29|19,30|-1,-1|16,26|
#setting_targetting_pos=-1,-1|-1,-1|25,14|-1,-1|-1,-1|-1,-1|22,1|19,2|25,8|-1,-1|
..........
#111110101111110110
#assigned_pet=-1,-1,14,-1,-1,-1,-1,-1,14,-1,
#assigned_hub=2,0,7,4,3,1,0,0,6,5,
#moving_targetting_pos=-1,-1|6,6|-1,-1|-1,-1|-1,-1|6,16|22,29|19,30|-1,-1|16,26|
#setting_targetting_pos=-1,-1|-1,-1|25,14|-1,-1|-1,-1|-1,-1|22,1|19,2|25,8|-1,-1|
..........
#111110101111110110
#assigned_pet=-1,-1,14,-1,-1,-1,-1,-1,14,-1,
#assigned_hub=2,0,7,4,3,1,0,0,6,5,
#moving_targetting_pos=-1,-1|6,6|-1,-1|-1,-1|-1,-1|6,16|22,29|19,30|-1,-1|16,26|
#setting_targetting_pos=-1,-1|-1,-1|25,14|-1,-1|-1,-1|-1,-1|22,1|19,2|25,8|-1,-1|
..........
#111110101111110110
#assigned_pet=-1,-1,14,-1,-1,-1,-1,-1,14,-1,
#assigned_hub=2,0,7,4,3,1,0,0,6,5,
#moving_targetting_pos=-1,-1|6,6|-1,-1|-1,-1|-1,-1|6,16|22,29|19,30|-1,-1|16,26|
#setting_targetting_pos=-1,-1|-1,-1|25,14|-1,-1|-1,-1|-1,-1|22,1|19,2|25,8|-1,-1|
..........
#111110101111110110
#assigned_pet=-1,-1,-1,-1,-1,-1,-1,-1,-1,-1,
#assigned_hub=2,0,7,4,3,1,0,0,6,5,
#moving_targetting_pos=-1,-1|6,6|-1,-1|-1,-1|-1,-1|6,16|22,29|19,30|-1,-1|16,26|
#setting_targetting_pos=-1,-1|-1,-1|-1,-1|-1,-1|-1,-1|-1,-1|22,1|19,2|-1,-1|-1,-1|
..........
#111110101111110110
#assigned_pet=-1,-1,5,5,-1,-1,-1,-1,-1,-1,
#assigned_hub=2,0,7,4,3,1,0,0,6,5,
#moving_targetting_pos=-1,-1|6,6|-1,-1|-1,-1|-1,-1|6,16|22,29|19,30|-1,-1|16,26|
#setting_targetting_pos=-1,-1|-1,-1|24,17|18,17|-1,-1|-1,-1|22,1|19,2|-1,-1|-1,-1|
..R.......
#111110101111110110
#assigned_pet=-1,-1,5,5,-1,-1,-1,-1,-1,-1,
#assigned_hub=2,0,7,4,3,1,0,0,6,5,
#moving_targetting_pos=-1,-1|6,6|-1,-1|-1,-1|-1,-1|6,16|22,29|19,30|-1,-1|16,26|
#setting_targetting_pos=-1,-1|-1,-1|24,17|18,17|-1,-1|-1,-1|22,1|19,2|-1,-1|-1,-1|
..R.......
#111110101111110110
#assigned_pet=-1,-1,5,5,-1,-1,-1,-1,-1,-1,
#assigned_hub=2,0,7,4,3,1,0,0,6,5,
#moving_targetting_pos=-1,-1|6,6|-1,-1|-1,-1|-1,-1|6,16|22,29|19,30|-1,-1|16,26|
#setting_targetting_pos=-1,-1|-1,-1|24,17|18,17|-1,-1|-1,-1|22,1|19,2|-1,-1|-1,-1|
..........
#111110101111110110
#assigned_pet=-1,-1,5,5,-1,-1,-1,-1,-1,-1,
#assigned_hub=2,0,7,4,3,1,0,0,6,5,
#moving_targetting_pos=-1,-1|6,6|-1,-1|-1,-1|-1,-1|6,16|22,29|19,30|-1,-1|16,26|
#setting_targetting_pos=-1,-1|-1,-1|24,17|18,17|-1,-1|-1,-1|22,1|19,2|-1,-1|-1,-1|
..........
#111110101111110110
#assigned_pet=-1,-1,5,5,-1,-1,-1,-1,-1,-1,
#assigned_hub=2,0,7,4,3,1,0,0,6,5,
#moving_targetting_pos=-1,-1|6,6|-1,-1|-1,-1|-1,-1|6,16|22,29|19,30|-1,-1|16,26|
#setting_targetting_pos=-1,-1|-1,-1|24,17|18,17|-1,-1|-1,-1|22,1|19,2|-1,-1|-1,-1|
..........
#111110101111110110
#assigned_pet=-1,-1,14,14,-1,-1,-1,-1,-1,-1,
#assigned_hub=2,0,7,4,3,1,0,0,6,5,
#moving_targetting_pos=-1,-1|6,6|-1,-1|-1,-1|-1,-1|6,16|22,29|19,30|-1,-1|16,26|
#setting_targetting_pos=-1,-1|-1,-1|24,17|18,17|-1,-1|-1,-1|22,1|19,2|-1,-1|-1,-1|
..........
#111110101111110110
#assigned_pet=-1,-1,5,5,7,-1,-1,-1,7,-1,
#assigned_hub=2,0,7,4,3,1,0,0,6,5,
#moving_targetting_pos=-1,-1|6,6|-1,-1|-1,-1|-1,-1|6,16|22,29|19,30|-1,-1|16,26|
#setting_targetting_pos=-1,-1|-1,-1|24,17|18,17|18,7|-1,-1|22,1|19,2|24,7|-1,-1|
....R.....
#111110101111110110
#assigned_pet=-1,-1,5,5,-1,-1,-1,-1,-1,-1,
#assigned_hub=2,0,7,4,3,1,0,0,6,5,
#moving_targetting_pos=-1,-1|6,6|-1,-1|-1,-1|-1,-1|6,16|22,29|19,30|-1,-1|16,26|
#setting_targetting_pos=-1,-1|-1,-1|24,17|18,17|-1,-1|-1,-1|22,1|19,2|-1,-1|-1,-1|
..........
#111110101111110110
#assigned_pet=-1,-1,5,5,7,-1,-1,-1,7,-1,
#assigned_hub=2,0,7,4,3,1,0,0,6,5,
#moving_targetting_pos=-1,-1|6,6|-1,-1|-1,-1|-1,-1|6,16|22,29|19,30|-1,-1|16,26|
#setting_targetting_pos=-1,-1|-1,-1|24,17|18,17|18,7|-1,-1|22,1|19,2|24,7|-1,-1|
..........
#111110101111110110
#assigned_pet=-1,-1,-1,-1,7,-1,-1,-1,7,-1,
#assigned_hub=2,0,7,4,3,1,0,0,6,5,
#moving_targetting_pos=-1,-1|6,6|-1,-1|-1,-1|-1,-1|6,16|22,29|19,30|-1,-1|16,26|
#setting_targetting_pos=-1,-1|-1,-1|-1,-1|-1,-1|18,7|-1,-1|22,1|19,2|24,7|-1,-1|
..........
#111110101111110110
#assigned_pet=-1,-1,5,5,7,-1,-1,-1,7,-1,
#assigned_hub=2,0,7,4,3,1,0,0,6,5,
#moving_targetting_pos=-1,-1|6,6|-1,-1|-1,-1|-1,-1|6,16|22,29|19,30|-1,-1|16,26|
#setting_targetting_pos=-1,-1|-1,-1|24,17|18,17|18,7|-1,-1|22,1|19,2|24,7|-1,-1|
..........
#111110101111110110
#assigned_pet=-1,-1,5,5,7,-1,-1,-1,7,-1,
#assigned_hub=2,0,7,4,3,1,0,0,6,5,
#moving_targetting_pos=-1,-1|6,6|-1,-1|-1,-1|-1,-1|6,16|22,29|19,30|-1,-1|16,26|
#setting_targetting_pos=-1,-1|-1,-1|24,17|18,17|18,7|-1,-1|22,1|19,2|24,7|-1,-1|
..........
#111110101111110110
#assigned_pet=-1,-1,5,5,7,-1,-1,-1,7,-1,
#assigned_hub=2,0,7,4,3,1,0,0,6,5,
#moving_targetting_pos=-1,-1|6,6|-1,-1|-1,-1|-1,-1|6,16|22,29|19,30|-1,-1|16,26|
#setting_targetting_pos=-1,-1|-1,-1|24,17|18,17|18,7|-1,-1|22,1|19,2|24,7|-1,-1|
..........
#111110101111110110
#assigned_pet=-1,-1,-1,-1,-1,-1,-1,-1,-1,-1,
#assigned_hub=2,0,7,4,3,1,0,0,6,5,
#moving_targetting_pos=-1,-1|6,6|-1,-1|-1,-1|-1,-1|6,16|22,29|19,30|-1,-1|16,26|
#setting_targetting_pos=-1,-1|-1,-1|-1,-1|-1,-1|-1,-1|-1,-1|22,1|19,2|-1,-1|-1,-1|
..........
#111110101111110110
#assigned_pet=-1,-1,-1,-1,7,-1,-1,-1,7,-1,
#assigned_hub=2,0,7,4,3,1,0,0,6,5,
#moving_targetting_pos=-1,-1|6,6|-1,-1|-1,-1|-1,-1|6,16|22,29|19,30|-1,-1|16,26|
#setting_targetting_pos=-1,-1|-1,-1|-1,-1|-1,-1|18,7|-1,-1|22,1|19,2|24,7|-1,-1|
..........
#111110101111110110
#assigned_pet=-1,-1,-1,-1,-1,-1,-1,-1,-1,-1,
#assigned_hub=2,0,7,4,3,1,0,0,6,5,
#moving_targetting_pos=-1,-1|6,6|-1,-1|-1,-1|-1,-1|6,16|22,29|19,30|-1,-1|16,26|
#setting_targetting_pos=-1,-1|-1,-1|-1,-1|-1,-1|-1,-1|-1,-1|22,1|19,2|-1,-1|-1,-1|
..........
#111110101111110110
#assigned_pet=-1,-1,-1,-1,-1,-1,-1,-1,-1,-1,
#assigned_hub=2,0,7,4,3,1,0,0,6,5,
#moving_targetting_pos=-1,-1|6,6|-1,-1|-1,-1|-1,-1|6,16|22,29|19,30|-1,-1|16,26|
#setting_targetting_pos=-1,-1|-1,-1|-1,-1|-1,-1|-1,-1|-1,-1|22,1|19,2|-1,-1|-1,-1|
..........
#111110101111110110
#assigned_pet=-1,-1,-1,-1,-1,-1,-1,-1,-1,-1,
#assigned_hub=2,0,7,4,3,1,0,0,6,5,
#moving_targetting_pos=-1,-1|6,6|-1,-1|-1,-1|-1,-1|6,16|22,29|19,30|-1,-1|16,26|
#setting_targetting_pos=-1,-1|-1,-1|-1,-1|-1,-1|-1,-1|-1,-1|22,1|19,2|-1,-1|-1,-1|
..........
#111110101111110110
#assigned_pet=-1,-1,-1,-1,-1,-1,-1,-1,-1,-1,
#assigned_hub=2,0,7,4,3,1,0,0,6,5,
#moving_targetting_pos=-1,-1|6,6|-1,-1|-1,-1|-1,-1|6,16|22,29|19,30|-1,-1|16,26|
#setting_targetting_pos=-1,-1|-1,-1|-1,-1|-1,-1|-1,-1|-1,-1|22,1|19,2|-1,-1|-1,-1|
..........
#111110101111110110
#assigned_pet=-1,-1,-1,-1,-1,-1,-1,-1,-1,-1,
#assigned_hub=2,0,7,4,3,1,0,0,6,5,
#moving_targetting_pos=-1,-1|6,6|-1,-1|-1,-1|-1,-1|6,16|22,29|19,30|-1,-1|16,26|
#setting_targetting_pos=-1,-1|-1,-1|-1,-1|-1,-1|-1,-1|-1,-1|22,1|19,2|-1,-1|-1,-1|
..........
#111110101111110110
#assigned_pet=-1,-1,5,5,7,-1,-1,-1,7,-1,
#assigned_hub=2,0,7,4,3,1,0,0,6,5,
#moving_targetting_pos=-1,-1|6,6|-1,-1|-1,-1|-1,-1|6,16|22,29|19,30|-1,-1|16,26|
#setting_targetting_pos=-1,-1|-1,-1|24,17|18,17|18,7|-1,-1|22,1|19,2|24,7|-1,-1|
..........
#111110101111110110
#assigned_pet=-1,-1,5,5,7,-1,-1,-1,7,-1,
#assigned_hub=2,0,7,4,3,1,0,0,6,5,
#moving_targetting_pos=-1,-1|6,6|-1,-1|-1,-1|-1,-1|6,16|22,29|19,30|-1,-1|16,26|
#setting_targetting_pos=-1,-1|-1,-1|24,17|18,17|18,7|-1,-1|22,1|19,2|24,7|-1,-1|
..........
#111110101111110110
#assigned_pet=-1,-1,5,5,7,-1,-1,-1,7,-1,
#assigned_hub=2,0,7,4,3,1,0,0,6,5,
#moving_targetting_pos=-1,-1|6,6|-1,-1|-1,-1|-1,-1|6,16|22,29|19,30|-1,-1|16,26|
#setting_targetting_pos=-1,-1|-1,-1|24,17|18,17|18,7|-1,-1|22,1|19,2|24,7|-1,-1|
..........
#111110101111110110
#assigned_pet=-1,-1,-1,-1,-1,-1,-1,-1,-1,-1,
#assigned_hub=2,0,7,4,3,1,0,0,6,5,
#moving_targetting_pos=-1,-1|6,6|-1,-1|-1,-1|-1,-1|6,16|22,29|19,30|-1,-1|16,26|
#setting_targetting_pos=-1,-1|-1,-1|-1,-1|-1,-1|-1,-1|-1,-1|22,1|19,2|-1,-1|-1,-1|
..........
#111110101111110110
#assigned_pet=-1,-1,5,5,7,-1,-1,-1,7,-1,
#assigned_hub=2,0,7,4,3,1,0,0,6,5,
#moving_targetting_pos=-1,-1|6,6|-1,-1|-1,-1|-1,-1|6,16|22,29|19,30|-1,-1|16,26|
#setting_targetting_pos=-1,-1|-1,-1|24,17|18,17|18,7|-1,-1|22,1|19,2|24,7|-1,-1|
..........
#111110101111110110
#assigned_pet=-1,-1,-1,-1,7,-1,-1,-1,7,-1,
#assigned_hub=2,0,7,4,3,1,0,0,6,5,
#moving_targetting_pos=-1,-1|6,6|-1,-1|-1,-1|-1,-1|6,16|22,29|19,30|-1,-1|16,26|
#setting_targetting_pos=-1,-1|-1,-1|-1,-1|-1,-1|18,7|-1,-1|22,1|19,2|24,7|-1,-1|
..........
#111110101111110110
#assigned_pet=-1,-1,-1,-1,-1,-1,-1,-1,-1,-1,
#assigned_hub=2,0,7,4,3,1,0,0,6,8,
#moving_targetting_pos=-1,-1|6,6|-1,-1|-1,-1|-1,-1|6,16|22,29|19,30|-1,-1|26,26|
#setting_targetting_pos=-1,-1|-1,-1|-1,-1|-1,-1|-1,-1|-1,-1|22,1|19,2|-1,-1|-1,-1|
..........
#111110101111110110
#assigned_pet=-1,-1,-1,-1,7,-1,-1,-1,7,-1,
#assigned_hub=2,0,7,4,3,1,0,0,6,8,
#moving_targetting_pos=-1,-1|6,6|-1,-1|-1,-1|-1,-1|6,16|22,29|19,30|-1,-1|26,26|
#setting_targetting_pos=-1,-1|-1,-1|-1,-1|-1,-1|18,7|-1,-1|22,1|19,2|24,7|-1,-1|
..........
#111110101111110110
#assigned_pet=-1,-1,5,5,7,-1,-1,-1,7,-1,
#assigned_hub=2,0,7,4,3,1,0,0,6,8,
#moving_targetting_pos=-1,-1|6,6|-1,-1|-1,-1|-1,-1|6,16|22,29|19,30|-1,-1|26,26|
#setting_targetting_pos=-1,-1|-1,-1|24,17|18,17|18,7|-1,-1|22,1|19,2|24,7|-1,-1|
..........
#111110101111110110
#assigned_pet=-1,-1,5,5,7,-1,-1,-1,7,-1,
#assigned_hub=2,0,7,4,3,1,0,0,6,8,
#moving_targetting_pos=-1,-1|6,6|-1,-1|-1,-1|-1,-1|6,16|22,29|19,30|-1,-1|26,26|
#setting_targetting_pos=-1,-1|-1,-1|24,17|18,17|18,7|-1,-1|22,1|19,2|24,7|-1,-1|
..........
#111110101111110110
#assigned_pet=-1,-1,5,5,7,-1,-1,-1,7,-1,
#assigned_hub=2,0,7,4,3,1,0,0,6,8,
#moving_targetting_pos=-1,-1|6,6|-1,-1|-1,-1|-1,-1|6,16|22,29|19,30|-1,-1|26,26|
#setting_targetting_pos=-1,-1|-1,-1|24,17|18,17|18,7|-1,-1|22,1|19,2|24,7|-1,-1|
..........
#111110101111110110
#assigned_pet=14,-1,-1,-1,7,-1,-1,-1,7,-1,
#assigned_hub=2,0,7,4,3,1,0,0,6,8,
#moving_targetting_pos=-1,-1|6,6|-1,-1|-1,-1|-1,-1|6,16|22,29|19,30|-1,-1|26,26|
#setting_targetting_pos=4,25|-1,-1|-1,-1|-1,-1|18,7|-1,-1|22,1|19,2|24,7|-1,-1|
U.........
#111110101111110110
#assigned_pet=14,-1,-1,-1,7,-1,-1,-1,7,-1,
#assigned_hub=2,0,7,4,3,1,0,0,6,8,
#moving_targetting_pos=-1,-1|6,6|-1,-1|-1,-1|-1,-1|6,16|22,29|19,30|-1,-1|26,26|
#setting_targetting_pos=4,25|-1,-1|-1,-1|-1,-1|18,7|-1,-1|22,1|19,2|24,7|-1,-1|
..........
#111110101111110110
#assigned_pet=14,-1,-1,-1,7,-1,-1,-1,7,-1,
#assigned_hub=2,0,7,4,3,1,0,0,6,8,
#moving_targetting_pos=-1,-1|6,6|-1,-1|-1,-1|-1,-1|6,16|22,29|19,30|-1,-1|26,26|
#setting_targetting_pos=4,25|-1,-1|-1,-1|-1,-1|18,7|-1,-1|22,1|19,2|24,7|-1,-1|
..........
#111110101111110110
#assigned_pet=14,-1,-1,-1,-1,-1,-1,-1,-1,-1,
#assigned_hub=2,0,7,4,3,1,0,0,6,8,
#moving_targetting_pos=-1,-1|6,6|-1,-1|-1,-1|-1,-1|6,16|22,29|19,30|-1,-1|26,26|
#setting_targetting_pos=4,25|-1,-1|-1,-1|-1,-1|-1,-1|-1,-1|22,1|19,2|-1,-1|-1,-1|
..........
#111110101111111110
#assigned_pet=14,-1,-1,-1,7,-1,-1,-1,7,-1,
#assigned_hub=2,0,7,4,3,1,0,0,6,5,
#moving_targetting_pos=-1,-1|6,6|-1,-1|-1,-1|-1,-1|6,16|22,29|19,30|-1,-1|16,26|
#setting_targetting_pos=4,25|-1,-1|-1,-1|-1,-1|18,5|-1,-1|22,1|19,2|24,5|-1,-1|
u...L...L.
#111110101111111110
#assigned_pet=-1,-1,-1,-1,7,-1,-1,-1,7,-1,
#assigned_hub=2,0,7,4,3,1,0,0,6,5,
#moving_targetting_pos=-1,-1|6,6|-1,-1|-1,-1|-1,-1|6,16|22,29|19,30|-1,-1|16,26|
#setting_targetting_pos=-1,-1|-1,-1|-1,-1|-1,-1|18,5|-1,-1|22,1|19,2|24,5|-1,-1|
....L...L.
#111110101111111110
#assigned_pet=-1,-1,-1,-1,7,-1,-1,-1,7,-1,
#assigned_hub=2,0,7,4,3,1,0,0,6,5,
#moving_targetting_pos=-1,-1|6,6|-1,-1|-1,-1|-1,-1|6,16|22,29|19,30|-1,-1|16,26|
#setting_targetting_pos=-1,-1|-1,-1|-1,-1|-1,-1|18,5|-1,-1|22,1|19,2|24,5|-1,-1|
..........
#111110101111111110
#assigned_pet=-1,-1,-1,-1,-1,-1,-1,-1,-1,-1,
#assigned_hub=2,0,7,4,3,1,0,0,6,5,
#moving_targetting_pos=-1,-1|6,6|-1,-1|-1,-1|-1,-1|6,16|22,29|19,30|-1,-1|16,26|
#setting_targetting_pos=-1,-1|-1,-1|-1,-1|-1,-1|-1,-1|-1,-1|22,1|19,2|-1,-1|-1,-1|
..........
#111110101111111110
#assigned_pet=-1,-1,-1,-1,7,-1,-1,-1,7,-1,
#assigned_hub=2,0,7,4,3,1,0,0,6,5,
#moving_targetting_pos=-1,-1|6,6|-1,-1|-1,-1|-1,-1|6,16|22,29|19,30|-1,-1|16,26|
#setting_targetting_pos=-1,-1|-1,-1|-1,-1|-1,-1|18,5|-1,-1|22,1|19,2|24,5|-1,-1|
..........
#111110101111111110
#assigned_pet=-1,-1,-1,-1,-1,-1,-1,-1,-1,-1,
#assigned_hub=2,0,7,4,3,1,0,0,6,5,
#moving_targetting_pos=-1,-1|6,6|-1,-1|-1,-1|-1,-1|6,16|22,29|19,30|-1,-1|16,26|
#setting_targetting_pos=-1,-1|-1,-1|-1,-1|-1,-1|-1,-1|-1,-1|22,1|19,2|-1,-1|-1,-1|
..........
#111110101111111110
#assigned_pet=-1,-1,-1,-1,-1,-1,-1,-1,7,-1,
#assigned_hub=2,0,7,4,3,1,0,0,6,5,
#moving_targetting_pos=-1,-1|6,6|-1,-1|-1,-1|-1,-1|6,16|22,29|19,30|-1,-1|16,26|
#setting_targetting_pos=-1,-1|-1,-1|-1,-1|-1,-1|-1,-1|-1,-1|22,1|19,2|25,4|-1,-1|
..........
#111110101111111110
#assigned_pet=-1,-1,-1,-1,-1,-1,-1,-1,-1,-1,
#assigned_hub=2,0,8,4,3,1,0,0,6,5,
#moving_targetting_pos=-1,-1|6,6|26,26|-1,-1|-1,-1|6,16|22,29|19,30|-1,-1|16,26|
#setting_targetting_pos=-1,-1|-1,-1|-1,-1|-1,-1|-1,-1|-1,-1|22,1|19,2|-1,-1|-1,-1|
..R.......
#111110101111111110
#assigned_pet=-1,-1,-1,-1,7,-1,-1,-1,7,-1,
#assigned_hub=2,0,8,4,3,1,0,0,6,5,
#moving_targetting_pos=-1,-1|6,6|26,26|-1,-1|-1,-1|6,16|22,29|19,30|-1,-1|16,26|
#setting_targetting_pos=-1,-1|-1,-1|-1,-1|-1,-1|18,5|-1,-1|22,1|19,2|24,5|-1,-1|
..R.......
#111110101111111110
#assigned_pet=-1,-1,-1,-1,-1,-1,-1,-1,-1,-1,
#assigned_hub=2,0,8,4,3,1,0,0,6,5,
#moving_targetting_pos=-1,-1|6,6|26,26|-1,-1|-1,-1|6,16|22,29|19,30|-1,-1|16,26|
#setting_targetting_pos=-1,-1|-1,-1|-1,-1|-1,-1|-1,-1|-1,-1|22,1|19,2|-1,-1|-1,-1|
..R.......
#111110101111111110
#assigned_pet=-1,-1,-1,-1,-1,-1,-1,-1,7,-1,
#assigned_hub=2,0,8,4,3,1,0,0,6,5,
#moving_targetting_pos=-1,-1|6,6|26,26|-1,-1|-1,-1|6,16|22,29|19,30|-1,-1|16,26|
#setting_targetting_pos=-1,-1|-1,-1|-1,-1|-1,-1|-1,-1|-1,-1|22,1|19,2|25,4|-1,-1|
..R.......
#111110101111111110
#assigned_pet=-1,-1,-1,-1,-1,-1,-1,-1,7,-1,
#assigned_hub=2,0,8,4,3,1,0,0,6,5,
#moving_targetting_pos=-1,-1|6,6|26,26|-1,-1|-1,-1|6,16|22,29|19,30|-1,-1|16,26|
#setting_targetting_pos=-1,-1|-1,-1|-1,-1|-1,-1|-1,-1|-1,-1|22,1|19,2|25,4|-1,-1|
..R.......
#111110101111111110
#assigned_pet=-1,-1,-1,-1,-1,-1,-1,-1,7,-1,
#assigned_hub=2,0,8,4,3,1,0,0,6,5,
#moving_targetting_pos=-1,-1|6,6|26,26|-1,-1|-1,-1|6,16|22,29|19,30|-1,-1|16,26|
#setting_targetting_pos=-1,-1|-1,-1|-1,-1|-1,-1|-1,-1|-1,-1|22,1|19,2|25,4|-1,-1|
..R.......
#111110101111111110
#assigned_pet=-1,-1,-1,-1,-1,-1,-1,-1,7,-1,
#assigned_hub=2,0,8,4,3,1,0,0,6,5,
#moving_targetting_pos=-1,-1|6,6|26,26|-1,-1|-1,-1|6,16|22,29|19,30|-1,-1|16,26|
#setting_targetting_pos=-1,-1|-1,-1|-1,-1|-1,-1|-1,-1|-1,-1|22,1|19,2|25,4|-1,-1|
..R.......
#111110101111111110
#assigned_pet=-1,-1,-1,-1,-1,-1,-1,-1,7,-1,
#assigned_hub=2,0,8,4,3,1,0,0,6,5,
#moving_targetting_pos=6,26|6,6|26,26|-1,-1|-1,-1|6,16|22,29|19,30|-1,-1|16,26|
#setting_targetting_pos=-1,-1|-1,-1|-1,-1|-1,-1|-1,-1|-1,-1|22,1|19,2|25,4|-1,-1|
..R.......
#111110101111111110
#assigned_pet=-1,-1,-1,-1,-1,-1,-1,-1,7,-1,
#assigned_hub=7,0,8,4,3,1,0,0,6,5,
#moving_targetting_pos=26,16|6,6|-1,-1|-1,-1|-1,-1|6,16|22,29|19,30|-1,-1|16,26|
#setting_targetting_pos=-1,-1|-1,-1|-1,-1|-1,-1|-1,-1|-1,-1|22,1|19,2|25,4|-1,-1|
D.........
#111110101111111110
#assigned_pet=-1,-1,-1,-1,-1,-1,-1,-1,7,-1,
#assigned_hub=7,0,8,4,3,1,0,0,6,5,
#moving_targetting_pos=26,16|6,6|-1,-1|-1,-1|-1,-1|6,16|22,29|19,30|-1,-1|16,26|
#setting_targetting_pos=-1,-1|-1,-1|-1,-1|-1,-1|-1,-1|-1,-1|22,1|19,2|25,4|-1,-1|
D.........
#111110101111111110
#assigned_pet=-1,-1,-1,-1,-1,-1,-1,-1,-1,-1,
#assigned_hub=7,0,8,4,3,1,0,0,6,5,
#moving_targetting_pos=26,16|6,6|-1,-1|-1,-1|-1,-1|6,16|22,29|19,30|-1,-1|16,26|
#setting_targetting_pos=-1,-1|-1,-1|-1,-1|-1,-1|-1,-1|-1,-1|22,1|19,2|-1,-1|-1,-1|
D.........
#111110101111111110
#assigned_pet=-1,-1,-1,-1,7,-1,-1,-1,7,-1,
#assigned_hub=7,0,8,4,3,1,0,0,6,5,
#moving_targetting_pos=26,16|6,6|-1,-1|-1,-1|-1,-1|6,16|22,29|19,30|-1,-1|16,26|
#setting_targetting_pos=-1,-1|-1,-1|-1,-1|-1,-1|18,5|-1,-1|22,1|19,2|24,5|-1,-1|
D.........
#111110101111111110
#assigned_pet=-1,-1,-1,-1,-1,-1,-1,-1,-1,-1,
#assigned_hub=7,0,8,4,3,1,0,0,6,5,
#moving_targetting_pos=26,16|6,6|-1,-1|-1,-1|-1,-1|6,16|22,29|19,30|-1,-1|16,26|
#setting_targetting_pos=-1,-1|-1,-1|-1,-1|-1,-1|-1,-1|-1,-1|22,1|19,2|-1,-1|-1,-1|
D.........
#111110101111111110
#assigned_pet=-1,-1,-1,-1,-1,-1,-1,-1,7,-1,
#assigned_hub=7,0,8,4,3,1,0,0,6,5,
#moving_targetting_pos=26,16|6,6|-1,-1|-1,-1|-1,-1|6,16|22,29|19,30|-1,-1|16,26|
#setting_targetting_pos=-1,-1|-1,-1|-1,-1|-1,-1|-1,-1|-1,-1|22,1|19,2|25,4|-1,-1|
D.........
#111110101111111110
#assigned_pet=-1,-1,-1,-1,-1,-1,-1,-1,7,-1,
#assigned_hub=7,0,8,4,3,1,0,0,6,5,
#moving_targetting_pos=26,16|6,6|-1,-1|-1,-1|-1,-1|6,16|22,29|19,30|-1,-1|16,26|
#setting_targetting_pos=-1,-1|-1,-1|-1,-1|-1,-1|-1,-1|-1,-1|22,1|19,2|25,4|-1,-1|
D.........
#111110101111111110
#assigned_pet=-1,-1,-1,-1,-1,-1,-1,-1,7,-1,
#assigned_hub=7,0,8,4,3,1,0,0,6,5,
#moving_targetting_pos=26,16|6,6|-1,-1|-1,-1|-1,-1|6,16|22,29|19,30|-1,-1|16,26|
#setting_targetting_pos=-1,-1|-1,-1|-1,-1|-1,-1|-1,-1|-1,-1|22,1|19,2|25,4|-1,-1|
D.........
#111110101111111110
#assigned_pet=-1,-1,-1,-1,-1,-1,-1,-1,-1,-1,
#assigned_hub=7,0,8,4,3,1,0,0,6,5,
#moving_targetting_pos=26,16|6,6|-1,-1|-1,-1|-1,-1|6,16|22,29|19,30|-1,-1|16,26|
#setting_targetting_pos=-1,-1|-1,-1|-1,-1|-1,-1|-1,-1|-1,-1|22,1|19,2|-1,-1|-1,-1|
D.........
#111110101111111110
#assigned_pet=-1,-1,-1,-1,-1,-1,-1,-1,7,-1,
#assigned_hub=7,0,8,4,3,1,0,0,6,5,
#moving_targetting_pos=26,16|6,6|-1,-1|-1,-1|-1,-1|6,16|22,29|19,30|-1,-1|16,26|
#setting_targetting_pos=-1,-1|-1,-1|-1,-1|-1,-1|-1,-1|-1,-1|22,1|19,2|25,4|-1,-1|
D.........
#111110101111111110
#assigned_pet=-1,-1,-1,-1,-1,-1,-1,-1,-1,-1,
#assigned_hub=7,0,8,4,3,1,0,0,6,5,
#moving_targetting_pos=26,16|6,6|-1,-1|-1,-1|-1,-1|6,16|22,29|19,30|-1,-1|16,26|
#setting_targetting_pos=-1,-1|-1,-1|-1,-1|-1,-1|-1,-1|-1,-1|22,1|19,2|-1,-1|-1,-1|
L.........
#111110101111111110
#assigned_pet=-1,-1,-1,-1,7,-1,-1,-1,7,-1,
#assigned_hub=7,0,8,4,3,1,0,0,6,5,
#moving_targetting_pos=26,16|6,6|-1,-1|-1,-1|-1,-1|6,16|22,29|19,30|-1,-1|16,26|
#setting_targetting_pos=-1,-1|-1,-1|-1,-1|-1,-1|18,5|-1,-1|22,1|19,2|24,5|-1,-1|
L.........
#111110101111111110
#assigned_pet=-1,-1,-1,-1,7,-1,-1,-1,7,-1,
#assigned_hub=7,0,8,4,3,1,0,0,6,5,
#moving_targetting_pos=26,16|6,6|-1,-1|-1,-1|-1,-1|6,16|22,29|19,30|-1,-1|16,26|
#setting_targetting_pos=-1,-1|-1,-1|-1,-1|-1,-1|18,5|-1,-1|22,1|19,2|24,5|-1,-1|
L.........
#111110101111111110
#assigned_pet=-1,-1,-1,-1,7,-1,-1,-1,7,-1,
#assigned_hub=7,0,8,4,3,1,0,0,6,5,
#moving_targetting_pos=26,16|6,6|-1,-1|-1,-1|-1,-1|6,16|22,29|19,30|-1,-1|16,26|
#setting_targetting_pos=-1,-1|-1,-1|-1,-1|-1,-1|18,5|-1,-1|22,1|19,2|24,5|-1,-1|
L.........
#111110101111111110
#assigned_pet=-1,-1,-1,-1,-1,-1,-1,-1,-1,-1,
#assigned_hub=7,0,8,4,3,1,0,0,6,5,
#moving_targetting_pos=26,16|6,6|-1,-1|-1,-1|-1,-1|6,16|22,29|19,30|-1,-1|16,26|
#setting_targetting_pos=-1,-1|-1,-1|-1,-1|-1,-1|-1,-1|-1,-1|22,1|19,2|-1,-1|-1,-1|
L.........
#111110101111111110
#assigned_pet=-1,-1,-1,-1,-1,-1,-1,-1,7,-1,
#assigned_hub=7,0,8,4,3,1,0,0,6,5,
#moving_targetting_pos=26,16|6,6|-1,-1|-1,-1|-1,-1|6,16|22,29|19,30|-1,-1|16,26|
#setting_targetting_pos=-1,-1|-1,-1|-1,-1|-1,-1|-1,-1|-1,-1|22,1|19,2|25,4|-1,-1|
L.........
#111110101111111110
#assigned_pet=-1,-1,-1,-1,-1,-1,-1,-1,-1,-1,
#assigned_hub=7,0,8,4,3,1,0,0,6,5,
#moving_targetting_pos=26,16|6,6|-1,-1|-1,-1|-1,-1|6,16|22,29|19,30|-1,-1|16,26|
#setting_targetting_pos=-1,-1|-1,-1|-1,-1|-1,-1|-1,-1|-1,-1|22,1|19,2|-1,-1|-1,-1|
L.........
#111110101111111110
#assigned_pet=-1,-1,-1,-1,7,-1,-1,-1,7,-1,
#assigned_hub=7,0,8,4,3,1,0,0,6,5,
#moving_targetting_pos=26,16|6,6|-1,-1|-1,-1|-1,-1|6,16|22,29|19,30|-1,-1|16,26|
#setting_targetting_pos=-1,-1|-1,-1|-1,-1|-1,-1|18,5|-1,-1|22,1|19,2|24,5|-1,-1|
L.........
#111110101111111110
#assigned_pet=-1,-1,-1,-1,7,-1,-1,-1,7,-1,
#assigned_hub=7,0,8,4,3,1,0,0,6,5,
#moving_targetting_pos=26,16|6,6|-1,-1|-1,-1|-1,-1|6,16|22,29|19,30|-1,-1|16,26|
#setting_targetting_pos=-1,-1|-1,-1|-1,-1|-1,-1|18,5|-1,-1|22,1|19,2|24,5|-1,-1|
L.........
#111110101111111110
#assigned_pet=-1,-1,-1,-1,7,-1,-1,-1,7,-1,
#assigned_hub=7,0,8,4,3,1,0,0,6,5,
#moving_targetting_pos=26,16|6,6|-1,-1|-1,-1|-1,-1|6,16|22,29|19,30|-1,-1|16,26|
#setting_targetting_pos=-1,-1|-1,-1|-1,-1|-1,-1|18,5|-1,-1|22,1|19,2|24,5|-1,-1|
D.........
#111110101111111110
#assigned_pet=-1,-1,-1,-1,-1,-1,-1,-1,-1,-1,
#assigned_hub=7,0,8,4,3,1,0,0,6,5,
#moving_targetting_pos=26,16|6,6|-1,-1|-1,-1|-1,-1|6,16|22,29|19,30|-1,-1|16,26|
#setting_targetting_pos=-1,-1|-1,-1|-1,-1|-1,-1|-1,-1|-1,-1|22,1|19,2|-1,-1|-1,-1|
D.........
#111110101111111110
#assigned_pet=-1,-1,-1,-1,7,-1,-1,-1,-1,-1,
#assigned_hub=7,0,8,4,3,1,0,0,6,5,
#moving_targetting_pos=26,16|6,6|-1,-1|-1,-1|-1,-1|6,16|22,29|19,30|-1,-1|16,26|
#setting_targetting_pos=-1,-1|-1,-1|-1,-1|-1,-1|17,4|-1,-1|22,1|19,2|-1,-1|-1,-1|
D.........
#111110101111111110
#assigned_pet=-1,-1,-1,-1,7,-1,-1,-1,-1,-1,
#assigned_hub=7,0,8,4,3,1,0,0,6,5,
#moving_targetting_pos=26,16|6,6|-1,-1|-1,-1|-1,-1|6,16|22,29|19,30|-1,-1|16,26|
#setting_targetting_pos=-1,-1|-1,-1|-1,-1|-1,-1|17,4|-1,-1|22,1|19,2|-1,-1|-1,-1|
D.........
#111110101111111110
#assigned_pet=-1,-1,-1,-1,7,-1,-1,-1,-1,-1,
#assigned_hub=7,0,8,4,3,1,0,0,6,5,
#moving_targetting_pos=26,16|6,6|-1,-1|-1,-1|-1,-1|6,16|22,29|19,30|-1,-1|16,26|
#setting_targetting_pos=-1,-1|-1,-1|-1,-1|-1,-1|17,4|-1,-1|22,1|19,2|-1,-1|-1,-1|
D.........
#111110101111111110
#assigned_pet=-1,-1,-1,-1,7,-1,-1,-1,-1,-1,
#assigned_hub=7,0,8,4,3,1,0,0,6,5,
#moving_targetting_pos=26,16|6,6|-1,-1|-1,-1|-1,-1|6,16|22,29|19,30|-1,-1|16,26|
#setting_targetting_pos=-1,-1|-1,-1|-1,-1|-1,-1|17,4|-1,-1|22,1|19,2|-1,-1|-1,-1|
D.........
#111110101111111110
#assigned_pet=-1,-1,-1,-1,7,-1,-1,-1,-1,-1,
#assigned_hub=7,0,8,4,3,1,0,0,6,5,
#moving_targetting_pos=26,16|6,6|-1,-1|-1,-1|-1,-1|6,16|22,29|19,30|-1,-1|16,26|
#setting_targetting_pos=-1,-1|-1,-1|-1,-1|-1,-1|17,4|-1,-1|22,1|19,2|-1,-1|-1,-1|
D.........
