#00000000000000000
#assigned_pet=-1,-1,-1,-1,-1,-1,-1,-1,
#assigned_hub=0,0,0,0,0,0,0,0,
#moving_targetting_pos=19,2|15,30|9,2|2,29|25,30|22,29|5,30|12,29|
#setting_targetting_pos=19,30|15,1|9,30|2,1|25,1|22,1|5,1|12,1|
LRdRRRRR
#00000000000000000
#assigned_pet=-1,-1,-1,-1,-1,-1,-1,-1,
#assigned_hub=0,0,0,0,0,0,0,0,
#moving_targetting_pos=19,2|15,30|9,2|2,29|25,30|22,29|5,30|12,29|
#setting_targetting_pos=19,30|15,1|9,30|2,1|25,1|22,1|5,1|12,1|
LRRRRRRR
#00000000000000000
#assigned_pet=-1,-1,-1,-1,-1,-1,-1,-1,
#assigned_hub=0,0,0,0,0,0,0,0,
#moving_targetting_pos=19,2|15,30|9,2|2,29|25,30|22,29|5,30|12,29|
#setting_targetting_pos=19,30|15,1|9,30|2,1|25,1|22,1|5,1|12,1|
LRRRRRRR
#00000000000000000
#assigned_pet=-1,-1,-1,-1,-1,-1,-1,-1,
#assigned_hub=0,0,0,0,0,0,0,0,
#moving_targetting_pos=19,2|15,30|9,2|2,29|25,30|22,29|5,30|12,29|
#setting_targetting_pos=19,30|15,1|9,30|2,1|25,1|22,1|5,1|12,1|
LRlRRRRR
#00000000000000000
#assigned_pet=-1,-1,-1,-1,-1,-1,-1,-1,
#assigned_hub=0,0,0,0,0,0,0,0,
#moving_targetting_pos=19,2|15,30|9,2|2,29|25,30|22,29|5,30|12,29|
#setting_targetting_pos=19,30|15,1|9,30|2,1|25,1|22,1|5,1|12,1|
LRuDRURR
#00000000000000000
#assigned_pet=-1,-1,-1,-1,-1,-1,-1,-1,
#assigned_hub=0,0,0,0,0,0,0,0,
#moving_targetting_pos=19,2|15,30|9,2|2,29|25,30|22,29|5,30|12,29|
#setting_targetting_pos=19,30|15,1|9,30|2,1|25,1|22,1|5,1|12,1|
LRRrRrRR
#00000000000000000
#assigned_pet=-1,-1,-1,-1,-1,-1,-1,-1,
#assigned_hub=0,0,0,0,0,0,0,0,
#moving_targetting_pos=19,2|15,30|9,2|2,29|25,30|22,29|5,30|12,29|
#setting_targetting_pos=19,30|15,1|9,30|2,1|25,1|22,1|5,1|12,1|
LRRdRdDR
#00000000000000000
#assigned_pet=-1,-1,-1,-1,-1,-1,-1,-1,
#assigned_hub=0,0,0,0,0,0,0,0,
#moving_targetting_pos=19,2|15,30|9,2|2,29|25,30|22,29|5,30|12,29|
#setting_targetting_pos=19,30|15,1|9,30|2,1|25,1|22,1|5,1|12,1|
LRdL.LLR
#00000000000000000
#assigned_pet=-1,-1,-1,-1,-1,-1,-1,-1,
#assigned_hub=0,0,0,0,0,0,0,0,
#moving_targetting_pos=19,2|15,30|9,2|2,29|25,30|22,29|5,30|12,29|
#setting_targetting_pos=19,30|15,1|9,30|2,1|25,1|22,1|5,1|12,1|
LRRLdLDR
#00000000000000000
#assigned_pet=-1,-1,-1,-1,-1,-1,-1,-1,
#assigned_hub=0,0,0,0,0,0,0,0,
#moving_targetting_pos=19,2|15,30|9,2|2,29|25,30|22,29|5,30|12,29|
#setting_targetting_pos=19,30|15,1|9,30|2,1|25,1|22,1|5,1|12,1|
URlLLLDR
#00000000000000000
#assigned_pet=-1,-1,-1,-1,-1,-1,-1,-1,
#assigned_hub=0,0,0,0,0,0,0,0,
#moving_targetting_pos=19,2|15,30|9,2|2,29|25,30|22,29|5,30|12,29|
#setting_targetting_pos=19,30|15,1|9,30|2,1|25,1|22,1|5,1|12,1|
URRd.dRR
#00000000000000000
#assigned_pet=-1,-1,-1,-1,-1,-1,-1,-1,
#assigned_hub=0,0,0,0,0,0,0,0,
#moving_targetting_pos=19,2|15,30|9,2|2,29|25,30|22,29|5,30|12,29|
#setting_targetting_pos=19,30|15,1|9,30|2,1|25,1|22,1|5,1|12,1|
dUuuduRR
#00000000000000000
#assigned_pet=-1,-1,-1,-1,-1,-1,-1,-1,
#assigned_hub=0,0,0,0,0,0,0,0,
#moving_targetting_pos=19,2|15,30|9,2|2,29|25,30|22,29|5,30|12,29|
#setting_targetting_pos=19,30|15,1|9,30|2,1|25,1|22,1|5,1|12,1|
RURLLLDR
#00000000000000000
#assigned_pet=-1,-1,-1,-1,-1,-1,-1,-1,
#assigned_hub=0,0,0,0,0,0,0,0,
#moving_targetting_pos=19,2|15,30|9,2|2,29|25,30|22,29|5,30|12,29|
#setting_targetting_pos=19,30|15,1|9,30|2,1|25,1|22,1|5,1|12,1|
RdRr.rdU
#00000000000000000
#assigned_pet=-1,-1,-1,-1,-1,-1,-1,-1,
#assigned_hub=0,0,0,0,0,0,0,0,
#moving_targetting_pos=19,2|15,30|9,2|2,29|25,30|22,29|5,30|12,29|
#setting_targetting_pos=19,30|15,1|9,30|2,1|25,1|22,1|5,1|12,1|
lLlLuLLU
#00000000000000000
#assigned_pet=-1,-1,-1,-1,-1,-1,-1,-1,
#assigned_hub=0,0,0,0,0,0,0,0,
#moving_targetting_pos=19,2|15,30|9,2|2,29|25,30|22,29|5,30|12,29|
#setting_targetting_pos=19,30|15,1|9,30|2,1|25,1|22,1|5,1|12,1|
u.dLLLdU
#00000000000000000
#assigned_pet=-1,-1,-1,-1,-1,-1,-1,-1,
#assigned_hub=0,0,0,0,0,0,0,0,
#moving_targetting_pos=19,2|15,30|9,2|2,29|25,30|22,29|5,30|12,29|
#setting_targetting_pos=19,30|15,1|9,30|2,1|25,1|22,1|5,1|12,1|
R.R.LdLU
#00000000000000000
#assigned_pet=-1,-1,-1,-1,-1,-1,-1,-1,
#assigned_hub=0,0,0,0,0,0,0,0,
#moving_targetting_pos=19,2|15,30|9,2|2,29|25,30|22,29|5,30|12,29|
#setting_targetting_pos=19,30|15,1|9,30|2,1|25,1|22,1|5,1|12,1|
R.RdLLuU
#00000000000000000
#assigned_pet=-1,-1,-1,-1,-1,-1,-1,-1,
#assigned_hub=0,0,0,0,0,0,0,0,
#moving_targetting_pos=19,2|15,30|9,2|2,29|25,30|22,29|5,30|12,29|
#setting_targetting_pos=19,30|15,1|9,30|2,1|25,1|22,1|5,1|12,1|
d.dLLLLU
#00000000000000000
#assigned_pet=-1,-1,-1,-1,-1,-1,-1,-1,
#assigned_hub=0,0,0,0,0,0,0,0,
#moving_targetting_pos=19,2|15,30|9,2|2,29|25,30|22,29|5,30|12,29|
#setting_targetting_pos=19,30|15,1|9,30|2,1|25,1|22,1|5,1|12,1|
RdRL.rLr
#00000000000000000
#assigned_pet=-1,-1,-1,-1,-1,-1,-1,-1,
#assigned_hub=0,0,0,0,0,0,0,0,
#moving_targetting_pos=19,2|15,30|9,2|2,29|25,30|22,29|5,30|12,29|
#setting_targetting_pos=19,30|15,1|9,30|2,1|25,1|22,1|5,1|12,1|
lLRr.uL.
#00000000000000000
#assigned_pet=-1,-1,-1,-1,-1,-1,-1,-1,
#assigned_hub=0,0,0,0,0,0,0,0,
#moving_targetting_pos=19,2|15,30|9,2|2,29|25,30|22,29|5,30|12,29|
#setting_targetting_pos=19,30|15,1|9,30|2,1|25,1|22,1|5,1|12,1|
RuluuLLd
#00000000000000000
#assigned_pet=-1,-1,-1,-1,-1,-1,-1,-1,
#assigned_hub=0,0,0,0,0,0,0,0,
#moving_targetting_pos=19,2|15,30|9,2|2,29|25,30|22,29|5,30|12,29|
#setting_targetting_pos=19,30|15,1|9,30|2,1|25,1|22,1|5,1|12,1|
uLuLLLuL
#00000000000000000
#assigned_pet=-1,-1,-1,-1,-1,-1,-1,-1,
#assigned_hub=0,0,0,0,0,0,0,0,
#moving_targetting_pos=19,2|15,30|9,2|2,29|25,30|22,29|5,30|12,29|
#setting_targetting_pos=19,30|15,1|9,30|2,1|25,1|22,1|5,1|12,1|
RLRLdrLL
#00000000000000000
#assigned_pet=-1,-1,-1,-1,-1,-1,-1,-1,
#assigned_hub=0,0,0,0,0,0,0,0,
#moving_targetting_pos=19,2|15,30|9,2|2,29|25,30|22,29|5,30|12,29|
#setting_targetting_pos=19,30|15,1|9,30|2,1|25,1|22,1|5,1|12,1|
RLRrLd.L
#00000000000000000
#assigned_pet=-1,-1,-1,-1,-1,-1,-1,-1,
#assigned_hub=0,0,0,0,0,0,0,0,
#moving_targetting_pos=19,2|15,30|9,2|2,29|25,30|22,29|5,30|12,29|
#setting_targetting_pos=19,30|15,1|9,30|2,1|25,1|22,1|5,1|12,1|
lLdddLdd
#00000000000000000
#assigned_pet=-1,-1,-1,-1,-1,-1,-1,-1,
#assigned_hub=0,0,0,0,0,0,0,0,
#moving_targetting_pos=19,2|15,30|9,2|2,29|25,30|22,29|5,30|12,29|
#setting_targetting_pos=19,30|15,1|9,30|2,1|25,1|22,1|5,1|12,1|
d.RLLLL.
#00000000000000000
#assigned_pet=-1,-1,-1,-1,-1,-1,-1,-1,
#assigned_hub=0,0,0,0,0,0,0,0,
#moving_targetting_pos=19,2|15,30|9,2|2,29|25,30|22,29|5,30|12,29|
#setting_targetting_pos=19,30|15,1|9,30|2,1|25,1|22,1|5,1|12,1|
R.lLdLdu
#00000000000000000
#assigned_pet=-1,-1,-1,-1,-1,-1,-1,-1,
#assigned_hub=0,0,0,0,0,0,0,0,
#moving_targetting_pos=19,2|15,30|9,2|2,29|25,30|22,29|5,30|12,29|
#setting_targetting_pos=19,30|15,1|9,30|2,1|25,1|22,1|5,1|12,1|
RuRLLdLL
#00000000000000000
#assigned_pet=-1,-1,-1,-1,-1,-1,-1,-1,
#assigned_hub=0,0,0,0,0,0,0,0,
#moving_targetting_pos=19,2|15,30|9,2|2,29|25,30|22,29|5,30|12,29|
#setting_targetting_pos=19,30|15,1|9,30|2,1|25,1|22,1|5,1|12,1|
dLuddudr
#00000000000000000
#assigned_pet=-1,-1,-1,-1,-1,-1,-1,-1,
#assigned_hub=0,0,0,0,0,0,0,0,
#moving_targetting_pos=19,2|15,30|9,2|2,29|25,30|22,29|5,30|12,29|
#setting_targetting_pos=19,30|15,1|9,30|2,1|25,1|22,1|5,1|12,1|
RdRuLLLL
#00000000000000000
#assigned_pet=-1,-1,-1,-1,-1,-1,-1,-1,
#assigned_hub=0,0,0,0,0,0,0,0,
#moving_targetting_pos=19,2|15,30|9,2|2,29|25,30|22,29|5,30|12,29|
#setting_targetting_pos=19,30|15,1|9,30|2,1|25,1|22,1|5,1|12,1|
RLRLdrdL
#00000000000000000
#assigned_pet=-1,-1,-1,-1,-1,-1,-1,-1,
#assigned_hub=0,0,0,0,0,0,0,0,
#moving_targetting_pos=19,2|15,30|9,2|2,29|25,30|22,29|5,30|12,29|
#setting_targetting_pos=19,30|15,1|9,30|2,1|25,1|22,1|5,1|12,1|
ldlrLLLd
#00000000000000000
#assigned_pet=-1,-1,-1,-1,-1,-1,-1,-1,
#assigned_hub=0,0,0,0,0,0,0,0,
#moving_targetting_pos=19,2|15,30|9,2|2,29|25,30|22,29|5,30|12,29|
#setting_targetting_pos=19,30|15,1|9,30|2,1|25,1|22,1|5,1|12,1|
uLdLuLdL
#00000000000000000
#assigned_pet=-1,-1,-1,-1,-1,-1,-1,-1,
#assigned_hub=0,0,0,0,0,0,0,0,
#moving_targetting_pos=19,2|15,30|9,2|2,29|25,30|22,29|5,30|12,29|
#setting_targetting_pos=19,30|15,1|9,30|2,1|25,1|22,1|5,1|12,1|
RdRLLdLL
#00000000000000000
#assigned_pet=-1,-1,-1,-1,-1,-1,-1,-1,
#assigned_hub=0,0,0,0,0,0,0,0,
#moving_targetting_pos=19,2|15,30|9,2|2,29|25,30|22,29|5,30|12,29|
#setting_targetting_pos=19,30|15,1|9,30|2,1|25,1|22,1|5,1|12,1|
RLRdLLur
#00000000000000000
#assigned_pet=-1,-1,-1,-1,-1,-1,-1,-1,
#assigned_hub=0,0,0,0,0,0,0,0,
#moving_targetting_pos=19,2|15,30|9,2|2,29|25,30|22,29|5,30|12,29|
#setting_targetting_pos=19,30|15,1|9,30|2,1|25,1|22,1|5,1|12,1|
dddLLLLu
#00000000000000000
#assigned_pet=-1,-1,-1,-1,-1,-1,-1,-1,
#assigned_hub=0,0,0,0,0,0,0,0,
#moving_targetting_pos=19,2|15,30|9,2|2,29|25,30|22,29|5,30|12,29|
#setting_targetting_pos=19,30|15,1|9,30|2,1|25,1|22,1|5,1|12,1|
RLRLLrLL
#00000000000000000
#assigned_pet=-1,-1,-1,-1,-1,-1,-1,-1,
#assigned_hub=0,0,0,0,0,0,0,0,
#moving_targetting_pos=19,2|15,30|9,2|2,29|25,30|22,29|5,30|12,29|
#setting_targetting_pos=19,30|15,1|9,30|2,1|25,1|22,1|5,1|12,1|
l.RruuLL
#00000000000000000
#assigned_pet=-1,-1,-1,-1,-1,-1,-1,-1,
#assigned_hub=0,0,0,0,0,0,0,0,
#moving_targetting_pos=19,2|15,30|9,2|2,29|25,30|22,29|5,30|12,29|
#setting_targetting_pos=19,30|15,1|9,30|2,1|25,1|22,1|5,1|12,1|
RdluLLLr
#00000000000000000
#assigned_pet=-1,-1,-1,-1,-1,-1,-1,-1,
#assigned_hub=0,0,0,0,0,0,0,0,
#moving_targetting_pos=19,2|15,30|9,2|2,29|25,30|22,29|5,30|12,29|
#setting_targetting_pos=19,30|15,1|9,30|2,1|25,1|22,1|5,1|12,1|
uLuLdLud
#00000000000000000
#assigned_pet=-1,-1,-1,-1,-1,-1,-1,-1,
#assigned_hub=0,0,0,0,0,0,0,0,
#moving_targetting_pos=19,2|15,30|9,2|2,29|25,30|22,29|5,30|12,29|
#setting_targetting_pos=19,30|15,1|9,30|2,1|25,1|22,1|5,1|12,1|
RuRLLrLL
#00000000000000000
#assigned_pet=-1,-1,-1,-1,-1,-1,-1,-1,
#assigned_hub=0,0,0,0,0,0,0,0,
#moving_targetting_pos=19,2|15,30|9,2|2,29|25,30|22,29|5,30|12,29|
#setting_targetting_pos=19,30|15,1|9,30|2,1|25,1|22,1|5,1|12,1|
RLRrdddL
#00000000000000000
#assigned_pet=-1,-1,-1,-1,-1,-1,-1,-1,
#assigned_hub=0,0,0,0,0,0,0,0,
#moving_targetting_pos=19,2|15,30|9,2|2,29|25,30|22,29|5,30|12,29|
#setting_targetting_pos=19,30|15,1|9,30|2,1|25,1|22,1|5,1|12,1|
lLddLLLL
#00000000000000000
#assigned_pet=-1,-1,-1,-1,-1,-1,-1,-1,
#assigned_hub=0,0,0,0,0,0,0,0,
#moving_targetting_pos=19,2|15,30|9,2|2,29|25,30|22,29|5,30|12,29|
#setting_targetting_pos=19,30|15,1|9,30|2,1|25,1|22,1|5,1|12,1|
dLRLdLdd
#00000000000000000
#assigned_pet=-1,-1,-1,-1,-1,-1,-1,-1,
#assigned_hub=0,0,0,0,0,0,0,0,
#moving_targetting_pos=19,2|15,30|9,2|2,29|25,30|22,29|5,30|12,29|
#setting_targetting_pos=19,30|15,1|9,30|2,1|25,1|22,1|5,1|12,1|
RLlLLLLu
#00000000000000000
#assigned_pet=-1,-1,-1,-1,-1,-1,-1,-1,
#assigned_hub=0,0,0,0,0,0,0,0,
#moving_targetting_pos=19,2|15,30|9,2|2,29|25,30|22,29|5,30|12,29|
#setting_targetting_pos=19,30|15,1|9,30|2,1|25,1|22,1|5,1|12,1|
RuRLdddL
#00000000000000000
#assigned_pet=-1,-1,-1,-1,-1,-1,-1,-1,
#assigned_hub=0,0,0,0,0,0,0,0,
#moving_targetting_pos=19,2|15,30|9,2|2,29|25,30|22,29|5,30|12,29|
#setting_targetting_pos=19,30|15,1|9,30|2,1|25,1|22,1|5,1|12,1|
.LudLuLr
#00000000000000000
#assigned_pet=-1,-1,-1,-1,-1,-1,-1,-1,
#assigned_hub=0,0,0,0,0,0,0,0,
#moving_targetting_pos=19,2|15,30|9,2|2,29|25,30|22,29|5,30|12,29|
#setting_targetting_pos=19,30|15,1|9,30|2,1|25,1|22,1|5,1|12,1|
ddRudLdL
#00000000000000000
#assigned_pet=-1,-1,-1,-1,-1,-1,-1,-1,
#assigned_hub=0,0,0,0,0,0,0,0,
#moving_targetting_pos=19,2|15,30|9,2|2,29|25,30|22,29|5,30|12,29|
#setting_targetting_pos=19,30|15,1|9,30|2,1|25,1|22,1|5,1|12,1|
RLRLLrLL
#00000000000000000
#assigned_pet=-1,-1,-1,-1,-1,-1,-1,-1,
#assigned_hub=0,0,0,0,0,0,0,0,
#moving_targetting_pos=19,2|15,30|9,2|2,29|25,30|22,29|5,30|12,29|
#setting_targetting_pos=19,30|15,1|9,30|2,1|25,1|22,1|5,1|12,1|
RdlruLdd
#00000000000000000
#assigned_pet=-1,-1,-1,-1,-1,-1,-1,-1,
#assigned_hub=0,0,0,0,0,0,0,0,
#moving_targetting_pos=19,2|15,30|9,2|2,29|25,30|22,29|5,30|12,29|
#setting_targetting_pos=19,30|15,1|9,30|2,1|25,1|22,1|5,1|12,1|
lLdLLLLL
#00000000000000000
#assigned_pet=-1,-1,-1,-1,-1,-1,-1,-1,
#assigned_hub=0,0,0,0,0,0,0,0,
#moving_targetting_pos=19,2|15,30|29,30|2,29|25,30|22,29|5,30|12,29|
#setting_targetting_pos=19,30|15,1|29,2|2,1|25,1|22,1|5,1|12,1|
udULL.uL
#00000000000000000
#assigned_pet=-1,-1,-1,-1,-1,-1,-1,-1,
#assigned_hub=0,0,0,0,0,0,0,0,
#moving_targetting_pos=19,2|15,30|29,30|2,29|25,30|22,29|5,30|12,29|
#setting_targetting_pos=19,30|15,1|29,2|2,1|25,1|22,1|5,1|12,1|
RLLdLdLr
#00000000000000000
#assigned_pet=-1,-1,-1,-1,-1,-1,-1,-1,
#assigned_hub=0,0,0,0,0,0,0,0,
#moving_targetting_pos=19,2|15,30|29,30|2,29|25,30|22,29|5,30|12,29|
#setting_targetting_pos=19,30|15,1|29,2|2,1|25,1|22,1|5,1|12,1|
RdULLLLu
#00000000000000000
#assigned_pet=-1,-1,-1,-1,-1,-1,-1,-1,
#assigned_hub=0,0,0,0,0,0,0,0,
#moving_targetting_pos=19,2|15,30|29,30|2,29|25,30|22,29|5,30|12,29|
#setting_targetting_pos=19,30|15,1|29,2|2,1|25,1|22,1|5,1|12,1|
dLLLuLLL
#00000000000000000
#assigned_pet=-1,-1,-1,-1,-1,-1,-1,-1,
#assigned_hub=0,0,0,0,0,0,0,0,
#moving_targetting_pos=19,2|15,30|29,30|2,29|25,30|22,29|5,30|12,29|
#setting_targetting_pos=19,30|15,1|29,2|2,1|25,1|22,1|5,1|12,1|
RdLrL.LL
#00000000000000000
#assigned_pet=-1,-1,-1,-1,-1,-1,-1,-1,
#assigned_hub=0,0,0,0,0,0,0,0,
#moving_targetting_pos=19,2|15,30|29,30|2,29|25,30|22,29|5,30|12,29|
#setting_targetting_pos=19,30|15,1|29,2|2,1|25,1|22,1|5,1|12,1|
lLDudrur
#00000000000000000
#assigned_pet=-1,-1,-1,-1,-1,-1,-1,-1,
#assigned_hub=0,0,0,0,0,0,0,0,
#moving_targetting_pos=19,2|15,30|29,30|6,6|25,30|22,29|5,30|12,29|
#setting_targetting_pos=19,30|15,1|29,2|2,1|25,1|22,1|5,1|12,1|
RuDDL.Ld
#00000000000000000
#assigned_pet=-1,-1,-1,-1,-1,-1,-1,-1,
#assigned_hub=0,0,0,0,0,0,0,0,
#moving_targetting_pos=19,2|15,30|29,30|6,6|25,30|22,29|5,30|12,29|
#setting_targetting_pos=19,30|15,1|29,2|-1,-1|25,1|22,1|5,1|12,1|
uLDRd.dL
#00000000000000000
#assigned_pet=-1,-1,-1,-1,-1,-1,-1,-1,
#assigned_hub=0,0,0,0,0,0,0,0,
#moving_targetting_pos=19,2|15,30|29,30|6,6|25,30|22,29|5,30|12,29|
#setting_targetting_pos=19,30|15,1|29,2|-1,-1|25,1|22,1|5,1|12,1|
RLDDL.LL
#00000000000000000
#assigned_pet=-1,-1,-1,-1,-1,-1,-1,-1,
#assigned_hub=0,0,0,0,0,0,0,0,
#moving_targetting_pos=19,2|15,30|29,30|6,6|25,30|22,29|5,30|12,29|
#setting_targetting_pos=19,30|15,1|29,2|-1,-1|25,1|22,1|5,1|12,1|
RLDRd.dL
#00000000000000000
#assigned_pet=-1,-1,-1,-1,-1,-1,-1,-1,
#assigned_hub=0,0,0,0,6,0,0,0,
#moving_targetting_pos=19,2|15,30|29,30|6,6|26,6|22,29|5,30|12,29|
#setting_targetting_pos=19,30|15,1|29,2|-1,-1|25,1|22,1|5,1|12,1|
dLDDR.Ld
#00000000000000000
#assigned_pet=-1,-1,-1,-1,-1,-1,-1,-1,
#assigned_hub=0,0,0,0,6,0,0,0,
#moving_targetting_pos=19,2|15,30|29,30|6,6|26,6|22,29|5,30|12,29|
#setting_targetting_pos=19,30|15,1|29,2|-1,-1|-1,-1|22,1|5,1|12,1|
.uDRRudu
#00000000000000000
#assigned_pet=-1,-1,-1,-1,-1,-1,-1,-1,
#assigned_hub=0,0,0,0,6,3,1,0,
#moving_targetting_pos=19,2|15,30|29,30|6,6|26,6|16,6|6,16|12,29|
#setting_targetting_pos=19,30|15,1|29,2|-1,-1|-1,-1|22,1|5,1|12,1|
lLDRRDRL
#00000000000000000
#assigned_pet=-1,-1,-1,-1,-1,-1,-1,-1,
#assigned_hub=5,0,0,0,6,3,1,0,
#moving_targetting_pos=16,26|15,30|29,30|-1,-1|26,6|16,6|6,16|12,29|
#setting_targetting_pos=19,30|15,1|29,2|-1,-1|-1,-1|-1,-1|-1,-1|12,1|
UdD.RRRr
#00000000000000000
#assigned_pet=-1,-1,-1,-1,-1,-1,-1,-1,
#assigned_hub=5,0,0,0,6,3,1,0,
#moving_targetting_pos=16,26|15,30|29,30|-1,-1|-1,-1|16,6|6,16|12,29|
#setting_targetting_pos=-1,-1|15,1|29,2|-1,-1|-1,-1|-1,-1|-1,-1|12,1|
LLD..DRL
#00000000000000000
#assigned_pet=-1,-1,-1,-1,-1,-1,-1,-1,
#assigned_hub=5,0,0,0,6,3,1,0,
#moving_targetting_pos=16,26|15,30|29,30|-1,-1|-1,-1|16,6|6,16|12,29|
#setting_targetting_pos=-1,-1|15,1|29,2|-1,-1|-1,-1|-1,-1|-1,-1|12,1|
UdD..RRL
#00000000000000000
#assigned_pet=-1,-1,-1,-1,-1,-1,-1,-1,
#assigned_hub=5,0,0,0,6,3,1,0,
#moving_targetting_pos=16,26|15,30|29,30|-1,-1|-1,-1|16,6|6,16|12,29|
#setting_targetting_pos=-1,-1|15,1|29,2|-1,-1|-1,-1|-1,-1|-1,-1|12,1|
LLD..DRd
#00000000000000000
#assigned_pet=-1,-1,-1,-1,3,-1,-1,-1,
#assigned_hub=5,0,0,0,6,3,1,0,
#moving_targetting_pos=16,26|15,30|29,30|-1,-1|-1,-1|16,6|6,16|12,29|
#setting_targetting_pos=-1,-1|15,1|29,2|-1,-1|28,7|-1,-1|-1,-1|12,1|
LdD.RRRL
#00000000000000000
#assigned_pet=-1,-1,-1,-1,-1,-1,-1,-1,
#assigned_hub=5,4,0,0,6,3,1,0,
#moving_targetting_pos=-1,-1|16,16|29,30|-1,-1|-1,-1|16,6|6,16|12,29|
#setting_targetting_pos=-1,-1|15,1|29,2|-1,-1|-1,-1|-1,-1|-1,-1|12,1|
.RD..RRL
#00000000000000000
#assigned_pet=-1,-1,-1,-1,-1,-1,-1,-1,
#assigned_hub=5,4,0,0,6,3,1,0,
#moving_targetting_pos=-1,-1|16,16|29,30|-1,-1|-1,-1|16,6|6,16|12,29|
#setting_targetting_pos=-1,-1|-1,-1|29,2|-1,-1|-1,-1|-1,-1|-1,-1|12,1|
.RD..URr
#00000000000000000
#assigned_pet=-1,-1,-1,-1,-1,-1,-1,-1,
#assigned_hub=5,4,0,0,6,3,1,0,
#moving_targetting_pos=-1,-1|16,16|29,30|-1,-1|-1,-1|16,6|6,16|12,29|
#setting_targetting_pos=-1,-1|-1,-1|29,2|-1,-1|-1,-1|-1,-1|-1,-1|12,1|
.RD..URu
#00000000000000000
#assigned_pet=-1,-1,-1,-1,-1,-1,-1,-1,
#assigned_hub=5,4,0,0,6,3,1,7,
#moving_targetting_pos=-1,-1|16,16|29,30|-1,-1|-1,-1|16,6|6,16|26,16|
#setting_targetting_pos=-1,-1|-1,-1|29,2|-1,-1|-1,-1|-1,-1|-1,-1|12,1|
.RD..URD
#00000000000000000
#assigned_pet=-1,-1,-1,-1,14,-1,-1,-1,
#assigned_hub=5,4,0,0,6,3,1,7,
#moving_targetting_pos=-1,-1|16,16|29,30|-1,-1|-1,-1|16,6|6,16|26,16|
#setting_targetting_pos=-1,-1|-1,-1|29,2|-1,-1|28,7|-1,-1|-1,-1|-1,-1|
.RD.RURR
#00000000000000000
#assigned_pet=-1,-1,-1,-1,14,-1,-1,-1,
#assigned_hub=5,4,0,0,6,3,1,7,
#moving_targetting_pos=-1,-1|16,16|29,30|-1,-1|-1,-1|16,6|6,16|26,16|
#setting_targetting_pos=-1,-1|-1,-1|29,2|-1,-1|28,7|-1,-1|-1,-1|-1,-1|
.RR.DURD
#00000000000000000
#assigned_pet=-1,-1,-1,-1,-1,-1,-1,-1,
#assigned_hub=5,4,0,0,6,3,1,7,
#moving_targetting_pos=-1,-1|16,16|29,30|-1,-1|-1,-1|16,6|6,16|26,16|
#setting_targetting_pos=-1,-1|-1,-1|29,2|-1,-1|-1,-1|-1,-1|-1,-1|-1,-1|
.RD..URR
#00000000000000000
#assigned_pet=-1,-1,-1,-1,14,-1,-1,-1,
#assigned_hub=5,4,0,0,6,3,1,7,
#moving_targetting_pos=-1,-1|16,16|29,30|-1,-1|-1,-1|16,6|6,16|26,16|
#setting_targetting_pos=-1,-1|-1,-1|29,2|-1,-1|28,7|-1,-1|-1,-1|-1,-1|
.RD.DURD
#00000000000000000
#assigned_pet=-1,-1,-1,-1,-1,-1,6,-1,
#assigned_hub=5,4,0,0,6,3,1,7,
#moving_targetting_pos=-1,-1|16,16|29,30|-1,-1|-1,-1|16,6|-1,-1|26,16|
#setting_targetting_pos=-1,-1|-1,-1|29,2|-1,-1|-1,-1|-1,-1|4,15|-1,-1|
.RR..R.R
#00000010000000000
#assigned_pet=-1,-1,-1,-1,4,4,6,-1,
#assigned_hub=5,4,0,0,6,3,1,7,
#moving_targetting_pos=-1,-1|16,16|29,30|-1,-1|-1,-1|-1,-1|-1,-1|26,16|
#setting_targetting_pos=-1,-1|-1,-1|29,2|-1,-1|24,7|18,7|4,15|-1,-1|
.RR.U.uR
#00000010000000000
#assigned_pet=-1,-1,-1,-1,4,4,13,-1,
#assigned_hub=5,4,0,0,6,3,1,7,
#moving_targetting_pos=-1,-1|16,16|29,30|-1,-1|-1,-1|-1,-1|-1,-1|26,16|
#setting_targetting_pos=-1,-1|-1,-1|29,2|-1,-1|24,7|18,7|4,17|-1,-1|
.RD.U.RR
#00000010000000000
#assigned_pet=-1,-1,-1,-1,4,4,13,-1,
#assigned_hub=5,4,0,0,6,3,1,7,
#moving_targetting_pos=-1,-1|16,16|29,30|-1,-1|-1,-1|-1,-1|-1,-1|26,16|
#setting_targetting_pos=-1,-1|-1,-1|29,2|-1,-1|24,7|18,7|4,17|-1,-1|
.RD...RR
#00000010000001000
#assigned_pet=-1,-1,-1,-1,-1,11,13,-1,
#assigned_hub=5,4,0,0,6,3,1,7,
#moving_targetting_pos=-1,-1|16,16|29,30|-1,-1|-1,-1|-1,-1|-1,-1|26,16|
#setting_targetting_pos=-1,-1|-1,-1|29,2|-1,-1|-1,-1|17,4|4,17|-1,-1|
.Rd..LuR
#00000010000001000
#assigned_pet=-1,-1,-1,-1,-1,11,-1,-1,
#assigned_hub=5,4,0,0,6,3,8,7,
#moving_targetting_pos=-1,-1|16,16|29,30|-1,-1|-1,-1|-1,-1|26,26|26,16|
#setting_targetting_pos=-1,-1|-1,-1|29,2|-1,-1|-1,-1|17,4|-1,-1|-1,-1|
.RL..URR
#00000010000101000
#assigned_pet=1,1,-1,-1,-1,11,-1,-1,
#assigned_hub=5,4,0,0,6,3,8,7,
#moving_targetting_pos=-1,-1|-1,-1|29,30|-1,-1|-1,-1|-1,-1|26,26|26,16|
#setting_targetting_pos=15,24|15,18|29,2|-1,-1|-1,-1|17,4|-1,-1|-1,-1|
LRL..lRR
#00000010000101000
#assigned_pet=1,1,-1,-1,4,4,-1,-1,
#assigned_hub=5,4,0,0,6,3,8,7,
#moving_targetting_pos=-1,-1|-1,-1|29,30|-1,-1|-1,-1|-1,-1|26,26|26,16|
#setting_targetting_pos=15,24|15,18|29,2|-1,-1|24,5|18,5|-1,-1|-1,-1|
LRr.L.RR
#00000010000101000
#assigned_pet=1,1,-1,-1,4,4,-1,-1,
#assigned_hub=5,4,0,0,6,3,8,7,
#moving_targetting_pos=-1,-1|-1,-1|29,30|-1,-1|-1,-1|-1,-1|26,26|26,16|
#setting_targetting_pos=15,24|15,18|29,2|-1,-1|24,5|18,5|-1,-1|-1,-1|
L.u.L.RR
#00000010000101000
#assigned_pet=1,1,-1,-1,4,4,-1,-1,
#assigned_hub=5,4,0,0,6,3,8,7,
#moving_targetting_pos=-1,-1|-1,-1|29,30|-1,-1|-1,-1|-1,-1|26,26|26,16|
#setting_targetting_pos=15,24|15,18|29,2|-1,-1|24,5|18,5|-1,-1|-1,-1|
U.L...RR
#00000010000101000
#assigned_pet=1,1,-1,-1,4,4,-1,-1,
#assigned_hub=5,4,0,0,6,3,1,7,
#moving_targetting_pos=-1,-1|-1,-1|29,30|-1,-1|-1,-1|-1,-1|6,16|26,16|
#setting_targetting_pos=15,24|15,18|29,2|-1,-1|24,5|18,5|-1,-1|-1,-1|
..L...LR
#01001010000101000
#assigned_pet=1,1,-1,-1,4,4,-1,-1,
#assigned_hub=5,4,0,8,6,3,1,7,
#moving_targetting_pos=-1,-1|-1,-1|29,30|26,26|-1,-1|-1,-1|6,16|26,16|
#setting_targetting_pos=15,24|15,18|29,2|-1,-1|24,5|18,5|-1,-1|-1,-1|
urdRudLR
#01001010000101000
#assigned_pet=10,10,-1,-1,-1,-1,-1,-1,
#assigned_hub=5,4,0,0,6,3,1,7,
#moving_targetting_pos=-1,-1|-1,-1|29,30|6,6|-1,-1|-1,-1|6,16|26,16|
#setting_targetting_pos=17,24|17,18|29,2|-1,-1|-1,-1|-1,-1|-1,-1|-1,-1|
.DL...LD
#01001010000101000
#assigned_pet=10,10,-1,-1,-1,-1,-1,-1,
#assigned_hub=5,4,0,8,6,3,1,7,
#moving_targetting_pos=-1,-1|-1,-1|29,30|26,26|-1,-1|-1,-1|6,16|26,16|
#setting_targetting_pos=17,24|17,18|29,2|-1,-1|-1,-1|-1,-1|-1,-1|-1,-1|
.RrR..LD
#01001010000101000
#assigned_pet=10,10,-1,-1,-1,-1,-1,-1,
#assigned_hub=5,4,0,8,6,3,1,7,
#moving_targetting_pos=-1,-1|-1,-1|29,30|26,26|-1,-1|-1,-1|6,16|26,16|
#setting_targetting_pos=17,24|17,18|29,2|-1,-1|-1,-1|-1,-1|-1,-1|-1,-1|
..LR..LD
#01001010000101000
#assigned_pet=12,12,-1,-1,-1,-1,-1,-1,
#assigned_hub=5,4,0,8,6,3,1,7,
#moving_targetting_pos=-1,-1|-1,-1|29,30|26,26|-1,-1|-1,-1|-1,-1|26,16|
#setting_targetting_pos=17,24|17,18|29,2|-1,-1|-1,-1|-1,-1|-1,-1|-1,-1|
...R...D
#01001010000101000
#assigned_pet=12,12,-1,-1,-1,-1,-1,-1,
#assigned_hub=5,4,0,0,6,3,8,7,
#moving_targetting_pos=-1,-1|-1,-1|29,30|6,6|-1,-1|-1,-1|26,26|26,16|
#setting_targetting_pos=17,24|17,18|29,2|-1,-1|-1,-1|-1,-1|-1,-1|-1,-1|
...L..RD
#01001010000101000
#assigned_pet=12,12,-1,-1,-1,-1,-1,-1,
#assigned_hub=5,4,0,0,6,3,8,7,
#moving_targetting_pos=-1,-1|-1,-1|29,30|6,6|-1,-1|-1,-1|26,26|26,16|
#setting_targetting_pos=17,24|17,18|29,2|-1,-1|-1,-1|-1,-1|-1,-1|-1,-1|
...L..RD
#01001010000101000
#assigned_pet=12,12,-1,-1,-1,-1,-1,-1,
#assigned_hub=5,4,0,0,6,3,8,7,
#moving_targetting_pos=-1,-1|-1,-1|29,30|-1,-1|-1,-1|-1,-1|26,26|26,16|
#setting_targetting_pos=17,24|17,18|29,2|-1,-1|-1,-1|-1,-1|-1,-1|-1,-1|
......RD
#01001010000111000
#assigned_pet=12,12,-1,-1,-1,-1,-1,-1,
#assigned_hub=5,4,0,0,6,3,8,7,
#moving_targetting_pos=-1,-1|-1,-1|29,30|-1,-1|-1,-1|-1,-1|26,26|26,16|
#setting_targetting_pos=17,24|17,18|29,2|-1,-1|-1,-1|-1,-1|-1,-1|-1,-1|
dd....RD
#01001010000111000
#assigned_pet=2,7,-1,-1,-1,7,-1,-1,
#assigned_hub=5,4,0,0,6,3,8,7,
#moving_targetting_pos=-1,-1|-1,-1|29,30|-1,-1|-1,-1|-1,-1|26,26|26,16|
#setting_targetting_pos=17,28|15,14|29,2|-1,-1|-1,-1|15,8|-1,-1|-1,-1|
RL...RRD
#01001010000111000
#assigned_pet=2,7,-1,-1,-1,7,-1,-1,
#assigned_hub=5,4,0,0,6,3,1,7,
#moving_targetting_pos=-1,-1|-1,-1|29,30|-1,-1|-1,-1|-1,-1|6,16|26,16|
#setting_targetting_pos=17,28|15,14|29,2|-1,-1|-1,-1|15,8|-1,-1|-1,-1|
RL...RLR
#01001010000111000
#assigned_pet=2,7,-1,-1,-1,7,-1,-1,
#assigned_hub=5,4,0,0,6,3,8,7,
#moving_targetting_pos=-1,-1|-1,-1|29,30|-1,-1|-1,-1|-1,-1|26,26|-1,-1|
#setting_targetting_pos=17,28|15,14|29,2|-1,-1|-1,-1|15,8|-1,-1|-1,-1|
RL...RR.
#01001010000111000
#assigned_pet=2,7,-1,-1,-1,7,-1,-1,
#assigned_hub=5,4,0,0,6,3,8,7,
#moving_targetting_pos=-1,-1|-1,-1|29,30|-1,-1|-1,-1|-1,-1|26,26|-1,-1|
#setting_targetting_pos=17,28|15,14|29,2|-1,-1|-1,-1|15,8|-1,-1|-1,-1|
RL...UR.
#01101011000111000
#assigned_pet=2,7,-1,-1,-1,7,-1,-1,
#assigned_hub=5,4,0,0,6,3,1,7,
#moving_targetting_pos=-1,-1|-1,-1|29,30|-1,-1|-1,-1|-1,-1|6,16|-1,-1|
#setting_targetting_pos=17,28|15,14|29,2|-1,-1|-1,-1|15,8|-1,-1|-1,-1|
du...uL.
#01101011000111000
#assigned_pet=-1,-1,-1,-1,-1,-1,-1,-1,
#assigned_hub=5,4,0,0,6,3,1,7,
#moving_targetting_pos=-1,-1|-1,-1|29,30|-1,-1|-1,-1|-1,-1|6,16|-1,-1|
#setting_targetting_pos=-1,-1|-1,-1|29,2|-1,-1|-1,-1|-1,-1|-1,-1|-1,-1|
..u...L.
#01101011000111000
#assigned_pet=-1,-1,-1,-1,-1,-1,-1,-1,
#assigned_hub=5,4,0,8,6,3,1,7,
#moving_targetting_pos=-1,-1|-1,-1|29,30|26,26|-1,-1|-1,-1|6,16|-1,-1|
#setting_targetting_pos=-1,-1|-1,-1|29,2|-1,-1|-1,-1|-1,-1|-1,-1|-1,-1|
..LR..L.
#01101011000111000
#assigned_pet=-1,-1,-1,-1,-1,-1,-1,-1,
#assigned_hub=5,4,0,8,6,3,1,7,
#moving_targetting_pos=-1,-1|-1,-1|29,30|26,26|-1,-1|-1,-1|6,16|-1,-1|
#setting_targetting_pos=-1,-1|-1,-1|29,2|-1,-1|-1,-1|-1,-1|-1,-1|-1,-1|
..LR..L.
#01101011000111000
#assigned_pet=-1,-1,-1,-1,-1,-1,-1,-1,
#assigned_hub=5,4,0,8,6,3,1,7,
#moving_targetting_pos=-1,-1|-1,-1|29,30|26,26|-1,-1|-1,-1|6,16|-1,-1|
#setting_targetting_pos=-1,-1|-1,-1|29,2|-1,-1|-1,-1|-1,-1|-1,-1|-1,-1|
..rR..L.
#01101011000111000
#assigned_pet=-1,-1,-1,-1,14,-1,-1,-1,
#assigned_hub=5,4,0,8,6,3,1,7,
#moving_targetting_pos=-1,-1|-1,-1|29,30|26,26|-1,-1|-1,-1|6,16|-1,-1|
#setting_targetting_pos=-1,-1|-1,-1|29,2|-1,-1|27,4|-1,-1|-1,-1|-1,-1|
..dRL.L.
#01101011000111000
#assigned_pet=-1,3,-1,-1,14,-1,3,-1,
#assigned_hub=5,4,0,8,6,3,1,7,
#moving_targetting_pos=-1,-1|-1,-1|29,30|26,26|-1,-1|-1,-1|-1,-1|-1,-1|
#setting_targetting_pos=-1,-1|14,17|29,2|-1,-1|28,5|-1,-1|8,17|-1,-1|
.RLRR.D.
#01101011000111000
#assigned_pet=-1,3,-1,-1,8,8,3,-1,
#assigned_hub=5,4,0,8,6,3,1,7,
#moving_targetting_pos=-1,-1|-1,-1|29,30|26,26|-1,-1|-1,-1|-1,-1|-1,-1|
#setting_targetting_pos=-1,-1|14,17|29,2|-1,-1|24,7|18,7|8,17|-1,-1|
.RLRRLD.
#01101011000111000
#assigned_pet=-1,3,-1,-1,8,8,3,-1,
#assigned_hub=5,4,0,8,6,3,1,7,
#moving_targetting_pos=-1,-1|-1,-1|29,30|26,26|-1,-1|-1,-1|-1,-1|-1,-1|
#setting_targetting_pos=-1,-1|14,17|29,2|-1,-1|24,7|18,7|8,17|-1,-1|
.RdRRD..
#01101011100111000
#assigned_pet=-1,3,-1,-1,8,8,3,-1,
#assigned_hub=5,4,0,8,6,3,1,7,
#moving_targetting_pos=-1,-1|-1,-1|29,30|26,26|-1,-1|-1,-1|-1,-1|-1,-1|
#setting_targetting_pos=-1,-1|14,17|29,2|-1,-1|24,7|18,7|8,17|-1,-1|
.ULRud..
#01101011100111000
#assigned_pet=-1,3,-1,-1,-1,-1,3,-1,
#assigned_hub=5,4,0,8,6,3,1,7,
#moving_targetting_pos=-1,-1|-1,-1|29,30|26,26|-1,-1|16,6|-1,-1|-1,-1|
#setting_targetting_pos=-1,-1|14,17|29,2|-1,-1|-1,-1|-1,-1|8,17|-1,-1|
..LR....
#01101011100111000
#assigned_pet=-1,9,-1,-1,-1,-1,9,-1,
#assigned_hub=5,4,0,8,6,3,1,7,
#moving_targetting_pos=-1,-1|-1,-1|29,30|26,26|-1,-1|16,6|-1,-1|-1,-1|
#setting_targetting_pos=-1,-1|14,17|29,2|-1,-1|-1,-1|-1,-1|8,17|-1,-1|
..rR....
#01101011110111000
#assigned_pet=-1,9,-1,-1,-1,-1,9,-1,
#assigned_hub=5,4,0,0,6,8,1,7,
#moving_targetting_pos=-1,-1|-1,-1|29,30|6,6|-1,-1|26,26|-1,-1|-1,-1|
#setting_targetting_pos=-1,-1|14,17|29,2|-1,-1|-1,-1|-1,-1|8,17|-1,-1|
.uuL.Rd.
#01101011110111000
#assigned_pet=-1,-1,-1,-1,14,-1,-1,-1,
#assigned_hub=5,4,0,0,6,8,1,7,
#moving_targetting_pos=-1,-1|16,16|29,30|6,6|-1,-1|26,26|-1,-1|-1,-1|
#setting_targetting_pos=-1,-1|-1,-1|29,2|-1,-1|28,5|-1,-1|-1,-1|-1,-1|
..LLLR..
#01101011110111000
#assigned_pet=-1,-1,-1,-1,14,-1,-1,-1,
#assigned_hub=5,2,0,0,6,8,1,7,
#moving_targetting_pos=-1,-1|6,26|29,30|6,6|-1,-1|26,26|-1,-1|-1,-1|
#setting_targetting_pos=-1,-1|-1,-1|29,2|-1,-1|28,5|-1,-1|-1,-1|-1,-1|
.LLLLR..
#01101011110111000
#assigned_pet=-1,-1,-1,-1,14,-1,-1,-1,
#assigned_hub=5,2,0,0,6,8,1,7,
#moving_targetting_pos=-1,-1|6,26|29,30|6,6|-1,-1|26,26|-1,-1|-1,-1|
#setting_targetting_pos=-1,-1|-1,-1|29,2|-1,-1|28,5|-1,-1|-1,-1|-1,-1|
.LdLDR..
#01101011110111000
#assigned_pet=-1,-1,-1,-1,14,-1,-1,-1,
#assigned_hub=5,2,0,0,6,8,1,7,
#moving_targetting_pos=-1,-1|6,26|29,30|6,6|-1,-1|26,26|-1,-1|-1,-1|
#setting_targetting_pos=-1,-1|-1,-1|29,2|-1,-1|28,5|-1,-1|-1,-1|-1,-1|
.ULLDR..
#01101011110111000
#assigned_pet=-1,-1,-1,-1,14,-1,-1,-1,
#assigned_hub=5,2,0,0,6,8,1,7,
#moving_targetting_pos=-1,-1|6,26|29,30|6,6|-1,-1|26,26|-1,-1|-1,-1|
#setting_targetting_pos=-1,-1|-1,-1|29,2|-1,-1|28,5|-1,-1|-1,-1|-1,-1|
.UrL.R..
#01101011110111000
#assigned_pet=-1,-1,-1,-1,14,-1,-1,-1,
#assigned_hub=5,2,0,0,6,8,1,7,
#moving_targetting_pos=-1,-1|6,26|29,30|6,6|-1,-1|26,26|-1,-1|-1,-1|
#setting_targetting_pos=-1,-1|-1,-1|29,2|-1,-1|28,5|-1,-1|-1,-1|-1,-1|
.ULL.R..
#01101011110111000
#assigned_pet=-1,-1,-1,-1,14,-1,-1,-1,
#assigned_hub=5,2,0,0,6,8,1,7,
#moving_targetting_pos=16,26|6,26|29,30|6,6|-1,-1|26,26|-1,-1|-1,-1|
#setting_targetting_pos=-1,-1|-1,-1|29,2|-1,-1|28,5|-1,-1|-1,-1|-1,-1|
.UuL.R..
#01101011110111000
#assigned_pet=-1,-1,-1,-1,14,-1,-1,-1,
#assigned_hub=5,2,0,0,6,8,1,7,
#moving_targetting_pos=-1,-1|6,26|29,30|6,6|-1,-1|26,26|-1,-1|-1,-1|
#setting_targetting_pos=-1,-1|-1,-1|29,2|-1,-1|27,4|-1,-1|-1,-1|-1,-1|
.ULL.R..
#01101011110111000
#assigned_pet=-1,-1,-1,-1,14,-1,-1,-1,
#assigned_hub=5,2,0,0,6,8,1,7,
#moving_targetting_pos=16,26|6,26|29,30|6,6|-1,-1|26,26|-1,-1|-1,-1|
#setting_targetting_pos=-1,-1|-1,-1|29,2|-1,-1|27,4|-1,-1|-1,-1|-1,-1|
.ULL.R..
#01101011110111000
#assigned_pet=-1,-1,-1,-1,14,-1,-1,-1,
#assigned_hub=5,2,0,0,6,8,1,7,
#moving_targetting_pos=16,26|6,26|29,30|6,6|-1,-1|26,26|-1,-1|-1,-1|
#setting_targetting_pos=-1,-1|-1,-1|29,2|-1,-1|27,4|-1,-1|-1,-1|-1,-1|
.Ur..D..
#01101011110111000
#assigned_pet=-1,-1,-1,-1,14,-1,-1,-1,
#assigned_hub=5,2,0,0,6,8,1,7,
#moving_targetting_pos=16,26|6,26|29,30|6,6|-1,-1|26,26|-1,-1|-1,-1|
#setting_targetting_pos=-1,-1|-1,-1|29,2|-1,-1|27,4|-1,-1|-1,-1|-1,-1|
.Rd..D..
#01101011110111000
#assigned_pet=-1,-1,-1,-1,14,-1,-1,-1,
#assigned_hub=5,2,0,0,6,8,1,7,
#moving_targetting_pos=-1,-1|6,26|29,30|6,6|-1,-1|26,26|-1,-1|-1,-1|
#setting_targetting_pos=-1,-1|-1,-1|29,2|-1,-1|27,4|-1,-1|-1,-1|-1,-1|
.UL..D..
#01101011110111000
#assigned_pet=-1,-1,-1,-1,14,-1,-1,-1,
#assigned_hub=5,2,0,0,6,8,1,7,
#moving_targetting_pos=-1,-1|6,26|29,30|6,6|-1,-1|26,26|-1,-1|-1,-1|
#setting_targetting_pos=-1,-1|-1,-1|29,2|-1,-1|27,4|-1,-1|-1,-1|-1,-1|
.RL..D..
#01101011110111000
#assigned_pet=-1,-1,-1,-1,14,-1,-1,-1,
#assigned_hub=5,2,0,0,6,8,1,7,
#moving_targetting_pos=-1,-1|6,26|29,30|6,6|-1,-1|26,26|-1,-1|-1,-1|
#setting_targetting_pos=-1,-1|-1,-1|29,2|-1,-1|27,4|-1,-1|-1,-1|-1,-1|
.Rd..D..
#01101011110111000
#assigned_pet=-1,-1,-1,-1,14,-1,-1,-1,
#assigned_hub=5,2,0,0,6,8,1,7,
#moving_targetting_pos=-1,-1|6,26|29,30|6,6|-1,-1|26,26|-1,-1|-1,-1|
#setting_targetting_pos=-1,-1|-1,-1|29,2|-1,-1|27,4|-1,-1|-1,-1|-1,-1|
.RL..D..
#01101011110111000
#assigned_pet=-1,-1,-1,-1,14,-1,-1,-1,
#assigned_hub=5,2,0,0,6,8,1,7,
#moving_targetting_pos=16,26|6,26|29,30|6,6|-1,-1|26,26|-1,-1|-1,-1|
#setting_targetting_pos=-1,-1|-1,-1|29,2|-1,-1|27,4|-1,-1|-1,-1|-1,-1|
.RL..D..
#01101011110111000
#assigned_pet=-1,-1,-1,-1,14,-1,-1,-1,
#assigned_hub=5,2,0,0,6,8,1,7,
#moving_targetting_pos=16,26|6,26|29,30|6,6|-1,-1|26,26|-1,-1|-1,-1|
#setting_targetting_pos=-1,-1|-1,-1|29,2|-1,-1|28,5|-1,-1|-1,-1|-1,-1|
.Rr..D..
#01101011110111000
#assigned_pet=-1,-1,-1,-1,14,-1,-1,-1,
#assigned_hub=5,2,0,0,6,8,1,7,
#moving_targetting_pos=16,26|6,26|29,30|6,6|-1,-1|26,26|-1,-1|-1,-1|
#setting_targetting_pos=-1,-1|-1,-1|29,2|-1,-1|28,5|-1,-1|-1,-1|-1,-1|
.Ru..R..
#01101011110111000
#assigned_pet=-1,-1,-1,-1,14,-1,-1,-1,
#assigned_hub=5,2,0,0,6,8,1,7,
#moving_targetting_pos=16,26|6,26|29,30|6,6|-1,-1|26,26|-1,-1|-1,-1|
#setting_targetting_pos=-1,-1|-1,-1|29,2|-1,-1|28,5|-1,-1|-1,-1|-1,-1|
.RL..R..
#01101011110111000
#assigned_pet=-1,-1,-1,-1,14,-1,-1,-1,
#assigned_hub=5,2,0,0,6,8,1,7,
#moving_targetting_pos=-1,-1|6,26|29,30|6,6|-1,-1|26,26|-1,-1|-1,-1|
#setting_targetting_pos=-1,-1|-1,-1|29,2|-1,-1|27,4|-1,-1|-1,-1|-1,-1|
.RL..R..
#01101011110111000
#assigned_pet=-1,-1,-1,-1,14,-1,-1,-1,
#assigned_hub=5,2,0,0,6,8,1,7,
#moving_targetting_pos=16,26|6,26|29,30|6,6|-1,-1|26,26|-1,-1|-1,-1|
#setting_targetting_pos=-1,-1|-1,-1|29,2|-1,-1|27,4|-1,-1|-1,-1|-1,-1|
.Rd..R..
#01101011110111000
#assigned_pet=-1,-1,-1,-1,14,-1,-1,-1,
#assigned_hub=5,2,0,0,6,8,1,7,
#moving_targetting_pos=-1,-1|-1,-1|29,30|6,6|-1,-1|26,26|-1,-1|-1,-1|
#setting_targetting_pos=-1,-1|-1,-1|29,2|-1,-1|28,5|-1,-1|-1,-1|-1,-1|
..L..R..
#01101011110111000
#assigned_pet=-1,-1,-1,-1,14,-1,-1,-1,
#assigned_hub=5,2,0,0,6,8,1,7,
#moving_targetting_pos=-1,-1|-1,-1|29,30|6,6|-1,-1|26,26|-1,-1|-1,-1|
#setting_targetting_pos=-1,-1|-1,-1|29,2|-1,-1|27,4|-1,-1|-1,-1|-1,-1|
..r..R..
#01101011110111000
#assigned_pet=-1,-1,-1,-1,14,-1,-1,-1,
#assigned_hub=5,2,0,0,6,8,1,7,
#moving_targetting_pos=-1,-1|-1,-1|29,30|6,6|-1,-1|26,26|-1,-1|-1,-1|
#setting_targetting_pos=-1,-1|-1,-1|29,2|-1,-1|27,4|-1,-1|-1,-1|-1,-1|
..L..R..
#01101011110111000
#assigned_pet=-1,-1,-1,-1,14,-1,-1,-1,
#assigned_hub=5,2,0,0,6,8,1,7,
#moving_targetting_pos=-1,-1|-1,-1|29,30|6,6|-1,-1|26,26|-1,-1|-1,-1|
#setting_targetting_pos=-1,-1|-1,-1|29,2|-1,-1|27,4|-1,-1|-1,-1|-1,-1|
..u..R..
#01101011110111000
#assigned_pet=-1,-1,-1,-1,14,5,-1,-1,
#assigned_hub=5,2,0,0,6,8,1,7,
#moving_targetting_pos=-1,-1|-1,-1|29,30|6,6|-1,-1|-1,-1|-1,-1|-1,-1|
#setting_targetting_pos=-1,-1|-1,-1|29,2|-1,-1|27,4|25,28|-1,-1|-1,-1|
..L..R..
#01101011110111000
#assigned_pet=-1,-1,-1,-1,14,5,-1,-1,
#assigned_hub=5,2,0,0,6,8,1,7,
#moving_targetting_pos=-1,-1|-1,-1|29,30|6,6|-1,-1|-1,-1|-1,-1|-1,-1|
#setting_targetting_pos=-1,-1|-1,-1|29,2|-1,-1|27,4|25,28|-1,-1|-1,-1|
..L..R..
#01101011110111000
#assigned_pet=-1,-1,-1,-1,14,5,-1,-1,
#assigned_hub=5,2,0,0,6,8,1,7,
#moving_targetting_pos=-1,-1|-1,-1|29,30|6,6|-1,-1|-1,-1|-1,-1|-1,-1|
#setting_targetting_pos=-1,-1|-1,-1|29,2|-1,-1|27,4|25,28|-1,-1|-1,-1|
........
#01101011110111000
#assigned_pet=-1,-1,-1,-1,14,15,-1,15,
#assigned_hub=5,2,0,0,6,8,1,7,
#moving_targetting_pos=-1,-1|-1,-1|29,30|6,6|-1,-1|-1,-1|-1,-1|-1,-1|
#setting_targetting_pos=-1,-1|-1,-1|29,2|-1,-1|27,4|25,24|-1,-1|25,18|
..d..L.R
#01101011110111000
#assigned_pet=3,3,-1,-1,14,15,-1,15,
#assigned_hub=5,2,0,0,6,8,1,7,
#moving_targetting_pos=-1,-1|-1,-1|29,30|6,6|-1,-1|-1,-1|6,16|-1,-1|
#setting_targetting_pos=14,27|8,27|29,2|-1,-1|28,5|25,24|-1,-1|25,18|
LR...L.D
#01101011110111011
#assigned_pet=3,3,-1,-1,14,15,-1,15,
#assigned_hub=5,2,0,0,6,8,1,7,
#moving_targetting_pos=-1,-1|-1,-1|29,30|6,6|-1,-1|-1,-1|6,16|-1,-1|
#setting_targetting_pos=14,27|8,27|29,2|-1,-1|27,4|25,24|-1,-1|25,18|
UR...l.r
#01111011110111011
#assigned_pet=3,3,-1,-1,10,0,-1,-1,
#assigned_hub=5,2,0,0,6,8,1,7,
#moving_targetting_pos=-1,-1|-1,-1|29,30|6,6|-1,-1|-1,-1|6,16|26,16|
#setting_targetting_pos=14,27|8,27|29,2|-1,-1|28,5|27,28|-1,-1|-1,-1|
udr..R..
#01111011110111011
#assigned_pet=-1,-1,-1,-1,14,0,-1,-1,
#assigned_hub=5,2,0,0,6,8,1,7,
#moving_targetting_pos=-1,-1|6,26|29,30|6,6|-1,-1|-1,-1|6,16|26,16|
#setting_targetting_pos=-1,-1|-1,-1|29,2|-1,-1|27,4|27,28|-1,-1|-1,-1|
.....R..
#01111011110111011
#assigned_pet=-1,-1,-1,-1,10,0,-1,-1,
#assigned_hub=5,2,0,0,6,8,1,7,
#moving_targetting_pos=-1,-1|6,26|29,30|6,6|-1,-1|-1,-1|6,16|26,16|
#setting_targetting_pos=-1,-1|-1,-1|29,2|-1,-1|28,5|27,28|-1,-1|-1,-1|
.....R..
#01111011110111011
#assigned_pet=-1,-1,-1,-1,14,0,-1,-1,
#assigned_hub=5,2,0,0,6,8,1,7,
#moving_targetting_pos=-1,-1|6,26|29,30|6,6|-1,-1|-1,-1|6,16|26,16|
#setting_targetting_pos=-1,-1|-1,-1|29,2|-1,-1|27,4|27,28|-1,-1|-1,-1|
.....D..
#11111011110111011
#assigned_pet=-1,-1,-1,-1,10,0,-1,-1,
#assigned_hub=5,2,0,0,6,8,1,7,
#moving_targetting_pos=-1,-1|6,26|29,30|6,6|-1,-1|-1,-1|6,16|-1,-1|
#setting_targetting_pos=-1,-1|-1,-1|29,2|-1,-1|28,5|27,28|-1,-1|-1,-1|
.....d..
#11111011110111011
#assigned_pet=-1,-1,-1,-1,10,-1,-1,-1,
#assigned_hub=5,2,0,0,6,8,1,7,
#moving_targetting_pos=-1,-1|6,26|29,30|6,6|-1,-1|-1,-1|6,16|26,16|
#setting_targetting_pos=-1,-1|-1,-1|29,2|-1,-1|28,5|-1,-1|-1,-1|-1,-1|
........
#11111011110111011
#assigned_pet=-1,-1,-1,-1,-1,5,-1,-1,
#assigned_hub=5,2,0,0,6,8,1,7,
#moving_targetting_pos=-1,-1|6,26|29,30|6,6|-1,-1|-1,-1|6,16|26,16|
#setting_targetting_pos=-1,-1|-1,-1|29,2|-1,-1|-1,-1|25,28|-1,-1|-1,-1|
........
#11111111110111011
#assigned_pet=-1,-1,-1,-1,-1,5,-1,-1,
#assigned_hub=5,2,0,0,6,8,1,7,
#moving_targetting_pos=16,26|6,26|29,30|6,6|-1,-1|-1,-1|6,16|26,16|
#setting_targetting_pos=-1,-1|-1,-1|29,2|-1,-1|-1,-1|25,28|-1,-1|-1,-1|
.....u..
#11111111110111011
#assigned_pet=-1,-1,-1,-1,-1,-1,-1,-1,
#assigned_hub=5,2,0,0,6,8,1,7,
#moving_targetting_pos=16,26|6,26|29,30|6,6|-1,-1|26,26|6,16|-1,-1|
#setting_targetting_pos=-1,-1|-1,-1|29,2|-1,-1|-1,-1|-1,-1|-1,-1|-1,-1|
........
#11111111110111011
#assigned_pet=-1,-1,-1,-1,-1,-1,-1,-1,
#assigned_hub=5,2,0,0,6,8,1,7,
#moving_targetting_pos=16,26|6,26|29,30|6,6|-1,-1|26,26|6,16|26,16|
#setting_targetting_pos=-1,-1|-1,-1|29,2|-1,-1|-1,-1|-1,-1|-1,-1|-1,-1|
........
#11111111110111011
#assigned_pet=-1,-1,-1,-1,10,-1,-1,-1,
#assigned_hub=5,2,0,0,6,8,1,7,
#moving_targetting_pos=16,26|6,26|29,30|6,6|-1,-1|26,26|6,16|26,16|
#setting_targetting_pos=-1,-1|-1,-1|29,2|-1,-1|27,4|-1,-1|-1,-1|-1,-1|
........
#11111111110111011
#assigned_pet=-1,-1,-1,-1,10,-1,-1,-1,
#assigned_hub=5,2,0,0,6,8,1,7,
#moving_targetting_pos=16,26|6,26|29,30|6,6|-1,-1|26,26|6,16|26,16|
#setting_targetting_pos=-1,-1|-1,-1|29,2|-1,-1|27,4|-1,-1|-1,-1|-1,-1|
........
#11111111110111011
#assigned_pet=-1,-1,-1,-1,10,-1,-1,-1,
#assigned_hub=5,2,0,0,6,8,1,7,
#moving_targetting_pos=16,26|6,26|29,30|6,6|-1,-1|26,26|6,16|-1,-1|
#setting_targetting_pos=-1,-1|-1,-1|29,2|-1,-1|27,4|-1,-1|-1,-1|-1,-1|
........
#11111111110111011
#assigned_pet=-1,-1,-1,-1,10,-1,-1,-1,
#assigned_hub=5,2,0,0,6,8,1,7,
#moving_targetting_pos=16,26|6,26|29,30|6,6|-1,-1|26,26|6,16|26,16|
#setting_targetting_pos=-1,-1|-1,-1|29,2|-1,-1|27,4|-1,-1|-1,-1|-1,-1|
........
#11111111110111011
#assigned_pet=-1,-1,-1,-1,10,-1,-1,-1,
#assigned_hub=5,2,0,0,6,8,1,7,
#moving_targetting_pos=16,26|6,26|29,30|6,6|-1,-1|26,26|6,16|26,16|
#setting_targetting_pos=-1,-1|-1,-1|29,2|-1,-1|27,4|-1,-1|-1,-1|-1,-1|
........
#11111111110111011
#assigned_pet=-1,-1,-1,-1,10,-1,-1,-1,
#assigned_hub=5,2,0,0,6,8,1,7,
#moving_targetting_pos=16,26|6,26|29,30|6,6|-1,-1|26,26|6,16|26,16|
#setting_targetting_pos=-1,-1|-1,-1|29,2|-1,-1|27,4|-1,-1|-1,-1|-1,-1|
........
#11111111110111011
#assigned_pet=-1,-1,-1,-1,10,-1,-1,-1,
#assigned_hub=5,2,0,0,6,8,1,7,
#moving_targetting_pos=16,26|6,26|29,30|6,6|-1,-1|26,26|6,16|-1,-1|
#setting_targetting_pos=-1,-1|-1,-1|29,2|-1,-1|27,4|-1,-1|-1,-1|-1,-1|
........
#11111111110111011
#assigned_pet=-1,-1,-1,-1,10,-1,-1,-1,
#assigned_hub=5,2,0,0,6,8,1,7,
#moving_targetting_pos=16,26|6,26|29,30|6,6|-1,-1|26,26|6,16|-1,-1|
#setting_targetting_pos=-1,-1|-1,-1|29,2|-1,-1|27,4|-1,-1|-1,-1|-1,-1|
........
#11111111110111011
#assigned_pet=-1,-1,-1,-1,10,-1,-1,-1,
#assigned_hub=5,2,0,0,6,8,1,7,
#moving_targetting_pos=16,26|6,26|29,30|6,6|-1,-1|26,26|6,16|-1,-1|
#setting_targetting_pos=-1,-1|-1,-1|29,2|-1,-1|27,4|-1,-1|-1,-1|-1,-1|
........
#11111111110111011
#assigned_pet=-1,-1,-1,-1,10,-1,-1,-1,
#assigned_hub=5,2,0,0,6,8,1,7,
#moving_targetting_pos=16,26|6,26|29,30|6,6|-1,-1|26,26|6,16|-1,-1|
#setting_targetting_pos=-1,-1|-1,-1|29,2|-1,-1|27,4|-1,-1|-1,-1|-1,-1|
........
#11111111110111011
#assigned_pet=-1,-1,-1,-1,10,-1,-1,-1,
#assigned_hub=5,2,0,0,6,8,1,7,
#moving_targetting_pos=16,26|6,26|29,30|6,6|-1,-1|26,26|6,16|-1,-1|
#setting_targetting_pos=-1,-1|-1,-1|29,2|-1,-1|27,4|-1,-1|-1,-1|-1,-1|
........
#11111111110111011
#assigned_pet=-1,-1,-1,-1,10,-1,-1,-1,
#assigned_hub=5,2,0,0,6,8,1,7,
#moving_targetting_pos=16,26|6,26|29,30|6,6|-1,-1|26,26|6,16|-1,-1|
#setting_targetting_pos=-1,-1|-1,-1|29,2|-1,-1|27,4|-1,-1|-1,-1|-1,-1|
........
#11111111110111011
#assigned_pet=-1,-1,-1,-1,10,-1,-1,-1,
#assigned_hub=5,2,0,0,6,8,1,7,
#moving_targetting_pos=16,26|6,26|29,30|6,6|-1,-1|26,26|6,16|-1,-1|
#setting_targetting_pos=-1,-1|-1,-1|29,2|-1,-1|27,4|-1,-1|-1,-1|-1,-1|
........
#11111111110111011
#assigned_pet=-1,-1,-1,-1,10,-1,-1,-1,
#assigned_hub=5,2,0,0,6,8,1,7,
#moving_targetting_pos=16,26|6,26|29,30|6,6|-1,-1|26,26|6,16|-1,-1|
#setting_targetting_pos=-1,-1|-1,-1|29,2|-1,-1|27,4|-1,-1|-1,-1|-1,-1|
........
#11111111110111011
#assigned_pet=-1,-1,-1,-1,10,-1,-1,-1,
#assigned_hub=5,2,0,0,6,8,1,7,
#moving_targetting_pos=16,26|6,26|29,30|6,6|-1,-1|26,26|6,16|-1,-1|
#setting_targetting_pos=-1,-1|-1,-1|29,2|-1,-1|27,4|-1,-1|-1,-1|-1,-1|
........
#11111111110111011
#assigned_pet=-1,-1,-1,-1,10,-1,-1,-1,
#assigned_hub=5,2,0,0,6,8,1,7,
#moving_targetting_pos=16,26|6,26|29,30|6,6|-1,-1|26,26|6,16|-1,-1|
#setting_targetting_pos=-1,-1|-1,-1|29,2|-1,-1|27,4|-1,-1|-1,-1|-1,-1|
........
#11111111110111011
#assigned_pet=-1,-1,-1,-1,-1,-1,-1,-1,
#assigned_hub=5,2,0,0,6,8,1,7,
#moving_targetting_pos=16,26|6,26|29,30|6,6|-1,-1|26,26|6,16|-1,-1|
#setting_targetting_pos=-1,-1|-1,-1|29,2|-1,-1|-1,-1|-1,-1|-1,-1|-1,-1|
........
#11111111110111011
#assigned_pet=-1,-1,-1,-1,-1,-1,-1,-1,
#assigned_hub=5,2,0,0,6,8,1,7,
#moving_targetting_pos=16,26|6,26|29,30|6,6|-1,-1|26,26|6,16|-1,-1|
#setting_targetting_pos=-1,-1|-1,-1|29,2|-1,-1|-1,-1|-1,-1|-1,-1|-1,-1|
........
#11111111110111011
#assigned_pet=-1,-1,-1,-1,-1,-1,-1,-1,
#assigned_hub=5,2,0,0,6,8,1,7,
#moving_targetting_pos=16,26|6,26|29,30|6,6|-1,-1|26,26|6,16|-1,-1|
#setting_targetting_pos=-1,-1|-1,-1|29,2|-1,-1|-1,-1|-1,-1|-1,-1|-1,-1|
........
#11111111110111011
#assigned_pet=-1,-1,-1,-1,-1,-1,-1,-1,
#assigned_hub=5,2,0,0,6,8,1,7,
#moving_targetting_pos=16,26|6,26|29,30|6,6|-1,-1|26,26|6,16|26,16|
#setting_targetting_pos=-1,-1|-1,-1|29,2|-1,-1|-1,-1|-1,-1|-1,-1|-1,-1|
........
#11111111110111011
#assigned_pet=-1,-1,-1,-1,-1,-1,-1,-1,
#assigned_hub=5,2,0,0,6,8,1,7,
#moving_targetting_pos=16,26|6,26|29,30|6,6|-1,-1|26,26|6,16|-1,-1|
#setting_targetting_pos=-1,-1|-1,-1|29,2|-1,-1|-1,-1|-1,-1|-1,-1|-1,-1|
........
#11111111110111011
#assigned_pet=-1,-1,-1,-1,-1,-1,-1,-1,
#assigned_hub=5,2,0,0,6,8,1,7,
#moving_targetting_pos=16,26|6,26|29,30|6,6|-1,-1|26,26|6,16|-1,-1|
#setting_targetting_pos=-1,-1|-1,-1|29,2|-1,-1|-1,-1|-1,-1|-1,-1|-1,-1|
........
#11111111110111011
#assigned_pet=-1,-1,-1,-1,-1,-1,-1,-1,
#assigned_hub=5,2,0,0,6,8,1,7,
#moving_targetting_pos=16,26|6,26|29,30|6,6|-1,-1|26,26|6,16|-1,-1|
#setting_targetting_pos=-1,-1|-1,-1|29,2|-1,-1|-1,-1|-1,-1|-1,-1|-1,-1|
........
#11111111110111011
#assigned_pet=-1,-1,-1,-1,-1,-1,-1,-1,
#assigned_hub=5,2,0,0,6,8,1,7,
#moving_targetting_pos=16,26|6,26|29,30|6,6|-1,-1|26,26|6,16|-1,-1|
#setting_targetting_pos=-1,-1|-1,-1|29,2|-1,-1|-1,-1|-1,-1|-1,-1|-1,-1|
........
#11111111110111011
#assigned_pet=-1,-1,-1,-1,-1,-1,-1,-1,
#assigned_hub=5,2,0,0,6,8,1,7,
#moving_targetting_pos=16,26|6,26|29,30|6,6|-1,-1|26,26|6,16|-1,-1|
#setting_targetting_pos=-1,-1|-1,-1|29,2|-1,-1|-1,-1|-1,-1|-1,-1|-1,-1|
........
#11111111110111011
#assigned_pet=-1,-1,-1,-1,-1,-1,-1,-1,
#assigned_hub=5,2,0,0,6,8,1,7,
#moving_targetting_pos=16,26|6,26|29,30|6,6|-1,-1|26,26|6,16|-1,-1|
#setting_targetting_pos=-1,-1|-1,-1|29,2|-1,-1|-1,-1|-1,-1|-1,-1|-1,-1|
........
#11111111110111011
#assigned_pet=-1,-1,-1,-1,-1,-1,-1,-1,
#assigned_hub=5,2,0,0,6,8,1,7,
#moving_targetting_pos=16,26|6,26|29,30|6,6|-1,-1|26,26|6,16|-1,-1|
#setting_targetting_pos=-1,-1|-1,-1|29,2|-1,-1|-1,-1|-1,-1|-1,-1|-1,-1|
........
#11111111110111011
#assigned_pet=-1,-1,-1,-1,-1,-1,-1,-1,
#assigned_hub=5,2,0,0,6,8,1,7,
#moving_targetting_pos=16,26|6,26|29,30|6,6|-1,-1|26,26|6,16|-1,-1|
#setting_targetting_pos=-1,-1|-1,-1|29,2|-1,-1|-1,-1|-1,-1|-1,-1|-1,-1|
........
#11111111110111011
#assigned_pet=-1,-1,-1,-1,14,-1,-1,-1,
#assigned_hub=5,2,0,0,6,8,1,7,
#moving_targetting_pos=16,26|6,26|29,30|6,6|-1,-1|26,26|6,16|-1,-1|
#setting_targetting_pos=-1,-1|-1,-1|29,2|-1,-1|25,4|-1,-1|-1,-1|-1,-1|
....L...
#11111111110111011
#assigned_pet=-1,-1,-1,-1,14,-1,-1,-1,
#assigned_hub=5,2,0,0,6,8,1,7,
#moving_targetting_pos=16,26|6,26|29,30|6,6|-1,-1|26,26|6,16|-1,-1|
#setting_targetting_pos=-1,-1|-1,-1|29,2|-1,-1|25,4|-1,-1|-1,-1|-1,-1|
....U...
#11111111110111111
#assigned_pet=-1,-1,-1,-1,14,-1,-1,-1,
#assigned_hub=5,2,0,0,6,8,1,7,
#moving_targetting_pos=16,26|6,26|29,30|6,6|-1,-1|26,26|6,16|-1,-1|
#setting_targetting_pos=-1,-1|-1,-1|29,2|-1,-1|25,4|-1,-1|-1,-1|-1,-1|
....u...
#11111111110111111
#assigned_pet=-1,-1,-1,-1,10,-1,-1,10,
#assigned_hub=5,2,0,0,6,8,1,7,
#moving_targetting_pos=16,26|6,26|29,30|6,6|-1,-1|26,26|6,16|-1,-1|
#setting_targetting_pos=-1,-1|-1,-1|29,2|-1,-1|25,8|-1,-1|-1,-1|25,14|
....R..L
#11111111110111111
#assigned_pet=-1,-1,-1,-1,10,-1,-1,10,
#assigned_hub=5,2,0,0,6,8,1,7,
#moving_targetting_pos=16,26|6,26|29,30|6,6|-1,-1|26,26|6,16|-1,-1|
#setting_targetting_pos=-1,-1|-1,-1|29,2|-1,-1|25,8|-1,-1|-1,-1|25,14|
....R..L
#11111111110111111
#assigned_pet=-1,-1,-1,-1,10,-1,-1,10,
#assigned_hub=5,2,0,0,6,8,1,7,
#moving_targetting_pos=16,26|6,26|29,30|6,6|-1,-1|26,26|6,16|-1,-1|
#setting_targetting_pos=-1,-1|-1,-1|29,2|-1,-1|25,8|-1,-1|-1,-1|25,14|
....R...
#11111111110111111
#assigned_pet=-1,-1,-1,-1,10,-1,-1,10,
#assigned_hub=5,2,0,0,6,8,1,7,
#moving_targetting_pos=16,26|6,26|29,30|6,6|-1,-1|26,26|6,16|-1,-1|
#setting_targetting_pos=-1,-1|-1,-1|29,2|-1,-1|25,8|-1,-1|-1,-1|25,14|
....R...
#11111111111111111
#assigned_pet=-1,-1,-1,-1,10,-1,-1,10,
#assigned_hub=5,2,0,0,6,8,1,7,
#moving_targetting_pos=16,26|6,26|29,30|6,6|-1,-1|26,26|6,16|-1,-1|
#setting_targetting_pos=-1,-1|-1,-1|29,2|-1,-1|25,8|-1,-1|-1,-1|25,14|
....u..l
#11111111111111111
#assigned_pet=-1,-1,-1,-1,-1,-1,-1,-1,
#assigned_hub=5,2,0,0,6,8,1,7,
#moving_targetting_pos=16,26|6,26|29,30|6,6|26,6|26,26|6,16|26,16|
#setting_targetting_pos=-1,-1|-1,-1|29,2|-1,-1|-1,-1|-1,-1|-1,-1|-1,-1|
........
#11111111111111111
#assigned_pet=-1,-1,-1,-1,-1,-1,-1,-1,
#assigned_hub=5,2,0,0,6,8,1,7,
#moving_targetting_pos=16,26|6,26|29,30|6,6|26,6|26,26|6,16|26,16|
#setting_targetting_pos=-1,-1|-1,-1|29,2|-1,-1|-1,-1|-1,-1|-1,-1|-1,-1|
........
#11111111111111111
#assigned_pet=-1,-1,-1,-1,-1,-1,-1,-1,
#assigned_hub=5,2,0,0,6,8,1,7,
#moving_targetting_pos=16,26|6,26|29,30|6,6|26,6|26,26|6,16|26,16|
#setting_targetting_pos=-1,-1|-1,-1|29,2|-1,-1|-1,-1|-1,-1|-1,-1|-1,-1|
........
#11111111111111111
#assigned_pet=-1,-1,-1,-1,-1,-1,-1,-1,
#assigned_hub=5,2,0,0,6,8,1,7,
#moving_targetting_pos=16,26|6,26|29,30|6,6|26,6|26,26|6,16|26,16|
#setting_targetting_pos=-1,-1|-1,-1|29,2|-1,-1|-1,-1|-1,-1|-1,-1|-1,-1|
........
#11111111111111111
#assigned_pet=-1,-1,-1,-1,-1,-1,-1,-1,
#assigned_hub=5,2,0,0,6,8,1,7,
#moving_targetting_pos=16,26|6,26|29,30|6,6|26,6|26,26|6,16|26,16|
#setting_targetting_pos=-1,-1|-1,-1|29,2|-1,-1|-1,-1|-1,-1|-1,-1|-1,-1|
........
#11111111111111111
#assigned_pet=-1,-1,-1,-1,-1,-1,-1,-1,
#assigned_hub=5,2,0,0,6,8,1,7,
#moving_targetting_pos=16,26|6,26|29,30|6,6|26,6|26,26|6,16|26,16|
#setting_targetting_pos=-1,-1|-1,-1|29,2|-1,-1|-1,-1|-1,-1|-1,-1|-1,-1|
........
#11111111111111111
#assigned_pet=-1,-1,-1,-1,-1,-1,-1,-1,
#assigned_hub=5,2,0,0,6,8,1,7,
#moving_targetting_pos=16,26|6,26|29,30|6,6|26,6|26,26|6,16|26,16|
#setting_targetting_pos=-1,-1|-1,-1|29,2|-1,-1|-1,-1|-1,-1|-1,-1|-1,-1|
........
#11111111111111111
#assigned_pet=-1,-1,-1,-1,-1,-1,-1,-1,
#assigned_hub=5,2,0,0,6,8,1,7,
#moving_targetting_pos=16,26|6,26|29,30|6,6|26,6|26,26|6,16|26,16|
#setting_targetting_pos=-1,-1|-1,-1|29,2|-1,-1|-1,-1|-1,-1|-1,-1|-1,-1|
........
#11111111111111111
#assigned_pet=-1,-1,-1,-1,-1,-1,-1,-1,
#assigned_hub=5,2,0,0,6,8,1,7,
#moving_targetting_pos=16,26|6,26|29,30|6,6|26,6|26,26|6,16|26,16|
#setting_targetting_pos=-1,-1|-1,-1|29,2|-1,-1|-1,-1|-1,-1|-1,-1|-1,-1|
........
#11111111111111111
#assigned_pet=-1,-1,-1,-1,-1,-1,-1,-1,
#assigned_hub=5,2,0,0,6,8,1,7,
#moving_targetting_pos=16,26|6,26|29,30|6,6|26,6|26,26|6,16|26,16|
#setting_targetting_pos=-1,-1|-1,-1|29,2|-1,-1|-1,-1|-1,-1|-1,-1|-1,-1|
........
#11111111111111111
#assigned_pet=-1,-1,-1,-1,-1,-1,-1,-1,
#assigned_hub=5,2,0,0,6,8,1,7,
#moving_targetting_pos=16,26|6,26|29,30|6,6|26,6|26,26|6,16|26,16|
#setting_targetting_pos=-1,-1|-1,-1|29,2|-1,-1|-1,-1|-1,-1|-1,-1|-1,-1|
........
#11111111111111111
#assigned_pet=-1,-1,-1,-1,-1,-1,-1,-1,
#assigned_hub=5,2,0,0,6,8,1,7,
#moving_targetting_pos=16,26|6,26|29,30|6,6|26,6|26,26|6,16|26,16|
#setting_targetting_pos=-1,-1|-1,-1|29,2|-1,-1|-1,-1|-1,-1|-1,-1|-1,-1|
........
#11111111111111111
#assigned_pet=-1,-1,-1,-1,-1,-1,-1,-1,
#assigned_hub=5,2,0,0,6,8,1,7,
#moving_targetting_pos=16,26|6,26|29,30|6,6|26,6|26,26|6,16|26,16|
#setting_targetting_pos=-1,-1|-1,-1|29,2|-1,-1|-1,-1|-1,-1|-1,-1|-1,-1|
........
#11111111111111111
#assigned_pet=-1,-1,-1,-1,-1,-1,-1,-1,
#assigned_hub=5,2,0,0,6,8,1,7,
#moving_targetting_pos=16,26|6,26|29,30|6,6|26,6|26,26|6,16|26,16|
#setting_targetting_pos=-1,-1|-1,-1|29,2|-1,-1|-1,-1|-1,-1|-1,-1|-1,-1|
........
#11111111111111111
#assigned_pet=-1,-1,-1,-1,-1,-1,-1,-1,
#assigned_hub=5,2,0,0,6,8,1,7,
#moving_targetting_pos=16,26|6,26|29,30|6,6|26,6|26,26|6,16|26,16|
#setting_targetting_pos=-1,-1|-1,-1|29,2|-1,-1|-1,-1|-1,-1|-1,-1|-1,-1|
........
#11111111111111111
#assigned_pet=-1,-1,-1,-1,-1,-1,-1,-1,
#assigned_hub=5,2,0,0,6,8,1,7,
#moving_targetting_pos=16,26|6,26|29,30|6,6|26,6|26,26|6,16|26,16|
#setting_targetting_pos=-1,-1|-1,-1|29,2|-1,-1|-1,-1|-1,-1|-1,-1|-1,-1|
........
#11111111111111111
#assigned_pet=-1,-1,-1,-1,-1,-1,-1,-1,
#assigned_hub=5,2,0,0,6,8,1,7,
#moving_targetting_pos=16,26|6,26|29,30|6,6|26,6|26,26|6,16|26,16|
#setting_targetting_pos=-1,-1|-1,-1|29,2|-1,-1|-1,-1|-1,-1|-1,-1|-1,-1|
........
#11111111111111111
#assigned_pet=-1,-1,-1,-1,-1,-1,-1,-1,
#assigned_hub=5,2,0,0,6,8,1,7,
#moving_targetting_pos=16,26|6,26|29,30|6,6|26,6|26,26|6,16|26,16|
#setting_targetting_pos=-1,-1|-1,-1|29,2|-1,-1|-1,-1|-1,-1|-1,-1|-1,-1|
........
#11111111111111111
#assigned_pet=-1,-1,-1,-1,-1,-1,-1,-1,
#assigned_hub=5,2,0,0,6,8,1,7,
#moving_targetting_pos=16,26|6,26|29,30|6,6|26,6|26,26|6,16|26,16|
#setting_targetting_pos=-1,-1|-1,-1|29,2|-1,-1|-1,-1|-1,-1|-1,-1|-1,-1|
........
#11111111111111111
#assigned_pet=-1,-1,-1,-1,-1,-1,-1,-1,
#assigned_hub=5,2,0,0,6,8,1,7,
#moving_targetting_pos=16,26|6,26|29,30|6,6|26,6|26,26|6,16|26,16|
#setting_targetting_pos=-1,-1|-1,-1|29,2|-1,-1|-1,-1|-1,-1|-1,-1|-1,-1|
........
#11111111111111111
#assigned_pet=-1,-1,-1,-1,-1,-1,-1,-1,
#assigned_hub=5,2,0,0,6,8,1,7,
#moving_targetting_pos=16,26|6,26|29,30|6,6|26,6|26,26|6,16|26,16|
#setting_targetting_pos=-1,-1|-1,-1|29,2|-1,-1|-1,-1|-1,-1|-1,-1|-1,-1|
........
#11111111111111111
#assigned_pet=-1,-1,-1,-1,-1,-1,-1,-1,
#assigned_hub=5,2,0,0,6,8,1,7,
#moving_targetting_pos=16,26|6,26|29,30|6,6|26,6|26,26|6,16|26,16|
#setting_targetting_pos=-1,-1|-1,-1|29,2|-1,-1|-1,-1|-1,-1|-1,-1|-1,-1|
........
#11111111111111111
#assigned_pet=-1,-1,-1,-1,-1,-1,-1,-1,
#assigned_hub=5,2,0,0,6,8,1,7,
#moving_targetting_pos=16,26|6,26|29,30|6,6|26,6|26,26|6,16|26,16|
#setting_targetting_pos=-1,-1|-1,-1|29,2|-1,-1|-1,-1|-1,-1|-1,-1|-1,-1|
........
#11111111111111111
#assigned_pet=-1,-1,-1,-1,-1,-1,-1,-1,
#assigned_hub=5,2,0,0,6,8,1,7,
#moving_targetting_pos=16,26|6,26|29,30|6,6|26,6|26,26|6,16|26,16|
#setting_targetting_pos=-1,-1|-1,-1|29,2|-1,-1|-1,-1|-1,-1|-1,-1|-1,-1|
........
#11111111111111111
#assigned_pet=-1,-1,-1,-1,-1,-1,-1,-1,
#assigned_hub=5,2,0,0,6,8,1,7,
#moving_targetting_pos=16,26|6,26|29,30|6,6|26,6|26,26|6,16|26,16|
#setting_targetting_pos=-1,-1|-1,-1|29,2|-1,-1|-1,-1|-1,-1|-1,-1|-1,-1|
........
#11111111111111111
#assigned_pet=-1,-1,-1,-1,-1,-1,-1,-1,
#assigned_hub=5,2,0,0,6,8,1,7,
#moving_targetting_pos=16,26|6,26|29,30|6,6|26,6|26,26|6,16|26,16|
#setting_targetting_pos=-1,-1|-1,-1|29,2|-1,-1|-1,-1|-1,-1|-1,-1|-1,-1|
........
#11111111111111111
#assigned_pet=-1,-1,-1,-1,-1,-1,-1,-1,
#assigned_hub=5,2,0,0,6,8,1,7,
#moving_targetting_pos=16,26|6,26|29,30|6,6|26,6|26,26|6,16|26,16|
#setting_targetting_pos=-1,-1|-1,-1|29,2|-1,-1|-1,-1|-1,-1|-1,-1|-1,-1|
........
#11111111111111111
#assigned_pet=-1,-1,-1,-1,-1,-1,-1,-1,
#assigned_hub=5,2,0,0,6,8,1,7,
#moving_targetting_pos=16,26|6,26|29,30|6,6|26,6|26,26|6,16|26,16|
#setting_targetting_pos=-1,-1|-1,-1|29,2|-1,-1|-1,-1|-1,-1|-1,-1|-1,-1|
........
#11111111111111111
#assigned_pet=-1,-1,-1,-1,-1,-1,-1,-1,
#assigned_hub=5,2,0,0,6,8,1,7,
#moving_targetting_pos=16,26|6,26|29,30|6,6|26,6|26,26|6,16|26,16|
#setting_targetting_pos=-1,-1|-1,-1|29,2|-1,-1|-1,-1|-1,-1|-1,-1|-1,-1|
........
#11111111111111111
#assigned_pet=-1,-1,-1,-1,-1,-1,-1,-1,
#assigned_hub=5,2,0,0,6,8,1,7,
#moving_targetting_pos=16,26|6,26|29,30|6,6|26,6|26,26|6,16|26,16|
#setting_targetting_pos=-1,-1|-1,-1|29,2|-1,-1|-1,-1|-1,-1|-1,-1|-1,-1|
........
#11111111111111111
#assigned_pet=-1,-1,-1,-1,-1,-1,-1,-1,
#assigned_hub=5,2,0,0,6,8,1,7,
#moving_targetting_pos=16,26|6,26|29,30|6,6|26,6|26,26|6,16|26,16|
#setting_targetting_pos=-1,-1|-1,-1|29,2|-1,-1|-1,-1|-1,-1|-1,-1|-1,-1|
........
#11111111111111111
#assigned_pet=-1,-1,-1,-1,-1,-1,-1,-1,
#assigned_hub=5,2,0,0,6,8,1,7,
#moving_targetting_pos=16,26|6,26|29,30|6,6|26,6|26,26|6,16|26,16|
#setting_targetting_pos=-1,-1|-1,-1|29,2|-1,-1|-1,-1|-1,-1|-1,-1|-1,-1|
........
#11111111111111111
#assigned_pet=-1,-1,-1,-1,-1,-1,-1,-1,
#assigned_hub=5,2,0,0,6,8,1,7,
#moving_targetting_pos=16,26|6,26|29,30|6,6|26,6|26,26|6,16|26,16|
#setting_targetting_pos=-1,-1|-1,-1|29,2|-1,-1|-1,-1|-1,-1|-1,-1|-1,-1|
........
#11111111111111111
#assigned_pet=-1,-1,-1,-1,-1,-1,-1,-1,
#assigned_hub=5,2,0,0,6,8,1,7,
#moving_targetting_pos=16,26|6,26|29,30|6,6|26,6|26,26|6,16|26,16|
#setting_targetting_pos=-1,-1|-1,-1|29,2|-1,-1|-1,-1|-1,-1|-1,-1|-1,-1|
........
#11111111111111111
#assigned_pet=-1,-1,-1,-1,-1,-1,-1,-1,
#assigned_hub=5,2,0,0,6,8,1,7,
#moving_targetting_pos=16,26|6,26|29,30|6,6|26,6|26,26|6,16|26,16|
#setting_targetting_pos=-1,-1|-1,-1|29,2|-1,-1|-1,-1|-1,-1|-1,-1|-1,-1|
........
#11111111111111111
#assigned_pet=-1,-1,-1,-1,-1,-1,-1,-1,
#assigned_hub=5,2,0,0,6,8,1,7,
#moving_targetting_pos=16,26|6,26|29,30|6,6|26,6|26,26|6,16|26,16|
#setting_targetting_pos=-1,-1|-1,-1|29,2|-1,-1|-1,-1|-1,-1|-1,-1|-1,-1|
........
#11111111111111111
#assigned_pet=-1,-1,-1,-1,-1,-1,-1,-1,
#assigned_hub=5,2,0,0,6,8,1,7,
#moving_targetting_pos=16,26|6,26|29,30|6,6|26,6|26,26|6,16|26,16|
#setting_targetting_pos=-1,-1|-1,-1|29,2|-1,-1|-1,-1|-1,-1|-1,-1|-1,-1|
........
#11111111111111111
#assigned_pet=-1,-1,-1,-1,-1,-1,-1,-1,
#assigned_hub=5,2,0,0,6,8,1,7,
#moving_targetting_pos=16,26|6,26|29,30|6,6|26,6|26,26|6,16|26,16|
#setting_targetting_pos=-1,-1|-1,-1|29,2|-1,-1|-1,-1|-1,-1|-1,-1|-1,-1|
........
#11111111111111111
#assigned_pet=-1,-1,-1,-1,-1,-1,-1,-1,
#assigned_hub=5,2,0,0,6,8,1,7,
#moving_targetting_pos=16,26|6,26|29,30|6,6|26,6|26,26|6,16|26,16|
#setting_targetting_pos=-1,-1|-1,-1|29,2|-1,-1|-1,-1|-1,-1|-1,-1|-1,-1|
........
#11111111111111111
#assigned_pet=-1,-1,-1,-1,-1,-1,-1,-1,
#assigned_hub=5,2,0,0,6,8,1,7,
#moving_targetting_pos=16,26|6,26|29,30|6,6|26,6|26,26|6,16|26,16|
#setting_targetting_pos=-1,-1|-1,-1|29,2|-1,-1|-1,-1|-1,-1|-1,-1|-1,-1|
........
#11111111111111111
#assigned_pet=-1,-1,-1,-1,-1,-1,-1,-1,
#assigned_hub=5,2,0,0,6,8,1,7,
#moving_targetting_pos=16,26|6,26|29,30|6,6|26,6|26,26|6,16|26,16|
#setting_targetting_pos=-1,-1|-1,-1|29,2|-1,-1|-1,-1|-1,-1|-1,-1|-1,-1|
........
#11111111111111111
#assigned_pet=-1,-1,-1,-1,-1,-1,-1,-1,
#assigned_hub=5,2,0,0,6,8,1,7,
#moving_targetting_pos=16,26|6,26|29,30|6,6|26,6|26,26|6,16|26,16|
#setting_targetting_pos=-1,-1|-1,-1|29,2|-1,-1|-1,-1|-1,-1|-1,-1|-1,-1|
........
#11111111111111111
#assigned_pet=-1,-1,-1,-1,-1,-1,-1,-1,
#assigned_hub=5,2,0,0,6,8,1,7,
#moving_targetting_pos=16,26|6,26|29,30|6,6|26,6|26,26|6,16|26,16|
#setting_targetting_pos=-1,-1|-1,-1|29,2|-1,-1|-1,-1|-1,-1|-1,-1|-1,-1|
........
#11111111111111111
#assigned_pet=-1,-1,-1,-1,-1,-1,-1,-1,
#assigned_hub=5,2,0,0,6,8,1,7,
#moving_targetting_pos=16,26|6,26|29,30|6,6|26,6|26,26|6,16|26,16|
#setting_targetting_pos=-1,-1|-1,-1|29,2|-1,-1|-1,-1|-1,-1|-1,-1|-1,-1|
........
#11111111111111111
#assigned_pet=-1,-1,-1,-1,-1,-1,-1,-1,
#assigned_hub=5,2,0,0,6,8,1,7,
#moving_targetting_pos=16,26|6,26|29,30|6,6|26,6|26,26|6,16|26,16|
#setting_targetting_pos=-1,-1|-1,-1|29,2|-1,-1|-1,-1|-1,-1|-1,-1|-1,-1|
........
#11111111111111111
#assigned_pet=-1,-1,-1,-1,-1,-1,-1,-1,
#assigned_hub=5,2,0,0,6,8,1,7,
#moving_targetting_pos=16,26|6,26|29,30|6,6|26,6|26,26|6,16|26,16|
#setting_targetting_pos=-1,-1|-1,-1|29,2|-1,-1|-1,-1|-1,-1|-1,-1|-1,-1|
........
#11111111111111111
#assigned_pet=-1,-1,-1,-1,-1,-1,-1,-1,
#assigned_hub=5,2,0,0,6,8,1,7,
#moving_targetting_pos=16,26|6,26|29,30|6,6|26,6|26,26|6,16|26,16|
#setting_targetting_pos=-1,-1|-1,-1|29,2|-1,-1|-1,-1|-1,-1|-1,-1|-1,-1|
........
#11111111111111111
#assigned_pet=-1,-1,-1,-1,-1,-1,-1,-1,
#assigned_hub=5,2,0,0,6,8,1,7,
#moving_targetting_pos=16,26|6,26|29,30|6,6|26,6|26,26|6,16|26,16|
#setting_targetting_pos=-1,-1|-1,-1|29,2|-1,-1|-1,-1|-1,-1|-1,-1|-1,-1|
........
#11111111111111111
#assigned_pet=-1,-1,-1,-1,-1,-1,-1,-1,
#assigned_hub=5,2,0,0,6,8,1,7,
#moving_targetting_pos=16,26|6,26|29,30|6,6|26,6|26,26|6,16|26,16|
#setting_targetting_pos=-1,-1|-1,-1|29,2|-1,-1|-1,-1|-1,-1|-1,-1|-1,-1|
........
#11111111111111111
#assigned_pet=-1,-1,-1,-1,-1,-1,-1,-1,
#assigned_hub=5,2,0,0,6,8,1,7,
#moving_targetting_pos=16,26|6,26|29,30|6,6|26,6|26,26|6,16|26,16|
#setting_targetting_pos=-1,-1|-1,-1|29,2|-1,-1|-1,-1|-1,-1|-1,-1|-1,-1|
........
#11111111111111111
#assigned_pet=-1,-1,-1,-1,-1,-1,-1,-1,
#assigned_hub=5,2,0,0,6,8,1,7,
#moving_targetting_pos=16,26|6,26|29,30|6,6|26,6|26,26|6,16|26,16|
#setting_targetting_pos=-1,-1|-1,-1|29,2|-1,-1|-1,-1|-1,-1|-1,-1|-1,-1|
........
#11111111111111111
#assigned_pet=-1,-1,-1,-1,-1,-1,-1,-1,
#assigned_hub=5,2,0,0,6,8,1,7,
#moving_targetting_pos=16,26|6,26|29,30|6,6|26,6|26,26|6,16|26,16|
#setting_targetting_pos=-1,-1|-1,-1|29,2|-1,-1|-1,-1|-1,-1|-1,-1|-1,-1|
........
#11111111111111111
#assigned_pet=-1,-1,-1,-1,-1,-1,-1,-1,
#assigned_hub=5,2,0,0,6,8,1,7,
#moving_targetting_pos=16,26|6,26|29,30|6,6|26,6|26,26|6,16|26,16|
#setting_targetting_pos=-1,-1|-1,-1|29,2|-1,-1|-1,-1|-1,-1|-1,-1|-1,-1|
........
#11111111111111111
#assigned_pet=-1,-1,-1,-1,-1,-1,-1,-1,
#assigned_hub=5,2,0,0,6,8,1,7,
#moving_targetting_pos=16,26|6,26|29,30|6,6|26,6|26,26|6,16|26,16|
#setting_targetting_pos=-1,-1|-1,-1|29,2|-1,-1|-1,-1|-1,-1|-1,-1|-1,-1|
........
#11111111111111111
#assigned_pet=-1,-1,-1,-1,-1,-1,-1,-1,
#assigned_hub=5,2,0,0,6,8,1,7,
#moving_targetting_pos=16,26|6,26|29,30|6,6|26,6|26,26|6,16|26,16|
#setting_targetting_pos=-1,-1|-1,-1|29,2|-1,-1|-1,-1|-1,-1|-1,-1|-1,-1|
........
#11111111111111111
#assigned_pet=-1,-1,-1,-1,-1,-1,-1,-1,
#assigned_hub=5,2,0,0,6,8,1,7,
#moving_targetting_pos=16,26|6,26|29,30|6,6|26,6|26,26|6,16|26,16|
#setting_targetting_pos=-1,-1|-1,-1|29,2|-1,-1|-1,-1|-1,-1|-1,-1|-1,-1|
........
#11111111111111111
#assigned_pet=-1,-1,-1,-1,-1,-1,-1,-1,
#assigned_hub=5,2,0,0,6,8,1,7,
#moving_targetting_pos=16,26|6,26|29,30|6,6|26,6|26,26|6,16|26,16|
#setting_targetting_pos=-1,-1|-1,-1|29,2|-1,-1|-1,-1|-1,-1|-1,-1|-1,-1|
........
#11111111111111111
#assigned_pet=-1,-1,-1,-1,-1,-1,-1,-1,
#assigned_hub=5,2,0,0,6,8,1,7,
#moving_targetting_pos=16,26|6,26|29,30|6,6|26,6|26,26|6,16|26,16|
#setting_targetting_pos=-1,-1|-1,-1|29,2|-1,-1|-1,-1|-1,-1|-1,-1|-1,-1|
........
#11111111111111111
#assigned_pet=-1,-1,-1,-1,-1,-1,-1,-1,
#assigned_hub=5,2,0,0,6,8,1,7,
#moving_targetting_pos=16,26|6,26|29,30|6,6|26,6|26,26|6,16|26,16|
#setting_targetting_pos=-1,-1|-1,-1|29,2|-1,-1|-1,-1|-1,-1|-1,-1|-1,-1|
........
#11111111111111111
#assigned_pet=-1,-1,-1,-1,-1,-1,-1,-1,
#assigned_hub=5,2,0,0,6,8,1,7,
#moving_targetting_pos=16,26|6,26|29,30|6,6|26,6|26,26|6,16|26,16|
#setting_targetting_pos=-1,-1|-1,-1|29,2|-1,-1|-1,-1|-1,-1|-1,-1|-1,-1|
........
#11111111111111111
#assigned_pet=-1,-1,-1,-1,-1,-1,-1,-1,
#assigned_hub=5,2,0,0,6,8,1,7,
#moving_targetting_pos=16,26|6,26|29,30|6,6|26,6|26,26|6,16|26,16|
#setting_targetting_pos=-1,-1|-1,-1|29,2|-1,-1|-1,-1|-1,-1|-1,-1|-1,-1|
........
#11111111111111111
#assigned_pet=-1,-1,-1,-1,-1,-1,-1,-1,
#assigned_hub=5,2,0,0,6,8,1,7,
#moving_targetting_pos=16,26|6,26|29,30|6,6|26,6|26,26|6,16|26,16|
#setting_targetting_pos=-1,-1|-1,-1|29,2|-1,-1|-1,-1|-1,-1|-1,-1|-1,-1|
........
#11111111111111111
#assigned_pet=-1,-1,-1,-1,-1,-1,-1,-1,
#assigned_hub=5,2,0,0,6,8,1,7,
#moving_targetting_pos=16,26|6,26|29,30|6,6|26,6|26,26|6,16|26,16|
#setting_targetting_pos=-1,-1|-1,-1|29,2|-1,-1|-1,-1|-1,-1|-1,-1|-1,-1|
........
#11111111111111111
#assigned_pet=-1,-1,-1,-1,-1,-1,-1,-1,
#assigned_hub=5,2,0,0,6,8,1,7,
#moving_targetting_pos=16,26|6,26|29,30|6,6|26,6|26,26|6,16|26,16|
#setting_targetting_pos=-1,-1|-1,-1|29,2|-1,-1|-1,-1|-1,-1|-1,-1|-1,-1|
........
#11111111111111111
#assigned_pet=-1,-1,-1,-1,-1,-1,-1,-1,
#assigned_hub=5,2,0,0,6,8,1,7,
#moving_targetting_pos=16,26|6,26|29,30|6,6|26,6|26,26|6,16|26,16|
#setting_targetting_pos=-1,-1|-1,-1|29,2|-1,-1|-1,-1|-1,-1|-1,-1|-1,-1|
........
#11111111111111111
#assigned_pet=-1,-1,-1,-1,-1,-1,-1,-1,
#assigned_hub=5,2,0,0,6,8,1,7,
#moving_targetting_pos=16,26|6,26|29,30|6,6|26,6|26,26|6,16|26,16|
#setting_targetting_pos=-1,-1|-1,-1|29,2|-1,-1|-1,-1|-1,-1|-1,-1|-1,-1|
........
#11111111111111111
#assigned_pet=-1,-1,-1,-1,-1,-1,-1,-1,
#assigned_hub=5,2,0,0,6,8,1,7,
#moving_targetting_pos=16,26|6,26|29,30|6,6|26,6|26,26|6,16|26,16|
#setting_targetting_pos=-1,-1|-1,-1|29,2|-1,-1|-1,-1|-1,-1|-1,-1|-1,-1|
........
#11111111111111111
#assigned_pet=-1,-1,-1,-1,-1,-1,-1,-1,
#assigned_hub=5,2,0,0,6,8,1,7,
#moving_targetting_pos=16,26|6,26|29,30|6,6|26,6|26,26|6,16|26,16|
#setting_targetting_pos=-1,-1|-1,-1|29,2|-1,-1|-1,-1|-1,-1|-1,-1|-1,-1|
........
#11111111111111111
#assigned_pet=-1,-1,-1,-1,-1,-1,-1,-1,
#assigned_hub=5,2,0,0,6,8,1,7,
#moving_targetting_pos=16,26|6,26|29,30|6,6|26,6|26,26|6,16|26,16|
#setting_targetting_pos=-1,-1|-1,-1|29,2|-1,-1|-1,-1|-1,-1|-1,-1|-1,-1|
........
#11111111111111111
#assigned_pet=-1,-1,-1,-1,-1,-1,-1,-1,
#assigned_hub=5,2,0,0,6,8,1,7,
#moving_targetting_pos=16,26|6,26|29,30|6,6|26,6|26,26|6,16|26,16|
#setting_targetting_pos=-1,-1|-1,-1|29,2|-1,-1|-1,-1|-1,-1|-1,-1|-1,-1|
........
#11111111111111111
#assigned_pet=-1,-1,-1,-1,-1,-1,-1,-1,
#assigned_hub=5,2,0,0,6,8,1,7,
#moving_targetting_pos=16,26|6,26|29,30|6,6|26,6|26,26|6,16|26,16|
#setting_targetting_pos=-1,-1|-1,-1|29,2|-1,-1|-1,-1|-1,-1|-1,-1|-1,-1|
........
#11111111111111111
#assigned_pet=-1,-1,-1,-1,-1,-1,-1,-1,
#assigned_hub=5,2,0,0,6,8,1,7,
#moving_targetting_pos=16,26|6,26|29,30|6,6|26,6|26,26|6,16|26,16|
#setting_targetting_pos=-1,-1|-1,-1|29,2|-1,-1|-1,-1|-1,-1|-1,-1|-1,-1|
........
#11111111111111111
#assigned_pet=-1,-1,-1,-1,-1,-1,-1,-1,
#assigned_hub=5,2,0,0,6,8,1,7,
#moving_targetting_pos=16,26|6,26|29,30|6,6|26,6|26,26|6,16|26,16|
#setting_targetting_pos=-1,-1|-1,-1|29,2|-1,-1|-1,-1|-1,-1|-1,-1|-1,-1|
........
#11111111111111111
#assigned_pet=-1,-1,-1,-1,-1,-1,-1,-1,
#assigned_hub=5,2,0,0,6,8,1,7,
#moving_targetting_pos=16,26|6,26|29,30|6,6|26,6|26,26|6,16|26,16|
#setting_targetting_pos=-1,-1|-1,-1|29,2|-1,-1|-1,-1|-1,-1|-1,-1|-1,-1|
........
#11111111111111111
#assigned_pet=-1,-1,-1,-1,-1,-1,-1,-1,
#assigned_hub=5,2,0,0,6,8,1,7,
#moving_targetting_pos=16,26|6,26|29,30|6,6|26,6|26,26|6,16|26,16|
#setting_targetting_pos=-1,-1|-1,-1|29,2|-1,-1|-1,-1|-1,-1|-1,-1|-1,-1|
........
#11111111111111111
#assigned_pet=-1,-1,-1,-1,-1,-1,-1,-1,
#assigned_hub=5,2,0,0,6,8,1,7,
#moving_targetting_pos=16,26|6,26|29,30|6,6|26,6|26,26|6,16|26,16|
#setting_targetting_pos=-1,-1|-1,-1|29,2|-1,-1|-1,-1|-1,-1|-1,-1|-1,-1|
........
#11111111111111111
#assigned_pet=-1,-1,-1,-1,-1,-1,-1,-1,
#assigned_hub=5,2,0,0,6,8,1,7,
#moving_targetting_pos=16,26|6,26|29,30|6,6|26,6|26,26|6,16|26,16|
#setting_targetting_pos=-1,-1|-1,-1|29,2|-1,-1|-1,-1|-1,-1|-1,-1|-1,-1|
........
#11111111111111111
#assigned_pet=-1,-1,-1,-1,-1,-1,-1,-1,
#assigned_hub=5,2,0,0,6,8,1,7,
#moving_targetting_pos=16,26|6,26|29,30|6,6|26,6|26,26|6,16|26,16|
#setting_targetting_pos=-1,-1|-1,-1|29,2|-1,-1|-1,-1|-1,-1|-1,-1|-1,-1|
........
#11111111111111111
#assigned_pet=-1,-1,-1,-1,-1,-1,-1,-1,
#assigned_hub=5,2,0,0,6,8,1,7,
#moving_targetting_pos=16,26|6,26|29,30|6,6|26,6|26,26|6,16|26,16|
#setting_targetting_pos=-1,-1|-1,-1|29,2|-1,-1|-1,-1|-1,-1|-1,-1|-1,-1|
........
#11111111111111111
#assigned_pet=-1,-1,-1,-1,-1,-1,-1,-1,
#assigned_hub=5,2,0,0,6,8,1,7,
#moving_targetting_pos=16,26|6,26|29,30|6,6|26,6|26,26|6,16|26,16|
#setting_targetting_pos=-1,-1|-1,-1|29,2|-1,-1|-1,-1|-1,-1|-1,-1|-1,-1|
........
#11111111111111111
#assigned_pet=-1,-1,-1,-1,-1,-1,-1,-1,
#assigned_hub=5,2,0,0,6,8,1,7,
#moving_targetting_pos=16,26|6,26|29,30|6,6|26,6|26,26|6,16|26,16|
#setting_targetting_pos=-1,-1|-1,-1|29,2|-1,-1|-1,-1|-1,-1|-1,-1|-1,-1|
........
#11111111111111111
#assigned_pet=-1,-1,-1,-1,-1,-1,-1,-1,
#assigned_hub=5,2,0,0,6,8,1,7,
#moving_targetting_pos=16,26|6,26|29,30|6,6|26,6|26,26|6,16|26,16|
#setting_targetting_pos=-1,-1|-1,-1|29,2|-1,-1|-1,-1|-1,-1|-1,-1|-1,-1|
........
#11111111111111111
#assigned_pet=-1,-1,-1,-1,-1,-1,-1,-1,
#assigned_hub=5,2,0,0,6,8,1,7,
#moving_targetting_pos=16,26|6,26|29,30|6,6|26,6|26,26|6,16|26,16|
#setting_targetting_pos=-1,-1|-1,-1|29,2|-1,-1|-1,-1|-1,-1|-1,-1|-1,-1|
........
#11111111111111111
#assigned_pet=-1,-1,-1,-1,-1,-1,-1,-1,
#assigned_hub=5,2,0,0,6,8,1,7,
#moving_targetting_pos=16,26|6,26|29,30|6,6|26,6|26,26|6,16|26,16|
#setting_targetting_pos=-1,-1|-1,-1|29,2|-1,-1|-1,-1|-1,-1|-1,-1|-1,-1|
........
#11111111111111111
#assigned_pet=-1,-1,-1,-1,-1,-1,-1,-1,
#assigned_hub=5,2,0,0,6,8,1,7,
#moving_targetting_pos=16,26|6,26|29,30|6,6|26,6|26,26|6,16|26,16|
#setting_targetting_pos=-1,-1|-1,-1|29,2|-1,-1|-1,-1|-1,-1|-1,-1|-1,-1|
........
#11111111111111111
#assigned_pet=-1,-1,-1,-1,-1,-1,-1,-1,
#assigned_hub=5,2,0,0,6,8,1,7,
#moving_targetting_pos=16,26|6,26|29,30|6,6|26,6|26,26|6,16|26,16|
#setting_targetting_pos=-1,-1|-1,-1|29,2|-1,-1|-1,-1|-1,-1|-1,-1|-1,-1|
........
#11111111111111111
#assigned_pet=-1,-1,-1,-1,-1,-1,-1,-1,
#assigned_hub=5,2,0,0,6,8,1,7,
#moving_targetting_pos=16,26|6,26|29,30|6,6|26,6|26,26|6,16|26,16|
#setting_targetting_pos=-1,-1|-1,-1|29,2|-1,-1|-1,-1|-1,-1|-1,-1|-1,-1|
........
#11111111111111111
#assigned_pet=-1,-1,-1,-1,-1,-1,-1,-1,
#assigned_hub=5,2,0,0,6,8,1,7,
#moving_targetting_pos=16,26|6,26|29,30|6,6|26,6|26,26|6,16|26,16|
#setting_targetting_pos=-1,-1|-1,-1|29,2|-1,-1|-1,-1|-1,-1|-1,-1|-1,-1|
........
#11111111111111111
#assigned_pet=-1,-1,-1,-1,-1,-1,-1,-1,
#assigned_hub=5,2,0,0,6,8,1,7,
#moving_targetting_pos=16,26|6,26|29,30|6,6|26,6|26,26|6,16|26,16|
#setting_targetting_pos=-1,-1|-1,-1|29,2|-1,-1|-1,-1|-1,-1|-1,-1|-1,-1|
........
#11111111111111111
#assigned_pet=-1,-1,-1,-1,-1,-1,-1,-1,
#assigned_hub=5,2,0,0,6,8,1,7,
#moving_targetting_pos=16,26|6,26|29,30|6,6|26,6|26,26|6,16|26,16|
#setting_targetting_pos=-1,-1|-1,-1|29,2|-1,-1|-1,-1|-1,-1|-1,-1|-1,-1|
........
#11111111111111111
#assigned_pet=-1,-1,-1,-1,-1,-1,-1,-1,
#assigned_hub=5,2,0,0,6,8,1,7,
#moving_targetting_pos=16,26|6,26|29,30|6,6|26,6|26,26|6,16|26,16|
#setting_targetting_pos=-1,-1|-1,-1|29,2|-1,-1|-1,-1|-1,-1|-1,-1|-1,-1|
........
#11111111111111111
#assigned_pet=-1,-1,-1,-1,-1,-1,-1,-1,
#assigned_hub=5,2,0,0,6,8,1,7,
#moving_targetting_pos=16,26|6,26|29,30|6,6|26,6|26,26|6,16|26,16|
#setting_targetting_pos=-1,-1|-1,-1|29,2|-1,-1|-1,-1|-1,-1|-1,-1|-1,-1|
........
#11111111111111111
#assigned_pet=-1,-1,-1,-1,-1,-1,-1,-1,
#assigned_hub=5,2,0,0,6,8,1,7,
#moving_targetting_pos=16,26|6,26|29,30|6,6|26,6|26,26|6,16|26,16|
#setting_targetting_pos=-1,-1|-1,-1|29,2|-1,-1|-1,-1|-1,-1|-1,-1|-1,-1|
........
#11111111111111111
#assigned_pet=-1,-1,-1,-1,-1,-1,-1,-1,
#assigned_hub=5,2,0,0,6,8,1,7,
#moving_targetting_pos=16,26|6,26|29,30|6,6|26,6|26,26|6,16|26,16|
#setting_targetting_pos=-1,-1|-1,-1|29,2|-1,-1|-1,-1|-1,-1|-1,-1|-1,-1|
........
#11111111111111111
#assigned_pet=-1,-1,-1,-1,-1,-1,-1,-1,
#assigned_hub=5,2,0,0,6,8,1,7,
#moving_targetting_pos=16,26|6,26|29,30|6,6|26,6|26,26|6,16|26,16|
#setting_targetting_pos=-1,-1|-1,-1|29,2|-1,-1|-1,-1|-1,-1|-1,-1|-1,-1|
........
#11111111111111111
#assigned_pet=-1,-1,-1,-1,-1,-1,-1,-1,
#assigned_hub=5,2,0,0,6,8,1,7,
#moving_targetting_pos=16,26|6,26|29,30|6,6|26,6|26,26|6,16|26,16|
#setting_targetting_pos=-1,-1|-1,-1|29,2|-1,-1|-1,-1|-1,-1|-1,-1|-1,-1|
........
#11111111111111111
#assigned_pet=-1,-1,-1,-1,-1,-1,-1,-1,
#assigned_hub=5,2,0,0,6,8,1,7,
#moving_targetting_pos=16,26|6,26|29,30|6,6|26,6|26,26|6,16|26,16|
#setting_targetting_pos=-1,-1|-1,-1|29,2|-1,-1|-1,-1|-1,-1|-1,-1|-1,-1|
........
#11111111111111111
#assigned_pet=-1,-1,-1,-1,-1,-1,-1,-1,
#assigned_hub=5,2,0,0,6,8,1,7,
#moving_targetting_pos=16,26|6,26|29,30|6,6|26,6|26,26|6,16|26,16|
#setting_targetting_pos=-1,-1|-1,-1|29,2|-1,-1|-1,-1|-1,-1|-1,-1|-1,-1|
........
#11111111111111111
#assigned_pet=-1,-1,-1,-1,-1,-1,-1,-1,
#assigned_hub=5,2,0,0,6,8,1,7,
#moving_targetting_pos=16,26|6,26|29,30|6,6|26,6|26,26|6,16|26,16|
#setting_targetting_pos=-1,-1|-1,-1|29,2|-1,-1|-1,-1|-1,-1|-1,-1|-1,-1|
........
#11111111111111111
#assigned_pet=-1,-1,-1,-1,-1,-1,-1,-1,
#assigned_hub=5,2,0,0,6,8,1,7,
#moving_targetting_pos=16,26|6,26|29,30|6,6|26,6|26,26|6,16|26,16|
#setting_targetting_pos=-1,-1|-1,-1|29,2|-1,-1|-1,-1|-1,-1|-1,-1|-1,-1|
........
#11111111111111111
#assigned_pet=-1,-1,-1,-1,-1,-1,-1,-1,
#assigned_hub=5,2,0,0,6,8,1,7,
#moving_targetting_pos=16,26|6,26|29,30|6,6|26,6|26,26|6,16|26,16|
#setting_targetting_pos=-1,-1|-1,-1|29,2|-1,-1|-1,-1|-1,-1|-1,-1|-1,-1|
........
#11111111111111111
#assigned_pet=-1,-1,-1,-1,-1,-1,-1,-1,
#assigned_hub=5,2,0,0,6,8,1,7,
#moving_targetting_pos=16,26|6,26|29,30|6,6|26,6|26,26|6,16|26,16|
#setting_targetting_pos=-1,-1|-1,-1|29,2|-1,-1|-1,-1|-1,-1|-1,-1|-1,-1|
........
#11111111111111111
#assigned_pet=-1,-1,-1,-1,-1,-1,-1,-1,
#assigned_hub=5,2,0,0,6,8,1,7,
#moving_targetting_pos=16,26|6,26|29,30|6,6|26,6|26,26|6,16|26,16|
#setting_targetting_pos=-1,-1|-1,-1|29,2|-1,-1|-1,-1|-1,-1|-1,-1|-1,-1|
........
#11111111111111111
#assigned_pet=-1,-1,-1,-1,-1,-1,-1,-1,
#assigned_hub=5,2,0,0,6,8,1,7,
#moving_targetting_pos=16,26|6,26|29,30|6,6|26,6|26,26|6,16|26,16|
#setting_targetting_pos=-1,-1|-1,-1|29,2|-1,-1|-1,-1|-1,-1|-1,-1|-1,-1|
........
#11111111111111111
#assigned_pet=-1,-1,-1,-1,-1,-1,-1,-1,
#assigned_hub=5,2,0,0,6,8,1,7,
#moving_targetting_pos=16,26|6,26|29,30|6,6|26,6|26,26|6,16|26,16|
#setting_targetting_pos=-1,-1|-1,-1|29,2|-1,-1|-1,-1|-1,-1|-1,-1|-1,-1|
........
#11111111111111111
#assigned_pet=-1,-1,-1,-1,-1,-1,-1,-1,
#assigned_hub=5,2,0,0,6,8,1,7,
#moving_targetting_pos=16,26|6,26|29,30|6,6|26,6|26,26|6,16|26,16|
#setting_targetting_pos=-1,-1|-1,-1|29,2|-1,-1|-1,-1|-1,-1|-1,-1|-1,-1|
........
#11111111111111111
#assigned_pet=-1,-1,-1,-1,-1,-1,-1,-1,
#assigned_hub=5,2,0,0,6,8,1,7,
#moving_targetting_pos=16,26|6,26|29,30|6,6|26,6|26,26|6,16|26,16|
#setting_targetting_pos=-1,-1|-1,-1|29,2|-1,-1|-1,-1|-1,-1|-1,-1|-1,-1|
........
#11111111111111111
#assigned_pet=-1,-1,-1,-1,-1,-1,-1,-1,
#assigned_hub=5,2,0,0,6,8,1,7,
#moving_targetting_pos=16,26|6,26|29,30|6,6|26,6|26,26|6,16|26,16|
#setting_targetting_pos=-1,-1|-1,-1|29,2|-1,-1|-1,-1|-1,-1|-1,-1|-1,-1|
........
