#000000000000000
#assigned_pet=-1,-1,-1,-1,-1,-1,-1,-1,
#assigned_hub=0,0,0,0,0,0,0,0,
#moving_targetting_pos=12,29|25,30|22,1|5,30|19,30|9,2|15,30|2,29|
#setting_targetting_pos=12,1|25,1|22,29|5,1|19,2|9,30|15,1|2,1|
LRLDRDRR
#000000000000000
#assigned_pet=-1,-1,-1,-1,-1,-1,-1,-1,
#assigned_hub=0,0,0,0,0,0,0,0,
#moving_targetting_pos=12,29|25,30|22,1|5,30|19,30|9,2|15,30|2,29|
#setting_targetting_pos=12,1|25,1|22,29|5,1|19,2|9,30|15,1|2,1|
rRLdRDRR
#000000000000000
#assigned_pet=-1,-1,-1,-1,-1,-1,-1,-1,
#assigned_hub=0,0,0,0,0,0,0,0,
#moving_targetting_pos=12,29|25,30|22,1|5,30|19,30|9,2|15,30|2,29|
#setting_targetting_pos=12,1|25,1|22,29|5,1|19,2|9,30|15,1|2,1|
.RLLRdRR
#000000000000000
#assigned_pet=-1,-1,-1,-1,-1,-1,-1,-1,
#assigned_hub=0,0,0,0,0,0,0,0,
#moving_targetting_pos=12,29|25,30|22,1|5,30|19,30|9,2|15,30|2,29|
#setting_targetting_pos=12,1|25,1|22,29|5,1|19,2|9,30|15,1|2,1|
dRLdRRDR
#000000000000000
#assigned_pet=-1,-1,-1,-1,-1,-1,-1,-1,
#assigned_hub=0,0,0,0,0,0,0,0,
#moving_targetting_pos=12,29|25,30|22,1|5,30|19,30|9,2|15,30|2,29|
#setting_targetting_pos=12,1|25,1|22,29|5,1|19,2|9,30|15,1|2,1|
LRLLRRdR
#000000000000000
#assigned_pet=-1,-1,-1,-1,-1,-1,-1,-1,
#assigned_hub=0,0,0,0,0,0,0,0,
#moving_targetting_pos=12,29|25,30|22,1|5,30|19,30|9,2|15,30|2,29|
#setting_targetting_pos=12,1|25,1|22,29|5,1|19,2|9,30|15,1|2,1|
LRLuRlLR
#000000000000000
#assigned_pet=-1,-1,-1,-1,-1,-1,-1,-1,
#assigned_hub=0,0,0,0,0,0,0,0,
#moving_targetting_pos=12,29|25,30|22,1|5,30|19,30|9,2|15,30|2,29|
#setting_targetting_pos=12,1|25,1|22,29|5,1|19,2|9,30|15,1|2,1|
LRLLRudR
#000000000000000
#assigned_pet=-1,-1,-1,-1,-1,-1,-1,-1,
#assigned_hub=0,0,0,0,0,0,0,0,
#moving_targetting_pos=12,29|25,30|22,1|5,30|19,30|9,2|15,30|2,29|
#setting_targetting_pos=12,1|25,1|22,29|5,1|19,2|9,30|15,1|2,1|
dRLLURLR
#000000000000000
#assigned_pet=-1,-1,-1,-1,-1,-1,-1,-1,
#assigned_hub=0,0,0,0,0,0,0,0,
#moving_targetting_pos=12,29|25,30|22,1|5,30|19,30|9,2|15,30|2,29|
#setting_targetting_pos=12,1|25,1|22,29|5,1|19,2|9,30|15,1|2,1|
uRULURuU
#000000000000000
#assigned_pet=-1,-1,-1,-1,-1,-1,-1,-1,
#assigned_hub=0,0,0,0,0,0,0,0,
#moving_targetting_pos=12,29|25,30|22,1|5,30|19,30|9,2|15,30|2,29|
#setting_targetting_pos=12,1|25,1|22,29|5,1|19,2|9,30|15,1|2,1|
LRuLUdLL
#000000000000000
#assigned_pet=-1,-1,-1,-1,-1,-1,-1,-1,
#assigned_hub=0,0,0,0,0,0,0,0,
#moving_targetting_pos=12,29|25,30|22,1|5,30|19,30|9,2|15,30|2,29|
#setting_targetting_pos=12,1|25,1|22,29|5,1|19,2|9,30|15,1|2,1|
rRRudRLU
#000000000000000
#assigned_pet=-1,-1,-1,-1,-1,-1,-1,-1,
#assigned_hub=0,0,0,0,0,0,0,0,
#moving_targetting_pos=12,29|25,30|22,1|5,30|19,30|9,2|15,30|2,29|
#setting_targetting_pos=12,1|25,1|22,29|5,1|19,2|9,30|15,1|2,1|
LRRLLlLU
#000000000000000
#assigned_pet=-1,-1,-1,-1,-1,-1,-1,-1,
#assigned_hub=0,0,0,0,0,0,0,0,
#moving_targetting_pos=12,29|25,30|22,1|5,30|19,30|9,2|15,30|2,29|
#setting_targetting_pos=12,1|25,1|22,29|5,1|19,2|9,30|15,1|2,1|
LRldLRLR
#000000000000000
#assigned_pet=-1,-1,-1,-1,-1,-1,-1,-1,
#assigned_hub=0,0,0,0,0,0,0,0,
#moving_targetting_pos=12,29|25,30|22,1|5,30|19,30|9,2|15,30|2,29|
#setting_targetting_pos=12,1|25,1|22,29|5,1|19,2|9,30|15,1|2,1|
dddL.uuU
#000000000000000
#assigned_pet=-1,-1,-1,-1,-1,-1,-1,-1,
#assigned_hub=0,0,0,0,0,0,0,0,
#moving_targetting_pos=12,29|25,30|22,1|5,30|19,30|9,2|15,30|2,29|
#setting_targetting_pos=12,1|25,1|22,29|5,1|19,2|9,30|15,1|2,1|
LLRdrRLU
#000000000000000
#assigned_pet=-1,-1,-1,-1,-1,-1,-1,-1,
#assigned_hub=0,0,0,0,0,0,0,0,
#moving_targetting_pos=12,29|25,30|22,1|5,30|19,30|9,2|15,30|2,29|
#setting_targetting_pos=12,1|25,1|22,29|5,1|19,2|9,30|15,1|2,1|
LdRLuRdU
#000000000000000
#assigned_pet=-1,-1,-1,-1,-1,-1,-1,-1,
#assigned_hub=0,0,0,0,0,0,0,0,
#moving_targetting_pos=12,29|25,30|22,1|5,30|19,30|9,2|15,30|2,29|
#setting_targetting_pos=12,1|25,1|22,29|5,1|19,2|9,30|15,1|2,1|
rLRdLlLU
#000000000000000
#assigned_pet=-1,-1,-1,-1,-1,-1,-1,-1,
#assigned_hub=0,0,0,0,0,0,0,0,
#moving_targetting_pos=12,29|25,30|22,1|5,30|19,30|9,2|15,30|2,29|
#setting_targetting_pos=12,1|25,1|22,29|5,1|19,2|9,30|15,1|2,1|
u.dLLddU
#000000000000000
#assigned_pet=-1,-1,-1,-1,-1,-1,-1,-1,
#assigned_hub=0,0,0,0,0,0,0,0,
#moving_targetting_pos=12,29|25,30|22,1|5,30|19,30|9,2|15,30|2,29|
#setting_targetting_pos=12,1|25,1|22,29|5,1|19,2|9,30|15,1|2,1|
Luud.RLU
#000000000000000
#assigned_pet=-1,-1,-1,-1,-1,-1,-1,-1,
#assigned_hub=0,0,0,0,0,0,0,0,
#moving_targetting_pos=12,29|25,30|22,1|5,30|19,30|9,2|15,30|2,29|
#setting_targetting_pos=12,1|25,1|22,29|5,1|19,2|9,30|15,1|2,1|
LLRL.RdU
#000000000000000
#assigned_pet=-1,-1,-1,-1,-1,-1,-1,-1,
#assigned_hub=0,0,0,0,0,0,0,0,
#moving_targetting_pos=12,29|25,30|22,1|5,30|19,30|9,2|15,30|2,29|
#setting_targetting_pos=12,1|25,1|22,29|5,1|19,2|9,30|15,1|2,1|
rLldddLU
#000000000000000
#assigned_pet=-1,-1,-1,-1,-1,-1,-1,-1,
#assigned_hub=0,0,0,0,0,0,0,0,
#moving_targetting_pos=12,29|25,30|22,1|5,30|19,30|9,2|15,30|2,29|
#setting_targetting_pos=12,1|25,1|22,29|5,1|19,2|9,30|15,1|2,1|
dLRLLRdR
#000000000000000
#assigned_pet=-1,-1,-1,-1,-1,-1,-1,-1,
#assigned_hub=0,0,0,0,0,0,0,0,
#moving_targetting_pos=12,29|25,30|22,1|5,30|19,30|9,2|15,30|2,29|
#setting_targetting_pos=12,1|25,1|22,29|5,1|19,2|9,30|15,1|2,1|
LLR.rRLU
#000000000000000
#assigned_pet=-1,-1,-1,-1,-1,-1,-1,-1,
#assigned_hub=0,0,0,0,0,0,0,0,
#moving_targetting_pos=12,29|25,30|22,1|5,30|19,30|9,2|15,30|2,29|
#setting_targetting_pos=12,1|25,1|22,29|5,1|19,2|9,30|15,1|2,1|
Lud.Ll.U
#000000000000000
#assigned_pet=-1,-1,-1,-1,-1,-1,-1,-1,
#assigned_hub=0,0,0,0,0,0,0,0,
#moving_targetting_pos=12,29|25,30|22,1|5,30|19,30|9,2|15,30|2,29|
#setting_targetting_pos=12,1|25,1|22,29|5,1|19,2|9,30|15,1|2,1|
LLR.uudU
#000000000000000
#assigned_pet=-1,-1,-1,-1,-1,-1,-1,-1,
#assigned_hub=0,0,0,0,0,0,0,0,
#moving_targetting_pos=12,29|25,30|22,1|5,30|19,30|9,2|15,30|2,29|
#setting_targetting_pos=12,1|25,1|22,29|5,1|19,2|9,30|15,1|2,1|
ddRuLRLd
#000000000000000
#assigned_pet=-1,-1,-1,-1,-1,-1,-1,-1,
#assigned_hub=0,0,0,0,0,0,0,0,
#moving_targetting_pos=12,29|25,30|22,1|5,30|19,30|9,2|15,30|2,29|
#setting_targetting_pos=12,1|25,1|22,29|5,1|19,2|9,30|15,1|2,1|
uLlLLRur
#000000000000000
#assigned_pet=-1,-1,-1,-1,-1,-1,-1,-1,
#assigned_hub=0,0,0,0,0,0,0,0,
#moving_targetting_pos=12,29|25,30|22,1|5,30|19,30|9,2|15,30|2,29|
#setting_targetting_pos=12,1|25,1|22,29|5,1|19,2|9,30|15,1|2,1|
Ld.LrdLL
#000000000000000
#assigned_pet=-1,-1,-1,-1,-1,-1,-1,-1,
#assigned_hub=0,0,0,0,0,0,0,0,
#moving_targetting_pos=12,29|25,30|22,1|5,30|19,30|9,2|15,30|2,29|
#setting_targetting_pos=12,1|25,1|22,29|5,1|19,2|9,30|15,1|2,1|
rLuLdRLL
#000000000000000
#assigned_pet=-1,-1,-1,-1,-1,-1,-1,-1,
#assigned_hub=0,0,0,0,0,0,0,0,
#moving_targetting_pos=12,29|25,30|22,1|5,30|19,30|9,2|15,30|2,29|
#setting_targetting_pos=12,1|25,1|22,29|5,1|19,2|9,30|15,1|2,1|
LdRLLlLL
#000000000000000
#assigned_pet=-1,-1,-1,-1,-1,-1,-1,-1,
#assigned_hub=0,0,0,0,0,0,0,0,
#moving_targetting_pos=12,29|25,30|22,1|5,30|19,30|9,2|15,30|2,29|
#setting_targetting_pos=12,1|25,1|22,29|5,1|19,2|9,30|15,1|2,1|
LLRuLRLd
#000000000000000
#assigned_pet=-1,-1,-1,-1,-1,-1,-1,-1,
#assigned_hub=0,0,0,0,0,0,0,0,
#moving_targetting_pos=12,29|25,30|22,1|5,30|19,30|9,2|15,30|2,29|
#setting_targetting_pos=12,1|25,1|22,29|5,1|19,2|9,30|15,1|2,1|
dd.Lduuu
#000000000000000
#assigned_pet=-1,-1,-1,-1,-1,-1,-1,-1,
#assigned_hub=0,0,0,0,0,0,0,0,
#moving_targetting_pos=12,29|25,30|22,1|5,30|19,30|9,2|15,30|2,29|
#setting_targetting_pos=12,1|25,1|22,29|5,1|19,2|9,30|15,1|2,1|
LLldLRLL
#000000000000000
#assigned_pet=-1,-1,-1,-1,-1,-1,-1,-1,
#assigned_hub=0,0,0,0,0,0,0,0,
#moving_targetting_pos=12,29|25,30|22,1|5,30|19,30|9,2|15,30|2,29|
#setting_targetting_pos=12,1|25,1|22,29|5,1|19,2|9,30|15,1|2,1|
LddLLR.r
#000000000000000
#assigned_pet=-1,-1,-1,-1,-1,-1,-1,-1,
#assigned_hub=0,0,0,0,0,0,0,0,
#moving_targetting_pos=12,29|25,30|22,1|5,30|19,30|9,2|15,30|2,29|
#setting_targetting_pos=12,1|25,1|22,29|5,1|19,2|9,30|15,1|2,1|
rLRdrldL
#000000000000000
#assigned_pet=-1,-1,-1,-1,-1,-1,-1,-1,
#assigned_hub=0,0,0,0,0,0,0,0,
#moving_targetting_pos=12,29|25,30|22,1|5,30|19,30|9,2|15,30|2,29|
#setting_targetting_pos=12,1|25,1|22,29|5,1|19,2|9,30|15,1|2,1|
uuRL.dLL
#000000000000000
#assigned_pet=-1,-1,-1,-1,-1,-1,-1,-1,
#assigned_hub=0,0,0,0,0,0,0,0,
#moving_targetting_pos=12,29|25,30|22,1|5,30|19,30|9,2|15,30|2,29|
#setting_targetting_pos=12,1|25,1|22,29|5,1|19,2|9,30|15,1|2,1|
LLRduRd.
#000000000000000
#assigned_pet=-1,-1,-1,-1,-1,-1,-1,-1,
#assigned_hub=0,0,0,0,0,0,0,0,
#moving_targetting_pos=12,29|25,30|22,1|5,30|19,30|9,2|15,30|2,29|
#setting_targetting_pos=12,1|25,1|22,29|5,1|19,2|9,30|15,1|2,1|
LLuLLRL.
#000000000000000
#assigned_pet=-1,-1,-1,-1,-1,-1,-1,-1,
#assigned_hub=0,0,0,0,0,0,0,0,
#moving_targetting_pos=12,29|25,30|22,1|5,30|19,30|9,2|15,30|2,29|
#setting_targetting_pos=12,1|25,1|22,29|5,1|19,2|9,30|15,1|2,1|
rLddLd..
#000000000000000
#assigned_pet=-1,-1,-1,-1,-1,-1,-1,-1,
#assigned_hub=0,0,0,0,0,0,0,0,
#moving_targetting_pos=12,29|25,30|22,1|5,30|19,30|9,2|15,30|2,29|
#setting_targetting_pos=12,1|25,1|22,29|5,1|19,2|9,30|15,1|2,1|
dLRLdR.d
#000000000000000
#assigned_pet=-1,-1,-1,-1,-1,-1,-1,-1,
#assigned_hub=0,0,0,0,0,0,0,0,
#moving_targetting_pos=12,29|25,30|22,1|5,30|19,30|9,2|15,30|2,29|
#setting_targetting_pos=12,1|25,1|22,29|5,1|19,2|9,30|15,1|2,1|
LuldLR.L
#000000000000000
#assigned_pet=-1,-1,-1,-1,-1,-1,-1,-1,
#assigned_hub=0,0,0,0,0,0,0,0,
#moving_targetting_pos=12,29|25,30|22,1|5,30|19,30|9,2|15,30|2,29|
#setting_targetting_pos=12,1|25,1|22,29|5,1|19,2|9,30|15,1|2,1|
LLRL.l.L
#000000000000000
#assigned_pet=-1,-1,-1,-1,-1,-1,-1,-1,
#assigned_hub=0,0,0,0,0,0,0,0,
#moving_targetting_pos=12,29|25,30|22,1|5,30|19,30|9,2|15,30|2,29|
#setting_targetting_pos=12,1|25,1|22,29|5,1|19,2|9,30|15,1|2,1|
LdRuru.r
#000000000000000
#assigned_pet=-1,-1,-1,-1,-1,-1,-1,-1,
#assigned_hub=0,0,0,0,0,0,0,0,
#moving_targetting_pos=12,29|25,30|22,1|5,30|19,30|9,2|15,30|2,29|
#setting_targetting_pos=12,1|25,1|22,29|5,1|19,2|9,30|15,1|2,1|
dL.LLR.u
#000000000000000
#assigned_pet=-1,-1,-1,-1,-1,-1,-1,-1,
#assigned_hub=0,0,0,0,0,0,0,0,
#moving_targetting_pos=12,29|25,30|22,1|5,30|19,30|9,2|15,30|2,29|
#setting_targetting_pos=12,1|25,1|22,29|5,1|19,2|9,30|15,1|2,1|
ud.LuRdL
#000000000000000
#assigned_pet=-1,-1,-1,-1,-1,-1,-1,-1,
#assigned_hub=0,0,0,0,0,0,0,0,
#moving_targetting_pos=12,29|25,30|22,1|5,30|19,30|9,2|15,30|2,29|
#setting_targetting_pos=12,1|25,1|22,29|5,1|19,2|9,30|15,1|2,1|
LL.LLdLL
#000000000000000
#assigned_pet=-1,-1,-1,-1,-1,-1,-1,-1,
#assigned_hub=0,0,0,0,0,0,0,0,
#moving_targetting_pos=12,29|25,30|22,1|5,30|19,30|9,2|15,30|2,29|
#setting_targetting_pos=12,1|25,1|22,29|5,1|19,2|9,30|15,1|2,1|
rd.LLRdr
#000000000000000
#assigned_pet=-1,-1,-1,-1,-1,-1,-1,-1,
#assigned_hub=0,0,0,0,0,0,0,0,
#moving_targetting_pos=12,29|25,30|22,1|5,30|19,30|9,2|15,30|2,29|
#setting_targetting_pos=12,1|25,1|22,29|5,1|19,2|9,30|15,1|2,1|
LLdur.Ld
#000000000000000
#assigned_pet=-1,-1,-1,-1,-1,-1,-1,-1,
#assigned_hub=0,0,0,0,0,0,0,0,
#moving_targetting_pos=12,29|25,30|22,1|5,30|19,30|9,2|15,30|2,29|
#setting_targetting_pos=12,1|25,1|22,29|5,1|19,2|9,30|15,1|2,1|
LdRLdl.L
#000000000000000
#assigned_pet=-1,-1,-1,-1,-1,-1,-1,-1,
#assigned_hub=0,0,0,0,0,0,0,0,
#moving_targetting_pos=12,29|25,30|22,1|5,30|19,30|9,2|15,30|2,29|
#setting_targetting_pos=12,1|25,1|22,29|5,1|19,2|9,30|15,1|2,1|
dLRdLRdL
#000000000000000
#assigned_pet=-1,-1,-1,-1,-1,-1,-1,-1,
#assigned_hub=0,0,0,0,0,0,0,0,
#moving_targetting_pos=12,29|25,30|22,1|5,30|19,30|9,2|15,30|2,29|
#setting_targetting_pos=12,1|25,1|22,29|5,1|19,2|9,30|15,1|2,1|
Ld.LLuLL
#000000000000000
#assigned_pet=-1,-1,-1,-1,-1,-1,-1,-1,
#assigned_hub=0,0,0,0,0,0,0,0,
#moving_targetting_pos=12,29|25,30|22,1|5,30|19,30|9,2|15,30|2,29|
#setting_targetting_pos=12,1|25,1|22,29|5,1|19,2|9,30|15,1|2,1|
LLlddRud
#000000000000000
#assigned_pet=-1,-1,-1,-1,-1,-1,-1,-1,
#assigned_hub=0,0,0,0,0,0,0,0,
#moving_targetting_pos=12,29|25,30|22,1|5,30|19,30|9,2|15,30|2,29|
#setting_targetting_pos=12,1|25,1|22,29|5,1|19,2|9,30|15,1|2,1|
ruuLLRL.
#000000000000000
#assigned_pet=-1,-1,-1,-1,-1,-1,-1,-1,
#assigned_hub=0,0,0,0,0,0,0,0,
#moving_targetting_pos=12,29|25,30|22,1|5,30|19,30|9,2|15,30|2,29|
#setting_targetting_pos=12,1|25,1|22,29|5,1|19,2|9,30|15,1|2,1|
uLRdLlLu
#000000000000000
#assigned_pet=-1,-1,-1,-1,-1,-1,-1,-1,
#assigned_hub=0,0,0,0,0,0,0,0,
#moving_targetting_pos=29,2|25,30|22,1|6,6|19,30|9,2|15,30|2,29|
#setting_targetting_pos=29,30|25,1|22,29|5,1|19,2|9,30|15,1|2,1|
DLRRrdLL
#000000000000000
#assigned_pet=-1,-1,-1,-1,-1,-1,-1,-1,
#assigned_hub=0,0,0,0,0,2,0,0,
#moving_targetting_pos=29,2|25,30|22,1|6,6|19,30|6,26|15,30|2,29|
#setting_targetting_pos=29,30|25,1|22,29|-1,-1|19,2|9,30|15,1|2,1|
RLlRuULr
#000000000000000
#assigned_pet=-1,-1,-1,-1,-1,-1,-1,-1,
#assigned_hub=0,0,0,0,0,2,0,0,
#moving_targetting_pos=29,2|25,30|22,1|6,6|19,30|6,26|15,30|2,29|
#setting_targetting_pos=29,30|25,1|22,29|-1,-1|19,2|-1,-1|15,1|2,1|
DLdRLLuL
#000000000000000
#assigned_pet=-1,-1,-1,-1,-1,-1,-1,-1,
#assigned_hub=0,0,0,0,0,2,0,0,
#moving_targetting_pos=29,2|25,30|22,1|6,6|19,30|6,26|15,30|2,29|
#setting_targetting_pos=29,30|25,1|22,29|-1,-1|19,2|-1,-1|15,1|2,1|
RuRRLULL
#000000000000000
#assigned_pet=-1,-1,-1,-1,-1,-1,-1,-1,
#assigned_hub=0,0,0,0,0,2,0,0,
#moving_targetting_pos=29,2|25,30|22,1|-1,-1|19,30|6,26|15,30|2,29|
#setting_targetting_pos=29,30|25,1|22,29|-1,-1|19,2|-1,-1|15,1|2,1|
DLR.dLdd
#000000000000000
#assigned_pet=-1,-1,-1,-1,-1,-1,-1,-1,
#assigned_hub=0,0,0,0,0,2,0,0,
#moving_targetting_pos=29,2|25,30|22,1|-1,-1|19,30|6,26|15,30|2,29|
#setting_targetting_pos=29,30|25,1|22,29|-1,-1|19,2|-1,-1|15,1|2,1|
RdR.LLLL
#000000000000000
#assigned_pet=-1,-1,-1,6,-1,5,-1,-1,
#assigned_hub=0,0,0,0,0,2,0,0,
#moving_targetting_pos=29,2|25,30|22,1|-1,-1|19,30|-1,-1|15,30|2,29|
#setting_targetting_pos=29,30|25,1|22,29|5,4|19,2|4,25|15,1|2,1|
RLd.rLdL
#000000000000000
#assigned_pet=-1,-1,-1,-1,-1,5,-1,-1,
#assigned_hub=0,0,0,0,0,2,0,0,
#moving_targetting_pos=29,2|25,30|22,1|-1,-1|19,30|-1,-1|15,30|2,29|
#setting_targetting_pos=29,30|25,1|22,29|-1,-1|19,2|4,25|15,1|2,1|
Dd..LLL.
#000000000000000
#assigned_pet=-1,-1,-1,-1,-1,5,-1,-1,
#assigned_hub=0,0,0,0,0,2,0,0,
#moving_targetting_pos=29,2|25,30|22,1|-1,-1|19,30|-1,-1|15,30|2,29|
#setting_targetting_pos=29,30|25,1|22,29|-1,-1|19,2|4,25|15,1|2,1|
DL..uUdr
#000000000000000
#assigned_pet=-1,-1,-1,0,-1,5,-1,-1,
#assigned_hub=0,0,0,0,0,2,3,0,
#moving_targetting_pos=29,2|25,30|22,1|-1,-1|19,30|-1,-1|16,6|2,29|
#setting_targetting_pos=29,30|25,1|22,29|4,7|19,2|4,25|15,1|2,1|
DduRLURu
#000001000000000
#assigned_pet=-1,-1,-1,0,-1,5,-1,-1,
#assigned_hub=0,6,0,0,0,2,3,0,
#moving_targetting_pos=29,2|26,6|22,1|-1,-1|19,30|-1,-1|16,6|2,29|
#setting_targetting_pos=29,30|25,1|22,29|4,7|19,2|4,25|-1,-1|2,1|
DRRRLuRL
#000001000000000
#assigned_pet=-1,-1,-1,0,-1,-1,-1,-1,
#assigned_hub=0,6,0,0,0,2,3,0,
#moving_targetting_pos=29,2|26,6|22,1|-1,-1|19,30|-1,-1|16,6|2,29|
#setting_targetting_pos=29,30|-1,-1|22,29|4,7|19,2|-1,-1|-1,-1|2,1|
DRl.r.RL
#000001000000000
#assigned_pet=-1,-1,-1,6,-1,-1,-1,-1,
#assigned_hub=0,6,0,0,0,2,3,0,
#moving_targetting_pos=29,2|26,6|22,1|-1,-1|19,30|-1,-1|16,6|2,29|
#setting_targetting_pos=29,30|-1,-1|22,29|7,4|19,2|-1,-1|-1,-1|2,1|
DRRLd.Rr
#000001000000000
#assigned_pet=-1,-1,-1,0,-1,10,-1,-1,
#assigned_hub=0,6,0,0,4,2,3,0,
#moving_targetting_pos=29,2|26,6|22,1|-1,-1|16,16|-1,-1|-1,-1|2,29|
#setting_targetting_pos=29,30|-1,-1|22,29|4,5|19,2|7,28|-1,-1|2,1|
DRRLUR.d
#000001000000000
#assigned_pet=-1,12,-1,6,-1,10,-1,-1,
#assigned_hub=0,6,0,0,4,2,3,0,
#moving_targetting_pos=29,2|-1,-1|22,1|-1,-1|16,16|-1,-1|-1,-1|2,29|
#setting_targetting_pos=29,30|25,4|22,29|7,4|-1,-1|7,28|-1,-1|2,1|
D.rLRR.L
#000001000000100
#assigned_pet=-1,12,-1,0,-1,10,-1,-1,
#assigned_hub=0,6,0,0,4,2,3,0,
#moving_targetting_pos=29,2|-1,-1|22,1|-1,-1|16,16|-1,-1|-1,-1|2,29|
#setting_targetting_pos=29,30|25,4|22,29|5,4|-1,-1|7,28|-1,-1|2,1|
DldRUR.L
#000001000000100
#assigned_pet=-1,-1,-1,6,-1,10,-1,-1,
#assigned_hub=0,6,8,0,4,2,3,0,
#moving_targetting_pos=29,2|-1,-1|26,26|-1,-1|16,16|-1,-1|-1,-1|2,29|
#setting_targetting_pos=29,30|-1,-1|22,29|7,4|-1,-1|7,28|-1,-1|2,1|
D.LLRD.L
#000001000000100
#assigned_pet=-1,-1,-1,0,-1,-1,-1,-1,
#assigned_hub=0,6,8,0,4,2,3,0,
#moving_targetting_pos=29,2|-1,-1|26,26|-1,-1|16,16|-1,-1|-1,-1|2,29|
#setting_targetting_pos=29,30|-1,-1|-1,-1|5,4|-1,-1|-1,-1|-1,-1|2,1|
D.LRR..d
#000001000000100
#assigned_pet=-1,14,-1,0,-1,-1,14,-1,
#assigned_hub=0,6,8,0,4,2,3,0,
#moving_targetting_pos=29,2|-1,-1|26,26|-1,-1|16,16|-1,-1|-1,-1|2,29|
#setting_targetting_pos=29,30|24,5|-1,-1|5,4|-1,-1|-1,-1|18,5|2,1|
L.D.R.Du
#000001000000100
#assigned_pet=-1,14,-1,0,-1,-1,14,-1,
#assigned_hub=0,6,8,0,4,2,3,0,
#moving_targetting_pos=29,2|-1,-1|26,26|-1,-1|16,16|-1,-1|-1,-1|2,29|
#setting_targetting_pos=29,30|24,5|-1,-1|5,4|-1,-1|-1,-1|18,5|2,1|
D.D.R.DL
#000001000000101
#assigned_pet=-1,14,-1,0,-1,-1,14,-1,
#assigned_hub=0,6,8,0,4,2,3,0,
#moving_targetting_pos=29,2|-1,-1|26,26|-1,-1|16,16|-1,-1|-1,-1|2,29|
#setting_targetting_pos=29,30|24,5|-1,-1|5,4|-1,-1|-1,-1|18,5|2,1|
LuL.R.dr
#000001000000101
#assigned_pet=-1,-1,8,6,-1,-1,-1,-1,
#assigned_hub=0,7,8,0,4,2,3,0,
#moving_targetting_pos=29,2|26,16|-1,-1|-1,-1|16,16|-1,-1|-1,-1|2,29|
#setting_targetting_pos=29,30|-1,-1|28,25|7,4|-1,-1|-1,-1|-1,-1|2,1|
LRLLR..L
#000001000000101
#assigned_pet=-1,-1,-1,6,-1,-1,-1,-1,
#assigned_hub=0,7,8,0,4,2,3,0,
#moving_targetting_pos=29,2|26,16|-1,-1|-1,-1|16,16|-1,-1|-1,-1|2,29|
#setting_targetting_pos=29,30|-1,-1|-1,-1|7,4|-1,-1|-1,-1|-1,-1|2,1|
DR.DR..L
#000001100000101
#assigned_pet=-1,-1,-1,6,-1,-1,-1,-1,
#assigned_hub=0,7,8,0,4,2,5,0,
#moving_targetting_pos=29,2|26,16|-1,-1|-1,-1|16,16|-1,-1|16,26|2,29|
#setting_targetting_pos=29,30|-1,-1|-1,-1|7,4|-1,-1|-1,-1|-1,-1|2,1|
DR.dR.Rd
#000001100000101
#assigned_pet=-1,-1,-1,-1,-1,-1,-1,-1,
#assigned_hub=0,7,8,0,4,2,5,0,
#moving_targetting_pos=29,2|26,16|-1,-1|-1,-1|16,16|-1,-1|16,26|2,29|
#setting_targetting_pos=29,30|-1,-1|-1,-1|-1,-1|-1,-1|-1,-1|-1,-1|2,1|
dR..R.RL
#000001100000101
#assigned_pet=-1,-1,-1,-1,-1,10,-1,-1,
#assigned_hub=0,7,8,0,4,2,5,0,
#moving_targetting_pos=29,2|26,16|-1,-1|-1,-1|16,16|-1,-1|16,26|2,29|
#setting_targetting_pos=29,30|-1,-1|-1,-1|-1,-1|-1,-1|7,28|-1,-1|2,1|
RR..R.RL
#000001100000101
#assigned_pet=-1,-1,-1,-1,-1,10,-1,-1,
#assigned_hub=0,7,8,0,4,2,1,0,
#moving_targetting_pos=29,2|26,16|-1,-1|-1,-1|16,16|-1,-1|6,16|2,29|
#setting_targetting_pos=29,30|-1,-1|-1,-1|-1,-1|-1,-1|7,28|-1,-1|2,1|
RR..R.Rr
#000001100000101
#assigned_pet=-1,-1,-1,-1,-1,10,-1,-1,
#assigned_hub=0,7,8,0,4,2,5,0,
#moving_targetting_pos=29,2|26,16|-1,-1|-1,-1|16,16|-1,-1|16,26|2,29|
#setting_targetting_pos=29,30|-1,-1|-1,-1|-1,-1|-1,-1|7,28|-1,-1|2,1|
lR..R.Ru
#000001100000101
#assigned_pet=-1,-1,-1,-1,-1,4,-1,-1,
#assigned_hub=0,7,8,0,4,2,1,5,
#moving_targetting_pos=29,2|26,16|-1,-1|-1,-1|-1,-1|-1,-1|6,16|16,26|
#setting_targetting_pos=29,30|-1,-1|-1,-1|-1,-1|-1,-1|5,28|-1,-1|2,1|
uR....RD
#000001100000101
#assigned_pet=-1,-1,-1,-1,-1,4,-1,-1,
#assigned_hub=0,7,8,0,4,2,1,5,
#moving_targetting_pos=29,2|26,16|-1,-1|-1,-1|-1,-1|-1,-1|6,16|16,26|
#setting_targetting_pos=29,30|-1,-1|-1,-1|-1,-1|-1,-1|5,28|-1,-1|-1,-1|
RR....RR
#000001100000101
#assigned_pet=-1,-1,-1,-1,-1,4,-1,-1,
#assigned_hub=0,7,8,0,4,2,1,5,
#moving_targetting_pos=29,2|26,16|-1,-1|-1,-1|-1,-1|-1,-1|6,16|16,26|
#setting_targetting_pos=29,30|-1,-1|-1,-1|-1,-1|-1,-1|5,28|-1,-1|-1,-1|
RR....RD
#000001100000101
#assigned_pet=-1,1,1,-1,-1,4,-1,-1,
#assigned_hub=0,7,8,0,4,2,1,5,
#moving_targetting_pos=29,2|-1,-1|-1,-1|-1,-1|-1,-1|-1,-1|6,16|16,26|
#setting_targetting_pos=29,30|25,18|25,24|-1,-1|-1,-1|5,28|-1,-1|-1,-1|
dRD...RR
#000001100000101
#assigned_pet=-1,1,1,-1,-1,4,-1,-1,
#assigned_hub=0,7,8,0,4,2,1,5,
#moving_targetting_pos=29,2|-1,-1|-1,-1|-1,-1|-1,-1|-1,-1|6,16|16,26|
#setting_targetting_pos=29,30|25,18|25,24|-1,-1|-1,-1|5,28|-1,-1|-1,-1|
RR....RD
#000011100000101
#assigned_pet=-1,1,1,-1,-1,4,-1,-1,
#assigned_hub=0,7,8,0,4,2,1,5,
#moving_targetting_pos=29,2|-1,-1|-1,-1|-1,-1|-1,-1|-1,-1|6,16|16,26|
#setting_targetting_pos=29,30|25,18|25,24|-1,-1|-1,-1|5,28|-1,-1|-1,-1|
l....uUR
#010011101010101
#assigned_pet=-1,1,1,-1,-1,10,-1,-1,
#assigned_hub=0,7,8,0,4,2,1,5,
#moving_targetting_pos=29,2|-1,-1|-1,-1|-1,-1|-1,-1|-1,-1|6,16|16,26|
#setting_targetting_pos=29,30|25,18|25,24|-1,-1|-1,-1|7,28|-1,-1|-1,-1|
Rrl..dUR
#010011101010101
#assigned_pet=-1,-1,-1,-1,-1,-1,-1,-1,
#assigned_hub=0,7,8,0,4,2,1,5,
#moving_targetting_pos=29,2|-1,-1|-1,-1|-1,-1|-1,-1|-1,-1|6,16|16,26|
#setting_targetting_pos=29,30|-1,-1|-1,-1|-1,-1|-1,-1|-1,-1|-1,-1|-1,-1|
u.....UR
#010011101010101
#assigned_pet=-1,-1,-1,-1,-1,-1,-1,-1,
#assigned_hub=0,7,8,0,4,2,1,5,
#moving_targetting_pos=29,2|-1,-1|-1,-1|-1,-1|-1,-1|-1,-1|6,16|16,26|
#setting_targetting_pos=29,30|-1,-1|-1,-1|-1,-1|-1,-1|-1,-1|-1,-1|-1,-1|
R.....UR
#010011101010101
#assigned_pet=-1,-1,-1,-1,-1,-1,-1,-1,
#assigned_hub=0,7,8,0,4,2,1,5,
#moving_targetting_pos=29,2|-1,-1|-1,-1|-1,-1|-1,-1|-1,-1|6,16|16,26|
#setting_targetting_pos=29,30|-1,-1|-1,-1|-1,-1|-1,-1|-1,-1|-1,-1|-1,-1|
R.....UR
#010011101010101
#assigned_pet=-1,-1,-1,-1,-1,-1,-1,-1,
#assigned_hub=0,7,8,0,4,2,1,5,
#moving_targetting_pos=29,2|-1,-1|-1,-1|-1,-1|-1,-1|-1,-1|6,16|16,26|
#setting_targetting_pos=29,30|-1,-1|-1,-1|-1,-1|-1,-1|-1,-1|-1,-1|-1,-1|
l.....UR
#010011101010101
#assigned_pet=-1,-1,-1,-1,-1,-1,-1,-1,
#assigned_hub=0,7,8,0,4,2,1,5,
#moving_targetting_pos=29,2|-1,-1|-1,-1|-1,-1|-1,-1|-1,-1|6,16|16,26|
#setting_targetting_pos=29,30|-1,-1|-1,-1|-1,-1|-1,-1|-1,-1|-1,-1|-1,-1|
d.....UR
#010011101010101
#assigned_pet=-1,-1,-1,-1,-1,-1,-1,-1,
#assigned_hub=0,7,8,0,4,2,1,5,
#moving_targetting_pos=29,2|-1,-1|-1,-1|-1,-1|-1,-1|-1,-1|6,16|16,26|
#setting_targetting_pos=29,30|-1,-1|-1,-1|-1,-1|-1,-1|-1,-1|-1,-1|-1,-1|
R.....UR
#010011101010101
#assigned_pet=-1,-1,-1,-1,-1,-1,-1,-1,
#assigned_hub=0,7,8,0,4,2,1,5,
#moving_targetting_pos=29,2|-1,-1|-1,-1|-1,-1|-1,-1|-1,-1|6,16|16,26|
#setting_targetting_pos=29,30|-1,-1|-1,-1|-1,-1|-1,-1|-1,-1|-1,-1|-1,-1|
R.....UR
#010011101010101
#assigned_pet=-1,-1,-1,-1,-1,-1,-1,-1,
#assigned_hub=0,7,8,0,4,2,1,5,
#moving_targetting_pos=29,2|26,16|-1,-1|-1,-1|-1,-1|-1,-1|6,16|16,26|
#setting_targetting_pos=29,30|-1,-1|-1,-1|-1,-1|-1,-1|-1,-1|-1,-1|-1,-1|
d.....RR
#010011101010101
#assigned_pet=-1,-1,-1,0,-1,-1,0,-1,
#assigned_hub=0,7,8,0,4,2,1,5,
#moving_targetting_pos=29,2|-1,-1|-1,-1|-1,-1|-1,-1|-1,-1|-1,-1|16,26|
#setting_targetting_pos=29,30|-1,-1|-1,-1|5,8|-1,-1|-1,-1|5,14|-1,-1|
R..R..LR
#010011101010101
#assigned_pet=-1,-1,-1,-1,-1,3,3,-1,
#assigned_hub=0,7,8,0,4,2,1,5,
#moving_targetting_pos=29,2|-1,-1|-1,-1|-1,-1|-1,-1|-1,-1|-1,-1|16,26|
#setting_targetting_pos=29,30|-1,-1|-1,-1|-1,-1|-1,-1|7,24|7,18|-1,-1|
R....LRR
#010011101010101
#assigned_pet=-1,-1,-1,-1,-1,3,3,-1,
#assigned_hub=0,7,8,0,4,2,1,5,
#moving_targetting_pos=29,2|-1,-1|-1,-1|-1,-1|-1,-1|-1,-1|-1,-1|16,26|
#setting_targetting_pos=29,30|-1,-1|-1,-1|-1,-1|-1,-1|7,24|7,18|-1,-1|
l....LRR
#010011101010101
#assigned_pet=-1,-1,-1,-1,-1,3,3,-1,
#assigned_hub=0,7,8,0,4,2,1,5,
#moving_targetting_pos=29,2|-1,-1|-1,-1|-1,-1|-1,-1|-1,-1|-1,-1|16,26|
#setting_targetting_pos=29,30|-1,-1|-1,-1|-1,-1|-1,-1|7,24|7,18|-1,-1|
u....LUR
#010011101010101
#assigned_pet=-1,-1,-1,-1,-1,3,3,-1,
#assigned_hub=0,7,8,0,4,2,1,5,
#moving_targetting_pos=29,2|-1,-1|26,26|-1,-1|-1,-1|-1,-1|-1,-1|16,26|
#setting_targetting_pos=29,30|-1,-1|-1,-1|-1,-1|-1,-1|7,24|7,18|-1,-1|
R....L.R
#010111101010101
#assigned_pet=-1,-1,-1,-1,-1,3,3,-1,
#assigned_hub=0,7,8,0,4,2,1,5,
#moving_targetting_pos=29,2|-1,-1|-1,-1|6,6|-1,-1|-1,-1|-1,-1|16,26|
#setting_targetting_pos=29,30|-1,-1|-1,-1|-1,-1|-1,-1|7,24|7,18|-1,-1|
R....drR
#010111101010101
#assigned_pet=-1,-1,-1,-1,11,-1,11,-1,
#assigned_hub=0,7,8,0,4,2,1,5,
#moving_targetting_pos=29,2|-1,-1|26,26|6,6|-1,-1|-1,-1|-1,-1|16,26|
#setting_targetting_pos=29,30|-1,-1|-1,-1|-1,-1|14,15|-1,-1|8,15|-1,-1|
d...U.LR
#010111101010101
#assigned_pet=-1,-1,-1,-1,11,-1,11,-1,
#assigned_hub=0,7,8,0,4,2,1,5,
#moving_targetting_pos=29,2|-1,-1|26,26|6,6|-1,-1|-1,-1|-1,-1|16,26|
#setting_targetting_pos=29,30|-1,-1|-1,-1|-1,-1|14,15|-1,-1|8,15|-1,-1|
R...U.LR
#010111101011101
#assigned_pet=-1,-1,-1,-1,11,-1,11,-1,
#assigned_hub=0,7,8,0,4,2,1,5,
#moving_targetting_pos=29,2|-1,-1|-1,-1|-1,-1|-1,-1|-1,-1|-1,-1|16,26|
#setting_targetting_pos=29,30|-1,-1|-1,-1|-1,-1|14,15|-1,-1|8,15|-1,-1|
l...u.dR
#010111101011101
#assigned_pet=-1,-1,-1,-1,-1,-1,-1,-1,
#assigned_hub=0,7,8,0,4,2,1,5,
#moving_targetting_pos=29,2|-1,-1|-1,-1|6,6|-1,-1|-1,-1|-1,-1|16,26|
#setting_targetting_pos=29,30|-1,-1|-1,-1|-1,-1|-1,-1|-1,-1|-1,-1|-1,-1|
R......R
#010111101011101
#assigned_pet=-1,-1,-1,-1,-1,-1,-1,-1,
#assigned_hub=0,7,8,0,4,2,1,5,
#moving_targetting_pos=29,2|-1,-1|-1,-1|-1,-1|-1,-1|-1,-1|-1,-1|16,26|
#setting_targetting_pos=29,30|-1,-1|-1,-1|-1,-1|-1,-1|-1,-1|-1,-1|-1,-1|
u......R
#010111101011101
#assigned_pet=-1,-1,-1,-1,-1,-1,-1,-1,
#assigned_hub=0,7,8,0,4,2,1,5,
#moving_targetting_pos=29,2|-1,-1|-1,-1|-1,-1|-1,-1|-1,-1|-1,-1|16,26|
#setting_targetting_pos=29,30|-1,-1|-1,-1|-1,-1|-1,-1|-1,-1|-1,-1|-1,-1|
R......R
#010111101011101
#assigned_pet=-1,-1,-1,-1,-1,-1,-1,-1,
#assigned_hub=0,7,8,0,4,2,1,5,
#moving_targetting_pos=29,2|-1,-1|-1,-1|6,6|-1,-1|-1,-1|-1,-1|16,26|
#setting_targetting_pos=29,30|-1,-1|-1,-1|-1,-1|-1,-1|-1,-1|-1,-1|-1,-1|
R......D
#010111101011101
#assigned_pet=-1,-1,-1,-1,-1,-1,-1,-1,
#assigned_hub=0,7,8,0,4,2,1,5,
#moving_targetting_pos=29,2|-1,-1|-1,-1|6,6|-1,-1|-1,-1|-1,-1|16,26|
#setting_targetting_pos=29,30|-1,-1|-1,-1|-1,-1|-1,-1|-1,-1|-1,-1|-1,-1|
l......D
#010111101011101
#assigned_pet=-1,-1,-1,-1,-1,-1,-1,-1,
#assigned_hub=0,7,8,0,4,2,1,5,
#moving_targetting_pos=29,2|-1,-1|-1,-1|-1,-1|-1,-1|-1,-1|-1,-1|16,26|
#setting_targetting_pos=29,30|-1,-1|-1,-1|-1,-1|-1,-1|-1,-1|-1,-1|-1,-1|
d......D
#010111101011101
#assigned_pet=-1,-1,-1,-1,-1,-1,-1,-1,
#assigned_hub=0,7,8,0,4,2,1,5,
#moving_targetting_pos=29,2|-1,-1|-1,-1|6,6|-1,-1|-1,-1|-1,-1|16,26|
#setting_targetting_pos=29,30|-1,-1|-1,-1|-1,-1|-1,-1|-1,-1|-1,-1|-1,-1|
R......D
#010111101011101
#assigned_pet=-1,-1,-1,-1,-1,-1,-1,-1,
#assigned_hub=0,7,8,0,4,2,1,5,
#moving_targetting_pos=29,2|-1,-1|26,26|-1,-1|-1,-1|-1,-1|-1,-1|16,26|
#setting_targetting_pos=29,30|-1,-1|-1,-1|-1,-1|-1,-1|-1,-1|-1,-1|-1,-1|
R......D
#010111101011101
#assigned_pet=-1,-1,-1,-1,-1,-1,0,-1,
#assigned_hub=0,7,8,0,4,2,1,5,
#moving_targetting_pos=29,2|-1,-1|26,26|6,6|-1,-1|-1,-1|-1,-1|16,26|
#setting_targetting_pos=29,30|-1,-1|-1,-1|-1,-1|-1,-1|-1,-1|4,15|-1,-1|
d.....UD
#010111101011101
#assigned_pet=-1,-1,-1,-1,-1,-1,0,-1,
#assigned_hub=0,7,8,0,4,2,1,5,
#moving_targetting_pos=29,2|-1,-1|-1,-1|6,6|-1,-1|-1,-1|-1,-1|16,26|
#setting_targetting_pos=29,30|-1,-1|-1,-1|-1,-1|-1,-1|-1,-1|4,15|-1,-1|
R.....UD
#110111101011101
#assigned_pet=-1,-1,-1,-1,-1,-1,0,-1,
#assigned_hub=0,7,8,0,4,2,1,5,
#moving_targetting_pos=29,2|-1,-1|-1,-1|6,6|-1,-1|-1,-1|-1,-1|16,26|
#setting_targetting_pos=29,30|-1,-1|-1,-1|-1,-1|-1,-1|-1,-1|4,15|-1,-1|
R.....uD
#110111101011101
#assigned_pet=-1,-1,-1,-1,-1,-1,-1,-1,
#assigned_hub=0,7,8,0,4,2,1,5,
#moving_targetting_pos=29,2|26,16|-1,-1|6,6|-1,-1|-1,-1|6,16|16,26|
#setting_targetting_pos=29,30|-1,-1|-1,-1|-1,-1|-1,-1|-1,-1|-1,-1|-1,-1|
l......D
#110111101011101
#assigned_pet=-1,-1,-1,-1,-1,-1,-1,-1,
#assigned_hub=0,7,8,0,4,2,1,5,
#moving_targetting_pos=29,2|-1,-1|-1,-1|6,6|-1,-1|-1,-1|6,16|16,26|
#setting_targetting_pos=29,30|-1,-1|-1,-1|-1,-1|-1,-1|-1,-1|-1,-1|-1,-1|
u......R
#110111101011101
#assigned_pet=-1,-1,-1,-1,-1,2,-1,2,
#assigned_hub=0,7,8,0,4,2,1,5,
#moving_targetting_pos=29,2|-1,-1|-1,-1|6,6|-1,-1|-1,-1|-1,-1|-1,-1|
#setting_targetting_pos=29,30|-1,-1|-1,-1|-1,-1|-1,-1|8,27|-1,-1|14,27|
R....R..
#110111101011101
#assigned_pet=-1,-1,-1,-1,-1,2,-1,2,
#assigned_hub=0,7,8,0,4,2,1,5,
#moving_targetting_pos=29,2|26,16|-1,-1|6,6|-1,-1|-1,-1|-1,-1|-1,-1|
#setting_targetting_pos=29,30|-1,-1|-1,-1|-1,-1|-1,-1|8,27|-1,-1|14,27|
R....R..
#110111101011101
#assigned_pet=-1,-1,-1,-1,-1,2,-1,2,
#assigned_hub=0,7,8,0,4,2,1,5,
#moving_targetting_pos=29,2|26,16|-1,-1|6,6|-1,-1|-1,-1|6,16|-1,-1|
#setting_targetting_pos=29,30|-1,-1|-1,-1|-1,-1|-1,-1|8,27|-1,-1|14,27|
d....R..
#110111101011101
#assigned_pet=-1,-1,-1,-1,-1,2,-1,2,
#assigned_hub=0,7,8,0,4,2,1,5,
#moving_targetting_pos=29,2|26,16|-1,-1|6,6|-1,-1|-1,-1|6,16|-1,-1|
#setting_targetting_pos=29,30|-1,-1|-1,-1|-1,-1|-1,-1|8,27|-1,-1|14,27|
R....D..
#110111101011101
#assigned_pet=-1,-1,-1,-1,-1,2,-1,2,
#assigned_hub=0,7,8,0,4,2,1,5,
#moving_targetting_pos=29,2|26,16|-1,-1|6,6|-1,-1|-1,-1|6,16|-1,-1|
#setting_targetting_pos=29,30|-1,-1|-1,-1|-1,-1|-1,-1|8,27|-1,-1|14,27|
l.......
#110111101011101
#assigned_pet=-1,-1,-1,-1,-1,2,-1,2,
#assigned_hub=0,7,8,0,4,2,1,5,
#moving_targetting_pos=29,2|-1,-1|-1,-1|6,6|-1,-1|-1,-1|6,16|-1,-1|
#setting_targetting_pos=29,30|-1,-1|-1,-1|-1,-1|-1,-1|8,27|-1,-1|14,27|
R.......
#111111101011101
#assigned_pet=-1,-1,-1,-1,-1,2,-1,2,
#assigned_hub=0,7,8,0,4,2,1,5,
#moving_targetting_pos=29,2|-1,-1|-1,-1|6,6|-1,-1|-1,-1|6,16|-1,-1|
#setting_targetting_pos=29,30|-1,-1|-1,-1|-1,-1|-1,-1|8,27|-1,-1|14,27|
u....d.r
#111111101011101
#assigned_pet=-1,-1,7,-1,-1,-1,-1,7,
#assigned_hub=0,7,8,0,4,2,1,5,
#moving_targetting_pos=29,2|26,16|-1,-1|6,6|-1,-1|-1,-1|6,16|-1,-1|
#setting_targetting_pos=29,30|-1,-1|24,27|-1,-1|-1,-1|-1,-1|-1,-1|18,27|
R.R....D
#111111101011101
#assigned_pet=-1,-1,7,-1,-1,-1,-1,7,
#assigned_hub=0,7,8,0,4,2,1,5,
#moving_targetting_pos=29,2|26,16|-1,-1|6,6|-1,-1|-1,-1|6,16|-1,-1|
#setting_targetting_pos=29,30|-1,-1|24,27|-1,-1|-1,-1|-1,-1|-1,-1|18,27|
R.R....R
#111111101011101
#assigned_pet=-1,-1,7,-1,-1,-1,-1,7,
#assigned_hub=0,7,8,0,4,2,1,5,
#moving_targetting_pos=29,2|26,16|-1,-1|6,6|-1,-1|-1,-1|-1,-1|-1,-1|
#setting_targetting_pos=29,30|-1,-1|24,27|-1,-1|-1,-1|-1,-1|-1,-1|18,27|
l......D
#111111101011101
#assigned_pet=-1,-1,7,-1,-1,-1,-1,7,
#assigned_hub=0,7,8,0,4,2,1,5,
#moving_targetting_pos=29,2|26,16|-1,-1|6,6|-1,-1|-1,-1|-1,-1|-1,-1|
#setting_targetting_pos=29,30|-1,-1|24,27|-1,-1|-1,-1|-1,-1|-1,-1|18,27|
d......D
#111111111011101
#assigned_pet=-1,-1,7,-1,-1,-1,-1,7,
#assigned_hub=0,7,8,0,4,2,1,5,
#moving_targetting_pos=29,2|26,16|-1,-1|6,6|-1,-1|-1,-1|6,16|-1,-1|
#setting_targetting_pos=29,30|-1,-1|24,27|-1,-1|-1,-1|-1,-1|-1,-1|18,27|
..u....d
#111111111011101
#assigned_pet=-1,-1,-1,-1,-1,-1,-1,-1,
#assigned_hub=0,7,8,0,4,2,1,5,
#moving_targetting_pos=29,2|26,16|-1,-1|6,6|-1,-1|-1,-1|-1,-1|-1,-1|
#setting_targetting_pos=29,30|-1,-1|-1,-1|-1,-1|-1,-1|-1,-1|-1,-1|-1,-1|
........
#111111111011101
#assigned_pet=-1,-1,-1,-1,-1,13,-1,13,
#assigned_hub=0,7,8,0,4,2,1,5,
#moving_targetting_pos=29,2|26,16|26,26|6,6|-1,-1|-1,-1|-1,-1|-1,-1|
#setting_targetting_pos=29,30|-1,-1|-1,-1|-1,-1|-1,-1|8,25|-1,-1|14,25|
.....L.L
#111111111011101
#assigned_pet=-1,-1,-1,-1,-1,13,-1,13,
#assigned_hub=0,7,8,0,4,2,1,5,
#moving_targetting_pos=29,2|26,16|26,26|6,6|16,16|-1,-1|-1,-1|-1,-1|
#setting_targetting_pos=29,30|-1,-1|-1,-1|-1,-1|-1,-1|8,25|-1,-1|14,25|
.....L.L
#111111111011101
#assigned_pet=-1,-1,-1,-1,-1,13,-1,13,
#assigned_hub=0,7,8,0,4,2,1,5,
#moving_targetting_pos=29,2|26,16|26,26|6,6|16,16|-1,-1|-1,-1|-1,-1|
#setting_targetting_pos=29,30|-1,-1|-1,-1|-1,-1|-1,-1|8,25|-1,-1|14,25|
.......U
#111111111011101
#assigned_pet=-1,-1,-1,-1,-1,13,-1,13,
#assigned_hub=0,7,8,0,4,2,1,5,
#moving_targetting_pos=29,2|26,16|26,26|6,6|16,16|-1,-1|-1,-1|-1,-1|
#setting_targetting_pos=29,30|-1,-1|-1,-1|-1,-1|-1,-1|8,25|-1,-1|14,25|
.......U
#111111111011111
#assigned_pet=-1,-1,-1,-1,-1,13,-1,13,
#assigned_hub=0,7,8,0,4,2,1,5,
#moving_targetting_pos=29,2|26,16|26,26|6,6|16,16|-1,-1|-1,-1|-1,-1|
#setting_targetting_pos=29,30|-1,-1|-1,-1|-1,-1|-1,-1|8,25|-1,-1|14,25|
.....d.u
#111111111011111
#assigned_pet=-1,-1,-1,-1,-1,-1,-1,-1,
#assigned_hub=0,7,8,0,4,2,1,5,
#moving_targetting_pos=29,2|26,16|26,26|6,6|16,16|-1,-1|-1,-1|16,26|
#setting_targetting_pos=29,30|-1,-1|-1,-1|-1,-1|-1,-1|-1,-1|-1,-1|-1,-1|
........
#111111111011111
#assigned_pet=-1,-1,-1,-1,-1,-1,-1,-1,
#assigned_hub=0,7,8,0,4,2,1,5,
#moving_targetting_pos=29,2|26,16|26,26|6,6|16,16|-1,-1|-1,-1|16,26|
#setting_targetting_pos=29,30|-1,-1|-1,-1|-1,-1|-1,-1|-1,-1|-1,-1|-1,-1|
........
#111111111011111
#assigned_pet=-1,-1,-1,-1,-1,-1,-1,-1,
#assigned_hub=0,7,8,0,4,2,1,5,
#moving_targetting_pos=29,2|26,16|26,26|6,6|16,16|-1,-1|-1,-1|16,26|
#setting_targetting_pos=29,30|-1,-1|-1,-1|-1,-1|-1,-1|-1,-1|-1,-1|-1,-1|
........
#111111111011111
#assigned_pet=-1,-1,-1,-1,-1,-1,-1,-1,
#assigned_hub=0,7,8,0,4,2,1,5,
#moving_targetting_pos=29,2|26,16|26,26|6,6|16,16|-1,-1|-1,-1|16,26|
#setting_targetting_pos=29,30|-1,-1|-1,-1|-1,-1|-1,-1|-1,-1|-1,-1|-1,-1|
........
#111111111011111
#assigned_pet=-1,-1,-1,-1,-1,-1,-1,-1,
#assigned_hub=0,7,8,0,4,2,1,5,
#moving_targetting_pos=29,2|26,16|26,26|6,6|16,16|-1,-1|-1,-1|16,26|
#setting_targetting_pos=29,30|-1,-1|-1,-1|-1,-1|-1,-1|-1,-1|-1,-1|-1,-1|
........
#111111111011111
#assigned_pet=-1,-1,-1,-1,-1,-1,-1,-1,
#assigned_hub=0,7,8,0,4,2,1,5,
#moving_targetting_pos=29,2|26,16|26,26|6,6|16,16|-1,-1|-1,-1|16,26|
#setting_targetting_pos=29,30|-1,-1|-1,-1|-1,-1|-1,-1|-1,-1|-1,-1|-1,-1|
........
#111111111011111
#assigned_pet=-1,-1,-1,-1,-1,-1,-1,-1,
#assigned_hub=0,7,8,0,4,2,1,5,
#moving_targetting_pos=29,2|26,16|26,26|6,6|16,16|-1,-1|-1,-1|16,26|
#setting_targetting_pos=29,30|-1,-1|-1,-1|-1,-1|-1,-1|-1,-1|-1,-1|-1,-1|
........
#111111111011111
#assigned_pet=-1,-1,-1,-1,-1,9,-1,-1,
#assigned_hub=0,7,8,0,4,2,1,5,
#moving_targetting_pos=29,2|26,16|26,26|6,6|16,16|-1,-1|6,16|16,26|
#setting_targetting_pos=29,30|-1,-1|-1,-1|-1,-1|-1,-1|4,27|-1,-1|-1,-1|
.....R..
#111111111011111
#assigned_pet=-1,-1,-1,-1,-1,9,-1,-1,
#assigned_hub=0,7,8,0,4,2,1,5,
#moving_targetting_pos=29,2|26,16|26,26|6,6|16,16|-1,-1|6,16|16,26|
#setting_targetting_pos=29,30|-1,-1|-1,-1|-1,-1|-1,-1|4,27|-1,-1|-1,-1|
.....R..
#111111111011111
#assigned_pet=-1,-1,-1,-1,-1,9,-1,-1,
#assigned_hub=0,7,8,0,4,2,1,5,
#moving_targetting_pos=29,2|26,16|26,26|6,6|16,16|-1,-1|6,16|16,26|
#setting_targetting_pos=29,30|-1,-1|-1,-1|-1,-1|-1,-1|4,27|-1,-1|-1,-1|
.....U..
#111111111011111
#assigned_pet=-1,-1,-1,-1,-1,9,-1,-1,
#assigned_hub=0,7,8,0,4,2,1,5,
#moving_targetting_pos=29,2|26,16|26,26|6,6|16,16|-1,-1|6,16|16,26|
#setting_targetting_pos=29,30|-1,-1|-1,-1|-1,-1|-1,-1|4,27|-1,-1|-1,-1|
.....U..
#111111111011111
#assigned_pet=-1,-1,-1,-1,-1,9,-1,-1,
#assigned_hub=0,7,8,0,4,2,1,5,
#moving_targetting_pos=29,2|26,16|26,26|6,6|16,16|-1,-1|6,16|16,26|
#setting_targetting_pos=29,30|-1,-1|-1,-1|-1,-1|-1,-1|4,27|-1,-1|-1,-1|
........
#111111111111111
#assigned_pet=-1,-1,-1,-1,-1,9,-1,-1,
#assigned_hub=0,7,8,0,4,2,1,5,
#moving_targetting_pos=29,2|26,16|26,26|6,6|16,16|-1,-1|6,16|16,26|
#setting_targetting_pos=29,30|-1,-1|-1,-1|-1,-1|-1,-1|4,27|-1,-1|-1,-1|
.....u..
#111111111111111
#assigned_pet=-1,-1,-1,-1,-1,-1,-1,-1,
#assigned_hub=0,7,8,0,4,2,1,5,
#moving_targetting_pos=29,2|26,16|26,26|6,6|16,16|6,26|6,16|16,26|
#setting_targetting_pos=29,30|-1,-1|-1,-1|-1,-1|-1,-1|-1,-1|-1,-1|-1,-1|
........
#111111111111111
#assigned_pet=-1,-1,-1,-1,-1,-1,-1,-1,
#assigned_hub=0,7,8,0,4,2,1,5,
#moving_targetting_pos=29,2|26,16|26,26|6,6|16,16|6,26|6,16|16,26|
#setting_targetting_pos=29,30|-1,-1|-1,-1|-1,-1|-1,-1|-1,-1|-1,-1|-1,-1|
........
#111111111111111
#assigned_pet=-1,-1,-1,-1,-1,-1,-1,-1,
#assigned_hub=0,7,8,0,4,2,1,5,
#moving_targetting_pos=29,2|26,16|26,26|6,6|16,16|6,26|6,16|16,26|
#setting_targetting_pos=29,30|-1,-1|-1,-1|-1,-1|-1,-1|-1,-1|-1,-1|-1,-1|
........
#111111111111111
#assigned_pet=-1,-1,-1,-1,-1,-1,-1,-1,
#assigned_hub=0,7,8,0,4,2,1,5,
#moving_targetting_pos=29,2|26,16|26,26|6,6|16,16|6,26|6,16|16,26|
#setting_targetting_pos=29,30|-1,-1|-1,-1|-1,-1|-1,-1|-1,-1|-1,-1|-1,-1|
........
#111111111111111
#assigned_pet=-1,-1,-1,-1,-1,-1,-1,-1,
#assigned_hub=0,7,8,0,4,2,1,5,
#moving_targetting_pos=29,2|26,16|26,26|6,6|16,16|6,26|6,16|16,26|
#setting_targetting_pos=29,30|-1,-1|-1,-1|-1,-1|-1,-1|-1,-1|-1,-1|-1,-1|
........
#111111111111111
#assigned_pet=-1,-1,-1,-1,-1,-1,-1,-1,
#assigned_hub=0,7,8,0,4,2,1,5,
#moving_targetting_pos=29,2|26,16|26,26|6,6|16,16|6,26|6,16|16,26|
#setting_targetting_pos=29,30|-1,-1|-1,-1|-1,-1|-1,-1|-1,-1|-1,-1|-1,-1|
........
#111111111111111
#assigned_pet=-1,-1,-1,-1,-1,-1,-1,-1,
#assigned_hub=0,7,8,0,4,2,1,5,
#moving_targetting_pos=29,2|26,16|26,26|6,6|16,16|6,26|6,16|16,26|
#setting_targetting_pos=29,30|-1,-1|-1,-1|-1,-1|-1,-1|-1,-1|-1,-1|-1,-1|
........
#111111111111111
#assigned_pet=-1,-1,-1,-1,-1,-1,-1,-1,
#assigned_hub=0,7,8,0,4,2,1,5,
#moving_targetting_pos=29,2|26,16|26,26|6,6|16,16|6,26|6,16|16,26|
#setting_targetting_pos=29,30|-1,-1|-1,-1|-1,-1|-1,-1|-1,-1|-1,-1|-1,-1|
........
#111111111111111
#assigned_pet=-1,-1,-1,-1,-1,-1,-1,-1,
#assigned_hub=0,7,8,0,4,2,1,5,
#moving_targetting_pos=29,2|26,16|26,26|6,6|16,16|6,26|6,16|16,26|
#setting_targetting_pos=29,30|-1,-1|-1,-1|-1,-1|-1,-1|-1,-1|-1,-1|-1,-1|
........
#111111111111111
#assigned_pet=-1,-1,-1,-1,-1,-1,-1,-1,
#assigned_hub=0,7,8,0,4,2,1,5,
#moving_targetting_pos=29,2|26,16|26,26|6,6|16,16|6,26|6,16|16,26|
#setting_targetting_pos=29,30|-1,-1|-1,-1|-1,-1|-1,-1|-1,-1|-1,-1|-1,-1|
........
#111111111111111
#assigned_pet=-1,-1,-1,-1,-1,-1,-1,-1,
#assigned_hub=0,7,8,0,4,2,1,5,
#moving_targetting_pos=29,2|26,16|26,26|6,6|16,16|6,26|6,16|16,26|
#setting_targetting_pos=29,30|-1,-1|-1,-1|-1,-1|-1,-1|-1,-1|-1,-1|-1,-1|
........
#111111111111111
#assigned_pet=-1,-1,-1,-1,-1,-1,-1,-1,
#assigned_hub=0,7,8,0,4,2,1,5,
#moving_targetting_pos=29,2|26,16|26,26|6,6|16,16|6,26|6,16|16,26|
#setting_targetting_pos=29,30|-1,-1|-1,-1|-1,-1|-1,-1|-1,-1|-1,-1|-1,-1|
........
#111111111111111
#assigned_pet=-1,-1,-1,-1,-1,-1,-1,-1,
#assigned_hub=0,7,8,0,4,2,1,5,
#moving_targetting_pos=29,2|26,16|26,26|6,6|16,16|6,26|6,16|16,26|
#setting_targetting_pos=29,30|-1,-1|-1,-1|-1,-1|-1,-1|-1,-1|-1,-1|-1,-1|
........
#111111111111111
#assigned_pet=-1,-1,-1,-1,-1,-1,-1,-1,
#assigned_hub=0,7,8,0,4,2,1,5,
#moving_targetting_pos=29,2|26,16|26,26|6,6|16,16|6,26|6,16|16,26|
#setting_targetting_pos=29,30|-1,-1|-1,-1|-1,-1|-1,-1|-1,-1|-1,-1|-1,-1|
........
#111111111111111
#assigned_pet=-1,-1,-1,-1,-1,-1,-1,-1,
#assigned_hub=0,7,8,0,4,2,1,5,
#moving_targetting_pos=29,2|26,16|26,26|6,6|16,16|6,26|6,16|16,26|
#setting_targetting_pos=29,30|-1,-1|-1,-1|-1,-1|-1,-1|-1,-1|-1,-1|-1,-1|
........
#111111111111111
#assigned_pet=-1,-1,-1,-1,-1,-1,-1,-1,
#assigned_hub=0,7,8,0,4,2,1,5,
#moving_targetting_pos=29,2|26,16|26,26|6,6|16,16|6,26|6,16|16,26|
#setting_targetting_pos=29,30|-1,-1|-1,-1|-1,-1|-1,-1|-1,-1|-1,-1|-1,-1|
........
#111111111111111
#assigned_pet=-1,-1,-1,-1,-1,-1,-1,-1,
#assigned_hub=0,7,8,0,4,2,1,5,
#moving_targetting_pos=29,2|26,16|26,26|6,6|16,16|6,26|6,16|16,26|
#setting_targetting_pos=29,30|-1,-1|-1,-1|-1,-1|-1,-1|-1,-1|-1,-1|-1,-1|
........
#111111111111111
#assigned_pet=-1,-1,-1,-1,-1,-1,-1,-1,
#assigned_hub=0,7,8,0,4,2,1,5,
#moving_targetting_pos=29,2|26,16|26,26|6,6|16,16|6,26|6,16|16,26|
#setting_targetting_pos=29,30|-1,-1|-1,-1|-1,-1|-1,-1|-1,-1|-1,-1|-1,-1|
........
#111111111111111
#assigned_pet=-1,-1,-1,-1,-1,-1,-1,-1,
#assigned_hub=0,7,8,0,4,2,1,5,
#moving_targetting_pos=29,2|26,16|26,26|6,6|16,16|6,26|6,16|16,26|
#setting_targetting_pos=29,30|-1,-1|-1,-1|-1,-1|-1,-1|-1,-1|-1,-1|-1,-1|
........
#111111111111111
#assigned_pet=-1,-1,-1,-1,-1,-1,-1,-1,
#assigned_hub=0,7,8,0,4,2,1,5,
#moving_targetting_pos=29,2|26,16|26,26|6,6|16,16|6,26|6,16|16,26|
#setting_targetting_pos=29,30|-1,-1|-1,-1|-1,-1|-1,-1|-1,-1|-1,-1|-1,-1|
........
#111111111111111
#assigned_pet=-1,-1,-1,-1,-1,-1,-1,-1,
#assigned_hub=0,7,8,0,4,2,1,5,
#moving_targetting_pos=29,2|26,16|26,26|6,6|16,16|6,26|6,16|16,26|
#setting_targetting_pos=29,30|-1,-1|-1,-1|-1,-1|-1,-1|-1,-1|-1,-1|-1,-1|
........
#111111111111111
#assigned_pet=-1,-1,-1,-1,-1,-1,-1,-1,
#assigned_hub=0,7,8,0,4,2,1,5,
#moving_targetting_pos=29,2|26,16|26,26|6,6|16,16|6,26|6,16|16,26|
#setting_targetting_pos=29,30|-1,-1|-1,-1|-1,-1|-1,-1|-1,-1|-1,-1|-1,-1|
........
#111111111111111
#assigned_pet=-1,-1,-1,-1,-1,-1,-1,-1,
#assigned_hub=0,7,8,0,4,2,1,5,
#moving_targetting_pos=29,2|26,16|26,26|6,6|16,16|6,26|6,16|16,26|
#setting_targetting_pos=29,30|-1,-1|-1,-1|-1,-1|-1,-1|-1,-1|-1,-1|-1,-1|
........
#111111111111111
#assigned_pet=-1,-1,-1,-1,-1,-1,-1,-1,
#assigned_hub=0,7,8,0,4,2,1,5,
#moving_targetting_pos=29,2|26,16|26,26|6,6|16,16|6,26|6,16|16,26|
#setting_targetting_pos=29,30|-1,-1|-1,-1|-1,-1|-1,-1|-1,-1|-1,-1|-1,-1|
........
#111111111111111
#assigned_pet=-1,-1,-1,-1,-1,-1,-1,-1,
#assigned_hub=0,7,8,0,4,2,1,5,
#moving_targetting_pos=29,2|26,16|26,26|6,6|16,16|6,26|6,16|16,26|
#setting_targetting_pos=29,30|-1,-1|-1,-1|-1,-1|-1,-1|-1,-1|-1,-1|-1,-1|
........
#111111111111111
#assigned_pet=-1,-1,-1,-1,-1,-1,-1,-1,
#assigned_hub=0,7,8,0,4,2,1,5,
#moving_targetting_pos=29,2|26,16|26,26|6,6|16,16|6,26|6,16|16,26|
#setting_targetting_pos=29,30|-1,-1|-1,-1|-1,-1|-1,-1|-1,-1|-1,-1|-1,-1|
........
#111111111111111
#assigned_pet=-1,-1,-1,-1,-1,-1,-1,-1,
#assigned_hub=0,7,8,0,4,2,1,5,
#moving_targetting_pos=29,2|26,16|26,26|6,6|16,16|6,26|6,16|16,26|
#setting_targetting_pos=29,30|-1,-1|-1,-1|-1,-1|-1,-1|-1,-1|-1,-1|-1,-1|
........
#111111111111111
#assigned_pet=-1,-1,-1,-1,-1,-1,-1,-1,
#assigned_hub=0,7,8,0,4,2,1,5,
#moving_targetting_pos=29,2|26,16|26,26|6,6|16,16|6,26|6,16|16,26|
#setting_targetting_pos=29,30|-1,-1|-1,-1|-1,-1|-1,-1|-1,-1|-1,-1|-1,-1|
........
#111111111111111
#assigned_pet=-1,-1,-1,-1,-1,-1,-1,-1,
#assigned_hub=0,7,8,0,4,2,1,5,
#moving_targetting_pos=29,2|26,16|26,26|6,6|16,16|6,26|6,16|16,26|
#setting_targetting_pos=29,30|-1,-1|-1,-1|-1,-1|-1,-1|-1,-1|-1,-1|-1,-1|
........
#111111111111111
#assigned_pet=-1,-1,-1,-1,-1,-1,-1,-1,
#assigned_hub=0,7,8,0,4,2,1,5,
#moving_targetting_pos=29,2|26,16|26,26|6,6|16,16|6,26|6,16|16,26|
#setting_targetting_pos=29,30|-1,-1|-1,-1|-1,-1|-1,-1|-1,-1|-1,-1|-1,-1|
........
#111111111111111
#assigned_pet=-1,-1,-1,-1,-1,-1,-1,-1,
#assigned_hub=0,7,8,0,4,2,1,5,
#moving_targetting_pos=29,2|26,16|26,26|6,6|16,16|6,26|6,16|16,26|
#setting_targetting_pos=29,30|-1,-1|-1,-1|-1,-1|-1,-1|-1,-1|-1,-1|-1,-1|
........
#111111111111111
#assigned_pet=-1,-1,-1,-1,-1,-1,-1,-1,
#assigned_hub=0,7,8,0,4,2,1,5,
#moving_targetting_pos=29,2|26,16|26,26|6,6|16,16|6,26|6,16|16,26|
#setting_targetting_pos=29,30|-1,-1|-1,-1|-1,-1|-1,-1|-1,-1|-1,-1|-1,-1|
........
#111111111111111
#assigned_pet=-1,-1,-1,-1,-1,-1,-1,-1,
#assigned_hub=0,7,8,0,4,2,1,5,
#moving_targetting_pos=29,2|26,16|26,26|6,6|16,16|6,26|6,16|16,26|
#setting_targetting_pos=29,30|-1,-1|-1,-1|-1,-1|-1,-1|-1,-1|-1,-1|-1,-1|
........
#111111111111111
#assigned_pet=-1,-1,-1,-1,-1,-1,-1,-1,
#assigned_hub=0,7,8,0,4,2,1,5,
#moving_targetting_pos=29,2|26,16|26,26|6,6|16,16|6,26|6,16|16,26|
#setting_targetting_pos=29,30|-1,-1|-1,-1|-1,-1|-1,-1|-1,-1|-1,-1|-1,-1|
........
#111111111111111
#assigned_pet=-1,-1,-1,-1,-1,-1,-1,-1,
#assigned_hub=0,7,8,0,4,2,1,5,
#moving_targetting_pos=29,2|26,16|26,26|6,6|16,16|6,26|6,16|16,26|
#setting_targetting_pos=29,30|-1,-1|-1,-1|-1,-1|-1,-1|-1,-1|-1,-1|-1,-1|
........
#111111111111111
#assigned_pet=-1,-1,-1,-1,-1,-1,-1,-1,
#assigned_hub=0,7,8,0,4,2,1,5,
#moving_targetting_pos=29,2|26,16|26,26|6,6|16,16|6,26|6,16|16,26|
#setting_targetting_pos=29,30|-1,-1|-1,-1|-1,-1|-1,-1|-1,-1|-1,-1|-1,-1|
........
#111111111111111
#assigned_pet=-1,-1,-1,-1,-1,-1,-1,-1,
#assigned_hub=0,7,8,0,4,2,1,5,
#moving_targetting_pos=29,2|26,16|26,26|6,6|16,16|6,26|6,16|16,26|
#setting_targetting_pos=29,30|-1,-1|-1,-1|-1,-1|-1,-1|-1,-1|-1,-1|-1,-1|
........
#111111111111111
#assigned_pet=-1,-1,-1,-1,-1,-1,-1,-1,
#assigned_hub=0,7,8,0,4,2,1,5,
#moving_targetting_pos=29,2|26,16|26,26|6,6|16,16|6,26|6,16|16,26|
#setting_targetting_pos=29,30|-1,-1|-1,-1|-1,-1|-1,-1|-1,-1|-1,-1|-1,-1|
........
#111111111111111
#assigned_pet=-1,-1,-1,-1,-1,-1,-1,-1,
#assigned_hub=0,7,8,0,4,2,1,5,
#moving_targetting_pos=29,2|26,16|26,26|6,6|16,16|6,26|6,16|16,26|
#setting_targetting_pos=29,30|-1,-1|-1,-1|-1,-1|-1,-1|-1,-1|-1,-1|-1,-1|
........
#111111111111111
#assigned_pet=-1,-1,-1,-1,-1,-1,-1,-1,
#assigned_hub=0,7,8,0,4,2,1,5,
#moving_targetting_pos=29,2|26,16|26,26|6,6|16,16|6,26|6,16|16,26|
#setting_targetting_pos=29,30|-1,-1|-1,-1|-1,-1|-1,-1|-1,-1|-1,-1|-1,-1|
........
#111111111111111
#assigned_pet=-1,-1,-1,-1,-1,-1,-1,-1,
#assigned_hub=0,7,8,0,4,2,1,5,
#moving_targetting_pos=29,2|26,16|26,26|6,6|16,16|6,26|6,16|16,26|
#setting_targetting_pos=29,30|-1,-1|-1,-1|-1,-1|-1,-1|-1,-1|-1,-1|-1,-1|
........
#111111111111111
#assigned_pet=-1,-1,-1,-1,-1,-1,-1,-1,
#assigned_hub=0,7,8,0,4,2,1,5,
#moving_targetting_pos=29,2|26,16|26,26|6,6|16,16|6,26|6,16|16,26|
#setting_targetting_pos=29,30|-1,-1|-1,-1|-1,-1|-1,-1|-1,-1|-1,-1|-1,-1|
........
#111111111111111
#assigned_pet=-1,-1,-1,-1,-1,-1,-1,-1,
#assigned_hub=0,7,8,0,4,2,1,5,
#moving_targetting_pos=29,2|26,16|26,26|6,6|16,16|6,26|6,16|16,26|
#setting_targetting_pos=29,30|-1,-1|-1,-1|-1,-1|-1,-1|-1,-1|-1,-1|-1,-1|
........
#111111111111111
#assigned_pet=-1,-1,-1,-1,-1,-1,-1,-1,
#assigned_hub=0,7,8,0,4,2,1,5,
#moving_targetting_pos=29,2|26,16|26,26|6,6|16,16|6,26|6,16|16,26|
#setting_targetting_pos=29,30|-1,-1|-1,-1|-1,-1|-1,-1|-1,-1|-1,-1|-1,-1|
........
#111111111111111
#assigned_pet=-1,-1,-1,-1,-1,-1,-1,-1,
#assigned_hub=0,7,8,0,4,2,1,5,
#moving_targetting_pos=29,2|26,16|26,26|6,6|16,16|6,26|6,16|16,26|
#setting_targetting_pos=29,30|-1,-1|-1,-1|-1,-1|-1,-1|-1,-1|-1,-1|-1,-1|
........
#111111111111111
#assigned_pet=-1,-1,-1,-1,-1,-1,-1,-1,
#assigned_hub=0,7,8,0,4,2,1,5,
#moving_targetting_pos=29,2|26,16|26,26|6,6|16,16|6,26|6,16|16,26|
#setting_targetting_pos=29,30|-1,-1|-1,-1|-1,-1|-1,-1|-1,-1|-1,-1|-1,-1|
........
#111111111111111
#assigned_pet=-1,-1,-1,-1,-1,-1,-1,-1,
#assigned_hub=0,7,8,0,4,2,1,5,
#moving_targetting_pos=29,2|26,16|26,26|6,6|16,16|6,26|6,16|16,26|
#setting_targetting_pos=29,30|-1,-1|-1,-1|-1,-1|-1,-1|-1,-1|-1,-1|-1,-1|
........
#111111111111111
#assigned_pet=-1,-1,-1,-1,-1,-1,-1,-1,
#assigned_hub=0,7,8,0,4,2,1,5,
#moving_targetting_pos=29,2|26,16|26,26|6,6|16,16|6,26|6,16|16,26|
#setting_targetting_pos=29,30|-1,-1|-1,-1|-1,-1|-1,-1|-1,-1|-1,-1|-1,-1|
........
#111111111111111
#assigned_pet=-1,-1,-1,-1,-1,-1,-1,-1,
#assigned_hub=0,7,8,0,4,2,1,5,
#moving_targetting_pos=29,2|26,16|26,26|6,6|16,16|6,26|6,16|16,26|
#setting_targetting_pos=29,30|-1,-1|-1,-1|-1,-1|-1,-1|-1,-1|-1,-1|-1,-1|
........
#111111111111111
#assigned_pet=-1,-1,-1,-1,-1,-1,-1,-1,
#assigned_hub=0,7,8,0,4,2,1,5,
#moving_targetting_pos=29,2|26,16|26,26|6,6|16,16|6,26|6,16|16,26|
#setting_targetting_pos=29,30|-1,-1|-1,-1|-1,-1|-1,-1|-1,-1|-1,-1|-1,-1|
........
#111111111111111
#assigned_pet=-1,-1,-1,-1,-1,-1,-1,-1,
#assigned_hub=0,7,8,0,4,2,1,5,
#moving_targetting_pos=29,2|26,16|26,26|6,6|16,16|6,26|6,16|16,26|
#setting_targetting_pos=29,30|-1,-1|-1,-1|-1,-1|-1,-1|-1,-1|-1,-1|-1,-1|
........
#111111111111111
#assigned_pet=-1,-1,-1,-1,-1,-1,-1,-1,
#assigned_hub=0,7,8,0,4,2,1,5,
#moving_targetting_pos=29,2|26,16|26,26|6,6|16,16|6,26|6,16|16,26|
#setting_targetting_pos=29,30|-1,-1|-1,-1|-1,-1|-1,-1|-1,-1|-1,-1|-1,-1|
........
#111111111111111
#assigned_pet=-1,-1,-1,-1,-1,-1,-1,-1,
#assigned_hub=0,7,8,0,4,2,1,5,
#moving_targetting_pos=29,2|26,16|26,26|6,6|16,16|6,26|6,16|16,26|
#setting_targetting_pos=29,30|-1,-1|-1,-1|-1,-1|-1,-1|-1,-1|-1,-1|-1,-1|
........
#111111111111111
#assigned_pet=-1,-1,-1,-1,-1,-1,-1,-1,
#assigned_hub=0,7,8,0,4,2,1,5,
#moving_targetting_pos=29,2|26,16|26,26|6,6|16,16|6,26|6,16|16,26|
#setting_targetting_pos=29,30|-1,-1|-1,-1|-1,-1|-1,-1|-1,-1|-1,-1|-1,-1|
........
#111111111111111
#assigned_pet=-1,-1,-1,-1,-1,-1,-1,-1,
#assigned_hub=0,7,8,0,4,2,1,5,
#moving_targetting_pos=29,2|26,16|26,26|6,6|16,16|6,26|6,16|16,26|
#setting_targetting_pos=29,30|-1,-1|-1,-1|-1,-1|-1,-1|-1,-1|-1,-1|-1,-1|
........
#111111111111111
#assigned_pet=-1,-1,-1,-1,-1,-1,-1,-1,
#assigned_hub=0,7,8,0,4,2,1,5,
#moving_targetting_pos=29,2|26,16|26,26|6,6|16,16|6,26|6,16|16,26|
#setting_targetting_pos=29,30|-1,-1|-1,-1|-1,-1|-1,-1|-1,-1|-1,-1|-1,-1|
........
#111111111111111
#assigned_pet=-1,-1,-1,-1,-1,-1,-1,-1,
#assigned_hub=0,7,8,0,4,2,1,5,
#moving_targetting_pos=29,2|26,16|26,26|6,6|16,16|6,26|6,16|16,26|
#setting_targetting_pos=29,30|-1,-1|-1,-1|-1,-1|-1,-1|-1,-1|-1,-1|-1,-1|
........
#111111111111111
#assigned_pet=-1,-1,-1,-1,-1,-1,-1,-1,
#assigned_hub=0,7,8,0,4,2,1,5,
#moving_targetting_pos=29,2|26,16|26,26|6,6|16,16|6,26|6,16|16,26|
#setting_targetting_pos=29,30|-1,-1|-1,-1|-1,-1|-1,-1|-1,-1|-1,-1|-1,-1|
........
#111111111111111
#assigned_pet=-1,-1,-1,-1,-1,-1,-1,-1,
#assigned_hub=0,7,8,0,4,2,1,5,
#moving_targetting_pos=29,2|26,16|26,26|6,6|16,16|6,26|6,16|16,26|
#setting_targetting_pos=29,30|-1,-1|-1,-1|-1,-1|-1,-1|-1,-1|-1,-1|-1,-1|
........
#111111111111111
#assigned_pet=-1,-1,-1,-1,-1,-1,-1,-1,
#assigned_hub=0,7,8,0,4,2,1,5,
#moving_targetting_pos=29,2|26,16|26,26|6,6|16,16|6,26|6,16|16,26|
#setting_targetting_pos=29,30|-1,-1|-1,-1|-1,-1|-1,-1|-1,-1|-1,-1|-1,-1|
........
#111111111111111
#assigned_pet=-1,-1,-1,-1,-1,-1,-1,-1,
#assigned_hub=0,7,8,0,4,2,1,5,
#moving_targetting_pos=29,2|26,16|26,26|6,6|16,16|6,26|6,16|16,26|
#setting_targetting_pos=29,30|-1,-1|-1,-1|-1,-1|-1,-1|-1,-1|-1,-1|-1,-1|
........
#111111111111111
#assigned_pet=-1,-1,-1,-1,-1,-1,-1,-1,
#assigned_hub=0,7,8,0,4,2,1,5,
#moving_targetting_pos=29,2|26,16|26,26|6,6|16,16|6,26|6,16|16,26|
#setting_targetting_pos=29,30|-1,-1|-1,-1|-1,-1|-1,-1|-1,-1|-1,-1|-1,-1|
........
#111111111111111
#assigned_pet=-1,-1,-1,-1,-1,-1,-1,-1,
#assigned_hub=0,7,8,0,4,2,1,5,
#moving_targetting_pos=29,2|26,16|26,26|6,6|16,16|6,26|6,16|16,26|
#setting_targetting_pos=29,30|-1,-1|-1,-1|-1,-1|-1,-1|-1,-1|-1,-1|-1,-1|
........
#111111111111111
#assigned_pet=-1,-1,-1,-1,-1,-1,-1,-1,
#assigned_hub=0,7,8,0,4,2,1,5,
#moving_targetting_pos=29,2|26,16|26,26|6,6|16,16|6,26|6,16|16,26|
#setting_targetting_pos=29,30|-1,-1|-1,-1|-1,-1|-1,-1|-1,-1|-1,-1|-1,-1|
........
#111111111111111
#assigned_pet=-1,-1,-1,-1,-1,-1,-1,-1,
#assigned_hub=0,7,8,0,4,2,1,5,
#moving_targetting_pos=29,2|26,16|26,26|6,6|16,16|6,26|6,16|16,26|
#setting_targetting_pos=29,30|-1,-1|-1,-1|-1,-1|-1,-1|-1,-1|-1,-1|-1,-1|
........
#111111111111111
#assigned_pet=-1,-1,-1,-1,-1,-1,-1,-1,
#assigned_hub=0,7,8,0,4,2,1,5,
#moving_targetting_pos=29,2|26,16|26,26|6,6|16,16|6,26|6,16|16,26|
#setting_targetting_pos=29,30|-1,-1|-1,-1|-1,-1|-1,-1|-1,-1|-1,-1|-1,-1|
........
#111111111111111
#assigned_pet=-1,-1,-1,-1,-1,-1,-1,-1,
#assigned_hub=0,7,8,0,4,2,1,5,
#moving_targetting_pos=29,2|26,16|26,26|6,6|16,16|6,26|6,16|16,26|
#setting_targetting_pos=29,30|-1,-1|-1,-1|-1,-1|-1,-1|-1,-1|-1,-1|-1,-1|
........
#111111111111111
#assigned_pet=-1,-1,-1,-1,-1,-1,-1,-1,
#assigned_hub=0,7,8,0,4,2,1,5,
#moving_targetting_pos=29,2|26,16|26,26|6,6|16,16|6,26|6,16|16,26|
#setting_targetting_pos=29,30|-1,-1|-1,-1|-1,-1|-1,-1|-1,-1|-1,-1|-1,-1|
........
#111111111111111
#assigned_pet=-1,-1,-1,-1,-1,-1,-1,-1,
#assigned_hub=0,7,8,0,4,2,1,5,
#moving_targetting_pos=29,2|26,16|26,26|6,6|16,16|6,26|6,16|16,26|
#setting_targetting_pos=29,30|-1,-1|-1,-1|-1,-1|-1,-1|-1,-1|-1,-1|-1,-1|
........
#111111111111111
#assigned_pet=-1,-1,-1,-1,-1,-1,-1,-1,
#assigned_hub=0,7,8,0,4,2,1,5,
#moving_targetting_pos=29,2|26,16|26,26|6,6|16,16|6,26|6,16|16,26|
#setting_targetting_pos=29,30|-1,-1|-1,-1|-1,-1|-1,-1|-1,-1|-1,-1|-1,-1|
........
#111111111111111
#assigned_pet=-1,-1,-1,-1,-1,-1,-1,-1,
#assigned_hub=0,7,8,0,4,2,1,5,
#moving_targetting_pos=29,2|26,16|26,26|6,6|16,16|6,26|6,16|16,26|
#setting_targetting_pos=29,30|-1,-1|-1,-1|-1,-1|-1,-1|-1,-1|-1,-1|-1,-1|
........
#111111111111111
#assigned_pet=-1,-1,-1,-1,-1,-1,-1,-1,
#assigned_hub=0,7,8,0,4,2,1,5,
#moving_targetting_pos=29,2|26,16|26,26|6,6|16,16|6,26|6,16|16,26|
#setting_targetting_pos=29,30|-1,-1|-1,-1|-1,-1|-1,-1|-1,-1|-1,-1|-1,-1|
........
#111111111111111
#assigned_pet=-1,-1,-1,-1,-1,-1,-1,-1,
#assigned_hub=0,7,8,0,4,2,1,5,
#moving_targetting_pos=29,2|26,16|26,26|6,6|16,16|6,26|6,16|16,26|
#setting_targetting_pos=29,30|-1,-1|-1,-1|-1,-1|-1,-1|-1,-1|-1,-1|-1,-1|
........
#111111111111111
#assigned_pet=-1,-1,-1,-1,-1,-1,-1,-1,
#assigned_hub=0,7,8,0,4,2,1,5,
#moving_targetting_pos=29,2|26,16|26,26|6,6|16,16|6,26|6,16|16,26|
#setting_targetting_pos=29,30|-1,-1|-1,-1|-1,-1|-1,-1|-1,-1|-1,-1|-1,-1|
........
#111111111111111
#assigned_pet=-1,-1,-1,-1,-1,-1,-1,-1,
#assigned_hub=0,7,8,0,4,2,1,5,
#moving_targetting_pos=29,2|26,16|26,26|6,6|16,16|6,26|6,16|16,26|
#setting_targetting_pos=29,30|-1,-1|-1,-1|-1,-1|-1,-1|-1,-1|-1,-1|-1,-1|
........
#111111111111111
#assigned_pet=-1,-1,-1,-1,-1,-1,-1,-1,
#assigned_hub=0,7,8,0,4,2,1,5,
#moving_targetting_pos=29,2|26,16|26,26|6,6|16,16|6,26|6,16|16,26|
#setting_targetting_pos=29,30|-1,-1|-1,-1|-1,-1|-1,-1|-1,-1|-1,-1|-1,-1|
........
#111111111111111
#assigned_pet=-1,-1,-1,-1,-1,-1,-1,-1,
#assigned_hub=0,7,8,0,4,2,1,5,
#moving_targetting_pos=29,2|26,16|26,26|6,6|16,16|6,26|6,16|16,26|
#setting_targetting_pos=29,30|-1,-1|-1,-1|-1,-1|-1,-1|-1,-1|-1,-1|-1,-1|
........
#111111111111111
#assigned_pet=-1,-1,-1,-1,-1,-1,-1,-1,
#assigned_hub=0,7,8,0,4,2,1,5,
#moving_targetting_pos=29,2|26,16|26,26|6,6|16,16|6,26|6,16|16,26|
#setting_targetting_pos=29,30|-1,-1|-1,-1|-1,-1|-1,-1|-1,-1|-1,-1|-1,-1|
........
#111111111111111
#assigned_pet=-1,-1,-1,-1,-1,-1,-1,-1,
#assigned_hub=0,7,8,0,4,2,1,5,
#moving_targetting_pos=29,2|26,16|26,26|6,6|16,16|6,26|6,16|16,26|
#setting_targetting_pos=29,30|-1,-1|-1,-1|-1,-1|-1,-1|-1,-1|-1,-1|-1,-1|
........
#111111111111111
#assigned_pet=-1,-1,-1,-1,-1,-1,-1,-1,
#assigned_hub=0,7,8,0,4,2,1,5,
#moving_targetting_pos=29,2|26,16|26,26|6,6|16,16|6,26|6,16|16,26|
#setting_targetting_pos=29,30|-1,-1|-1,-1|-1,-1|-1,-1|-1,-1|-1,-1|-1,-1|
........
#111111111111111
#assigned_pet=-1,-1,-1,-1,-1,-1,-1,-1,
#assigned_hub=0,7,8,0,4,2,1,5,
#moving_targetting_pos=29,2|26,16|26,26|6,6|16,16|6,26|6,16|16,26|
#setting_targetting_pos=29,30|-1,-1|-1,-1|-1,-1|-1,-1|-1,-1|-1,-1|-1,-1|
........
#111111111111111
#assigned_pet=-1,-1,-1,-1,-1,-1,-1,-1,
#assigned_hub=0,7,8,0,4,2,1,5,
#moving_targetting_pos=29,2|26,16|26,26|6,6|16,16|6,26|6,16|16,26|
#setting_targetting_pos=29,30|-1,-1|-1,-1|-1,-1|-1,-1|-1,-1|-1,-1|-1,-1|
........
#111111111111111
#assigned_pet=-1,-1,-1,-1,-1,-1,-1,-1,
#assigned_hub=0,7,8,0,4,2,1,5,
#moving_targetting_pos=29,2|26,16|26,26|6,6|16,16|6,26|6,16|16,26|
#setting_targetting_pos=29,30|-1,-1|-1,-1|-1,-1|-1,-1|-1,-1|-1,-1|-1,-1|
........
#111111111111111
#assigned_pet=-1,-1,-1,-1,-1,-1,-1,-1,
#assigned_hub=0,7,8,0,4,2,1,5,
#moving_targetting_pos=29,2|26,16|26,26|6,6|16,16|6,26|6,16|16,26|
#setting_targetting_pos=29,30|-1,-1|-1,-1|-1,-1|-1,-1|-1,-1|-1,-1|-1,-1|
........
#111111111111111
#assigned_pet=-1,-1,-1,-1,-1,-1,-1,-1,
#assigned_hub=0,7,8,0,4,2,1,5,
#moving_targetting_pos=29,2|26,16|26,26|6,6|16,16|6,26|6,16|16,26|
#setting_targetting_pos=29,30|-1,-1|-1,-1|-1,-1|-1,-1|-1,-1|-1,-1|-1,-1|
........
#111111111111111
#assigned_pet=-1,-1,-1,-1,-1,-1,-1,-1,
#assigned_hub=0,7,8,0,4,2,1,5,
#moving_targetting_pos=29,2|26,16|26,26|6,6|16,16|6,26|6,16|16,26|
#setting_targetting_pos=29,30|-1,-1|-1,-1|-1,-1|-1,-1|-1,-1|-1,-1|-1,-1|
........
#111111111111111
#assigned_pet=-1,-1,-1,-1,-1,-1,-1,-1,
#assigned_hub=0,7,8,0,4,2,1,5,
#moving_targetting_pos=29,2|26,16|26,26|6,6|16,16|6,26|6,16|16,26|
#setting_targetting_pos=29,30|-1,-1|-1,-1|-1,-1|-1,-1|-1,-1|-1,-1|-1,-1|
........
#111111111111111
#assigned_pet=-1,-1,-1,-1,-1,-1,-1,-1,
#assigned_hub=0,7,8,0,4,2,1,5,
#moving_targetting_pos=29,2|26,16|26,26|6,6|16,16|6,26|6,16|16,26|
#setting_targetting_pos=29,30|-1,-1|-1,-1|-1,-1|-1,-1|-1,-1|-1,-1|-1,-1|
........
#111111111111111
#assigned_pet=-1,-1,-1,-1,-1,-1,-1,-1,
#assigned_hub=0,7,8,0,4,2,1,5,
#moving_targetting_pos=29,2|26,16|26,26|6,6|16,16|6,26|6,16|16,26|
#setting_targetting_pos=29,30|-1,-1|-1,-1|-1,-1|-1,-1|-1,-1|-1,-1|-1,-1|
........
#111111111111111
#assigned_pet=-1,-1,-1,-1,-1,-1,-1,-1,
#assigned_hub=0,7,8,0,4,2,1,5,
#moving_targetting_pos=29,2|26,16|26,26|6,6|16,16|6,26|6,16|16,26|
#setting_targetting_pos=29,30|-1,-1|-1,-1|-1,-1|-1,-1|-1,-1|-1,-1|-1,-1|
........
#111111111111111
#assigned_pet=-1,-1,-1,-1,-1,-1,-1,-1,
#assigned_hub=0,7,8,0,4,2,1,5,
#moving_targetting_pos=29,2|26,16|26,26|6,6|16,16|6,26|6,16|16,26|
#setting_targetting_pos=29,30|-1,-1|-1,-1|-1,-1|-1,-1|-1,-1|-1,-1|-1,-1|
........
#111111111111111
#assigned_pet=-1,-1,-1,-1,-1,-1,-1,-1,
#assigned_hub=0,7,8,0,4,2,1,5,
#moving_targetting_pos=29,2|26,16|26,26|6,6|16,16|6,26|6,16|16,26|
#setting_targetting_pos=29,30|-1,-1|-1,-1|-1,-1|-1,-1|-1,-1|-1,-1|-1,-1|
........
#111111111111111
#assigned_pet=-1,-1,-1,-1,-1,-1,-1,-1,
#assigned_hub=0,7,8,0,4,2,1,5,
#moving_targetting_pos=29,2|26,16|26,26|6,6|16,16|6,26|6,16|16,26|
#setting_targetting_pos=29,30|-1,-1|-1,-1|-1,-1|-1,-1|-1,-1|-1,-1|-1,-1|
........
#111111111111111
#assigned_pet=-1,-1,-1,-1,-1,-1,-1,-1,
#assigned_hub=0,7,8,0,4,2,1,5,
#moving_targetting_pos=29,2|26,16|26,26|6,6|16,16|6,26|6,16|16,26|
#setting_targetting_pos=29,30|-1,-1|-1,-1|-1,-1|-1,-1|-1,-1|-1,-1|-1,-1|
........
#111111111111111
#assigned_pet=-1,-1,-1,-1,-1,-1,-1,-1,
#assigned_hub=0,7,8,0,4,2,1,5,
#moving_targetting_pos=29,2|26,16|26,26|6,6|16,16|6,26|6,16|16,26|
#setting_targetting_pos=29,30|-1,-1|-1,-1|-1,-1|-1,-1|-1,-1|-1,-1|-1,-1|
........
#111111111111111
#assigned_pet=-1,-1,-1,-1,-1,-1,-1,-1,
#assigned_hub=0,7,8,0,4,2,1,5,
#moving_targetting_pos=29,2|26,16|26,26|6,6|16,16|6,26|6,16|16,26|
#setting_targetting_pos=29,30|-1,-1|-1,-1|-1,-1|-1,-1|-1,-1|-1,-1|-1,-1|
........
#111111111111111
#assigned_pet=-1,-1,-1,-1,-1,-1,-1,-1,
#assigned_hub=0,7,8,0,4,2,1,5,
#moving_targetting_pos=29,2|26,16|26,26|6,6|16,16|6,26|6,16|16,26|
#setting_targetting_pos=29,30|-1,-1|-1,-1|-1,-1|-1,-1|-1,-1|-1,-1|-1,-1|
........
#111111111111111
#assigned_pet=-1,-1,-1,-1,-1,-1,-1,-1,
#assigned_hub=0,7,8,0,4,2,1,5,
#moving_targetting_pos=29,2|26,16|26,26|6,6|16,16|6,26|6,16|16,26|
#setting_targetting_pos=29,30|-1,-1|-1,-1|-1,-1|-1,-1|-1,-1|-1,-1|-1,-1|
........
#111111111111111
#assigned_pet=-1,-1,-1,-1,-1,-1,-1,-1,
#assigned_hub=0,7,8,0,4,2,1,5,
#moving_targetting_pos=29,2|26,16|26,26|6,6|16,16|6,26|6,16|16,26|
#setting_targetting_pos=29,30|-1,-1|-1,-1|-1,-1|-1,-1|-1,-1|-1,-1|-1,-1|
........
#111111111111111
#assigned_pet=-1,-1,-1,-1,-1,-1,-1,-1,
#assigned_hub=0,7,8,0,4,2,1,5,
#moving_targetting_pos=29,2|26,16|26,26|6,6|16,16|6,26|6,16|16,26|
#setting_targetting_pos=29,30|-1,-1|-1,-1|-1,-1|-1,-1|-1,-1|-1,-1|-1,-1|
........
#111111111111111
#assigned_pet=-1,-1,-1,-1,-1,-1,-1,-1,
#assigned_hub=0,7,8,0,4,2,1,5,
#moving_targetting_pos=29,2|26,16|26,26|6,6|16,16|6,26|6,16|16,26|
#setting_targetting_pos=29,30|-1,-1|-1,-1|-1,-1|-1,-1|-1,-1|-1,-1|-1,-1|
........
#111111111111111
#assigned_pet=-1,-1,-1,-1,-1,-1,-1,-1,
#assigned_hub=0,7,8,0,4,2,1,5,
#moving_targetting_pos=29,2|26,16|26,26|6,6|16,16|6,26|6,16|16,26|
#setting_targetting_pos=29,30|-1,-1|-1,-1|-1,-1|-1,-1|-1,-1|-1,-1|-1,-1|
........
#111111111111111
#assigned_pet=-1,-1,-1,-1,-1,-1,-1,-1,
#assigned_hub=0,7,8,0,4,2,1,5,
#moving_targetting_pos=29,2|26,16|26,26|6,6|16,16|6,26|6,16|16,26|
#setting_targetting_pos=29,30|-1,-1|-1,-1|-1,-1|-1,-1|-1,-1|-1,-1|-1,-1|
........
#111111111111111
#assigned_pet=-1,-1,-1,-1,-1,-1,-1,-1,
#assigned_hub=0,7,8,0,4,2,1,5,
#moving_targetting_pos=29,2|26,16|26,26|6,6|16,16|6,26|6,16|16,26|
#setting_targetting_pos=29,30|-1,-1|-1,-1|-1,-1|-1,-1|-1,-1|-1,-1|-1,-1|
........
#111111111111111
#assigned_pet=-1,-1,-1,-1,-1,-1,-1,-1,
#assigned_hub=0,7,8,0,4,2,1,5,
#moving_targetting_pos=29,2|26,16|26,26|6,6|16,16|6,26|6,16|16,26|
#setting_targetting_pos=29,30|-1,-1|-1,-1|-1,-1|-1,-1|-1,-1|-1,-1|-1,-1|
........
#111111111111111
#assigned_pet=-1,-1,-1,-1,-1,-1,-1,-1,
#assigned_hub=0,7,8,0,4,2,1,5,
#moving_targetting_pos=29,2|26,16|26,26|6,6|16,16|6,26|6,16|16,26|
#setting_targetting_pos=29,30|-1,-1|-1,-1|-1,-1|-1,-1|-1,-1|-1,-1|-1,-1|
........
#111111111111111
#assigned_pet=-1,-1,-1,-1,-1,-1,-1,-1,
#assigned_hub=0,7,8,0,4,2,1,5,
#moving_targetting_pos=29,2|26,16|26,26|6,6|16,16|6,26|6,16|16,26|
#setting_targetting_pos=29,30|-1,-1|-1,-1|-1,-1|-1,-1|-1,-1|-1,-1|-1,-1|
........
#111111111111111
#assigned_pet=-1,-1,-1,-1,-1,-1,-1,-1,
#assigned_hub=0,7,8,0,4,2,1,5,
#moving_targetting_pos=29,2|26,16|26,26|6,6|16,16|6,26|6,16|16,26|
#setting_targetting_pos=29,30|-1,-1|-1,-1|-1,-1|-1,-1|-1,-1|-1,-1|-1,-1|
........
#111111111111111
#assigned_pet=-1,-1,-1,-1,-1,-1,-1,-1,
#assigned_hub=0,7,8,0,4,2,1,5,
#moving_targetting_pos=29,2|26,16|26,26|6,6|16,16|6,26|6,16|16,26|
#setting_targetting_pos=29,30|-1,-1|-1,-1|-1,-1|-1,-1|-1,-1|-1,-1|-1,-1|
........
#111111111111111
#assigned_pet=-1,-1,-1,-1,-1,-1,-1,-1,
#assigned_hub=0,7,8,0,4,2,1,5,
#moving_targetting_pos=29,2|26,16|26,26|6,6|16,16|6,26|6,16|16,26|
#setting_targetting_pos=29,30|-1,-1|-1,-1|-1,-1|-1,-1|-1,-1|-1,-1|-1,-1|
........
#111111111111111
#assigned_pet=-1,-1,-1,-1,-1,-1,-1,-1,
#assigned_hub=0,7,8,0,4,2,1,5,
#moving_targetting_pos=29,2|26,16|26,26|6,6|16,16|6,26|6,16|16,26|
#setting_targetting_pos=29,30|-1,-1|-1,-1|-1,-1|-1,-1|-1,-1|-1,-1|-1,-1|
........
#111111111111111
#assigned_pet=-1,-1,-1,-1,-1,-1,-1,-1,
#assigned_hub=0,7,8,0,4,2,1,5,
#moving_targetting_pos=29,2|26,16|26,26|6,6|16,16|6,26|6,16|16,26|
#setting_targetting_pos=29,30|-1,-1|-1,-1|-1,-1|-1,-1|-1,-1|-1,-1|-1,-1|
........
#111111111111111
#assigned_pet=-1,-1,-1,-1,-1,-1,-1,-1,
#assigned_hub=0,7,8,0,4,2,1,5,
#moving_targetting_pos=29,2|26,16|26,26|6,6|16,16|6,26|6,16|16,26|
#setting_targetting_pos=29,30|-1,-1|-1,-1|-1,-1|-1,-1|-1,-1|-1,-1|-1,-1|
........
#111111111111111
#assigned_pet=-1,-1,-1,-1,-1,-1,-1,-1,
#assigned_hub=0,7,8,0,4,2,1,5,
#moving_targetting_pos=29,2|26,16|26,26|6,6|16,16|6,26|6,16|16,26|
#setting_targetting_pos=29,30|-1,-1|-1,-1|-1,-1|-1,-1|-1,-1|-1,-1|-1,-1|
........
#111111111111111
#assigned_pet=-1,-1,-1,-1,-1,-1,-1,-1,
#assigned_hub=0,7,8,0,4,2,1,5,
#moving_targetting_pos=29,2|26,16|26,26|6,6|16,16|6,26|6,16|16,26|
#setting_targetting_pos=29,30|-1,-1|-1,-1|-1,-1|-1,-1|-1,-1|-1,-1|-1,-1|
........
#111111111111111
#assigned_pet=-1,-1,-1,-1,-1,-1,-1,-1,
#assigned_hub=0,7,8,0,4,2,1,5,
#moving_targetting_pos=29,2|26,16|26,26|6,6|16,16|6,26|6,16|16,26|
#setting_targetting_pos=29,30|-1,-1|-1,-1|-1,-1|-1,-1|-1,-1|-1,-1|-1,-1|
........
#111111111111111
#assigned_pet=-1,-1,-1,-1,-1,-1,-1,-1,
#assigned_hub=0,7,8,0,4,2,1,5,
#moving_targetting_pos=29,2|26,16|26,26|6,6|16,16|6,26|6,16|16,26|
#setting_targetting_pos=29,30|-1,-1|-1,-1|-1,-1|-1,-1|-1,-1|-1,-1|-1,-1|
........
#111111111111111
#assigned_pet=-1,-1,-1,-1,-1,-1,-1,-1,
#assigned_hub=0,7,8,0,4,2,1,5,
#moving_targetting_pos=29,2|26,16|26,26|6,6|16,16|6,26|6,16|16,26|
#setting_targetting_pos=29,30|-1,-1|-1,-1|-1,-1|-1,-1|-1,-1|-1,-1|-1,-1|
........
#111111111111111
#assigned_pet=-1,-1,-1,-1,-1,-1,-1,-1,
#assigned_hub=0,7,8,0,4,2,1,5,
#moving_targetting_pos=29,2|26,16|26,26|6,6|16,16|6,26|6,16|16,26|
#setting_targetting_pos=29,30|-1,-1|-1,-1|-1,-1|-1,-1|-1,-1|-1,-1|-1,-1|
........
#111111111111111
#assigned_pet=-1,-1,-1,-1,-1,-1,-1,-1,
#assigned_hub=0,7,8,0,4,2,1,5,
#moving_targetting_pos=29,2|26,16|26,26|6,6|16,16|6,26|6,16|16,26|
#setting_targetting_pos=29,30|-1,-1|-1,-1|-1,-1|-1,-1|-1,-1|-1,-1|-1,-1|
........
#111111111111111
#assigned_pet=-1,-1,-1,-1,-1,-1,-1,-1,
#assigned_hub=0,7,8,0,4,2,1,5,
#moving_targetting_pos=29,2|26,16|26,26|6,6|16,16|6,26|6,16|16,26|
#setting_targetting_pos=29,30|-1,-1|-1,-1|-1,-1|-1,-1|-1,-1|-1,-1|-1,-1|
........
#111111111111111
#assigned_pet=-1,-1,-1,-1,-1,-1,-1,-1,
#assigned_hub=0,7,8,0,4,2,1,5,
#moving_targetting_pos=29,2|26,16|26,26|6,6|16,16|6,26|6,16|16,26|
#setting_targetting_pos=29,30|-1,-1|-1,-1|-1,-1|-1,-1|-1,-1|-1,-1|-1,-1|
........
#111111111111111
#assigned_pet=-1,-1,-1,-1,-1,-1,-1,-1,
#assigned_hub=0,7,8,0,4,2,1,5,
#moving_targetting_pos=29,2|26,16|26,26|6,6|16,16|6,26|6,16|16,26|
#setting_targetting_pos=29,30|-1,-1|-1,-1|-1,-1|-1,-1|-1,-1|-1,-1|-1,-1|
........
#111111111111111
#assigned_pet=-1,-1,-1,-1,-1,-1,-1,-1,
#assigned_hub=0,7,8,0,4,2,1,5,
#moving_targetting_pos=29,2|26,16|26,26|6,6|16,16|6,26|6,16|16,26|
#setting_targetting_pos=29,30|-1,-1|-1,-1|-1,-1|-1,-1|-1,-1|-1,-1|-1,-1|
........
#111111111111111
#assigned_pet=-1,-1,-1,-1,-1,-1,-1,-1,
#assigned_hub=0,7,8,0,4,2,1,5,
#moving_targetting_pos=29,2|26,16|26,26|6,6|16,16|6,26|6,16|16,26|
#setting_targetting_pos=29,30|-1,-1|-1,-1|-1,-1|-1,-1|-1,-1|-1,-1|-1,-1|
........
#111111111111111
#assigned_pet=-1,-1,-1,-1,-1,-1,-1,-1,
#assigned_hub=0,7,8,0,4,2,1,5,
#moving_targetting_pos=29,2|26,16|26,26|6,6|16,16|6,26|6,16|16,26|
#setting_targetting_pos=29,30|-1,-1|-1,-1|-1,-1|-1,-1|-1,-1|-1,-1|-1,-1|
........
#111111111111111
#assigned_pet=-1,-1,-1,-1,-1,-1,-1,-1,
#assigned_hub=0,7,8,0,4,2,1,5,
#moving_targetting_pos=29,2|26,16|26,26|6,6|16,16|6,26|6,16|16,26|
#setting_targetting_pos=29,30|-1,-1|-1,-1|-1,-1|-1,-1|-1,-1|-1,-1|-1,-1|
........
#111111111111111
#assigned_pet=-1,-1,-1,-1,-1,-1,-1,-1,
#assigned_hub=0,7,8,0,4,2,1,5,
#moving_targetting_pos=29,2|26,16|26,26|6,6|16,16|6,26|6,16|16,26|
#setting_targetting_pos=29,30|-1,-1|-1,-1|-1,-1|-1,-1|-1,-1|-1,-1|-1,-1|
........
#111111111111111
#assigned_pet=-1,-1,-1,-1,-1,-1,-1,-1,
#assigned_hub=0,7,8,0,4,2,1,5,
#moving_targetting_pos=29,2|26,16|26,26|6,6|16,16|6,26|6,16|16,26|
#setting_targetting_pos=29,30|-1,-1|-1,-1|-1,-1|-1,-1|-1,-1|-1,-1|-1,-1|
........
#111111111111111
#assigned_pet=-1,-1,-1,-1,-1,-1,-1,-1,
#assigned_hub=0,7,8,0,4,2,1,5,
#moving_targetting_pos=29,2|26,16|26,26|6,6|16,16|6,26|6,16|16,26|
#setting_targetting_pos=29,30|-1,-1|-1,-1|-1,-1|-1,-1|-1,-1|-1,-1|-1,-1|
........
#111111111111111
#assigned_pet=-1,-1,-1,-1,-1,-1,-1,-1,
#assigned_hub=0,7,8,0,4,2,1,5,
#moving_targetting_pos=29,2|26,16|26,26|6,6|16,16|6,26|6,16|16,26|
#setting_targetting_pos=29,30|-1,-1|-1,-1|-1,-1|-1,-1|-1,-1|-1,-1|-1,-1|
........
#111111111111111
#assigned_pet=-1,-1,-1,-1,-1,-1,-1,-1,
#assigned_hub=0,7,8,0,4,2,1,5,
#moving_targetting_pos=29,2|26,16|26,26|6,6|16,16|6,26|6,16|16,26|
#setting_targetting_pos=29,30|-1,-1|-1,-1|-1,-1|-1,-1|-1,-1|-1,-1|-1,-1|
........
#111111111111111
#assigned_pet=-1,-1,-1,-1,-1,-1,-1,-1,
#assigned_hub=0,7,8,0,4,2,1,5,
#moving_targetting_pos=29,2|26,16|26,26|6,6|16,16|6,26|6,16|16,26|
#setting_targetting_pos=29,30|-1,-1|-1,-1|-1,-1|-1,-1|-1,-1|-1,-1|-1,-1|
........
#111111111111111
#assigned_pet=-1,-1,-1,-1,-1,-1,-1,-1,
#assigned_hub=0,7,8,0,4,2,1,5,
#moving_targetting_pos=29,2|26,16|26,26|6,6|16,16|6,26|6,16|16,26|
#setting_targetting_pos=29,30|-1,-1|-1,-1|-1,-1|-1,-1|-1,-1|-1,-1|-1,-1|
........
#111111111111111
#assigned_pet=-1,-1,-1,-1,-1,-1,-1,-1,
#assigned_hub=0,7,8,0,4,2,1,5,
#moving_targetting_pos=29,2|26,16|26,26|6,6|16,16|6,26|6,16|16,26|
#setting_targetting_pos=29,30|-1,-1|-1,-1|-1,-1|-1,-1|-1,-1|-1,-1|-1,-1|
........
#111111111111111
#assigned_pet=-1,-1,-1,-1,-1,-1,-1,-1,
#assigned_hub=0,7,8,0,4,2,1,5,
#moving_targetting_pos=29,2|26,16|26,26|6,6|16,16|6,26|6,16|16,26|
#setting_targetting_pos=29,30|-1,-1|-1,-1|-1,-1|-1,-1|-1,-1|-1,-1|-1,-1|
........
#111111111111111
#assigned_pet=-1,-1,-1,-1,-1,-1,-1,-1,
#assigned_hub=0,7,8,0,4,2,1,5,
#moving_targetting_pos=29,2|26,16|26,26|6,6|16,16|6,26|6,16|16,26|
#setting_targetting_pos=29,30|-1,-1|-1,-1|-1,-1|-1,-1|-1,-1|-1,-1|-1,-1|
........
#111111111111111
#assigned_pet=-1,-1,-1,-1,-1,-1,-1,-1,
#assigned_hub=0,7,8,0,4,2,1,5,
#moving_targetting_pos=29,2|26,16|26,26|6,6|16,16|6,26|6,16|16,26|
#setting_targetting_pos=29,30|-1,-1|-1,-1|-1,-1|-1,-1|-1,-1|-1,-1|-1,-1|
........
#111111111111111
#assigned_pet=-1,-1,-1,-1,-1,-1,-1,-1,
#assigned_hub=0,7,8,0,4,2,1,5,
#moving_targetting_pos=29,2|26,16|26,26|6,6|16,16|6,26|6,16|16,26|
#setting_targetting_pos=29,30|-1,-1|-1,-1|-1,-1|-1,-1|-1,-1|-1,-1|-1,-1|
........
#111111111111111
#assigned_pet=-1,-1,-1,-1,-1,-1,-1,-1,
#assigned_hub=0,7,8,0,4,2,1,5,
#moving_targetting_pos=29,2|26,16|26,26|6,6|16,16|6,26|6,16|16,26|
#setting_targetting_pos=29,30|-1,-1|-1,-1|-1,-1|-1,-1|-1,-1|-1,-1|-1,-1|
........
#111111111111111
#assigned_pet=-1,-1,-1,-1,-1,-1,-1,-1,
#assigned_hub=0,7,8,0,4,2,1,5,
#moving_targetting_pos=29,2|26,16|26,26|6,6|16,16|6,26|6,16|16,26|
#setting_targetting_pos=29,30|-1,-1|-1,-1|-1,-1|-1,-1|-1,-1|-1,-1|-1,-1|
........
#111111111111111
#assigned_pet=-1,-1,-1,-1,-1,-1,-1,-1,
#assigned_hub=0,7,8,0,4,2,1,5,
#moving_targetting_pos=29,2|26,16|26,26|6,6|16,16|6,26|6,16|16,26|
#setting_targetting_pos=29,30|-1,-1|-1,-1|-1,-1|-1,-1|-1,-1|-1,-1|-1,-1|
........
#111111111111111
#assigned_pet=-1,-1,-1,-1,-1,-1,-1,-1,
#assigned_hub=0,7,8,0,4,2,1,5,
#moving_targetting_pos=29,2|26,16|26,26|6,6|16,16|6,26|6,16|16,26|
#setting_targetting_pos=29,30|-1,-1|-1,-1|-1,-1|-1,-1|-1,-1|-1,-1|-1,-1|
........
#111111111111111
#assigned_pet=-1,-1,-1,-1,-1,-1,-1,-1,
#assigned_hub=0,7,8,0,4,2,1,5,
#moving_targetting_pos=29,2|26,16|26,26|6,6|16,16|6,26|6,16|16,26|
#setting_targetting_pos=29,30|-1,-1|-1,-1|-1,-1|-1,-1|-1,-1|-1,-1|-1,-1|
........
#111111111111111
#assigned_pet=-1,-1,-1,-1,-1,-1,-1,-1,
#assigned_hub=0,7,8,0,4,2,1,5,
#moving_targetting_pos=29,2|26,16|26,26|6,6|16,16|6,26|6,16|16,26|
#setting_targetting_pos=29,30|-1,-1|-1,-1|-1,-1|-1,-1|-1,-1|-1,-1|-1,-1|
........
#111111111111111
#assigned_pet=-1,-1,-1,-1,-1,-1,-1,-1,
#assigned_hub=0,7,8,0,4,2,1,5,
#moving_targetting_pos=29,2|26,16|26,26|6,6|16,16|6,26|6,16|16,26|
#setting_targetting_pos=29,30|-1,-1|-1,-1|-1,-1|-1,-1|-1,-1|-1,-1|-1,-1|
........
#111111111111111
#assigned_pet=-1,-1,-1,-1,-1,-1,-1,-1,
#assigned_hub=0,7,8,0,4,2,1,5,
#moving_targetting_pos=29,2|26,16|26,26|6,6|16,16|6,26|6,16|16,26|
#setting_targetting_pos=29,30|-1,-1|-1,-1|-1,-1|-1,-1|-1,-1|-1,-1|-1,-1|
........
#111111111111111
#assigned_pet=-1,-1,-1,-1,-1,-1,-1,-1,
#assigned_hub=0,7,8,0,4,2,1,5,
#moving_targetting_pos=29,2|26,16|26,26|6,6|16,16|6,26|6,16|16,26|
#setting_targetting_pos=29,30|-1,-1|-1,-1|-1,-1|-1,-1|-1,-1|-1,-1|-1,-1|
........
#111111111111111
#assigned_pet=-1,-1,-1,-1,-1,-1,-1,-1,
#assigned_hub=0,7,8,0,4,2,1,5,
#moving_targetting_pos=29,2|26,16|26,26|6,6|16,16|6,26|6,16|16,26|
#setting_targetting_pos=29,30|-1,-1|-1,-1|-1,-1|-1,-1|-1,-1|-1,-1|-1,-1|
........
#111111111111111
#assigned_pet=-1,-1,-1,-1,-1,-1,-1,-1,
#assigned_hub=0,7,8,0,4,2,1,5,
#moving_targetting_pos=29,2|26,16|26,26|6,6|16,16|6,26|6,16|16,26|
#setting_targetting_pos=29,30|-1,-1|-1,-1|-1,-1|-1,-1|-1,-1|-1,-1|-1,-1|
........
