#0000000000000000000
#assigned_pet=-1,-1,-1,-1,-1,-1,-1,-1,
#assigned_hub=0,0,0,0,0,0,0,0,
#moving_targetting_pos=22,1|19,30|15,1|2,29|25,1|5,1|29,2|9,2|
#setting_targetting_pos=22,29|19,2|15,30|2,1|25,30|5,30|29,30|9,30|
LRLRLLLL
#0000000000000000000
#assigned_pet=-1,-1,-1,-1,-1,-1,-1,-1,
#assigned_hub=0,0,0,0,0,0,0,0,
#moving_targetting_pos=22,1|19,30|15,1|2,29|25,1|5,1|29,2|9,2|
#setting_targetting_pos=22,29|19,2|15,30|2,1|25,30|5,30|29,30|9,30|
LRURLLLL
#0000000000000000000
#assigned_pet=-1,-1,-1,-1,-1,-1,-1,-1,
#assigned_hub=0,0,0,0,0,0,0,0,
#moving_targetting_pos=22,1|19,30|15,1|2,29|25,1|5,1|29,2|9,2|
#setting_targetting_pos=22,29|19,2|15,30|2,1|25,30|5,30|29,30|9,30|
LRURDLLL
#0000000000000000000
#assigned_pet=-1,-1,-1,-1,-1,-1,-1,-1,
#assigned_hub=0,0,0,0,0,0,0,0,
#moving_targetting_pos=22,1|19,30|15,1|2,29|25,1|5,1|29,2|9,2|
#setting_targetting_pos=22,29|19,2|15,30|2,1|25,30|5,30|29,30|9,30|
LRdRDDLL
#0000000000000000000
#assigned_pet=-1,-1,-1,-1,-1,-1,-1,-1,
#assigned_hub=0,0,0,0,0,0,0,0,
#moving_targetting_pos=22,1|19,30|15,1|2,29|25,1|5,1|29,2|9,2|
#setting_targetting_pos=22,29|19,2|15,30|2,1|25,30|5,30|29,30|9,30|
LRRRDDDL
#0000000000000000000
#assigned_pet=-1,-1,-1,-1,-1,-1,-1,-1,
#assigned_hub=0,0,0,0,0,0,0,0,
#moving_targetting_pos=22,1|19,30|15,1|2,29|25,1|5,1|29,2|9,2|
#setting_targetting_pos=22,29|19,2|15,30|2,1|25,30|5,30|29,30|9,30|
uRdRdDDL
#0000000000000000000
#assigned_pet=-1,-1,-1,-1,-1,-1,-1,-1,
#assigned_hub=0,0,0,0,0,0,0,0,
#moving_targetting_pos=22,1|19,30|15,1|2,29|25,1|5,1|29,2|9,2|
#setting_targetting_pos=22,29|19,2|15,30|2,1|25,30|5,30|29,30|9,30|
RRRRRddL
#0000000000000000000
#assigned_pet=-1,-1,-1,-1,-1,-1,-1,-1,
#assigned_hub=0,0,0,0,0,0,0,0,
#moving_targetting_pos=22,1|19,30|15,1|2,29|25,1|5,1|29,2|9,2|
#setting_targetting_pos=22,29|19,2|15,30|2,1|25,30|5,30|29,30|9,30|
RRdRdRRL
#0000000000000000000
#assigned_pet=-1,-1,-1,-1,-1,-1,-1,-1,
#assigned_hub=0,0,0,0,0,0,0,0,
#moving_targetting_pos=22,1|19,30|15,1|2,29|25,1|5,1|29,2|9,2|
#setting_targetting_pos=22,29|19,2|15,30|2,1|25,30|5,30|29,30|9,30|
lRRRR.RD
#0000000000000000000
#assigned_pet=-1,-1,-1,-1,-1,-1,-1,-1,
#assigned_hub=0,0,0,0,0,0,0,0,
#moving_targetting_pos=22,1|19,30|15,1|2,29|25,1|5,1|29,2|9,2|
#setting_targetting_pos=22,29|19,2|15,30|2,1|25,30|5,30|29,30|9,30|
.UuRd.lD
#0000000000000000000
#assigned_pet=-1,-1,-1,-1,-1,-1,-1,-1,
#assigned_hub=0,0,0,0,0,0,0,0,
#moving_targetting_pos=22,1|19,30|15,1|2,29|25,1|5,1|29,2|9,2|
#setting_targetting_pos=22,29|19,2|15,30|2,1|25,30|5,30|29,30|9,30|
.URRR.uD
#0000000000000000000
#assigned_pet=-1,-1,-1,-1,-1,-1,-1,-1,
#assigned_hub=0,0,0,0,0,0,0,0,
#moving_targetting_pos=22,1|19,30|15,1|2,29|25,1|5,1|29,2|9,2|
#setting_targetting_pos=22,29|19,2|15,30|2,1|25,30|5,30|29,30|9,30|
dURRu.RD
#0000000000000000000
#assigned_pet=-1,-1,-1,-1,-1,-1,-1,-1,
#assigned_hub=0,0,0,0,0,0,0,0,
#moving_targetting_pos=22,1|19,30|15,1|2,29|25,1|5,1|29,2|9,2|
#setting_targetting_pos=22,29|19,2|15,30|2,1|25,30|5,30|29,30|9,30|
RdRRRdRD
#0000000000000000000
#assigned_pet=-1,-1,-1,-1,-1,-1,-1,-1,
#assigned_hub=0,0,0,0,0,0,0,0,
#moving_targetting_pos=22,1|19,30|15,1|2,29|25,1|5,1|29,2|9,2|
#setting_targetting_pos=22,29|19,2|15,30|2,1|25,30|5,30|29,30|9,30|
RLRDRRdd
#0000000000000000000
#assigned_pet=-1,-1,-1,-1,-1,-1,-1,-1,
#assigned_hub=0,0,0,0,0,0,0,0,
#moving_targetting_pos=22,1|19,30|15,1|2,29|25,1|5,1|29,2|9,2|
#setting_targetting_pos=22,29|19,2|15,30|2,1|25,30|5,30|29,30|9,30|
RLurRdRR
#0000000000000000000
#assigned_pet=-1,-1,-1,-1,-1,-1,-1,-1,
#assigned_hub=0,0,0,0,0,0,0,0,
#moving_targetting_pos=22,1|19,30|15,1|2,29|25,1|5,1|29,2|9,2|
#setting_targetting_pos=22,29|19,2|15,30|2,1|25,30|5,30|29,30|9,30|
drRdRRlR
#0000000000000000000
#assigned_pet=-1,-1,-1,-1,-1,-1,-1,-1,
#assigned_hub=0,0,0,0,0,0,0,0,
#moving_targetting_pos=22,1|19,30|15,1|2,29|25,1|5,1|29,2|9,2|
#setting_targetting_pos=22,29|19,2|15,30|2,1|25,30|5,30|29,30|9,30|
.udLuuRl
#0000000000000000000
#assigned_pet=-1,-1,-1,-1,-1,-1,-1,-1,
#assigned_hub=0,0,0,0,0,0,0,0,
#moving_targetting_pos=22,1|19,30|15,1|2,29|25,1|5,1|29,2|9,2|
#setting_targetting_pos=22,29|19,2|15,30|2,1|25,30|5,30|29,30|9,30|
uLRLRRuu
#0000000000000000000
#assigned_pet=-1,-1,-1,-1,-1,-1,-1,-1,
#assigned_hub=0,0,0,0,0,0,0,0,
#moving_targetting_pos=22,1|19,30|15,1|2,29|25,1|5,1|29,2|9,2|
#setting_targetting_pos=22,29|19,2|15,30|2,1|25,30|5,30|29,30|9,30|
RLdLdRRR
#0000000000000000000
#assigned_pet=-1,-1,-1,-1,-1,-1,-1,-1,
#assigned_hub=0,0,0,0,0,0,0,0,
#moving_targetting_pos=22,1|19,30|15,1|2,29|25,1|5,1|29,2|9,2|
#setting_targetting_pos=22,29|19,2|15,30|2,1|25,30|5,30|29,30|9,30|
.dRdRRRR
#0000000000000000000
#assigned_pet=-1,-1,-1,-1,-1,-1,-1,-1,
#assigned_hub=0,0,0,0,0,0,0,0,
#moving_targetting_pos=22,1|19,30|15,1|2,29|25,1|5,1|29,2|9,2|
#setting_targetting_pos=22,29|19,2|15,30|2,1|25,30|5,30|29,30|9,30|
.LdudRld
#0000000000000000000
#assigned_pet=-1,-1,-1,-1,-1,-1,-1,-1,
#assigned_hub=0,0,0,0,0,0,0,0,
#moving_targetting_pos=22,1|19,30|15,1|2,29|25,1|5,1|29,2|9,2|
#setting_targetting_pos=22,29|19,2|15,30|2,1|25,30|5,30|29,30|9,30|
.rRLRudR
#0000000000000000000
#assigned_pet=-1,-1,-1,-1,-1,-1,-1,-1,
#assigned_hub=0,0,0,0,0,0,0,0,
#moving_targetting_pos=22,1|19,30|15,1|2,29|25,1|5,1|29,2|9,2|
#setting_targetting_pos=22,29|19,2|15,30|2,1|25,30|5,30|29,30|9,30|
lLdrdRRl
#0000000000000000000
#assigned_pet=-1,-1,-1,-1,-1,-1,-1,-1,
#assigned_hub=0,0,0,0,0,0,0,0,
#moving_targetting_pos=22,1|19,30|15,1|2,29|25,1|5,1|29,2|9,2|
#setting_targetting_pos=22,29|19,2|15,30|2,1|25,30|5,30|29,30|9,30|
R.RLRdRR
#0000000000000000000
#assigned_pet=-1,-1,-1,-1,-1,-1,-1,-1,
#assigned_hub=0,0,0,0,0,0,0,0,
#moving_targetting_pos=22,1|19,30|15,1|2,29|25,1|5,1|29,2|9,2|
#setting_targetting_pos=22,29|19,2|15,30|2,1|25,30|5,30|29,30|9,30|
R.dLdRdu
#0000000000000000000
#assigned_pet=-1,-1,-1,-1,-1,-1,-1,-1,
#assigned_hub=0,0,0,0,0,0,0,0,
#moving_targetting_pos=22,1|19,30|15,1|2,29|25,1|5,1|29,2|9,2|
#setting_targetting_pos=22,29|19,2|15,30|2,1|25,30|5,30|29,30|9,30|
d.R.RdRR
#0000000000000000000
#assigned_pet=-1,-1,-1,-1,-1,-1,-1,-1,
#assigned_hub=0,0,0,0,0,0,0,0,
#moving_targetting_pos=22,1|19,30|15,1|2,29|25,1|5,1|29,2|9,2|
#setting_targetting_pos=22,29|19,2|15,30|2,1|25,30|5,30|29,30|9,30|
R.uddRRR
#0000000000000000000
#assigned_pet=-1,-1,-1,-1,-1,-1,-1,-1,
#assigned_hub=0,0,0,0,0,0,0,0,
#moving_targetting_pos=22,1|19,30|15,1|2,29|25,1|5,1|29,2|9,2|
#setting_targetting_pos=22,29|19,2|15,30|2,1|25,30|5,30|29,30|9,30|
R.RLRdll
#0000000000000000000
#assigned_pet=-1,-1,-1,-1,-1,-1,-1,-1,
#assigned_hub=0,0,0,0,0,0,0,0,
#moving_targetting_pos=22,1|19,30|15,1|2,29|25,1|5,1|29,2|9,2|
#setting_targetting_pos=22,29|19,2|15,30|2,1|25,30|5,30|29,30|9,30|
luRLuRud
#0000000000000000000
#assigned_pet=-1,-1,-1,-1,-1,-1,-1,-1,
#assigned_hub=0,0,0,0,0,0,0,0,
#moving_targetting_pos=22,1|19,30|15,1|2,29|25,1|5,1|29,2|9,2|
#setting_targetting_pos=22,29|19,2|15,30|2,1|25,30|5,30|29,30|9,30|
.LRrRdRR
#0000000000000000000
#assigned_pet=-1,-1,-1,-1,-1,-1,-1,-1,
#assigned_hub=0,0,0,0,0,0,0,0,
#moving_targetting_pos=22,1|19,30|15,1|2,29|25,1|5,1|29,2|9,2|
#setting_targetting_pos=22,29|19,2|15,30|2,1|25,30|5,30|29,30|9,30|
.LRuRRRR
#0000000000000000000
#assigned_pet=-1,-1,-1,-1,-1,-1,-1,-1,
#assigned_hub=0,0,0,0,0,0,0,0,
#moving_targetting_pos=22,1|19,30|15,1|2,29|25,1|5,1|29,2|9,2|
#setting_targetting_pos=22,29|19,2|15,30|2,1|25,30|5,30|29,30|9,30|
..uLRddd
#0000000000000000000
#assigned_pet=-1,-1,-1,-1,-1,-1,-1,-1,
#assigned_hub=0,0,0,0,0,0,0,0,
#moving_targetting_pos=22,1|19,30|15,1|2,29|25,1|5,1|29,2|9,2|
#setting_targetting_pos=22,29|19,2|15,30|2,1|25,30|5,30|29,30|9,30|
.rRLRRRR
#0000000000000000000
#assigned_pet=-1,-1,-1,-1,-1,-1,-1,-1,
#assigned_hub=0,0,0,0,0,0,0,0,
#moving_targetting_pos=22,1|19,30|15,1|2,29|25,1|5,1|29,2|9,2|
#setting_targetting_pos=22,29|19,2|15,30|2,1|25,30|5,30|29,30|9,30|
.ddru.lR
#0000000000000000000
#assigned_pet=-1,-1,-1,-1,-1,-1,-1,-1,
#assigned_hub=0,0,0,0,0,0,0,0,
#moving_targetting_pos=22,1|19,30|15,1|2,29|25,1|5,1|29,2|9,2|
#setting_targetting_pos=22,29|19,2|15,30|2,1|25,30|5,30|29,30|9,30|
.LRdR.Rl
#0000000000000000000
#assigned_pet=-1,-1,-1,-1,-1,-1,-1,-1,
#assigned_hub=0,0,0,0,0,0,0,0,
#moving_targetting_pos=22,1|19,30|15,1|2,29|25,1|5,1|29,2|9,2|
#setting_targetting_pos=22,29|19,2|15,30|2,1|25,30|5,30|29,30|9,30|
.LdLduu.
#0000000000000000000
#assigned_pet=-1,-1,-1,-1,-1,-1,-1,-1,
#assigned_hub=0,0,0,0,0,0,0,0,
#moving_targetting_pos=22,1|19,30|15,1|2,29|25,1|5,1|29,2|9,2|
#setting_targetting_pos=22,29|19,2|15,30|2,1|25,30|5,30|29,30|9,30|
.dRLRRR.
#0000000000000000000
#assigned_pet=-1,-1,-1,-1,-1,-1,-1,-1,
#assigned_hub=0,0,0,0,0,0,0,0,
#moving_targetting_pos=22,1|19,30|15,1|2,29|25,1|5,1|29,2|9,2|
#setting_targetting_pos=22,29|19,2|15,30|2,1|25,30|5,30|29,30|9,30|
uLdLdRR.
#0000000000000000000
#assigned_pet=-1,-1,-1,-1,-1,-1,-1,-1,
#assigned_hub=0,0,0,0,0,0,0,0,
#moving_targetting_pos=22,1|19,30|15,1|2,29|25,1|5,1|29,2|9,2|
#setting_targetting_pos=22,29|19,2|15,30|2,1|25,30|5,30|29,30|9,30|
RLRdRRl.
#0000000000000000000
#assigned_pet=-1,-1,-1,-1,-1,-1,-1,-1,
#assigned_hub=0,0,0,0,0,0,0,0,
#moving_targetting_pos=22,1|19,30|15,1|2,29|25,1|5,1|29,2|9,2|
#setting_targetting_pos=22,29|19,2|15,30|2,1|25,30|5,30|29,30|9,30|
Rrdu.Rd.
#0000000000000000000
#assigned_pet=-1,-1,-1,-1,-1,-1,-1,-1,
#assigned_hub=0,0,0,0,0,0,0,0,
#moving_targetting_pos=22,1|19,30|15,1|2,29|25,1|5,1|29,2|9,2|
#setting_targetting_pos=22,29|19,2|15,30|2,1|25,30|5,30|29,30|9,30|
luRL.uRu
#0000000000000000000
#assigned_pet=-1,-1,-1,-1,-1,-1,-1,-1,
#assigned_hub=0,0,0,0,0,0,0,0,
#moving_targetting_pos=22,1|19,30|15,1|2,29|25,1|5,1|29,2|9,2|
#setting_targetting_pos=22,29|19,2|15,30|2,1|25,30|5,30|29,30|9,30|
.Ldr.RRR
#0000000000000000000
#assigned_pet=-1,-1,-1,-1,-1,-1,-1,-1,
#assigned_hub=0,0,0,0,0,0,0,0,
#moving_targetting_pos=22,1|19,30|15,1|2,29|25,1|5,1|29,2|9,2|
#setting_targetting_pos=22,29|19,2|15,30|2,1|25,30|5,30|29,30|9,30|
.LRLdddR
#0000000000000000000
#assigned_pet=-1,-1,-1,-1,-1,-1,-1,-1,
#assigned_hub=0,0,0,0,0,0,0,0,
#moving_targetting_pos=22,1|19,30|15,1|2,29|25,1|5,1|29,2|9,2|
#setting_targetting_pos=22,29|19,2|15,30|2,1|25,30|5,30|29,30|9,30|
dduLRRR.
#0000000000000000000
#assigned_pet=-1,-1,-1,-1,-1,-1,-1,-1,
#assigned_hub=0,0,0,0,0,0,0,0,
#moving_targetting_pos=22,1|19,30|15,1|2,29|25,1|5,1|29,2|9,2|
#setting_targetting_pos=22,29|19,2|15,30|2,1|25,30|5,30|29,30|9,30|
RLR.ddR.
#0000000000000000000
#assigned_pet=-1,-1,-1,-1,-1,-1,-1,-1,
#assigned_hub=0,0,0,0,0,0,0,0,
#moving_targetting_pos=22,1|19,30|15,1|2,29|25,1|5,1|29,2|9,2|
#setting_targetting_pos=22,29|19,2|15,30|2,1|25,30|5,30|29,30|9,30|
RrRdRRld
#0000000000000000000
#assigned_pet=-1,-1,-1,-1,-1,-1,-1,-1,
#assigned_hub=0,0,0,0,0,0,0,0,
#moving_targetting_pos=22,1|19,30|15,1|2,29|25,1|5,1|29,2|9,2|
#setting_targetting_pos=22,29|19,2|15,30|2,1|25,30|5,30|29,30|9,30|
RLRLdd.R
#0000000000000000000
#assigned_pet=-1,-1,-1,-1,-1,-1,-1,-1,
#assigned_hub=0,0,0,0,0,0,0,0,
#moving_targetting_pos=22,1|19,30|15,1|2,29|25,1|5,1|29,2|9,2|
#setting_targetting_pos=22,29|19,2|15,30|2,1|25,30|5,30|29,30|9,30|
duRLRR.l
#0000000000000000000
#assigned_pet=-1,-1,-1,-1,-1,-1,-1,-1,
#assigned_hub=0,0,0,0,0,0,0,0,
#moving_targetting_pos=22,1|19,30|15,1|2,29|25,1|5,1|29,2|9,2|
#setting_targetting_pos=22,29|19,2|15,30|2,1|25,30|5,30|29,30|9,30|
uLu.ud.R
#0000000000000000000
#assigned_pet=-1,-1,-1,-1,-1,-1,-1,-1,
#assigned_hub=0,0,0,0,0,0,0,0,
#moving_targetting_pos=22,1|19,30|15,1|2,29|25,1|5,1|29,2|9,2|
#setting_targetting_pos=22,29|19,2|15,30|2,1|25,30|5,30|29,30|9,30|
RLR.RR.u
#0000000000000000000
#assigned_pet=-1,-1,-1,-1,-1,-1,-1,-1,
#assigned_hub=0,0,0,0,0,0,0,0,
#moving_targetting_pos=22,1|19,30|15,1|2,29|25,1|5,1|29,2|9,2|
#setting_targetting_pos=22,29|19,2|15,30|2,1|25,30|5,30|29,30|9,30|
lrduRduR
#0000000000000000000
#assigned_pet=-1,-1,-1,-1,-1,-1,-1,-1,
#assigned_hub=0,0,0,0,0,0,0,0,
#moving_targetting_pos=22,1|19,30|15,1|2,29|25,1|5,1|29,2|9,2|
#setting_targetting_pos=22,29|19,2|15,30|2,1|25,30|5,30|29,30|9,30|
RdR.RRRR
#0000000000000000000
#assigned_pet=-1,-1,-1,-1,-1,-1,-1,-1,
#assigned_hub=0,0,0,0,0,0,0,0,
#moving_targetting_pos=22,1|19,30|15,1|2,29|25,1|5,1|29,2|9,2|
#setting_targetting_pos=22,29|19,2|15,30|2,1|25,30|5,30|29,30|9,30|
RLdrRuRl
#0000000000000000000
#assigned_pet=-1,-1,-1,-1,-1,-1,-1,-1,
#assigned_hub=0,0,0,0,0,0,0,0,
#moving_targetting_pos=22,1|19,30|12,29|2,29|25,1|5,1|29,2|9,2|
#setting_targetting_pos=22,29|19,2|12,1|2,1|25,30|5,30|29,30|9,30|
.LLLuRdd
#0000000000000000000
#assigned_pet=-1,-1,-1,-1,-1,-1,-1,-1,
#assigned_hub=0,0,0,0,0,0,0,0,
#moving_targetting_pos=22,1|19,30|12,29|2,29|25,1|5,1|29,2|9,2|
#setting_targetting_pos=22,29|19,2|12,1|2,1|25,30|5,30|29,30|9,30|
d.ULRRRR
#0000000000000000000
#assigned_pet=-1,-1,-1,-1,-1,-1,-1,-1,
#assigned_hub=0,0,0,0,0,0,0,0,
#moving_targetting_pos=22,1|19,30|12,29|2,29|25,1|5,1|29,2|9,2|
#setting_targetting_pos=22,29|19,2|12,1|2,1|25,30|5,30|29,30|9,30|
R.UrdR.R
#0000000000000000000
#assigned_pet=-1,-1,-1,-1,-1,-1,-1,-1,
#assigned_hub=0,0,0,0,0,0,0,0,
#moving_targetting_pos=22,1|19,30|12,29|2,29|25,1|5,1|29,2|9,2|
#setting_targetting_pos=22,29|19,2|12,1|2,1|25,30|5,30|29,30|9,30|
R.UdRR.d
#0000000000000000000
#assigned_pet=-1,-1,-1,-1,-1,-1,-1,-1,
#assigned_hub=0,0,0,0,0,0,0,0,
#moving_targetting_pos=22,1|19,30|12,29|2,29|25,1|5,1|29,2|9,2|
#setting_targetting_pos=22,29|19,2|12,1|2,1|25,30|5,30|29,30|9,30|
l.rLdu.R
#0000000000000000000
#assigned_pet=-1,-1,-1,-1,-1,-1,-1,-1,
#assigned_hub=0,0,0,0,8,0,0,0,
#moving_targetting_pos=22,1|19,30|12,29|2,29|26,26|5,1|29,2|9,2|
#setting_targetting_pos=22,29|19,2|12,1|2,1|25,30|5,30|29,30|9,30|
uddLLRlR
#0000000000000000000
#assigned_pet=-1,-1,-1,-1,-1,-1,-1,-1,
#assigned_hub=0,0,0,0,8,0,0,0,
#moving_targetting_pos=22,1|19,30|12,29|2,29|26,26|5,1|29,2|9,2|
#setting_targetting_pos=22,29|19,2|12,1|2,1|-1,-1|5,30|29,30|9,30|
RLLLLdRu
#0000000000000000000
#assigned_pet=-1,-1,-1,-1,-1,-1,-1,-1,
#assigned_hub=0,0,0,0,8,0,0,0,
#moving_targetting_pos=22,1|19,30|12,29|2,29|26,26|5,1|29,2|9,2|
#setting_targetting_pos=22,29|19,2|12,1|2,1|-1,-1|5,30|29,30|9,30|
RLLdLRu.
#0000000000000000000
#assigned_pet=-1,-1,-1,-1,-1,-1,-1,-1,
#assigned_hub=0,0,0,0,8,0,0,0,
#moving_targetting_pos=22,1|19,30|12,29|2,29|-1,-1|5,1|29,2|9,2|
#setting_targetting_pos=22,29|19,2|12,1|2,1|-1,-1|5,30|29,30|9,30|
lrL..dR.
#0000000000000000000
#assigned_pet=-1,-1,-1,-1,13,-1,-1,-1,
#assigned_hub=0,0,0,0,8,2,0,0,
#moving_targetting_pos=22,1|19,30|12,29|2,29|-1,-1|6,26|29,2|9,2|
#setting_targetting_pos=22,29|19,2|12,1|2,1|28,27|5,30|29,30|9,30|
duduDLR.
#0000000000000000000
#assigned_pet=-1,-1,-1,-1,13,-1,-1,-1,
#assigned_hub=0,0,0,0,8,2,0,0,
#moving_targetting_pos=22,1|19,30|12,29|2,29|-1,-1|6,26|29,2|9,2|
#setting_targetting_pos=22,29|19,2|12,1|2,1|28,27|-1,-1|29,30|9,30|
RLuLDLdl
#0000000000000000000
#assigned_pet=-1,-1,-1,-1,13,-1,-1,-1,
#assigned_hub=0,0,0,0,8,2,0,0,
#moving_targetting_pos=22,1|19,30|12,29|2,29|-1,-1|6,26|29,2|9,2|
#setting_targetting_pos=22,29|19,2|12,1|2,1|28,27|-1,-1|29,30|9,30|
RLLr.LlR
#0000000000000100000
#assigned_pet=-1,-1,-1,-1,13,18,-1,-1,
#assigned_hub=0,0,0,0,8,2,5,0,
#moving_targetting_pos=22,1|19,30|12,29|2,29|-1,-1|-1,-1|16,26|9,2|
#setting_targetting_pos=22,29|19,2|12,1|2,1|28,27|7,28|29,30|9,30|
Rd.LdRUR
#0000000000000100000
#assigned_pet=-1,-1,-1,-1,-1,18,-1,-1,
#assigned_hub=0,0,0,0,8,2,5,0,
#moving_targetting_pos=22,1|19,30|12,29|2,29|-1,-1|-1,-1|16,26|9,2|
#setting_targetting_pos=22,29|19,2|12,1|2,1|-1,-1|7,28|-1,-1|9,30|
uL.L.DLd
#0000000000000100000
#assigned_pet=-1,-1,-1,-1,-1,-1,-1,-1,
#assigned_hub=0,0,0,0,8,2,5,0,
#moving_targetting_pos=22,1|19,30|12,29|2,29|-1,-1|-1,-1|16,26|9,2|
#setting_targetting_pos=22,29|19,2|12,1|2,1|-1,-1|-1,-1|-1,-1|9,30|
.r.d..UR
#0000000000000100000
#assigned_pet=-1,-1,-1,-1,-1,-1,-1,-1,
#assigned_hub=0,0,0,0,8,2,5,0,
#moving_targetting_pos=22,1|19,30|12,29|2,29|-1,-1|-1,-1|16,26|9,2|
#setting_targetting_pos=22,29|19,2|12,1|2,1|-1,-1|-1,-1|-1,-1|9,30|
dL.L..Ll
#0000000000000100000
#assigned_pet=-1,-1,-1,-1,-1,-1,-1,-1,
#assigned_hub=0,0,0,0,8,2,5,0,
#moving_targetting_pos=22,1|19,30|12,29|2,29|-1,-1|-1,-1|16,26|9,2|
#setting_targetting_pos=22,29|19,2|12,1|2,1|-1,-1|-1,-1|-1,-1|9,30|
Ru.L..LR
#0000000000000100000
#assigned_pet=-1,-1,-1,-1,-1,-1,-1,-1,
#assigned_hub=0,0,0,0,8,2,5,0,
#moving_targetting_pos=22,1|19,30|12,29|2,29|-1,-1|-1,-1|16,26|9,2|
#setting_targetting_pos=22,29|19,2|12,1|2,1|-1,-1|-1,-1|-1,-1|9,30|
lL.u..U.
#0000000000000100000
#assigned_pet=-1,-1,-1,-1,-1,-1,-1,-1,
#assigned_hub=0,0,0,0,8,2,5,0,
#moving_targetting_pos=22,1|19,30|12,29|2,29|-1,-1|-1,-1|16,26|9,2|
#setting_targetting_pos=22,29|19,2|12,1|2,1|-1,-1|-1,-1|-1,-1|9,30|
RL.r..U.
#0000000000000100000
#assigned_pet=-1,-1,-1,-1,-1,2,-1,-1,
#assigned_hub=0,0,0,0,8,2,5,0,
#moving_targetting_pos=22,1|19,30|12,29|6,6|-1,-1|-1,-1|16,26|9,2|
#setting_targetting_pos=22,29|19,2|12,1|2,1|-1,-1|7,28|-1,-1|9,30|
Rr.D..U.
#0000000000000100000
#assigned_pet=-1,-1,-1,-1,-1,2,-1,-1,
#assigned_hub=0,0,0,0,8,2,5,0,
#moving_targetting_pos=22,1|19,30|12,29|6,6|-1,-1|-1,-1|16,26|9,2|
#setting_targetting_pos=22,29|19,2|12,1|-1,-1|-1,-1|7,28|-1,-1|9,30|
rd.R..Uu
#0000000000000100000
#assigned_pet=-1,-1,-1,-1,-1,2,-1,-1,
#assigned_hub=0,3,0,0,8,2,5,0,
#moving_targetting_pos=22,1|16,6|12,29|6,6|-1,-1|-1,-1|16,26|9,2|
#setting_targetting_pos=22,29|19,2|12,1|-1,-1|-1,-1|7,28|-1,-1|9,30|
dU.D..UR
#0000000000000100000
#assigned_pet=-1,-1,-1,-1,-1,2,-1,-1,
#assigned_hub=7,3,0,0,8,2,5,0,
#moving_targetting_pos=26,16|16,6|12,29|6,6|-1,-1|-1,-1|16,26|9,2|
#setting_targetting_pos=22,29|-1,-1|12,1|-1,-1|-1,-1|7,28|-1,-1|9,30|
LR.R..UR
#0000000000000100000
#assigned_pet=-1,-1,-1,-1,-1,-1,-1,-1,
#assigned_hub=7,3,0,0,8,2,5,0,
#moving_targetting_pos=26,16|16,6|12,29|6,6|-1,-1|-1,-1|16,26|9,2|
#setting_targetting_pos=-1,-1|-1,-1|12,1|-1,-1|-1,-1|-1,-1|-1,-1|9,30|
LU.D..Ul
#0000000000000100000
#assigned_pet=-1,-1,-1,-1,-1,6,-1,-1,
#assigned_hub=7,3,0,0,8,2,5,0,
#moving_targetting_pos=26,16|16,6|12,29|6,6|-1,-1|-1,-1|16,26|9,2|
#setting_targetting_pos=-1,-1|-1,-1|12,1|-1,-1|-1,-1|7,28|-1,-1|9,30|
DR.R..U.
#0000000000000100000
#assigned_pet=-1,-1,-1,-1,-1,6,-1,-1,
#assigned_hub=7,3,0,0,8,2,5,0,
#moving_targetting_pos=26,16|16,6|12,29|6,6|-1,-1|-1,-1|16,26|9,2|
#setting_targetting_pos=-1,-1|-1,-1|12,1|-1,-1|-1,-1|7,28|-1,-1|9,30|
DR.R..U.
#1000000000000100000
#assigned_pet=-1,-1,-1,0,-1,6,-1,-1,
#assigned_hub=7,3,0,0,8,2,5,0,
#moving_targetting_pos=26,16|-1,-1|12,29|-1,-1|-1,-1|-1,-1|16,26|9,2|
#setting_targetting_pos=-1,-1|-1,-1|12,1|5,4|-1,-1|7,28|-1,-1|9,30|
L..l..L.
#1000010000000100000
#assigned_pet=-1,-1,-1,5,-1,3,-1,-1,
#assigned_hub=7,3,0,0,8,2,5,0,
#moving_targetting_pos=26,16|-1,-1|12,29|-1,-1|-1,-1|-1,-1|-1,-1|9,2|
#setting_targetting_pos=-1,-1|-1,-1|12,1|4,5|-1,-1|7,28|-1,-1|9,30|
L.ru....
#1000010000000100000
#assigned_pet=-1,-1,-1,4,-1,3,-1,-1,
#assigned_hub=7,3,0,0,8,2,5,0,
#moving_targetting_pos=26,16|-1,-1|12,29|-1,-1|-1,-1|-1,-1|-1,-1|9,2|
#setting_targetting_pos=-1,-1|-1,-1|12,1|4,7|-1,-1|7,28|-1,-1|9,30|
D.LR....
#1000010000000100000
#assigned_pet=-1,-1,-1,4,-1,3,-1,-1,
#assigned_hub=7,3,0,0,8,2,5,0,
#moving_targetting_pos=26,16|-1,-1|12,29|-1,-1|-1,-1|-1,-1|-1,-1|9,2|
#setting_targetting_pos=-1,-1|-1,-1|12,1|4,7|-1,-1|7,28|-1,-1|9,30|
L.LR....
#1000010000000100000
#assigned_pet=-1,-1,-1,-1,-1,3,-1,-1,
#assigned_hub=7,3,0,0,8,2,5,0,
#moving_targetting_pos=26,16|-1,-1|12,29|-1,-1|-1,-1|-1,-1|-1,-1|9,2|
#setting_targetting_pos=-1,-1|-1,-1|12,1|-1,-1|-1,-1|7,28|-1,-1|9,30|
L.d.....
#1000010000000100000
#assigned_pet=-1,-1,-1,-1,-1,3,-1,-1,
#assigned_hub=7,3,0,0,8,2,5,0,
#moving_targetting_pos=26,16|-1,-1|12,29|-1,-1|-1,-1|-1,-1|-1,-1|9,2|
#setting_targetting_pos=-1,-1|-1,-1|12,1|-1,-1|-1,-1|7,28|-1,-1|9,30|
L.L....d
#1000010000000100000
#assigned_pet=-1,-1,-1,4,17,3,17,-1,
#assigned_hub=7,3,0,0,8,2,5,1,
#moving_targetting_pos=26,16|-1,-1|12,29|-1,-1|-1,-1|-1,-1|-1,-1|6,16|
#setting_targetting_pos=-1,-1|-1,-1|12,1|4,7|24,27|7,28|18,27|9,30|
L.L.U..U
#1000110000000100000
#assigned_pet=-1,-1,-1,4,17,3,17,-1,
#assigned_hub=7,3,0,0,8,2,5,1,
#moving_targetting_pos=26,16|-1,-1|12,29|-1,-1|-1,-1|-1,-1|-1,-1|6,16|
#setting_targetting_pos=-1,-1|-1,-1|12,1|4,7|24,27|7,28|18,27|-1,-1|
L.ruU..L
#1000110000000100010
#assigned_pet=-1,-1,-1,-1,17,3,17,-1,
#assigned_hub=7,3,0,0,8,2,5,1,
#moving_targetting_pos=26,16|-1,-1|12,29|-1,-1|-1,-1|-1,-1|-1,-1|6,16|
#setting_targetting_pos=-1,-1|-1,-1|12,1|-1,-1|24,27|7,28|18,27|-1,-1|
L.u.u.rU
#1000110000000100010
#assigned_pet=-1,-1,-1,-1,-1,3,-1,-1,
#assigned_hub=7,3,0,0,8,2,5,1,
#moving_targetting_pos=26,16|-1,-1|12,29|-1,-1|-1,-1|-1,-1|-1,-1|6,16|
#setting_targetting_pos=-1,-1|-1,-1|12,1|-1,-1|-1,-1|7,28|-1,-1|-1,-1|
L.L....L
#1000110000000100010
#assigned_pet=-1,-1,-1,-1,-1,2,-1,-1,
#assigned_hub=7,3,0,0,8,2,5,1,
#moving_targetting_pos=26,16|-1,-1|12,29|-1,-1|-1,-1|-1,-1|-1,-1|6,16|
#setting_targetting_pos=-1,-1|-1,-1|12,1|-1,-1|-1,-1|4,27|-1,-1|-1,-1|
L.L..L.L
#1000110000000100010
#assigned_pet=8,-1,-1,-1,8,2,-1,-1,
#assigned_hub=7,3,0,0,8,2,5,1,
#moving_targetting_pos=-1,-1|-1,-1|12,29|-1,-1|-1,-1|-1,-1|-1,-1|6,16|
#setting_targetting_pos=25,18|-1,-1|12,1|-1,-1|25,24|4,27|-1,-1|-1,-1|
..r.LU.L
#1000110000000100010
#assigned_pet=8,-1,-1,-1,8,2,-1,-1,
#assigned_hub=7,3,0,0,8,2,5,1,
#moving_targetting_pos=-1,-1|-1,-1|12,29|-1,-1|-1,-1|-1,-1|-1,-1|6,16|
#setting_targetting_pos=25,18|-1,-1|12,1|-1,-1|25,24|4,27|-1,-1|-1,-1|
..d.L..L
#1000110000000100010
#assigned_pet=-1,-1,-1,-1,10,-1,10,-1,
#assigned_hub=7,3,0,0,8,2,5,1,
#moving_targetting_pos=-1,-1|-1,-1|12,29|-1,-1|-1,-1|-1,-1|-1,-1|6,16|
#setting_targetting_pos=-1,-1|-1,-1|12,1|-1,-1|24,25|-1,-1|18,25|-1,-1|
..L....L
#1000110000000100010
#assigned_pet=8,-1,-1,-1,8,2,-1,-1,
#assigned_hub=7,3,0,0,8,2,5,1,
#moving_targetting_pos=-1,-1|-1,-1|12,29|-1,-1|-1,-1|-1,-1|-1,-1|6,16|
#setting_targetting_pos=25,18|-1,-1|12,1|-1,-1|25,24|4,27|-1,-1|-1,-1|
..L....L
#1000110010000100010
#assigned_pet=8,-1,-1,-1,8,2,-1,-1,
#assigned_hub=7,3,0,0,8,2,5,1,
#moving_targetting_pos=-1,-1|-1,-1|12,29|-1,-1|-1,-1|-1,-1|-1,-1|6,16|
#setting_targetting_pos=25,18|-1,-1|12,1|-1,-1|25,24|4,27|-1,-1|-1,-1|
r.L.l..L
#1000110010110100010
#assigned_pet=-1,-1,-1,-1,10,2,10,-1,
#assigned_hub=7,3,0,0,8,2,5,1,
#moving_targetting_pos=-1,-1|-1,-1|12,29|-1,-1|-1,-1|-1,-1|-1,-1|6,16|
#setting_targetting_pos=-1,-1|-1,-1|12,1|-1,-1|24,25|4,27|18,25|-1,-1|
..d.u.lL
#1010110010110100010
#assigned_pet=-1,-1,-1,-1,-1,2,-1,-1,
#assigned_hub=7,3,0,0,4,2,5,1,
#moving_targetting_pos=-1,-1|-1,-1|12,29|-1,-1|16,16|-1,-1|-1,-1|6,16|
#setting_targetting_pos=-1,-1|-1,-1|12,1|-1,-1|-1,-1|4,27|-1,-1|-1,-1|
..u.Du.L
#1010110010110100010
#assigned_pet=-1,-1,-1,-1,-1,-1,-1,-1,
#assigned_hub=7,3,0,0,4,2,5,1,
#moving_targetting_pos=-1,-1|-1,-1|12,29|-1,-1|16,16|-1,-1|-1,-1|6,16|
#setting_targetting_pos=-1,-1|-1,-1|12,1|-1,-1|-1,-1|-1,-1|-1,-1|-1,-1|
..L.L..L
#1010110010110100010
#assigned_pet=-1,14,-1,14,-1,-1,-1,-1,
#assigned_hub=7,3,0,0,4,2,5,1,
#moving_targetting_pos=-1,-1|-1,-1|12,29|-1,-1|16,16|-1,-1|-1,-1|6,16|
#setting_targetting_pos=-1,-1|14,5|12,1|8,5|-1,-1|-1,-1|-1,-1|-1,-1|
.UrLD..L
#1010110010110100010
#assigned_pet=-1,-1,-1,-1,-1,-1,-1,-1,
#assigned_hub=7,3,0,0,4,2,5,1,
#moving_targetting_pos=-1,-1|-1,-1|12,29|-1,-1|16,16|-1,-1|-1,-1|6,16|
#setting_targetting_pos=-1,-1|-1,-1|12,1|-1,-1|-1,-1|-1,-1|-1,-1|-1,-1|
..L.L..L
#1010110010110100010
#assigned_pet=-1,-1,-1,-1,-1,-1,-1,7,
#assigned_hub=7,3,0,0,4,2,5,1,
#moving_targetting_pos=-1,-1|-1,-1|12,29|-1,-1|16,16|-1,-1|-1,-1|-1,-1|
#setting_targetting_pos=-1,-1|-1,-1|12,1|-1,-1|-1,-1|-1,-1|-1,-1|4,17|
..L.L..U
#1010110010110100010
#assigned_pet=-1,12,-1,-1,-1,-1,-1,7,
#assigned_hub=7,3,0,0,4,2,5,1,
#moving_targetting_pos=-1,-1|-1,-1|12,29|-1,-1|16,16|-1,-1|-1,-1|-1,-1|
#setting_targetting_pos=-1,-1|15,4|12,1|-1,-1|-1,-1|-1,-1|-1,-1|4,17|
.Ld.L..U
#1010110010110100010
#assigned_pet=-1,12,-1,-1,-1,3,-1,3,
#assigned_hub=7,3,0,0,4,2,5,1,
#moving_targetting_pos=-1,-1|-1,-1|12,29|-1,-1|16,16|-1,-1|-1,-1|-1,-1|
#setting_targetting_pos=-1,-1|15,4|12,1|-1,-1|-1,-1|7,24|-1,-1|7,18|
..L.LL.R
#1010110010110100010
#assigned_pet=-1,12,-1,-1,-1,18,-1,18,
#assigned_hub=7,3,0,0,4,2,5,1,
#moving_targetting_pos=-1,-1|-1,-1|12,29|-1,-1|16,16|-1,-1|-1,-1|-1,-1|
#setting_targetting_pos=-1,-1|15,4|12,1|-1,-1|-1,-1|7,24|-1,-1|7,18|
..L.LL.D
#1010110010110100010
#assigned_pet=-1,12,-1,-1,-1,3,-1,3,
#assigned_hub=7,3,0,0,4,2,5,1,
#moving_targetting_pos=-1,-1|-1,-1|12,29|-1,-1|16,16|-1,-1|-1,-1|-1,-1|
#setting_targetting_pos=-1,-1|15,4|12,1|-1,-1|-1,-1|7,24|-1,-1|7,18|
..r.LL..
#1010110010110100010
#assigned_pet=-1,12,-1,-1,-1,9,-1,9,
#assigned_hub=7,3,0,0,4,2,5,1,
#moving_targetting_pos=-1,-1|-1,-1|12,29|-1,-1|16,16|-1,-1|-1,-1|-1,-1|
#setting_targetting_pos=-1,-1|15,4|12,1|-1,-1|-1,-1|7,24|-1,-1|7,18|
..u.LD..
#1010110010110100010
#assigned_pet=-1,12,-1,-1,-1,9,-1,9,
#assigned_hub=7,3,0,0,4,2,5,1,
#moving_targetting_pos=-1,-1|-1,-1|12,29|-1,-1|16,16|-1,-1|-1,-1|-1,-1|
#setting_targetting_pos=-1,-1|15,4|12,1|-1,-1|-1,-1|7,24|-1,-1|7,18|
..L.U...
#1010110010110100010
#assigned_pet=-1,12,-1,-1,-1,9,-1,9,
#assigned_hub=7,3,0,0,4,2,5,1,
#moving_targetting_pos=-1,-1|-1,-1|12,29|-1,-1|16,16|-1,-1|-1,-1|-1,-1|
#setting_targetting_pos=-1,-1|15,4|12,1|-1,-1|-1,-1|7,24|-1,-1|7,18|
..L.U...
#1010110010110100010
#assigned_pet=-1,12,-1,-1,-1,9,-1,9,
#assigned_hub=7,3,0,0,4,2,5,1,
#moving_targetting_pos=-1,-1|-1,-1|12,29|6,6|16,16|-1,-1|-1,-1|-1,-1|
#setting_targetting_pos=-1,-1|15,4|12,1|-1,-1|-1,-1|7,24|-1,-1|7,18|
..r.U...
#1010110010110100010
#assigned_pet=-1,12,-1,-1,-1,18,-1,18,
#assigned_hub=7,3,0,0,4,2,5,1,
#moving_targetting_pos=-1,-1|-1,-1|12,29|-1,-1|16,16|-1,-1|-1,-1|-1,-1|
#setting_targetting_pos=-1,-1|15,4|12,1|-1,-1|-1,-1|7,24|-1,-1|7,18|
..d.U...
#1010110010110100010
#assigned_pet=-1,12,-1,-1,-1,9,-1,9,
#assigned_hub=7,3,0,0,4,2,5,1,
#moving_targetting_pos=-1,-1|-1,-1|12,29|-1,-1|16,16|-1,-1|16,26|-1,-1|
#setting_targetting_pos=-1,-1|15,4|12,1|-1,-1|-1,-1|7,24|-1,-1|7,18|
..L.U...
#1010110010110100010
#assigned_pet=-1,-1,-1,-1,-1,9,-1,9,
#assigned_hub=7,3,0,0,4,2,5,1,
#moving_targetting_pos=-1,-1|-1,-1|12,29|-1,-1|16,16|-1,-1|-1,-1|-1,-1|
#setting_targetting_pos=-1,-1|-1,-1|12,1|-1,-1|-1,-1|7,24|-1,-1|7,18|
..L.U...
#1010110010110100010
#assigned_pet=-1,12,-1,-1,-1,18,-1,18,
#assigned_hub=7,3,0,0,4,2,5,1,
#moving_targetting_pos=-1,-1|-1,-1|12,29|-1,-1|16,16|-1,-1|-1,-1|-1,-1|
#setting_targetting_pos=-1,-1|15,4|12,1|-1,-1|-1,-1|7,24|-1,-1|7,18|
..L.U...
#1010110010110100011
#assigned_pet=-1,12,-1,-1,-1,18,-1,18,
#assigned_hub=7,3,0,0,4,2,5,1,
#moving_targetting_pos=-1,-1|-1,-1|12,29|-1,-1|16,16|-1,-1|-1,-1|-1,-1|
#setting_targetting_pos=-1,-1|15,4|12,1|-1,-1|-1,-1|7,24|-1,-1|7,18|
..d.Ud.d
#1010110010110100011
#assigned_pet=-1,12,-1,-1,-1,-1,-1,-1,
#assigned_hub=7,3,0,0,4,2,5,1,
#moving_targetting_pos=-1,-1|-1,-1|12,29|-1,-1|16,16|-1,-1|-1,-1|-1,-1|
#setting_targetting_pos=-1,-1|15,4|12,1|-1,-1|-1,-1|-1,-1|-1,-1|-1,-1|
..u.U...
#1010110010110100011
#assigned_pet=-1,12,-1,-1,-1,-1,-1,-1,
#assigned_hub=7,3,0,0,4,2,5,1,
#moving_targetting_pos=-1,-1|-1,-1|12,29|-1,-1|16,16|-1,-1|-1,-1|-1,-1|
#setting_targetting_pos=-1,-1|15,4|12,1|-1,-1|-1,-1|-1,-1|-1,-1|-1,-1|
..L.L...
#1010110010110100011
#assigned_pet=6,12,-1,-1,6,-1,-1,-1,
#assigned_hub=7,3,0,0,4,2,5,1,
#moving_targetting_pos=-1,-1|-1,-1|12,29|-1,-1|-1,-1|-1,-1|-1,-1|-1,-1|
#setting_targetting_pos=24,15|15,4|12,1|-1,-1|18,15|-1,-1|-1,-1|-1,-1|
L.r.....
#1010110010110100011
#assigned_pet=-1,-1,-1,-1,15,-1,15,-1,
#assigned_hub=7,3,0,0,4,2,5,1,
#moving_targetting_pos=-1,-1|-1,-1|12,29|-1,-1|-1,-1|6,26|-1,-1|-1,-1|
#setting_targetting_pos=-1,-1|-1,-1|12,1|-1,-1|17,18|-1,-1|17,24|-1,-1|
..L.R.U.
#1010110010111100011
#assigned_pet=-1,12,-1,-1,15,-1,15,-1,
#assigned_hub=7,3,0,0,4,2,5,1,
#moving_targetting_pos=-1,-1|-1,-1|12,29|6,6|-1,-1|6,26|-1,-1|-1,-1|
#setting_targetting_pos=-1,-1|17,4|12,1|-1,-1|17,18|-1,-1|17,24|-1,-1|
.dL.U.L.
#1010110010111100011
#assigned_pet=-1,-1,-1,-1,15,-1,15,-1,
#assigned_hub=7,3,0,0,4,2,5,1,
#moving_targetting_pos=-1,-1|-1,-1|12,29|-1,-1|-1,-1|6,26|-1,-1|-1,-1|
#setting_targetting_pos=-1,-1|-1,-1|12,1|-1,-1|17,18|-1,-1|17,24|-1,-1|
..d.....
#1010110010111101011
#assigned_pet=-1,-1,-1,-1,15,-1,15,-1,
#assigned_hub=7,3,0,0,4,2,5,1,
#moving_targetting_pos=-1,-1|-1,-1|12,29|-1,-1|-1,-1|6,26|-1,-1|-1,-1|
#setting_targetting_pos=-1,-1|-1,-1|12,1|-1,-1|17,18|-1,-1|17,24|-1,-1|
..L.r.l.
#1010110010111101011
#assigned_pet=6,-1,-1,-1,6,-1,-1,-1,
#assigned_hub=7,3,0,0,4,2,5,1,
#moving_targetting_pos=-1,-1|-1,-1|12,29|6,6|-1,-1|6,26|-1,-1|-1,-1|
#setting_targetting_pos=24,17|-1,-1|12,1|-1,-1|18,17|-1,-1|-1,-1|-1,-1|
R.L.....
#1010110010111101011
#assigned_pet=6,-1,-1,-1,6,-1,-1,-1,
#assigned_hub=7,3,0,0,4,2,5,1,
#moving_targetting_pos=-1,-1|-1,-1|12,29|6,6|-1,-1|6,26|-1,-1|-1,-1|
#setting_targetting_pos=24,17|-1,-1|12,1|-1,-1|18,17|-1,-1|-1,-1|-1,-1|
..r.....
#1010110010111101011
#assigned_pet=6,-1,-1,-1,6,-1,-1,-1,
#assigned_hub=7,3,0,0,4,2,5,1,
#moving_targetting_pos=-1,-1|-1,-1|12,29|-1,-1|-1,-1|6,26|-1,-1|-1,-1|
#setting_targetting_pos=24,17|-1,-1|12,1|-1,-1|18,17|-1,-1|-1,-1|-1,-1|
..u.....
#1010110010111101011
#assigned_pet=6,-1,-1,-1,6,-1,-1,-1,
#assigned_hub=7,3,0,0,4,2,5,1,
#moving_targetting_pos=-1,-1|-1,-1|12,29|6,6|-1,-1|6,26|-1,-1|-1,-1|
#setting_targetting_pos=24,17|-1,-1|12,1|-1,-1|18,17|-1,-1|-1,-1|-1,-1|
........
#1010110010111101011
#assigned_pet=6,-1,-1,-1,6,-1,-1,-1,
#assigned_hub=7,3,6,0,4,2,5,1,
#moving_targetting_pos=-1,-1|-1,-1|26,6|-1,-1|-1,-1|6,26|-1,-1|-1,-1|
#setting_targetting_pos=24,17|-1,-1|12,1|-1,-1|18,17|-1,-1|-1,-1|-1,-1|
..D.....
#1010110010111101011
#assigned_pet=7,-1,-1,-1,7,-1,-1,-1,
#assigned_hub=7,3,6,0,4,2,5,1,
#moving_targetting_pos=-1,-1|-1,-1|26,6|6,6|-1,-1|6,26|16,26|-1,-1|
#setting_targetting_pos=24,17|-1,-1|-1,-1|-1,-1|18,17|-1,-1|-1,-1|-1,-1|
..R.....
#1010110010111101011
#assigned_pet=7,-1,-1,-1,7,-1,-1,-1,
#assigned_hub=7,3,6,0,4,2,5,1,
#moving_targetting_pos=-1,-1|-1,-1|26,6|6,6|-1,-1|6,26|-1,-1|-1,-1|
#setting_targetting_pos=24,17|-1,-1|-1,-1|-1,-1|18,17|-1,-1|-1,-1|-1,-1|
..D.....
#1010110010111101011
#assigned_pet=-1,-1,-1,-1,1,-1,-1,1,
#assigned_hub=7,3,6,0,4,2,5,1,
#moving_targetting_pos=-1,-1|-1,-1|26,6|6,6|-1,-1|6,26|16,26|-1,-1|
#setting_targetting_pos=-1,-1|-1,-1|-1,-1|-1,-1|14,15|-1,-1|-1,-1|8,15|
..R.L..L
#1010110010111101011
#assigned_pet=-1,-1,-1,-1,1,-1,-1,1,
#assigned_hub=7,3,6,0,4,2,5,1,
#moving_targetting_pos=-1,-1|-1,-1|26,6|6,6|-1,-1|6,26|16,26|-1,-1|
#setting_targetting_pos=-1,-1|-1,-1|-1,-1|-1,-1|14,15|-1,-1|-1,-1|8,15|
..D.L..L
#1010110010111101011
#assigned_pet=-1,-1,-1,-1,1,-1,-1,1,
#assigned_hub=7,3,6,0,4,2,5,1,
#moving_targetting_pos=-1,-1|-1,-1|26,6|6,6|-1,-1|6,26|16,26|-1,-1|
#setting_targetting_pos=-1,-1|-1,-1|-1,-1|-1,-1|14,15|-1,-1|-1,-1|8,15|
..R.U..L
#1010110010111101011
#assigned_pet=-1,-1,-1,-1,1,-1,-1,1,
#assigned_hub=7,3,6,0,4,2,5,1,
#moving_targetting_pos=-1,-1|-1,-1|26,6|6,6|-1,-1|6,26|16,26|-1,-1|
#setting_targetting_pos=-1,-1|-1,-1|-1,-1|-1,-1|14,15|-1,-1|-1,-1|8,15|
..R.U..D
#1110110010111101011
#assigned_pet=-1,-1,-1,-1,1,-1,-1,1,
#assigned_hub=7,3,6,0,4,2,5,1,
#moving_targetting_pos=-1,-1|-1,-1|26,6|6,6|-1,-1|6,26|16,26|-1,-1|
#setting_targetting_pos=-1,-1|-1,-1|-1,-1|-1,-1|14,15|-1,-1|-1,-1|8,15|
..D.u..d
#1110110010111101011
#assigned_pet=-1,3,-1,-1,3,-1,-1,-1,
#assigned_hub=7,3,6,0,4,2,5,1,
#moving_targetting_pos=-1,-1|-1,-1|26,6|6,6|-1,-1|6,26|16,26|6,16|
#setting_targetting_pos=-1,-1|15,8|-1,-1|-1,-1|15,14|-1,-1|-1,-1|-1,-1|
.RD.....
#1110110010111101011
#assigned_pet=-1,-1,-1,-1,-1,-1,-1,-1,
#assigned_hub=7,3,6,0,4,2,5,1,
#moving_targetting_pos=-1,-1|-1,-1|26,6|-1,-1|-1,-1|6,26|16,26|6,16|
#setting_targetting_pos=-1,-1|-1,-1|-1,-1|-1,-1|-1,-1|-1,-1|-1,-1|-1,-1|
..D.....
#1110110010111101011
#assigned_pet=-1,-1,-1,-1,-1,-1,-1,-1,
#assigned_hub=7,3,6,0,4,2,5,1,
#moving_targetting_pos=-1,-1|-1,-1|26,6|-1,-1|-1,-1|6,26|16,26|6,16|
#setting_targetting_pos=-1,-1|-1,-1|-1,-1|-1,-1|-1,-1|-1,-1|-1,-1|-1,-1|
..D.....
#1110110010111101011
#assigned_pet=-1,-1,-1,-1,-1,-1,-1,-1,
#assigned_hub=7,3,6,0,4,2,5,1,
#moving_targetting_pos=-1,-1|-1,-1|26,6|-1,-1|-1,-1|6,26|16,26|6,16|
#setting_targetting_pos=-1,-1|-1,-1|-1,-1|-1,-1|-1,-1|-1,-1|-1,-1|-1,-1|
..D.....
#1110110010111101011
#assigned_pet=-1,16,-1,-1,16,-1,-1,-1,
#assigned_hub=7,3,6,0,4,2,5,1,
#moving_targetting_pos=-1,-1|-1,-1|26,6|-1,-1|-1,-1|6,26|16,26|6,16|
#setting_targetting_pos=-1,-1|15,8|-1,-1|-1,-1|15,14|-1,-1|-1,-1|-1,-1|
.RD.....
#1110110010111101011
#assigned_pet=-1,16,-1,-1,16,-1,-1,-1,
#assigned_hub=7,3,6,0,4,2,5,1,
#moving_targetting_pos=-1,-1|-1,-1|26,6|-1,-1|-1,-1|6,26|16,26|6,16|
#setting_targetting_pos=-1,-1|15,8|-1,-1|-1,-1|15,14|-1,-1|-1,-1|-1,-1|
.RD.....
#1110110010111101011
#assigned_pet=-1,16,-1,-1,16,-1,-1,-1,
#assigned_hub=7,3,6,0,4,2,5,1,
#moving_targetting_pos=-1,-1|-1,-1|26,6|-1,-1|-1,-1|6,26|16,26|6,16|
#setting_targetting_pos=-1,-1|15,8|-1,-1|-1,-1|15,14|-1,-1|-1,-1|-1,-1|
.RD.....
#1110110010111101011
#assigned_pet=-1,3,-1,-1,3,-1,-1,-1,
#assigned_hub=7,3,6,0,4,2,5,1,
#moving_targetting_pos=-1,-1|-1,-1|26,6|-1,-1|-1,-1|6,26|16,26|6,16|
#setting_targetting_pos=-1,-1|15,8|-1,-1|-1,-1|15,14|-1,-1|-1,-1|-1,-1|
..D.....
#1111110010111101111
#assigned_pet=-1,3,-1,-1,3,-1,-1,-1,
#assigned_hub=7,3,6,0,4,2,5,1,
#moving_targetting_pos=-1,-1|-1,-1|26,6|-1,-1|-1,-1|6,26|16,26|6,16|
#setting_targetting_pos=-1,-1|15,8|-1,-1|-1,-1|15,14|-1,-1|-1,-1|-1,-1|
.uR.l...
#1111110010111101111
#assigned_pet=-1,6,-1,6,-1,-1,-1,-1,
#assigned_hub=7,3,6,0,4,2,5,1,
#moving_targetting_pos=-1,-1|-1,-1|-1,-1|-1,-1|-1,-1|6,26|16,26|-1,-1|
#setting_targetting_pos=-1,-1|14,7|-1,-1|8,7|-1,-1|-1,-1|-1,-1|-1,-1|
.L.R....
#1111110010111101111
#assigned_pet=-1,6,-1,6,-1,-1,-1,-1,
#assigned_hub=7,3,6,0,4,2,5,1,
#moving_targetting_pos=-1,-1|-1,-1|-1,-1|-1,-1|-1,-1|6,26|16,26|-1,-1|
#setting_targetting_pos=-1,-1|14,7|-1,-1|8,7|-1,-1|-1,-1|-1,-1|-1,-1|
.U.D....
#1111110010111101111
#assigned_pet=-1,6,-1,6,-1,-1,-1,-1,
#assigned_hub=7,3,6,0,4,2,5,1,
#moving_targetting_pos=-1,-1|-1,-1|-1,-1|-1,-1|-1,-1|6,26|16,26|-1,-1|
#setting_targetting_pos=-1,-1|14,7|-1,-1|8,7|-1,-1|-1,-1|-1,-1|-1,-1|
...D....
#1111110010111101111
#assigned_pet=-1,9,-1,9,-1,-1,-1,-1,
#assigned_hub=7,3,6,0,4,2,5,1,
#moving_targetting_pos=-1,-1|-1,-1|-1,-1|-1,-1|-1,-1|6,26|16,26|-1,-1|
#setting_targetting_pos=-1,-1|14,7|-1,-1|8,7|-1,-1|-1,-1|-1,-1|-1,-1|
........
#1111110010111101111
#assigned_pet=-1,-1,-1,-1,-1,-1,-1,-1,
#assigned_hub=7,3,6,0,4,2,5,1,
#moving_targetting_pos=-1,-1|-1,-1|-1,-1|-1,-1|-1,-1|6,26|16,26|-1,-1|
#setting_targetting_pos=-1,-1|-1,-1|-1,-1|-1,-1|-1,-1|-1,-1|-1,-1|-1,-1|
........
#1111110010111101111
#assigned_pet=-1,-1,-1,9,-1,-1,-1,9,
#assigned_hub=7,3,6,0,4,2,5,1,
#moving_targetting_pos=-1,-1|-1,-1|-1,-1|-1,-1|-1,-1|6,26|16,26|-1,-1|
#setting_targetting_pos=-1,-1|-1,-1|-1,-1|7,8|-1,-1|-1,-1|-1,-1|7,14|
........
#1111110010111101111
#assigned_pet=7,-1,7,9,-1,-1,-1,9,
#assigned_hub=7,3,6,0,4,2,5,1,
#moving_targetting_pos=-1,-1|-1,-1|-1,-1|-1,-1|-1,-1|6,26|16,26|-1,-1|
#setting_targetting_pos=27,14|-1,-1|27,8|7,8|-1,-1|-1,-1|-1,-1|7,14|
L.R.....
#1111110010111101111
#assigned_pet=7,-1,7,9,-1,-1,-1,9,
#assigned_hub=7,3,6,0,4,2,5,1,
#moving_targetting_pos=-1,-1|-1,-1|-1,-1|-1,-1|16,16|6,26|16,26|-1,-1|
#setting_targetting_pos=27,14|-1,-1|27,8|7,8|-1,-1|-1,-1|-1,-1|7,14|
L.D.....
#1111110010111101111
#assigned_pet=7,-1,7,9,-1,-1,-1,9,
#assigned_hub=7,3,6,0,4,2,5,1,
#moving_targetting_pos=-1,-1|-1,-1|-1,-1|-1,-1|-1,-1|6,26|16,26|-1,-1|
#setting_targetting_pos=27,14|-1,-1|27,8|7,8|-1,-1|-1,-1|-1,-1|7,14|
L.R.....
#1111110011111101111
#assigned_pet=7,-1,7,9,-1,-1,-1,9,
#assigned_hub=7,3,6,0,4,2,5,1,
#moving_targetting_pos=-1,-1|-1,-1|-1,-1|-1,-1|16,16|6,26|16,26|-1,-1|
#setting_targetting_pos=27,14|-1,-1|27,8|7,8|-1,-1|-1,-1|-1,-1|7,14|
D.Dr...l
#1111110111111101111
#assigned_pet=7,-1,7,-1,-1,-1,-1,-1,
#assigned_hub=7,3,6,0,4,2,5,1,
#moving_targetting_pos=-1,-1|-1,-1|-1,-1|-1,-1|16,16|6,26|16,26|-1,-1|
#setting_targetting_pos=27,14|-1,-1|27,8|-1,-1|-1,-1|-1,-1|-1,-1|-1,-1|
d.d.....
#1111110111111101111
#assigned_pet=-1,-1,-1,6,-1,-1,-1,6,
#assigned_hub=7,3,6,0,4,2,5,1,
#moving_targetting_pos=26,16|-1,-1|26,6|-1,-1|16,16|6,26|16,26|-1,-1|
#setting_targetting_pos=-1,-1|-1,-1|-1,-1|5,8|-1,-1|-1,-1|-1,-1|5,14|
...U...U
#1111110111111101111
#assigned_pet=-1,-1,-1,6,-1,-1,-1,6,
#assigned_hub=7,3,6,0,4,2,5,1,
#moving_targetting_pos=26,16|-1,-1|26,6|-1,-1|16,16|6,26|16,26|-1,-1|
#setting_targetting_pos=-1,-1|-1,-1|-1,-1|5,8|-1,-1|-1,-1|-1,-1|5,14|
...R...L
#1111111111111101111
#assigned_pet=-1,-1,-1,6,-1,-1,-1,6,
#assigned_hub=7,3,6,0,4,2,5,1,
#moving_targetting_pos=26,16|-1,-1|26,6|-1,-1|16,16|6,26|16,26|-1,-1|
#setting_targetting_pos=-1,-1|-1,-1|-1,-1|5,8|-1,-1|-1,-1|-1,-1|5,14|
...u...u
#1111111111111101111
#assigned_pet=-1,-1,-1,-1,-1,-1,-1,-1,
#assigned_hub=7,3,6,0,4,2,5,1,
#moving_targetting_pos=26,16|-1,-1|-1,-1|-1,-1|-1,-1|6,26|16,26|6,16|
#setting_targetting_pos=-1,-1|-1,-1|-1,-1|-1,-1|-1,-1|-1,-1|-1,-1|-1,-1|
........
#1111111111111101111
#assigned_pet=-1,-1,-1,-1,-1,-1,-1,-1,
#assigned_hub=7,3,6,0,4,2,5,1,
#moving_targetting_pos=26,16|-1,-1|-1,-1|6,6|-1,-1|6,26|16,26|6,16|
#setting_targetting_pos=-1,-1|-1,-1|-1,-1|-1,-1|-1,-1|-1,-1|-1,-1|-1,-1|
........
#1111111111111101111
#assigned_pet=-1,-1,-1,-1,-1,-1,-1,-1,
#assigned_hub=7,3,6,0,4,2,5,1,
#moving_targetting_pos=26,16|-1,-1|-1,-1|-1,-1|-1,-1|6,26|16,26|6,16|
#setting_targetting_pos=-1,-1|-1,-1|-1,-1|-1,-1|-1,-1|-1,-1|-1,-1|-1,-1|
........
#1111111111111101111
#assigned_pet=-1,-1,-1,-1,-1,-1,-1,-1,
#assigned_hub=7,3,6,0,4,2,5,1,
#moving_targetting_pos=26,16|-1,-1|26,6|6,6|16,16|6,26|16,26|6,16|
#setting_targetting_pos=-1,-1|-1,-1|-1,-1|-1,-1|-1,-1|-1,-1|-1,-1|-1,-1|
........
#1111111111111101111
#assigned_pet=-1,-1,-1,-1,-1,-1,-1,-1,
#assigned_hub=7,3,6,0,4,2,5,1,
#moving_targetting_pos=26,16|-1,-1|26,6|6,6|16,16|6,26|16,26|6,16|
#setting_targetting_pos=-1,-1|-1,-1|-1,-1|-1,-1|-1,-1|-1,-1|-1,-1|-1,-1|
........
#1111111111111101111
#assigned_pet=-1,-1,-1,-1,-1,-1,-1,-1,
#assigned_hub=7,3,6,0,4,2,5,1,
#moving_targetting_pos=26,16|-1,-1|26,6|6,6|16,16|6,26|16,26|6,16|
#setting_targetting_pos=-1,-1|-1,-1|-1,-1|-1,-1|-1,-1|-1,-1|-1,-1|-1,-1|
........
#1111111111111101111
#assigned_pet=-1,-1,-1,-1,-1,-1,-1,-1,
#assigned_hub=7,3,6,0,4,2,5,1,
#moving_targetting_pos=26,16|-1,-1|-1,-1|6,6|-1,-1|6,26|16,26|6,16|
#setting_targetting_pos=-1,-1|-1,-1|-1,-1|-1,-1|-1,-1|-1,-1|-1,-1|-1,-1|
........
#1111111111111101111
#assigned_pet=-1,-1,-1,-1,-1,-1,-1,-1,
#assigned_hub=7,3,6,0,4,2,5,1,
#moving_targetting_pos=26,16|-1,-1|-1,-1|6,6|16,16|6,26|16,26|6,16|
#setting_targetting_pos=-1,-1|-1,-1|-1,-1|-1,-1|-1,-1|-1,-1|-1,-1|-1,-1|
........
#1111111111111101111
#assigned_pet=-1,14,14,-1,-1,-1,-1,-1,
#assigned_hub=7,3,6,0,4,2,5,1,
#moving_targetting_pos=26,16|-1,-1|-1,-1|6,6|16,16|6,26|16,26|6,16|
#setting_targetting_pos=-1,-1|18,5|24,5|-1,-1|-1,-1|-1,-1|-1,-1|-1,-1|
.LL.....
#1111111111111101111
#assigned_pet=-1,14,14,-1,-1,-1,-1,-1,
#assigned_hub=7,3,6,0,4,2,5,1,
#moving_targetting_pos=26,16|-1,-1|-1,-1|6,6|16,16|6,26|16,26|6,16|
#setting_targetting_pos=-1,-1|18,5|24,5|-1,-1|-1,-1|-1,-1|-1,-1|-1,-1|
.LL.....
#1111111111111101111
#assigned_pet=-1,14,14,-1,-1,-1,-1,-1,
#assigned_hub=7,3,6,0,4,2,5,1,
#moving_targetting_pos=26,16|-1,-1|-1,-1|6,6|16,16|6,26|16,26|6,16|
#setting_targetting_pos=-1,-1|18,5|24,5|-1,-1|-1,-1|-1,-1|-1,-1|-1,-1|
.DL.....
#1111111111111101111
#assigned_pet=-1,14,14,-1,-1,-1,-1,-1,
#assigned_hub=7,3,6,0,4,2,5,1,
#moving_targetting_pos=26,16|-1,-1|-1,-1|6,6|16,16|6,26|16,26|6,16|
#setting_targetting_pos=-1,-1|18,5|24,5|-1,-1|-1,-1|-1,-1|-1,-1|-1,-1|
.DU.....
#1111111111111111111
#assigned_pet=-1,14,14,-1,-1,-1,-1,-1,
#assigned_hub=7,3,6,0,4,2,5,1,
#moving_targetting_pos=26,16|-1,-1|-1,-1|6,6|16,16|6,26|16,26|6,16|
#setting_targetting_pos=-1,-1|18,5|24,5|-1,-1|-1,-1|-1,-1|-1,-1|-1,-1|
.du.....
#1111111111111111111
#assigned_pet=-1,-1,-1,-1,-1,-1,-1,-1,
#assigned_hub=7,3,6,0,4,2,5,1,
#moving_targetting_pos=26,16|16,6|26,6|6,6|16,16|6,26|16,26|6,16|
#setting_targetting_pos=-1,-1|-1,-1|-1,-1|-1,-1|-1,-1|-1,-1|-1,-1|-1,-1|
........
#1111111111111111111
#assigned_pet=-1,-1,-1,-1,-1,-1,-1,-1,
#assigned_hub=7,3,6,0,4,2,5,1,
#moving_targetting_pos=26,16|16,6|26,6|6,6|16,16|6,26|16,26|6,16|
#setting_targetting_pos=-1,-1|-1,-1|-1,-1|-1,-1|-1,-1|-1,-1|-1,-1|-1,-1|
........
#1111111111111111111
#assigned_pet=-1,-1,-1,-1,-1,-1,-1,-1,
#assigned_hub=7,3,6,0,4,2,5,1,
#moving_targetting_pos=26,16|16,6|26,6|6,6|16,16|6,26|16,26|6,16|
#setting_targetting_pos=-1,-1|-1,-1|-1,-1|-1,-1|-1,-1|-1,-1|-1,-1|-1,-1|
........
#1111111111111111111
#assigned_pet=-1,-1,-1,-1,-1,-1,-1,-1,
#assigned_hub=7,3,6,0,4,2,5,1,
#moving_targetting_pos=26,16|16,6|26,6|6,6|16,16|6,26|16,26|6,16|
#setting_targetting_pos=-1,-1|-1,-1|-1,-1|-1,-1|-1,-1|-1,-1|-1,-1|-1,-1|
........
#1111111111111111111
#assigned_pet=-1,-1,-1,-1,-1,-1,-1,-1,
#assigned_hub=7,3,6,0,4,2,5,1,
#moving_targetting_pos=26,16|16,6|26,6|6,6|16,16|6,26|16,26|6,16|
#setting_targetting_pos=-1,-1|-1,-1|-1,-1|-1,-1|-1,-1|-1,-1|-1,-1|-1,-1|
........
#1111111111111111111
#assigned_pet=-1,-1,-1,-1,-1,-1,-1,-1,
#assigned_hub=7,3,6,0,4,2,5,1,
#moving_targetting_pos=26,16|16,6|26,6|6,6|16,16|6,26|16,26|6,16|
#setting_targetting_pos=-1,-1|-1,-1|-1,-1|-1,-1|-1,-1|-1,-1|-1,-1|-1,-1|
........
#1111111111111111111
#assigned_pet=-1,-1,-1,-1,-1,-1,-1,-1,
#assigned_hub=7,3,6,0,4,2,5,1,
#moving_targetting_pos=26,16|16,6|26,6|6,6|16,16|6,26|16,26|6,16|
#setting_targetting_pos=-1,-1|-1,-1|-1,-1|-1,-1|-1,-1|-1,-1|-1,-1|-1,-1|
........
#1111111111111111111
#assigned_pet=-1,-1,-1,-1,-1,-1,-1,-1,
#assigned_hub=7,3,6,0,4,2,5,1,
#moving_targetting_pos=26,16|16,6|26,6|6,6|16,16|6,26|16,26|6,16|
#setting_targetting_pos=-1,-1|-1,-1|-1,-1|-1,-1|-1,-1|-1,-1|-1,-1|-1,-1|
........
#1111111111111111111
#assigned_pet=-1,-1,-1,-1,-1,-1,-1,-1,
#assigned_hub=7,3,6,0,4,2,5,1,
#moving_targetting_pos=26,16|16,6|26,6|6,6|16,16|6,26|16,26|6,16|
#setting_targetting_pos=-1,-1|-1,-1|-1,-1|-1,-1|-1,-1|-1,-1|-1,-1|-1,-1|
........
#1111111111111111111
#assigned_pet=-1,-1,-1,-1,-1,-1,-1,-1,
#assigned_hub=7,3,6,0,4,2,5,1,
#moving_targetting_pos=26,16|16,6|26,6|6,6|16,16|6,26|16,26|6,16|
#setting_targetting_pos=-1,-1|-1,-1|-1,-1|-1,-1|-1,-1|-1,-1|-1,-1|-1,-1|
........
#1111111111111111111
#assigned_pet=-1,-1,-1,-1,-1,-1,-1,-1,
#assigned_hub=7,3,6,0,4,2,5,1,
#moving_targetting_pos=26,16|16,6|26,6|6,6|16,16|6,26|16,26|6,16|
#setting_targetting_pos=-1,-1|-1,-1|-1,-1|-1,-1|-1,-1|-1,-1|-1,-1|-1,-1|
........
#1111111111111111111
#assigned_pet=-1,-1,-1,-1,-1,-1,-1,-1,
#assigned_hub=7,3,6,0,4,2,5,1,
#moving_targetting_pos=26,16|16,6|26,6|6,6|16,16|6,26|16,26|6,16|
#setting_targetting_pos=-1,-1|-1,-1|-1,-1|-1,-1|-1,-1|-1,-1|-1,-1|-1,-1|
........
#1111111111111111111
#assigned_pet=-1,-1,-1,-1,-1,-1,-1,-1,
#assigned_hub=7,3,6,0,4,2,5,1,
#moving_targetting_pos=26,16|16,6|26,6|6,6|16,16|6,26|16,26|6,16|
#setting_targetting_pos=-1,-1|-1,-1|-1,-1|-1,-1|-1,-1|-1,-1|-1,-1|-1,-1|
........
#1111111111111111111
#assigned_pet=-1,-1,-1,-1,-1,-1,-1,-1,
#assigned_hub=7,3,6,0,4,2,5,1,
#moving_targetting_pos=26,16|16,6|26,6|6,6|16,16|6,26|16,26|6,16|
#setting_targetting_pos=-1,-1|-1,-1|-1,-1|-1,-1|-1,-1|-1,-1|-1,-1|-1,-1|
........
#1111111111111111111
#assigned_pet=-1,-1,-1,-1,-1,-1,-1,-1,
#assigned_hub=7,3,6,0,4,2,5,1,
#moving_targetting_pos=26,16|16,6|26,6|6,6|16,16|6,26|16,26|6,16|
#setting_targetting_pos=-1,-1|-1,-1|-1,-1|-1,-1|-1,-1|-1,-1|-1,-1|-1,-1|
........
#1111111111111111111
#assigned_pet=-1,-1,-1,-1,-1,-1,-1,-1,
#assigned_hub=7,3,6,0,4,2,5,1,
#moving_targetting_pos=26,16|16,6|26,6|6,6|16,16|6,26|16,26|6,16|
#setting_targetting_pos=-1,-1|-1,-1|-1,-1|-1,-1|-1,-1|-1,-1|-1,-1|-1,-1|
........
#1111111111111111111
#assigned_pet=-1,-1,-1,-1,-1,-1,-1,-1,
#assigned_hub=7,3,6,0,4,2,5,1,
#moving_targetting_pos=26,16|16,6|26,6|6,6|16,16|6,26|16,26|6,16|
#setting_targetting_pos=-1,-1|-1,-1|-1,-1|-1,-1|-1,-1|-1,-1|-1,-1|-1,-1|
........
#1111111111111111111
#assigned_pet=-1,-1,-1,-1,-1,-1,-1,-1,
#assigned_hub=7,3,6,0,4,2,5,1,
#moving_targetting_pos=26,16|16,6|26,6|6,6|16,16|6,26|16,26|6,16|
#setting_targetting_pos=-1,-1|-1,-1|-1,-1|-1,-1|-1,-1|-1,-1|-1,-1|-1,-1|
........
#1111111111111111111
#assigned_pet=-1,-1,-1,-1,-1,-1,-1,-1,
#assigned_hub=7,3,6,0,4,2,5,1,
#moving_targetting_pos=26,16|16,6|26,6|6,6|16,16|6,26|16,26|6,16|
#setting_targetting_pos=-1,-1|-1,-1|-1,-1|-1,-1|-1,-1|-1,-1|-1,-1|-1,-1|
........
#1111111111111111111
#assigned_pet=-1,-1,-1,-1,-1,-1,-1,-1,
#assigned_hub=7,3,6,0,4,2,5,1,
#moving_targetting_pos=26,16|16,6|26,6|6,6|16,16|6,26|16,26|6,16|
#setting_targetting_pos=-1,-1|-1,-1|-1,-1|-1,-1|-1,-1|-1,-1|-1,-1|-1,-1|
........
#1111111111111111111
#assigned_pet=-1,-1,-1,-1,-1,-1,-1,-1,
#assigned_hub=7,3,6,0,4,2,5,1,
#moving_targetting_pos=26,16|16,6|26,6|6,6|16,16|6,26|16,26|6,16|
#setting_targetting_pos=-1,-1|-1,-1|-1,-1|-1,-1|-1,-1|-1,-1|-1,-1|-1,-1|
........
#1111111111111111111
#assigned_pet=-1,-1,-1,-1,-1,-1,-1,-1,
#assigned_hub=7,3,6,0,4,2,5,1,
#moving_targetting_pos=26,16|16,6|26,6|6,6|16,16|6,26|16,26|6,16|
#setting_targetting_pos=-1,-1|-1,-1|-1,-1|-1,-1|-1,-1|-1,-1|-1,-1|-1,-1|
........
#1111111111111111111
#assigned_pet=-1,-1,-1,-1,-1,-1,-1,-1,
#assigned_hub=7,3,6,0,4,2,5,1,
#moving_targetting_pos=26,16|16,6|26,6|6,6|16,16|6,26|16,26|6,16|
#setting_targetting_pos=-1,-1|-1,-1|-1,-1|-1,-1|-1,-1|-1,-1|-1,-1|-1,-1|
........
#1111111111111111111
#assigned_pet=-1,-1,-1,-1,-1,-1,-1,-1,
#assigned_hub=7,3,6,0,4,2,5,1,
#moving_targetting_pos=26,16|16,6|26,6|6,6|16,16|6,26|16,26|6,16|
#setting_targetting_pos=-1,-1|-1,-1|-1,-1|-1,-1|-1,-1|-1,-1|-1,-1|-1,-1|
........
#1111111111111111111
#assigned_pet=-1,-1,-1,-1,-1,-1,-1,-1,
#assigned_hub=7,3,6,0,4,2,5,1,
#moving_targetting_pos=26,16|16,6|26,6|6,6|16,16|6,26|16,26|6,16|
#setting_targetting_pos=-1,-1|-1,-1|-1,-1|-1,-1|-1,-1|-1,-1|-1,-1|-1,-1|
........
#1111111111111111111
#assigned_pet=-1,-1,-1,-1,-1,-1,-1,-1,
#assigned_hub=7,3,6,0,4,2,5,1,
#moving_targetting_pos=26,16|16,6|26,6|6,6|16,16|6,26|16,26|6,16|
#setting_targetting_pos=-1,-1|-1,-1|-1,-1|-1,-1|-1,-1|-1,-1|-1,-1|-1,-1|
........
#1111111111111111111
#assigned_pet=-1,-1,-1,-1,-1,-1,-1,-1,
#assigned_hub=7,3,6,0,4,2,5,1,
#moving_targetting_pos=26,16|16,6|26,6|6,6|16,16|6,26|16,26|6,16|
#setting_targetting_pos=-1,-1|-1,-1|-1,-1|-1,-1|-1,-1|-1,-1|-1,-1|-1,-1|
........
#1111111111111111111
#assigned_pet=-1,-1,-1,-1,-1,-1,-1,-1,
#assigned_hub=7,3,6,0,4,2,5,1,
#moving_targetting_pos=26,16|16,6|26,6|6,6|16,16|6,26|16,26|6,16|
#setting_targetting_pos=-1,-1|-1,-1|-1,-1|-1,-1|-1,-1|-1,-1|-1,-1|-1,-1|
........
#1111111111111111111
#assigned_pet=-1,-1,-1,-1,-1,-1,-1,-1,
#assigned_hub=7,3,6,0,4,2,5,1,
#moving_targetting_pos=26,16|16,6|26,6|6,6|16,16|6,26|16,26|6,16|
#setting_targetting_pos=-1,-1|-1,-1|-1,-1|-1,-1|-1,-1|-1,-1|-1,-1|-1,-1|
........
#1111111111111111111
#assigned_pet=-1,-1,-1,-1,-1,-1,-1,-1,
#assigned_hub=7,3,6,0,4,2,5,1,
#moving_targetting_pos=26,16|16,6|26,6|6,6|16,16|6,26|16,26|6,16|
#setting_targetting_pos=-1,-1|-1,-1|-1,-1|-1,-1|-1,-1|-1,-1|-1,-1|-1,-1|
........
#1111111111111111111
#assigned_pet=-1,-1,-1,-1,-1,-1,-1,-1,
#assigned_hub=7,3,6,0,4,2,5,1,
#moving_targetting_pos=26,16|16,6|26,6|6,6|16,16|6,26|16,26|6,16|
#setting_targetting_pos=-1,-1|-1,-1|-1,-1|-1,-1|-1,-1|-1,-1|-1,-1|-1,-1|
........
#1111111111111111111
#assigned_pet=-1,-1,-1,-1,-1,-1,-1,-1,
#assigned_hub=7,3,6,0,4,2,5,1,
#moving_targetting_pos=26,16|16,6|26,6|6,6|16,16|6,26|16,26|6,16|
#setting_targetting_pos=-1,-1|-1,-1|-1,-1|-1,-1|-1,-1|-1,-1|-1,-1|-1,-1|
........
#1111111111111111111
#assigned_pet=-1,-1,-1,-1,-1,-1,-1,-1,
#assigned_hub=7,3,6,0,4,2,5,1,
#moving_targetting_pos=26,16|16,6|26,6|6,6|16,16|6,26|16,26|6,16|
#setting_targetting_pos=-1,-1|-1,-1|-1,-1|-1,-1|-1,-1|-1,-1|-1,-1|-1,-1|
........
#1111111111111111111
#assigned_pet=-1,-1,-1,-1,-1,-1,-1,-1,
#assigned_hub=7,3,6,0,4,2,5,1,
#moving_targetting_pos=26,16|16,6|26,6|6,6|16,16|6,26|16,26|6,16|
#setting_targetting_pos=-1,-1|-1,-1|-1,-1|-1,-1|-1,-1|-1,-1|-1,-1|-1,-1|
........
#1111111111111111111
#assigned_pet=-1,-1,-1,-1,-1,-1,-1,-1,
#assigned_hub=7,3,6,0,4,2,5,1,
#moving_targetting_pos=26,16|16,6|26,6|6,6|16,16|6,26|16,26|6,16|
#setting_targetting_pos=-1,-1|-1,-1|-1,-1|-1,-1|-1,-1|-1,-1|-1,-1|-1,-1|
........
#1111111111111111111
#assigned_pet=-1,-1,-1,-1,-1,-1,-1,-1,
#assigned_hub=7,3,6,0,4,2,5,1,
#moving_targetting_pos=26,16|16,6|26,6|6,6|16,16|6,26|16,26|6,16|
#setting_targetting_pos=-1,-1|-1,-1|-1,-1|-1,-1|-1,-1|-1,-1|-1,-1|-1,-1|
........
#1111111111111111111
#assigned_pet=-1,-1,-1,-1,-1,-1,-1,-1,
#assigned_hub=7,3,6,0,4,2,5,1,
#moving_targetting_pos=26,16|16,6|26,6|6,6|16,16|6,26|16,26|6,16|
#setting_targetting_pos=-1,-1|-1,-1|-1,-1|-1,-1|-1,-1|-1,-1|-1,-1|-1,-1|
........
#1111111111111111111
#assigned_pet=-1,-1,-1,-1,-1,-1,-1,-1,
#assigned_hub=7,3,6,0,4,2,5,1,
#moving_targetting_pos=26,16|16,6|26,6|6,6|16,16|6,26|16,26|6,16|
#setting_targetting_pos=-1,-1|-1,-1|-1,-1|-1,-1|-1,-1|-1,-1|-1,-1|-1,-1|
........
#1111111111111111111
#assigned_pet=-1,-1,-1,-1,-1,-1,-1,-1,
#assigned_hub=7,3,6,0,4,2,5,1,
#moving_targetting_pos=26,16|16,6|26,6|6,6|16,16|6,26|16,26|6,16|
#setting_targetting_pos=-1,-1|-1,-1|-1,-1|-1,-1|-1,-1|-1,-1|-1,-1|-1,-1|
........
#1111111111111111111
#assigned_pet=-1,-1,-1,-1,-1,-1,-1,-1,
#assigned_hub=7,3,6,0,4,2,5,1,
#moving_targetting_pos=26,16|16,6|26,6|6,6|16,16|6,26|16,26|6,16|
#setting_targetting_pos=-1,-1|-1,-1|-1,-1|-1,-1|-1,-1|-1,-1|-1,-1|-1,-1|
........
#1111111111111111111
#assigned_pet=-1,-1,-1,-1,-1,-1,-1,-1,
#assigned_hub=7,3,6,0,4,2,5,1,
#moving_targetting_pos=26,16|16,6|26,6|6,6|16,16|6,26|16,26|6,16|
#setting_targetting_pos=-1,-1|-1,-1|-1,-1|-1,-1|-1,-1|-1,-1|-1,-1|-1,-1|
........
#1111111111111111111
#assigned_pet=-1,-1,-1,-1,-1,-1,-1,-1,
#assigned_hub=7,3,6,0,4,2,5,1,
#moving_targetting_pos=26,16|16,6|26,6|6,6|16,16|6,26|16,26|6,16|
#setting_targetting_pos=-1,-1|-1,-1|-1,-1|-1,-1|-1,-1|-1,-1|-1,-1|-1,-1|
........
#1111111111111111111
#assigned_pet=-1,-1,-1,-1,-1,-1,-1,-1,
#assigned_hub=7,3,6,0,4,2,5,1,
#moving_targetting_pos=26,16|16,6|26,6|6,6|16,16|6,26|16,26|6,16|
#setting_targetting_pos=-1,-1|-1,-1|-1,-1|-1,-1|-1,-1|-1,-1|-1,-1|-1,-1|
........
#1111111111111111111
#assigned_pet=-1,-1,-1,-1,-1,-1,-1,-1,
#assigned_hub=7,3,6,0,4,2,5,1,
#moving_targetting_pos=26,16|16,6|26,6|6,6|16,16|6,26|16,26|6,16|
#setting_targetting_pos=-1,-1|-1,-1|-1,-1|-1,-1|-1,-1|-1,-1|-1,-1|-1,-1|
........
#1111111111111111111
#assigned_pet=-1,-1,-1,-1,-1,-1,-1,-1,
#assigned_hub=7,3,6,0,4,2,5,1,
#moving_targetting_pos=26,16|16,6|26,6|6,6|16,16|6,26|16,26|6,16|
#setting_targetting_pos=-1,-1|-1,-1|-1,-1|-1,-1|-1,-1|-1,-1|-1,-1|-1,-1|
........
#1111111111111111111
#assigned_pet=-1,-1,-1,-1,-1,-1,-1,-1,
#assigned_hub=7,3,6,0,4,2,5,1,
#moving_targetting_pos=26,16|16,6|26,6|6,6|16,16|6,26|16,26|6,16|
#setting_targetting_pos=-1,-1|-1,-1|-1,-1|-1,-1|-1,-1|-1,-1|-1,-1|-1,-1|
........
#1111111111111111111
#assigned_pet=-1,-1,-1,-1,-1,-1,-1,-1,
#assigned_hub=7,3,6,0,4,2,5,1,
#moving_targetting_pos=26,16|16,6|26,6|6,6|16,16|6,26|16,26|6,16|
#setting_targetting_pos=-1,-1|-1,-1|-1,-1|-1,-1|-1,-1|-1,-1|-1,-1|-1,-1|
........
#1111111111111111111
#assigned_pet=-1,-1,-1,-1,-1,-1,-1,-1,
#assigned_hub=7,3,6,0,4,2,5,1,
#moving_targetting_pos=26,16|16,6|26,6|6,6|16,16|6,26|16,26|6,16|
#setting_targetting_pos=-1,-1|-1,-1|-1,-1|-1,-1|-1,-1|-1,-1|-1,-1|-1,-1|
........
#1111111111111111111
#assigned_pet=-1,-1,-1,-1,-1,-1,-1,-1,
#assigned_hub=7,3,6,0,4,2,5,1,
#moving_targetting_pos=26,16|16,6|26,6|6,6|16,16|6,26|16,26|6,16|
#setting_targetting_pos=-1,-1|-1,-1|-1,-1|-1,-1|-1,-1|-1,-1|-1,-1|-1,-1|
........
#1111111111111111111
#assigned_pet=-1,-1,-1,-1,-1,-1,-1,-1,
#assigned_hub=7,3,6,0,4,2,5,1,
#moving_targetting_pos=26,16|16,6|26,6|6,6|16,16|6,26|16,26|6,16|
#setting_targetting_pos=-1,-1|-1,-1|-1,-1|-1,-1|-1,-1|-1,-1|-1,-1|-1,-1|
........
#1111111111111111111
#assigned_pet=-1,-1,-1,-1,-1,-1,-1,-1,
#assigned_hub=7,3,6,0,4,2,5,1,
#moving_targetting_pos=26,16|16,6|26,6|6,6|16,16|6,26|16,26|6,16|
#setting_targetting_pos=-1,-1|-1,-1|-1,-1|-1,-1|-1,-1|-1,-1|-1,-1|-1,-1|
........
#1111111111111111111
#assigned_pet=-1,-1,-1,-1,-1,-1,-1,-1,
#assigned_hub=7,3,6,0,4,2,5,1,
#moving_targetting_pos=26,16|16,6|26,6|6,6|16,16|6,26|16,26|6,16|
#setting_targetting_pos=-1,-1|-1,-1|-1,-1|-1,-1|-1,-1|-1,-1|-1,-1|-1,-1|
........
#1111111111111111111
#assigned_pet=-1,-1,-1,-1,-1,-1,-1,-1,
#assigned_hub=7,3,6,0,4,2,5,1,
#moving_targetting_pos=26,16|16,6|26,6|6,6|16,16|6,26|16,26|6,16|
#setting_targetting_pos=-1,-1|-1,-1|-1,-1|-1,-1|-1,-1|-1,-1|-1,-1|-1,-1|
........
#1111111111111111111
#assigned_pet=-1,-1,-1,-1,-1,-1,-1,-1,
#assigned_hub=7,3,6,0,4,2,5,1,
#moving_targetting_pos=26,16|16,6|26,6|6,6|16,16|6,26|16,26|6,16|
#setting_targetting_pos=-1,-1|-1,-1|-1,-1|-1,-1|-1,-1|-1,-1|-1,-1|-1,-1|
........
#1111111111111111111
#assigned_pet=-1,-1,-1,-1,-1,-1,-1,-1,
#assigned_hub=7,3,6,0,4,2,5,1,
#moving_targetting_pos=26,16|16,6|26,6|6,6|16,16|6,26|16,26|6,16|
#setting_targetting_pos=-1,-1|-1,-1|-1,-1|-1,-1|-1,-1|-1,-1|-1,-1|-1,-1|
........
#1111111111111111111
#assigned_pet=-1,-1,-1,-1,-1,-1,-1,-1,
#assigned_hub=7,3,6,0,4,2,5,1,
#moving_targetting_pos=26,16|16,6|26,6|6,6|16,16|6,26|16,26|6,16|
#setting_targetting_pos=-1,-1|-1,-1|-1,-1|-1,-1|-1,-1|-1,-1|-1,-1|-1,-1|
........
#1111111111111111111
#assigned_pet=-1,-1,-1,-1,-1,-1,-1,-1,
#assigned_hub=7,3,6,0,4,2,5,1,
#moving_targetting_pos=26,16|16,6|26,6|6,6|16,16|6,26|16,26|6,16|
#setting_targetting_pos=-1,-1|-1,-1|-1,-1|-1,-1|-1,-1|-1,-1|-1,-1|-1,-1|
........
#1111111111111111111
#assigned_pet=-1,-1,-1,-1,-1,-1,-1,-1,
#assigned_hub=7,3,6,0,4,2,5,1,
#moving_targetting_pos=26,16|16,6|26,6|6,6|16,16|6,26|16,26|6,16|
#setting_targetting_pos=-1,-1|-1,-1|-1,-1|-1,-1|-1,-1|-1,-1|-1,-1|-1,-1|
........
#1111111111111111111
#assigned_pet=-1,-1,-1,-1,-1,-1,-1,-1,
#assigned_hub=7,3,6,0,4,2,5,1,
#moving_targetting_pos=26,16|16,6|26,6|6,6|16,16|6,26|16,26|6,16|
#setting_targetting_pos=-1,-1|-1,-1|-1,-1|-1,-1|-1,-1|-1,-1|-1,-1|-1,-1|
........
#1111111111111111111
#assigned_pet=-1,-1,-1,-1,-1,-1,-1,-1,
#assigned_hub=7,3,6,0,4,2,5,1,
#moving_targetting_pos=26,16|16,6|26,6|6,6|16,16|6,26|16,26|6,16|
#setting_targetting_pos=-1,-1|-1,-1|-1,-1|-1,-1|-1,-1|-1,-1|-1,-1|-1,-1|
........
#1111111111111111111
#assigned_pet=-1,-1,-1,-1,-1,-1,-1,-1,
#assigned_hub=7,3,6,0,4,2,5,1,
#moving_targetting_pos=26,16|16,6|26,6|6,6|16,16|6,26|16,26|6,16|
#setting_targetting_pos=-1,-1|-1,-1|-1,-1|-1,-1|-1,-1|-1,-1|-1,-1|-1,-1|
........
#1111111111111111111
#assigned_pet=-1,-1,-1,-1,-1,-1,-1,-1,
#assigned_hub=7,3,6,0,4,2,5,1,
#moving_targetting_pos=26,16|16,6|26,6|6,6|16,16|6,26|16,26|6,16|
#setting_targetting_pos=-1,-1|-1,-1|-1,-1|-1,-1|-1,-1|-1,-1|-1,-1|-1,-1|
........
#1111111111111111111
#assigned_pet=-1,-1,-1,-1,-1,-1,-1,-1,
#assigned_hub=7,3,6,0,4,2,5,1,
#moving_targetting_pos=26,16|16,6|26,6|6,6|16,16|6,26|16,26|6,16|
#setting_targetting_pos=-1,-1|-1,-1|-1,-1|-1,-1|-1,-1|-1,-1|-1,-1|-1,-1|
........
#1111111111111111111
#assigned_pet=-1,-1,-1,-1,-1,-1,-1,-1,
#assigned_hub=7,3,6,0,4,2,5,1,
#moving_targetting_pos=26,16|16,6|26,6|6,6|16,16|6,26|16,26|6,16|
#setting_targetting_pos=-1,-1|-1,-1|-1,-1|-1,-1|-1,-1|-1,-1|-1,-1|-1,-1|
........
#1111111111111111111
#assigned_pet=-1,-1,-1,-1,-1,-1,-1,-1,
#assigned_hub=7,3,6,0,4,2,5,1,
#moving_targetting_pos=26,16|16,6|26,6|6,6|16,16|6,26|16,26|6,16|
#setting_targetting_pos=-1,-1|-1,-1|-1,-1|-1,-1|-1,-1|-1,-1|-1,-1|-1,-1|
........
#1111111111111111111
#assigned_pet=-1,-1,-1,-1,-1,-1,-1,-1,
#assigned_hub=7,3,6,0,4,2,5,1,
#moving_targetting_pos=26,16|16,6|26,6|6,6|16,16|6,26|16,26|6,16|
#setting_targetting_pos=-1,-1|-1,-1|-1,-1|-1,-1|-1,-1|-1,-1|-1,-1|-1,-1|
........
#1111111111111111111
#assigned_pet=-1,-1,-1,-1,-1,-1,-1,-1,
#assigned_hub=7,3,6,0,4,2,5,1,
#moving_targetting_pos=26,16|16,6|26,6|6,6|16,16|6,26|16,26|6,16|
#setting_targetting_pos=-1,-1|-1,-1|-1,-1|-1,-1|-1,-1|-1,-1|-1,-1|-1,-1|
........
#1111111111111111111
#assigned_pet=-1,-1,-1,-1,-1,-1,-1,-1,
#assigned_hub=7,3,6,0,4,2,5,1,
#moving_targetting_pos=26,16|16,6|26,6|6,6|16,16|6,26|16,26|6,16|
#setting_targetting_pos=-1,-1|-1,-1|-1,-1|-1,-1|-1,-1|-1,-1|-1,-1|-1,-1|
........
#1111111111111111111
#assigned_pet=-1,-1,-1,-1,-1,-1,-1,-1,
#assigned_hub=7,3,6,0,4,2,5,1,
#moving_targetting_pos=26,16|16,6|26,6|6,6|16,16|6,26|16,26|6,16|
#setting_targetting_pos=-1,-1|-1,-1|-1,-1|-1,-1|-1,-1|-1,-1|-1,-1|-1,-1|
........
#1111111111111111111
#assigned_pet=-1,-1,-1,-1,-1,-1,-1,-1,
#assigned_hub=7,3,6,0,4,2,5,1,
#moving_targetting_pos=26,16|16,6|26,6|6,6|16,16|6,26|16,26|6,16|
#setting_targetting_pos=-1,-1|-1,-1|-1,-1|-1,-1|-1,-1|-1,-1|-1,-1|-1,-1|
........
#1111111111111111111
#assigned_pet=-1,-1,-1,-1,-1,-1,-1,-1,
#assigned_hub=7,3,6,0,4,2,5,1,
#moving_targetting_pos=26,16|16,6|26,6|6,6|16,16|6,26|16,26|6,16|
#setting_targetting_pos=-1,-1|-1,-1|-1,-1|-1,-1|-1,-1|-1,-1|-1,-1|-1,-1|
........
#1111111111111111111
#assigned_pet=-1,-1,-1,-1,-1,-1,-1,-1,
#assigned_hub=7,3,6,0,4,2,5,1,
#moving_targetting_pos=26,16|16,6|26,6|6,6|16,16|6,26|16,26|6,16|
#setting_targetting_pos=-1,-1|-1,-1|-1,-1|-1,-1|-1,-1|-1,-1|-1,-1|-1,-1|
........
#1111111111111111111
#assigned_pet=-1,-1,-1,-1,-1,-1,-1,-1,
#assigned_hub=7,3,6,0,4,2,5,1,
#moving_targetting_pos=26,16|16,6|26,6|6,6|16,16|6,26|16,26|6,16|
#setting_targetting_pos=-1,-1|-1,-1|-1,-1|-1,-1|-1,-1|-1,-1|-1,-1|-1,-1|
........
#1111111111111111111
#assigned_pet=-1,-1,-1,-1,-1,-1,-1,-1,
#assigned_hub=7,3,6,0,4,2,5,1,
#moving_targetting_pos=26,16|16,6|26,6|6,6|16,16|6,26|16,26|6,16|
#setting_targetting_pos=-1,-1|-1,-1|-1,-1|-1,-1|-1,-1|-1,-1|-1,-1|-1,-1|
........
#1111111111111111111
#assigned_pet=-1,-1,-1,-1,-1,-1,-1,-1,
#assigned_hub=7,3,6,0,4,2,5,1,
#moving_targetting_pos=26,16|16,6|26,6|6,6|16,16|6,26|16,26|6,16|
#setting_targetting_pos=-1,-1|-1,-1|-1,-1|-1,-1|-1,-1|-1,-1|-1,-1|-1,-1|
........
#1111111111111111111
#assigned_pet=-1,-1,-1,-1,-1,-1,-1,-1,
#assigned_hub=7,3,6,0,4,2,5,1,
#moving_targetting_pos=26,16|16,6|26,6|6,6|16,16|6,26|16,26|6,16|
#setting_targetting_pos=-1,-1|-1,-1|-1,-1|-1,-1|-1,-1|-1,-1|-1,-1|-1,-1|
........
#1111111111111111111
#assigned_pet=-1,-1,-1,-1,-1,-1,-1,-1,
#assigned_hub=7,3,6,0,4,2,5,1,
#moving_targetting_pos=26,16|16,6|26,6|6,6|16,16|6,26|16,26|6,16|
#setting_targetting_pos=-1,-1|-1,-1|-1,-1|-1,-1|-1,-1|-1,-1|-1,-1|-1,-1|
........
#1111111111111111111
#assigned_pet=-1,-1,-1,-1,-1,-1,-1,-1,
#assigned_hub=7,3,6,0,4,2,5,1,
#moving_targetting_pos=26,16|16,6|26,6|6,6|16,16|6,26|16,26|6,16|
#setting_targetting_pos=-1,-1|-1,-1|-1,-1|-1,-1|-1,-1|-1,-1|-1,-1|-1,-1|
........
#1111111111111111111
#assigned_pet=-1,-1,-1,-1,-1,-1,-1,-1,
#assigned_hub=7,3,6,0,4,2,5,1,
#moving_targetting_pos=26,16|16,6|26,6|6,6|16,16|6,26|16,26|6,16|
#setting_targetting_pos=-1,-1|-1,-1|-1,-1|-1,-1|-1,-1|-1,-1|-1,-1|-1,-1|
........
#1111111111111111111
#assigned_pet=-1,-1,-1,-1,-1,-1,-1,-1,
#assigned_hub=7,3,6,0,4,2,5,1,
#moving_targetting_pos=26,16|16,6|26,6|6,6|16,16|6,26|16,26|6,16|
#setting_targetting_pos=-1,-1|-1,-1|-1,-1|-1,-1|-1,-1|-1,-1|-1,-1|-1,-1|
........
#1111111111111111111
#assigned_pet=-1,-1,-1,-1,-1,-1,-1,-1,
#assigned_hub=7,3,6,0,4,2,5,1,
#moving_targetting_pos=26,16|16,6|26,6|6,6|16,16|6,26|16,26|6,16|
#setting_targetting_pos=-1,-1|-1,-1|-1,-1|-1,-1|-1,-1|-1,-1|-1,-1|-1,-1|
........
#1111111111111111111
#assigned_pet=-1,-1,-1,-1,-1,-1,-1,-1,
#assigned_hub=7,3,6,0,4,2,5,1,
#moving_targetting_pos=26,16|16,6|26,6|6,6|16,16|6,26|16,26|6,16|
#setting_targetting_pos=-1,-1|-1,-1|-1,-1|-1,-1|-1,-1|-1,-1|-1,-1|-1,-1|
........
#1111111111111111111
#assigned_pet=-1,-1,-1,-1,-1,-1,-1,-1,
#assigned_hub=7,3,6,0,4,2,5,1,
#moving_targetting_pos=26,16|16,6|26,6|6,6|16,16|6,26|16,26|6,16|
#setting_targetting_pos=-1,-1|-1,-1|-1,-1|-1,-1|-1,-1|-1,-1|-1,-1|-1,-1|
........
#1111111111111111111
#assigned_pet=-1,-1,-1,-1,-1,-1,-1,-1,
#assigned_hub=7,3,6,0,4,2,5,1,
#moving_targetting_pos=26,16|16,6|26,6|6,6|16,16|6,26|16,26|6,16|
#setting_targetting_pos=-1,-1|-1,-1|-1,-1|-1,-1|-1,-1|-1,-1|-1,-1|-1,-1|
........
#1111111111111111111
#assigned_pet=-1,-1,-1,-1,-1,-1,-1,-1,
#assigned_hub=7,3,6,0,4,2,5,1,
#moving_targetting_pos=26,16|16,6|26,6|6,6|16,16|6,26|16,26|6,16|
#setting_targetting_pos=-1,-1|-1,-1|-1,-1|-1,-1|-1,-1|-1,-1|-1,-1|-1,-1|
........
#1111111111111111111
#assigned_pet=-1,-1,-1,-1,-1,-1,-1,-1,
#assigned_hub=7,3,6,0,4,2,5,1,
#moving_targetting_pos=26,16|16,6|26,6|6,6|16,16|6,26|16,26|6,16|
#setting_targetting_pos=-1,-1|-1,-1|-1,-1|-1,-1|-1,-1|-1,-1|-1,-1|-1,-1|
........
#1111111111111111111
#assigned_pet=-1,-1,-1,-1,-1,-1,-1,-1,
#assigned_hub=7,3,6,0,4,2,5,1,
#moving_targetting_pos=26,16|16,6|26,6|6,6|16,16|6,26|16,26|6,16|
#setting_targetting_pos=-1,-1|-1,-1|-1,-1|-1,-1|-1,-1|-1,-1|-1,-1|-1,-1|
........
#1111111111111111111
#assigned_pet=-1,-1,-1,-1,-1,-1,-1,-1,
#assigned_hub=7,3,6,0,4,2,5,1,
#moving_targetting_pos=26,16|16,6|26,6|6,6|16,16|6,26|16,26|6,16|
#setting_targetting_pos=-1,-1|-1,-1|-1,-1|-1,-1|-1,-1|-1,-1|-1,-1|-1,-1|
........
#1111111111111111111
#assigned_pet=-1,-1,-1,-1,-1,-1,-1,-1,
#assigned_hub=7,3,6,0,4,2,5,1,
#moving_targetting_pos=26,16|16,6|26,6|6,6|16,16|6,26|16,26|6,16|
#setting_targetting_pos=-1,-1|-1,-1|-1,-1|-1,-1|-1,-1|-1,-1|-1,-1|-1,-1|
........
#1111111111111111111
#assigned_pet=-1,-1,-1,-1,-1,-1,-1,-1,
#assigned_hub=7,3,6,0,4,2,5,1,
#moving_targetting_pos=26,16|16,6|26,6|6,6|16,16|6,26|16,26|6,16|
#setting_targetting_pos=-1,-1|-1,-1|-1,-1|-1,-1|-1,-1|-1,-1|-1,-1|-1,-1|
........
#1111111111111111111
#assigned_pet=-1,-1,-1,-1,-1,-1,-1,-1,
#assigned_hub=7,3,6,0,4,2,5,1,
#moving_targetting_pos=26,16|16,6|26,6|6,6|16,16|6,26|16,26|6,16|
#setting_targetting_pos=-1,-1|-1,-1|-1,-1|-1,-1|-1,-1|-1,-1|-1,-1|-1,-1|
........
#1111111111111111111
#assigned_pet=-1,-1,-1,-1,-1,-1,-1,-1,
#assigned_hub=7,3,6,0,4,2,5,1,
#moving_targetting_pos=26,16|16,6|26,6|6,6|16,16|6,26|16,26|6,16|
#setting_targetting_pos=-1,-1|-1,-1|-1,-1|-1,-1|-1,-1|-1,-1|-1,-1|-1,-1|
........
#1111111111111111111
#assigned_pet=-1,-1,-1,-1,-1,-1,-1,-1,
#assigned_hub=7,3,6,0,4,2,5,1,
#moving_targetting_pos=26,16|16,6|26,6|6,6|16,16|6,26|16,26|6,16|
#setting_targetting_pos=-1,-1|-1,-1|-1,-1|-1,-1|-1,-1|-1,-1|-1,-1|-1,-1|
........
#1111111111111111111
#assigned_pet=-1,-1,-1,-1,-1,-1,-1,-1,
#assigned_hub=7,3,6,0,4,2,5,1,
#moving_targetting_pos=26,16|16,6|26,6|6,6|16,16|6,26|16,26|6,16|
#setting_targetting_pos=-1,-1|-1,-1|-1,-1|-1,-1|-1,-1|-1,-1|-1,-1|-1,-1|
........
#1111111111111111111
#assigned_pet=-1,-1,-1,-1,-1,-1,-1,-1,
#assigned_hub=7,3,6,0,4,2,5,1,
#moving_targetting_pos=26,16|16,6|26,6|6,6|16,16|6,26|16,26|6,16|
#setting_targetting_pos=-1,-1|-1,-1|-1,-1|-1,-1|-1,-1|-1,-1|-1,-1|-1,-1|
........
#1111111111111111111
#assigned_pet=-1,-1,-1,-1,-1,-1,-1,-1,
#assigned_hub=7,3,6,0,4,2,5,1,
#moving_targetting_pos=26,16|16,6|26,6|6,6|16,16|6,26|16,26|6,16|
#setting_targetting_pos=-1,-1|-1,-1|-1,-1|-1,-1|-1,-1|-1,-1|-1,-1|-1,-1|
........
#1111111111111111111
#assigned_pet=-1,-1,-1,-1,-1,-1,-1,-1,
#assigned_hub=7,3,6,0,4,2,5,1,
#moving_targetting_pos=26,16|16,6|26,6|6,6|16,16|6,26|16,26|6,16|
#setting_targetting_pos=-1,-1|-1,-1|-1,-1|-1,-1|-1,-1|-1,-1|-1,-1|-1,-1|
........
#1111111111111111111
#assigned_pet=-1,-1,-1,-1,-1,-1,-1,-1,
#assigned_hub=7,3,6,0,4,2,5,1,
#moving_targetting_pos=26,16|16,6|26,6|6,6|16,16|6,26|16,26|6,16|
#setting_targetting_pos=-1,-1|-1,-1|-1,-1|-1,-1|-1,-1|-1,-1|-1,-1|-1,-1|
........
#1111111111111111111
#assigned_pet=-1,-1,-1,-1,-1,-1,-1,-1,
#assigned_hub=7,3,6,0,4,2,5,1,
#moving_targetting_pos=26,16|16,6|26,6|6,6|16,16|6,26|16,26|6,16|
#setting_targetting_pos=-1,-1|-1,-1|-1,-1|-1,-1|-1,-1|-1,-1|-1,-1|-1,-1|
........
#1111111111111111111
#assigned_pet=-1,-1,-1,-1,-1,-1,-1,-1,
#assigned_hub=7,3,6,0,4,2,5,1,
#moving_targetting_pos=26,16|16,6|26,6|6,6|16,16|6,26|16,26|6,16|
#setting_targetting_pos=-1,-1|-1,-1|-1,-1|-1,-1|-1,-1|-1,-1|-1,-1|-1,-1|
........
#1111111111111111111
#assigned_pet=-1,-1,-1,-1,-1,-1,-1,-1,
#assigned_hub=7,3,6,0,4,2,5,1,
#moving_targetting_pos=26,16|16,6|26,6|6,6|16,16|6,26|16,26|6,16|
#setting_targetting_pos=-1,-1|-1,-1|-1,-1|-1,-1|-1,-1|-1,-1|-1,-1|-1,-1|
........
#1111111111111111111
#assigned_pet=-1,-1,-1,-1,-1,-1,-1,-1,
#assigned_hub=7,3,6,0,4,2,5,1,
#moving_targetting_pos=26,16|16,6|26,6|6,6|16,16|6,26|16,26|6,16|
#setting_targetting_pos=-1,-1|-1,-1|-1,-1|-1,-1|-1,-1|-1,-1|-1,-1|-1,-1|
........
#1111111111111111111
#assigned_pet=-1,-1,-1,-1,-1,-1,-1,-1,
#assigned_hub=7,3,6,0,4,2,5,1,
#moving_targetting_pos=26,16|16,6|26,6|6,6|16,16|6,26|16,26|6,16|
#setting_targetting_pos=-1,-1|-1,-1|-1,-1|-1,-1|-1,-1|-1,-1|-1,-1|-1,-1|
........
#1111111111111111111
#assigned_pet=-1,-1,-1,-1,-1,-1,-1,-1,
#assigned_hub=7,3,6,0,4,2,5,1,
#moving_targetting_pos=26,16|16,6|26,6|6,6|16,16|6,26|16,26|6,16|
#setting_targetting_pos=-1,-1|-1,-1|-1,-1|-1,-1|-1,-1|-1,-1|-1,-1|-1,-1|
........
#1111111111111111111
#assigned_pet=-1,-1,-1,-1,-1,-1,-1,-1,
#assigned_hub=7,3,6,0,4,2,5,1,
#moving_targetting_pos=26,16|16,6|26,6|6,6|16,16|6,26|16,26|6,16|
#setting_targetting_pos=-1,-1|-1,-1|-1,-1|-1,-1|-1,-1|-1,-1|-1,-1|-1,-1|
........
#1111111111111111111
#assigned_pet=-1,-1,-1,-1,-1,-1,-1,-1,
#assigned_hub=7,3,6,0,4,2,5,1,
#moving_targetting_pos=26,16|16,6|26,6|6,6|16,16|6,26|16,26|6,16|
#setting_targetting_pos=-1,-1|-1,-1|-1,-1|-1,-1|-1,-1|-1,-1|-1,-1|-1,-1|
........
#1111111111111111111
#assigned_pet=-1,-1,-1,-1,-1,-1,-1,-1,
#assigned_hub=7,3,6,0,4,2,5,1,
#moving_targetting_pos=26,16|16,6|26,6|6,6|16,16|6,26|16,26|6,16|
#setting_targetting_pos=-1,-1|-1,-1|-1,-1|-1,-1|-1,-1|-1,-1|-1,-1|-1,-1|
........
#1111111111111111111
#assigned_pet=-1,-1,-1,-1,-1,-1,-1,-1,
#assigned_hub=7,3,6,0,4,2,5,1,
#moving_targetting_pos=26,16|16,6|26,6|6,6|16,16|6,26|16,26|6,16|
#setting_targetting_pos=-1,-1|-1,-1|-1,-1|-1,-1|-1,-1|-1,-1|-1,-1|-1,-1|
........
#1111111111111111111
#assigned_pet=-1,-1,-1,-1,-1,-1,-1,-1,
#assigned_hub=7,3,6,0,4,2,5,1,
#moving_targetting_pos=26,16|16,6|26,6|6,6|16,16|6,26|16,26|6,16|
#setting_targetting_pos=-1,-1|-1,-1|-1,-1|-1,-1|-1,-1|-1,-1|-1,-1|-1,-1|
........
#1111111111111111111
#assigned_pet=-1,-1,-1,-1,-1,-1,-1,-1,
#assigned_hub=7,3,6,0,4,2,5,1,
#moving_targetting_pos=26,16|16,6|26,6|6,6|16,16|6,26|16,26|6,16|
#setting_targetting_pos=-1,-1|-1,-1|-1,-1|-1,-1|-1,-1|-1,-1|-1,-1|-1,-1|
........
#1111111111111111111
#assigned_pet=-1,-1,-1,-1,-1,-1,-1,-1,
#assigned_hub=7,3,6,0,4,2,5,1,
#moving_targetting_pos=26,16|16,6|26,6|6,6|16,16|6,26|16,26|6,16|
#setting_targetting_pos=-1,-1|-1,-1|-1,-1|-1,-1|-1,-1|-1,-1|-1,-1|-1,-1|
........
#1111111111111111111
#assigned_pet=-1,-1,-1,-1,-1,-1,-1,-1,
#assigned_hub=7,3,6,0,4,2,5,1,
#moving_targetting_pos=26,16|16,6|26,6|6,6|16,16|6,26|16,26|6,16|
#setting_targetting_pos=-1,-1|-1,-1|-1,-1|-1,-1|-1,-1|-1,-1|-1,-1|-1,-1|
........
#1111111111111111111
#assigned_pet=-1,-1,-1,-1,-1,-1,-1,-1,
#assigned_hub=7,3,6,0,4,2,5,1,
#moving_targetting_pos=26,16|16,6|26,6|6,6|16,16|6,26|16,26|6,16|
#setting_targetting_pos=-1,-1|-1,-1|-1,-1|-1,-1|-1,-1|-1,-1|-1,-1|-1,-1|
........
#1111111111111111111
#assigned_pet=-1,-1,-1,-1,-1,-1,-1,-1,
#assigned_hub=7,3,6,0,4,2,5,1,
#moving_targetting_pos=26,16|16,6|26,6|6,6|16,16|6,26|16,26|6,16|
#setting_targetting_pos=-1,-1|-1,-1|-1,-1|-1,-1|-1,-1|-1,-1|-1,-1|-1,-1|
........
#1111111111111111111
#assigned_pet=-1,-1,-1,-1,-1,-1,-1,-1,
#assigned_hub=7,3,6,0,4,2,5,1,
#moving_targetting_pos=26,16|16,6|26,6|6,6|16,16|6,26|16,26|6,16|
#setting_targetting_pos=-1,-1|-1,-1|-1,-1|-1,-1|-1,-1|-1,-1|-1,-1|-1,-1|
........
#1111111111111111111
#assigned_pet=-1,-1,-1,-1,-1,-1,-1,-1,
#assigned_hub=7,3,6,0,4,2,5,1,
#moving_targetting_pos=26,16|16,6|26,6|6,6|16,16|6,26|16,26|6,16|
#setting_targetting_pos=-1,-1|-1,-1|-1,-1|-1,-1|-1,-1|-1,-1|-1,-1|-1,-1|
........
#1111111111111111111
#assigned_pet=-1,-1,-1,-1,-1,-1,-1,-1,
#assigned_hub=7,3,6,0,4,2,5,1,
#moving_targetting_pos=26,16|16,6|26,6|6,6|16,16|6,26|16,26|6,16|
#setting_targetting_pos=-1,-1|-1,-1|-1,-1|-1,-1|-1,-1|-1,-1|-1,-1|-1,-1|
........
#1111111111111111111
#assigned_pet=-1,-1,-1,-1,-1,-1,-1,-1,
#assigned_hub=7,3,6,0,4,2,5,1,
#moving_targetting_pos=26,16|16,6|26,6|6,6|16,16|6,26|16,26|6,16|
#setting_targetting_pos=-1,-1|-1,-1|-1,-1|-1,-1|-1,-1|-1,-1|-1,-1|-1,-1|
........
#1111111111111111111
#assigned_pet=-1,-1,-1,-1,-1,-1,-1,-1,
#assigned_hub=7,3,6,0,4,2,5,1,
#moving_targetting_pos=26,16|16,6|26,6|6,6|16,16|6,26|16,26|6,16|
#setting_targetting_pos=-1,-1|-1,-1|-1,-1|-1,-1|-1,-1|-1,-1|-1,-1|-1,-1|
........
#1111111111111111111
#assigned_pet=-1,-1,-1,-1,-1,-1,-1,-1,
#assigned_hub=7,3,6,0,4,2,5,1,
#moving_targetting_pos=26,16|16,6|26,6|6,6|16,16|6,26|16,26|6,16|
#setting_targetting_pos=-1,-1|-1,-1|-1,-1|-1,-1|-1,-1|-1,-1|-1,-1|-1,-1|
........
#1111111111111111111
#assigned_pet=-1,-1,-1,-1,-1,-1,-1,-1,
#assigned_hub=7,3,6,0,4,2,5,1,
#moving_targetting_pos=26,16|16,6|26,6|6,6|16,16|6,26|16,26|6,16|
#setting_targetting_pos=-1,-1|-1,-1|-1,-1|-1,-1|-1,-1|-1,-1|-1,-1|-1,-1|
........
#1111111111111111111
#assigned_pet=-1,-1,-1,-1,-1,-1,-1,-1,
#assigned_hub=7,3,6,0,4,2,5,1,
#moving_targetting_pos=26,16|16,6|26,6|6,6|16,16|6,26|16,26|6,16|
#setting_targetting_pos=-1,-1|-1,-1|-1,-1|-1,-1|-1,-1|-1,-1|-1,-1|-1,-1|
........
#1111111111111111111
#assigned_pet=-1,-1,-1,-1,-1,-1,-1,-1,
#assigned_hub=7,3,6,0,4,2,5,1,
#moving_targetting_pos=26,16|16,6|26,6|6,6|16,16|6,26|16,26|6,16|
#setting_targetting_pos=-1,-1|-1,-1|-1,-1|-1,-1|-1,-1|-1,-1|-1,-1|-1,-1|
........
#1111111111111111111
#assigned_pet=-1,-1,-1,-1,-1,-1,-1,-1,
#assigned_hub=7,3,6,0,4,2,5,1,
#moving_targetting_pos=26,16|16,6|26,6|6,6|16,16|6,26|16,26|6,16|
#setting_targetting_pos=-1,-1|-1,-1|-1,-1|-1,-1|-1,-1|-1,-1|-1,-1|-1,-1|
........
#1111111111111111111
#assigned_pet=-1,-1,-1,-1,-1,-1,-1,-1,
#assigned_hub=7,3,6,0,4,2,5,1,
#moving_targetting_pos=26,16|16,6|26,6|6,6|16,16|6,26|16,26|6,16|
#setting_targetting_pos=-1,-1|-1,-1|-1,-1|-1,-1|-1,-1|-1,-1|-1,-1|-1,-1|
........
#1111111111111111111
#assigned_pet=-1,-1,-1,-1,-1,-1,-1,-1,
#assigned_hub=7,3,6,0,4,2,5,1,
#moving_targetting_pos=26,16|16,6|26,6|6,6|16,16|6,26|16,26|6,16|
#setting_targetting_pos=-1,-1|-1,-1|-1,-1|-1,-1|-1,-1|-1,-1|-1,-1|-1,-1|
........
#1111111111111111111
#assigned_pet=-1,-1,-1,-1,-1,-1,-1,-1,
#assigned_hub=7,3,6,0,4,2,5,1,
#moving_targetting_pos=26,16|16,6|26,6|6,6|16,16|6,26|16,26|6,16|
#setting_targetting_pos=-1,-1|-1,-1|-1,-1|-1,-1|-1,-1|-1,-1|-1,-1|-1,-1|
........
#1111111111111111111
#assigned_pet=-1,-1,-1,-1,-1,-1,-1,-1,
#assigned_hub=7,3,6,0,4,2,5,1,
#moving_targetting_pos=26,16|16,6|26,6|6,6|16,16|6,26|16,26|6,16|
#setting_targetting_pos=-1,-1|-1,-1|-1,-1|-1,-1|-1,-1|-1,-1|-1,-1|-1,-1|
........
#1111111111111111111
#assigned_pet=-1,-1,-1,-1,-1,-1,-1,-1,
#assigned_hub=7,3,6,0,4,2,5,1,
#moving_targetting_pos=26,16|16,6|26,6|6,6|16,16|6,26|16,26|6,16|
#setting_targetting_pos=-1,-1|-1,-1|-1,-1|-1,-1|-1,-1|-1,-1|-1,-1|-1,-1|
........
#1111111111111111111
#assigned_pet=-1,-1,-1,-1,-1,-1,-1,-1,
#assigned_hub=7,3,6,0,4,2,5,1,
#moving_targetting_pos=26,16|16,6|26,6|6,6|16,16|6,26|16,26|6,16|
#setting_targetting_pos=-1,-1|-1,-1|-1,-1|-1,-1|-1,-1|-1,-1|-1,-1|-1,-1|
........
#1111111111111111111
#assigned_pet=-1,-1,-1,-1,-1,-1,-1,-1,
#assigned_hub=7,3,6,0,4,2,5,1,
#moving_targetting_pos=26,16|16,6|26,6|6,6|16,16|6,26|16,26|6,16|
#setting_targetting_pos=-1,-1|-1,-1|-1,-1|-1,-1|-1,-1|-1,-1|-1,-1|-1,-1|
........
