#00000000000
#assigned_pet=-1,-1,-1,-1,-1,-1,-1,-1,-1,
#assigned_hub=0,0,0,0,0,0,0,0,0,
#moving_targetting_pos=12,1|2,29|22,29|5,30|25,30|29,30|19,2|15,30|9,2|
#setting_targetting_pos=12,29|2,1|22,1|5,1|25,1|29,2|19,30|15,1|9,30|
LRRRRRRRR
#00000000000
#assigned_pet=-1,-1,-1,-1,-1,-1,-1,-1,-1,
#assigned_hub=0,0,0,0,0,0,0,0,0,
#moving_targetting_pos=12,1|2,29|22,29|5,30|25,30|29,30|19,2|15,30|9,2|
#setting_targetting_pos=12,29|2,1|22,1|5,1|25,1|29,2|19,30|15,1|9,30|
LRRRRRdRU
#00000000000
#assigned_pet=-1,-1,-1,-1,-1,-1,-1,-1,-1,
#assigned_hub=0,0,0,0,0,0,0,0,0,
#moving_targetting_pos=12,1|2,29|22,29|5,30|25,30|29,30|19,2|15,30|9,2|
#setting_targetting_pos=12,29|2,1|22,1|5,1|25,1|29,2|19,30|15,1|9,30|
LRRRRURRR
#00000000000
#assigned_pet=-1,-1,-1,-1,-1,-1,-1,-1,-1,
#assigned_hub=0,0,0,0,0,0,0,0,0,
#moving_targetting_pos=12,1|2,29|22,29|5,30|25,30|29,30|19,2|15,30|9,2|
#setting_targetting_pos=12,29|2,1|22,1|5,1|25,1|29,2|19,30|15,1|9,30|
uRRRRdRUU
#00000000000
#assigned_pet=-1,-1,-1,-1,-1,-1,-1,-1,-1,
#assigned_hub=0,0,0,0,0,0,0,0,0,
#moving_targetting_pos=12,1|2,29|22,29|5,30|25,30|29,30|19,2|15,30|9,2|
#setting_targetting_pos=12,29|2,1|22,1|5,1|25,1|29,2|19,30|15,1|9,30|
RRRRRLlUU
#00000000000
#assigned_pet=-1,-1,-1,-1,-1,-1,-1,-1,-1,
#assigned_hub=0,0,0,0,0,0,0,0,0,
#moving_targetting_pos=12,1|2,29|22,29|5,30|25,30|29,30|19,2|15,30|9,2|
#setting_targetting_pos=12,29|2,1|22,1|5,1|25,1|29,2|19,30|15,1|9,30|
RRRRRLuUR
#00000000000
#assigned_pet=-1,-1,-1,-1,-1,-1,-1,-1,-1,
#assigned_hub=0,0,0,0,0,0,0,0,0,
#moving_targetting_pos=12,1|2,29|22,29|5,30|25,30|29,30|19,2|15,30|9,2|
#setting_targetting_pos=12,29|2,1|22,1|5,1|25,1|29,2|19,30|15,1|9,30|
lRRRRrRUR
#00000000000
#assigned_pet=-1,-1,-1,-1,-1,-1,-1,-1,-1,
#assigned_hub=0,0,0,0,0,0,0,0,0,
#moving_targetting_pos=12,1|2,29|22,29|5,30|25,30|29,30|19,2|15,30|9,2|
#setting_targetting_pos=12,29|2,1|22,1|5,1|25,1|29,2|19,30|15,1|9,30|
dRRRRuRUU
#00000000000
#assigned_pet=-1,-1,-1,-1,-1,-1,-1,-1,-1,
#assigned_hub=0,0,0,0,0,0,0,0,0,
#moving_targetting_pos=12,1|2,29|22,29|5,30|25,30|29,30|19,2|15,30|9,2|
#setting_targetting_pos=12,29|2,1|22,1|5,1|25,1|29,2|19,30|15,1|9,30|
RRURRL.UU
#00000000000
#assigned_pet=-1,-1,-1,-1,-1,-1,-1,-1,-1,
#assigned_hub=0,0,0,0,0,0,0,0,0,
#moving_targetting_pos=12,1|2,29|22,29|5,30|25,30|29,30|19,2|15,30|9,2|
#setting_targetting_pos=12,29|2,1|22,1|5,1|25,1|29,2|19,30|15,1|9,30|
RRrRULddU
#00000000000
#assigned_pet=-1,-1,-1,-1,-1,-1,-1,-1,-1,
#assigned_hub=0,0,0,0,0,0,0,0,0,
#moving_targetting_pos=12,1|2,29|22,29|5,30|25,30|29,30|19,2|15,30|9,2|
#setting_targetting_pos=12,29|2,1|22,1|5,1|25,1|29,2|19,30|15,1|9,30|
RRddddRLU
#00000000000
#assigned_pet=-1,-1,-1,-1,-1,-1,-1,-1,-1,
#assigned_hub=0,0,0,0,0,0,0,0,0,
#moving_targetting_pos=12,1|2,29|22,29|5,30|25,30|29,30|19,2|15,30|9,2|
#setting_targetting_pos=12,29|2,1|22,1|5,1|25,1|29,2|19,30|15,1|9,30|
dRLLLLldL
#00000000000
#assigned_pet=-1,-1,-1,-1,-1,-1,-1,-1,-1,
#assigned_hub=0,0,0,0,0,0,0,0,0,
#moving_targetting_pos=12,1|2,29|22,29|5,30|25,30|29,30|19,2|15,30|9,2|
#setting_targetting_pos=12,29|2,1|22,1|5,1|25,1|29,2|19,30|15,1|9,30|
urLddrRLU
#00000000000
#assigned_pet=-1,-1,-1,-1,-1,-1,-1,-1,-1,
#assigned_hub=0,0,0,0,0,0,0,0,0,
#moving_targetting_pos=12,1|2,29|22,29|5,30|25,30|29,30|19,2|15,30|9,2|
#setting_targetting_pos=12,29|2,1|22,1|5,1|25,1|29,2|19,30|15,1|9,30|
RdLLLLuuU
#00000000000
#assigned_pet=-1,-1,-1,-1,-1,-1,-1,-1,-1,
#assigned_hub=0,0,0,0,0,0,0,0,0,
#moving_targetting_pos=12,1|2,29|22,29|5,30|25,30|29,30|19,2|15,30|9,2|
#setting_targetting_pos=12,29|2,1|22,1|5,1|25,1|29,2|19,30|15,1|9,30|
lLduuuRLU
#00000000000
#assigned_pet=-1,-1,-1,-1,-1,-1,-1,-1,-1,
#assigned_hub=0,0,0,0,0,0,0,0,0,
#moving_targetting_pos=12,1|2,29|22,29|5,30|25,30|29,30|19,2|15,30|9,2|
#setting_targetting_pos=12,29|2,1|22,1|5,1|25,1|29,2|19,30|15,1|9,30|
RLuLLLRLU
#00000000000
#assigned_pet=-1,-1,-1,-1,-1,-1,-1,-1,-1,
#assigned_hub=0,0,0,0,0,0,0,0,0,
#moving_targetting_pos=12,1|2,29|22,29|5,30|25,30|29,30|19,2|15,30|9,2|
#setting_targetting_pos=12,29|2,1|22,1|5,1|25,1|29,2|19,30|15,1|9,30|
RLLLLLlLU
#00000000000
#assigned_pet=-1,-1,-1,-1,-1,-1,-1,-1,-1,
#assigned_hub=0,0,0,0,0,0,0,0,0,
#moving_targetting_pos=12,1|2,29|22,29|5,30|25,30|29,30|19,2|15,30|9,2|
#setting_targetting_pos=12,29|2,1|22,1|5,1|25,1|29,2|19,30|15,1|9,30|
dd.LLrdLL
#00000000000
#assigned_pet=-1,-1,-1,-1,-1,-1,-1,-1,-1,
#assigned_hub=0,0,0,0,0,0,0,0,0,
#moving_targetting_pos=12,1|2,29|22,29|5,30|25,30|29,30|19,2|15,30|9,2|
#setting_targetting_pos=12,29|2,1|22,1|5,1|25,1|29,2|19,30|15,1|9,30|
RurLLdRuU
#00000000000
#assigned_pet=-1,-1,-1,-1,-1,-1,-1,-1,-1,
#assigned_hub=0,0,0,0,0,0,0,0,0,
#moving_targetting_pos=12,1|2,29|22,29|5,30|25,30|29,30|19,2|15,30|9,2|
#setting_targetting_pos=12,29|2,1|22,1|5,1|25,1|29,2|19,30|15,1|9,30|
RLLuuLRLL
#00000000000
#assigned_pet=-1,-1,-1,-1,-1,-1,-1,-1,-1,
#assigned_hub=0,0,0,0,0,0,0,0,0,
#moving_targetting_pos=12,1|2,29|22,29|5,30|25,30|29,30|19,2|15,30|9,2|
#setting_targetting_pos=12,29|2,1|22,1|5,1|25,1|29,2|19,30|15,1|9,30|
lrLLLLddU
#00000000000
#assigned_pet=-1,-1,-1,-1,-1,-1,-1,-1,-1,
#assigned_hub=0,0,0,0,0,0,0,0,0,
#moving_targetting_pos=12,1|2,29|22,29|5,30|25,30|29,30|19,2|15,30|9,2|
#setting_targetting_pos=12,29|2,1|22,1|5,1|25,1|29,2|19,30|15,1|9,30|
uLd.ddRLU
#00000000000
#assigned_pet=-1,-1,-1,-1,-1,-1,-1,-1,-1,
#assigned_hub=0,0,0,0,0,0,0,0,0,
#moving_targetting_pos=12,1|2,29|22,29|5,30|25,30|29,30|19,2|15,30|9,2|
#setting_targetting_pos=12,29|2,1|22,1|5,1|25,1|29,2|19,30|15,1|9,30|
RLLdLLRdd
#00000000000
#assigned_pet=-1,-1,-1,-1,-1,-1,-1,-1,-1,
#assigned_hub=0,0,0,0,0,0,0,0,0,
#moving_targetting_pos=12,1|2,29|22,29|5,30|25,30|29,30|19,2|15,30|9,2|
#setting_targetting_pos=12,29|2,1|22,1|5,1|25,1|29,2|19,30|15,1|9,30|
RdLLdLlLR
#00000000000
#assigned_pet=-1,-1,-1,-1,-1,-1,-1,-1,-1,
#assigned_hub=0,0,0,0,0,0,0,0,0,
#moving_targetting_pos=12,1|2,29|22,29|5,30|25,30|29,30|19,2|15,30|9,2|
#setting_targetting_pos=12,29|2,1|22,1|5,1|25,1|29,2|19,30|15,1|9,30|
lLr.LrudR
#00000000000
#assigned_pet=-1,-1,-1,-1,-1,-1,-1,-1,-1,
#assigned_hub=0,0,0,0,0,0,0,0,0,
#moving_targetting_pos=12,1|2,29|22,29|5,30|25,30|29,30|19,2|15,30|9,2|
#setting_targetting_pos=12,29|2,1|22,1|5,1|25,1|29,2|19,30|15,1|9,30|
dLudduRLl
#00000000000
#assigned_pet=-1,-1,-1,-1,-1,-1,-1,-1,-1,
#assigned_hub=0,0,0,0,0,0,0,0,0,
#moving_targetting_pos=12,1|2,29|22,29|5,30|25,30|29,30|19,2|15,30|9,2|
#setting_targetting_pos=12,29|2,1|22,1|5,1|25,1|29,2|19,30|15,1|9,30|
RrLLLLR.u
#00000000000
#assigned_pet=-1,-1,-1,-1,-1,-1,-1,-1,-1,
#assigned_hub=0,0,0,0,0,0,0,0,0,
#moving_targetting_pos=12,1|2,29|22,29|5,30|25,30|29,30|19,2|15,30|9,2|
#setting_targetting_pos=12,29|2,1|22,1|5,1|25,1|29,2|19,30|15,1|9,30|
RuLddLd.R
#00000000000
#assigned_pet=-1,-1,-1,-1,-1,-1,-1,-1,-1,
#assigned_hub=0,0,0,0,0,0,0,0,0,
#moving_targetting_pos=12,1|2,29|22,29|5,30|25,30|29,30|19,2|15,30|9,2|
#setting_targetting_pos=12,29|2,1|22,1|5,1|25,1|29,2|19,30|15,1|9,30|
RLrLLdR.R
#00000000000
#assigned_pet=-1,-1,-1,-1,-1,-1,-1,-1,-1,
#assigned_hub=0,0,0,0,0,0,0,0,0,
#moving_targetting_pos=12,1|2,29|22,29|5,30|25,30|29,30|19,2|15,30|9,2|
#setting_targetting_pos=12,29|2,1|22,1|5,1|25,1|29,2|19,30|15,1|9,30|
dLdddLldd
#00000000000
#assigned_pet=-1,-1,-1,-1,-1,-1,-1,-1,-1,
#assigned_hub=0,0,0,0,0,0,0,0,0,
#moving_targetting_pos=12,1|2,29|22,29|5,30|25,30|29,30|19,2|15,30|9,2|
#setting_targetting_pos=12,29|2,1|22,1|5,1|25,1|29,2|19,30|15,1|9,30|
u.LLL.RLR
#00000000000
#assigned_pet=-1,-1,-1,-1,-1,-1,-1,-1,-1,
#assigned_hub=0,0,0,0,0,0,0,0,0,
#moving_targetting_pos=12,1|2,29|22,29|5,30|25,30|29,30|19,2|15,30|9,2|
#setting_targetting_pos=12,29|2,1|22,1|5,1|25,1|29,2|19,30|15,1|9,30|
RrLdur.dl
#00000000000
#assigned_pet=-1,-1,-1,-1,-1,-1,-1,-1,-1,
#assigned_hub=0,0,0,0,0,0,0,0,0,
#moving_targetting_pos=12,1|2,29|22,29|5,30|25,30|29,30|19,2|15,30|9,2|
#setting_targetting_pos=12,29|2,1|22,1|5,1|25,1|29,2|19,30|15,1|9,30|
l.LLLLuLR
#00000000000
#assigned_pet=-1,-1,-1,-1,-1,-1,-1,-1,-1,
#assigned_hub=0,0,0,0,0,0,0,0,0,
#moving_targetting_pos=12,1|2,29|22,29|5,30|25,30|29,30|19,2|15,30|9,2|
#setting_targetting_pos=12,29|2,1|22,1|5,1|25,1|29,2|19,30|15,1|9,30|
R.duLuRuu
#00000000000
#assigned_pet=-1,-1,-1,-1,-1,-1,-1,-1,-1,
#assigned_hub=0,0,0,0,0,0,0,0,0,
#moving_targetting_pos=12,1|2,29|22,29|5,30|25,30|29,30|19,2|15,30|9,2|
#setting_targetting_pos=12,29|2,1|22,1|5,1|25,1|29,2|19,30|15,1|9,30|
RduLLLRLR
#00000000000
#assigned_pet=-1,-1,-1,-1,-1,-1,-1,-1,-1,
#assigned_hub=0,0,0,0,0,0,0,0,0,
#moving_targetting_pos=12,1|2,29|22,29|5,30|25,30|29,30|19,2|15,30|9,2|
#setting_targetting_pos=12,29|2,1|22,1|5,1|25,1|29,2|19,30|15,1|9,30|
dLLLLLlLR
#00000000000
#assigned_pet=-1,-1,-1,-1,-1,-1,-1,-1,-1,
#assigned_hub=0,0,0,0,0,0,0,0,0,
#moving_targetting_pos=12,1|2,29|22,29|5,30|25,30|29,30|19,2|15,30|9,2|
#setting_targetting_pos=12,29|2,1|22,1|5,1|25,1|29,2|19,30|15,1|9,30|
RLrLurdLl
#00000000000
#assigned_pet=-1,-1,-1,-1,-1,-1,-1,-1,-1,
#assigned_hub=0,0,0,0,0,0,0,0,0,
#moving_targetting_pos=12,1|2,29|22,29|5,30|25,30|29,30|19,2|15,30|9,2|
#setting_targetting_pos=12,29|2,1|22,1|5,1|25,1|29,2|19,30|15,1|9,30|
RLLLLdRLd
#00000000000
#assigned_pet=-1,-1,-1,-1,-1,-1,-1,-1,-1,
#assigned_hub=0,0,0,0,0,0,0,0,0,
#moving_targetting_pos=12,1|2,29|22,29|5,30|25,30|29,30|19,2|15,30|9,2|
#setting_targetting_pos=12,29|2,1|22,1|5,1|25,1|29,2|19,30|15,1|9,30|
luLudLRuR
#00000000000
#assigned_pet=-1,-1,-1,-1,-1,-1,-1,-1,-1,
#assigned_hub=0,0,0,0,0,0,0,0,0,
#moving_targetting_pos=12,1|2,29|22,29|5,30|25,30|29,30|19,2|15,30|9,2|
#setting_targetting_pos=12,29|2,1|22,1|5,1|25,1|29,2|19,30|15,1|9,30|
u.dLLLdLR
#00000000000
#assigned_pet=-1,-1,-1,-1,-1,-1,-1,-1,-1,
#assigned_hub=0,0,0,0,0,0,0,0,0,
#moving_targetting_pos=12,1|2,29|22,29|5,30|25,30|29,30|19,2|15,30|9,2|
#setting_targetting_pos=12,29|2,1|22,1|5,1|25,1|29,2|19,30|15,1|9,30|
RdLdddRdd
#00000000000
#assigned_pet=-1,-1,-1,-1,-1,-1,-1,-1,-1,
#assigned_hub=0,0,0,0,0,0,0,0,0,
#moving_targetting_pos=12,1|2,29|22,29|5,30|25,30|29,30|19,2|15,30|9,2|
#setting_targetting_pos=12,29|2,1|22,1|5,1|25,1|29,2|19,30|15,1|9,30|
RLLLLLRLR
#00000000000
#assigned_pet=-1,-1,-1,-1,-1,-1,-1,-1,-1,
#assigned_hub=0,0,0,0,0,0,0,0,0,
#moving_targetting_pos=12,1|2,29|22,29|5,30|25,30|29,30|19,2|15,30|9,2|
#setting_targetting_pos=12,29|2,1|22,1|5,1|25,1|29,2|19,30|15,1|9,30|
l.rddLldR
#00000000000
#assigned_pet=-1,-1,-1,-1,-1,-1,-1,-1,-1,
#assigned_hub=0,0,0,0,0,0,0,0,0,
#moving_targetting_pos=12,1|2,29|22,29|5,30|25,30|29,30|19,2|15,30|9,2|
#setting_targetting_pos=12,29|2,1|22,1|5,1|25,1|29,2|19,30|15,1|9,30|
druLLruLl
#00000000000
#assigned_pet=-1,-1,-1,-1,-1,-1,-1,-1,-1,
#assigned_hub=0,0,0,0,0,0,0,0,0,
#moving_targetting_pos=12,1|2,29|22,29|5,30|25,30|29,30|19,2|15,30|9,2|
#setting_targetting_pos=12,29|2,1|22,1|5,1|25,1|29,2|19,30|15,1|9,30|
RLLd.uRdu
#00000000000
#assigned_pet=-1,-1,-1,-1,-1,-1,-1,-1,-1,
#assigned_hub=0,0,0,0,0,0,0,0,0,
#moving_targetting_pos=12,1|2,29|22,29|5,30|25,30|29,30|19,2|15,30|9,2|
#setting_targetting_pos=12,29|2,1|22,1|5,1|25,1|29,2|19,30|15,1|9,30|
RLLLdLRLR
#00000000000
#assigned_pet=-1,-1,-1,-1,-1,-1,-1,-1,-1,
#assigned_hub=0,0,0,0,0,0,0,0,0,
#moving_targetting_pos=12,1|2,29|22,29|5,30|25,30|29,30|19,2|15,30|9,2|
#setting_targetting_pos=12,29|2,1|22,1|5,1|25,1|29,2|19,30|15,1|9,30|
Rd.dLLddR
#00000000000
#assigned_pet=-1,-1,-1,-1,-1,-1,-1,-1,-1,
#assigned_hub=0,0,0,0,0,0,0,0,0,
#moving_targetting_pos=12,1|2,29|22,29|5,30|25,30|29,30|19,2|15,30|9,2|
#setting_targetting_pos=12,29|2,1|22,1|5,1|25,1|29,2|19,30|15,1|9,30|
uLrLddRLd
#00000000000
#assigned_pet=-1,-1,-1,-1,-1,-1,-1,-1,-1,
#assigned_hub=0,0,0,0,0,0,0,0,0,
#moving_targetting_pos=12,1|2,29|22,29|5,30|25,30|29,30|19,2|15,30|9,2|
#setting_targetting_pos=12,29|2,1|22,1|5,1|25,1|29,2|19,30|15,1|9,30|
dL.dLLl.R
#00000000000
#assigned_pet=-1,-1,-1,-1,-1,-1,-1,-1,-1,
#assigned_hub=0,0,0,0,0,0,0,0,0,
#moving_targetting_pos=12,1|2,29|22,29|5,30|25,30|29,30|19,2|15,30|9,2|
#setting_targetting_pos=12,29|2,1|22,1|5,1|25,1|29,2|19,30|15,1|9,30|
Rr.L.rR.l
#00000000000
#assigned_pet=-1,-1,-1,-1,-1,-1,-1,-1,-1,
#assigned_hub=0,0,0,0,0,0,0,0,0,
#moving_targetting_pos=12,1|2,29|22,29|5,30|25,30|29,30|19,2|15,30|9,2|
#setting_targetting_pos=12,29|2,1|22,1|5,1|25,1|29,2|19,30|15,1|9,30|
lu.uuLudR
#00000000000
#assigned_pet=-1,-1,-1,-1,-1,-1,-1,-1,-1,
#assigned_hub=0,0,0,0,0,0,0,0,0,
#moving_targetting_pos=12,1|2,29|22,29|5,30|25,30|29,30|19,2|15,30|9,2|
#setting_targetting_pos=12,29|2,1|22,1|5,1|25,1|29,2|19,30|15,1|9,30|
RL.LLuRLu
#00000000000
#assigned_pet=-1,-1,-1,-1,-1,-1,-1,-1,-1,
#assigned_hub=0,0,0,0,0,0,0,0,0,
#moving_targetting_pos=12,1|2,29|22,29|5,30|25,30|29,30|19,2|15,30|9,2|
#setting_targetting_pos=12,29|2,1|22,1|5,1|25,1|29,2|19,30|15,1|9,30|
RL.LLLRuR
#00000000000
#assigned_pet=-1,-1,-1,-1,-1,-1,-1,-1,-1,
#assigned_hub=0,0,0,0,0,0,0,0,0,
#moving_targetting_pos=12,1|2,29|22,29|5,30|25,30|29,30|19,2|15,30|9,2|
#setting_targetting_pos=12,29|2,1|22,1|5,1|25,1|29,2|19,30|15,1|9,30|
rr.LLLlLR
#00000000000
#assigned_pet=-1,-1,-1,-1,-1,-1,-1,-1,-1,
#assigned_hub=0,0,0,0,0,0,0,0,0,
#moving_targetting_pos=12,1|2,29|22,29|5,30|25,30|29,30|19,2|15,30|9,2|
#setting_targetting_pos=12,29|2,1|22,1|5,1|25,1|29,2|19,30|15,1|9,30|
dd.LLrdLl
#00000000000
#assigned_pet=-1,-1,-1,-1,-1,-1,-1,-1,-1,
#assigned_hub=5,0,0,0,0,0,8,0,0,
#moving_targetting_pos=16,26|2,29|22,29|5,30|25,30|29,30|26,26|15,30|9,2|
#setting_targetting_pos=12,29|2,1|22,1|5,1|25,1|29,2|19,30|15,1|9,30|
LLdu.dULd
#00000000000
#assigned_pet=-1,-1,-1,-1,-1,-1,-1,-1,-1,
#assigned_hub=5,0,0,0,0,6,8,0,0,
#moving_targetting_pos=16,26|2,29|22,29|5,30|25,30|26,6|26,26|15,30|9,2|
#setting_targetting_pos=-1,-1|2,1|22,1|5,1|25,1|29,2|-1,-1|15,1|9,30|
LLLLuULLR
#00000000000
#assigned_pet=-1,-1,-1,-1,-1,-1,-1,-1,-1,
#assigned_hub=5,0,0,0,0,6,8,0,0,
#moving_targetting_pos=16,26|2,29|22,29|5,30|25,30|26,6|26,26|15,30|9,2|
#setting_targetting_pos=-1,-1|2,1|22,1|5,1|25,1|-1,-1|-1,-1|15,1|9,30|
DLLdLRUuR
#00000000000
#assigned_pet=-1,-1,-1,-1,-1,-1,-1,-1,-1,
#assigned_hub=5,0,0,0,0,6,8,0,0,
#moving_targetting_pos=16,26|2,29|22,29|5,30|25,30|26,6|26,26|15,30|9,2|
#setting_targetting_pos=-1,-1|2,1|22,1|5,1|25,1|-1,-1|-1,-1|15,1|9,30|
DdLLdULLd
#00000000000
#assigned_pet=-1,-1,-1,-1,-1,-1,-1,-1,-1,
#assigned_hub=5,0,0,0,0,6,8,0,0,
#moving_targetting_pos=16,26|2,29|22,29|5,30|25,30|26,6|26,26|15,30|9,2|
#setting_targetting_pos=-1,-1|2,1|22,1|5,1|25,1|-1,-1|-1,-1|15,1|9,30|
Lud.LRLdR
#00000000000
#assigned_pet=10,-1,-1,-1,-1,-1,-1,-1,-1,
#assigned_hub=5,0,0,0,0,6,8,0,0,
#moving_targetting_pos=-1,-1|2,29|22,29|5,30|25,30|26,6|26,26|15,30|9,2|
#setting_targetting_pos=17,28|2,1|22,1|5,1|25,1|-1,-1|-1,-1|15,1|9,30|
RLuddRDLR
#00000000000
#assigned_pet=-1,-1,-1,-1,-1,-1,-1,-1,-1,
#assigned_hub=5,0,0,0,0,6,8,0,0,
#moving_targetting_pos=-1,-1|2,29|22,29|5,30|25,30|-1,-1|26,26|15,30|9,2|
#setting_targetting_pos=-1,-1|2,1|22,1|5,1|25,1|-1,-1|-1,-1|15,1|9,30|
.rLLL.Ddl
#00000000000
#assigned_pet=-1,-1,-1,-1,-1,-1,-1,-1,-1,
#assigned_hub=5,0,0,0,0,6,8,0,0,
#moving_targetting_pos=-1,-1|2,29|22,29|5,30|25,30|-1,-1|26,26|15,30|9,2|
#setting_targetting_pos=-1,-1|2,1|22,1|5,1|25,1|-1,-1|-1,-1|15,1|9,30|
.Lrdd.DLu
#00000000000
#assigned_pet=-1,-1,-1,-1,-1,3,-1,-1,-1,
#assigned_hub=5,0,0,0,3,6,8,0,0,
#moving_targetting_pos=-1,-1|2,29|22,29|6,6|16,6|-1,-1|26,26|15,30|9,2|
#setting_targetting_pos=-1,-1|2,1|22,1|5,1|25,1|25,4|-1,-1|15,1|9,30|
.LLRRLDdR
#00000000000
#assigned_pet=-1,-1,-1,-1,-1,-1,-1,-1,-1,
#assigned_hub=5,0,0,0,3,6,8,4,0,
#moving_targetting_pos=-1,-1|2,29|22,29|6,6|16,6|-1,-1|26,26|16,16|9,2|
#setting_targetting_pos=-1,-1|2,1|22,1|-1,-1|-1,-1|-1,-1|-1,-1|15,1|9,30|
.dLRR.DRR
#00000000000
#assigned_pet=-1,-1,-1,-1,-1,3,-1,-1,-1,
#assigned_hub=5,0,0,0,3,6,8,4,0,
#moving_targetting_pos=-1,-1|2,29|22,29|6,6|16,6|-1,-1|26,26|16,16|9,2|
#setting_targetting_pos=-1,-1|2,1|22,1|-1,-1|-1,-1|25,4|-1,-1|-1,-1|9,30|
.L.RRUDRd
#00000000000
#assigned_pet=-1,-1,-1,-1,-1,-1,-1,-1,-1,
#assigned_hub=5,0,0,0,3,6,8,4,0,
#moving_targetting_pos=-1,-1|2,29|22,29|6,6|16,6|-1,-1|26,26|16,16|9,2|
#setting_targetting_pos=-1,-1|2,1|22,1|-1,-1|-1,-1|-1,-1|-1,-1|-1,-1|9,30|
.L.RR.DRR
#00000000000
#assigned_pet=-1,-1,-1,8,-1,9,-1,-1,-1,
#assigned_hub=5,0,0,0,3,6,8,4,0,
#moving_targetting_pos=-1,-1|2,29|22,29|-1,-1|16,6|-1,-1|26,26|16,16|9,2|
#setting_targetting_pos=-1,-1|2,1|22,1|4,5|-1,-1|25,4|-1,-1|-1,-1|9,30|
.r..U.LRl
#00000000000
#assigned_pet=10,-1,-1,8,-1,9,10,-1,-1,
#assigned_hub=5,0,0,0,3,6,8,4,0,
#moving_targetting_pos=-1,-1|2,29|22,29|-1,-1|16,6|-1,-1|-1,-1|16,16|9,2|
#setting_targetting_pos=18,27|2,1|22,1|4,5|-1,-1|25,4|24,27|-1,-1|9,30|
Dud.U..RR
#00000000100
#assigned_pet=10,-1,-1,8,-1,9,10,-1,-1,
#assigned_hub=5,1,0,0,3,6,8,4,0,
#moving_targetting_pos=-1,-1|6,16|22,29|-1,-1|16,6|-1,-1|-1,-1|16,16|9,2|
#setting_targetting_pos=18,27|2,1|22,1|4,5|-1,-1|25,4|24,27|-1,-1|9,30|
DDLuU..Ru
#00000000100
#assigned_pet=-1,-1,-1,-1,-1,-1,-1,-1,-1,
#assigned_hub=5,1,0,0,3,6,8,4,0,
#moving_targetting_pos=-1,-1|6,16|22,29|-1,-1|16,6|-1,-1|-1,-1|16,16|9,2|
#setting_targetting_pos=-1,-1|-1,-1|22,1|-1,-1|-1,-1|-1,-1|-1,-1|-1,-1|9,30|
.RL.U..RR
#00000000100
#assigned_pet=10,-1,-1,-1,-1,9,10,-1,-1,
#assigned_hub=5,1,0,0,3,6,8,2,0,
#moving_targetting_pos=-1,-1|6,16|22,29|-1,-1|16,6|-1,-1|-1,-1|6,26|9,2|
#setting_targetting_pos=18,27|-1,-1|22,1|-1,-1|-1,-1|25,4|24,27|-1,-1|9,30|
DD..U..RR
#00000000101
#assigned_pet=10,-1,-1,-1,-1,-1,10,-1,-1,
#assigned_hub=5,1,0,0,3,6,8,2,0,
#moving_targetting_pos=-1,-1|6,16|22,29|-1,-1|16,6|-1,-1|-1,-1|6,26|9,2|
#setting_targetting_pos=18,27|-1,-1|22,1|-1,-1|-1,-1|-1,-1|24,27|-1,-1|9,30|
dRr.U.rRl
#00000000101
#assigned_pet=-1,-1,-1,-1,-1,9,-1,-1,-1,
#assigned_hub=5,1,0,0,3,6,8,2,0,
#moving_targetting_pos=-1,-1|6,16|22,29|-1,-1|16,6|-1,-1|-1,-1|6,26|9,2|
#setting_targetting_pos=-1,-1|-1,-1|22,1|-1,-1|-1,-1|25,4|-1,-1|-1,-1|9,30|
.D..U..Rd
#00000000101
#assigned_pet=-1,-1,-1,-1,-1,9,-1,-1,-1,
#assigned_hub=5,4,0,0,3,6,8,2,0,
#moving_targetting_pos=-1,-1|16,16|22,29|-1,-1|16,6|-1,-1|-1,-1|6,26|9,2|
#setting_targetting_pos=-1,-1|-1,-1|22,1|-1,-1|-1,-1|25,4|-1,-1|-1,-1|9,30|
.Ru.R..R.
#00000000101
#assigned_pet=-1,-1,-1,-1,2,9,-1,-1,-1,
#assigned_hub=5,4,0,0,3,6,8,2,0,
#moving_targetting_pos=-1,-1|16,16|22,29|-1,-1|-1,-1|-1,-1|26,26|6,26|9,2|
#setting_targetting_pos=-1,-1|-1,-1|22,1|-1,-1|17,4|25,4|-1,-1|-1,-1|9,30|
.R..L..R.
#00000000101
#assigned_pet=-1,-1,-1,-1,2,9,-1,-1,-1,
#assigned_hub=5,4,0,0,3,6,8,2,0,
#moving_targetting_pos=-1,-1|16,16|22,29|-1,-1|-1,-1|-1,-1|-1,-1|6,26|9,2|
#setting_targetting_pos=-1,-1|-1,-1|22,1|-1,-1|17,4|25,4|-1,-1|-1,-1|9,30|
.R..U..R.
#00000000101
#assigned_pet=-1,-1,-1,-1,2,9,-1,-1,-1,
#assigned_hub=5,4,0,0,3,6,8,2,0,
#moving_targetting_pos=-1,-1|16,16|22,29|-1,-1|-1,-1|-1,-1|26,26|6,26|9,2|
#setting_targetting_pos=-1,-1|-1,-1|22,1|-1,-1|17,4|25,4|-1,-1|-1,-1|9,30|
.R.....R.
#00000000101
#assigned_pet=-1,-1,-1,-1,0,0,-1,-1,-1,
#assigned_hub=5,4,0,0,3,6,8,2,0,
#moving_targetting_pos=-1,-1|16,16|22,29|-1,-1|-1,-1|-1,-1|26,26|6,26|9,2|
#setting_targetting_pos=-1,-1|-1,-1|22,1|-1,-1|18,5|24,5|-1,-1|-1,-1|9,30|
.R...R.R.
#00000000101
#assigned_pet=-1,-1,-1,-1,2,-1,-1,-1,-1,
#assigned_hub=5,4,0,0,3,6,8,2,0,
#moving_targetting_pos=-1,-1|16,16|22,29|-1,-1|-1,-1|-1,-1|26,26|6,26|9,2|
#setting_targetting_pos=-1,-1|-1,-1|22,1|-1,-1|17,4|-1,-1|-1,-1|-1,-1|9,30|
.R.....R.
#00000000101
#assigned_pet=-1,-1,-1,-1,0,0,-1,-1,-1,
#assigned_hub=5,4,0,0,3,6,8,2,0,
#moving_targetting_pos=-1,-1|16,16|22,29|-1,-1|-1,-1|-1,-1|26,26|6,26|9,2|
#setting_targetting_pos=-1,-1|-1,-1|22,1|-1,-1|18,5|24,5|-1,-1|-1,-1|9,30|
.R...U.R.
#10000000111
#assigned_pet=-1,-1,-1,-1,0,0,-1,-1,-1,
#assigned_hub=5,4,0,0,3,6,8,2,0,
#moving_targetting_pos=-1,-1|16,16|22,29|-1,-1|-1,-1|-1,-1|26,26|6,26|9,2|
#setting_targetting_pos=-1,-1|-1,-1|22,1|-1,-1|18,5|24,5|-1,-1|-1,-1|9,30|
.R..du.R.
#10000000111
#assigned_pet=-1,-1,-1,6,6,-1,-1,-1,-1,
#assigned_hub=5,4,0,0,3,6,8,2,0,
#moving_targetting_pos=-1,-1|16,16|22,29|-1,-1|-1,-1|-1,-1|26,26|6,26|9,2|
#setting_targetting_pos=-1,-1|-1,-1|22,1|8,5|14,5|-1,-1|-1,-1|-1,-1|9,30|
.R.DU..R.
#10000000111
#assigned_pet=-1,-1,-1,6,6,-1,-1,-1,-1,
#assigned_hub=5,4,0,0,3,6,8,2,0,
#moving_targetting_pos=-1,-1|16,16|22,29|-1,-1|-1,-1|-1,-1|26,26|6,26|9,2|
#setting_targetting_pos=-1,-1|-1,-1|22,1|8,5|14,5|-1,-1|-1,-1|-1,-1|9,30|
.R.DU..R.
#10000000111
#assigned_pet=-1,-1,-1,6,6,-1,-1,-1,-1,
#assigned_hub=5,4,0,0,3,6,8,2,0,
#moving_targetting_pos=-1,-1|16,16|22,29|-1,-1|-1,-1|26,6|26,26|6,26|9,2|
#setting_targetting_pos=-1,-1|-1,-1|22,1|8,5|14,5|-1,-1|-1,-1|-1,-1|9,30|
.R.....R.
#10000010111
#assigned_pet=-1,-1,-1,6,6,-1,-1,-1,-1,
#assigned_hub=5,4,0,0,3,6,8,2,0,
#moving_targetting_pos=16,26|16,16|22,29|-1,-1|-1,-1|-1,-1|26,26|6,26|9,2|
#setting_targetting_pos=-1,-1|-1,-1|22,1|8,5|14,5|-1,-1|-1,-1|-1,-1|9,30|
.R.du..R.
#10000010111
#assigned_pet=-1,-1,-1,-1,-1,-1,-1,-1,-1,
#assigned_hub=5,4,0,0,3,6,8,2,0,
#moving_targetting_pos=16,26|16,16|22,29|-1,-1|-1,-1|-1,-1|26,26|6,26|9,2|
#setting_targetting_pos=-1,-1|-1,-1|22,1|-1,-1|-1,-1|-1,-1|-1,-1|-1,-1|9,30|
.D.....R.
#10000010111
#assigned_pet=-1,-1,-1,-1,-1,-1,-1,-1,-1,
#assigned_hub=5,4,0,0,3,6,8,2,0,
#moving_targetting_pos=-1,-1|16,16|22,29|-1,-1|-1,-1|26,6|26,26|6,26|9,2|
#setting_targetting_pos=-1,-1|-1,-1|22,1|-1,-1|-1,-1|-1,-1|-1,-1|-1,-1|9,30|
.D.....R.
#10000010111
#assigned_pet=-1,-1,-1,-1,-1,-1,-1,-1,-1,
#assigned_hub=5,4,0,0,3,6,8,2,0,
#moving_targetting_pos=16,26|16,16|22,29|-1,-1|-1,-1|26,6|26,26|6,26|9,2|
#setting_targetting_pos=-1,-1|-1,-1|22,1|-1,-1|-1,-1|-1,-1|-1,-1|-1,-1|9,30|
.D.....U.
#10000010111
#assigned_pet=-1,-1,-1,1,1,-1,-1,-1,-1,
#assigned_hub=5,4,0,0,3,6,8,2,0,
#moving_targetting_pos=-1,-1|16,16|22,29|-1,-1|-1,-1|-1,-1|26,26|6,26|9,2|
#setting_targetting_pos=-1,-1|-1,-1|22,1|8,7|14,7|-1,-1|-1,-1|-1,-1|9,30|
.D.RR..U.
#10000010111
#assigned_pet=-1,-1,-1,1,1,-1,-1,-1,-1,
#assigned_hub=5,4,0,0,3,6,8,2,0,
#moving_targetting_pos=-1,-1|16,16|22,29|-1,-1|-1,-1|26,6|26,26|6,26|9,2|
#setting_targetting_pos=-1,-1|-1,-1|22,1|8,7|14,7|-1,-1|-1,-1|-1,-1|9,30|
.D.RR..U.
#10000010111
#assigned_pet=-1,-1,-1,-1,-1,-1,-1,-1,-1,
#assigned_hub=5,4,0,0,3,6,8,2,0,
#moving_targetting_pos=-1,-1|16,16|22,29|-1,-1|-1,-1|26,6|26,26|6,26|9,2|
#setting_targetting_pos=-1,-1|-1,-1|22,1|-1,-1|-1,-1|-1,-1|-1,-1|-1,-1|9,30|
.D.....U.
#10000010111
#assigned_pet=-1,-1,-1,1,1,-1,-1,-1,-1,
#assigned_hub=5,4,0,0,3,6,8,2,0,
#moving_targetting_pos=-1,-1|16,16|22,29|-1,-1|-1,-1|26,6|26,26|6,26|9,2|
#setting_targetting_pos=-1,-1|-1,-1|22,1|8,7|14,7|-1,-1|-1,-1|-1,-1|9,30|
.D.....U.
#11010010111
#assigned_pet=-1,-1,-1,1,1,-1,-1,-1,-1,
#assigned_hub=7,4,0,0,3,6,8,2,0,
#moving_targetting_pos=26,16|16,16|22,29|-1,-1|-1,-1|-1,-1|26,26|6,26|9,2|
#setting_targetting_pos=-1,-1|-1,-1|22,1|8,7|14,7|-1,-1|-1,-1|-1,-1|9,30|
LD.du..U.
#11010010111
#assigned_pet=-1,-1,-1,-1,-1,-1,-1,-1,-1,
#assigned_hub=7,4,0,0,3,6,8,2,0,
#moving_targetting_pos=26,16|16,16|22,29|6,6|-1,-1|-1,-1|26,26|6,26|9,2|
#setting_targetting_pos=-1,-1|-1,-1|22,1|-1,-1|-1,-1|-1,-1|-1,-1|-1,-1|9,30|
LD.....U.
#11010010111
#assigned_pet=-1,-1,-1,-1,-1,-1,-1,-1,-1,
#assigned_hub=7,4,0,0,3,6,8,2,0,
#moving_targetting_pos=26,16|16,16|22,29|6,6|-1,-1|-1,-1|26,26|6,26|9,2|
#setting_targetting_pos=-1,-1|-1,-1|22,1|-1,-1|-1,-1|-1,-1|-1,-1|-1,-1|9,30|
LR.....R.
#11010010111
#assigned_pet=-1,2,-1,-1,2,-1,-1,5,-1,
#assigned_hub=7,4,0,0,3,6,8,2,0,
#moving_targetting_pos=26,16|-1,-1|22,29|6,6|-1,-1|26,6|26,26|-1,-1|9,2|
#setting_targetting_pos=-1,-1|17,14|22,1|-1,-1|17,8|-1,-1|-1,-1|5,28|9,30|
LL..R..R.
#11010010111
#assigned_pet=-1,2,-1,-1,2,-1,-1,5,-1,
#assigned_hub=7,4,0,0,3,6,8,2,0,
#moving_targetting_pos=26,16|-1,-1|22,29|6,6|-1,-1|26,6|26,26|-1,-1|9,2|
#setting_targetting_pos=-1,-1|17,14|22,1|-1,-1|17,8|-1,-1|-1,-1|5,28|9,30|
LD..D..U.
#11010010111
#assigned_pet=-1,2,-1,-1,2,-1,-1,5,-1,
#assigned_hub=7,4,0,0,3,6,8,2,0,
#moving_targetting_pos=26,16|-1,-1|22,29|6,6|-1,-1|26,6|26,26|-1,-1|9,2|
#setting_targetting_pos=-1,-1|17,14|22,1|-1,-1|17,8|-1,-1|-1,-1|5,28|9,30|
LL.....R.
#11010010111
#assigned_pet=-1,2,-1,-1,2,-1,-1,5,-1,
#assigned_hub=7,4,0,0,3,6,8,2,0,
#moving_targetting_pos=26,16|-1,-1|22,29|6,6|-1,-1|26,6|26,26|-1,-1|9,2|
#setting_targetting_pos=-1,-1|17,14|22,1|-1,-1|17,8|-1,-1|-1,-1|5,28|9,30|
LD.....U.
#11110110111
#assigned_pet=-1,2,-1,-1,2,-1,-1,5,-1,
#assigned_hub=7,4,1,0,3,6,8,2,0,
#moving_targetting_pos=26,16|-1,-1|6,16|6,6|-1,-1|26,6|26,26|-1,-1|9,2|
#setting_targetting_pos=-1,-1|17,14|22,1|-1,-1|17,8|-1,-1|-1,-1|5,28|9,30|
LdD.d..u.
#11110110111
#assigned_pet=-1,-1,-1,-1,-1,-1,-1,-1,-1,
#assigned_hub=7,4,1,0,3,6,8,2,0,
#moving_targetting_pos=26,16|-1,-1|6,16|6,6|16,6|26,6|26,26|-1,-1|9,2|
#setting_targetting_pos=-1,-1|-1,-1|-1,-1|-1,-1|-1,-1|-1,-1|-1,-1|-1,-1|9,30|
L.R......
#11110110111
#assigned_pet=-1,-1,-1,-1,-1,-1,-1,-1,-1,
#assigned_hub=7,4,1,0,3,6,8,2,0,
#moving_targetting_pos=26,16|-1,-1|6,16|6,6|16,6|26,6|26,26|-1,-1|9,2|
#setting_targetting_pos=-1,-1|-1,-1|-1,-1|-1,-1|-1,-1|-1,-1|-1,-1|-1,-1|9,30|
L.D......
#11110110111
#assigned_pet=-1,-1,-1,-1,-1,-1,-1,-1,-1,
#assigned_hub=7,4,1,0,3,6,8,2,0,
#moving_targetting_pos=26,16|-1,-1|6,16|6,6|16,6|26,6|26,26|-1,-1|9,2|
#setting_targetting_pos=-1,-1|-1,-1|-1,-1|-1,-1|-1,-1|-1,-1|-1,-1|-1,-1|9,30|
D.R......
#11110110111
#assigned_pet=-1,-1,-1,-1,-1,-1,-1,-1,-1,
#assigned_hub=7,4,1,0,3,6,8,2,0,
#moving_targetting_pos=26,16|-1,-1|6,16|6,6|16,6|26,6|26,26|-1,-1|9,2|
#setting_targetting_pos=-1,-1|-1,-1|-1,-1|-1,-1|-1,-1|-1,-1|-1,-1|-1,-1|9,30|
D.D......
#11110110111
#assigned_pet=-1,-1,-1,-1,-1,-1,-1,-1,-1,
#assigned_hub=7,4,1,0,3,6,8,2,0,
#moving_targetting_pos=26,16|-1,-1|6,16|-1,-1|16,6|-1,-1|26,26|-1,-1|9,2|
#setting_targetting_pos=-1,-1|-1,-1|-1,-1|-1,-1|-1,-1|-1,-1|-1,-1|-1,-1|9,30|
D.R......
#11110110111
#assigned_pet=-1,-1,-1,-1,-1,-1,-1,-1,-1,
#assigned_hub=7,4,1,0,3,6,8,2,0,
#moving_targetting_pos=26,16|-1,-1|6,16|-1,-1|16,6|-1,-1|26,26|-1,-1|9,2|
#setting_targetting_pos=-1,-1|-1,-1|-1,-1|-1,-1|-1,-1|-1,-1|-1,-1|-1,-1|9,30|
D.R......
#11110110111
#assigned_pet=-1,-1,-1,-1,-1,-1,-1,-1,-1,
#assigned_hub=7,4,1,0,3,6,8,2,0,
#moving_targetting_pos=26,16|-1,-1|6,16|-1,-1|16,6|-1,-1|-1,-1|6,26|9,2|
#setting_targetting_pos=-1,-1|-1,-1|-1,-1|-1,-1|-1,-1|-1,-1|-1,-1|-1,-1|9,30|
D.R......
#11110110111
#assigned_pet=-1,-1,-1,-1,-1,-1,-1,-1,-1,
#assigned_hub=7,4,1,0,3,6,8,2,0,
#moving_targetting_pos=26,16|-1,-1|6,16|-1,-1|16,6|-1,-1|-1,-1|6,26|9,2|
#setting_targetting_pos=-1,-1|-1,-1|-1,-1|-1,-1|-1,-1|-1,-1|-1,-1|-1,-1|9,30|
D.R......
#11110110111
#assigned_pet=-1,-1,-1,-1,-1,-1,-1,-1,-1,
#assigned_hub=7,4,1,0,3,6,8,2,0,
#moving_targetting_pos=26,16|-1,-1|6,16|-1,-1|16,6|-1,-1|26,26|6,26|9,2|
#setting_targetting_pos=-1,-1|-1,-1|-1,-1|-1,-1|-1,-1|-1,-1|-1,-1|-1,-1|9,30|
D.R......
#11110110111
#assigned_pet=-1,-1,-1,-1,-1,-1,-1,-1,-1,
#assigned_hub=7,4,1,0,3,6,8,2,0,
#moving_targetting_pos=26,16|-1,-1|6,16|-1,-1|-1,-1|-1,-1|26,26|6,26|9,2|
#setting_targetting_pos=-1,-1|-1,-1|-1,-1|-1,-1|-1,-1|-1,-1|-1,-1|-1,-1|9,30|
L.R......
#11110110111
#assigned_pet=7,-1,-1,-1,-1,7,-1,-1,-1,
#assigned_hub=7,4,1,0,3,6,8,2,0,
#moving_targetting_pos=-1,-1|-1,-1|6,16|6,6|-1,-1|-1,-1|26,26|6,26|9,2|
#setting_targetting_pos=25,14|-1,-1|-1,-1|-1,-1|-1,-1|25,8|-1,-1|-1,-1|9,30|
L.R..R...
#11110110111
#assigned_pet=7,-1,-1,-1,-1,7,-1,-1,-1,
#assigned_hub=7,4,1,0,3,6,8,2,0,
#moving_targetting_pos=-1,-1|-1,-1|6,16|6,6|-1,-1|-1,-1|26,26|6,26|9,2|
#setting_targetting_pos=25,14|-1,-1|-1,-1|-1,-1|-1,-1|25,8|-1,-1|-1,-1|9,30|
D.R..R...
#11110110111
#assigned_pet=-1,-1,-1,-1,-1,-1,-1,-1,-1,
#assigned_hub=7,4,1,0,3,6,8,2,0,
#moving_targetting_pos=-1,-1|-1,-1|6,16|6,6|-1,-1|-1,-1|26,26|6,26|9,2|
#setting_targetting_pos=-1,-1|-1,-1|-1,-1|-1,-1|-1,-1|-1,-1|-1,-1|-1,-1|9,30|
..R......
#11110110111
#assigned_pet=-1,-1,-1,-1,-1,-1,-1,-1,-1,
#assigned_hub=7,4,1,0,3,6,8,2,0,
#moving_targetting_pos=-1,-1|-1,-1|6,16|6,6|-1,-1|-1,-1|26,26|6,26|9,2|
#setting_targetting_pos=-1,-1|-1,-1|-1,-1|-1,-1|-1,-1|-1,-1|-1,-1|-1,-1|9,30|
..R......
#11110110111
#assigned_pet=-1,-1,-1,-1,-1,-1,-1,-1,-1,
#assigned_hub=7,4,1,0,3,6,8,2,0,
#moving_targetting_pos=-1,-1|-1,-1|6,16|6,6|-1,-1|-1,-1|26,26|6,26|9,2|
#setting_targetting_pos=-1,-1|-1,-1|-1,-1|-1,-1|-1,-1|-1,-1|-1,-1|-1,-1|9,30|
..R......
#11110110111
#assigned_pet=-1,-1,-1,-1,-1,-1,-1,-1,-1,
#assigned_hub=7,4,1,0,3,6,8,2,0,
#moving_targetting_pos=-1,-1|-1,-1|6,16|6,6|-1,-1|-1,-1|26,26|6,26|9,2|
#setting_targetting_pos=-1,-1|-1,-1|-1,-1|-1,-1|-1,-1|-1,-1|-1,-1|-1,-1|9,30|
..R......
#11110110111
#assigned_pet=4,4,-1,-1,-1,-1,-1,-1,-1,
#assigned_hub=7,4,1,0,3,6,8,2,0,
#moving_targetting_pos=-1,-1|-1,-1|6,16|6,6|-1,-1|-1,-1|26,26|6,26|9,2|
#setting_targetting_pos=24,15|18,15|-1,-1|-1,-1|-1,-1|-1,-1|-1,-1|-1,-1|9,30|
.RU......
#11110110111
#assigned_pet=-1,-1,-1,-1,-1,7,-1,-1,-1,
#assigned_hub=7,4,1,0,3,6,8,2,0,
#moving_targetting_pos=-1,-1|-1,-1|6,16|6,6|-1,-1|-1,-1|26,26|6,26|9,2|
#setting_targetting_pos=-1,-1|-1,-1|-1,-1|-1,-1|-1,-1|27,4|-1,-1|-1,-1|9,30|
..U..L...
#11110110111
#assigned_pet=-1,-1,-1,-1,-1,-1,-1,-1,-1,
#assigned_hub=7,4,1,0,3,6,8,2,0,
#moving_targetting_pos=-1,-1|-1,-1|6,16|6,6|-1,-1|-1,-1|26,26|6,26|9,2|
#setting_targetting_pos=-1,-1|-1,-1|-1,-1|-1,-1|-1,-1|-1,-1|-1,-1|-1,-1|9,30|
..U......
#11110110111
#assigned_pet=-1,-1,-1,-1,-1,-1,-1,-1,-1,
#assigned_hub=7,4,1,0,3,6,8,2,0,
#moving_targetting_pos=-1,-1|-1,-1|6,16|6,6|-1,-1|-1,-1|26,26|6,26|9,2|
#setting_targetting_pos=-1,-1|-1,-1|-1,-1|-1,-1|-1,-1|-1,-1|-1,-1|-1,-1|9,30|
..U......
#11110110111
#assigned_pet=-1,-1,-1,-1,-1,-1,-1,-1,-1,
#assigned_hub=7,4,1,0,3,6,8,2,0,
#moving_targetting_pos=-1,-1|-1,-1|6,16|6,6|-1,-1|-1,-1|26,26|6,26|9,2|
#setting_targetting_pos=-1,-1|-1,-1|-1,-1|-1,-1|-1,-1|-1,-1|-1,-1|-1,-1|9,30|
..U......
#11110110111
#assigned_pet=-1,-1,-1,-1,-1,-1,-1,-1,-1,
#assigned_hub=7,4,1,0,3,6,8,2,0,
#moving_targetting_pos=-1,-1|-1,-1|6,16|6,6|-1,-1|-1,-1|26,26|6,26|9,2|
#setting_targetting_pos=-1,-1|-1,-1|-1,-1|-1,-1|-1,-1|-1,-1|-1,-1|-1,-1|9,30|
..U......
#11110110111
#assigned_pet=-1,-1,-1,-1,-1,-1,-1,-1,-1,
#assigned_hub=7,4,1,0,3,6,8,2,0,
#moving_targetting_pos=-1,-1|-1,-1|6,16|6,6|-1,-1|-1,-1|26,26|6,26|9,2|
#setting_targetting_pos=-1,-1|-1,-1|-1,-1|-1,-1|-1,-1|-1,-1|-1,-1|-1,-1|9,30|
..U......
#11110110111
#assigned_pet=-1,-1,-1,-1,-1,-1,-1,-1,-1,
#assigned_hub=7,4,1,0,3,6,8,2,0,
#moving_targetting_pos=-1,-1|-1,-1|6,16|6,6|-1,-1|-1,-1|26,26|6,26|9,2|
#setting_targetting_pos=-1,-1|-1,-1|-1,-1|-1,-1|-1,-1|-1,-1|-1,-1|-1,-1|9,30|
..U......
#11110110111
#assigned_pet=-1,-1,-1,-1,-1,-1,-1,-1,-1,
#assigned_hub=7,4,1,0,3,6,8,2,0,
#moving_targetting_pos=-1,-1|-1,-1|6,16|6,6|-1,-1|-1,-1|26,26|6,26|9,2|
#setting_targetting_pos=-1,-1|-1,-1|-1,-1|-1,-1|-1,-1|-1,-1|-1,-1|-1,-1|9,30|
..U......
#11110110111
#assigned_pet=-1,-1,-1,-1,7,7,-1,-1,-1,
#assigned_hub=7,4,1,0,3,6,8,2,0,
#moving_targetting_pos=-1,-1|-1,-1|6,16|6,6|-1,-1|-1,-1|26,26|6,26|9,2|
#setting_targetting_pos=-1,-1|-1,-1|-1,-1|-1,-1|18,7|24,7|-1,-1|-1,-1|9,30|
..U.LR...
#11110110111
#assigned_pet=-1,-1,-1,-1,7,7,-1,-1,-1,
#assigned_hub=7,4,1,0,3,6,8,2,0,
#moving_targetting_pos=-1,-1|-1,-1|6,16|6,6|-1,-1|-1,-1|26,26|6,26|9,2|
#setting_targetting_pos=-1,-1|-1,-1|-1,-1|-1,-1|18,7|24,7|-1,-1|-1,-1|9,30|
..U.D....
#11110111111
#assigned_pet=-1,-1,-1,-1,7,7,-1,-1,-1,
#assigned_hub=7,4,1,0,3,6,8,2,0,
#moving_targetting_pos=-1,-1|-1,-1|6,16|6,6|-1,-1|-1,-1|26,26|6,26|9,2|
#setting_targetting_pos=-1,-1|-1,-1|-1,-1|-1,-1|18,7|24,7|-1,-1|-1,-1|9,30|
..U.du...
#11110111111
#assigned_pet=-1,-1,-1,-1,-1,-1,-1,-1,-1,
#assigned_hub=7,4,1,0,3,6,8,2,0,
#moving_targetting_pos=26,16|-1,-1|6,16|6,6|16,6|26,6|26,26|6,26|9,2|
#setting_targetting_pos=-1,-1|-1,-1|-1,-1|-1,-1|-1,-1|-1,-1|-1,-1|-1,-1|9,30|
..U......
#11110111111
#assigned_pet=-1,-1,-1,-1,-1,-1,-1,-1,-1,
#assigned_hub=7,4,1,0,3,6,8,2,0,
#moving_targetting_pos=26,16|-1,-1|6,16|-1,-1|16,6|26,6|26,26|6,26|9,2|
#setting_targetting_pos=-1,-1|-1,-1|-1,-1|-1,-1|-1,-1|-1,-1|-1,-1|-1,-1|9,30|
..U......
#11110111111
#assigned_pet=-1,-1,-1,-1,-1,-1,-1,-1,-1,
#assigned_hub=7,4,1,0,3,6,8,2,0,
#moving_targetting_pos=26,16|-1,-1|6,16|6,6|16,6|26,6|26,26|6,26|9,2|
#setting_targetting_pos=-1,-1|-1,-1|-1,-1|-1,-1|-1,-1|-1,-1|-1,-1|-1,-1|9,30|
..U......
#11110111111
#assigned_pet=-1,-1,-1,-1,-1,-1,-1,-1,-1,
#assigned_hub=7,4,1,0,3,6,8,2,0,
#moving_targetting_pos=-1,-1|-1,-1|6,16|6,6|-1,-1|26,6|26,26|6,26|9,2|
#setting_targetting_pos=-1,-1|-1,-1|-1,-1|-1,-1|-1,-1|-1,-1|-1,-1|-1,-1|9,30|
..U......
#11110111111
#assigned_pet=-1,-1,-1,-1,-1,-1,-1,-1,-1,
#assigned_hub=7,4,1,0,3,6,8,2,0,
#moving_targetting_pos=-1,-1|-1,-1|6,16|6,6|-1,-1|26,6|26,26|6,26|9,2|
#setting_targetting_pos=-1,-1|-1,-1|-1,-1|-1,-1|-1,-1|-1,-1|-1,-1|-1,-1|9,30|
..U......
#11110111111
#assigned_pet=-1,-1,-1,-1,-1,-1,-1,-1,-1,
#assigned_hub=7,4,1,0,3,6,8,2,0,
#moving_targetting_pos=-1,-1|-1,-1|6,16|6,6|-1,-1|26,6|26,26|6,26|9,2|
#setting_targetting_pos=-1,-1|-1,-1|-1,-1|-1,-1|-1,-1|-1,-1|-1,-1|-1,-1|9,30|
..R......
#11110111111
#assigned_pet=-1,-1,-1,-1,-1,-1,-1,-1,-1,
#assigned_hub=7,4,1,0,3,6,8,2,0,
#moving_targetting_pos=-1,-1|-1,-1|-1,-1|6,6|-1,-1|26,6|26,26|6,26|9,2|
#setting_targetting_pos=-1,-1|-1,-1|-1,-1|-1,-1|-1,-1|-1,-1|-1,-1|-1,-1|9,30|
.........
#11110111111
#assigned_pet=-1,-1,-1,-1,-1,-1,-1,-1,-1,
#assigned_hub=7,4,1,0,3,6,8,2,0,
#moving_targetting_pos=-1,-1|-1,-1|-1,-1|6,6|-1,-1|26,6|26,26|6,26|9,2|
#setting_targetting_pos=-1,-1|-1,-1|-1,-1|-1,-1|-1,-1|-1,-1|-1,-1|-1,-1|9,30|
.........
#11110111111
#assigned_pet=-1,-1,-1,-1,-1,-1,-1,-1,-1,
#assigned_hub=5,4,1,0,3,6,8,2,0,
#moving_targetting_pos=16,26|-1,-1|-1,-1|6,6|16,6|26,6|26,26|6,26|9,2|
#setting_targetting_pos=-1,-1|-1,-1|-1,-1|-1,-1|-1,-1|-1,-1|-1,-1|-1,-1|9,30|
R........
#11110111111
#assigned_pet=-1,-1,-1,-1,-1,-1,-1,-1,-1,
#assigned_hub=5,4,1,0,3,6,8,2,0,
#moving_targetting_pos=16,26|-1,-1|-1,-1|6,6|16,6|26,6|26,26|6,26|9,2|
#setting_targetting_pos=-1,-1|-1,-1|-1,-1|-1,-1|-1,-1|-1,-1|-1,-1|-1,-1|9,30|
R........
#11110111111
#assigned_pet=-1,-1,-1,-1,-1,-1,-1,-1,-1,
#assigned_hub=5,4,1,0,3,6,8,2,0,
#moving_targetting_pos=16,26|-1,-1|-1,-1|6,6|16,6|26,6|26,26|6,26|9,2|
#setting_targetting_pos=-1,-1|-1,-1|-1,-1|-1,-1|-1,-1|-1,-1|-1,-1|-1,-1|9,30|
R........
#11110111111
#assigned_pet=-1,-1,-1,-1,-1,-1,-1,-1,-1,
#assigned_hub=5,4,1,0,3,6,8,2,0,
#moving_targetting_pos=16,26|-1,-1|-1,-1|6,6|16,6|26,6|26,26|6,26|9,2|
#setting_targetting_pos=-1,-1|-1,-1|-1,-1|-1,-1|-1,-1|-1,-1|-1,-1|-1,-1|9,30|
R........
#11110111111
#assigned_pet=-1,-1,-1,-1,-1,-1,-1,-1,-1,
#assigned_hub=5,4,1,0,3,6,8,2,0,
#moving_targetting_pos=16,26|-1,-1|-1,-1|6,6|16,6|26,6|26,26|6,26|9,2|
#setting_targetting_pos=-1,-1|-1,-1|-1,-1|-1,-1|-1,-1|-1,-1|-1,-1|-1,-1|9,30|
R........
#11110111111
#assigned_pet=-1,-1,-1,-1,-1,-1,-1,-1,-1,
#assigned_hub=5,4,1,0,3,6,8,2,0,
#moving_targetting_pos=16,26|-1,-1|6,16|6,6|16,6|26,6|26,26|6,26|9,2|
#setting_targetting_pos=-1,-1|-1,-1|-1,-1|-1,-1|-1,-1|-1,-1|-1,-1|-1,-1|9,30|
R........
#11110111111
#assigned_pet=-1,-1,-1,-1,-1,-1,-1,-1,-1,
#assigned_hub=5,4,1,0,3,6,8,2,0,
#moving_targetting_pos=16,26|-1,-1|6,16|6,6|16,6|26,6|26,26|6,26|9,2|
#setting_targetting_pos=-1,-1|-1,-1|-1,-1|-1,-1|-1,-1|-1,-1|-1,-1|-1,-1|9,30|
R........
#11110111111
#assigned_pet=-1,-1,-1,-1,-1,-1,-1,-1,-1,
#assigned_hub=5,4,1,0,3,6,8,2,0,
#moving_targetting_pos=16,26|-1,-1|-1,-1|6,6|16,6|26,6|26,26|6,26|9,2|
#setting_targetting_pos=-1,-1|-1,-1|-1,-1|-1,-1|-1,-1|-1,-1|-1,-1|-1,-1|9,30|
R........
#11110111111
#assigned_pet=-1,-1,-1,-1,-1,-1,-1,-1,-1,
#assigned_hub=5,4,1,0,3,6,8,2,0,
#moving_targetting_pos=16,26|-1,-1|-1,-1|6,6|16,6|26,6|26,26|6,26|9,2|
#setting_targetting_pos=-1,-1|-1,-1|-1,-1|-1,-1|-1,-1|-1,-1|-1,-1|-1,-1|9,30|
R........
#11110111111
#assigned_pet=-1,-1,-1,-1,-1,-1,-1,-1,-1,
#assigned_hub=5,4,1,0,3,6,8,2,0,
#moving_targetting_pos=16,26|-1,-1|6,16|6,6|16,6|26,6|-1,-1|6,26|9,2|
#setting_targetting_pos=-1,-1|-1,-1|-1,-1|-1,-1|-1,-1|-1,-1|-1,-1|-1,-1|9,30|
R........
#11110111111
#assigned_pet=-1,-1,-1,-1,-1,-1,-1,-1,-1,
#assigned_hub=5,4,1,0,3,6,8,2,0,
#moving_targetting_pos=16,26|-1,-1|6,16|6,6|16,6|26,6|-1,-1|6,26|9,2|
#setting_targetting_pos=-1,-1|-1,-1|-1,-1|-1,-1|-1,-1|-1,-1|-1,-1|-1,-1|9,30|
U........
#11110111111
#assigned_pet=-1,-1,-1,-1,-1,-1,-1,-1,-1,
#assigned_hub=5,4,1,0,3,6,8,2,0,
#moving_targetting_pos=16,26|-1,-1|6,16|6,6|16,6|26,6|-1,-1|6,26|9,2|
#setting_targetting_pos=-1,-1|-1,-1|-1,-1|-1,-1|-1,-1|-1,-1|-1,-1|-1,-1|9,30|
U........
#11110111111
#assigned_pet=-1,-1,-1,-1,-1,-1,-1,-1,-1,
#assigned_hub=5,4,1,0,3,6,8,2,0,
#moving_targetting_pos=16,26|-1,-1|6,16|6,6|16,6|26,6|-1,-1|6,26|9,2|
#setting_targetting_pos=-1,-1|-1,-1|-1,-1|-1,-1|-1,-1|-1,-1|-1,-1|-1,-1|9,30|
U........
#11110111111
#assigned_pet=-1,-1,-1,-1,-1,-1,-1,-1,-1,
#assigned_hub=5,4,1,0,3,6,8,2,0,
#moving_targetting_pos=16,26|-1,-1|6,16|6,6|16,6|26,6|-1,-1|6,26|9,2|
#setting_targetting_pos=-1,-1|-1,-1|-1,-1|-1,-1|-1,-1|-1,-1|-1,-1|-1,-1|9,30|
U........
#11110111111
#assigned_pet=-1,-1,-1,-1,-1,-1,-1,-1,-1,
#assigned_hub=5,4,1,0,3,6,8,2,0,
#moving_targetting_pos=16,26|-1,-1|6,16|6,6|16,6|26,6|-1,-1|-1,-1|9,2|
#setting_targetting_pos=-1,-1|-1,-1|-1,-1|-1,-1|-1,-1|-1,-1|-1,-1|-1,-1|9,30|
U........
#11110111111
#assigned_pet=-1,-1,-1,-1,-1,-1,-1,-1,-1,
#assigned_hub=5,4,1,0,3,6,8,2,0,
#moving_targetting_pos=16,26|16,16|6,16|6,6|16,6|26,6|-1,-1|-1,-1|9,2|
#setting_targetting_pos=-1,-1|-1,-1|-1,-1|-1,-1|-1,-1|-1,-1|-1,-1|-1,-1|9,30|
U........
#11110111111
#assigned_pet=-1,-1,-1,-1,-1,-1,-1,-1,-1,
#assigned_hub=5,4,1,0,3,6,8,2,0,
#moving_targetting_pos=16,26|16,16|6,16|6,6|16,6|26,6|-1,-1|-1,-1|9,2|
#setting_targetting_pos=-1,-1|-1,-1|-1,-1|-1,-1|-1,-1|-1,-1|-1,-1|-1,-1|9,30|
U........
#11110111111
#assigned_pet=-1,-1,-1,-1,-1,-1,-1,-1,-1,
#assigned_hub=5,4,1,0,3,6,8,2,0,
#moving_targetting_pos=16,26|16,16|6,16|6,6|16,6|26,6|26,26|-1,-1|9,2|
#setting_targetting_pos=-1,-1|-1,-1|-1,-1|-1,-1|-1,-1|-1,-1|-1,-1|-1,-1|9,30|
R........
#11110111111
#assigned_pet=4,-1,-1,-1,-1,-1,-1,4,-1,
#assigned_hub=5,4,1,0,3,6,8,2,0,
#moving_targetting_pos=-1,-1|16,16|6,16|6,6|16,6|26,6|26,26|-1,-1|9,2|
#setting_targetting_pos=14,25|-1,-1|-1,-1|-1,-1|-1,-1|-1,-1|-1,-1|8,25|9,30|
L......L.
#11110111111
#assigned_pet=4,-1,-1,-1,-1,-1,-1,4,-1,
#assigned_hub=5,4,1,0,3,6,8,2,0,
#moving_targetting_pos=-1,-1|16,16|6,16|6,6|16,6|26,6|26,26|-1,-1|9,2|
#setting_targetting_pos=14,25|-1,-1|-1,-1|-1,-1|-1,-1|-1,-1|-1,-1|8,25|9,30|
U......L.
#11110111111
#assigned_pet=4,-1,-1,-1,-1,-1,-1,4,-1,
#assigned_hub=5,4,1,0,3,6,8,2,0,
#moving_targetting_pos=-1,-1|16,16|6,16|6,6|16,6|26,6|26,26|-1,-1|9,2|
#setting_targetting_pos=14,25|-1,-1|-1,-1|-1,-1|-1,-1|-1,-1|-1,-1|8,25|9,30|
U......L.
#11110111111
#assigned_pet=4,-1,-1,-1,-1,-1,-1,4,-1,
#assigned_hub=5,4,1,0,3,6,8,2,0,
#moving_targetting_pos=-1,-1|16,16|6,16|6,6|16,6|26,6|26,26|-1,-1|9,2|
#setting_targetting_pos=14,25|-1,-1|-1,-1|-1,-1|-1,-1|-1,-1|-1,-1|8,25|9,30|
U......D.
#11110111111
#assigned_pet=4,-1,-1,-1,-1,-1,-1,4,-1,
#assigned_hub=5,4,1,0,3,6,8,2,0,
#moving_targetting_pos=-1,-1|16,16|-1,-1|6,6|16,6|26,6|26,26|-1,-1|9,2|
#setting_targetting_pos=14,25|-1,-1|-1,-1|-1,-1|-1,-1|-1,-1|-1,-1|8,25|9,30|
.........
#11110111111
#assigned_pet=4,-1,-1,-1,-1,-1,-1,4,-1,
#assigned_hub=5,4,1,0,3,6,8,2,0,
#moving_targetting_pos=-1,-1|16,16|-1,-1|6,6|16,6|26,6|26,26|-1,-1|9,2|
#setting_targetting_pos=14,25|-1,-1|-1,-1|-1,-1|-1,-1|-1,-1|-1,-1|8,25|9,30|
.........
#11110111111
#assigned_pet=-1,-1,-1,-1,-1,-1,-1,-1,-1,
#assigned_hub=5,4,1,0,3,6,8,2,0,
#moving_targetting_pos=-1,-1|16,16|-1,-1|6,6|16,6|26,6|26,26|-1,-1|9,2|
#setting_targetting_pos=-1,-1|-1,-1|-1,-1|-1,-1|-1,-1|-1,-1|-1,-1|-1,-1|9,30|
.........
#11110111111
#assigned_pet=-1,-1,-1,-1,-1,-1,-1,-1,-1,
#assigned_hub=5,4,1,0,3,6,8,2,0,
#moving_targetting_pos=-1,-1|16,16|-1,-1|6,6|16,6|26,6|26,26|-1,-1|9,2|
#setting_targetting_pos=-1,-1|-1,-1|-1,-1|-1,-1|-1,-1|-1,-1|-1,-1|-1,-1|9,30|
.........
#11110111111
#assigned_pet=-1,-1,-1,-1,-1,-1,-1,4,-1,
#assigned_hub=5,4,1,0,3,6,8,2,0,
#moving_targetting_pos=-1,-1|16,16|6,16|6,6|16,6|26,6|26,26|-1,-1|9,2|
#setting_targetting_pos=-1,-1|-1,-1|-1,-1|-1,-1|-1,-1|-1,-1|-1,-1|4,25|9,30|
.......U.
#11110111111
#assigned_pet=-1,-1,-1,-1,-1,-1,-1,-1,-1,
#assigned_hub=5,4,1,0,3,6,8,2,0,
#moving_targetting_pos=-1,-1|16,16|6,16|6,6|16,6|26,6|26,26|-1,-1|9,2|
#setting_targetting_pos=-1,-1|-1,-1|-1,-1|-1,-1|-1,-1|-1,-1|-1,-1|-1,-1|9,30|
.........
#11110111111
#assigned_pet=-1,-1,-1,-1,-1,-1,-1,4,-1,
#assigned_hub=5,4,1,0,3,6,8,2,0,
#moving_targetting_pos=-1,-1|16,16|6,16|6,6|16,6|26,6|26,26|-1,-1|9,2|
#setting_targetting_pos=-1,-1|-1,-1|-1,-1|-1,-1|-1,-1|-1,-1|-1,-1|4,25|9,30|
.......U.
#11110111111
#assigned_pet=-1,-1,-1,-1,-1,-1,-1,-1,-1,
#assigned_hub=5,4,1,0,3,6,8,2,0,
#moving_targetting_pos=-1,-1|16,16|6,16|6,6|16,6|26,6|26,26|-1,-1|9,2|
#setting_targetting_pos=-1,-1|-1,-1|-1,-1|-1,-1|-1,-1|-1,-1|-1,-1|-1,-1|9,30|
.........
#11110111111
#assigned_pet=-1,-1,-1,-1,-1,-1,-1,4,-1,
#assigned_hub=5,4,1,0,3,6,8,2,0,
#moving_targetting_pos=-1,-1|16,16|6,16|6,6|16,6|26,6|26,26|-1,-1|9,2|
#setting_targetting_pos=-1,-1|-1,-1|-1,-1|-1,-1|-1,-1|-1,-1|-1,-1|4,25|9,30|
.........
#11110111111
#assigned_pet=-1,-1,-1,-1,-1,-1,-1,4,-1,
#assigned_hub=5,4,1,0,3,6,8,2,0,
#moving_targetting_pos=-1,-1|16,16|6,16|6,6|16,6|26,6|26,26|-1,-1|9,2|
#setting_targetting_pos=-1,-1|-1,-1|-1,-1|-1,-1|-1,-1|-1,-1|-1,-1|4,25|9,30|
.........
#11110111111
#assigned_pet=-1,-1,-1,-1,-1,-1,-1,4,-1,
#assigned_hub=5,4,1,0,3,6,8,2,0,
#moving_targetting_pos=-1,-1|16,16|6,16|6,6|16,6|26,6|26,26|-1,-1|9,2|
#setting_targetting_pos=-1,-1|-1,-1|-1,-1|-1,-1|-1,-1|-1,-1|-1,-1|4,25|9,30|
.........
#11110111111
#assigned_pet=-1,-1,-1,-1,-1,-1,-1,-1,-1,
#assigned_hub=5,4,1,0,3,6,8,2,0,
#moving_targetting_pos=-1,-1|16,16|-1,-1|6,6|16,6|26,6|26,26|-1,-1|9,2|
#setting_targetting_pos=-1,-1|-1,-1|-1,-1|-1,-1|-1,-1|-1,-1|-1,-1|-1,-1|9,30|
.........
#11110111111
#assigned_pet=-1,-1,-1,-1,-1,-1,-1,-1,-1,
#assigned_hub=5,4,1,0,3,6,8,2,0,
#moving_targetting_pos=-1,-1|16,16|-1,-1|6,6|16,6|26,6|26,26|-1,-1|9,2|
#setting_targetting_pos=-1,-1|-1,-1|-1,-1|-1,-1|-1,-1|-1,-1|-1,-1|-1,-1|9,30|
.........
#11110111111
#assigned_pet=-1,-1,-1,-1,-1,-1,-1,-1,-1,
#assigned_hub=5,4,1,0,3,6,8,2,0,
#moving_targetting_pos=-1,-1|16,16|-1,-1|6,6|16,6|26,6|26,26|-1,-1|9,2|
#setting_targetting_pos=-1,-1|-1,-1|-1,-1|-1,-1|-1,-1|-1,-1|-1,-1|-1,-1|9,30|
.........
#11110111111
#assigned_pet=-1,-1,4,-1,-1,-1,-1,4,-1,
#assigned_hub=5,4,1,0,3,6,8,2,0,
#moving_targetting_pos=-1,-1|16,16|-1,-1|6,6|16,6|26,6|26,26|-1,-1|9,2|
#setting_targetting_pos=-1,-1|-1,-1|7,18|-1,-1|-1,-1|-1,-1|-1,-1|7,24|9,30|
..R....L.
#11110111111
#assigned_pet=-1,-1,4,-1,-1,-1,-1,4,-1,
#assigned_hub=5,4,1,0,3,6,8,2,0,
#moving_targetting_pos=-1,-1|16,16|-1,-1|6,6|16,6|26,6|26,26|-1,-1|9,2|
#setting_targetting_pos=-1,-1|-1,-1|7,18|-1,-1|-1,-1|-1,-1|-1,-1|7,24|9,30|
..U....D.
#11110111111
#assigned_pet=-1,-1,4,-1,-1,-1,-1,4,-1,
#assigned_hub=5,4,1,0,3,6,8,2,0,
#moving_targetting_pos=-1,-1|16,16|-1,-1|6,6|16,6|26,6|26,26|-1,-1|9,2|
#setting_targetting_pos=-1,-1|-1,-1|7,18|-1,-1|-1,-1|-1,-1|-1,-1|7,24|9,30|
.........
#11111111111
#assigned_pet=-1,-1,4,-1,-1,-1,-1,4,-1,
#assigned_hub=5,4,1,0,3,6,8,2,0,
#moving_targetting_pos=-1,-1|16,16|-1,-1|6,6|16,6|26,6|26,26|-1,-1|9,2|
#setting_targetting_pos=-1,-1|-1,-1|7,18|-1,-1|-1,-1|-1,-1|-1,-1|7,24|9,30|
..r....d.
#11111111111
#assigned_pet=-1,-1,-1,-1,-1,-1,-1,-1,-1,
#assigned_hub=5,4,1,0,3,6,8,2,0,
#moving_targetting_pos=16,26|16,16|6,16|6,6|16,6|26,6|26,26|6,26|9,2|
#setting_targetting_pos=-1,-1|-1,-1|-1,-1|-1,-1|-1,-1|-1,-1|-1,-1|-1,-1|9,30|
.........
#11111111111
#assigned_pet=-1,-1,-1,-1,-1,-1,-1,-1,-1,
#assigned_hub=5,4,1,0,3,6,8,2,0,
#moving_targetting_pos=16,26|16,16|6,16|6,6|16,6|26,6|26,26|6,26|9,2|
#setting_targetting_pos=-1,-1|-1,-1|-1,-1|-1,-1|-1,-1|-1,-1|-1,-1|-1,-1|9,30|
.........
#11111111111
#assigned_pet=-1,-1,-1,-1,-1,-1,-1,-1,-1,
#assigned_hub=5,4,1,0,3,6,8,2,0,
#moving_targetting_pos=16,26|16,16|6,16|6,6|16,6|26,6|26,26|6,26|9,2|
#setting_targetting_pos=-1,-1|-1,-1|-1,-1|-1,-1|-1,-1|-1,-1|-1,-1|-1,-1|9,30|
.........
#11111111111
#assigned_pet=-1,-1,-1,-1,-1,-1,-1,-1,-1,
#assigned_hub=5,4,1,0,3,6,8,2,0,
#moving_targetting_pos=16,26|16,16|6,16|6,6|16,6|26,6|26,26|6,26|9,2|
#setting_targetting_pos=-1,-1|-1,-1|-1,-1|-1,-1|-1,-1|-1,-1|-1,-1|-1,-1|9,30|
.........
#11111111111
#assigned_pet=-1,-1,-1,-1,-1,-1,-1,-1,-1,
#assigned_hub=5,4,1,0,3,6,8,2,0,
#moving_targetting_pos=16,26|16,16|6,16|6,6|16,6|26,6|26,26|6,26|9,2|
#setting_targetting_pos=-1,-1|-1,-1|-1,-1|-1,-1|-1,-1|-1,-1|-1,-1|-1,-1|9,30|
.........
#11111111111
#assigned_pet=-1,-1,-1,-1,-1,-1,-1,-1,-1,
#assigned_hub=5,4,1,0,3,6,8,2,0,
#moving_targetting_pos=16,26|16,16|6,16|6,6|16,6|26,6|26,26|6,26|9,2|
#setting_targetting_pos=-1,-1|-1,-1|-1,-1|-1,-1|-1,-1|-1,-1|-1,-1|-1,-1|9,30|
.........
#11111111111
#assigned_pet=-1,-1,-1,-1,-1,-1,-1,-1,-1,
#assigned_hub=5,4,1,0,3,6,8,2,0,
#moving_targetting_pos=16,26|16,16|6,16|6,6|16,6|26,6|26,26|6,26|9,2|
#setting_targetting_pos=-1,-1|-1,-1|-1,-1|-1,-1|-1,-1|-1,-1|-1,-1|-1,-1|9,30|
.........
#11111111111
#assigned_pet=-1,-1,-1,-1,-1,-1,-1,-1,-1,
#assigned_hub=5,4,1,0,3,6,8,2,0,
#moving_targetting_pos=16,26|16,16|6,16|6,6|16,6|26,6|26,26|6,26|9,2|
#setting_targetting_pos=-1,-1|-1,-1|-1,-1|-1,-1|-1,-1|-1,-1|-1,-1|-1,-1|9,30|
.........
#11111111111
#assigned_pet=-1,-1,-1,-1,-1,-1,-1,-1,-1,
#assigned_hub=5,4,1,0,3,6,8,2,0,
#moving_targetting_pos=16,26|16,16|6,16|6,6|16,6|26,6|26,26|6,26|9,2|
#setting_targetting_pos=-1,-1|-1,-1|-1,-1|-1,-1|-1,-1|-1,-1|-1,-1|-1,-1|9,30|
.........
#11111111111
#assigned_pet=-1,-1,-1,-1,-1,-1,-1,-1,-1,
#assigned_hub=5,4,1,0,3,6,8,2,0,
#moving_targetting_pos=16,26|16,16|6,16|6,6|16,6|26,6|26,26|6,26|9,2|
#setting_targetting_pos=-1,-1|-1,-1|-1,-1|-1,-1|-1,-1|-1,-1|-1,-1|-1,-1|9,30|
.........
#11111111111
#assigned_pet=-1,-1,-1,-1,-1,-1,-1,-1,-1,
#assigned_hub=5,4,1,0,3,6,8,2,0,
#moving_targetting_pos=16,26|16,16|6,16|6,6|16,6|26,6|26,26|6,26|9,2|
#setting_targetting_pos=-1,-1|-1,-1|-1,-1|-1,-1|-1,-1|-1,-1|-1,-1|-1,-1|9,30|
.........
#11111111111
#assigned_pet=-1,-1,-1,-1,-1,-1,-1,-1,-1,
#assigned_hub=5,4,1,0,3,6,8,2,0,
#moving_targetting_pos=16,26|16,16|6,16|6,6|16,6|26,6|26,26|6,26|9,2|
#setting_targetting_pos=-1,-1|-1,-1|-1,-1|-1,-1|-1,-1|-1,-1|-1,-1|-1,-1|9,30|
.........
#11111111111
#assigned_pet=-1,-1,-1,-1,-1,-1,-1,-1,-1,
#assigned_hub=5,4,1,0,3,6,8,2,0,
#moving_targetting_pos=16,26|16,16|6,16|6,6|16,6|26,6|26,26|6,26|9,2|
#setting_targetting_pos=-1,-1|-1,-1|-1,-1|-1,-1|-1,-1|-1,-1|-1,-1|-1,-1|9,30|
.........
#11111111111
#assigned_pet=-1,-1,-1,-1,-1,-1,-1,-1,-1,
#assigned_hub=5,4,1,0,3,6,8,2,0,
#moving_targetting_pos=16,26|16,16|6,16|6,6|16,6|26,6|26,26|6,26|9,2|
#setting_targetting_pos=-1,-1|-1,-1|-1,-1|-1,-1|-1,-1|-1,-1|-1,-1|-1,-1|9,30|
.........
#11111111111
#assigned_pet=-1,-1,-1,-1,-1,-1,-1,-1,-1,
#assigned_hub=5,4,1,0,3,6,8,2,0,
#moving_targetting_pos=16,26|16,16|6,16|6,6|16,6|26,6|26,26|6,26|9,2|
#setting_targetting_pos=-1,-1|-1,-1|-1,-1|-1,-1|-1,-1|-1,-1|-1,-1|-1,-1|9,30|
.........
#11111111111
#assigned_pet=-1,-1,-1,-1,-1,-1,-1,-1,-1,
#assigned_hub=5,4,1,0,3,6,8,2,0,
#moving_targetting_pos=16,26|16,16|6,16|6,6|16,6|26,6|26,26|6,26|9,2|
#setting_targetting_pos=-1,-1|-1,-1|-1,-1|-1,-1|-1,-1|-1,-1|-1,-1|-1,-1|9,30|
.........
#11111111111
#assigned_pet=-1,-1,-1,-1,-1,-1,-1,-1,-1,
#assigned_hub=5,4,1,0,3,6,8,2,0,
#moving_targetting_pos=16,26|16,16|6,16|6,6|16,6|26,6|26,26|6,26|9,2|
#setting_targetting_pos=-1,-1|-1,-1|-1,-1|-1,-1|-1,-1|-1,-1|-1,-1|-1,-1|9,30|
.........
#11111111111
#assigned_pet=-1,-1,-1,-1,-1,-1,-1,-1,-1,
#assigned_hub=5,4,1,0,3,6,8,2,0,
#moving_targetting_pos=16,26|16,16|6,16|6,6|16,6|26,6|26,26|6,26|9,2|
#setting_targetting_pos=-1,-1|-1,-1|-1,-1|-1,-1|-1,-1|-1,-1|-1,-1|-1,-1|9,30|
.........
#11111111111
#assigned_pet=-1,-1,-1,-1,-1,-1,-1,-1,-1,
#assigned_hub=5,4,1,0,3,6,8,2,0,
#moving_targetting_pos=16,26|16,16|6,16|6,6|16,6|26,6|26,26|6,26|9,2|
#setting_targetting_pos=-1,-1|-1,-1|-1,-1|-1,-1|-1,-1|-1,-1|-1,-1|-1,-1|9,30|
.........
#11111111111
#assigned_pet=-1,-1,-1,-1,-1,-1,-1,-1,-1,
#assigned_hub=5,4,1,0,3,6,8,2,0,
#moving_targetting_pos=16,26|16,16|6,16|6,6|16,6|26,6|26,26|6,26|9,2|
#setting_targetting_pos=-1,-1|-1,-1|-1,-1|-1,-1|-1,-1|-1,-1|-1,-1|-1,-1|9,30|
.........
#11111111111
#assigned_pet=-1,-1,-1,-1,-1,-1,-1,-1,-1,
#assigned_hub=5,4,1,0,3,6,8,2,0,
#moving_targetting_pos=16,26|16,16|6,16|6,6|16,6|26,6|26,26|6,26|9,2|
#setting_targetting_pos=-1,-1|-1,-1|-1,-1|-1,-1|-1,-1|-1,-1|-1,-1|-1,-1|9,30|
.........
#11111111111
#assigned_pet=-1,-1,-1,-1,-1,-1,-1,-1,-1,
#assigned_hub=5,4,1,0,3,6,8,2,0,
#moving_targetting_pos=16,26|16,16|6,16|6,6|16,6|26,6|26,26|6,26|9,2|
#setting_targetting_pos=-1,-1|-1,-1|-1,-1|-1,-1|-1,-1|-1,-1|-1,-1|-1,-1|9,30|
.........
#11111111111
#assigned_pet=-1,-1,-1,-1,-1,-1,-1,-1,-1,
#assigned_hub=5,4,1,0,3,6,8,2,0,
#moving_targetting_pos=16,26|16,16|6,16|6,6|16,6|26,6|26,26|6,26|9,2|
#setting_targetting_pos=-1,-1|-1,-1|-1,-1|-1,-1|-1,-1|-1,-1|-1,-1|-1,-1|9,30|
.........
#11111111111
#assigned_pet=-1,-1,-1,-1,-1,-1,-1,-1,-1,
#assigned_hub=5,4,1,0,3,6,8,2,0,
#moving_targetting_pos=16,26|16,16|6,16|6,6|16,6|26,6|26,26|6,26|9,2|
#setting_targetting_pos=-1,-1|-1,-1|-1,-1|-1,-1|-1,-1|-1,-1|-1,-1|-1,-1|9,30|
.........
#11111111111
#assigned_pet=-1,-1,-1,-1,-1,-1,-1,-1,-1,
#assigned_hub=5,4,1,0,3,6,8,2,0,
#moving_targetting_pos=16,26|16,16|6,16|6,6|16,6|26,6|26,26|6,26|9,2|
#setting_targetting_pos=-1,-1|-1,-1|-1,-1|-1,-1|-1,-1|-1,-1|-1,-1|-1,-1|9,30|
.........
#11111111111
#assigned_pet=-1,-1,-1,-1,-1,-1,-1,-1,-1,
#assigned_hub=5,4,1,0,3,6,8,2,0,
#moving_targetting_pos=16,26|16,16|6,16|6,6|16,6|26,6|26,26|6,26|9,2|
#setting_targetting_pos=-1,-1|-1,-1|-1,-1|-1,-1|-1,-1|-1,-1|-1,-1|-1,-1|9,30|
.........
#11111111111
#assigned_pet=-1,-1,-1,-1,-1,-1,-1,-1,-1,
#assigned_hub=5,4,1,0,3,6,8,2,0,
#moving_targetting_pos=16,26|16,16|6,16|6,6|16,6|26,6|26,26|6,26|9,2|
#setting_targetting_pos=-1,-1|-1,-1|-1,-1|-1,-1|-1,-1|-1,-1|-1,-1|-1,-1|9,30|
.........
#11111111111
#assigned_pet=-1,-1,-1,-1,-1,-1,-1,-1,-1,
#assigned_hub=5,4,1,0,3,6,8,2,0,
#moving_targetting_pos=16,26|16,16|6,16|6,6|16,6|26,6|26,26|6,26|9,2|
#setting_targetting_pos=-1,-1|-1,-1|-1,-1|-1,-1|-1,-1|-1,-1|-1,-1|-1,-1|9,30|
.........
#11111111111
#assigned_pet=-1,-1,-1,-1,-1,-1,-1,-1,-1,
#assigned_hub=5,4,1,0,3,6,8,2,0,
#moving_targetting_pos=16,26|16,16|6,16|6,6|16,6|26,6|26,26|6,26|9,2|
#setting_targetting_pos=-1,-1|-1,-1|-1,-1|-1,-1|-1,-1|-1,-1|-1,-1|-1,-1|9,30|
.........
#11111111111
#assigned_pet=-1,-1,-1,-1,-1,-1,-1,-1,-1,
#assigned_hub=5,4,1,0,3,6,8,2,0,
#moving_targetting_pos=16,26|16,16|6,16|6,6|16,6|26,6|26,26|6,26|9,2|
#setting_targetting_pos=-1,-1|-1,-1|-1,-1|-1,-1|-1,-1|-1,-1|-1,-1|-1,-1|9,30|
.........
#11111111111
#assigned_pet=-1,-1,-1,-1,-1,-1,-1,-1,-1,
#assigned_hub=5,4,1,0,3,6,8,2,0,
#moving_targetting_pos=16,26|16,16|6,16|6,6|16,6|26,6|26,26|6,26|9,2|
#setting_targetting_pos=-1,-1|-1,-1|-1,-1|-1,-1|-1,-1|-1,-1|-1,-1|-1,-1|9,30|
.........
#11111111111
#assigned_pet=-1,-1,-1,-1,-1,-1,-1,-1,-1,
#assigned_hub=5,4,1,0,3,6,8,2,0,
#moving_targetting_pos=16,26|16,16|6,16|6,6|16,6|26,6|26,26|6,26|9,2|
#setting_targetting_pos=-1,-1|-1,-1|-1,-1|-1,-1|-1,-1|-1,-1|-1,-1|-1,-1|9,30|
.........
#11111111111
#assigned_pet=-1,-1,-1,-1,-1,-1,-1,-1,-1,
#assigned_hub=5,4,1,0,3,6,8,2,0,
#moving_targetting_pos=16,26|16,16|6,16|6,6|16,6|26,6|26,26|6,26|9,2|
#setting_targetting_pos=-1,-1|-1,-1|-1,-1|-1,-1|-1,-1|-1,-1|-1,-1|-1,-1|9,30|
.........
#11111111111
#assigned_pet=-1,-1,-1,-1,-1,-1,-1,-1,-1,
#assigned_hub=5,4,1,0,3,6,8,2,0,
#moving_targetting_pos=16,26|16,16|6,16|6,6|16,6|26,6|26,26|6,26|9,2|
#setting_targetting_pos=-1,-1|-1,-1|-1,-1|-1,-1|-1,-1|-1,-1|-1,-1|-1,-1|9,30|
.........
#11111111111
#assigned_pet=-1,-1,-1,-1,-1,-1,-1,-1,-1,
#assigned_hub=5,4,1,0,3,6,8,2,0,
#moving_targetting_pos=16,26|16,16|6,16|6,6|16,6|26,6|26,26|6,26|9,2|
#setting_targetting_pos=-1,-1|-1,-1|-1,-1|-1,-1|-1,-1|-1,-1|-1,-1|-1,-1|9,30|
.........
#11111111111
#assigned_pet=-1,-1,-1,-1,-1,-1,-1,-1,-1,
#assigned_hub=5,4,1,0,3,6,8,2,0,
#moving_targetting_pos=16,26|16,16|6,16|6,6|16,6|26,6|26,26|6,26|9,2|
#setting_targetting_pos=-1,-1|-1,-1|-1,-1|-1,-1|-1,-1|-1,-1|-1,-1|-1,-1|9,30|
.........
#11111111111
#assigned_pet=-1,-1,-1,-1,-1,-1,-1,-1,-1,
#assigned_hub=5,4,1,0,3,6,8,2,0,
#moving_targetting_pos=16,26|16,16|6,16|6,6|16,6|26,6|26,26|6,26|9,2|
#setting_targetting_pos=-1,-1|-1,-1|-1,-1|-1,-1|-1,-1|-1,-1|-1,-1|-1,-1|9,30|
.........
#11111111111
#assigned_pet=-1,-1,-1,-1,-1,-1,-1,-1,-1,
#assigned_hub=5,4,1,0,3,6,8,2,0,
#moving_targetting_pos=16,26|16,16|6,16|6,6|16,6|26,6|26,26|6,26|9,2|
#setting_targetting_pos=-1,-1|-1,-1|-1,-1|-1,-1|-1,-1|-1,-1|-1,-1|-1,-1|9,30|
.........
#11111111111
#assigned_pet=-1,-1,-1,-1,-1,-1,-1,-1,-1,
#assigned_hub=5,4,1,0,3,6,8,2,0,
#moving_targetting_pos=16,26|16,16|6,16|6,6|16,6|26,6|26,26|6,26|9,2|
#setting_targetting_pos=-1,-1|-1,-1|-1,-1|-1,-1|-1,-1|-1,-1|-1,-1|-1,-1|9,30|
.........
#11111111111
#assigned_pet=-1,-1,-1,-1,-1,-1,-1,-1,-1,
#assigned_hub=5,4,1,0,3,6,8,2,0,
#moving_targetting_pos=16,26|16,16|6,16|6,6|16,6|26,6|26,26|6,26|9,2|
#setting_targetting_pos=-1,-1|-1,-1|-1,-1|-1,-1|-1,-1|-1,-1|-1,-1|-1,-1|9,30|
.........
#11111111111
#assigned_pet=-1,-1,-1,-1,-1,-1,-1,-1,-1,
#assigned_hub=5,4,1,0,3,6,8,2,0,
#moving_targetting_pos=16,26|16,16|6,16|6,6|16,6|26,6|26,26|6,26|9,2|
#setting_targetting_pos=-1,-1|-1,-1|-1,-1|-1,-1|-1,-1|-1,-1|-1,-1|-1,-1|9,30|
.........
#11111111111
#assigned_pet=-1,-1,-1,-1,-1,-1,-1,-1,-1,
#assigned_hub=5,4,1,0,3,6,8,2,0,
#moving_targetting_pos=16,26|16,16|6,16|6,6|16,6|26,6|26,26|6,26|9,2|
#setting_targetting_pos=-1,-1|-1,-1|-1,-1|-1,-1|-1,-1|-1,-1|-1,-1|-1,-1|9,30|
.........
#11111111111
#assigned_pet=-1,-1,-1,-1,-1,-1,-1,-1,-1,
#assigned_hub=5,4,1,0,3,6,8,2,0,
#moving_targetting_pos=16,26|16,16|6,16|6,6|16,6|26,6|26,26|6,26|9,2|
#setting_targetting_pos=-1,-1|-1,-1|-1,-1|-1,-1|-1,-1|-1,-1|-1,-1|-1,-1|9,30|
.........
#11111111111
#assigned_pet=-1,-1,-1,-1,-1,-1,-1,-1,-1,
#assigned_hub=5,4,1,0,3,6,8,2,0,
#moving_targetting_pos=16,26|16,16|6,16|6,6|16,6|26,6|26,26|6,26|9,2|
#setting_targetting_pos=-1,-1|-1,-1|-1,-1|-1,-1|-1,-1|-1,-1|-1,-1|-1,-1|9,30|
.........
#11111111111
#assigned_pet=-1,-1,-1,-1,-1,-1,-1,-1,-1,
#assigned_hub=5,4,1,0,3,6,8,2,0,
#moving_targetting_pos=16,26|16,16|6,16|6,6|16,6|26,6|26,26|6,26|9,2|
#setting_targetting_pos=-1,-1|-1,-1|-1,-1|-1,-1|-1,-1|-1,-1|-1,-1|-1,-1|9,30|
.........
#11111111111
#assigned_pet=-1,-1,-1,-1,-1,-1,-1,-1,-1,
#assigned_hub=5,4,1,0,3,6,8,2,0,
#moving_targetting_pos=16,26|16,16|6,16|6,6|16,6|26,6|26,26|6,26|9,2|
#setting_targetting_pos=-1,-1|-1,-1|-1,-1|-1,-1|-1,-1|-1,-1|-1,-1|-1,-1|9,30|
.........
#11111111111
#assigned_pet=-1,-1,-1,-1,-1,-1,-1,-1,-1,
#assigned_hub=5,4,1,0,3,6,8,2,0,
#moving_targetting_pos=16,26|16,16|6,16|6,6|16,6|26,6|26,26|6,26|9,2|
#setting_targetting_pos=-1,-1|-1,-1|-1,-1|-1,-1|-1,-1|-1,-1|-1,-1|-1,-1|9,30|
.........
#11111111111
#assigned_pet=-1,-1,-1,-1,-1,-1,-1,-1,-1,
#assigned_hub=5,4,1,0,3,6,8,2,0,
#moving_targetting_pos=16,26|16,16|6,16|6,6|16,6|26,6|26,26|6,26|9,2|
#setting_targetting_pos=-1,-1|-1,-1|-1,-1|-1,-1|-1,-1|-1,-1|-1,-1|-1,-1|9,30|
.........
#11111111111
#assigned_pet=-1,-1,-1,-1,-1,-1,-1,-1,-1,
#assigned_hub=5,4,1,0,3,6,8,2,0,
#moving_targetting_pos=16,26|16,16|6,16|6,6|16,6|26,6|26,26|6,26|9,2|
#setting_targetting_pos=-1,-1|-1,-1|-1,-1|-1,-1|-1,-1|-1,-1|-1,-1|-1,-1|9,30|
.........
#11111111111
#assigned_pet=-1,-1,-1,-1,-1,-1,-1,-1,-1,
#assigned_hub=5,4,1,0,3,6,8,2,0,
#moving_targetting_pos=16,26|16,16|6,16|6,6|16,6|26,6|26,26|6,26|9,2|
#setting_targetting_pos=-1,-1|-1,-1|-1,-1|-1,-1|-1,-1|-1,-1|-1,-1|-1,-1|9,30|
.........
#11111111111
#assigned_pet=-1,-1,-1,-1,-1,-1,-1,-1,-1,
#assigned_hub=5,4,1,0,3,6,8,2,0,
#moving_targetting_pos=16,26|16,16|6,16|6,6|16,6|26,6|26,26|6,26|9,2|
#setting_targetting_pos=-1,-1|-1,-1|-1,-1|-1,-1|-1,-1|-1,-1|-1,-1|-1,-1|9,30|
.........
#11111111111
#assigned_pet=-1,-1,-1,-1,-1,-1,-1,-1,-1,
#assigned_hub=5,4,1,0,3,6,8,2,0,
#moving_targetting_pos=16,26|16,16|6,16|6,6|16,6|26,6|26,26|6,26|9,2|
#setting_targetting_pos=-1,-1|-1,-1|-1,-1|-1,-1|-1,-1|-1,-1|-1,-1|-1,-1|9,30|
.........
#11111111111
#assigned_pet=-1,-1,-1,-1,-1,-1,-1,-1,-1,
#assigned_hub=5,4,1,0,3,6,8,2,0,
#moving_targetting_pos=16,26|16,16|6,16|6,6|16,6|26,6|26,26|6,26|9,2|
#setting_targetting_pos=-1,-1|-1,-1|-1,-1|-1,-1|-1,-1|-1,-1|-1,-1|-1,-1|9,30|
.........
#11111111111
#assigned_pet=-1,-1,-1,-1,-1,-1,-1,-1,-1,
#assigned_hub=5,4,1,0,3,6,8,2,0,
#moving_targetting_pos=16,26|16,16|6,16|6,6|16,6|26,6|26,26|6,26|9,2|
#setting_targetting_pos=-1,-1|-1,-1|-1,-1|-1,-1|-1,-1|-1,-1|-1,-1|-1,-1|9,30|
.........
#11111111111
#assigned_pet=-1,-1,-1,-1,-1,-1,-1,-1,-1,
#assigned_hub=5,4,1,0,3,6,8,2,0,
#moving_targetting_pos=16,26|16,16|6,16|6,6|16,6|26,6|26,26|6,26|9,2|
#setting_targetting_pos=-1,-1|-1,-1|-1,-1|-1,-1|-1,-1|-1,-1|-1,-1|-1,-1|9,30|
.........
#11111111111
#assigned_pet=-1,-1,-1,-1,-1,-1,-1,-1,-1,
#assigned_hub=5,4,1,0,3,6,8,2,0,
#moving_targetting_pos=16,26|16,16|6,16|6,6|16,6|26,6|26,26|6,26|9,2|
#setting_targetting_pos=-1,-1|-1,-1|-1,-1|-1,-1|-1,-1|-1,-1|-1,-1|-1,-1|9,30|
.........
#11111111111
#assigned_pet=-1,-1,-1,-1,-1,-1,-1,-1,-1,
#assigned_hub=5,4,1,0,3,6,8,2,0,
#moving_targetting_pos=16,26|16,16|6,16|6,6|16,6|26,6|26,26|6,26|9,2|
#setting_targetting_pos=-1,-1|-1,-1|-1,-1|-1,-1|-1,-1|-1,-1|-1,-1|-1,-1|9,30|
.........
#11111111111
#assigned_pet=-1,-1,-1,-1,-1,-1,-1,-1,-1,
#assigned_hub=5,4,1,0,3,6,8,2,0,
#moving_targetting_pos=16,26|16,16|6,16|6,6|16,6|26,6|26,26|6,26|9,2|
#setting_targetting_pos=-1,-1|-1,-1|-1,-1|-1,-1|-1,-1|-1,-1|-1,-1|-1,-1|9,30|
.........
#11111111111
#assigned_pet=-1,-1,-1,-1,-1,-1,-1,-1,-1,
#assigned_hub=5,4,1,0,3,6,8,2,0,
#moving_targetting_pos=16,26|16,16|6,16|6,6|16,6|26,6|26,26|6,26|9,2|
#setting_targetting_pos=-1,-1|-1,-1|-1,-1|-1,-1|-1,-1|-1,-1|-1,-1|-1,-1|9,30|
.........
#11111111111
#assigned_pet=-1,-1,-1,-1,-1,-1,-1,-1,-1,
#assigned_hub=5,4,1,0,3,6,8,2,0,
#moving_targetting_pos=16,26|16,16|6,16|6,6|16,6|26,6|26,26|6,26|9,2|
#setting_targetting_pos=-1,-1|-1,-1|-1,-1|-1,-1|-1,-1|-1,-1|-1,-1|-1,-1|9,30|
.........
#11111111111
#assigned_pet=-1,-1,-1,-1,-1,-1,-1,-1,-1,
#assigned_hub=5,4,1,0,3,6,8,2,0,
#moving_targetting_pos=16,26|16,16|6,16|6,6|16,6|26,6|26,26|6,26|9,2|
#setting_targetting_pos=-1,-1|-1,-1|-1,-1|-1,-1|-1,-1|-1,-1|-1,-1|-1,-1|9,30|
.........
#11111111111
#assigned_pet=-1,-1,-1,-1,-1,-1,-1,-1,-1,
#assigned_hub=5,4,1,0,3,6,8,2,0,
#moving_targetting_pos=16,26|16,16|6,16|6,6|16,6|26,6|26,26|6,26|9,2|
#setting_targetting_pos=-1,-1|-1,-1|-1,-1|-1,-1|-1,-1|-1,-1|-1,-1|-1,-1|9,30|
.........
#11111111111
#assigned_pet=-1,-1,-1,-1,-1,-1,-1,-1,-1,
#assigned_hub=5,4,1,0,3,6,8,2,0,
#moving_targetting_pos=16,26|16,16|6,16|6,6|16,6|26,6|26,26|6,26|9,2|
#setting_targetting_pos=-1,-1|-1,-1|-1,-1|-1,-1|-1,-1|-1,-1|-1,-1|-1,-1|9,30|
.........
#11111111111
#assigned_pet=-1,-1,-1,-1,-1,-1,-1,-1,-1,
#assigned_hub=5,4,1,0,3,6,8,2,0,
#moving_targetting_pos=16,26|16,16|6,16|6,6|16,6|26,6|26,26|6,26|9,2|
#setting_targetting_pos=-1,-1|-1,-1|-1,-1|-1,-1|-1,-1|-1,-1|-1,-1|-1,-1|9,30|
.........
#11111111111
#assigned_pet=-1,-1,-1,-1,-1,-1,-1,-1,-1,
#assigned_hub=5,4,1,0,3,6,8,2,0,
#moving_targetting_pos=16,26|16,16|6,16|6,6|16,6|26,6|26,26|6,26|9,2|
#setting_targetting_pos=-1,-1|-1,-1|-1,-1|-1,-1|-1,-1|-1,-1|-1,-1|-1,-1|9,30|
.........
#11111111111
#assigned_pet=-1,-1,-1,-1,-1,-1,-1,-1,-1,
#assigned_hub=5,4,1,0,3,6,8,2,0,
#moving_targetting_pos=16,26|16,16|6,16|6,6|16,6|26,6|26,26|6,26|9,2|
#setting_targetting_pos=-1,-1|-1,-1|-1,-1|-1,-1|-1,-1|-1,-1|-1,-1|-1,-1|9,30|
.........
#11111111111
#assigned_pet=-1,-1,-1,-1,-1,-1,-1,-1,-1,
#assigned_hub=5,4,1,0,3,6,8,2,0,
#moving_targetting_pos=16,26|16,16|6,16|6,6|16,6|26,6|26,26|6,26|9,2|
#setting_targetting_pos=-1,-1|-1,-1|-1,-1|-1,-1|-1,-1|-1,-1|-1,-1|-1,-1|9,30|
.........
#11111111111
#assigned_pet=-1,-1,-1,-1,-1,-1,-1,-1,-1,
#assigned_hub=5,4,1,0,3,6,8,2,0,
#moving_targetting_pos=16,26|16,16|6,16|6,6|16,6|26,6|26,26|6,26|9,2|
#setting_targetting_pos=-1,-1|-1,-1|-1,-1|-1,-1|-1,-1|-1,-1|-1,-1|-1,-1|9,30|
.........
#11111111111
#assigned_pet=-1,-1,-1,-1,-1,-1,-1,-1,-1,
#assigned_hub=5,4,1,0,3,6,8,2,0,
#moving_targetting_pos=16,26|16,16|6,16|6,6|16,6|26,6|26,26|6,26|9,2|
#setting_targetting_pos=-1,-1|-1,-1|-1,-1|-1,-1|-1,-1|-1,-1|-1,-1|-1,-1|9,30|
.........
#11111111111
#assigned_pet=-1,-1,-1,-1,-1,-1,-1,-1,-1,
#assigned_hub=5,4,1,0,3,6,8,2,0,
#moving_targetting_pos=16,26|16,16|6,16|6,6|16,6|26,6|26,26|6,26|9,2|
#setting_targetting_pos=-1,-1|-1,-1|-1,-1|-1,-1|-1,-1|-1,-1|-1,-1|-1,-1|9,30|
.........
#11111111111
#assigned_pet=-1,-1,-1,-1,-1,-1,-1,-1,-1,
#assigned_hub=5,4,1,0,3,6,8,2,0,
#moving_targetting_pos=16,26|16,16|6,16|6,6|16,6|26,6|26,26|6,26|9,2|
#setting_targetting_pos=-1,-1|-1,-1|-1,-1|-1,-1|-1,-1|-1,-1|-1,-1|-1,-1|9,30|
.........
#11111111111
#assigned_pet=-1,-1,-1,-1,-1,-1,-1,-1,-1,
#assigned_hub=5,4,1,0,3,6,8,2,0,
#moving_targetting_pos=16,26|16,16|6,16|6,6|16,6|26,6|26,26|6,26|9,2|
#setting_targetting_pos=-1,-1|-1,-1|-1,-1|-1,-1|-1,-1|-1,-1|-1,-1|-1,-1|9,30|
.........
#11111111111
#assigned_pet=-1,-1,-1,-1,-1,-1,-1,-1,-1,
#assigned_hub=5,4,1,0,3,6,8,2,0,
#moving_targetting_pos=16,26|16,16|6,16|6,6|16,6|26,6|26,26|6,26|9,2|
#setting_targetting_pos=-1,-1|-1,-1|-1,-1|-1,-1|-1,-1|-1,-1|-1,-1|-1,-1|9,30|
.........
#11111111111
#assigned_pet=-1,-1,-1,-1,-1,-1,-1,-1,-1,
#assigned_hub=5,4,1,0,3,6,8,2,0,
#moving_targetting_pos=16,26|16,16|6,16|6,6|16,6|26,6|26,26|6,26|9,2|
#setting_targetting_pos=-1,-1|-1,-1|-1,-1|-1,-1|-1,-1|-1,-1|-1,-1|-1,-1|9,30|
.........
#11111111111
#assigned_pet=-1,-1,-1,-1,-1,-1,-1,-1,-1,
#assigned_hub=5,4,1,0,3,6,8,2,0,
#moving_targetting_pos=16,26|16,16|6,16|6,6|16,6|26,6|26,26|6,26|9,2|
#setting_targetting_pos=-1,-1|-1,-1|-1,-1|-1,-1|-1,-1|-1,-1|-1,-1|-1,-1|9,30|
.........
#11111111111
#assigned_pet=-1,-1,-1,-1,-1,-1,-1,-1,-1,
#assigned_hub=5,4,1,0,3,6,8,2,0,
#moving_targetting_pos=16,26|16,16|6,16|6,6|16,6|26,6|26,26|6,26|9,2|
#setting_targetting_pos=-1,-1|-1,-1|-1,-1|-1,-1|-1,-1|-1,-1|-1,-1|-1,-1|9,30|
.........
#11111111111
#assigned_pet=-1,-1,-1,-1,-1,-1,-1,-1,-1,
#assigned_hub=5,4,1,0,3,6,8,2,0,
#moving_targetting_pos=16,26|16,16|6,16|6,6|16,6|26,6|26,26|6,26|9,2|
#setting_targetting_pos=-1,-1|-1,-1|-1,-1|-1,-1|-1,-1|-1,-1|-1,-1|-1,-1|9,30|
.........
#11111111111
#assigned_pet=-1,-1,-1,-1,-1,-1,-1,-1,-1,
#assigned_hub=5,4,1,0,3,6,8,2,0,
#moving_targetting_pos=16,26|16,16|6,16|6,6|16,6|26,6|26,26|6,26|9,2|
#setting_targetting_pos=-1,-1|-1,-1|-1,-1|-1,-1|-1,-1|-1,-1|-1,-1|-1,-1|9,30|
.........
#11111111111
#assigned_pet=-1,-1,-1,-1,-1,-1,-1,-1,-1,
#assigned_hub=5,4,1,0,3,6,8,2,0,
#moving_targetting_pos=16,26|16,16|6,16|6,6|16,6|26,6|26,26|6,26|9,2|
#setting_targetting_pos=-1,-1|-1,-1|-1,-1|-1,-1|-1,-1|-1,-1|-1,-1|-1,-1|9,30|
.........
#11111111111
#assigned_pet=-1,-1,-1,-1,-1,-1,-1,-1,-1,
#assigned_hub=5,4,1,0,3,6,8,2,0,
#moving_targetting_pos=16,26|16,16|6,16|6,6|16,6|26,6|26,26|6,26|9,2|
#setting_targetting_pos=-1,-1|-1,-1|-1,-1|-1,-1|-1,-1|-1,-1|-1,-1|-1,-1|9,30|
.........
#11111111111
#assigned_pet=-1,-1,-1,-1,-1,-1,-1,-1,-1,
#assigned_hub=5,4,1,0,3,6,8,2,0,
#moving_targetting_pos=16,26|16,16|6,16|6,6|16,6|26,6|26,26|6,26|9,2|
#setting_targetting_pos=-1,-1|-1,-1|-1,-1|-1,-1|-1,-1|-1,-1|-1,-1|-1,-1|9,30|
.........
#11111111111
#assigned_pet=-1,-1,-1,-1,-1,-1,-1,-1,-1,
#assigned_hub=5,4,1,0,3,6,8,2,0,
#moving_targetting_pos=16,26|16,16|6,16|6,6|16,6|26,6|26,26|6,26|9,2|
#setting_targetting_pos=-1,-1|-1,-1|-1,-1|-1,-1|-1,-1|-1,-1|-1,-1|-1,-1|9,30|
.........
#11111111111
#assigned_pet=-1,-1,-1,-1,-1,-1,-1,-1,-1,
#assigned_hub=5,4,1,0,3,6,8,2,0,
#moving_targetting_pos=16,26|16,16|6,16|6,6|16,6|26,6|26,26|6,26|9,2|
#setting_targetting_pos=-1,-1|-1,-1|-1,-1|-1,-1|-1,-1|-1,-1|-1,-1|-1,-1|9,30|
.........
#11111111111
#assigned_pet=-1,-1,-1,-1,-1,-1,-1,-1,-1,
#assigned_hub=5,4,1,0,3,6,8,2,0,
#moving_targetting_pos=16,26|16,16|6,16|6,6|16,6|26,6|26,26|6,26|9,2|
#setting_targetting_pos=-1,-1|-1,-1|-1,-1|-1,-1|-1,-1|-1,-1|-1,-1|-1,-1|9,30|
.........
#11111111111
#assigned_pet=-1,-1,-1,-1,-1,-1,-1,-1,-1,
#assigned_hub=5,4,1,0,3,6,8,2,0,
#moving_targetting_pos=16,26|16,16|6,16|6,6|16,6|26,6|26,26|6,26|9,2|
#setting_targetting_pos=-1,-1|-1,-1|-1,-1|-1,-1|-1,-1|-1,-1|-1,-1|-1,-1|9,30|
.........
#11111111111
#assigned_pet=-1,-1,-1,-1,-1,-1,-1,-1,-1,
#assigned_hub=5,4,1,0,3,6,8,2,0,
#moving_targetting_pos=16,26|16,16|6,16|6,6|16,6|26,6|26,26|6,26|9,2|
#setting_targetting_pos=-1,-1|-1,-1|-1,-1|-1,-1|-1,-1|-1,-1|-1,-1|-1,-1|9,30|
.........
#11111111111
#assigned_pet=-1,-1,-1,-1,-1,-1,-1,-1,-1,
#assigned_hub=5,4,1,0,3,6,8,2,0,
#moving_targetting_pos=16,26|16,16|6,16|6,6|16,6|26,6|26,26|6,26|9,2|
#setting_targetting_pos=-1,-1|-1,-1|-1,-1|-1,-1|-1,-1|-1,-1|-1,-1|-1,-1|9,30|
.........
#11111111111
#assigned_pet=-1,-1,-1,-1,-1,-1,-1,-1,-1,
#assigned_hub=5,4,1,0,3,6,8,2,0,
#moving_targetting_pos=16,26|16,16|6,16|6,6|16,6|26,6|26,26|6,26|9,2|
#setting_targetting_pos=-1,-1|-1,-1|-1,-1|-1,-1|-1,-1|-1,-1|-1,-1|-1,-1|9,30|
.........
#11111111111
#assigned_pet=-1,-1,-1,-1,-1,-1,-1,-1,-1,
#assigned_hub=5,4,1,0,3,6,8,2,0,
#moving_targetting_pos=16,26|16,16|6,16|6,6|16,6|26,6|26,26|6,26|9,2|
#setting_targetting_pos=-1,-1|-1,-1|-1,-1|-1,-1|-1,-1|-1,-1|-1,-1|-1,-1|9,30|
.........
#11111111111
#assigned_pet=-1,-1,-1,-1,-1,-1,-1,-1,-1,
#assigned_hub=5,4,1,0,3,6,8,2,0,
#moving_targetting_pos=16,26|16,16|6,16|6,6|16,6|26,6|26,26|6,26|9,2|
#setting_targetting_pos=-1,-1|-1,-1|-1,-1|-1,-1|-1,-1|-1,-1|-1,-1|-1,-1|9,30|
.........
#11111111111
#assigned_pet=-1,-1,-1,-1,-1,-1,-1,-1,-1,
#assigned_hub=5,4,1,0,3,6,8,2,0,
#moving_targetting_pos=16,26|16,16|6,16|6,6|16,6|26,6|26,26|6,26|9,2|
#setting_targetting_pos=-1,-1|-1,-1|-1,-1|-1,-1|-1,-1|-1,-1|-1,-1|-1,-1|9,30|
.........
#11111111111
#assigned_pet=-1,-1,-1,-1,-1,-1,-1,-1,-1,
#assigned_hub=5,4,1,0,3,6,8,2,0,
#moving_targetting_pos=16,26|16,16|6,16|6,6|16,6|26,6|26,26|6,26|9,2|
#setting_targetting_pos=-1,-1|-1,-1|-1,-1|-1,-1|-1,-1|-1,-1|-1,-1|-1,-1|9,30|
.........
#11111111111
#assigned_pet=-1,-1,-1,-1,-1,-1,-1,-1,-1,
#assigned_hub=5,4,1,0,3,6,8,2,0,
#moving_targetting_pos=16,26|16,16|6,16|6,6|16,6|26,6|26,26|6,26|9,2|
#setting_targetting_pos=-1,-1|-1,-1|-1,-1|-1,-1|-1,-1|-1,-1|-1,-1|-1,-1|9,30|
.........
#11111111111
#assigned_pet=-1,-1,-1,-1,-1,-1,-1,-1,-1,
#assigned_hub=5,4,1,0,3,6,8,2,0,
#moving_targetting_pos=16,26|16,16|6,16|6,6|16,6|26,6|26,26|6,26|9,2|
#setting_targetting_pos=-1,-1|-1,-1|-1,-1|-1,-1|-1,-1|-1,-1|-1,-1|-1,-1|9,30|
.........
#11111111111
#assigned_pet=-1,-1,-1,-1,-1,-1,-1,-1,-1,
#assigned_hub=5,4,1,0,3,6,8,2,0,
#moving_targetting_pos=16,26|16,16|6,16|6,6|16,6|26,6|26,26|6,26|9,2|
#setting_targetting_pos=-1,-1|-1,-1|-1,-1|-1,-1|-1,-1|-1,-1|-1,-1|-1,-1|9,30|
.........
#11111111111
#assigned_pet=-1,-1,-1,-1,-1,-1,-1,-1,-1,
#assigned_hub=5,4,1,0,3,6,8,2,0,
#moving_targetting_pos=16,26|16,16|6,16|6,6|16,6|26,6|26,26|6,26|9,2|
#setting_targetting_pos=-1,-1|-1,-1|-1,-1|-1,-1|-1,-1|-1,-1|-1,-1|-1,-1|9,30|
.........
#11111111111
#assigned_pet=-1,-1,-1,-1,-1,-1,-1,-1,-1,
#assigned_hub=5,4,1,0,3,6,8,2,0,
#moving_targetting_pos=16,26|16,16|6,16|6,6|16,6|26,6|26,26|6,26|9,2|
#setting_targetting_pos=-1,-1|-1,-1|-1,-1|-1,-1|-1,-1|-1,-1|-1,-1|-1,-1|9,30|
.........
#11111111111
#assigned_pet=-1,-1,-1,-1,-1,-1,-1,-1,-1,
#assigned_hub=5,4,1,0,3,6,8,2,0,
#moving_targetting_pos=16,26|16,16|6,16|6,6|16,6|26,6|26,26|6,26|9,2|
#setting_targetting_pos=-1,-1|-1,-1|-1,-1|-1,-1|-1,-1|-1,-1|-1,-1|-1,-1|9,30|
.........
#11111111111
#assigned_pet=-1,-1,-1,-1,-1,-1,-1,-1,-1,
#assigned_hub=5,4,1,0,3,6,8,2,0,
#moving_targetting_pos=16,26|16,16|6,16|6,6|16,6|26,6|26,26|6,26|9,2|
#setting_targetting_pos=-1,-1|-1,-1|-1,-1|-1,-1|-1,-1|-1,-1|-1,-1|-1,-1|9,30|
.........
#11111111111
#assigned_pet=-1,-1,-1,-1,-1,-1,-1,-1,-1,
#assigned_hub=5,4,1,0,3,6,8,2,0,
#moving_targetting_pos=16,26|16,16|6,16|6,6|16,6|26,6|26,26|6,26|9,2|
#setting_targetting_pos=-1,-1|-1,-1|-1,-1|-1,-1|-1,-1|-1,-1|-1,-1|-1,-1|9,30|
.........
#11111111111
#assigned_pet=-1,-1,-1,-1,-1,-1,-1,-1,-1,
#assigned_hub=5,4,1,0,3,6,8,2,0,
#moving_targetting_pos=16,26|16,16|6,16|6,6|16,6|26,6|26,26|6,26|9,2|
#setting_targetting_pos=-1,-1|-1,-1|-1,-1|-1,-1|-1,-1|-1,-1|-1,-1|-1,-1|9,30|
.........
#11111111111
#assigned_pet=-1,-1,-1,-1,-1,-1,-1,-1,-1,
#assigned_hub=5,4,1,0,3,6,8,2,0,
#moving_targetting_pos=16,26|16,16|6,16|6,6|16,6|26,6|26,26|6,26|9,2|
#setting_targetting_pos=-1,-1|-1,-1|-1,-1|-1,-1|-1,-1|-1,-1|-1,-1|-1,-1|9,30|
.........
#11111111111
#assigned_pet=-1,-1,-1,-1,-1,-1,-1,-1,-1,
#assigned_hub=5,4,1,0,3,6,8,2,0,
#moving_targetting_pos=16,26|16,16|6,16|6,6|16,6|26,6|26,26|6,26|9,2|
#setting_targetting_pos=-1,-1|-1,-1|-1,-1|-1,-1|-1,-1|-1,-1|-1,-1|-1,-1|9,30|
.........
#11111111111
#assigned_pet=-1,-1,-1,-1,-1,-1,-1,-1,-1,
#assigned_hub=5,4,1,0,3,6,8,2,0,
#moving_targetting_pos=16,26|16,16|6,16|6,6|16,6|26,6|26,26|6,26|9,2|
#setting_targetting_pos=-1,-1|-1,-1|-1,-1|-1,-1|-1,-1|-1,-1|-1,-1|-1,-1|9,30|
.........
#11111111111
#assigned_pet=-1,-1,-1,-1,-1,-1,-1,-1,-1,
#assigned_hub=5,4,1,0,3,6,8,2,0,
#moving_targetting_pos=16,26|16,16|6,16|6,6|16,6|26,6|26,26|6,26|9,2|
#setting_targetting_pos=-1,-1|-1,-1|-1,-1|-1,-1|-1,-1|-1,-1|-1,-1|-1,-1|9,30|
.........
#11111111111
#assigned_pet=-1,-1,-1,-1,-1,-1,-1,-1,-1,
#assigned_hub=5,4,1,0,3,6,8,2,0,
#moving_targetting_pos=16,26|16,16|6,16|6,6|16,6|26,6|26,26|6,26|9,2|
#setting_targetting_pos=-1,-1|-1,-1|-1,-1|-1,-1|-1,-1|-1,-1|-1,-1|-1,-1|9,30|
.........
#11111111111
#assigned_pet=-1,-1,-1,-1,-1,-1,-1,-1,-1,
#assigned_hub=5,4,1,0,3,6,8,2,0,
#moving_targetting_pos=16,26|16,16|6,16|6,6|16,6|26,6|26,26|6,26|9,2|
#setting_targetting_pos=-1,-1|-1,-1|-1,-1|-1,-1|-1,-1|-1,-1|-1,-1|-1,-1|9,30|
.........
#11111111111
#assigned_pet=-1,-1,-1,-1,-1,-1,-1,-1,-1,
#assigned_hub=5,4,1,0,3,6,8,2,0,
#moving_targetting_pos=16,26|16,16|6,16|6,6|16,6|26,6|26,26|6,26|9,2|
#setting_targetting_pos=-1,-1|-1,-1|-1,-1|-1,-1|-1,-1|-1,-1|-1,-1|-1,-1|9,30|
.........
#11111111111
#assigned_pet=-1,-1,-1,-1,-1,-1,-1,-1,-1,
#assigned_hub=5,4,1,0,3,6,8,2,0,
#moving_targetting_pos=16,26|16,16|6,16|6,6|16,6|26,6|26,26|6,26|9,2|
#setting_targetting_pos=-1,-1|-1,-1|-1,-1|-1,-1|-1,-1|-1,-1|-1,-1|-1,-1|9,30|
.........
#11111111111
#assigned_pet=-1,-1,-1,-1,-1,-1,-1,-1,-1,
#assigned_hub=5,4,1,0,3,6,8,2,0,
#moving_targetting_pos=16,26|16,16|6,16|6,6|16,6|26,6|26,26|6,26|9,2|
#setting_targetting_pos=-1,-1|-1,-1|-1,-1|-1,-1|-1,-1|-1,-1|-1,-1|-1,-1|9,30|
.........
#11111111111
#assigned_pet=-1,-1,-1,-1,-1,-1,-1,-1,-1,
#assigned_hub=5,4,1,0,3,6,8,2,0,
#moving_targetting_pos=16,26|16,16|6,16|6,6|16,6|26,6|26,26|6,26|9,2|
#setting_targetting_pos=-1,-1|-1,-1|-1,-1|-1,-1|-1,-1|-1,-1|-1,-1|-1,-1|9,30|
.........
#11111111111
#assigned_pet=-1,-1,-1,-1,-1,-1,-1,-1,-1,
#assigned_hub=5,4,1,0,3,6,8,2,0,
#moving_targetting_pos=16,26|16,16|6,16|6,6|16,6|26,6|26,26|6,26|9,2|
#setting_targetting_pos=-1,-1|-1,-1|-1,-1|-1,-1|-1,-1|-1,-1|-1,-1|-1,-1|9,30|
.........
#11111111111
#assigned_pet=-1,-1,-1,-1,-1,-1,-1,-1,-1,
#assigned_hub=5,4,1,0,3,6,8,2,0,
#moving_targetting_pos=16,26|16,16|6,16|6,6|16,6|26,6|26,26|6,26|9,2|
#setting_targetting_pos=-1,-1|-1,-1|-1,-1|-1,-1|-1,-1|-1,-1|-1,-1|-1,-1|9,30|
.........
#11111111111
#assigned_pet=-1,-1,-1,-1,-1,-1,-1,-1,-1,
#assigned_hub=5,4,1,0,3,6,8,2,0,
#moving_targetting_pos=16,26|16,16|6,16|6,6|16,6|26,6|26,26|6,26|9,2|
#setting_targetting_pos=-1,-1|-1,-1|-1,-1|-1,-1|-1,-1|-1,-1|-1,-1|-1,-1|9,30|
.........
#11111111111
#assigned_pet=-1,-1,-1,-1,-1,-1,-1,-1,-1,
#assigned_hub=5,4,1,0,3,6,8,2,0,
#moving_targetting_pos=16,26|16,16|6,16|6,6|16,6|26,6|26,26|6,26|9,2|
#setting_targetting_pos=-1,-1|-1,-1|-1,-1|-1,-1|-1,-1|-1,-1|-1,-1|-1,-1|9,30|
.........
#11111111111
#assigned_pet=-1,-1,-1,-1,-1,-1,-1,-1,-1,
#assigned_hub=5,4,1,0,3,6,8,2,0,
#moving_targetting_pos=16,26|16,16|6,16|6,6|16,6|26,6|26,26|6,26|9,2|
#setting_targetting_pos=-1,-1|-1,-1|-1,-1|-1,-1|-1,-1|-1,-1|-1,-1|-1,-1|9,30|
.........
#11111111111
#assigned_pet=-1,-1,-1,-1,-1,-1,-1,-1,-1,
#assigned_hub=5,4,1,0,3,6,8,2,0,
#moving_targetting_pos=16,26|16,16|6,16|6,6|16,6|26,6|26,26|6,26|9,2|
#setting_targetting_pos=-1,-1|-1,-1|-1,-1|-1,-1|-1,-1|-1,-1|-1,-1|-1,-1|9,30|
.........
#11111111111
#assigned_pet=-1,-1,-1,-1,-1,-1,-1,-1,-1,
#assigned_hub=5,4,1,0,3,6,8,2,0,
#moving_targetting_pos=16,26|16,16|6,16|6,6|16,6|26,6|26,26|6,26|9,2|
#setting_targetting_pos=-1,-1|-1,-1|-1,-1|-1,-1|-1,-1|-1,-1|-1,-1|-1,-1|9,30|
.........
#11111111111
#assigned_pet=-1,-1,-1,-1,-1,-1,-1,-1,-1,
#assigned_hub=5,4,1,0,3,6,8,2,0,
#moving_targetting_pos=16,26|16,16|6,16|6,6|16,6|26,6|26,26|6,26|9,2|
#setting_targetting_pos=-1,-1|-1,-1|-1,-1|-1,-1|-1,-1|-1,-1|-1,-1|-1,-1|9,30|
.........
#11111111111
#assigned_pet=-1,-1,-1,-1,-1,-1,-1,-1,-1,
#assigned_hub=5,4,1,0,3,6,8,2,0,
#moving_targetting_pos=16,26|16,16|6,16|6,6|16,6|26,6|26,26|6,26|9,2|
#setting_targetting_pos=-1,-1|-1,-1|-1,-1|-1,-1|-1,-1|-1,-1|-1,-1|-1,-1|9,30|
.........
#11111111111
#assigned_pet=-1,-1,-1,-1,-1,-1,-1,-1,-1,
#assigned_hub=5,4,1,0,3,6,8,2,0,
#moving_targetting_pos=16,26|16,16|6,16|6,6|16,6|26,6|26,26|6,26|9,2|
#setting_targetting_pos=-1,-1|-1,-1|-1,-1|-1,-1|-1,-1|-1,-1|-1,-1|-1,-1|9,30|
.........
#11111111111
#assigned_pet=-1,-1,-1,-1,-1,-1,-1,-1,-1,
#assigned_hub=5,4,1,0,3,6,8,2,0,
#moving_targetting_pos=16,26|16,16|6,16|6,6|16,6|26,6|26,26|6,26|9,2|
#setting_targetting_pos=-1,-1|-1,-1|-1,-1|-1,-1|-1,-1|-1,-1|-1,-1|-1,-1|9,30|
.........
#11111111111
#assigned_pet=-1,-1,-1,-1,-1,-1,-1,-1,-1,
#assigned_hub=5,4,1,0,3,6,8,2,0,
#moving_targetting_pos=16,26|16,16|6,16|6,6|16,6|26,6|26,26|6,26|9,2|
#setting_targetting_pos=-1,-1|-1,-1|-1,-1|-1,-1|-1,-1|-1,-1|-1,-1|-1,-1|9,30|
.........
