#0000000000000000000
#assigned_pet=-1,-1,-1,-1,-1,-1,-1,-1,
#assigned_hub=0,0,0,0,0,0,0,0,
#moving_targetting_pos=2,29|29,2|19,2|15,1|12,29|5,30|22,29|9,30|
#setting_targetting_pos=2,1|29,30|19,30|15,30|12,1|5,1|22,1|9,2|
RLLLURRR
#0000000000000000000
#assigned_pet=-1,-1,-1,-1,-1,-1,-1,-1,
#assigned_hub=0,0,0,0,0,0,0,0,
#moving_targetting_pos=2,29|29,2|19,2|15,1|12,29|5,30|22,29|9,30|
#setting_targetting_pos=2,1|29,30|19,30|15,30|12,1|5,1|22,1|9,2|
RLLLURRR
#0000000000000000000
#assigned_pet=-1,-1,-1,-1,-1,-1,-1,-1,
#assigned_hub=0,0,0,0,0,0,0,0,
#moving_targetting_pos=2,29|29,2|19,2|15,1|12,29|5,30|22,29|9,30|
#setting_targetting_pos=2,1|29,30|19,30|15,30|12,1|5,1|22,1|9,2|
RLLLrRRR
#0000000000000000000
#assigned_pet=-1,-1,-1,-1,-1,-1,-1,-1,
#assigned_hub=0,0,0,0,0,0,0,0,
#moving_targetting_pos=2,29|29,2|19,2|15,1|12,29|5,30|22,29|9,30|
#setting_targetting_pos=2,1|29,30|19,30|15,30|12,1|5,1|22,1|9,2|
RLULdURR
#0000000000000000000
#assigned_pet=-1,-1,-1,-1,-1,-1,-1,-1,
#assigned_hub=0,0,0,0,0,0,0,0,
#moving_targetting_pos=2,29|29,2|19,2|15,1|12,29|5,30|22,29|9,30|
#setting_targetting_pos=2,1|29,30|19,30|15,30|12,1|5,1|22,1|9,2|
RLdLLdRR
#0000000000000000000
#assigned_pet=-1,-1,-1,-1,-1,-1,-1,-1,
#assigned_hub=0,0,0,0,0,0,0,0,
#moving_targetting_pos=2,29|29,2|19,2|15,1|12,29|5,30|22,29|9,30|
#setting_targetting_pos=2,1|29,30|19,30|15,30|12,1|5,1|22,1|9,2|
RDRLLLRR
#0000000000000000000
#assigned_pet=-1,-1,-1,-1,-1,-1,-1,-1,
#assigned_hub=0,0,0,0,0,0,0,0,
#moving_targetting_pos=2,29|29,2|19,2|15,1|12,29|5,30|22,29|9,30|
#setting_targetting_pos=2,1|29,30|19,30|15,30|12,1|5,1|22,1|9,2|
RdRLLdRR
#0000000000000000000
#assigned_pet=-1,-1,-1,-1,-1,-1,-1,-1,
#assigned_hub=0,0,0,0,0,0,0,0,
#moving_targetting_pos=2,29|29,2|19,2|15,1|12,29|5,30|22,29|9,30|
#setting_targetting_pos=2,1|29,30|19,30|15,30|12,1|5,1|22,1|9,2|
RRlLdLRR
#0000000000000000000
#assigned_pet=-1,-1,-1,-1,-1,-1,-1,-1,
#assigned_hub=0,0,0,0,0,0,0,0,
#moving_targetting_pos=2,29|29,2|19,2|15,1|12,29|5,30|22,29|9,30|
#setting_targetting_pos=2,1|29,30|19,30|15,30|12,1|5,1|22,1|9,2|
URuLu.RR
#0000000000000000000
#assigned_pet=-1,-1,-1,-1,-1,-1,-1,-1,
#assigned_hub=0,0,0,0,0,0,0,0,
#moving_targetting_pos=2,29|29,2|19,2|15,1|12,29|5,30|22,29|9,30|
#setting_targetting_pos=2,1|29,30|19,30|15,30|12,1|5,1|22,1|9,2|
UlRULuDR
#0000000000000000000
#assigned_pet=-1,-1,-1,-1,-1,-1,-1,-1,
#assigned_hub=0,0,0,0,0,0,0,0,
#moving_targetting_pos=2,29|29,2|19,2|15,1|12,29|5,30|22,29|9,30|
#setting_targetting_pos=2,1|29,30|19,30|15,30|12,1|5,1|22,1|9,2|
ruRUrLDR
#0000000000000000000
#assigned_pet=-1,-1,-1,-1,-1,-1,-1,-1,
#assigned_hub=0,0,0,0,0,0,0,0,
#moving_targetting_pos=2,29|29,2|19,2|15,1|12,29|5,30|22,29|9,30|
#setting_targetting_pos=2,1|29,30|19,30|15,30|12,1|5,1|22,1|9,2|
dRddLLDD
#0000000000000000000
#assigned_pet=-1,-1,-1,-1,-1,-1,-1,-1,
#assigned_hub=0,0,0,0,0,0,0,0,
#moving_targetting_pos=2,29|29,2|19,2|15,1|12,29|5,30|22,29|9,30|
#setting_targetting_pos=2,1|29,30|19,30|15,30|12,1|5,1|22,1|9,2|
LRRRLLDD
#0000000000000000000
#assigned_pet=-1,-1,-1,-1,-1,-1,-1,-1,
#assigned_hub=0,0,0,0,0,0,0,0,
#moving_targetting_pos=2,29|29,2|19,2|15,1|12,29|5,30|22,29|9,30|
#setting_targetting_pos=2,1|29,30|19,30|15,30|12,1|5,1|22,1|9,2|
LdlddLrd
#0000000000000000000
#assigned_pet=-1,-1,-1,-1,-1,-1,-1,-1,
#assigned_hub=0,0,0,0,0,0,0,0,
#moving_targetting_pos=2,29|29,2|19,2|15,1|12,29|5,30|22,29|9,30|
#setting_targetting_pos=2,1|29,30|19,30|15,30|12,1|5,1|22,1|9,2|
LRRRLudL
#0000000000000000000
#assigned_pet=-1,-1,-1,-1,-1,-1,-1,-1,
#assigned_hub=0,0,0,0,0,0,0,0,
#moving_targetting_pos=2,29|29,2|19,2|15,1|12,29|5,30|22,29|9,30|
#setting_targetting_pos=2,1|29,30|19,30|15,30|12,1|5,1|22,1|9,2|
dl.dLLLL
#0000000000000000000
#assigned_pet=-1,-1,-1,-1,-1,-1,-1,-1,
#assigned_hub=0,0,0,0,0,0,0,0,
#moving_targetting_pos=2,29|29,2|19,2|15,1|12,29|5,30|22,29|9,30|
#setting_targetting_pos=2,1|29,30|19,30|15,30|12,1|5,1|22,1|9,2|
uR.RrdLr
#0000000000000000000
#assigned_pet=-1,-1,-1,-1,-1,-1,-1,-1,
#assigned_hub=0,0,0,0,0,0,0,0,
#moving_targetting_pos=2,29|29,2|19,2|15,1|12,29|5,30|22,29|9,30|
#setting_targetting_pos=2,1|29,30|19,30|15,30|12,1|5,1|22,1|9,2|
Lu..uLLu
#0000000000000000000
#assigned_pet=-1,-1,-1,-1,-1,-1,-1,-1,
#assigned_hub=0,0,0,0,0,0,0,0,
#moving_targetting_pos=2,29|29,2|19,2|15,1|12,29|5,30|22,29|9,30|
#setting_targetting_pos=2,1|29,30|19,30|15,30|12,1|5,1|22,1|9,2|
rRuuLd.L
#0000000000000000000
#assigned_pet=-1,-1,-1,-1,-1,-1,-1,-1,
#assigned_hub=0,0,0,0,0,0,0,0,
#moving_targetting_pos=2,29|29,2|19,2|15,1|12,29|5,30|22,29|9,30|
#setting_targetting_pos=2,1|29,30|19,30|15,30|12,1|5,1|22,1|9,2|
LRRRLLuL
#0000000000000000000
#assigned_pet=-1,-1,-1,-1,-1,-1,-1,-1,
#assigned_hub=0,0,0,0,0,0,0,0,
#moving_targetting_pos=2,29|29,2|19,2|15,1|12,29|5,30|22,29|9,30|
#setting_targetting_pos=2,1|29,30|19,30|15,30|12,1|5,1|22,1|9,2|
LlRRrddd
#0000000000000000000
#assigned_pet=-1,-1,-1,-1,-1,-1,-1,-1,
#assigned_hub=0,0,0,0,0,0,0,0,
#moving_targetting_pos=2,29|29,2|19,2|15,1|12,29|5,30|22,29|9,30|
#setting_targetting_pos=2,1|29,30|19,30|15,30|12,1|5,1|22,1|9,2|
dddRdLLL
#0000000000000000000
#assigned_pet=-1,-1,-1,-1,-1,-1,-1,-1,
#assigned_hub=0,0,0,0,0,0,0,0,
#moving_targetting_pos=2,29|29,2|19,2|15,1|12,29|5,30|22,29|9,30|
#setting_targetting_pos=2,1|29,30|19,30|15,30|12,1|5,1|22,1|9,2|
LR.RLdrr
#0000000000000000000
#assigned_pet=-1,-1,-1,-1,-1,-1,-1,-1,
#assigned_hub=0,0,0,0,0,0,0,0,
#moving_targetting_pos=2,29|29,2|19,2|15,1|12,29|5,30|22,29|9,30|
#setting_targetting_pos=2,1|29,30|19,30|15,30|12,1|5,1|22,1|9,2|
LR.uLLLL
#0000000000000000000
#assigned_pet=-1,-1,-1,-1,-1,-1,-1,-1,
#assigned_hub=0,0,0,0,0,0,0,0,
#moving_targetting_pos=2,29|29,2|19,2|15,1|12,29|5,30|22,29|9,30|
#setting_targetting_pos=2,1|29,30|19,30|15,30|12,1|5,1|22,1|9,2|
rd.RLdLu
#0000000000000000000
#assigned_pet=-1,-1,-1,-1,-1,-1,-1,-1,
#assigned_hub=0,0,0,0,0,0,0,0,
#moving_targetting_pos=2,29|29,2|19,2|15,1|12,29|5,30|22,29|9,30|
#setting_targetting_pos=2,1|29,30|19,30|15,30|12,1|5,1|22,1|9,2|
uR.ddLdL
#0000000000000000000
#assigned_pet=-1,-1,-1,-1,-1,-1,-1,-1,
#assigned_hub=0,0,0,0,0,0,0,0,
#moving_targetting_pos=2,29|29,2|19,2|15,1|12,29|5,30|22,29|9,30|
#setting_targetting_pos=2,1|29,30|19,30|15,30|12,1|5,1|22,1|9,2|
LR.RuuLL
#0000000000000000000
#assigned_pet=-1,-1,-1,-1,-1,-1,-1,-1,
#assigned_hub=0,0,0,0,0,0,0,0,
#moving_targetting_pos=2,29|29,2|19,2|15,1|12,29|5,30|22,29|9,30|
#setting_targetting_pos=2,1|29,30|19,30|15,30|12,1|5,1|22,1|9,2|
Ll.dLLLr
#0000000000000000000
#assigned_pet=-1,-1,-1,-1,-1,-1,-1,-1,
#assigned_hub=0,0,0,0,0,0,0,0,
#moving_targetting_pos=2,29|29,2|19,2|15,1|12,29|5,30|22,29|9,30|
#setting_targetting_pos=2,1|29,30|19,30|15,30|12,1|5,1|22,1|9,2|
rulRrLrd
#0000000000000000000
#assigned_pet=-1,-1,-1,-1,-1,-1,-1,-1,
#assigned_hub=0,0,0,0,0,0,0,0,
#moving_targetting_pos=2,29|29,2|19,2|15,1|12,29|5,30|22,29|9,30|
#setting_targetting_pos=2,1|29,30|19,30|15,30|12,1|5,1|22,1|9,2|
dRR.LLuL
#0000000000000000000
#assigned_pet=-1,-1,-1,-1,-1,-1,-1,-1,
#assigned_hub=0,0,0,0,0,0,0,0,
#moving_targetting_pos=2,29|29,2|19,2|15,1|12,29|5,30|22,29|9,30|
#setting_targetting_pos=2,1|29,30|19,30|15,30|12,1|5,1|22,1|9,2|
LRR.LLLL
#0000000000000000000
#assigned_pet=-1,-1,-1,-1,-1,-1,-1,-1,
#assigned_hub=0,0,0,0,0,0,0,0,
#moving_targetting_pos=2,29|29,2|19,2|15,1|12,29|5,30|22,29|9,30|
#setting_targetting_pos=2,1|29,30|19,30|15,30|12,1|5,1|22,1|9,2|
Ld..duL.
#0000000000000000000
#assigned_pet=-1,-1,-1,-1,-1,-1,-1,-1,
#assigned_hub=0,0,0,0,0,0,0,0,
#moving_targetting_pos=2,29|29,2|19,2|15,1|12,29|5,30|22,29|9,30|
#setting_targetting_pos=2,1|29,30|19,30|15,30|12,1|5,1|22,1|9,2|
LRd.LLr.
#0000000000000000000
#assigned_pet=-1,-1,-1,-1,-1,-1,-1,-1,
#assigned_hub=0,0,0,0,0,0,0,0,
#moving_targetting_pos=2,29|29,2|19,2|15,1|12,29|5,30|22,29|9,30|
#setting_targetting_pos=2,1|29,30|19,30|15,30|12,1|5,1|22,1|9,2|
dlR.Ldd.
#0000000000000000000
#assigned_pet=-1,-1,-1,-1,-1,-1,-1,-1,
#assigned_hub=0,0,0,0,0,0,0,0,
#moving_targetting_pos=2,29|29,2|19,2|15,1|12,29|5,30|22,29|9,30|
#setting_targetting_pos=2,1|29,30|19,30|15,30|12,1|5,1|22,1|9,2|
uRR.rLLd
#0000000000000000000
#assigned_pet=-1,-1,-1,-1,-1,-1,-1,-1,
#assigned_hub=0,0,0,0,0,0,0,0,
#moving_targetting_pos=2,29|29,2|19,2|15,1|12,29|5,30|22,29|9,30|
#setting_targetting_pos=2,1|29,30|19,30|15,30|12,1|5,1|22,1|9,2|
LuldudLL
#0000000000000000000
#assigned_pet=-1,-1,-1,-1,-1,-1,-1,-1,
#assigned_hub=0,0,0,0,0,0,0,0,
#moving_targetting_pos=2,29|29,2|19,2|15,1|12,29|5,30|22,29|9,30|
#setting_targetting_pos=2,1|29,30|19,30|15,30|12,1|5,1|22,1|9,2|
rRuRLLLL
#0000000000000000000
#assigned_pet=-1,-1,-1,-1,-1,-1,-1,-1,
#assigned_hub=0,0,0,0,0,0,0,0,
#moving_targetting_pos=2,29|29,2|19,2|15,1|12,29|5,30|22,29|9,30|
#setting_targetting_pos=2,1|29,30|19,30|15,30|12,1|5,1|22,1|9,2|
LRR.Lddr
#0000000000000000000
#assigned_pet=-1,-1,-1,-1,-1,-1,-1,-1,
#assigned_hub=0,0,0,0,0,0,0,0,
#moving_targetting_pos=2,29|29,2|19,2|15,1|12,29|5,30|22,29|9,30|
#setting_targetting_pos=2,1|29,30|19,30|15,30|12,1|5,1|22,1|9,2|
LlR..Luu
#0000000000000000000
#assigned_pet=-1,-1,-1,-1,-1,-1,-1,-1,
#assigned_hub=0,0,0,0,0,0,0,0,
#moving_targetting_pos=2,29|29,2|19,2|15,1|12,29|5,30|22,29|9,30|
#setting_targetting_pos=2,1|29,30|19,30|15,30|12,1|5,1|22,1|9,2|
ddd..dLL
#0000000000000000000
#assigned_pet=-1,-1,-1,-1,-1,-1,-1,-1,
#assigned_hub=0,0,0,0,0,0,0,0,
#moving_targetting_pos=2,29|29,2|19,2|15,1|12,29|5,30|22,29|9,30|
#setting_targetting_pos=2,1|29,30|19,30|15,30|12,1|5,1|22,1|9,2|
LRRdrLrL
#0000000000000000000
#assigned_pet=-1,-1,-1,-1,-1,-1,-1,-1,
#assigned_hub=0,0,0,0,0,0,0,0,
#moving_targetting_pos=2,29|29,2|19,2|15,1|12,29|5,30|22,29|9,30|
#setting_targetting_pos=2,1|29,30|19,30|15,30|12,1|5,1|22,1|9,2|
LRlRd.Ld
#0000000000000000000
#assigned_pet=-1,-1,-1,-1,-1,-1,-1,-1,
#assigned_hub=0,0,0,0,0,0,0,0,
#moving_targetting_pos=2,29|29,2|19,2|15,1|12,29|5,30|22,29|9,30|
#setting_targetting_pos=2,1|29,30|19,30|15,30|12,1|5,1|22,1|9,2|
rdRdLdLL
#0000000000000000000
#assigned_pet=-1,-1,-1,-1,-1,-1,-1,-1,
#assigned_hub=0,0,0,0,0,0,0,0,
#moving_targetting_pos=2,29|29,2|19,2|15,1|12,29|5,30|22,29|9,30|
#setting_targetting_pos=2,1|29,30|19,30|15,30|12,1|5,1|22,1|9,2|
uRuRLLdr
#0000000000000000000
#assigned_pet=-1,-1,-1,-1,-1,-1,-1,-1,
#assigned_hub=0,0,0,0,0,0,0,0,
#moving_targetting_pos=2,29|29,2|19,2|15,1|12,29|5,30|22,29|9,30|
#setting_targetting_pos=2,1|29,30|19,30|15,30|12,1|5,1|22,1|9,2|
LRR.LuLL
#0000000000000000000
#assigned_pet=-1,-1,-1,-1,-1,-1,-1,-1,
#assigned_hub=0,0,0,0,0,0,0,0,
#moving_targetting_pos=2,29|29,2|19,2|15,1|12,29|5,30|22,29|9,30|
#setting_targetting_pos=2,1|29,30|19,30|15,30|12,1|5,1|22,1|9,2|
LlRudLLu
#0000000000000000000
#assigned_pet=-1,-1,-1,-1,-1,-1,-1,-1,
#assigned_hub=0,0,0,0,0,0,0,0,
#moving_targetting_pos=2,29|29,2|19,2|15,1|12,29|5,30|22,29|9,30|
#setting_targetting_pos=2,1|29,30|19,30|15,30|12,1|5,1|22,1|9,2|
rulRuLrL
#0000000000000000000
#assigned_pet=-1,-1,-1,-1,-1,-1,-1,-1,
#assigned_hub=0,0,0,0,0,0,0,0,
#moving_targetting_pos=2,29|29,2|19,2|15,1|12,29|5,30|22,29|9,30|
#setting_targetting_pos=2,1|29,30|19,30|15,30|12,1|5,1|22,1|9,2|
dRdRLLuL
#0000000000000000000
#assigned_pet=-1,-1,-1,-1,-1,-1,-1,-1,
#assigned_hub=0,0,0,0,0,0,0,0,
#moving_targetting_pos=2,29|29,2|19,2|15,1|12,29|5,30|22,29|9,30|
#setting_targetting_pos=2,1|29,30|19,30|15,30|12,1|5,1|22,1|9,2|
LRRRrLLr
#0000000000000000000
#assigned_pet=-1,-1,-1,-1,-1,-1,-1,-1,
#assigned_hub=0,0,0,0,0,0,0,0,
#moving_targetting_pos=2,29|29,2|19,2|15,1|12,29|5,30|22,29|9,30|
#setting_targetting_pos=2,1|29,30|19,30|15,30|12,1|5,1|22,1|9,2|
LdRRLuLd
#0000000000000000000
#assigned_pet=-1,-1,-1,-1,-1,-1,-1,-1,
#assigned_hub=0,0,0,0,0,0,0,0,
#moving_targetting_pos=2,29|29,2|19,2|15,1|12,29|5,30|22,29|9,30|
#setting_targetting_pos=2,1|29,30|19,30|15,30|12,1|5,1|22,1|9,2|
LRduLLrL
#0000000000000000000
#assigned_pet=-1,-1,-1,-1,-1,-1,-1,-1,
#assigned_hub=0,0,0,0,0,0,0,0,
#moving_targetting_pos=2,29|29,2|19,2|15,1|12,29|5,30|22,29|9,30|
#setting_targetting_pos=2,1|29,30|19,30|15,30|12,1|5,1|22,1|9,2|
dlRR.ddL
#0000000000000000000
#assigned_pet=-1,-1,-1,-1,-1,-1,-1,-1,
#assigned_hub=0,0,0,0,0,0,0,0,
#moving_targetting_pos=2,29|29,2|19,2|15,1|12,29|5,30|22,29|9,30|
#setting_targetting_pos=2,1|29,30|19,30|15,30|12,1|5,1|22,1|9,2|
uRRddLLd
#0000000000000000000
#assigned_pet=-1,-1,-1,-1,-1,-1,-1,-1,
#assigned_hub=0,0,0,0,0,0,0,0,
#moving_targetting_pos=2,29|29,2|19,2|15,1|12,29|5,30|22,29|9,30|
#setting_targetting_pos=2,1|29,30|19,30|15,30|12,1|5,1|22,1|9,2|
Lu.RL.LL
#0000000000000000000
#assigned_pet=-1,-1,-1,-1,-1,-1,-1,-1,
#assigned_hub=0,0,0,0,0,0,0,0,
#moving_targetting_pos=2,29|29,2|19,2|15,1|12,29|5,30|22,29|9,30|
#setting_targetting_pos=2,1|29,30|19,30|15,30|12,1|5,1|22,1|9,2|
rR.dLdLL
#0000000000000000000
#assigned_pet=-1,-1,-1,-1,-1,-1,-1,-1,
#assigned_hub=0,0,0,0,0,0,0,0,
#moving_targetting_pos=2,29|29,2|19,2|15,1|12,29|5,30|22,29|9,30|
#setting_targetting_pos=2,1|29,30|19,30|15,30|12,1|5,1|22,1|9,2|
LRlRrLdr
#0000000000000000000
#assigned_pet=-1,-1,-1,-1,-1,-1,-1,-1,
#assigned_hub=0,0,0,0,0,0,0,0,
#moving_targetting_pos=2,29|29,2|19,2|15,1|12,29|5,30|22,29|9,30|
#setting_targetting_pos=2,1|29,30|19,30|15,30|12,1|5,1|22,1|9,2|
Ll.duduu
#0000000000000000000
#assigned_pet=-1,-1,-1,-1,-1,-1,-1,-1,
#assigned_hub=0,0,0,0,0,0,0,0,
#moving_targetting_pos=2,29|29,2|19,2|15,1|25,1|6,6|22,29|9,30|
#setting_targetting_pos=2,1|29,30|19,30|15,30|25,30|5,1|22,1|9,2|
dd.RDRLL
#0000000000000000000
#assigned_pet=-1,-1,-1,-1,-1,-1,-1,-1,
#assigned_hub=0,8,0,0,0,0,0,0,
#moving_targetting_pos=2,29|26,26|19,2|15,1|25,1|6,6|22,29|9,30|
#setting_targetting_pos=2,1|29,30|19,30|15,30|25,30|-1,-1|22,1|9,2|
LU..RRrL
#0000000000000000000
#assigned_pet=-1,-1,-1,-1,-1,-1,-1,-1,
#assigned_hub=0,8,0,0,0,0,0,0,
#moving_targetting_pos=2,29|26,26|19,2|15,1|25,1|6,6|22,29|9,30|
#setting_targetting_pos=2,1|-1,-1|19,30|15,30|25,30|-1,-1|22,1|9,2|
LL..DRLd
#0000000000000000000
#assigned_pet=-1,-1,-1,-1,-1,-1,-1,-1,
#assigned_hub=0,8,0,0,0,0,0,0,
#moving_targetting_pos=2,29|26,26|19,2|15,1|25,1|6,6|22,29|9,30|
#setting_targetting_pos=2,1|-1,-1|19,30|15,30|25,30|-1,-1|22,1|9,2|
uU.dRRLL
#0000000000000000000
#assigned_pet=-1,-1,-1,-1,-1,5,-1,-1,
#assigned_hub=0,8,0,0,0,0,0,0,
#moving_targetting_pos=2,29|26,26|19,2|15,1|25,1|-1,-1|22,29|9,30|
#setting_targetting_pos=2,1|-1,-1|19,30|15,30|25,30|5,4|22,1|9,2|
rLuRD.dr
#0000000000000000000
#assigned_pet=-1,-1,-1,-1,-1,5,-1,-1,
#assigned_hub=3,8,0,0,0,0,0,0,
#moving_targetting_pos=16,6|26,26|19,2|15,1|25,1|-1,-1|22,29|9,30|
#setting_targetting_pos=2,1|-1,-1|19,30|15,30|25,30|5,4|22,1|9,2|
DLRdR.LL
#0000000000000000000
#assigned_pet=-1,-1,-1,-1,-1,5,-1,-1,
#assigned_hub=3,8,0,0,0,0,0,0,
#moving_targetting_pos=16,6|-1,-1|19,2|15,1|25,1|-1,-1|22,29|9,30|
#setting_targetting_pos=-1,-1|-1,-1|19,30|15,30|25,30|5,4|22,1|9,2|
R.RRD.L.
#0000000000000000000
#assigned_pet=-1,-1,-1,-1,-1,5,-1,-1,
#assigned_hub=3,8,0,0,0,0,0,0,
#moving_targetting_pos=16,6|-1,-1|19,2|15,1|25,1|-1,-1|22,29|9,30|
#setting_targetting_pos=-1,-1|-1,-1|19,30|15,30|25,30|5,4|22,1|9,2|
D.duD.r.
#0000000000000000000
#assigned_pet=-1,-1,-1,-1,-1,5,-1,-1,
#assigned_hub=3,8,0,0,0,0,0,0,
#moving_targetting_pos=16,6|-1,-1|19,2|15,1|25,1|-1,-1|22,29|9,30|
#setting_targetting_pos=-1,-1|-1,-1|19,30|15,30|25,30|5,4|22,1|9,2|
R.RRL.u.
#0000000000000000000
#assigned_pet=-1,4,-1,-1,-1,18,-1,-1,
#assigned_hub=3,8,0,0,0,0,7,0,
#moving_targetting_pos=16,6|-1,-1|19,2|15,1|25,1|-1,-1|26,16|9,30|
#setting_targetting_pos=-1,-1|28,27|19,30|15,30|25,30|7,4|22,1|9,2|
D.lRRLD.
#0000000000000000000
#assigned_pet=-1,4,-1,-1,-1,-1,-1,-1,
#assigned_hub=3,8,0,0,0,0,7,0,
#moving_targetting_pos=16,6|-1,-1|19,2|15,1|25,1|-1,-1|26,16|9,30|
#setting_targetting_pos=-1,-1|28,27|19,30|15,30|25,30|-1,-1|-1,-1|9,2|
R.RRR.R.
#0000000000000000000
#assigned_pet=-1,4,-1,-1,-1,10,-1,-1,
#assigned_hub=3,8,0,0,0,0,7,0,
#moving_targetting_pos=16,6|-1,-1|19,2|15,1|25,1|-1,-1|26,16|9,30|
#setting_targetting_pos=-1,-1|28,27|19,30|15,30|25,30|7,4|-1,-1|9,2|
R..RDDD.
#0000000000000000000
#assigned_pet=-1,-1,-1,-1,-1,10,-1,-1,
#assigned_hub=3,8,0,0,0,0,7,0,
#moving_targetting_pos=16,6|-1,-1|19,2|15,1|25,1|-1,-1|26,16|9,30|
#setting_targetting_pos=-1,-1|-1,-1|19,30|15,30|25,30|7,4|-1,-1|9,2|
D.uuD.R.
#0000000000000000000
#assigned_pet=-1,-1,-1,-1,-1,0,-1,-1,
#assigned_hub=3,8,0,0,0,0,7,0,
#moving_targetting_pos=16,6|-1,-1|19,2|15,1|25,1|-1,-1|26,16|9,30|
#setting_targetting_pos=-1,-1|-1,-1|19,30|15,30|25,30|7,4|-1,-1|9,2|
D.RRL.R.
#0000000000000000000
#assigned_pet=-1,-1,-1,-1,-1,0,-1,-1,
#assigned_hub=3,8,0,0,0,0,7,0,
#moving_targetting_pos=16,6|-1,-1|19,2|15,1|25,1|-1,-1|26,16|9,30|
#setting_targetting_pos=-1,-1|-1,-1|19,30|15,30|25,30|7,4|-1,-1|9,2|
D.RdD.R.
#0000000000000000000
#assigned_pet=-1,-1,-1,-1,-1,10,-1,-1,
#assigned_hub=3,8,0,0,0,0,7,0,
#moving_targetting_pos=16,6|-1,-1|19,2|15,1|25,1|-1,-1|26,16|9,30|
#setting_targetting_pos=-1,-1|-1,-1|19,30|15,30|25,30|7,4|-1,-1|9,2|
D.lRD.R.
#0000000000000000000
#assigned_pet=-1,-1,-1,-1,-1,0,-1,-1,
#assigned_hub=3,8,0,0,0,0,7,0,
#moving_targetting_pos=16,6|-1,-1|19,2|15,1|25,1|-1,-1|26,16|9,30|
#setting_targetting_pos=-1,-1|-1,-1|19,30|15,30|25,30|7,4|-1,-1|9,2|
D.ddD.R.
#0000000000000000000
#assigned_pet=-1,-1,-1,-1,-1,0,-1,-1,
#assigned_hub=3,8,5,2,0,0,7,0,
#moving_targetting_pos=16,6|-1,-1|16,26|6,26|25,1|-1,-1|26,16|9,30|
#setting_targetting_pos=-1,-1|-1,-1|19,30|15,30|25,30|7,4|-1,-1|9,2|
D.ULD.R.
#0000000000000000000
#assigned_pet=-1,-1,-1,-1,-1,-1,-1,-1,
#assigned_hub=3,8,5,2,0,0,7,0,
#moving_targetting_pos=16,6|-1,-1|16,26|6,26|25,1|-1,-1|26,16|9,30|
#setting_targetting_pos=-1,-1|-1,-1|-1,-1|-1,-1|25,30|-1,-1|-1,-1|9,2|
D.LLD.R.
#0000000000000000000
#assigned_pet=-1,-1,-1,-1,-1,-1,-1,-1,
#assigned_hub=3,8,5,2,0,0,7,0,
#moving_targetting_pos=16,6|-1,-1|16,26|6,26|25,1|-1,-1|26,16|9,30|
#setting_targetting_pos=-1,-1|-1,-1|-1,-1|-1,-1|25,30|-1,-1|-1,-1|9,2|
D.ULL.R.
#0000000000000000000
#assigned_pet=-1,-1,-1,-1,-1,-1,-1,-1,
#assigned_hub=3,8,5,2,0,0,7,0,
#moving_targetting_pos=16,6|-1,-1|16,26|6,26|25,1|-1,-1|26,16|9,30|
#setting_targetting_pos=-1,-1|-1,-1|-1,-1|-1,-1|25,30|-1,-1|-1,-1|9,2|
D.LUL.Ru
#0000000000000000000
#assigned_pet=-1,-1,-1,-1,-1,-1,-1,-1,
#assigned_hub=3,8,5,2,0,0,7,0,
#moving_targetting_pos=16,6|-1,-1|16,26|6,26|25,1|-1,-1|26,16|9,30|
#setting_targetting_pos=-1,-1|-1,-1|-1,-1|-1,-1|25,30|-1,-1|-1,-1|9,2|
R.LUL.RL
#0000000000000000000
#assigned_pet=5,6,6,-1,-1,5,-1,-1,
#assigned_hub=3,8,5,2,0,0,7,0,
#moving_targetting_pos=-1,-1|-1,-1|-1,-1|6,26|25,1|-1,-1|26,16|9,30|
#setting_targetting_pos=14,5|24,25|18,25|-1,-1|25,30|8,5|-1,-1|9,2|
.LLUDRRL
#0000000000000000000
#assigned_pet=5,6,6,-1,-1,5,-1,-1,
#assigned_hub=3,8,5,2,0,0,7,0,
#moving_targetting_pos=-1,-1|-1,-1|-1,-1|6,26|25,1|-1,-1|26,16|9,30|
#setting_targetting_pos=14,5|24,25|18,25|-1,-1|25,30|8,5|-1,-1|9,2|
.LLUdDRr
#0000000000000000000
#assigned_pet=5,3,-1,-1,-1,5,-1,-1,
#assigned_hub=3,8,5,2,0,0,7,0,
#moving_targetting_pos=-1,-1|-1,-1|-1,-1|6,26|25,1|-1,-1|26,16|9,30|
#setting_targetting_pos=14,5|27,28|-1,-1|-1,-1|25,30|8,5|-1,-1|9,2|
.R.UR.Rd
#0000000000000000000
#assigned_pet=5,3,-1,-1,-1,5,-1,-1,
#assigned_hub=3,8,5,2,0,0,7,1,
#moving_targetting_pos=-1,-1|-1,-1|-1,-1|6,26|25,1|-1,-1|26,16|6,16|
#setting_targetting_pos=14,5|27,28|-1,-1|-1,-1|25,30|8,5|-1,-1|9,2|
.R.Ud.RU
#0000000000000000000
#assigned_pet=5,3,-1,-1,-1,5,-1,-1,
#assigned_hub=3,8,5,2,0,0,7,1,
#moving_targetting_pos=-1,-1|-1,-1|-1,-1|6,26|25,1|-1,-1|-1,-1|6,16|
#setting_targetting_pos=14,5|27,28|-1,-1|-1,-1|25,30|8,5|-1,-1|-1,-1|
...UR..R
#0000000000000000000
#assigned_pet=5,3,-1,-1,-1,5,-1,-1,
#assigned_hub=3,8,5,2,0,0,7,1,
#moving_targetting_pos=-1,-1|-1,-1|-1,-1|6,26|25,1|-1,-1|-1,-1|6,16|
#setting_targetting_pos=14,5|27,28|-1,-1|-1,-1|25,30|8,5|-1,-1|-1,-1|
...Ld..U
#0000000000000000000
#assigned_pet=5,3,-1,-1,-1,5,-1,-1,
#assigned_hub=3,8,5,2,0,0,7,1,
#moving_targetting_pos=-1,-1|-1,-1|-1,-1|-1,-1|25,1|-1,-1|-1,-1|6,16|
#setting_targetting_pos=14,5|27,28|-1,-1|-1,-1|25,30|8,5|-1,-1|-1,-1|
....R..R
#0000000000000000000
#assigned_pet=5,6,6,-1,-1,5,-1,-1,
#assigned_hub=3,8,5,2,0,0,7,1,
#moving_targetting_pos=-1,-1|-1,-1|-1,-1|-1,-1|25,1|-1,-1|-1,-1|6,16|
#setting_targetting_pos=14,5|24,25|18,25|-1,-1|25,30|8,5|-1,-1|-1,-1|
.L..u..R
#0000000000000000000
#assigned_pet=5,3,8,8,-1,5,-1,-1,
#assigned_hub=3,8,5,2,0,0,7,1,
#moving_targetting_pos=-1,-1|-1,-1|-1,-1|-1,-1|25,1|-1,-1|-1,-1|6,16|
#setting_targetting_pos=14,5|25,28|14,27|8,27|25,30|8,5|-1,-1|-1,-1|
.RR.R..R
#0000000000000000000
#assigned_pet=10,3,8,8,-1,10,-1,-1,
#assigned_hub=3,8,5,2,0,0,7,1,
#moving_targetting_pos=-1,-1|-1,-1|-1,-1|-1,-1|25,1|-1,-1|-1,-1|6,16|
#setting_targetting_pos=14,5|25,28|14,27|8,27|25,30|8,5|-1,-1|-1,-1|
.RR.R..R
#0000000000000000000
#assigned_pet=10,3,8,8,-1,10,-1,-1,
#assigned_hub=3,8,5,2,0,0,7,1,
#moving_targetting_pos=-1,-1|-1,-1|-1,-1|-1,-1|25,1|-1,-1|-1,-1|6,16|
#setting_targetting_pos=14,5|25,28|14,27|8,27|25,30|8,5|-1,-1|-1,-1|
.UU.R..R
#0000000000000000000
#assigned_pet=10,3,8,8,-1,10,-1,-1,
#assigned_hub=3,8,5,2,0,0,7,1,
#moving_targetting_pos=-1,-1|-1,-1|-1,-1|-1,-1|25,1|-1,-1|-1,-1|6,16|
#setting_targetting_pos=14,5|25,28|14,27|8,27|25,30|8,5|-1,-1|-1,-1|
..U.R..R
#0000000010100000000
#assigned_pet=10,3,8,8,-1,10,-1,-1,
#assigned_hub=3,8,5,2,0,0,7,1,
#moving_targetting_pos=-1,-1|-1,-1|-1,-1|-1,-1|25,1|-1,-1|-1,-1|6,16|
#setting_targetting_pos=14,5|25,28|14,27|8,27|25,30|8,5|-1,-1|-1,-1|
l.urud.R
#0000000010100000000
#assigned_pet=0,3,1,1,-1,0,-1,-1,
#assigned_hub=3,8,5,2,0,0,7,1,
#moving_targetting_pos=-1,-1|-1,-1|-1,-1|-1,-1|25,1|-1,-1|-1,-1|6,16|
#setting_targetting_pos=14,7|25,28|14,25|8,25|25,30|8,7|-1,-1|-1,-1|
..L.RR.R
#0000000010100000000
#assigned_pet=0,3,1,1,-1,0,-1,-1,
#assigned_hub=3,8,5,2,0,0,7,1,
#moving_targetting_pos=-1,-1|-1,-1|-1,-1|-1,-1|25,1|-1,-1|-1,-1|6,16|
#setting_targetting_pos=14,7|25,28|14,25|8,25|25,30|8,7|-1,-1|-1,-1|
..L..R.R
#0100000010100000000
#assigned_pet=0,2,1,1,-1,0,-1,-1,
#assigned_hub=3,8,5,2,0,0,7,1,
#moving_targetting_pos=-1,-1|-1,-1|-1,-1|-1,-1|25,1|-1,-1|-1,-1|6,16|
#setting_targetting_pos=14,7|25,28|14,25|8,25|25,30|8,7|-1,-1|-1,-1|
..ul...R
#1100000010100100000
#assigned_pet=0,2,-1,-1,-1,0,-1,-1,
#assigned_hub=3,8,5,2,0,0,7,1,
#moving_targetting_pos=-1,-1|-1,-1|-1,-1|-1,-1|25,1|-1,-1|-1,-1|6,16|
#setting_targetting_pos=14,7|25,28|-1,-1|-1,-1|25,30|8,7|-1,-1|-1,-1|
r...dd.R
#1100000010100100000
#assigned_pet=-1,2,-1,-1,-1,18,-1,-1,
#assigned_hub=3,8,5,2,0,0,7,1,
#moving_targetting_pos=-1,-1|-1,-1|-1,-1|-1,-1|25,1|-1,-1|-1,-1|6,16|
#setting_targetting_pos=-1,-1|25,28|-1,-1|-1,-1|25,30|5,4|-1,-1|-1,-1|
....RL.R
#1100000010100100000
#assigned_pet=-1,3,-1,-1,-1,-1,-1,-1,
#assigned_hub=3,8,5,2,0,0,7,1,
#moving_targetting_pos=-1,-1|-1,-1|-1,-1|-1,-1|25,1|-1,-1|-1,-1|-1,-1|
#setting_targetting_pos=-1,-1|25,28|-1,-1|-1,-1|25,30|-1,-1|-1,-1|-1,-1|
....d...
#1100000010100100000
#assigned_pet=-1,6,6,-1,-1,-1,-1,-1,
#assigned_hub=3,8,5,2,0,0,7,1,
#moving_targetting_pos=-1,-1|-1,-1|-1,-1|-1,-1|25,1|-1,-1|-1,-1|-1,-1|
#setting_targetting_pos=-1,-1|24,25|18,25|-1,-1|25,30|-1,-1|-1,-1|-1,-1|
.LD.R...
#1100000010100100000
#assigned_pet=-1,3,-1,-1,-1,18,-1,-1,
#assigned_hub=3,8,5,2,0,0,7,1,
#moving_targetting_pos=-1,-1|-1,-1|-1,-1|-1,-1|25,1|-1,-1|-1,-1|-1,-1|
#setting_targetting_pos=-1,-1|25,28|-1,-1|-1,-1|25,30|5,4|-1,-1|-1,-1|
.R..dL..
#1100000010100100000
#assigned_pet=-1,3,-1,17,-1,-1,-1,17,
#assigned_hub=3,8,5,2,0,0,7,1,
#moving_targetting_pos=-1,-1|-1,-1|-1,-1|-1,-1|25,1|-1,-1|-1,-1|-1,-1|
#setting_targetting_pos=-1,-1|25,28|-1,-1|7,24|25,30|-1,-1|-1,-1|7,18|
...UR..R
#1100000010100100000
#assigned_pet=-1,3,-1,17,-1,-1,-1,17,
#assigned_hub=3,8,5,2,0,0,7,1,
#moving_targetting_pos=-1,-1|-1,-1|-1,-1|-1,-1|25,1|-1,-1|-1,-1|-1,-1|
#setting_targetting_pos=-1,-1|25,28|-1,-1|7,24|25,30|-1,-1|-1,-1|7,18|
...Ld..R
#1100000010100100010
#assigned_pet=-1,3,-1,17,-1,-1,-1,17,
#assigned_hub=3,8,5,2,0,0,7,1,
#moving_targetting_pos=-1,-1|-1,-1|-1,-1|-1,-1|25,1|-1,-1|-1,-1|-1,-1|
#setting_targetting_pos=-1,-1|25,28|-1,-1|7,24|25,30|-1,-1|-1,-1|7,18|
...lR..r
#1100000010100100010
#assigned_pet=-1,2,2,-1,-1,-1,-1,-1,
#assigned_hub=3,8,5,4,0,0,7,1,
#moving_targetting_pos=-1,-1|-1,-1|-1,-1|16,16|25,1|-1,-1|-1,-1|-1,-1|
#setting_targetting_pos=-1,-1|24,25|18,25|-1,-1|25,30|-1,-1|-1,-1|-1,-1|
.LDUd...
#1100000010100100010
#assigned_pet=-1,3,-1,-1,-1,-1,-1,-1,
#assigned_hub=3,8,5,4,0,0,7,1,
#moving_targetting_pos=-1,-1|-1,-1|-1,-1|16,16|25,1|-1,-1|-1,-1|-1,-1|
#setting_targetting_pos=-1,-1|25,28|-1,-1|-1,-1|25,30|-1,-1|-1,-1|-1,-1|
.R.LR...
#1100000010100100010
#assigned_pet=-1,3,-1,-1,-1,-1,-1,-1,
#assigned_hub=3,8,5,4,0,0,7,1,
#moving_targetting_pos=-1,-1|-1,-1|-1,-1|16,16|25,1|-1,-1|-1,-1|-1,-1|
#setting_targetting_pos=-1,-1|25,28|-1,-1|-1,-1|25,30|-1,-1|-1,-1|-1,-1|
...Uu...
#1100000010100100010
#assigned_pet=-1,2,2,-1,-1,-1,-1,-1,
#assigned_hub=3,8,5,4,0,0,7,1,
#moving_targetting_pos=-1,-1|-1,-1|-1,-1|16,16|25,1|-1,-1|-1,-1|-1,-1|
#setting_targetting_pos=-1,-1|24,25|18,25|-1,-1|25,30|-1,-1|-1,-1|-1,-1|
.L.LR...
#1100000010100100010
#assigned_pet=-1,2,2,-1,-1,-1,-1,-1,
#assigned_hub=3,8,5,4,0,0,7,1,
#moving_targetting_pos=-1,-1|-1,-1|-1,-1|16,16|25,1|-1,-1|-1,-1|-1,-1|
#setting_targetting_pos=-1,-1|24,25|18,25|-1,-1|25,30|-1,-1|-1,-1|-1,-1|
.L.LR...
#1100000010100100010
#assigned_pet=-1,2,2,-1,-1,-1,-1,-1,
#assigned_hub=3,8,5,4,0,0,7,1,
#moving_targetting_pos=-1,-1|-1,-1|-1,-1|16,16|25,1|-1,-1|-1,-1|-1,-1|
#setting_targetting_pos=-1,-1|24,25|18,25|-1,-1|25,30|-1,-1|-1,-1|-1,-1|
.L.LR...
#1100000010100100010
#assigned_pet=-1,2,2,-1,-1,-1,-1,-1,
#assigned_hub=3,8,5,4,0,0,7,1,
#moving_targetting_pos=-1,-1|-1,-1|-1,-1|16,16|25,1|-1,-1|-1,-1|-1,-1|
#setting_targetting_pos=-1,-1|24,25|18,25|-1,-1|25,30|-1,-1|-1,-1|-1,-1|
.U.LR...
#1100000010100100010
#assigned_pet=-1,2,2,-1,-1,-1,-1,-1,
#assigned_hub=3,8,5,4,0,0,7,1,
#moving_targetting_pos=-1,-1|-1,-1|-1,-1|16,16|25,1|-1,-1|-1,-1|-1,-1|
#setting_targetting_pos=-1,-1|24,25|18,25|-1,-1|25,30|-1,-1|-1,-1|-1,-1|
...Lu...
#1100000010100100010
#assigned_pet=-1,2,2,-1,-1,18,-1,18,
#assigned_hub=3,8,5,4,0,0,7,1,
#moving_targetting_pos=-1,-1|-1,-1|-1,-1|16,16|25,1|-1,-1|-1,-1|-1,-1|
#setting_targetting_pos=-1,-1|24,25|18,25|-1,-1|25,30|7,8|-1,-1|7,14|
...LRR.L
#1100000010100100010
#assigned_pet=-1,2,2,-1,-1,-1,-1,-1,
#assigned_hub=3,8,5,4,0,0,7,1,
#moving_targetting_pos=-1,-1|-1,-1|-1,-1|16,16|25,1|-1,-1|-1,-1|-1,-1|
#setting_targetting_pos=-1,-1|24,25|18,25|-1,-1|25,30|-1,-1|-1,-1|-1,-1|
...Ld...
#1100000010100100010
#assigned_pet=-1,2,2,-1,-1,-1,-1,-1,
#assigned_hub=3,8,5,4,0,0,7,1,
#moving_targetting_pos=-1,-1|-1,-1|-1,-1|16,16|25,1|-1,-1|-1,-1|-1,-1|
#setting_targetting_pos=-1,-1|24,25|18,25|-1,-1|25,30|-1,-1|-1,-1|-1,-1|
...DR...
#1100000010100100010
#assigned_pet=-1,2,2,-1,-1,-1,-1,-1,
#assigned_hub=3,8,5,4,0,0,7,1,
#moving_targetting_pos=-1,-1|-1,-1|-1,-1|16,16|25,1|-1,-1|-1,-1|-1,-1|
#setting_targetting_pos=-1,-1|24,25|18,25|-1,-1|25,30|-1,-1|-1,-1|-1,-1|
...Dd...
#1100000010100100010
#assigned_pet=-1,2,2,-1,-1,-1,-1,-1,
#assigned_hub=3,8,5,4,0,0,7,1,
#moving_targetting_pos=-1,-1|-1,-1|-1,-1|16,16|25,1|-1,-1|-1,-1|-1,-1|
#setting_targetting_pos=-1,-1|24,25|18,25|-1,-1|25,30|-1,-1|-1,-1|-1,-1|
...DR...
#1100000010100100010
#assigned_pet=-1,2,2,-1,-1,-1,-1,-1,
#assigned_hub=3,8,5,4,0,0,7,1,
#moving_targetting_pos=-1,-1|-1,-1|-1,-1|16,16|25,1|-1,-1|-1,-1|-1,-1|
#setting_targetting_pos=-1,-1|24,25|18,25|-1,-1|25,30|-1,-1|-1,-1|-1,-1|
...Dd...
#1100000010100100010
#assigned_pet=-1,2,2,-1,-1,-1,-1,-1,
#assigned_hub=3,8,5,4,0,0,7,1,
#moving_targetting_pos=-1,-1|-1,-1|-1,-1|16,16|25,1|-1,-1|-1,-1|-1,-1|
#setting_targetting_pos=-1,-1|24,25|18,25|-1,-1|25,30|-1,-1|-1,-1|-1,-1|
...DR...
#1100000010100100010
#assigned_pet=-1,2,2,-1,-1,-1,-1,-1,
#assigned_hub=3,8,5,4,0,0,7,1,
#moving_targetting_pos=-1,-1|-1,-1|-1,-1|16,16|25,1|-1,-1|-1,-1|-1,-1|
#setting_targetting_pos=-1,-1|24,25|18,25|-1,-1|25,30|-1,-1|-1,-1|-1,-1|
...Dd...
#1100000010100100010
#assigned_pet=-1,2,2,-1,-1,18,-1,18,
#assigned_hub=3,8,5,4,0,0,7,1,
#moving_targetting_pos=-1,-1|-1,-1|-1,-1|16,16|25,1|-1,-1|-1,-1|-1,-1|
#setting_targetting_pos=-1,-1|24,25|18,25|-1,-1|25,30|5,8|-1,-1|5,14|
...DRR.L
#1100000010100100010
#assigned_pet=-1,2,2,-1,-1,18,-1,18,
#assigned_hub=3,8,5,4,0,0,7,1,
#moving_targetting_pos=-1,-1|-1,-1|-1,-1|16,16|25,1|-1,-1|-1,-1|-1,-1|
#setting_targetting_pos=-1,-1|24,25|18,25|-1,-1|25,30|5,8|-1,-1|5,14|
...DdR.L
#1100000010100100010
#assigned_pet=-1,2,2,-1,-1,18,-1,18,
#assigned_hub=3,8,5,4,0,0,7,1,
#moving_targetting_pos=-1,-1|-1,-1|-1,-1|16,16|25,1|-1,-1|-1,-1|-1,-1|
#setting_targetting_pos=-1,-1|24,25|18,25|-1,-1|25,30|5,8|-1,-1|5,14|
...DRU.U
#1100000010100100011
#assigned_pet=-1,2,2,-1,-1,18,-1,18,
#assigned_hub=3,8,5,4,0,0,7,1,
#moving_targetting_pos=-1,-1|-1,-1|-1,-1|16,16|25,1|-1,-1|-1,-1|-1,-1|
#setting_targetting_pos=-1,-1|24,25|18,25|-1,-1|25,30|5,8|-1,-1|5,14|
...Luu.u
#1100000010100100011
#assigned_pet=-1,2,2,16,-1,-1,16,-1,
#assigned_hub=3,8,5,4,0,6,7,1,
#moving_targetting_pos=-1,-1|-1,-1|-1,-1|-1,-1|25,1|26,6|-1,-1|-1,-1|
#setting_targetting_pos=-1,-1|24,25|18,25|18,15|25,30|-1,-1|24,15|-1,-1|
...LRD..
#1100000010100100011
#assigned_pet=-1,2,2,16,-1,-1,16,-1,
#assigned_hub=3,8,5,4,0,6,7,1,
#moving_targetting_pos=-1,-1|-1,-1|-1,-1|-1,-1|25,1|26,6|-1,-1|6,16|
#setting_targetting_pos=-1,-1|24,25|18,25|18,15|25,30|-1,-1|24,15|-1,-1|
...DRR..
#1110000010100100011
#assigned_pet=-1,2,2,12,-1,-1,12,-1,
#assigned_hub=3,8,5,4,0,6,7,1,
#moving_targetting_pos=-1,-1|-1,-1|-1,-1|-1,-1|25,1|26,6|-1,-1|6,16|
#setting_targetting_pos=-1,-1|24,25|18,25|18,15|25,30|-1,-1|24,15|-1,-1|
.udDRR..
#1110000010100100011
#assigned_pet=-1,3,-1,12,-1,-1,12,-1,
#assigned_hub=3,8,5,4,0,6,7,1,
#moving_targetting_pos=-1,-1|-1,-1|-1,-1|-1,-1|25,1|26,6|-1,-1|-1,-1|
#setting_targetting_pos=-1,-1|27,28|-1,-1|18,15|25,30|-1,-1|24,15|-1,-1|
.R.DRR..
#1110000010100100011
#assigned_pet=-1,3,-1,12,-1,-1,12,-1,
#assigned_hub=3,8,5,4,0,6,7,1,
#moving_targetting_pos=-1,-1|-1,-1|-1,-1|-1,-1|25,1|26,6|-1,-1|6,16|
#setting_targetting_pos=-1,-1|27,28|-1,-1|18,15|25,30|-1,-1|24,15|-1,-1|
.R..uR..
#1110000010100100011
#assigned_pet=-1,3,-1,12,-1,-1,12,-1,
#assigned_hub=3,8,5,4,0,6,7,1,
#moving_targetting_pos=-1,-1|-1,-1|-1,-1|-1,-1|25,1|26,6|-1,-1|-1,-1|
#setting_targetting_pos=-1,-1|27,28|-1,-1|18,15|25,30|-1,-1|24,15|-1,-1|
.R..RR..
#1110000010101100111
#assigned_pet=-1,3,-1,12,-1,-1,12,-1,
#assigned_hub=3,8,5,4,0,6,7,1,
#moving_targetting_pos=-1,-1|-1,-1|-1,-1|-1,-1|25,1|26,6|-1,-1|-1,-1|
#setting_targetting_pos=-1,-1|27,28|-1,-1|18,15|25,30|-1,-1|24,15|-1,-1|
.D.ddRl.
#1110000010101100111
#assigned_pet=15,3,-1,15,-1,-1,-1,-1,
#assigned_hub=3,8,5,4,0,6,7,1,
#moving_targetting_pos=-1,-1|-1,-1|-1,-1|-1,-1|25,1|26,6|-1,-1|-1,-1|
#setting_targetting_pos=15,8|27,28|-1,-1|15,14|25,30|-1,-1|-1,-1|-1,-1|
D..LRR..
#1110000010101100111
#assigned_pet=15,3,-1,15,-1,-1,-1,-1,
#assigned_hub=3,8,5,4,0,6,7,1,
#moving_targetting_pos=-1,-1|-1,-1|-1,-1|-1,-1|25,1|26,6|-1,-1|-1,-1|
#setting_targetting_pos=15,8|27,28|-1,-1|15,14|25,30|-1,-1|-1,-1|-1,-1|
R..UdD..
#1111000010101100111
#assigned_pet=15,3,-1,15,-1,-1,-1,-1,
#assigned_hub=3,8,5,4,0,6,7,1,
#moving_targetting_pos=-1,-1|-1,-1|-1,-1|-1,-1|25,1|26,6|-1,-1|-1,-1|
#setting_targetting_pos=15,8|27,28|-1,-1|15,14|25,30|-1,-1|-1,-1|-1,-1|
.d...D..
#1111000010101100111
#assigned_pet=-1,5,-1,4,-1,-1,5,4,
#assigned_hub=3,8,5,4,0,6,7,1,
#moving_targetting_pos=-1,-1|-1,-1|-1,-1|-1,-1|25,1|26,6|-1,-1|-1,-1|
#setting_targetting_pos=-1,-1|25,24|-1,-1|14,15|25,30|-1,-1|25,18|8,15|
.L.R.DRR
#1111000010101100111
#assigned_pet=-1,5,-1,4,-1,-1,5,4,
#assigned_hub=3,8,5,4,0,6,7,1,
#moving_targetting_pos=-1,-1|-1,-1|-1,-1|-1,-1|25,1|26,6|-1,-1|-1,-1|
#setting_targetting_pos=-1,-1|25,24|-1,-1|14,15|25,30|-1,-1|25,18|8,15|
.L.U.DDD
#1111000010101100111
#assigned_pet=-1,6,-1,9,-1,-1,6,9,
#assigned_hub=3,8,5,4,0,6,7,1,
#moving_targetting_pos=-1,-1|-1,-1|-1,-1|-1,-1|25,1|26,6|-1,-1|-1,-1|
#setting_targetting_pos=-1,-1|27,24|-1,-1|14,15|25,30|-1,-1|27,18|8,15|
.L...DR.
#1111000010101100111
#assigned_pet=-1,6,-1,9,-1,-1,6,9,
#assigned_hub=3,8,5,4,0,6,7,1,
#moving_targetting_pos=-1,-1|-1,-1|-1,-1|-1,-1|25,1|26,6|-1,-1|-1,-1|
#setting_targetting_pos=-1,-1|27,24|-1,-1|14,15|25,30|-1,-1|27,18|8,15|
.L...DD.
#1111000010101100111
#assigned_pet=-1,6,-1,9,-1,-1,6,9,
#assigned_hub=3,8,5,4,0,6,7,1,
#moving_targetting_pos=-1,-1|-1,-1|-1,-1|-1,-1|25,1|26,6|-1,-1|-1,-1|
#setting_targetting_pos=-1,-1|27,24|-1,-1|14,15|25,30|-1,-1|27,18|8,15|
.....D..
#1111000010101100111
#assigned_pet=-1,-1,-1,9,-1,-1,-1,9,
#assigned_hub=3,8,5,4,0,6,7,1,
#moving_targetting_pos=-1,-1|-1,-1|-1,-1|-1,-1|25,1|26,6|-1,-1|-1,-1|
#setting_targetting_pos=-1,-1|-1,-1|-1,-1|14,15|25,30|-1,-1|-1,-1|8,15|
.....D..
#1111000010101100111
#assigned_pet=-1,-1,7,7,-1,-1,-1,-1,
#assigned_hub=3,8,5,4,0,6,7,1,
#moving_targetting_pos=-1,-1|-1,-1|-1,-1|-1,-1|25,1|26,6|-1,-1|-1,-1|
#setting_targetting_pos=-1,-1|-1,-1|15,24|15,18|25,30|-1,-1|-1,-1|-1,-1|
..LR.L..
#1111000010101100111
#assigned_pet=-1,-1,7,7,-1,-1,-1,-1,
#assigned_hub=3,8,5,4,0,6,7,1,
#moving_targetting_pos=-1,-1|-1,-1|-1,-1|-1,-1|25,1|26,6|-1,-1|-1,-1|
#setting_targetting_pos=-1,-1|-1,-1|15,24|15,18|25,30|-1,-1|-1,-1|-1,-1|
..UR.L..
#1111000110101100111
#assigned_pet=-1,5,7,7,-1,-1,-1,-1,
#assigned_hub=3,8,5,4,0,6,7,1,
#moving_targetting_pos=-1,-1|-1,-1|-1,-1|-1,-1|25,1|26,6|-1,-1|-1,-1|
#setting_targetting_pos=-1,-1|25,28|15,24|15,18|25,30|-1,-1|-1,-1|-1,-1|
.Rur.L..
#1111000110101100111
#assigned_pet=-1,-1,-1,15,-1,-1,15,-1,
#assigned_hub=3,8,5,4,0,6,7,1,
#moving_targetting_pos=-1,-1|-1,-1|-1,-1|-1,-1|25,1|26,6|-1,-1|-1,-1|
#setting_targetting_pos=-1,-1|-1,-1|-1,-1|18,17|25,30|-1,-1|24,17|-1,-1|
...D.LL.
#1111000110101100111
#assigned_pet=-1,-1,-1,15,-1,-1,15,-1,
#assigned_hub=3,8,5,4,0,6,7,1,
#moving_targetting_pos=-1,-1|-1,-1|-1,-1|-1,-1|25,1|26,6|-1,-1|-1,-1|
#setting_targetting_pos=-1,-1|-1,-1|-1,-1|18,17|25,30|-1,-1|24,17|-1,-1|
...D.LU.
#1111000110101100111
#assigned_pet=-1,-1,-1,15,-1,-1,15,-1,
#assigned_hub=3,8,5,4,0,6,7,1,
#moving_targetting_pos=-1,-1|-1,-1|-1,-1|-1,-1|25,1|26,6|-1,-1|-1,-1|
#setting_targetting_pos=-1,-1|-1,-1|-1,-1|18,17|25,30|-1,-1|24,17|-1,-1|
.....L..
#1111000110101100111
#assigned_pet=-1,-1,-1,15,-1,-1,15,-1,
#assigned_hub=3,8,5,4,0,6,7,1,
#moving_targetting_pos=-1,-1|-1,-1|-1,-1|-1,-1|6,6|26,6|-1,-1|-1,-1|
#setting_targetting_pos=-1,-1|-1,-1|-1,-1|18,17|25,30|-1,-1|24,17|-1,-1|
....LL..
#1111000110101100111
#assigned_pet=14,-1,-1,14,-1,-1,-1,-1,
#assigned_hub=3,8,5,4,0,6,7,1,
#moving_targetting_pos=-1,-1|-1,-1|-1,-1|-1,-1|6,6|26,6|-1,-1|-1,-1|
#setting_targetting_pos=17,8|-1,-1|-1,-1|17,14|-1,-1|-1,-1|-1,-1|-1,-1|
R..LLL..
#1111000110101100111
#assigned_pet=14,-1,-1,14,-1,-1,-1,-1,
#assigned_hub=3,8,5,4,0,6,7,1,
#moving_targetting_pos=-1,-1|-1,-1|-1,-1|-1,-1|6,6|26,6|-1,-1|-1,-1|
#setting_targetting_pos=17,8|-1,-1|-1,-1|17,14|-1,-1|-1,-1|-1,-1|-1,-1|
D..LLD..
#1111000110101100111
#assigned_pet=14,-1,-1,14,-1,-1,-1,-1,
#assigned_hub=3,8,5,4,0,6,7,1,
#moving_targetting_pos=-1,-1|-1,-1|-1,-1|-1,-1|6,6|26,6|-1,-1|-1,-1|
#setting_targetting_pos=17,8|-1,-1|-1,-1|17,14|-1,-1|-1,-1|-1,-1|-1,-1|
....LD..
#1111000110101100111
#assigned_pet=4,5,-1,4,-1,-1,5,-1,
#assigned_hub=3,8,5,4,0,6,7,1,
#moving_targetting_pos=-1,-1|-1,-1|-1,-1|-1,-1|6,6|26,6|-1,-1|-1,-1|
#setting_targetting_pos=15,8|25,24|-1,-1|15,14|-1,-1|-1,-1|25,18|-1,-1|
.L.LLD..
#1111000110101100111
#assigned_pet=4,5,-1,4,-1,-1,5,-1,
#assigned_hub=3,8,5,4,0,6,7,1,
#moving_targetting_pos=-1,-1|-1,-1|-1,-1|-1,-1|6,6|26,6|-1,-1|-1,-1|
#setting_targetting_pos=15,8|25,24|-1,-1|15,14|-1,-1|-1,-1|25,18|-1,-1|
...ULD..
#1111000110101110111
#assigned_pet=14,5,-1,14,-1,-1,5,-1,
#assigned_hub=3,8,5,4,0,6,7,1,
#moving_targetting_pos=-1,-1|-1,-1|-1,-1|-1,-1|6,6|26,6|-1,-1|-1,-1|
#setting_targetting_pos=17,8|25,24|-1,-1|17,14|-1,-1|-1,-1|25,18|-1,-1|
d..dLD..
#1111000110101110111
#assigned_pet=-1,5,-1,-1,-1,-1,5,-1,
#assigned_hub=3,8,5,4,0,6,7,1,
#moving_targetting_pos=-1,-1|-1,-1|-1,-1|-1,-1|6,6|26,6|-1,-1|-1,-1|
#setting_targetting_pos=-1,-1|25,24|-1,-1|-1,-1|-1,-1|-1,-1|25,18|-1,-1|
....LD..
#1111000110101110111
#assigned_pet=-1,5,-1,-1,-1,-1,5,-1,
#assigned_hub=3,8,5,4,0,6,7,1,
#moving_targetting_pos=-1,-1|-1,-1|-1,-1|-1,-1|6,6|26,6|-1,-1|-1,-1|
#setting_targetting_pos=-1,-1|25,24|-1,-1|-1,-1|-1,-1|-1,-1|25,18|-1,-1|
....LD..
#1111000110101110111
#assigned_pet=-1,5,-1,-1,-1,-1,5,-1,
#assigned_hub=3,8,5,4,0,6,7,1,
#moving_targetting_pos=-1,-1|-1,-1|16,26|-1,-1|6,6|26,6|-1,-1|-1,-1|
#setting_targetting_pos=-1,-1|25,24|-1,-1|-1,-1|-1,-1|-1,-1|25,18|-1,-1|
....LD..
#1111000110101110111
#assigned_pet=4,5,-1,4,-1,-1,5,-1,
#assigned_hub=3,8,5,4,0,6,7,1,
#moving_targetting_pos=-1,-1|-1,-1|16,26|-1,-1|6,6|26,6|-1,-1|-1,-1|
#setting_targetting_pos=15,8|25,24|-1,-1|15,14|-1,-1|-1,-1|25,18|-1,-1|
....LD..
#1111100110101110111
#assigned_pet=4,5,-1,4,-1,-1,5,-1,
#assigned_hub=3,8,5,4,0,6,7,1,
#moving_targetting_pos=-1,-1|-1,-1|16,26|-1,-1|6,6|26,6|-1,-1|6,16|
#setting_targetting_pos=15,8|25,24|-1,-1|15,14|-1,-1|-1,-1|25,18|-1,-1|
u..uLL..
#1111100110101110111
#assigned_pet=11,5,-1,-1,-1,11,5,-1,
#assigned_hub=3,8,5,4,0,6,7,1,
#moving_targetting_pos=-1,-1|-1,-1|-1,-1|16,16|6,6|-1,-1|-1,-1|6,16|
#setting_targetting_pos=18,5|25,24|-1,-1|-1,-1|-1,-1|24,5|25,18|-1,-1|
L...L...
#1111100110101110111
#assigned_pet=11,5,-1,-1,-1,11,5,-1,
#assigned_hub=3,8,5,4,0,6,7,1,
#moving_targetting_pos=-1,-1|-1,-1|-1,-1|16,16|6,6|-1,-1|-1,-1|6,16|
#setting_targetting_pos=18,5|25,24|-1,-1|-1,-1|-1,-1|24,5|25,18|-1,-1|
L...U...
#1111110110101111111
#assigned_pet=11,5,-1,-1,-1,11,5,-1,
#assigned_hub=3,8,5,4,0,6,7,1,
#moving_targetting_pos=-1,-1|-1,-1|-1,-1|16,16|6,6|-1,-1|-1,-1|6,16|
#setting_targetting_pos=18,5|25,24|-1,-1|-1,-1|-1,-1|24,5|25,18|-1,-1|
Lu..U.r.
#1111110110101111111
#assigned_pet=11,-1,-1,-1,-1,11,-1,-1,
#assigned_hub=3,8,5,4,0,6,7,1,
#moving_targetting_pos=-1,-1|-1,-1|-1,-1|16,16|6,6|-1,-1|26,16|6,16|
#setting_targetting_pos=18,5|-1,-1|-1,-1|-1,-1|-1,-1|24,5|-1,-1|-1,-1|
D...U...
#1111110110111111111
#assigned_pet=11,-1,-1,-1,-1,11,-1,-1,
#assigned_hub=3,8,5,4,0,6,7,1,
#moving_targetting_pos=-1,-1|-1,-1|-1,-1|16,16|6,6|-1,-1|26,16|6,16|
#setting_targetting_pos=18,5|-1,-1|-1,-1|-1,-1|-1,-1|24,5|-1,-1|-1,-1|
d...Ul..
#1111110110111111111
#assigned_pet=-1,-1,-1,-1,-1,-1,-1,-1,
#assigned_hub=3,8,5,4,0,6,7,1,
#moving_targetting_pos=16,6|-1,-1|-1,-1|16,16|6,6|26,6|26,16|6,16|
#setting_targetting_pos=-1,-1|-1,-1|-1,-1|-1,-1|-1,-1|-1,-1|-1,-1|-1,-1|
....U...
#1111110110111111111
#assigned_pet=-1,6,6,-1,-1,-1,-1,-1,
#assigned_hub=3,8,5,4,0,6,7,1,
#moving_targetting_pos=16,6|-1,-1|-1,-1|16,16|6,6|26,6|26,16|6,16|
#setting_targetting_pos=-1,-1|24,27|18,27|-1,-1|-1,-1|-1,-1|-1,-1|-1,-1|
.RR.U...
#1111110110111111111
#assigned_pet=-1,-1,-1,-1,-1,-1,-1,-1,
#assigned_hub=3,8,5,4,0,6,7,1,
#moving_targetting_pos=16,6|-1,-1|-1,-1|16,16|6,6|26,6|26,16|6,16|
#setting_targetting_pos=-1,-1|-1,-1|-1,-1|-1,-1|-1,-1|-1,-1|-1,-1|-1,-1|
....U...
#1111110110111111111
#assigned_pet=-1,-1,-1,-1,-1,-1,-1,-1,
#assigned_hub=3,8,5,4,0,6,7,1,
#moving_targetting_pos=16,6|-1,-1|-1,-1|16,16|6,6|26,6|26,16|6,16|
#setting_targetting_pos=-1,-1|-1,-1|-1,-1|-1,-1|-1,-1|-1,-1|-1,-1|-1,-1|
....L...
#1111110110111111111
#assigned_pet=-1,-1,-1,-1,-1,-1,-1,-1,
#assigned_hub=3,8,5,4,0,6,7,1,
#moving_targetting_pos=16,6|-1,-1|-1,-1|16,16|6,6|26,6|26,16|-1,-1|
#setting_targetting_pos=-1,-1|-1,-1|-1,-1|-1,-1|-1,-1|-1,-1|-1,-1|-1,-1|
....U...
#1111110110111111111
#assigned_pet=-1,-1,-1,-1,-1,-1,-1,-1,
#assigned_hub=3,8,5,4,0,6,7,1,
#moving_targetting_pos=16,6|-1,-1|-1,-1|16,16|6,6|26,6|26,16|-1,-1|
#setting_targetting_pos=-1,-1|-1,-1|-1,-1|-1,-1|-1,-1|-1,-1|-1,-1|-1,-1|
....L...
#1111110110111111111
#assigned_pet=-1,-1,-1,-1,-1,-1,-1,-1,
#assigned_hub=3,8,5,4,0,6,7,1,
#moving_targetting_pos=16,6|-1,-1|-1,-1|16,16|6,6|26,6|26,16|-1,-1|
#setting_targetting_pos=-1,-1|-1,-1|-1,-1|-1,-1|-1,-1|-1,-1|-1,-1|-1,-1|
....U...
#1111110110111111111
#assigned_pet=-1,-1,-1,-1,-1,-1,-1,-1,
#assigned_hub=3,8,5,4,0,6,7,1,
#moving_targetting_pos=16,6|-1,-1|16,26|16,16|6,6|26,6|-1,-1|-1,-1|
#setting_targetting_pos=-1,-1|-1,-1|-1,-1|-1,-1|-1,-1|-1,-1|-1,-1|-1,-1|
....U...
#1111110110111111111
#assigned_pet=-1,-1,-1,-1,-1,-1,-1,-1,
#assigned_hub=3,8,5,4,0,6,7,1,
#moving_targetting_pos=16,6|-1,-1|16,26|16,16|6,6|26,6|-1,-1|-1,-1|
#setting_targetting_pos=-1,-1|-1,-1|-1,-1|-1,-1|-1,-1|-1,-1|-1,-1|-1,-1|
....U...
#1111110110111111111
#assigned_pet=-1,-1,-1,-1,-1,-1,-1,-1,
#assigned_hub=3,8,5,4,0,6,7,1,
#moving_targetting_pos=16,6|-1,-1|16,26|16,16|6,6|26,6|-1,-1|-1,-1|
#setting_targetting_pos=-1,-1|-1,-1|-1,-1|-1,-1|-1,-1|-1,-1|-1,-1|-1,-1|
....U...
#1111110110111111111
#assigned_pet=-1,-1,-1,-1,-1,-1,-1,-1,
#assigned_hub=3,8,5,4,0,6,7,1,
#moving_targetting_pos=16,6|-1,-1|16,26|16,16|6,6|26,6|-1,-1|-1,-1|
#setting_targetting_pos=-1,-1|-1,-1|-1,-1|-1,-1|-1,-1|-1,-1|-1,-1|-1,-1|
....U...
#1111110110111111111
#assigned_pet=-1,-1,-1,-1,-1,-1,-1,-1,
#assigned_hub=3,8,5,4,0,6,7,1,
#moving_targetting_pos=16,6|-1,-1|16,26|16,16|6,6|26,6|-1,-1|-1,-1|
#setting_targetting_pos=-1,-1|-1,-1|-1,-1|-1,-1|-1,-1|-1,-1|-1,-1|-1,-1|
....U...
#1111110110111111111
#assigned_pet=-1,-1,-1,-1,-1,-1,-1,-1,
#assigned_hub=3,8,5,4,0,6,7,1,
#moving_targetting_pos=16,6|-1,-1|16,26|16,16|6,6|26,6|-1,-1|-1,-1|
#setting_targetting_pos=-1,-1|-1,-1|-1,-1|-1,-1|-1,-1|-1,-1|-1,-1|-1,-1|
....U...
#1111110110111111111
#assigned_pet=-1,-1,-1,-1,-1,-1,-1,-1,
#assigned_hub=3,8,5,4,0,6,7,1,
#moving_targetting_pos=16,6|-1,-1|16,26|16,16|6,6|26,6|-1,-1|-1,-1|
#setting_targetting_pos=-1,-1|-1,-1|-1,-1|-1,-1|-1,-1|-1,-1|-1,-1|-1,-1|
....U...
#1111110110111111111
#assigned_pet=-1,-1,-1,-1,-1,-1,-1,-1,
#assigned_hub=3,8,5,4,0,6,7,1,
#moving_targetting_pos=16,6|-1,-1|16,26|16,16|6,6|26,6|-1,-1|-1,-1|
#setting_targetting_pos=-1,-1|-1,-1|-1,-1|-1,-1|-1,-1|-1,-1|-1,-1|-1,-1|
....U...
#1111110110111111111
#assigned_pet=-1,-1,-1,-1,-1,-1,-1,-1,
#assigned_hub=3,8,5,4,0,6,7,1,
#moving_targetting_pos=16,6|-1,-1|16,26|16,16|6,6|26,6|-1,-1|-1,-1|
#setting_targetting_pos=-1,-1|-1,-1|-1,-1|-1,-1|-1,-1|-1,-1|-1,-1|-1,-1|
....U...
#1111110110111111111
#assigned_pet=-1,-1,-1,-1,-1,-1,-1,-1,
#assigned_hub=3,8,5,4,0,6,7,1,
#moving_targetting_pos=16,6|-1,-1|16,26|16,16|6,6|26,6|-1,-1|-1,-1|
#setting_targetting_pos=-1,-1|-1,-1|-1,-1|-1,-1|-1,-1|-1,-1|-1,-1|-1,-1|
....L...
#1111110110111111111
#assigned_pet=-1,6,-1,-1,-1,-1,-1,-1,
#assigned_hub=3,8,5,4,0,6,7,1,
#moving_targetting_pos=16,6|-1,-1|16,26|16,16|6,6|26,6|-1,-1|-1,-1|
#setting_targetting_pos=-1,-1|28,25|-1,-1|-1,-1|-1,-1|-1,-1|-1,-1|-1,-1|
.D..L...
#1111111110111111111
#assigned_pet=-1,6,-1,-1,-1,-1,-1,-1,
#assigned_hub=3,8,5,4,0,6,7,1,
#moving_targetting_pos=16,6|-1,-1|16,26|16,16|6,6|26,6|26,16|-1,-1|
#setting_targetting_pos=-1,-1|28,25|-1,-1|-1,-1|-1,-1|-1,-1|-1,-1|-1,-1|
.d..L...
#1111111110111111111
#assigned_pet=-1,-1,-1,-1,-1,-1,-1,-1,
#assigned_hub=3,8,5,4,0,6,7,1,
#moving_targetting_pos=16,6|26,26|16,26|16,16|6,6|26,6|26,16|-1,-1|
#setting_targetting_pos=-1,-1|-1,-1|-1,-1|-1,-1|-1,-1|-1,-1|-1,-1|-1,-1|
....L...
#1111111110111111111
#assigned_pet=-1,-1,-1,-1,-1,-1,-1,-1,
#assigned_hub=3,8,5,4,0,6,7,1,
#moving_targetting_pos=16,6|26,26|16,26|16,16|6,6|26,6|26,16|-1,-1|
#setting_targetting_pos=-1,-1|-1,-1|-1,-1|-1,-1|-1,-1|-1,-1|-1,-1|-1,-1|
....L...
#1111111110111111111
#assigned_pet=-1,-1,-1,-1,-1,-1,-1,-1,
#assigned_hub=3,8,5,4,0,6,7,1,
#moving_targetting_pos=16,6|26,26|16,26|16,16|6,6|26,6|26,16|-1,-1|
#setting_targetting_pos=-1,-1|-1,-1|-1,-1|-1,-1|-1,-1|-1,-1|-1,-1|-1,-1|
....L...
#1111111110111111111
#assigned_pet=-1,-1,-1,-1,-1,-1,-1,-1,
#assigned_hub=3,8,5,4,0,6,7,1,
#moving_targetting_pos=16,6|26,26|16,26|16,16|6,6|26,6|26,16|-1,-1|
#setting_targetting_pos=-1,-1|-1,-1|-1,-1|-1,-1|-1,-1|-1,-1|-1,-1|-1,-1|
....L...
#1111111110111111111
#assigned_pet=-1,-1,-1,-1,-1,-1,-1,-1,
#assigned_hub=3,8,5,4,0,6,7,1,
#moving_targetting_pos=16,6|26,26|16,26|16,16|6,6|26,6|26,16|-1,-1|
#setting_targetting_pos=-1,-1|-1,-1|-1,-1|-1,-1|-1,-1|-1,-1|-1,-1|-1,-1|
....L...
#1111111110111111111
#assigned_pet=-1,-1,-1,-1,-1,-1,-1,-1,
#assigned_hub=3,8,5,4,0,6,7,1,
#moving_targetting_pos=16,6|26,26|16,26|16,16|-1,-1|26,6|26,16|-1,-1|
#setting_targetting_pos=-1,-1|-1,-1|-1,-1|-1,-1|-1,-1|-1,-1|-1,-1|-1,-1|
........
#1111111110111111111
#assigned_pet=-1,-1,-1,-1,-1,-1,-1,-1,
#assigned_hub=3,8,5,4,0,6,7,1,
#moving_targetting_pos=16,6|26,26|16,26|16,16|-1,-1|26,6|26,16|-1,-1|
#setting_targetting_pos=-1,-1|-1,-1|-1,-1|-1,-1|-1,-1|-1,-1|-1,-1|-1,-1|
........
#1111111110111111111
#assigned_pet=-1,-1,-1,-1,-1,-1,-1,-1,
#assigned_hub=3,8,5,4,0,6,7,1,
#moving_targetting_pos=16,6|26,26|16,26|16,16|-1,-1|26,6|26,16|-1,-1|
#setting_targetting_pos=-1,-1|-1,-1|-1,-1|-1,-1|-1,-1|-1,-1|-1,-1|-1,-1|
........
#1111111110111111111
#assigned_pet=-1,-1,-1,-1,-1,-1,-1,-1,
#assigned_hub=3,8,5,4,0,6,7,1,
#moving_targetting_pos=16,6|26,26|16,26|16,16|-1,-1|26,6|26,16|-1,-1|
#setting_targetting_pos=-1,-1|-1,-1|-1,-1|-1,-1|-1,-1|-1,-1|-1,-1|-1,-1|
........
#1111111110111111111
#assigned_pet=-1,-1,-1,-1,-1,-1,-1,-1,
#assigned_hub=3,8,5,4,0,6,7,1,
#moving_targetting_pos=16,6|26,26|16,26|16,16|-1,-1|26,6|26,16|-1,-1|
#setting_targetting_pos=-1,-1|-1,-1|-1,-1|-1,-1|-1,-1|-1,-1|-1,-1|-1,-1|
........
#1111111110111111111
#assigned_pet=-1,-1,-1,-1,-1,-1,-1,-1,
#assigned_hub=3,8,5,4,0,6,7,1,
#moving_targetting_pos=16,6|26,26|16,26|16,16|-1,-1|26,6|26,16|-1,-1|
#setting_targetting_pos=-1,-1|-1,-1|-1,-1|-1,-1|-1,-1|-1,-1|-1,-1|-1,-1|
........
#1111111110111111111
#assigned_pet=-1,-1,-1,-1,-1,-1,-1,-1,
#assigned_hub=3,8,5,4,0,6,7,1,
#moving_targetting_pos=16,6|26,26|16,26|16,16|-1,-1|26,6|26,16|-1,-1|
#setting_targetting_pos=-1,-1|-1,-1|-1,-1|-1,-1|-1,-1|-1,-1|-1,-1|-1,-1|
........
#1111111110111111111
#assigned_pet=-1,-1,-1,-1,-1,-1,-1,-1,
#assigned_hub=3,8,5,4,0,6,7,1,
#moving_targetting_pos=16,6|26,26|16,26|16,16|-1,-1|26,6|26,16|-1,-1|
#setting_targetting_pos=-1,-1|-1,-1|-1,-1|-1,-1|-1,-1|-1,-1|-1,-1|-1,-1|
........
#1111111110111111111
#assigned_pet=-1,-1,-1,-1,9,-1,-1,9,
#assigned_hub=3,8,5,4,0,6,7,1,
#moving_targetting_pos=16,6|26,26|16,26|16,16|-1,-1|26,6|26,16|-1,-1|
#setting_targetting_pos=-1,-1|-1,-1|-1,-1|-1,-1|7,8|-1,-1|-1,-1|7,14|
........
#1111111111111111111
#assigned_pet=-1,-1,-1,-1,9,-1,-1,9,
#assigned_hub=3,8,5,4,0,6,7,1,
#moving_targetting_pos=16,6|26,26|16,26|16,16|-1,-1|26,6|26,16|-1,-1|
#setting_targetting_pos=-1,-1|-1,-1|-1,-1|-1,-1|7,8|-1,-1|-1,-1|7,14|
....r..l
#1111111111111111111
#assigned_pet=-1,-1,-1,-1,-1,-1,-1,-1,
#assigned_hub=3,8,5,4,0,6,7,1,
#moving_targetting_pos=16,6|26,26|16,26|16,16|6,6|26,6|26,16|6,16|
#setting_targetting_pos=-1,-1|-1,-1|-1,-1|-1,-1|-1,-1|-1,-1|-1,-1|-1,-1|
........
#1111111111111111111
#assigned_pet=-1,-1,-1,-1,-1,-1,-1,-1,
#assigned_hub=3,8,5,4,0,6,7,1,
#moving_targetting_pos=16,6|26,26|16,26|16,16|6,6|26,6|26,16|6,16|
#setting_targetting_pos=-1,-1|-1,-1|-1,-1|-1,-1|-1,-1|-1,-1|-1,-1|-1,-1|
........
#1111111111111111111
#assigned_pet=-1,-1,-1,-1,-1,-1,-1,-1,
#assigned_hub=3,8,5,4,0,6,7,1,
#moving_targetting_pos=16,6|26,26|16,26|16,16|6,6|26,6|26,16|6,16|
#setting_targetting_pos=-1,-1|-1,-1|-1,-1|-1,-1|-1,-1|-1,-1|-1,-1|-1,-1|
........
#1111111111111111111
#assigned_pet=-1,-1,-1,-1,-1,-1,-1,-1,
#assigned_hub=3,8,5,4,0,6,7,1,
#moving_targetting_pos=16,6|26,26|16,26|16,16|6,6|26,6|26,16|6,16|
#setting_targetting_pos=-1,-1|-1,-1|-1,-1|-1,-1|-1,-1|-1,-1|-1,-1|-1,-1|
........
#1111111111111111111
#assigned_pet=-1,-1,-1,-1,-1,-1,-1,-1,
#assigned_hub=3,8,5,4,0,6,7,1,
#moving_targetting_pos=16,6|26,26|16,26|16,16|6,6|26,6|26,16|6,16|
#setting_targetting_pos=-1,-1|-1,-1|-1,-1|-1,-1|-1,-1|-1,-1|-1,-1|-1,-1|
........
#1111111111111111111
#assigned_pet=-1,-1,-1,-1,-1,-1,-1,-1,
#assigned_hub=3,8,5,4,0,6,7,1,
#moving_targetting_pos=16,6|26,26|16,26|16,16|6,6|26,6|26,16|6,16|
#setting_targetting_pos=-1,-1|-1,-1|-1,-1|-1,-1|-1,-1|-1,-1|-1,-1|-1,-1|
........
#1111111111111111111
#assigned_pet=-1,-1,-1,-1,-1,-1,-1,-1,
#assigned_hub=3,8,5,4,0,6,7,1,
#moving_targetting_pos=16,6|26,26|16,26|16,16|6,6|26,6|26,16|6,16|
#setting_targetting_pos=-1,-1|-1,-1|-1,-1|-1,-1|-1,-1|-1,-1|-1,-1|-1,-1|
........
#1111111111111111111
#assigned_pet=-1,-1,-1,-1,-1,-1,-1,-1,
#assigned_hub=3,8,5,4,0,6,7,1,
#moving_targetting_pos=16,6|26,26|16,26|16,16|6,6|26,6|26,16|6,16|
#setting_targetting_pos=-1,-1|-1,-1|-1,-1|-1,-1|-1,-1|-1,-1|-1,-1|-1,-1|
........
#1111111111111111111
#assigned_pet=-1,-1,-1,-1,-1,-1,-1,-1,
#assigned_hub=3,8,5,4,0,6,7,1,
#moving_targetting_pos=16,6|26,26|16,26|16,16|6,6|26,6|26,16|6,16|
#setting_targetting_pos=-1,-1|-1,-1|-1,-1|-1,-1|-1,-1|-1,-1|-1,-1|-1,-1|
........
#1111111111111111111
#assigned_pet=-1,-1,-1,-1,-1,-1,-1,-1,
#assigned_hub=3,8,5,4,0,6,7,1,
#moving_targetting_pos=16,6|26,26|16,26|16,16|6,6|26,6|26,16|6,16|
#setting_targetting_pos=-1,-1|-1,-1|-1,-1|-1,-1|-1,-1|-1,-1|-1,-1|-1,-1|
........
#1111111111111111111
#assigned_pet=-1,-1,-1,-1,-1,-1,-1,-1,
#assigned_hub=3,8,5,4,0,6,7,1,
#moving_targetting_pos=16,6|26,26|16,26|16,16|6,6|26,6|26,16|6,16|
#setting_targetting_pos=-1,-1|-1,-1|-1,-1|-1,-1|-1,-1|-1,-1|-1,-1|-1,-1|
........
#1111111111111111111
#assigned_pet=-1,-1,-1,-1,-1,-1,-1,-1,
#assigned_hub=3,8,5,4,0,6,7,1,
#moving_targetting_pos=16,6|26,26|16,26|16,16|6,6|26,6|26,16|6,16|
#setting_targetting_pos=-1,-1|-1,-1|-1,-1|-1,-1|-1,-1|-1,-1|-1,-1|-1,-1|
........
#1111111111111111111
#assigned_pet=-1,-1,-1,-1,-1,-1,-1,-1,
#assigned_hub=3,8,5,4,0,6,7,1,
#moving_targetting_pos=16,6|26,26|16,26|16,16|6,6|26,6|26,16|6,16|
#setting_targetting_pos=-1,-1|-1,-1|-1,-1|-1,-1|-1,-1|-1,-1|-1,-1|-1,-1|
........
#1111111111111111111
#assigned_pet=-1,-1,-1,-1,-1,-1,-1,-1,
#assigned_hub=3,8,5,4,0,6,7,1,
#moving_targetting_pos=16,6|26,26|16,26|16,16|6,6|26,6|26,16|6,16|
#setting_targetting_pos=-1,-1|-1,-1|-1,-1|-1,-1|-1,-1|-1,-1|-1,-1|-1,-1|
........
#1111111111111111111
#assigned_pet=-1,-1,-1,-1,-1,-1,-1,-1,
#assigned_hub=3,8,5,4,0,6,7,1,
#moving_targetting_pos=16,6|26,26|16,26|16,16|6,6|26,6|26,16|6,16|
#setting_targetting_pos=-1,-1|-1,-1|-1,-1|-1,-1|-1,-1|-1,-1|-1,-1|-1,-1|
........
#1111111111111111111
#assigned_pet=-1,-1,-1,-1,-1,-1,-1,-1,
#assigned_hub=3,8,5,4,0,6,7,1,
#moving_targetting_pos=16,6|26,26|16,26|16,16|6,6|26,6|26,16|6,16|
#setting_targetting_pos=-1,-1|-1,-1|-1,-1|-1,-1|-1,-1|-1,-1|-1,-1|-1,-1|
........
#1111111111111111111
#assigned_pet=-1,-1,-1,-1,-1,-1,-1,-1,
#assigned_hub=3,8,5,4,0,6,7,1,
#moving_targetting_pos=16,6|26,26|16,26|16,16|6,6|26,6|26,16|6,16|
#setting_targetting_pos=-1,-1|-1,-1|-1,-1|-1,-1|-1,-1|-1,-1|-1,-1|-1,-1|
........
#1111111111111111111
#assigned_pet=-1,-1,-1,-1,-1,-1,-1,-1,
#assigned_hub=3,8,5,4,0,6,7,1,
#moving_targetting_pos=16,6|26,26|16,26|16,16|6,6|26,6|26,16|6,16|
#setting_targetting_pos=-1,-1|-1,-1|-1,-1|-1,-1|-1,-1|-1,-1|-1,-1|-1,-1|
........
#1111111111111111111
#assigned_pet=-1,-1,-1,-1,-1,-1,-1,-1,
#assigned_hub=3,8,5,4,0,6,7,1,
#moving_targetting_pos=16,6|26,26|16,26|16,16|6,6|26,6|26,16|6,16|
#setting_targetting_pos=-1,-1|-1,-1|-1,-1|-1,-1|-1,-1|-1,-1|-1,-1|-1,-1|
........
#1111111111111111111
#assigned_pet=-1,-1,-1,-1,-1,-1,-1,-1,
#assigned_hub=3,8,5,4,0,6,7,1,
#moving_targetting_pos=16,6|26,26|16,26|16,16|6,6|26,6|26,16|6,16|
#setting_targetting_pos=-1,-1|-1,-1|-1,-1|-1,-1|-1,-1|-1,-1|-1,-1|-1,-1|
........
#1111111111111111111
#assigned_pet=-1,-1,-1,-1,-1,-1,-1,-1,
#assigned_hub=3,8,5,4,0,6,7,1,
#moving_targetting_pos=16,6|26,26|16,26|16,16|6,6|26,6|26,16|6,16|
#setting_targetting_pos=-1,-1|-1,-1|-1,-1|-1,-1|-1,-1|-1,-1|-1,-1|-1,-1|
........
#1111111111111111111
#assigned_pet=-1,-1,-1,-1,-1,-1,-1,-1,
#assigned_hub=3,8,5,4,0,6,7,1,
#moving_targetting_pos=16,6|26,26|16,26|16,16|6,6|26,6|26,16|6,16|
#setting_targetting_pos=-1,-1|-1,-1|-1,-1|-1,-1|-1,-1|-1,-1|-1,-1|-1,-1|
........
#1111111111111111111
#assigned_pet=-1,-1,-1,-1,-1,-1,-1,-1,
#assigned_hub=3,8,5,4,0,6,7,1,
#moving_targetting_pos=16,6|26,26|16,26|16,16|6,6|26,6|26,16|6,16|
#setting_targetting_pos=-1,-1|-1,-1|-1,-1|-1,-1|-1,-1|-1,-1|-1,-1|-1,-1|
........
#1111111111111111111
#assigned_pet=-1,-1,-1,-1,-1,-1,-1,-1,
#assigned_hub=3,8,5,4,0,6,7,1,
#moving_targetting_pos=16,6|26,26|16,26|16,16|6,6|26,6|26,16|6,16|
#setting_targetting_pos=-1,-1|-1,-1|-1,-1|-1,-1|-1,-1|-1,-1|-1,-1|-1,-1|
........
#1111111111111111111
#assigned_pet=-1,-1,-1,-1,-1,-1,-1,-1,
#assigned_hub=3,8,5,4,0,6,7,1,
#moving_targetting_pos=16,6|26,26|16,26|16,16|6,6|26,6|26,16|6,16|
#setting_targetting_pos=-1,-1|-1,-1|-1,-1|-1,-1|-1,-1|-1,-1|-1,-1|-1,-1|
........
#1111111111111111111
#assigned_pet=-1,-1,-1,-1,-1,-1,-1,-1,
#assigned_hub=3,8,5,4,0,6,7,1,
#moving_targetting_pos=16,6|26,26|16,26|16,16|6,6|26,6|26,16|6,16|
#setting_targetting_pos=-1,-1|-1,-1|-1,-1|-1,-1|-1,-1|-1,-1|-1,-1|-1,-1|
........
#1111111111111111111
#assigned_pet=-1,-1,-1,-1,-1,-1,-1,-1,
#assigned_hub=3,8,5,4,0,6,7,1,
#moving_targetting_pos=16,6|26,26|16,26|16,16|6,6|26,6|26,16|6,16|
#setting_targetting_pos=-1,-1|-1,-1|-1,-1|-1,-1|-1,-1|-1,-1|-1,-1|-1,-1|
........
#1111111111111111111
#assigned_pet=-1,-1,-1,-1,-1,-1,-1,-1,
#assigned_hub=3,8,5,4,0,6,7,1,
#moving_targetting_pos=16,6|26,26|16,26|16,16|6,6|26,6|26,16|6,16|
#setting_targetting_pos=-1,-1|-1,-1|-1,-1|-1,-1|-1,-1|-1,-1|-1,-1|-1,-1|
........
#1111111111111111111
#assigned_pet=-1,-1,-1,-1,-1,-1,-1,-1,
#assigned_hub=3,8,5,4,0,6,7,1,
#moving_targetting_pos=16,6|26,26|16,26|16,16|6,6|26,6|26,16|6,16|
#setting_targetting_pos=-1,-1|-1,-1|-1,-1|-1,-1|-1,-1|-1,-1|-1,-1|-1,-1|
........
#1111111111111111111
#assigned_pet=-1,-1,-1,-1,-1,-1,-1,-1,
#assigned_hub=3,8,5,4,0,6,7,1,
#moving_targetting_pos=16,6|26,26|16,26|16,16|6,6|26,6|26,16|6,16|
#setting_targetting_pos=-1,-1|-1,-1|-1,-1|-1,-1|-1,-1|-1,-1|-1,-1|-1,-1|
........
#1111111111111111111
#assigned_pet=-1,-1,-1,-1,-1,-1,-1,-1,
#assigned_hub=3,8,5,4,0,6,7,1,
#moving_targetting_pos=16,6|26,26|16,26|16,16|6,6|26,6|26,16|6,16|
#setting_targetting_pos=-1,-1|-1,-1|-1,-1|-1,-1|-1,-1|-1,-1|-1,-1|-1,-1|
........
#1111111111111111111
#assigned_pet=-1,-1,-1,-1,-1,-1,-1,-1,
#assigned_hub=3,8,5,4,0,6,7,1,
#moving_targetting_pos=16,6|26,26|16,26|16,16|6,6|26,6|26,16|6,16|
#setting_targetting_pos=-1,-1|-1,-1|-1,-1|-1,-1|-1,-1|-1,-1|-1,-1|-1,-1|
........
#1111111111111111111
#assigned_pet=-1,-1,-1,-1,-1,-1,-1,-1,
#assigned_hub=3,8,5,4,0,6,7,1,
#moving_targetting_pos=16,6|26,26|16,26|16,16|6,6|26,6|26,16|6,16|
#setting_targetting_pos=-1,-1|-1,-1|-1,-1|-1,-1|-1,-1|-1,-1|-1,-1|-1,-1|
........
#1111111111111111111
#assigned_pet=-1,-1,-1,-1,-1,-1,-1,-1,
#assigned_hub=3,8,5,4,0,6,7,1,
#moving_targetting_pos=16,6|26,26|16,26|16,16|6,6|26,6|26,16|6,16|
#setting_targetting_pos=-1,-1|-1,-1|-1,-1|-1,-1|-1,-1|-1,-1|-1,-1|-1,-1|
........
#1111111111111111111
#assigned_pet=-1,-1,-1,-1,-1,-1,-1,-1,
#assigned_hub=3,8,5,4,0,6,7,1,
#moving_targetting_pos=16,6|26,26|16,26|16,16|6,6|26,6|26,16|6,16|
#setting_targetting_pos=-1,-1|-1,-1|-1,-1|-1,-1|-1,-1|-1,-1|-1,-1|-1,-1|
........
#1111111111111111111
#assigned_pet=-1,-1,-1,-1,-1,-1,-1,-1,
#assigned_hub=3,8,5,4,0,6,7,1,
#moving_targetting_pos=16,6|26,26|16,26|16,16|6,6|26,6|26,16|6,16|
#setting_targetting_pos=-1,-1|-1,-1|-1,-1|-1,-1|-1,-1|-1,-1|-1,-1|-1,-1|
........
#1111111111111111111
#assigned_pet=-1,-1,-1,-1,-1,-1,-1,-1,
#assigned_hub=3,8,5,4,0,6,7,1,
#moving_targetting_pos=16,6|26,26|16,26|16,16|6,6|26,6|26,16|6,16|
#setting_targetting_pos=-1,-1|-1,-1|-1,-1|-1,-1|-1,-1|-1,-1|-1,-1|-1,-1|
........
#1111111111111111111
#assigned_pet=-1,-1,-1,-1,-1,-1,-1,-1,
#assigned_hub=3,8,5,4,0,6,7,1,
#moving_targetting_pos=16,6|26,26|16,26|16,16|6,6|26,6|26,16|6,16|
#setting_targetting_pos=-1,-1|-1,-1|-1,-1|-1,-1|-1,-1|-1,-1|-1,-1|-1,-1|
........
#1111111111111111111
#assigned_pet=-1,-1,-1,-1,-1,-1,-1,-1,
#assigned_hub=3,8,5,4,0,6,7,1,
#moving_targetting_pos=16,6|26,26|16,26|16,16|6,6|26,6|26,16|6,16|
#setting_targetting_pos=-1,-1|-1,-1|-1,-1|-1,-1|-1,-1|-1,-1|-1,-1|-1,-1|
........
#1111111111111111111
#assigned_pet=-1,-1,-1,-1,-1,-1,-1,-1,
#assigned_hub=3,8,5,4,0,6,7,1,
#moving_targetting_pos=16,6|26,26|16,26|16,16|6,6|26,6|26,16|6,16|
#setting_targetting_pos=-1,-1|-1,-1|-1,-1|-1,-1|-1,-1|-1,-1|-1,-1|-1,-1|
........
#1111111111111111111
#assigned_pet=-1,-1,-1,-1,-1,-1,-1,-1,
#assigned_hub=3,8,5,4,0,6,7,1,
#moving_targetting_pos=16,6|26,26|16,26|16,16|6,6|26,6|26,16|6,16|
#setting_targetting_pos=-1,-1|-1,-1|-1,-1|-1,-1|-1,-1|-1,-1|-1,-1|-1,-1|
........
#1111111111111111111
#assigned_pet=-1,-1,-1,-1,-1,-1,-1,-1,
#assigned_hub=3,8,5,4,0,6,7,1,
#moving_targetting_pos=16,6|26,26|16,26|16,16|6,6|26,6|26,16|6,16|
#setting_targetting_pos=-1,-1|-1,-1|-1,-1|-1,-1|-1,-1|-1,-1|-1,-1|-1,-1|
........
#1111111111111111111
#assigned_pet=-1,-1,-1,-1,-1,-1,-1,-1,
#assigned_hub=3,8,5,4,0,6,7,1,
#moving_targetting_pos=16,6|26,26|16,26|16,16|6,6|26,6|26,16|6,16|
#setting_targetting_pos=-1,-1|-1,-1|-1,-1|-1,-1|-1,-1|-1,-1|-1,-1|-1,-1|
........
#1111111111111111111
#assigned_pet=-1,-1,-1,-1,-1,-1,-1,-1,
#assigned_hub=3,8,5,4,0,6,7,1,
#moving_targetting_pos=16,6|26,26|16,26|16,16|6,6|26,6|26,16|6,16|
#setting_targetting_pos=-1,-1|-1,-1|-1,-1|-1,-1|-1,-1|-1,-1|-1,-1|-1,-1|
........
#1111111111111111111
#assigned_pet=-1,-1,-1,-1,-1,-1,-1,-1,
#assigned_hub=3,8,5,4,0,6,7,1,
#moving_targetting_pos=16,6|26,26|16,26|16,16|6,6|26,6|26,16|6,16|
#setting_targetting_pos=-1,-1|-1,-1|-1,-1|-1,-1|-1,-1|-1,-1|-1,-1|-1,-1|
........
#1111111111111111111
#assigned_pet=-1,-1,-1,-1,-1,-1,-1,-1,
#assigned_hub=3,8,5,4,0,6,7,1,
#moving_targetting_pos=16,6|26,26|16,26|16,16|6,6|26,6|26,16|6,16|
#setting_targetting_pos=-1,-1|-1,-1|-1,-1|-1,-1|-1,-1|-1,-1|-1,-1|-1,-1|
........
#1111111111111111111
#assigned_pet=-1,-1,-1,-1,-1,-1,-1,-1,
#assigned_hub=3,8,5,4,0,6,7,1,
#moving_targetting_pos=16,6|26,26|16,26|16,16|6,6|26,6|26,16|6,16|
#setting_targetting_pos=-1,-1|-1,-1|-1,-1|-1,-1|-1,-1|-1,-1|-1,-1|-1,-1|
........
#1111111111111111111
#assigned_pet=-1,-1,-1,-1,-1,-1,-1,-1,
#assigned_hub=3,8,5,4,0,6,7,1,
#moving_targetting_pos=16,6|26,26|16,26|16,16|6,6|26,6|26,16|6,16|
#setting_targetting_pos=-1,-1|-1,-1|-1,-1|-1,-1|-1,-1|-1,-1|-1,-1|-1,-1|
........
#1111111111111111111
#assigned_pet=-1,-1,-1,-1,-1,-1,-1,-1,
#assigned_hub=3,8,5,4,0,6,7,1,
#moving_targetting_pos=16,6|26,26|16,26|16,16|6,6|26,6|26,16|6,16|
#setting_targetting_pos=-1,-1|-1,-1|-1,-1|-1,-1|-1,-1|-1,-1|-1,-1|-1,-1|
........
#1111111111111111111
#assigned_pet=-1,-1,-1,-1,-1,-1,-1,-1,
#assigned_hub=3,8,5,4,0,6,7,1,
#moving_targetting_pos=16,6|26,26|16,26|16,16|6,6|26,6|26,16|6,16|
#setting_targetting_pos=-1,-1|-1,-1|-1,-1|-1,-1|-1,-1|-1,-1|-1,-1|-1,-1|
........
#1111111111111111111
#assigned_pet=-1,-1,-1,-1,-1,-1,-1,-1,
#assigned_hub=3,8,5,4,0,6,7,1,
#moving_targetting_pos=16,6|26,26|16,26|16,16|6,6|26,6|26,16|6,16|
#setting_targetting_pos=-1,-1|-1,-1|-1,-1|-1,-1|-1,-1|-1,-1|-1,-1|-1,-1|
........
#1111111111111111111
#assigned_pet=-1,-1,-1,-1,-1,-1,-1,-1,
#assigned_hub=3,8,5,4,0,6,7,1,
#moving_targetting_pos=16,6|26,26|16,26|16,16|6,6|26,6|26,16|6,16|
#setting_targetting_pos=-1,-1|-1,-1|-1,-1|-1,-1|-1,-1|-1,-1|-1,-1|-1,-1|
........
#1111111111111111111
#assigned_pet=-1,-1,-1,-1,-1,-1,-1,-1,
#assigned_hub=3,8,5,4,0,6,7,1,
#moving_targetting_pos=16,6|26,26|16,26|16,16|6,6|26,6|26,16|6,16|
#setting_targetting_pos=-1,-1|-1,-1|-1,-1|-1,-1|-1,-1|-1,-1|-1,-1|-1,-1|
........
#1111111111111111111
#assigned_pet=-1,-1,-1,-1,-1,-1,-1,-1,
#assigned_hub=3,8,5,4,0,6,7,1,
#moving_targetting_pos=16,6|26,26|16,26|16,16|6,6|26,6|26,16|6,16|
#setting_targetting_pos=-1,-1|-1,-1|-1,-1|-1,-1|-1,-1|-1,-1|-1,-1|-1,-1|
........
#1111111111111111111
#assigned_pet=-1,-1,-1,-1,-1,-1,-1,-1,
#assigned_hub=3,8,5,4,0,6,7,1,
#moving_targetting_pos=16,6|26,26|16,26|16,16|6,6|26,6|26,16|6,16|
#setting_targetting_pos=-1,-1|-1,-1|-1,-1|-1,-1|-1,-1|-1,-1|-1,-1|-1,-1|
........
#1111111111111111111
#assigned_pet=-1,-1,-1,-1,-1,-1,-1,-1,
#assigned_hub=3,8,5,4,0,6,7,1,
#moving_targetting_pos=16,6|26,26|16,26|16,16|6,6|26,6|26,16|6,16|
#setting_targetting_pos=-1,-1|-1,-1|-1,-1|-1,-1|-1,-1|-1,-1|-1,-1|-1,-1|
........
#1111111111111111111
#assigned_pet=-1,-1,-1,-1,-1,-1,-1,-1,
#assigned_hub=3,8,5,4,0,6,7,1,
#moving_targetting_pos=16,6|26,26|16,26|16,16|6,6|26,6|26,16|6,16|
#setting_targetting_pos=-1,-1|-1,-1|-1,-1|-1,-1|-1,-1|-1,-1|-1,-1|-1,-1|
........
#1111111111111111111
#assigned_pet=-1,-1,-1,-1,-1,-1,-1,-1,
#assigned_hub=3,8,5,4,0,6,7,1,
#moving_targetting_pos=16,6|26,26|16,26|16,16|6,6|26,6|26,16|6,16|
#setting_targetting_pos=-1,-1|-1,-1|-1,-1|-1,-1|-1,-1|-1,-1|-1,-1|-1,-1|
........
#1111111111111111111
#assigned_pet=-1,-1,-1,-1,-1,-1,-1,-1,
#assigned_hub=3,8,5,4,0,6,7,1,
#moving_targetting_pos=16,6|26,26|16,26|16,16|6,6|26,6|26,16|6,16|
#setting_targetting_pos=-1,-1|-1,-1|-1,-1|-1,-1|-1,-1|-1,-1|-1,-1|-1,-1|
........
#1111111111111111111
#assigned_pet=-1,-1,-1,-1,-1,-1,-1,-1,
#assigned_hub=3,8,5,4,0,6,7,1,
#moving_targetting_pos=16,6|26,26|16,26|16,16|6,6|26,6|26,16|6,16|
#setting_targetting_pos=-1,-1|-1,-1|-1,-1|-1,-1|-1,-1|-1,-1|-1,-1|-1,-1|
........
#1111111111111111111
#assigned_pet=-1,-1,-1,-1,-1,-1,-1,-1,
#assigned_hub=3,8,5,4,0,6,7,1,
#moving_targetting_pos=16,6|26,26|16,26|16,16|6,6|26,6|26,16|6,16|
#setting_targetting_pos=-1,-1|-1,-1|-1,-1|-1,-1|-1,-1|-1,-1|-1,-1|-1,-1|
........
#1111111111111111111
#assigned_pet=-1,-1,-1,-1,-1,-1,-1,-1,
#assigned_hub=3,8,5,4,0,6,7,1,
#moving_targetting_pos=16,6|26,26|16,26|16,16|6,6|26,6|26,16|6,16|
#setting_targetting_pos=-1,-1|-1,-1|-1,-1|-1,-1|-1,-1|-1,-1|-1,-1|-1,-1|
........
#1111111111111111111
#assigned_pet=-1,-1,-1,-1,-1,-1,-1,-1,
#assigned_hub=3,8,5,4,0,6,7,1,
#moving_targetting_pos=16,6|26,26|16,26|16,16|6,6|26,6|26,16|6,16|
#setting_targetting_pos=-1,-1|-1,-1|-1,-1|-1,-1|-1,-1|-1,-1|-1,-1|-1,-1|
........
#1111111111111111111
#assigned_pet=-1,-1,-1,-1,-1,-1,-1,-1,
#assigned_hub=3,8,5,4,0,6,7,1,
#moving_targetting_pos=16,6|26,26|16,26|16,16|6,6|26,6|26,16|6,16|
#setting_targetting_pos=-1,-1|-1,-1|-1,-1|-1,-1|-1,-1|-1,-1|-1,-1|-1,-1|
........
#1111111111111111111
#assigned_pet=-1,-1,-1,-1,-1,-1,-1,-1,
#assigned_hub=3,8,5,4,0,6,7,1,
#moving_targetting_pos=16,6|26,26|16,26|16,16|6,6|26,6|26,16|6,16|
#setting_targetting_pos=-1,-1|-1,-1|-1,-1|-1,-1|-1,-1|-1,-1|-1,-1|-1,-1|
........
#1111111111111111111
#assigned_pet=-1,-1,-1,-1,-1,-1,-1,-1,
#assigned_hub=3,8,5,4,0,6,7,1,
#moving_targetting_pos=16,6|26,26|16,26|16,16|6,6|26,6|26,16|6,16|
#setting_targetting_pos=-1,-1|-1,-1|-1,-1|-1,-1|-1,-1|-1,-1|-1,-1|-1,-1|
........
#1111111111111111111
#assigned_pet=-1,-1,-1,-1,-1,-1,-1,-1,
#assigned_hub=3,8,5,4,0,6,7,1,
#moving_targetting_pos=16,6|26,26|16,26|16,16|6,6|26,6|26,16|6,16|
#setting_targetting_pos=-1,-1|-1,-1|-1,-1|-1,-1|-1,-1|-1,-1|-1,-1|-1,-1|
........
#1111111111111111111
#assigned_pet=-1,-1,-1,-1,-1,-1,-1,-1,
#assigned_hub=3,8,5,4,0,6,7,1,
#moving_targetting_pos=16,6|26,26|16,26|16,16|6,6|26,6|26,16|6,16|
#setting_targetting_pos=-1,-1|-1,-1|-1,-1|-1,-1|-1,-1|-1,-1|-1,-1|-1,-1|
........
#1111111111111111111
#assigned_pet=-1,-1,-1,-1,-1,-1,-1,-1,
#assigned_hub=3,8,5,4,0,6,7,1,
#moving_targetting_pos=16,6|26,26|16,26|16,16|6,6|26,6|26,16|6,16|
#setting_targetting_pos=-1,-1|-1,-1|-1,-1|-1,-1|-1,-1|-1,-1|-1,-1|-1,-1|
........
#1111111111111111111
#assigned_pet=-1,-1,-1,-1,-1,-1,-1,-1,
#assigned_hub=3,8,5,4,0,6,7,1,
#moving_targetting_pos=16,6|26,26|16,26|16,16|6,6|26,6|26,16|6,16|
#setting_targetting_pos=-1,-1|-1,-1|-1,-1|-1,-1|-1,-1|-1,-1|-1,-1|-1,-1|
........
#1111111111111111111
#assigned_pet=-1,-1,-1,-1,-1,-1,-1,-1,
#assigned_hub=3,8,5,4,0,6,7,1,
#moving_targetting_pos=16,6|26,26|16,26|16,16|6,6|26,6|26,16|6,16|
#setting_targetting_pos=-1,-1|-1,-1|-1,-1|-1,-1|-1,-1|-1,-1|-1,-1|-1,-1|
........
#1111111111111111111
#assigned_pet=-1,-1,-1,-1,-1,-1,-1,-1,
#assigned_hub=3,8,5,4,0,6,7,1,
#moving_targetting_pos=16,6|26,26|16,26|16,16|6,6|26,6|26,16|6,16|
#setting_targetting_pos=-1,-1|-1,-1|-1,-1|-1,-1|-1,-1|-1,-1|-1,-1|-1,-1|
........
#1111111111111111111
#assigned_pet=-1,-1,-1,-1,-1,-1,-1,-1,
#assigned_hub=3,8,5,4,0,6,7,1,
#moving_targetting_pos=16,6|26,26|16,26|16,16|6,6|26,6|26,16|6,16|
#setting_targetting_pos=-1,-1|-1,-1|-1,-1|-1,-1|-1,-1|-1,-1|-1,-1|-1,-1|
........
#1111111111111111111
#assigned_pet=-1,-1,-1,-1,-1,-1,-1,-1,
#assigned_hub=3,8,5,4,0,6,7,1,
#moving_targetting_pos=16,6|26,26|16,26|16,16|6,6|26,6|26,16|6,16|
#setting_targetting_pos=-1,-1|-1,-1|-1,-1|-1,-1|-1,-1|-1,-1|-1,-1|-1,-1|
........
#1111111111111111111
#assigned_pet=-1,-1,-1,-1,-1,-1,-1,-1,
#assigned_hub=3,8,5,4,0,6,7,1,
#moving_targetting_pos=16,6|26,26|16,26|16,16|6,6|26,6|26,16|6,16|
#setting_targetting_pos=-1,-1|-1,-1|-1,-1|-1,-1|-1,-1|-1,-1|-1,-1|-1,-1|
........
#1111111111111111111
#assigned_pet=-1,-1,-1,-1,-1,-1,-1,-1,
#assigned_hub=3,8,5,4,0,6,7,1,
#moving_targetting_pos=16,6|26,26|16,26|16,16|6,6|26,6|26,16|6,16|
#setting_targetting_pos=-1,-1|-1,-1|-1,-1|-1,-1|-1,-1|-1,-1|-1,-1|-1,-1|
........
#1111111111111111111
#assigned_pet=-1,-1,-1,-1,-1,-1,-1,-1,
#assigned_hub=3,8,5,4,0,6,7,1,
#moving_targetting_pos=16,6|26,26|16,26|16,16|6,6|26,6|26,16|6,16|
#setting_targetting_pos=-1,-1|-1,-1|-1,-1|-1,-1|-1,-1|-1,-1|-1,-1|-1,-1|
........
#1111111111111111111
#assigned_pet=-1,-1,-1,-1,-1,-1,-1,-1,
#assigned_hub=3,8,5,4,0,6,7,1,
#moving_targetting_pos=16,6|26,26|16,26|16,16|6,6|26,6|26,16|6,16|
#setting_targetting_pos=-1,-1|-1,-1|-1,-1|-1,-1|-1,-1|-1,-1|-1,-1|-1,-1|
........
#1111111111111111111
#assigned_pet=-1,-1,-1,-1,-1,-1,-1,-1,
#assigned_hub=3,8,5,4,0,6,7,1,
#moving_targetting_pos=16,6|26,26|16,26|16,16|6,6|26,6|26,16|6,16|
#setting_targetting_pos=-1,-1|-1,-1|-1,-1|-1,-1|-1,-1|-1,-1|-1,-1|-1,-1|
........
#1111111111111111111
#assigned_pet=-1,-1,-1,-1,-1,-1,-1,-1,
#assigned_hub=3,8,5,4,0,6,7,1,
#moving_targetting_pos=16,6|26,26|16,26|16,16|6,6|26,6|26,16|6,16|
#setting_targetting_pos=-1,-1|-1,-1|-1,-1|-1,-1|-1,-1|-1,-1|-1,-1|-1,-1|
........
#1111111111111111111
#assigned_pet=-1,-1,-1,-1,-1,-1,-1,-1,
#assigned_hub=3,8,5,4,0,6,7,1,
#moving_targetting_pos=16,6|26,26|16,26|16,16|6,6|26,6|26,16|6,16|
#setting_targetting_pos=-1,-1|-1,-1|-1,-1|-1,-1|-1,-1|-1,-1|-1,-1|-1,-1|
........
#1111111111111111111
#assigned_pet=-1,-1,-1,-1,-1,-1,-1,-1,
#assigned_hub=3,8,5,4,0,6,7,1,
#moving_targetting_pos=16,6|26,26|16,26|16,16|6,6|26,6|26,16|6,16|
#setting_targetting_pos=-1,-1|-1,-1|-1,-1|-1,-1|-1,-1|-1,-1|-1,-1|-1,-1|
........
#1111111111111111111
#assigned_pet=-1,-1,-1,-1,-1,-1,-1,-1,
#assigned_hub=3,8,5,4,0,6,7,1,
#moving_targetting_pos=16,6|26,26|16,26|16,16|6,6|26,6|26,16|6,16|
#setting_targetting_pos=-1,-1|-1,-1|-1,-1|-1,-1|-1,-1|-1,-1|-1,-1|-1,-1|
........
#1111111111111111111
#assigned_pet=-1,-1,-1,-1,-1,-1,-1,-1,
#assigned_hub=3,8,5,4,0,6,7,1,
#moving_targetting_pos=16,6|26,26|16,26|16,16|6,6|26,6|26,16|6,16|
#setting_targetting_pos=-1,-1|-1,-1|-1,-1|-1,-1|-1,-1|-1,-1|-1,-1|-1,-1|
........
#1111111111111111111
#assigned_pet=-1,-1,-1,-1,-1,-1,-1,-1,
#assigned_hub=3,8,5,4,0,6,7,1,
#moving_targetting_pos=16,6|26,26|16,26|16,16|6,6|26,6|26,16|6,16|
#setting_targetting_pos=-1,-1|-1,-1|-1,-1|-1,-1|-1,-1|-1,-1|-1,-1|-1,-1|
........
#1111111111111111111
#assigned_pet=-1,-1,-1,-1,-1,-1,-1,-1,
#assigned_hub=3,8,5,4,0,6,7,1,
#moving_targetting_pos=16,6|26,26|16,26|16,16|6,6|26,6|26,16|6,16|
#setting_targetting_pos=-1,-1|-1,-1|-1,-1|-1,-1|-1,-1|-1,-1|-1,-1|-1,-1|
........
#1111111111111111111
#assigned_pet=-1,-1,-1,-1,-1,-1,-1,-1,
#assigned_hub=3,8,5,4,0,6,7,1,
#moving_targetting_pos=16,6|26,26|16,26|16,16|6,6|26,6|26,16|6,16|
#setting_targetting_pos=-1,-1|-1,-1|-1,-1|-1,-1|-1,-1|-1,-1|-1,-1|-1,-1|
........
#1111111111111111111
#assigned_pet=-1,-1,-1,-1,-1,-1,-1,-1,
#assigned_hub=3,8,5,4,0,6,7,1,
#moving_targetting_pos=16,6|26,26|16,26|16,16|6,6|26,6|26,16|6,16|
#setting_targetting_pos=-1,-1|-1,-1|-1,-1|-1,-1|-1,-1|-1,-1|-1,-1|-1,-1|
........
#1111111111111111111
#assigned_pet=-1,-1,-1,-1,-1,-1,-1,-1,
#assigned_hub=3,8,5,4,0,6,7,1,
#moving_targetting_pos=16,6|26,26|16,26|16,16|6,6|26,6|26,16|6,16|
#setting_targetting_pos=-1,-1|-1,-1|-1,-1|-1,-1|-1,-1|-1,-1|-1,-1|-1,-1|
........
#1111111111111111111
#assigned_pet=-1,-1,-1,-1,-1,-1,-1,-1,
#assigned_hub=3,8,5,4,0,6,7,1,
#moving_targetting_pos=16,6|26,26|16,26|16,16|6,6|26,6|26,16|6,16|
#setting_targetting_pos=-1,-1|-1,-1|-1,-1|-1,-1|-1,-1|-1,-1|-1,-1|-1,-1|
........
#1111111111111111111
#assigned_pet=-1,-1,-1,-1,-1,-1,-1,-1,
#assigned_hub=3,8,5,4,0,6,7,1,
#moving_targetting_pos=16,6|26,26|16,26|16,16|6,6|26,6|26,16|6,16|
#setting_targetting_pos=-1,-1|-1,-1|-1,-1|-1,-1|-1,-1|-1,-1|-1,-1|-1,-1|
........
#1111111111111111111
#assigned_pet=-1,-1,-1,-1,-1,-1,-1,-1,
#assigned_hub=3,8,5,4,0,6,7,1,
#moving_targetting_pos=16,6|26,26|16,26|16,16|6,6|26,6|26,16|6,16|
#setting_targetting_pos=-1,-1|-1,-1|-1,-1|-1,-1|-1,-1|-1,-1|-1,-1|-1,-1|
........
#1111111111111111111
#assigned_pet=-1,-1,-1,-1,-1,-1,-1,-1,
#assigned_hub=3,8,5,4,0,6,7,1,
#moving_targetting_pos=16,6|26,26|16,26|16,16|6,6|26,6|26,16|6,16|
#setting_targetting_pos=-1,-1|-1,-1|-1,-1|-1,-1|-1,-1|-1,-1|-1,-1|-1,-1|
........
#1111111111111111111
#assigned_pet=-1,-1,-1,-1,-1,-1,-1,-1,
#assigned_hub=3,8,5,4,0,6,7,1,
#moving_targetting_pos=16,6|26,26|16,26|16,16|6,6|26,6|26,16|6,16|
#setting_targetting_pos=-1,-1|-1,-1|-1,-1|-1,-1|-1,-1|-1,-1|-1,-1|-1,-1|
........
#1111111111111111111
#assigned_pet=-1,-1,-1,-1,-1,-1,-1,-1,
#assigned_hub=3,8,5,4,0,6,7,1,
#moving_targetting_pos=16,6|26,26|16,26|16,16|6,6|26,6|26,16|6,16|
#setting_targetting_pos=-1,-1|-1,-1|-1,-1|-1,-1|-1,-1|-1,-1|-1,-1|-1,-1|
........
#1111111111111111111
#assigned_pet=-1,-1,-1,-1,-1,-1,-1,-1,
#assigned_hub=3,8,5,4,0,6,7,1,
#moving_targetting_pos=16,6|26,26|16,26|16,16|6,6|26,6|26,16|6,16|
#setting_targetting_pos=-1,-1|-1,-1|-1,-1|-1,-1|-1,-1|-1,-1|-1,-1|-1,-1|
........
#1111111111111111111
#assigned_pet=-1,-1,-1,-1,-1,-1,-1,-1,
#assigned_hub=3,8,5,4,0,6,7,1,
#moving_targetting_pos=16,6|26,26|16,26|16,16|6,6|26,6|26,16|6,16|
#setting_targetting_pos=-1,-1|-1,-1|-1,-1|-1,-1|-1,-1|-1,-1|-1,-1|-1,-1|
........
#1111111111111111111
#assigned_pet=-1,-1,-1,-1,-1,-1,-1,-1,
#assigned_hub=3,8,5,4,0,6,7,1,
#moving_targetting_pos=16,6|26,26|16,26|16,16|6,6|26,6|26,16|6,16|
#setting_targetting_pos=-1,-1|-1,-1|-1,-1|-1,-1|-1,-1|-1,-1|-1,-1|-1,-1|
........
#1111111111111111111
#assigned_pet=-1,-1,-1,-1,-1,-1,-1,-1,
#assigned_hub=3,8,5,4,0,6,7,1,
#moving_targetting_pos=16,6|26,26|16,26|16,16|6,6|26,6|26,16|6,16|
#setting_targetting_pos=-1,-1|-1,-1|-1,-1|-1,-1|-1,-1|-1,-1|-1,-1|-1,-1|
........
#1111111111111111111
#assigned_pet=-1,-1,-1,-1,-1,-1,-1,-1,
#assigned_hub=3,8,5,4,0,6,7,1,
#moving_targetting_pos=16,6|26,26|16,26|16,16|6,6|26,6|26,16|6,16|
#setting_targetting_pos=-1,-1|-1,-1|-1,-1|-1,-1|-1,-1|-1,-1|-1,-1|-1,-1|
........
#1111111111111111111
#assigned_pet=-1,-1,-1,-1,-1,-1,-1,-1,
#assigned_hub=3,8,5,4,0,6,7,1,
#moving_targetting_pos=16,6|26,26|16,26|16,16|6,6|26,6|26,16|6,16|
#setting_targetting_pos=-1,-1|-1,-1|-1,-1|-1,-1|-1,-1|-1,-1|-1,-1|-1,-1|
........
#1111111111111111111
#assigned_pet=-1,-1,-1,-1,-1,-1,-1,-1,
#assigned_hub=3,8,5,4,0,6,7,1,
#moving_targetting_pos=16,6|26,26|16,26|16,16|6,6|26,6|26,16|6,16|
#setting_targetting_pos=-1,-1|-1,-1|-1,-1|-1,-1|-1,-1|-1,-1|-1,-1|-1,-1|
........
#1111111111111111111
#assigned_pet=-1,-1,-1,-1,-1,-1,-1,-1,
#assigned_hub=3,8,5,4,0,6,7,1,
#moving_targetting_pos=16,6|26,26|16,26|16,16|6,6|26,6|26,16|6,16|
#setting_targetting_pos=-1,-1|-1,-1|-1,-1|-1,-1|-1,-1|-1,-1|-1,-1|-1,-1|
........
#1111111111111111111
#assigned_pet=-1,-1,-1,-1,-1,-1,-1,-1,
#assigned_hub=3,8,5,4,0,6,7,1,
#moving_targetting_pos=16,6|26,26|16,26|16,16|6,6|26,6|26,16|6,16|
#setting_targetting_pos=-1,-1|-1,-1|-1,-1|-1,-1|-1,-1|-1,-1|-1,-1|-1,-1|
........
