#00000000000000000
#assigned_pet=-1,-1,-1,-1,-1,-1,-1,-1,-1,-1,
#assigned_hub=-1,-1,-1,-1,-1,-1,-1,-1,-1,7,
#moving_targetting_pos=2,1|9,30|19,2|25,1|22,1|15,1|5,1|12,1|29,30|26,16|
#setting_targetting_pos=2,29|9,2|19,30|25,30|22,29|15,30|5,30|12,29|29,2|0,0|
#type=1,1,1,1,1,1,1,1,1,3,
LRLLLLLLRL
#00000000000000000
#assigned_pet=-1,-1,-1,-1,-1,-1,-1,-1,-1,10,
#assigned_hub=-1,-1,-1,-1,-1,-1,-1,-1,-1,7,
#moving_targetting_pos=2,1|9,30|19,2|25,1|22,1|15,1|5,1|12,1|29,30|-1,-1|
#setting_targetting_pos=2,29|9,2|19,30|25,30|22,29|15,30|5,30|12,29|29,2|27,18|
#type=1,1,1,1,1,1,1,1,1,4,
LRLLLLLLRR
#00000000000000000
#assigned_pet=-1,-1,-1,-1,-1,-1,-1,-1,-1,3,
#assigned_hub=-1,-1,-1,-1,-1,-1,-1,-1,-1,7,
#moving_targetting_pos=2,1|9,30|19,2|25,1|22,1|15,1|5,1|12,1|29,30|-1,-1|
#setting_targetting_pos=2,29|9,2|19,30|25,30|22,29|15,30|5,30|12,29|29,2|24,15|
#type=1,1,1,1,1,1,1,1,1,4,
LRDLLLLLRL
#00000000000000000
#assigned_pet=-1,-1,-1,-1,-1,-1,-1,-1,-1,3,
#assigned_hub=-1,-1,-1,-1,-1,-1,-1,-1,-1,7,
#moving_targetting_pos=2,1|9,30|19,2|25,1|22,1|15,1|5,1|12,1|29,30|-1,-1|
#setting_targetting_pos=2,29|9,2|19,30|25,30|22,29|15,30|5,30|12,29|29,2|25,14|
#type=1,1,1,1,1,1,1,1,1,4,
LRDLLLLURL
#00000000000000000
#assigned_pet=-1,-1,-1,-1,-1,-1,-1,-1,-1,10,
#assigned_hub=-1,-1,-1,-1,-1,-1,-1,-1,-1,7,
#moving_targetting_pos=2,1|9,30|19,2|25,1|22,1|15,1|5,1|12,1|29,30|-1,-1|
#setting_targetting_pos=2,29|9,2|19,30|25,30|22,29|15,30|5,30|12,29|29,2|25,18|
#type=1,1,2,1,1,1,1,1,1,4,
LRdLLULURR
#00000000000000000
#assigned_pet=-1,-1,-1,-1,-1,-1,-1,-1,-1,3,
#assigned_hub=-1,-1,-1,-1,-1,-1,-1,-1,-1,7,
#moving_targetting_pos=2,1|9,30|19,2|25,1|22,1|15,1|5,1|12,1|29,30|-1,-1|
#setting_targetting_pos=2,29|9,2|19,30|25,30|22,29|15,30|5,30|12,29|29,2|25,14|
#type=1,1,2,1,1,1,1,1,1,4,
LRRLLULUDL
#00000000000000000
#assigned_pet=-1,-1,-1,-1,-1,-1,-1,-1,-1,10,
#assigned_hub=-1,-1,-1,-1,-1,-1,-1,-1,-1,7,
#moving_targetting_pos=2,1|9,30|19,2|25,1|22,1|15,1|5,1|12,1|29,30|-1,-1|
#setting_targetting_pos=2,29|9,2|19,30|25,30|22,29|15,30|5,30|12,29|29,2|27,18|
#type=1,1,2,1,1,1,1,2,1,4,
LRRLLULuDR
#00000000000000000
#assigned_pet=-1,-1,-1,-1,-1,-1,-1,-1,-1,10,
#assigned_hub=-1,-1,-1,-1,-1,-1,-1,-1,-1,7,
#moving_targetting_pos=2,1|9,30|19,2|25,1|22,1|15,1|5,1|12,1|29,30|-1,-1|
#setting_targetting_pos=2,29|9,2|19,30|25,30|22,29|15,30|5,30|12,29|29,2|26,17|
#type=1,1,2,1,2,2,1,2,1,4,
LRlLudURDR
#00000000000000000
#assigned_pet=-1,-1,-1,-1,-1,-1,-1,-1,-1,10,
#assigned_hub=-1,-1,-1,-1,-1,-1,-1,-1,-1,7,
#moving_targetting_pos=2,1|9,30|19,2|25,1|22,1|15,1|5,1|12,1|29,30|-1,-1|
#setting_targetting_pos=2,29|9,2|19,30|25,30|22,29|15,30|5,30|12,29|29,2|27,16|
#type=1,1,2,1,2,2,2,2,2,4,
LRuDRRdRdL
#00000000000000000
#assigned_pet=-1,-1,-1,-1,-1,-1,-1,-1,-1,10,
#assigned_hub=-1,-1,-1,-1,-1,-1,-1,-1,-1,7,
#moving_targetting_pos=2,1|9,30|19,2|25,1|22,1|15,1|5,1|12,1|29,30|-1,-1|
#setting_targetting_pos=2,29|9,2|19,30|25,30|22,29|15,30|5,30|12,29|29,2|27,16|
#type=2,1,2,2,2,2,2,2,2,4,
uRRdRdRlLD
#00000000000000000
#assigned_pet=-1,-1,-1,-1,-1,-1,-1,-1,-1,10,
#assigned_hub=-1,-1,-1,-1,-1,-1,-1,-1,-1,7,
#moving_targetting_pos=2,1|9,30|19,2|25,1|22,1|15,1|5,1|12,1|29,30|-1,-1|
#setting_targetting_pos=2,29|9,2|19,30|25,30|22,29|15,30|5,30|12,29|29,2|26,15|
#type=2,1,2,2,2,2,2,2,2,4,
RURRlRddLL
#00000000000000000
#assigned_pet=-1,-1,-1,-1,-1,-1,-1,-1,-1,10,
#assigned_hub=-1,-1,-1,-1,-1,-1,-1,-1,-1,7,
#moving_targetting_pos=2,1|9,30|19,2|25,1|22,1|15,1|5,1|12,1|29,30|-1,-1|
#setting_targetting_pos=2,29|9,2|19,30|25,30|22,29|15,30|5,30|12,29|29,2|26,15|
#type=2,2,2,2,2,2,2,2,2,4,
RdddddRRr.
#00000000000000000
#assigned_pet=-1,-1,-1,-1,-1,-1,-1,-1,-1,10,
#assigned_hub=-1,-1,-1,-1,-1,-1,-1,-1,-1,7,
#moving_targetting_pos=2,1|9,30|19,2|25,1|22,1|15,1|5,1|12,1|29,30|-1,-1|
#setting_targetting_pos=2,29|9,2|19,30|25,30|22,29|15,30|5,30|12,29|29,2|27,14|
#type=2,2,2,2,2,2,2,2,2,4,
lLRRRRdRuL
#00000000000000000
#assigned_pet=-1,-1,-1,-1,-1,-1,-1,-1,-1,3,
#assigned_hub=-1,-1,-1,-1,-1,-1,-1,-1,-1,7,
#moving_targetting_pos=2,1|9,30|19,2|25,1|22,1|15,1|5,1|12,1|29,30|-1,-1|
#setting_targetting_pos=2,29|9,2|19,30|25,30|22,29|15,30|5,30|12,29|29,2|24,15|
#type=2,2,2,2,2,2,2,2,2,4,
dL..RuRRLR
#00000000000000000
#assigned_pet=-1,-1,-1,-1,-1,-1,-1,-1,-1,3,
#assigned_hub=-1,-1,-1,-1,-1,-1,-1,-1,-1,7,
#moving_targetting_pos=2,1|9,30|19,2|25,1|22,1|15,1|5,1|12,1|29,30|-1,-1|
#setting_targetting_pos=2,29|9,2|19,30|25,30|22,29|15,30|5,30|12,29|29,2|25,14|
#type=2,2,2,2,2,2,2,2,2,4,
Rrl.RRudL.
#00000000000000000
#assigned_pet=-1,-1,-1,-1,-1,-1,-1,-1,-1,3,
#assigned_hub=-1,-1,-1,-1,-1,-1,-1,-1,-1,7,
#moving_targetting_pos=2,1|9,30|19,2|25,1|22,1|15,1|5,1|12,1|29,30|-1,-1|
#setting_targetting_pos=2,29|9,2|19,30|25,30|22,29|15,30|5,30|12,29|29,2|25,14|
#type=2,2,2,2,2,2,2,2,2,4,
RuRddRRud.
#00000000000000000
#assigned_pet=-1,-1,-1,-1,-1,-1,-1,-1,-1,3,
#assigned_hub=-1,-1,-1,-1,-1,-1,-1,-1,-1,7,
#moving_targetting_pos=2,1|9,30|19,2|25,1|22,1|15,1|5,1|12,1|29,30|-1,-1|
#setting_targetting_pos=2,29|9,2|19,30|25,30|22,29|15,30|5,30|12,29|29,2|25,16|
#type=2,2,2,2,2,2,2,2,2,4,
RL.RuRRRL.
#00000000000000000
#assigned_pet=-1,-1,-1,-1,-1,-1,-1,-1,-1,3,
#assigned_hub=-1,-1,-1,-1,-1,-1,-1,-1,-1,7,
#moving_targetting_pos=2,1|9,30|19,2|25,1|22,1|15,1|5,1|12,1|29,30|-1,-1|
#setting_targetting_pos=2,29|9,2|19,30|25,30|22,29|15,30|5,30|12,29|29,2|25,16|
#type=2,2,2,2,2,2,2,2,2,4,
uL.uRRRlr.
#00000000000000000
#assigned_pet=-1,-1,-1,-1,-1,-1,-1,-1,-1,3,
#assigned_hub=-1,-1,-1,-1,-1,-1,-1,-1,-1,7,
#moving_targetting_pos=2,1|9,30|19,2|25,1|22,1|15,1|5,1|12,1|29,30|-1,-1|
#setting_targetting_pos=2,29|9,2|19,30|25,30|22,29|15,30|5,30|12,29|29,2|24,17|
#type=2,2,2,2,2,2,2,2,2,4,
dd.RluRRLR
#00000000000000000
#assigned_pet=-1,-1,-1,-1,-1,-1,-1,-1,-1,3,
#assigned_hub=-1,-1,-1,-1,-1,-1,-1,-1,-1,7,
#moving_targetting_pos=2,1|9,30|19,2|25,1|22,1|15,1|5,1|12,1|29,30|-1,-1|
#setting_targetting_pos=2,29|9,2|19,30|25,30|22,29|15,30|5,30|12,29|29,2|24,17|
#type=2,2,2,2,2,2,2,2,2,4,
RLuRRRuRuR
#00000000000000000
#assigned_pet=-1,-1,-1,-1,-1,-1,-1,-1,-1,3,
#assigned_hub=-1,-1,-1,-1,-1,-1,-1,-1,-1,7,
#moving_targetting_pos=2,1|9,30|19,2|25,1|22,1|15,1|5,1|12,1|29,30|-1,-1|
#setting_targetting_pos=2,29|9,2|19,30|25,30|22,29|15,30|5,30|12,29|29,2|25,16|
#type=2,2,2,2,2,2,2,2,2,4,
.rRRR.RdL.
#00000000000000000
#assigned_pet=-1,-1,-1,-1,-1,-1,-1,-1,-1,3,
#assigned_hub=-1,-1,-1,-1,-1,-1,-1,-1,-1,7,
#moving_targetting_pos=2,1|9,30|19,2|25,1|22,1|15,1|5,1|12,1|29,30|-1,-1|
#setting_targetting_pos=2,29|9,2|19,30|25,30|22,29|15,30|5,30|12,29|29,2|26,17|
#type=2,2,2,2,2,2,2,2,2,4,
lLRRd.dRL.
#00000000000000000
#assigned_pet=-1,-1,-1,-1,-1,-1,-1,-1,-1,3,
#assigned_hub=-1,-1,-1,-1,-1,-1,-1,-1,-1,7,
#moving_targetting_pos=2,1|9,30|19,2|25,1|22,1|15,1|5,1|12,1|29,30|-1,-1|
#setting_targetting_pos=2,29|9,2|19,30|25,30|22,29|15,30|5,30|12,29|29,2|27,16|
#type=2,2,2,2,2,2,2,2,2,4,
R.l.RdRR.L
#00000000000000000
#assigned_pet=-1,-1,-1,-1,-1,-1,-1,-1,-1,3,
#assigned_hub=-1,-1,-1,-1,-1,-1,-1,-1,-1,7,
#moving_targetting_pos=2,1|9,30|19,2|25,1|22,1|15,1|5,1|12,1|29,30|-1,-1|
#setting_targetting_pos=2,29|9,2|19,30|25,30|22,29|15,30|5,30|12,29|29,2|26,15|
#type=2,2,2,2,2,2,2,2,2,4,
R.d.RRdlrL
#00000000000000000
#assigned_pet=-1,-1,-1,-1,-1,-1,-1,-1,-1,3,
#assigned_hub=-1,-1,-1,-1,-1,-1,-1,-1,-1,7,
#moving_targetting_pos=2,1|9,30|19,2|25,1|22,1|15,1|5,1|12,1|29,30|-1,-1|
#setting_targetting_pos=2,29|9,2|19,30|25,30|22,29|15,30|5,30|12,29|29,2|25,16|
#type=2,2,2,2,2,2,2,2,2,4,
.uRuu.Ru..
#00000000000000000
#assigned_pet=-1,-1,-1,-1,-1,-1,-1,-1,-1,3,
#assigned_hub=-1,-1,-1,-1,-1,-1,-1,-1,-1,7,
#moving_targetting_pos=2,1|9,30|19,2|25,1|22,1|15,1|5,1|12,1|29,30|-1,-1|
#setting_targetting_pos=2,29|9,2|19,30|25,30|22,29|15,30|5,30|12,29|29,2|25,14|
#type=2,2,2,2,2,2,2,2,2,4,
.LRR.ddRd.
#00000000000000000
#assigned_pet=-1,-1,-1,-1,-1,-1,-1,-1,-1,3,
#assigned_hub=-1,-1,-1,-1,-1,-1,-1,-1,-1,7,
#moving_targetting_pos=2,1|9,30|19,2|25,1|22,1|15,1|5,1|12,1|29,30|-1,-1|
#setting_targetting_pos=2,29|9,2|19,30|25,30|22,29|15,30|5,30|12,29|29,2|25,14|
#type=2,2,2,2,2,2,2,2,2,4,
dLdd.RRRL.
#00000000000000000
#assigned_pet=-1,-1,-1,-1,-1,-1,-1,-1,-1,11,
#assigned_hub=-1,-1,-1,-1,-1,-1,-1,-1,-1,7,
#moving_targetting_pos=2,1|9,30|19,2|25,1|22,1|15,1|5,1|12,1|29,30|-1,-1|
#setting_targetting_pos=2,29|9,2|19,30|25,30|22,29|15,30|5,30|12,29|29,2|28,16|
#type=2,2,2,2,2,2,2,2,2,4,
RrRRl.dlLR
#00000000000000000
#assigned_pet=-1,-1,-1,-1,-1,-1,-1,-1,-1,3,
#assigned_hub=-1,-1,-1,-1,-1,-1,-1,-1,-1,7,
#moving_targetting_pos=2,1|9,30|19,2|25,1|22,1|15,1|5,1|12,1|29,30|-1,-1|
#setting_targetting_pos=2,29|9,2|19,30|25,30|22,29|15,30|5,30|12,29|29,2|25,14|
#type=2,2,2,2,2,2,2,2,2,4,
RdRdR.RddL
#00000000000000000
#assigned_pet=-1,-1,-1,-1,-1,-1,-1,-1,-1,3,
#assigned_hub=-1,-1,-1,-1,-1,-1,-1,-1,-1,7,
#moving_targetting_pos=2,1|9,30|19,2|25,1|22,1|15,1|5,1|12,1|29,30|-1,-1|
#setting_targetting_pos=2,29|9,2|19,30|25,30|22,29|15,30|5,30|12,29|29,2|26,15|
#type=2,2,2,2,2,2,2,2,2,4,
lLlRRddRL.
#00000000000000000
#assigned_pet=-1,-1,-1,-1,-1,-1,-1,-1,-1,11,
#assigned_hub=-1,-1,-1,-1,-1,-1,-1,-1,-1,7,
#moving_targetting_pos=2,1|9,30|19,2|25,1|22,1|15,1|5,1|12,1|29,30|-1,-1|
#setting_targetting_pos=2,29|9,2|19,30|25,30|22,29|15,30|5,30|12,29|29,2|28,15|
#type=2,2,2,2,2,2,2,2,2,4,
uLuddRRRLD
#00000000000000000
#assigned_pet=-1,-1,-1,-1,-1,-1,-1,-1,-1,11,
#assigned_hub=-1,-1,-1,-1,-1,-1,-1,-1,-1,7,
#moving_targetting_pos=2,1|9,30|19,2|25,1|22,1|15,1|5,1|12,1|29,30|-1,-1|
#setting_targetting_pos=2,29|9,2|19,30|25,30|22,29|15,30|5,30|12,29|29,2|28,15|
#type=2,2,2,2,2,2,2,2,2,4,
R.RRlduRuD
#00000000000000000
#assigned_pet=-1,-1,-1,-1,-1,-1,-1,-1,-1,1,
#assigned_hub=-1,-1,-1,-1,-1,-1,-1,-1,-1,7,
#moving_targetting_pos=2,1|9,30|19,2|25,1|22,1|15,1|5,1|12,1|29,30|-1,-1|
#setting_targetting_pos=2,29|9,2|19,30|25,30|22,29|15,30|5,30|12,29|29,2|27,14|
#type=2,2,2,2,2,2,2,2,2,4,
R.RdRRRd..
#00000000000000000
#assigned_pet=-1,-1,-1,-1,-1,-1,-1,-1,-1,4,
#assigned_hub=-1,-1,-1,-1,-1,-1,-1,-1,-1,7,
#moving_targetting_pos=2,1|9,30|19,2|25,1|22,1|15,1|5,1|12,1|29,30|-1,-1|
#setting_targetting_pos=2,29|9,2|19,30|25,30|22,29|15,30|5,30|12,29|29,2|28,17|
#type=2,2,2,2,2,2,2,2,2,4,
lddRR.RurR
#00000000000000000
#assigned_pet=-1,-1,-1,-1,-1,-1,-1,-1,-1,4,
#assigned_hub=-1,-1,-1,-1,-1,-1,-1,-1,-1,7,
#moving_targetting_pos=2,1|9,30|19,2|25,1|22,1|15,1|5,1|12,1|29,30|-1,-1|
#setting_targetting_pos=2,29|9,2|19,30|25,30|22,29|15,30|5,30|12,29|29,2|27,17|
#type=2,2,2,2,2,2,2,2,2,4,
dLRdR.RRL.
#00000000000000000
#assigned_pet=-1,-1,-1,-1,-1,-1,-1,-1,-1,4,
#assigned_hub=-1,-1,-1,-1,-1,-1,-1,-1,-1,7,
#moving_targetting_pos=2,1|9,30|19,2|25,1|22,1|15,1|5,1|12,1|29,30|-1,-1|
#setting_targetting_pos=2,29|9,2|19,30|25,30|22,29|15,30|5,30|12,29|29,2|27,17|
#type=2,2,2,2,2,2,2,2,2,4,
RLlRddRlL.
#00000000000000000
#assigned_pet=-1,-1,-1,-1,-1,-1,-1,-1,-1,4,
#assigned_hub=-1,-1,-1,-1,-1,-1,-1,-1,-1,7,
#moving_targetting_pos=2,1|9,30|19,2|25,1|22,1|15,1|5,1|12,1|29,30|-1,-1|
#setting_targetting_pos=2,29|9,2|19,30|25,30|22,29|15,30|5,30|12,29|29,2|27,17|
#type=2,2,2,2,2,2,2,2,2,4,
RrRuuRuRd.
#00000000000000000
#assigned_pet=-1,-1,-1,-1,-1,-1,-1,-1,-1,4,
#assigned_hub=-1,-1,-1,-1,-1,-1,-1,-1,-1,7,
#moving_targetting_pos=2,1|9,30|19,2|25,1|22,1|15,1|5,1|12,1|29,30|-1,-1|
#setting_targetting_pos=2,29|9,2|19,30|25,30|22,29|15,30|5,30|12,29|29,2|28,17|
#type=2,2,2,2,2,2,2,2,2,4,
RuuRRuRRLR
#00000000000000000
#assigned_pet=-1,-1,-1,-1,-1,-1,-1,-1,-1,4,
#assigned_hub=-1,-1,-1,-1,-1,-1,-1,-1,-1,7,
#moving_targetting_pos=2,1|9,30|19,2|25,1|22,1|15,1|5,1|12,1|29,30|-1,-1|
#setting_targetting_pos=2,29|9,2|19,30|25,30|22,29|15,30|5,30|12,29|29,2|28,17|
#type=2,2,2,2,2,2,2,2,2,4,
dLRRlRdd..
#00000000000000000
#assigned_pet=-1,-1,-1,-1,-1,-1,-1,-1,-1,4,
#assigned_hub=-1,-1,-1,-1,-1,-1,-1,-1,-1,7,
#moving_targetting_pos=2,1|9,30|19,2|25,1|22,1|15,1|5,1|12,1|29,30|-1,-1|
#setting_targetting_pos=2,29|9,2|19,30|25,30|22,29|15,30|5,30|12,29|29,2|28,17|
#type=2,2,2,2,2,2,2,2,2,4,
uLRRRRRR..
#00000000000000000
#assigned_pet=-1,-1,-1,-1,-1,-1,-1,-1,-1,4,
#assigned_hub=-1,-1,-1,-1,-1,-1,-1,-1,-1,7,
#moving_targetting_pos=2,1|9,30|19,2|25,1|22,1|15,1|5,1|12,1|29,30|-1,-1|
#setting_targetting_pos=2,29|9,2|19,30|25,30|22,29|15,30|5,30|12,29|29,2|28,17|
#type=2,2,2,2,2,2,2,2,2,4,
RdlRRRdR..
#00000000000000000
#assigned_pet=-1,-1,-1,-1,-1,-1,-1,-1,-1,4,
#assigned_hub=-1,-1,-1,-1,-1,-1,-1,-1,-1,7,
#moving_targetting_pos=2,1|9,30|19,2|25,1|22,1|15,1|5,1|12,1|29,30|-1,-1|
#setting_targetting_pos=2,29|9,2|19,30|25,30|22,29|15,30|5,30|12,29|29,2|28,16|
#type=2,2,2,2,2,2,2,2,2,4,
lLdudRRl.L
#00000000000000000
#assigned_pet=-1,-1,-1,-1,-1,-1,-1,-1,-1,11,
#assigned_hub=-1,-1,-1,-1,-1,-1,-1,-1,-1,7,
#moving_targetting_pos=2,1|9,30|19,2|25,1|22,1|15,1|5,1|12,1|29,30|-1,-1|
#setting_targetting_pos=2,29|9,2|19,30|25,30|22,29|15,30|5,30|12,29|29,2|28,15|
#type=2,2,2,2,2,2,2,2,2,4,
RrRRRudu.L
#00000000000000000
#assigned_pet=-1,-1,-1,-1,-1,-1,-1,-1,-1,11,
#assigned_hub=-1,-1,-1,-1,-1,-1,-1,-1,-1,7,
#moving_targetting_pos=2,1|9,30|19,2|25,1|22,1|15,1|5,1|12,1|29,30|-1,-1|
#setting_targetting_pos=2,29|9,2|19,30|25,30|22,29|15,30|5,30|12,29|29,2|28,15|
#type=2,2,2,2,2,2,2,2,2,4,
RLRdRRRR..
#00000000000000000
#assigned_pet=-1,-1,-1,-1,-1,-1,-1,-1,-1,11,
#assigned_hub=-1,-1,-1,-1,-1,-1,-1,-1,-1,7,
#moving_targetting_pos=2,1|9,30|19,2|25,1|22,1|15,1|5,1|12,1|29,30|-1,-1|
#setting_targetting_pos=2,29|9,2|19,30|25,30|22,29|15,30|5,30|12,29|29,2|28,15|
#type=2,2,2,2,2,2,2,2,2,4,
dudRl.dRr.
#00000000000000000
#assigned_pet=-1,-1,-1,-1,-1,-1,-1,-1,-1,4,
#assigned_hub=-1,-1,-1,-1,-1,-1,-1,-1,-1,7,
#moving_targetting_pos=2,1|9,30|19,2|25,1|22,1|15,1|5,1|12,1|29,30|-1,-1|
#setting_targetting_pos=2,29|9,2|19,30|25,30|22,29|15,30|5,30|12,29|29,2|27,15|
#type=2,2,2,2,2,2,2,2,2,4,
RLRdu.RlLR
#00000000000000000
#assigned_pet=-1,-1,-1,-1,-1,-1,-1,-1,-1,4,
#assigned_hub=-1,-1,-1,-1,-1,-1,-1,-1,-1,7,
#moving_targetting_pos=2,1|9,30|19,2|25,1|22,1|15,1|5,1|12,1|29,30|-1,-1|
#setting_targetting_pos=2,29|9,2|19,30|25,30|22,29|15,30|5,30|12,29|29,2|27,15|
#type=2,2,2,2,2,2,2,2,2,4,
RLRRR.ddu.
#00000000000000000
#assigned_pet=-1,-1,-1,-1,-1,-1,-1,-1,-1,4,
#assigned_hub=-1,-1,-1,-1,-1,-1,-1,-1,-1,7,
#moving_targetting_pos=2,1|9,30|19,2|25,1|22,1|15,1|5,1|12,1|29,30|-1,-1|
#setting_targetting_pos=2,29|9,2|19,30|25,30|22,29|15,30|5,30|12,29|29,2|27,15|
#type=2,2,2,2,2,2,2,2,2,4,
ldldR.RRL.
#00000000000000000
#assigned_pet=-1,-1,-1,-1,-1,-1,-1,-1,-1,4,
#assigned_hub=-1,-1,-1,-1,-1,-1,-1,-1,-1,7,
#moving_targetting_pos=2,1|9,30|19,2|25,1|22,1|15,1|5,1|12,1|29,30|-1,-1|
#setting_targetting_pos=2,29|9,2|19,30|25,30|22,29|15,30|5,30|12,29|29,2|26,14|
#type=2,2,2,2,2,2,2,2,2,4,
uruRlduRLL
#00000000000000000
#assigned_pet=-1,-1,-1,-1,-1,-1,-1,-1,-1,13,
#assigned_hub=-1,-1,-1,-1,-1,-1,-1,-1,-1,7,
#moving_targetting_pos=2,1|9,30|19,2|25,1|22,1|15,1|5,1|12,1|29,30|-1,-1|
#setting_targetting_pos=2,29|9,2|19,30|25,30|22,29|15,30|5,30|12,29|29,2|25,18|
#type=2,2,2,2,2,2,2,2,2,4,
RLRd.RRRrR
#00000000000000000
#assigned_pet=-1,-1,-1,-1,-1,-1,-1,-1,-1,6,
#assigned_hub=-1,-1,-1,-1,-1,-1,-1,-1,-1,7,
#moving_targetting_pos=2,1|9,30|19,2|25,1|22,1|15,1|5,1|12,1|29,30|-1,-1|
#setting_targetting_pos=2,29|9,2|19,30|25,30|22,29|15,30|5,30|12,29|29,2|25,14|
#type=2,2,2,2,2,2,2,2,2,4,
RLRRddRddL
#00000000000000000
#assigned_pet=-1,-1,-1,-1,-1,-1,-1,-1,-1,6,
#assigned_hub=-1,-1,-1,-1,-1,-1,-1,-1,-1,7,
#moving_targetting_pos=2,1|9,30|19,2|25,1|22,1|15,1|5,1|12,1|29,30|-1,-1|
#setting_targetting_pos=2,29|9,2|19,30|25,30|22,29|15,30|5,30|12,29|29,2|25,14|
#type=2,2,2,2,2,2,2,2,2,4,
l.ddRRRuLL
#00000000000000000
#assigned_pet=-1,-1,-1,-1,-1,-1,-1,-1,-1,6,
#assigned_hub=-1,-1,-1,-1,-1,-1,-1,-1,-1,7,
#moving_targetting_pos=2,1|9,30|19,2|25,1|22,1|15,1|5,1|12,1|29,30|-1,-1|
#setting_targetting_pos=2,29|9,2|19,30|25,30|22,29|15,30|5,30|12,29|29,2|25,14|
#type=2,2,2,2,2,2,2,2,2,4,
ddRRRdRRLU
#00000000000000000
#assigned_pet=-1,-1,-1,-1,-1,-1,-1,-1,-1,6,
#assigned_hub=-1,-1,-1,-1,-1,-1,-1,-1,-1,7,
#moving_targetting_pos=2,1|9,30|19,2|25,1|22,1|15,1|5,1|12,1|29,30|-1,-1|
#setting_targetting_pos=2,29|9,2|19,30|25,30|22,29|15,30|5,30|12,29|29,2|26,15|
#type=2,2,2,2,2,2,2,2,2,4,
RLl.RRul..
#00000000000000000
#assigned_pet=-1,-1,-1,-1,-1,-1,-1,-1,-1,6,
#assigned_hub=-1,-1,-1,-1,-1,-1,-1,-1,-1,7,
#moving_targetting_pos=2,1|9,30|19,2|25,1|22,1|15,1|5,1|12,1|29,30|-1,-1|
#setting_targetting_pos=2,29|9,2|19,30|25,30|22,29|15,30|5,30|12,29|29,2|27,16|
#type=2,2,2,2,2,2,2,2,2,4,
RLR.ddRRdR
#00000000000000000
#assigned_pet=-1,-1,-1,-1,-1,-1,-1,-1,-1,6,
#assigned_hub=-1,-1,-1,-1,-1,-1,-1,-1,-1,7,
#moving_targetting_pos=2,1|9,30|19,2|25,1|22,1|15,1|5,1|12,1|29,30|-1,-1|
#setting_targetting_pos=2,29|9,2|19,30|25,30|22,29|15,30|5,30|12,29|29,2|28,17|
#type=2,2,2,2,2,2,2,2,2,4,
Rru.uRdRLR
#00000000000000000
#assigned_pet=-1,-1,-1,-1,-1,-1,-1,-1,-1,6,
#assigned_hub=-1,-1,-1,-1,-1,-1,-1,-1,-1,7,
#moving_targetting_pos=2,1|9,30|19,2|25,1|22,1|15,1|5,1|12,1|29,30|-1,-1|
#setting_targetting_pos=2,29|9,2|19,30|25,30|22,29|15,30|5,30|12,29|29,2|26,17|
#type=2,2,2,2,2,2,2,2,2,4,
duRuRdRrL.
#00000000000000000
#assigned_pet=-1,-1,-1,-1,-1,-1,-1,-1,-1,6,
#assigned_hub=-1,-1,-1,-1,-1,-1,-1,-1,-1,7,
#moving_targetting_pos=2,1|9,30|19,2|25,1|22,1|15,1|5,1|12,1|29,30|-1,-1|
#setting_targetting_pos=2,29|9,2|19,30|25,30|22,29|15,30|5,30|12,29|29,2|26,17|
#type=2,2,2,2,2,2,2,2,2,4,
uLRRlRddu.
#00000000000000000
#assigned_pet=-1,-1,-1,-1,-1,-1,-1,-1,-1,6,
#assigned_hub=-1,-1,-1,-1,-1,-1,2,5,-1,7,
#moving_targetting_pos=2,1|9,30|19,2|25,1|22,1|15,1|6,26|16,26|29,30|-1,-1|
#setting_targetting_pos=2,29|9,2|19,30|25,30|22,29|15,30|5,30|12,29|29,2|25,18|
#type=2,2,2,2,2,2,3,3,2,4,
RLlRRuLL.R
#00000000000000000
#assigned_pet=-1,-1,-1,-1,-1,-1,-1,-1,-1,6,
#assigned_hub=-1,-1,-1,-1,-1,-1,2,5,-1,7,
#moving_targetting_pos=2,1|9,30|19,2|25,1|22,1|15,1|6,26|16,26|29,30|-1,-1|
#setting_targetting_pos=2,29|9,2|19,30|25,30|22,29|15,30|-1,-1|-1,-1|29,2|25,18|
#type=2,2,2,2,2,2,3,3,2,4,
lddRRRLL.R
#00000000000000000
#assigned_pet=-1,-1,-1,-1,-1,-1,-1,-1,-1,6,
#assigned_hub=-1,-1,8,-1,-1,-1,2,5,-1,7,
#moving_targetting_pos=2,1|9,30|26,26|25,1|22,1|15,1|6,26|16,26|29,30|-1,-1|
#setting_targetting_pos=2,29|9,2|19,30|25,30|22,29|15,30|-1,-1|-1,-1|29,2|25,18|
#type=2,2,3,2,2,2,3,3,2,4,
RLURrRLDr.
#00000000000000000
#assigned_pet=-1,-1,-1,-1,-1,-1,10,-1,-1,6,
#assigned_hub=-1,-1,8,-1,-1,-1,2,5,-1,7,
#moving_targetting_pos=2,1|9,30|26,26|25,1|22,1|15,1|-1,-1|16,26|29,30|-1,-1|
#setting_targetting_pos=2,29|9,2|-1,-1|25,30|22,29|15,30|5,26|-1,-1|29,2|25,18|
#type=2,2,3,2,2,2,4,3,2,4,
RrL.dR.DL.
#00000000000000000
#assigned_pet=-1,-1,-1,-1,-1,-1,10,-1,-1,6,
#assigned_hub=-1,-1,8,-1,4,-1,2,5,-1,7,
#moving_targetting_pos=2,1|9,30|26,26|25,1|16,16|15,1|-1,-1|16,26|29,30|-1,-1|
#setting_targetting_pos=2,29|9,2|-1,-1|25,30|22,29|15,30|6,27|-1,-1|29,2|25,18|
#type=2,2,3,2,3,2,4,3,2,4,
rLU.LR.LL.
#00000000000000000
#assigned_pet=-1,-1,-1,-1,-1,-1,14,14,-1,6,
#assigned_hub=-1,-1,8,-1,4,-1,2,5,-1,7,
#moving_targetting_pos=2,1|9,30|26,26|25,1|16,16|15,1|-1,-1|-1,-1|29,30|-1,-1|
#setting_targetting_pos=2,29|9,2|-1,-1|25,30|-1,-1|15,30|8,25|14,25|29,2|25,18|
#type=2,2,3,2,3,2,4,4,2,4,
d.L.LuL.d.
#00000000000000000
#assigned_pet=-1,-1,-1,-1,-1,-1,14,14,-1,6,
#assigned_hub=1,-1,8,-1,4,-1,2,5,-1,7,
#moving_targetting_pos=6,16|9,30|26,26|25,1|16,16|15,1|-1,-1|-1,-1|29,30|-1,-1|
#setting_targetting_pos=2,29|9,2|-1,-1|25,30|-1,-1|15,30|8,25|14,25|29,2|25,18|
#type=3,2,3,2,3,2,4,4,2,4,
L.LuURL.L.
#00000000000000000
#assigned_pet=-1,-1,-1,-1,-1,-1,14,14,-1,6,
#assigned_hub=1,-1,8,-1,4,-1,2,5,-1,7,
#moving_targetting_pos=6,16|9,30|26,26|25,1|16,16|15,1|-1,-1|-1,-1|29,30|-1,-1|
#setting_targetting_pos=-1,-1|9,2|-1,-1|25,30|-1,-1|15,30|8,25|14,25|29,2|25,18|
#type=3,2,3,2,3,2,4,4,2,4,
L.DRUdD.r.
#00000000000000000
#assigned_pet=-1,-1,-1,-1,-1,-1,14,14,-1,6,
#assigned_hub=1,-1,8,-1,4,-1,2,5,-1,7,
#moving_targetting_pos=6,16|9,30|26,26|25,1|16,16|15,1|-1,-1|-1,-1|29,30|-1,-1|
#setting_targetting_pos=-1,-1|9,2|-1,-1|25,30|-1,-1|15,30|8,25|14,25|29,2|25,18|
#type=3,2,3,2,3,2,4,4,2,4,
D.DdURD.L.
#00000000000000000
#assigned_pet=-1,-1,-1,-1,-1,-1,14,14,-1,6,
#assigned_hub=1,-1,8,-1,4,-1,2,5,-1,7,
#moving_targetting_pos=6,16|9,30|26,26|25,1|16,16|15,1|-1,-1|-1,-1|29,30|-1,-1|
#setting_targetting_pos=-1,-1|9,2|-1,-1|25,30|-1,-1|15,30|8,25|14,25|29,2|25,18|
#type=3,2,3,2,3,2,4,4,2,4,
D.DRUd....
#00000000000000000
#assigned_pet=-1,-1,-1,-1,-1,-1,14,14,-1,6,
#assigned_hub=1,-1,8,-1,4,3,2,5,-1,7,
#moving_targetting_pos=6,16|9,30|26,26|25,1|16,16|16,6|-1,-1|-1,-1|29,30|-1,-1|
#setting_targetting_pos=-1,-1|9,2|-1,-1|25,30|-1,-1|15,30|8,25|14,25|29,2|25,18|
#type=3,2,3,2,3,3,4,4,2,4,
LuD.LL..u.
#00000000000000000
#assigned_pet=-1,-1,-1,-1,-1,-1,10,10,-1,11,
#assigned_hub=1,-1,8,-1,4,3,2,5,-1,7,
#moving_targetting_pos=6,16|9,30|26,26|25,1|16,16|16,6|-1,-1|-1,-1|29,30|-1,-1|
#setting_targetting_pos=-1,-1|9,2|-1,-1|25,30|-1,-1|-1,-1|8,27|14,27|29,2|25,14|
#type=3,2,3,2,3,3,4,4,2,4,
LLDdLLR.LL
#00000000000000000
#assigned_pet=-1,-1,-1,-1,-1,-1,10,10,-1,-1,
#assigned_hub=1,-1,8,6,4,3,2,5,-1,7,
#moving_targetting_pos=6,16|9,30|26,26|26,6|16,16|16,6|-1,-1|-1,-1|29,30|-1,-1|
#setting_targetting_pos=-1,-1|9,2|-1,-1|25,30|-1,-1|-1,-1|8,27|14,27|29,2|-1,-1|
#type=3,2,3,3,3,3,4,4,2,4,
DLDLULR.L.
#00000000000000000
#assigned_pet=-1,-1,-1,-1,-1,-1,10,10,-1,-1,
#assigned_hub=1,-1,8,6,4,3,2,5,-1,7,
#moving_targetting_pos=6,16|9,30|26,26|26,6|16,16|16,6|-1,-1|-1,-1|29,30|-1,-1|
#setting_targetting_pos=-1,-1|9,2|-1,-1|-1,-1|-1,-1|-1,-1|8,27|14,27|29,2|-1,-1|
#type=3,2,3,3,3,3,4,4,2,4,
LrDLLL..r.
#00000000000000000
#assigned_pet=-1,-1,-1,-1,-1,-1,10,10,-1,-1,
#assigned_hub=1,-1,8,6,4,3,2,5,-1,7,
#moving_targetting_pos=6,16|9,30|26,26|26,6|16,16|16,6|-1,-1|-1,-1|29,30|-1,-1|
#setting_targetting_pos=-1,-1|9,2|-1,-1|-1,-1|-1,-1|-1,-1|8,27|14,27|29,2|-1,-1|
#type=3,2,3,3,3,3,4,4,2,4,
LdLLLL..d.
#00000000001000000
#assigned_pet=-1,-1,6,-1,-1,-1,10,10,-1,-1,
#assigned_hub=1,0,8,6,4,3,2,5,-1,7,
#moving_targetting_pos=6,16|6,6|-1,-1|26,6|16,16|16,6|-1,-1|-1,-1|29,30|-1,-1|
#setting_targetting_pos=-1,-1|9,2|24,25|-1,-1|-1,-1|-1,-1|8,27|14,27|29,2|-1,-1|
#type=3,3,4,3,3,3,5,5,0,4,
LU.LLLdr..
#00000000001000000
#assigned_pet=-1,-1,6,-1,-1,-1,14,6,-1,15,
#assigned_hub=1,0,8,6,4,3,2,5,-1,7,
#moving_targetting_pos=6,16|6,6|-1,-1|26,6|16,16|16,6|-1,-1|-1,-1|29,30|-1,-1|
#setting_targetting_pos=-1,-1|-1,-1|24,25|-1,-1|-1,-1|-1,-1|6,28|18,25|29,2|24,17|
#type=3,3,4,3,3,3,4,4,0,4,
LR.LLLRL.U
#00000000001000000
#assigned_pet=-1,-1,6,-1,-1,-1,14,6,-1,15,
#assigned_hub=1,0,8,6,4,3,2,5,-1,7,
#moving_targetting_pos=6,16|6,6|-1,-1|26,6|16,16|16,6|-1,-1|-1,-1|29,30|-1,-1|
#setting_targetting_pos=-1,-1|-1,-1|24,25|-1,-1|-1,-1|-1,-1|7,27|18,25|29,2|24,17|
#type=3,3,4,3,3,3,4,4,0,4,
LU.LLL.D..
#00000000001000000
#assigned_pet=-1,-1,6,-1,-1,-1,14,6,-1,13,
#assigned_hub=1,0,8,6,4,3,2,5,-1,7,
#moving_targetting_pos=6,16|6,6|-1,-1|26,6|16,16|16,6|-1,-1|-1,-1|29,30|-1,-1|
#setting_targetting_pos=-1,-1|-1,-1|24,25|-1,-1|-1,-1|-1,-1|7,25|18,25|29,2|25,18|
#type=3,3,4,3,3,3,4,4,0,4,
LR.LLLLD..
#00000000001000000
#assigned_pet=-1,-1,2,-1,-1,-1,14,2,-1,13,
#assigned_hub=1,0,8,6,4,3,2,5,-1,7,
#moving_targetting_pos=6,16|6,6|-1,-1|26,6|16,16|16,6|-1,-1|-1,-1|29,30|-1,-1|
#setting_targetting_pos=-1,-1|-1,-1|24,25|-1,-1|-1,-1|-1,-1|5,25|18,25|29,2|25,18|
#type=3,3,4,3,3,3,4,4,0,4,
LR.LLLLD..
#00100010001000000
#assigned_pet=-1,8,2,-1,-1,-1,14,2,-1,13,
#assigned_hub=1,0,8,6,4,3,2,5,-1,7,
#moving_targetting_pos=6,16|-1,-1|-1,-1|26,6|16,16|16,6|-1,-1|-1,-1|29,30|-1,-1|
#setting_targetting_pos=-1,-1|5,4|24,25|-1,-1|-1,-1|-1,-1|5,25|18,25|29,2|25,18|
#type=3,4,5,3,3,3,4,5,0,4,
LLlLLLLd..
#00110010001000000
#assigned_pet=9,8,13,-1,3,-1,14,3,-1,13,
#assigned_hub=1,0,8,6,4,3,2,5,-1,7,
#moving_targetting_pos=-1,-1|-1,-1|-1,-1|26,6|-1,-1|16,6|-1,-1|-1,-1|29,30|-1,-1|
#setting_targetting_pos=4,15|5,4|25,24|-1,-1|17,18|-1,-1|5,25|17,24|29,2|25,18|
#type=4,4,4,3,5,3,4,5,0,4,
LUDLrLUl..
#00110010001000000
#assigned_pet=9,8,13,-1,0,-1,14,12,-1,13,
#assigned_hub=1,0,8,6,4,3,2,5,-1,7,
#moving_targetting_pos=-1,-1|-1,-1|-1,-1|26,6|-1,-1|16,6|-1,-1|-1,-1|29,30|-1,-1|
#setting_targetting_pos=4,15|5,4|25,24|-1,-1|17,14|-1,-1|7,25|18,27|29,2|25,18|
#type=4,4,4,3,4,3,4,4,0,4,
L.LLLL.R..
#00110010011000000
#assigned_pet=9,8,13,-1,0,-1,14,12,-1,13,
#assigned_hub=1,0,8,6,4,3,2,5,-1,7,
#moving_targetting_pos=-1,-1|-1,-1|-1,-1|26,6|-1,-1|16,6|-1,-1|-1,-1|29,30|-1,-1|
#setting_targetting_pos=4,15|5,4|25,24|-1,-1|17,14|-1,-1|7,25|18,27|29,2|25,18|
#type=5,4,4,3,4,3,4,4,0,4,
u..LLL.R..
#00110010011000000
#assigned_pet=-1,8,12,-1,0,-1,14,12,-1,15,
#assigned_hub=1,0,8,6,4,3,2,5,-1,7,
#moving_targetting_pos=-1,-1|-1,-1|-1,-1|26,6|-1,-1|16,6|-1,-1|-1,-1|29,30|-1,-1|
#setting_targetting_pos=-1,-1|5,4|24,27|-1,-1|17,14|-1,-1|6,26|18,27|29,2|25,15|
#type=4,4,4,3,4,3,4,4,0,4,
..RL.L...L
#00110010011000000
#assigned_pet=-1,8,12,-1,0,-1,14,12,-1,15,
#assigned_hub=1,0,8,6,4,3,2,5,-1,7,
#moving_targetting_pos=-1,-1|-1,-1|-1,-1|26,6|-1,-1|16,6|-1,-1|-1,-1|29,30|-1,-1|
#setting_targetting_pos=-1,-1|5,5|24,27|-1,-1|17,14|-1,-1|7,25|18,27|29,2|26,16|
#type=4,4,4,3,4,3,4,4,0,4,
.RRL.L....
#00110010011010000
#assigned_pet=-1,8,12,-1,0,-1,14,12,-1,15,
#assigned_hub=1,0,8,6,4,3,2,5,-1,7,
#moving_targetting_pos=-1,-1|-1,-1|-1,-1|26,6|-1,-1|16,6|-1,-1|-1,-1|29,30|-1,-1|
#setting_targetting_pos=-1,-1|5,5|24,27|-1,-1|17,14|-1,-1|8,25|18,27|29,2|27,15|
#type=4,4,5,3,4,3,4,5,0,4,
..uL.LDd.L
#00110010011010000
#assigned_pet=-1,8,7,-1,0,-1,14,14,-1,7,
#assigned_hub=1,0,8,6,4,3,2,5,-1,7,
#moving_targetting_pos=-1,-1|-1,-1|-1,-1|26,6|-1,-1|16,6|-1,-1|-1,-1|29,30|-1,-1|
#setting_targetting_pos=-1,-1|6,4|25,24|-1,-1|17,14|-1,-1|8,25|14,25|29,2|25,18|
#type=4,4,4,3,4,3,4,4,0,4,
..LL.L.L.R
#00110010011010000
#assigned_pet=-1,8,7,-1,0,-1,14,14,-1,7,
#assigned_hub=1,0,8,6,4,3,2,5,-1,7,
#moving_targetting_pos=6,16|-1,-1|-1,-1|26,6|-1,-1|16,6|-1,-1|-1,-1|29,30|-1,-1|
#setting_targetting_pos=-1,-1|7,4|25,24|-1,-1|17,14|-1,-1|8,25|14,25|29,2|25,18|
#type=4,4,4,3,4,3,4,4,0,4,
.LLL.L.L.R
#00110011011010000
#assigned_pet=-1,8,7,-1,4,-1,14,14,-1,7,
#assigned_hub=1,0,8,6,4,3,2,5,-1,7,
#moving_targetting_pos=6,16|-1,-1|-1,-1|26,6|-1,-1|16,6|-1,-1|-1,-1|29,30|-1,-1|
#setting_targetting_pos=-1,-1|7,4|25,24|-1,-1|15,14|-1,-1|8,25|14,25|29,2|25,18|
#type=4,4,5,3,4,3,4,4,0,5,
..lLLL.U.r
#00110011111010000
#assigned_pet=-1,8,13,-1,4,-1,14,14,-1,15,
#assigned_hub=1,0,8,6,4,3,2,5,-1,7,
#moving_targetting_pos=-1,-1|-1,-1|-1,-1|26,6|-1,-1|16,6|-1,-1|-1,-1|29,30|-1,-1|
#setting_targetting_pos=-1,-1|7,4|27,26|-1,-1|15,14|-1,-1|8,25|14,25|29,2|27,15|
#type=4,5,4,3,4,3,4,4,0,4,
.dRLUL.U.L
#00110011111010100
#assigned_pet=-1,16,13,-1,4,-1,14,14,-1,15,
#assigned_hub=1,0,8,6,4,3,2,5,-1,7,
#moving_targetting_pos=-1,-1|-1,-1|-1,-1|26,6|-1,-1|16,6|-1,-1|-1,-1|29,30|-1,-1|
#setting_targetting_pos=-1,-1|7,6|26,27|-1,-1|15,14|-1,-1|8,25|14,25|29,2|27,14|
#type=4,4,4,3,4,3,5,5,0,4,
.RRL.Ldu.L
#00110011111010100
#assigned_pet=-1,16,13,-1,0,-1,-1,-1,-1,15,
#assigned_hub=1,0,8,6,4,3,2,5,-1,7,
#moving_targetting_pos=-1,-1|-1,-1|-1,-1|26,6|-1,-1|16,6|6,26|16,26|29,30|-1,-1|
#setting_targetting_pos=-1,-1|6,7|26,25|-1,-1|17,14|-1,-1|-1,-1|-1,-1|29,2|27,14|
#type=4,4,4,3,4,3,4,4,0,4,
.RLL.L...L
#00110011111010100
#assigned_pet=-1,16,13,-1,4,4,-1,-1,-1,15,
#assigned_hub=1,0,8,6,4,3,2,5,-1,7,
#moving_targetting_pos=-1,-1|-1,-1|-1,-1|26,6|-1,-1|-1,-1|6,26|16,26|29,30|-1,-1|
#setting_targetting_pos=-1,-1|7,8|26,27|-1,-1|15,14|15,8|-1,-1|-1,-1|29,2|27,14|
#type=4,4,4,3,4,4,4,4,0,4,
.RRL.....D
#00111011111010100
#assigned_pet=-1,16,13,-1,4,4,-1,-1,-1,15,
#assigned_hub=1,0,8,6,4,3,2,5,-1,7,
#moving_targetting_pos=-1,-1|-1,-1|-1,-1|26,6|-1,-1|-1,-1|6,26|16,26|29,30|-1,-1|
#setting_targetting_pos=-1,-1|5,8|25,28|-1,-1|15,14|15,8|-1,-1|-1,-1|29,2|27,14|
#type=4,4,4,3,5,5,4,4,0,4,
.R.Lur....
#00111011111011100
#assigned_pet=-1,16,13,15,0,0,-1,-1,-1,15,
#assigned_hub=1,0,8,6,4,3,2,5,-1,7,
#moving_targetting_pos=-1,-1|-1,-1|-1,-1|-1,-1|-1,-1|-1,-1|6,26|16,26|29,30|-1,-1|
#setting_targetting_pos=-1,-1|5,8|25,28|27,8|17,14|17,8|-1,-1|-1,-1|29,2|27,14|
#type=4,4,5,4,4,4,4,4,0,4,
..rR.D....
#00111011111011100
#assigned_pet=-1,16,-1,15,5,5,-1,-1,-1,15,
#assigned_hub=1,0,8,6,4,3,2,5,-1,7,
#moving_targetting_pos=-1,-1|-1,-1|26,26|-1,-1|-1,-1|-1,-1|6,26|16,26|29,30|-1,-1|
#setting_targetting_pos=-1,-1|7,8|-1,-1|27,8|17,14|17,8|-1,-1|-1,-1|29,2|27,14|
#type=4,4,4,4,4,4,4,4,0,4,
...D.R....
#00111011111011110
#assigned_pet=16,16,-1,15,5,5,-1,-1,-1,15,
#assigned_hub=1,0,8,6,4,3,2,5,-1,7,
#moving_targetting_pos=-1,-1|-1,-1|26,26|-1,-1|-1,-1|-1,-1|6,26|-1,-1|29,30|-1,-1|
#setting_targetting_pos=7,14|7,8|-1,-1|27,8|17,14|17,8|-1,-1|-1,-1|29,2|27,14|
#type=4,4,4,5,4,4,4,4,0,5,
L..d.....d
#00111111111011110
#assigned_pet=16,16,-1,11,5,5,-1,-1,-1,-1,
#assigned_hub=1,0,8,6,4,3,2,5,-1,7,
#moving_targetting_pos=-1,-1|-1,-1|26,26|-1,-1|-1,-1|-1,-1|6,26|-1,-1|29,30|-1,-1|
#setting_targetting_pos=7,14|7,8|-1,-1|26,5|17,14|17,8|-1,-1|-1,-1|29,2|-1,-1|
#type=4,4,4,4,5,5,4,4,0,4,
D..Ldd....
#00111111111011111
#assigned_pet=16,16,-1,11,0,-1,-1,-1,-1,-1,
#assigned_hub=1,0,8,6,4,3,2,5,-1,7,
#moving_targetting_pos=-1,-1|-1,-1|26,26|-1,-1|-1,-1|16,6|6,26|-1,-1|29,30|-1,-1|
#setting_targetting_pos=7,14|7,8|-1,-1|26,4|16,14|-1,-1|-1,-1|-1,-1|29,2|-1,-1|
#type=5,5,4,4,4,4,4,4,0,4,
dd.LR.....
#00111111111011111
#assigned_pet=-1,-1,-1,1,0,-1,-1,-1,-1,-1,
#assigned_hub=1,0,8,6,4,3,2,5,-1,7,
#moving_targetting_pos=-1,-1|6,6|26,26|-1,-1|-1,-1|16,6|6,26|-1,-1|29,30|-1,-1|
#setting_targetting_pos=-1,-1|-1,-1|-1,-1|25,4|16,15|-1,-1|-1,-1|-1,-1|29,2|-1,-1|
#type=4,4,4,4,4,4,4,4,0,4,
...LR.....
#00111111111011111
#assigned_pet=-1,-1,-1,1,0,-1,-1,-1,-1,-1,
#assigned_hub=1,0,8,6,4,3,2,5,-1,7,
#moving_targetting_pos=-1,-1|6,6|26,26|-1,-1|-1,-1|16,6|6,26|-1,-1|29,30|-1,-1|
#setting_targetting_pos=-1,-1|-1,-1|-1,-1|25,4|17,15|-1,-1|-1,-1|-1,-1|29,2|-1,-1|
#type=4,4,4,4,4,4,4,4,0,4,
...LL.....
#00111111111011111
#assigned_pet=-1,-1,-1,1,0,-1,-1,-1,-1,-1,
#assigned_hub=1,0,8,6,4,3,2,5,-1,7,
#moving_targetting_pos=6,16|6,6|26,26|-1,-1|-1,-1|16,6|6,26|-1,-1|29,30|-1,-1|
#setting_targetting_pos=-1,-1|-1,-1|-1,-1|25,4|17,16|-1,-1|-1,-1|-1,-1|29,2|-1,-1|
#type=4,4,4,4,4,4,4,4,0,4,
....R.....
#00111111111011111
#assigned_pet=-1,-1,-1,1,0,-1,-1,-1,-1,-1,
#assigned_hub=1,0,8,6,4,3,2,5,-1,7,
#moving_targetting_pos=-1,-1|6,6|26,26|-1,-1|-1,-1|16,6|6,26|-1,-1|29,30|-1,-1|
#setting_targetting_pos=-1,-1|-1,-1|-1,-1|25,4|17,15|-1,-1|-1,-1|-1,-1|29,2|-1,-1|
#type=4,4,4,4,4,4,4,4,0,4,
....L.....
#01111111111011111
#assigned_pet=-1,-1,-1,1,0,-1,-1,-1,-1,-1,
#assigned_hub=1,0,8,6,4,3,2,5,-1,7,
#moving_targetting_pos=6,16|6,6|26,26|-1,-1|-1,-1|16,6|6,26|16,26|29,30|-1,-1|
#setting_targetting_pos=-1,-1|-1,-1|-1,-1|25,4|18,15|-1,-1|-1,-1|-1,-1|29,2|-1,-1|
#type=4,4,4,5,4,4,4,4,0,4,
...uD.....
#01111111111011111
#assigned_pet=-1,-1,-1,11,0,-1,-1,-1,-1,0,
#assigned_hub=1,0,8,6,4,3,2,5,-1,7,
#moving_targetting_pos=6,16|6,6|26,26|-1,-1|-1,-1|16,6|6,26|16,26|29,30|-1,-1|
#setting_targetting_pos=-1,-1|-1,-1|-1,-1|27,5|18,15|-1,-1|-1,-1|-1,-1|29,2|24,15|
#type=4,4,4,4,4,4,4,4,0,4,
...R.....R
#01111111111011111
#assigned_pet=-1,-1,-1,11,0,-1,-1,-1,-1,0,
#assigned_hub=1,0,8,6,4,3,2,5,-1,7,
#moving_targetting_pos=6,16|6,6|26,26|-1,-1|-1,-1|16,6|6,26|16,26|29,30|-1,-1|
#setting_targetting_pos=-1,-1|-1,-1|-1,-1|28,5|18,15|-1,-1|-1,-1|-1,-1|29,2|24,15|
#type=4,4,4,4,4,4,4,4,0,4,
...D.....U
#11111111111111111
#assigned_pet=-1,-1,-1,11,0,-1,-1,-1,-1,0,
#assigned_hub=1,0,8,6,4,3,2,5,-1,7,
#moving_targetting_pos=6,16|6,6|26,26|-1,-1|-1,-1|16,6|6,26|16,26|29,30|-1,-1|
#setting_targetting_pos=-1,-1|-1,-1|-1,-1|28,5|18,15|-1,-1|-1,-1|-1,-1|29,2|24,15|
#type=4,4,4,5,5,4,4,4,0,5,
...dd....u
#11111111111111111
#assigned_pet=-1,-1,-1,-1,-1,-1,-1,-1,-1,-1,
#assigned_hub=1,0,8,6,4,3,2,5,-1,7,
#moving_targetting_pos=6,16|6,6|26,26|26,6|16,16|16,6|6,26|16,26|29,30|26,16|
#setting_targetting_pos=-1,-1|-1,-1|-1,-1|-1,-1|-1,-1|-1,-1|-1,-1|-1,-1|29,2|-1,-1|
#type=4,4,4,4,4,4,4,4,0,4,
..........
#11111111111111111
#assigned_pet=-1,-1,-1,-1,-1,-1,-1,-1,-1,-1,
#assigned_hub=1,0,8,6,4,3,2,5,-1,7,
#moving_targetting_pos=6,16|6,6|26,26|26,6|16,16|16,6|6,26|16,26|29,30|26,16|
#setting_targetting_pos=-1,-1|-1,-1|-1,-1|-1,-1|-1,-1|-1,-1|-1,-1|-1,-1|29,2|-1,-1|
#type=4,4,4,4,4,4,4,4,0,4,
..........
#11111111111111111
#assigned_pet=-1,-1,-1,-1,-1,-1,-1,-1,-1,-1,
#assigned_hub=1,0,8,6,4,3,2,5,-1,7,
#moving_targetting_pos=6,16|6,6|26,26|26,6|16,16|16,6|6,26|16,26|29,30|26,16|
#setting_targetting_pos=-1,-1|-1,-1|-1,-1|-1,-1|-1,-1|-1,-1|-1,-1|-1,-1|29,2|-1,-1|
#type=4,4,4,4,4,4,4,4,0,4,
..........
#11111111111111111
#assigned_pet=-1,-1,-1,-1,-1,-1,-1,-1,-1,-1,
#assigned_hub=1,0,8,6,4,3,2,5,-1,7,
#moving_targetting_pos=6,16|6,6|26,26|26,6|16,16|16,6|6,26|16,26|29,30|26,16|
#setting_targetting_pos=-1,-1|-1,-1|-1,-1|-1,-1|-1,-1|-1,-1|-1,-1|-1,-1|29,2|-1,-1|
#type=4,4,4,4,4,4,4,4,0,4,
..........
#11111111111111111
#assigned_pet=-1,-1,-1,-1,-1,-1,-1,-1,-1,-1,
#assigned_hub=1,0,8,6,4,3,2,5,-1,7,
#moving_targetting_pos=6,16|6,6|26,26|26,6|16,16|16,6|6,26|16,26|29,30|26,16|
#setting_targetting_pos=-1,-1|-1,-1|-1,-1|-1,-1|-1,-1|-1,-1|-1,-1|-1,-1|29,2|-1,-1|
#type=4,4,4,4,4,4,4,4,0,4,
..........
#11111111111111111
#assigned_pet=-1,-1,-1,-1,-1,-1,-1,-1,-1,-1,
#assigned_hub=1,0,8,6,4,3,2,5,-1,7,
#moving_targetting_pos=6,16|6,6|26,26|26,6|16,16|16,6|6,26|16,26|29,30|26,16|
#setting_targetting_pos=-1,-1|-1,-1|-1,-1|-1,-1|-1,-1|-1,-1|-1,-1|-1,-1|29,2|-1,-1|
#type=4,4,4,4,4,4,4,4,0,4,
..........
#11111111111111111
#assigned_pet=-1,-1,-1,-1,-1,-1,-1,-1,-1,-1,
#assigned_hub=1,0,8,6,4,3,2,5,-1,7,
#moving_targetting_pos=6,16|6,6|26,26|26,6|16,16|16,6|6,26|16,26|29,30|26,16|
#setting_targetting_pos=-1,-1|-1,-1|-1,-1|-1,-1|-1,-1|-1,-1|-1,-1|-1,-1|29,2|-1,-1|
#type=4,4,4,4,4,4,4,4,0,4,
..........
#11111111111111111
#assigned_pet=-1,-1,-1,-1,-1,-1,-1,-1,-1,-1,
#assigned_hub=1,0,8,6,4,3,2,5,-1,7,
#moving_targetting_pos=6,16|6,6|26,26|26,6|16,16|16,6|6,26|16,26|29,30|26,16|
#setting_targetting_pos=-1,-1|-1,-1|-1,-1|-1,-1|-1,-1|-1,-1|-1,-1|-1,-1|29,2|-1,-1|
#type=4,4,4,4,4,4,4,4,0,4,
..........
#11111111111111111
#assigned_pet=-1,-1,-1,-1,-1,-1,-1,-1,-1,-1,
#assigned_hub=1,0,8,6,4,3,2,5,-1,7,
#moving_targetting_pos=6,16|6,6|26,26|26,6|16,16|16,6|6,26|16,26|29,30|26,16|
#setting_targetting_pos=-1,-1|-1,-1|-1,-1|-1,-1|-1,-1|-1,-1|-1,-1|-1,-1|29,2|-1,-1|
#type=4,4,4,4,4,4,4,4,0,4,
..........
#11111111111111111
#assigned_pet=-1,-1,-1,-1,-1,-1,-1,-1,-1,-1,
#assigned_hub=1,0,8,6,4,3,2,5,-1,7,
#moving_targetting_pos=6,16|6,6|26,26|26,6|16,16|16,6|6,26|16,26|29,30|26,16|
#setting_targetting_pos=-1,-1|-1,-1|-1,-1|-1,-1|-1,-1|-1,-1|-1,-1|-1,-1|29,2|-1,-1|
#type=4,4,4,4,4,4,4,4,0,4,
..........
#11111111111111111
#assigned_pet=-1,-1,-1,-1,-1,-1,-1,-1,-1,-1,
#assigned_hub=1,0,8,6,4,3,2,5,-1,7,
#moving_targetting_pos=6,16|6,6|26,26|26,6|16,16|16,6|6,26|16,26|29,30|26,16|
#setting_targetting_pos=-1,-1|-1,-1|-1,-1|-1,-1|-1,-1|-1,-1|-1,-1|-1,-1|29,2|-1,-1|
#type=4,4,4,4,4,4,4,4,0,4,
..........
#11111111111111111
#assigned_pet=-1,-1,-1,-1,-1,-1,-1,-1,-1,-1,
#assigned_hub=1,0,8,6,4,3,2,5,-1,7,
#moving_targetting_pos=6,16|6,6|26,26|26,6|16,16|16,6|6,26|16,26|29,30|26,16|
#setting_targetting_pos=-1,-1|-1,-1|-1,-1|-1,-1|-1,-1|-1,-1|-1,-1|-1,-1|29,2|-1,-1|
#type=4,4,4,4,4,4,4,4,0,4,
..........
#11111111111111111
#assigned_pet=-1,-1,-1,-1,-1,-1,-1,-1,-1,-1,
#assigned_hub=1,0,8,6,4,3,2,5,-1,7,
#moving_targetting_pos=6,16|6,6|26,26|26,6|16,16|16,6|6,26|16,26|29,30|26,16|
#setting_targetting_pos=-1,-1|-1,-1|-1,-1|-1,-1|-1,-1|-1,-1|-1,-1|-1,-1|29,2|-1,-1|
#type=4,4,4,4,4,4,4,4,0,4,
..........
#11111111111111111
#assigned_pet=-1,-1,-1,-1,-1,-1,-1,-1,-1,-1,
#assigned_hub=1,0,8,6,4,3,2,5,-1,7,
#moving_targetting_pos=6,16|6,6|26,26|26,6|16,16|16,6|6,26|16,26|29,30|26,16|
#setting_targetting_pos=-1,-1|-1,-1|-1,-1|-1,-1|-1,-1|-1,-1|-1,-1|-1,-1|29,2|-1,-1|
#type=4,4,4,4,4,4,4,4,0,4,
..........
#11111111111111111
#assigned_pet=-1,-1,-1,-1,-1,-1,-1,-1,-1,-1,
#assigned_hub=1,0,8,6,4,3,2,5,-1,7,
#moving_targetting_pos=6,16|6,6|26,26|26,6|16,16|16,6|6,26|16,26|29,30|26,16|
#setting_targetting_pos=-1,-1|-1,-1|-1,-1|-1,-1|-1,-1|-1,-1|-1,-1|-1,-1|29,2|-1,-1|
#type=4,4,4,4,4,4,4,4,0,4,
..........
#11111111111111111
#assigned_pet=-1,-1,-1,-1,-1,-1,-1,-1,-1,-1,
#assigned_hub=1,0,8,6,4,3,2,5,-1,7,
#moving_targetting_pos=6,16|6,6|26,26|26,6|16,16|16,6|6,26|16,26|29,30|26,16|
#setting_targetting_pos=-1,-1|-1,-1|-1,-1|-1,-1|-1,-1|-1,-1|-1,-1|-1,-1|29,2|-1,-1|
#type=4,4,4,4,4,4,4,4,0,4,
..........
#11111111111111111
#assigned_pet=-1,-1,-1,-1,-1,-1,-1,-1,-1,-1,
#assigned_hub=1,0,8,6,4,3,2,5,-1,7,
#moving_targetting_pos=6,16|6,6|26,26|26,6|16,16|16,6|6,26|16,26|29,30|26,16|
#setting_targetting_pos=-1,-1|-1,-1|-1,-1|-1,-1|-1,-1|-1,-1|-1,-1|-1,-1|29,2|-1,-1|
#type=4,4,4,4,4,4,4,4,0,4,
..........
#11111111111111111
#assigned_pet=-1,-1,-1,-1,-1,-1,-1,-1,-1,-1,
#assigned_hub=1,0,8,6,4,3,2,5,-1,7,
#moving_targetting_pos=6,16|6,6|26,26|26,6|16,16|16,6|6,26|16,26|29,30|26,16|
#setting_targetting_pos=-1,-1|-1,-1|-1,-1|-1,-1|-1,-1|-1,-1|-1,-1|-1,-1|29,2|-1,-1|
#type=4,4,4,4,4,4,4,4,0,4,
..........
#11111111111111111
#assigned_pet=-1,-1,-1,-1,-1,-1,-1,-1,-1,-1,
#assigned_hub=1,0,8,6,4,3,2,5,-1,7,
#moving_targetting_pos=6,16|6,6|26,26|26,6|16,16|16,6|6,26|16,26|29,30|26,16|
#setting_targetting_pos=-1,-1|-1,-1|-1,-1|-1,-1|-1,-1|-1,-1|-1,-1|-1,-1|29,2|-1,-1|
#type=4,4,4,4,4,4,4,4,0,4,
..........
#11111111111111111
#assigned_pet=-1,-1,-1,-1,-1,-1,-1,-1,-1,-1,
#assigned_hub=1,0,8,6,4,3,2,5,-1,7,
#moving_targetting_pos=6,16|6,6|26,26|26,6|16,16|16,6|6,26|16,26|29,30|26,16|
#setting_targetting_pos=-1,-1|-1,-1|-1,-1|-1,-1|-1,-1|-1,-1|-1,-1|-1,-1|29,2|-1,-1|
#type=4,4,4,4,4,4,4,4,0,4,
..........
#11111111111111111
#assigned_pet=-1,-1,-1,-1,-1,-1,-1,-1,-1,-1,
#assigned_hub=1,0,8,6,4,3,2,5,-1,7,
#moving_targetting_pos=6,16|6,6|26,26|26,6|16,16|16,6|6,26|16,26|29,30|26,16|
#setting_targetting_pos=-1,-1|-1,-1|-1,-1|-1,-1|-1,-1|-1,-1|-1,-1|-1,-1|29,2|-1,-1|
#type=4,4,4,4,4,4,4,4,0,4,
..........
#11111111111111111
#assigned_pet=-1,-1,-1,-1,-1,-1,-1,-1,-1,-1,
#assigned_hub=1,0,8,6,4,3,2,5,-1,7,
#moving_targetting_pos=6,16|6,6|26,26|26,6|16,16|16,6|6,26|16,26|29,30|26,16|
#setting_targetting_pos=-1,-1|-1,-1|-1,-1|-1,-1|-1,-1|-1,-1|-1,-1|-1,-1|29,2|-1,-1|
#type=4,4,4,4,4,4,4,4,0,4,
..........
#11111111111111111
#assigned_pet=-1,-1,-1,-1,-1,-1,-1,-1,-1,-1,
#assigned_hub=1,0,8,6,4,3,2,5,-1,7,
#moving_targetting_pos=6,16|6,6|26,26|26,6|16,16|16,6|6,26|16,26|29,30|26,16|
#setting_targetting_pos=-1,-1|-1,-1|-1,-1|-1,-1|-1,-1|-1,-1|-1,-1|-1,-1|29,2|-1,-1|
#type=4,4,4,4,4,4,4,4,0,4,
..........
#11111111111111111
#assigned_pet=-1,-1,-1,-1,-1,-1,-1,-1,-1,-1,
#assigned_hub=1,0,8,6,4,3,2,5,-1,7,
#moving_targetting_pos=6,16|6,6|26,26|26,6|16,16|16,6|6,26|16,26|29,30|26,16|
#setting_targetting_pos=-1,-1|-1,-1|-1,-1|-1,-1|-1,-1|-1,-1|-1,-1|-1,-1|29,2|-1,-1|
#type=4,4,4,4,4,4,4,4,0,4,
..........
#11111111111111111
#assigned_pet=-1,-1,-1,-1,-1,-1,-1,-1,-1,-1,
#assigned_hub=1,0,8,6,4,3,2,5,-1,7,
#moving_targetting_pos=6,16|6,6|26,26|26,6|16,16|16,6|6,26|16,26|29,30|26,16|
#setting_targetting_pos=-1,-1|-1,-1|-1,-1|-1,-1|-1,-1|-1,-1|-1,-1|-1,-1|29,2|-1,-1|
#type=4,4,4,4,4,4,4,4,0,4,
..........
#11111111111111111
#assigned_pet=-1,-1,-1,-1,-1,-1,-1,-1,-1,-1,
#assigned_hub=1,0,8,6,4,3,2,5,-1,7,
#moving_targetting_pos=6,16|6,6|26,26|26,6|16,16|16,6|6,26|16,26|29,30|26,16|
#setting_targetting_pos=-1,-1|-1,-1|-1,-1|-1,-1|-1,-1|-1,-1|-1,-1|-1,-1|29,2|-1,-1|
#type=4,4,4,4,4,4,4,4,0,4,
..........
#11111111111111111
#assigned_pet=-1,-1,-1,-1,-1,-1,-1,-1,-1,-1,
#assigned_hub=1,0,8,6,4,3,2,5,-1,7,
#moving_targetting_pos=6,16|6,6|26,26|26,6|16,16|16,6|6,26|16,26|29,30|26,16|
#setting_targetting_pos=-1,-1|-1,-1|-1,-1|-1,-1|-1,-1|-1,-1|-1,-1|-1,-1|29,2|-1,-1|
#type=4,4,4,4,4,4,4,4,0,4,
..........
#11111111111111111
#assigned_pet=-1,-1,-1,-1,-1,-1,-1,-1,-1,-1,
#assigned_hub=1,0,8,6,4,3,2,5,-1,7,
#moving_targetting_pos=6,16|6,6|26,26|26,6|16,16|16,6|6,26|16,26|29,30|26,16|
#setting_targetting_pos=-1,-1|-1,-1|-1,-1|-1,-1|-1,-1|-1,-1|-1,-1|-1,-1|29,2|-1,-1|
#type=4,4,4,4,4,4,4,4,0,4,
..........
#11111111111111111
#assigned_pet=-1,-1,-1,-1,-1,-1,-1,-1,-1,-1,
#assigned_hub=1,0,8,6,4,3,2,5,-1,7,
#moving_targetting_pos=6,16|6,6|26,26|26,6|16,16|16,6|6,26|16,26|29,30|26,16|
#setting_targetting_pos=-1,-1|-1,-1|-1,-1|-1,-1|-1,-1|-1,-1|-1,-1|-1,-1|29,2|-1,-1|
#type=4,4,4,4,4,4,4,4,0,4,
..........
#11111111111111111
#assigned_pet=-1,-1,-1,-1,-1,-1,-1,-1,-1,-1,
#assigned_hub=1,0,8,6,4,3,2,5,-1,7,
#moving_targetting_pos=6,16|6,6|26,26|26,6|16,16|16,6|6,26|16,26|29,30|26,16|
#setting_targetting_pos=-1,-1|-1,-1|-1,-1|-1,-1|-1,-1|-1,-1|-1,-1|-1,-1|29,2|-1,-1|
#type=4,4,4,4,4,4,4,4,0,4,
..........
#11111111111111111
#assigned_pet=-1,-1,-1,-1,-1,-1,-1,-1,-1,-1,
#assigned_hub=1,0,8,6,4,3,2,5,-1,7,
#moving_targetting_pos=6,16|6,6|26,26|26,6|16,16|16,6|6,26|16,26|29,30|26,16|
#setting_targetting_pos=-1,-1|-1,-1|-1,-1|-1,-1|-1,-1|-1,-1|-1,-1|-1,-1|29,2|-1,-1|
#type=4,4,4,4,4,4,4,4,0,4,
..........
#11111111111111111
#assigned_pet=-1,-1,-1,-1,-1,-1,-1,-1,-1,-1,
#assigned_hub=1,0,8,6,4,3,2,5,-1,7,
#moving_targetting_pos=6,16|6,6|26,26|26,6|16,16|16,6|6,26|16,26|29,30|26,16|
#setting_targetting_pos=-1,-1|-1,-1|-1,-1|-1,-1|-1,-1|-1,-1|-1,-1|-1,-1|29,2|-1,-1|
#type=4,4,4,4,4,4,4,4,0,4,
..........
#11111111111111111
#assigned_pet=-1,-1,-1,-1,-1,-1,-1,-1,-1,-1,
#assigned_hub=1,0,8,6,4,3,2,5,-1,7,
#moving_targetting_pos=6,16|6,6|26,26|26,6|16,16|16,6|6,26|16,26|29,30|26,16|
#setting_targetting_pos=-1,-1|-1,-1|-1,-1|-1,-1|-1,-1|-1,-1|-1,-1|-1,-1|29,2|-1,-1|
#type=4,4,4,4,4,4,4,4,0,4,
..........
#11111111111111111
#assigned_pet=-1,-1,-1,-1,-1,-1,-1,-1,-1,-1,
#assigned_hub=1,0,8,6,4,3,2,5,-1,7,
#moving_targetting_pos=6,16|6,6|26,26|26,6|16,16|16,6|6,26|16,26|29,30|26,16|
#setting_targetting_pos=-1,-1|-1,-1|-1,-1|-1,-1|-1,-1|-1,-1|-1,-1|-1,-1|29,2|-1,-1|
#type=4,4,4,4,4,4,4,4,0,4,
..........
#11111111111111111
#assigned_pet=-1,-1,-1,-1,-1,-1,-1,-1,-1,-1,
#assigned_hub=1,0,8,6,4,3,2,5,-1,7,
#moving_targetting_pos=6,16|6,6|26,26|26,6|16,16|16,6|6,26|16,26|29,30|26,16|
#setting_targetting_pos=-1,-1|-1,-1|-1,-1|-1,-1|-1,-1|-1,-1|-1,-1|-1,-1|29,2|-1,-1|
#type=4,4,4,4,4,4,4,4,0,4,
..........
#11111111111111111
#assigned_pet=-1,-1,-1,-1,-1,-1,-1,-1,-1,-1,
#assigned_hub=1,0,8,6,4,3,2,5,-1,7,
#moving_targetting_pos=6,16|6,6|26,26|26,6|16,16|16,6|6,26|16,26|29,30|26,16|
#setting_targetting_pos=-1,-1|-1,-1|-1,-1|-1,-1|-1,-1|-1,-1|-1,-1|-1,-1|29,2|-1,-1|
#type=4,4,4,4,4,4,4,4,0,4,
..........
#11111111111111111
#assigned_pet=-1,-1,-1,-1,-1,-1,-1,-1,-1,-1,
#assigned_hub=1,0,8,6,4,3,2,5,-1,7,
#moving_targetting_pos=6,16|6,6|26,26|26,6|16,16|16,6|6,26|16,26|29,30|26,16|
#setting_targetting_pos=-1,-1|-1,-1|-1,-1|-1,-1|-1,-1|-1,-1|-1,-1|-1,-1|29,2|-1,-1|
#type=4,4,4,4,4,4,4,4,0,4,
..........
#11111111111111111
#assigned_pet=-1,-1,-1,-1,-1,-1,-1,-1,-1,-1,
#assigned_hub=1,0,8,6,4,3,2,5,-1,7,
#moving_targetting_pos=6,16|6,6|26,26|26,6|16,16|16,6|6,26|16,26|29,30|26,16|
#setting_targetting_pos=-1,-1|-1,-1|-1,-1|-1,-1|-1,-1|-1,-1|-1,-1|-1,-1|29,2|-1,-1|
#type=4,4,4,4,4,4,4,4,0,4,
..........
#11111111111111111
#assigned_pet=-1,-1,-1,-1,-1,-1,-1,-1,-1,-1,
#assigned_hub=1,0,8,6,4,3,2,5,-1,7,
#moving_targetting_pos=6,16|6,6|26,26|26,6|16,16|16,6|6,26|16,26|29,30|26,16|
#setting_targetting_pos=-1,-1|-1,-1|-1,-1|-1,-1|-1,-1|-1,-1|-1,-1|-1,-1|29,2|-1,-1|
#type=4,4,4,4,4,4,4,4,0,4,
..........
#11111111111111111
#assigned_pet=-1,-1,-1,-1,-1,-1,-1,-1,-1,-1,
#assigned_hub=1,0,8,6,4,3,2,5,-1,7,
#moving_targetting_pos=6,16|6,6|26,26|26,6|16,16|16,6|6,26|16,26|29,30|26,16|
#setting_targetting_pos=-1,-1|-1,-1|-1,-1|-1,-1|-1,-1|-1,-1|-1,-1|-1,-1|29,2|-1,-1|
#type=4,4,4,4,4,4,4,4,0,4,
..........
#11111111111111111
#assigned_pet=-1,-1,-1,-1,-1,-1,-1,-1,-1,-1,
#assigned_hub=1,0,8,6,4,3,2,5,-1,7,
#moving_targetting_pos=6,16|6,6|26,26|26,6|16,16|16,6|6,26|16,26|29,30|26,16|
#setting_targetting_pos=-1,-1|-1,-1|-1,-1|-1,-1|-1,-1|-1,-1|-1,-1|-1,-1|29,2|-1,-1|
#type=4,4,4,4,4,4,4,4,0,4,
..........
#11111111111111111
#assigned_pet=-1,-1,-1,-1,-1,-1,-1,-1,-1,-1,
#assigned_hub=1,0,8,6,4,3,2,5,-1,7,
#moving_targetting_pos=6,16|6,6|26,26|26,6|16,16|16,6|6,26|16,26|29,30|26,16|
#setting_targetting_pos=-1,-1|-1,-1|-1,-1|-1,-1|-1,-1|-1,-1|-1,-1|-1,-1|29,2|-1,-1|
#type=4,4,4,4,4,4,4,4,0,4,
..........
#11111111111111111
#assigned_pet=-1,-1,-1,-1,-1,-1,-1,-1,-1,-1,
#assigned_hub=1,0,8,6,4,3,2,5,-1,7,
#moving_targetting_pos=6,16|6,6|26,26|26,6|16,16|16,6|6,26|16,26|29,30|26,16|
#setting_targetting_pos=-1,-1|-1,-1|-1,-1|-1,-1|-1,-1|-1,-1|-1,-1|-1,-1|29,2|-1,-1|
#type=4,4,4,4,4,4,4,4,0,4,
..........
#11111111111111111
#assigned_pet=-1,-1,-1,-1,-1,-1,-1,-1,-1,-1,
#assigned_hub=1,0,8,6,4,3,2,5,-1,7,
#moving_targetting_pos=6,16|6,6|26,26|26,6|16,16|16,6|6,26|16,26|29,30|26,16|
#setting_targetting_pos=-1,-1|-1,-1|-1,-1|-1,-1|-1,-1|-1,-1|-1,-1|-1,-1|29,2|-1,-1|
#type=4,4,4,4,4,4,4,4,0,4,
..........
#11111111111111111
#assigned_pet=-1,-1,-1,-1,-1,-1,-1,-1,-1,-1,
#assigned_hub=1,0,8,6,4,3,2,5,-1,7,
#moving_targetting_pos=6,16|6,6|26,26|26,6|16,16|16,6|6,26|16,26|29,30|26,16|
#setting_targetting_pos=-1,-1|-1,-1|-1,-1|-1,-1|-1,-1|-1,-1|-1,-1|-1,-1|29,2|-1,-1|
#type=4,4,4,4,4,4,4,4,0,4,
..........
#11111111111111111
#assigned_pet=-1,-1,-1,-1,-1,-1,-1,-1,-1,-1,
#assigned_hub=1,0,8,6,4,3,2,5,-1,7,
#moving_targetting_pos=6,16|6,6|26,26|26,6|16,16|16,6|6,26|16,26|29,30|26,16|
#setting_targetting_pos=-1,-1|-1,-1|-1,-1|-1,-1|-1,-1|-1,-1|-1,-1|-1,-1|29,2|-1,-1|
#type=4,4,4,4,4,4,4,4,0,4,
..........
#11111111111111111
#assigned_pet=-1,-1,-1,-1,-1,-1,-1,-1,-1,-1,
#assigned_hub=1,0,8,6,4,3,2,5,-1,7,
#moving_targetting_pos=6,16|6,6|26,26|26,6|16,16|16,6|6,26|16,26|29,30|26,16|
#setting_targetting_pos=-1,-1|-1,-1|-1,-1|-1,-1|-1,-1|-1,-1|-1,-1|-1,-1|29,2|-1,-1|
#type=4,4,4,4,4,4,4,4,0,4,
..........
#11111111111111111
#assigned_pet=-1,-1,-1,-1,-1,-1,-1,-1,-1,-1,
#assigned_hub=1,0,8,6,4,3,2,5,-1,7,
#moving_targetting_pos=6,16|6,6|26,26|26,6|16,16|16,6|6,26|16,26|29,30|26,16|
#setting_targetting_pos=-1,-1|-1,-1|-1,-1|-1,-1|-1,-1|-1,-1|-1,-1|-1,-1|29,2|-1,-1|
#type=4,4,4,4,4,4,4,4,0,4,
..........
#11111111111111111
#assigned_pet=-1,-1,-1,-1,-1,-1,-1,-1,-1,-1,
#assigned_hub=1,0,8,6,4,3,2,5,-1,7,
#moving_targetting_pos=6,16|6,6|26,26|26,6|16,16|16,6|6,26|16,26|29,30|26,16|
#setting_targetting_pos=-1,-1|-1,-1|-1,-1|-1,-1|-1,-1|-1,-1|-1,-1|-1,-1|29,2|-1,-1|
#type=4,4,4,4,4,4,4,4,0,4,
..........
#11111111111111111
#assigned_pet=-1,-1,-1,-1,-1,-1,-1,-1,-1,-1,
#assigned_hub=1,0,8,6,4,3,2,5,-1,7,
#moving_targetting_pos=6,16|6,6|26,26|26,6|16,16|16,6|6,26|16,26|29,30|26,16|
#setting_targetting_pos=-1,-1|-1,-1|-1,-1|-1,-1|-1,-1|-1,-1|-1,-1|-1,-1|29,2|-1,-1|
#type=4,4,4,4,4,4,4,4,0,4,
..........
#11111111111111111
#assigned_pet=-1,-1,-1,-1,-1,-1,-1,-1,-1,-1,
#assigned_hub=1,0,8,6,4,3,2,5,-1,7,
#moving_targetting_pos=6,16|6,6|26,26|26,6|16,16|16,6|6,26|16,26|29,30|26,16|
#setting_targetting_pos=-1,-1|-1,-1|-1,-1|-1,-1|-1,-1|-1,-1|-1,-1|-1,-1|29,2|-1,-1|
#type=4,4,4,4,4,4,4,4,0,4,
..........
#11111111111111111
#assigned_pet=-1,-1,-1,-1,-1,-1,-1,-1,-1,-1,
#assigned_hub=1,0,8,6,4,3,2,5,-1,7,
#moving_targetting_pos=6,16|6,6|26,26|26,6|16,16|16,6|6,26|16,26|29,30|26,16|
#setting_targetting_pos=-1,-1|-1,-1|-1,-1|-1,-1|-1,-1|-1,-1|-1,-1|-1,-1|29,2|-1,-1|
#type=4,4,4,4,4,4,4,4,0,4,
..........
#11111111111111111
#assigned_pet=-1,-1,-1,-1,-1,-1,-1,-1,-1,-1,
#assigned_hub=1,0,8,6,4,3,2,5,-1,7,
#moving_targetting_pos=6,16|6,6|26,26|26,6|16,16|16,6|6,26|16,26|29,30|26,16|
#setting_targetting_pos=-1,-1|-1,-1|-1,-1|-1,-1|-1,-1|-1,-1|-1,-1|-1,-1|29,2|-1,-1|
#type=4,4,4,4,4,4,4,4,0,4,
..........
#11111111111111111
#assigned_pet=-1,-1,-1,-1,-1,-1,-1,-1,-1,-1,
#assigned_hub=1,0,8,6,4,3,2,5,-1,7,
#moving_targetting_pos=6,16|6,6|26,26|26,6|16,16|16,6|6,26|16,26|29,30|26,16|
#setting_targetting_pos=-1,-1|-1,-1|-1,-1|-1,-1|-1,-1|-1,-1|-1,-1|-1,-1|29,2|-1,-1|
#type=4,4,4,4,4,4,4,4,0,4,
..........
#11111111111111111
#assigned_pet=-1,-1,-1,-1,-1,-1,-1,-1,-1,-1,
#assigned_hub=1,0,8,6,4,3,2,5,-1,7,
#moving_targetting_pos=6,16|6,6|26,26|26,6|16,16|16,6|6,26|16,26|29,30|26,16|
#setting_targetting_pos=-1,-1|-1,-1|-1,-1|-1,-1|-1,-1|-1,-1|-1,-1|-1,-1|29,2|-1,-1|
#type=4,4,4,4,4,4,4,4,0,4,
..........
#11111111111111111
#assigned_pet=-1,-1,-1,-1,-1,-1,-1,-1,-1,-1,
#assigned_hub=1,0,8,6,4,3,2,5,-1,7,
#moving_targetting_pos=6,16|6,6|26,26|26,6|16,16|16,6|6,26|16,26|29,30|26,16|
#setting_targetting_pos=-1,-1|-1,-1|-1,-1|-1,-1|-1,-1|-1,-1|-1,-1|-1,-1|29,2|-1,-1|
#type=4,4,4,4,4,4,4,4,0,4,
..........
#11111111111111111
#assigned_pet=-1,-1,-1,-1,-1,-1,-1,-1,-1,-1,
#assigned_hub=1,0,8,6,4,3,2,5,-1,7,
#moving_targetting_pos=6,16|6,6|26,26|26,6|16,16|16,6|6,26|16,26|29,30|26,16|
#setting_targetting_pos=-1,-1|-1,-1|-1,-1|-1,-1|-1,-1|-1,-1|-1,-1|-1,-1|29,2|-1,-1|
#type=4,4,4,4,4,4,4,4,0,4,
..........
#11111111111111111
#assigned_pet=-1,-1,-1,-1,-1,-1,-1,-1,-1,-1,
#assigned_hub=1,0,8,6,4,3,2,5,-1,7,
#moving_targetting_pos=6,16|6,6|26,26|26,6|16,16|16,6|6,26|16,26|29,30|26,16|
#setting_targetting_pos=-1,-1|-1,-1|-1,-1|-1,-1|-1,-1|-1,-1|-1,-1|-1,-1|29,2|-1,-1|
#type=4,4,4,4,4,4,4,4,0,4,
..........
#11111111111111111
#assigned_pet=-1,-1,-1,-1,-1,-1,-1,-1,-1,-1,
#assigned_hub=1,0,8,6,4,3,2,5,-1,7,
#moving_targetting_pos=6,16|6,6|26,26|26,6|16,16|16,6|6,26|16,26|29,30|26,16|
#setting_targetting_pos=-1,-1|-1,-1|-1,-1|-1,-1|-1,-1|-1,-1|-1,-1|-1,-1|29,2|-1,-1|
#type=4,4,4,4,4,4,4,4,0,4,
..........
#11111111111111111
#assigned_pet=-1,-1,-1,-1,-1,-1,-1,-1,-1,-1,
#assigned_hub=1,0,8,6,4,3,2,5,-1,7,
#moving_targetting_pos=6,16|6,6|26,26|26,6|16,16|16,6|6,26|16,26|29,30|26,16|
#setting_targetting_pos=-1,-1|-1,-1|-1,-1|-1,-1|-1,-1|-1,-1|-1,-1|-1,-1|29,2|-1,-1|
#type=4,4,4,4,4,4,4,4,0,4,
..........
#11111111111111111
#assigned_pet=-1,-1,-1,-1,-1,-1,-1,-1,-1,-1,
#assigned_hub=1,0,8,6,4,3,2,5,-1,7,
#moving_targetting_pos=6,16|6,6|26,26|26,6|16,16|16,6|6,26|16,26|29,30|26,16|
#setting_targetting_pos=-1,-1|-1,-1|-1,-1|-1,-1|-1,-1|-1,-1|-1,-1|-1,-1|29,2|-1,-1|
#type=4,4,4,4,4,4,4,4,0,4,
..........
#11111111111111111
#assigned_pet=-1,-1,-1,-1,-1,-1,-1,-1,-1,-1,
#assigned_hub=1,0,8,6,4,3,2,5,-1,7,
#moving_targetting_pos=6,16|6,6|26,26|26,6|16,16|16,6|6,26|16,26|29,30|26,16|
#setting_targetting_pos=-1,-1|-1,-1|-1,-1|-1,-1|-1,-1|-1,-1|-1,-1|-1,-1|29,2|-1,-1|
#type=4,4,4,4,4,4,4,4,0,4,
..........
#11111111111111111
#assigned_pet=-1,-1,-1,-1,-1,-1,-1,-1,-1,-1,
#assigned_hub=1,0,8,6,4,3,2,5,-1,7,
#moving_targetting_pos=6,16|6,6|26,26|26,6|16,16|16,6|6,26|16,26|29,30|26,16|
#setting_targetting_pos=-1,-1|-1,-1|-1,-1|-1,-1|-1,-1|-1,-1|-1,-1|-1,-1|29,2|-1,-1|
#type=4,4,4,4,4,4,4,4,0,4,
..........
#11111111111111111
#assigned_pet=-1,-1,-1,-1,-1,-1,-1,-1,-1,-1,
#assigned_hub=1,0,8,6,4,3,2,5,-1,7,
#moving_targetting_pos=6,16|6,6|26,26|26,6|16,16|16,6|6,26|16,26|29,30|26,16|
#setting_targetting_pos=-1,-1|-1,-1|-1,-1|-1,-1|-1,-1|-1,-1|-1,-1|-1,-1|29,2|-1,-1|
#type=4,4,4,4,4,4,4,4,0,4,
..........
#11111111111111111
#assigned_pet=-1,-1,-1,-1,-1,-1,-1,-1,-1,-1,
#assigned_hub=1,0,8,6,4,3,2,5,-1,7,
#moving_targetting_pos=6,16|6,6|26,26|26,6|16,16|16,6|6,26|16,26|29,30|26,16|
#setting_targetting_pos=-1,-1|-1,-1|-1,-1|-1,-1|-1,-1|-1,-1|-1,-1|-1,-1|29,2|-1,-1|
#type=4,4,4,4,4,4,4,4,0,4,
..........
#11111111111111111
#assigned_pet=-1,-1,-1,-1,-1,-1,-1,-1,-1,-1,
#assigned_hub=1,0,8,6,4,3,2,5,-1,7,
#moving_targetting_pos=6,16|6,6|26,26|26,6|16,16|16,6|6,26|16,26|29,30|26,16|
#setting_targetting_pos=-1,-1|-1,-1|-1,-1|-1,-1|-1,-1|-1,-1|-1,-1|-1,-1|29,2|-1,-1|
#type=4,4,4,4,4,4,4,4,0,4,
..........
#11111111111111111
#assigned_pet=-1,-1,-1,-1,-1,-1,-1,-1,-1,-1,
#assigned_hub=1,0,8,6,4,3,2,5,-1,7,
#moving_targetting_pos=6,16|6,6|26,26|26,6|16,16|16,6|6,26|16,26|29,30|26,16|
#setting_targetting_pos=-1,-1|-1,-1|-1,-1|-1,-1|-1,-1|-1,-1|-1,-1|-1,-1|29,2|-1,-1|
#type=4,4,4,4,4,4,4,4,0,4,
..........
#11111111111111111
#assigned_pet=-1,-1,-1,-1,-1,-1,-1,-1,-1,-1,
#assigned_hub=1,0,8,6,4,3,2,5,-1,7,
#moving_targetting_pos=6,16|6,6|26,26|26,6|16,16|16,6|6,26|16,26|29,30|26,16|
#setting_targetting_pos=-1,-1|-1,-1|-1,-1|-1,-1|-1,-1|-1,-1|-1,-1|-1,-1|29,2|-1,-1|
#type=4,4,4,4,4,4,4,4,0,4,
..........
#11111111111111111
#assigned_pet=-1,-1,-1,-1,-1,-1,-1,-1,-1,-1,
#assigned_hub=1,0,8,6,4,3,2,5,-1,7,
#moving_targetting_pos=6,16|6,6|26,26|26,6|16,16|16,6|6,26|16,26|29,30|26,16|
#setting_targetting_pos=-1,-1|-1,-1|-1,-1|-1,-1|-1,-1|-1,-1|-1,-1|-1,-1|29,2|-1,-1|
#type=4,4,4,4,4,4,4,4,0,4,
..........
#11111111111111111
#assigned_pet=-1,-1,-1,-1,-1,-1,-1,-1,-1,-1,
#assigned_hub=1,0,8,6,4,3,2,5,-1,7,
#moving_targetting_pos=6,16|6,6|26,26|26,6|16,16|16,6|6,26|16,26|29,30|26,16|
#setting_targetting_pos=-1,-1|-1,-1|-1,-1|-1,-1|-1,-1|-1,-1|-1,-1|-1,-1|29,2|-1,-1|
#type=4,4,4,4,4,4,4,4,0,4,
..........
#11111111111111111
#assigned_pet=-1,-1,-1,-1,-1,-1,-1,-1,-1,-1,
#assigned_hub=1,0,8,6,4,3,2,5,-1,7,
#moving_targetting_pos=6,16|6,6|26,26|26,6|16,16|16,6|6,26|16,26|29,30|26,16|
#setting_targetting_pos=-1,-1|-1,-1|-1,-1|-1,-1|-1,-1|-1,-1|-1,-1|-1,-1|29,2|-1,-1|
#type=4,4,4,4,4,4,4,4,0,4,
..........
#11111111111111111
#assigned_pet=-1,-1,-1,-1,-1,-1,-1,-1,-1,-1,
#assigned_hub=1,0,8,6,4,3,2,5,-1,7,
#moving_targetting_pos=6,16|6,6|26,26|26,6|16,16|16,6|6,26|16,26|29,30|26,16|
#setting_targetting_pos=-1,-1|-1,-1|-1,-1|-1,-1|-1,-1|-1,-1|-1,-1|-1,-1|29,2|-1,-1|
#type=4,4,4,4,4,4,4,4,0,4,
..........
#11111111111111111
#assigned_pet=-1,-1,-1,-1,-1,-1,-1,-1,-1,-1,
#assigned_hub=1,0,8,6,4,3,2,5,-1,7,
#moving_targetting_pos=6,16|6,6|26,26|26,6|16,16|16,6|6,26|16,26|29,30|26,16|
#setting_targetting_pos=-1,-1|-1,-1|-1,-1|-1,-1|-1,-1|-1,-1|-1,-1|-1,-1|29,2|-1,-1|
#type=4,4,4,4,4,4,4,4,0,4,
..........
#11111111111111111
#assigned_pet=-1,-1,-1,-1,-1,-1,-1,-1,-1,-1,
#assigned_hub=1,0,8,6,4,3,2,5,-1,7,
#moving_targetting_pos=6,16|6,6|26,26|26,6|16,16|16,6|6,26|16,26|29,30|26,16|
#setting_targetting_pos=-1,-1|-1,-1|-1,-1|-1,-1|-1,-1|-1,-1|-1,-1|-1,-1|29,2|-1,-1|
#type=4,4,4,4,4,4,4,4,0,4,
..........
#11111111111111111
#assigned_pet=-1,-1,-1,-1,-1,-1,-1,-1,-1,-1,
#assigned_hub=1,0,8,6,4,3,2,5,-1,7,
#moving_targetting_pos=6,16|6,6|26,26|26,6|16,16|16,6|6,26|16,26|29,30|26,16|
#setting_targetting_pos=-1,-1|-1,-1|-1,-1|-1,-1|-1,-1|-1,-1|-1,-1|-1,-1|29,2|-1,-1|
#type=4,4,4,4,4,4,4,4,0,4,
..........
#11111111111111111
#assigned_pet=-1,-1,-1,-1,-1,-1,-1,-1,-1,-1,
#assigned_hub=1,0,8,6,4,3,2,5,-1,7,
#moving_targetting_pos=6,16|6,6|26,26|26,6|16,16|16,6|6,26|16,26|29,30|26,16|
#setting_targetting_pos=-1,-1|-1,-1|-1,-1|-1,-1|-1,-1|-1,-1|-1,-1|-1,-1|29,2|-1,-1|
#type=4,4,4,4,4,4,4,4,0,4,
..........
#11111111111111111
#assigned_pet=-1,-1,-1,-1,-1,-1,-1,-1,-1,-1,
#assigned_hub=1,0,8,6,4,3,2,5,-1,7,
#moving_targetting_pos=6,16|6,6|26,26|26,6|16,16|16,6|6,26|16,26|29,30|26,16|
#setting_targetting_pos=-1,-1|-1,-1|-1,-1|-1,-1|-1,-1|-1,-1|-1,-1|-1,-1|29,2|-1,-1|
#type=4,4,4,4,4,4,4,4,0,4,
..........
#11111111111111111
#assigned_pet=-1,-1,-1,-1,-1,-1,-1,-1,-1,-1,
#assigned_hub=1,0,8,6,4,3,2,5,-1,7,
#moving_targetting_pos=6,16|6,6|26,26|26,6|16,16|16,6|6,26|16,26|29,30|26,16|
#setting_targetting_pos=-1,-1|-1,-1|-1,-1|-1,-1|-1,-1|-1,-1|-1,-1|-1,-1|29,2|-1,-1|
#type=4,4,4,4,4,4,4,4,0,4,
..........
#11111111111111111
#assigned_pet=-1,-1,-1,-1,-1,-1,-1,-1,-1,-1,
#assigned_hub=1,0,8,6,4,3,2,5,-1,7,
#moving_targetting_pos=6,16|6,6|26,26|26,6|16,16|16,6|6,26|16,26|29,30|26,16|
#setting_targetting_pos=-1,-1|-1,-1|-1,-1|-1,-1|-1,-1|-1,-1|-1,-1|-1,-1|29,2|-1,-1|
#type=4,4,4,4,4,4,4,4,0,4,
..........
#11111111111111111
#assigned_pet=-1,-1,-1,-1,-1,-1,-1,-1,-1,-1,
#assigned_hub=1,0,8,6,4,3,2,5,-1,7,
#moving_targetting_pos=6,16|6,6|26,26|26,6|16,16|16,6|6,26|16,26|29,30|26,16|
#setting_targetting_pos=-1,-1|-1,-1|-1,-1|-1,-1|-1,-1|-1,-1|-1,-1|-1,-1|29,2|-1,-1|
#type=4,4,4,4,4,4,4,4,0,4,
..........
#11111111111111111
#assigned_pet=-1,-1,-1,-1,-1,-1,-1,-1,-1,-1,
#assigned_hub=1,0,8,6,4,3,2,5,-1,7,
#moving_targetting_pos=6,16|6,6|26,26|26,6|16,16|16,6|6,26|16,26|29,30|26,16|
#setting_targetting_pos=-1,-1|-1,-1|-1,-1|-1,-1|-1,-1|-1,-1|-1,-1|-1,-1|29,2|-1,-1|
#type=4,4,4,4,4,4,4,4,0,4,
..........
#11111111111111111
#assigned_pet=-1,-1,-1,-1,-1,-1,-1,-1,-1,-1,
#assigned_hub=1,0,8,6,4,3,2,5,-1,7,
#moving_targetting_pos=6,16|6,6|26,26|26,6|16,16|16,6|6,26|16,26|29,30|26,16|
#setting_targetting_pos=-1,-1|-1,-1|-1,-1|-1,-1|-1,-1|-1,-1|-1,-1|-1,-1|29,2|-1,-1|
#type=4,4,4,4,4,4,4,4,0,4,
..........
#11111111111111111
#assigned_pet=-1,-1,-1,-1,-1,-1,-1,-1,-1,-1,
#assigned_hub=1,0,8,6,4,3,2,5,-1,7,
#moving_targetting_pos=6,16|6,6|26,26|26,6|16,16|16,6|6,26|16,26|29,30|26,16|
#setting_targetting_pos=-1,-1|-1,-1|-1,-1|-1,-1|-1,-1|-1,-1|-1,-1|-1,-1|29,2|-1,-1|
#type=4,4,4,4,4,4,4,4,0,4,
..........
#11111111111111111
#assigned_pet=-1,-1,-1,-1,-1,-1,-1,-1,-1,-1,
#assigned_hub=1,0,8,6,4,3,2,5,-1,7,
#moving_targetting_pos=6,16|6,6|26,26|26,6|16,16|16,6|6,26|16,26|29,30|26,16|
#setting_targetting_pos=-1,-1|-1,-1|-1,-1|-1,-1|-1,-1|-1,-1|-1,-1|-1,-1|29,2|-1,-1|
#type=4,4,4,4,4,4,4,4,0,4,
..........
#11111111111111111
#assigned_pet=-1,-1,-1,-1,-1,-1,-1,-1,-1,-1,
#assigned_hub=1,0,8,6,4,3,2,5,-1,7,
#moving_targetting_pos=6,16|6,6|26,26|26,6|16,16|16,6|6,26|16,26|29,30|26,16|
#setting_targetting_pos=-1,-1|-1,-1|-1,-1|-1,-1|-1,-1|-1,-1|-1,-1|-1,-1|29,2|-1,-1|
#type=4,4,4,4,4,4,4,4,0,4,
..........
#11111111111111111
#assigned_pet=-1,-1,-1,-1,-1,-1,-1,-1,-1,-1,
#assigned_hub=1,0,8,6,4,3,2,5,-1,7,
#moving_targetting_pos=6,16|6,6|26,26|26,6|16,16|16,6|6,26|16,26|29,30|26,16|
#setting_targetting_pos=-1,-1|-1,-1|-1,-1|-1,-1|-1,-1|-1,-1|-1,-1|-1,-1|29,2|-1,-1|
#type=4,4,4,4,4,4,4,4,0,4,
..........
#11111111111111111
#assigned_pet=-1,-1,-1,-1,-1,-1,-1,-1,-1,-1,
#assigned_hub=1,0,8,6,4,3,2,5,-1,7,
#moving_targetting_pos=6,16|6,6|26,26|26,6|16,16|16,6|6,26|16,26|29,30|26,16|
#setting_targetting_pos=-1,-1|-1,-1|-1,-1|-1,-1|-1,-1|-1,-1|-1,-1|-1,-1|29,2|-1,-1|
#type=4,4,4,4,4,4,4,4,0,4,
..........
#11111111111111111
#assigned_pet=-1,-1,-1,-1,-1,-1,-1,-1,-1,-1,
#assigned_hub=1,0,8,6,4,3,2,5,-1,7,
#moving_targetting_pos=6,16|6,6|26,26|26,6|16,16|16,6|6,26|16,26|29,30|26,16|
#setting_targetting_pos=-1,-1|-1,-1|-1,-1|-1,-1|-1,-1|-1,-1|-1,-1|-1,-1|29,2|-1,-1|
#type=4,4,4,4,4,4,4,4,0,4,
..........
#11111111111111111
#assigned_pet=-1,-1,-1,-1,-1,-1,-1,-1,-1,-1,
#assigned_hub=1,0,8,6,4,3,2,5,-1,7,
#moving_targetting_pos=6,16|6,6|26,26|26,6|16,16|16,6|6,26|16,26|29,30|26,16|
#setting_targetting_pos=-1,-1|-1,-1|-1,-1|-1,-1|-1,-1|-1,-1|-1,-1|-1,-1|29,2|-1,-1|
#type=4,4,4,4,4,4,4,4,0,4,
..........
#11111111111111111
#assigned_pet=-1,-1,-1,-1,-1,-1,-1,-1,-1,-1,
#assigned_hub=1,0,8,6,4,3,2,5,-1,7,
#moving_targetting_pos=6,16|6,6|26,26|26,6|16,16|16,6|6,26|16,26|29,30|26,16|
#setting_targetting_pos=-1,-1|-1,-1|-1,-1|-1,-1|-1,-1|-1,-1|-1,-1|-1,-1|29,2|-1,-1|
#type=4,4,4,4,4,4,4,4,0,4,
..........
#11111111111111111
#assigned_pet=-1,-1,-1,-1,-1,-1,-1,-1,-1,-1,
#assigned_hub=1,0,8,6,4,3,2,5,-1,7,
#moving_targetting_pos=6,16|6,6|26,26|26,6|16,16|16,6|6,26|16,26|29,30|26,16|
#setting_targetting_pos=-1,-1|-1,-1|-1,-1|-1,-1|-1,-1|-1,-1|-1,-1|-1,-1|29,2|-1,-1|
#type=4,4,4,4,4,4,4,4,0,4,
..........
#11111111111111111
#assigned_pet=-1,-1,-1,-1,-1,-1,-1,-1,-1,-1,
#assigned_hub=1,0,8,6,4,3,2,5,-1,7,
#moving_targetting_pos=6,16|6,6|26,26|26,6|16,16|16,6|6,26|16,26|29,30|26,16|
#setting_targetting_pos=-1,-1|-1,-1|-1,-1|-1,-1|-1,-1|-1,-1|-1,-1|-1,-1|29,2|-1,-1|
#type=4,4,4,4,4,4,4,4,0,4,
..........
#11111111111111111
#assigned_pet=-1,-1,-1,-1,-1,-1,-1,-1,-1,-1,
#assigned_hub=1,0,8,6,4,3,2,5,-1,7,
#moving_targetting_pos=6,16|6,6|26,26|26,6|16,16|16,6|6,26|16,26|29,30|26,16|
#setting_targetting_pos=-1,-1|-1,-1|-1,-1|-1,-1|-1,-1|-1,-1|-1,-1|-1,-1|29,2|-1,-1|
#type=4,4,4,4,4,4,4,4,0,4,
..........
#11111111111111111
#assigned_pet=-1,-1,-1,-1,-1,-1,-1,-1,-1,-1,
#assigned_hub=1,0,8,6,4,3,2,5,-1,7,
#moving_targetting_pos=6,16|6,6|26,26|26,6|16,16|16,6|6,26|16,26|29,30|26,16|
#setting_targetting_pos=-1,-1|-1,-1|-1,-1|-1,-1|-1,-1|-1,-1|-1,-1|-1,-1|29,2|-1,-1|
#type=4,4,4,4,4,4,4,4,0,4,
..........
#11111111111111111
#assigned_pet=-1,-1,-1,-1,-1,-1,-1,-1,-1,-1,
#assigned_hub=1,0,8,6,4,3,2,5,-1,7,
#moving_targetting_pos=6,16|6,6|26,26|26,6|16,16|16,6|6,26|16,26|29,30|26,16|
#setting_targetting_pos=-1,-1|-1,-1|-1,-1|-1,-1|-1,-1|-1,-1|-1,-1|-1,-1|29,2|-1,-1|
#type=4,4,4,4,4,4,4,4,0,4,
..........
#11111111111111111
#assigned_pet=-1,-1,-1,-1,-1,-1,-1,-1,-1,-1,
#assigned_hub=1,0,8,6,4,3,2,5,-1,7,
#moving_targetting_pos=6,16|6,6|26,26|26,6|16,16|16,6|6,26|16,26|29,30|26,16|
#setting_targetting_pos=-1,-1|-1,-1|-1,-1|-1,-1|-1,-1|-1,-1|-1,-1|-1,-1|29,2|-1,-1|
#type=4,4,4,4,4,4,4,4,0,4,
..........
#11111111111111111
#assigned_pet=-1,-1,-1,-1,-1,-1,-1,-1,-1,-1,
#assigned_hub=1,0,8,6,4,3,2,5,-1,7,
#moving_targetting_pos=6,16|6,6|26,26|26,6|16,16|16,6|6,26|16,26|29,30|26,16|
#setting_targetting_pos=-1,-1|-1,-1|-1,-1|-1,-1|-1,-1|-1,-1|-1,-1|-1,-1|29,2|-1,-1|
#type=4,4,4,4,4,4,4,4,0,4,
..........
#11111111111111111
#assigned_pet=-1,-1,-1,-1,-1,-1,-1,-1,-1,-1,
#assigned_hub=1,0,8,6,4,3,2,5,-1,7,
#moving_targetting_pos=6,16|6,6|26,26|26,6|16,16|16,6|6,26|16,26|29,30|26,16|
#setting_targetting_pos=-1,-1|-1,-1|-1,-1|-1,-1|-1,-1|-1,-1|-1,-1|-1,-1|29,2|-1,-1|
#type=4,4,4,4,4,4,4,4,0,4,
..........
#11111111111111111
#assigned_pet=-1,-1,-1,-1,-1,-1,-1,-1,-1,-1,
#assigned_hub=1,0,8,6,4,3,2,5,-1,7,
#moving_targetting_pos=6,16|6,6|26,26|26,6|16,16|16,6|6,26|16,26|29,30|26,16|
#setting_targetting_pos=-1,-1|-1,-1|-1,-1|-1,-1|-1,-1|-1,-1|-1,-1|-1,-1|29,2|-1,-1|
#type=4,4,4,4,4,4,4,4,0,4,
..........
#11111111111111111
#assigned_pet=-1,-1,-1,-1,-1,-1,-1,-1,-1,-1,
#assigned_hub=1,0,8,6,4,3,2,5,-1,7,
#moving_targetting_pos=6,16|6,6|26,26|26,6|16,16|16,6|6,26|16,26|29,30|26,16|
#setting_targetting_pos=-1,-1|-1,-1|-1,-1|-1,-1|-1,-1|-1,-1|-1,-1|-1,-1|29,2|-1,-1|
#type=4,4,4,4,4,4,4,4,0,4,
..........
#11111111111111111
#assigned_pet=-1,-1,-1,-1,-1,-1,-1,-1,-1,-1,
#assigned_hub=1,0,8,6,4,3,2,5,-1,7,
#moving_targetting_pos=6,16|6,6|26,26|26,6|16,16|16,6|6,26|16,26|29,30|26,16|
#setting_targetting_pos=-1,-1|-1,-1|-1,-1|-1,-1|-1,-1|-1,-1|-1,-1|-1,-1|29,2|-1,-1|
#type=4,4,4,4,4,4,4,4,0,4,
..........
#11111111111111111
#assigned_pet=-1,-1,-1,-1,-1,-1,-1,-1,-1,-1,
#assigned_hub=1,0,8,6,4,3,2,5,-1,7,
#moving_targetting_pos=6,16|6,6|26,26|26,6|16,16|16,6|6,26|16,26|29,30|26,16|
#setting_targetting_pos=-1,-1|-1,-1|-1,-1|-1,-1|-1,-1|-1,-1|-1,-1|-1,-1|29,2|-1,-1|
#type=4,4,4,4,4,4,4,4,0,4,
..........
#11111111111111111
#assigned_pet=-1,-1,-1,-1,-1,-1,-1,-1,-1,-1,
#assigned_hub=1,0,8,6,4,3,2,5,-1,7,
#moving_targetting_pos=6,16|6,6|26,26|26,6|16,16|16,6|6,26|16,26|29,30|26,16|
#setting_targetting_pos=-1,-1|-1,-1|-1,-1|-1,-1|-1,-1|-1,-1|-1,-1|-1,-1|29,2|-1,-1|
#type=4,4,4,4,4,4,4,4,0,4,
..........
#11111111111111111
#assigned_pet=-1,-1,-1,-1,-1,-1,-1,-1,-1,-1,
#assigned_hub=1,0,8,6,4,3,2,5,-1,7,
#moving_targetting_pos=6,16|6,6|26,26|26,6|16,16|16,6|6,26|16,26|29,30|26,16|
#setting_targetting_pos=-1,-1|-1,-1|-1,-1|-1,-1|-1,-1|-1,-1|-1,-1|-1,-1|29,2|-1,-1|
#type=4,4,4,4,4,4,4,4,0,4,
..........
#11111111111111111
#assigned_pet=-1,-1,-1,-1,-1,-1,-1,-1,-1,-1,
#assigned_hub=1,0,8,6,4,3,2,5,-1,7,
#moving_targetting_pos=6,16|6,6|26,26|26,6|16,16|16,6|6,26|16,26|29,30|26,16|
#setting_targetting_pos=-1,-1|-1,-1|-1,-1|-1,-1|-1,-1|-1,-1|-1,-1|-1,-1|29,2|-1,-1|
#type=4,4,4,4,4,4,4,4,0,4,
..........
#11111111111111111
#assigned_pet=-1,-1,-1,-1,-1,-1,-1,-1,-1,-1,
#assigned_hub=1,0,8,6,4,3,2,5,-1,7,
#moving_targetting_pos=6,16|6,6|26,26|26,6|16,16|16,6|6,26|16,26|29,30|26,16|
#setting_targetting_pos=-1,-1|-1,-1|-1,-1|-1,-1|-1,-1|-1,-1|-1,-1|-1,-1|29,2|-1,-1|
#type=4,4,4,4,4,4,4,4,0,4,
..........
#11111111111111111
#assigned_pet=-1,-1,-1,-1,-1,-1,-1,-1,-1,-1,
#assigned_hub=1,0,8,6,4,3,2,5,-1,7,
#moving_targetting_pos=6,16|6,6|26,26|26,6|16,16|16,6|6,26|16,26|29,30|26,16|
#setting_targetting_pos=-1,-1|-1,-1|-1,-1|-1,-1|-1,-1|-1,-1|-1,-1|-1,-1|29,2|-1,-1|
#type=4,4,4,4,4,4,4,4,0,4,
..........
#11111111111111111
#assigned_pet=-1,-1,-1,-1,-1,-1,-1,-1,-1,-1,
#assigned_hub=1,0,8,6,4,3,2,5,-1,7,
#moving_targetting_pos=6,16|6,6|26,26|26,6|16,16|16,6|6,26|16,26|29,30|26,16|
#setting_targetting_pos=-1,-1|-1,-1|-1,-1|-1,-1|-1,-1|-1,-1|-1,-1|-1,-1|29,2|-1,-1|
#type=4,4,4,4,4,4,4,4,0,4,
..........
#11111111111111111
#assigned_pet=-1,-1,-1,-1,-1,-1,-1,-1,-1,-1,
#assigned_hub=1,0,8,6,4,3,2,5,-1,7,
#moving_targetting_pos=6,16|6,6|26,26|26,6|16,16|16,6|6,26|16,26|29,30|26,16|
#setting_targetting_pos=-1,-1|-1,-1|-1,-1|-1,-1|-1,-1|-1,-1|-1,-1|-1,-1|29,2|-1,-1|
#type=4,4,4,4,4,4,4,4,0,4,
..........
#11111111111111111
#assigned_pet=-1,-1,-1,-1,-1,-1,-1,-1,-1,-1,
#assigned_hub=1,0,8,6,4,3,2,5,-1,7,
#moving_targetting_pos=6,16|6,6|26,26|26,6|16,16|16,6|6,26|16,26|29,30|26,16|
#setting_targetting_pos=-1,-1|-1,-1|-1,-1|-1,-1|-1,-1|-1,-1|-1,-1|-1,-1|29,2|-1,-1|
#type=4,4,4,4,4,4,4,4,0,4,
..........
#11111111111111111
#assigned_pet=-1,-1,-1,-1,-1,-1,-1,-1,-1,-1,
#assigned_hub=1,0,8,6,4,3,2,5,-1,7,
#moving_targetting_pos=6,16|6,6|26,26|26,6|16,16|16,6|6,26|16,26|29,30|26,16|
#setting_targetting_pos=-1,-1|-1,-1|-1,-1|-1,-1|-1,-1|-1,-1|-1,-1|-1,-1|29,2|-1,-1|
#type=4,4,4,4,4,4,4,4,0,4,
..........
#11111111111111111
#assigned_pet=-1,-1,-1,-1,-1,-1,-1,-1,-1,-1,
#assigned_hub=1,0,8,6,4,3,2,5,-1,7,
#moving_targetting_pos=6,16|6,6|26,26|26,6|16,16|16,6|6,26|16,26|29,30|26,16|
#setting_targetting_pos=-1,-1|-1,-1|-1,-1|-1,-1|-1,-1|-1,-1|-1,-1|-1,-1|29,2|-1,-1|
#type=4,4,4,4,4,4,4,4,0,4,
..........
#11111111111111111
#assigned_pet=-1,-1,-1,-1,-1,-1,-1,-1,-1,-1,
#assigned_hub=1,0,8,6,4,3,2,5,-1,7,
#moving_targetting_pos=6,16|6,6|26,26|26,6|16,16|16,6|6,26|16,26|29,30|26,16|
#setting_targetting_pos=-1,-1|-1,-1|-1,-1|-1,-1|-1,-1|-1,-1|-1,-1|-1,-1|29,2|-1,-1|
#type=4,4,4,4,4,4,4,4,0,4,
..........
#11111111111111111
#assigned_pet=-1,-1,-1,-1,-1,-1,-1,-1,-1,-1,
#assigned_hub=1,0,8,6,4,3,2,5,-1,7,
#moving_targetting_pos=6,16|6,6|26,26|26,6|16,16|16,6|6,26|16,26|29,30|26,16|
#setting_targetting_pos=-1,-1|-1,-1|-1,-1|-1,-1|-1,-1|-1,-1|-1,-1|-1,-1|29,2|-1,-1|
#type=4,4,4,4,4,4,4,4,0,4,
..........
#11111111111111111
#assigned_pet=-1,-1,-1,-1,-1,-1,-1,-1,-1,-1,
#assigned_hub=1,0,8,6,4,3,2,5,-1,7,
#moving_targetting_pos=6,16|6,6|26,26|26,6|16,16|16,6|6,26|16,26|29,30|26,16|
#setting_targetting_pos=-1,-1|-1,-1|-1,-1|-1,-1|-1,-1|-1,-1|-1,-1|-1,-1|29,2|-1,-1|
#type=4,4,4,4,4,4,4,4,0,4,
..........
#11111111111111111
#assigned_pet=-1,-1,-1,-1,-1,-1,-1,-1,-1,-1,
#assigned_hub=1,0,8,6,4,3,2,5,-1,7,
#moving_targetting_pos=6,16|6,6|26,26|26,6|16,16|16,6|6,26|16,26|29,30|26,16|
#setting_targetting_pos=-1,-1|-1,-1|-1,-1|-1,-1|-1,-1|-1,-1|-1,-1|-1,-1|29,2|-1,-1|
#type=4,4,4,4,4,4,4,4,0,4,
..........
#11111111111111111
#assigned_pet=-1,-1,-1,-1,-1,-1,-1,-1,-1,-1,
#assigned_hub=1,0,8,6,4,3,2,5,-1,7,
#moving_targetting_pos=6,16|6,6|26,26|26,6|16,16|16,6|6,26|16,26|29,30|26,16|
#setting_targetting_pos=-1,-1|-1,-1|-1,-1|-1,-1|-1,-1|-1,-1|-1,-1|-1,-1|29,2|-1,-1|
#type=4,4,4,4,4,4,4,4,0,4,
..........
#11111111111111111
#assigned_pet=-1,-1,-1,-1,-1,-1,-1,-1,-1,-1,
#assigned_hub=1,0,8,6,4,3,2,5,-1,7,
#moving_targetting_pos=6,16|6,6|26,26|26,6|16,16|16,6|6,26|16,26|29,30|26,16|
#setting_targetting_pos=-1,-1|-1,-1|-1,-1|-1,-1|-1,-1|-1,-1|-1,-1|-1,-1|29,2|-1,-1|
#type=4,4,4,4,4,4,4,4,0,4,
..........
#11111111111111111
#assigned_pet=-1,-1,-1,-1,-1,-1,-1,-1,-1,-1,
#assigned_hub=1,0,8,6,4,3,2,5,-1,7,
#moving_targetting_pos=6,16|6,6|26,26|26,6|16,16|16,6|6,26|16,26|29,30|26,16|
#setting_targetting_pos=-1,-1|-1,-1|-1,-1|-1,-1|-1,-1|-1,-1|-1,-1|-1,-1|29,2|-1,-1|
#type=4,4,4,4,4,4,4,4,0,4,
..........
#11111111111111111
#assigned_pet=-1,-1,-1,-1,-1,-1,-1,-1,-1,-1,
#assigned_hub=1,0,8,6,4,3,2,5,-1,7,
#moving_targetting_pos=6,16|6,6|26,26|26,6|16,16|16,6|6,26|16,26|29,30|26,16|
#setting_targetting_pos=-1,-1|-1,-1|-1,-1|-1,-1|-1,-1|-1,-1|-1,-1|-1,-1|29,2|-1,-1|
#type=4,4,4,4,4,4,4,4,0,4,
..........
#11111111111111111
#assigned_pet=-1,-1,-1,-1,-1,-1,-1,-1,-1,-1,
#assigned_hub=1,0,8,6,4,3,2,5,-1,7,
#moving_targetting_pos=6,16|6,6|26,26|26,6|16,16|16,6|6,26|16,26|29,30|26,16|
#setting_targetting_pos=-1,-1|-1,-1|-1,-1|-1,-1|-1,-1|-1,-1|-1,-1|-1,-1|29,2|-1,-1|
#type=4,4,4,4,4,4,4,4,0,4,
..........
#11111111111111111
#assigned_pet=-1,-1,-1,-1,-1,-1,-1,-1,-1,-1,
#assigned_hub=1,0,8,6,4,3,2,5,-1,7,
#moving_targetting_pos=6,16|6,6|26,26|26,6|16,16|16,6|6,26|16,26|29,30|26,16|
#setting_targetting_pos=-1,-1|-1,-1|-1,-1|-1,-1|-1,-1|-1,-1|-1,-1|-1,-1|29,2|-1,-1|
#type=4,4,4,4,4,4,4,4,0,4,
..........
#11111111111111111
#assigned_pet=-1,-1,-1,-1,-1,-1,-1,-1,-1,-1,
#assigned_hub=1,0,8,6,4,3,2,5,-1,7,
#moving_targetting_pos=6,16|6,6|26,26|26,6|16,16|16,6|6,26|16,26|29,30|26,16|
#setting_targetting_pos=-1,-1|-1,-1|-1,-1|-1,-1|-1,-1|-1,-1|-1,-1|-1,-1|29,2|-1,-1|
#type=4,4,4,4,4,4,4,4,0,4,
..........
#11111111111111111
#assigned_pet=-1,-1,-1,-1,-1,-1,-1,-1,-1,-1,
#assigned_hub=1,0,8,6,4,3,2,5,-1,7,
#moving_targetting_pos=6,16|6,6|26,26|26,6|16,16|16,6|6,26|16,26|29,30|26,16|
#setting_targetting_pos=-1,-1|-1,-1|-1,-1|-1,-1|-1,-1|-1,-1|-1,-1|-1,-1|29,2|-1,-1|
#type=4,4,4,4,4,4,4,4,0,4,
..........
#11111111111111111
#assigned_pet=-1,-1,-1,-1,-1,-1,-1,-1,-1,-1,
#assigned_hub=1,0,8,6,4,3,2,5,-1,7,
#moving_targetting_pos=6,16|6,6|26,26|26,6|16,16|16,6|6,26|16,26|29,30|26,16|
#setting_targetting_pos=-1,-1|-1,-1|-1,-1|-1,-1|-1,-1|-1,-1|-1,-1|-1,-1|29,2|-1,-1|
#type=4,4,4,4,4,4,4,4,0,4,
..........
#11111111111111111
#assigned_pet=-1,-1,-1,-1,-1,-1,-1,-1,-1,-1,
#assigned_hub=1,0,8,6,4,3,2,5,-1,7,
#moving_targetting_pos=6,16|6,6|26,26|26,6|16,16|16,6|6,26|16,26|29,30|26,16|
#setting_targetting_pos=-1,-1|-1,-1|-1,-1|-1,-1|-1,-1|-1,-1|-1,-1|-1,-1|29,2|-1,-1|
#type=4,4,4,4,4,4,4,4,0,4,
..........
#11111111111111111
#assigned_pet=-1,-1,-1,-1,-1,-1,-1,-1,-1,-1,
#assigned_hub=1,0,8,6,4,3,2,5,-1,7,
#moving_targetting_pos=6,16|6,6|26,26|26,6|16,16|16,6|6,26|16,26|29,30|26,16|
#setting_targetting_pos=-1,-1|-1,-1|-1,-1|-1,-1|-1,-1|-1,-1|-1,-1|-1,-1|29,2|-1,-1|
#type=4,4,4,4,4,4,4,4,0,4,
..........
#11111111111111111
#assigned_pet=-1,-1,-1,-1,-1,-1,-1,-1,-1,-1,
#assigned_hub=1,0,8,6,4,3,2,5,-1,7,
#moving_targetting_pos=6,16|6,6|26,26|26,6|16,16|16,6|6,26|16,26|29,30|26,16|
#setting_targetting_pos=-1,-1|-1,-1|-1,-1|-1,-1|-1,-1|-1,-1|-1,-1|-1,-1|29,2|-1,-1|
#type=4,4,4,4,4,4,4,4,0,4,
..........
#11111111111111111
#assigned_pet=-1,-1,-1,-1,-1,-1,-1,-1,-1,-1,
#assigned_hub=1,0,8,6,4,3,2,5,-1,7,
#moving_targetting_pos=6,16|6,6|26,26|26,6|16,16|16,6|6,26|16,26|29,30|26,16|
#setting_targetting_pos=-1,-1|-1,-1|-1,-1|-1,-1|-1,-1|-1,-1|-1,-1|-1,-1|29,2|-1,-1|
#type=4,4,4,4,4,4,4,4,0,4,
..........
#11111111111111111
#assigned_pet=-1,-1,-1,-1,-1,-1,-1,-1,-1,-1,
#assigned_hub=1,0,8,6,4,3,2,5,-1,7,
#moving_targetting_pos=6,16|6,6|26,26|26,6|16,16|16,6|6,26|16,26|29,30|26,16|
#setting_targetting_pos=-1,-1|-1,-1|-1,-1|-1,-1|-1,-1|-1,-1|-1,-1|-1,-1|29,2|-1,-1|
#type=4,4,4,4,4,4,4,4,0,4,
..........
#11111111111111111
#assigned_pet=-1,-1,-1,-1,-1,-1,-1,-1,-1,-1,
#assigned_hub=1,0,8,6,4,3,2,5,-1,7,
#moving_targetting_pos=6,16|6,6|26,26|26,6|16,16|16,6|6,26|16,26|29,30|26,16|
#setting_targetting_pos=-1,-1|-1,-1|-1,-1|-1,-1|-1,-1|-1,-1|-1,-1|-1,-1|29,2|-1,-1|
#type=4,4,4,4,4,4,4,4,0,4,
..........
#11111111111111111
#assigned_pet=-1,-1,-1,-1,-1,-1,-1,-1,-1,-1,
#assigned_hub=1,0,8,6,4,3,2,5,-1,7,
#moving_targetting_pos=6,16|6,6|26,26|26,6|16,16|16,6|6,26|16,26|29,30|26,16|
#setting_targetting_pos=-1,-1|-1,-1|-1,-1|-1,-1|-1,-1|-1,-1|-1,-1|-1,-1|29,2|-1,-1|
#type=4,4,4,4,4,4,4,4,0,4,
..........
#11111111111111111
#assigned_pet=-1,-1,-1,-1,-1,-1,-1,-1,-1,-1,
#assigned_hub=1,0,8,6,4,3,2,5,-1,7,
#moving_targetting_pos=6,16|6,6|26,26|26,6|16,16|16,6|6,26|16,26|29,30|26,16|
#setting_targetting_pos=-1,-1|-1,-1|-1,-1|-1,-1|-1,-1|-1,-1|-1,-1|-1,-1|29,2|-1,-1|
#type=4,4,4,4,4,4,4,4,0,4,
..........
#11111111111111111
#assigned_pet=-1,-1,-1,-1,-1,-1,-1,-1,-1,-1,
#assigned_hub=1,0,8,6,4,3,2,5,-1,7,
#moving_targetting_pos=6,16|6,6|26,26|26,6|16,16|16,6|6,26|16,26|29,30|26,16|
#setting_targetting_pos=-1,-1|-1,-1|-1,-1|-1,-1|-1,-1|-1,-1|-1,-1|-1,-1|29,2|-1,-1|
#type=4,4,4,4,4,4,4,4,0,4,
..........
#11111111111111111
#assigned_pet=-1,-1,-1,-1,-1,-1,-1,-1,-1,-1,
#assigned_hub=1,0,8,6,4,3,2,5,-1,7,
#moving_targetting_pos=6,16|6,6|26,26|26,6|16,16|16,6|6,26|16,26|29,30|26,16|
#setting_targetting_pos=-1,-1|-1,-1|-1,-1|-1,-1|-1,-1|-1,-1|-1,-1|-1,-1|29,2|-1,-1|
#type=4,4,4,4,4,4,4,4,0,4,
..........
#11111111111111111
#assigned_pet=-1,-1,-1,-1,-1,-1,-1,-1,-1,-1,
#assigned_hub=1,0,8,6,4,3,2,5,-1,7,
#moving_targetting_pos=6,16|6,6|26,26|26,6|16,16|16,6|6,26|16,26|29,30|26,16|
#setting_targetting_pos=-1,-1|-1,-1|-1,-1|-1,-1|-1,-1|-1,-1|-1,-1|-1,-1|29,2|-1,-1|
#type=4,4,4,4,4,4,4,4,0,4,
..........
#11111111111111111
#assigned_pet=-1,-1,-1,-1,-1,-1,-1,-1,-1,-1,
#assigned_hub=1,0,8,6,4,3,2,5,-1,7,
#moving_targetting_pos=6,16|6,6|26,26|26,6|16,16|16,6|6,26|16,26|29,30|26,16|
#setting_targetting_pos=-1,-1|-1,-1|-1,-1|-1,-1|-1,-1|-1,-1|-1,-1|-1,-1|29,2|-1,-1|
#type=4,4,4,4,4,4,4,4,0,4,
..........
#11111111111111111
#assigned_pet=-1,-1,-1,-1,-1,-1,-1,-1,-1,-1,
#assigned_hub=1,0,8,6,4,3,2,5,-1,7,
#moving_targetting_pos=6,16|6,6|26,26|26,6|16,16|16,6|6,26|16,26|29,30|26,16|
#setting_targetting_pos=-1,-1|-1,-1|-1,-1|-1,-1|-1,-1|-1,-1|-1,-1|-1,-1|29,2|-1,-1|
#type=4,4,4,4,4,4,4,4,0,4,
..........
#11111111111111111
#assigned_pet=-1,-1,-1,-1,-1,-1,-1,-1,-1,-1,
#assigned_hub=1,0,8,6,4,3,2,5,-1,7,
#moving_targetting_pos=6,16|6,6|26,26|26,6|16,16|16,6|6,26|16,26|29,30|26,16|
#setting_targetting_pos=-1,-1|-1,-1|-1,-1|-1,-1|-1,-1|-1,-1|-1,-1|-1,-1|29,2|-1,-1|
#type=4,4,4,4,4,4,4,4,0,4,
..........
#11111111111111111
#assigned_pet=-1,-1,-1,-1,-1,-1,-1,-1,-1,-1,
#assigned_hub=1,0,8,6,4,3,2,5,-1,7,
#moving_targetting_pos=6,16|6,6|26,26|26,6|16,16|16,6|6,26|16,26|29,30|26,16|
#setting_targetting_pos=-1,-1|-1,-1|-1,-1|-1,-1|-1,-1|-1,-1|-1,-1|-1,-1|29,2|-1,-1|
#type=4,4,4,4,4,4,4,4,0,4,
..........
#11111111111111111
#assigned_pet=-1,-1,-1,-1,-1,-1,-1,-1,-1,-1,
#assigned_hub=1,0,8,6,4,3,2,5,-1,7,
#moving_targetting_pos=6,16|6,6|26,26|26,6|16,16|16,6|6,26|16,26|29,30|26,16|
#setting_targetting_pos=-1,-1|-1,-1|-1,-1|-1,-1|-1,-1|-1,-1|-1,-1|-1,-1|29,2|-1,-1|
#type=4,4,4,4,4,4,4,4,0,4,
..........
#11111111111111111
#assigned_pet=-1,-1,-1,-1,-1,-1,-1,-1,-1,-1,
#assigned_hub=1,0,8,6,4,3,2,5,-1,7,
#moving_targetting_pos=6,16|6,6|26,26|26,6|16,16|16,6|6,26|16,26|29,30|26,16|
#setting_targetting_pos=-1,-1|-1,-1|-1,-1|-1,-1|-1,-1|-1,-1|-1,-1|-1,-1|29,2|-1,-1|
#type=4,4,4,4,4,4,4,4,0,4,
..........
#11111111111111111
#assigned_pet=-1,-1,-1,-1,-1,-1,-1,-1,-1,-1,
#assigned_hub=1,0,8,6,4,3,2,5,-1,7,
#moving_targetting_pos=6,16|6,6|26,26|26,6|16,16|16,6|6,26|16,26|29,30|26,16|
#setting_targetting_pos=-1,-1|-1,-1|-1,-1|-1,-1|-1,-1|-1,-1|-1,-1|-1,-1|29,2|-1,-1|
#type=4,4,4,4,4,4,4,4,0,4,
..........
#11111111111111111
#assigned_pet=-1,-1,-1,-1,-1,-1,-1,-1,-1,-1,
#assigned_hub=1,0,8,6,4,3,2,5,-1,7,
#moving_targetting_pos=6,16|6,6|26,26|26,6|16,16|16,6|6,26|16,26|29,30|26,16|
#setting_targetting_pos=-1,-1|-1,-1|-1,-1|-1,-1|-1,-1|-1,-1|-1,-1|-1,-1|29,2|-1,-1|
#type=4,4,4,4,4,4,4,4,0,4,
..........
#11111111111111111
#assigned_pet=-1,-1,-1,-1,-1,-1,-1,-1,-1,-1,
#assigned_hub=1,0,8,6,4,3,2,5,-1,7,
#moving_targetting_pos=6,16|6,6|26,26|26,6|16,16|16,6|6,26|16,26|29,30|26,16|
#setting_targetting_pos=-1,-1|-1,-1|-1,-1|-1,-1|-1,-1|-1,-1|-1,-1|-1,-1|29,2|-1,-1|
#type=4,4,4,4,4,4,4,4,0,4,
..........
#11111111111111111
#assigned_pet=-1,-1,-1,-1,-1,-1,-1,-1,-1,-1,
#assigned_hub=1,0,8,6,4,3,2,5,-1,7,
#moving_targetting_pos=6,16|6,6|26,26|26,6|16,16|16,6|6,26|16,26|29,30|26,16|
#setting_targetting_pos=-1,-1|-1,-1|-1,-1|-1,-1|-1,-1|-1,-1|-1,-1|-1,-1|29,2|-1,-1|
#type=4,4,4,4,4,4,4,4,0,4,
..........
#11111111111111111
#assigned_pet=-1,-1,-1,-1,-1,-1,-1,-1,-1,-1,
#assigned_hub=1,0,8,6,4,3,2,5,-1,7,
#moving_targetting_pos=6,16|6,6|26,26|26,6|16,16|16,6|6,26|16,26|29,30|26,16|
#setting_targetting_pos=-1,-1|-1,-1|-1,-1|-1,-1|-1,-1|-1,-1|-1,-1|-1,-1|29,2|-1,-1|
#type=4,4,4,4,4,4,4,4,0,4,
..........
#11111111111111111
#assigned_pet=-1,-1,-1,-1,-1,-1,-1,-1,-1,-1,
#assigned_hub=1,0,8,6,4,3,2,5,-1,7,
#moving_targetting_pos=6,16|6,6|26,26|26,6|16,16|16,6|6,26|16,26|29,30|26,16|
#setting_targetting_pos=-1,-1|-1,-1|-1,-1|-1,-1|-1,-1|-1,-1|-1,-1|-1,-1|29,2|-1,-1|
#type=4,4,4,4,4,4,4,4,0,4,
..........
#11111111111111111
#assigned_pet=-1,-1,-1,-1,-1,-1,-1,-1,-1,-1,
#assigned_hub=1,0,8,6,4,3,2,5,-1,7,
#moving_targetting_pos=6,16|6,6|26,26|26,6|16,16|16,6|6,26|16,26|29,30|26,16|
#setting_targetting_pos=-1,-1|-1,-1|-1,-1|-1,-1|-1,-1|-1,-1|-1,-1|-1,-1|29,2|-1,-1|
#type=4,4,4,4,4,4,4,4,0,4,
..........
#11111111111111111
#assigned_pet=-1,-1,-1,-1,-1,-1,-1,-1,-1,-1,
#assigned_hub=1,0,8,6,4,3,2,5,-1,7,
#moving_targetting_pos=6,16|6,6|26,26|26,6|16,16|16,6|6,26|16,26|29,30|26,16|
#setting_targetting_pos=-1,-1|-1,-1|-1,-1|-1,-1|-1,-1|-1,-1|-1,-1|-1,-1|29,2|-1,-1|
#type=4,4,4,4,4,4,4,4,0,4,
..........
#11111111111111111
#assigned_pet=-1,-1,-1,-1,-1,-1,-1,-1,-1,-1,
#assigned_hub=1,0,8,6,4,3,2,5,-1,7,
#moving_targetting_pos=6,16|6,6|26,26|26,6|16,16|16,6|6,26|16,26|29,30|26,16|
#setting_targetting_pos=-1,-1|-1,-1|-1,-1|-1,-1|-1,-1|-1,-1|-1,-1|-1,-1|29,2|-1,-1|
#type=4,4,4,4,4,4,4,4,0,4,
..........
#11111111111111111
#assigned_pet=-1,-1,-1,-1,-1,-1,-1,-1,-1,-1,
#assigned_hub=1,0,8,6,4,3,2,5,-1,7,
#moving_targetting_pos=6,16|6,6|26,26|26,6|16,16|16,6|6,26|16,26|29,30|26,16|
#setting_targetting_pos=-1,-1|-1,-1|-1,-1|-1,-1|-1,-1|-1,-1|-1,-1|-1,-1|29,2|-1,-1|
#type=4,4,4,4,4,4,4,4,0,4,
..........
#11111111111111111
#assigned_pet=-1,-1,-1,-1,-1,-1,-1,-1,-1,-1,
#assigned_hub=1,0,8,6,4,3,2,5,-1,7,
#moving_targetting_pos=6,16|6,6|26,26|26,6|16,16|16,6|6,26|16,26|29,30|26,16|
#setting_targetting_pos=-1,-1|-1,-1|-1,-1|-1,-1|-1,-1|-1,-1|-1,-1|-1,-1|29,2|-1,-1|
#type=4,4,4,4,4,4,4,4,0,4,
..........
#11111111111111111
#assigned_pet=-1,-1,-1,-1,-1,-1,-1,-1,-1,-1,
#assigned_hub=1,0,8,6,4,3,2,5,-1,7,
#moving_targetting_pos=6,16|6,6|26,26|26,6|16,16|16,6|6,26|16,26|29,30|26,16|
#setting_targetting_pos=-1,-1|-1,-1|-1,-1|-1,-1|-1,-1|-1,-1|-1,-1|-1,-1|29,2|-1,-1|
#type=4,4,4,4,4,4,4,4,0,4,
..........
#11111111111111111
#assigned_pet=-1,-1,-1,-1,-1,-1,-1,-1,-1,-1,
#assigned_hub=1,0,8,6,4,3,2,5,-1,7,
#moving_targetting_pos=6,16|6,6|26,26|26,6|16,16|16,6|6,26|16,26|29,30|26,16|
#setting_targetting_pos=-1,-1|-1,-1|-1,-1|-1,-1|-1,-1|-1,-1|-1,-1|-1,-1|29,2|-1,-1|
#type=4,4,4,4,4,4,4,4,0,4,
..........
#11111111111111111
#assigned_pet=-1,-1,-1,-1,-1,-1,-1,-1,-1,-1,
#assigned_hub=1,0,8,6,4,3,2,5,-1,7,
#moving_targetting_pos=6,16|6,6|26,26|26,6|16,16|16,6|6,26|16,26|29,30|26,16|
#setting_targetting_pos=-1,-1|-1,-1|-1,-1|-1,-1|-1,-1|-1,-1|-1,-1|-1,-1|29,2|-1,-1|
#type=4,4,4,4,4,4,4,4,0,4,
..........
#11111111111111111
#assigned_pet=-1,-1,-1,-1,-1,-1,-1,-1,-1,-1,
#assigned_hub=1,0,8,6,4,3,2,5,-1,7,
#moving_targetting_pos=6,16|6,6|26,26|26,6|16,16|16,6|6,26|16,26|29,30|26,16|
#setting_targetting_pos=-1,-1|-1,-1|-1,-1|-1,-1|-1,-1|-1,-1|-1,-1|-1,-1|29,2|-1,-1|
#type=4,4,4,4,4,4,4,4,0,4,
..........
#11111111111111111
#assigned_pet=-1,-1,-1,-1,-1,-1,-1,-1,-1,-1,
#assigned_hub=1,0,8,6,4,3,2,5,-1,7,
#moving_targetting_pos=6,16|6,6|26,26|26,6|16,16|16,6|6,26|16,26|29,30|26,16|
#setting_targetting_pos=-1,-1|-1,-1|-1,-1|-1,-1|-1,-1|-1,-1|-1,-1|-1,-1|29,2|-1,-1|
#type=4,4,4,4,4,4,4,4,0,4,
..........
#11111111111111111
#assigned_pet=-1,-1,-1,-1,-1,-1,-1,-1,-1,-1,
#assigned_hub=1,0,8,6,4,3,2,5,-1,7,
#moving_targetting_pos=6,16|6,6|26,26|26,6|16,16|16,6|6,26|16,26|29,30|26,16|
#setting_targetting_pos=-1,-1|-1,-1|-1,-1|-1,-1|-1,-1|-1,-1|-1,-1|-1,-1|29,2|-1,-1|
#type=4,4,4,4,4,4,4,4,0,4,
..........
#11111111111111111
#assigned_pet=-1,-1,-1,-1,-1,-1,-1,-1,-1,-1,
#assigned_hub=1,0,8,6,4,3,2,5,-1,7,
#moving_targetting_pos=6,16|6,6|26,26|26,6|16,16|16,6|6,26|16,26|29,30|26,16|
#setting_targetting_pos=-1,-1|-1,-1|-1,-1|-1,-1|-1,-1|-1,-1|-1,-1|-1,-1|29,2|-1,-1|
#type=4,4,4,4,4,4,4,4,0,4,
..........
#11111111111111111
#assigned_pet=-1,-1,-1,-1,-1,-1,-1,-1,-1,-1,
#assigned_hub=1,0,8,6,4,3,2,5,-1,7,
#moving_targetting_pos=6,16|6,6|26,26|26,6|16,16|16,6|6,26|16,26|29,30|26,16|
#setting_targetting_pos=-1,-1|-1,-1|-1,-1|-1,-1|-1,-1|-1,-1|-1,-1|-1,-1|29,2|-1,-1|
#type=4,4,4,4,4,4,4,4,0,4,
..........
#11111111111111111
#assigned_pet=-1,-1,-1,-1,-1,-1,-1,-1,-1,-1,
#assigned_hub=1,0,8,6,4,3,2,5,-1,7,
#moving_targetting_pos=6,16|6,6|26,26|26,6|16,16|16,6|6,26|16,26|29,30|26,16|
#setting_targetting_pos=-1,-1|-1,-1|-1,-1|-1,-1|-1,-1|-1,-1|-1,-1|-1,-1|29,2|-1,-1|
#type=4,4,4,4,4,4,4,4,0,4,
..........
#11111111111111111
#assigned_pet=-1,-1,-1,-1,-1,-1,-1,-1,-1,-1,
#assigned_hub=1,0,8,6,4,3,2,5,-1,7,
#moving_targetting_pos=6,16|6,6|26,26|26,6|16,16|16,6|6,26|16,26|29,30|26,16|
#setting_targetting_pos=-1,-1|-1,-1|-1,-1|-1,-1|-1,-1|-1,-1|-1,-1|-1,-1|29,2|-1,-1|
#type=4,4,4,4,4,4,4,4,0,4,
..........
#11111111111111111
#assigned_pet=-1,-1,-1,-1,-1,-1,-1,-1,-1,-1,
#assigned_hub=1,0,8,6,4,3,2,5,-1,7,
#moving_targetting_pos=6,16|6,6|26,26|26,6|16,16|16,6|6,26|16,26|29,30|26,16|
#setting_targetting_pos=-1,-1|-1,-1|-1,-1|-1,-1|-1,-1|-1,-1|-1,-1|-1,-1|29,2|-1,-1|
#type=4,4,4,4,4,4,4,4,0,4,
..........
#11111111111111111
#assigned_pet=-1,-1,-1,-1,-1,-1,-1,-1,-1,-1,
#assigned_hub=1,0,8,6,4,3,2,5,-1,7,
#moving_targetting_pos=6,16|6,6|26,26|26,6|16,16|16,6|6,26|16,26|29,30|26,16|
#setting_targetting_pos=-1,-1|-1,-1|-1,-1|-1,-1|-1,-1|-1,-1|-1,-1|-1,-1|29,2|-1,-1|
#type=4,4,4,4,4,4,4,4,0,4,
..........
#11111111111111111
#assigned_pet=-1,-1,-1,-1,-1,-1,-1,-1,-1,-1,
#assigned_hub=1,0,8,6,4,3,2,5,-1,7,
#moving_targetting_pos=6,16|6,6|26,26|26,6|16,16|16,6|6,26|16,26|29,30|26,16|
#setting_targetting_pos=-1,-1|-1,-1|-1,-1|-1,-1|-1,-1|-1,-1|-1,-1|-1,-1|29,2|-1,-1|
#type=4,4,4,4,4,4,4,4,0,4,
..........
#11111111111111111
#assigned_pet=-1,-1,-1,-1,-1,-1,-1,-1,-1,-1,
#assigned_hub=1,0,8,6,4,3,2,5,-1,7,
#moving_targetting_pos=6,16|6,6|26,26|26,6|16,16|16,6|6,26|16,26|29,30|26,16|
#setting_targetting_pos=-1,-1|-1,-1|-1,-1|-1,-1|-1,-1|-1,-1|-1,-1|-1,-1|29,2|-1,-1|
#type=4,4,4,4,4,4,4,4,0,4,
..........
#11111111111111111
#assigned_pet=-1,-1,-1,-1,-1,-1,-1,-1,-1,-1,
#assigned_hub=1,0,8,6,4,3,2,5,-1,7,
#moving_targetting_pos=6,16|6,6|26,26|26,6|16,16|16,6|6,26|16,26|29,30|26,16|
#setting_targetting_pos=-1,-1|-1,-1|-1,-1|-1,-1|-1,-1|-1,-1|-1,-1|-1,-1|29,2|-1,-1|
#type=4,4,4,4,4,4,4,4,0,4,
..........
#11111111111111111
#assigned_pet=-1,-1,-1,-1,-1,-1,-1,-1,-1,-1,
#assigned_hub=1,0,8,6,4,3,2,5,-1,7,
#moving_targetting_pos=6,16|6,6|26,26|26,6|16,16|16,6|6,26|16,26|29,30|26,16|
#setting_targetting_pos=-1,-1|-1,-1|-1,-1|-1,-1|-1,-1|-1,-1|-1,-1|-1,-1|29,2|-1,-1|
#type=4,4,4,4,4,4,4,4,0,4,
..........
#11111111111111111
#assigned_pet=-1,-1,-1,-1,-1,-1,-1,-1,-1,-1,
#assigned_hub=1,0,8,6,4,3,2,5,-1,7,
#moving_targetting_pos=6,16|6,6|26,26|26,6|16,16|16,6|6,26|16,26|29,30|26,16|
#setting_targetting_pos=-1,-1|-1,-1|-1,-1|-1,-1|-1,-1|-1,-1|-1,-1|-1,-1|29,2|-1,-1|
#type=4,4,4,4,4,4,4,4,0,4,
..........
#11111111111111111
#assigned_pet=-1,-1,-1,-1,-1,-1,-1,-1,-1,-1,
#assigned_hub=1,0,8,6,4,3,2,5,-1,7,
#moving_targetting_pos=6,16|6,6|26,26|26,6|16,16|16,6|6,26|16,26|29,30|26,16|
#setting_targetting_pos=-1,-1|-1,-1|-1,-1|-1,-1|-1,-1|-1,-1|-1,-1|-1,-1|29,2|-1,-1|
#type=4,4,4,4,4,4,4,4,0,4,
..........
#11111111111111111
#assigned_pet=-1,-1,-1,-1,-1,-1,-1,-1,-1,-1,
#assigned_hub=1,0,8,6,4,3,2,5,-1,7,
#moving_targetting_pos=6,16|6,6|26,26|26,6|16,16|16,6|6,26|16,26|29,30|26,16|
#setting_targetting_pos=-1,-1|-1,-1|-1,-1|-1,-1|-1,-1|-1,-1|-1,-1|-1,-1|29,2|-1,-1|
#type=4,4,4,4,4,4,4,4,0,4,
..........
#11111111111111111
#assigned_pet=-1,-1,-1,-1,-1,-1,-1,-1,-1,-1,
#assigned_hub=1,0,8,6,4,3,2,5,-1,7,
#moving_targetting_pos=6,16|6,6|26,26|26,6|16,16|16,6|6,26|16,26|29,30|26,16|
#setting_targetting_pos=-1,-1|-1,-1|-1,-1|-1,-1|-1,-1|-1,-1|-1,-1|-1,-1|29,2|-1,-1|
#type=4,4,4,4,4,4,4,4,0,4,
..........
#11111111111111111
#assigned_pet=-1,-1,-1,-1,-1,-1,-1,-1,-1,-1,
#assigned_hub=1,0,8,6,4,3,2,5,-1,7,
#moving_targetting_pos=6,16|6,6|26,26|26,6|16,16|16,6|6,26|16,26|29,30|26,16|
#setting_targetting_pos=-1,-1|-1,-1|-1,-1|-1,-1|-1,-1|-1,-1|-1,-1|-1,-1|29,2|-1,-1|
#type=4,4,4,4,4,4,4,4,0,4,
..........
#11111111111111111
#assigned_pet=-1,-1,-1,-1,-1,-1,-1,-1,-1,-1,
#assigned_hub=1,0,8,6,4,3,2,5,-1,7,
#moving_targetting_pos=6,16|6,6|26,26|26,6|16,16|16,6|6,26|16,26|29,30|26,16|
#setting_targetting_pos=-1,-1|-1,-1|-1,-1|-1,-1|-1,-1|-1,-1|-1,-1|-1,-1|29,2|-1,-1|
#type=4,4,4,4,4,4,4,4,0,4,
..........
#11111111111111111
#assigned_pet=-1,-1,-1,-1,-1,-1,-1,-1,-1,-1,
#assigned_hub=1,0,8,6,4,3,2,5,-1,7,
#moving_targetting_pos=6,16|6,6|26,26|26,6|16,16|16,6|6,26|16,26|29,30|26,16|
#setting_targetting_pos=-1,-1|-1,-1|-1,-1|-1,-1|-1,-1|-1,-1|-1,-1|-1,-1|29,2|-1,-1|
#type=4,4,4,4,4,4,4,4,0,4,
..........
#11111111111111111
#assigned_pet=-1,-1,-1,-1,-1,-1,-1,-1,-1,-1,
#assigned_hub=1,0,8,6,4,3,2,5,-1,7,
#moving_targetting_pos=6,16|6,6|26,26|26,6|16,16|16,6|6,26|16,26|29,30|26,16|
#setting_targetting_pos=-1,-1|-1,-1|-1,-1|-1,-1|-1,-1|-1,-1|-1,-1|-1,-1|29,2|-1,-1|
#type=4,4,4,4,4,4,4,4,0,4,
..........
#11111111111111111
#assigned_pet=-1,-1,-1,-1,-1,-1,-1,-1,-1,-1,
#assigned_hub=1,0,8,6,4,3,2,5,-1,7,
#moving_targetting_pos=6,16|6,6|26,26|26,6|16,16|16,6|6,26|16,26|29,30|26,16|
#setting_targetting_pos=-1,-1|-1,-1|-1,-1|-1,-1|-1,-1|-1,-1|-1,-1|-1,-1|29,2|-1,-1|
#type=4,4,4,4,4,4,4,4,0,4,
..........
#11111111111111111
#assigned_pet=-1,-1,-1,-1,-1,-1,-1,-1,-1,-1,
#assigned_hub=1,0,8,6,4,3,2,5,-1,7,
#moving_targetting_pos=6,16|6,6|26,26|26,6|16,16|16,6|6,26|16,26|29,30|26,16|
#setting_targetting_pos=-1,-1|-1,-1|-1,-1|-1,-1|-1,-1|-1,-1|-1,-1|-1,-1|29,2|-1,-1|
#type=4,4,4,4,4,4,4,4,0,4,
..........
#11111111111111111
#assigned_pet=-1,-1,-1,-1,-1,-1,-1,-1,-1,-1,
#assigned_hub=1,0,8,6,4,3,2,5,-1,7,
#moving_targetting_pos=6,16|6,6|26,26|26,6|16,16|16,6|6,26|16,26|29,30|26,16|
#setting_targetting_pos=-1,-1|-1,-1|-1,-1|-1,-1|-1,-1|-1,-1|-1,-1|-1,-1|29,2|-1,-1|
#type=4,4,4,4,4,4,4,4,0,4,
..........
#11111111111111111
#assigned_pet=-1,-1,-1,-1,-1,-1,-1,-1,-1,-1,
#assigned_hub=1,0,8,6,4,3,2,5,-1,7,
#moving_targetting_pos=6,16|6,6|26,26|26,6|16,16|16,6|6,26|16,26|29,30|26,16|
#setting_targetting_pos=-1,-1|-1,-1|-1,-1|-1,-1|-1,-1|-1,-1|-1,-1|-1,-1|29,2|-1,-1|
#type=4,4,4,4,4,4,4,4,0,4,
..........
#11111111111111111
#assigned_pet=-1,-1,-1,-1,-1,-1,-1,-1,-1,-1,
#assigned_hub=1,0,8,6,4,3,2,5,-1,7,
#moving_targetting_pos=6,16|6,6|26,26|26,6|16,16|16,6|6,26|16,26|29,30|26,16|
#setting_targetting_pos=-1,-1|-1,-1|-1,-1|-1,-1|-1,-1|-1,-1|-1,-1|-1,-1|29,2|-1,-1|
#type=4,4,4,4,4,4,4,4,0,4,
..........
#11111111111111111
#assigned_pet=-1,-1,-1,-1,-1,-1,-1,-1,-1,-1,
#assigned_hub=1,0,8,6,4,3,2,5,-1,7,
#moving_targetting_pos=6,16|6,6|26,26|26,6|16,16|16,6|6,26|16,26|29,30|26,16|
#setting_targetting_pos=-1,-1|-1,-1|-1,-1|-1,-1|-1,-1|-1,-1|-1,-1|-1,-1|29,2|-1,-1|
#type=4,4,4,4,4,4,4,4,0,4,
..........
#11111111111111111
#assigned_pet=-1,-1,-1,-1,-1,-1,-1,-1,-1,-1,
#assigned_hub=1,0,8,6,4,3,2,5,-1,7,
#moving_targetting_pos=6,16|6,6|26,26|26,6|16,16|16,6|6,26|16,26|29,30|26,16|
#setting_targetting_pos=-1,-1|-1,-1|-1,-1|-1,-1|-1,-1|-1,-1|-1,-1|-1,-1|29,2|-1,-1|
#type=4,4,4,4,4,4,4,4,0,4,
..........
#11111111111111111
#assigned_pet=-1,-1,-1,-1,-1,-1,-1,-1,-1,-1,
#assigned_hub=1,0,8,6,4,3,2,5,-1,7,
#moving_targetting_pos=6,16|6,6|26,26|26,6|16,16|16,6|6,26|16,26|29,30|26,16|
#setting_targetting_pos=-1,-1|-1,-1|-1,-1|-1,-1|-1,-1|-1,-1|-1,-1|-1,-1|29,2|-1,-1|
#type=4,4,4,4,4,4,4,4,0,4,
..........
#11111111111111111
#assigned_pet=-1,-1,-1,-1,-1,-1,-1,-1,-1,-1,
#assigned_hub=1,0,8,6,4,3,2,5,-1,7,
#moving_targetting_pos=6,16|6,6|26,26|26,6|16,16|16,6|6,26|16,26|29,30|26,16|
#setting_targetting_pos=-1,-1|-1,-1|-1,-1|-1,-1|-1,-1|-1,-1|-1,-1|-1,-1|29,2|-1,-1|
#type=4,4,4,4,4,4,4,4,0,4,
..........
#11111111111111111
#assigned_pet=-1,-1,-1,-1,-1,-1,-1,-1,-1,-1,
#assigned_hub=1,0,8,6,4,3,2,5,-1,7,
#moving_targetting_pos=6,16|6,6|26,26|26,6|16,16|16,6|6,26|16,26|29,30|26,16|
#setting_targetting_pos=-1,-1|-1,-1|-1,-1|-1,-1|-1,-1|-1,-1|-1,-1|-1,-1|29,2|-1,-1|
#type=4,4,4,4,4,4,4,4,0,4,
..........
#11111111111111111
#assigned_pet=-1,-1,-1,-1,-1,-1,-1,-1,-1,-1,
#assigned_hub=1,0,8,6,4,3,2,5,-1,7,
#moving_targetting_pos=6,16|6,6|26,26|26,6|16,16|16,6|6,26|16,26|29,30|26,16|
#setting_targetting_pos=-1,-1|-1,-1|-1,-1|-1,-1|-1,-1|-1,-1|-1,-1|-1,-1|29,2|-1,-1|
#type=4,4,4,4,4,4,4,4,0,4,
..........
#11111111111111111
#assigned_pet=-1,-1,-1,-1,-1,-1,-1,-1,-1,-1,
#assigned_hub=1,0,8,6,4,3,2,5,-1,7,
#moving_targetting_pos=6,16|6,6|26,26|26,6|16,16|16,6|6,26|16,26|29,30|26,16|
#setting_targetting_pos=-1,-1|-1,-1|-1,-1|-1,-1|-1,-1|-1,-1|-1,-1|-1,-1|29,2|-1,-1|
#type=4,4,4,4,4,4,4,4,0,4,
..........
#11111111111111111
#assigned_pet=-1,-1,-1,-1,-1,-1,-1,-1,-1,-1,
#assigned_hub=1,0,8,6,4,3,2,5,-1,7,
#moving_targetting_pos=6,16|6,6|26,26|26,6|16,16|16,6|6,26|16,26|29,30|26,16|
#setting_targetting_pos=-1,-1|-1,-1|-1,-1|-1,-1|-1,-1|-1,-1|-1,-1|-1,-1|29,2|-1,-1|
#type=4,4,4,4,4,4,4,4,0,4,
..........
#11111111111111111
#assigned_pet=-1,-1,-1,-1,-1,-1,-1,-1,-1,-1,
#assigned_hub=1,0,8,6,4,3,2,5,-1,7,
#moving_targetting_pos=6,16|6,6|26,26|26,6|16,16|16,6|6,26|16,26|29,30|26,16|
#setting_targetting_pos=-1,-1|-1,-1|-1,-1|-1,-1|-1,-1|-1,-1|-1,-1|-1,-1|29,2|-1,-1|
#type=4,4,4,4,4,4,4,4,0,4,
..........
#11111111111111111
#assigned_pet=-1,-1,-1,-1,-1,-1,-1,-1,-1,-1,
#assigned_hub=1,0,8,6,4,3,2,5,-1,7,
#moving_targetting_pos=6,16|6,6|26,26|26,6|16,16|16,6|6,26|16,26|29,30|26,16|
#setting_targetting_pos=-1,-1|-1,-1|-1,-1|-1,-1|-1,-1|-1,-1|-1,-1|-1,-1|29,2|-1,-1|
#type=4,4,4,4,4,4,4,4,0,4,
..........
#11111111111111111
#assigned_pet=-1,-1,-1,-1,-1,-1,-1,-1,-1,-1,
#assigned_hub=1,0,8,6,4,3,2,5,-1,7,
#moving_targetting_pos=6,16|6,6|26,26|26,6|16,16|16,6|6,26|16,26|29,30|26,16|
#setting_targetting_pos=-1,-1|-1,-1|-1,-1|-1,-1|-1,-1|-1,-1|-1,-1|-1,-1|29,2|-1,-1|
#type=4,4,4,4,4,4,4,4,0,4,
..........
#11111111111111111
#assigned_pet=-1,-1,-1,-1,-1,-1,-1,-1,-1,-1,
#assigned_hub=1,0,8,6,4,3,2,5,-1,7,
#moving_targetting_pos=6,16|6,6|26,26|26,6|16,16|16,6|6,26|16,26|29,30|26,16|
#setting_targetting_pos=-1,-1|-1,-1|-1,-1|-1,-1|-1,-1|-1,-1|-1,-1|-1,-1|29,2|-1,-1|
#type=4,4,4,4,4,4,4,4,0,4,
..........
