#00000000000000000
#assigned_pet=-1,-1,-1,-1,-1,-1,-1,-1,
#assigned_hub=-1,-1,-1,-1,-1,-1,-1,-1,
#moving_targetting_pos=19,2|15,30|9,2|2,29|25,30|22,29|5,30|12,29|
#setting_targetting_pos=19,30|15,1|9,30|2,1|25,1|22,1|5,1|12,1|
#type=1,1,2,1,1,1,1,1,
LRdRRRRR
#00000000000000000
#assigned_pet=-1,-1,-1,-1,-1,-1,-1,-1,
#assigned_hub=-1,-1,-1,-1,-1,-1,-1,-1,
#moving_targetting_pos=19,2|15,30|9,2|2,29|25,30|22,29|5,30|12,29|
#setting_targetting_pos=19,30|15,1|9,30|2,1|25,1|22,1|5,1|12,1|
#type=1,1,2,1,1,1,1,1,
LRRRRRRR
#00000000000000000
#assigned_pet=-1,-1,-1,-1,-1,-1,-1,-1,
#assigned_hub=-1,-1,-1,-1,-1,-1,-1,-1,
#moving_targetting_pos=19,2|15,30|9,2|2,29|25,30|22,29|5,30|12,29|
#setting_targetting_pos=19,30|15,1|9,30|2,1|25,1|22,1|5,1|12,1|
#type=1,1,2,1,1,1,1,1,
LRRRRRRR
#00000000000000000
#assigned_pet=-1,-1,-1,-1,-1,-1,-1,-1,
#assigned_hub=-1,-1,-1,-1,-1,-1,-1,-1,
#moving_targetting_pos=19,2|15,30|9,2|2,29|25,30|22,29|5,30|12,29|
#setting_targetting_pos=19,30|15,1|9,30|2,1|25,1|22,1|5,1|12,1|
#type=1,1,2,1,1,1,1,1,
LRlRRRRR
#00000000000000000
#assigned_pet=-1,-1,-1,-1,-1,-1,-1,-1,
#assigned_hub=-1,-1,-1,-1,-1,-1,-1,-1,
#moving_targetting_pos=19,2|15,30|9,2|2,29|25,30|22,29|5,30|12,29|
#setting_targetting_pos=19,30|15,1|9,30|2,1|25,1|22,1|5,1|12,1|
#type=1,1,2,1,1,1,1,1,
LRuDRURR
#00000000000000000
#assigned_pet=-1,-1,-1,-1,-1,-1,-1,-1,
#assigned_hub=-1,-1,-1,-1,-1,-1,-1,-1,
#moving_targetting_pos=19,2|15,30|9,2|2,29|25,30|22,29|5,30|12,29|
#setting_targetting_pos=19,30|15,1|9,30|2,1|25,1|22,1|5,1|12,1|
#type=1,1,2,2,1,2,1,1,
LRRrRrRR
#00000000000000000
#assigned_pet=-1,-1,-1,-1,-1,-1,-1,-1,
#assigned_hub=-1,-1,-1,-1,-1,-1,-1,-1,
#moving_targetting_pos=19,2|15,30|9,2|2,29|25,30|22,29|5,30|12,29|
#setting_targetting_pos=19,30|15,1|9,30|2,1|25,1|22,1|5,1|12,1|
#type=1,1,2,2,1,2,1,1,
LRRdRdDR
#00000000000000000
#assigned_pet=-1,-1,-1,-1,-1,-1,-1,-1,
#assigned_hub=-1,-1,-1,-1,-1,-1,-1,-1,
#moving_targetting_pos=19,2|15,30|9,2|2,29|25,30|22,29|5,30|12,29|
#setting_targetting_pos=19,30|15,1|9,30|2,1|25,1|22,1|5,1|12,1|
#type=1,1,2,2,2,2,1,1,
LRdL.LLR
#00000000000000000
#assigned_pet=-1,-1,-1,-1,-1,-1,-1,-1,
#assigned_hub=-1,-1,-1,-1,-1,-1,-1,-1,
#moving_targetting_pos=19,2|15,30|9,2|2,29|25,30|22,29|5,30|12,29|
#setting_targetting_pos=19,30|15,1|9,30|2,1|25,1|22,1|5,1|12,1|
#type=1,1,2,2,2,2,1,1,
LRRLdLDR
#00000000000000000
#assigned_pet=-1,-1,-1,-1,-1,-1,-1,-1,
#assigned_hub=-1,-1,-1,-1,-1,-1,-1,-1,
#moving_targetting_pos=19,2|15,30|9,2|2,29|25,30|22,29|5,30|12,29|
#setting_targetting_pos=19,30|15,1|9,30|2,1|25,1|22,1|5,1|12,1|
#type=1,1,2,2,2,2,1,1,
URlLLLDR
#00000000000000000
#assigned_pet=-1,-1,-1,-1,-1,-1,-1,-1,
#assigned_hub=-1,-1,-1,-1,-1,-1,-1,-1,
#moving_targetting_pos=19,2|15,30|9,2|2,29|25,30|22,29|5,30|12,29|
#setting_targetting_pos=19,30|15,1|9,30|2,1|25,1|22,1|5,1|12,1|
#type=1,1,2,2,2,2,1,1,
URRd.dRR
#00000000000000000
#assigned_pet=-1,-1,-1,-1,-1,-1,-1,-1,
#assigned_hub=-1,-1,-1,-1,-1,-1,-1,-1,
#moving_targetting_pos=19,2|15,30|9,2|2,29|25,30|22,29|5,30|12,29|
#setting_targetting_pos=19,30|15,1|9,30|2,1|25,1|22,1|5,1|12,1|
#type=2,1,2,2,2,2,1,1,
dUuuduRR
#00000000000000000
#assigned_pet=-1,-1,-1,-1,-1,-1,-1,-1,
#assigned_hub=-1,-1,-1,-1,-1,-1,-1,-1,
#moving_targetting_pos=19,2|15,30|9,2|2,29|25,30|22,29|5,30|12,29|
#setting_targetting_pos=19,30|15,1|9,30|2,1|25,1|22,1|5,1|12,1|
#type=2,1,2,2,2,2,1,1,
RURLLLDR
#00000000000000000
#assigned_pet=-1,-1,-1,-1,-1,-1,-1,-1,
#assigned_hub=-1,-1,-1,-1,-1,-1,-1,-1,
#moving_targetting_pos=19,2|15,30|9,2|2,29|25,30|22,29|5,30|12,29|
#setting_targetting_pos=19,30|15,1|9,30|2,1|25,1|22,1|5,1|12,1|
#type=2,2,2,2,2,2,2,1,
RdRr.rdU
#00000000000000000
#assigned_pet=-1,-1,-1,-1,-1,-1,-1,-1,
#assigned_hub=-1,-1,-1,-1,-1,-1,-1,-1,
#moving_targetting_pos=19,2|15,30|9,2|2,29|25,30|22,29|5,30|12,29|
#setting_targetting_pos=19,30|15,1|9,30|2,1|25,1|22,1|5,1|12,1|
#type=2,2,2,2,2,2,2,1,
lLlLuLLU
#00000000000000000
#assigned_pet=-1,-1,-1,-1,-1,-1,-1,-1,
#assigned_hub=-1,-1,-1,-1,-1,-1,-1,-1,
#moving_targetting_pos=19,2|15,30|9,2|2,29|25,30|22,29|5,30|12,29|
#setting_targetting_pos=19,30|15,1|9,30|2,1|25,1|22,1|5,1|12,1|
#type=2,2,2,2,2,2,2,1,
u.dLLLdU
#00000000000000000
#assigned_pet=-1,-1,-1,-1,-1,-1,-1,-1,
#assigned_hub=-1,-1,-1,-1,-1,-1,-1,-1,
#moving_targetting_pos=19,2|15,30|9,2|2,29|25,30|22,29|5,30|12,29|
#setting_targetting_pos=19,30|15,1|9,30|2,1|25,1|22,1|5,1|12,1|
#type=2,2,2,2,2,2,2,1,
R.R.LdLU
#00000000000000000
#assigned_pet=-1,-1,-1,-1,-1,-1,-1,-1,
#assigned_hub=-1,-1,-1,-1,-1,-1,-1,-1,
#moving_targetting_pos=19,2|15,30|9,2|2,29|25,30|22,29|5,30|12,29|
#setting_targetting_pos=19,30|15,1|9,30|2,1|25,1|22,1|5,1|12,1|
#type=2,2,2,2,2,2,2,1,
R.RdLLuU
#00000000000000000
#assigned_pet=-1,-1,-1,-1,-1,-1,-1,-1,
#assigned_hub=-1,-1,-1,-1,-1,-1,-1,-1,
#moving_targetting_pos=19,2|15,30|9,2|2,29|25,30|22,29|5,30|12,29|
#setting_targetting_pos=19,30|15,1|9,30|2,1|25,1|22,1|5,1|12,1|
#type=2,2,2,2,2,2,2,1,
d.dLLLLU
#00000000000000000
#assigned_pet=-1,-1,-1,-1,-1,-1,-1,-1,
#assigned_hub=-1,-1,-1,-1,-1,-1,-1,-1,
#moving_targetting_pos=19,2|15,30|9,2|2,29|25,30|22,29|5,30|12,29|
#setting_targetting_pos=19,30|15,1|9,30|2,1|25,1|22,1|5,1|12,1|
#type=2,2,2,2,2,2,2,2,
RdRL.rLr
#00000000000000000
#assigned_pet=-1,-1,-1,-1,-1,-1,-1,-1,
#assigned_hub=-1,-1,-1,-1,-1,-1,-1,-1,
#moving_targetting_pos=19,2|15,30|9,2|2,29|25,30|22,29|5,30|12,29|
#setting_targetting_pos=19,30|15,1|9,30|2,1|25,1|22,1|5,1|12,1|
#type=2,2,2,2,2,2,2,2,
lLRr.uL.
#00000000000000000
#assigned_pet=-1,-1,-1,-1,-1,-1,-1,-1,
#assigned_hub=-1,-1,-1,-1,-1,-1,-1,-1,
#moving_targetting_pos=19,2|15,30|9,2|2,29|25,30|22,29|5,30|12,29|
#setting_targetting_pos=19,30|15,1|9,30|2,1|25,1|22,1|5,1|12,1|
#type=2,2,2,2,2,2,2,2,
RuluuLLd
#00000000000000000
#assigned_pet=-1,-1,-1,-1,-1,-1,-1,-1,
#assigned_hub=-1,-1,-1,-1,-1,-1,-1,-1,
#moving_targetting_pos=19,2|15,30|9,2|2,29|25,30|22,29|5,30|12,29|
#setting_targetting_pos=19,30|15,1|9,30|2,1|25,1|22,1|5,1|12,1|
#type=2,2,2,2,2,2,2,2,
uLuLLLuL
#00000000000000000
#assigned_pet=-1,-1,-1,-1,-1,-1,-1,-1,
#assigned_hub=-1,-1,-1,-1,-1,-1,-1,-1,
#moving_targetting_pos=19,2|15,30|9,2|2,29|25,30|22,29|5,30|12,29|
#setting_targetting_pos=19,30|15,1|9,30|2,1|25,1|22,1|5,1|12,1|
#type=2,2,2,2,2,2,2,2,
RLRLdrLL
#00000000000000000
#assigned_pet=-1,-1,-1,-1,-1,-1,-1,-1,
#assigned_hub=-1,-1,-1,-1,-1,-1,-1,-1,
#moving_targetting_pos=19,2|15,30|9,2|2,29|25,30|22,29|5,30|12,29|
#setting_targetting_pos=19,30|15,1|9,30|2,1|25,1|22,1|5,1|12,1|
#type=2,2,2,2,2,2,2,2,
RLRrLd.L
#00000000000000000
#assigned_pet=-1,-1,-1,-1,-1,-1,-1,-1,
#assigned_hub=-1,-1,-1,-1,-1,-1,-1,-1,
#moving_targetting_pos=19,2|15,30|9,2|2,29|25,30|22,29|5,30|12,29|
#setting_targetting_pos=19,30|15,1|9,30|2,1|25,1|22,1|5,1|12,1|
#type=2,2,2,2,2,2,2,2,
lLdddLdd
#00000000000000000
#assigned_pet=-1,-1,-1,-1,-1,-1,-1,-1,
#assigned_hub=-1,-1,-1,-1,-1,-1,-1,-1,
#moving_targetting_pos=19,2|15,30|9,2|2,29|25,30|22,29|5,30|12,29|
#setting_targetting_pos=19,30|15,1|9,30|2,1|25,1|22,1|5,1|12,1|
#type=2,2,2,2,2,2,2,2,
d.RLLLL.
#00000000000000000
#assigned_pet=-1,-1,-1,-1,-1,-1,-1,-1,
#assigned_hub=-1,-1,-1,-1,-1,-1,-1,-1,
#moving_targetting_pos=19,2|15,30|9,2|2,29|25,30|22,29|5,30|12,29|
#setting_targetting_pos=19,30|15,1|9,30|2,1|25,1|22,1|5,1|12,1|
#type=2,2,2,2,2,2,2,2,
R.lLdLdu
#00000000000000000
#assigned_pet=-1,-1,-1,-1,-1,-1,-1,-1,
#assigned_hub=-1,-1,-1,-1,-1,-1,-1,-1,
#moving_targetting_pos=19,2|15,30|9,2|2,29|25,30|22,29|5,30|12,29|
#setting_targetting_pos=19,30|15,1|9,30|2,1|25,1|22,1|5,1|12,1|
#type=2,2,2,2,2,2,2,2,
RuRLLdLL
#00000000000000000
#assigned_pet=-1,-1,-1,-1,-1,-1,-1,-1,
#assigned_hub=-1,-1,-1,-1,-1,-1,-1,-1,
#moving_targetting_pos=19,2|15,30|9,2|2,29|25,30|22,29|5,30|12,29|
#setting_targetting_pos=19,30|15,1|9,30|2,1|25,1|22,1|5,1|12,1|
#type=2,2,2,2,2,2,2,2,
dLuddudr
#00000000000000000
#assigned_pet=-1,-1,-1,-1,-1,-1,-1,-1,
#assigned_hub=-1,-1,-1,-1,-1,-1,-1,-1,
#moving_targetting_pos=19,2|15,30|9,2|2,29|25,30|22,29|5,30|12,29|
#setting_targetting_pos=19,30|15,1|9,30|2,1|25,1|22,1|5,1|12,1|
#type=2,2,2,2,2,2,2,2,
RdRuLLLL
#00000000000000000
#assigned_pet=-1,-1,-1,-1,-1,-1,-1,-1,
#assigned_hub=-1,-1,-1,-1,-1,-1,-1,-1,
#moving_targetting_pos=19,2|15,30|9,2|2,29|25,30|22,29|5,30|12,29|
#setting_targetting_pos=19,30|15,1|9,30|2,1|25,1|22,1|5,1|12,1|
#type=2,2,2,2,2,2,2,2,
RLRLdrdL
#00000000000000000
#assigned_pet=-1,-1,-1,-1,-1,-1,-1,-1,
#assigned_hub=-1,-1,-1,-1,-1,-1,-1,-1,
#moving_targetting_pos=19,2|15,30|9,2|2,29|25,30|22,29|5,30|12,29|
#setting_targetting_pos=19,30|15,1|9,30|2,1|25,1|22,1|5,1|12,1|
#type=2,2,2,2,2,2,2,2,
ldlrLLLd
#00000000000000000
#assigned_pet=-1,-1,-1,-1,-1,-1,-1,-1,
#assigned_hub=-1,-1,-1,-1,-1,-1,-1,-1,
#moving_targetting_pos=19,2|15,30|9,2|2,29|25,30|22,29|5,30|12,29|
#setting_targetting_pos=19,30|15,1|9,30|2,1|25,1|22,1|5,1|12,1|
#type=2,2,2,2,2,2,2,2,
uLdLuLdL
#00000000000000000
#assigned_pet=-1,-1,-1,-1,-1,-1,-1,-1,
#assigned_hub=-1,-1,-1,-1,-1,-1,-1,-1,
#moving_targetting_pos=19,2|15,30|9,2|2,29|25,30|22,29|5,30|12,29|
#setting_targetting_pos=19,30|15,1|9,30|2,1|25,1|22,1|5,1|12,1|
#type=2,2,2,2,2,2,2,2,
RdRLLdLL
#00000000000000000
#assigned_pet=-1,-1,-1,-1,-1,-1,-1,-1,
#assigned_hub=-1,-1,-1,-1,-1,-1,-1,-1,
#moving_targetting_pos=19,2|15,30|9,2|2,29|25,30|22,29|5,30|12,29|
#setting_targetting_pos=19,30|15,1|9,30|2,1|25,1|22,1|5,1|12,1|
#type=2,2,2,2,2,2,2,2,
RLRdLLur
#00000000000000000
#assigned_pet=-1,-1,-1,-1,-1,-1,-1,-1,
#assigned_hub=-1,-1,-1,-1,-1,-1,-1,-1,
#moving_targetting_pos=19,2|15,30|9,2|2,29|25,30|22,29|5,30|12,29|
#setting_targetting_pos=19,30|15,1|9,30|2,1|25,1|22,1|5,1|12,1|
#type=2,2,2,2,2,2,2,2,
dddLLLLu
#00000000000000000
#assigned_pet=-1,-1,-1,-1,-1,-1,-1,-1,
#assigned_hub=-1,-1,-1,-1,-1,-1,-1,-1,
#moving_targetting_pos=19,2|15,30|9,2|2,29|25,30|22,29|5,30|12,29|
#setting_targetting_pos=19,30|15,1|9,30|2,1|25,1|22,1|5,1|12,1|
#type=2,2,2,2,2,2,2,2,
RLRLLrLL
#00000000000000000
#assigned_pet=-1,-1,-1,-1,-1,-1,-1,-1,
#assigned_hub=-1,-1,-1,-1,-1,-1,-1,-1,
#moving_targetting_pos=19,2|15,30|9,2|2,29|25,30|22,29|5,30|12,29|
#setting_targetting_pos=19,30|15,1|9,30|2,1|25,1|22,1|5,1|12,1|
#type=2,2,2,2,2,2,2,2,
l.RruuLL
#00000000000000000
#assigned_pet=-1,-1,-1,-1,-1,-1,-1,-1,
#assigned_hub=-1,-1,-1,-1,-1,-1,-1,-1,
#moving_targetting_pos=19,2|15,30|9,2|2,29|25,30|22,29|5,30|12,29|
#setting_targetting_pos=19,30|15,1|9,30|2,1|25,1|22,1|5,1|12,1|
#type=2,2,2,2,2,2,2,2,
RdluLLLr
#00000000000000000
#assigned_pet=-1,-1,-1,-1,-1,-1,-1,-1,
#assigned_hub=-1,-1,-1,-1,-1,-1,-1,-1,
#moving_targetting_pos=19,2|15,30|9,2|2,29|25,30|22,29|5,30|12,29|
#setting_targetting_pos=19,30|15,1|9,30|2,1|25,1|22,1|5,1|12,1|
#type=2,2,2,2,2,2,2,2,
uLuLdLud
#00000000000000000
#assigned_pet=-1,-1,-1,-1,-1,-1,-1,-1,
#assigned_hub=-1,-1,-1,-1,-1,-1,-1,-1,
#moving_targetting_pos=19,2|15,30|9,2|2,29|25,30|22,29|5,30|12,29|
#setting_targetting_pos=19,30|15,1|9,30|2,1|25,1|22,1|5,1|12,1|
#type=2,2,2,2,2,2,2,2,
RuRLLrLL
#00000000000000000
#assigned_pet=-1,-1,-1,-1,-1,-1,-1,-1,
#assigned_hub=-1,-1,-1,-1,-1,-1,-1,-1,
#moving_targetting_pos=19,2|15,30|9,2|2,29|25,30|22,29|5,30|12,29|
#setting_targetting_pos=19,30|15,1|9,30|2,1|25,1|22,1|5,1|12,1|
#type=2,2,2,2,2,2,2,2,
RLRrdddL
#00000000000000000
#assigned_pet=-1,-1,-1,-1,-1,-1,-1,-1,
#assigned_hub=-1,-1,-1,-1,-1,-1,-1,-1,
#moving_targetting_pos=19,2|15,30|9,2|2,29|25,30|22,29|5,30|12,29|
#setting_targetting_pos=19,30|15,1|9,30|2,1|25,1|22,1|5,1|12,1|
#type=2,2,2,2,2,2,2,2,
lLddLLLL
#00000000000000000
#assigned_pet=-1,-1,-1,-1,-1,-1,-1,-1,
#assigned_hub=-1,-1,-1,-1,-1,-1,-1,-1,
#moving_targetting_pos=19,2|15,30|9,2|2,29|25,30|22,29|5,30|12,29|
#setting_targetting_pos=19,30|15,1|9,30|2,1|25,1|22,1|5,1|12,1|
#type=2,2,2,2,2,2,2,2,
dLRLdLdd
#00000000000000000
#assigned_pet=-1,-1,-1,-1,-1,-1,-1,-1,
#assigned_hub=-1,-1,-1,-1,-1,-1,-1,-1,
#moving_targetting_pos=19,2|15,30|9,2|2,29|25,30|22,29|5,30|12,29|
#setting_targetting_pos=19,30|15,1|9,30|2,1|25,1|22,1|5,1|12,1|
#type=2,2,2,2,2,2,2,2,
RLlLLLLu
#00000000000000000
#assigned_pet=-1,-1,-1,-1,-1,-1,-1,-1,
#assigned_hub=-1,-1,-1,-1,-1,-1,-1,-1,
#moving_targetting_pos=19,2|15,30|9,2|2,29|25,30|22,29|5,30|12,29|
#setting_targetting_pos=19,30|15,1|9,30|2,1|25,1|22,1|5,1|12,1|
#type=2,2,2,2,2,2,2,2,
RuRLdddL
#00000000000000000
#assigned_pet=-1,-1,-1,-1,-1,-1,-1,-1,
#assigned_hub=-1,-1,-1,-1,-1,-1,-1,-1,
#moving_targetting_pos=19,2|15,30|9,2|2,29|25,30|22,29|5,30|12,29|
#setting_targetting_pos=19,30|15,1|9,30|2,1|25,1|22,1|5,1|12,1|
#type=2,2,2,2,2,2,2,2,
.LudLuLr
#00000000000000000
#assigned_pet=-1,-1,-1,-1,-1,-1,-1,-1,
#assigned_hub=-1,-1,-1,-1,-1,-1,-1,-1,
#moving_targetting_pos=19,2|15,30|9,2|2,29|25,30|22,29|5,30|12,29|
#setting_targetting_pos=19,30|15,1|9,30|2,1|25,1|22,1|5,1|12,1|
#type=2,2,2,2,2,2,2,2,
ddRudLdL
#00000000000000000
#assigned_pet=-1,-1,-1,-1,-1,-1,-1,-1,
#assigned_hub=-1,-1,-1,-1,-1,-1,-1,-1,
#moving_targetting_pos=19,2|15,30|9,2|2,29|25,30|22,29|5,30|12,29|
#setting_targetting_pos=19,30|15,1|9,30|2,1|25,1|22,1|5,1|12,1|
#type=2,2,2,2,2,2,2,2,
RLRLLrLL
#00000000000000000
#assigned_pet=-1,-1,-1,-1,-1,-1,-1,-1,
#assigned_hub=-1,-1,-1,-1,-1,-1,-1,-1,
#moving_targetting_pos=19,2|15,30|9,2|2,29|25,30|22,29|5,30|12,29|
#setting_targetting_pos=19,30|15,1|9,30|2,1|25,1|22,1|5,1|12,1|
#type=2,2,2,2,2,2,2,2,
RdlruLdd
#00000000000000000
#assigned_pet=-1,-1,-1,-1,-1,-1,-1,-1,
#assigned_hub=-1,-1,-1,-1,-1,-1,-1,-1,
#moving_targetting_pos=19,2|15,30|9,2|2,29|25,30|22,29|5,30|12,29|
#setting_targetting_pos=19,30|15,1|9,30|2,1|25,1|22,1|5,1|12,1|
#type=2,2,2,2,2,2,2,2,
lLdLLLLL
#00000000000000000
#assigned_pet=-1,-1,-1,-1,-1,-1,-1,-1,
#assigned_hub=-1,-1,-1,-1,-1,-1,-1,-1,
#moving_targetting_pos=19,2|15,30|29,30|2,29|25,30|22,29|5,30|12,29|
#setting_targetting_pos=19,30|15,1|29,2|2,1|25,1|22,1|5,1|12,1|
#type=2,2,1,2,2,2,2,2,
udULL.uL
#00000000000000000
#assigned_pet=-1,-1,-1,-1,-1,-1,-1,-1,
#assigned_hub=-1,-1,-1,-1,-1,-1,-1,-1,
#moving_targetting_pos=19,2|15,30|29,30|2,29|25,30|22,29|5,30|12,29|
#setting_targetting_pos=19,30|15,1|29,2|2,1|25,1|22,1|5,1|12,1|
#type=2,2,1,2,2,2,2,2,
RLLdLdLr
#00000000000000000
#assigned_pet=-1,-1,-1,-1,-1,-1,-1,-1,
#assigned_hub=-1,-1,-1,-1,-1,-1,-1,-1,
#moving_targetting_pos=19,2|15,30|29,30|2,29|25,30|22,29|5,30|12,29|
#setting_targetting_pos=19,30|15,1|29,2|2,1|25,1|22,1|5,1|12,1|
#type=2,2,1,2,2,2,2,2,
RdULLLLu
#00000000000000000
#assigned_pet=-1,-1,-1,-1,-1,-1,-1,-1,
#assigned_hub=-1,-1,-1,-1,-1,-1,-1,-1,
#moving_targetting_pos=19,2|15,30|29,30|2,29|25,30|22,29|5,30|12,29|
#setting_targetting_pos=19,30|15,1|29,2|2,1|25,1|22,1|5,1|12,1|
#type=2,2,1,2,2,2,2,2,
dLLLuLLL
#00000000000000000
#assigned_pet=-1,-1,-1,-1,-1,-1,-1,-1,
#assigned_hub=-1,-1,-1,-1,-1,-1,-1,-1,
#moving_targetting_pos=19,2|15,30|29,30|2,29|25,30|22,29|5,30|12,29|
#setting_targetting_pos=19,30|15,1|29,2|2,1|25,1|22,1|5,1|12,1|
#type=2,2,1,2,2,2,2,2,
RdLrL.LL
#00000000000000000
#assigned_pet=-1,-1,-1,-1,-1,-1,-1,-1,
#assigned_hub=-1,-1,-1,-1,-1,-1,-1,-1,
#moving_targetting_pos=19,2|15,30|29,30|2,29|25,30|22,29|5,30|12,29|
#setting_targetting_pos=19,30|15,1|29,2|2,1|25,1|22,1|5,1|12,1|
#type=2,2,1,2,2,2,2,2,
lLDudrur
#00000000000000000
#assigned_pet=-1,-1,-1,-1,-1,-1,-1,-1,
#assigned_hub=-1,-1,-1,0,-1,-1,-1,-1,
#moving_targetting_pos=19,2|15,30|29,30|6,6|25,30|22,29|5,30|12,29|
#setting_targetting_pos=19,30|15,1|29,2|2,1|25,1|22,1|5,1|12,1|
#type=2,2,1,3,2,2,2,2,
RuDDL.Ld
#00000000000000000
#assigned_pet=-1,-1,-1,-1,-1,-1,-1,-1,
#assigned_hub=-1,-1,-1,0,-1,-1,-1,-1,
#moving_targetting_pos=19,2|15,30|29,30|6,6|25,30|22,29|5,30|12,29|
#setting_targetting_pos=19,30|15,1|29,2|-1,-1|25,1|22,1|5,1|12,1|
#type=2,2,1,3,2,2,2,2,
uLDRd.dL
#00000000000000000
#assigned_pet=-1,-1,-1,-1,-1,-1,-1,-1,
#assigned_hub=-1,-1,-1,0,-1,-1,-1,-1,
#moving_targetting_pos=19,2|15,30|29,30|6,6|25,30|22,29|5,30|12,29|
#setting_targetting_pos=19,30|15,1|29,2|-1,-1|25,1|22,1|5,1|12,1|
#type=2,2,1,3,2,2,2,2,
RLDDL.LL
#00000000000000000
#assigned_pet=-1,-1,-1,-1,-1,-1,-1,-1,
#assigned_hub=-1,-1,-1,0,-1,-1,-1,-1,
#moving_targetting_pos=19,2|15,30|29,30|6,6|25,30|22,29|5,30|12,29|
#setting_targetting_pos=19,30|15,1|29,2|-1,-1|25,1|22,1|5,1|12,1|
#type=2,2,1,3,2,2,2,2,
RLDRd.dL
#00000000000000000
#assigned_pet=-1,-1,-1,-1,-1,-1,-1,-1,
#assigned_hub=-1,-1,-1,0,6,-1,-1,-1,
#moving_targetting_pos=19,2|15,30|29,30|6,6|26,6|22,29|5,30|12,29|
#setting_targetting_pos=19,30|15,1|29,2|-1,-1|25,1|22,1|5,1|12,1|
#type=2,2,1,3,3,2,2,2,
dLDDR.Ld
#00000000000000000
#assigned_pet=-1,-1,-1,-1,-1,-1,-1,-1,
#assigned_hub=-1,-1,-1,0,6,-1,-1,-1,
#moving_targetting_pos=19,2|15,30|29,30|6,6|26,6|22,29|5,30|12,29|
#setting_targetting_pos=19,30|15,1|29,2|-1,-1|-1,-1|22,1|5,1|12,1|
#type=2,2,1,3,3,2,2,2,
.uDRRudu
#00000000000000000
#assigned_pet=-1,-1,-1,-1,-1,-1,-1,-1,
#assigned_hub=-1,-1,-1,0,6,3,1,-1,
#moving_targetting_pos=19,2|15,30|29,30|6,6|26,6|16,6|6,16|12,29|
#setting_targetting_pos=19,30|15,1|29,2|-1,-1|-1,-1|22,1|5,1|12,1|
#type=2,2,1,3,3,3,3,2,
lLDRRDRL
#00000000000000000
#assigned_pet=-1,-1,-1,7,-1,-1,-1,-1,
#assigned_hub=5,-1,-1,0,6,3,1,-1,
#moving_targetting_pos=16,26|15,30|29,30|-1,-1|26,6|16,6|6,16|12,29|
#setting_targetting_pos=19,30|15,1|29,2|5,5|-1,-1|-1,-1|-1,-1|12,1|
#type=3,2,1,4,3,3,3,2,
UdDRRRRr
#00000000000000000
#assigned_pet=-1,-1,-1,7,3,-1,-1,-1,
#assigned_hub=5,-1,-1,0,6,3,1,-1,
#moving_targetting_pos=16,26|15,30|29,30|-1,-1|-1,-1|16,6|6,16|12,29|
#setting_targetting_pos=-1,-1|15,1|29,2|6,4|26,7|-1,-1|-1,-1|12,1|
#type=3,2,1,4,4,3,3,2,
LLDLRDRL
#00000000000000000
#assigned_pet=-1,-1,-1,7,3,-1,-1,-1,
#assigned_hub=5,-1,-1,0,6,3,1,-1,
#moving_targetting_pos=16,26|15,30|29,30|-1,-1|-1,-1|16,6|6,16|12,29|
#setting_targetting_pos=-1,-1|15,1|29,2|5,5|28,7|-1,-1|-1,-1|12,1|
#type=3,2,1,4,4,3,3,2,
UdDRRRRL
#00000000000000000
#assigned_pet=-1,-1,-1,7,3,-1,-1,-1,
#assigned_hub=5,-1,-1,0,6,3,1,-1,
#moving_targetting_pos=16,26|15,30|29,30|-1,-1|-1,-1|16,6|6,16|12,29|
#setting_targetting_pos=-1,-1|15,1|29,2|6,4|28,7|-1,-1|-1,-1|12,1|
#type=3,2,1,4,4,3,3,2,
LLDLDDRd
#00000000000000000
#assigned_pet=-1,-1,-1,7,3,-1,-1,-1,
#assigned_hub=5,-1,-1,0,6,3,1,-1,
#moving_targetting_pos=16,26|15,30|29,30|-1,-1|-1,-1|16,6|6,16|12,29|
#setting_targetting_pos=-1,-1|15,1|29,2|6,6|28,7|-1,-1|-1,-1|12,1|
#type=3,2,1,4,4,3,3,2,
LdDRDRRL
#00000000000000000
#assigned_pet=2,-1,-1,7,3,-1,-1,-1,
#assigned_hub=5,4,-1,0,6,3,1,-1,
#moving_targetting_pos=-1,-1|16,16|29,30|-1,-1|-1,-1|16,6|6,16|12,29|
#setting_targetting_pos=16,27|15,1|29,2|6,4|28,7|-1,-1|-1,-1|12,1|
#type=4,3,1,4,4,3,3,2,
.RDL.RRL
#00000000000000000
#assigned_pet=2,-1,-1,7,3,-1,-1,-1,
#assigned_hub=5,4,-1,0,6,3,1,-1,
#moving_targetting_pos=-1,-1|16,16|29,30|-1,-1|-1,-1|16,6|6,16|12,29|
#setting_targetting_pos=15,26|-1,-1|29,2|6,4|27,8|-1,-1|-1,-1|12,1|
#type=4,3,1,4,4,3,3,2,
LRDL.URr
#00000000000000000
#assigned_pet=1,-1,-1,7,3,-1,-1,-1,
#assigned_hub=5,4,-1,0,6,3,1,-1,
#moving_targetting_pos=-1,-1|16,16|29,30|-1,-1|-1,-1|16,6|6,16|12,29|
#setting_targetting_pos=17,24|-1,-1|29,2|7,5|27,8|-1,-1|-1,-1|12,1|
#type=4,3,1,4,4,3,3,2,
LRDR.URu
#00000000000000000
#assigned_pet=2,-1,-1,7,3,-1,-1,-1,
#assigned_hub=5,4,-1,0,6,3,1,7,
#moving_targetting_pos=-1,-1|16,16|29,30|-1,-1|-1,-1|16,6|6,16|26,16|
#setting_targetting_pos=16,25|-1,-1|29,2|8,6|27,8|-1,-1|-1,-1|12,1|
#type=4,3,1,4,4,3,3,3,
.RDR.URD
#00000000000000000
#assigned_pet=1,-1,-1,7,14,-1,-1,-1,
#assigned_hub=5,4,-1,0,6,3,1,7,
#moving_targetting_pos=-1,-1|16,16|29,30|-1,-1|-1,-1|16,6|6,16|26,16|
#setting_targetting_pos=15,24|-1,-1|29,2|8,6|28,7|-1,-1|-1,-1|-1,-1|
#type=4,3,1,4,4,3,3,3,
LRDD.URR
#00000000000000000
#assigned_pet=1,-1,-1,7,14,-1,-1,-1,
#assigned_hub=5,4,-1,0,6,3,1,7,
#moving_targetting_pos=-1,-1|16,16|29,30|-1,-1|-1,-1|16,6|6,16|26,16|
#setting_targetting_pos=15,24|-1,-1|29,2|7,5|28,7|-1,-1|-1,-1|-1,-1|
#type=4,3,1,4,4,3,3,3,
URRL.URD
#00000000000000000
#assigned_pet=15,-1,-1,7,3,-1,-1,-1,
#assigned_hub=5,4,-1,0,6,3,1,7,
#moving_targetting_pos=-1,-1|16,16|29,30|-1,-1|-1,-1|16,6|6,16|26,16|
#setting_targetting_pos=15,25|-1,-1|29,2|7,5|27,8|-1,-1|-1,-1|-1,-1|
#type=4,3,1,4,4,3,3,3,
RRD..URR
#00000000000000000
#assigned_pet=15,-1,-1,7,14,-1,-1,-1,
#assigned_hub=5,4,-1,0,6,3,1,7,
#moving_targetting_pos=-1,-1|16,16|29,30|-1,-1|-1,-1|16,6|6,16|26,16|
#setting_targetting_pos=16,24|-1,-1|29,2|8,6|28,7|-1,-1|-1,-1|-1,-1|
#type=4,3,1,4,4,3,3,3,
.RDR.URD
#00000000000000000
#assigned_pet=2,-1,-1,7,4,-1,6,-1,
#assigned_hub=5,4,-1,0,6,3,1,7,
#moving_targetting_pos=-1,-1|16,16|29,30|-1,-1|-1,-1|16,6|-1,-1|26,16|
#setting_targetting_pos=16,25|-1,-1|29,2|8,6|24,7|-1,-1|4,15|-1,-1|
#type=4,3,1,4,4,3,4,3,
RRRDUR.R
#00000010000000000
#assigned_pet=2,-1,-1,7,4,4,6,-1,
#assigned_hub=5,4,-1,0,6,3,1,7,
#moving_targetting_pos=-1,-1|16,16|29,30|-1,-1|-1,-1|-1,-1|-1,-1|26,16|
#setting_targetting_pos=16,25|-1,-1|29,2|8,5|24,7|18,7|4,15|-1,-1|
#type=4,3,1,4,4,4,5,3,
.RRLU.uR
#00001010000000000
#assigned_pet=2,-1,-1,7,4,4,13,-1,
#assigned_hub=5,4,-1,0,6,3,1,7,
#moving_targetting_pos=-1,-1|16,16|29,30|-1,-1|-1,-1|-1,-1|-1,-1|26,16|
#setting_targetting_pos=16,25|-1,-1|29,2|8,5|24,7|18,7|4,17|-1,-1|
#type=4,3,1,4,5,5,4,3,
.RD.urRR
#00001010000000000
#assigned_pet=2,-1,-1,7,14,11,13,-1,
#assigned_hub=5,4,-1,0,6,3,1,7,
#moving_targetting_pos=-1,-1|16,16|29,30|-1,-1|-1,-1|-1,-1|-1,-1|26,16|
#setting_targetting_pos=15,26|-1,-1|29,2|8,5|27,8|17,4|5,16|-1,-1|
#type=4,3,1,4,4,4,4,3,
.RD.RLDR
#00001010000000000
#assigned_pet=2,-1,-1,7,14,7,13,-1,
#assigned_hub=5,4,-1,0,6,3,1,7,
#moving_targetting_pos=-1,-1|16,16|29,30|-1,-1|-1,-1|-1,-1|-1,-1|26,16|
#setting_targetting_pos=16,25|-1,-1|29,2|8,5|28,7|14,5|6,18|-1,-1|
#type=4,3,2,4,4,4,4,3,
.Rd.LURR
#00001010000000000
#assigned_pet=2,-1,-1,7,14,11,13,-1,
#assigned_hub=5,4,-1,0,6,3,1,7,
#moving_targetting_pos=-1,-1|16,16|29,30|-1,-1|-1,-1|-1,-1|-1,-1|26,16|
#setting_targetting_pos=15,26|-1,-1|29,2|8,5|28,7|17,4|6,17|-1,-1|
#type=4,3,2,4,4,4,4,3,
.RL.D.LR
#00001010000100000
#assigned_pet=1,1,-1,7,14,11,13,-1,
#assigned_hub=5,4,-1,0,6,3,1,7,
#moving_targetting_pos=-1,-1|-1,-1|29,30|-1,-1|-1,-1|-1,-1|-1,-1|26,16|
#setting_targetting_pos=15,24|15,18|29,2|8,5|28,7|17,4|6,16|-1,-1|
#type=4,4,2,4,4,5,4,3,
LRL.Dl.R
#00001010000100000
#assigned_pet=9,9,-1,7,14,7,13,-1,
#assigned_hub=5,4,-1,0,6,3,1,7,
#moving_targetting_pos=-1,-1|-1,-1|29,30|-1,-1|-1,-1|-1,-1|-1,-1|26,16|
#setting_targetting_pos=15,24|15,18|29,2|8,5|28,7|14,5|6,15|-1,-1|
#type=4,4,2,4,4,4,4,3,
LRr..U.R
#00001010010100000
#assigned_pet=9,9,-1,7,-1,7,13,-1,
#assigned_hub=5,4,-1,0,6,3,1,7,
#moving_targetting_pos=-1,-1|-1,-1|29,30|-1,-1|-1,-1|-1,-1|-1,-1|26,16|
#setting_targetting_pos=15,24|15,18|29,2|8,5|-1,-1|14,5|5,15|-1,-1|
#type=5,5,2,4,4,4,4,3,
uru..ULR
#00001011010100000
#assigned_pet=12,12,-1,7,14,7,13,-1,
#assigned_hub=5,4,-1,0,6,3,1,7,
#moving_targetting_pos=-1,-1|-1,-1|29,30|-1,-1|-1,-1|-1,-1|-1,-1|26,16|
#setting_targetting_pos=17,24|17,18|29,2|8,5|28,5|14,5|5,14|-1,-1|
#type=4,4,2,5,4,5,4,3,
.DLdLuLR
#00001011010100000
#assigned_pet=12,12,-1,-1,5,-1,13,-1,
#assigned_hub=5,4,-1,0,6,3,1,7,
#moving_targetting_pos=-1,-1|-1,-1|29,30|-1,-1|-1,-1|-1,-1|-1,-1|26,16|
#setting_targetting_pos=17,24|17,18|29,2|-1,-1|27,8|-1,-1|6,14|-1,-1|
#type=4,4,2,4,4,4,4,3,
.RL.R.RR
#00001011010100000
#assigned_pet=12,12,-1,13,14,-1,13,-1,
#assigned_hub=5,4,-1,0,6,3,1,7,
#moving_targetting_pos=-1,-1|-1,-1|29,30|-1,-1|-1,-1|-1,-1|-1,-1|26,16|
#setting_targetting_pos=17,24|17,18|29,2|7,8|28,5|-1,-1|7,14|-1,-1|
#type=4,4,2,4,4,4,4,3,
..dRL.LR
#00001011010100000
#assigned_pet=12,12,-1,13,14,-1,13,-1,
#assigned_hub=5,4,-1,0,6,3,1,7,
#moving_targetting_pos=-1,-1|-1,-1|29,30|-1,-1|-1,-1|-1,-1|-1,-1|26,16|
#setting_targetting_pos=17,24|17,18|29,2|7,8|27,6|-1,-1|7,14|-1,-1|
#type=4,4,2,4,4,4,4,3,
..LRU..D
#00001011010111010
#assigned_pet=12,12,-1,13,14,-1,13,-1,
#assigned_hub=5,4,-1,0,6,3,1,7,
#moving_targetting_pos=-1,-1|-1,-1|29,30|-1,-1|-1,-1|-1,-1|-1,-1|26,16|
#setting_targetting_pos=17,24|17,18|29,2|7,8|28,7|-1,-1|7,14|-1,-1|
#type=5,5,2,5,4,4,5,3,
ddrrR.dD
#00001011010111010
#assigned_pet=0,1,-1,-1,14,-1,1,-1,
#assigned_hub=5,4,-1,2,6,3,1,7,
#moving_targetting_pos=-1,-1|-1,-1|29,30|6,26|-1,-1|-1,-1|-1,-1|26,16|
#setting_targetting_pos=18,25|14,17|29,2|-1,-1|28,7|-1,-1|8,17|-1,-1|
#type=4,4,2,3,4,4,4,3,
RLLUD.RD
#00001011010111010
#assigned_pet=0,1,-1,-1,5,-1,1,-1,
#assigned_hub=5,4,-1,2,6,3,1,7,
#moving_targetting_pos=-1,-1|-1,-1|29,30|6,26|-1,-1|-1,-1|-1,-1|26,16|
#setting_targetting_pos=18,25|14,17|29,2|-1,-1|27,8|-1,-1|8,17|-1,-1|
#type=4,4,2,3,4,4,4,3,
DUuR..RD
#00001011010111010
#assigned_pet=0,1,-1,-1,5,8,1,-1,
#assigned_hub=5,4,-1,2,6,3,1,7,
#moving_targetting_pos=-1,-1|-1,-1|29,30|6,26|-1,-1|-1,-1|-1,-1|26,16|
#setting_targetting_pos=18,25|14,17|29,2|-1,-1|25,7|17,8|8,17|-1,-1|
#type=4,4,2,3,4,4,4,3,
..LUURRD
#00001011010111010
#assigned_pet=2,1,-1,-1,5,8,1,-1,
#assigned_hub=5,4,-1,2,6,3,1,7,
#moving_targetting_pos=-1,-1|-1,-1|29,30|6,26|-1,-1|-1,-1|-1,-1|26,16|
#setting_targetting_pos=14,27|14,17|29,2|-1,-1|25,6|17,8|8,17|-1,-1|
#type=4,4,2,3,4,4,4,3,
R.LRLRDD
#01001011010111010
#assigned_pet=2,1,-1,-1,5,8,1,-1,
#assigned_hub=5,4,-1,2,6,3,1,7,
#moving_targetting_pos=-1,-1|-1,-1|29,30|6,26|-1,-1|-1,-1|-1,-1|26,16|
#setting_targetting_pos=14,27|14,17|29,2|-1,-1|25,7|17,8|8,17|-1,-1|
#type=4,5,2,3,4,4,5,3,
RurRRRdD
#01001011010111010
#assigned_pet=2,8,-1,-1,5,8,-1,-1,
#assigned_hub=5,4,-1,2,6,3,8,7,
#moving_targetting_pos=-1,-1|-1,-1|29,30|6,26|-1,-1|-1,-1|26,26|26,16|
#setting_targetting_pos=14,27|17,14|29,2|-1,-1|25,6|17,8|-1,-1|-1,-1|
#type=4,4,2,3,4,4,3,3,
ULdRLDRD
#01001011010111010
#assigned_pet=2,8,-1,-1,5,8,-1,-1,
#assigned_hub=5,4,-1,2,6,3,8,7,
#moving_targetting_pos=-1,-1|-1,-1|29,30|6,26|-1,-1|-1,-1|26,26|26,16|
#setting_targetting_pos=14,27|17,14|29,2|-1,-1|26,8|17,8|-1,-1|-1,-1|
#type=4,4,2,3,4,4,3,3,
ULLRR.RD
#01001011010111010
#assigned_pet=2,8,-1,-1,5,8,-1,-1,
#assigned_hub=5,4,-1,2,6,3,8,7,
#moving_targetting_pos=-1,-1|-1,-1|29,30|6,26|-1,-1|-1,-1|26,26|26,16|
#setting_targetting_pos=14,27|17,14|29,2|-1,-1|25,8|17,8|-1,-1|-1,-1|
#type=4,4,2,3,4,4,3,3,
.LLRR.RR
#01001011010111010
#assigned_pet=2,8,-1,-1,5,8,-1,14,
#assigned_hub=5,4,-1,2,6,3,8,7,
#moving_targetting_pos=-1,-1|-1,-1|29,30|6,26|-1,-1|-1,-1|26,26|-1,-1|
#setting_targetting_pos=15,26|17,14|29,2|-1,-1|27,7|17,8|-1,-1|28,15|
#type=4,4,2,3,4,4,3,4,
.DdRL.RL
#01001011110111010
#assigned_pet=2,8,-1,-1,5,8,-1,14,
#assigned_hub=5,4,-1,2,6,3,8,7,
#moving_targetting_pos=-1,-1|-1,-1|29,30|6,26|-1,-1|-1,-1|26,26|-1,-1|
#setting_targetting_pos=14,25|17,14|29,2|-1,-1|26,7|17,8|-1,-1|28,15|
#type=4,5,2,3,4,5,3,4,
LdLRLdRD
#01001011110111010
#assigned_pet=2,3,-1,-1,5,-1,-1,14,
#assigned_hub=5,4,-1,2,6,3,8,7,
#moving_targetting_pos=-1,-1|-1,-1|29,30|6,26|-1,-1|16,6|26,26|-1,-1|
#setting_targetting_pos=14,25|18,17|29,2|-1,-1|26,8|-1,-1|-1,-1|28,15|
#type=4,4,2,3,4,4,3,4,
LRLRR.RD
#01001011110111010
#assigned_pet=2,3,-1,-1,5,-1,-1,14,
#assigned_hub=5,4,-1,2,6,3,8,7,
#moving_targetting_pos=-1,-1|-1,-1|29,30|6,26|-1,-1|16,6|26,26|-1,-1|
#setting_targetting_pos=14,27|18,17|29,2|-1,-1|27,6|-1,-1|-1,-1|28,15|
#type=4,4,2,3,4,4,3,4,
RRrRL.RD
#01001011110111010
#assigned_pet=2,3,-1,-1,5,-1,-1,3,
#assigned_hub=5,4,-1,2,6,3,8,7,
#moving_targetting_pos=-1,-1|-1,-1|29,30|6,26|-1,-1|-1,-1|26,26|-1,-1|
#setting_targetting_pos=14,27|18,17|29,2|-1,-1|25,5|-1,-1|-1,-1|24,17|
#type=4,4,2,3,4,4,3,4,
RRuRL.RR
#01001011110111010
#assigned_pet=2,3,-1,-1,5,-1,-1,3,
#assigned_hub=5,4,-1,2,6,3,8,7,
#moving_targetting_pos=-1,-1|-1,-1|29,30|6,26|-1,-1|16,6|26,26|-1,-1|
#setting_targetting_pos=15,26|18,17|29,2|-1,-1|25,6|-1,-1|-1,-1|24,17|
#type=4,4,2,3,4,4,3,4,
.DLRR.DR
#01001011110111010
#assigned_pet=2,3,-1,-1,5,-1,-1,14,
#assigned_hub=5,4,-1,2,6,3,8,7,
#moving_targetting_pos=-1,-1|-1,-1|29,30|6,26|-1,-1|-1,-1|26,26|-1,-1|
#setting_targetting_pos=17,26|18,17|29,2|-1,-1|24,6|-1,-1|-1,-1|27,14|
#type=4,4,2,3,4,4,3,4,
L.LRU.DL
#01001011110111010
#assigned_pet=2,3,-1,-1,14,-1,-1,14,
#assigned_hub=5,4,-1,2,6,3,8,7,
#moving_targetting_pos=-1,-1|-1,-1|29,30|6,26|-1,-1|-1,-1|26,26|-1,-1|
#setting_targetting_pos=18,27|16,17|29,2|-1,-1|27,8|-1,-1|-1,-1|27,14|
#type=4,4,2,3,4,4,3,4,
R.dRR.DL
#01001011110111010
#assigned_pet=2,3,-1,-1,14,5,-1,14,
#assigned_hub=5,4,-1,2,6,3,8,7,
#moving_targetting_pos=-1,-1|-1,-1|29,30|6,26|-1,-1|-1,-1|26,26|-1,-1|
#setting_targetting_pos=18,27|16,17|29,2|-1,-1|27,8|18,5|-1,-1|27,14|
#type=4,4,2,3,4,4,3,4,
D.LRRLD.
#01001011110111010
#assigned_pet=2,3,-1,-1,14,5,-1,14,
#assigned_hub=5,4,-1,2,6,3,8,7,
#moving_targetting_pos=-1,-1|-1,-1|29,30|6,26|-1,-1|-1,-1|26,26|-1,-1|
#setting_targetting_pos=18,27|16,17|29,2|-1,-1|27,8|18,5|-1,-1|27,14|
#type=4,4,2,3,4,4,3,4,
D.rRDLD.
#01001011110111010
#assigned_pet=10,3,-1,-1,14,5,-1,14,
#assigned_hub=5,4,-1,2,6,3,8,7,
#moving_targetting_pos=-1,-1|-1,-1|29,30|6,26|-1,-1|-1,-1|26,26|-1,-1|
#setting_targetting_pos=18,25|16,15|29,2|-1,-1|27,8|18,5|-1,-1|27,14|
#type=4,4,2,3,4,4,3,4,
LLLR.LD.
#01001011110111010
#assigned_pet=10,3,-1,-1,5,5,-1,14,
#assigned_hub=5,4,-1,2,6,3,8,7,
#moving_targetting_pos=-1,-1|-1,-1|29,30|6,26|-1,-1|-1,-1|26,26|-1,-1|
#setting_targetting_pos=17,25|14,15|29,2|-1,-1|24,5|18,5|-1,-1|28,15|
#type=4,4,2,3,4,4,3,4,
.LuRLDD.
#01001011110111010
#assigned_pet=10,3,-1,-1,5,5,-1,14,
#assigned_hub=5,4,-1,1,6,3,8,7,
#moving_targetting_pos=-1,-1|-1,-1|29,30|6,16|-1,-1|-1,-1|26,26|-1,-1|
#setting_targetting_pos=18,26|14,15|29,2|-1,-1|24,5|18,5|-1,-1|28,15|
#type=4,4,2,3,4,4,3,4,
.ULLL.D.
#01001011110111010
#assigned_pet=10,3,-1,-1,5,5,-1,14,
#assigned_hub=5,4,-1,1,6,3,8,7,
#moving_targetting_pos=-1,-1|-1,-1|29,30|6,16|-1,-1|-1,-1|26,26|-1,-1|
#setting_targetting_pos=18,26|14,15|29,2|-1,-1|24,5|18,5|-1,-1|28,15|
#type=4,4,2,3,4,4,3,4,
.ULLL.D.
#01001011110111010
#assigned_pet=10,3,-1,-1,5,5,-1,14,
#assigned_hub=5,4,-1,1,6,3,8,7,
#moving_targetting_pos=-1,-1|-1,-1|29,30|6,16|-1,-1|-1,-1|26,26|-1,-1|
#setting_targetting_pos=17,25|14,15|29,2|-1,-1|24,5|18,5|-1,-1|28,15|
#type=4,4,2,3,4,4,3,4,
...LU.D.
#01001111110111010
#assigned_pet=10,3,-1,-1,5,5,-1,14,
#assigned_hub=5,4,-1,1,6,3,8,7,
#moving_targetting_pos=-1,-1|-1,-1|29,30|6,16|-1,-1|-1,-1|26,26|-1,-1|
#setting_targetting_pos=18,25|14,15|29,2|-1,-1|24,5|18,5|-1,-1|27,14|
#type=4,4,2,3,5,5,3,4,
L..LudD.
#01001111110111010
#assigned_pet=10,3,-1,-1,14,-1,-1,14,
#assigned_hub=5,4,-1,1,6,3,8,7,
#moving_targetting_pos=-1,-1|-1,-1|29,30|6,16|-1,-1|16,6|26,26|-1,-1|
#setting_targetting_pos=18,25|14,15|29,2|-1,-1|27,8|-1,-1|-1,-1|27,14|
#type=4,4,2,3,4,4,3,4,
...LR.D.
#01001111110111010
#assigned_pet=10,3,-1,-1,14,-1,-1,14,
#assigned_hub=5,4,-1,1,6,3,8,7,
#moving_targetting_pos=-1,-1|-1,-1|29,30|6,16|-1,-1|16,6|26,26|-1,-1|
#setting_targetting_pos=18,25|14,15|29,2|-1,-1|27,8|-1,-1|-1,-1|27,14|
#type=4,4,2,3,4,4,3,4,
...LR.D.
#01001111110111010
#assigned_pet=10,3,-1,-1,14,-1,-1,14,
#assigned_hub=5,4,-1,1,6,3,8,7,
#moving_targetting_pos=-1,-1|-1,-1|29,30|6,16|-1,-1|16,6|26,26|-1,-1|
#setting_targetting_pos=18,25|14,15|29,2|-1,-1|27,8|-1,-1|-1,-1|27,14|
#type=4,4,2,3,4,4,3,4,
..dLR.D.
#01001111110111010
#assigned_pet=10,3,-1,-1,-1,-1,-1,14,
#assigned_hub=5,4,-1,1,6,3,8,7,
#moving_targetting_pos=-1,-1|-1,-1|29,30|6,16|-1,-1|16,6|26,26|-1,-1|
#setting_targetting_pos=18,25|14,15|29,2|-1,-1|-1,-1|-1,-1|-1,-1|27,14|
#type=4,4,2,3,4,4,3,4,
..rL..D.
#01001111110111010
#assigned_pet=2,3,-1,3,14,-1,-1,14,
#assigned_hub=5,4,-1,1,6,3,8,7,
#moving_targetting_pos=-1,-1|-1,-1|29,30|-1,-1|-1,-1|16,6|26,26|-1,-1|
#setting_targetting_pos=18,27|14,15|29,2|8,15|27,8|-1,-1|-1,-1|27,14|
#type=4,4,2,4,4,4,3,4,
R.LLD.D.
#01001111110111010
#assigned_pet=2,3,-1,3,14,-1,-1,14,
#assigned_hub=5,4,-1,1,6,3,8,7,
#moving_targetting_pos=-1,-1|-1,-1|29,30|-1,-1|-1,-1|16,6|26,26|-1,-1|
#setting_targetting_pos=18,27|14,15|29,2|8,15|27,8|-1,-1|-1,-1|27,14|
#type=4,4,2,4,4,4,3,4,
R.LL..D.
#01001111110111010
#assigned_pet=-1,3,-1,3,14,-1,-1,14,
#assigned_hub=5,4,-1,1,6,3,8,7,
#moving_targetting_pos=-1,-1|-1,-1|29,30|-1,-1|-1,-1|16,6|26,26|-1,-1|
#setting_targetting_pos=-1,-1|14,15|29,2|8,15|27,8|-1,-1|-1,-1|27,14|
#type=4,4,2,4,4,4,3,4,
..dD..R.
#01001111110111010
#assigned_pet=-1,3,-1,3,14,-1,0,14,
#assigned_hub=5,4,-1,1,6,3,8,7,
#moving_targetting_pos=-1,-1|-1,-1|29,30|-1,-1|-1,-1|16,6|-1,-1|-1,-1|
#setting_targetting_pos=-1,-1|14,15|29,2|8,15|27,8|-1,-1|27,28|27,14|
#type=4,4,2,4,4,4,4,4,
..LD..R.
#01001111110111010
#assigned_pet=-1,-1,-1,3,14,-1,2,14,
#assigned_hub=5,4,-1,1,6,3,8,7,
#moving_targetting_pos=-1,-1|-1,-1|29,30|-1,-1|-1,-1|16,6|-1,-1|-1,-1|
#setting_targetting_pos=-1,-1|-1,-1|29,2|8,15|27,8|-1,-1|25,28|27,14|
#type=4,4,2,4,4,4,4,4,
..L...D.
#01001111110111010
#assigned_pet=-1,-1,-1,3,14,-1,2,14,
#assigned_hub=5,4,-1,1,6,3,8,7,
#moving_targetting_pos=-1,-1|-1,-1|29,30|-1,-1|-1,-1|16,6|-1,-1|-1,-1|
#setting_targetting_pos=-1,-1|-1,-1|29,2|6,15|27,8|-1,-1|25,28|27,14|
#type=4,4,2,4,4,4,4,4,
..r.....
#01001111110111010
#assigned_pet=-1,-1,-1,3,14,-1,0,14,
#assigned_hub=5,4,-1,1,6,3,8,7,
#moving_targetting_pos=-1,-1|-1,-1|29,30|-1,-1|-1,-1|16,6|-1,-1|-1,-1|
#setting_targetting_pos=-1,-1|-1,-1|29,2|6,15|27,8|-1,-1|25,28|27,14|
#type=4,4,2,4,4,4,4,4,
..u.....
#11101111110111110
#assigned_pet=-1,-1,-1,3,14,-1,0,14,
#assigned_hub=5,4,-1,1,6,3,8,7,
#moving_targetting_pos=-1,-1|-1,-1|29,30|-1,-1|-1,-1|16,6|-1,-1|-1,-1|
#setting_targetting_pos=-1,-1|-1,-1|29,2|7,16|27,8|-1,-1|25,28|27,14|
#type=4,4,2,4,5,4,5,5,
..L.d.rl
#11101111110111110
#assigned_pet=-1,-1,-1,3,-1,-1,16,10,
#assigned_hub=5,4,-1,1,6,3,8,7,
#moving_targetting_pos=16,26|-1,-1|29,30|-1,-1|26,6|16,6|-1,-1|-1,-1|
#setting_targetting_pos=-1,-1|-1,-1|29,2|7,18|-1,-1|-1,-1|28,27|27,18|
#type=4,4,2,4,4,4,4,4,
..LR..DR
#11101111110111110
#assigned_pet=-1,-1,-1,3,-1,-1,16,10,
#assigned_hub=5,4,-1,1,6,3,8,7,
#moving_targetting_pos=-1,-1|16,16|29,30|-1,-1|-1,-1|16,6|-1,-1|-1,-1|
#setting_targetting_pos=-1,-1|-1,-1|29,2|5,18|-1,-1|-1,-1|28,27|26,18|
#type=4,4,2,4,4,4,4,4,
..dR..DR
#11101111110111111
#assigned_pet=-1,-1,-1,3,-1,-1,16,10,
#assigned_hub=5,4,-1,1,6,3,8,7,
#moving_targetting_pos=16,26|16,16|29,30|-1,-1|-1,-1|16,6|-1,-1|-1,-1|
#setting_targetting_pos=-1,-1|-1,-1|29,2|4,17|-1,-1|-1,-1|28,27|26,18|
#type=4,4,2,4,4,4,5,4,
..LU..dR
#11101111110111111
#assigned_pet=-1,-1,-1,3,-1,-1,-1,10,
#assigned_hub=5,4,-1,1,6,3,8,7,
#moving_targetting_pos=16,26|-1,-1|29,30|-1,-1|-1,-1|16,6|-1,-1|-1,-1|
#setting_targetting_pos=-1,-1|-1,-1|29,2|5,16|-1,-1|-1,-1|-1,-1|27,17|
#type=4,4,2,4,4,4,4,4,
..rL....
#11101111110111111
#assigned_pet=-1,-1,-1,3,-1,-1,-1,10,
#assigned_hub=5,4,-1,1,6,3,8,7,
#moving_targetting_pos=16,26|-1,-1|29,30|-1,-1|-1,-1|16,6|-1,-1|-1,-1|
#setting_targetting_pos=-1,-1|-1,-1|29,2|5,16|-1,-1|-1,-1|-1,-1|27,17|
#type=4,4,2,4,4,4,4,4,
..L.....
#11101111110111111
#assigned_pet=-1,-1,-1,3,-1,-1,-1,10,
#assigned_hub=5,4,-1,1,6,3,8,7,
#moving_targetting_pos=16,26|-1,-1|29,30|-1,-1|-1,-1|16,6|-1,-1|-1,-1|
#setting_targetting_pos=-1,-1|-1,-1|29,2|6,15|-1,-1|-1,-1|-1,-1|27,15|
#type=4,4,2,4,4,4,4,4,
..u....L
#11101111110111111
#assigned_pet=-1,-1,-1,3,-1,-1,-1,10,
#assigned_hub=5,4,-1,1,6,3,8,7,
#moving_targetting_pos=16,26|-1,-1|29,30|-1,-1|-1,-1|16,6|-1,-1|-1,-1|
#setting_targetting_pos=-1,-1|-1,-1|29,2|5,14|-1,-1|-1,-1|-1,-1|26,16|
#type=4,4,2,4,4,4,4,4,
..LL...L
#11101111110111111
#assigned_pet=-1,-1,-1,3,-1,-1,-1,10,
#assigned_hub=5,4,-1,1,6,3,8,7,
#moving_targetting_pos=16,26|-1,-1|29,30|-1,-1|-1,-1|16,6|26,26|-1,-1|
#setting_targetting_pos=-1,-1|-1,-1|29,2|5,14|-1,-1|-1,-1|-1,-1|25,15|
#type=4,4,2,4,4,4,4,4,
..LL...L
#11101111110111111
#assigned_pet=-1,-1,-1,3,-1,-1,-1,10,
#assigned_hub=0,4,-1,1,6,3,8,7,
#moving_targetting_pos=6,6|-1,-1|29,30|-1,-1|-1,-1|16,6|26,26|-1,-1|
#setting_targetting_pos=-1,-1|-1,-1|29,2|5,14|-1,-1|-1,-1|-1,-1|26,14|
#type=3,4,2,4,4,4,4,4,
L.r....U
#11101111110111111
#assigned_pet=-1,-1,-1,3,-1,-1,-1,10,
#assigned_hub=0,4,-1,1,6,3,8,7,
#moving_targetting_pos=6,6|-1,-1|29,30|-1,-1|-1,-1|16,6|26,26|-1,-1|
#setting_targetting_pos=-1,-1|-1,-1|29,2|5,14|-1,-1|-1,-1|-1,-1|25,15|
#type=3,4,2,4,4,4,4,4,
L.d.....
#11101111110111111
#assigned_pet=-1,-1,-1,3,-1,-1,-1,10,
#assigned_hub=0,4,-1,1,6,3,8,7,
#moving_targetting_pos=6,6|-1,-1|29,30|-1,-1|-1,-1|16,6|26,26|-1,-1|
#setting_targetting_pos=-1,-1|-1,-1|29,2|5,14|-1,-1|-1,-1|-1,-1|26,14|
#type=3,4,0,4,4,4,4,4,
U.......
#11101111110111111
#assigned_pet=-1,-1,-1,3,-1,-1,-1,10,
#assigned_hub=0,4,-1,1,6,3,8,7,
#moving_targetting_pos=6,6|-1,-1|29,30|-1,-1|-1,-1|16,6|26,26|-1,-1|
#setting_targetting_pos=-1,-1|-1,-1|29,2|5,14|-1,-1|-1,-1|-1,-1|25,15|
#type=3,4,0,4,4,4,4,4,
U.......
#11101111110111111
#assigned_pet=-1,-1,-1,3,10,-1,-1,10,
#assigned_hub=0,4,-1,1,6,3,8,7,
#moving_targetting_pos=6,6|-1,-1|29,30|-1,-1|-1,-1|16,6|26,26|-1,-1|
#setting_targetting_pos=-1,-1|-1,-1|29,2|5,14|25,8|-1,-1|-1,-1|25,14|
#type=3,4,0,4,4,4,4,4,
U......L
#11101111111111111
#assigned_pet=-1,-1,-1,-1,10,-1,-1,10,
#assigned_hub=0,4,-1,1,6,3,8,7,
#moving_targetting_pos=6,6|16,16|29,30|-1,-1|-1,-1|16,6|26,26|-1,-1|
#setting_targetting_pos=-1,-1|-1,-1|29,2|-1,-1|25,8|-1,-1|-1,-1|25,14|
#type=3,4,0,4,5,4,4,5,
U...u..u
#11101111111111111
#assigned_pet=-1,-1,-1,-1,-1,-1,-1,-1,
#assigned_hub=0,4,-1,1,6,3,8,7,
#moving_targetting_pos=6,6|16,16|29,30|-1,-1|26,6|16,6|26,26|26,16|
#setting_targetting_pos=-1,-1|-1,-1|29,2|-1,-1|-1,-1|-1,-1|-1,-1|-1,-1|
#type=3,4,0,4,4,4,4,4,
U.......
#11101111111111111
#assigned_pet=-1,-1,-1,-1,-1,-1,-1,-1,
#assigned_hub=0,4,-1,1,6,3,8,7,
#moving_targetting_pos=6,6|16,16|29,30|-1,-1|26,6|16,6|26,26|26,16|
#setting_targetting_pos=-1,-1|-1,-1|29,2|-1,-1|-1,-1|-1,-1|-1,-1|-1,-1|
#type=3,4,0,4,4,4,4,4,
U.......
#11101111111111111
#assigned_pet=-1,-1,-1,-1,-1,-1,-1,-1,
#assigned_hub=0,4,-1,1,6,3,8,7,
#moving_targetting_pos=6,6|16,16|29,30|-1,-1|26,6|16,6|26,26|26,16|
#setting_targetting_pos=-1,-1|-1,-1|29,2|-1,-1|-1,-1|-1,-1|-1,-1|-1,-1|
#type=3,4,0,4,4,4,4,4,
U.......
#11101111111111111
#assigned_pet=-1,-1,-1,-1,-1,-1,-1,-1,
#assigned_hub=0,4,-1,1,6,3,8,7,
#moving_targetting_pos=6,6|16,16|29,30|-1,-1|26,6|-1,-1|26,26|26,16|
#setting_targetting_pos=-1,-1|-1,-1|29,2|-1,-1|-1,-1|-1,-1|-1,-1|-1,-1|
#type=3,4,0,4,4,4,4,4,
U.......
#11101111111111111
#assigned_pet=-1,-1,-1,-1,-1,3,-1,-1,
#assigned_hub=0,4,-1,1,6,3,8,7,
#moving_targetting_pos=6,6|16,16|29,30|6,16|26,6|-1,-1|26,26|26,16|
#setting_targetting_pos=-1,-1|-1,-1|29,2|-1,-1|-1,-1|14,7|-1,-1|-1,-1|
#type=3,4,0,4,4,4,4,4,
U....R..
#11101111111111111
#assigned_pet=-1,-1,-1,-1,-1,-1,-1,-1,
#assigned_hub=0,4,-1,1,6,3,8,7,
#moving_targetting_pos=6,6|16,16|29,30|-1,-1|26,6|-1,-1|26,26|26,16|
#setting_targetting_pos=-1,-1|-1,-1|29,2|-1,-1|-1,-1|-1,-1|-1,-1|-1,-1|
#type=3,4,0,4,4,4,4,4,
U.......
#11101111111111111
#assigned_pet=-1,-1,-1,-1,-1,-1,-1,-1,
#assigned_hub=0,4,-1,1,6,3,8,7,
#moving_targetting_pos=6,6|16,16|29,30|-1,-1|26,6|-1,-1|26,26|26,16|
#setting_targetting_pos=-1,-1|-1,-1|29,2|-1,-1|-1,-1|-1,-1|-1,-1|-1,-1|
#type=3,4,0,4,4,4,4,4,
L.......
#11101111111111111
#assigned_pet=-1,-1,-1,-1,-1,3,-1,-1,
#assigned_hub=0,4,-1,1,6,3,8,7,
#moving_targetting_pos=6,6|16,16|29,30|6,16|26,6|-1,-1|26,26|26,16|
#setting_targetting_pos=-1,-1|-1,-1|29,2|-1,-1|-1,-1|14,7|-1,-1|-1,-1|
#type=3,4,0,4,4,4,4,4,
L....R..
#11101111111111111
#assigned_pet=-1,-1,-1,-1,-1,-1,-1,-1,
#assigned_hub=0,4,-1,1,6,3,8,7,
#moving_targetting_pos=6,6|16,16|29,30|-1,-1|26,6|-1,-1|26,26|26,16|
#setting_targetting_pos=-1,-1|-1,-1|29,2|-1,-1|-1,-1|-1,-1|-1,-1|-1,-1|
#type=3,4,0,4,4,4,4,4,
L.......
#11101111111111111
#assigned_pet=-1,-1,-1,-1,-1,3,-1,-1,
#assigned_hub=0,4,-1,1,6,3,8,7,
#moving_targetting_pos=6,6|16,16|29,30|6,16|26,6|-1,-1|26,26|26,16|
#setting_targetting_pos=-1,-1|-1,-1|29,2|-1,-1|-1,-1|14,7|-1,-1|-1,-1|
#type=3,4,0,4,4,4,4,4,
L....U..
#11101111111111111
#assigned_pet=-1,-1,-1,-1,-1,3,-1,-1,
#assigned_hub=0,4,-1,1,6,3,8,7,
#moving_targetting_pos=6,6|16,16|29,30|6,16|26,6|-1,-1|26,26|26,16|
#setting_targetting_pos=-1,-1|-1,-1|29,2|-1,-1|-1,-1|14,7|-1,-1|-1,-1|
#type=3,4,0,4,4,4,4,4,
L....U..
#11101111111111111
#assigned_pet=-1,-1,-1,-1,-1,3,-1,-1,
#assigned_hub=0,4,-1,1,6,3,8,7,
#moving_targetting_pos=6,6|16,16|29,30|6,16|26,6|-1,-1|26,26|26,16|
#setting_targetting_pos=-1,-1|-1,-1|29,2|-1,-1|-1,-1|14,7|-1,-1|-1,-1|
#type=3,4,0,4,4,4,4,4,
L.......
#11101111111111111
#assigned_pet=-1,-1,-1,-1,-1,3,-1,-1,
#assigned_hub=0,4,-1,1,6,3,8,7,
#moving_targetting_pos=6,6|16,16|29,30|6,16|26,6|-1,-1|26,26|26,16|
#setting_targetting_pos=-1,-1|-1,-1|29,2|-1,-1|-1,-1|14,7|-1,-1|-1,-1|
#type=3,4,0,4,4,4,4,4,
L.......
#11101111111111111
#assigned_pet=-1,-1,-1,-1,-1,3,-1,-1,
#assigned_hub=0,4,-1,1,6,3,8,7,
#moving_targetting_pos=6,6|16,16|29,30|6,16|26,6|-1,-1|26,26|26,16|
#setting_targetting_pos=-1,-1|-1,-1|29,2|-1,-1|-1,-1|14,7|-1,-1|-1,-1|
#type=3,4,0,4,4,4,4,4,
L.......
#11101111111111111
#assigned_pet=-1,-1,-1,-1,-1,3,-1,-1,
#assigned_hub=0,4,-1,1,6,3,8,7,
#moving_targetting_pos=6,6|16,16|29,30|6,16|26,6|-1,-1|26,26|26,16|
#setting_targetting_pos=-1,-1|-1,-1|29,2|-1,-1|-1,-1|14,7|-1,-1|-1,-1|
#type=3,4,0,4,4,4,4,4,
L.......
#11101111111111111
#assigned_pet=-1,-1,-1,-1,-1,3,-1,-1,
#assigned_hub=0,4,-1,1,6,3,8,7,
#moving_targetting_pos=6,6|16,16|29,30|6,16|26,6|-1,-1|26,26|26,16|
#setting_targetting_pos=-1,-1|-1,-1|29,2|-1,-1|-1,-1|14,7|-1,-1|-1,-1|
#type=3,4,0,4,4,4,4,4,
L.......
#11101111111111111
#assigned_pet=-1,-1,-1,-1,-1,3,-1,-1,
#assigned_hub=0,4,-1,1,6,3,8,7,
#moving_targetting_pos=6,6|16,16|29,30|6,16|26,6|-1,-1|26,26|26,16|
#setting_targetting_pos=-1,-1|-1,-1|29,2|-1,-1|-1,-1|14,7|-1,-1|-1,-1|
#type=3,4,0,4,4,4,4,4,
U.......
#11101111111111111
#assigned_pet=-1,-1,-1,-1,-1,3,-1,-1,
#assigned_hub=0,4,-1,1,6,3,8,7,
#moving_targetting_pos=6,6|16,16|29,30|6,16|26,6|-1,-1|26,26|26,16|
#setting_targetting_pos=-1,-1|-1,-1|29,2|-1,-1|-1,-1|14,7|-1,-1|-1,-1|
#type=3,4,0,4,4,4,4,4,
L.......
#11101111111111111
#assigned_pet=-1,-1,-1,-1,-1,3,-1,-1,
#assigned_hub=0,4,-1,1,6,3,8,7,
#moving_targetting_pos=6,6|-1,-1|29,30|6,16|26,6|-1,-1|26,26|26,16|
#setting_targetting_pos=-1,-1|-1,-1|29,2|-1,-1|-1,-1|14,7|-1,-1|-1,-1|
#type=3,4,0,4,4,4,4,4,
U.......
#11101111111111111
#assigned_pet=-1,-1,-1,-1,-1,3,-1,-1,
#assigned_hub=0,4,-1,1,6,3,8,7,
#moving_targetting_pos=6,6|-1,-1|29,30|6,16|26,6|-1,-1|26,26|26,16|
#setting_targetting_pos=-1,-1|-1,-1|29,2|-1,-1|-1,-1|14,7|-1,-1|-1,-1|
#type=3,4,0,4,4,4,4,4,
L.......
#11101111111111111
#assigned_pet=-1,-1,-1,-1,-1,3,-1,-1,
#assigned_hub=0,4,-1,1,6,3,8,7,
#moving_targetting_pos=6,6|-1,-1|29,30|6,16|26,6|-1,-1|26,26|26,16|
#setting_targetting_pos=-1,-1|-1,-1|29,2|-1,-1|-1,-1|14,7|-1,-1|-1,-1|
#type=3,4,0,4,4,4,4,4,
L.......
#11101111111111111
#assigned_pet=-1,-1,-1,-1,-1,3,-1,-1,
#assigned_hub=0,4,-1,1,6,3,8,7,
#moving_targetting_pos=6,6|-1,-1|29,30|6,16|26,6|-1,-1|26,26|26,16|
#setting_targetting_pos=-1,-1|-1,-1|29,2|-1,-1|-1,-1|16,7|-1,-1|-1,-1|
#type=3,4,0,4,4,4,4,4,
L.......
#11101111111111111
#assigned_pet=-1,-1,-1,-1,-1,3,-1,-1,
#assigned_hub=0,4,-1,1,6,3,8,7,
#moving_targetting_pos=6,6|-1,-1|29,30|6,16|26,6|-1,-1|26,26|26,16|
#setting_targetting_pos=-1,-1|-1,-1|29,2|-1,-1|-1,-1|15,6|-1,-1|-1,-1|
#type=3,4,0,4,4,4,4,4,
L.......
#11101111111111111
#assigned_pet=-1,-1,-1,-1,-1,3,-1,-1,
#assigned_hub=0,4,-1,1,6,3,8,7,
#moving_targetting_pos=6,6|-1,-1|29,30|6,16|26,6|-1,-1|26,26|26,16|
#setting_targetting_pos=-1,-1|-1,-1|29,2|-1,-1|-1,-1|15,6|-1,-1|-1,-1|
#type=3,4,0,4,4,4,4,4,
L.......
#11101111111111111
#assigned_pet=-1,-1,-1,-1,-1,3,-1,-1,
#assigned_hub=0,4,-1,1,6,3,8,7,
#moving_targetting_pos=6,6|-1,-1|29,30|6,16|26,6|-1,-1|26,26|26,16|
#setting_targetting_pos=-1,-1|-1,-1|29,2|-1,-1|-1,-1|14,7|-1,-1|-1,-1|
#type=3,4,0,4,4,4,4,4,
L.......
#11101111111111111
#assigned_pet=-1,-1,-1,-1,-1,3,-1,-1,
#assigned_hub=0,4,-1,1,6,3,8,7,
#moving_targetting_pos=6,6|-1,-1|29,30|6,16|26,6|-1,-1|26,26|26,16|
#setting_targetting_pos=-1,-1|-1,-1|29,2|-1,-1|-1,-1|15,6|-1,-1|-1,-1|
#type=3,4,0,4,4,4,4,4,
L.......
#11101111111111111
#assigned_pet=-1,-1,-1,-1,-1,3,-1,-1,
#assigned_hub=0,4,-1,1,6,3,8,7,
#moving_targetting_pos=-1,-1|-1,-1|29,30|6,16|26,6|-1,-1|26,26|26,16|
#setting_targetting_pos=-1,-1|-1,-1|29,2|-1,-1|-1,-1|14,7|-1,-1|-1,-1|
#type=4,4,0,4,4,4,4,4,
........
#11101111111111111
#assigned_pet=-1,-1,-1,-1,-1,3,-1,-1,
#assigned_hub=0,4,-1,1,6,3,8,7,
#moving_targetting_pos=-1,-1|-1,-1|29,30|6,16|26,6|-1,-1|26,26|26,16|
#setting_targetting_pos=-1,-1|-1,-1|29,2|-1,-1|-1,-1|15,6|-1,-1|-1,-1|
#type=4,4,0,4,4,4,4,4,
........
#11101111111111111
#assigned_pet=-1,-1,-1,-1,-1,3,-1,-1,
#assigned_hub=0,4,-1,1,6,3,8,7,
#moving_targetting_pos=-1,-1|-1,-1|29,30|6,16|26,6|-1,-1|26,26|26,16|
#setting_targetting_pos=-1,-1|-1,-1|29,2|-1,-1|-1,-1|14,7|-1,-1|-1,-1|
#type=4,4,0,4,4,4,4,4,
........
#11101111111111111
#assigned_pet=-1,-1,-1,-1,-1,3,-1,-1,
#assigned_hub=0,4,-1,1,6,3,8,7,
#moving_targetting_pos=-1,-1|-1,-1|29,30|6,16|26,6|-1,-1|26,26|26,16|
#setting_targetting_pos=-1,-1|-1,-1|29,2|-1,-1|-1,-1|16,7|-1,-1|-1,-1|
#type=4,4,0,4,4,4,4,4,
........
#11101111111111111
#assigned_pet=-1,-1,-1,-1,-1,3,-1,-1,
#assigned_hub=0,4,-1,1,6,3,8,7,
#moving_targetting_pos=-1,-1|-1,-1|29,30|6,16|26,6|-1,-1|26,26|26,16|
#setting_targetting_pos=-1,-1|-1,-1|29,2|-1,-1|-1,-1|15,6|-1,-1|-1,-1|
#type=4,4,0,4,4,4,4,4,
........
#11101111111111111
#assigned_pet=-1,-1,-1,-1,-1,3,-1,-1,
#assigned_hub=0,4,-1,1,6,3,8,7,
#moving_targetting_pos=-1,-1|-1,-1|29,30|6,16|26,6|-1,-1|26,26|26,16|
#setting_targetting_pos=-1,-1|-1,-1|29,2|-1,-1|-1,-1|14,7|-1,-1|-1,-1|
#type=4,4,0,4,4,4,4,4,
........
#11101111111111111
#assigned_pet=-1,-1,-1,-1,-1,3,-1,-1,
#assigned_hub=0,4,-1,1,6,3,8,7,
#moving_targetting_pos=-1,-1|-1,-1|29,30|6,16|26,6|-1,-1|26,26|26,16|
#setting_targetting_pos=-1,-1|-1,-1|29,2|-1,-1|-1,-1|15,8|-1,-1|-1,-1|
#type=4,4,0,4,4,4,4,4,
........
#11101111111111111
#assigned_pet=-1,-1,-1,-1,-1,3,-1,-1,
#assigned_hub=0,4,-1,1,6,3,8,7,
#moving_targetting_pos=-1,-1|-1,-1|29,30|6,16|26,6|-1,-1|26,26|26,16|
#setting_targetting_pos=-1,-1|-1,-1|29,2|-1,-1|-1,-1|15,8|-1,-1|-1,-1|
#type=4,4,0,4,4,4,4,4,
........
#11111111111111111
#assigned_pet=-1,3,-1,-1,-1,3,-1,-1,
#assigned_hub=0,4,-1,1,6,3,8,7,
#moving_targetting_pos=6,6|-1,-1|29,30|6,16|26,6|-1,-1|26,26|26,16|
#setting_targetting_pos=-1,-1|15,14|29,2|-1,-1|-1,-1|15,8|-1,-1|-1,-1|
#type=4,5,0,4,4,5,4,4,
.l...r..
#11111111111111111
#assigned_pet=-1,-1,-1,-1,-1,-1,-1,-1,
#assigned_hub=0,4,-1,1,6,3,8,7,
#moving_targetting_pos=6,6|16,16|29,30|6,16|26,6|16,6|26,26|26,16|
#setting_targetting_pos=-1,-1|-1,-1|29,2|-1,-1|-1,-1|-1,-1|-1,-1|-1,-1|
#type=4,4,0,4,4,4,4,4,
........
#11111111111111111
#assigned_pet=-1,-1,-1,-1,-1,-1,-1,-1,
#assigned_hub=0,4,-1,1,6,3,8,7,
#moving_targetting_pos=6,6|16,16|29,30|6,16|26,6|16,6|26,26|26,16|
#setting_targetting_pos=-1,-1|-1,-1|29,2|-1,-1|-1,-1|-1,-1|-1,-1|-1,-1|
#type=4,4,0,4,4,4,4,4,
........
#11111111111111111
#assigned_pet=-1,-1,-1,-1,-1,-1,-1,-1,
#assigned_hub=0,4,-1,1,6,3,8,7,
#moving_targetting_pos=6,6|16,16|29,30|6,16|26,6|16,6|26,26|26,16|
#setting_targetting_pos=-1,-1|-1,-1|29,2|-1,-1|-1,-1|-1,-1|-1,-1|-1,-1|
#type=4,4,0,4,4,4,4,4,
........
#11111111111111111
#assigned_pet=-1,-1,-1,-1,-1,-1,-1,-1,
#assigned_hub=0,4,-1,1,6,3,8,7,
#moving_targetting_pos=6,6|16,16|29,30|6,16|26,6|16,6|26,26|26,16|
#setting_targetting_pos=-1,-1|-1,-1|29,2|-1,-1|-1,-1|-1,-1|-1,-1|-1,-1|
#type=4,4,0,4,4,4,4,4,
........
#11111111111111111
#assigned_pet=-1,-1,-1,-1,-1,-1,-1,-1,
#assigned_hub=0,4,-1,1,6,3,8,7,
#moving_targetting_pos=6,6|16,16|29,30|6,16|26,6|16,6|26,26|26,16|
#setting_targetting_pos=-1,-1|-1,-1|29,2|-1,-1|-1,-1|-1,-1|-1,-1|-1,-1|
#type=4,4,0,4,4,4,4,4,
........
#11111111111111111
#assigned_pet=-1,-1,-1,-1,-1,-1,-1,-1,
#assigned_hub=0,4,-1,1,6,3,8,7,
#moving_targetting_pos=6,6|16,16|29,30|6,16|26,6|16,6|26,26|26,16|
#setting_targetting_pos=-1,-1|-1,-1|29,2|-1,-1|-1,-1|-1,-1|-1,-1|-1,-1|
#type=4,4,0,4,4,4,4,4,
........
#11111111111111111
#assigned_pet=-1,-1,-1,-1,-1,-1,-1,-1,
#assigned_hub=0,4,-1,1,6,3,8,7,
#moving_targetting_pos=6,6|16,16|29,30|6,16|26,6|16,6|26,26|26,16|
#setting_targetting_pos=-1,-1|-1,-1|29,2|-1,-1|-1,-1|-1,-1|-1,-1|-1,-1|
#type=4,4,0,4,4,4,4,4,
........
#11111111111111111
#assigned_pet=-1,-1,-1,-1,-1,-1,-1,-1,
#assigned_hub=0,4,-1,1,6,3,8,7,
#moving_targetting_pos=6,6|16,16|29,30|6,16|26,6|16,6|26,26|26,16|
#setting_targetting_pos=-1,-1|-1,-1|29,2|-1,-1|-1,-1|-1,-1|-1,-1|-1,-1|
#type=4,4,0,4,4,4,4,4,
........
#11111111111111111
#assigned_pet=-1,-1,-1,-1,-1,-1,-1,-1,
#assigned_hub=0,4,-1,1,6,3,8,7,
#moving_targetting_pos=6,6|16,16|29,30|6,16|26,6|16,6|26,26|26,16|
#setting_targetting_pos=-1,-1|-1,-1|29,2|-1,-1|-1,-1|-1,-1|-1,-1|-1,-1|
#type=4,4,0,4,4,4,4,4,
........
#11111111111111111
#assigned_pet=-1,-1,-1,-1,-1,-1,-1,-1,
#assigned_hub=0,4,-1,1,6,3,8,7,
#moving_targetting_pos=6,6|16,16|29,30|6,16|26,6|16,6|26,26|26,16|
#setting_targetting_pos=-1,-1|-1,-1|29,2|-1,-1|-1,-1|-1,-1|-1,-1|-1,-1|
#type=4,4,0,4,4,4,4,4,
........
#11111111111111111
#assigned_pet=-1,-1,-1,-1,-1,-1,-1,-1,
#assigned_hub=0,4,-1,1,6,3,8,7,
#moving_targetting_pos=6,6|16,16|29,30|6,16|26,6|16,6|26,26|26,16|
#setting_targetting_pos=-1,-1|-1,-1|29,2|-1,-1|-1,-1|-1,-1|-1,-1|-1,-1|
#type=4,4,0,4,4,4,4,4,
........
#11111111111111111
#assigned_pet=-1,-1,-1,-1,-1,-1,-1,-1,
#assigned_hub=0,4,-1,1,6,3,8,7,
#moving_targetting_pos=6,6|16,16|29,30|6,16|26,6|16,6|26,26|26,16|
#setting_targetting_pos=-1,-1|-1,-1|29,2|-1,-1|-1,-1|-1,-1|-1,-1|-1,-1|
#type=4,4,0,4,4,4,4,4,
........
#11111111111111111
#assigned_pet=-1,-1,-1,-1,-1,-1,-1,-1,
#assigned_hub=0,4,-1,1,6,3,8,7,
#moving_targetting_pos=6,6|16,16|29,30|6,16|26,6|16,6|26,26|26,16|
#setting_targetting_pos=-1,-1|-1,-1|29,2|-1,-1|-1,-1|-1,-1|-1,-1|-1,-1|
#type=4,4,0,4,4,4,4,4,
........
#11111111111111111
#assigned_pet=-1,-1,-1,-1,-1,-1,-1,-1,
#assigned_hub=0,4,-1,1,6,3,8,7,
#moving_targetting_pos=6,6|16,16|29,30|6,16|26,6|16,6|26,26|26,16|
#setting_targetting_pos=-1,-1|-1,-1|29,2|-1,-1|-1,-1|-1,-1|-1,-1|-1,-1|
#type=4,4,0,4,4,4,4,4,
........
#11111111111111111
#assigned_pet=-1,-1,-1,-1,-1,-1,-1,-1,
#assigned_hub=0,4,-1,1,6,3,8,7,
#moving_targetting_pos=6,6|16,16|29,30|6,16|26,6|16,6|26,26|26,16|
#setting_targetting_pos=-1,-1|-1,-1|29,2|-1,-1|-1,-1|-1,-1|-1,-1|-1,-1|
#type=4,4,0,4,4,4,4,4,
........
#11111111111111111
#assigned_pet=-1,-1,-1,-1,-1,-1,-1,-1,
#assigned_hub=0,4,-1,1,6,3,8,7,
#moving_targetting_pos=6,6|16,16|29,30|6,16|26,6|16,6|26,26|26,16|
#setting_targetting_pos=-1,-1|-1,-1|29,2|-1,-1|-1,-1|-1,-1|-1,-1|-1,-1|
#type=4,4,0,4,4,4,4,4,
........
#11111111111111111
#assigned_pet=-1,-1,-1,-1,-1,-1,-1,-1,
#assigned_hub=0,4,-1,1,6,3,8,7,
#moving_targetting_pos=6,6|16,16|29,30|6,16|26,6|16,6|26,26|26,16|
#setting_targetting_pos=-1,-1|-1,-1|29,2|-1,-1|-1,-1|-1,-1|-1,-1|-1,-1|
#type=4,4,0,4,4,4,4,4,
........
#11111111111111111
#assigned_pet=-1,-1,-1,-1,-1,-1,-1,-1,
#assigned_hub=0,4,-1,1,6,3,8,7,
#moving_targetting_pos=6,6|16,16|29,30|6,16|26,6|16,6|26,26|26,16|
#setting_targetting_pos=-1,-1|-1,-1|29,2|-1,-1|-1,-1|-1,-1|-1,-1|-1,-1|
#type=4,4,0,4,4,4,4,4,
........
#11111111111111111
#assigned_pet=-1,-1,-1,-1,-1,-1,-1,-1,
#assigned_hub=0,4,-1,1,6,3,8,7,
#moving_targetting_pos=6,6|16,16|29,30|6,16|26,6|16,6|26,26|26,16|
#setting_targetting_pos=-1,-1|-1,-1|29,2|-1,-1|-1,-1|-1,-1|-1,-1|-1,-1|
#type=4,4,0,4,4,4,4,4,
........
#11111111111111111
#assigned_pet=-1,-1,-1,-1,-1,-1,-1,-1,
#assigned_hub=0,4,-1,1,6,3,8,7,
#moving_targetting_pos=6,6|16,16|29,30|6,16|26,6|16,6|26,26|26,16|
#setting_targetting_pos=-1,-1|-1,-1|29,2|-1,-1|-1,-1|-1,-1|-1,-1|-1,-1|
#type=4,4,0,4,4,4,4,4,
........
#11111111111111111
#assigned_pet=-1,-1,-1,-1,-1,-1,-1,-1,
#assigned_hub=0,4,-1,1,6,3,8,7,
#moving_targetting_pos=6,6|16,16|29,30|6,16|26,6|16,6|26,26|26,16|
#setting_targetting_pos=-1,-1|-1,-1|29,2|-1,-1|-1,-1|-1,-1|-1,-1|-1,-1|
#type=4,4,0,4,4,4,4,4,
........
#11111111111111111
#assigned_pet=-1,-1,-1,-1,-1,-1,-1,-1,
#assigned_hub=0,4,-1,1,6,3,8,7,
#moving_targetting_pos=6,6|16,16|29,30|6,16|26,6|16,6|26,26|26,16|
#setting_targetting_pos=-1,-1|-1,-1|29,2|-1,-1|-1,-1|-1,-1|-1,-1|-1,-1|
#type=4,4,0,4,4,4,4,4,
........
#11111111111111111
#assigned_pet=-1,-1,-1,-1,-1,-1,-1,-1,
#assigned_hub=0,4,-1,1,6,3,8,7,
#moving_targetting_pos=6,6|16,16|29,30|6,16|26,6|16,6|26,26|26,16|
#setting_targetting_pos=-1,-1|-1,-1|29,2|-1,-1|-1,-1|-1,-1|-1,-1|-1,-1|
#type=4,4,0,4,4,4,4,4,
........
#11111111111111111
#assigned_pet=-1,-1,-1,-1,-1,-1,-1,-1,
#assigned_hub=0,4,-1,1,6,3,8,7,
#moving_targetting_pos=6,6|16,16|29,30|6,16|26,6|16,6|26,26|26,16|
#setting_targetting_pos=-1,-1|-1,-1|29,2|-1,-1|-1,-1|-1,-1|-1,-1|-1,-1|
#type=4,4,0,4,4,4,4,4,
........
#11111111111111111
#assigned_pet=-1,-1,-1,-1,-1,-1,-1,-1,
#assigned_hub=0,4,-1,1,6,3,8,7,
#moving_targetting_pos=6,6|16,16|29,30|6,16|26,6|16,6|26,26|26,16|
#setting_targetting_pos=-1,-1|-1,-1|29,2|-1,-1|-1,-1|-1,-1|-1,-1|-1,-1|
#type=4,4,0,4,4,4,4,4,
........
#11111111111111111
#assigned_pet=-1,-1,-1,-1,-1,-1,-1,-1,
#assigned_hub=0,4,-1,1,6,3,8,7,
#moving_targetting_pos=6,6|16,16|29,30|6,16|26,6|16,6|26,26|26,16|
#setting_targetting_pos=-1,-1|-1,-1|29,2|-1,-1|-1,-1|-1,-1|-1,-1|-1,-1|
#type=4,4,0,4,4,4,4,4,
........
#11111111111111111
#assigned_pet=-1,-1,-1,-1,-1,-1,-1,-1,
#assigned_hub=0,4,-1,1,6,3,8,7,
#moving_targetting_pos=6,6|16,16|29,30|6,16|26,6|16,6|26,26|26,16|
#setting_targetting_pos=-1,-1|-1,-1|29,2|-1,-1|-1,-1|-1,-1|-1,-1|-1,-1|
#type=4,4,0,4,4,4,4,4,
........
#11111111111111111
#assigned_pet=-1,-1,-1,-1,-1,-1,-1,-1,
#assigned_hub=0,4,-1,1,6,3,8,7,
#moving_targetting_pos=6,6|16,16|29,30|6,16|26,6|16,6|26,26|26,16|
#setting_targetting_pos=-1,-1|-1,-1|29,2|-1,-1|-1,-1|-1,-1|-1,-1|-1,-1|
#type=4,4,0,4,4,4,4,4,
........
#11111111111111111
#assigned_pet=-1,-1,-1,-1,-1,-1,-1,-1,
#assigned_hub=0,4,-1,1,6,3,8,7,
#moving_targetting_pos=6,6|16,16|29,30|6,16|26,6|16,6|26,26|26,16|
#setting_targetting_pos=-1,-1|-1,-1|29,2|-1,-1|-1,-1|-1,-1|-1,-1|-1,-1|
#type=4,4,0,4,4,4,4,4,
........
#11111111111111111
#assigned_pet=-1,-1,-1,-1,-1,-1,-1,-1,
#assigned_hub=0,4,-1,1,6,3,8,7,
#moving_targetting_pos=6,6|16,16|29,30|6,16|26,6|16,6|26,26|26,16|
#setting_targetting_pos=-1,-1|-1,-1|29,2|-1,-1|-1,-1|-1,-1|-1,-1|-1,-1|
#type=4,4,0,4,4,4,4,4,
........
#11111111111111111
#assigned_pet=-1,-1,-1,-1,-1,-1,-1,-1,
#assigned_hub=0,4,-1,1,6,3,8,7,
#moving_targetting_pos=6,6|16,16|29,30|6,16|26,6|16,6|26,26|26,16|
#setting_targetting_pos=-1,-1|-1,-1|29,2|-1,-1|-1,-1|-1,-1|-1,-1|-1,-1|
#type=4,4,0,4,4,4,4,4,
........
#11111111111111111
#assigned_pet=-1,-1,-1,-1,-1,-1,-1,-1,
#assigned_hub=0,4,-1,1,6,3,8,7,
#moving_targetting_pos=6,6|16,16|29,30|6,16|26,6|16,6|26,26|26,16|
#setting_targetting_pos=-1,-1|-1,-1|29,2|-1,-1|-1,-1|-1,-1|-1,-1|-1,-1|
#type=4,4,0,4,4,4,4,4,
........
#11111111111111111
#assigned_pet=-1,-1,-1,-1,-1,-1,-1,-1,
#assigned_hub=0,4,-1,1,6,3,8,7,
#moving_targetting_pos=6,6|16,16|29,30|6,16|26,6|16,6|26,26|26,16|
#setting_targetting_pos=-1,-1|-1,-1|29,2|-1,-1|-1,-1|-1,-1|-1,-1|-1,-1|
#type=4,4,0,4,4,4,4,4,
........
#11111111111111111
#assigned_pet=-1,-1,-1,-1,-1,-1,-1,-1,
#assigned_hub=0,4,-1,1,6,3,8,7,
#moving_targetting_pos=6,6|16,16|29,30|6,16|26,6|16,6|26,26|26,16|
#setting_targetting_pos=-1,-1|-1,-1|29,2|-1,-1|-1,-1|-1,-1|-1,-1|-1,-1|
#type=4,4,0,4,4,4,4,4,
........
#11111111111111111
#assigned_pet=-1,-1,-1,-1,-1,-1,-1,-1,
#assigned_hub=0,4,-1,1,6,3,8,7,
#moving_targetting_pos=6,6|16,16|29,30|6,16|26,6|16,6|26,26|26,16|
#setting_targetting_pos=-1,-1|-1,-1|29,2|-1,-1|-1,-1|-1,-1|-1,-1|-1,-1|
#type=4,4,0,4,4,4,4,4,
........
#11111111111111111
#assigned_pet=-1,-1,-1,-1,-1,-1,-1,-1,
#assigned_hub=0,4,-1,1,6,3,8,7,
#moving_targetting_pos=6,6|16,16|29,30|6,16|26,6|16,6|26,26|26,16|
#setting_targetting_pos=-1,-1|-1,-1|29,2|-1,-1|-1,-1|-1,-1|-1,-1|-1,-1|
#type=4,4,0,4,4,4,4,4,
........
#11111111111111111
#assigned_pet=-1,-1,-1,-1,-1,-1,-1,-1,
#assigned_hub=0,4,-1,1,6,3,8,7,
#moving_targetting_pos=6,6|16,16|29,30|6,16|26,6|16,6|26,26|26,16|
#setting_targetting_pos=-1,-1|-1,-1|29,2|-1,-1|-1,-1|-1,-1|-1,-1|-1,-1|
#type=4,4,0,4,4,4,4,4,
........
#11111111111111111
#assigned_pet=-1,-1,-1,-1,-1,-1,-1,-1,
#assigned_hub=0,4,-1,1,6,3,8,7,
#moving_targetting_pos=6,6|16,16|29,30|6,16|26,6|16,6|26,26|26,16|
#setting_targetting_pos=-1,-1|-1,-1|29,2|-1,-1|-1,-1|-1,-1|-1,-1|-1,-1|
#type=4,4,0,4,4,4,4,4,
........
#11111111111111111
#assigned_pet=-1,-1,-1,-1,-1,-1,-1,-1,
#assigned_hub=0,4,-1,1,6,3,8,7,
#moving_targetting_pos=6,6|16,16|29,30|6,16|26,6|16,6|26,26|26,16|
#setting_targetting_pos=-1,-1|-1,-1|29,2|-1,-1|-1,-1|-1,-1|-1,-1|-1,-1|
#type=4,4,0,4,4,4,4,4,
........
#11111111111111111
#assigned_pet=-1,-1,-1,-1,-1,-1,-1,-1,
#assigned_hub=0,4,-1,1,6,3,8,7,
#moving_targetting_pos=6,6|16,16|29,30|6,16|26,6|16,6|26,26|26,16|
#setting_targetting_pos=-1,-1|-1,-1|29,2|-1,-1|-1,-1|-1,-1|-1,-1|-1,-1|
#type=4,4,0,4,4,4,4,4,
........
#11111111111111111
#assigned_pet=-1,-1,-1,-1,-1,-1,-1,-1,
#assigned_hub=0,4,-1,1,6,3,8,7,
#moving_targetting_pos=6,6|16,16|29,30|6,16|26,6|16,6|26,26|26,16|
#setting_targetting_pos=-1,-1|-1,-1|29,2|-1,-1|-1,-1|-1,-1|-1,-1|-1,-1|
#type=4,4,0,4,4,4,4,4,
........
#11111111111111111
#assigned_pet=-1,-1,-1,-1,-1,-1,-1,-1,
#assigned_hub=0,4,-1,1,6,3,8,7,
#moving_targetting_pos=6,6|16,16|29,30|6,16|26,6|16,6|26,26|26,16|
#setting_targetting_pos=-1,-1|-1,-1|29,2|-1,-1|-1,-1|-1,-1|-1,-1|-1,-1|
#type=4,4,0,4,4,4,4,4,
........
#11111111111111111
#assigned_pet=-1,-1,-1,-1,-1,-1,-1,-1,
#assigned_hub=0,4,-1,1,6,3,8,7,
#moving_targetting_pos=6,6|16,16|29,30|6,16|26,6|16,6|26,26|26,16|
#setting_targetting_pos=-1,-1|-1,-1|29,2|-1,-1|-1,-1|-1,-1|-1,-1|-1,-1|
#type=4,4,0,4,4,4,4,4,
........
#11111111111111111
#assigned_pet=-1,-1,-1,-1,-1,-1,-1,-1,
#assigned_hub=0,4,-1,1,6,3,8,7,
#moving_targetting_pos=6,6|16,16|29,30|6,16|26,6|16,6|26,26|26,16|
#setting_targetting_pos=-1,-1|-1,-1|29,2|-1,-1|-1,-1|-1,-1|-1,-1|-1,-1|
#type=4,4,0,4,4,4,4,4,
........
#11111111111111111
#assigned_pet=-1,-1,-1,-1,-1,-1,-1,-1,
#assigned_hub=0,4,-1,1,6,3,8,7,
#moving_targetting_pos=6,6|16,16|29,30|6,16|26,6|16,6|26,26|26,16|
#setting_targetting_pos=-1,-1|-1,-1|29,2|-1,-1|-1,-1|-1,-1|-1,-1|-1,-1|
#type=4,4,0,4,4,4,4,4,
........
#11111111111111111
#assigned_pet=-1,-1,-1,-1,-1,-1,-1,-1,
#assigned_hub=0,4,-1,1,6,3,8,7,
#moving_targetting_pos=6,6|16,16|29,30|6,16|26,6|16,6|26,26|26,16|
#setting_targetting_pos=-1,-1|-1,-1|29,2|-1,-1|-1,-1|-1,-1|-1,-1|-1,-1|
#type=4,4,0,4,4,4,4,4,
........
#11111111111111111
#assigned_pet=-1,-1,-1,-1,-1,-1,-1,-1,
#assigned_hub=0,4,-1,1,6,3,8,7,
#moving_targetting_pos=6,6|16,16|29,30|6,16|26,6|16,6|26,26|26,16|
#setting_targetting_pos=-1,-1|-1,-1|29,2|-1,-1|-1,-1|-1,-1|-1,-1|-1,-1|
#type=4,4,0,4,4,4,4,4,
........
#11111111111111111
#assigned_pet=-1,-1,-1,-1,-1,-1,-1,-1,
#assigned_hub=0,4,-1,1,6,3,8,7,
#moving_targetting_pos=6,6|16,16|29,30|6,16|26,6|16,6|26,26|26,16|
#setting_targetting_pos=-1,-1|-1,-1|29,2|-1,-1|-1,-1|-1,-1|-1,-1|-1,-1|
#type=4,4,0,4,4,4,4,4,
........
#11111111111111111
#assigned_pet=-1,-1,-1,-1,-1,-1,-1,-1,
#assigned_hub=0,4,-1,1,6,3,8,7,
#moving_targetting_pos=6,6|16,16|29,30|6,16|26,6|16,6|26,26|26,16|
#setting_targetting_pos=-1,-1|-1,-1|29,2|-1,-1|-1,-1|-1,-1|-1,-1|-1,-1|
#type=4,4,0,4,4,4,4,4,
........
#11111111111111111
#assigned_pet=-1,-1,-1,-1,-1,-1,-1,-1,
#assigned_hub=0,4,-1,1,6,3,8,7,
#moving_targetting_pos=6,6|16,16|29,30|6,16|26,6|16,6|26,26|26,16|
#setting_targetting_pos=-1,-1|-1,-1|29,2|-1,-1|-1,-1|-1,-1|-1,-1|-1,-1|
#type=4,4,0,4,4,4,4,4,
........
#11111111111111111
#assigned_pet=-1,-1,-1,-1,-1,-1,-1,-1,
#assigned_hub=0,4,-1,1,6,3,8,7,
#moving_targetting_pos=6,6|16,16|29,30|6,16|26,6|16,6|26,26|26,16|
#setting_targetting_pos=-1,-1|-1,-1|29,2|-1,-1|-1,-1|-1,-1|-1,-1|-1,-1|
#type=4,4,0,4,4,4,4,4,
........
#11111111111111111
#assigned_pet=-1,-1,-1,-1,-1,-1,-1,-1,
#assigned_hub=0,4,-1,1,6,3,8,7,
#moving_targetting_pos=6,6|16,16|29,30|6,16|26,6|16,6|26,26|26,16|
#setting_targetting_pos=-1,-1|-1,-1|29,2|-1,-1|-1,-1|-1,-1|-1,-1|-1,-1|
#type=4,4,0,4,4,4,4,4,
........
#11111111111111111
#assigned_pet=-1,-1,-1,-1,-1,-1,-1,-1,
#assigned_hub=0,4,-1,1,6,3,8,7,
#moving_targetting_pos=6,6|16,16|29,30|6,16|26,6|16,6|26,26|26,16|
#setting_targetting_pos=-1,-1|-1,-1|29,2|-1,-1|-1,-1|-1,-1|-1,-1|-1,-1|
#type=4,4,0,4,4,4,4,4,
........
#11111111111111111
#assigned_pet=-1,-1,-1,-1,-1,-1,-1,-1,
#assigned_hub=0,4,-1,1,6,3,8,7,
#moving_targetting_pos=6,6|16,16|29,30|6,16|26,6|16,6|26,26|26,16|
#setting_targetting_pos=-1,-1|-1,-1|29,2|-1,-1|-1,-1|-1,-1|-1,-1|-1,-1|
#type=4,4,0,4,4,4,4,4,
........
#11111111111111111
#assigned_pet=-1,-1,-1,-1,-1,-1,-1,-1,
#assigned_hub=0,4,-1,1,6,3,8,7,
#moving_targetting_pos=6,6|16,16|29,30|6,16|26,6|16,6|26,26|26,16|
#setting_targetting_pos=-1,-1|-1,-1|29,2|-1,-1|-1,-1|-1,-1|-1,-1|-1,-1|
#type=4,4,0,4,4,4,4,4,
........
#11111111111111111
#assigned_pet=-1,-1,-1,-1,-1,-1,-1,-1,
#assigned_hub=0,4,-1,1,6,3,8,7,
#moving_targetting_pos=6,6|16,16|29,30|6,16|26,6|16,6|26,26|26,16|
#setting_targetting_pos=-1,-1|-1,-1|29,2|-1,-1|-1,-1|-1,-1|-1,-1|-1,-1|
#type=4,4,0,4,4,4,4,4,
........
#11111111111111111
#assigned_pet=-1,-1,-1,-1,-1,-1,-1,-1,
#assigned_hub=0,4,-1,1,6,3,8,7,
#moving_targetting_pos=6,6|16,16|29,30|6,16|26,6|16,6|26,26|26,16|
#setting_targetting_pos=-1,-1|-1,-1|29,2|-1,-1|-1,-1|-1,-1|-1,-1|-1,-1|
#type=4,4,0,4,4,4,4,4,
........
#11111111111111111
#assigned_pet=-1,-1,-1,-1,-1,-1,-1,-1,
#assigned_hub=0,4,-1,1,6,3,8,7,
#moving_targetting_pos=6,6|16,16|29,30|6,16|26,6|16,6|26,26|26,16|
#setting_targetting_pos=-1,-1|-1,-1|29,2|-1,-1|-1,-1|-1,-1|-1,-1|-1,-1|
#type=4,4,0,4,4,4,4,4,
........
#11111111111111111
#assigned_pet=-1,-1,-1,-1,-1,-1,-1,-1,
#assigned_hub=0,4,-1,1,6,3,8,7,
#moving_targetting_pos=6,6|16,16|29,30|6,16|26,6|16,6|26,26|26,16|
#setting_targetting_pos=-1,-1|-1,-1|29,2|-1,-1|-1,-1|-1,-1|-1,-1|-1,-1|
#type=4,4,0,4,4,4,4,4,
........
#11111111111111111
#assigned_pet=-1,-1,-1,-1,-1,-1,-1,-1,
#assigned_hub=0,4,-1,1,6,3,8,7,
#moving_targetting_pos=6,6|16,16|29,30|6,16|26,6|16,6|26,26|26,16|
#setting_targetting_pos=-1,-1|-1,-1|29,2|-1,-1|-1,-1|-1,-1|-1,-1|-1,-1|
#type=4,4,0,4,4,4,4,4,
........
#11111111111111111
#assigned_pet=-1,-1,-1,-1,-1,-1,-1,-1,
#assigned_hub=0,4,-1,1,6,3,8,7,
#moving_targetting_pos=6,6|16,16|29,30|6,16|26,6|16,6|26,26|26,16|
#setting_targetting_pos=-1,-1|-1,-1|29,2|-1,-1|-1,-1|-1,-1|-1,-1|-1,-1|
#type=4,4,0,4,4,4,4,4,
........
#11111111111111111
#assigned_pet=-1,-1,-1,-1,-1,-1,-1,-1,
#assigned_hub=0,4,-1,1,6,3,8,7,
#moving_targetting_pos=6,6|16,16|29,30|6,16|26,6|16,6|26,26|26,16|
#setting_targetting_pos=-1,-1|-1,-1|29,2|-1,-1|-1,-1|-1,-1|-1,-1|-1,-1|
#type=4,4,0,4,4,4,4,4,
........
#11111111111111111
#assigned_pet=-1,-1,-1,-1,-1,-1,-1,-1,
#assigned_hub=0,4,-1,1,6,3,8,7,
#moving_targetting_pos=6,6|16,16|29,30|6,16|26,6|16,6|26,26|26,16|
#setting_targetting_pos=-1,-1|-1,-1|29,2|-1,-1|-1,-1|-1,-1|-1,-1|-1,-1|
#type=4,4,0,4,4,4,4,4,
........
#11111111111111111
#assigned_pet=-1,-1,-1,-1,-1,-1,-1,-1,
#assigned_hub=0,4,-1,1,6,3,8,7,
#moving_targetting_pos=6,6|16,16|29,30|6,16|26,6|16,6|26,26|26,16|
#setting_targetting_pos=-1,-1|-1,-1|29,2|-1,-1|-1,-1|-1,-1|-1,-1|-1,-1|
#type=4,4,0,4,4,4,4,4,
........
#11111111111111111
#assigned_pet=-1,-1,-1,-1,-1,-1,-1,-1,
#assigned_hub=0,4,-1,1,6,3,8,7,
#moving_targetting_pos=6,6|16,16|29,30|6,16|26,6|16,6|26,26|26,16|
#setting_targetting_pos=-1,-1|-1,-1|29,2|-1,-1|-1,-1|-1,-1|-1,-1|-1,-1|
#type=4,4,0,4,4,4,4,4,
........
#11111111111111111
#assigned_pet=-1,-1,-1,-1,-1,-1,-1,-1,
#assigned_hub=0,4,-1,1,6,3,8,7,
#moving_targetting_pos=6,6|16,16|29,30|6,16|26,6|16,6|26,26|26,16|
#setting_targetting_pos=-1,-1|-1,-1|29,2|-1,-1|-1,-1|-1,-1|-1,-1|-1,-1|
#type=4,4,0,4,4,4,4,4,
........
#11111111111111111
#assigned_pet=-1,-1,-1,-1,-1,-1,-1,-1,
#assigned_hub=0,4,-1,1,6,3,8,7,
#moving_targetting_pos=6,6|16,16|29,30|6,16|26,6|16,6|26,26|26,16|
#setting_targetting_pos=-1,-1|-1,-1|29,2|-1,-1|-1,-1|-1,-1|-1,-1|-1,-1|
#type=4,4,0,4,4,4,4,4,
........
#11111111111111111
#assigned_pet=-1,-1,-1,-1,-1,-1,-1,-1,
#assigned_hub=0,4,-1,1,6,3,8,7,
#moving_targetting_pos=6,6|16,16|29,30|6,16|26,6|16,6|26,26|26,16|
#setting_targetting_pos=-1,-1|-1,-1|29,2|-1,-1|-1,-1|-1,-1|-1,-1|-1,-1|
#type=4,4,0,4,4,4,4,4,
........
#11111111111111111
#assigned_pet=-1,-1,-1,-1,-1,-1,-1,-1,
#assigned_hub=0,4,-1,1,6,3,8,7,
#moving_targetting_pos=6,6|16,16|29,30|6,16|26,6|16,6|26,26|26,16|
#setting_targetting_pos=-1,-1|-1,-1|29,2|-1,-1|-1,-1|-1,-1|-1,-1|-1,-1|
#type=4,4,0,4,4,4,4,4,
........
#11111111111111111
#assigned_pet=-1,-1,-1,-1,-1,-1,-1,-1,
#assigned_hub=0,4,-1,1,6,3,8,7,
#moving_targetting_pos=6,6|16,16|29,30|6,16|26,6|16,6|26,26|26,16|
#setting_targetting_pos=-1,-1|-1,-1|29,2|-1,-1|-1,-1|-1,-1|-1,-1|-1,-1|
#type=4,4,0,4,4,4,4,4,
........
#11111111111111111
#assigned_pet=-1,-1,-1,-1,-1,-1,-1,-1,
#assigned_hub=0,4,-1,1,6,3,8,7,
#moving_targetting_pos=6,6|16,16|29,30|6,16|26,6|16,6|26,26|26,16|
#setting_targetting_pos=-1,-1|-1,-1|29,2|-1,-1|-1,-1|-1,-1|-1,-1|-1,-1|
#type=4,4,0,4,4,4,4,4,
........
#11111111111111111
#assigned_pet=-1,-1,-1,-1,-1,-1,-1,-1,
#assigned_hub=0,4,-1,1,6,3,8,7,
#moving_targetting_pos=6,6|16,16|29,30|6,16|26,6|16,6|26,26|26,16|
#setting_targetting_pos=-1,-1|-1,-1|29,2|-1,-1|-1,-1|-1,-1|-1,-1|-1,-1|
#type=4,4,0,4,4,4,4,4,
........
#11111111111111111
#assigned_pet=-1,-1,-1,-1,-1,-1,-1,-1,
#assigned_hub=0,4,-1,1,6,3,8,7,
#moving_targetting_pos=6,6|16,16|29,30|6,16|26,6|16,6|26,26|26,16|
#setting_targetting_pos=-1,-1|-1,-1|29,2|-1,-1|-1,-1|-1,-1|-1,-1|-1,-1|
#type=4,4,0,4,4,4,4,4,
........
#11111111111111111
#assigned_pet=-1,-1,-1,-1,-1,-1,-1,-1,
#assigned_hub=0,4,-1,1,6,3,8,7,
#moving_targetting_pos=6,6|16,16|29,30|6,16|26,6|16,6|26,26|26,16|
#setting_targetting_pos=-1,-1|-1,-1|29,2|-1,-1|-1,-1|-1,-1|-1,-1|-1,-1|
#type=4,4,0,4,4,4,4,4,
........
#11111111111111111
#assigned_pet=-1,-1,-1,-1,-1,-1,-1,-1,
#assigned_hub=0,4,-1,1,6,3,8,7,
#moving_targetting_pos=6,6|16,16|29,30|6,16|26,6|16,6|26,26|26,16|
#setting_targetting_pos=-1,-1|-1,-1|29,2|-1,-1|-1,-1|-1,-1|-1,-1|-1,-1|
#type=4,4,0,4,4,4,4,4,
........
#11111111111111111
#assigned_pet=-1,-1,-1,-1,-1,-1,-1,-1,
#assigned_hub=0,4,-1,1,6,3,8,7,
#moving_targetting_pos=6,6|16,16|29,30|6,16|26,6|16,6|26,26|26,16|
#setting_targetting_pos=-1,-1|-1,-1|29,2|-1,-1|-1,-1|-1,-1|-1,-1|-1,-1|
#type=4,4,0,4,4,4,4,4,
........
#11111111111111111
#assigned_pet=-1,-1,-1,-1,-1,-1,-1,-1,
#assigned_hub=0,4,-1,1,6,3,8,7,
#moving_targetting_pos=6,6|16,16|29,30|6,16|26,6|16,6|26,26|26,16|
#setting_targetting_pos=-1,-1|-1,-1|29,2|-1,-1|-1,-1|-1,-1|-1,-1|-1,-1|
#type=4,4,0,4,4,4,4,4,
........
#11111111111111111
#assigned_pet=-1,-1,-1,-1,-1,-1,-1,-1,
#assigned_hub=0,4,-1,1,6,3,8,7,
#moving_targetting_pos=6,6|16,16|29,30|6,16|26,6|16,6|26,26|26,16|
#setting_targetting_pos=-1,-1|-1,-1|29,2|-1,-1|-1,-1|-1,-1|-1,-1|-1,-1|
#type=4,4,0,4,4,4,4,4,
........
#11111111111111111
#assigned_pet=-1,-1,-1,-1,-1,-1,-1,-1,
#assigned_hub=0,4,-1,1,6,3,8,7,
#moving_targetting_pos=6,6|16,16|29,30|6,16|26,6|16,6|26,26|26,16|
#setting_targetting_pos=-1,-1|-1,-1|29,2|-1,-1|-1,-1|-1,-1|-1,-1|-1,-1|
#type=4,4,0,4,4,4,4,4,
........
#11111111111111111
#assigned_pet=-1,-1,-1,-1,-1,-1,-1,-1,
#assigned_hub=0,4,-1,1,6,3,8,7,
#moving_targetting_pos=6,6|16,16|29,30|6,16|26,6|16,6|26,26|26,16|
#setting_targetting_pos=-1,-1|-1,-1|29,2|-1,-1|-1,-1|-1,-1|-1,-1|-1,-1|
#type=4,4,0,4,4,4,4,4,
........
#11111111111111111
#assigned_pet=-1,-1,-1,-1,-1,-1,-1,-1,
#assigned_hub=0,4,-1,1,6,3,8,7,
#moving_targetting_pos=6,6|16,16|29,30|6,16|26,6|16,6|26,26|26,16|
#setting_targetting_pos=-1,-1|-1,-1|29,2|-1,-1|-1,-1|-1,-1|-1,-1|-1,-1|
#type=4,4,0,4,4,4,4,4,
........
#11111111111111111
#assigned_pet=-1,-1,-1,-1,-1,-1,-1,-1,
#assigned_hub=0,4,-1,1,6,3,8,7,
#moving_targetting_pos=6,6|16,16|29,30|6,16|26,6|16,6|26,26|26,16|
#setting_targetting_pos=-1,-1|-1,-1|29,2|-1,-1|-1,-1|-1,-1|-1,-1|-1,-1|
#type=4,4,0,4,4,4,4,4,
........
#11111111111111111
#assigned_pet=-1,-1,-1,-1,-1,-1,-1,-1,
#assigned_hub=0,4,-1,1,6,3,8,7,
#moving_targetting_pos=6,6|16,16|29,30|6,16|26,6|16,6|26,26|26,16|
#setting_targetting_pos=-1,-1|-1,-1|29,2|-1,-1|-1,-1|-1,-1|-1,-1|-1,-1|
#type=4,4,0,4,4,4,4,4,
........
#11111111111111111
#assigned_pet=-1,-1,-1,-1,-1,-1,-1,-1,
#assigned_hub=0,4,-1,1,6,3,8,7,
#moving_targetting_pos=6,6|16,16|29,30|6,16|26,6|16,6|26,26|26,16|
#setting_targetting_pos=-1,-1|-1,-1|29,2|-1,-1|-1,-1|-1,-1|-1,-1|-1,-1|
#type=4,4,0,4,4,4,4,4,
........
#11111111111111111
#assigned_pet=-1,-1,-1,-1,-1,-1,-1,-1,
#assigned_hub=0,4,-1,1,6,3,8,7,
#moving_targetting_pos=6,6|16,16|29,30|6,16|26,6|16,6|26,26|26,16|
#setting_targetting_pos=-1,-1|-1,-1|29,2|-1,-1|-1,-1|-1,-1|-1,-1|-1,-1|
#type=4,4,0,4,4,4,4,4,
........
#11111111111111111
#assigned_pet=-1,-1,-1,-1,-1,-1,-1,-1,
#assigned_hub=0,4,-1,1,6,3,8,7,
#moving_targetting_pos=6,6|16,16|29,30|6,16|26,6|16,6|26,26|26,16|
#setting_targetting_pos=-1,-1|-1,-1|29,2|-1,-1|-1,-1|-1,-1|-1,-1|-1,-1|
#type=4,4,0,4,4,4,4,4,
........
#11111111111111111
#assigned_pet=-1,-1,-1,-1,-1,-1,-1,-1,
#assigned_hub=0,4,-1,1,6,3,8,7,
#moving_targetting_pos=6,6|16,16|29,30|6,16|26,6|16,6|26,26|26,16|
#setting_targetting_pos=-1,-1|-1,-1|29,2|-1,-1|-1,-1|-1,-1|-1,-1|-1,-1|
#type=4,4,0,4,4,4,4,4,
........
#11111111111111111
#assigned_pet=-1,-1,-1,-1,-1,-1,-1,-1,
#assigned_hub=0,4,-1,1,6,3,8,7,
#moving_targetting_pos=6,6|16,16|29,30|6,16|26,6|16,6|26,26|26,16|
#setting_targetting_pos=-1,-1|-1,-1|29,2|-1,-1|-1,-1|-1,-1|-1,-1|-1,-1|
#type=4,4,0,4,4,4,4,4,
........
#11111111111111111
#assigned_pet=-1,-1,-1,-1,-1,-1,-1,-1,
#assigned_hub=0,4,-1,1,6,3,8,7,
#moving_targetting_pos=6,6|16,16|29,30|6,16|26,6|16,6|26,26|26,16|
#setting_targetting_pos=-1,-1|-1,-1|29,2|-1,-1|-1,-1|-1,-1|-1,-1|-1,-1|
#type=4,4,0,4,4,4,4,4,
........
#11111111111111111
#assigned_pet=-1,-1,-1,-1,-1,-1,-1,-1,
#assigned_hub=0,4,-1,1,6,3,8,7,
#moving_targetting_pos=6,6|16,16|29,30|6,16|26,6|16,6|26,26|26,16|
#setting_targetting_pos=-1,-1|-1,-1|29,2|-1,-1|-1,-1|-1,-1|-1,-1|-1,-1|
#type=4,4,0,4,4,4,4,4,
........
#11111111111111111
#assigned_pet=-1,-1,-1,-1,-1,-1,-1,-1,
#assigned_hub=0,4,-1,1,6,3,8,7,
#moving_targetting_pos=6,6|16,16|29,30|6,16|26,6|16,6|26,26|26,16|
#setting_targetting_pos=-1,-1|-1,-1|29,2|-1,-1|-1,-1|-1,-1|-1,-1|-1,-1|
#type=4,4,0,4,4,4,4,4,
........
#11111111111111111
#assigned_pet=-1,-1,-1,-1,-1,-1,-1,-1,
#assigned_hub=0,4,-1,1,6,3,8,7,
#moving_targetting_pos=6,6|16,16|29,30|6,16|26,6|16,6|26,26|26,16|
#setting_targetting_pos=-1,-1|-1,-1|29,2|-1,-1|-1,-1|-1,-1|-1,-1|-1,-1|
#type=4,4,0,4,4,4,4,4,
........
#11111111111111111
#assigned_pet=-1,-1,-1,-1,-1,-1,-1,-1,
#assigned_hub=0,4,-1,1,6,3,8,7,
#moving_targetting_pos=6,6|16,16|29,30|6,16|26,6|16,6|26,26|26,16|
#setting_targetting_pos=-1,-1|-1,-1|29,2|-1,-1|-1,-1|-1,-1|-1,-1|-1,-1|
#type=4,4,0,4,4,4,4,4,
........
#11111111111111111
#assigned_pet=-1,-1,-1,-1,-1,-1,-1,-1,
#assigned_hub=0,4,-1,1,6,3,8,7,
#moving_targetting_pos=6,6|16,16|29,30|6,16|26,6|16,6|26,26|26,16|
#setting_targetting_pos=-1,-1|-1,-1|29,2|-1,-1|-1,-1|-1,-1|-1,-1|-1,-1|
#type=4,4,0,4,4,4,4,4,
........
#11111111111111111
#assigned_pet=-1,-1,-1,-1,-1,-1,-1,-1,
#assigned_hub=0,4,-1,1,6,3,8,7,
#moving_targetting_pos=6,6|16,16|29,30|6,16|26,6|16,6|26,26|26,16|
#setting_targetting_pos=-1,-1|-1,-1|29,2|-1,-1|-1,-1|-1,-1|-1,-1|-1,-1|
#type=4,4,0,4,4,4,4,4,
........
#11111111111111111
#assigned_pet=-1,-1,-1,-1,-1,-1,-1,-1,
#assigned_hub=0,4,-1,1,6,3,8,7,
#moving_targetting_pos=6,6|16,16|29,30|6,16|26,6|16,6|26,26|26,16|
#setting_targetting_pos=-1,-1|-1,-1|29,2|-1,-1|-1,-1|-1,-1|-1,-1|-1,-1|
#type=4,4,0,4,4,4,4,4,
........
#11111111111111111
#assigned_pet=-1,-1,-1,-1,-1,-1,-1,-1,
#assigned_hub=0,4,-1,1,6,3,8,7,
#moving_targetting_pos=6,6|16,16|29,30|6,16|26,6|16,6|26,26|26,16|
#setting_targetting_pos=-1,-1|-1,-1|29,2|-1,-1|-1,-1|-1,-1|-1,-1|-1,-1|
#type=4,4,0,4,4,4,4,4,
........
#11111111111111111
#assigned_pet=-1,-1,-1,-1,-1,-1,-1,-1,
#assigned_hub=0,4,-1,1,6,3,8,7,
#moving_targetting_pos=6,6|16,16|29,30|6,16|26,6|16,6|26,26|26,16|
#setting_targetting_pos=-1,-1|-1,-1|29,2|-1,-1|-1,-1|-1,-1|-1,-1|-1,-1|
#type=4,4,0,4,4,4,4,4,
........
#11111111111111111
#assigned_pet=-1,-1,-1,-1,-1,-1,-1,-1,
#assigned_hub=0,4,-1,1,6,3,8,7,
#moving_targetting_pos=6,6|16,16|29,30|6,16|26,6|16,6|26,26|26,16|
#setting_targetting_pos=-1,-1|-1,-1|29,2|-1,-1|-1,-1|-1,-1|-1,-1|-1,-1|
#type=4,4,0,4,4,4,4,4,
........
#11111111111111111
#assigned_pet=-1,-1,-1,-1,-1,-1,-1,-1,
#assigned_hub=0,4,-1,1,6,3,8,7,
#moving_targetting_pos=6,6|16,16|29,30|6,16|26,6|16,6|26,26|26,16|
#setting_targetting_pos=-1,-1|-1,-1|29,2|-1,-1|-1,-1|-1,-1|-1,-1|-1,-1|
#type=4,4,0,4,4,4,4,4,
........
#11111111111111111
#assigned_pet=-1,-1,-1,-1,-1,-1,-1,-1,
#assigned_hub=0,4,-1,1,6,3,8,7,
#moving_targetting_pos=6,6|16,16|29,30|6,16|26,6|16,6|26,26|26,16|
#setting_targetting_pos=-1,-1|-1,-1|29,2|-1,-1|-1,-1|-1,-1|-1,-1|-1,-1|
#type=4,4,0,4,4,4,4,4,
........
#11111111111111111
#assigned_pet=-1,-1,-1,-1,-1,-1,-1,-1,
#assigned_hub=0,4,-1,1,6,3,8,7,
#moving_targetting_pos=6,6|16,16|29,30|6,16|26,6|16,6|26,26|26,16|
#setting_targetting_pos=-1,-1|-1,-1|29,2|-1,-1|-1,-1|-1,-1|-1,-1|-1,-1|
#type=4,4,0,4,4,4,4,4,
........
#11111111111111111
#assigned_pet=-1,-1,-1,-1,-1,-1,-1,-1,
#assigned_hub=0,4,-1,1,6,3,8,7,
#moving_targetting_pos=6,6|16,16|29,30|6,16|26,6|16,6|26,26|26,16|
#setting_targetting_pos=-1,-1|-1,-1|29,2|-1,-1|-1,-1|-1,-1|-1,-1|-1,-1|
#type=4,4,0,4,4,4,4,4,
........
#11111111111111111
#assigned_pet=-1,-1,-1,-1,-1,-1,-1,-1,
#assigned_hub=0,4,-1,1,6,3,8,7,
#moving_targetting_pos=6,6|16,16|29,30|6,16|26,6|16,6|26,26|26,16|
#setting_targetting_pos=-1,-1|-1,-1|29,2|-1,-1|-1,-1|-1,-1|-1,-1|-1,-1|
#type=4,4,0,4,4,4,4,4,
........
#11111111111111111
#assigned_pet=-1,-1,-1,-1,-1,-1,-1,-1,
#assigned_hub=0,4,-1,1,6,3,8,7,
#moving_targetting_pos=6,6|16,16|29,30|6,16|26,6|16,6|26,26|26,16|
#setting_targetting_pos=-1,-1|-1,-1|29,2|-1,-1|-1,-1|-1,-1|-1,-1|-1,-1|
#type=4,4,0,4,4,4,4,4,
........
#11111111111111111
#assigned_pet=-1,-1,-1,-1,-1,-1,-1,-1,
#assigned_hub=0,4,-1,1,6,3,8,7,
#moving_targetting_pos=6,6|16,16|29,30|6,16|26,6|16,6|26,26|26,16|
#setting_targetting_pos=-1,-1|-1,-1|29,2|-1,-1|-1,-1|-1,-1|-1,-1|-1,-1|
#type=4,4,0,4,4,4,4,4,
........
#11111111111111111
#assigned_pet=-1,-1,-1,-1,-1,-1,-1,-1,
#assigned_hub=0,4,-1,1,6,3,8,7,
#moving_targetting_pos=6,6|16,16|29,30|6,16|26,6|16,6|26,26|26,16|
#setting_targetting_pos=-1,-1|-1,-1|29,2|-1,-1|-1,-1|-1,-1|-1,-1|-1,-1|
#type=4,4,0,4,4,4,4,4,
........
#11111111111111111
#assigned_pet=-1,-1,-1,-1,-1,-1,-1,-1,
#assigned_hub=0,4,-1,1,6,3,8,7,
#moving_targetting_pos=6,6|16,16|29,30|6,16|26,6|16,6|26,26|26,16|
#setting_targetting_pos=-1,-1|-1,-1|29,2|-1,-1|-1,-1|-1,-1|-1,-1|-1,-1|
#type=4,4,0,4,4,4,4,4,
........
#11111111111111111
#assigned_pet=-1,-1,-1,-1,-1,-1,-1,-1,
#assigned_hub=0,4,-1,1,6,3,8,7,
#moving_targetting_pos=6,6|16,16|29,30|6,16|26,6|16,6|26,26|26,16|
#setting_targetting_pos=-1,-1|-1,-1|29,2|-1,-1|-1,-1|-1,-1|-1,-1|-1,-1|
#type=4,4,0,4,4,4,4,4,
........
#11111111111111111
#assigned_pet=-1,-1,-1,-1,-1,-1,-1,-1,
#assigned_hub=0,4,-1,1,6,3,8,7,
#moving_targetting_pos=6,6|16,16|29,30|6,16|26,6|16,6|26,26|26,16|
#setting_targetting_pos=-1,-1|-1,-1|29,2|-1,-1|-1,-1|-1,-1|-1,-1|-1,-1|
#type=4,4,0,4,4,4,4,4,
........
#11111111111111111
#assigned_pet=-1,-1,-1,-1,-1,-1,-1,-1,
#assigned_hub=0,4,-1,1,6,3,8,7,
#moving_targetting_pos=6,6|16,16|29,30|6,16|26,6|16,6|26,26|26,16|
#setting_targetting_pos=-1,-1|-1,-1|29,2|-1,-1|-1,-1|-1,-1|-1,-1|-1,-1|
#type=4,4,0,4,4,4,4,4,
........
#11111111111111111
#assigned_pet=-1,-1,-1,-1,-1,-1,-1,-1,
#assigned_hub=0,4,-1,1,6,3,8,7,
#moving_targetting_pos=6,6|16,16|29,30|6,16|26,6|16,6|26,26|26,16|
#setting_targetting_pos=-1,-1|-1,-1|29,2|-1,-1|-1,-1|-1,-1|-1,-1|-1,-1|
#type=4,4,0,4,4,4,4,4,
........
#11111111111111111
#assigned_pet=-1,-1,-1,-1,-1,-1,-1,-1,
#assigned_hub=0,4,-1,1,6,3,8,7,
#moving_targetting_pos=6,6|16,16|29,30|6,16|26,6|16,6|26,26|26,16|
#setting_targetting_pos=-1,-1|-1,-1|29,2|-1,-1|-1,-1|-1,-1|-1,-1|-1,-1|
#type=4,4,0,4,4,4,4,4,
........
#11111111111111111
#assigned_pet=-1,-1,-1,-1,-1,-1,-1,-1,
#assigned_hub=0,4,-1,1,6,3,8,7,
#moving_targetting_pos=6,6|16,16|29,30|6,16|26,6|16,6|26,26|26,16|
#setting_targetting_pos=-1,-1|-1,-1|29,2|-1,-1|-1,-1|-1,-1|-1,-1|-1,-1|
#type=4,4,0,4,4,4,4,4,
........
#11111111111111111
#assigned_pet=-1,-1,-1,-1,-1,-1,-1,-1,
#assigned_hub=0,4,-1,1,6,3,8,7,
#moving_targetting_pos=6,6|16,16|29,30|6,16|26,6|16,6|26,26|26,16|
#setting_targetting_pos=-1,-1|-1,-1|29,2|-1,-1|-1,-1|-1,-1|-1,-1|-1,-1|
#type=4,4,0,4,4,4,4,4,
........
#11111111111111111
#assigned_pet=-1,-1,-1,-1,-1,-1,-1,-1,
#assigned_hub=0,4,-1,1,6,3,8,7,
#moving_targetting_pos=6,6|16,16|29,30|6,16|26,6|16,6|26,26|26,16|
#setting_targetting_pos=-1,-1|-1,-1|29,2|-1,-1|-1,-1|-1,-1|-1,-1|-1,-1|
#type=4,4,0,4,4,4,4,4,
........
#11111111111111111
#assigned_pet=-1,-1,-1,-1,-1,-1,-1,-1,
#assigned_hub=0,4,-1,1,6,3,8,7,
#moving_targetting_pos=6,6|16,16|29,30|6,16|26,6|16,6|26,26|26,16|
#setting_targetting_pos=-1,-1|-1,-1|29,2|-1,-1|-1,-1|-1,-1|-1,-1|-1,-1|
#type=4,4,0,4,4,4,4,4,
........
#11111111111111111
#assigned_pet=-1,-1,-1,-1,-1,-1,-1,-1,
#assigned_hub=0,4,-1,1,6,3,8,7,
#moving_targetting_pos=6,6|16,16|29,30|6,16|26,6|16,6|26,26|26,16|
#setting_targetting_pos=-1,-1|-1,-1|29,2|-1,-1|-1,-1|-1,-1|-1,-1|-1,-1|
#type=4,4,0,4,4,4,4,4,
........
#11111111111111111
#assigned_pet=-1,-1,-1,-1,-1,-1,-1,-1,
#assigned_hub=0,4,-1,1,6,3,8,7,
#moving_targetting_pos=6,6|16,16|29,30|6,16|26,6|16,6|26,26|26,16|
#setting_targetting_pos=-1,-1|-1,-1|29,2|-1,-1|-1,-1|-1,-1|-1,-1|-1,-1|
#type=4,4,0,4,4,4,4,4,
........
#11111111111111111
#assigned_pet=-1,-1,-1,-1,-1,-1,-1,-1,
#assigned_hub=0,4,-1,1,6,3,8,7,
#moving_targetting_pos=6,6|16,16|29,30|6,16|26,6|16,6|26,26|26,16|
#setting_targetting_pos=-1,-1|-1,-1|29,2|-1,-1|-1,-1|-1,-1|-1,-1|-1,-1|
#type=4,4,0,4,4,4,4,4,
........
#11111111111111111
#assigned_pet=-1,-1,-1,-1,-1,-1,-1,-1,
#assigned_hub=0,4,-1,1,6,3,8,7,
#moving_targetting_pos=6,6|16,16|29,30|6,16|26,6|16,6|26,26|26,16|
#setting_targetting_pos=-1,-1|-1,-1|29,2|-1,-1|-1,-1|-1,-1|-1,-1|-1,-1|
#type=4,4,0,4,4,4,4,4,
........
#11111111111111111
#assigned_pet=-1,-1,-1,-1,-1,-1,-1,-1,
#assigned_hub=0,4,-1,1,6,3,8,7,
#moving_targetting_pos=6,6|16,16|29,30|6,16|26,6|16,6|26,26|26,16|
#setting_targetting_pos=-1,-1|-1,-1|29,2|-1,-1|-1,-1|-1,-1|-1,-1|-1,-1|
#type=4,4,0,4,4,4,4,4,
........
#11111111111111111
#assigned_pet=-1,-1,-1,-1,-1,-1,-1,-1,
#assigned_hub=0,4,-1,1,6,3,8,7,
#moving_targetting_pos=6,6|16,16|29,30|6,16|26,6|16,6|26,26|26,16|
#setting_targetting_pos=-1,-1|-1,-1|29,2|-1,-1|-1,-1|-1,-1|-1,-1|-1,-1|
#type=4,4,0,4,4,4,4,4,
........
