#000000000000
#assigned_pet=-1,-1,-1,-1,-1,-1,-1,-1,-1,
#assigned_hub=-1,-1,-1,-1,-1,-1,-1,-1,-1,
#moving_targetting_pos=22,1|5,1|19,30|2,29|25,30|29,30|15,30|12,29|9,30|
#setting_targetting_pos=22,29|5,30|19,2|2,1|25,1|29,2|15,1|12,1|9,2|
#type=1,1,1,1,1,1,1,1,1,
LLRRRRRRR
#000000000000
#assigned_pet=-1,-1,-1,-1,-1,-1,-1,-1,-1,
#assigned_hub=-1,-1,-1,-1,-1,-1,-1,-1,-1,
#moving_targetting_pos=22,1|5,1|19,30|2,29|25,30|29,30|15,30|12,29|9,30|
#setting_targetting_pos=22,29|5,30|19,2|2,1|25,1|29,2|15,1|12,1|9,2|
#type=1,1,1,1,1,1,1,1,1,
LLRDRRRRR
#000000000000
#assigned_pet=-1,-1,-1,-1,-1,-1,-1,-1,-1,
#assigned_hub=-1,-1,-1,-1,-1,-1,-1,-1,-1,
#moving_targetting_pos=22,1|5,1|19,30|2,29|25,30|29,30|15,30|12,29|9,30|
#setting_targetting_pos=22,29|5,30|19,2|2,1|25,1|29,2|15,1|12,1|9,2|
#type=1,1,1,2,1,1,1,1,1,
LLRrRRRRR
#000000000000
#assigned_pet=-1,-1,-1,-1,-1,-1,-1,-1,-1,
#assigned_hub=-1,-1,-1,-1,-1,-1,-1,-1,-1,
#moving_targetting_pos=22,1|5,1|19,30|2,29|25,30|29,30|15,30|12,29|9,30|
#setting_targetting_pos=22,29|5,30|19,2|2,1|25,1|29,2|15,1|12,1|9,2|
#type=1,1,1,2,1,1,1,1,1,
LDRdRRRRR
#000000000000
#assigned_pet=-1,-1,-1,-1,-1,-1,-1,-1,-1,
#assigned_hub=-1,-1,-1,-1,-1,-1,-1,-1,-1,
#moving_targetting_pos=22,1|5,1|19,30|2,29|25,30|29,30|15,30|12,29|9,30|
#setting_targetting_pos=22,29|5,30|19,2|2,1|25,1|29,2|15,1|12,1|9,2|
#type=1,2,1,2,1,1,1,1,1,
LdRLRRRRR
#000000000000
#assigned_pet=-1,-1,-1,-1,-1,-1,-1,-1,-1,
#assigned_hub=-1,-1,-1,-1,-1,-1,-1,-1,-1,
#moving_targetting_pos=22,1|5,1|19,30|2,29|25,30|29,30|15,30|12,29|9,30|
#setting_targetting_pos=22,29|5,30|19,2|2,1|25,1|29,2|15,1|12,1|9,2|
#type=1,2,1,2,1,1,1,1,1,
LRRLRRRUR
#000000000000
#assigned_pet=-1,-1,-1,-1,-1,-1,-1,-1,-1,
#assigned_hub=-1,-1,-1,-1,-1,-1,-1,-1,-1,
#moving_targetting_pos=22,1|5,1|19,30|2,29|25,30|29,30|15,30|12,29|9,30|
#setting_targetting_pos=22,29|5,30|19,2|2,1|25,1|29,2|15,1|12,1|9,2|
#type=2,2,1,2,1,1,1,1,1,
udRLRRRUR
#000000000000
#assigned_pet=-1,-1,-1,-1,-1,-1,-1,-1,-1,
#assigned_hub=-1,-1,-1,-1,-1,-1,-1,-1,-1,
#moving_targetting_pos=22,1|5,1|19,30|2,29|25,30|29,30|15,30|12,29|9,30|
#setting_targetting_pos=22,29|5,30|19,2|2,1|25,1|29,2|15,1|12,1|9,2|
#type=2,2,1,2,1,1,1,1,1,
RRRdRRRUR
#000000000000
#assigned_pet=-1,-1,-1,-1,-1,-1,-1,-1,-1,
#assigned_hub=-1,-1,-1,-1,-1,-1,-1,-1,-1,
#moving_targetting_pos=22,1|5,1|19,30|2,29|25,30|29,30|15,30|12,29|9,30|
#setting_targetting_pos=22,29|5,30|19,2|2,1|25,1|29,2|15,1|12,1|9,2|
#type=2,2,1,2,1,1,1,1,1,
RdUuRRRUR
#000000000000
#assigned_pet=-1,-1,-1,-1,-1,-1,-1,-1,-1,
#assigned_hub=-1,-1,-1,-1,-1,-1,-1,-1,-1,
#moving_targetting_pos=22,1|5,1|19,30|2,29|25,30|29,30|15,30|12,29|9,30|
#setting_targetting_pos=22,29|5,30|19,2|2,1|25,1|29,2|15,1|12,1|9,2|
#type=2,2,1,2,1,1,1,1,1,
lRULRRRUU
#000000000000
#assigned_pet=-1,-1,-1,-1,-1,-1,-1,-1,-1,
#assigned_hub=-1,-1,-1,-1,-1,-1,-1,-1,-1,
#moving_targetting_pos=22,1|5,1|19,30|2,29|25,30|29,30|15,30|12,29|9,30|
#setting_targetting_pos=22,29|5,30|19,2|2,1|25,1|29,2|15,1|12,1|9,2|
#type=2,2,2,2,1,1,1,1,1,
.udrRRRUU
#000000000000
#assigned_pet=-1,-1,-1,-1,-1,-1,-1,-1,-1,
#assigned_hub=-1,-1,-1,-1,-1,-1,-1,-1,-1,
#moving_targetting_pos=22,1|5,1|19,30|2,29|25,30|29,30|15,30|12,29|9,30|
#setting_targetting_pos=22,29|5,30|19,2|2,1|25,1|29,2|15,1|12,1|9,2|
#type=2,2,2,2,1,1,1,1,1,
.RLLDRRUU
#000000000000
#assigned_pet=-1,-1,-1,-1,-1,-1,-1,-1,-1,
#assigned_hub=-1,-1,-1,-1,-1,-1,-1,-1,-1,
#moving_targetting_pos=22,1|5,1|19,30|2,29|25,30|29,30|15,30|12,29|9,30|
#setting_targetting_pos=22,29|5,30|19,2|2,1|25,1|29,2|15,1|12,1|9,2|
#type=2,2,2,2,1,1,1,1,1,
dRLLDDUUU
#000000000000
#assigned_pet=-1,-1,-1,-1,-1,-1,-1,-1,-1,
#assigned_hub=-1,-1,-1,-1,-1,-1,-1,-1,-1,
#moving_targetting_pos=22,1|5,1|19,30|2,29|25,30|29,30|15,30|12,29|9,30|
#setting_targetting_pos=22,29|5,30|19,2|2,1|25,1|29,2|15,1|12,1|9,2|
#type=2,2,2,2,2,1,1,1,1,
RRrd.DUUU
#000000000000
#assigned_pet=-1,-1,-1,-1,-1,-1,-1,-1,-1,
#assigned_hub=-1,-1,-1,-1,-1,-1,-1,-1,-1,
#moving_targetting_pos=22,1|5,1|19,30|2,29|25,30|29,30|15,30|12,29|9,30|
#setting_targetting_pos=22,29|5,30|19,2|2,1|25,1|29,2|15,1|12,1|9,2|
#type=2,2,2,2,2,1,1,1,1,
RRuL.DLLU
#000000000000
#assigned_pet=-1,-1,-1,-1,-1,-1,-1,-1,-1,
#assigned_hub=-1,-1,-1,-1,-1,-1,-1,-1,-1,
#moving_targetting_pos=22,1|5,1|19,30|2,29|25,30|29,30|15,30|12,29|9,30|
#setting_targetting_pos=22,29|5,30|19,2|2,1|25,1|29,2|15,1|12,1|9,2|
#type=2,2,2,2,2,1,1,1,1,
RuLLdDLLU
#000000000000
#assigned_pet=-1,-1,-1,-1,-1,-1,-1,-1,-1,
#assigned_hub=-1,-1,-1,-1,-1,-1,-1,-1,-1,
#moving_targetting_pos=22,1|5,1|19,30|2,29|25,30|29,30|15,30|12,29|9,30|
#setting_targetting_pos=22,29|5,30|19,2|2,1|25,1|29,2|15,1|12,1|9,2|
#type=2,2,2,2,2,1,1,1,1,
dRLrLDUUU
#000000000000
#assigned_pet=-1,-1,-1,-1,-1,-1,-1,-1,-1,
#assigned_hub=-1,-1,-1,-1,-1,-1,-1,-1,-1,
#moving_targetting_pos=22,1|5,1|19,30|2,29|25,30|29,30|15,30|12,29|9,30|
#setting_targetting_pos=22,29|5,30|19,2|2,1|25,1|29,2|15,1|12,1|9,2|
#type=2,2,2,2,2,2,1,1,1,
u.duddUUU
#000000000000
#assigned_pet=-1,-1,-1,-1,-1,-1,-1,-1,-1,
#assigned_hub=-1,-1,-1,-1,-1,-1,-1,-1,-1,
#moving_targetting_pos=22,1|5,1|19,30|2,29|25,30|29,30|15,30|12,29|9,30|
#setting_targetting_pos=22,29|5,30|19,2|2,1|25,1|29,2|15,1|12,1|9,2|
#type=2,2,2,2,2,2,1,1,1,
R.LLLLUUU
#000000000000
#assigned_pet=-1,-1,-1,-1,-1,-1,-1,-1,-1,
#assigned_hub=-1,-1,-1,-1,-1,-1,-1,-1,-1,
#moving_targetting_pos=22,1|5,1|19,30|2,29|25,30|29,30|15,30|12,29|9,30|
#setting_targetting_pos=22,29|5,30|19,2|2,1|25,1|29,2|15,1|12,1|9,2|
#type=2,2,2,2,2,2,1,1,2,
l.rLuLURd
#000000000000
#assigned_pet=-1,-1,-1,-1,-1,-1,-1,-1,-1,
#assigned_hub=-1,-1,-1,-1,-1,-1,-1,-1,-1,
#moving_targetting_pos=22,1|5,1|19,30|2,29|25,30|29,30|15,30|12,29|9,30|
#setting_targetting_pos=22,29|5,30|19,2|2,1|25,1|29,2|15,1|12,1|9,2|
#type=2,2,2,2,2,2,1,1,2,
RdLrLrURL
#000000000000
#assigned_pet=-1,-1,-1,-1,-1,-1,-1,-1,-1,
#assigned_hub=-1,-1,-1,-1,-1,-1,-1,-1,-1,
#moving_targetting_pos=22,1|5,1|19,30|2,29|25,30|29,30|15,30|12,29|9,30|
#setting_targetting_pos=22,29|5,30|19,2|2,1|25,1|29,2|15,1|12,1|9,2|
#type=2,2,2,2,2,2,1,1,2,
RRudLuUUL
#000000000000
#assigned_pet=-1,-1,-1,-1,-1,-1,-1,-1,-1,
#assigned_hub=-1,-1,-1,-1,-1,-1,-1,-1,-1,
#moving_targetting_pos=22,1|5,1|19,30|2,29|25,30|29,30|15,30|12,29|9,30|
#setting_targetting_pos=22,29|5,30|19,2|2,1|25,1|29,2|15,1|12,1|9,2|
#type=2,2,2,2,2,2,1,1,2,
ddLLLLUUr
#000000000000
#assigned_pet=-1,-1,-1,-1,-1,-1,-1,-1,-1,
#assigned_hub=-1,-1,-1,-1,-1,-1,-1,-1,-1,
#moving_targetting_pos=22,1|5,1|19,30|2,29|25,30|29,30|15,30|12,29|9,30|
#setting_targetting_pos=22,29|5,30|19,2|2,1|25,1|29,2|15,1|12,1|9,2|
#type=2,2,2,2,2,2,1,1,2,
RRLLLLUUu
#000000000000
#assigned_pet=-1,-1,-1,-1,-1,-1,-1,-1,-1,
#assigned_hub=-1,-1,-1,-1,-1,-1,-1,-1,-1,
#moving_targetting_pos=22,1|5,1|19,30|2,29|25,30|29,30|15,30|12,29|9,30|
#setting_targetting_pos=22,29|5,30|19,2|2,1|25,1|29,2|15,1|12,1|9,2|
#type=2,2,2,2,2,2,1,1,2,
RdrLudUUL
#000000000000
#assigned_pet=-1,-1,-1,-1,-1,-1,-1,-1,-1,
#assigned_hub=-1,-1,-1,-1,-1,-1,-1,-1,-1,
#moving_targetting_pos=22,1|5,1|19,30|2,29|25,30|29,30|15,30|12,29|9,30|
#setting_targetting_pos=22,29|5,30|19,2|2,1|25,1|29,2|15,1|12,1|9,2|
#type=2,2,2,2,2,2,1,1,2,
lRddLLUUL
#000000000000
#assigned_pet=-1,-1,-1,-1,-1,-1,-1,-1,-1,
#assigned_hub=-1,-1,-1,-1,-1,-1,-1,-1,-1,
#moving_targetting_pos=22,1|5,1|19,30|2,29|25,30|29,30|15,30|12,29|9,30|
#setting_targetting_pos=22,29|5,30|19,2|2,1|25,1|29,2|15,1|12,1|9,2|
#type=2,2,2,2,2,2,1,2,2,
udLudrRrd
#000000000000
#assigned_pet=-1,-1,-1,-1,-1,-1,-1,-1,-1,
#assigned_hub=-1,-1,-1,-1,-1,-1,-1,-1,-1,
#moving_targetting_pos=22,1|5,1|19,30|2,29|25,30|29,30|15,30|12,29|9,30|
#setting_targetting_pos=22,29|5,30|19,2|2,1|25,1|29,2|15,1|12,1|9,2|
#type=2,2,2,2,2,2,1,2,2,
RRLLLLRdL
#000000000000
#assigned_pet=-1,-1,-1,-1,-1,-1,-1,-1,-1,
#assigned_hub=-1,-1,-1,-1,-1,-1,-1,-1,-1,
#moving_targetting_pos=22,1|5,1|19,30|2,29|25,30|29,30|15,30|12,29|9,30|
#setting_targetting_pos=22,29|5,30|19,2|2,1|25,1|29,2|15,1|12,1|9,2|
#type=2,2,2,2,2,2,1,2,2,
RddrduRLr
#000000000000
#assigned_pet=-1,-1,-1,-1,-1,-1,-1,-1,-1,
#assigned_hub=-1,-1,-1,-1,-1,-1,-1,-1,-1,
#moving_targetting_pos=22,1|5,1|19,30|2,29|25,30|29,30|15,30|12,29|9,30|
#setting_targetting_pos=22,29|5,30|19,2|2,1|25,1|29,2|15,1|12,1|9,2|
#type=2,2,2,2,2,2,1,2,2,
lRLLLLULL
#000000000000
#assigned_pet=-1,-1,-1,-1,-1,-1,-1,-1,-1,
#assigned_hub=-1,-1,-1,-1,-1,-1,-1,-1,-1,
#moving_targetting_pos=22,1|5,1|19,30|2,29|25,30|29,30|15,30|12,29|9,30|
#setting_targetting_pos=22,29|5,30|19,2|2,1|25,1|29,2|15,1|12,1|9,2|
#type=2,2,2,2,2,2,1,2,2,
duLLdLULu
#000000000000
#assigned_pet=-1,-1,-1,-1,-1,-1,-1,-1,-1,
#assigned_hub=-1,-1,-1,-1,-1,-1,-1,-1,-1,
#moving_targetting_pos=22,1|5,1|19,30|2,29|25,30|29,30|15,30|12,29|9,30|
#setting_targetting_pos=22,29|5,30|19,2|2,1|25,1|29,2|15,1|12,1|9,2|
#type=2,2,2,2,2,2,2,2,2,
RRrdLrddL
#000000000000
#assigned_pet=-1,-1,-1,-1,-1,-1,-1,-1,-1,
#assigned_hub=-1,-1,-1,-1,-1,-1,-1,-1,-1,
#moving_targetting_pos=22,1|5,1|19,30|2,29|25,30|29,30|15,30|12,29|9,30|
#setting_targetting_pos=22,29|5,30|19,2|2,1|25,1|29,2|15,1|12,1|9,2|
#type=2,2,2,2,2,2,2,2,2,
RRuLddLuL
#000000000000
#assigned_pet=-1,-1,-1,-1,-1,-1,-1,-1,-1,
#assigned_hub=-1,-1,-1,-1,-1,-1,-1,-1,-1,
#moving_targetting_pos=22,1|5,1|19,30|2,29|25,30|29,30|15,30|12,29|9,30|
#setting_targetting_pos=22,29|5,30|19,2|2,1|25,1|29,2|15,1|12,1|9,2|
#type=2,2,2,2,2,2,2,2,2,
RRLLLLdLr
#000000000000
#assigned_pet=-1,-1,-1,-1,-1,-1,-1,-1,-1,
#assigned_hub=-1,-1,-1,-1,-1,-1,-1,-1,-1,
#moving_targetting_pos=22,1|5,1|19,30|2,29|25,30|29,30|15,30|12,29|9,30|
#setting_targetting_pos=22,29|5,30|19,2|2,1|25,1|29,2|15,1|12,1|9,2|
#type=2,2,2,2,2,2,2,2,2,
dRLr.LLrd
#000000000000
#assigned_pet=-1,-1,-1,-1,-1,-1,-1,-1,-1,
#assigned_hub=-1,-1,-1,-1,-1,-1,-1,-1,-1,
#moving_targetting_pos=22,1|5,1|19,30|2,29|25,30|29,30|15,30|12,29|9,30|
#setting_targetting_pos=22,29|5,30|19,2|2,1|25,1|29,2|15,1|12,1|9,2|
#type=2,2,2,2,2,2,2,2,2,
uudu.duLL
#000000000000
#assigned_pet=-1,-1,-1,-1,-1,-1,-1,-1,-1,
#assigned_hub=-1,-1,-1,-1,-1,-1,-1,-1,-1,
#moving_targetting_pos=22,1|5,1|19,30|2,29|25,30|29,30|15,30|12,29|9,30|
#setting_targetting_pos=22,29|5,30|19,2|2,1|25,1|29,2|15,1|12,1|9,2|
#type=2,2,2,2,2,2,2,2,2,
RRLLdLLLL
#000000000000
#assigned_pet=-1,-1,-1,-1,-1,-1,-1,-1,-1,
#assigned_hub=-1,-1,-1,-1,-1,-1,-1,-1,-1,
#moving_targetting_pos=22,1|5,1|19,30|2,29|25,30|29,30|15,30|12,29|9,30|
#setting_targetting_pos=22,29|5,30|19,2|2,1|25,1|29,2|15,1|12,1|9,2|
#type=2,2,2,2,2,2,2,2,2,
l.rLLLLdd
#000000000000
#assigned_pet=-1,-1,-1,-1,-1,-1,-1,-1,-1,
#assigned_hub=-1,-1,-1,-1,-1,-1,-1,-1,-1,
#moving_targetting_pos=22,1|5,1|19,30|2,29|25,30|29,30|15,30|12,29|9,30|
#setting_targetting_pos=22,29|5,30|19,2|2,1|25,1|29,2|15,1|12,1|9,2|
#type=2,2,2,2,2,2,2,2,2,
RdLr.rLLL
#000000000000
#assigned_pet=-1,-1,-1,-1,-1,-1,-1,-1,-1,
#assigned_hub=-1,-1,-1,-1,-1,-1,-1,-1,-1,
#moving_targetting_pos=22,1|5,1|19,30|2,29|25,30|29,30|15,30|12,29|9,30|
#setting_targetting_pos=22,29|5,30|19,2|2,1|25,1|29,2|15,1|12,1|9,2|
#type=2,2,2,2,2,2,2,2,2,
RRuduuLLL
#000000000000
#assigned_pet=-1,-1,-1,-1,-1,-1,-1,-1,-1,
#assigned_hub=-1,-1,-1,-1,-1,-1,-1,-1,-1,
#moving_targetting_pos=22,1|5,1|19,30|2,29|25,30|29,30|15,30|12,29|9,30|
#setting_targetting_pos=22,29|5,30|19,2|2,1|25,1|29,2|15,1|12,1|9,2|
#type=2,2,2,2,2,2,2,2,2,
ddLLLLurr
#000000000000
#assigned_pet=-1,-1,-1,-1,-1,-1,-1,-1,-1,
#assigned_hub=-1,-1,-1,-1,-1,-1,-1,-1,-1,
#moving_targetting_pos=22,1|5,1|19,30|2,29|25,30|29,30|15,30|12,29|9,30|
#setting_targetting_pos=22,29|5,30|19,2|2,1|25,1|29,2|15,1|12,1|9,2|
#type=2,2,2,2,2,2,2,2,2,
RRLLLLLuu
#000000000000
#assigned_pet=-1,-1,-1,-1,-1,-1,-1,-1,-1,
#assigned_hub=-1,-1,-1,-1,-1,-1,-1,-1,-1,
#moving_targetting_pos=22,1|5,1|19,30|2,29|25,30|29,30|15,30|12,29|9,30|
#setting_targetting_pos=22,29|5,30|19,2|2,1|25,1|29,2|15,1|12,1|9,2|
#type=2,2,2,2,2,2,2,2,2,
RdrLLddLL
#000000000000
#assigned_pet=-1,-1,-1,-1,-1,-1,-1,-1,-1,
#assigned_hub=-1,-1,-1,-1,-1,-1,-1,-1,-1,
#moving_targetting_pos=22,1|5,1|19,30|2,29|25,30|29,30|15,30|12,29|9,30|
#setting_targetting_pos=22,29|5,30|19,2|2,1|25,1|29,2|15,1|12,1|9,2|
#type=2,2,2,2,2,2,2,2,2,
lRddLLLLL
#000000000000
#assigned_pet=-1,-1,-1,-1,-1,-1,-1,-1,-1,
#assigned_hub=-1,-1,-1,-1,-1,-1,-1,-1,-1,
#moving_targetting_pos=22,1|5,1|19,30|2,29|25,30|29,30|15,30|12,29|9,30|
#setting_targetting_pos=22,29|5,30|19,2|2,1|25,1|29,2|15,1|12,1|9,2|
#type=2,2,2,2,2,2,2,2,2,
udLuurdrd
#000000000000
#assigned_pet=-1,-1,-1,-1,-1,-1,-1,-1,-1,
#assigned_hub=-1,-1,-1,-1,-1,-1,-1,-1,-1,
#moving_targetting_pos=22,1|5,1|19,30|2,29|25,30|29,30|15,30|12,29|9,30|
#setting_targetting_pos=22,29|5,30|19,2|2,1|25,1|29,2|15,1|12,1|9,2|
#type=2,2,2,2,2,2,2,2,2,
RRLLLLLdL
#000000000000
#assigned_pet=-1,-1,-1,-1,-1,-1,-1,-1,-1,
#assigned_hub=-1,-1,-1,-1,-1,-1,-1,-1,-1,
#moving_targetting_pos=22,1|5,1|19,30|2,29|25,30|29,30|15,30|12,29|9,30|
#setting_targetting_pos=22,29|5,30|19,2|2,1|25,1|29,2|15,1|12,1|9,2|
#type=2,2,2,2,2,2,2,2,2,
Rddrd..Lr
#000000000000
#assigned_pet=-1,-1,-1,-1,-1,-1,-1,-1,-1,
#assigned_hub=-1,-1,-1,-1,-1,-1,-1,-1,-1,
#moving_targetting_pos=22,1|5,1|19,30|2,29|25,30|29,30|15,30|12,29|9,30|
#setting_targetting_pos=22,29|5,30|19,2|2,1|25,1|29,2|15,1|12,1|9,2|
#type=2,2,2,2,2,2,2,2,2,
lRLLLudLL
#000000000000
#assigned_pet=-1,-1,-1,-1,-1,-1,-1,-1,-1,
#assigned_hub=-1,-1,-1,-1,-1,-1,-1,-1,-1,
#moving_targetting_pos=22,1|5,1|19,30|2,29|25,30|29,30|15,30|12,29|9,30|
#setting_targetting_pos=22,29|5,30|19,2|2,1|25,1|29,2|15,1|12,1|9,2|
#type=2,2,2,2,2,2,2,2,2,
duLLdLLLu
#000000000000
#assigned_pet=-1,-1,-1,-1,-1,-1,-1,-1,-1,
#assigned_hub=-1,-1,-1,-1,-1,-1,-1,-1,-1,
#moving_targetting_pos=22,1|5,1|19,30|2,29|25,30|29,30|15,30|12,29|9,30|
#setting_targetting_pos=22,29|5,30|19,2|2,1|25,1|29,2|15,1|12,1|9,2|
#type=2,2,2,2,2,2,2,2,2,
RRrdLLddL
#000000000000
#assigned_pet=-1,-1,-1,-1,-1,-1,-1,-1,-1,
#assigned_hub=-1,-1,-1,-1,-1,-1,-1,-1,-1,
#moving_targetting_pos=22,1|5,1|19,30|2,29|25,30|29,30|15,30|12,29|9,30|
#setting_targetting_pos=22,29|5,30|19,2|2,1|25,1|29,2|15,1|12,1|9,2|
#type=2,2,2,2,2,2,2,2,2,
RRuLddLuL
#000000000000
#assigned_pet=-1,-1,-1,-1,-1,-1,-1,-1,-1,
#assigned_hub=-1,-1,-1,-1,-1,-1,-1,-1,-1,
#moving_targetting_pos=22,1|5,1|19,30|2,29|25,30|29,30|15,30|12,29|9,30|
#setting_targetting_pos=22,29|5,30|19,2|2,1|25,1|29,2|15,1|12,1|9,2|
#type=2,2,2,2,2,2,2,2,2,
RRLLL.dLr
#000000000000
#assigned_pet=-1,-1,-1,-1,-1,-1,-1,-1,-1,
#assigned_hub=-1,-1,-1,-1,-1,-1,-1,-1,-1,
#moving_targetting_pos=22,1|5,1|19,30|2,29|25,30|29,30|15,30|12,29|9,30|
#setting_targetting_pos=22,29|5,30|19,2|2,1|25,1|29,2|15,1|12,1|9,2|
#type=2,2,2,2,2,2,2,2,2,
dRLrd.Lrd
#000000000000
#assigned_pet=-1,-1,-1,-1,-1,-1,-1,-1,-1,
#assigned_hub=-1,-1,-1,-1,-1,-1,-1,-1,-1,
#moving_targetting_pos=22,1|5,1|19,30|2,29|25,30|29,30|15,30|12,29|9,30|
#setting_targetting_pos=22,29|5,30|19,2|2,1|25,1|29,2|15,1|12,1|9,2|
#type=2,2,2,2,2,2,2,2,2,
uuduLr.LL
#000000000000
#assigned_pet=-1,-1,-1,-1,-1,-1,-1,-1,-1,
#assigned_hub=-1,-1,-1,0,-1,-1,-1,-1,-1,
#moving_targetting_pos=22,1|5,1|19,30|6,6|25,30|29,30|15,30|12,29|9,30|
#setting_targetting_pos=22,29|5,30|19,2|2,1|25,1|29,2|15,1|12,1|9,2|
#type=2,2,2,3,2,2,2,2,2,
RRLDdL.LL
#000000000000
#assigned_pet=-1,-1,-1,-1,-1,-1,-1,-1,-1,
#assigned_hub=-1,-1,-1,0,-1,-1,-1,-1,-1,
#moving_targetting_pos=22,1|5,1|19,30|6,6|25,30|29,30|15,30|12,29|9,30|
#setting_targetting_pos=22,29|5,30|19,2|-1,-1|25,1|29,2|15,1|12,1|9,2|
#type=2,2,2,3,2,2,2,2,2,
ldrRLL.dd
#000000000000
#assigned_pet=-1,-1,-1,-1,-1,-1,-1,-1,-1,
#assigned_hub=-1,-1,-1,0,-1,-1,-1,-1,-1,
#moving_targetting_pos=22,1|5,1|19,30|6,6|25,30|29,30|15,30|12,29|9,30|
#setting_targetting_pos=22,29|5,30|19,2|-1,-1|25,1|29,2|15,1|12,1|9,2|
#type=2,2,2,3,2,2,2,2,2,
RRLDu..LL
#000000000000
#assigned_pet=-1,-1,-1,-1,-1,-1,-1,-1,-1,
#assigned_hub=-1,-1,-1,0,-1,-1,-1,-1,-1,
#moving_targetting_pos=22,1|5,1|19,30|6,6|25,30|29,30|15,30|12,29|9,30|
#setting_targetting_pos=22,29|5,30|19,2|-1,-1|25,1|29,2|15,1|12,1|9,2|
#type=2,2,2,3,2,2,2,2,2,
RduRL..LL
#000000000000
#assigned_pet=-1,-1,-1,-1,-1,-1,-1,-1,-1,
#assigned_hub=-1,2,-1,0,-1,-1,-1,-1,-1,
#moving_targetting_pos=22,1|6,26|19,30|6,6|25,30|29,30|15,30|12,29|9,30|
#setting_targetting_pos=22,29|5,30|19,2|-1,-1|25,1|29,2|15,1|12,1|9,2|
#type=2,3,2,3,2,2,2,2,2,
rLLDL..rr
#000000000000
#assigned_pet=-1,-1,-1,-1,-1,-1,-1,-1,-1,
#assigned_hub=-1,2,-1,0,-1,-1,-1,-1,-1,
#moving_targetting_pos=22,1|6,26|19,30|6,6|25,30|29,30|15,30|12,29|9,30|
#setting_targetting_pos=22,29|-1,-1|19,2|-1,-1|25,1|29,2|15,1|12,1|9,2|
#type=2,3,2,3,2,2,2,2,2,
dLLRLd.uu
#000000000000
#assigned_pet=-1,-1,-1,-1,-1,-1,-1,-1,-1,
#assigned_hub=8,2,-1,0,-1,-1,-1,-1,-1,
#moving_targetting_pos=26,26|6,26|19,30|6,6|25,30|29,30|15,30|12,29|9,30|
#setting_targetting_pos=22,29|-1,-1|19,2|-1,-1|25,1|29,2|15,1|12,1|9,2|
#type=3,3,2,3,2,2,2,2,2,
LLrRLLuLL
#000000000000
#assigned_pet=-1,11,-1,9,-1,-1,-1,-1,-1,
#assigned_hub=8,2,-1,0,-1,-1,-1,-1,-1,
#moving_targetting_pos=26,26|-1,-1|19,30|-1,-1|25,30|29,30|15,30|12,29|9,30|
#setting_targetting_pos=-1,-1|7,24|19,2|8,7|25,1|29,2|15,1|12,1|9,2|
#type=3,4,2,4,2,2,2,2,2,
LLdRuLLLL
#000000000000
#assigned_pet=-1,11,-1,2,-1,-1,-1,-1,-1,
#assigned_hub=8,2,3,0,-1,-1,-1,-1,-1,
#moving_targetting_pos=26,26|-1,-1|16,6|-1,-1|25,30|29,30|15,30|12,29|9,30|
#setting_targetting_pos=-1,-1|7,24|19,2|5,8|25,1|29,2|15,1|12,1|9,2|
#type=3,4,3,4,2,2,2,2,2,
DLURLrLrd
#000000000000
#assigned_pet=-1,11,-1,2,-1,-1,-1,-1,-1,
#assigned_hub=8,2,3,0,-1,-1,-1,-1,-1,
#moving_targetting_pos=26,26|-1,-1|16,6|-1,-1|25,30|29,30|15,30|12,29|9,30|
#setting_targetting_pos=-1,-1|7,24|-1,-1|5,8|25,1|29,2|15,1|12,1|9,2|
#type=3,4,3,4,2,2,2,2,2,
DLR.duLdL
#000000000000
#assigned_pet=-1,11,-1,2,-1,-1,-1,-1,-1,
#assigned_hub=8,2,3,0,-1,-1,-1,-1,-1,
#moving_targetting_pos=26,26|-1,-1|16,6|-1,-1|25,30|29,30|15,30|12,29|9,30|
#setting_targetting_pos=-1,-1|7,24|-1,-1|5,8|25,1|29,2|15,1|12,1|9,2|
#type=3,4,3,4,2,2,2,2,2,
LDU.LLLLr
#000000000000
#assigned_pet=0,11,-1,2,-1,-1,-1,-1,-1,
#assigned_hub=8,2,3,0,-1,-1,-1,-1,-1,
#moving_targetting_pos=-1,-1|-1,-1|16,6|-1,-1|25,30|29,30|15,30|12,29|9,30|
#setting_targetting_pos=25,24|7,24|-1,-1|5,8|25,1|29,2|15,1|12,1|9,2|
#type=4,4,3,4,2,2,2,2,2,
L.R.dLuLL
#000000000000
#assigned_pet=-1,11,-1,2,-1,-1,-1,-1,-1,
#assigned_hub=8,2,3,0,-1,-1,-1,-1,-1,
#moving_targetting_pos=-1,-1|-1,-1|16,6|-1,-1|25,30|29,30|15,30|12,29|9,30|
#setting_targetting_pos=-1,-1|7,24|-1,-1|5,8|25,1|29,2|15,1|12,1|9,2|
#type=4,4,3,4,2,2,2,2,2,
..R.LdLLu
#000000000000
#assigned_pet=0,11,10,10,-1,-1,-1,-1,-1,
#assigned_hub=8,2,3,0,-1,-1,-1,-1,-1,
#moving_targetting_pos=-1,-1|-1,-1|-1,-1|-1,-1|25,30|29,30|15,30|12,29|9,30|
#setting_targetting_pos=25,24|7,24|14,7|8,7|25,1|29,2|15,1|12,1|9,2|
#type=4,4,4,4,2,2,2,2,2,
D.RDdLduL
#000000000000
#assigned_pet=-1,11,6,2,-1,-1,-1,-1,-1,
#assigned_hub=8,2,3,0,6,-1,-1,-1,-1,
#moving_targetting_pos=-1,-1|-1,-1|-1,-1|-1,-1|26,6|29,30|15,30|12,29|9,30|
#setting_targetting_pos=-1,-1|7,24|18,7|5,8|25,1|29,2|15,1|12,1|9,2|
#type=4,4,4,4,3,2,2,2,2,
..RRRrLdL
#000000000000
#assigned_pet=-1,11,10,2,-1,-1,-1,-1,-1,
#assigned_hub=8,2,3,0,6,-1,-1,-1,-1,
#moving_targetting_pos=-1,-1|-1,-1|-1,-1|-1,-1|26,6|29,30|15,30|12,29|9,30|
#setting_targetting_pos=-1,-1|7,24|16,8|5,8|-1,-1|29,2|15,1|12,1|9,2|
#type=4,4,4,4,3,2,2,2,2,
..R.RLdLr
#000000000000
#assigned_pet=-1,-1,9,2,-1,-1,-1,-1,-1,
#assigned_hub=8,2,3,0,6,-1,-1,-1,-1,
#moving_targetting_pos=-1,-1|-1,-1|-1,-1|-1,-1|26,6|29,30|15,30|12,29|9,30|
#setting_targetting_pos=-1,-1|-1,-1|17,8|7,7|-1,-1|29,2|15,1|12,1|9,2|
#type=4,4,4,4,3,2,2,2,2,
..LLRuLrd
#000000000000
#assigned_pet=-1,11,8,2,-1,-1,-1,-1,-1,
#assigned_hub=8,2,3,0,6,-1,-1,-1,1,
#moving_targetting_pos=-1,-1|-1,-1|-1,-1|-1,-1|26,6|29,30|15,30|12,29|6,16|
#setting_targetting_pos=-1,-1|7,24|17,8|8,7|-1,-1|29,2|15,1|12,1|9,2|
#type=4,4,4,4,3,2,2,2,3,
...DRLdLU
#000000000000
#assigned_pet=-1,11,2,2,7,-1,-1,-1,-1,
#assigned_hub=8,2,3,0,6,-1,-1,-1,1,
#moving_targetting_pos=-1,-1|-1,-1|-1,-1|-1,-1|-1,-1|29,30|15,30|12,29|6,16|
#setting_targetting_pos=-1,-1|7,24|14,7|8,7|27,8|29,2|15,1|12,1|-1,-1|
#type=4,4,4,4,4,2,2,2,3,
..U.RLLLR
#000000000000
#assigned_pet=-1,11,2,2,7,-1,-1,-1,-1,
#assigned_hub=8,2,3,0,6,-1,-1,-1,1,
#moving_targetting_pos=-1,-1|-1,-1|-1,-1|-1,-1|-1,-1|29,30|15,30|12,29|6,16|
#setting_targetting_pos=-1,-1|7,24|14,7|8,7|27,8|29,2|15,1|12,1|-1,-1|
#type=4,4,4,4,4,2,2,2,3,
..U.RrddU
#000000000000
#assigned_pet=-1,11,2,2,7,-1,-1,-1,-1,
#assigned_hub=8,2,3,0,6,-1,-1,-1,1,
#moving_targetting_pos=-1,-1|-1,-1|-1,-1|-1,-1|-1,-1|29,30|15,30|12,29|6,16|
#setting_targetting_pos=-1,-1|7,24|14,7|8,7|27,8|29,2|15,1|12,1|-1,-1|
#type=4,4,4,4,4,2,2,2,3,
....RdLLR
#000000000000
#assigned_pet=-1,11,2,2,3,-1,-1,-1,-1,
#assigned_hub=8,2,3,0,6,7,-1,-1,1,
#moving_targetting_pos=-1,-1|-1,-1|-1,-1|-1,-1|-1,-1|26,16|15,30|12,29|6,16|
#setting_targetting_pos=-1,-1|7,24|14,7|8,7|24,7|29,2|15,1|12,1|-1,-1|
#type=4,4,4,4,4,3,2,2,3,
....LU.LR
#000000000000
#assigned_pet=-1,11,2,2,3,-1,-1,-1,-1,
#assigned_hub=8,2,3,0,6,7,-1,-1,1,
#moving_targetting_pos=-1,-1|-1,-1|-1,-1|-1,-1|-1,-1|26,16|15,30|12,29|6,16|
#setting_targetting_pos=-1,-1|7,24|14,7|8,7|24,7|-1,-1|15,1|12,1|-1,-1|
#type=4,4,4,4,4,3,2,2,3,
.....RdrR
#000000000000
#assigned_pet=-1,11,2,2,3,-1,-1,-1,-1,
#assigned_hub=8,2,3,0,6,7,-1,-1,1,
#moving_targetting_pos=-1,-1|-1,-1|-1,-1|-1,-1|-1,-1|26,16|15,30|12,29|6,16|
#setting_targetting_pos=-1,-1|7,24|14,7|8,7|24,7|-1,-1|15,1|12,1|-1,-1|
#type=4,4,4,4,4,3,2,2,3,
.....ULuR
#000000000000
#assigned_pet=-1,11,2,2,3,-1,-1,-1,-1,
#assigned_hub=8,2,3,0,6,7,-1,4,1,
#moving_targetting_pos=-1,-1|-1,-1|-1,-1|-1,-1|-1,-1|26,16|15,30|16,16|6,16|
#setting_targetting_pos=-1,-1|7,24|14,7|8,7|24,7|-1,-1|15,1|12,1|-1,-1|
#type=4,4,4,4,4,3,2,3,3,
.....RuDR
#001000000000
#assigned_pet=-1,11,2,2,3,-1,-1,-1,-1,
#assigned_hub=8,2,3,0,6,7,-1,4,1,
#moving_targetting_pos=-1,-1|-1,-1|-1,-1|-1,-1|-1,-1|26,16|15,30|16,16|6,16|
#setting_targetting_pos=-1,-1|7,24|14,7|8,7|25,6|-1,-1|15,1|-1,-1|-1,-1|
#type=4,4,5,5,4,3,2,3,3,
..ud.RLRR
#001000000000
#assigned_pet=-1,-1,6,6,3,-1,-1,-1,-1,
#assigned_hub=8,2,3,0,6,7,-1,4,1,
#moving_targetting_pos=-1,-1|-1,-1|-1,-1|-1,-1|-1,-1|26,16|15,30|16,16|6,16|
#setting_targetting_pos=-1,-1|-1,-1|14,5|8,5|26,5|-1,-1|15,1|-1,-1|-1,-1|
#type=4,4,4,4,4,3,2,3,3,
..LLLRLDR
#001000000000
#assigned_pet=-1,11,6,6,3,-1,-1,-1,-1,
#assigned_hub=8,2,3,0,6,7,-1,4,1,
#moving_targetting_pos=-1,-1|-1,-1|-1,-1|-1,-1|-1,-1|26,16|15,30|16,16|6,16|
#setting_targetting_pos=-1,-1|5,24|14,5|8,5|27,4|-1,-1|15,1|-1,-1|-1,-1|
#type=4,4,4,4,4,3,2,3,3,
..LLLRLRR
#001000000000
#assigned_pet=-1,11,6,-1,3,-1,-1,-1,-1,
#assigned_hub=8,2,3,0,6,7,-1,4,1,
#moving_targetting_pos=-1,-1|-1,-1|-1,-1|-1,-1|-1,-1|26,16|15,30|16,16|6,16|
#setting_targetting_pos=-1,-1|5,24|15,5|-1,-1|28,5|-1,-1|15,1|-1,-1|-1,-1|
#type=4,4,4,4,4,3,2,3,3,
..R.DRLRR
#001000000000
#assigned_pet=-1,11,6,-1,3,-1,-1,-1,-1,
#assigned_hub=8,2,3,0,6,7,-1,4,1,
#moving_targetting_pos=-1,-1|-1,-1|-1,-1|-1,-1|-1,-1|26,16|15,30|16,16|6,16|
#setting_targetting_pos=-1,-1|5,24|15,4|-1,-1|26,5|-1,-1|15,1|-1,-1|-1,-1|
#type=4,4,4,4,4,3,2,3,3,
..L.RR.RR
#001000000000
#assigned_pet=-1,11,6,-1,3,-1,-1,-1,-1,
#assigned_hub=8,2,3,0,6,7,-1,4,1,
#moving_targetting_pos=-1,-1|-1,-1|-1,-1|-1,-1|-1,-1|26,16|15,30|16,16|6,16|
#setting_targetting_pos=-1,-1|5,24|15,4|-1,-1|26,5|-1,-1|15,1|-1,-1|-1,-1|
#type=4,4,4,4,4,3,2,3,3,
.....RuRR
#001000000000
#assigned_pet=-1,11,6,-1,3,-1,-1,-1,-1,
#assigned_hub=8,2,3,0,6,7,-1,4,1,
#moving_targetting_pos=-1,-1|-1,-1|-1,-1|-1,-1|-1,-1|26,16|15,30|16,16|6,16|
#setting_targetting_pos=-1,-1|5,24|15,4|-1,-1|26,5|-1,-1|15,1|-1,-1|-1,-1|
#type=4,4,4,4,4,3,2,3,3,
.....RLDR
#001000000000
#assigned_pet=-1,11,6,-1,3,-1,-1,-1,5,
#assigned_hub=8,2,3,0,6,7,-1,4,1,
#moving_targetting_pos=-1,-1|-1,-1|-1,-1|-1,-1|-1,-1|26,16|15,30|16,16|-1,-1|
#setting_targetting_pos=-1,-1|5,24|15,5|-1,-1|26,5|-1,-1|15,1|-1,-1|5,18|
#type=4,4,4,4,4,3,2,3,4,
..R..RdRR
#001000000000
#assigned_pet=-1,11,8,-1,3,-1,-1,-1,5,
#assigned_hub=8,2,3,0,6,7,-1,4,1,
#moving_targetting_pos=-1,-1|-1,-1|-1,-1|-1,-1|-1,-1|26,16|15,30|16,16|-1,-1|
#setting_targetting_pos=-1,-1|6,26|15,8|-1,-1|28,5|-1,-1|15,1|-1,-1|4,17|
#type=4,4,4,4,4,3,2,3,4,
.RR.LRLRR
#001000000000
#assigned_pet=-1,11,6,-1,3,-1,-1,-1,5,
#assigned_hub=8,2,3,0,6,7,-1,4,1,
#moving_targetting_pos=-1,-1|-1,-1|-1,-1|-1,-1|-1,-1|26,16|15,30|16,16|-1,-1|
#setting_targetting_pos=-1,-1|7,26|16,4|-1,-1|28,7|-1,-1|15,1|-1,-1|4,17|
#type=4,4,4,4,4,3,2,3,4,
.RL.RRdRU
#001000000000
#assigned_pet=-1,11,6,-1,3,-1,-1,-1,5,
#assigned_hub=8,2,3,0,6,7,-1,4,1,
#moving_targetting_pos=-1,-1|-1,-1|-1,-1|-1,-1|-1,-1|26,16|15,30|16,16|-1,-1|
#setting_targetting_pos=-1,-1|6,24|17,5|-1,-1|27,8|-1,-1|15,1|-1,-1|4,15|
#type=4,4,4,4,4,3,2,3,4,
.LL.RRLRL
#001000000000
#assigned_pet=-1,11,6,-1,3,10,-1,-1,11,
#assigned_hub=8,2,3,0,6,7,-1,4,1,
#moving_targetting_pos=-1,-1|-1,-1|-1,-1|-1,-1|-1,-1|-1,-1|15,30|16,16|-1,-1|
#setting_targetting_pos=-1,-1|5,24|18,6|-1,-1|27,8|28,15|15,1|-1,-1|5,18|
#type=4,4,4,4,4,4,2,3,4,
.LR.R.dRR
#001000000000
#assigned_pet=-1,11,6,-1,3,3,-1,-1,11,
#assigned_hub=8,2,3,0,6,7,-1,4,1,
#moving_targetting_pos=-1,-1|-1,-1|-1,-1|-1,-1|-1,-1|-1,-1|15,30|16,16|-1,-1|
#setting_targetting_pos=-1,-1|5,24|16,6|-1,-1|27,8|27,14|15,1|-1,-1|5,18|
#type=4,4,4,4,4,4,0,3,4,
.......RR
#001100000001
#assigned_pet=-1,11,6,-1,3,3,-1,-1,11,
#assigned_hub=8,2,3,0,6,7,-1,4,1,
#moving_targetting_pos=-1,-1|-1,-1|-1,-1|-1,-1|-1,-1|-1,-1|15,30|16,16|-1,-1|
#setting_targetting_pos=-1,-1|5,24|17,7|-1,-1|27,8|27,14|15,1|-1,-1|5,18|
#type=4,5,4,4,5,5,0,3,5,
.uR.dl.Ru
#001100000001
#assigned_pet=9,-1,6,-1,-1,9,-1,-1,5,
#assigned_hub=8,2,3,0,6,7,-1,4,1,
#moving_targetting_pos=-1,-1|6,26|-1,-1|-1,-1|-1,-1|-1,-1|15,30|16,16|-1,-1|
#setting_targetting_pos=27,24|-1,-1|17,7|-1,-1|-1,-1|27,18|15,1|-1,-1|5,14|
#type=4,4,4,4,4,4,0,3,4,
L.D..R.RL
#001100000001
#assigned_pet=9,-1,6,5,-1,9,-1,-1,5,
#assigned_hub=8,2,3,0,6,7,-1,4,1,
#moving_targetting_pos=-1,-1|6,26|-1,-1|-1,-1|-1,-1|-1,-1|15,30|16,16|-1,-1|
#setting_targetting_pos=27,24|-1,-1|16,8|5,8|-1,-1|27,18|15,1|-1,-1|5,14|
#type=4,4,4,4,4,4,0,3,4,
D..R.R.RL
#001100000001
#assigned_pet=9,-1,6,-1,-1,0,-1,1,1,
#assigned_hub=8,2,3,0,6,7,-1,4,1,
#moving_targetting_pos=-1,-1|6,26|-1,-1|-1,-1|-1,-1|-1,-1|15,30|-1,-1|-1,-1|
#setting_targetting_pos=27,24|-1,-1|16,8|-1,-1|-1,-1|28,17|15,1|14,17|8,17|
#type=4,4,4,4,4,4,0,4,4,
.......RR
#101100000001
#assigned_pet=9,-1,6,-1,-1,0,-1,1,1,
#assigned_hub=8,2,3,0,6,7,-1,4,1,
#moving_targetting_pos=-1,-1|-1,-1|-1,-1|-1,-1|-1,-1|-1,-1|15,30|-1,-1|-1,-1|
#setting_targetting_pos=27,24|-1,-1|15,7|-1,-1|-1,-1|28,17|15,1|14,17|8,17|
#type=4,4,4,4,4,5,0,4,4,
.....d.RD
#101100000001
#assigned_pet=9,-1,6,-1,-1,7,-1,1,1,
#assigned_hub=8,2,3,0,6,7,-1,4,1,
#moving_targetting_pos=-1,-1|-1,-1|-1,-1|6,6|-1,-1|-1,-1|15,30|-1,-1|-1,-1|
#setting_targetting_pos=27,25|-1,-1|16,8|-1,-1|-1,-1|27,17|15,1|14,17|8,17|
#type=4,4,4,4,4,4,0,4,4,
R....L...
#101100000001
#assigned_pet=9,-1,6,-1,-1,7,-1,1,1,
#assigned_hub=8,2,3,0,6,7,-1,4,1,
#moving_targetting_pos=-1,-1|-1,-1|-1,-1|-1,-1|-1,-1|-1,-1|15,30|-1,-1|-1,-1|
#setting_targetting_pos=28,26|-1,-1|17,7|-1,-1|-1,-1|26,17|15,1|14,17|8,17|
#type=4,4,4,4,4,4,0,4,4,
R....R...
#111110000001
#assigned_pet=9,-1,6,-1,-1,7,-1,1,1,
#assigned_hub=8,2,3,0,6,7,-1,4,1,
#moving_targetting_pos=-1,-1|-1,-1|-1,-1|-1,-1|-1,-1|-1,-1|15,30|-1,-1|-1,-1|
#setting_targetting_pos=28,27|-1,-1|16,6|-1,-1|-1,-1|25,17|15,1|14,17|8,17|
#type=4,4,4,4,4,4,0,5,5,
R....U.ud
#111110000001
#assigned_pet=9,-1,6,-1,10,10,-1,8,5,
#assigned_hub=8,2,3,0,6,7,-1,4,1,
#moving_targetting_pos=-1,-1|6,26|-1,-1|-1,-1|-1,-1|-1,-1|15,30|-1,-1|-1,-1|
#setting_targetting_pos=27,27|-1,-1|16,6|-1,-1|25,8|25,14|15,1|15,16|4,15|
#type=4,4,4,4,4,4,0,4,4,
.....L..L
#111110000001
#assigned_pet=9,-1,6,-1,10,10,-1,8,5,
#assigned_hub=8,2,3,0,6,7,-1,4,1,
#moving_targetting_pos=-1,-1|6,26|-1,-1|-1,-1|-1,-1|-1,-1|15,30|-1,-1|-1,-1|
#setting_targetting_pos=26,28|-1,-1|15,7|-1,-1|25,8|25,14|15,1|14,15|4,15|
#type=4,4,4,4,4,4,0,4,4,
.....L.LL
#111110000001
#assigned_pet=9,-1,6,-1,10,10,-1,8,8,
#assigned_hub=8,2,3,0,6,7,-1,4,1,
#moving_targetting_pos=-1,-1|6,26|-1,-1|6,6|-1,-1|-1,-1|15,30|-1,-1|-1,-1|
#setting_targetting_pos=27,27|-1,-1|17,7|-1,-1|25,8|25,14|15,1|14,15|8,15|
#type=4,4,4,4,4,4,0,4,4,
.....L.L.
#111110001001
#assigned_pet=9,-1,6,-1,10,10,-1,8,8,
#assigned_hub=8,2,3,0,6,7,-1,4,1,
#moving_targetting_pos=-1,-1|6,26|-1,-1|6,6|-1,-1|-1,-1|15,30|-1,-1|-1,-1|
#setting_targetting_pos=27,27|-1,-1|18,6|-1,-1|25,8|25,14|15,1|14,15|8,15|
#type=4,4,4,4,4,4,0,5,5,
..L....ud
#111110001001
#assigned_pet=9,-1,6,-1,10,10,-1,-1,5,
#assigned_hub=8,2,3,0,6,7,-1,4,1,
#moving_targetting_pos=-1,-1|6,26|-1,-1|-1,-1|-1,-1|-1,-1|15,30|-1,-1|-1,-1|
#setting_targetting_pos=27,27|-1,-1|16,6|-1,-1|25,8|25,14|15,1|-1,-1|4,15|
#type=4,4,4,4,4,4,0,4,4,
........U
#111110001001
#assigned_pet=9,-1,6,-1,10,10,-1,-1,5,
#assigned_hub=8,2,3,0,6,7,-1,4,1,
#moving_targetting_pos=-1,-1|6,26|-1,-1|6,6|-1,-1|-1,-1|15,30|-1,-1|-1,-1|
#setting_targetting_pos=27,28|-1,-1|17,7|-1,-1|25,8|25,14|15,1|-1,-1|4,15|
#type=4,4,4,4,4,4,0,4,4,
R.R.....U
#111111001011
#assigned_pet=9,-1,6,-1,10,10,-1,-1,5,
#assigned_hub=8,2,3,0,6,7,-1,4,1,
#moving_targetting_pos=-1,-1|6,26|-1,-1|6,6|-1,-1|-1,-1|15,30|-1,-1|-1,-1|
#setting_targetting_pos=27,28|-1,-1|18,6|-1,-1|25,8|25,14|15,1|-1,-1|4,15|
#type=4,4,4,4,5,5,0,4,5,
..L.uu..u
#111111001011
#assigned_pet=9,-1,6,-1,-1,7,-1,-1,-1,
#assigned_hub=8,2,3,0,6,7,-1,4,1,
#moving_targetting_pos=-1,-1|6,26|-1,-1|6,6|-1,-1|-1,-1|15,30|-1,-1|6,16|
#setting_targetting_pos=27,28|-1,-1|17,7|-1,-1|-1,-1|27,17|15,1|-1,-1|-1,-1|
#type=4,4,4,4,4,4,0,4,4,
..R..R...
#111111001111
#assigned_pet=9,-1,6,-1,-1,7,-1,-1,-1,
#assigned_hub=8,2,3,0,6,7,-1,4,1,
#moving_targetting_pos=-1,-1|6,26|-1,-1|6,6|-1,-1|-1,-1|15,30|-1,-1|6,16|
#setting_targetting_pos=27,28|-1,-1|18,6|-1,-1|-1,-1|26,17|15,1|-1,-1|-1,-1|
#type=5,4,4,4,4,4,0,4,4,
d.L..R...
#111111001111
#assigned_pet=-1,-1,6,-1,-1,7,-1,-1,-1,
#assigned_hub=8,2,3,0,6,7,-1,4,1,
#moving_targetting_pos=-1,-1|6,26|-1,-1|6,6|-1,-1|-1,-1|15,30|-1,-1|6,16|
#setting_targetting_pos=-1,-1|-1,-1|17,7|-1,-1|-1,-1|25,17|15,1|-1,-1|-1,-1|
#type=4,4,4,4,4,4,0,4,4,
..R..R...
#111111001111
#assigned_pet=-1,-1,6,-1,-1,7,-1,-1,-1,
#assigned_hub=8,2,3,0,6,7,-1,4,1,
#moving_targetting_pos=26,26|6,26|-1,-1|6,6|-1,-1|-1,-1|15,30|-1,-1|6,16|
#setting_targetting_pos=-1,-1|-1,-1|17,7|-1,-1|-1,-1|24,17|15,1|-1,-1|-1,-1|
#type=4,4,4,4,4,4,0,4,4,
.....U...
#111111001111
#assigned_pet=-1,-1,6,-1,-1,7,-1,7,-1,
#assigned_hub=8,2,3,0,6,7,-1,4,1,
#moving_targetting_pos=26,26|6,26|-1,-1|6,6|-1,-1|-1,-1|15,30|-1,-1|6,16|
#setting_targetting_pos=-1,-1|-1,-1|17,7|-1,-1|-1,-1|24,17|15,1|18,17|-1,-1|
#type=4,4,4,4,4,4,0,4,4,
.......R.
#111111001111
#assigned_pet=-1,-1,6,-1,-1,7,-1,-1,-1,
#assigned_hub=8,2,3,0,6,7,-1,4,1,
#moving_targetting_pos=26,26|6,26|-1,-1|6,6|-1,-1|-1,-1|15,30|-1,-1|6,16|
#setting_targetting_pos=-1,-1|-1,-1|17,7|-1,-1|-1,-1|24,17|15,1|-1,-1|-1,-1|
#type=4,4,4,4,4,4,0,4,4,
.........
#111111001111
#assigned_pet=-1,-1,6,-1,-1,7,-1,-1,-1,
#assigned_hub=8,2,3,0,6,7,-1,4,1,
#moving_targetting_pos=26,26|6,26|-1,-1|6,6|-1,-1|-1,-1|15,30|-1,-1|6,16|
#setting_targetting_pos=-1,-1|-1,-1|17,7|-1,-1|-1,-1|24,16|15,1|-1,-1|-1,-1|
#type=4,4,4,4,4,4,0,4,4,
.....L...
#111111001111
#assigned_pet=-1,-1,6,-1,-1,7,-1,-1,-1,
#assigned_hub=8,2,3,0,6,7,-1,4,1,
#moving_targetting_pos=26,26|6,26|-1,-1|6,6|-1,-1|-1,-1|15,30|-1,-1|6,16|
#setting_targetting_pos=-1,-1|-1,-1|17,7|-1,-1|-1,-1|25,16|15,1|-1,-1|-1,-1|
#type=4,4,4,4,4,4,0,4,4,
.....D...
#111111001111
#assigned_pet=-1,-1,6,-1,-1,7,-1,-1,-1,
#assigned_hub=8,2,3,0,6,7,-1,4,1,
#moving_targetting_pos=26,26|6,26|-1,-1|6,6|-1,-1|-1,-1|15,30|-1,-1|6,16|
#setting_targetting_pos=-1,-1|-1,-1|18,6|-1,-1|-1,-1|25,15|15,1|-1,-1|-1,-1|
#type=4,4,4,4,4,4,0,4,4,
..L..L...
#111111001111
#assigned_pet=-1,-1,6,-1,-1,7,-1,-1,-1,
#assigned_hub=8,2,3,0,6,7,-1,4,1,
#moving_targetting_pos=26,26|6,26|-1,-1|6,6|-1,-1|-1,-1|15,30|-1,-1|6,16|
#setting_targetting_pos=-1,-1|-1,-1|17,7|-1,-1|-1,-1|25,16|15,1|-1,-1|-1,-1|
#type=4,4,4,4,4,4,0,4,4,
..R..R...
#111111001111
#assigned_pet=-1,-1,6,-1,-1,7,-1,6,-1,
#assigned_hub=8,2,3,0,6,7,-1,4,1,
#moving_targetting_pos=26,26|6,26|-1,-1|6,6|-1,-1|-1,-1|15,30|-1,-1|6,16|
#setting_targetting_pos=-1,-1|-1,-1|17,8|-1,-1|-1,-1|25,15|15,1|17,14|-1,-1|
#type=4,4,4,4,4,4,0,4,4,
..R..L.L.
#111111001111
#assigned_pet=-1,-1,6,-1,-1,7,-1,6,-1,
#assigned_hub=8,2,3,0,6,7,-1,4,1,
#moving_targetting_pos=26,26|6,26|-1,-1|6,6|26,6|-1,-1|15,30|-1,-1|6,16|
#setting_targetting_pos=-1,-1|-1,-1|17,8|-1,-1|-1,-1|24,15|15,1|17,14|-1,-1|
#type=4,4,4,4,4,4,0,4,4,
.....U.L.
#111111001111
#assigned_pet=-1,-1,6,-1,-1,7,-1,6,-1,
#assigned_hub=8,2,3,0,6,7,-1,4,1,
#moving_targetting_pos=26,26|6,26|-1,-1|6,6|26,6|-1,-1|15,30|-1,-1|6,16|
#setting_targetting_pos=-1,-1|-1,-1|17,8|-1,-1|-1,-1|24,15|15,1|17,14|-1,-1|
#type=4,4,4,4,4,4,0,4,4,
.......D.
#111111001111
#assigned_pet=-1,-1,-1,-1,-1,7,-1,7,-1,
#assigned_hub=8,2,3,0,6,7,-1,4,1,
#moving_targetting_pos=26,26|6,26|-1,-1|6,6|26,6|-1,-1|15,30|-1,-1|6,16|
#setting_targetting_pos=-1,-1|-1,-1|-1,-1|-1,-1|-1,-1|24,15|15,1|18,15|-1,-1|
#type=4,4,4,4,4,4,0,4,4,
.......R.
#111111001111
#assigned_pet=-1,-1,6,-1,-1,7,-1,6,-1,
#assigned_hub=8,2,3,0,6,7,-1,4,1,
#moving_targetting_pos=26,26|6,26|-1,-1|6,6|26,6|-1,-1|15,30|-1,-1|6,16|
#setting_targetting_pos=-1,-1|-1,-1|15,8|-1,-1|-1,-1|24,15|15,1|15,14|-1,-1|
#type=4,4,4,4,4,4,0,4,4,
.......L.
#111111001111
#assigned_pet=-1,-1,6,-1,-1,7,-1,6,-1,
#assigned_hub=8,2,3,0,6,7,-1,4,1,
#moving_targetting_pos=26,26|6,26|-1,-1|6,6|26,6|-1,-1|15,30|-1,-1|6,16|
#setting_targetting_pos=-1,-1|-1,-1|15,8|-1,-1|-1,-1|24,15|15,1|15,14|-1,-1|
#type=4,4,4,4,4,4,0,4,4,
.........
#111111001111
#assigned_pet=-1,-1,6,-1,-1,7,-1,6,-1,
#assigned_hub=8,2,3,0,6,7,-1,4,1,
#moving_targetting_pos=26,26|6,26|-1,-1|6,6|26,6|-1,-1|15,30|-1,-1|6,16|
#setting_targetting_pos=-1,-1|-1,-1|15,8|-1,-1|-1,-1|24,15|15,1|15,14|-1,-1|
#type=4,4,4,4,4,4,0,4,4,
.........
#111111001111
#assigned_pet=-1,-1,6,-1,-1,7,-1,6,-1,
#assigned_hub=8,2,3,0,6,7,-1,4,1,
#moving_targetting_pos=26,26|6,26|-1,-1|6,6|26,6|-1,-1|15,30|-1,-1|6,16|
#setting_targetting_pos=-1,-1|-1,-1|15,8|-1,-1|-1,-1|24,15|15,1|15,14|-1,-1|
#type=4,4,4,4,4,4,0,4,4,
.........
#111111001111
#assigned_pet=-1,-1,-1,-1,-1,7,-1,6,-1,
#assigned_hub=8,2,3,0,6,7,-1,4,1,
#moving_targetting_pos=26,26|6,26|-1,-1|6,6|26,6|-1,-1|15,30|-1,-1|6,16|
#setting_targetting_pos=-1,-1|-1,-1|-1,-1|-1,-1|-1,-1|24,16|15,1|15,15|-1,-1|
#type=4,4,4,4,4,4,0,4,4,
.....R.R.
#111111001111
#assigned_pet=-1,-1,-1,-1,-1,7,-1,6,-1,
#assigned_hub=8,2,3,0,6,7,-1,4,1,
#moving_targetting_pos=26,26|6,26|-1,-1|6,6|26,6|-1,-1|15,30|-1,-1|6,16|
#setting_targetting_pos=-1,-1|-1,-1|-1,-1|-1,-1|-1,-1|24,17|15,1|16,14|-1,-1|
#type=4,4,4,4,4,4,0,4,4,
.....R...
#111111001111
#assigned_pet=-1,-1,6,-1,-1,7,-1,6,-1,
#assigned_hub=8,2,3,0,6,7,-1,4,1,
#moving_targetting_pos=-1,-1|6,26|-1,-1|6,6|26,6|-1,-1|15,30|-1,-1|6,16|
#setting_targetting_pos=-1,-1|-1,-1|15,8|-1,-1|-1,-1|25,17|15,1|15,14|-1,-1|
#type=4,4,4,4,4,4,0,4,4,
.....L.L.
#111111101111
#assigned_pet=-1,-1,6,-1,-1,7,-1,6,-1,
#assigned_hub=8,2,3,0,6,7,-1,4,1,
#moving_targetting_pos=26,26|6,26|-1,-1|6,6|26,6|-1,-1|15,30|-1,-1|6,16|
#setting_targetting_pos=-1,-1|-1,-1|15,8|-1,-1|-1,-1|25,16|15,1|15,14|-1,-1|
#type=4,4,5,4,4,4,0,5,4,
..u..D.u.
#111111101111
#assigned_pet=-1,-1,-1,-1,-1,7,-1,-1,-1,
#assigned_hub=8,2,3,0,6,7,-1,4,1,
#moving_targetting_pos=26,26|6,26|16,6|6,6|26,6|-1,-1|15,30|-1,-1|6,16|
#setting_targetting_pos=-1,-1|-1,-1|-1,-1|-1,-1|-1,-1|25,15|15,1|-1,-1|-1,-1|
#type=4,4,4,4,4,4,0,4,4,
.....L...
#111111101111
#assigned_pet=-1,-1,-1,-1,-1,7,-1,-1,-1,
#assigned_hub=8,2,3,0,6,7,-1,4,1,
#moving_targetting_pos=26,26|6,26|16,6|6,6|26,6|-1,-1|15,30|-1,-1|6,16|
#setting_targetting_pos=-1,-1|-1,-1|-1,-1|-1,-1|-1,-1|26,15|15,1|-1,-1|-1,-1|
#type=4,4,4,4,4,4,0,4,4,
.....R...
#111111101111
#assigned_pet=-1,-1,-1,-1,-1,7,-1,-1,-1,
#assigned_hub=8,2,3,0,6,7,-1,4,1,
#moving_targetting_pos=26,26|6,26|16,6|6,6|26,6|-1,-1|15,30|-1,-1|6,16|
#setting_targetting_pos=-1,-1|-1,-1|-1,-1|-1,-1|-1,-1|26,14|15,1|-1,-1|-1,-1|
#type=4,4,4,4,4,4,0,4,4,
.....L...
#111111101111
#assigned_pet=-1,-1,-1,-1,-1,7,-1,-1,-1,
#assigned_hub=8,2,3,0,6,7,-1,4,1,
#moving_targetting_pos=26,26|6,26|16,6|6,6|26,6|-1,-1|15,30|-1,-1|6,16|
#setting_targetting_pos=-1,-1|-1,-1|-1,-1|-1,-1|-1,-1|26,15|15,1|-1,-1|-1,-1|
#type=4,4,4,4,4,4,0,4,4,
.....R...
#111111101111
#assigned_pet=-1,-1,-1,-1,-1,7,-1,-1,-1,
#assigned_hub=8,2,3,0,6,7,-1,4,1,
#moving_targetting_pos=26,26|6,26|16,6|6,6|26,6|-1,-1|15,30|-1,-1|6,16|
#setting_targetting_pos=-1,-1|-1,-1|-1,-1|-1,-1|-1,-1|26,16|15,1|-1,-1|-1,-1|
#type=4,4,4,4,4,4,0,4,4,
.........
#111111101111
#assigned_pet=-1,-1,-1,-1,-1,7,-1,-1,-1,
#assigned_hub=8,2,3,0,6,7,-1,4,1,
#moving_targetting_pos=26,26|6,26|16,6|6,6|26,6|-1,-1|15,30|-1,-1|6,16|
#setting_targetting_pos=-1,-1|-1,-1|-1,-1|-1,-1|-1,-1|26,15|15,1|-1,-1|-1,-1|
#type=4,4,4,4,4,4,0,4,4,
.........
#111111101111
#assigned_pet=-1,-1,-1,-1,-1,7,-1,-1,-1,
#assigned_hub=8,2,3,0,6,7,-1,4,1,
#moving_targetting_pos=26,26|6,26|16,6|6,6|26,6|-1,-1|15,30|-1,-1|6,16|
#setting_targetting_pos=-1,-1|-1,-1|-1,-1|-1,-1|-1,-1|27,15|15,1|-1,-1|-1,-1|
#type=4,4,4,4,4,4,0,4,4,
.....L...
#111111101111
#assigned_pet=-1,-1,-1,-1,-1,7,-1,-1,-1,
#assigned_hub=8,2,3,0,6,7,-1,4,1,
#moving_targetting_pos=26,26|6,26|16,6|6,6|26,6|-1,-1|15,30|16,16|6,16|
#setting_targetting_pos=-1,-1|-1,-1|-1,-1|-1,-1|-1,-1|28,15|15,1|-1,-1|-1,-1|
#type=4,4,4,4,4,4,0,4,4,
.....D...
#111111101111
#assigned_pet=-1,-1,-1,-1,-1,7,-1,-1,-1,
#assigned_hub=8,2,3,0,6,7,-1,4,1,
#moving_targetting_pos=26,26|6,26|16,6|6,6|26,6|-1,-1|15,30|16,16|6,16|
#setting_targetting_pos=-1,-1|-1,-1|-1,-1|-1,-1|-1,-1|28,15|15,1|-1,-1|-1,-1|
#type=4,4,4,4,4,4,0,4,4,
.........
#111111111111
#assigned_pet=-1,-1,-1,-1,-1,7,-1,-1,-1,
#assigned_hub=8,2,3,0,6,7,-1,4,1,
#moving_targetting_pos=26,26|6,26|16,6|6,6|26,6|-1,-1|15,30|16,16|6,16|
#setting_targetting_pos=-1,-1|-1,-1|-1,-1|-1,-1|-1,-1|28,15|15,1|-1,-1|-1,-1|
#type=4,4,4,4,4,5,0,4,4,
.....d...
#111111111111
#assigned_pet=-1,-1,-1,-1,-1,-1,-1,-1,-1,
#assigned_hub=8,2,3,0,6,7,-1,4,1,
#moving_targetting_pos=26,26|6,26|16,6|6,6|26,6|26,16|15,30|16,16|6,16|
#setting_targetting_pos=-1,-1|-1,-1|-1,-1|-1,-1|-1,-1|-1,-1|15,1|-1,-1|-1,-1|
#type=4,4,4,4,4,4,0,4,4,
.........
#111111111111
#assigned_pet=-1,-1,-1,-1,-1,-1,-1,-1,-1,
#assigned_hub=8,2,3,0,6,7,-1,4,1,
#moving_targetting_pos=26,26|6,26|16,6|6,6|26,6|26,16|15,30|16,16|6,16|
#setting_targetting_pos=-1,-1|-1,-1|-1,-1|-1,-1|-1,-1|-1,-1|15,1|-1,-1|-1,-1|
#type=4,4,4,4,4,4,0,4,4,
.........
#111111111111
#assigned_pet=-1,-1,-1,-1,-1,-1,-1,-1,-1,
#assigned_hub=8,2,3,0,6,7,-1,4,1,
#moving_targetting_pos=26,26|6,26|16,6|6,6|26,6|26,16|15,30|16,16|6,16|
#setting_targetting_pos=-1,-1|-1,-1|-1,-1|-1,-1|-1,-1|-1,-1|15,1|-1,-1|-1,-1|
#type=4,4,4,4,4,4,0,4,4,
.........
#111111111111
#assigned_pet=-1,-1,-1,-1,-1,-1,-1,-1,-1,
#assigned_hub=8,2,3,0,6,7,-1,4,1,
#moving_targetting_pos=26,26|6,26|16,6|6,6|26,6|26,16|15,30|16,16|6,16|
#setting_targetting_pos=-1,-1|-1,-1|-1,-1|-1,-1|-1,-1|-1,-1|15,1|-1,-1|-1,-1|
#type=4,4,4,4,4,4,0,4,4,
.........
#111111111111
#assigned_pet=-1,-1,-1,-1,-1,-1,-1,-1,-1,
#assigned_hub=8,2,3,0,6,7,-1,4,1,
#moving_targetting_pos=26,26|6,26|16,6|6,6|26,6|26,16|15,30|16,16|6,16|
#setting_targetting_pos=-1,-1|-1,-1|-1,-1|-1,-1|-1,-1|-1,-1|15,1|-1,-1|-1,-1|
#type=4,4,4,4,4,4,0,4,4,
.........
#111111111111
#assigned_pet=-1,-1,-1,-1,-1,-1,-1,-1,-1,
#assigned_hub=8,2,3,0,6,7,-1,4,1,
#moving_targetting_pos=26,26|6,26|16,6|6,6|26,6|26,16|15,30|16,16|6,16|
#setting_targetting_pos=-1,-1|-1,-1|-1,-1|-1,-1|-1,-1|-1,-1|15,1|-1,-1|-1,-1|
#type=4,4,4,4,4,4,0,4,4,
.........
#111111111111
#assigned_pet=-1,-1,-1,-1,-1,-1,-1,-1,-1,
#assigned_hub=8,2,3,0,6,7,-1,4,1,
#moving_targetting_pos=26,26|6,26|16,6|6,6|26,6|26,16|15,30|16,16|6,16|
#setting_targetting_pos=-1,-1|-1,-1|-1,-1|-1,-1|-1,-1|-1,-1|15,1|-1,-1|-1,-1|
#type=4,4,4,4,4,4,0,4,4,
.........
#111111111111
#assigned_pet=-1,-1,-1,-1,-1,-1,-1,-1,-1,
#assigned_hub=8,2,3,0,6,7,-1,4,1,
#moving_targetting_pos=26,26|6,26|16,6|6,6|26,6|26,16|15,30|16,16|6,16|
#setting_targetting_pos=-1,-1|-1,-1|-1,-1|-1,-1|-1,-1|-1,-1|15,1|-1,-1|-1,-1|
#type=4,4,4,4,4,4,0,4,4,
.........
#111111111111
#assigned_pet=-1,-1,-1,-1,-1,-1,-1,-1,-1,
#assigned_hub=8,2,3,0,6,7,-1,4,1,
#moving_targetting_pos=26,26|6,26|16,6|6,6|26,6|26,16|15,30|16,16|6,16|
#setting_targetting_pos=-1,-1|-1,-1|-1,-1|-1,-1|-1,-1|-1,-1|15,1|-1,-1|-1,-1|
#type=4,4,4,4,4,4,0,4,4,
.........
#111111111111
#assigned_pet=-1,-1,-1,-1,-1,-1,-1,-1,-1,
#assigned_hub=8,2,3,0,6,7,-1,4,1,
#moving_targetting_pos=26,26|6,26|16,6|6,6|26,6|26,16|15,30|16,16|6,16|
#setting_targetting_pos=-1,-1|-1,-1|-1,-1|-1,-1|-1,-1|-1,-1|15,1|-1,-1|-1,-1|
#type=4,4,4,4,4,4,0,4,4,
.........
#111111111111
#assigned_pet=-1,-1,-1,-1,-1,-1,-1,-1,-1,
#assigned_hub=8,2,3,0,6,7,-1,4,1,
#moving_targetting_pos=26,26|6,26|16,6|6,6|26,6|26,16|15,30|16,16|6,16|
#setting_targetting_pos=-1,-1|-1,-1|-1,-1|-1,-1|-1,-1|-1,-1|15,1|-1,-1|-1,-1|
#type=4,4,4,4,4,4,0,4,4,
.........
#111111111111
#assigned_pet=-1,-1,-1,-1,-1,-1,-1,-1,-1,
#assigned_hub=8,2,3,0,6,7,-1,4,1,
#moving_targetting_pos=26,26|6,26|16,6|6,6|26,6|26,16|15,30|16,16|6,16|
#setting_targetting_pos=-1,-1|-1,-1|-1,-1|-1,-1|-1,-1|-1,-1|15,1|-1,-1|-1,-1|
#type=4,4,4,4,4,4,0,4,4,
.........
#111111111111
#assigned_pet=-1,-1,-1,-1,-1,-1,-1,-1,-1,
#assigned_hub=8,2,3,0,6,7,-1,4,1,
#moving_targetting_pos=26,26|6,26|16,6|6,6|26,6|26,16|15,30|16,16|6,16|
#setting_targetting_pos=-1,-1|-1,-1|-1,-1|-1,-1|-1,-1|-1,-1|15,1|-1,-1|-1,-1|
#type=4,4,4,4,4,4,0,4,4,
.........
#111111111111
#assigned_pet=-1,-1,-1,-1,-1,-1,-1,-1,-1,
#assigned_hub=8,2,3,0,6,7,-1,4,1,
#moving_targetting_pos=26,26|6,26|16,6|6,6|26,6|26,16|15,30|16,16|6,16|
#setting_targetting_pos=-1,-1|-1,-1|-1,-1|-1,-1|-1,-1|-1,-1|15,1|-1,-1|-1,-1|
#type=4,4,4,4,4,4,0,4,4,
.........
#111111111111
#assigned_pet=-1,-1,-1,-1,-1,-1,-1,-1,-1,
#assigned_hub=8,2,3,0,6,7,-1,4,1,
#moving_targetting_pos=26,26|6,26|16,6|6,6|26,6|26,16|15,30|16,16|6,16|
#setting_targetting_pos=-1,-1|-1,-1|-1,-1|-1,-1|-1,-1|-1,-1|15,1|-1,-1|-1,-1|
#type=4,4,4,4,4,4,0,4,4,
.........
#111111111111
#assigned_pet=-1,-1,-1,-1,-1,-1,-1,-1,-1,
#assigned_hub=8,2,3,0,6,7,-1,4,1,
#moving_targetting_pos=26,26|6,26|16,6|6,6|26,6|26,16|15,30|16,16|6,16|
#setting_targetting_pos=-1,-1|-1,-1|-1,-1|-1,-1|-1,-1|-1,-1|15,1|-1,-1|-1,-1|
#type=4,4,4,4,4,4,0,4,4,
.........
#111111111111
#assigned_pet=-1,-1,-1,-1,-1,-1,-1,-1,-1,
#assigned_hub=8,2,3,0,6,7,-1,4,1,
#moving_targetting_pos=26,26|6,26|16,6|6,6|26,6|26,16|15,30|16,16|6,16|
#setting_targetting_pos=-1,-1|-1,-1|-1,-1|-1,-1|-1,-1|-1,-1|15,1|-1,-1|-1,-1|
#type=4,4,4,4,4,4,0,4,4,
.........
#111111111111
#assigned_pet=-1,-1,-1,-1,-1,-1,-1,-1,-1,
#assigned_hub=8,2,3,0,6,7,-1,4,1,
#moving_targetting_pos=26,26|6,26|16,6|6,6|26,6|26,16|15,30|16,16|6,16|
#setting_targetting_pos=-1,-1|-1,-1|-1,-1|-1,-1|-1,-1|-1,-1|15,1|-1,-1|-1,-1|
#type=4,4,4,4,4,4,0,4,4,
.........
#111111111111
#assigned_pet=-1,-1,-1,-1,-1,-1,-1,-1,-1,
#assigned_hub=8,2,3,0,6,7,-1,4,1,
#moving_targetting_pos=26,26|6,26|16,6|6,6|26,6|26,16|15,30|16,16|6,16|
#setting_targetting_pos=-1,-1|-1,-1|-1,-1|-1,-1|-1,-1|-1,-1|15,1|-1,-1|-1,-1|
#type=4,4,4,4,4,4,0,4,4,
.........
#111111111111
#assigned_pet=-1,-1,-1,-1,-1,-1,-1,-1,-1,
#assigned_hub=8,2,3,0,6,7,-1,4,1,
#moving_targetting_pos=26,26|6,26|16,6|6,6|26,6|26,16|15,30|16,16|6,16|
#setting_targetting_pos=-1,-1|-1,-1|-1,-1|-1,-1|-1,-1|-1,-1|15,1|-1,-1|-1,-1|
#type=4,4,4,4,4,4,0,4,4,
.........
#111111111111
#assigned_pet=-1,-1,-1,-1,-1,-1,-1,-1,-1,
#assigned_hub=8,2,3,0,6,7,-1,4,1,
#moving_targetting_pos=26,26|6,26|16,6|6,6|26,6|26,16|15,30|16,16|6,16|
#setting_targetting_pos=-1,-1|-1,-1|-1,-1|-1,-1|-1,-1|-1,-1|15,1|-1,-1|-1,-1|
#type=4,4,4,4,4,4,0,4,4,
.........
#111111111111
#assigned_pet=-1,-1,-1,-1,-1,-1,-1,-1,-1,
#assigned_hub=8,2,3,0,6,7,-1,4,1,
#moving_targetting_pos=26,26|6,26|16,6|6,6|26,6|26,16|15,30|16,16|6,16|
#setting_targetting_pos=-1,-1|-1,-1|-1,-1|-1,-1|-1,-1|-1,-1|15,1|-1,-1|-1,-1|
#type=4,4,4,4,4,4,0,4,4,
.........
#111111111111
#assigned_pet=-1,-1,-1,-1,-1,-1,-1,-1,-1,
#assigned_hub=8,2,3,0,6,7,-1,4,1,
#moving_targetting_pos=26,26|6,26|16,6|6,6|26,6|26,16|15,30|16,16|6,16|
#setting_targetting_pos=-1,-1|-1,-1|-1,-1|-1,-1|-1,-1|-1,-1|15,1|-1,-1|-1,-1|
#type=4,4,4,4,4,4,0,4,4,
.........
#111111111111
#assigned_pet=-1,-1,-1,-1,-1,-1,-1,-1,-1,
#assigned_hub=8,2,3,0,6,7,-1,4,1,
#moving_targetting_pos=26,26|6,26|16,6|6,6|26,6|26,16|15,30|16,16|6,16|
#setting_targetting_pos=-1,-1|-1,-1|-1,-1|-1,-1|-1,-1|-1,-1|15,1|-1,-1|-1,-1|
#type=4,4,4,4,4,4,0,4,4,
.........
#111111111111
#assigned_pet=-1,-1,-1,-1,-1,-1,-1,-1,-1,
#assigned_hub=8,2,3,0,6,7,-1,4,1,
#moving_targetting_pos=26,26|6,26|16,6|6,6|26,6|26,16|15,30|16,16|6,16|
#setting_targetting_pos=-1,-1|-1,-1|-1,-1|-1,-1|-1,-1|-1,-1|15,1|-1,-1|-1,-1|
#type=4,4,4,4,4,4,0,4,4,
.........
#111111111111
#assigned_pet=-1,-1,-1,-1,-1,-1,-1,-1,-1,
#assigned_hub=8,2,3,0,6,7,-1,4,1,
#moving_targetting_pos=26,26|6,26|16,6|6,6|26,6|26,16|15,30|16,16|6,16|
#setting_targetting_pos=-1,-1|-1,-1|-1,-1|-1,-1|-1,-1|-1,-1|15,1|-1,-1|-1,-1|
#type=4,4,4,4,4,4,0,4,4,
.........
#111111111111
#assigned_pet=-1,-1,-1,-1,-1,-1,-1,-1,-1,
#assigned_hub=8,2,3,0,6,7,-1,4,1,
#moving_targetting_pos=26,26|6,26|16,6|6,6|26,6|26,16|15,30|16,16|6,16|
#setting_targetting_pos=-1,-1|-1,-1|-1,-1|-1,-1|-1,-1|-1,-1|15,1|-1,-1|-1,-1|
#type=4,4,4,4,4,4,0,4,4,
.........
#111111111111
#assigned_pet=-1,-1,-1,-1,-1,-1,-1,-1,-1,
#assigned_hub=8,2,3,0,6,7,-1,4,1,
#moving_targetting_pos=26,26|6,26|16,6|6,6|26,6|26,16|15,30|16,16|6,16|
#setting_targetting_pos=-1,-1|-1,-1|-1,-1|-1,-1|-1,-1|-1,-1|15,1|-1,-1|-1,-1|
#type=4,4,4,4,4,4,0,4,4,
.........
#111111111111
#assigned_pet=-1,-1,-1,-1,-1,-1,-1,-1,-1,
#assigned_hub=8,2,3,0,6,7,-1,4,1,
#moving_targetting_pos=26,26|6,26|16,6|6,6|26,6|26,16|15,30|16,16|6,16|
#setting_targetting_pos=-1,-1|-1,-1|-1,-1|-1,-1|-1,-1|-1,-1|15,1|-1,-1|-1,-1|
#type=4,4,4,4,4,4,0,4,4,
.........
#111111111111
#assigned_pet=-1,-1,-1,-1,-1,-1,-1,-1,-1,
#assigned_hub=8,2,3,0,6,7,-1,4,1,
#moving_targetting_pos=26,26|6,26|16,6|6,6|26,6|26,16|15,30|16,16|6,16|
#setting_targetting_pos=-1,-1|-1,-1|-1,-1|-1,-1|-1,-1|-1,-1|15,1|-1,-1|-1,-1|
#type=4,4,4,4,4,4,0,4,4,
.........
#111111111111
#assigned_pet=-1,-1,-1,-1,-1,-1,-1,-1,-1,
#assigned_hub=8,2,3,0,6,7,-1,4,1,
#moving_targetting_pos=26,26|6,26|16,6|6,6|26,6|26,16|15,30|16,16|6,16|
#setting_targetting_pos=-1,-1|-1,-1|-1,-1|-1,-1|-1,-1|-1,-1|15,1|-1,-1|-1,-1|
#type=4,4,4,4,4,4,0,4,4,
.........
#111111111111
#assigned_pet=-1,-1,-1,-1,-1,-1,-1,-1,-1,
#assigned_hub=8,2,3,0,6,7,-1,4,1,
#moving_targetting_pos=26,26|6,26|16,6|6,6|26,6|26,16|15,30|16,16|6,16|
#setting_targetting_pos=-1,-1|-1,-1|-1,-1|-1,-1|-1,-1|-1,-1|15,1|-1,-1|-1,-1|
#type=4,4,4,4,4,4,0,4,4,
.........
#111111111111
#assigned_pet=-1,-1,-1,-1,-1,-1,-1,-1,-1,
#assigned_hub=8,2,3,0,6,7,-1,4,1,
#moving_targetting_pos=26,26|6,26|16,6|6,6|26,6|26,16|15,30|16,16|6,16|
#setting_targetting_pos=-1,-1|-1,-1|-1,-1|-1,-1|-1,-1|-1,-1|15,1|-1,-1|-1,-1|
#type=4,4,4,4,4,4,0,4,4,
.........
#111111111111
#assigned_pet=-1,-1,-1,-1,-1,-1,-1,-1,-1,
#assigned_hub=8,2,3,0,6,7,-1,4,1,
#moving_targetting_pos=26,26|6,26|16,6|6,6|26,6|26,16|15,30|16,16|6,16|
#setting_targetting_pos=-1,-1|-1,-1|-1,-1|-1,-1|-1,-1|-1,-1|15,1|-1,-1|-1,-1|
#type=4,4,4,4,4,4,0,4,4,
.........
#111111111111
#assigned_pet=-1,-1,-1,-1,-1,-1,-1,-1,-1,
#assigned_hub=8,2,3,0,6,7,-1,4,1,
#moving_targetting_pos=26,26|6,26|16,6|6,6|26,6|26,16|15,30|16,16|6,16|
#setting_targetting_pos=-1,-1|-1,-1|-1,-1|-1,-1|-1,-1|-1,-1|15,1|-1,-1|-1,-1|
#type=4,4,4,4,4,4,0,4,4,
.........
#111111111111
#assigned_pet=-1,-1,-1,-1,-1,-1,-1,-1,-1,
#assigned_hub=8,2,3,0,6,7,-1,4,1,
#moving_targetting_pos=26,26|6,26|16,6|6,6|26,6|26,16|15,30|16,16|6,16|
#setting_targetting_pos=-1,-1|-1,-1|-1,-1|-1,-1|-1,-1|-1,-1|15,1|-1,-1|-1,-1|
#type=4,4,4,4,4,4,0,4,4,
.........
#111111111111
#assigned_pet=-1,-1,-1,-1,-1,-1,-1,-1,-1,
#assigned_hub=8,2,3,0,6,7,-1,4,1,
#moving_targetting_pos=26,26|6,26|16,6|6,6|26,6|26,16|15,30|16,16|6,16|
#setting_targetting_pos=-1,-1|-1,-1|-1,-1|-1,-1|-1,-1|-1,-1|15,1|-1,-1|-1,-1|
#type=4,4,4,4,4,4,0,4,4,
.........
#111111111111
#assigned_pet=-1,-1,-1,-1,-1,-1,-1,-1,-1,
#assigned_hub=8,2,3,0,6,7,-1,4,1,
#moving_targetting_pos=26,26|6,26|16,6|6,6|26,6|26,16|15,30|16,16|6,16|
#setting_targetting_pos=-1,-1|-1,-1|-1,-1|-1,-1|-1,-1|-1,-1|15,1|-1,-1|-1,-1|
#type=4,4,4,4,4,4,0,4,4,
.........
#111111111111
#assigned_pet=-1,-1,-1,-1,-1,-1,-1,-1,-1,
#assigned_hub=8,2,3,0,6,7,-1,4,1,
#moving_targetting_pos=26,26|6,26|16,6|6,6|26,6|26,16|15,30|16,16|6,16|
#setting_targetting_pos=-1,-1|-1,-1|-1,-1|-1,-1|-1,-1|-1,-1|15,1|-1,-1|-1,-1|
#type=4,4,4,4,4,4,0,4,4,
.........
#111111111111
#assigned_pet=-1,-1,-1,-1,-1,-1,-1,-1,-1,
#assigned_hub=8,2,3,0,6,7,-1,4,1,
#moving_targetting_pos=26,26|6,26|16,6|6,6|26,6|26,16|15,30|16,16|6,16|
#setting_targetting_pos=-1,-1|-1,-1|-1,-1|-1,-1|-1,-1|-1,-1|15,1|-1,-1|-1,-1|
#type=4,4,4,4,4,4,0,4,4,
.........
#111111111111
#assigned_pet=-1,-1,-1,-1,-1,-1,-1,-1,-1,
#assigned_hub=8,2,3,0,6,7,-1,4,1,
#moving_targetting_pos=26,26|6,26|16,6|6,6|26,6|26,16|15,30|16,16|6,16|
#setting_targetting_pos=-1,-1|-1,-1|-1,-1|-1,-1|-1,-1|-1,-1|15,1|-1,-1|-1,-1|
#type=4,4,4,4,4,4,0,4,4,
.........
#111111111111
#assigned_pet=-1,-1,-1,-1,-1,-1,-1,-1,-1,
#assigned_hub=8,2,3,0,6,7,-1,4,1,
#moving_targetting_pos=26,26|6,26|16,6|6,6|26,6|26,16|15,30|16,16|6,16|
#setting_targetting_pos=-1,-1|-1,-1|-1,-1|-1,-1|-1,-1|-1,-1|15,1|-1,-1|-1,-1|
#type=4,4,4,4,4,4,0,4,4,
.........
#111111111111
#assigned_pet=-1,-1,-1,-1,-1,-1,-1,-1,-1,
#assigned_hub=8,2,3,0,6,7,-1,4,1,
#moving_targetting_pos=26,26|6,26|16,6|6,6|26,6|26,16|15,30|16,16|6,16|
#setting_targetting_pos=-1,-1|-1,-1|-1,-1|-1,-1|-1,-1|-1,-1|15,1|-1,-1|-1,-1|
#type=4,4,4,4,4,4,0,4,4,
.........
#111111111111
#assigned_pet=-1,-1,-1,-1,-1,-1,-1,-1,-1,
#assigned_hub=8,2,3,0,6,7,-1,4,1,
#moving_targetting_pos=26,26|6,26|16,6|6,6|26,6|26,16|15,30|16,16|6,16|
#setting_targetting_pos=-1,-1|-1,-1|-1,-1|-1,-1|-1,-1|-1,-1|15,1|-1,-1|-1,-1|
#type=4,4,4,4,4,4,0,4,4,
.........
#111111111111
#assigned_pet=-1,-1,-1,-1,-1,-1,-1,-1,-1,
#assigned_hub=8,2,3,0,6,7,-1,4,1,
#moving_targetting_pos=26,26|6,26|16,6|6,6|26,6|26,16|15,30|16,16|6,16|
#setting_targetting_pos=-1,-1|-1,-1|-1,-1|-1,-1|-1,-1|-1,-1|15,1|-1,-1|-1,-1|
#type=4,4,4,4,4,4,0,4,4,
.........
#111111111111
#assigned_pet=-1,-1,-1,-1,-1,-1,-1,-1,-1,
#assigned_hub=8,2,3,0,6,7,-1,4,1,
#moving_targetting_pos=26,26|6,26|16,6|6,6|26,6|26,16|15,30|16,16|6,16|
#setting_targetting_pos=-1,-1|-1,-1|-1,-1|-1,-1|-1,-1|-1,-1|15,1|-1,-1|-1,-1|
#type=4,4,4,4,4,4,0,4,4,
.........
#111111111111
#assigned_pet=-1,-1,-1,-1,-1,-1,-1,-1,-1,
#assigned_hub=8,2,3,0,6,7,-1,4,1,
#moving_targetting_pos=26,26|6,26|16,6|6,6|26,6|26,16|15,30|16,16|6,16|
#setting_targetting_pos=-1,-1|-1,-1|-1,-1|-1,-1|-1,-1|-1,-1|15,1|-1,-1|-1,-1|
#type=4,4,4,4,4,4,0,4,4,
.........
#111111111111
#assigned_pet=-1,-1,-1,-1,-1,-1,-1,-1,-1,
#assigned_hub=8,2,3,0,6,7,-1,4,1,
#moving_targetting_pos=26,26|6,26|16,6|6,6|26,6|26,16|15,30|16,16|6,16|
#setting_targetting_pos=-1,-1|-1,-1|-1,-1|-1,-1|-1,-1|-1,-1|15,1|-1,-1|-1,-1|
#type=4,4,4,4,4,4,0,4,4,
.........
#111111111111
#assigned_pet=-1,-1,-1,-1,-1,-1,-1,-1,-1,
#assigned_hub=8,2,3,0,6,7,-1,4,1,
#moving_targetting_pos=26,26|6,26|16,6|6,6|26,6|26,16|15,30|16,16|6,16|
#setting_targetting_pos=-1,-1|-1,-1|-1,-1|-1,-1|-1,-1|-1,-1|15,1|-1,-1|-1,-1|
#type=4,4,4,4,4,4,0,4,4,
.........
#111111111111
#assigned_pet=-1,-1,-1,-1,-1,-1,-1,-1,-1,
#assigned_hub=8,2,3,0,6,7,-1,4,1,
#moving_targetting_pos=26,26|6,26|16,6|6,6|26,6|26,16|15,30|16,16|6,16|
#setting_targetting_pos=-1,-1|-1,-1|-1,-1|-1,-1|-1,-1|-1,-1|15,1|-1,-1|-1,-1|
#type=4,4,4,4,4,4,0,4,4,
.........
#111111111111
#assigned_pet=-1,-1,-1,-1,-1,-1,-1,-1,-1,
#assigned_hub=8,2,3,0,6,7,-1,4,1,
#moving_targetting_pos=26,26|6,26|16,6|6,6|26,6|26,16|15,30|16,16|6,16|
#setting_targetting_pos=-1,-1|-1,-1|-1,-1|-1,-1|-1,-1|-1,-1|15,1|-1,-1|-1,-1|
#type=4,4,4,4,4,4,0,4,4,
.........
#111111111111
#assigned_pet=-1,-1,-1,-1,-1,-1,-1,-1,-1,
#assigned_hub=8,2,3,0,6,7,-1,4,1,
#moving_targetting_pos=26,26|6,26|16,6|6,6|26,6|26,16|15,30|16,16|6,16|
#setting_targetting_pos=-1,-1|-1,-1|-1,-1|-1,-1|-1,-1|-1,-1|15,1|-1,-1|-1,-1|
#type=4,4,4,4,4,4,0,4,4,
.........
#111111111111
#assigned_pet=-1,-1,-1,-1,-1,-1,-1,-1,-1,
#assigned_hub=8,2,3,0,6,7,-1,4,1,
#moving_targetting_pos=26,26|6,26|16,6|6,6|26,6|26,16|15,30|16,16|6,16|
#setting_targetting_pos=-1,-1|-1,-1|-1,-1|-1,-1|-1,-1|-1,-1|15,1|-1,-1|-1,-1|
#type=4,4,4,4,4,4,0,4,4,
.........
#111111111111
#assigned_pet=-1,-1,-1,-1,-1,-1,-1,-1,-1,
#assigned_hub=8,2,3,0,6,7,-1,4,1,
#moving_targetting_pos=26,26|6,26|16,6|6,6|26,6|26,16|15,30|16,16|6,16|
#setting_targetting_pos=-1,-1|-1,-1|-1,-1|-1,-1|-1,-1|-1,-1|15,1|-1,-1|-1,-1|
#type=4,4,4,4,4,4,0,4,4,
.........
#111111111111
#assigned_pet=-1,-1,-1,-1,-1,-1,-1,-1,-1,
#assigned_hub=8,2,3,0,6,7,-1,4,1,
#moving_targetting_pos=26,26|6,26|16,6|6,6|26,6|26,16|15,30|16,16|6,16|
#setting_targetting_pos=-1,-1|-1,-1|-1,-1|-1,-1|-1,-1|-1,-1|15,1|-1,-1|-1,-1|
#type=4,4,4,4,4,4,0,4,4,
.........
#111111111111
#assigned_pet=-1,-1,-1,-1,-1,-1,-1,-1,-1,
#assigned_hub=8,2,3,0,6,7,-1,4,1,
#moving_targetting_pos=26,26|6,26|16,6|6,6|26,6|26,16|15,30|16,16|6,16|
#setting_targetting_pos=-1,-1|-1,-1|-1,-1|-1,-1|-1,-1|-1,-1|15,1|-1,-1|-1,-1|
#type=4,4,4,4,4,4,0,4,4,
.........
#111111111111
#assigned_pet=-1,-1,-1,-1,-1,-1,-1,-1,-1,
#assigned_hub=8,2,3,0,6,7,-1,4,1,
#moving_targetting_pos=26,26|6,26|16,6|6,6|26,6|26,16|15,30|16,16|6,16|
#setting_targetting_pos=-1,-1|-1,-1|-1,-1|-1,-1|-1,-1|-1,-1|15,1|-1,-1|-1,-1|
#type=4,4,4,4,4,4,0,4,4,
.........
#111111111111
#assigned_pet=-1,-1,-1,-1,-1,-1,-1,-1,-1,
#assigned_hub=8,2,3,0,6,7,-1,4,1,
#moving_targetting_pos=26,26|6,26|16,6|6,6|26,6|26,16|15,30|16,16|6,16|
#setting_targetting_pos=-1,-1|-1,-1|-1,-1|-1,-1|-1,-1|-1,-1|15,1|-1,-1|-1,-1|
#type=4,4,4,4,4,4,0,4,4,
.........
#111111111111
#assigned_pet=-1,-1,-1,-1,-1,-1,-1,-1,-1,
#assigned_hub=8,2,3,0,6,7,-1,4,1,
#moving_targetting_pos=26,26|6,26|16,6|6,6|26,6|26,16|15,30|16,16|6,16|
#setting_targetting_pos=-1,-1|-1,-1|-1,-1|-1,-1|-1,-1|-1,-1|15,1|-1,-1|-1,-1|
#type=4,4,4,4,4,4,0,4,4,
.........
#111111111111
#assigned_pet=-1,-1,-1,-1,-1,-1,-1,-1,-1,
#assigned_hub=8,2,3,0,6,7,-1,4,1,
#moving_targetting_pos=26,26|6,26|16,6|6,6|26,6|26,16|15,30|16,16|6,16|
#setting_targetting_pos=-1,-1|-1,-1|-1,-1|-1,-1|-1,-1|-1,-1|15,1|-1,-1|-1,-1|
#type=4,4,4,4,4,4,0,4,4,
.........
#111111111111
#assigned_pet=-1,-1,-1,-1,-1,-1,-1,-1,-1,
#assigned_hub=8,2,3,0,6,7,-1,4,1,
#moving_targetting_pos=26,26|6,26|16,6|6,6|26,6|26,16|15,30|16,16|6,16|
#setting_targetting_pos=-1,-1|-1,-1|-1,-1|-1,-1|-1,-1|-1,-1|15,1|-1,-1|-1,-1|
#type=4,4,4,4,4,4,0,4,4,
.........
#111111111111
#assigned_pet=-1,-1,-1,-1,-1,-1,-1,-1,-1,
#assigned_hub=8,2,3,0,6,7,-1,4,1,
#moving_targetting_pos=26,26|6,26|16,6|6,6|26,6|26,16|15,30|16,16|6,16|
#setting_targetting_pos=-1,-1|-1,-1|-1,-1|-1,-1|-1,-1|-1,-1|15,1|-1,-1|-1,-1|
#type=4,4,4,4,4,4,0,4,4,
.........
#111111111111
#assigned_pet=-1,-1,-1,-1,-1,-1,-1,-1,-1,
#assigned_hub=8,2,3,0,6,7,-1,4,1,
#moving_targetting_pos=26,26|6,26|16,6|6,6|26,6|26,16|15,30|16,16|6,16|
#setting_targetting_pos=-1,-1|-1,-1|-1,-1|-1,-1|-1,-1|-1,-1|15,1|-1,-1|-1,-1|
#type=4,4,4,4,4,4,0,4,4,
.........
#111111111111
#assigned_pet=-1,-1,-1,-1,-1,-1,-1,-1,-1,
#assigned_hub=8,2,3,0,6,7,-1,4,1,
#moving_targetting_pos=26,26|6,26|16,6|6,6|26,6|26,16|15,30|16,16|6,16|
#setting_targetting_pos=-1,-1|-1,-1|-1,-1|-1,-1|-1,-1|-1,-1|15,1|-1,-1|-1,-1|
#type=4,4,4,4,4,4,0,4,4,
.........
#111111111111
#assigned_pet=-1,-1,-1,-1,-1,-1,-1,-1,-1,
#assigned_hub=8,2,3,0,6,7,-1,4,1,
#moving_targetting_pos=26,26|6,26|16,6|6,6|26,6|26,16|15,30|16,16|6,16|
#setting_targetting_pos=-1,-1|-1,-1|-1,-1|-1,-1|-1,-1|-1,-1|15,1|-1,-1|-1,-1|
#type=4,4,4,4,4,4,0,4,4,
.........
#111111111111
#assigned_pet=-1,-1,-1,-1,-1,-1,-1,-1,-1,
#assigned_hub=8,2,3,0,6,7,-1,4,1,
#moving_targetting_pos=26,26|6,26|16,6|6,6|26,6|26,16|15,30|16,16|6,16|
#setting_targetting_pos=-1,-1|-1,-1|-1,-1|-1,-1|-1,-1|-1,-1|15,1|-1,-1|-1,-1|
#type=4,4,4,4,4,4,0,4,4,
.........
#111111111111
#assigned_pet=-1,-1,-1,-1,-1,-1,-1,-1,-1,
#assigned_hub=8,2,3,0,6,7,-1,4,1,
#moving_targetting_pos=26,26|6,26|16,6|6,6|26,6|26,16|15,30|16,16|6,16|
#setting_targetting_pos=-1,-1|-1,-1|-1,-1|-1,-1|-1,-1|-1,-1|15,1|-1,-1|-1,-1|
#type=4,4,4,4,4,4,0,4,4,
.........
#111111111111
#assigned_pet=-1,-1,-1,-1,-1,-1,-1,-1,-1,
#assigned_hub=8,2,3,0,6,7,-1,4,1,
#moving_targetting_pos=26,26|6,26|16,6|6,6|26,6|26,16|15,30|16,16|6,16|
#setting_targetting_pos=-1,-1|-1,-1|-1,-1|-1,-1|-1,-1|-1,-1|15,1|-1,-1|-1,-1|
#type=4,4,4,4,4,4,0,4,4,
.........
#111111111111
#assigned_pet=-1,-1,-1,-1,-1,-1,-1,-1,-1,
#assigned_hub=8,2,3,0,6,7,-1,4,1,
#moving_targetting_pos=26,26|6,26|16,6|6,6|26,6|26,16|15,30|16,16|6,16|
#setting_targetting_pos=-1,-1|-1,-1|-1,-1|-1,-1|-1,-1|-1,-1|15,1|-1,-1|-1,-1|
#type=4,4,4,4,4,4,0,4,4,
.........
#111111111111
#assigned_pet=-1,-1,-1,-1,-1,-1,-1,-1,-1,
#assigned_hub=8,2,3,0,6,7,-1,4,1,
#moving_targetting_pos=26,26|6,26|16,6|6,6|26,6|26,16|15,30|16,16|6,16|
#setting_targetting_pos=-1,-1|-1,-1|-1,-1|-1,-1|-1,-1|-1,-1|15,1|-1,-1|-1,-1|
#type=4,4,4,4,4,4,0,4,4,
.........
#111111111111
#assigned_pet=-1,-1,-1,-1,-1,-1,-1,-1,-1,
#assigned_hub=8,2,3,0,6,7,-1,4,1,
#moving_targetting_pos=26,26|6,26|16,6|6,6|26,6|26,16|15,30|16,16|6,16|
#setting_targetting_pos=-1,-1|-1,-1|-1,-1|-1,-1|-1,-1|-1,-1|15,1|-1,-1|-1,-1|
#type=4,4,4,4,4,4,0,4,4,
.........
#111111111111
#assigned_pet=-1,-1,-1,-1,-1,-1,-1,-1,-1,
#assigned_hub=8,2,3,0,6,7,-1,4,1,
#moving_targetting_pos=26,26|6,26|16,6|6,6|26,6|26,16|15,30|16,16|6,16|
#setting_targetting_pos=-1,-1|-1,-1|-1,-1|-1,-1|-1,-1|-1,-1|15,1|-1,-1|-1,-1|
#type=4,4,4,4,4,4,0,4,4,
.........
#111111111111
#assigned_pet=-1,-1,-1,-1,-1,-1,-1,-1,-1,
#assigned_hub=8,2,3,0,6,7,-1,4,1,
#moving_targetting_pos=26,26|6,26|16,6|6,6|26,6|26,16|15,30|16,16|6,16|
#setting_targetting_pos=-1,-1|-1,-1|-1,-1|-1,-1|-1,-1|-1,-1|15,1|-1,-1|-1,-1|
#type=4,4,4,4,4,4,0,4,4,
.........
#111111111111
#assigned_pet=-1,-1,-1,-1,-1,-1,-1,-1,-1,
#assigned_hub=8,2,3,0,6,7,-1,4,1,
#moving_targetting_pos=26,26|6,26|16,6|6,6|26,6|26,16|15,30|16,16|6,16|
#setting_targetting_pos=-1,-1|-1,-1|-1,-1|-1,-1|-1,-1|-1,-1|15,1|-1,-1|-1,-1|
#type=4,4,4,4,4,4,0,4,4,
.........
#111111111111
#assigned_pet=-1,-1,-1,-1,-1,-1,-1,-1,-1,
#assigned_hub=8,2,3,0,6,7,-1,4,1,
#moving_targetting_pos=26,26|6,26|16,6|6,6|26,6|26,16|15,30|16,16|6,16|
#setting_targetting_pos=-1,-1|-1,-1|-1,-1|-1,-1|-1,-1|-1,-1|15,1|-1,-1|-1,-1|
#type=4,4,4,4,4,4,0,4,4,
.........
#111111111111
#assigned_pet=-1,-1,-1,-1,-1,-1,-1,-1,-1,
#assigned_hub=8,2,3,0,6,7,-1,4,1,
#moving_targetting_pos=26,26|6,26|16,6|6,6|26,6|26,16|15,30|16,16|6,16|
#setting_targetting_pos=-1,-1|-1,-1|-1,-1|-1,-1|-1,-1|-1,-1|15,1|-1,-1|-1,-1|
#type=4,4,4,4,4,4,0,4,4,
.........
#111111111111
#assigned_pet=-1,-1,-1,-1,-1,-1,-1,-1,-1,
#assigned_hub=8,2,3,0,6,7,-1,4,1,
#moving_targetting_pos=26,26|6,26|16,6|6,6|26,6|26,16|15,30|16,16|6,16|
#setting_targetting_pos=-1,-1|-1,-1|-1,-1|-1,-1|-1,-1|-1,-1|15,1|-1,-1|-1,-1|
#type=4,4,4,4,4,4,0,4,4,
.........
#111111111111
#assigned_pet=-1,-1,-1,-1,-1,-1,-1,-1,-1,
#assigned_hub=8,2,3,0,6,7,-1,4,1,
#moving_targetting_pos=26,26|6,26|16,6|6,6|26,6|26,16|15,30|16,16|6,16|
#setting_targetting_pos=-1,-1|-1,-1|-1,-1|-1,-1|-1,-1|-1,-1|15,1|-1,-1|-1,-1|
#type=4,4,4,4,4,4,0,4,4,
.........
#111111111111
#assigned_pet=-1,-1,-1,-1,-1,-1,-1,-1,-1,
#assigned_hub=8,2,3,0,6,7,-1,4,1,
#moving_targetting_pos=26,26|6,26|16,6|6,6|26,6|26,16|15,30|16,16|6,16|
#setting_targetting_pos=-1,-1|-1,-1|-1,-1|-1,-1|-1,-1|-1,-1|15,1|-1,-1|-1,-1|
#type=4,4,4,4,4,4,0,4,4,
.........
#111111111111
#assigned_pet=-1,-1,-1,-1,-1,-1,-1,-1,-1,
#assigned_hub=8,2,3,0,6,7,-1,4,1,
#moving_targetting_pos=26,26|6,26|16,6|6,6|26,6|26,16|15,30|16,16|6,16|
#setting_targetting_pos=-1,-1|-1,-1|-1,-1|-1,-1|-1,-1|-1,-1|15,1|-1,-1|-1,-1|
#type=4,4,4,4,4,4,0,4,4,
.........
#111111111111
#assigned_pet=-1,-1,-1,-1,-1,-1,-1,-1,-1,
#assigned_hub=8,2,3,0,6,7,-1,4,1,
#moving_targetting_pos=26,26|6,26|16,6|6,6|26,6|26,16|15,30|16,16|6,16|
#setting_targetting_pos=-1,-1|-1,-1|-1,-1|-1,-1|-1,-1|-1,-1|15,1|-1,-1|-1,-1|
#type=4,4,4,4,4,4,0,4,4,
.........
#111111111111
#assigned_pet=-1,-1,-1,-1,-1,-1,-1,-1,-1,
#assigned_hub=8,2,3,0,6,7,-1,4,1,
#moving_targetting_pos=26,26|6,26|16,6|6,6|26,6|26,16|15,30|16,16|6,16|
#setting_targetting_pos=-1,-1|-1,-1|-1,-1|-1,-1|-1,-1|-1,-1|15,1|-1,-1|-1,-1|
#type=4,4,4,4,4,4,0,4,4,
.........
#111111111111
#assigned_pet=-1,-1,-1,-1,-1,-1,-1,-1,-1,
#assigned_hub=8,2,3,0,6,7,-1,4,1,
#moving_targetting_pos=26,26|6,26|16,6|6,6|26,6|26,16|15,30|16,16|6,16|
#setting_targetting_pos=-1,-1|-1,-1|-1,-1|-1,-1|-1,-1|-1,-1|15,1|-1,-1|-1,-1|
#type=4,4,4,4,4,4,0,4,4,
.........
#111111111111
#assigned_pet=-1,-1,-1,-1,-1,-1,-1,-1,-1,
#assigned_hub=8,2,3,0,6,7,-1,4,1,
#moving_targetting_pos=26,26|6,26|16,6|6,6|26,6|26,16|15,30|16,16|6,16|
#setting_targetting_pos=-1,-1|-1,-1|-1,-1|-1,-1|-1,-1|-1,-1|15,1|-1,-1|-1,-1|
#type=4,4,4,4,4,4,0,4,4,
.........
#111111111111
#assigned_pet=-1,-1,-1,-1,-1,-1,-1,-1,-1,
#assigned_hub=8,2,3,0,6,7,-1,4,1,
#moving_targetting_pos=26,26|6,26|16,6|6,6|26,6|26,16|15,30|16,16|6,16|
#setting_targetting_pos=-1,-1|-1,-1|-1,-1|-1,-1|-1,-1|-1,-1|15,1|-1,-1|-1,-1|
#type=4,4,4,4,4,4,0,4,4,
.........
#111111111111
#assigned_pet=-1,-1,-1,-1,-1,-1,-1,-1,-1,
#assigned_hub=8,2,3,0,6,7,-1,4,1,
#moving_targetting_pos=26,26|6,26|16,6|6,6|26,6|26,16|15,30|16,16|6,16|
#setting_targetting_pos=-1,-1|-1,-1|-1,-1|-1,-1|-1,-1|-1,-1|15,1|-1,-1|-1,-1|
#type=4,4,4,4,4,4,0,4,4,
.........
#111111111111
#assigned_pet=-1,-1,-1,-1,-1,-1,-1,-1,-1,
#assigned_hub=8,2,3,0,6,7,-1,4,1,
#moving_targetting_pos=26,26|6,26|16,6|6,6|26,6|26,16|15,30|16,16|6,16|
#setting_targetting_pos=-1,-1|-1,-1|-1,-1|-1,-1|-1,-1|-1,-1|15,1|-1,-1|-1,-1|
#type=4,4,4,4,4,4,0,4,4,
.........
#111111111111
#assigned_pet=-1,-1,-1,-1,-1,-1,-1,-1,-1,
#assigned_hub=8,2,3,0,6,7,-1,4,1,
#moving_targetting_pos=26,26|6,26|16,6|6,6|26,6|26,16|15,30|16,16|6,16|
#setting_targetting_pos=-1,-1|-1,-1|-1,-1|-1,-1|-1,-1|-1,-1|15,1|-1,-1|-1,-1|
#type=4,4,4,4,4,4,0,4,4,
.........
#111111111111
#assigned_pet=-1,-1,-1,-1,-1,-1,-1,-1,-1,
#assigned_hub=8,2,3,0,6,7,-1,4,1,
#moving_targetting_pos=26,26|6,26|16,6|6,6|26,6|26,16|15,30|16,16|6,16|
#setting_targetting_pos=-1,-1|-1,-1|-1,-1|-1,-1|-1,-1|-1,-1|15,1|-1,-1|-1,-1|
#type=4,4,4,4,4,4,0,4,4,
.........
#111111111111
#assigned_pet=-1,-1,-1,-1,-1,-1,-1,-1,-1,
#assigned_hub=8,2,3,0,6,7,-1,4,1,
#moving_targetting_pos=26,26|6,26|16,6|6,6|26,6|26,16|15,30|16,16|6,16|
#setting_targetting_pos=-1,-1|-1,-1|-1,-1|-1,-1|-1,-1|-1,-1|15,1|-1,-1|-1,-1|
#type=4,4,4,4,4,4,0,4,4,
.........
#111111111111
#assigned_pet=-1,-1,-1,-1,-1,-1,-1,-1,-1,
#assigned_hub=8,2,3,0,6,7,-1,4,1,
#moving_targetting_pos=26,26|6,26|16,6|6,6|26,6|26,16|15,30|16,16|6,16|
#setting_targetting_pos=-1,-1|-1,-1|-1,-1|-1,-1|-1,-1|-1,-1|15,1|-1,-1|-1,-1|
#type=4,4,4,4,4,4,0,4,4,
.........
#111111111111
#assigned_pet=-1,-1,-1,-1,-1,-1,-1,-1,-1,
#assigned_hub=8,2,3,0,6,7,-1,4,1,
#moving_targetting_pos=26,26|6,26|16,6|6,6|26,6|26,16|15,30|16,16|6,16|
#setting_targetting_pos=-1,-1|-1,-1|-1,-1|-1,-1|-1,-1|-1,-1|15,1|-1,-1|-1,-1|
#type=4,4,4,4,4,4,0,4,4,
.........
#111111111111
#assigned_pet=-1,-1,-1,-1,-1,-1,-1,-1,-1,
#assigned_hub=8,2,3,0,6,7,-1,4,1,
#moving_targetting_pos=26,26|6,26|16,6|6,6|26,6|26,16|15,30|16,16|6,16|
#setting_targetting_pos=-1,-1|-1,-1|-1,-1|-1,-1|-1,-1|-1,-1|15,1|-1,-1|-1,-1|
#type=4,4,4,4,4,4,0,4,4,
.........
#111111111111
#assigned_pet=-1,-1,-1,-1,-1,-1,-1,-1,-1,
#assigned_hub=8,2,3,0,6,7,-1,4,1,
#moving_targetting_pos=26,26|6,26|16,6|6,6|26,6|26,16|15,30|16,16|6,16|
#setting_targetting_pos=-1,-1|-1,-1|-1,-1|-1,-1|-1,-1|-1,-1|15,1|-1,-1|-1,-1|
#type=4,4,4,4,4,4,0,4,4,
.........
#111111111111
#assigned_pet=-1,-1,-1,-1,-1,-1,-1,-1,-1,
#assigned_hub=8,2,3,0,6,7,-1,4,1,
#moving_targetting_pos=26,26|6,26|16,6|6,6|26,6|26,16|15,30|16,16|6,16|
#setting_targetting_pos=-1,-1|-1,-1|-1,-1|-1,-1|-1,-1|-1,-1|15,1|-1,-1|-1,-1|
#type=4,4,4,4,4,4,0,4,4,
.........
#111111111111
#assigned_pet=-1,-1,-1,-1,-1,-1,-1,-1,-1,
#assigned_hub=8,2,3,0,6,7,-1,4,1,
#moving_targetting_pos=26,26|6,26|16,6|6,6|26,6|26,16|15,30|16,16|6,16|
#setting_targetting_pos=-1,-1|-1,-1|-1,-1|-1,-1|-1,-1|-1,-1|15,1|-1,-1|-1,-1|
#type=4,4,4,4,4,4,0,4,4,
.........
#111111111111
#assigned_pet=-1,-1,-1,-1,-1,-1,-1,-1,-1,
#assigned_hub=8,2,3,0,6,7,-1,4,1,
#moving_targetting_pos=26,26|6,26|16,6|6,6|26,6|26,16|15,30|16,16|6,16|
#setting_targetting_pos=-1,-1|-1,-1|-1,-1|-1,-1|-1,-1|-1,-1|15,1|-1,-1|-1,-1|
#type=4,4,4,4,4,4,0,4,4,
.........
#111111111111
#assigned_pet=-1,-1,-1,-1,-1,-1,-1,-1,-1,
#assigned_hub=8,2,3,0,6,7,-1,4,1,
#moving_targetting_pos=26,26|6,26|16,6|6,6|26,6|26,16|15,30|16,16|6,16|
#setting_targetting_pos=-1,-1|-1,-1|-1,-1|-1,-1|-1,-1|-1,-1|15,1|-1,-1|-1,-1|
#type=4,4,4,4,4,4,0,4,4,
.........
#111111111111
#assigned_pet=-1,-1,-1,-1,-1,-1,-1,-1,-1,
#assigned_hub=8,2,3,0,6,7,-1,4,1,
#moving_targetting_pos=26,26|6,26|16,6|6,6|26,6|26,16|15,30|16,16|6,16|
#setting_targetting_pos=-1,-1|-1,-1|-1,-1|-1,-1|-1,-1|-1,-1|15,1|-1,-1|-1,-1|
#type=4,4,4,4,4,4,0,4,4,
.........
#111111111111
#assigned_pet=-1,-1,-1,-1,-1,-1,-1,-1,-1,
#assigned_hub=8,2,3,0,6,7,-1,4,1,
#moving_targetting_pos=26,26|6,26|16,6|6,6|26,6|26,16|15,30|16,16|6,16|
#setting_targetting_pos=-1,-1|-1,-1|-1,-1|-1,-1|-1,-1|-1,-1|15,1|-1,-1|-1,-1|
#type=4,4,4,4,4,4,0,4,4,
.........
#111111111111
#assigned_pet=-1,-1,-1,-1,-1,-1,-1,-1,-1,
#assigned_hub=8,2,3,0,6,7,-1,4,1,
#moving_targetting_pos=26,26|6,26|16,6|6,6|26,6|26,16|15,30|16,16|6,16|
#setting_targetting_pos=-1,-1|-1,-1|-1,-1|-1,-1|-1,-1|-1,-1|15,1|-1,-1|-1,-1|
#type=4,4,4,4,4,4,0,4,4,
.........
#111111111111
#assigned_pet=-1,-1,-1,-1,-1,-1,-1,-1,-1,
#assigned_hub=8,2,3,0,6,7,-1,4,1,
#moving_targetting_pos=26,26|6,26|16,6|6,6|26,6|26,16|15,30|16,16|6,16|
#setting_targetting_pos=-1,-1|-1,-1|-1,-1|-1,-1|-1,-1|-1,-1|15,1|-1,-1|-1,-1|
#type=4,4,4,4,4,4,0,4,4,
.........
#111111111111
#assigned_pet=-1,-1,-1,-1,-1,-1,-1,-1,-1,
#assigned_hub=8,2,3,0,6,7,-1,4,1,
#moving_targetting_pos=26,26|6,26|16,6|6,6|26,6|26,16|15,30|16,16|6,16|
#setting_targetting_pos=-1,-1|-1,-1|-1,-1|-1,-1|-1,-1|-1,-1|15,1|-1,-1|-1,-1|
#type=4,4,4,4,4,4,0,4,4,
.........
#111111111111
#assigned_pet=-1,-1,-1,-1,-1,-1,-1,-1,-1,
#assigned_hub=8,2,3,0,6,7,-1,4,1,
#moving_targetting_pos=26,26|6,26|16,6|6,6|26,6|26,16|15,30|16,16|6,16|
#setting_targetting_pos=-1,-1|-1,-1|-1,-1|-1,-1|-1,-1|-1,-1|15,1|-1,-1|-1,-1|
#type=4,4,4,4,4,4,0,4,4,
.........
#111111111111
#assigned_pet=-1,-1,-1,-1,-1,-1,-1,-1,-1,
#assigned_hub=8,2,3,0,6,7,-1,4,1,
#moving_targetting_pos=26,26|6,26|16,6|6,6|26,6|26,16|15,30|16,16|6,16|
#setting_targetting_pos=-1,-1|-1,-1|-1,-1|-1,-1|-1,-1|-1,-1|15,1|-1,-1|-1,-1|
#type=4,4,4,4,4,4,0,4,4,
.........
#111111111111
#assigned_pet=-1,-1,-1,-1,-1,-1,-1,-1,-1,
#assigned_hub=8,2,3,0,6,7,-1,4,1,
#moving_targetting_pos=26,26|6,26|16,6|6,6|26,6|26,16|15,30|16,16|6,16|
#setting_targetting_pos=-1,-1|-1,-1|-1,-1|-1,-1|-1,-1|-1,-1|15,1|-1,-1|-1,-1|
#type=4,4,4,4,4,4,0,4,4,
.........
#111111111111
#assigned_pet=-1,-1,-1,-1,-1,-1,-1,-1,-1,
#assigned_hub=8,2,3,0,6,7,-1,4,1,
#moving_targetting_pos=26,26|6,26|16,6|6,6|26,6|26,16|15,30|16,16|6,16|
#setting_targetting_pos=-1,-1|-1,-1|-1,-1|-1,-1|-1,-1|-1,-1|15,1|-1,-1|-1,-1|
#type=4,4,4,4,4,4,0,4,4,
.........
#111111111111
#assigned_pet=-1,-1,-1,-1,-1,-1,-1,-1,-1,
#assigned_hub=8,2,3,0,6,7,-1,4,1,
#moving_targetting_pos=26,26|6,26|16,6|6,6|26,6|26,16|15,30|16,16|6,16|
#setting_targetting_pos=-1,-1|-1,-1|-1,-1|-1,-1|-1,-1|-1,-1|15,1|-1,-1|-1,-1|
#type=4,4,4,4,4,4,0,4,4,
.........
#111111111111
#assigned_pet=-1,-1,-1,-1,-1,-1,-1,-1,-1,
#assigned_hub=8,2,3,0,6,7,-1,4,1,
#moving_targetting_pos=26,26|6,26|16,6|6,6|26,6|26,16|15,30|16,16|6,16|
#setting_targetting_pos=-1,-1|-1,-1|-1,-1|-1,-1|-1,-1|-1,-1|15,1|-1,-1|-1,-1|
#type=4,4,4,4,4,4,0,4,4,
.........
#111111111111
#assigned_pet=-1,-1,-1,-1,-1,-1,-1,-1,-1,
#assigned_hub=8,2,3,0,6,7,-1,4,1,
#moving_targetting_pos=26,26|6,26|16,6|6,6|26,6|26,16|15,30|16,16|6,16|
#setting_targetting_pos=-1,-1|-1,-1|-1,-1|-1,-1|-1,-1|-1,-1|15,1|-1,-1|-1,-1|
#type=4,4,4,4,4,4,0,4,4,
.........
#111111111111
#assigned_pet=-1,-1,-1,-1,-1,-1,-1,-1,-1,
#assigned_hub=8,2,3,0,6,7,-1,4,1,
#moving_targetting_pos=26,26|6,26|16,6|6,6|26,6|26,16|15,30|16,16|6,16|
#setting_targetting_pos=-1,-1|-1,-1|-1,-1|-1,-1|-1,-1|-1,-1|15,1|-1,-1|-1,-1|
#type=4,4,4,4,4,4,0,4,4,
.........
#111111111111
#assigned_pet=-1,-1,-1,-1,-1,-1,-1,-1,-1,
#assigned_hub=8,2,3,0,6,7,-1,4,1,
#moving_targetting_pos=26,26|6,26|16,6|6,6|26,6|26,16|15,30|16,16|6,16|
#setting_targetting_pos=-1,-1|-1,-1|-1,-1|-1,-1|-1,-1|-1,-1|15,1|-1,-1|-1,-1|
#type=4,4,4,4,4,4,0,4,4,
.........
#111111111111
#assigned_pet=-1,-1,-1,-1,-1,-1,-1,-1,-1,
#assigned_hub=8,2,3,0,6,7,-1,4,1,
#moving_targetting_pos=26,26|6,26|16,6|6,6|26,6|26,16|15,30|16,16|6,16|
#setting_targetting_pos=-1,-1|-1,-1|-1,-1|-1,-1|-1,-1|-1,-1|15,1|-1,-1|-1,-1|
#type=4,4,4,4,4,4,0,4,4,
.........
#111111111111
#assigned_pet=-1,-1,-1,-1,-1,-1,-1,-1,-1,
#assigned_hub=8,2,3,0,6,7,-1,4,1,
#moving_targetting_pos=26,26|6,26|16,6|6,6|26,6|26,16|15,30|16,16|6,16|
#setting_targetting_pos=-1,-1|-1,-1|-1,-1|-1,-1|-1,-1|-1,-1|15,1|-1,-1|-1,-1|
#type=4,4,4,4,4,4,0,4,4,
.........
#111111111111
#assigned_pet=-1,-1,-1,-1,-1,-1,-1,-1,-1,
#assigned_hub=8,2,3,0,6,7,-1,4,1,
#moving_targetting_pos=26,26|6,26|16,6|6,6|26,6|26,16|15,30|16,16|6,16|
#setting_targetting_pos=-1,-1|-1,-1|-1,-1|-1,-1|-1,-1|-1,-1|15,1|-1,-1|-1,-1|
#type=4,4,4,4,4,4,0,4,4,
.........
#111111111111
#assigned_pet=-1,-1,-1,-1,-1,-1,-1,-1,-1,
#assigned_hub=8,2,3,0,6,7,-1,4,1,
#moving_targetting_pos=26,26|6,26|16,6|6,6|26,6|26,16|15,30|16,16|6,16|
#setting_targetting_pos=-1,-1|-1,-1|-1,-1|-1,-1|-1,-1|-1,-1|15,1|-1,-1|-1,-1|
#type=4,4,4,4,4,4,0,4,4,
.........
#111111111111
#assigned_pet=-1,-1,-1,-1,-1,-1,-1,-1,-1,
#assigned_hub=8,2,3,0,6,7,-1,4,1,
#moving_targetting_pos=26,26|6,26|16,6|6,6|26,6|26,16|15,30|16,16|6,16|
#setting_targetting_pos=-1,-1|-1,-1|-1,-1|-1,-1|-1,-1|-1,-1|15,1|-1,-1|-1,-1|
#type=4,4,4,4,4,4,0,4,4,
.........
#111111111111
#assigned_pet=-1,-1,-1,-1,-1,-1,-1,-1,-1,
#assigned_hub=8,2,3,0,6,7,-1,4,1,
#moving_targetting_pos=26,26|6,26|16,6|6,6|26,6|26,16|15,30|16,16|6,16|
#setting_targetting_pos=-1,-1|-1,-1|-1,-1|-1,-1|-1,-1|-1,-1|15,1|-1,-1|-1,-1|
#type=4,4,4,4,4,4,0,4,4,
.........
#111111111111
#assigned_pet=-1,-1,-1,-1,-1,-1,-1,-1,-1,
#assigned_hub=8,2,3,0,6,7,-1,4,1,
#moving_targetting_pos=26,26|6,26|16,6|6,6|26,6|26,16|15,30|16,16|6,16|
#setting_targetting_pos=-1,-1|-1,-1|-1,-1|-1,-1|-1,-1|-1,-1|15,1|-1,-1|-1,-1|
#type=4,4,4,4,4,4,0,4,4,
.........
#111111111111
#assigned_pet=-1,-1,-1,-1,-1,-1,-1,-1,-1,
#assigned_hub=8,2,3,0,6,7,-1,4,1,
#moving_targetting_pos=26,26|6,26|16,6|6,6|26,6|26,16|15,30|16,16|6,16|
#setting_targetting_pos=-1,-1|-1,-1|-1,-1|-1,-1|-1,-1|-1,-1|15,1|-1,-1|-1,-1|
#type=4,4,4,4,4,4,0,4,4,
.........
#111111111111
#assigned_pet=-1,-1,-1,-1,-1,-1,-1,-1,-1,
#assigned_hub=8,2,3,0,6,7,-1,4,1,
#moving_targetting_pos=26,26|6,26|16,6|6,6|26,6|26,16|15,30|16,16|6,16|
#setting_targetting_pos=-1,-1|-1,-1|-1,-1|-1,-1|-1,-1|-1,-1|15,1|-1,-1|-1,-1|
#type=4,4,4,4,4,4,0,4,4,
.........
#111111111111
#assigned_pet=-1,-1,-1,-1,-1,-1,-1,-1,-1,
#assigned_hub=8,2,3,0,6,7,-1,4,1,
#moving_targetting_pos=26,26|6,26|16,6|6,6|26,6|26,16|15,30|16,16|6,16|
#setting_targetting_pos=-1,-1|-1,-1|-1,-1|-1,-1|-1,-1|-1,-1|15,1|-1,-1|-1,-1|
#type=4,4,4,4,4,4,0,4,4,
.........
#111111111111
#assigned_pet=-1,-1,-1,-1,-1,-1,-1,-1,-1,
#assigned_hub=8,2,3,0,6,7,-1,4,1,
#moving_targetting_pos=26,26|6,26|16,6|6,6|26,6|26,16|15,30|16,16|6,16|
#setting_targetting_pos=-1,-1|-1,-1|-1,-1|-1,-1|-1,-1|-1,-1|15,1|-1,-1|-1,-1|
#type=4,4,4,4,4,4,0,4,4,
.........
#111111111111
#assigned_pet=-1,-1,-1,-1,-1,-1,-1,-1,-1,
#assigned_hub=8,2,3,0,6,7,-1,4,1,
#moving_targetting_pos=26,26|6,26|16,6|6,6|26,6|26,16|15,30|16,16|6,16|
#setting_targetting_pos=-1,-1|-1,-1|-1,-1|-1,-1|-1,-1|-1,-1|15,1|-1,-1|-1,-1|
#type=4,4,4,4,4,4,0,4,4,
.........
#111111111111
#assigned_pet=-1,-1,-1,-1,-1,-1,-1,-1,-1,
#assigned_hub=8,2,3,0,6,7,-1,4,1,
#moving_targetting_pos=26,26|6,26|16,6|6,6|26,6|26,16|15,30|16,16|6,16|
#setting_targetting_pos=-1,-1|-1,-1|-1,-1|-1,-1|-1,-1|-1,-1|15,1|-1,-1|-1,-1|
#type=4,4,4,4,4,4,0,4,4,
.........
#111111111111
#assigned_pet=-1,-1,-1,-1,-1,-1,-1,-1,-1,
#assigned_hub=8,2,3,0,6,7,-1,4,1,
#moving_targetting_pos=26,26|6,26|16,6|6,6|26,6|26,16|15,30|16,16|6,16|
#setting_targetting_pos=-1,-1|-1,-1|-1,-1|-1,-1|-1,-1|-1,-1|15,1|-1,-1|-1,-1|
#type=4,4,4,4,4,4,0,4,4,
.........
#111111111111
#assigned_pet=-1,-1,-1,-1,-1,-1,-1,-1,-1,
#assigned_hub=8,2,3,0,6,7,-1,4,1,
#moving_targetting_pos=26,26|6,26|16,6|6,6|26,6|26,16|15,30|16,16|6,16|
#setting_targetting_pos=-1,-1|-1,-1|-1,-1|-1,-1|-1,-1|-1,-1|15,1|-1,-1|-1,-1|
#type=4,4,4,4,4,4,0,4,4,
.........
#111111111111
#assigned_pet=-1,-1,-1,-1,-1,-1,-1,-1,-1,
#assigned_hub=8,2,3,0,6,7,-1,4,1,
#moving_targetting_pos=26,26|6,26|16,6|6,6|26,6|26,16|15,30|16,16|6,16|
#setting_targetting_pos=-1,-1|-1,-1|-1,-1|-1,-1|-1,-1|-1,-1|15,1|-1,-1|-1,-1|
#type=4,4,4,4,4,4,0,4,4,
.........
#111111111111
#assigned_pet=-1,-1,-1,-1,-1,-1,-1,-1,-1,
#assigned_hub=8,2,3,0,6,7,-1,4,1,
#moving_targetting_pos=26,26|6,26|16,6|6,6|26,6|26,16|15,30|16,16|6,16|
#setting_targetting_pos=-1,-1|-1,-1|-1,-1|-1,-1|-1,-1|-1,-1|15,1|-1,-1|-1,-1|
#type=4,4,4,4,4,4,0,4,4,
.........
#111111111111
#assigned_pet=-1,-1,-1,-1,-1,-1,-1,-1,-1,
#assigned_hub=8,2,3,0,6,7,-1,4,1,
#moving_targetting_pos=26,26|6,26|16,6|6,6|26,6|26,16|15,30|16,16|6,16|
#setting_targetting_pos=-1,-1|-1,-1|-1,-1|-1,-1|-1,-1|-1,-1|15,1|-1,-1|-1,-1|
#type=4,4,4,4,4,4,0,4,4,
.........
#111111111111
#assigned_pet=-1,-1,-1,-1,-1,-1,-1,-1,-1,
#assigned_hub=8,2,3,0,6,7,-1,4,1,
#moving_targetting_pos=26,26|6,26|16,6|6,6|26,6|26,16|15,30|16,16|6,16|
#setting_targetting_pos=-1,-1|-1,-1|-1,-1|-1,-1|-1,-1|-1,-1|15,1|-1,-1|-1,-1|
#type=4,4,4,4,4,4,0,4,4,
.........
#111111111111
#assigned_pet=-1,-1,-1,-1,-1,-1,-1,-1,-1,
#assigned_hub=8,2,3,0,6,7,-1,4,1,
#moving_targetting_pos=26,26|6,26|16,6|6,6|26,6|26,16|15,30|16,16|6,16|
#setting_targetting_pos=-1,-1|-1,-1|-1,-1|-1,-1|-1,-1|-1,-1|15,1|-1,-1|-1,-1|
#type=4,4,4,4,4,4,0,4,4,
.........
#111111111111
#assigned_pet=-1,-1,-1,-1,-1,-1,-1,-1,-1,
#assigned_hub=8,2,3,0,6,7,-1,4,1,
#moving_targetting_pos=26,26|6,26|16,6|6,6|26,6|26,16|15,30|16,16|6,16|
#setting_targetting_pos=-1,-1|-1,-1|-1,-1|-1,-1|-1,-1|-1,-1|15,1|-1,-1|-1,-1|
#type=4,4,4,4,4,4,0,4,4,
.........
#111111111111
#assigned_pet=-1,-1,-1,-1,-1,-1,-1,-1,-1,
#assigned_hub=8,2,3,0,6,7,-1,4,1,
#moving_targetting_pos=26,26|6,26|16,6|6,6|26,6|26,16|15,30|16,16|6,16|
#setting_targetting_pos=-1,-1|-1,-1|-1,-1|-1,-1|-1,-1|-1,-1|15,1|-1,-1|-1,-1|
#type=4,4,4,4,4,4,0,4,4,
.........
#111111111111
#assigned_pet=-1,-1,-1,-1,-1,-1,-1,-1,-1,
#assigned_hub=8,2,3,0,6,7,-1,4,1,
#moving_targetting_pos=26,26|6,26|16,6|6,6|26,6|26,16|15,30|16,16|6,16|
#setting_targetting_pos=-1,-1|-1,-1|-1,-1|-1,-1|-1,-1|-1,-1|15,1|-1,-1|-1,-1|
#type=4,4,4,4,4,4,0,4,4,
.........
#111111111111
#assigned_pet=-1,-1,-1,-1,-1,-1,-1,-1,-1,
#assigned_hub=8,2,3,0,6,7,-1,4,1,
#moving_targetting_pos=26,26|6,26|16,6|6,6|26,6|26,16|15,30|16,16|6,16|
#setting_targetting_pos=-1,-1|-1,-1|-1,-1|-1,-1|-1,-1|-1,-1|15,1|-1,-1|-1,-1|
#type=4,4,4,4,4,4,0,4,4,
.........
#111111111111
#assigned_pet=-1,-1,-1,-1,-1,-1,-1,-1,-1,
#assigned_hub=8,2,3,0,6,7,-1,4,1,
#moving_targetting_pos=26,26|6,26|16,6|6,6|26,6|26,16|15,30|16,16|6,16|
#setting_targetting_pos=-1,-1|-1,-1|-1,-1|-1,-1|-1,-1|-1,-1|15,1|-1,-1|-1,-1|
#type=4,4,4,4,4,4,0,4,4,
.........
#111111111111
#assigned_pet=-1,-1,-1,-1,-1,-1,-1,-1,-1,
#assigned_hub=8,2,3,0,6,7,-1,4,1,
#moving_targetting_pos=26,26|6,26|16,6|6,6|26,6|26,16|15,30|16,16|6,16|
#setting_targetting_pos=-1,-1|-1,-1|-1,-1|-1,-1|-1,-1|-1,-1|15,1|-1,-1|-1,-1|
#type=4,4,4,4,4,4,0,4,4,
.........
#111111111111
#assigned_pet=-1,-1,-1,-1,-1,-1,-1,-1,-1,
#assigned_hub=8,2,3,0,6,7,-1,4,1,
#moving_targetting_pos=26,26|6,26|16,6|6,6|26,6|26,16|15,30|16,16|6,16|
#setting_targetting_pos=-1,-1|-1,-1|-1,-1|-1,-1|-1,-1|-1,-1|15,1|-1,-1|-1,-1|
#type=4,4,4,4,4,4,0,4,4,
.........
#111111111111
#assigned_pet=-1,-1,-1,-1,-1,-1,-1,-1,-1,
#assigned_hub=8,2,3,0,6,7,-1,4,1,
#moving_targetting_pos=26,26|6,26|16,6|6,6|26,6|26,16|15,30|16,16|6,16|
#setting_targetting_pos=-1,-1|-1,-1|-1,-1|-1,-1|-1,-1|-1,-1|15,1|-1,-1|-1,-1|
#type=4,4,4,4,4,4,0,4,4,
.........
#111111111111
#assigned_pet=-1,-1,-1,-1,-1,-1,-1,-1,-1,
#assigned_hub=8,2,3,0,6,7,-1,4,1,
#moving_targetting_pos=26,26|6,26|16,6|6,6|26,6|26,16|15,30|16,16|6,16|
#setting_targetting_pos=-1,-1|-1,-1|-1,-1|-1,-1|-1,-1|-1,-1|15,1|-1,-1|-1,-1|
#type=4,4,4,4,4,4,0,4,4,
.........
#111111111111
#assigned_pet=-1,-1,-1,-1,-1,-1,-1,-1,-1,
#assigned_hub=8,2,3,0,6,7,-1,4,1,
#moving_targetting_pos=26,26|6,26|16,6|6,6|26,6|26,16|15,30|16,16|6,16|
#setting_targetting_pos=-1,-1|-1,-1|-1,-1|-1,-1|-1,-1|-1,-1|15,1|-1,-1|-1,-1|
#type=4,4,4,4,4,4,0,4,4,
.........
#111111111111
#assigned_pet=-1,-1,-1,-1,-1,-1,-1,-1,-1,
#assigned_hub=8,2,3,0,6,7,-1,4,1,
#moving_targetting_pos=26,26|6,26|16,6|6,6|26,6|26,16|15,30|16,16|6,16|
#setting_targetting_pos=-1,-1|-1,-1|-1,-1|-1,-1|-1,-1|-1,-1|15,1|-1,-1|-1,-1|
#type=4,4,4,4,4,4,0,4,4,
.........
#111111111111
#assigned_pet=-1,-1,-1,-1,-1,-1,-1,-1,-1,
#assigned_hub=8,2,3,0,6,7,-1,4,1,
#moving_targetting_pos=26,26|6,26|16,6|6,6|26,6|26,16|15,30|16,16|6,16|
#setting_targetting_pos=-1,-1|-1,-1|-1,-1|-1,-1|-1,-1|-1,-1|15,1|-1,-1|-1,-1|
#type=4,4,4,4,4,4,0,4,4,
.........
#111111111111
#assigned_pet=-1,-1,-1,-1,-1,-1,-1,-1,-1,
#assigned_hub=8,2,3,0,6,7,-1,4,1,
#moving_targetting_pos=26,26|6,26|16,6|6,6|26,6|26,16|15,30|16,16|6,16|
#setting_targetting_pos=-1,-1|-1,-1|-1,-1|-1,-1|-1,-1|-1,-1|15,1|-1,-1|-1,-1|
#type=4,4,4,4,4,4,0,4,4,
.........
#111111111111
#assigned_pet=-1,-1,-1,-1,-1,-1,-1,-1,-1,
#assigned_hub=8,2,3,0,6,7,-1,4,1,
#moving_targetting_pos=26,26|6,26|16,6|6,6|26,6|26,16|15,30|16,16|6,16|
#setting_targetting_pos=-1,-1|-1,-1|-1,-1|-1,-1|-1,-1|-1,-1|15,1|-1,-1|-1,-1|
#type=4,4,4,4,4,4,0,4,4,
.........
#111111111111
#assigned_pet=-1,-1,-1,-1,-1,-1,-1,-1,-1,
#assigned_hub=8,2,3,0,6,7,-1,4,1,
#moving_targetting_pos=26,26|6,26|16,6|6,6|26,6|26,16|15,30|16,16|6,16|
#setting_targetting_pos=-1,-1|-1,-1|-1,-1|-1,-1|-1,-1|-1,-1|15,1|-1,-1|-1,-1|
#type=4,4,4,4,4,4,0,4,4,
.........
#111111111111
#assigned_pet=-1,-1,-1,-1,-1,-1,-1,-1,-1,
#assigned_hub=8,2,3,0,6,7,-1,4,1,
#moving_targetting_pos=26,26|6,26|16,6|6,6|26,6|26,16|15,30|16,16|6,16|
#setting_targetting_pos=-1,-1|-1,-1|-1,-1|-1,-1|-1,-1|-1,-1|15,1|-1,-1|-1,-1|
#type=4,4,4,4,4,4,0,4,4,
.........
#111111111111
#assigned_pet=-1,-1,-1,-1,-1,-1,-1,-1,-1,
#assigned_hub=8,2,3,0,6,7,-1,4,1,
#moving_targetting_pos=26,26|6,26|16,6|6,6|26,6|26,16|15,30|16,16|6,16|
#setting_targetting_pos=-1,-1|-1,-1|-1,-1|-1,-1|-1,-1|-1,-1|15,1|-1,-1|-1,-1|
#type=4,4,4,4,4,4,0,4,4,
.........
#111111111111
#assigned_pet=-1,-1,-1,-1,-1,-1,-1,-1,-1,
#assigned_hub=8,2,3,0,6,7,-1,4,1,
#moving_targetting_pos=26,26|6,26|16,6|6,6|26,6|26,16|15,30|16,16|6,16|
#setting_targetting_pos=-1,-1|-1,-1|-1,-1|-1,-1|-1,-1|-1,-1|15,1|-1,-1|-1,-1|
#type=4,4,4,4,4,4,0,4,4,
.........
#111111111111
#assigned_pet=-1,-1,-1,-1,-1,-1,-1,-1,-1,
#assigned_hub=8,2,3,0,6,7,-1,4,1,
#moving_targetting_pos=26,26|6,26|16,6|6,6|26,6|26,16|15,30|16,16|6,16|
#setting_targetting_pos=-1,-1|-1,-1|-1,-1|-1,-1|-1,-1|-1,-1|15,1|-1,-1|-1,-1|
#type=4,4,4,4,4,4,0,4,4,
.........
#111111111111
#assigned_pet=-1,-1,-1,-1,-1,-1,-1,-1,-1,
#assigned_hub=8,2,3,0,6,7,-1,4,1,
#moving_targetting_pos=26,26|6,26|16,6|6,6|26,6|26,16|15,30|16,16|6,16|
#setting_targetting_pos=-1,-1|-1,-1|-1,-1|-1,-1|-1,-1|-1,-1|15,1|-1,-1|-1,-1|
#type=4,4,4,4,4,4,0,4,4,
.........
#111111111111
#assigned_pet=-1,-1,-1,-1,-1,-1,-1,-1,-1,
#assigned_hub=8,2,3,0,6,7,-1,4,1,
#moving_targetting_pos=26,26|6,26|16,6|6,6|26,6|26,16|15,30|16,16|6,16|
#setting_targetting_pos=-1,-1|-1,-1|-1,-1|-1,-1|-1,-1|-1,-1|15,1|-1,-1|-1,-1|
#type=4,4,4,4,4,4,0,4,4,
.........
#111111111111
#assigned_pet=-1,-1,-1,-1,-1,-1,-1,-1,-1,
#assigned_hub=8,2,3,0,6,7,-1,4,1,
#moving_targetting_pos=26,26|6,26|16,6|6,6|26,6|26,16|15,30|16,16|6,16|
#setting_targetting_pos=-1,-1|-1,-1|-1,-1|-1,-1|-1,-1|-1,-1|15,1|-1,-1|-1,-1|
#type=4,4,4,4,4,4,0,4,4,
.........
#111111111111
#assigned_pet=-1,-1,-1,-1,-1,-1,-1,-1,-1,
#assigned_hub=8,2,3,0,6,7,-1,4,1,
#moving_targetting_pos=26,26|6,26|16,6|6,6|26,6|26,16|15,30|16,16|6,16|
#setting_targetting_pos=-1,-1|-1,-1|-1,-1|-1,-1|-1,-1|-1,-1|15,1|-1,-1|-1,-1|
#type=4,4,4,4,4,4,0,4,4,
.........
#111111111111
#assigned_pet=-1,-1,-1,-1,-1,-1,-1,-1,-1,
#assigned_hub=8,2,3,0,6,7,-1,4,1,
#moving_targetting_pos=26,26|6,26|16,6|6,6|26,6|26,16|15,30|16,16|6,16|
#setting_targetting_pos=-1,-1|-1,-1|-1,-1|-1,-1|-1,-1|-1,-1|15,1|-1,-1|-1,-1|
#type=4,4,4,4,4,4,0,4,4,
.........
#111111111111
#assigned_pet=-1,-1,-1,-1,-1,-1,-1,-1,-1,
#assigned_hub=8,2,3,0,6,7,-1,4,1,
#moving_targetting_pos=26,26|6,26|16,6|6,6|26,6|26,16|15,30|16,16|6,16|
#setting_targetting_pos=-1,-1|-1,-1|-1,-1|-1,-1|-1,-1|-1,-1|15,1|-1,-1|-1,-1|
#type=4,4,4,4,4,4,0,4,4,
.........
#111111111111
#assigned_pet=-1,-1,-1,-1,-1,-1,-1,-1,-1,
#assigned_hub=8,2,3,0,6,7,-1,4,1,
#moving_targetting_pos=26,26|6,26|16,6|6,6|26,6|26,16|15,30|16,16|6,16|
#setting_targetting_pos=-1,-1|-1,-1|-1,-1|-1,-1|-1,-1|-1,-1|15,1|-1,-1|-1,-1|
#type=4,4,4,4,4,4,0,4,4,
.........
#111111111111
#assigned_pet=-1,-1,-1,-1,-1,-1,-1,-1,-1,
#assigned_hub=8,2,3,0,6,7,-1,4,1,
#moving_targetting_pos=26,26|6,26|16,6|6,6|26,6|26,16|15,30|16,16|6,16|
#setting_targetting_pos=-1,-1|-1,-1|-1,-1|-1,-1|-1,-1|-1,-1|15,1|-1,-1|-1,-1|
#type=4,4,4,4,4,4,0,4,4,
.........
#111111111111
#assigned_pet=-1,-1,-1,-1,-1,-1,-1,-1,-1,
#assigned_hub=8,2,3,0,6,7,-1,4,1,
#moving_targetting_pos=26,26|6,26|16,6|6,6|26,6|26,16|15,30|16,16|6,16|
#setting_targetting_pos=-1,-1|-1,-1|-1,-1|-1,-1|-1,-1|-1,-1|15,1|-1,-1|-1,-1|
#type=4,4,4,4,4,4,0,4,4,
.........
#111111111111
#assigned_pet=-1,-1,-1,-1,-1,-1,-1,-1,-1,
#assigned_hub=8,2,3,0,6,7,-1,4,1,
#moving_targetting_pos=26,26|6,26|16,6|6,6|26,6|26,16|15,30|16,16|6,16|
#setting_targetting_pos=-1,-1|-1,-1|-1,-1|-1,-1|-1,-1|-1,-1|15,1|-1,-1|-1,-1|
#type=4,4,4,4,4,4,0,4,4,
.........
