#00000000000
#assigned_pet=-1,-1,-1,-1,-1,-1,-1,-1,-1,
#assigned_hub=-1,-1,-1,-1,-1,-1,-1,-1,-1,
#moving_targetting_pos=12,1|2,29|22,29|5,30|25,30|29,30|19,2|15,30|9,2|
#setting_targetting_pos=12,29|2,1|22,1|5,1|25,1|29,2|19,30|15,1|9,30|
#type=1,1,1,1,1,1,1,1,1,
LRRRRRRRR
#00000000000
#assigned_pet=-1,-1,-1,-1,-1,-1,-1,-1,-1,
#assigned_hub=-1,-1,-1,-1,-1,-1,-1,-1,-1,
#moving_targetting_pos=12,1|2,29|22,29|5,30|25,30|29,30|19,2|15,30|9,2|
#setting_targetting_pos=12,29|2,1|22,1|5,1|25,1|29,2|19,30|15,1|9,30|
#type=1,1,1,1,1,1,2,1,1,
LRRRRRdRU
#00000000000
#assigned_pet=-1,-1,-1,-1,-1,-1,-1,-1,-1,
#assigned_hub=-1,-1,-1,-1,-1,-1,-1,-1,-1,
#moving_targetting_pos=12,1|2,29|22,29|5,30|25,30|29,30|19,2|15,30|9,2|
#setting_targetting_pos=12,29|2,1|22,1|5,1|25,1|29,2|19,30|15,1|9,30|
#type=1,1,1,1,1,1,2,1,1,
LRRRRURRR
#00000000000
#assigned_pet=-1,-1,-1,-1,-1,-1,-1,-1,-1,
#assigned_hub=-1,-1,-1,-1,-1,-1,-1,-1,-1,
#moving_targetting_pos=12,1|2,29|22,29|5,30|25,30|29,30|19,2|15,30|9,2|
#setting_targetting_pos=12,29|2,1|22,1|5,1|25,1|29,2|19,30|15,1|9,30|
#type=2,1,1,1,1,2,2,1,1,
uRRRRdRUU
#00000000000
#assigned_pet=-1,-1,-1,-1,-1,-1,-1,-1,-1,
#assigned_hub=-1,-1,-1,-1,-1,-1,-1,-1,-1,
#moving_targetting_pos=12,1|2,29|22,29|5,30|25,30|29,30|19,2|15,30|9,2|
#setting_targetting_pos=12,29|2,1|22,1|5,1|25,1|29,2|19,30|15,1|9,30|
#type=2,1,1,1,1,2,2,1,1,
RRRRRLlUU
#00000000000
#assigned_pet=-1,-1,-1,-1,-1,-1,-1,-1,-1,
#assigned_hub=-1,-1,-1,-1,-1,-1,-1,-1,-1,
#moving_targetting_pos=12,1|2,29|22,29|5,30|25,30|29,30|19,2|15,30|9,2|
#setting_targetting_pos=12,29|2,1|22,1|5,1|25,1|29,2|19,30|15,1|9,30|
#type=2,1,1,1,1,2,2,1,1,
RRRRRLuUR
#00000000000
#assigned_pet=-1,-1,-1,-1,-1,-1,-1,-1,-1,
#assigned_hub=-1,-1,-1,-1,-1,-1,-1,-1,-1,
#moving_targetting_pos=12,1|2,29|22,29|5,30|25,30|29,30|19,2|15,30|9,2|
#setting_targetting_pos=12,29|2,1|22,1|5,1|25,1|29,2|19,30|15,1|9,30|
#type=2,1,1,1,1,2,2,1,1,
lRRRRrRUR
#00000000000
#assigned_pet=-1,-1,-1,-1,-1,-1,-1,-1,-1,
#assigned_hub=-1,-1,-1,-1,-1,-1,-1,-1,-1,
#moving_targetting_pos=12,1|2,29|22,29|5,30|25,30|29,30|19,2|15,30|9,2|
#setting_targetting_pos=12,29|2,1|22,1|5,1|25,1|29,2|19,30|15,1|9,30|
#type=2,1,1,1,1,2,2,1,1,
dRRRRuRUU
#00000000000
#assigned_pet=-1,-1,-1,-1,-1,-1,-1,-1,-1,
#assigned_hub=-1,-1,-1,-1,-1,-1,-1,-1,-1,
#moving_targetting_pos=12,1|2,29|22,29|5,30|25,30|29,30|19,2|15,30|9,2|
#setting_targetting_pos=12,29|2,1|22,1|5,1|25,1|29,2|19,30|15,1|9,30|
#type=2,1,1,1,1,2,2,1,1,
RRURRLdUU
#00000000000
#assigned_pet=-1,-1,-1,-1,-1,-1,-1,-1,-1,
#assigned_hub=-1,-1,-1,-1,-1,-1,-1,-1,-1,
#moving_targetting_pos=12,1|2,29|22,29|5,30|25,30|29,30|19,2|15,30|9,2|
#setting_targetting_pos=12,29|2,1|22,1|5,1|25,1|29,2|19,30|15,1|9,30|
#type=2,1,2,1,1,2,2,2,1,
RRrRULRdU
#00000000000
#assigned_pet=-1,-1,-1,-1,-1,-1,-1,-1,-1,
#assigned_hub=-1,-1,-1,-1,-1,-1,-1,-1,-1,
#moving_targetting_pos=12,1|2,29|22,29|5,30|25,30|29,30|19,2|15,30|9,2|
#setting_targetting_pos=12,29|2,1|22,1|5,1|25,1|29,2|19,30|15,1|9,30|
#type=2,1,2,2,2,2,2,2,1,
RRddddlLU
#00000000000
#assigned_pet=-1,-1,-1,-1,-1,-1,-1,-1,-1,
#assigned_hub=-1,-1,-1,-1,-1,-1,-1,-1,-1,
#moving_targetting_pos=12,1|2,29|22,29|5,30|25,30|29,30|19,2|15,30|9,2|
#setting_targetting_pos=12,29|2,1|22,1|5,1|25,1|29,2|19,30|15,1|9,30|
#type=2,1,2,2,2,2,2,2,1,
dRLLLLRdL
#00000000000
#assigned_pet=-1,-1,-1,-1,-1,-1,-1,-1,-1,
#assigned_hub=-1,-1,-1,-1,-1,-1,-1,-1,-1,
#moving_targetting_pos=12,1|2,29|22,29|5,30|25,30|29,30|19,2|15,30|9,2|
#setting_targetting_pos=12,29|2,1|22,1|5,1|25,1|29,2|19,30|15,1|9,30|
#type=2,2,2,2,2,2,2,2,1,
urLddruLU
#00000000000
#assigned_pet=-1,-1,-1,-1,-1,-1,-1,-1,-1,
#assigned_hub=-1,-1,-1,-1,-1,-1,-1,-1,-1,
#moving_targetting_pos=12,1|2,29|22,29|5,30|25,30|29,30|19,2|15,30|9,2|
#setting_targetting_pos=12,29|2,1|22,1|5,1|25,1|29,2|19,30|15,1|9,30|
#type=2,2,2,2,2,2,2,2,1,
RdLLLLRuU
#00000000000
#assigned_pet=-1,-1,-1,-1,-1,-1,-1,-1,-1,
#assigned_hub=-1,-1,-1,-1,-1,-1,-1,-1,-1,
#moving_targetting_pos=12,1|2,29|22,29|5,30|25,30|29,30|19,2|15,30|9,2|
#setting_targetting_pos=12,29|2,1|22,1|5,1|25,1|29,2|19,30|15,1|9,30|
#type=2,2,2,2,2,2,2,2,1,
lLduuuRLU
#00000000000
#assigned_pet=-1,-1,-1,-1,-1,-1,-1,-1,-1,
#assigned_hub=-1,-1,-1,-1,-1,-1,-1,-1,-1,
#moving_targetting_pos=12,1|2,29|22,29|5,30|25,30|29,30|19,2|15,30|9,2|
#setting_targetting_pos=12,29|2,1|22,1|5,1|25,1|29,2|19,30|15,1|9,30|
#type=2,2,2,2,2,2,2,2,1,
RLuLLLlLU
#00000000000
#assigned_pet=-1,-1,-1,-1,-1,-1,-1,-1,-1,
#assigned_hub=-1,-1,-1,-1,-1,-1,-1,-1,-1,
#moving_targetting_pos=12,1|2,29|22,29|5,30|25,30|29,30|19,2|15,30|9,2|
#setting_targetting_pos=12,29|2,1|22,1|5,1|25,1|29,2|19,30|15,1|9,30|
#type=2,2,2,2,2,2,2,2,1,
RLLLLLdLU
#00000000000
#assigned_pet=-1,-1,-1,-1,-1,-1,-1,-1,-1,
#assigned_hub=-1,-1,-1,-1,-1,-1,-1,-1,-1,
#moving_targetting_pos=12,1|2,29|22,29|5,30|25,30|29,30|19,2|15,30|9,2|
#setting_targetting_pos=12,29|2,1|22,1|5,1|25,1|29,2|19,30|15,1|9,30|
#type=2,2,2,2,2,2,2,2,1,
dd.LLrRLL
#00000000000
#assigned_pet=-1,-1,-1,-1,-1,-1,-1,-1,-1,
#assigned_hub=-1,-1,-1,-1,-1,-1,-1,-1,-1,
#moving_targetting_pos=12,1|2,29|22,29|5,30|25,30|29,30|19,2|15,30|9,2|
#setting_targetting_pos=12,29|2,1|22,1|5,1|25,1|29,2|19,30|15,1|9,30|
#type=2,2,2,2,2,2,2,2,1,
RurLLdRuU
#00000000000
#assigned_pet=-1,-1,-1,-1,-1,-1,-1,-1,-1,
#assigned_hub=-1,-1,-1,-1,-1,-1,-1,-1,-1,
#moving_targetting_pos=12,1|2,29|22,29|5,30|25,30|29,30|19,2|15,30|9,2|
#setting_targetting_pos=12,29|2,1|22,1|5,1|25,1|29,2|19,30|15,1|9,30|
#type=2,2,2,2,2,2,2,2,1,
RLLuuLdLL
#00000000000
#assigned_pet=-1,-1,-1,-1,-1,-1,-1,-1,-1,
#assigned_hub=-1,-1,-1,-1,-1,-1,-1,-1,-1,
#moving_targetting_pos=12,1|2,29|22,29|5,30|25,30|29,30|19,2|15,30|9,2|
#setting_targetting_pos=12,29|2,1|22,1|5,1|25,1|29,2|19,30|15,1|9,30|
#type=2,2,2,2,2,2,2,2,1,
lrLLLLRdU
#00000000000
#assigned_pet=-1,-1,-1,-1,-1,-1,-1,-1,-1,
#assigned_hub=-1,-1,-1,-1,-1,-1,-1,-1,-1,
#moving_targetting_pos=12,1|2,29|22,29|5,30|25,30|29,30|19,2|15,30|9,2|
#setting_targetting_pos=12,29|2,1|22,1|5,1|25,1|29,2|19,30|15,1|9,30|
#type=2,2,2,2,2,2,2,2,1,
uLd.ddRLU
#00000000000
#assigned_pet=-1,-1,-1,-1,-1,-1,-1,-1,-1,
#assigned_hub=-1,-1,-1,-1,-1,-1,-1,-1,-1,
#moving_targetting_pos=12,1|2,29|22,29|5,30|25,30|29,30|19,2|15,30|9,2|
#setting_targetting_pos=12,29|2,1|22,1|5,1|25,1|29,2|19,30|15,1|9,30|
#type=2,2,2,2,2,2,2,2,2,
RLLdLLldd
#00000000000
#assigned_pet=-1,-1,-1,-1,-1,-1,-1,-1,-1,
#assigned_hub=-1,-1,-1,-1,-1,-1,-1,-1,-1,
#moving_targetting_pos=12,1|2,29|22,29|5,30|25,30|29,30|19,2|15,30|9,2|
#setting_targetting_pos=12,29|2,1|22,1|5,1|25,1|29,2|19,30|15,1|9,30|
#type=2,2,2,2,2,2,2,2,2,
RdLLdLuLR
#00000000000
#assigned_pet=-1,-1,-1,-1,-1,-1,-1,-1,-1,
#assigned_hub=-1,-1,-1,-1,-1,-1,-1,-1,-1,
#moving_targetting_pos=12,1|2,29|22,29|5,30|25,30|29,30|19,2|15,30|9,2|
#setting_targetting_pos=12,29|2,1|22,1|5,1|25,1|29,2|19,30|15,1|9,30|
#type=2,2,2,2,2,2,2,2,2,
lLr.LrRdR
#00000000000
#assigned_pet=-1,-1,-1,-1,-1,-1,-1,-1,-1,
#assigned_hub=-1,-1,-1,-1,-1,-1,-1,-1,-1,
#moving_targetting_pos=12,1|2,29|22,29|5,30|25,30|29,30|19,2|15,30|9,2|
#setting_targetting_pos=12,29|2,1|22,1|5,1|25,1|29,2|19,30|15,1|9,30|
#type=2,2,2,2,2,2,2,2,2,
dLudduRLl
#00000000000
#assigned_pet=-1,-1,-1,-1,-1,-1,-1,-1,-1,
#assigned_hub=-1,-1,-1,-1,-1,-1,-1,-1,-1,
#moving_targetting_pos=12,1|2,29|22,29|5,30|25,30|29,30|19,2|15,30|9,2|
#setting_targetting_pos=12,29|2,1|22,1|5,1|25,1|29,2|19,30|15,1|9,30|
#type=2,2,2,2,2,2,2,2,2,
RrLLLLd.u
#00000000000
#assigned_pet=-1,-1,-1,-1,-1,-1,-1,-1,-1,
#assigned_hub=-1,-1,-1,-1,-1,-1,-1,-1,-1,
#moving_targetting_pos=12,1|2,29|22,29|5,30|25,30|29,30|19,2|15,30|9,2|
#setting_targetting_pos=12,29|2,1|22,1|5,1|25,1|29,2|19,30|15,1|9,30|
#type=2,2,2,2,2,2,2,2,2,
RuLddLR.R
#00000000000
#assigned_pet=-1,-1,-1,-1,-1,-1,-1,-1,-1,
#assigned_hub=-1,-1,-1,-1,-1,-1,-1,-1,-1,
#moving_targetting_pos=12,1|2,29|22,29|5,30|25,30|29,30|19,2|15,30|9,2|
#setting_targetting_pos=12,29|2,1|22,1|5,1|25,1|29,2|19,30|15,1|9,30|
#type=2,2,2,2,2,2,2,2,2,
RLrLLd..R
#00000000000
#assigned_pet=-1,-1,-1,-1,-1,-1,-1,-1,-1,
#assigned_hub=-1,-1,-1,-1,-1,-1,-1,-1,-1,
#moving_targetting_pos=12,1|2,29|22,29|5,30|25,30|29,30|19,2|15,30|9,2|
#setting_targetting_pos=12,29|2,1|22,1|5,1|25,1|29,2|19,30|15,1|9,30|
#type=2,2,2,2,2,2,2,2,2,
dLdddLl.d
#00000000000
#assigned_pet=-1,-1,-1,-1,-1,-1,-1,-1,-1,
#assigned_hub=-1,-1,-1,-1,-1,-1,-1,-1,-1,
#moving_targetting_pos=12,1|2,29|22,29|5,30|25,30|29,30|19,2|15,30|9,2|
#setting_targetting_pos=12,29|2,1|22,1|5,1|25,1|29,2|19,30|15,1|9,30|
#type=2,2,2,2,2,2,2,2,2,
u.LLLrRdR
#00000000000
#assigned_pet=-1,-1,-1,-1,-1,-1,-1,-1,-1,
#assigned_hub=-1,-1,-1,-1,-1,-1,-1,-1,-1,
#moving_targetting_pos=12,1|2,29|22,29|5,30|25,30|29,30|19,2|15,30|9,2|
#setting_targetting_pos=12,29|2,1|22,1|5,1|25,1|29,2|19,30|15,1|9,30|
#type=2,2,2,2,2,2,2,2,2,
RrLduL.L.
#00000000000
#assigned_pet=-1,-1,-1,-1,-1,-1,-1,-1,-1,
#assigned_hub=-1,-1,-1,-1,-1,-1,-1,-1,-1,
#moving_targetting_pos=12,1|2,29|22,29|5,30|25,30|29,30|19,2|15,30|9,2|
#setting_targetting_pos=12,29|2,1|22,1|5,1|25,1|29,2|19,30|15,1|9,30|
#type=2,2,2,2,2,2,2,2,2,
l.LLLu.d.
#00000000000
#assigned_pet=-1,-1,-1,-1,-1,-1,-1,-1,-1,
#assigned_hub=-1,-1,-1,-1,-1,-1,-1,-1,-1,
#moving_targetting_pos=12,1|2,29|22,29|5,30|25,30|29,30|19,2|15,30|9,2|
#setting_targetting_pos=12,29|2,1|22,1|5,1|25,1|29,2|19,30|15,1|9,30|
#type=2,2,2,2,2,2,2,2,2,
Rdd.LLuLl
#00000000000
#assigned_pet=-1,-1,-1,-1,-1,-1,-1,-1,-1,
#assigned_hub=-1,-1,-1,-1,-1,-1,-1,-1,-1,
#moving_targetting_pos=12,1|2,29|22,29|5,30|25,30|29,30|19,2|15,30|9,2|
#setting_targetting_pos=12,29|2,1|22,1|5,1|25,1|29,2|19,30|15,1|9,30|
#type=2,2,2,2,2,2,2,2,2,
RLuuLLR.R
#00000000000
#assigned_pet=-1,-1,-1,-1,-1,-1,-1,-1,-1,
#assigned_hub=-1,-1,-1,-1,-1,-1,-1,-1,-1,
#moving_targetting_pos=12,1|2,29|22,29|5,30|25,30|29,30|19,2|15,30|9,2|
#setting_targetting_pos=12,29|2,1|22,1|5,1|25,1|29,2|19,30|15,1|9,30|
#type=2,2,2,2,2,2,2,2,2,
dLLLLrR.u
#00000000000
#assigned_pet=-1,-1,-1,-1,-1,-1,-1,-1,-1,
#assigned_hub=-1,-1,-1,-1,-1,-1,-1,-1,-1,
#moving_targetting_pos=12,1|2,29|22,29|5,30|25,30|29,30|19,2|15,30|9,2|
#setting_targetting_pos=12,29|2,1|22,1|5,1|25,1|29,2|19,30|15,1|9,30|
#type=2,2,2,2,2,2,2,2,2,
RLrLudl.R
#00000000000
#assigned_pet=-1,-1,-1,-1,-1,-1,-1,-1,-1,
#assigned_hub=-1,-1,-1,-1,-1,-1,-1,-1,-1,
#moving_targetting_pos=12,1|2,29|22,29|5,30|25,30|29,30|19,2|15,30|9,2|
#setting_targetting_pos=12,29|2,1|22,1|5,1|25,1|29,2|19,30|15,1|9,30|
#type=2,2,2,2,2,2,2,2,2,
RdLLLLd.R
#00000000000
#assigned_pet=-1,-1,-1,-1,-1,-1,-1,-1,-1,
#assigned_hub=-1,-1,-1,-1,-1,-1,-1,-1,-1,
#moving_targetting_pos=12,1|2,29|22,29|5,30|25,30|29,30|19,2|15,30|9,2|
#setting_targetting_pos=12,29|2,1|22,1|5,1|25,1|29,2|19,30|15,1|9,30|
#type=2,2,2,2,2,2,2,2,2,
luLLdLR.l
#00000000000
#assigned_pet=-1,-1,-1,-1,-1,-1,-1,-1,-1,
#assigned_hub=-1,-1,-1,-1,-1,-1,-1,-1,-1,
#moving_targetting_pos=12,1|2,29|22,29|5,30|25,30|29,30|19,2|15,30|9,2|
#setting_targetting_pos=12,29|2,1|22,1|5,1|25,1|29,2|19,30|15,1|9,30|
#type=2,2,2,2,2,2,2,2,2,
uLduLdR.d
#00000000000
#assigned_pet=-1,-1,-1,-1,-1,-1,-1,-1,-1,
#assigned_hub=-1,-1,-1,-1,-1,-1,-1,-1,-1,
#moving_targetting_pos=12,1|2,29|22,29|5,30|25,30|29,30|19,2|15,30|9,2|
#setting_targetting_pos=12,29|2,1|22,1|5,1|25,1|29,2|19,30|15,1|9,30|
#type=2,2,2,2,2,2,2,2,2,
RrLLdLduR
#00000000000
#assigned_pet=-1,-1,-1,-1,-1,-1,-1,-1,-1,
#assigned_hub=-1,-1,-1,-1,-1,-1,-1,-1,-1,
#moving_targetting_pos=12,1|2,29|22,29|5,30|25,30|29,30|19,2|15,30|9,2|
#setting_targetting_pos=12,29|2,1|22,1|5,1|25,1|29,2|19,30|15,1|9,30|
#type=2,2,2,2,2,2,2,2,2,
RLLdLLRLR
#00000000000
#assigned_pet=-1,-1,-1,-1,-1,-1,-1,-1,-1,
#assigned_hub=-1,-1,-1,-1,-1,-1,-1,-1,-1,
#moving_targetting_pos=12,1|2,29|22,29|5,30|25,30|29,30|19,2|15,30|9,2|
#setting_targetting_pos=12,29|2,1|22,1|5,1|25,1|29,2|19,30|15,1|9,30|
#type=2,2,2,2,2,2,2,2,2,
lLrLdrRLd
#00000000000
#assigned_pet=-1,-1,-1,-1,-1,-1,-1,-1,-1,
#assigned_hub=-1,-1,-1,-1,-1,-1,-1,-1,-1,
#moving_targetting_pos=12,1|2,29|22,29|5,30|25,30|29,30|19,2|15,30|9,2|
#setting_targetting_pos=12,29|2,1|22,1|5,1|25,1|29,2|19,30|15,1|9,30|
#type=2,2,2,2,2,2,2,2,2,
ddudLulLR
#00000000000
#assigned_pet=-1,-1,-1,-1,-1,-1,-1,-1,-1,
#assigned_hub=-1,-1,-1,-1,-1,-1,-1,-1,-1,
#moving_targetting_pos=12,1|2,29|22,29|5,30|25,30|29,30|19,2|15,30|9,2|
#setting_targetting_pos=12,29|2,1|22,1|5,1|25,1|29,2|19,30|15,1|9,30|
#type=2,2,2,2,2,2,2,2,2,
RLLLdLuLR
#00000000000
#assigned_pet=-1,-1,-1,-1,-1,-1,-1,-1,-1,
#assigned_hub=-1,-1,-1,-1,-1,-1,-1,-1,-1,
#moving_targetting_pos=12,1|2,29|22,29|5,30|25,30|29,30|19,2|15,30|9,2|
#setting_targetting_pos=12,29|2,1|22,1|5,1|25,1|29,2|19,30|15,1|9,30|
#type=2,2,2,2,2,2,2,2,2,
RLLdLLRul
#00000000000
#assigned_pet=-1,-1,-1,-1,-1,-1,-1,-1,-1,
#assigned_hub=-1,-1,-1,-1,-1,-1,-1,-1,-1,
#moving_targetting_pos=12,1|2,29|22,29|5,30|25,30|29,30|19,2|15,30|9,2|
#setting_targetting_pos=12,29|2,1|22,1|5,1|25,1|29,2|19,30|15,1|9,30|
#type=2,2,2,2,2,2,2,2,2,
RrrLddRLu
#00000000000
#assigned_pet=-1,-1,-1,-1,-1,-1,-1,-1,-1,
#assigned_hub=-1,-1,-1,-1,-1,-1,-1,-1,-1,
#moving_targetting_pos=12,1|2,29|22,29|5,30|25,30|29,30|19,2|15,30|9,2|
#setting_targetting_pos=12,29|2,1|22,1|5,1|25,1|29,2|19,30|15,1|9,30|
#type=2,2,2,2,2,2,2,2,2,
duddLLddR
#00000000000
#assigned_pet=-1,-1,-1,-1,-1,-1,-1,-1,-1,
#assigned_hub=-1,-1,-1,-1,-1,-1,-1,-1,-1,
#moving_targetting_pos=12,1|2,29|22,29|5,30|25,30|29,30|19,2|15,30|9,2|
#setting_targetting_pos=12,29|2,1|22,1|5,1|25,1|29,2|19,30|15,1|9,30|
#type=2,2,2,2,2,2,2,2,2,
uLLLurRLR
#00000000000
#assigned_pet=-1,-1,-1,-1,-1,-1,-1,-1,-1,
#assigned_hub=-1,-1,-1,-1,-1,-1,-1,-1,-1,
#moving_targetting_pos=12,1|2,29|22,29|5,30|25,30|29,30|19,2|15,30|9,2|
#setting_targetting_pos=12,29|2,1|22,1|5,1|25,1|29,2|19,30|15,1|9,30|
#type=2,2,2,2,2,2,2,2,2,
RLL.LLldd
#00000000000
#assigned_pet=-1,-1,-1,-1,-1,-1,-1,-1,-1,
#assigned_hub=-1,-1,-1,-1,-1,-1,-1,-1,-1,
#moving_targetting_pos=12,1|2,29|22,29|5,30|25,30|29,30|19,2|15,30|9,2|
#setting_targetting_pos=12,29|2,1|22,1|5,1|25,1|29,2|19,30|15,1|9,30|
#type=2,2,2,2,2,2,2,2,2,
lrLdLuRLR
#00000000000
#assigned_pet=-1,-1,-1,-1,-1,-1,-1,-1,-1,
#assigned_hub=-1,-1,-1,-1,-1,-1,-1,-1,-1,
#moving_targetting_pos=12,1|2,29|22,29|5,30|25,30|29,30|19,2|15,30|9,2|
#setting_targetting_pos=12,29|2,1|22,1|5,1|25,1|29,2|19,30|15,1|9,30|
#type=2,2,2,2,2,2,2,2,2,
RddLLLudl
#00000000000
#assigned_pet=-1,-1,-1,-1,-1,-1,-1,-1,-1,
#assigned_hub=-1,-1,-1,-1,-1,-1,-1,-1,-1,
#moving_targetting_pos=12,1|2,29|22,29|5,30|25,30|29,30|19,2|15,30|9,2|
#setting_targetting_pos=12,29|2,1|22,1|5,1|25,1|29,2|19,30|15,1|9,30|
#type=2,2,2,2,2,2,2,2,2,
RLuuLLRLR
#00000000000
#assigned_pet=-1,-1,-1,-1,-1,-1,-1,-1,-1,
#assigned_hub=-1,-1,-1,-1,-1,-1,-1,-1,-1,
#moving_targetting_pos=12,1|2,29|22,29|5,30|25,30|29,30|19,2|15,30|9,2|
#setting_targetting_pos=12,29|2,1|22,1|5,1|25,1|29,2|19,30|15,1|9,30|
#type=2,2,2,2,2,2,2,2,2,
rLLLurRdu
#00000000000
#assigned_pet=-1,-1,-1,-1,-1,-1,-1,-1,-1,
#assigned_hub=-1,-1,-1,-1,-1,-1,-1,-1,-1,
#moving_targetting_pos=12,1|2,29|22,29|5,30|25,30|29,30|19,2|15,30|9,2|
#setting_targetting_pos=12,29|2,1|22,1|5,1|25,1|29,2|19,30|15,1|9,30|
#type=2,2,2,2,2,2,2,2,2,
dLrLLdlLR
#00000000000
#assigned_pet=-1,-1,-1,-1,-1,-1,-1,-1,-1,
#assigned_hub=2,-1,-1,-1,-1,6,-1,-1,-1,
#moving_targetting_pos=6,26|2,29|22,29|5,30|25,30|26,6|19,2|15,30|9,2|
#setting_targetting_pos=12,29|2,1|22,1|5,1|25,1|29,2|19,30|15,1|9,30|
#type=3,2,2,2,2,3,2,2,2,
LuLLdUd.R
#00000000000
#assigned_pet=-1,-1,-1,-1,-1,-1,-1,-1,-1,
#assigned_hub=5,-1,-1,-1,-1,6,4,-1,-1,
#moving_targetting_pos=16,26|2,29|22,29|5,30|25,30|26,6|16,16|15,30|9,2|
#setting_targetting_pos=-1,-1|2,1|22,1|5,1|25,1|-1,-1|19,30|15,1|9,30|
#type=3,2,2,2,2,3,3,2,2,
L.LLLRUdl
#00000000000
#assigned_pet=-1,-1,-1,-1,-1,-1,-1,-1,-1,
#assigned_hub=1,-1,-1,-1,-1,6,4,-1,-1,
#moving_targetting_pos=6,16|2,29|22,29|5,30|25,30|26,6|16,16|15,30|9,2|
#setting_targetting_pos=-1,-1|2,1|22,1|5,1|25,1|-1,-1|-1,-1|15,1|9,30|
#type=3,2,2,2,2,3,3,2,2,
U.dudULLd
#00000000000
#assigned_pet=-1,-1,-1,-1,-1,-1,-1,-1,-1,
#assigned_hub=2,-1,-1,-1,-1,6,4,-1,-1,
#moving_targetting_pos=6,26|2,29|22,29|5,30|25,30|26,6|16,16|15,30|9,2|
#setting_targetting_pos=-1,-1|2,1|22,1|5,1|25,1|-1,-1|-1,-1|15,1|9,30|
#type=3,2,2,2,2,3,3,2,2,
U.LLLRU.R
#00000000000
#assigned_pet=-1,-1,-1,-1,-1,-1,-1,-1,-1,
#assigned_hub=1,-1,-1,-1,-1,6,4,-1,-1,
#moving_targetting_pos=6,16|2,29|22,29|5,30|25,30|26,6|16,16|15,30|9,2|
#setting_targetting_pos=-1,-1|2,1|22,1|5,1|25,1|-1,-1|-1,-1|15,1|9,30|
#type=3,2,2,2,2,3,3,2,2,
LdL.dRLuR
#00000000000
#assigned_pet=-1,-1,-1,-1,-1,6,-1,-1,-1,
#assigned_hub=2,-1,-1,-1,3,6,4,-1,-1,
#moving_targetting_pos=6,26|2,29|22,29|5,30|16,6|-1,-1|16,16|15,30|9,2|
#setting_targetting_pos=-1,-1|2,1|22,1|5,1|25,1|27,8|-1,-1|15,1|9,30|
#type=3,2,2,2,3,4,3,2,2,
ULrdRRLLd
#00000000000
#assigned_pet=-1,-1,-1,-1,-1,6,-1,-1,-1,
#assigned_hub=1,-1,-1,-1,3,6,4,-1,-1,
#moving_targetting_pos=6,16|2,29|22,29|5,30|16,6|-1,-1|16,16|15,30|9,2|
#setting_targetting_pos=-1,-1|2,1|22,1|5,1|-1,-1|27,8|-1,-1|15,1|9,30|
#type=3,2,2,2,3,4,3,2,2,
LruLRRLLR
#00000000000
#assigned_pet=-1,-1,-1,-1,-1,6,10,-1,-1,
#assigned_hub=2,-1,7,-1,3,6,5,-1,-1,
#moving_targetting_pos=6,26|2,29|26,16|5,30|16,6|-1,-1|16,26|15,30|9,2|
#setting_targetting_pos=-1,-1|2,1|22,1|5,1|-1,-1|27,8|14,27|15,1|9,30|
#type=3,2,3,2,3,4,4,2,2,
RLD.R.RLR
#00000000000
#assigned_pet=-1,-1,-1,-1,-1,6,-1,-1,-1,
#assigned_hub=1,-1,7,-1,3,6,5,-1,-1,
#moving_targetting_pos=6,16|2,29|26,16|5,30|16,6|-1,-1|-1,-1|15,30|9,2|
#setting_targetting_pos=-1,-1|2,1|-1,-1|5,1|-1,-1|27,8|-1,-1|15,1|9,30|
#type=3,2,3,2,3,4,4,2,2,
LLRdR..Ll
#00000000000
#assigned_pet=-1,-1,-1,-1,-1,6,10,-1,-1,
#assigned_hub=2,-1,7,-1,3,6,5,-1,-1,
#moving_targetting_pos=6,26|2,29|26,16|5,30|16,6|-1,-1|-1,-1|15,30|9,2|
#setting_targetting_pos=-1,-1|2,1|-1,-1|5,1|-1,-1|27,8|14,27|15,1|9,30|
#type=3,2,3,2,3,4,4,2,2,
RdDLU.U.u
#00000000000
#assigned_pet=-1,-1,-1,-1,-1,6,10,-1,-1,
#assigned_hub=2,-1,7,-1,3,6,5,-1,-1,
#moving_targetting_pos=6,26|2,29|26,16|5,30|16,6|-1,-1|-1,-1|15,30|9,2|
#setting_targetting_pos=-1,-1|2,1|-1,-1|5,1|-1,-1|27,8|14,27|15,1|9,30|
#type=3,2,3,2,3,4,4,2,2,
ULR.U.UuR
#00000000000
#assigned_pet=10,-1,-1,-1,-1,6,10,-1,-1,
#assigned_hub=2,-1,7,-1,3,6,5,-1,-1,
#moving_targetting_pos=-1,-1|2,29|26,16|5,30|16,6|-1,-1|-1,-1|15,30|9,2|
#setting_targetting_pos=8,27|2,1|-1,-1|5,1|-1,-1|27,8|14,27|15,1|9,30|
#type=4,2,3,2,3,4,4,2,2,
.LDdU..LR
#00000000000
#assigned_pet=10,-1,-1,-1,-1,6,10,-1,-1,
#assigned_hub=2,-1,7,0,3,6,5,-1,-1,
#moving_targetting_pos=-1,-1|2,29|26,16|6,6|16,6|-1,-1|-1,-1|15,30|9,2|
#setting_targetting_pos=8,27|2,1|-1,-1|5,1|-1,-1|26,7|14,27|15,1|9,30|
#type=4,2,3,3,3,4,4,2,2,
.uRRU..dd
#00000000000
#assigned_pet=10,-1,-1,-1,-1,6,0,-1,-1,
#assigned_hub=2,-1,7,0,3,6,5,-1,-1,
#moving_targetting_pos=-1,-1|2,29|26,16|6,6|16,6|-1,-1|-1,-1|15,30|9,2|
#setting_targetting_pos=8,27|2,1|-1,-1|-1,-1|-1,-1|26,5|15,24|15,1|9,30|
#type=4,2,3,3,3,4,4,2,2,
..RRULLLR
#00000000000
#assigned_pet=10,-1,-1,-1,-1,6,0,-1,-1,
#assigned_hub=2,-1,7,0,3,6,5,-1,-1,
#moving_targetting_pos=-1,-1|2,29|26,16|6,6|16,6|-1,-1|-1,-1|15,30|9,2|
#setting_targetting_pos=7,27|2,1|-1,-1|-1,-1|-1,-1|26,5|15,24|15,1|9,30|
#type=4,2,3,3,3,4,4,2,2,
R.RRULLdl
#00000000000
#assigned_pet=10,-1,-1,-1,-1,6,0,-1,-1,
#assigned_hub=2,-1,7,0,3,6,5,-1,-1,
#moving_targetting_pos=-1,-1|2,29|26,16|6,6|16,6|-1,-1|-1,-1|15,30|9,2|
#setting_targetting_pos=6,25|2,1|-1,-1|-1,-1|-1,-1|24,5|15,25|15,1|9,30|
#type=4,2,3,3,3,4,4,2,2,
LrRRUURLR
#01000000000
#assigned_pet=10,-1,-1,1,-1,7,0,-1,-1,
#assigned_hub=2,1,7,0,3,6,5,-1,-1,
#moving_targetting_pos=-1,-1|6,16|26,16|-1,-1|16,6|-1,-1|-1,-1|15,30|9,2|
#setting_targetting_pos=6,26|2,1|-1,-1|4,5|-1,-1|25,7|14,26|15,1|9,30|
#type=4,3,3,5,3,4,4,2,2,
UDRuRR.du
#01000000000
#assigned_pet=10,-1,-1,5,6,6,0,-1,-1,
#assigned_hub=2,1,7,0,3,6,5,4,-1,
#moving_targetting_pos=-1,-1|6,16|26,16|-1,-1|-1,-1|-1,-1|-1,-1|16,16|9,2|
#setting_targetting_pos=5,28|-1,-1|-1,-1|5,6|18,5|24,5|14,26|15,1|9,30|
#type=4,3,3,4,4,4,4,3,2,
RRR..L.RR
#01000000000
#assigned_pet=10,-1,-1,5,6,6,0,-1,-1,
#assigned_hub=2,1,7,0,3,6,5,4,-1,
#moving_targetting_pos=-1,-1|6,16|26,16|-1,-1|-1,-1|-1,-1|-1,-1|16,16|9,2|
#setting_targetting_pos=5,28|-1,-1|-1,-1|6,8|18,5|24,5|14,25|-1,-1|9,30|
#type=4,3,3,4,4,4,4,3,2,
RDRR.ULRR
#01000011000
#assigned_pet=10,-1,-1,5,6,6,0,-1,-1,
#assigned_hub=2,1,7,0,3,6,5,4,-1,
#moving_targetting_pos=-1,-1|6,16|26,16|-1,-1|-1,-1|-1,-1|-1,-1|16,16|9,2|
#setting_targetting_pos=5,28|-1,-1|-1,-1|8,7|18,5|24,5|14,25|-1,-1|9,30|
#type=4,3,3,4,5,5,4,3,2,
URRRlu.Rl
#01000011001
#assigned_pet=10,-1,-1,3,3,-1,0,-1,-1,
#assigned_hub=2,1,7,0,3,6,5,4,-1,
#moving_targetting_pos=-1,-1|6,16|26,16|-1,-1|-1,-1|-1,-1|-1,-1|16,16|9,2|
#setting_targetting_pos=5,28|-1,-1|-1,-1|8,7|14,7|-1,-1|14,25|-1,-1|9,30|
#type=5,3,3,4,4,4,4,3,2,
uDRDR..Rd
#01000011001
#assigned_pet=0,-1,-1,3,3,-1,0,-1,-1,
#assigned_hub=2,1,7,0,3,6,5,4,-1,
#moving_targetting_pos=-1,-1|6,16|26,16|-1,-1|-1,-1|-1,-1|-1,-1|16,16|9,2|
#setting_targetting_pos=8,25|-1,-1|-1,-1|8,7|14,7|-1,-1|14,25|-1,-1|9,30|
#type=4,3,3,4,4,4,4,3,0,
LRRDU..R.
#01000011001
#assigned_pet=0,-1,-1,3,3,-1,0,-1,-1,
#assigned_hub=2,1,7,0,3,6,5,4,-1,
#moving_targetting_pos=-1,-1|6,16|26,16|-1,-1|-1,-1|26,6|-1,-1|16,16|9,2|
#setting_targetting_pos=8,25|-1,-1|-1,-1|8,7|14,7|-1,-1|14,25|-1,-1|9,30|
#type=4,3,3,4,4,4,4,3,0,
LRR.U..R.
#01000011001
#assigned_pet=0,-1,-1,3,3,-1,0,-1,-1,
#assigned_hub=2,1,7,0,3,6,5,4,-1,
#moving_targetting_pos=-1,-1|6,16|26,16|-1,-1|-1,-1|26,6|-1,-1|16,16|9,2|
#setting_targetting_pos=8,25|-1,-1|-1,-1|8,7|14,7|-1,-1|14,25|-1,-1|9,30|
#type=4,3,3,4,4,4,4,3,0,
LRR.U..R.
#01010111001
#assigned_pet=0,-1,9,3,3,-1,0,-1,-1,
#assigned_hub=2,1,7,0,3,6,5,4,-1,
#moving_targetting_pos=-1,-1|6,16|-1,-1|-1,-1|-1,-1|26,6|-1,-1|16,16|9,2|
#setting_targetting_pos=8,25|-1,-1|27,18|8,7|14,7|-1,-1|14,25|-1,-1|9,30|
#type=4,3,4,5,5,4,4,3,0,
DRRdu..R.
#11010111001
#assigned_pet=0,-1,9,-1,2,-1,0,-1,-1,
#assigned_hub=2,1,7,0,3,6,5,4,-1,
#moving_targetting_pos=-1,-1|6,16|-1,-1|-1,-1|-1,-1|-1,-1|-1,-1|16,16|9,2|
#setting_targetting_pos=8,25|-1,-1|27,15|-1,-1|15,8|-1,-1|14,25|-1,-1|9,30|
#type=5,3,4,4,4,4,5,3,0,
dRL...uR.
#11010111001
#assigned_pet=-1,-1,9,-1,2,-1,4,-1,-1,
#assigned_hub=2,1,7,0,3,6,5,4,-1,
#moving_targetting_pos=-1,-1|6,16|-1,-1|-1,-1|-1,-1|26,6|-1,-1|16,16|9,2|
#setting_targetting_pos=-1,-1|-1,-1|28,17|-1,-1|15,8|-1,-1|17,25|-1,-1|9,30|
#type=4,3,4,4,4,4,4,3,0,
.RR...DR.
#11010111001
#assigned_pet=-1,-1,9,-1,2,-1,4,-1,-1,
#assigned_hub=2,1,7,0,3,6,5,4,-1,
#moving_targetting_pos=-1,-1|6,16|-1,-1|-1,-1|-1,-1|-1,-1|-1,-1|16,16|9,2|
#setting_targetting_pos=-1,-1|-1,-1|26,16|-1,-1|15,8|-1,-1|18,26|-1,-1|9,30|
#type=4,3,4,4,4,4,4,3,0,
.R....RR.
#11010111001
#assigned_pet=-1,-1,9,-1,2,-1,4,-1,-1,
#assigned_hub=2,1,7,0,3,6,5,4,-1,
#moving_targetting_pos=-1,-1|6,16|-1,-1|-1,-1|-1,-1|26,6|-1,-1|16,16|9,2|
#setting_targetting_pos=-1,-1|-1,-1|25,18|-1,-1|15,8|-1,-1|18,26|-1,-1|9,30|
#type=4,3,4,4,4,4,4,3,0,
.RR...DR.
#11010111001
#assigned_pet=-1,-1,9,-1,2,-1,4,-1,-1,
#assigned_hub=2,1,7,0,3,6,5,4,-1,
#moving_targetting_pos=-1,-1|6,16|-1,-1|-1,-1|-1,-1|-1,-1|-1,-1|16,16|9,2|
#setting_targetting_pos=-1,-1|-1,-1|24,16|-1,-1|15,8|-1,-1|18,26|-1,-1|9,30|
#type=4,3,4,4,4,4,4,3,0,
.RL....R.
#11010111001
#assigned_pet=-1,-1,9,-1,2,-1,4,-1,-1,
#assigned_hub=2,1,7,0,3,8,5,4,-1,
#moving_targetting_pos=-1,-1|6,16|-1,-1|-1,-1|-1,-1|26,26|-1,-1|16,16|9,2|
#setting_targetting_pos=-1,-1|-1,-1|24,17|-1,-1|15,8|-1,-1|18,25|-1,-1|9,30|
#type=4,3,4,4,4,3,4,3,0,
.RR..RLR.
#11110111001
#assigned_pet=-1,-1,9,-1,2,-1,4,2,-1,
#assigned_hub=2,1,7,0,3,8,5,4,-1,
#moving_targetting_pos=-1,-1|6,16|-1,-1|-1,-1|-1,-1|26,26|-1,-1|-1,-1|9,2|
#setting_targetting_pos=-1,-1|-1,-1|24,17|-1,-1|15,8|-1,-1|18,25|15,14|9,30|
#type=4,3,4,4,5,3,4,5,0,
.R..rR.l.
#11110111001
#assigned_pet=-1,-1,9,-1,-1,-1,4,-1,-1,
#assigned_hub=2,1,7,0,3,8,5,4,-1,
#moving_targetting_pos=-1,-1|6,16|-1,-1|-1,-1|16,6|26,26|-1,-1|-1,-1|9,2|
#setting_targetting_pos=-1,-1|-1,-1|24,15|-1,-1|-1,-1|-1,-1|18,25|-1,-1|9,30|
#type=4,3,4,4,4,3,4,4,0,
.RL..R...
#11110111001
#assigned_pet=-1,8,9,-1,-1,-1,4,9,-1,
#assigned_hub=2,1,7,0,3,8,5,4,-1,
#moving_targetting_pos=-1,-1|-1,-1|-1,-1|-1,-1|16,6|26,26|-1,-1|-1,-1|9,2|
#setting_targetting_pos=-1,-1|6,16|24,15|-1,-1|-1,-1|-1,-1|18,25|18,15|9,30|
#type=4,4,4,4,4,3,4,4,0,
.RL..R.D.
#11110111001
#assigned_pet=-1,8,9,-1,-1,-1,-1,9,-1,
#assigned_hub=2,1,7,0,3,8,5,4,-1,
#moving_targetting_pos=-1,-1|-1,-1|-1,-1|-1,-1|16,6|26,26|-1,-1|-1,-1|9,2|
#setting_targetting_pos=-1,-1|7,14|24,15|-1,-1|-1,-1|-1,-1|-1,-1|18,15|9,30|
#type=4,4,4,4,4,3,4,4,0,
.L...R.D.
#11110111001
#assigned_pet=-1,8,9,-1,-1,-1,-1,9,-1,
#assigned_hub=2,1,7,0,3,8,5,4,-1,
#moving_targetting_pos=-1,-1|-1,-1|-1,-1|-1,-1|16,6|26,26|-1,-1|-1,-1|9,2|
#setting_targetting_pos=-1,-1|7,15|24,15|-1,-1|-1,-1|-1,-1|-1,-1|18,15|9,30|
#type=4,4,4,4,4,3,4,4,0,
.D...R...
#11110111011
#assigned_pet=-1,8,9,-1,-1,-1,-1,9,-1,
#assigned_hub=2,1,7,0,3,8,5,4,-1,
#moving_targetting_pos=-1,-1|-1,-1|-1,-1|-1,-1|16,6|26,26|-1,-1|-1,-1|9,2|
#setting_targetting_pos=-1,-1|7,14|24,15|-1,-1|-1,-1|-1,-1|-1,-1|18,15|9,30|
#type=4,4,5,4,4,3,4,5,0,
.Lu..R.d.
#11110111011
#assigned_pet=-1,8,-1,-1,-1,-1,-1,-1,-1,
#assigned_hub=2,1,7,0,3,8,5,4,-1,
#moving_targetting_pos=-1,-1|-1,-1|-1,-1|-1,-1|16,6|26,26|-1,-1|-1,-1|9,2|
#setting_targetting_pos=-1,-1|7,15|-1,-1|-1,-1|-1,-1|-1,-1|-1,-1|-1,-1|9,30|
#type=4,4,4,4,4,3,4,4,0,
.R...R...
#11110111011
#assigned_pet=-1,8,4,-1,-1,-1,-1,-1,-1,
#assigned_hub=2,1,7,0,3,8,5,4,-1,
#moving_targetting_pos=-1,-1|-1,-1|-1,-1|-1,-1|16,6|26,26|-1,-1|16,16|9,2|
#setting_targetting_pos=-1,-1|7,18|25,18|-1,-1|-1,-1|-1,-1|-1,-1|-1,-1|9,30|
#type=4,4,4,4,4,3,4,4,0,
.RR..R...
#11110111011
#assigned_pet=8,8,4,-1,-1,-1,-1,-1,-1,
#assigned_hub=2,1,7,0,3,8,5,4,-1,
#moving_targetting_pos=-1,-1|-1,-1|-1,-1|-1,-1|16,6|26,26|-1,-1|16,16|9,2|
#setting_targetting_pos=7,24|7,18|25,18|-1,-1|-1,-1|-1,-1|-1,-1|-1,-1|9,30|
#type=4,4,4,4,4,3,4,4,0,
.RR..R...
#11110111011
#assigned_pet=8,8,4,-1,-1,-1,-1,-1,-1,
#assigned_hub=2,1,7,0,3,8,5,4,-1,
#moving_targetting_pos=-1,-1|-1,-1|-1,-1|6,6|16,6|26,26|-1,-1|16,16|9,2|
#setting_targetting_pos=7,24|7,18|25,18|-1,-1|-1,-1|-1,-1|-1,-1|-1,-1|9,30|
#type=4,4,4,4,4,3,4,4,0,
.R...R...
#11110111011
#assigned_pet=-1,8,4,-1,-1,-1,-1,-1,-1,
#assigned_hub=2,1,7,0,3,8,5,4,-1,
#moving_targetting_pos=-1,-1|-1,-1|-1,-1|-1,-1|16,6|26,26|16,26|-1,-1|9,2|
#setting_targetting_pos=-1,-1|7,17|25,18|-1,-1|-1,-1|-1,-1|-1,-1|-1,-1|9,30|
#type=4,4,4,4,4,3,4,4,0,
.L...R...
#11110111011
#assigned_pet=-1,8,4,-1,-1,-1,-1,-1,-1,
#assigned_hub=2,1,7,0,3,8,5,4,-1,
#moving_targetting_pos=-1,-1|-1,-1|-1,-1|-1,-1|16,6|26,26|16,26|-1,-1|9,2|
#setting_targetting_pos=-1,-1|8,17|25,18|-1,-1|-1,-1|-1,-1|-1,-1|-1,-1|9,30|
#type=4,4,4,4,4,3,4,4,0,
.D...R...
#11110111011
#assigned_pet=-1,8,4,-1,-1,-1,-1,-1,-1,
#assigned_hub=2,1,7,0,3,8,5,4,-1,
#moving_targetting_pos=-1,-1|-1,-1|-1,-1|-1,-1|16,6|26,26|16,26|-1,-1|9,2|
#setting_targetting_pos=-1,-1|7,17|26,18|-1,-1|-1,-1|-1,-1|-1,-1|-1,-1|9,30|
#type=4,4,4,4,4,3,4,4,0,
.LR..R...
#11110111011
#assigned_pet=-1,8,4,-1,-1,-1,-1,-1,-1,
#assigned_hub=2,1,7,0,3,8,5,4,-1,
#moving_targetting_pos=-1,-1|-1,-1|-1,-1|6,6|16,6|26,26|16,26|-1,-1|9,2|
#setting_targetting_pos=-1,-1|5,18|27,17|-1,-1|-1,-1|-1,-1|-1,-1|-1,-1|9,30|
#type=4,4,4,4,4,3,4,4,0,
.RL..R...
#11110111011
#assigned_pet=8,8,4,-1,-1,-1,-1,-1,-1,
#assigned_hub=2,1,7,0,3,8,5,4,-1,
#moving_targetting_pos=-1,-1|-1,-1|-1,-1|6,6|16,6|26,26|16,26|16,16|9,2|
#setting_targetting_pos=5,24|5,18|28,17|-1,-1|-1,-1|-1,-1|-1,-1|-1,-1|9,30|
#type=4,4,4,4,4,3,4,4,0,
LRD..R...
#11110111011
#assigned_pet=8,8,4,-1,-1,-1,-1,-1,-1,
#assigned_hub=2,1,7,0,3,8,5,4,-1,
#moving_targetting_pos=-1,-1|-1,-1|-1,-1|6,6|16,6|26,26|16,26|16,16|9,2|
#setting_targetting_pos=5,24|5,18|28,17|-1,-1|-1,-1|-1,-1|-1,-1|-1,-1|9,30|
#type=4,4,4,4,4,3,4,4,0,
UUD..R...
#11110111111
#assigned_pet=8,8,4,-1,-1,-1,-1,-1,-1,
#assigned_hub=2,1,7,0,3,8,5,4,-1,
#moving_targetting_pos=-1,-1|-1,-1|-1,-1|6,6|16,6|26,26|16,26|16,16|9,2|
#setting_targetting_pos=5,24|5,18|28,17|-1,-1|-1,-1|-1,-1|-1,-1|-1,-1|9,30|
#type=5,5,4,4,4,3,4,4,0,
uu...R...
#11110111111
#assigned_pet=-1,-1,4,-1,-1,-1,-1,-1,-1,
#assigned_hub=2,1,7,0,3,8,5,4,-1,
#moving_targetting_pos=6,26|6,16|-1,-1|6,6|16,6|26,26|16,26|16,16|9,2|
#setting_targetting_pos=-1,-1|-1,-1|28,17|-1,-1|-1,-1|-1,-1|-1,-1|-1,-1|9,30|
#type=4,4,4,4,4,3,4,4,0,
.....R...
#11110111111
#assigned_pet=-1,-1,4,-1,-1,-1,-1,-1,-1,
#assigned_hub=2,1,7,0,3,8,5,4,-1,
#moving_targetting_pos=6,26|6,16|-1,-1|6,6|16,6|26,26|16,26|16,16|9,2|
#setting_targetting_pos=-1,-1|-1,-1|28,16|-1,-1|-1,-1|-1,-1|-1,-1|-1,-1|9,30|
#type=4,4,4,4,4,3,4,4,0,
..L..R...
#11110111111
#assigned_pet=-1,-1,4,-1,-1,-1,-1,-1,-1,
#assigned_hub=2,1,7,0,3,8,5,4,-1,
#moving_targetting_pos=6,26|6,16|-1,-1|6,6|16,6|-1,-1|16,26|16,16|9,2|
#setting_targetting_pos=-1,-1|-1,-1|28,16|-1,-1|-1,-1|-1,-1|-1,-1|-1,-1|9,30|
#type=4,4,4,4,4,4,4,4,0,
.........
#11110111111
#assigned_pet=-1,-1,4,-1,-1,-1,-1,-1,-1,
#assigned_hub=2,1,7,0,3,8,5,4,-1,
#moving_targetting_pos=6,26|6,16|-1,-1|6,6|16,6|-1,-1|16,26|16,16|9,2|
#setting_targetting_pos=-1,-1|-1,-1|27,15|-1,-1|-1,-1|-1,-1|-1,-1|-1,-1|9,30|
#type=4,4,4,4,4,4,4,4,0,
.........
#11110111111
#assigned_pet=-1,-1,4,-1,-1,-1,-1,-1,-1,
#assigned_hub=2,1,7,0,3,8,5,4,-1,
#moving_targetting_pos=6,26|6,16|-1,-1|6,6|16,6|26,26|16,26|16,16|9,2|
#setting_targetting_pos=-1,-1|-1,-1|28,15|-1,-1|-1,-1|-1,-1|-1,-1|-1,-1|9,30|
#type=4,4,4,4,4,4,4,4,0,
..L......
#11110111111
#assigned_pet=-1,-1,4,-1,-1,-1,-1,-1,-1,
#assigned_hub=2,1,7,0,3,8,5,4,-1,
#moving_targetting_pos=6,26|6,16|-1,-1|6,6|16,6|26,26|16,26|16,16|9,2|
#setting_targetting_pos=-1,-1|-1,-1|28,15|-1,-1|-1,-1|-1,-1|-1,-1|-1,-1|9,30|
#type=4,4,4,4,4,4,4,4,0,
.........
#11111111111
#assigned_pet=-1,-1,4,-1,-1,-1,-1,-1,-1,
#assigned_hub=2,1,7,0,3,8,5,4,-1,
#moving_targetting_pos=6,26|6,16|-1,-1|6,6|16,6|26,26|16,26|16,16|9,2|
#setting_targetting_pos=-1,-1|-1,-1|28,15|-1,-1|-1,-1|-1,-1|-1,-1|-1,-1|9,30|
#type=4,4,5,4,4,4,4,4,0,
..d......
#11111111111
#assigned_pet=-1,-1,-1,-1,-1,-1,-1,-1,-1,
#assigned_hub=2,1,7,0,3,8,5,4,-1,
#moving_targetting_pos=6,26|6,16|26,16|6,6|16,6|26,26|16,26|16,16|9,2|
#setting_targetting_pos=-1,-1|-1,-1|-1,-1|-1,-1|-1,-1|-1,-1|-1,-1|-1,-1|9,30|
#type=4,4,4,4,4,4,4,4,0,
.........
#11111111111
#assigned_pet=-1,-1,-1,-1,-1,-1,-1,-1,-1,
#assigned_hub=2,1,7,0,3,8,5,4,-1,
#moving_targetting_pos=6,26|6,16|26,16|6,6|16,6|26,26|16,26|16,16|9,2|
#setting_targetting_pos=-1,-1|-1,-1|-1,-1|-1,-1|-1,-1|-1,-1|-1,-1|-1,-1|9,30|
#type=4,4,4,4,4,4,4,4,0,
.........
#11111111111
#assigned_pet=-1,-1,-1,-1,-1,-1,-1,-1,-1,
#assigned_hub=2,1,7,0,3,8,5,4,-1,
#moving_targetting_pos=6,26|6,16|26,16|6,6|16,6|26,26|16,26|16,16|9,2|
#setting_targetting_pos=-1,-1|-1,-1|-1,-1|-1,-1|-1,-1|-1,-1|-1,-1|-1,-1|9,30|
#type=4,4,4,4,4,4,4,4,0,
.........
#11111111111
#assigned_pet=-1,-1,-1,-1,-1,-1,-1,-1,-1,
#assigned_hub=2,1,7,0,3,8,5,4,-1,
#moving_targetting_pos=6,26|6,16|26,16|6,6|16,6|26,26|16,26|16,16|9,2|
#setting_targetting_pos=-1,-1|-1,-1|-1,-1|-1,-1|-1,-1|-1,-1|-1,-1|-1,-1|9,30|
#type=4,4,4,4,4,4,4,4,0,
.........
#11111111111
#assigned_pet=-1,-1,-1,-1,-1,-1,-1,-1,-1,
#assigned_hub=2,1,7,0,3,8,5,4,-1,
#moving_targetting_pos=6,26|6,16|26,16|6,6|16,6|26,26|16,26|16,16|9,2|
#setting_targetting_pos=-1,-1|-1,-1|-1,-1|-1,-1|-1,-1|-1,-1|-1,-1|-1,-1|9,30|
#type=4,4,4,4,4,4,4,4,0,
.........
#11111111111
#assigned_pet=-1,-1,-1,-1,-1,-1,-1,-1,-1,
#assigned_hub=2,1,7,0,3,8,5,4,-1,
#moving_targetting_pos=6,26|6,16|26,16|6,6|16,6|26,26|16,26|16,16|9,2|
#setting_targetting_pos=-1,-1|-1,-1|-1,-1|-1,-1|-1,-1|-1,-1|-1,-1|-1,-1|9,30|
#type=4,4,4,4,4,4,4,4,0,
.........
#11111111111
#assigned_pet=-1,-1,-1,-1,-1,-1,-1,-1,-1,
#assigned_hub=2,1,7,0,3,8,5,4,-1,
#moving_targetting_pos=6,26|6,16|26,16|6,6|16,6|26,26|16,26|16,16|9,2|
#setting_targetting_pos=-1,-1|-1,-1|-1,-1|-1,-1|-1,-1|-1,-1|-1,-1|-1,-1|9,30|
#type=4,4,4,4,4,4,4,4,0,
.........
#11111111111
#assigned_pet=-1,-1,-1,-1,-1,-1,-1,-1,-1,
#assigned_hub=2,1,7,0,3,8,5,4,-1,
#moving_targetting_pos=6,26|6,16|26,16|6,6|16,6|26,26|16,26|16,16|9,2|
#setting_targetting_pos=-1,-1|-1,-1|-1,-1|-1,-1|-1,-1|-1,-1|-1,-1|-1,-1|9,30|
#type=4,4,4,4,4,4,4,4,0,
.........
#11111111111
#assigned_pet=-1,-1,-1,-1,-1,-1,-1,-1,-1,
#assigned_hub=2,1,7,0,3,8,5,4,-1,
#moving_targetting_pos=6,26|6,16|26,16|6,6|16,6|26,26|16,26|16,16|9,2|
#setting_targetting_pos=-1,-1|-1,-1|-1,-1|-1,-1|-1,-1|-1,-1|-1,-1|-1,-1|9,30|
#type=4,4,4,4,4,4,4,4,0,
.........
#11111111111
#assigned_pet=-1,-1,-1,-1,-1,-1,-1,-1,-1,
#assigned_hub=2,1,7,0,3,8,5,4,-1,
#moving_targetting_pos=6,26|6,16|26,16|6,6|16,6|26,26|16,26|16,16|9,2|
#setting_targetting_pos=-1,-1|-1,-1|-1,-1|-1,-1|-1,-1|-1,-1|-1,-1|-1,-1|9,30|
#type=4,4,4,4,4,4,4,4,0,
.........
#11111111111
#assigned_pet=-1,-1,-1,-1,-1,-1,-1,-1,-1,
#assigned_hub=2,1,7,0,3,8,5,4,-1,
#moving_targetting_pos=6,26|6,16|26,16|6,6|16,6|26,26|16,26|16,16|9,2|
#setting_targetting_pos=-1,-1|-1,-1|-1,-1|-1,-1|-1,-1|-1,-1|-1,-1|-1,-1|9,30|
#type=4,4,4,4,4,4,4,4,0,
.........
#11111111111
#assigned_pet=-1,-1,-1,-1,-1,-1,-1,-1,-1,
#assigned_hub=2,1,7,0,3,8,5,4,-1,
#moving_targetting_pos=6,26|6,16|26,16|6,6|16,6|26,26|16,26|16,16|9,2|
#setting_targetting_pos=-1,-1|-1,-1|-1,-1|-1,-1|-1,-1|-1,-1|-1,-1|-1,-1|9,30|
#type=4,4,4,4,4,4,4,4,0,
.........
#11111111111
#assigned_pet=-1,-1,-1,-1,-1,-1,-1,-1,-1,
#assigned_hub=2,1,7,0,3,8,5,4,-1,
#moving_targetting_pos=6,26|6,16|26,16|6,6|16,6|26,26|16,26|16,16|9,2|
#setting_targetting_pos=-1,-1|-1,-1|-1,-1|-1,-1|-1,-1|-1,-1|-1,-1|-1,-1|9,30|
#type=4,4,4,4,4,4,4,4,0,
.........
#11111111111
#assigned_pet=-1,-1,-1,-1,-1,-1,-1,-1,-1,
#assigned_hub=2,1,7,0,3,8,5,4,-1,
#moving_targetting_pos=6,26|6,16|26,16|6,6|16,6|26,26|16,26|16,16|9,2|
#setting_targetting_pos=-1,-1|-1,-1|-1,-1|-1,-1|-1,-1|-1,-1|-1,-1|-1,-1|9,30|
#type=4,4,4,4,4,4,4,4,0,
.........
#11111111111
#assigned_pet=-1,-1,-1,-1,-1,-1,-1,-1,-1,
#assigned_hub=2,1,7,0,3,8,5,4,-1,
#moving_targetting_pos=6,26|6,16|26,16|6,6|16,6|26,26|16,26|16,16|9,2|
#setting_targetting_pos=-1,-1|-1,-1|-1,-1|-1,-1|-1,-1|-1,-1|-1,-1|-1,-1|9,30|
#type=4,4,4,4,4,4,4,4,0,
.........
#11111111111
#assigned_pet=-1,-1,-1,-1,-1,-1,-1,-1,-1,
#assigned_hub=2,1,7,0,3,8,5,4,-1,
#moving_targetting_pos=6,26|6,16|26,16|6,6|16,6|26,26|16,26|16,16|9,2|
#setting_targetting_pos=-1,-1|-1,-1|-1,-1|-1,-1|-1,-1|-1,-1|-1,-1|-1,-1|9,30|
#type=4,4,4,4,4,4,4,4,0,
.........
#11111111111
#assigned_pet=-1,-1,-1,-1,-1,-1,-1,-1,-1,
#assigned_hub=2,1,7,0,3,8,5,4,-1,
#moving_targetting_pos=6,26|6,16|26,16|6,6|16,6|26,26|16,26|16,16|9,2|
#setting_targetting_pos=-1,-1|-1,-1|-1,-1|-1,-1|-1,-1|-1,-1|-1,-1|-1,-1|9,30|
#type=4,4,4,4,4,4,4,4,0,
.........
#11111111111
#assigned_pet=-1,-1,-1,-1,-1,-1,-1,-1,-1,
#assigned_hub=2,1,7,0,3,8,5,4,-1,
#moving_targetting_pos=6,26|6,16|26,16|6,6|16,6|26,26|16,26|16,16|9,2|
#setting_targetting_pos=-1,-1|-1,-1|-1,-1|-1,-1|-1,-1|-1,-1|-1,-1|-1,-1|9,30|
#type=4,4,4,4,4,4,4,4,0,
.........
#11111111111
#assigned_pet=-1,-1,-1,-1,-1,-1,-1,-1,-1,
#assigned_hub=2,1,7,0,3,8,5,4,-1,
#moving_targetting_pos=6,26|6,16|26,16|6,6|16,6|26,26|16,26|16,16|9,2|
#setting_targetting_pos=-1,-1|-1,-1|-1,-1|-1,-1|-1,-1|-1,-1|-1,-1|-1,-1|9,30|
#type=4,4,4,4,4,4,4,4,0,
.........
#11111111111
#assigned_pet=-1,-1,-1,-1,-1,-1,-1,-1,-1,
#assigned_hub=2,1,7,0,3,8,5,4,-1,
#moving_targetting_pos=6,26|6,16|26,16|6,6|16,6|26,26|16,26|16,16|9,2|
#setting_targetting_pos=-1,-1|-1,-1|-1,-1|-1,-1|-1,-1|-1,-1|-1,-1|-1,-1|9,30|
#type=4,4,4,4,4,4,4,4,0,
.........
#11111111111
#assigned_pet=-1,-1,-1,-1,-1,-1,-1,-1,-1,
#assigned_hub=2,1,7,0,3,8,5,4,-1,
#moving_targetting_pos=6,26|6,16|26,16|6,6|16,6|26,26|16,26|16,16|9,2|
#setting_targetting_pos=-1,-1|-1,-1|-1,-1|-1,-1|-1,-1|-1,-1|-1,-1|-1,-1|9,30|
#type=4,4,4,4,4,4,4,4,0,
.........
#11111111111
#assigned_pet=-1,-1,-1,-1,-1,-1,-1,-1,-1,
#assigned_hub=2,1,7,0,3,8,5,4,-1,
#moving_targetting_pos=6,26|6,16|26,16|6,6|16,6|26,26|16,26|16,16|9,2|
#setting_targetting_pos=-1,-1|-1,-1|-1,-1|-1,-1|-1,-1|-1,-1|-1,-1|-1,-1|9,30|
#type=4,4,4,4,4,4,4,4,0,
.........
#11111111111
#assigned_pet=-1,-1,-1,-1,-1,-1,-1,-1,-1,
#assigned_hub=2,1,7,0,3,8,5,4,-1,
#moving_targetting_pos=6,26|6,16|26,16|6,6|16,6|26,26|16,26|16,16|9,2|
#setting_targetting_pos=-1,-1|-1,-1|-1,-1|-1,-1|-1,-1|-1,-1|-1,-1|-1,-1|9,30|
#type=4,4,4,4,4,4,4,4,0,
.........
#11111111111
#assigned_pet=-1,-1,-1,-1,-1,-1,-1,-1,-1,
#assigned_hub=2,1,7,0,3,8,5,4,-1,
#moving_targetting_pos=6,26|6,16|26,16|6,6|16,6|26,26|16,26|16,16|9,2|
#setting_targetting_pos=-1,-1|-1,-1|-1,-1|-1,-1|-1,-1|-1,-1|-1,-1|-1,-1|9,30|
#type=4,4,4,4,4,4,4,4,0,
.........
#11111111111
#assigned_pet=-1,-1,-1,-1,-1,-1,-1,-1,-1,
#assigned_hub=2,1,7,0,3,8,5,4,-1,
#moving_targetting_pos=6,26|6,16|26,16|6,6|16,6|26,26|16,26|16,16|9,2|
#setting_targetting_pos=-1,-1|-1,-1|-1,-1|-1,-1|-1,-1|-1,-1|-1,-1|-1,-1|9,30|
#type=4,4,4,4,4,4,4,4,0,
.........
#11111111111
#assigned_pet=-1,-1,-1,-1,-1,-1,-1,-1,-1,
#assigned_hub=2,1,7,0,3,8,5,4,-1,
#moving_targetting_pos=6,26|6,16|26,16|6,6|16,6|26,26|16,26|16,16|9,2|
#setting_targetting_pos=-1,-1|-1,-1|-1,-1|-1,-1|-1,-1|-1,-1|-1,-1|-1,-1|9,30|
#type=4,4,4,4,4,4,4,4,0,
.........
#11111111111
#assigned_pet=-1,-1,-1,-1,-1,-1,-1,-1,-1,
#assigned_hub=2,1,7,0,3,8,5,4,-1,
#moving_targetting_pos=6,26|6,16|26,16|6,6|16,6|26,26|16,26|16,16|9,2|
#setting_targetting_pos=-1,-1|-1,-1|-1,-1|-1,-1|-1,-1|-1,-1|-1,-1|-1,-1|9,30|
#type=4,4,4,4,4,4,4,4,0,
.........
#11111111111
#assigned_pet=-1,-1,-1,-1,-1,-1,-1,-1,-1,
#assigned_hub=2,1,7,0,3,8,5,4,-1,
#moving_targetting_pos=6,26|6,16|26,16|6,6|16,6|26,26|16,26|16,16|9,2|
#setting_targetting_pos=-1,-1|-1,-1|-1,-1|-1,-1|-1,-1|-1,-1|-1,-1|-1,-1|9,30|
#type=4,4,4,4,4,4,4,4,0,
.........
#11111111111
#assigned_pet=-1,-1,-1,-1,-1,-1,-1,-1,-1,
#assigned_hub=2,1,7,0,3,8,5,4,-1,
#moving_targetting_pos=6,26|6,16|26,16|6,6|16,6|26,26|16,26|16,16|9,2|
#setting_targetting_pos=-1,-1|-1,-1|-1,-1|-1,-1|-1,-1|-1,-1|-1,-1|-1,-1|9,30|
#type=4,4,4,4,4,4,4,4,0,
.........
#11111111111
#assigned_pet=-1,-1,-1,-1,-1,-1,-1,-1,-1,
#assigned_hub=2,1,7,0,3,8,5,4,-1,
#moving_targetting_pos=6,26|6,16|26,16|6,6|16,6|26,26|16,26|16,16|9,2|
#setting_targetting_pos=-1,-1|-1,-1|-1,-1|-1,-1|-1,-1|-1,-1|-1,-1|-1,-1|9,30|
#type=4,4,4,4,4,4,4,4,0,
.........
#11111111111
#assigned_pet=-1,-1,-1,-1,-1,-1,-1,-1,-1,
#assigned_hub=2,1,7,0,3,8,5,4,-1,
#moving_targetting_pos=6,26|6,16|26,16|6,6|16,6|26,26|16,26|16,16|9,2|
#setting_targetting_pos=-1,-1|-1,-1|-1,-1|-1,-1|-1,-1|-1,-1|-1,-1|-1,-1|9,30|
#type=4,4,4,4,4,4,4,4,0,
.........
#11111111111
#assigned_pet=-1,-1,-1,-1,-1,-1,-1,-1,-1,
#assigned_hub=2,1,7,0,3,8,5,4,-1,
#moving_targetting_pos=6,26|6,16|26,16|6,6|16,6|26,26|16,26|16,16|9,2|
#setting_targetting_pos=-1,-1|-1,-1|-1,-1|-1,-1|-1,-1|-1,-1|-1,-1|-1,-1|9,30|
#type=4,4,4,4,4,4,4,4,0,
.........
#11111111111
#assigned_pet=-1,-1,-1,-1,-1,-1,-1,-1,-1,
#assigned_hub=2,1,7,0,3,8,5,4,-1,
#moving_targetting_pos=6,26|6,16|26,16|6,6|16,6|26,26|16,26|16,16|9,2|
#setting_targetting_pos=-1,-1|-1,-1|-1,-1|-1,-1|-1,-1|-1,-1|-1,-1|-1,-1|9,30|
#type=4,4,4,4,4,4,4,4,0,
.........
#11111111111
#assigned_pet=-1,-1,-1,-1,-1,-1,-1,-1,-1,
#assigned_hub=2,1,7,0,3,8,5,4,-1,
#moving_targetting_pos=6,26|6,16|26,16|6,6|16,6|26,26|16,26|16,16|9,2|
#setting_targetting_pos=-1,-1|-1,-1|-1,-1|-1,-1|-1,-1|-1,-1|-1,-1|-1,-1|9,30|
#type=4,4,4,4,4,4,4,4,0,
.........
#11111111111
#assigned_pet=-1,-1,-1,-1,-1,-1,-1,-1,-1,
#assigned_hub=2,1,7,0,3,8,5,4,-1,
#moving_targetting_pos=6,26|6,16|26,16|6,6|16,6|26,26|16,26|16,16|9,2|
#setting_targetting_pos=-1,-1|-1,-1|-1,-1|-1,-1|-1,-1|-1,-1|-1,-1|-1,-1|9,30|
#type=4,4,4,4,4,4,4,4,0,
.........
#11111111111
#assigned_pet=-1,-1,-1,-1,-1,-1,-1,-1,-1,
#assigned_hub=2,1,7,0,3,8,5,4,-1,
#moving_targetting_pos=6,26|6,16|26,16|6,6|16,6|26,26|16,26|16,16|9,2|
#setting_targetting_pos=-1,-1|-1,-1|-1,-1|-1,-1|-1,-1|-1,-1|-1,-1|-1,-1|9,30|
#type=4,4,4,4,4,4,4,4,0,
.........
#11111111111
#assigned_pet=-1,-1,-1,-1,-1,-1,-1,-1,-1,
#assigned_hub=2,1,7,0,3,8,5,4,-1,
#moving_targetting_pos=6,26|6,16|26,16|6,6|16,6|26,26|16,26|16,16|9,2|
#setting_targetting_pos=-1,-1|-1,-1|-1,-1|-1,-1|-1,-1|-1,-1|-1,-1|-1,-1|9,30|
#type=4,4,4,4,4,4,4,4,0,
.........
#11111111111
#assigned_pet=-1,-1,-1,-1,-1,-1,-1,-1,-1,
#assigned_hub=2,1,7,0,3,8,5,4,-1,
#moving_targetting_pos=6,26|6,16|26,16|6,6|16,6|26,26|16,26|16,16|9,2|
#setting_targetting_pos=-1,-1|-1,-1|-1,-1|-1,-1|-1,-1|-1,-1|-1,-1|-1,-1|9,30|
#type=4,4,4,4,4,4,4,4,0,
.........
#11111111111
#assigned_pet=-1,-1,-1,-1,-1,-1,-1,-1,-1,
#assigned_hub=2,1,7,0,3,8,5,4,-1,
#moving_targetting_pos=6,26|6,16|26,16|6,6|16,6|26,26|16,26|16,16|9,2|
#setting_targetting_pos=-1,-1|-1,-1|-1,-1|-1,-1|-1,-1|-1,-1|-1,-1|-1,-1|9,30|
#type=4,4,4,4,4,4,4,4,0,
.........
#11111111111
#assigned_pet=-1,-1,-1,-1,-1,-1,-1,-1,-1,
#assigned_hub=2,1,7,0,3,8,5,4,-1,
#moving_targetting_pos=6,26|6,16|26,16|6,6|16,6|26,26|16,26|16,16|9,2|
#setting_targetting_pos=-1,-1|-1,-1|-1,-1|-1,-1|-1,-1|-1,-1|-1,-1|-1,-1|9,30|
#type=4,4,4,4,4,4,4,4,0,
.........
#11111111111
#assigned_pet=-1,-1,-1,-1,-1,-1,-1,-1,-1,
#assigned_hub=2,1,7,0,3,8,5,4,-1,
#moving_targetting_pos=6,26|6,16|26,16|6,6|16,6|26,26|16,26|16,16|9,2|
#setting_targetting_pos=-1,-1|-1,-1|-1,-1|-1,-1|-1,-1|-1,-1|-1,-1|-1,-1|9,30|
#type=4,4,4,4,4,4,4,4,0,
.........
#11111111111
#assigned_pet=-1,-1,-1,-1,-1,-1,-1,-1,-1,
#assigned_hub=2,1,7,0,3,8,5,4,-1,
#moving_targetting_pos=6,26|6,16|26,16|6,6|16,6|26,26|16,26|16,16|9,2|
#setting_targetting_pos=-1,-1|-1,-1|-1,-1|-1,-1|-1,-1|-1,-1|-1,-1|-1,-1|9,30|
#type=4,4,4,4,4,4,4,4,0,
.........
#11111111111
#assigned_pet=-1,-1,-1,-1,-1,-1,-1,-1,-1,
#assigned_hub=2,1,7,0,3,8,5,4,-1,
#moving_targetting_pos=6,26|6,16|26,16|6,6|16,6|26,26|16,26|16,16|9,2|
#setting_targetting_pos=-1,-1|-1,-1|-1,-1|-1,-1|-1,-1|-1,-1|-1,-1|-1,-1|9,30|
#type=4,4,4,4,4,4,4,4,0,
.........
#11111111111
#assigned_pet=-1,-1,-1,-1,-1,-1,-1,-1,-1,
#assigned_hub=2,1,7,0,3,8,5,4,-1,
#moving_targetting_pos=6,26|6,16|26,16|6,6|16,6|26,26|16,26|16,16|9,2|
#setting_targetting_pos=-1,-1|-1,-1|-1,-1|-1,-1|-1,-1|-1,-1|-1,-1|-1,-1|9,30|
#type=4,4,4,4,4,4,4,4,0,
.........
#11111111111
#assigned_pet=-1,-1,-1,-1,-1,-1,-1,-1,-1,
#assigned_hub=2,1,7,0,3,8,5,4,-1,
#moving_targetting_pos=6,26|6,16|26,16|6,6|16,6|26,26|16,26|16,16|9,2|
#setting_targetting_pos=-1,-1|-1,-1|-1,-1|-1,-1|-1,-1|-1,-1|-1,-1|-1,-1|9,30|
#type=4,4,4,4,4,4,4,4,0,
.........
#11111111111
#assigned_pet=-1,-1,-1,-1,-1,-1,-1,-1,-1,
#assigned_hub=2,1,7,0,3,8,5,4,-1,
#moving_targetting_pos=6,26|6,16|26,16|6,6|16,6|26,26|16,26|16,16|9,2|
#setting_targetting_pos=-1,-1|-1,-1|-1,-1|-1,-1|-1,-1|-1,-1|-1,-1|-1,-1|9,30|
#type=4,4,4,4,4,4,4,4,0,
.........
#11111111111
#assigned_pet=-1,-1,-1,-1,-1,-1,-1,-1,-1,
#assigned_hub=2,1,7,0,3,8,5,4,-1,
#moving_targetting_pos=6,26|6,16|26,16|6,6|16,6|26,26|16,26|16,16|9,2|
#setting_targetting_pos=-1,-1|-1,-1|-1,-1|-1,-1|-1,-1|-1,-1|-1,-1|-1,-1|9,30|
#type=4,4,4,4,4,4,4,4,0,
.........
#11111111111
#assigned_pet=-1,-1,-1,-1,-1,-1,-1,-1,-1,
#assigned_hub=2,1,7,0,3,8,5,4,-1,
#moving_targetting_pos=6,26|6,16|26,16|6,6|16,6|26,26|16,26|16,16|9,2|
#setting_targetting_pos=-1,-1|-1,-1|-1,-1|-1,-1|-1,-1|-1,-1|-1,-1|-1,-1|9,30|
#type=4,4,4,4,4,4,4,4,0,
.........
#11111111111
#assigned_pet=-1,-1,-1,-1,-1,-1,-1,-1,-1,
#assigned_hub=2,1,7,0,3,8,5,4,-1,
#moving_targetting_pos=6,26|6,16|26,16|6,6|16,6|26,26|16,26|16,16|9,2|
#setting_targetting_pos=-1,-1|-1,-1|-1,-1|-1,-1|-1,-1|-1,-1|-1,-1|-1,-1|9,30|
#type=4,4,4,4,4,4,4,4,0,
.........
#11111111111
#assigned_pet=-1,-1,-1,-1,-1,-1,-1,-1,-1,
#assigned_hub=2,1,7,0,3,8,5,4,-1,
#moving_targetting_pos=6,26|6,16|26,16|6,6|16,6|26,26|16,26|16,16|9,2|
#setting_targetting_pos=-1,-1|-1,-1|-1,-1|-1,-1|-1,-1|-1,-1|-1,-1|-1,-1|9,30|
#type=4,4,4,4,4,4,4,4,0,
.........
#11111111111
#assigned_pet=-1,-1,-1,-1,-1,-1,-1,-1,-1,
#assigned_hub=2,1,7,0,3,8,5,4,-1,
#moving_targetting_pos=6,26|6,16|26,16|6,6|16,6|26,26|16,26|16,16|9,2|
#setting_targetting_pos=-1,-1|-1,-1|-1,-1|-1,-1|-1,-1|-1,-1|-1,-1|-1,-1|9,30|
#type=4,4,4,4,4,4,4,4,0,
.........
#11111111111
#assigned_pet=-1,-1,-1,-1,-1,-1,-1,-1,-1,
#assigned_hub=2,1,7,0,3,8,5,4,-1,
#moving_targetting_pos=6,26|6,16|26,16|6,6|16,6|26,26|16,26|16,16|9,2|
#setting_targetting_pos=-1,-1|-1,-1|-1,-1|-1,-1|-1,-1|-1,-1|-1,-1|-1,-1|9,30|
#type=4,4,4,4,4,4,4,4,0,
.........
#11111111111
#assigned_pet=-1,-1,-1,-1,-1,-1,-1,-1,-1,
#assigned_hub=2,1,7,0,3,8,5,4,-1,
#moving_targetting_pos=6,26|6,16|26,16|6,6|16,6|26,26|16,26|16,16|9,2|
#setting_targetting_pos=-1,-1|-1,-1|-1,-1|-1,-1|-1,-1|-1,-1|-1,-1|-1,-1|9,30|
#type=4,4,4,4,4,4,4,4,0,
.........
#11111111111
#assigned_pet=-1,-1,-1,-1,-1,-1,-1,-1,-1,
#assigned_hub=2,1,7,0,3,8,5,4,-1,
#moving_targetting_pos=6,26|6,16|26,16|6,6|16,6|26,26|16,26|16,16|9,2|
#setting_targetting_pos=-1,-1|-1,-1|-1,-1|-1,-1|-1,-1|-1,-1|-1,-1|-1,-1|9,30|
#type=4,4,4,4,4,4,4,4,0,
.........
#11111111111
#assigned_pet=-1,-1,-1,-1,-1,-1,-1,-1,-1,
#assigned_hub=2,1,7,0,3,8,5,4,-1,
#moving_targetting_pos=6,26|6,16|26,16|6,6|16,6|26,26|16,26|16,16|9,2|
#setting_targetting_pos=-1,-1|-1,-1|-1,-1|-1,-1|-1,-1|-1,-1|-1,-1|-1,-1|9,30|
#type=4,4,4,4,4,4,4,4,0,
.........
#11111111111
#assigned_pet=-1,-1,-1,-1,-1,-1,-1,-1,-1,
#assigned_hub=2,1,7,0,3,8,5,4,-1,
#moving_targetting_pos=6,26|6,16|26,16|6,6|16,6|26,26|16,26|16,16|9,2|
#setting_targetting_pos=-1,-1|-1,-1|-1,-1|-1,-1|-1,-1|-1,-1|-1,-1|-1,-1|9,30|
#type=4,4,4,4,4,4,4,4,0,
.........
#11111111111
#assigned_pet=-1,-1,-1,-1,-1,-1,-1,-1,-1,
#assigned_hub=2,1,7,0,3,8,5,4,-1,
#moving_targetting_pos=6,26|6,16|26,16|6,6|16,6|26,26|16,26|16,16|9,2|
#setting_targetting_pos=-1,-1|-1,-1|-1,-1|-1,-1|-1,-1|-1,-1|-1,-1|-1,-1|9,30|
#type=4,4,4,4,4,4,4,4,0,
.........
#11111111111
#assigned_pet=-1,-1,-1,-1,-1,-1,-1,-1,-1,
#assigned_hub=2,1,7,0,3,8,5,4,-1,
#moving_targetting_pos=6,26|6,16|26,16|6,6|16,6|26,26|16,26|16,16|9,2|
#setting_targetting_pos=-1,-1|-1,-1|-1,-1|-1,-1|-1,-1|-1,-1|-1,-1|-1,-1|9,30|
#type=4,4,4,4,4,4,4,4,0,
.........
#11111111111
#assigned_pet=-1,-1,-1,-1,-1,-1,-1,-1,-1,
#assigned_hub=2,1,7,0,3,8,5,4,-1,
#moving_targetting_pos=6,26|6,16|26,16|6,6|16,6|26,26|16,26|16,16|9,2|
#setting_targetting_pos=-1,-1|-1,-1|-1,-1|-1,-1|-1,-1|-1,-1|-1,-1|-1,-1|9,30|
#type=4,4,4,4,4,4,4,4,0,
.........
#11111111111
#assigned_pet=-1,-1,-1,-1,-1,-1,-1,-1,-1,
#assigned_hub=2,1,7,0,3,8,5,4,-1,
#moving_targetting_pos=6,26|6,16|26,16|6,6|16,6|26,26|16,26|16,16|9,2|
#setting_targetting_pos=-1,-1|-1,-1|-1,-1|-1,-1|-1,-1|-1,-1|-1,-1|-1,-1|9,30|
#type=4,4,4,4,4,4,4,4,0,
.........
#11111111111
#assigned_pet=-1,-1,-1,-1,-1,-1,-1,-1,-1,
#assigned_hub=2,1,7,0,3,8,5,4,-1,
#moving_targetting_pos=6,26|6,16|26,16|6,6|16,6|26,26|16,26|16,16|9,2|
#setting_targetting_pos=-1,-1|-1,-1|-1,-1|-1,-1|-1,-1|-1,-1|-1,-1|-1,-1|9,30|
#type=4,4,4,4,4,4,4,4,0,
.........
#11111111111
#assigned_pet=-1,-1,-1,-1,-1,-1,-1,-1,-1,
#assigned_hub=2,1,7,0,3,8,5,4,-1,
#moving_targetting_pos=6,26|6,16|26,16|6,6|16,6|26,26|16,26|16,16|9,2|
#setting_targetting_pos=-1,-1|-1,-1|-1,-1|-1,-1|-1,-1|-1,-1|-1,-1|-1,-1|9,30|
#type=4,4,4,4,4,4,4,4,0,
.........
#11111111111
#assigned_pet=-1,-1,-1,-1,-1,-1,-1,-1,-1,
#assigned_hub=2,1,7,0,3,8,5,4,-1,
#moving_targetting_pos=6,26|6,16|26,16|6,6|16,6|26,26|16,26|16,16|9,2|
#setting_targetting_pos=-1,-1|-1,-1|-1,-1|-1,-1|-1,-1|-1,-1|-1,-1|-1,-1|9,30|
#type=4,4,4,4,4,4,4,4,0,
.........
#11111111111
#assigned_pet=-1,-1,-1,-1,-1,-1,-1,-1,-1,
#assigned_hub=2,1,7,0,3,8,5,4,-1,
#moving_targetting_pos=6,26|6,16|26,16|6,6|16,6|26,26|16,26|16,16|9,2|
#setting_targetting_pos=-1,-1|-1,-1|-1,-1|-1,-1|-1,-1|-1,-1|-1,-1|-1,-1|9,30|
#type=4,4,4,4,4,4,4,4,0,
.........
#11111111111
#assigned_pet=-1,-1,-1,-1,-1,-1,-1,-1,-1,
#assigned_hub=2,1,7,0,3,8,5,4,-1,
#moving_targetting_pos=6,26|6,16|26,16|6,6|16,6|26,26|16,26|16,16|9,2|
#setting_targetting_pos=-1,-1|-1,-1|-1,-1|-1,-1|-1,-1|-1,-1|-1,-1|-1,-1|9,30|
#type=4,4,4,4,4,4,4,4,0,
.........
#11111111111
#assigned_pet=-1,-1,-1,-1,-1,-1,-1,-1,-1,
#assigned_hub=2,1,7,0,3,8,5,4,-1,
#moving_targetting_pos=6,26|6,16|26,16|6,6|16,6|26,26|16,26|16,16|9,2|
#setting_targetting_pos=-1,-1|-1,-1|-1,-1|-1,-1|-1,-1|-1,-1|-1,-1|-1,-1|9,30|
#type=4,4,4,4,4,4,4,4,0,
.........
#11111111111
#assigned_pet=-1,-1,-1,-1,-1,-1,-1,-1,-1,
#assigned_hub=2,1,7,0,3,8,5,4,-1,
#moving_targetting_pos=6,26|6,16|26,16|6,6|16,6|26,26|16,26|16,16|9,2|
#setting_targetting_pos=-1,-1|-1,-1|-1,-1|-1,-1|-1,-1|-1,-1|-1,-1|-1,-1|9,30|
#type=4,4,4,4,4,4,4,4,0,
.........
#11111111111
#assigned_pet=-1,-1,-1,-1,-1,-1,-1,-1,-1,
#assigned_hub=2,1,7,0,3,8,5,4,-1,
#moving_targetting_pos=6,26|6,16|26,16|6,6|16,6|26,26|16,26|16,16|9,2|
#setting_targetting_pos=-1,-1|-1,-1|-1,-1|-1,-1|-1,-1|-1,-1|-1,-1|-1,-1|9,30|
#type=4,4,4,4,4,4,4,4,0,
.........
#11111111111
#assigned_pet=-1,-1,-1,-1,-1,-1,-1,-1,-1,
#assigned_hub=2,1,7,0,3,8,5,4,-1,
#moving_targetting_pos=6,26|6,16|26,16|6,6|16,6|26,26|16,26|16,16|9,2|
#setting_targetting_pos=-1,-1|-1,-1|-1,-1|-1,-1|-1,-1|-1,-1|-1,-1|-1,-1|9,30|
#type=4,4,4,4,4,4,4,4,0,
.........
#11111111111
#assigned_pet=-1,-1,-1,-1,-1,-1,-1,-1,-1,
#assigned_hub=2,1,7,0,3,8,5,4,-1,
#moving_targetting_pos=6,26|6,16|26,16|6,6|16,6|26,26|16,26|16,16|9,2|
#setting_targetting_pos=-1,-1|-1,-1|-1,-1|-1,-1|-1,-1|-1,-1|-1,-1|-1,-1|9,30|
#type=4,4,4,4,4,4,4,4,0,
.........
#11111111111
#assigned_pet=-1,-1,-1,-1,-1,-1,-1,-1,-1,
#assigned_hub=2,1,7,0,3,8,5,4,-1,
#moving_targetting_pos=6,26|6,16|26,16|6,6|16,6|26,26|16,26|16,16|9,2|
#setting_targetting_pos=-1,-1|-1,-1|-1,-1|-1,-1|-1,-1|-1,-1|-1,-1|-1,-1|9,30|
#type=4,4,4,4,4,4,4,4,0,
.........
#11111111111
#assigned_pet=-1,-1,-1,-1,-1,-1,-1,-1,-1,
#assigned_hub=2,1,7,0,3,8,5,4,-1,
#moving_targetting_pos=6,26|6,16|26,16|6,6|16,6|26,26|16,26|16,16|9,2|
#setting_targetting_pos=-1,-1|-1,-1|-1,-1|-1,-1|-1,-1|-1,-1|-1,-1|-1,-1|9,30|
#type=4,4,4,4,4,4,4,4,0,
.........
#11111111111
#assigned_pet=-1,-1,-1,-1,-1,-1,-1,-1,-1,
#assigned_hub=2,1,7,0,3,8,5,4,-1,
#moving_targetting_pos=6,26|6,16|26,16|6,6|16,6|26,26|16,26|16,16|9,2|
#setting_targetting_pos=-1,-1|-1,-1|-1,-1|-1,-1|-1,-1|-1,-1|-1,-1|-1,-1|9,30|
#type=4,4,4,4,4,4,4,4,0,
.........
#11111111111
#assigned_pet=-1,-1,-1,-1,-1,-1,-1,-1,-1,
#assigned_hub=2,1,7,0,3,8,5,4,-1,
#moving_targetting_pos=6,26|6,16|26,16|6,6|16,6|26,26|16,26|16,16|9,2|
#setting_targetting_pos=-1,-1|-1,-1|-1,-1|-1,-1|-1,-1|-1,-1|-1,-1|-1,-1|9,30|
#type=4,4,4,4,4,4,4,4,0,
.........
#11111111111
#assigned_pet=-1,-1,-1,-1,-1,-1,-1,-1,-1,
#assigned_hub=2,1,7,0,3,8,5,4,-1,
#moving_targetting_pos=6,26|6,16|26,16|6,6|16,6|26,26|16,26|16,16|9,2|
#setting_targetting_pos=-1,-1|-1,-1|-1,-1|-1,-1|-1,-1|-1,-1|-1,-1|-1,-1|9,30|
#type=4,4,4,4,4,4,4,4,0,
.........
#11111111111
#assigned_pet=-1,-1,-1,-1,-1,-1,-1,-1,-1,
#assigned_hub=2,1,7,0,3,8,5,4,-1,
#moving_targetting_pos=6,26|6,16|26,16|6,6|16,6|26,26|16,26|16,16|9,2|
#setting_targetting_pos=-1,-1|-1,-1|-1,-1|-1,-1|-1,-1|-1,-1|-1,-1|-1,-1|9,30|
#type=4,4,4,4,4,4,4,4,0,
.........
#11111111111
#assigned_pet=-1,-1,-1,-1,-1,-1,-1,-1,-1,
#assigned_hub=2,1,7,0,3,8,5,4,-1,
#moving_targetting_pos=6,26|6,16|26,16|6,6|16,6|26,26|16,26|16,16|9,2|
#setting_targetting_pos=-1,-1|-1,-1|-1,-1|-1,-1|-1,-1|-1,-1|-1,-1|-1,-1|9,30|
#type=4,4,4,4,4,4,4,4,0,
.........
#11111111111
#assigned_pet=-1,-1,-1,-1,-1,-1,-1,-1,-1,
#assigned_hub=2,1,7,0,3,8,5,4,-1,
#moving_targetting_pos=6,26|6,16|26,16|6,6|16,6|26,26|16,26|16,16|9,2|
#setting_targetting_pos=-1,-1|-1,-1|-1,-1|-1,-1|-1,-1|-1,-1|-1,-1|-1,-1|9,30|
#type=4,4,4,4,4,4,4,4,0,
.........
#11111111111
#assigned_pet=-1,-1,-1,-1,-1,-1,-1,-1,-1,
#assigned_hub=2,1,7,0,3,8,5,4,-1,
#moving_targetting_pos=6,26|6,16|26,16|6,6|16,6|26,26|16,26|16,16|9,2|
#setting_targetting_pos=-1,-1|-1,-1|-1,-1|-1,-1|-1,-1|-1,-1|-1,-1|-1,-1|9,30|
#type=4,4,4,4,4,4,4,4,0,
.........
#11111111111
#assigned_pet=-1,-1,-1,-1,-1,-1,-1,-1,-1,
#assigned_hub=2,1,7,0,3,8,5,4,-1,
#moving_targetting_pos=6,26|6,16|26,16|6,6|16,6|26,26|16,26|16,16|9,2|
#setting_targetting_pos=-1,-1|-1,-1|-1,-1|-1,-1|-1,-1|-1,-1|-1,-1|-1,-1|9,30|
#type=4,4,4,4,4,4,4,4,0,
.........
#11111111111
#assigned_pet=-1,-1,-1,-1,-1,-1,-1,-1,-1,
#assigned_hub=2,1,7,0,3,8,5,4,-1,
#moving_targetting_pos=6,26|6,16|26,16|6,6|16,6|26,26|16,26|16,16|9,2|
#setting_targetting_pos=-1,-1|-1,-1|-1,-1|-1,-1|-1,-1|-1,-1|-1,-1|-1,-1|9,30|
#type=4,4,4,4,4,4,4,4,0,
.........
#11111111111
#assigned_pet=-1,-1,-1,-1,-1,-1,-1,-1,-1,
#assigned_hub=2,1,7,0,3,8,5,4,-1,
#moving_targetting_pos=6,26|6,16|26,16|6,6|16,6|26,26|16,26|16,16|9,2|
#setting_targetting_pos=-1,-1|-1,-1|-1,-1|-1,-1|-1,-1|-1,-1|-1,-1|-1,-1|9,30|
#type=4,4,4,4,4,4,4,4,0,
.........
#11111111111
#assigned_pet=-1,-1,-1,-1,-1,-1,-1,-1,-1,
#assigned_hub=2,1,7,0,3,8,5,4,-1,
#moving_targetting_pos=6,26|6,16|26,16|6,6|16,6|26,26|16,26|16,16|9,2|
#setting_targetting_pos=-1,-1|-1,-1|-1,-1|-1,-1|-1,-1|-1,-1|-1,-1|-1,-1|9,30|
#type=4,4,4,4,4,4,4,4,0,
.........
#11111111111
#assigned_pet=-1,-1,-1,-1,-1,-1,-1,-1,-1,
#assigned_hub=2,1,7,0,3,8,5,4,-1,
#moving_targetting_pos=6,26|6,16|26,16|6,6|16,6|26,26|16,26|16,16|9,2|
#setting_targetting_pos=-1,-1|-1,-1|-1,-1|-1,-1|-1,-1|-1,-1|-1,-1|-1,-1|9,30|
#type=4,4,4,4,4,4,4,4,0,
.........
#11111111111
#assigned_pet=-1,-1,-1,-1,-1,-1,-1,-1,-1,
#assigned_hub=2,1,7,0,3,8,5,4,-1,
#moving_targetting_pos=6,26|6,16|26,16|6,6|16,6|26,26|16,26|16,16|9,2|
#setting_targetting_pos=-1,-1|-1,-1|-1,-1|-1,-1|-1,-1|-1,-1|-1,-1|-1,-1|9,30|
#type=4,4,4,4,4,4,4,4,0,
.........
#11111111111
#assigned_pet=-1,-1,-1,-1,-1,-1,-1,-1,-1,
#assigned_hub=2,1,7,0,3,8,5,4,-1,
#moving_targetting_pos=6,26|6,16|26,16|6,6|16,6|26,26|16,26|16,16|9,2|
#setting_targetting_pos=-1,-1|-1,-1|-1,-1|-1,-1|-1,-1|-1,-1|-1,-1|-1,-1|9,30|
#type=4,4,4,4,4,4,4,4,0,
.........
#11111111111
#assigned_pet=-1,-1,-1,-1,-1,-1,-1,-1,-1,
#assigned_hub=2,1,7,0,3,8,5,4,-1,
#moving_targetting_pos=6,26|6,16|26,16|6,6|16,6|26,26|16,26|16,16|9,2|
#setting_targetting_pos=-1,-1|-1,-1|-1,-1|-1,-1|-1,-1|-1,-1|-1,-1|-1,-1|9,30|
#type=4,4,4,4,4,4,4,4,0,
.........
#11111111111
#assigned_pet=-1,-1,-1,-1,-1,-1,-1,-1,-1,
#assigned_hub=2,1,7,0,3,8,5,4,-1,
#moving_targetting_pos=6,26|6,16|26,16|6,6|16,6|26,26|16,26|16,16|9,2|
#setting_targetting_pos=-1,-1|-1,-1|-1,-1|-1,-1|-1,-1|-1,-1|-1,-1|-1,-1|9,30|
#type=4,4,4,4,4,4,4,4,0,
.........
#11111111111
#assigned_pet=-1,-1,-1,-1,-1,-1,-1,-1,-1,
#assigned_hub=2,1,7,0,3,8,5,4,-1,
#moving_targetting_pos=6,26|6,16|26,16|6,6|16,6|26,26|16,26|16,16|9,2|
#setting_targetting_pos=-1,-1|-1,-1|-1,-1|-1,-1|-1,-1|-1,-1|-1,-1|-1,-1|9,30|
#type=4,4,4,4,4,4,4,4,0,
.........
#11111111111
#assigned_pet=-1,-1,-1,-1,-1,-1,-1,-1,-1,
#assigned_hub=2,1,7,0,3,8,5,4,-1,
#moving_targetting_pos=6,26|6,16|26,16|6,6|16,6|26,26|16,26|16,16|9,2|
#setting_targetting_pos=-1,-1|-1,-1|-1,-1|-1,-1|-1,-1|-1,-1|-1,-1|-1,-1|9,30|
#type=4,4,4,4,4,4,4,4,0,
.........
#11111111111
#assigned_pet=-1,-1,-1,-1,-1,-1,-1,-1,-1,
#assigned_hub=2,1,7,0,3,8,5,4,-1,
#moving_targetting_pos=6,26|6,16|26,16|6,6|16,6|26,26|16,26|16,16|9,2|
#setting_targetting_pos=-1,-1|-1,-1|-1,-1|-1,-1|-1,-1|-1,-1|-1,-1|-1,-1|9,30|
#type=4,4,4,4,4,4,4,4,0,
.........
#11111111111
#assigned_pet=-1,-1,-1,-1,-1,-1,-1,-1,-1,
#assigned_hub=2,1,7,0,3,8,5,4,-1,
#moving_targetting_pos=6,26|6,16|26,16|6,6|16,6|26,26|16,26|16,16|9,2|
#setting_targetting_pos=-1,-1|-1,-1|-1,-1|-1,-1|-1,-1|-1,-1|-1,-1|-1,-1|9,30|
#type=4,4,4,4,4,4,4,4,0,
.........
#11111111111
#assigned_pet=-1,-1,-1,-1,-1,-1,-1,-1,-1,
#assigned_hub=2,1,7,0,3,8,5,4,-1,
#moving_targetting_pos=6,26|6,16|26,16|6,6|16,6|26,26|16,26|16,16|9,2|
#setting_targetting_pos=-1,-1|-1,-1|-1,-1|-1,-1|-1,-1|-1,-1|-1,-1|-1,-1|9,30|
#type=4,4,4,4,4,4,4,4,0,
.........
#11111111111
#assigned_pet=-1,-1,-1,-1,-1,-1,-1,-1,-1,
#assigned_hub=2,1,7,0,3,8,5,4,-1,
#moving_targetting_pos=6,26|6,16|26,16|6,6|16,6|26,26|16,26|16,16|9,2|
#setting_targetting_pos=-1,-1|-1,-1|-1,-1|-1,-1|-1,-1|-1,-1|-1,-1|-1,-1|9,30|
#type=4,4,4,4,4,4,4,4,0,
.........
#11111111111
#assigned_pet=-1,-1,-1,-1,-1,-1,-1,-1,-1,
#assigned_hub=2,1,7,0,3,8,5,4,-1,
#moving_targetting_pos=6,26|6,16|26,16|6,6|16,6|26,26|16,26|16,16|9,2|
#setting_targetting_pos=-1,-1|-1,-1|-1,-1|-1,-1|-1,-1|-1,-1|-1,-1|-1,-1|9,30|
#type=4,4,4,4,4,4,4,4,0,
.........
#11111111111
#assigned_pet=-1,-1,-1,-1,-1,-1,-1,-1,-1,
#assigned_hub=2,1,7,0,3,8,5,4,-1,
#moving_targetting_pos=6,26|6,16|26,16|6,6|16,6|26,26|16,26|16,16|9,2|
#setting_targetting_pos=-1,-1|-1,-1|-1,-1|-1,-1|-1,-1|-1,-1|-1,-1|-1,-1|9,30|
#type=4,4,4,4,4,4,4,4,0,
.........
#11111111111
#assigned_pet=-1,-1,-1,-1,-1,-1,-1,-1,-1,
#assigned_hub=2,1,7,0,3,8,5,4,-1,
#moving_targetting_pos=6,26|6,16|26,16|6,6|16,6|26,26|16,26|16,16|9,2|
#setting_targetting_pos=-1,-1|-1,-1|-1,-1|-1,-1|-1,-1|-1,-1|-1,-1|-1,-1|9,30|
#type=4,4,4,4,4,4,4,4,0,
.........
#11111111111
#assigned_pet=-1,-1,-1,-1,-1,-1,-1,-1,-1,
#assigned_hub=2,1,7,0,3,8,5,4,-1,
#moving_targetting_pos=6,26|6,16|26,16|6,6|16,6|26,26|16,26|16,16|9,2|
#setting_targetting_pos=-1,-1|-1,-1|-1,-1|-1,-1|-1,-1|-1,-1|-1,-1|-1,-1|9,30|
#type=4,4,4,4,4,4,4,4,0,
.........
#11111111111
#assigned_pet=-1,-1,-1,-1,-1,-1,-1,-1,-1,
#assigned_hub=2,1,7,0,3,8,5,4,-1,
#moving_targetting_pos=6,26|6,16|26,16|6,6|16,6|26,26|16,26|16,16|9,2|
#setting_targetting_pos=-1,-1|-1,-1|-1,-1|-1,-1|-1,-1|-1,-1|-1,-1|-1,-1|9,30|
#type=4,4,4,4,4,4,4,4,0,
.........
#11111111111
#assigned_pet=-1,-1,-1,-1,-1,-1,-1,-1,-1,
#assigned_hub=2,1,7,0,3,8,5,4,-1,
#moving_targetting_pos=6,26|6,16|26,16|6,6|16,6|26,26|16,26|16,16|9,2|
#setting_targetting_pos=-1,-1|-1,-1|-1,-1|-1,-1|-1,-1|-1,-1|-1,-1|-1,-1|9,30|
#type=4,4,4,4,4,4,4,4,0,
.........
#11111111111
#assigned_pet=-1,-1,-1,-1,-1,-1,-1,-1,-1,
#assigned_hub=2,1,7,0,3,8,5,4,-1,
#moving_targetting_pos=6,26|6,16|26,16|6,6|16,6|26,26|16,26|16,16|9,2|
#setting_targetting_pos=-1,-1|-1,-1|-1,-1|-1,-1|-1,-1|-1,-1|-1,-1|-1,-1|9,30|
#type=4,4,4,4,4,4,4,4,0,
.........
#11111111111
#assigned_pet=-1,-1,-1,-1,-1,-1,-1,-1,-1,
#assigned_hub=2,1,7,0,3,8,5,4,-1,
#moving_targetting_pos=6,26|6,16|26,16|6,6|16,6|26,26|16,26|16,16|9,2|
#setting_targetting_pos=-1,-1|-1,-1|-1,-1|-1,-1|-1,-1|-1,-1|-1,-1|-1,-1|9,30|
#type=4,4,4,4,4,4,4,4,0,
.........
#11111111111
#assigned_pet=-1,-1,-1,-1,-1,-1,-1,-1,-1,
#assigned_hub=2,1,7,0,3,8,5,4,-1,
#moving_targetting_pos=6,26|6,16|26,16|6,6|16,6|26,26|16,26|16,16|9,2|
#setting_targetting_pos=-1,-1|-1,-1|-1,-1|-1,-1|-1,-1|-1,-1|-1,-1|-1,-1|9,30|
#type=4,4,4,4,4,4,4,4,0,
.........
#11111111111
#assigned_pet=-1,-1,-1,-1,-1,-1,-1,-1,-1,
#assigned_hub=2,1,7,0,3,8,5,4,-1,
#moving_targetting_pos=6,26|6,16|26,16|6,6|16,6|26,26|16,26|16,16|9,2|
#setting_targetting_pos=-1,-1|-1,-1|-1,-1|-1,-1|-1,-1|-1,-1|-1,-1|-1,-1|9,30|
#type=4,4,4,4,4,4,4,4,0,
.........
#11111111111
#assigned_pet=-1,-1,-1,-1,-1,-1,-1,-1,-1,
#assigned_hub=2,1,7,0,3,8,5,4,-1,
#moving_targetting_pos=6,26|6,16|26,16|6,6|16,6|26,26|16,26|16,16|9,2|
#setting_targetting_pos=-1,-1|-1,-1|-1,-1|-1,-1|-1,-1|-1,-1|-1,-1|-1,-1|9,30|
#type=4,4,4,4,4,4,4,4,0,
.........
#11111111111
#assigned_pet=-1,-1,-1,-1,-1,-1,-1,-1,-1,
#assigned_hub=2,1,7,0,3,8,5,4,-1,
#moving_targetting_pos=6,26|6,16|26,16|6,6|16,6|26,26|16,26|16,16|9,2|
#setting_targetting_pos=-1,-1|-1,-1|-1,-1|-1,-1|-1,-1|-1,-1|-1,-1|-1,-1|9,30|
#type=4,4,4,4,4,4,4,4,0,
.........
#11111111111
#assigned_pet=-1,-1,-1,-1,-1,-1,-1,-1,-1,
#assigned_hub=2,1,7,0,3,8,5,4,-1,
#moving_targetting_pos=6,26|6,16|26,16|6,6|16,6|26,26|16,26|16,16|9,2|
#setting_targetting_pos=-1,-1|-1,-1|-1,-1|-1,-1|-1,-1|-1,-1|-1,-1|-1,-1|9,30|
#type=4,4,4,4,4,4,4,4,0,
.........
#11111111111
#assigned_pet=-1,-1,-1,-1,-1,-1,-1,-1,-1,
#assigned_hub=2,1,7,0,3,8,5,4,-1,
#moving_targetting_pos=6,26|6,16|26,16|6,6|16,6|26,26|16,26|16,16|9,2|
#setting_targetting_pos=-1,-1|-1,-1|-1,-1|-1,-1|-1,-1|-1,-1|-1,-1|-1,-1|9,30|
#type=4,4,4,4,4,4,4,4,0,
.........
#11111111111
#assigned_pet=-1,-1,-1,-1,-1,-1,-1,-1,-1,
#assigned_hub=2,1,7,0,3,8,5,4,-1,
#moving_targetting_pos=6,26|6,16|26,16|6,6|16,6|26,26|16,26|16,16|9,2|
#setting_targetting_pos=-1,-1|-1,-1|-1,-1|-1,-1|-1,-1|-1,-1|-1,-1|-1,-1|9,30|
#type=4,4,4,4,4,4,4,4,0,
.........
#11111111111
#assigned_pet=-1,-1,-1,-1,-1,-1,-1,-1,-1,
#assigned_hub=2,1,7,0,3,8,5,4,-1,
#moving_targetting_pos=6,26|6,16|26,16|6,6|16,6|26,26|16,26|16,16|9,2|
#setting_targetting_pos=-1,-1|-1,-1|-1,-1|-1,-1|-1,-1|-1,-1|-1,-1|-1,-1|9,30|
#type=4,4,4,4,4,4,4,4,0,
.........
#11111111111
#assigned_pet=-1,-1,-1,-1,-1,-1,-1,-1,-1,
#assigned_hub=2,1,7,0,3,8,5,4,-1,
#moving_targetting_pos=6,26|6,16|26,16|6,6|16,6|26,26|16,26|16,16|9,2|
#setting_targetting_pos=-1,-1|-1,-1|-1,-1|-1,-1|-1,-1|-1,-1|-1,-1|-1,-1|9,30|
#type=4,4,4,4,4,4,4,4,0,
.........
#11111111111
#assigned_pet=-1,-1,-1,-1,-1,-1,-1,-1,-1,
#assigned_hub=2,1,7,0,3,8,5,4,-1,
#moving_targetting_pos=6,26|6,16|26,16|6,6|16,6|26,26|16,26|16,16|9,2|
#setting_targetting_pos=-1,-1|-1,-1|-1,-1|-1,-1|-1,-1|-1,-1|-1,-1|-1,-1|9,30|
#type=4,4,4,4,4,4,4,4,0,
.........
#11111111111
#assigned_pet=-1,-1,-1,-1,-1,-1,-1,-1,-1,
#assigned_hub=2,1,7,0,3,8,5,4,-1,
#moving_targetting_pos=6,26|6,16|26,16|6,6|16,6|26,26|16,26|16,16|9,2|
#setting_targetting_pos=-1,-1|-1,-1|-1,-1|-1,-1|-1,-1|-1,-1|-1,-1|-1,-1|9,30|
#type=4,4,4,4,4,4,4,4,0,
.........
#11111111111
#assigned_pet=-1,-1,-1,-1,-1,-1,-1,-1,-1,
#assigned_hub=2,1,7,0,3,8,5,4,-1,
#moving_targetting_pos=6,26|6,16|26,16|6,6|16,6|26,26|16,26|16,16|9,2|
#setting_targetting_pos=-1,-1|-1,-1|-1,-1|-1,-1|-1,-1|-1,-1|-1,-1|-1,-1|9,30|
#type=4,4,4,4,4,4,4,4,0,
.........
#11111111111
#assigned_pet=-1,-1,-1,-1,-1,-1,-1,-1,-1,
#assigned_hub=2,1,7,0,3,8,5,4,-1,
#moving_targetting_pos=6,26|6,16|26,16|6,6|16,6|26,26|16,26|16,16|9,2|
#setting_targetting_pos=-1,-1|-1,-1|-1,-1|-1,-1|-1,-1|-1,-1|-1,-1|-1,-1|9,30|
#type=4,4,4,4,4,4,4,4,0,
.........
#11111111111
#assigned_pet=-1,-1,-1,-1,-1,-1,-1,-1,-1,
#assigned_hub=2,1,7,0,3,8,5,4,-1,
#moving_targetting_pos=6,26|6,16|26,16|6,6|16,6|26,26|16,26|16,16|9,2|
#setting_targetting_pos=-1,-1|-1,-1|-1,-1|-1,-1|-1,-1|-1,-1|-1,-1|-1,-1|9,30|
#type=4,4,4,4,4,4,4,4,0,
.........
#11111111111
#assigned_pet=-1,-1,-1,-1,-1,-1,-1,-1,-1,
#assigned_hub=2,1,7,0,3,8,5,4,-1,
#moving_targetting_pos=6,26|6,16|26,16|6,6|16,6|26,26|16,26|16,16|9,2|
#setting_targetting_pos=-1,-1|-1,-1|-1,-1|-1,-1|-1,-1|-1,-1|-1,-1|-1,-1|9,30|
#type=4,4,4,4,4,4,4,4,0,
.........
#11111111111
#assigned_pet=-1,-1,-1,-1,-1,-1,-1,-1,-1,
#assigned_hub=2,1,7,0,3,8,5,4,-1,
#moving_targetting_pos=6,26|6,16|26,16|6,6|16,6|26,26|16,26|16,16|9,2|
#setting_targetting_pos=-1,-1|-1,-1|-1,-1|-1,-1|-1,-1|-1,-1|-1,-1|-1,-1|9,30|
#type=4,4,4,4,4,4,4,4,0,
.........
#11111111111
#assigned_pet=-1,-1,-1,-1,-1,-1,-1,-1,-1,
#assigned_hub=2,1,7,0,3,8,5,4,-1,
#moving_targetting_pos=6,26|6,16|26,16|6,6|16,6|26,26|16,26|16,16|9,2|
#setting_targetting_pos=-1,-1|-1,-1|-1,-1|-1,-1|-1,-1|-1,-1|-1,-1|-1,-1|9,30|
#type=4,4,4,4,4,4,4,4,0,
.........
#11111111111
#assigned_pet=-1,-1,-1,-1,-1,-1,-1,-1,-1,
#assigned_hub=2,1,7,0,3,8,5,4,-1,
#moving_targetting_pos=6,26|6,16|26,16|6,6|16,6|26,26|16,26|16,16|9,2|
#setting_targetting_pos=-1,-1|-1,-1|-1,-1|-1,-1|-1,-1|-1,-1|-1,-1|-1,-1|9,30|
#type=4,4,4,4,4,4,4,4,0,
.........
#11111111111
#assigned_pet=-1,-1,-1,-1,-1,-1,-1,-1,-1,
#assigned_hub=2,1,7,0,3,8,5,4,-1,
#moving_targetting_pos=6,26|6,16|26,16|6,6|16,6|26,26|16,26|16,16|9,2|
#setting_targetting_pos=-1,-1|-1,-1|-1,-1|-1,-1|-1,-1|-1,-1|-1,-1|-1,-1|9,30|
#type=4,4,4,4,4,4,4,4,0,
.........
#11111111111
#assigned_pet=-1,-1,-1,-1,-1,-1,-1,-1,-1,
#assigned_hub=2,1,7,0,3,8,5,4,-1,
#moving_targetting_pos=6,26|6,16|26,16|6,6|16,6|26,26|16,26|16,16|9,2|
#setting_targetting_pos=-1,-1|-1,-1|-1,-1|-1,-1|-1,-1|-1,-1|-1,-1|-1,-1|9,30|
#type=4,4,4,4,4,4,4,4,0,
.........
#11111111111
#assigned_pet=-1,-1,-1,-1,-1,-1,-1,-1,-1,
#assigned_hub=2,1,7,0,3,8,5,4,-1,
#moving_targetting_pos=6,26|6,16|26,16|6,6|16,6|26,26|16,26|16,16|9,2|
#setting_targetting_pos=-1,-1|-1,-1|-1,-1|-1,-1|-1,-1|-1,-1|-1,-1|-1,-1|9,30|
#type=4,4,4,4,4,4,4,4,0,
.........
#11111111111
#assigned_pet=-1,-1,-1,-1,-1,-1,-1,-1,-1,
#assigned_hub=2,1,7,0,3,8,5,4,-1,
#moving_targetting_pos=6,26|6,16|26,16|6,6|16,6|26,26|16,26|16,16|9,2|
#setting_targetting_pos=-1,-1|-1,-1|-1,-1|-1,-1|-1,-1|-1,-1|-1,-1|-1,-1|9,30|
#type=4,4,4,4,4,4,4,4,0,
.........
#11111111111
#assigned_pet=-1,-1,-1,-1,-1,-1,-1,-1,-1,
#assigned_hub=2,1,7,0,3,8,5,4,-1,
#moving_targetting_pos=6,26|6,16|26,16|6,6|16,6|26,26|16,26|16,16|9,2|
#setting_targetting_pos=-1,-1|-1,-1|-1,-1|-1,-1|-1,-1|-1,-1|-1,-1|-1,-1|9,30|
#type=4,4,4,4,4,4,4,4,0,
.........
#11111111111
#assigned_pet=-1,-1,-1,-1,-1,-1,-1,-1,-1,
#assigned_hub=2,1,7,0,3,8,5,4,-1,
#moving_targetting_pos=6,26|6,16|26,16|6,6|16,6|26,26|16,26|16,16|9,2|
#setting_targetting_pos=-1,-1|-1,-1|-1,-1|-1,-1|-1,-1|-1,-1|-1,-1|-1,-1|9,30|
#type=4,4,4,4,4,4,4,4,0,
.........
#11111111111
#assigned_pet=-1,-1,-1,-1,-1,-1,-1,-1,-1,
#assigned_hub=2,1,7,0,3,8,5,4,-1,
#moving_targetting_pos=6,26|6,16|26,16|6,6|16,6|26,26|16,26|16,16|9,2|
#setting_targetting_pos=-1,-1|-1,-1|-1,-1|-1,-1|-1,-1|-1,-1|-1,-1|-1,-1|9,30|
#type=4,4,4,4,4,4,4,4,0,
.........
#11111111111
#assigned_pet=-1,-1,-1,-1,-1,-1,-1,-1,-1,
#assigned_hub=2,1,7,0,3,8,5,4,-1,
#moving_targetting_pos=6,26|6,16|26,16|6,6|16,6|26,26|16,26|16,16|9,2|
#setting_targetting_pos=-1,-1|-1,-1|-1,-1|-1,-1|-1,-1|-1,-1|-1,-1|-1,-1|9,30|
#type=4,4,4,4,4,4,4,4,0,
.........
#11111111111
#assigned_pet=-1,-1,-1,-1,-1,-1,-1,-1,-1,
#assigned_hub=2,1,7,0,3,8,5,4,-1,
#moving_targetting_pos=6,26|6,16|26,16|6,6|16,6|26,26|16,26|16,16|9,2|
#setting_targetting_pos=-1,-1|-1,-1|-1,-1|-1,-1|-1,-1|-1,-1|-1,-1|-1,-1|9,30|
#type=4,4,4,4,4,4,4,4,0,
.........
#11111111111
#assigned_pet=-1,-1,-1,-1,-1,-1,-1,-1,-1,
#assigned_hub=2,1,7,0,3,8,5,4,-1,
#moving_targetting_pos=6,26|6,16|26,16|6,6|16,6|26,26|16,26|16,16|9,2|
#setting_targetting_pos=-1,-1|-1,-1|-1,-1|-1,-1|-1,-1|-1,-1|-1,-1|-1,-1|9,30|
#type=4,4,4,4,4,4,4,4,0,
.........
#11111111111
#assigned_pet=-1,-1,-1,-1,-1,-1,-1,-1,-1,
#assigned_hub=2,1,7,0,3,8,5,4,-1,
#moving_targetting_pos=6,26|6,16|26,16|6,6|16,6|26,26|16,26|16,16|9,2|
#setting_targetting_pos=-1,-1|-1,-1|-1,-1|-1,-1|-1,-1|-1,-1|-1,-1|-1,-1|9,30|
#type=4,4,4,4,4,4,4,4,0,
.........
#11111111111
#assigned_pet=-1,-1,-1,-1,-1,-1,-1,-1,-1,
#assigned_hub=2,1,7,0,3,8,5,4,-1,
#moving_targetting_pos=6,26|6,16|26,16|6,6|16,6|26,26|16,26|16,16|9,2|
#setting_targetting_pos=-1,-1|-1,-1|-1,-1|-1,-1|-1,-1|-1,-1|-1,-1|-1,-1|9,30|
#type=4,4,4,4,4,4,4,4,0,
.........
#11111111111
#assigned_pet=-1,-1,-1,-1,-1,-1,-1,-1,-1,
#assigned_hub=2,1,7,0,3,8,5,4,-1,
#moving_targetting_pos=6,26|6,16|26,16|6,6|16,6|26,26|16,26|16,16|9,2|
#setting_targetting_pos=-1,-1|-1,-1|-1,-1|-1,-1|-1,-1|-1,-1|-1,-1|-1,-1|9,30|
#type=4,4,4,4,4,4,4,4,0,
.........
#11111111111
#assigned_pet=-1,-1,-1,-1,-1,-1,-1,-1,-1,
#assigned_hub=2,1,7,0,3,8,5,4,-1,
#moving_targetting_pos=6,26|6,16|26,16|6,6|16,6|26,26|16,26|16,16|9,2|
#setting_targetting_pos=-1,-1|-1,-1|-1,-1|-1,-1|-1,-1|-1,-1|-1,-1|-1,-1|9,30|
#type=4,4,4,4,4,4,4,4,0,
.........
#11111111111
#assigned_pet=-1,-1,-1,-1,-1,-1,-1,-1,-1,
#assigned_hub=2,1,7,0,3,8,5,4,-1,
#moving_targetting_pos=6,26|6,16|26,16|6,6|16,6|26,26|16,26|16,16|9,2|
#setting_targetting_pos=-1,-1|-1,-1|-1,-1|-1,-1|-1,-1|-1,-1|-1,-1|-1,-1|9,30|
#type=4,4,4,4,4,4,4,4,0,
.........
#11111111111
#assigned_pet=-1,-1,-1,-1,-1,-1,-1,-1,-1,
#assigned_hub=2,1,7,0,3,8,5,4,-1,
#moving_targetting_pos=6,26|6,16|26,16|6,6|16,6|26,26|16,26|16,16|9,2|
#setting_targetting_pos=-1,-1|-1,-1|-1,-1|-1,-1|-1,-1|-1,-1|-1,-1|-1,-1|9,30|
#type=4,4,4,4,4,4,4,4,0,
.........
#11111111111
#assigned_pet=-1,-1,-1,-1,-1,-1,-1,-1,-1,
#assigned_hub=2,1,7,0,3,8,5,4,-1,
#moving_targetting_pos=6,26|6,16|26,16|6,6|16,6|26,26|16,26|16,16|9,2|
#setting_targetting_pos=-1,-1|-1,-1|-1,-1|-1,-1|-1,-1|-1,-1|-1,-1|-1,-1|9,30|
#type=4,4,4,4,4,4,4,4,0,
.........
#11111111111
#assigned_pet=-1,-1,-1,-1,-1,-1,-1,-1,-1,
#assigned_hub=2,1,7,0,3,8,5,4,-1,
#moving_targetting_pos=6,26|6,16|26,16|6,6|16,6|26,26|16,26|16,16|9,2|
#setting_targetting_pos=-1,-1|-1,-1|-1,-1|-1,-1|-1,-1|-1,-1|-1,-1|-1,-1|9,30|
#type=4,4,4,4,4,4,4,4,0,
.........
#11111111111
#assigned_pet=-1,-1,-1,-1,-1,-1,-1,-1,-1,
#assigned_hub=2,1,7,0,3,8,5,4,-1,
#moving_targetting_pos=6,26|6,16|26,16|6,6|16,6|26,26|16,26|16,16|9,2|
#setting_targetting_pos=-1,-1|-1,-1|-1,-1|-1,-1|-1,-1|-1,-1|-1,-1|-1,-1|9,30|
#type=4,4,4,4,4,4,4,4,0,
.........
#11111111111
#assigned_pet=-1,-1,-1,-1,-1,-1,-1,-1,-1,
#assigned_hub=2,1,7,0,3,8,5,4,-1,
#moving_targetting_pos=6,26|6,16|26,16|6,6|16,6|26,26|16,26|16,16|9,2|
#setting_targetting_pos=-1,-1|-1,-1|-1,-1|-1,-1|-1,-1|-1,-1|-1,-1|-1,-1|9,30|
#type=4,4,4,4,4,4,4,4,0,
.........
#11111111111
#assigned_pet=-1,-1,-1,-1,-1,-1,-1,-1,-1,
#assigned_hub=2,1,7,0,3,8,5,4,-1,
#moving_targetting_pos=6,26|6,16|26,16|6,6|16,6|26,26|16,26|16,16|9,2|
#setting_targetting_pos=-1,-1|-1,-1|-1,-1|-1,-1|-1,-1|-1,-1|-1,-1|-1,-1|9,30|
#type=4,4,4,4,4,4,4,4,0,
.........
#11111111111
#assigned_pet=-1,-1,-1,-1,-1,-1,-1,-1,-1,
#assigned_hub=2,1,7,0,3,8,5,4,-1,
#moving_targetting_pos=6,26|6,16|26,16|6,6|16,6|26,26|16,26|16,16|9,2|
#setting_targetting_pos=-1,-1|-1,-1|-1,-1|-1,-1|-1,-1|-1,-1|-1,-1|-1,-1|9,30|
#type=4,4,4,4,4,4,4,4,0,
.........
#11111111111
#assigned_pet=-1,-1,-1,-1,-1,-1,-1,-1,-1,
#assigned_hub=2,1,7,0,3,8,5,4,-1,
#moving_targetting_pos=6,26|6,16|26,16|6,6|16,6|26,26|16,26|16,16|9,2|
#setting_targetting_pos=-1,-1|-1,-1|-1,-1|-1,-1|-1,-1|-1,-1|-1,-1|-1,-1|9,30|
#type=4,4,4,4,4,4,4,4,0,
.........
#11111111111
#assigned_pet=-1,-1,-1,-1,-1,-1,-1,-1,-1,
#assigned_hub=2,1,7,0,3,8,5,4,-1,
#moving_targetting_pos=6,26|6,16|26,16|6,6|16,6|26,26|16,26|16,16|9,2|
#setting_targetting_pos=-1,-1|-1,-1|-1,-1|-1,-1|-1,-1|-1,-1|-1,-1|-1,-1|9,30|
#type=4,4,4,4,4,4,4,4,0,
.........
#11111111111
#assigned_pet=-1,-1,-1,-1,-1,-1,-1,-1,-1,
#assigned_hub=2,1,7,0,3,8,5,4,-1,
#moving_targetting_pos=6,26|6,16|26,16|6,6|16,6|26,26|16,26|16,16|9,2|
#setting_targetting_pos=-1,-1|-1,-1|-1,-1|-1,-1|-1,-1|-1,-1|-1,-1|-1,-1|9,30|
#type=4,4,4,4,4,4,4,4,0,
.........
#11111111111
#assigned_pet=-1,-1,-1,-1,-1,-1,-1,-1,-1,
#assigned_hub=2,1,7,0,3,8,5,4,-1,
#moving_targetting_pos=6,26|6,16|26,16|6,6|16,6|26,26|16,26|16,16|9,2|
#setting_targetting_pos=-1,-1|-1,-1|-1,-1|-1,-1|-1,-1|-1,-1|-1,-1|-1,-1|9,30|
#type=4,4,4,4,4,4,4,4,0,
.........
#11111111111
#assigned_pet=-1,-1,-1,-1,-1,-1,-1,-1,-1,
#assigned_hub=2,1,7,0,3,8,5,4,-1,
#moving_targetting_pos=6,26|6,16|26,16|6,6|16,6|26,26|16,26|16,16|9,2|
#setting_targetting_pos=-1,-1|-1,-1|-1,-1|-1,-1|-1,-1|-1,-1|-1,-1|-1,-1|9,30|
#type=4,4,4,4,4,4,4,4,0,
.........
#11111111111
#assigned_pet=-1,-1,-1,-1,-1,-1,-1,-1,-1,
#assigned_hub=2,1,7,0,3,8,5,4,-1,
#moving_targetting_pos=6,26|6,16|26,16|6,6|16,6|26,26|16,26|16,16|9,2|
#setting_targetting_pos=-1,-1|-1,-1|-1,-1|-1,-1|-1,-1|-1,-1|-1,-1|-1,-1|9,30|
#type=4,4,4,4,4,4,4,4,0,
.........
#11111111111
#assigned_pet=-1,-1,-1,-1,-1,-1,-1,-1,-1,
#assigned_hub=2,1,7,0,3,8,5,4,-1,
#moving_targetting_pos=6,26|6,16|26,16|6,6|16,6|26,26|16,26|16,16|9,2|
#setting_targetting_pos=-1,-1|-1,-1|-1,-1|-1,-1|-1,-1|-1,-1|-1,-1|-1,-1|9,30|
#type=4,4,4,4,4,4,4,4,0,
.........
#11111111111
#assigned_pet=-1,-1,-1,-1,-1,-1,-1,-1,-1,
#assigned_hub=2,1,7,0,3,8,5,4,-1,
#moving_targetting_pos=6,26|6,16|26,16|6,6|16,6|26,26|16,26|16,16|9,2|
#setting_targetting_pos=-1,-1|-1,-1|-1,-1|-1,-1|-1,-1|-1,-1|-1,-1|-1,-1|9,30|
#type=4,4,4,4,4,4,4,4,0,
.........
#11111111111
#assigned_pet=-1,-1,-1,-1,-1,-1,-1,-1,-1,
#assigned_hub=2,1,7,0,3,8,5,4,-1,
#moving_targetting_pos=6,26|6,16|26,16|6,6|16,6|26,26|16,26|16,16|9,2|
#setting_targetting_pos=-1,-1|-1,-1|-1,-1|-1,-1|-1,-1|-1,-1|-1,-1|-1,-1|9,30|
#type=4,4,4,4,4,4,4,4,0,
.........
#11111111111
#assigned_pet=-1,-1,-1,-1,-1,-1,-1,-1,-1,
#assigned_hub=2,1,7,0,3,8,5,4,-1,
#moving_targetting_pos=6,26|6,16|26,16|6,6|16,6|26,26|16,26|16,16|9,2|
#setting_targetting_pos=-1,-1|-1,-1|-1,-1|-1,-1|-1,-1|-1,-1|-1,-1|-1,-1|9,30|
#type=4,4,4,4,4,4,4,4,0,
.........
#11111111111
#assigned_pet=-1,-1,-1,-1,-1,-1,-1,-1,-1,
#assigned_hub=2,1,7,0,3,8,5,4,-1,
#moving_targetting_pos=6,26|6,16|26,16|6,6|16,6|26,26|16,26|16,16|9,2|
#setting_targetting_pos=-1,-1|-1,-1|-1,-1|-1,-1|-1,-1|-1,-1|-1,-1|-1,-1|9,30|
#type=4,4,4,4,4,4,4,4,0,
.........
#11111111111
#assigned_pet=-1,-1,-1,-1,-1,-1,-1,-1,-1,
#assigned_hub=2,1,7,0,3,8,5,4,-1,
#moving_targetting_pos=6,26|6,16|26,16|6,6|16,6|26,26|16,26|16,16|9,2|
#setting_targetting_pos=-1,-1|-1,-1|-1,-1|-1,-1|-1,-1|-1,-1|-1,-1|-1,-1|9,30|
#type=4,4,4,4,4,4,4,4,0,
.........
#11111111111
#assigned_pet=-1,-1,-1,-1,-1,-1,-1,-1,-1,
#assigned_hub=2,1,7,0,3,8,5,4,-1,
#moving_targetting_pos=6,26|6,16|26,16|6,6|16,6|26,26|16,26|16,16|9,2|
#setting_targetting_pos=-1,-1|-1,-1|-1,-1|-1,-1|-1,-1|-1,-1|-1,-1|-1,-1|9,30|
#type=4,4,4,4,4,4,4,4,0,
.........
#11111111111
#assigned_pet=-1,-1,-1,-1,-1,-1,-1,-1,-1,
#assigned_hub=2,1,7,0,3,8,5,4,-1,
#moving_targetting_pos=6,26|6,16|26,16|6,6|16,6|26,26|16,26|16,16|9,2|
#setting_targetting_pos=-1,-1|-1,-1|-1,-1|-1,-1|-1,-1|-1,-1|-1,-1|-1,-1|9,30|
#type=4,4,4,4,4,4,4,4,0,
.........
#11111111111
#assigned_pet=-1,-1,-1,-1,-1,-1,-1,-1,-1,
#assigned_hub=2,1,7,0,3,8,5,4,-1,
#moving_targetting_pos=6,26|6,16|26,16|6,6|16,6|26,26|16,26|16,16|9,2|
#setting_targetting_pos=-1,-1|-1,-1|-1,-1|-1,-1|-1,-1|-1,-1|-1,-1|-1,-1|9,30|
#type=4,4,4,4,4,4,4,4,0,
.........
#11111111111
#assigned_pet=-1,-1,-1,-1,-1,-1,-1,-1,-1,
#assigned_hub=2,1,7,0,3,8,5,4,-1,
#moving_targetting_pos=6,26|6,16|26,16|6,6|16,6|26,26|16,26|16,16|9,2|
#setting_targetting_pos=-1,-1|-1,-1|-1,-1|-1,-1|-1,-1|-1,-1|-1,-1|-1,-1|9,30|
#type=4,4,4,4,4,4,4,4,0,
.........
#11111111111
#assigned_pet=-1,-1,-1,-1,-1,-1,-1,-1,-1,
#assigned_hub=2,1,7,0,3,8,5,4,-1,
#moving_targetting_pos=6,26|6,16|26,16|6,6|16,6|26,26|16,26|16,16|9,2|
#setting_targetting_pos=-1,-1|-1,-1|-1,-1|-1,-1|-1,-1|-1,-1|-1,-1|-1,-1|9,30|
#type=4,4,4,4,4,4,4,4,0,
.........
#11111111111
#assigned_pet=-1,-1,-1,-1,-1,-1,-1,-1,-1,
#assigned_hub=2,1,7,0,3,8,5,4,-1,
#moving_targetting_pos=6,26|6,16|26,16|6,6|16,6|26,26|16,26|16,16|9,2|
#setting_targetting_pos=-1,-1|-1,-1|-1,-1|-1,-1|-1,-1|-1,-1|-1,-1|-1,-1|9,30|
#type=4,4,4,4,4,4,4,4,0,
.........
#11111111111
#assigned_pet=-1,-1,-1,-1,-1,-1,-1,-1,-1,
#assigned_hub=2,1,7,0,3,8,5,4,-1,
#moving_targetting_pos=6,26|6,16|26,16|6,6|16,6|26,26|16,26|16,16|9,2|
#setting_targetting_pos=-1,-1|-1,-1|-1,-1|-1,-1|-1,-1|-1,-1|-1,-1|-1,-1|9,30|
#type=4,4,4,4,4,4,4,4,0,
.........
#11111111111
#assigned_pet=-1,-1,-1,-1,-1,-1,-1,-1,-1,
#assigned_hub=2,1,7,0,3,8,5,4,-1,
#moving_targetting_pos=6,26|6,16|26,16|6,6|16,6|26,26|16,26|16,16|9,2|
#setting_targetting_pos=-1,-1|-1,-1|-1,-1|-1,-1|-1,-1|-1,-1|-1,-1|-1,-1|9,30|
#type=4,4,4,4,4,4,4,4,0,
.........
#11111111111
#assigned_pet=-1,-1,-1,-1,-1,-1,-1,-1,-1,
#assigned_hub=2,1,7,0,3,8,5,4,-1,
#moving_targetting_pos=6,26|6,16|26,16|6,6|16,6|26,26|16,26|16,16|9,2|
#setting_targetting_pos=-1,-1|-1,-1|-1,-1|-1,-1|-1,-1|-1,-1|-1,-1|-1,-1|9,30|
#type=4,4,4,4,4,4,4,4,0,
.........
#11111111111
#assigned_pet=-1,-1,-1,-1,-1,-1,-1,-1,-1,
#assigned_hub=2,1,7,0,3,8,5,4,-1,
#moving_targetting_pos=6,26|6,16|26,16|6,6|16,6|26,26|16,26|16,16|9,2|
#setting_targetting_pos=-1,-1|-1,-1|-1,-1|-1,-1|-1,-1|-1,-1|-1,-1|-1,-1|9,30|
#type=4,4,4,4,4,4,4,4,0,
.........
#11111111111
#assigned_pet=-1,-1,-1,-1,-1,-1,-1,-1,-1,
#assigned_hub=2,1,7,0,3,8,5,4,-1,
#moving_targetting_pos=6,26|6,16|26,16|6,6|16,6|26,26|16,26|16,16|9,2|
#setting_targetting_pos=-1,-1|-1,-1|-1,-1|-1,-1|-1,-1|-1,-1|-1,-1|-1,-1|9,30|
#type=4,4,4,4,4,4,4,4,0,
.........
#11111111111
#assigned_pet=-1,-1,-1,-1,-1,-1,-1,-1,-1,
#assigned_hub=2,1,7,0,3,8,5,4,-1,
#moving_targetting_pos=6,26|6,16|26,16|6,6|16,6|26,26|16,26|16,16|9,2|
#setting_targetting_pos=-1,-1|-1,-1|-1,-1|-1,-1|-1,-1|-1,-1|-1,-1|-1,-1|9,30|
#type=4,4,4,4,4,4,4,4,0,
.........
#11111111111
#assigned_pet=-1,-1,-1,-1,-1,-1,-1,-1,-1,
#assigned_hub=2,1,7,0,3,8,5,4,-1,
#moving_targetting_pos=6,26|6,16|26,16|6,6|16,6|26,26|16,26|16,16|9,2|
#setting_targetting_pos=-1,-1|-1,-1|-1,-1|-1,-1|-1,-1|-1,-1|-1,-1|-1,-1|9,30|
#type=4,4,4,4,4,4,4,4,0,
.........
#11111111111
#assigned_pet=-1,-1,-1,-1,-1,-1,-1,-1,-1,
#assigned_hub=2,1,7,0,3,8,5,4,-1,
#moving_targetting_pos=6,26|6,16|26,16|6,6|16,6|26,26|16,26|16,16|9,2|
#setting_targetting_pos=-1,-1|-1,-1|-1,-1|-1,-1|-1,-1|-1,-1|-1,-1|-1,-1|9,30|
#type=4,4,4,4,4,4,4,4,0,
.........
#11111111111
#assigned_pet=-1,-1,-1,-1,-1,-1,-1,-1,-1,
#assigned_hub=2,1,7,0,3,8,5,4,-1,
#moving_targetting_pos=6,26|6,16|26,16|6,6|16,6|26,26|16,26|16,16|9,2|
#setting_targetting_pos=-1,-1|-1,-1|-1,-1|-1,-1|-1,-1|-1,-1|-1,-1|-1,-1|9,30|
#type=4,4,4,4,4,4,4,4,0,
.........
#11111111111
#assigned_pet=-1,-1,-1,-1,-1,-1,-1,-1,-1,
#assigned_hub=2,1,7,0,3,8,5,4,-1,
#moving_targetting_pos=6,26|6,16|26,16|6,6|16,6|26,26|16,26|16,16|9,2|
#setting_targetting_pos=-1,-1|-1,-1|-1,-1|-1,-1|-1,-1|-1,-1|-1,-1|-1,-1|9,30|
#type=4,4,4,4,4,4,4,4,0,
.........
#11111111111
#assigned_pet=-1,-1,-1,-1,-1,-1,-1,-1,-1,
#assigned_hub=2,1,7,0,3,8,5,4,-1,
#moving_targetting_pos=6,26|6,16|26,16|6,6|16,6|26,26|16,26|16,16|9,2|
#setting_targetting_pos=-1,-1|-1,-1|-1,-1|-1,-1|-1,-1|-1,-1|-1,-1|-1,-1|9,30|
#type=4,4,4,4,4,4,4,4,0,
.........
#11111111111
#assigned_pet=-1,-1,-1,-1,-1,-1,-1,-1,-1,
#assigned_hub=2,1,7,0,3,8,5,4,-1,
#moving_targetting_pos=6,26|6,16|26,16|6,6|16,6|26,26|16,26|16,16|9,2|
#setting_targetting_pos=-1,-1|-1,-1|-1,-1|-1,-1|-1,-1|-1,-1|-1,-1|-1,-1|9,30|
#type=4,4,4,4,4,4,4,4,0,
.........
#11111111111
#assigned_pet=-1,-1,-1,-1,-1,-1,-1,-1,-1,
#assigned_hub=2,1,7,0,3,8,5,4,-1,
#moving_targetting_pos=6,26|6,16|26,16|6,6|16,6|26,26|16,26|16,16|9,2|
#setting_targetting_pos=-1,-1|-1,-1|-1,-1|-1,-1|-1,-1|-1,-1|-1,-1|-1,-1|9,30|
#type=4,4,4,4,4,4,4,4,0,
.........
#11111111111
#assigned_pet=-1,-1,-1,-1,-1,-1,-1,-1,-1,
#assigned_hub=2,1,7,0,3,8,5,4,-1,
#moving_targetting_pos=6,26|6,16|26,16|6,6|16,6|26,26|16,26|16,16|9,2|
#setting_targetting_pos=-1,-1|-1,-1|-1,-1|-1,-1|-1,-1|-1,-1|-1,-1|-1,-1|9,30|
#type=4,4,4,4,4,4,4,4,0,
.........
#11111111111
#assigned_pet=-1,-1,-1,-1,-1,-1,-1,-1,-1,
#assigned_hub=2,1,7,0,3,8,5,4,-1,
#moving_targetting_pos=6,26|6,16|26,16|6,6|16,6|26,26|16,26|16,16|9,2|
#setting_targetting_pos=-1,-1|-1,-1|-1,-1|-1,-1|-1,-1|-1,-1|-1,-1|-1,-1|9,30|
#type=4,4,4,4,4,4,4,4,0,
.........
#11111111111
#assigned_pet=-1,-1,-1,-1,-1,-1,-1,-1,-1,
#assigned_hub=2,1,7,0,3,8,5,4,-1,
#moving_targetting_pos=6,26|6,16|26,16|6,6|16,6|26,26|16,26|16,16|9,2|
#setting_targetting_pos=-1,-1|-1,-1|-1,-1|-1,-1|-1,-1|-1,-1|-1,-1|-1,-1|9,30|
#type=4,4,4,4,4,4,4,4,0,
.........
#11111111111
#assigned_pet=-1,-1,-1,-1,-1,-1,-1,-1,-1,
#assigned_hub=2,1,7,0,3,8,5,4,-1,
#moving_targetting_pos=6,26|6,16|26,16|6,6|16,6|26,26|16,26|16,16|9,2|
#setting_targetting_pos=-1,-1|-1,-1|-1,-1|-1,-1|-1,-1|-1,-1|-1,-1|-1,-1|9,30|
#type=4,4,4,4,4,4,4,4,0,
.........
#11111111111
#assigned_pet=-1,-1,-1,-1,-1,-1,-1,-1,-1,
#assigned_hub=2,1,7,0,3,8,5,4,-1,
#moving_targetting_pos=6,26|6,16|26,16|6,6|16,6|26,26|16,26|16,16|9,2|
#setting_targetting_pos=-1,-1|-1,-1|-1,-1|-1,-1|-1,-1|-1,-1|-1,-1|-1,-1|9,30|
#type=4,4,4,4,4,4,4,4,0,
.........
#11111111111
#assigned_pet=-1,-1,-1,-1,-1,-1,-1,-1,-1,
#assigned_hub=2,1,7,0,3,8,5,4,-1,
#moving_targetting_pos=6,26|6,16|26,16|6,6|16,6|26,26|16,26|16,16|9,2|
#setting_targetting_pos=-1,-1|-1,-1|-1,-1|-1,-1|-1,-1|-1,-1|-1,-1|-1,-1|9,30|
#type=4,4,4,4,4,4,4,4,0,
.........
#11111111111
#assigned_pet=-1,-1,-1,-1,-1,-1,-1,-1,-1,
#assigned_hub=2,1,7,0,3,8,5,4,-1,
#moving_targetting_pos=6,26|6,16|26,16|6,6|16,6|26,26|16,26|16,16|9,2|
#setting_targetting_pos=-1,-1|-1,-1|-1,-1|-1,-1|-1,-1|-1,-1|-1,-1|-1,-1|9,30|
#type=4,4,4,4,4,4,4,4,0,
.........
#11111111111
#assigned_pet=-1,-1,-1,-1,-1,-1,-1,-1,-1,
#assigned_hub=2,1,7,0,3,8,5,4,-1,
#moving_targetting_pos=6,26|6,16|26,16|6,6|16,6|26,26|16,26|16,16|9,2|
#setting_targetting_pos=-1,-1|-1,-1|-1,-1|-1,-1|-1,-1|-1,-1|-1,-1|-1,-1|9,30|
#type=4,4,4,4,4,4,4,4,0,
.........
#11111111111
#assigned_pet=-1,-1,-1,-1,-1,-1,-1,-1,-1,
#assigned_hub=2,1,7,0,3,8,5,4,-1,
#moving_targetting_pos=6,26|6,16|26,16|6,6|16,6|26,26|16,26|16,16|9,2|
#setting_targetting_pos=-1,-1|-1,-1|-1,-1|-1,-1|-1,-1|-1,-1|-1,-1|-1,-1|9,30|
#type=4,4,4,4,4,4,4,4,0,
.........
#11111111111
#assigned_pet=-1,-1,-1,-1,-1,-1,-1,-1,-1,
#assigned_hub=2,1,7,0,3,8,5,4,-1,
#moving_targetting_pos=6,26|6,16|26,16|6,6|16,6|26,26|16,26|16,16|9,2|
#setting_targetting_pos=-1,-1|-1,-1|-1,-1|-1,-1|-1,-1|-1,-1|-1,-1|-1,-1|9,30|
#type=4,4,4,4,4,4,4,4,0,
.........
#11111111111
#assigned_pet=-1,-1,-1,-1,-1,-1,-1,-1,-1,
#assigned_hub=2,1,7,0,3,8,5,4,-1,
#moving_targetting_pos=6,26|6,16|26,16|6,6|16,6|26,26|16,26|16,16|9,2|
#setting_targetting_pos=-1,-1|-1,-1|-1,-1|-1,-1|-1,-1|-1,-1|-1,-1|-1,-1|9,30|
#type=4,4,4,4,4,4,4,4,0,
.........
#11111111111
#assigned_pet=-1,-1,-1,-1,-1,-1,-1,-1,-1,
#assigned_hub=2,1,7,0,3,8,5,4,-1,
#moving_targetting_pos=6,26|6,16|26,16|6,6|16,6|26,26|16,26|16,16|9,2|
#setting_targetting_pos=-1,-1|-1,-1|-1,-1|-1,-1|-1,-1|-1,-1|-1,-1|-1,-1|9,30|
#type=4,4,4,4,4,4,4,4,0,
.........
#11111111111
#assigned_pet=-1,-1,-1,-1,-1,-1,-1,-1,-1,
#assigned_hub=2,1,7,0,3,8,5,4,-1,
#moving_targetting_pos=6,26|6,16|26,16|6,6|16,6|26,26|16,26|16,16|9,2|
#setting_targetting_pos=-1,-1|-1,-1|-1,-1|-1,-1|-1,-1|-1,-1|-1,-1|-1,-1|9,30|
#type=4,4,4,4,4,4,4,4,0,
.........
#11111111111
#assigned_pet=-1,-1,-1,-1,-1,-1,-1,-1,-1,
#assigned_hub=2,1,7,0,3,8,5,4,-1,
#moving_targetting_pos=6,26|6,16|26,16|6,6|16,6|26,26|16,26|16,16|9,2|
#setting_targetting_pos=-1,-1|-1,-1|-1,-1|-1,-1|-1,-1|-1,-1|-1,-1|-1,-1|9,30|
#type=4,4,4,4,4,4,4,4,0,
.........
#11111111111
#assigned_pet=-1,-1,-1,-1,-1,-1,-1,-1,-1,
#assigned_hub=2,1,7,0,3,8,5,4,-1,
#moving_targetting_pos=6,26|6,16|26,16|6,6|16,6|26,26|16,26|16,16|9,2|
#setting_targetting_pos=-1,-1|-1,-1|-1,-1|-1,-1|-1,-1|-1,-1|-1,-1|-1,-1|9,30|
#type=4,4,4,4,4,4,4,4,0,
.........
#11111111111
#assigned_pet=-1,-1,-1,-1,-1,-1,-1,-1,-1,
#assigned_hub=2,1,7,0,3,8,5,4,-1,
#moving_targetting_pos=6,26|6,16|26,16|6,6|16,6|26,26|16,26|16,16|9,2|
#setting_targetting_pos=-1,-1|-1,-1|-1,-1|-1,-1|-1,-1|-1,-1|-1,-1|-1,-1|9,30|
#type=4,4,4,4,4,4,4,4,0,
.........
#11111111111
#assigned_pet=-1,-1,-1,-1,-1,-1,-1,-1,-1,
#assigned_hub=2,1,7,0,3,8,5,4,-1,
#moving_targetting_pos=6,26|6,16|26,16|6,6|16,6|26,26|16,26|16,16|9,2|
#setting_targetting_pos=-1,-1|-1,-1|-1,-1|-1,-1|-1,-1|-1,-1|-1,-1|-1,-1|9,30|
#type=4,4,4,4,4,4,4,4,0,
.........
