#000000000000
#assigned_pet=-1,-1,-1,-1,-1,-1,-1,-1,
#assigned_hub=-1,-1,-1,-1,-1,-1,-1,-1,
#moving_targetting_pos=22,29|15,30|12,29|2,29|19,30|25,1|5,1|9,2|
#setting_targetting_pos=22,1|15,1|12,1|2,1|19,2|25,30|5,30|9,30|
#type=1,1,1,1,1,1,1,1,
RRRRDLLL
#000000000000
#assigned_pet=-1,-1,-1,-1,-1,-1,-1,-1,
#assigned_hub=-1,-1,-1,-1,-1,-1,-1,-1,
#moving_targetting_pos=22,29|15,30|12,29|2,29|19,30|25,1|5,1|9,2|
#setting_targetting_pos=22,1|15,1|12,1|2,1|19,2|25,30|5,30|9,30|
#type=1,1,1,1,1,1,1,1,
RRRRDLLL
#000000000000
#assigned_pet=-1,-1,-1,-1,-1,-1,-1,-1,
#assigned_hub=-1,-1,-1,-1,-1,-1,-1,-1,
#moving_targetting_pos=22,29|15,30|12,29|2,29|19,30|25,1|5,1|9,2|
#setting_targetting_pos=22,1|15,1|12,1|2,1|19,2|25,30|5,30|9,30|
#type=1,1,1,1,2,1,1,1,
RRRRdLLL
#000000000000
#assigned_pet=-1,-1,-1,-1,-1,-1,-1,-1,
#assigned_hub=-1,-1,-1,-1,-1,-1,-1,-1,
#moving_targetting_pos=22,29|15,30|12,29|2,29|19,30|25,1|5,1|9,2|
#setting_targetting_pos=22,1|15,1|12,1|2,1|19,2|25,30|5,30|9,30|
#type=1,1,1,1,2,1,1,1,
RRRRLLLL
#000000000000
#assigned_pet=-1,-1,-1,-1,-1,-1,-1,-1,
#assigned_hub=-1,-1,-1,-1,-1,-1,-1,-1,
#moving_targetting_pos=22,29|15,30|12,29|2,29|19,30|25,1|5,1|9,2|
#setting_targetting_pos=22,1|15,1|12,1|2,1|19,2|25,30|5,30|9,30|
#type=1,1,1,1,2,1,1,1,
RRRULLLL
#000000000000
#assigned_pet=-1,-1,-1,-1,-1,-1,-1,-1,
#assigned_hub=-1,-1,-1,-1,-1,-1,-1,-1,
#moving_targetting_pos=22,29|15,30|12,29|2,29|19,30|25,1|5,1|9,2|
#setting_targetting_pos=22,1|15,1|12,1|2,1|19,2|25,30|5,30|9,30|
#type=1,1,1,1,2,1,1,1,
RURUrLLL
#000000000000
#assigned_pet=-1,-1,-1,-1,-1,-1,-1,-1,
#assigned_hub=-1,-1,-1,-1,-1,-1,-1,-1,
#moving_targetting_pos=22,29|15,30|12,29|2,29|19,30|25,1|5,1|9,2|
#setting_targetting_pos=22,1|15,1|12,1|2,1|19,2|25,30|5,30|9,30|
#type=1,1,1,2,2,1,1,1,
RURruLLL
#000000000000
#assigned_pet=-1,-1,-1,-1,-1,-1,-1,-1,
#assigned_hub=-1,-1,-1,-1,-1,-1,-1,-1,
#moving_targetting_pos=22,29|15,30|12,29|2,29|19,30|25,1|5,1|9,2|
#setting_targetting_pos=22,1|15,1|12,1|2,1|19,2|25,30|5,30|9,30|
#type=1,2,1,2,2,1,1,1,
RdRdLLLL
#000000000000
#assigned_pet=-1,-1,-1,-1,-1,-1,-1,-1,
#assigned_hub=-1,-1,-1,-1,-1,-1,-1,-1,
#moving_targetting_pos=22,29|15,30|12,29|2,29|19,30|25,1|5,1|9,2|
#setting_targetting_pos=22,1|15,1|12,1|2,1|19,2|25,30|5,30|9,30|
#type=1,2,1,2,2,1,1,1,
RLRLLLLL
#000000000000
#assigned_pet=-1,-1,-1,-1,-1,-1,-1,-1,
#assigned_hub=-1,-1,-1,-1,-1,-1,-1,-1,
#moving_targetting_pos=22,29|15,30|12,29|2,29|19,30|25,1|5,1|9,2|
#setting_targetting_pos=22,1|15,1|12,1|2,1|19,2|25,30|5,30|9,30|
#type=1,2,1,2,2,1,1,1,
RdRLdLDL
#000000000000
#assigned_pet=-1,-1,-1,-1,-1,-1,-1,-1,
#assigned_hub=-1,-1,-1,-1,-1,-1,-1,-1,
#moving_targetting_pos=22,29|15,30|12,29|2,29|19,30|25,1|5,1|9,2|
#setting_targetting_pos=22,1|15,1|12,1|2,1|19,2|25,30|5,30|9,30|
#type=1,2,1,2,2,1,1,1,
RLRLLLDL
#000000000000
#assigned_pet=-1,-1,-1,-1,-1,-1,-1,-1,
#assigned_hub=-1,-1,-1,-1,-1,-1,-1,-1,
#moving_targetting_pos=22,29|15,30|12,29|2,29|19,30|25,1|5,1|9,2|
#setting_targetting_pos=22,1|15,1|12,1|2,1|19,2|25,30|5,30|9,30|
#type=1,2,1,2,2,1,2,1,
U.RdrDdL
#000000000000
#assigned_pet=-1,-1,-1,-1,-1,-1,-1,-1,
#assigned_hub=-1,-1,-1,-1,-1,-1,-1,-1,
#moving_targetting_pos=22,29|15,30|12,29|2,29|19,30|25,1|5,1|9,2|
#setting_targetting_pos=22,1|15,1|12,1|2,1|19,2|25,30|5,30|9,30|
#type=1,2,1,2,2,1,2,2,
UuUuLDRd
#000000000000
#assigned_pet=-1,-1,-1,-1,-1,-1,-1,-1,
#assigned_hub=-1,-1,-1,-1,-1,-1,-1,-1,
#moving_targetting_pos=22,29|15,30|12,29|2,29|19,30|25,1|5,1|9,2|
#setting_targetting_pos=22,1|15,1|12,1|2,1|19,2|25,30|5,30|9,30|
#type=2,2,1,2,2,1,2,2,
rLULuDdR
#000000000000
#assigned_pet=-1,-1,-1,-1,-1,-1,-1,-1,
#assigned_hub=-1,-1,-1,-1,-1,-1,-1,-1,
#moving_targetting_pos=22,29|15,30|12,29|2,29|19,30|25,1|5,1|9,2|
#setting_targetting_pos=22,1|15,1|12,1|2,1|19,2|25,30|5,30|9,30|
#type=2,2,2,2,2,2,2,2,
dLrrLdRR
#000000000000
#assigned_pet=-1,-1,-1,-1,-1,-1,-1,-1,
#assigned_hub=-1,-1,-1,-1,-1,-1,-1,-1,
#moving_targetting_pos=22,29|15,30|12,29|2,29|19,30|25,1|5,1|9,2|
#setting_targetting_pos=22,1|15,1|12,1|2,1|19,2|25,30|5,30|9,30|
#type=2,2,2,2,2,2,2,2,
LLdLLRdl
#000000000000
#assigned_pet=-1,-1,-1,-1,-1,-1,-1,-1,
#assigned_hub=-1,-1,-1,-1,-1,-1,-1,-1,
#moving_targetting_pos=22,29|15,30|12,29|2,29|19,30|25,1|5,1|9,2|
#setting_targetting_pos=22,1|15,1|12,1|2,1|19,2|25,30|5,30|9,30|
#type=2,2,2,2,2,2,2,2,
LLLLrdRu
#000000000000
#assigned_pet=-1,-1,-1,-1,-1,-1,-1,-1,
#assigned_hub=-1,-1,-1,-1,-1,-1,-1,-1,
#moving_targetting_pos=22,29|15,30|12,29|2,29|19,30|25,1|5,1|9,2|
#setting_targetting_pos=22,1|15,1|12,1|2,1|19,2|25,30|5,30|9,30|
#type=2,2,2,2,2,2,2,2,
LuLddR.R
#000000000000
#assigned_pet=-1,-1,-1,-1,-1,-1,-1,-1,
#assigned_hub=-1,-1,-1,-1,-1,-1,-1,-1,
#moving_targetting_pos=22,29|15,30|12,29|2,29|19,30|25,1|5,1|9,2|
#setting_targetting_pos=22,1|15,1|12,1|2,1|19,2|25,30|5,30|9,30|
#type=2,2,2,2,2,2,2,2,
dLLLLd.R
#000000000000
#assigned_pet=-1,-1,-1,-1,-1,-1,-1,-1,
#assigned_hub=-1,-1,-1,-1,-1,-1,-1,-1,
#moving_targetting_pos=22,29|15,30|12,29|2,29|19,30|25,1|5,1|9,2|
#setting_targetting_pos=22,1|15,1|12,1|2,1|19,2|25,30|5,30|9,30|
#type=2,2,2,2,2,2,2,2,
uduLLRud
#000000000000
#assigned_pet=-1,-1,-1,-1,-1,-1,-1,-1,
#assigned_hub=-1,-1,-1,-1,-1,-1,-1,-1,
#moving_targetting_pos=22,29|15,30|12,29|2,29|19,30|25,1|5,1|9,2|
#setting_targetting_pos=22,1|15,1|12,1|2,1|19,2|25,30|5,30|9,30|
#type=2,2,2,2,2,2,2,2,
LL.rduRR
#000000000000
#assigned_pet=-1,-1,-1,-1,-1,-1,-1,-1,
#assigned_hub=-1,-1,-1,-1,-1,-1,-1,-1,
#moving_targetting_pos=22,29|15,30|12,29|2,29|19,30|25,1|5,1|9,2|
#setting_targetting_pos=22,1|15,1|12,1|2,1|19,2|25,30|5,30|9,30|
#type=2,2,2,2,2,2,2,2,
rd.uLRRl
#000000000000
#assigned_pet=-1,-1,-1,-1,-1,-1,-1,-1,
#assigned_hub=-1,-1,-1,-1,-1,-1,-1,-1,
#moving_targetting_pos=22,29|15,30|12,29|2,29|19,30|25,1|5,1|9,2|
#setting_targetting_pos=22,1|15,1|12,1|2,1|19,2|25,30|5,30|9,30|
#type=2,2,2,2,2,2,2,2,
LLdLLRRR
#000000000000
#assigned_pet=-1,-1,-1,-1,-1,-1,-1,-1,
#assigned_hub=-1,-1,-1,-1,-1,-1,-1,-1,
#moving_targetting_pos=22,29|15,30|12,29|2,29|19,30|25,1|5,1|9,2|
#setting_targetting_pos=22,1|15,1|12,1|2,1|19,2|25,30|5,30|9,30|
#type=2,2,2,2,2,2,2,2,
L.LLrRRu
#000000000000
#assigned_pet=-1,-1,-1,-1,-1,-1,-1,-1,
#assigned_hub=-1,-1,-1,-1,-1,-1,-1,-1,
#moving_targetting_pos=22,29|15,30|12,29|2,29|19,30|25,1|5,1|9,2|
#setting_targetting_pos=22,1|15,1|12,1|2,1|19,2|25,30|5,30|9,30|
#type=2,2,2,2,2,2,2,2,
d..ruRuR
#000000000000
#assigned_pet=-1,-1,-1,-1,-1,-1,-1,-1,
#assigned_hub=-1,-1,-1,-1,-1,-1,-1,-1,
#moving_targetting_pos=22,29|15,30|12,29|2,29|19,30|25,1|5,1|9,2|
#setting_targetting_pos=22,1|15,1|12,1|2,1|19,2|25,30|5,30|9,30|
#type=2,2,2,2,2,2,2,2,
L.rdLuRR
#000000000000
#assigned_pet=-1,-1,-1,-1,-1,-1,-1,-1,
#assigned_hub=-1,-1,-1,-1,-1,-1,-1,-1,
#moving_targetting_pos=22,29|15,30|12,29|2,29|19,30|25,1|5,1|9,2|
#setting_targetting_pos=22,1|15,1|12,1|2,1|19,2|25,30|5,30|9,30|
#type=2,2,2,2,2,2,2,2,
L.LLLRdl
#000000000000
#assigned_pet=-1,-1,-1,-1,-1,-1,-1,-1,
#assigned_hub=-1,-1,-1,-1,-1,-1,-1,-1,
#moving_targetting_pos=22,29|15,30|12,29|2,29|19,30|25,1|5,1|9,2|
#setting_targetting_pos=22,1|15,1|12,1|2,1|19,2|25,30|5,30|9,30|
#type=2,2,2,2,2,2,2,2,
r.LLddRd
#000000000000
#assigned_pet=-1,-1,-1,-1,-1,-1,-1,-1,
#assigned_hub=-1,-1,-1,-1,-1,-1,-1,-1,
#moving_targetting_pos=22,29|15,30|12,29|2,29|19,30|25,1|5,1|9,2|
#setting_targetting_pos=22,1|15,1|12,1|2,1|19,2|25,30|5,30|9,30|
#type=2,2,2,2,2,2,2,2,
u.dLLRdR
#000000000000
#assigned_pet=-1,-1,-1,-1,-1,-1,-1,-1,
#assigned_hub=-1,-1,-1,-1,-1,-1,-1,-1,
#moving_targetting_pos=22,29|15,30|12,29|2,29|19,30|25,1|5,1|9,2|
#setting_targetting_pos=22,1|15,1|12,1|2,1|19,2|25,30|5,30|9,30|
#type=2,2,2,2,2,2,2,2,
L.LdrdRR
#000000000000
#assigned_pet=-1,-1,-1,-1,-1,-1,-1,-1,
#assigned_hub=-1,-1,-1,-1,-1,-1,-1,-1,
#moving_targetting_pos=22,29|15,30|12,29|2,29|19,30|25,1|5,1|9,2|
#setting_targetting_pos=22,1|15,1|12,1|2,1|19,2|25,30|5,30|9,30|
#type=2,2,2,2,2,2,2,2,
LdLuLRdd
#000000000000
#assigned_pet=-1,-1,-1,-1,-1,-1,-1,-1,
#assigned_hub=-1,-1,-1,-1,-1,-1,-1,-1,
#moving_targetting_pos=22,29|15,30|12,29|2,29|19,30|25,1|5,1|9,2|
#setting_targetting_pos=22,1|15,1|12,1|2,1|19,2|25,30|5,30|9,30|
#type=2,2,2,2,2,2,2,2,
rLrLudRR
#000000000000
#assigned_pet=-1,-1,-1,-1,-1,-1,-1,-1,
#assigned_hub=-1,-1,-1,-1,-1,-1,-1,-1,
#moving_targetting_pos=22,29|15,30|12,29|2,29|19,30|25,1|5,1|9,2|
#setting_targetting_pos=22,1|15,1|12,1|2,1|19,2|25,30|5,30|9,30|
#type=2,2,2,2,2,2,2,2,
dd.rLRdR
#000000000000
#assigned_pet=-1,-1,-1,-1,-1,-1,-1,-1,
#assigned_hub=-1,-1,-1,-1,-1,-1,-1,-1,
#moving_targetting_pos=22,29|15,30|12,29|2,29|19,30|25,1|5,1|9,2|
#setting_targetting_pos=22,1|15,1|12,1|2,1|19,2|25,30|5,30|9,30|
#type=2,2,2,2,2,2,2,2,
LLuLLdRu
#000000000000
#assigned_pet=-1,-1,-1,-1,-1,-1,-1,-1,
#assigned_hub=-1,-1,-1,-1,-1,-1,-1,-1,
#moving_targetting_pos=22,29|15,30|12,29|2,29|19,30|25,1|5,1|9,2|
#setting_targetting_pos=22,1|15,1|12,1|2,1|19,2|25,30|5,30|9,30|
#type=2,2,2,2,2,2,2,2,
LdLLrRdl
#000000000000
#assigned_pet=-1,-1,-1,-1,-1,-1,-1,-1,
#assigned_hub=-1,-1,-1,-1,-1,-1,-1,-1,
#moving_targetting_pos=22,29|15,30|12,29|2,29|19,30|25,1|5,1|9,2|
#setting_targetting_pos=22,1|15,1|12,1|2,1|19,2|25,30|5,30|9,30|
#type=2,2,2,2,2,2,2,2,
LLLdddRR
#000000000000
#assigned_pet=-1,-1,-1,-1,-1,-1,-1,-1,
#assigned_hub=-1,-1,-1,-1,-1,-1,-1,-1,
#moving_targetting_pos=22,29|15,30|12,29|2,29|19,30|25,1|5,1|9,2|
#setting_targetting_pos=22,1|15,1|12,1|2,1|19,2|25,30|5,30|9,30|
#type=2,2,2,2,2,2,2,2,
durLLRuR
#000000000000
#assigned_pet=-1,-1,-1,-1,-1,-1,-1,-1,
#assigned_hub=-1,-1,-1,-1,-1,-1,-1,-1,
#moving_targetting_pos=22,29|15,30|12,29|2,29|19,30|25,1|5,1|9,2|
#setting_targetting_pos=22,1|15,1|12,1|2,1|19,2|25,30|5,30|9,30|
#type=2,2,2,2,2,2,2,2,
uLdLLuRd
#000000000000
#assigned_pet=-1,-1,-1,-1,-1,-1,-1,-1,
#assigned_hub=-1,-1,-1,-1,-1,-1,-1,-1,
#moving_targetting_pos=22,29|15,30|12,29|2,29|19,30|25,1|5,1|9,2|
#setting_targetting_pos=22,1|15,1|12,1|2,1|19,2|25,30|5,30|9,30|
#type=2,2,2,2,2,2,2,2,
LLLrdRRR
#000000000000
#assigned_pet=-1,-1,-1,-1,-1,-1,-1,-1,
#assigned_hub=-1,-1,-1,-1,-1,-1,-1,-1,
#moving_targetting_pos=22,29|15,30|12,29|2,29|19,30|25,1|5,1|9,2|
#setting_targetting_pos=22,1|15,1|12,1|2,1|19,2|25,30|5,30|9,30|
#type=2,2,2,2,2,2,2,2,
rLLuLRR.
#000000000000
#assigned_pet=-1,-1,-1,-1,-1,-1,-1,-1,
#assigned_hub=-1,-1,-1,-1,-1,-1,-1,-1,
#moving_targetting_pos=22,29|15,30|12,29|2,29|19,30|25,1|5,1|9,2|
#setting_targetting_pos=22,1|15,1|12,1|2,1|19,2|25,30|5,30|9,30|
#type=2,2,2,2,2,2,2,2,
LLLLLRR.
#000000000000
#assigned_pet=-1,-1,-1,-1,-1,-1,-1,-1,
#assigned_hub=-1,-1,-1,-1,-1,-1,-1,-1,
#moving_targetting_pos=22,29|15,30|12,29|2,29|19,30|25,1|5,1|9,2|
#setting_targetting_pos=22,1|15,1|12,1|2,1|19,2|25,30|5,30|9,30|
#type=2,2,2,2,2,2,2,2,
LudLrRul
#000000000000
#assigned_pet=-1,-1,-1,-1,-1,-1,-1,-1,
#assigned_hub=-1,-1,-1,-1,-1,-1,-1,-1,
#moving_targetting_pos=22,29|15,30|12,29|2,29|19,30|25,1|5,1|9,2|
#setting_targetting_pos=22,1|15,1|12,1|2,1|19,2|25,30|5,30|9,30|
#type=2,2,2,2,2,2,2,2,
dL.ruuRR
#000000000000
#assigned_pet=-1,-1,-1,-1,-1,-1,-1,-1,
#assigned_hub=-1,-1,-1,-1,-1,-1,-1,-1,
#moving_targetting_pos=22,29|15,30|12,29|2,29|19,30|25,1|5,1|9,2|
#setting_targetting_pos=22,1|15,1|12,1|2,1|19,2|25,30|5,30|9,30|
#type=2,2,2,2,2,2,2,2,
LdudLRdu
#000000000000
#assigned_pet=-1,-1,-1,-1,-1,-1,-1,-1,
#assigned_hub=-1,-1,-1,-1,-1,-1,-1,-1,
#moving_targetting_pos=22,29|15,30|12,29|2,29|19,30|25,1|5,1|9,2|
#setting_targetting_pos=22,1|15,1|12,1|2,1|19,2|25,30|5,30|9,30|
#type=2,2,2,2,2,2,2,2,
LLLLLdRR
#000000000000
#assigned_pet=-1,-1,-1,-1,-1,-1,-1,-1,
#assigned_hub=-1,-1,-1,-1,-1,-1,-1,-1,
#moving_targetting_pos=22,29|15,30|12,29|2,29|19,30|25,1|5,1|9,2|
#setting_targetting_pos=22,1|15,1|12,1|2,1|19,2|25,30|5,30|9,30|
#type=2,2,2,2,2,2,2,2,
rd.LdRdR
#000000000000
#assigned_pet=-1,-1,-1,-1,-1,-1,-1,-1,
#assigned_hub=-1,-1,-1,-1,-1,-1,-1,-1,
#moving_targetting_pos=22,29|15,30|12,29|2,29|19,30|25,1|5,1|9,2|
#setting_targetting_pos=22,1|15,1|12,1|2,1|19,2|25,30|5,30|9,30|
#type=2,2,2,2,2,2,2,2,
uLrLLdRl
#000000000000
#assigned_pet=-1,-1,-1,-1,-1,-1,-1,-1,
#assigned_hub=-1,-1,-1,-1,-1,-1,-1,-1,
#moving_targetting_pos=22,29|15,30|12,29|2,29|19,30|25,1|5,1|9,2|
#setting_targetting_pos=22,1|15,1|12,1|2,1|19,2|25,30|5,30|9,30|
#type=2,2,2,2,2,2,2,2,
LdLdrR.d
#000000000000
#assigned_pet=-1,-1,-1,-1,-1,-1,-1,-1,
#assigned_hub=-1,-1,-1,-1,-1,-1,-1,-1,
#moving_targetting_pos=22,29|15,30|12,29|2,29|19,30|25,1|5,1|9,2|
#setting_targetting_pos=22,1|15,1|12,1|2,1|19,2|25,30|5,30|9,30|
#type=2,2,2,2,2,2,2,2,
LLLuLddR
#000000000000
#assigned_pet=-1,-1,-1,-1,-1,-1,-1,-1,
#assigned_hub=-1,-1,-1,-1,-1,-1,-1,-1,
#moving_targetting_pos=22,29|15,30|12,29|2,29|19,30|25,1|5,1|9,2|
#setting_targetting_pos=22,1|15,1|12,1|2,1|19,2|25,30|5,30|9,30|
#type=2,2,2,2,2,2,2,2,
r.dLuRRR
#000000000000
#assigned_pet=-1,-1,-1,-1,-1,-1,-1,-1,
#assigned_hub=-1,-1,-1,-1,-1,-1,-1,-1,
#moving_targetting_pos=22,29|15,30|12,29|2,29|19,30|25,1|5,1|9,2|
#setting_targetting_pos=22,1|15,1|12,1|2,1|19,2|25,30|5,30|9,30|
#type=2,2,2,2,2,2,2,2,
d.LrLddd
#000000000000
#assigned_pet=-1,-1,-1,-1,-1,-1,-1,-1,
#assigned_hub=-1,-1,-1,-1,-1,-1,-1,-1,
#moving_targetting_pos=22,29|15,30|12,29|2,29|19,30|25,1|5,1|9,2|
#setting_targetting_pos=22,1|15,1|12,1|2,1|19,2|25,30|5,30|9,30|
#type=2,2,2,2,2,2,2,2,
L.LLLRRR
#000000000000
#assigned_pet=-1,-1,-1,-1,-1,-1,-1,-1,
#assigned_hub=-1,-1,-1,-1,-1,-1,-1,-1,
#moving_targetting_pos=22,29|15,30|12,29|2,29|19,30|25,1|5,1|9,2|
#setting_targetting_pos=22,1|15,1|12,1|2,1|19,2|25,30|5,30|9,30|
#type=2,2,2,2,2,2,2,2,
L.rLr.dR
#000000000000
#assigned_pet=-1,-1,-1,-1,-1,-1,-1,-1,
#assigned_hub=-1,-1,-1,-1,-1,-1,-1,-1,
#moving_targetting_pos=22,29|15,30|12,29|2,29|19,30|25,1|5,1|9,2|
#setting_targetting_pos=22,1|15,1|12,1|2,1|19,2|25,30|5,30|9,30|
#type=2,2,2,2,2,2,2,2,
LdudddRl
#000000000000
#assigned_pet=-1,-1,-1,-1,-1,-1,-1,-1,
#assigned_hub=-1,-1,-1,-1,-1,-1,-1,-1,
#moving_targetting_pos=22,29|15,30|12,29|2,29|29,2|25,1|5,1|9,2|
#setting_targetting_pos=22,1|15,1|12,1|2,1|29,30|25,30|5,30|9,30|
#type=2,2,2,2,1,2,2,2,
dLLLLRuu
#000000000000
#assigned_pet=-1,-1,-1,-1,-1,-1,-1,-1,
#assigned_hub=-1,-1,-1,-1,-1,-1,-1,-1,
#moving_targetting_pos=22,29|15,30|12,29|2,29|29,2|25,1|5,1|9,2|
#setting_targetting_pos=22,1|15,1|12,1|2,1|29,30|25,30|5,30|9,30|
#type=2,2,2,2,1,2,2,2,
udLLDuRR
#000000000000
#assigned_pet=-1,-1,-1,-1,-1,-1,-1,-1,
#assigned_hub=-1,-1,-1,-1,-1,-1,-1,-1,
#moving_targetting_pos=22,29|15,30|12,29|2,29|29,2|25,1|5,1|9,2|
#setting_targetting_pos=22,1|15,1|12,1|2,1|29,30|25,30|5,30|9,30|
#type=2,2,2,2,1,2,2,2,
LLrrDRRR
#000000000000
#assigned_pet=-1,-1,-1,-1,-1,-1,-1,-1,
#assigned_hub=-1,-1,-1,-1,-1,-1,-1,-1,
#moving_targetting_pos=22,29|15,30|12,29|2,29|29,2|25,1|5,1|9,2|
#setting_targetting_pos=22,1|15,1|12,1|2,1|29,30|25,30|5,30|9,30|
#type=2,2,2,2,1,2,2,2,
ruduRRRd
#000000000000
#assigned_pet=-1,-1,-1,-1,-1,-1,-1,-1,
#assigned_hub=-1,-1,-1,1,-1,-1,-1,-1,
#moving_targetting_pos=22,29|15,30|12,29|6,16|29,2|25,1|5,1|9,2|
#setting_targetting_pos=22,1|15,1|12,1|2,1|29,30|25,30|5,30|9,30|
#type=2,2,2,3,1,2,2,2,
LLLDRRRR
#000000000000
#assigned_pet=-1,-1,-1,-1,-1,-1,-1,-1,
#assigned_hub=-1,-1,-1,0,-1,-1,-1,-1,
#moving_targetting_pos=22,29|15,30|12,29|6,6|29,2|25,1|5,1|9,2|
#setting_targetting_pos=22,1|15,1|12,1|-1,-1|29,30|25,30|5,30|9,30|
#type=2,2,2,3,1,2,2,2,
LLLRDRul
#000000000000
#assigned_pet=-1,-1,-1,-1,-1,-1,-1,-1,
#assigned_hub=-1,-1,-1,0,-1,-1,-1,-1,
#moving_targetting_pos=22,29|15,30|12,29|6,6|29,2|25,1|5,1|9,2|
#setting_targetting_pos=22,1|15,1|12,1|-1,-1|29,30|25,30|5,30|9,30|
#type=2,2,2,3,1,2,2,2,
.LLDDuRR
#000000000000
#assigned_pet=-1,-1,-1,-1,-1,-1,-1,-1,
#assigned_hub=-1,-1,-1,1,-1,-1,-1,-1,
#moving_targetting_pos=22,29|15,30|12,29|6,16|29,2|25,1|5,1|9,2|
#setting_targetting_pos=22,1|15,1|12,1|-1,-1|29,30|25,30|5,30|9,30|
#type=2,2,2,3,1,2,2,2,
.LdRDRdu
#000000000000
#assigned_pet=-1,-1,-1,-1,-1,-1,-1,-1,
#assigned_hub=-1,-1,-1,1,-1,-1,-1,-1,
#moving_targetting_pos=22,29|15,30|12,29|6,16|29,2|25,1|5,1|9,2|
#setting_targetting_pos=22,1|15,1|12,1|-1,-1|29,30|25,30|5,30|9,30|
#type=2,2,2,3,1,2,2,2,
duuDD.RR
#000000000000
#assigned_pet=-1,-1,-1,-1,-1,-1,-1,-1,
#assigned_hub=-1,-1,-1,1,-1,-1,-1,-1,
#moving_targetting_pos=22,29|15,30|12,29|6,16|29,2|25,1|5,1|9,2|
#setting_targetting_pos=22,1|15,1|12,1|-1,-1|29,30|25,30|5,30|9,30|
#type=2,2,2,3,1,2,2,2,
LLLRR.dR
#000000000000
#assigned_pet=-1,-1,-1,-1,-1,-1,-1,-1,
#assigned_hub=-1,-1,-1,0,-1,-1,2,-1,
#moving_targetting_pos=22,29|15,30|12,29|6,6|29,2|25,1|6,26|9,2|
#setting_targetting_pos=22,1|15,1|12,1|-1,-1|29,30|25,30|5,30|9,30|
#type=2,2,2,3,1,2,3,2,
LdrRDdLl
#000000000000
#assigned_pet=-1,-1,-1,-1,-1,-1,-1,-1,
#assigned_hub=-1,-1,-1,0,-1,-1,2,-1,
#moving_targetting_pos=22,29|15,30|12,29|-1,-1|29,2|25,1|6,26|9,2|
#setting_targetting_pos=22,1|15,1|12,1|-1,-1|29,30|25,30|-1,-1|9,30|
#type=2,2,2,4,1,2,3,2,
rLL.DRLd
#000000000000
#assigned_pet=-1,-1,-1,-1,-1,-1,-1,-1,
#assigned_hub=-1,-1,-1,0,-1,-1,2,1,
#moving_targetting_pos=22,29|15,30|12,29|-1,-1|29,2|25,1|6,26|6,16|
#setting_targetting_pos=22,1|15,1|12,1|-1,-1|29,30|25,30|-1,-1|9,30|
#type=2,2,2,4,1,2,3,3,
udL.LdLU
#000000000000
#assigned_pet=-1,-1,-1,-1,-1,-1,9,-1,
#assigned_hub=6,-1,-1,0,-1,8,2,1,
#moving_targetting_pos=26,6|15,30|12,29|-1,-1|29,2|26,26|-1,-1|6,16|
#setting_targetting_pos=22,1|15,1|12,1|-1,-1|29,30|25,30|7,24|-1,-1|
#type=3,2,2,4,1,3,4,3,
DLd.LLLL
#000000000000
#assigned_pet=-1,-1,-1,-1,-1,-1,9,-1,
#assigned_hub=6,-1,-1,0,-1,8,2,1,
#moving_targetting_pos=26,6|15,30|12,29|-1,-1|29,2|26,26|-1,-1|6,16|
#setting_targetting_pos=-1,-1|15,1|12,1|-1,-1|29,30|-1,-1|7,24|-1,-1|
#type=3,2,2,4,1,3,4,3,
RdL.DLLU
#000000000000
#assigned_pet=-1,-1,-1,-1,-1,-1,9,-1,
#assigned_hub=6,3,-1,0,-1,8,2,1,
#moving_targetting_pos=26,6|16,6|12,29|-1,-1|29,2|26,26|-1,-1|6,16|
#setting_targetting_pos=-1,-1|15,1|12,1|-1,-1|29,30|-1,-1|7,25|-1,-1|
#type=3,3,2,4,1,3,4,3,
DRL.DLDL
#000000000000
#assigned_pet=-1,-1,-1,-1,-1,0,9,-1,
#assigned_hub=6,3,-1,0,-1,8,2,1,
#moving_targetting_pos=26,6|16,6|12,29|-1,-1|29,2|-1,-1|-1,-1|6,16|
#setting_targetting_pos=-1,-1|-1,-1|12,1|-1,-1|29,30|27,28|8,26|-1,-1|
#type=3,3,2,4,2,4,4,3,
RRr.dRRL
#000000000000
#assigned_pet=-1,-1,-1,-1,-1,2,9,-1,
#assigned_hub=6,3,-1,0,-1,8,2,1,
#moving_targetting_pos=26,6|16,6|12,29|-1,-1|29,2|-1,-1|-1,-1|6,16|
#setting_targetting_pos=-1,-1|-1,-1|12,1|-1,-1|29,30|27,28|8,26|-1,-1|
#type=3,3,2,4,2,4,4,3,
DRu.RDDL
#000000000000
#assigned_pet=-1,-1,-1,-1,-1,0,9,-1,
#assigned_hub=6,3,4,0,-1,8,2,1,
#moving_targetting_pos=26,6|16,6|16,16|-1,-1|29,2|-1,-1|-1,-1|6,16|
#setting_targetting_pos=-1,-1|-1,-1|12,1|-1,-1|29,30|28,27|7,27|-1,-1|
#type=3,3,3,4,2,4,4,3,
RRD.RL.L
#000000000000
#assigned_pet=-1,3,-1,-1,-1,0,9,-1,
#assigned_hub=6,3,4,7,-1,8,2,1,
#moving_targetting_pos=26,6|-1,-1|16,16|26,16|29,2|-1,-1|-1,-1|6,16|
#setting_targetting_pos=-1,-1|18,5|-1,-1|-1,-1|29,30|28,27|6,26|-1,-1|
#type=3,4,3,3,2,4,4,3,
RDRRlD.L
#000000000000
#assigned_pet=3,10,-1,-1,-1,-1,9,-1,
#assigned_hub=6,3,0,4,-1,8,2,1,
#moving_targetting_pos=-1,-1|-1,-1|6,6|16,16|29,2|-1,-1|-1,-1|6,16|
#setting_targetting_pos=24,5|15,7|-1,-1|-1,-1|29,30|-1,-1|5,27|-1,-1|
#type=4,4,3,3,2,4,4,3,
.RDRu.RL
#000000000000
#assigned_pet=3,10,-1,-1,-1,2,9,-1,
#assigned_hub=6,3,0,4,-1,8,2,1,
#moving_targetting_pos=-1,-1|-1,-1|6,6|16,16|29,2|-1,-1|-1,-1|6,16|
#setting_targetting_pos=26,5|14,7|-1,-1|-1,-1|29,30|28,27|5,25|-1,-1|
#type=4,4,3,3,2,4,4,3,
.RRRR.LL
#000000000000
#assigned_pet=4,10,-1,-1,-1,5,9,-1,
#assigned_hub=6,3,0,4,-1,8,2,1,
#moving_targetting_pos=-1,-1|-1,-1|6,6|16,16|29,2|-1,-1|-1,-1|6,16|
#setting_targetting_pos=24,6|14,7|-1,-1|-1,-1|29,30|25,24|6,24|-1,-1|
#type=4,4,3,3,2,4,4,3,
RUDRRLLL
#000000000000
#assigned_pet=4,10,-1,-1,-1,0,9,-1,
#assigned_hub=6,3,0,4,-1,8,2,1,
#moving_targetting_pos=-1,-1|-1,-1|6,6|16,16|29,2|-1,-1|-1,-1|6,16|
#setting_targetting_pos=25,5|14,7|-1,-1|-1,-1|29,30|28,26|6,24|-1,-1|
#type=4,4,3,3,2,4,4,3,
..RRd.LL
#000000000000
#assigned_pet=4,10,-1,-1,-1,2,9,-1,
#assigned_hub=6,3,0,4,-1,8,2,1,
#moving_targetting_pos=-1,-1|-1,-1|6,6|16,16|29,2|-1,-1|-1,-1|6,16|
#setting_targetting_pos=25,5|14,7|-1,-1|-1,-1|29,30|27,25|5,25|-1,-1|
#type=4,4,3,3,2,4,4,3,
..RRR.RL
#000000000000
#assigned_pet=4,10,-1,-1,-1,0,9,-1,
#assigned_hub=6,3,0,4,-1,8,2,1,
#moving_targetting_pos=-1,-1|-1,-1|6,6|16,16|29,2|-1,-1|-1,-1|6,16|
#setting_targetting_pos=25,5|14,7|-1,-1|-1,-1|29,30|28,27|6,24|-1,-1|
#type=4,4,3,3,2,4,4,3,
..UR.RLL
#000000000000
#assigned_pet=11,4,-1,-1,-1,0,9,-1,
#assigned_hub=6,3,0,4,-1,8,2,1,
#moving_targetting_pos=-1,-1|-1,-1|6,6|16,16|29,2|-1,-1|-1,-1|6,16|
#setting_targetting_pos=28,7|18,5|-1,-1|-1,-1|29,30|28,27|5,24|-1,-1|
#type=4,4,3,3,2,4,4,3,
RLURl.UL
#000000000000
#assigned_pet=11,4,-1,-1,-1,0,9,1,
#assigned_hub=6,3,0,4,-1,8,2,1,
#moving_targetting_pos=-1,-1|-1,-1|6,6|16,16|29,2|-1,-1|-1,-1|-1,-1|
#setting_targetting_pos=28,7|18,5|-1,-1|-1,-1|29,30|28,27|5,24|4,15|
#type=4,4,3,3,2,4,4,4,
DLURR..L
#000000000000
#assigned_pet=11,4,-1,-1,-1,0,9,1,
#assigned_hub=6,3,0,4,-1,8,2,1,
#moving_targetting_pos=-1,-1|-1,-1|6,6|16,16|29,2|-1,-1|-1,-1|-1,-1|
#setting_targetting_pos=28,7|18,5|-1,-1|-1,-1|29,30|28,27|5,24|4,15|
#type=4,4,3,3,2,4,4,4,
DDURu..L
#000000000000
#assigned_pet=11,4,-1,-1,-1,0,9,1,
#assigned_hub=6,3,0,4,-1,8,2,1,
#moving_targetting_pos=-1,-1|-1,-1|6,6|16,16|29,2|-1,-1|-1,-1|-1,-1|
#setting_targetting_pos=28,7|18,5|-1,-1|-1,-1|29,30|28,27|5,24|4,15|
#type=4,4,3,3,2,4,4,4,
.DUDR..U
#000000000000
#assigned_pet=11,4,-1,-1,-1,2,9,1,
#assigned_hub=6,3,0,4,-1,8,2,1,
#moving_targetting_pos=-1,-1|-1,-1|6,6|16,16|29,2|-1,-1|-1,-1|-1,-1|
#setting_targetting_pos=28,7|18,5|-1,-1|-1,-1|29,30|25,24|5,24|4,15|
#type=4,4,3,3,2,4,4,4,
..UDRL.U
#000000000000
#assigned_pet=4,4,-1,-1,-1,0,9,9,
#assigned_hub=6,3,0,4,-1,8,2,1,
#moving_targetting_pos=-1,-1|-1,-1|6,6|16,16|29,2|-1,-1|-1,-1|-1,-1|
#setting_targetting_pos=24,5|18,5|-1,-1|-1,-1|29,30|28,27|5,24|5,18|
#type=4,4,3,3,2,4,4,4,
L.UDdR.R
#000000000000
#assigned_pet=3,4,-1,-1,-1,0,-1,1,
#assigned_hub=6,3,0,4,-1,8,2,1,
#moving_targetting_pos=-1,-1|-1,-1|6,6|16,16|29,2|-1,-1|-1,-1|-1,-1|
#setting_targetting_pos=27,6|17,5|-1,-1|-1,-1|29,30|28,27|-1,-1|5,17|
#type=4,4,3,3,2,4,4,4,
URRD....
#000000000000
#assigned_pet=3,10,10,-1,-1,0,-1,9,
#assigned_hub=6,3,0,4,-1,8,2,1,
#moving_targetting_pos=-1,-1|-1,-1|-1,-1|16,16|29,2|-1,-1|-1,-1|-1,-1|
#setting_targetting_pos=27,6|14,7|8,7|-1,-1|29,30|28,27|-1,-1|6,16|
#type=4,4,4,3,2,4,4,4,
.R.Dl...
#000000000000
#assigned_pet=6,4,10,-1,-1,2,-1,1,
#assigned_hub=6,3,0,4,-1,8,2,1,
#moving_targetting_pos=-1,-1|-1,-1|-1,-1|16,16|29,2|-1,-1|-1,-1|-1,-1|
#setting_targetting_pos=25,7|17,5|7,7|-1,-1|29,30|25,24|-1,-1|7,17|
#type=4,4,4,3,2,4,4,4,
RLRDRL.R
#000000000000
#assigned_pet=6,4,10,-1,-1,0,-1,1,
#assigned_hub=6,3,0,4,-1,8,2,1,
#moving_targetting_pos=-1,-1|-1,-1|-1,-1|16,16|29,2|-1,-1|-1,-1|-1,-1|
#setting_targetting_pos=26,6|15,5|6,8|-1,-1|29,30|28,26|-1,-1|6,18|
#type=4,4,4,3,2,4,4,4,
.LUDR..R
#000000000000
#assigned_pet=6,4,10,-1,-1,0,-1,10,
#assigned_hub=6,3,0,4,-1,8,2,1,
#moving_targetting_pos=-1,-1|-1,-1|-1,-1|16,16|29,2|-1,-1|-1,-1|-1,-1|
#setting_targetting_pos=26,6|14,6|5,8|-1,-1|29,30|28,27|-1,-1|5,14|
#type=4,4,4,3,2,4,4,4,
.RRDdR.L
#000000000000
#assigned_pet=6,4,10,-1,-1,0,1,1,
#assigned_hub=6,3,0,4,-1,8,2,1,
#moving_targetting_pos=-1,-1|-1,-1|-1,-1|16,16|29,2|-1,-1|-1,-1|-1,-1|
#setting_targetting_pos=25,5|15,7|6,8|-1,-1|29,30|28,27|7,24|7,18|
#type=4,4,4,3,2,4,4,4,
LR.DR..R
#000000000000
#assigned_pet=6,4,10,-1,-1,0,1,1,
#assigned_hub=6,3,0,4,-1,8,2,1,
#moving_targetting_pos=-1,-1|-1,-1|-1,-1|16,16|29,2|-1,-1|-1,-1|-1,-1|
#setting_targetting_pos=25,5|15,7|5,8|-1,-1|29,30|28,27|7,24|7,18|
#type=4,4,4,3,2,4,4,4,
LUURR..D
#000000000000
#assigned_pet=6,4,10,8,-1,0,1,1,
#assigned_hub=6,3,0,4,-1,8,2,1,
#moving_targetting_pos=-1,-1|-1,-1|-1,-1|-1,-1|29,2|-1,-1|-1,-1|-1,-1|
#setting_targetting_pos=25,4|14,6|5,8|17,17|29,30|28,27|7,24|7,18|
#type=4,4,4,4,2,4,4,4,
LL.Rl...
#000000000000
#assigned_pet=6,4,4,8,-1,2,1,1,
#assigned_hub=6,3,0,4,-1,8,2,1,
#moving_targetting_pos=-1,-1|-1,-1|-1,-1|-1,-1|29,2|-1,-1|-1,-1|-1,-1|
#setting_targetting_pos=25,4|14,7|8,7|17,17|29,30|25,24|7,24|7,18|
#type=4,4,4,4,2,4,4,4,
.RLDuL..
#000000000000
#assigned_pet=6,4,4,8,-1,2,1,9,
#assigned_hub=6,3,0,4,-1,8,2,1,
#moving_targetting_pos=-1,-1|-1,-1|-1,-1|-1,-1|29,2|-1,-1|-1,-1|-1,-1|
#setting_targetting_pos=25,4|14,7|8,7|17,17|29,30|25,24|6,24|7,17|
#type=4,4,4,4,2,4,4,4,
.UDDRLRL
#000000000000
#assigned_pet=6,4,4,8,-1,0,1,7,
#assigned_hub=6,3,0,4,-1,8,2,1,
#moving_targetting_pos=-1,-1|-1,-1|-1,-1|-1,-1|29,2|-1,-1|-1,-1|-1,-1|
#setting_targetting_pos=25,4|14,7|8,7|16,16|29,30|28,25|6,24|7,16|
#type=4,4,4,4,2,4,4,4,
....R..L
#000010000000
#assigned_pet=6,4,4,8,-1,0,1,1,
#assigned_hub=6,3,0,4,-1,8,2,1,
#moving_targetting_pos=-1,-1|-1,-1|-1,-1|-1,-1|29,2|-1,-1|-1,-1|-1,-1|
#setting_targetting_pos=26,4|14,7|8,7|17,17|29,30|28,25|7,24|7,18|
#type=4,5,5,4,2,4,4,4,
Rud.d.LR
#000010000000
#assigned_pet=6,-1,10,8,-1,0,1,9,
#assigned_hub=6,3,0,4,-1,8,2,1,
#moving_targetting_pos=-1,-1|-1,-1|-1,-1|-1,-1|29,2|-1,-1|-1,-1|-1,-1|
#setting_targetting_pos=25,5|-1,-1|4,6|16,18|29,30|28,25|7,25|7,17|
#type=4,4,4,4,2,4,4,4,
..L.R.R.
#000010000000
#assigned_pet=6,-1,10,9,-1,2,1,9,
#assigned_hub=6,3,0,4,-1,8,2,1,
#moving_targetting_pos=-1,-1|-1,-1|-1,-1|-1,-1|29,2|-1,-1|-1,-1|-1,-1|
#setting_targetting_pos=25,5|-1,-1|4,6|14,17|29,30|25,24|6,26|8,17|
#type=4,4,4,4,2,4,4,4,
..UUlL.D
#000010000000
#assigned_pet=6,-1,10,9,-1,0,1,9,
#assigned_hub=6,3,0,4,-1,8,2,1,
#moving_targetting_pos=-1,-1|-1,-1|-1,-1|-1,-1|29,2|-1,-1|-1,-1|-1,-1|
#setting_targetting_pos=24,6|-1,-1|5,7|14,17|29,30|28,25|8,26|8,17|
#type=4,4,4,4,2,4,4,4,
R.R.RRR.
#000010000000
#assigned_pet=6,-1,10,8,-1,0,1,8,
#assigned_hub=6,3,0,4,-1,8,2,1,
#moving_targetting_pos=-1,-1|-1,-1|-1,-1|-1,-1|29,2|-1,-1|-1,-1|-1,-1|
#setting_targetting_pos=24,6|-1,-1|4,6|14,17|29,30|28,25|8,26|8,17|
#type=4,4,4,4,2,4,4,4,
U.L.u.D.
#000010001100
#assigned_pet=6,6,10,8,-1,0,1,8,
#assigned_hub=6,3,0,4,-1,8,2,1,
#moving_targetting_pos=-1,-1|-1,-1|-1,-1|-1,-1|29,2|-1,-1|-1,-1|-1,-1|
#setting_targetting_pos=24,7|18,7|4,6|14,17|29,30|28,25|7,27|8,17|
#type=4,4,4,5,2,4,4,5,
RDUuR..d
#000010001100
#assigned_pet=6,6,7,11,-1,0,1,7,
#assigned_hub=6,3,0,4,-1,8,2,1,
#moving_targetting_pos=-1,-1|-1,-1|-1,-1|-1,-1|29,2|-1,-1|-1,-1|-1,-1|
#setting_targetting_pos=24,7|18,7|5,8|18,17|29,30|28,25|8,26|5,14|
#type=4,4,4,4,2,4,4,4,
.DRDR..L
#000010001100
#assigned_pet=6,6,10,11,-1,0,1,7,
#assigned_hub=6,3,0,4,-1,8,2,1,
#moving_targetting_pos=-1,-1|-1,-1|-1,-1|-1,-1|29,2|-1,-1|-1,-1|-1,-1|
#setting_targetting_pos=24,7|18,7|4,7|18,17|29,30|28,25|7,27|5,14|
#type=4,4,4,4,2,4,4,4,
...Dl..L
#000010001100
#assigned_pet=6,6,10,11,-1,0,1,7,
#assigned_hub=6,3,0,4,-1,8,2,1,
#moving_targetting_pos=-1,-1|-1,-1|-1,-1|-1,-1|29,2|-1,-1|-1,-1|-1,-1|
#setting_targetting_pos=24,7|18,7|4,7|18,17|29,30|27,25|8,26|5,14|
#type=4,4,4,4,2,4,4,4,
....dR.L
#000010001100
#assigned_pet=6,-1,7,11,-1,0,1,7,
#assigned_hub=6,3,0,4,-1,8,2,1,
#moving_targetting_pos=-1,-1|-1,-1|-1,-1|-1,-1|29,2|-1,-1|-1,-1|-1,-1|
#setting_targetting_pos=24,6|-1,-1|5,8|18,17|29,30|27,24|8,27|5,14|
#type=4,4,4,4,2,4,4,4,
L...RLRU
#000010011100
#assigned_pet=6,-1,7,11,-1,0,1,7,
#assigned_hub=6,3,0,4,-1,8,2,1,
#moving_targetting_pos=-1,-1|-1,-1|-1,-1|-1,-1|29,2|-1,-1|-1,-1|-1,-1|
#setting_targetting_pos=24,6|-1,-1|5,8|18,17|29,30|26,24|8,27|5,14|
#type=4,4,5,4,2,4,4,5,
..r.RL.u
#000010011100
#assigned_pet=6,-1,10,11,-1,0,1,-1,
#assigned_hub=6,3,0,4,-1,8,2,1,
#moving_targetting_pos=-1,-1|-1,-1|-1,-1|-1,-1|29,2|-1,-1|-1,-1|-1,-1|
#setting_targetting_pos=25,5|-1,-1|5,5|17,16|29,30|27,24|8,27|-1,-1|
#type=4,4,4,4,2,4,4,4,
..L.dR..
#000010011100
#assigned_pet=6,-1,10,11,-1,0,1,-1,
#assigned_hub=6,3,0,4,-1,8,2,1,
#moving_targetting_pos=-1,-1|-1,-1|-1,-1|-1,-1|29,2|-1,-1|-1,-1|-1,-1|
#setting_targetting_pos=24,6|-1,-1|6,4|16,17|29,30|26,24|8,27|-1,-1|
#type=4,4,4,4,2,4,4,4,
..L.RL..
#000010011100
#assigned_pet=6,-1,10,11,-1,0,1,-1,
#assigned_hub=6,3,0,4,-1,8,2,1,
#moving_targetting_pos=-1,-1|-1,-1|-1,-1|-1,-1|29,2|-1,-1|-1,-1|-1,-1|
#setting_targetting_pos=24,6|-1,-1|7,4|16,17|29,30|27,24|8,27|-1,-1|
#type=4,4,4,4,2,4,4,4,
..L.RR..
#000010011100
#assigned_pet=6,6,10,11,-1,2,1,-1,
#assigned_hub=6,3,0,4,-1,8,2,1,
#moving_targetting_pos=-1,-1|-1,-1|-1,-1|-1,-1|29,2|-1,-1|-1,-1|-1,-1|
#setting_targetting_pos=24,7|18,7|7,5|17,16|29,30|25,24|8,27|-1,-1|
#type=4,4,4,4,2,4,4,4,
R.R.lL..
#000010011100
#assigned_pet=6,-1,10,11,-1,0,1,-1,
#assigned_hub=6,3,0,4,-1,8,2,1,
#moving_targetting_pos=-1,-1|-1,-1|-1,-1|-1,-1|29,2|-1,-1|-1,-1|-1,-1|
#setting_targetting_pos=24,6|-1,-1|7,5|18,15|29,30|28,25|8,27|-1,-1|
#type=4,4,4,4,2,4,4,4,
L.DL.R..
#000010011100
#assigned_pet=6,10,10,11,-1,0,1,-1,
#assigned_hub=6,3,0,4,-1,8,2,1,
#moving_targetting_pos=-1,-1|-1,-1|-1,-1|-1,-1|29,2|-1,-1|-1,-1|-1,-1|
#setting_targetting_pos=24,6|14,5|8,5|18,15|29,30|28,26|8,27|-1,-1|
#type=4,4,4,4,2,4,4,4,
.LDLuR..
#000010011100
#assigned_pet=6,6,10,11,-1,0,1,-1,
#assigned_hub=6,3,0,4,-1,8,2,1,
#moving_targetting_pos=-1,-1|-1,-1|-1,-1|-1,-1|29,2|-1,-1|-1,-1|-1,-1|
#setting_targetting_pos=24,7|18,7|8,5|17,16|29,30|27,26|8,27|-1,-1|
#type=4,4,4,4,2,4,4,4,
RR..RU..
#000010011100
#assigned_pet=6,10,10,11,-1,0,1,-1,
#assigned_hub=6,3,0,4,-1,8,2,5,
#moving_targetting_pos=-1,-1|-1,-1|-1,-1|-1,-1|29,2|-1,-1|-1,-1|16,26|
#setting_targetting_pos=25,7|14,5|8,5|16,17|29,30|27,27|8,27|-1,-1|
#type=4,4,4,4,2,4,4,3,
LL.RRR.R
#000010011100
#assigned_pet=6,10,10,11,-1,0,1,-1,
#assigned_hub=6,3,0,4,-1,8,2,5,
#moving_targetting_pos=-1,-1|-1,-1|-1,-1|-1,-1|29,2|-1,-1|-1,-1|16,26|
#setting_targetting_pos=26,8|14,5|8,5|15,16|29,30|28,27|8,27|-1,-1|
#type=4,4,4,4,2,4,4,3,
RL.UdD.R
#000010011100
#assigned_pet=6,10,10,11,-1,5,1,-1,
#assigned_hub=6,3,0,4,-1,8,2,5,
#moving_targetting_pos=-1,-1|-1,-1|-1,-1|-1,-1|29,2|-1,-1|-1,-1|16,26|
#setting_targetting_pos=25,8|14,5|8,5|14,15|29,30|27,24|8,27|-1,-1|
#type=4,4,4,4,2,4,4,3,
.U.LRL.R
#000010011100
#assigned_pet=6,10,10,11,-1,0,-1,-1,
#assigned_hub=6,3,0,4,-1,8,2,5,
#moving_targetting_pos=-1,-1|-1,-1|-1,-1|-1,-1|29,2|-1,-1|-1,-1|16,26|
#setting_targetting_pos=25,8|14,5|8,5|14,15|29,30|28,27|-1,-1|-1,-1|
#type=4,4,4,4,2,4,4,3,
.U.UlR.R
#000010011100
#assigned_pet=6,10,10,11,-1,3,-1,11,
#assigned_hub=6,3,0,4,-1,8,2,1,
#moving_targetting_pos=-1,-1|-1,-1|-1,-1|-1,-1|29,2|-1,-1|-1,-1|6,16|
#setting_targetting_pos=25,8|14,5|8,5|14,15|29,30|27,24|-1,-1|8,15|
#type=4,4,4,4,2,4,4,4,
....RL.L
#000010011100
#assigned_pet=-1,10,-1,11,-1,0,-1,11,
#assigned_hub=6,3,0,4,-1,8,2,1,
#moving_targetting_pos=-1,-1|-1,-1|-1,-1|-1,-1|29,2|-1,-1|-1,-1|-1,-1|
#setting_targetting_pos=-1,-1|14,6|-1,-1|14,15|29,30|27,28|-1,-1|8,15|
#type=4,4,4,4,2,4,4,4,
.R...R.L
#000010011100
#assigned_pet=-1,10,-1,11,-1,0,-1,11,
#assigned_hub=6,3,0,4,-1,8,2,1,
#moving_targetting_pos=-1,-1|-1,-1|-1,-1|-1,-1|29,2|-1,-1|-1,-1|-1,-1|
#setting_targetting_pos=-1,-1|15,5|-1,-1|14,15|29,30|27,28|-1,-1|8,15|
#type=4,4,4,4,2,4,4,4,
....u..L
#000010011100
#assigned_pet=-1,10,-1,-1,-1,0,-1,11,
#assigned_hub=6,3,0,4,-1,8,2,1,
#moving_targetting_pos=-1,-1|-1,-1|-1,-1|-1,-1|29,2|-1,-1|-1,-1|-1,-1|
#setting_targetting_pos=-1,-1|16,4|-1,-1|-1,-1|29,30|27,28|-1,-1|8,15|
#type=4,4,4,4,2,4,4,4,
.L..R..D
#000010011100
#assigned_pet=-1,10,-1,-1,-1,0,-1,11,
#assigned_hub=6,3,0,4,-1,8,5,1,
#moving_targetting_pos=-1,-1|-1,-1|-1,-1|-1,-1|29,2|-1,-1|16,26|-1,-1|
#setting_targetting_pos=-1,-1|17,5|-1,-1|-1,-1|29,30|27,28|-1,-1|6,15|
#type=4,4,4,4,2,4,3,4,
.D..R.D.
#000010011100
#assigned_pet=-1,10,-1,-1,-1,0,-1,11,
#assigned_hub=6,3,0,4,-1,8,5,1,
#moving_targetting_pos=-1,-1|-1,-1|-1,-1|-1,-1|29,2|-1,-1|16,26|-1,-1|
#setting_targetting_pos=-1,-1|17,4|-1,-1|-1,-1|29,30|27,28|-1,-1|6,15|
#type=4,4,4,4,2,4,3,4,
.L..l.D.
#000010011100
#assigned_pet=-1,10,-1,-1,-1,0,-1,11,
#assigned_hub=6,3,0,4,-1,8,5,1,
#moving_targetting_pos=-1,-1|-1,-1|-1,-1|-1,-1|29,2|-1,-1|16,26|-1,-1|
#setting_targetting_pos=-1,-1|17,4|-1,-1|-1,-1|29,30|27,28|-1,-1|8,15|
#type=4,4,4,4,2,4,3,4,
....d.D.
#000010011101
#assigned_pet=-1,10,-1,11,-1,0,-1,11,
#assigned_hub=6,3,0,4,7,8,5,1,
#moving_targetting_pos=-1,-1|-1,-1|-1,-1|-1,-1|26,16|-1,-1|16,26|-1,-1|
#setting_targetting_pos=-1,-1|17,4|-1,-1|14,15|29,30|27,28|-1,-1|8,15|
#type=4,4,4,5,3,4,3,5,
...uU.Dd
#000010011111
#assigned_pet=-1,10,-1,-1,-1,0,-1,-1,
#assigned_hub=6,3,0,4,7,8,5,1,
#moving_targetting_pos=-1,-1|-1,-1|6,6|-1,-1|26,16|-1,-1|16,26|6,16|
#setting_targetting_pos=-1,-1|17,4|-1,-1|-1,-1|-1,-1|26,28|-1,-1|-1,-1|
#type=4,5,4,4,3,4,3,4,
.d..LRD.
#000010011111
#assigned_pet=-1,-1,-1,-1,-1,2,-1,-1,
#assigned_hub=6,3,0,4,7,8,5,1,
#moving_targetting_pos=-1,-1|16,6|6,6|-1,-1|26,16|-1,-1|16,26|6,16|
#setting_targetting_pos=-1,-1|-1,-1|-1,-1|-1,-1|-1,-1|27,27|-1,-1|-1,-1|
#type=4,4,4,4,3,4,3,4,
....U.D.
#000010011111
#assigned_pet=-1,-1,-1,-1,-1,0,-1,-1,
#assigned_hub=6,3,0,4,7,8,5,1,
#moving_targetting_pos=-1,-1|16,6|6,6|-1,-1|26,16|-1,-1|16,26|6,16|
#setting_targetting_pos=-1,-1|-1,-1|-1,-1|-1,-1|-1,-1|25,27|-1,-1|-1,-1|
#type=4,4,4,4,3,4,3,4,
....LLD.
#000010011111
#assigned_pet=-1,-1,-1,6,-1,2,-1,-1,
#assigned_hub=6,3,0,4,7,8,5,1,
#moving_targetting_pos=-1,-1|16,6|6,6|-1,-1|26,16|-1,-1|16,26|6,16|
#setting_targetting_pos=-1,-1|-1,-1|-1,-1|18,17|-1,-1|28,26|-1,-1|-1,-1|
#type=4,4,4,4,3,4,3,4,
...RLLL.
#000010011111
#assigned_pet=-1,-1,-1,6,-1,5,-1,-1,
#assigned_hub=6,3,0,4,7,8,5,1,
#moving_targetting_pos=-1,-1|16,6|6,6|-1,-1|26,16|-1,-1|-1,-1|6,16|
#setting_targetting_pos=-1,-1|-1,-1|-1,-1|18,17|-1,-1|26,26|-1,-1|-1,-1|
#type=4,4,4,4,3,4,4,4,
...RL...
#000010011111
#assigned_pet=-1,-1,-1,6,-1,2,-1,-1,
#assigned_hub=6,3,0,4,7,8,5,1,
#moving_targetting_pos=-1,-1|16,6|6,6|-1,-1|26,16|-1,-1|-1,-1|6,16|
#setting_targetting_pos=-1,-1|-1,-1|-1,-1|18,17|-1,-1|27,25|-1,-1|-1,-1|
#type=4,4,4,4,3,4,4,4,
...DL...
#000010011111
#assigned_pet=-1,-1,-1,6,-1,1,-1,-1,
#assigned_hub=6,3,0,4,7,8,5,1,
#moving_targetting_pos=26,6|16,6|6,6|-1,-1|26,16|-1,-1|-1,-1|6,16|
#setting_targetting_pos=-1,-1|-1,-1|-1,-1|18,17|-1,-1|26,26|-1,-1|-1,-1|
#type=4,4,4,4,3,4,4,4,
...DL...
#000010011111
#assigned_pet=-1,-1,-1,6,-1,2,-1,-1,
#assigned_hub=6,3,0,4,7,8,5,1,
#moving_targetting_pos=26,6|16,6|6,6|-1,-1|26,16|-1,-1|-1,-1|6,16|
#setting_targetting_pos=-1,-1|-1,-1|-1,-1|18,17|-1,-1|28,26|-1,-1|-1,-1|
#type=4,4,4,4,3,4,4,4,
....L...
#000010011111
#assigned_pet=-1,-1,-1,6,-1,0,0,-1,
#assigned_hub=6,3,0,4,7,8,5,1,
#moving_targetting_pos=26,6|16,6|6,6|-1,-1|26,16|-1,-1|-1,-1|6,16|
#setting_targetting_pos=-1,-1|-1,-1|-1,-1|18,17|-1,-1|24,25|18,25|-1,-1|
#type=4,4,4,4,3,4,4,4,
....LLL.
#000010011111
#assigned_pet=-1,-1,-1,6,-1,0,0,-1,
#assigned_hub=6,3,0,4,7,8,5,1,
#moving_targetting_pos=26,6|16,6|6,6|-1,-1|26,16|-1,-1|-1,-1|6,16|
#setting_targetting_pos=-1,-1|-1,-1|-1,-1|18,17|-1,-1|24,25|18,25|-1,-1|
#type=4,4,4,4,3,4,4,4,
....LUD.
#000010011111
#assigned_pet=-1,-1,-1,6,-1,0,0,-1,
#assigned_hub=6,3,0,4,7,8,5,1,
#moving_targetting_pos=26,6|16,6|6,6|-1,-1|26,16|-1,-1|-1,-1|6,16|
#setting_targetting_pos=-1,-1|-1,-1|-1,-1|18,17|-1,-1|24,25|18,25|-1,-1|
#type=4,4,4,4,3,4,4,4,
....LUD.
#000010011111
#assigned_pet=-1,-1,-1,6,-1,0,0,-1,
#assigned_hub=6,3,0,4,7,8,5,1,
#moving_targetting_pos=26,6|16,6|6,6|-1,-1|26,16|-1,-1|-1,-1|6,16|
#setting_targetting_pos=-1,-1|-1,-1|-1,-1|18,16|-1,-1|24,25|18,25|-1,-1|
#type=4,4,4,4,3,4,4,4,
...LL.D.
#000010011111
#assigned_pet=-1,-1,-1,6,-1,0,0,-1,
#assigned_hub=6,3,0,4,7,8,5,1,
#moving_targetting_pos=-1,-1|16,6|6,6|-1,-1|26,16|-1,-1|-1,-1|6,16|
#setting_targetting_pos=-1,-1|-1,-1|-1,-1|17,17|-1,-1|24,25|18,25|-1,-1|
#type=4,4,4,4,3,4,4,4,
....L...
#000010011111
#assigned_pet=-1,-1,-1,6,-1,1,1,-1,
#assigned_hub=6,3,0,4,7,8,5,1,
#moving_targetting_pos=-1,-1|16,6|6,6|-1,-1|26,16|-1,-1|-1,-1|6,16|
#setting_targetting_pos=-1,-1|-1,-1|-1,-1|16,16|-1,-1|24,25|18,25|-1,-1|
#type=4,4,4,4,3,4,4,4,
....L...
#000010011111
#assigned_pet=-1,-1,-1,5,5,1,1,-1,
#assigned_hub=6,3,0,4,7,8,5,1,
#moving_targetting_pos=-1,-1|16,6|6,6|-1,-1|-1,-1|-1,-1|-1,-1|6,16|
#setting_targetting_pos=-1,-1|-1,-1|-1,-1|18,17|24,17|24,25|18,25|-1,-1|
#type=4,4,4,4,4,4,4,4,
...RU...
#010010011111
#assigned_pet=-1,-1,-1,5,5,1,1,-1,
#assigned_hub=6,3,0,4,7,8,5,1,
#moving_targetting_pos=-1,-1|16,6|6,6|-1,-1|-1,-1|-1,-1|-1,-1|6,16|
#setting_targetting_pos=-1,-1|-1,-1|-1,-1|18,17|24,17|24,25|18,25|-1,-1|
#type=4,4,4,4,4,5,5,4,
....Uud.
#010011011111
#assigned_pet=-1,-1,-1,5,5,2,6,-1,
#assigned_hub=6,3,0,4,7,8,5,1,
#moving_targetting_pos=-1,-1|16,6|6,6|-1,-1|-1,-1|-1,-1|-1,-1|6,16|
#setting_targetting_pos=-1,-1|-1,-1|-1,-1|18,17|24,17|27,28|15,24|-1,-1|
#type=4,4,4,5,5,4,4,4,
...duRL.
#010011011111
#assigned_pet=-1,-1,-1,6,3,2,6,-1,
#assigned_hub=6,3,0,4,7,8,5,1,
#moving_targetting_pos=-1,-1|16,6|6,6|-1,-1|-1,-1|-1,-1|-1,-1|6,16|
#setting_targetting_pos=-1,-1|-1,-1|-1,-1|15,18|24,15|27,28|15,24|-1,-1|
#type=4,4,4,4,4,4,4,4,
...RLRU.
#010011011111
#assigned_pet=-1,-1,-1,6,3,2,6,-1,
#assigned_hub=6,3,0,4,7,8,5,1,
#moving_targetting_pos=-1,-1|16,6|6,6|-1,-1|-1,-1|-1,-1|-1,-1|6,16|
#setting_targetting_pos=-1,-1|-1,-1|-1,-1|15,18|24,15|27,28|15,24|-1,-1|
#type=4,4,4,4,4,4,4,4,
...ULR..
#010011111111
#assigned_pet=-1,-1,-1,6,3,2,6,-1,
#assigned_hub=6,3,0,4,7,8,5,1,
#moving_targetting_pos=-1,-1|16,6|6,6|-1,-1|-1,-1|-1,-1|-1,-1|6,16|
#setting_targetting_pos=-1,-1|-1,-1|-1,-1|15,18|24,15|27,28|15,24|-1,-1|
#type=4,4,4,5,4,4,5,4,
...u.Du.
#011011111111
#assigned_pet=-1,-1,-1,3,3,2,-1,-1,
#assigned_hub=6,3,0,4,7,8,5,1,
#moving_targetting_pos=26,6|16,6|6,6|-1,-1|-1,-1|-1,-1|16,26|6,16|
#setting_targetting_pos=-1,-1|-1,-1|-1,-1|18,15|24,15|27,28|-1,-1|-1,-1|
#type=4,4,4,4,4,5,4,4,
...L.d..
#011011111111
#assigned_pet=-1,-1,-1,3,3,0,-1,-1,
#assigned_hub=6,3,0,4,7,8,5,1,
#moving_targetting_pos=-1,-1|16,6|6,6|-1,-1|-1,-1|-1,-1|16,26|6,16|
#setting_targetting_pos=-1,-1|-1,-1|-1,-1|18,15|24,15|27,26|-1,-1|-1,-1|
#type=4,4,4,4,4,4,4,4,
...L.L..
#011011111111
#assigned_pet=-1,-1,-1,3,3,0,-1,-1,
#assigned_hub=6,3,0,4,7,8,5,1,
#moving_targetting_pos=26,6|16,6|6,6|-1,-1|-1,-1|-1,-1|16,26|6,16|
#setting_targetting_pos=-1,-1|-1,-1|-1,-1|18,15|24,15|27,27|-1,-1|-1,-1|
#type=4,4,4,4,4,4,4,4,
...L....
#011011111111
#assigned_pet=-1,-1,-1,3,-1,0,-1,-1,
#assigned_hub=6,3,0,4,7,8,5,1,
#moving_targetting_pos=26,6|16,6|6,6|-1,-1|-1,-1|-1,-1|-1,-1|6,16|
#setting_targetting_pos=-1,-1|-1,-1|-1,-1|18,15|-1,-1|26,27|-1,-1|-1,-1|
#type=4,4,4,4,4,4,4,4,
...D.L..
#011011111111
#assigned_pet=-1,-1,-1,3,-1,0,-1,-1,
#assigned_hub=6,3,0,4,7,8,5,1,
#moving_targetting_pos=26,6|-1,-1|6,6|-1,-1|-1,-1|-1,-1|-1,-1|6,16|
#setting_targetting_pos=-1,-1|-1,-1|-1,-1|17,14|-1,-1|26,28|-1,-1|-1,-1|
#type=4,4,4,4,4,4,4,4,
.....R..
#011011111111
#assigned_pet=-1,-1,-1,3,-1,0,-1,-1,
#assigned_hub=6,3,0,4,7,8,5,1,
#moving_targetting_pos=26,6|-1,-1|6,6|-1,-1|-1,-1|-1,-1|-1,-1|6,16|
#setting_targetting_pos=-1,-1|-1,-1|-1,-1|17,14|-1,-1|26,27|-1,-1|-1,-1|
#type=4,4,4,4,4,4,4,4,
.....L..
#011011111111
#assigned_pet=-1,-1,-1,3,-1,0,-1,-1,
#assigned_hub=6,3,0,4,7,8,5,1,
#moving_targetting_pos=26,6|-1,-1|6,6|-1,-1|-1,-1|-1,-1|-1,-1|6,16|
#setting_targetting_pos=-1,-1|-1,-1|-1,-1|15,14|-1,-1|25,27|-1,-1|-1,-1|
#type=4,4,4,4,4,4,4,4,
...L.R..
#011011111111
#assigned_pet=-1,3,-1,3,-1,0,-1,-1,
#assigned_hub=6,3,0,4,7,8,5,1,
#moving_targetting_pos=26,6|-1,-1|6,6|-1,-1|26,16|-1,-1|-1,-1|6,16|
#setting_targetting_pos=-1,-1|15,8|-1,-1|15,14|-1,-1|24,27|-1,-1|-1,-1|
#type=4,4,4,4,4,4,4,4,
.R.U.U..
#011011111111
#assigned_pet=-1,3,-1,3,-1,0,0,-1,
#assigned_hub=6,3,0,4,7,8,5,1,
#moving_targetting_pos=26,6|-1,-1|6,6|-1,-1|26,16|-1,-1|-1,-1|6,16|
#setting_targetting_pos=-1,-1|15,8|-1,-1|15,14|-1,-1|24,27|18,27|-1,-1|
#type=4,4,4,4,4,4,4,4,
.R....R.
#011011111111
#assigned_pet=-1,3,-1,3,-1,0,0,-1,
#assigned_hub=6,3,0,4,7,8,5,1,
#moving_targetting_pos=26,6|-1,-1|6,6|-1,-1|26,16|-1,-1|-1,-1|6,16|
#setting_targetting_pos=-1,-1|15,8|-1,-1|15,14|-1,-1|24,27|18,27|-1,-1|
#type=4,4,4,4,4,4,4,4,
.R....R.
#011011111111
#assigned_pet=-1,3,-1,3,-1,0,0,-1,
#assigned_hub=6,3,0,4,7,8,5,1,
#moving_targetting_pos=26,6|-1,-1|6,6|-1,-1|26,16|-1,-1|-1,-1|6,16|
#setting_targetting_pos=-1,-1|15,8|-1,-1|15,14|-1,-1|24,27|18,27|-1,-1|
#type=4,4,4,4,4,4,4,4,
.R....R.
#011111111111
#assigned_pet=-1,3,-1,3,-1,0,0,-1,
#assigned_hub=6,3,0,4,7,8,5,1,
#moving_targetting_pos=26,6|-1,-1|6,6|-1,-1|26,16|-1,-1|-1,-1|6,16|
#setting_targetting_pos=-1,-1|15,8|-1,-1|15,14|-1,-1|24,27|18,27|-1,-1|
#type=4,5,4,5,4,4,4,4,
.u.u..D.
#011111111111
#assigned_pet=-1,-1,-1,-1,-1,0,0,-1,
#assigned_hub=6,3,0,4,7,8,5,1,
#moving_targetting_pos=26,6|16,6|6,6|16,16|26,16|-1,-1|-1,-1|6,16|
#setting_targetting_pos=-1,-1|-1,-1|-1,-1|-1,-1|-1,-1|24,27|18,27|-1,-1|
#type=4,4,4,4,4,4,4,4,
........
#111111111111
#assigned_pet=-1,-1,-1,-1,-1,0,0,-1,
#assigned_hub=6,3,0,4,7,8,5,1,
#moving_targetting_pos=26,6|16,6|6,6|16,16|26,16|-1,-1|-1,-1|6,16|
#setting_targetting_pos=-1,-1|-1,-1|-1,-1|-1,-1|-1,-1|24,27|18,27|-1,-1|
#type=4,4,4,4,4,5,5,4,
.....ud.
#111111111111
#assigned_pet=-1,-1,-1,-1,-1,-1,-1,-1,
#assigned_hub=6,3,0,4,7,8,5,1,
#moving_targetting_pos=26,6|16,6|6,6|16,16|26,16|26,26|16,26|6,16|
#setting_targetting_pos=-1,-1|-1,-1|-1,-1|-1,-1|-1,-1|-1,-1|-1,-1|-1,-1|
#type=4,4,4,4,4,4,4,4,
........
#111111111111
#assigned_pet=-1,-1,-1,-1,-1,-1,-1,-1,
#assigned_hub=6,3,0,4,7,8,5,1,
#moving_targetting_pos=26,6|16,6|6,6|16,16|26,16|26,26|16,26|6,16|
#setting_targetting_pos=-1,-1|-1,-1|-1,-1|-1,-1|-1,-1|-1,-1|-1,-1|-1,-1|
#type=4,4,4,4,4,4,4,4,
........
#111111111111
#assigned_pet=-1,-1,-1,-1,-1,-1,-1,-1,
#assigned_hub=6,3,0,4,7,8,5,1,
#moving_targetting_pos=26,6|16,6|6,6|16,16|26,16|26,26|16,26|6,16|
#setting_targetting_pos=-1,-1|-1,-1|-1,-1|-1,-1|-1,-1|-1,-1|-1,-1|-1,-1|
#type=4,4,4,4,4,4,4,4,
........
#111111111111
#assigned_pet=-1,-1,-1,-1,-1,-1,-1,-1,
#assigned_hub=6,3,0,4,7,8,5,1,
#moving_targetting_pos=26,6|16,6|6,6|16,16|26,16|26,26|16,26|6,16|
#setting_targetting_pos=-1,-1|-1,-1|-1,-1|-1,-1|-1,-1|-1,-1|-1,-1|-1,-1|
#type=4,4,4,4,4,4,4,4,
........
#111111111111
#assigned_pet=-1,-1,-1,-1,-1,-1,-1,-1,
#assigned_hub=6,3,0,4,7,8,5,1,
#moving_targetting_pos=26,6|16,6|6,6|16,16|26,16|26,26|16,26|6,16|
#setting_targetting_pos=-1,-1|-1,-1|-1,-1|-1,-1|-1,-1|-1,-1|-1,-1|-1,-1|
#type=4,4,4,4,4,4,4,4,
........
#111111111111
#assigned_pet=-1,-1,-1,-1,-1,-1,-1,-1,
#assigned_hub=6,3,0,4,7,8,5,1,
#moving_targetting_pos=26,6|16,6|6,6|16,16|26,16|26,26|16,26|6,16|
#setting_targetting_pos=-1,-1|-1,-1|-1,-1|-1,-1|-1,-1|-1,-1|-1,-1|-1,-1|
#type=4,4,4,4,4,4,4,4,
........
#111111111111
#assigned_pet=-1,-1,-1,-1,-1,-1,-1,-1,
#assigned_hub=6,3,0,4,7,8,5,1,
#moving_targetting_pos=26,6|16,6|6,6|16,16|26,16|26,26|16,26|6,16|
#setting_targetting_pos=-1,-1|-1,-1|-1,-1|-1,-1|-1,-1|-1,-1|-1,-1|-1,-1|
#type=4,4,4,4,4,4,4,4,
........
#111111111111
#assigned_pet=-1,-1,-1,-1,-1,-1,-1,-1,
#assigned_hub=6,3,0,4,7,8,5,1,
#moving_targetting_pos=26,6|16,6|6,6|16,16|26,16|26,26|16,26|6,16|
#setting_targetting_pos=-1,-1|-1,-1|-1,-1|-1,-1|-1,-1|-1,-1|-1,-1|-1,-1|
#type=4,4,4,4,4,4,4,4,
........
#111111111111
#assigned_pet=-1,-1,-1,-1,-1,-1,-1,-1,
#assigned_hub=6,3,0,4,7,8,5,1,
#moving_targetting_pos=26,6|16,6|6,6|16,16|26,16|26,26|16,26|6,16|
#setting_targetting_pos=-1,-1|-1,-1|-1,-1|-1,-1|-1,-1|-1,-1|-1,-1|-1,-1|
#type=4,4,4,4,4,4,4,4,
........
#111111111111
#assigned_pet=-1,-1,-1,-1,-1,-1,-1,-1,
#assigned_hub=6,3,0,4,7,8,5,1,
#moving_targetting_pos=26,6|16,6|6,6|16,16|26,16|26,26|16,26|6,16|
#setting_targetting_pos=-1,-1|-1,-1|-1,-1|-1,-1|-1,-1|-1,-1|-1,-1|-1,-1|
#type=4,4,4,4,4,4,4,4,
........
#111111111111
#assigned_pet=-1,-1,-1,-1,-1,-1,-1,-1,
#assigned_hub=6,3,0,4,7,8,5,1,
#moving_targetting_pos=26,6|16,6|6,6|16,16|26,16|26,26|16,26|6,16|
#setting_targetting_pos=-1,-1|-1,-1|-1,-1|-1,-1|-1,-1|-1,-1|-1,-1|-1,-1|
#type=4,4,4,4,4,4,4,4,
........
#111111111111
#assigned_pet=-1,-1,-1,-1,-1,-1,-1,-1,
#assigned_hub=6,3,0,4,7,8,5,1,
#moving_targetting_pos=26,6|16,6|6,6|16,16|26,16|26,26|16,26|6,16|
#setting_targetting_pos=-1,-1|-1,-1|-1,-1|-1,-1|-1,-1|-1,-1|-1,-1|-1,-1|
#type=4,4,4,4,4,4,4,4,
........
#111111111111
#assigned_pet=-1,-1,-1,-1,-1,-1,-1,-1,
#assigned_hub=6,3,0,4,7,8,5,1,
#moving_targetting_pos=26,6|16,6|6,6|16,16|26,16|26,26|16,26|6,16|
#setting_targetting_pos=-1,-1|-1,-1|-1,-1|-1,-1|-1,-1|-1,-1|-1,-1|-1,-1|
#type=4,4,4,4,4,4,4,4,
........
#111111111111
#assigned_pet=-1,-1,-1,-1,-1,-1,-1,-1,
#assigned_hub=6,3,0,4,7,8,5,1,
#moving_targetting_pos=26,6|16,6|6,6|16,16|26,16|26,26|16,26|6,16|
#setting_targetting_pos=-1,-1|-1,-1|-1,-1|-1,-1|-1,-1|-1,-1|-1,-1|-1,-1|
#type=4,4,4,4,4,4,4,4,
........
#111111111111
#assigned_pet=-1,-1,-1,-1,-1,-1,-1,-1,
#assigned_hub=6,3,0,4,7,8,5,1,
#moving_targetting_pos=26,6|16,6|6,6|16,16|26,16|26,26|16,26|6,16|
#setting_targetting_pos=-1,-1|-1,-1|-1,-1|-1,-1|-1,-1|-1,-1|-1,-1|-1,-1|
#type=4,4,4,4,4,4,4,4,
........
#111111111111
#assigned_pet=-1,-1,-1,-1,-1,-1,-1,-1,
#assigned_hub=6,3,0,4,7,8,5,1,
#moving_targetting_pos=26,6|16,6|6,6|16,16|26,16|26,26|16,26|6,16|
#setting_targetting_pos=-1,-1|-1,-1|-1,-1|-1,-1|-1,-1|-1,-1|-1,-1|-1,-1|
#type=4,4,4,4,4,4,4,4,
........
#111111111111
#assigned_pet=-1,-1,-1,-1,-1,-1,-1,-1,
#assigned_hub=6,3,0,4,7,8,5,1,
#moving_targetting_pos=26,6|16,6|6,6|16,16|26,16|26,26|16,26|6,16|
#setting_targetting_pos=-1,-1|-1,-1|-1,-1|-1,-1|-1,-1|-1,-1|-1,-1|-1,-1|
#type=4,4,4,4,4,4,4,4,
........
#111111111111
#assigned_pet=-1,-1,-1,-1,-1,-1,-1,-1,
#assigned_hub=6,3,0,4,7,8,5,1,
#moving_targetting_pos=26,6|16,6|6,6|16,16|26,16|26,26|16,26|6,16|
#setting_targetting_pos=-1,-1|-1,-1|-1,-1|-1,-1|-1,-1|-1,-1|-1,-1|-1,-1|
#type=4,4,4,4,4,4,4,4,
........
#111111111111
#assigned_pet=-1,-1,-1,-1,-1,-1,-1,-1,
#assigned_hub=6,3,0,4,7,8,5,1,
#moving_targetting_pos=26,6|16,6|6,6|16,16|26,16|26,26|16,26|6,16|
#setting_targetting_pos=-1,-1|-1,-1|-1,-1|-1,-1|-1,-1|-1,-1|-1,-1|-1,-1|
#type=4,4,4,4,4,4,4,4,
........
#111111111111
#assigned_pet=-1,-1,-1,-1,-1,-1,-1,-1,
#assigned_hub=6,3,0,4,7,8,5,1,
#moving_targetting_pos=26,6|16,6|6,6|16,16|26,16|26,26|16,26|6,16|
#setting_targetting_pos=-1,-1|-1,-1|-1,-1|-1,-1|-1,-1|-1,-1|-1,-1|-1,-1|
#type=4,4,4,4,4,4,4,4,
........
#111111111111
#assigned_pet=-1,-1,-1,-1,-1,-1,-1,-1,
#assigned_hub=6,3,0,4,7,8,5,1,
#moving_targetting_pos=26,6|16,6|6,6|16,16|26,16|26,26|16,26|6,16|
#setting_targetting_pos=-1,-1|-1,-1|-1,-1|-1,-1|-1,-1|-1,-1|-1,-1|-1,-1|
#type=4,4,4,4,4,4,4,4,
........
#111111111111
#assigned_pet=-1,-1,-1,-1,-1,-1,-1,-1,
#assigned_hub=6,3,0,4,7,8,5,1,
#moving_targetting_pos=26,6|16,6|6,6|16,16|26,16|26,26|16,26|6,16|
#setting_targetting_pos=-1,-1|-1,-1|-1,-1|-1,-1|-1,-1|-1,-1|-1,-1|-1,-1|
#type=4,4,4,4,4,4,4,4,
........
#111111111111
#assigned_pet=-1,-1,-1,-1,-1,-1,-1,-1,
#assigned_hub=6,3,0,4,7,8,5,1,
#moving_targetting_pos=26,6|16,6|6,6|16,16|26,16|26,26|16,26|6,16|
#setting_targetting_pos=-1,-1|-1,-1|-1,-1|-1,-1|-1,-1|-1,-1|-1,-1|-1,-1|
#type=4,4,4,4,4,4,4,4,
........
#111111111111
#assigned_pet=-1,-1,-1,-1,-1,-1,-1,-1,
#assigned_hub=6,3,0,4,7,8,5,1,
#moving_targetting_pos=26,6|16,6|6,6|16,16|26,16|26,26|16,26|6,16|
#setting_targetting_pos=-1,-1|-1,-1|-1,-1|-1,-1|-1,-1|-1,-1|-1,-1|-1,-1|
#type=4,4,4,4,4,4,4,4,
........
#111111111111
#assigned_pet=-1,-1,-1,-1,-1,-1,-1,-1,
#assigned_hub=6,3,0,4,7,8,5,1,
#moving_targetting_pos=26,6|16,6|6,6|16,16|26,16|26,26|16,26|6,16|
#setting_targetting_pos=-1,-1|-1,-1|-1,-1|-1,-1|-1,-1|-1,-1|-1,-1|-1,-1|
#type=4,4,4,4,4,4,4,4,
........
#111111111111
#assigned_pet=-1,-1,-1,-1,-1,-1,-1,-1,
#assigned_hub=6,3,0,4,7,8,5,1,
#moving_targetting_pos=26,6|16,6|6,6|16,16|26,16|26,26|16,26|6,16|
#setting_targetting_pos=-1,-1|-1,-1|-1,-1|-1,-1|-1,-1|-1,-1|-1,-1|-1,-1|
#type=4,4,4,4,4,4,4,4,
........
#111111111111
#assigned_pet=-1,-1,-1,-1,-1,-1,-1,-1,
#assigned_hub=6,3,0,4,7,8,5,1,
#moving_targetting_pos=26,6|16,6|6,6|16,16|26,16|26,26|16,26|6,16|
#setting_targetting_pos=-1,-1|-1,-1|-1,-1|-1,-1|-1,-1|-1,-1|-1,-1|-1,-1|
#type=4,4,4,4,4,4,4,4,
........
#111111111111
#assigned_pet=-1,-1,-1,-1,-1,-1,-1,-1,
#assigned_hub=6,3,0,4,7,8,5,1,
#moving_targetting_pos=26,6|16,6|6,6|16,16|26,16|26,26|16,26|6,16|
#setting_targetting_pos=-1,-1|-1,-1|-1,-1|-1,-1|-1,-1|-1,-1|-1,-1|-1,-1|
#type=4,4,4,4,4,4,4,4,
........
#111111111111
#assigned_pet=-1,-1,-1,-1,-1,-1,-1,-1,
#assigned_hub=6,3,0,4,7,8,5,1,
#moving_targetting_pos=26,6|16,6|6,6|16,16|26,16|26,26|16,26|6,16|
#setting_targetting_pos=-1,-1|-1,-1|-1,-1|-1,-1|-1,-1|-1,-1|-1,-1|-1,-1|
#type=4,4,4,4,4,4,4,4,
........
#111111111111
#assigned_pet=-1,-1,-1,-1,-1,-1,-1,-1,
#assigned_hub=6,3,0,4,7,8,5,1,
#moving_targetting_pos=26,6|16,6|6,6|16,16|26,16|26,26|16,26|6,16|
#setting_targetting_pos=-1,-1|-1,-1|-1,-1|-1,-1|-1,-1|-1,-1|-1,-1|-1,-1|
#type=4,4,4,4,4,4,4,4,
........
#111111111111
#assigned_pet=-1,-1,-1,-1,-1,-1,-1,-1,
#assigned_hub=6,3,0,4,7,8,5,1,
#moving_targetting_pos=26,6|16,6|6,6|16,16|26,16|26,26|16,26|6,16|
#setting_targetting_pos=-1,-1|-1,-1|-1,-1|-1,-1|-1,-1|-1,-1|-1,-1|-1,-1|
#type=4,4,4,4,4,4,4,4,
........
#111111111111
#assigned_pet=-1,-1,-1,-1,-1,-1,-1,-1,
#assigned_hub=6,3,0,4,7,8,5,1,
#moving_targetting_pos=26,6|16,6|6,6|16,16|26,16|26,26|16,26|6,16|
#setting_targetting_pos=-1,-1|-1,-1|-1,-1|-1,-1|-1,-1|-1,-1|-1,-1|-1,-1|
#type=4,4,4,4,4,4,4,4,
........
#111111111111
#assigned_pet=-1,-1,-1,-1,-1,-1,-1,-1,
#assigned_hub=6,3,0,4,7,8,5,1,
#moving_targetting_pos=26,6|16,6|6,6|16,16|26,16|26,26|16,26|6,16|
#setting_targetting_pos=-1,-1|-1,-1|-1,-1|-1,-1|-1,-1|-1,-1|-1,-1|-1,-1|
#type=4,4,4,4,4,4,4,4,
........
#111111111111
#assigned_pet=-1,-1,-1,-1,-1,-1,-1,-1,
#assigned_hub=6,3,0,4,7,8,5,1,
#moving_targetting_pos=26,6|16,6|6,6|16,16|26,16|26,26|16,26|6,16|
#setting_targetting_pos=-1,-1|-1,-1|-1,-1|-1,-1|-1,-1|-1,-1|-1,-1|-1,-1|
#type=4,4,4,4,4,4,4,4,
........
#111111111111
#assigned_pet=-1,-1,-1,-1,-1,-1,-1,-1,
#assigned_hub=6,3,0,4,7,8,5,1,
#moving_targetting_pos=26,6|16,6|6,6|16,16|26,16|26,26|16,26|6,16|
#setting_targetting_pos=-1,-1|-1,-1|-1,-1|-1,-1|-1,-1|-1,-1|-1,-1|-1,-1|
#type=4,4,4,4,4,4,4,4,
........
#111111111111
#assigned_pet=-1,-1,-1,-1,-1,-1,-1,-1,
#assigned_hub=6,3,0,4,7,8,5,1,
#moving_targetting_pos=26,6|16,6|6,6|16,16|26,16|26,26|16,26|6,16|
#setting_targetting_pos=-1,-1|-1,-1|-1,-1|-1,-1|-1,-1|-1,-1|-1,-1|-1,-1|
#type=4,4,4,4,4,4,4,4,
........
#111111111111
#assigned_pet=-1,-1,-1,-1,-1,-1,-1,-1,
#assigned_hub=6,3,0,4,7,8,5,1,
#moving_targetting_pos=26,6|16,6|6,6|16,16|26,16|26,26|16,26|6,16|
#setting_targetting_pos=-1,-1|-1,-1|-1,-1|-1,-1|-1,-1|-1,-1|-1,-1|-1,-1|
#type=4,4,4,4,4,4,4,4,
........
#111111111111
#assigned_pet=-1,-1,-1,-1,-1,-1,-1,-1,
#assigned_hub=6,3,0,4,7,8,5,1,
#moving_targetting_pos=26,6|16,6|6,6|16,16|26,16|26,26|16,26|6,16|
#setting_targetting_pos=-1,-1|-1,-1|-1,-1|-1,-1|-1,-1|-1,-1|-1,-1|-1,-1|
#type=4,4,4,4,4,4,4,4,
........
#111111111111
#assigned_pet=-1,-1,-1,-1,-1,-1,-1,-1,
#assigned_hub=6,3,0,4,7,8,5,1,
#moving_targetting_pos=26,6|16,6|6,6|16,16|26,16|26,26|16,26|6,16|
#setting_targetting_pos=-1,-1|-1,-1|-1,-1|-1,-1|-1,-1|-1,-1|-1,-1|-1,-1|
#type=4,4,4,4,4,4,4,4,
........
#111111111111
#assigned_pet=-1,-1,-1,-1,-1,-1,-1,-1,
#assigned_hub=6,3,0,4,7,8,5,1,
#moving_targetting_pos=26,6|16,6|6,6|16,16|26,16|26,26|16,26|6,16|
#setting_targetting_pos=-1,-1|-1,-1|-1,-1|-1,-1|-1,-1|-1,-1|-1,-1|-1,-1|
#type=4,4,4,4,4,4,4,4,
........
#111111111111
#assigned_pet=-1,-1,-1,-1,-1,-1,-1,-1,
#assigned_hub=6,3,0,4,7,8,5,1,
#moving_targetting_pos=26,6|16,6|6,6|16,16|26,16|26,26|16,26|6,16|
#setting_targetting_pos=-1,-1|-1,-1|-1,-1|-1,-1|-1,-1|-1,-1|-1,-1|-1,-1|
#type=4,4,4,4,4,4,4,4,
........
#111111111111
#assigned_pet=-1,-1,-1,-1,-1,-1,-1,-1,
#assigned_hub=6,3,0,4,7,8,5,1,
#moving_targetting_pos=26,6|16,6|6,6|16,16|26,16|26,26|16,26|6,16|
#setting_targetting_pos=-1,-1|-1,-1|-1,-1|-1,-1|-1,-1|-1,-1|-1,-1|-1,-1|
#type=4,4,4,4,4,4,4,4,
........
#111111111111
#assigned_pet=-1,-1,-1,-1,-1,-1,-1,-1,
#assigned_hub=6,3,0,4,7,8,5,1,
#moving_targetting_pos=26,6|16,6|6,6|16,16|26,16|26,26|16,26|6,16|
#setting_targetting_pos=-1,-1|-1,-1|-1,-1|-1,-1|-1,-1|-1,-1|-1,-1|-1,-1|
#type=4,4,4,4,4,4,4,4,
........
#111111111111
#assigned_pet=-1,-1,-1,-1,-1,-1,-1,-1,
#assigned_hub=6,3,0,4,7,8,5,1,
#moving_targetting_pos=26,6|16,6|6,6|16,16|26,16|26,26|16,26|6,16|
#setting_targetting_pos=-1,-1|-1,-1|-1,-1|-1,-1|-1,-1|-1,-1|-1,-1|-1,-1|
#type=4,4,4,4,4,4,4,4,
........
#111111111111
#assigned_pet=-1,-1,-1,-1,-1,-1,-1,-1,
#assigned_hub=6,3,0,4,7,8,5,1,
#moving_targetting_pos=26,6|16,6|6,6|16,16|26,16|26,26|16,26|6,16|
#setting_targetting_pos=-1,-1|-1,-1|-1,-1|-1,-1|-1,-1|-1,-1|-1,-1|-1,-1|
#type=4,4,4,4,4,4,4,4,
........
#111111111111
#assigned_pet=-1,-1,-1,-1,-1,-1,-1,-1,
#assigned_hub=6,3,0,4,7,8,5,1,
#moving_targetting_pos=26,6|16,6|6,6|16,16|26,16|26,26|16,26|6,16|
#setting_targetting_pos=-1,-1|-1,-1|-1,-1|-1,-1|-1,-1|-1,-1|-1,-1|-1,-1|
#type=4,4,4,4,4,4,4,4,
........
#111111111111
#assigned_pet=-1,-1,-1,-1,-1,-1,-1,-1,
#assigned_hub=6,3,0,4,7,8,5,1,
#moving_targetting_pos=26,6|16,6|6,6|16,16|26,16|26,26|16,26|6,16|
#setting_targetting_pos=-1,-1|-1,-1|-1,-1|-1,-1|-1,-1|-1,-1|-1,-1|-1,-1|
#type=4,4,4,4,4,4,4,4,
........
#111111111111
#assigned_pet=-1,-1,-1,-1,-1,-1,-1,-1,
#assigned_hub=6,3,0,4,7,8,5,1,
#moving_targetting_pos=26,6|16,6|6,6|16,16|26,16|26,26|16,26|6,16|
#setting_targetting_pos=-1,-1|-1,-1|-1,-1|-1,-1|-1,-1|-1,-1|-1,-1|-1,-1|
#type=4,4,4,4,4,4,4,4,
........
#111111111111
#assigned_pet=-1,-1,-1,-1,-1,-1,-1,-1,
#assigned_hub=6,3,0,4,7,8,5,1,
#moving_targetting_pos=26,6|16,6|6,6|16,16|26,16|26,26|16,26|6,16|
#setting_targetting_pos=-1,-1|-1,-1|-1,-1|-1,-1|-1,-1|-1,-1|-1,-1|-1,-1|
#type=4,4,4,4,4,4,4,4,
........
#111111111111
#assigned_pet=-1,-1,-1,-1,-1,-1,-1,-1,
#assigned_hub=6,3,0,4,7,8,5,1,
#moving_targetting_pos=26,6|16,6|6,6|16,16|26,16|26,26|16,26|6,16|
#setting_targetting_pos=-1,-1|-1,-1|-1,-1|-1,-1|-1,-1|-1,-1|-1,-1|-1,-1|
#type=4,4,4,4,4,4,4,4,
........
#111111111111
#assigned_pet=-1,-1,-1,-1,-1,-1,-1,-1,
#assigned_hub=6,3,0,4,7,8,5,1,
#moving_targetting_pos=26,6|16,6|6,6|16,16|26,16|26,26|16,26|6,16|
#setting_targetting_pos=-1,-1|-1,-1|-1,-1|-1,-1|-1,-1|-1,-1|-1,-1|-1,-1|
#type=4,4,4,4,4,4,4,4,
........
#111111111111
#assigned_pet=-1,-1,-1,-1,-1,-1,-1,-1,
#assigned_hub=6,3,0,4,7,8,5,1,
#moving_targetting_pos=26,6|16,6|6,6|16,16|26,16|26,26|16,26|6,16|
#setting_targetting_pos=-1,-1|-1,-1|-1,-1|-1,-1|-1,-1|-1,-1|-1,-1|-1,-1|
#type=4,4,4,4,4,4,4,4,
........
#111111111111
#assigned_pet=-1,-1,-1,-1,-1,-1,-1,-1,
#assigned_hub=6,3,0,4,7,8,5,1,
#moving_targetting_pos=26,6|16,6|6,6|16,16|26,16|26,26|16,26|6,16|
#setting_targetting_pos=-1,-1|-1,-1|-1,-1|-1,-1|-1,-1|-1,-1|-1,-1|-1,-1|
#type=4,4,4,4,4,4,4,4,
........
#111111111111
#assigned_pet=-1,-1,-1,-1,-1,-1,-1,-1,
#assigned_hub=6,3,0,4,7,8,5,1,
#moving_targetting_pos=26,6|16,6|6,6|16,16|26,16|26,26|16,26|6,16|
#setting_targetting_pos=-1,-1|-1,-1|-1,-1|-1,-1|-1,-1|-1,-1|-1,-1|-1,-1|
#type=4,4,4,4,4,4,4,4,
........
#111111111111
#assigned_pet=-1,-1,-1,-1,-1,-1,-1,-1,
#assigned_hub=6,3,0,4,7,8,5,1,
#moving_targetting_pos=26,6|16,6|6,6|16,16|26,16|26,26|16,26|6,16|
#setting_targetting_pos=-1,-1|-1,-1|-1,-1|-1,-1|-1,-1|-1,-1|-1,-1|-1,-1|
#type=4,4,4,4,4,4,4,4,
........
#111111111111
#assigned_pet=-1,-1,-1,-1,-1,-1,-1,-1,
#assigned_hub=6,3,0,4,7,8,5,1,
#moving_targetting_pos=26,6|16,6|6,6|16,16|26,16|26,26|16,26|6,16|
#setting_targetting_pos=-1,-1|-1,-1|-1,-1|-1,-1|-1,-1|-1,-1|-1,-1|-1,-1|
#type=4,4,4,4,4,4,4,4,
........
#111111111111
#assigned_pet=-1,-1,-1,-1,-1,-1,-1,-1,
#assigned_hub=6,3,0,4,7,8,5,1,
#moving_targetting_pos=26,6|16,6|6,6|16,16|26,16|26,26|16,26|6,16|
#setting_targetting_pos=-1,-1|-1,-1|-1,-1|-1,-1|-1,-1|-1,-1|-1,-1|-1,-1|
#type=4,4,4,4,4,4,4,4,
........
#111111111111
#assigned_pet=-1,-1,-1,-1,-1,-1,-1,-1,
#assigned_hub=6,3,0,4,7,8,5,1,
#moving_targetting_pos=26,6|16,6|6,6|16,16|26,16|26,26|16,26|6,16|
#setting_targetting_pos=-1,-1|-1,-1|-1,-1|-1,-1|-1,-1|-1,-1|-1,-1|-1,-1|
#type=4,4,4,4,4,4,4,4,
........
#111111111111
#assigned_pet=-1,-1,-1,-1,-1,-1,-1,-1,
#assigned_hub=6,3,0,4,7,8,5,1,
#moving_targetting_pos=26,6|16,6|6,6|16,16|26,16|26,26|16,26|6,16|
#setting_targetting_pos=-1,-1|-1,-1|-1,-1|-1,-1|-1,-1|-1,-1|-1,-1|-1,-1|
#type=4,4,4,4,4,4,4,4,
........
#111111111111
#assigned_pet=-1,-1,-1,-1,-1,-1,-1,-1,
#assigned_hub=6,3,0,4,7,8,5,1,
#moving_targetting_pos=26,6|16,6|6,6|16,16|26,16|26,26|16,26|6,16|
#setting_targetting_pos=-1,-1|-1,-1|-1,-1|-1,-1|-1,-1|-1,-1|-1,-1|-1,-1|
#type=4,4,4,4,4,4,4,4,
........
#111111111111
#assigned_pet=-1,-1,-1,-1,-1,-1,-1,-1,
#assigned_hub=6,3,0,4,7,8,5,1,
#moving_targetting_pos=26,6|16,6|6,6|16,16|26,16|26,26|16,26|6,16|
#setting_targetting_pos=-1,-1|-1,-1|-1,-1|-1,-1|-1,-1|-1,-1|-1,-1|-1,-1|
#type=4,4,4,4,4,4,4,4,
........
#111111111111
#assigned_pet=-1,-1,-1,-1,-1,-1,-1,-1,
#assigned_hub=6,3,0,4,7,8,5,1,
#moving_targetting_pos=26,6|16,6|6,6|16,16|26,16|26,26|16,26|6,16|
#setting_targetting_pos=-1,-1|-1,-1|-1,-1|-1,-1|-1,-1|-1,-1|-1,-1|-1,-1|
#type=4,4,4,4,4,4,4,4,
........
#111111111111
#assigned_pet=-1,-1,-1,-1,-1,-1,-1,-1,
#assigned_hub=6,3,0,4,7,8,5,1,
#moving_targetting_pos=26,6|16,6|6,6|16,16|26,16|26,26|16,26|6,16|
#setting_targetting_pos=-1,-1|-1,-1|-1,-1|-1,-1|-1,-1|-1,-1|-1,-1|-1,-1|
#type=4,4,4,4,4,4,4,4,
........
#111111111111
#assigned_pet=-1,-1,-1,-1,-1,-1,-1,-1,
#assigned_hub=6,3,0,4,7,8,5,1,
#moving_targetting_pos=26,6|16,6|6,6|16,16|26,16|26,26|16,26|6,16|
#setting_targetting_pos=-1,-1|-1,-1|-1,-1|-1,-1|-1,-1|-1,-1|-1,-1|-1,-1|
#type=4,4,4,4,4,4,4,4,
........
#111111111111
#assigned_pet=-1,-1,-1,-1,-1,-1,-1,-1,
#assigned_hub=6,3,0,4,7,8,5,1,
#moving_targetting_pos=26,6|16,6|6,6|16,16|26,16|26,26|16,26|6,16|
#setting_targetting_pos=-1,-1|-1,-1|-1,-1|-1,-1|-1,-1|-1,-1|-1,-1|-1,-1|
#type=4,4,4,4,4,4,4,4,
........
#111111111111
#assigned_pet=-1,-1,-1,-1,-1,-1,-1,-1,
#assigned_hub=6,3,0,4,7,8,5,1,
#moving_targetting_pos=26,6|16,6|6,6|16,16|26,16|26,26|16,26|6,16|
#setting_targetting_pos=-1,-1|-1,-1|-1,-1|-1,-1|-1,-1|-1,-1|-1,-1|-1,-1|
#type=4,4,4,4,4,4,4,4,
........
#111111111111
#assigned_pet=-1,-1,-1,-1,-1,-1,-1,-1,
#assigned_hub=6,3,0,4,7,8,5,1,
#moving_targetting_pos=26,6|16,6|6,6|16,16|26,16|26,26|16,26|6,16|
#setting_targetting_pos=-1,-1|-1,-1|-1,-1|-1,-1|-1,-1|-1,-1|-1,-1|-1,-1|
#type=4,4,4,4,4,4,4,4,
........
#111111111111
#assigned_pet=-1,-1,-1,-1,-1,-1,-1,-1,
#assigned_hub=6,3,0,4,7,8,5,1,
#moving_targetting_pos=26,6|16,6|6,6|16,16|26,16|26,26|16,26|6,16|
#setting_targetting_pos=-1,-1|-1,-1|-1,-1|-1,-1|-1,-1|-1,-1|-1,-1|-1,-1|
#type=4,4,4,4,4,4,4,4,
........
#111111111111
#assigned_pet=-1,-1,-1,-1,-1,-1,-1,-1,
#assigned_hub=6,3,0,4,7,8,5,1,
#moving_targetting_pos=26,6|16,6|6,6|16,16|26,16|26,26|16,26|6,16|
#setting_targetting_pos=-1,-1|-1,-1|-1,-1|-1,-1|-1,-1|-1,-1|-1,-1|-1,-1|
#type=4,4,4,4,4,4,4,4,
........
#111111111111
#assigned_pet=-1,-1,-1,-1,-1,-1,-1,-1,
#assigned_hub=6,3,0,4,7,8,5,1,
#moving_targetting_pos=26,6|16,6|6,6|16,16|26,16|26,26|16,26|6,16|
#setting_targetting_pos=-1,-1|-1,-1|-1,-1|-1,-1|-1,-1|-1,-1|-1,-1|-1,-1|
#type=4,4,4,4,4,4,4,4,
........
#111111111111
#assigned_pet=-1,-1,-1,-1,-1,-1,-1,-1,
#assigned_hub=6,3,0,4,7,8,5,1,
#moving_targetting_pos=26,6|16,6|6,6|16,16|26,16|26,26|16,26|6,16|
#setting_targetting_pos=-1,-1|-1,-1|-1,-1|-1,-1|-1,-1|-1,-1|-1,-1|-1,-1|
#type=4,4,4,4,4,4,4,4,
........
#111111111111
#assigned_pet=-1,-1,-1,-1,-1,-1,-1,-1,
#assigned_hub=6,3,0,4,7,8,5,1,
#moving_targetting_pos=26,6|16,6|6,6|16,16|26,16|26,26|16,26|6,16|
#setting_targetting_pos=-1,-1|-1,-1|-1,-1|-1,-1|-1,-1|-1,-1|-1,-1|-1,-1|
#type=4,4,4,4,4,4,4,4,
........
#111111111111
#assigned_pet=-1,-1,-1,-1,-1,-1,-1,-1,
#assigned_hub=6,3,0,4,7,8,5,1,
#moving_targetting_pos=26,6|16,6|6,6|16,16|26,16|26,26|16,26|6,16|
#setting_targetting_pos=-1,-1|-1,-1|-1,-1|-1,-1|-1,-1|-1,-1|-1,-1|-1,-1|
#type=4,4,4,4,4,4,4,4,
........
#111111111111
#assigned_pet=-1,-1,-1,-1,-1,-1,-1,-1,
#assigned_hub=6,3,0,4,7,8,5,1,
#moving_targetting_pos=26,6|16,6|6,6|16,16|26,16|26,26|16,26|6,16|
#setting_targetting_pos=-1,-1|-1,-1|-1,-1|-1,-1|-1,-1|-1,-1|-1,-1|-1,-1|
#type=4,4,4,4,4,4,4,4,
........
#111111111111
#assigned_pet=-1,-1,-1,-1,-1,-1,-1,-1,
#assigned_hub=6,3,0,4,7,8,5,1,
#moving_targetting_pos=26,6|16,6|6,6|16,16|26,16|26,26|16,26|6,16|
#setting_targetting_pos=-1,-1|-1,-1|-1,-1|-1,-1|-1,-1|-1,-1|-1,-1|-1,-1|
#type=4,4,4,4,4,4,4,4,
........
#111111111111
#assigned_pet=-1,-1,-1,-1,-1,-1,-1,-1,
#assigned_hub=6,3,0,4,7,8,5,1,
#moving_targetting_pos=26,6|16,6|6,6|16,16|26,16|26,26|16,26|6,16|
#setting_targetting_pos=-1,-1|-1,-1|-1,-1|-1,-1|-1,-1|-1,-1|-1,-1|-1,-1|
#type=4,4,4,4,4,4,4,4,
........
#111111111111
#assigned_pet=-1,-1,-1,-1,-1,-1,-1,-1,
#assigned_hub=6,3,0,4,7,8,5,1,
#moving_targetting_pos=26,6|16,6|6,6|16,16|26,16|26,26|16,26|6,16|
#setting_targetting_pos=-1,-1|-1,-1|-1,-1|-1,-1|-1,-1|-1,-1|-1,-1|-1,-1|
#type=4,4,4,4,4,4,4,4,
........
#111111111111
#assigned_pet=-1,-1,-1,-1,-1,-1,-1,-1,
#assigned_hub=6,3,0,4,7,8,5,1,
#moving_targetting_pos=26,6|16,6|6,6|16,16|26,16|26,26|16,26|6,16|
#setting_targetting_pos=-1,-1|-1,-1|-1,-1|-1,-1|-1,-1|-1,-1|-1,-1|-1,-1|
#type=4,4,4,4,4,4,4,4,
........
#111111111111
#assigned_pet=-1,-1,-1,-1,-1,-1,-1,-1,
#assigned_hub=6,3,0,4,7,8,5,1,
#moving_targetting_pos=26,6|16,6|6,6|16,16|26,16|26,26|16,26|6,16|
#setting_targetting_pos=-1,-1|-1,-1|-1,-1|-1,-1|-1,-1|-1,-1|-1,-1|-1,-1|
#type=4,4,4,4,4,4,4,4,
........
#111111111111
#assigned_pet=-1,-1,-1,-1,-1,-1,-1,-1,
#assigned_hub=6,3,0,4,7,8,5,1,
#moving_targetting_pos=26,6|16,6|6,6|16,16|26,16|26,26|16,26|6,16|
#setting_targetting_pos=-1,-1|-1,-1|-1,-1|-1,-1|-1,-1|-1,-1|-1,-1|-1,-1|
#type=4,4,4,4,4,4,4,4,
........
#111111111111
#assigned_pet=-1,-1,-1,-1,-1,-1,-1,-1,
#assigned_hub=6,3,0,4,7,8,5,1,
#moving_targetting_pos=26,6|16,6|6,6|16,16|26,16|26,26|16,26|6,16|
#setting_targetting_pos=-1,-1|-1,-1|-1,-1|-1,-1|-1,-1|-1,-1|-1,-1|-1,-1|
#type=4,4,4,4,4,4,4,4,
........
#111111111111
#assigned_pet=-1,-1,-1,-1,-1,-1,-1,-1,
#assigned_hub=6,3,0,4,7,8,5,1,
#moving_targetting_pos=26,6|16,6|6,6|16,16|26,16|26,26|16,26|6,16|
#setting_targetting_pos=-1,-1|-1,-1|-1,-1|-1,-1|-1,-1|-1,-1|-1,-1|-1,-1|
#type=4,4,4,4,4,4,4,4,
........
#111111111111
#assigned_pet=-1,-1,-1,-1,-1,-1,-1,-1,
#assigned_hub=6,3,0,4,7,8,5,1,
#moving_targetting_pos=26,6|16,6|6,6|16,16|26,16|26,26|16,26|6,16|
#setting_targetting_pos=-1,-1|-1,-1|-1,-1|-1,-1|-1,-1|-1,-1|-1,-1|-1,-1|
#type=4,4,4,4,4,4,4,4,
........
#111111111111
#assigned_pet=-1,-1,-1,-1,-1,-1,-1,-1,
#assigned_hub=6,3,0,4,7,8,5,1,
#moving_targetting_pos=26,6|16,6|6,6|16,16|26,16|26,26|16,26|6,16|
#setting_targetting_pos=-1,-1|-1,-1|-1,-1|-1,-1|-1,-1|-1,-1|-1,-1|-1,-1|
#type=4,4,4,4,4,4,4,4,
........
#111111111111
#assigned_pet=-1,-1,-1,-1,-1,-1,-1,-1,
#assigned_hub=6,3,0,4,7,8,5,1,
#moving_targetting_pos=26,6|16,6|6,6|16,16|26,16|26,26|16,26|6,16|
#setting_targetting_pos=-1,-1|-1,-1|-1,-1|-1,-1|-1,-1|-1,-1|-1,-1|-1,-1|
#type=4,4,4,4,4,4,4,4,
........
#111111111111
#assigned_pet=-1,-1,-1,-1,-1,-1,-1,-1,
#assigned_hub=6,3,0,4,7,8,5,1,
#moving_targetting_pos=26,6|16,6|6,6|16,16|26,16|26,26|16,26|6,16|
#setting_targetting_pos=-1,-1|-1,-1|-1,-1|-1,-1|-1,-1|-1,-1|-1,-1|-1,-1|
#type=4,4,4,4,4,4,4,4,
........
#111111111111
#assigned_pet=-1,-1,-1,-1,-1,-1,-1,-1,
#assigned_hub=6,3,0,4,7,8,5,1,
#moving_targetting_pos=26,6|16,6|6,6|16,16|26,16|26,26|16,26|6,16|
#setting_targetting_pos=-1,-1|-1,-1|-1,-1|-1,-1|-1,-1|-1,-1|-1,-1|-1,-1|
#type=4,4,4,4,4,4,4,4,
........
#111111111111
#assigned_pet=-1,-1,-1,-1,-1,-1,-1,-1,
#assigned_hub=6,3,0,4,7,8,5,1,
#moving_targetting_pos=26,6|16,6|6,6|16,16|26,16|26,26|16,26|6,16|
#setting_targetting_pos=-1,-1|-1,-1|-1,-1|-1,-1|-1,-1|-1,-1|-1,-1|-1,-1|
#type=4,4,4,4,4,4,4,4,
........
#111111111111
#assigned_pet=-1,-1,-1,-1,-1,-1,-1,-1,
#assigned_hub=6,3,0,4,7,8,5,1,
#moving_targetting_pos=26,6|16,6|6,6|16,16|26,16|26,26|16,26|6,16|
#setting_targetting_pos=-1,-1|-1,-1|-1,-1|-1,-1|-1,-1|-1,-1|-1,-1|-1,-1|
#type=4,4,4,4,4,4,4,4,
........
#111111111111
#assigned_pet=-1,-1,-1,-1,-1,-1,-1,-1,
#assigned_hub=6,3,0,4,7,8,5,1,
#moving_targetting_pos=26,6|16,6|6,6|16,16|26,16|26,26|16,26|6,16|
#setting_targetting_pos=-1,-1|-1,-1|-1,-1|-1,-1|-1,-1|-1,-1|-1,-1|-1,-1|
#type=4,4,4,4,4,4,4,4,
........
#111111111111
#assigned_pet=-1,-1,-1,-1,-1,-1,-1,-1,
#assigned_hub=6,3,0,4,7,8,5,1,
#moving_targetting_pos=26,6|16,6|6,6|16,16|26,16|26,26|16,26|6,16|
#setting_targetting_pos=-1,-1|-1,-1|-1,-1|-1,-1|-1,-1|-1,-1|-1,-1|-1,-1|
#type=4,4,4,4,4,4,4,4,
........
#111111111111
#assigned_pet=-1,-1,-1,-1,-1,-1,-1,-1,
#assigned_hub=6,3,0,4,7,8,5,1,
#moving_targetting_pos=26,6|16,6|6,6|16,16|26,16|26,26|16,26|6,16|
#setting_targetting_pos=-1,-1|-1,-1|-1,-1|-1,-1|-1,-1|-1,-1|-1,-1|-1,-1|
#type=4,4,4,4,4,4,4,4,
........
#111111111111
#assigned_pet=-1,-1,-1,-1,-1,-1,-1,-1,
#assigned_hub=6,3,0,4,7,8,5,1,
#moving_targetting_pos=26,6|16,6|6,6|16,16|26,16|26,26|16,26|6,16|
#setting_targetting_pos=-1,-1|-1,-1|-1,-1|-1,-1|-1,-1|-1,-1|-1,-1|-1,-1|
#type=4,4,4,4,4,4,4,4,
........
#111111111111
#assigned_pet=-1,-1,-1,-1,-1,-1,-1,-1,
#assigned_hub=6,3,0,4,7,8,5,1,
#moving_targetting_pos=26,6|16,6|6,6|16,16|26,16|26,26|16,26|6,16|
#setting_targetting_pos=-1,-1|-1,-1|-1,-1|-1,-1|-1,-1|-1,-1|-1,-1|-1,-1|
#type=4,4,4,4,4,4,4,4,
........
#111111111111
#assigned_pet=-1,-1,-1,-1,-1,-1,-1,-1,
#assigned_hub=6,3,0,4,7,8,5,1,
#moving_targetting_pos=26,6|16,6|6,6|16,16|26,16|26,26|16,26|6,16|
#setting_targetting_pos=-1,-1|-1,-1|-1,-1|-1,-1|-1,-1|-1,-1|-1,-1|-1,-1|
#type=4,4,4,4,4,4,4,4,
........
#111111111111
#assigned_pet=-1,-1,-1,-1,-1,-1,-1,-1,
#assigned_hub=6,3,0,4,7,8,5,1,
#moving_targetting_pos=26,6|16,6|6,6|16,16|26,16|26,26|16,26|6,16|
#setting_targetting_pos=-1,-1|-1,-1|-1,-1|-1,-1|-1,-1|-1,-1|-1,-1|-1,-1|
#type=4,4,4,4,4,4,4,4,
........
#111111111111
#assigned_pet=-1,-1,-1,-1,-1,-1,-1,-1,
#assigned_hub=6,3,0,4,7,8,5,1,
#moving_targetting_pos=26,6|16,6|6,6|16,16|26,16|26,26|16,26|6,16|
#setting_targetting_pos=-1,-1|-1,-1|-1,-1|-1,-1|-1,-1|-1,-1|-1,-1|-1,-1|
#type=4,4,4,4,4,4,4,4,
........
#111111111111
#assigned_pet=-1,-1,-1,-1,-1,-1,-1,-1,
#assigned_hub=6,3,0,4,7,8,5,1,
#moving_targetting_pos=26,6|16,6|6,6|16,16|26,16|26,26|16,26|6,16|
#setting_targetting_pos=-1,-1|-1,-1|-1,-1|-1,-1|-1,-1|-1,-1|-1,-1|-1,-1|
#type=4,4,4,4,4,4,4,4,
........
#111111111111
#assigned_pet=-1,-1,-1,-1,-1,-1,-1,-1,
#assigned_hub=6,3,0,4,7,8,5,1,
#moving_targetting_pos=26,6|16,6|6,6|16,16|26,16|26,26|16,26|6,16|
#setting_targetting_pos=-1,-1|-1,-1|-1,-1|-1,-1|-1,-1|-1,-1|-1,-1|-1,-1|
#type=4,4,4,4,4,4,4,4,
........
#111111111111
#assigned_pet=-1,-1,-1,-1,-1,-1,-1,-1,
#assigned_hub=6,3,0,4,7,8,5,1,
#moving_targetting_pos=26,6|16,6|6,6|16,16|26,16|26,26|16,26|6,16|
#setting_targetting_pos=-1,-1|-1,-1|-1,-1|-1,-1|-1,-1|-1,-1|-1,-1|-1,-1|
#type=4,4,4,4,4,4,4,4,
........
#111111111111
#assigned_pet=-1,-1,-1,-1,-1,-1,-1,-1,
#assigned_hub=6,3,0,4,7,8,5,1,
#moving_targetting_pos=26,6|16,6|6,6|16,16|26,16|26,26|16,26|6,16|
#setting_targetting_pos=-1,-1|-1,-1|-1,-1|-1,-1|-1,-1|-1,-1|-1,-1|-1,-1|
#type=4,4,4,4,4,4,4,4,
........
#111111111111
#assigned_pet=-1,-1,-1,-1,-1,-1,-1,-1,
#assigned_hub=6,3,0,4,7,8,5,1,
#moving_targetting_pos=26,6|16,6|6,6|16,16|26,16|26,26|16,26|6,16|
#setting_targetting_pos=-1,-1|-1,-1|-1,-1|-1,-1|-1,-1|-1,-1|-1,-1|-1,-1|
#type=4,4,4,4,4,4,4,4,
........
#111111111111
#assigned_pet=-1,-1,-1,-1,-1,-1,-1,-1,
#assigned_hub=6,3,0,4,7,8,5,1,
#moving_targetting_pos=26,6|16,6|6,6|16,16|26,16|26,26|16,26|6,16|
#setting_targetting_pos=-1,-1|-1,-1|-1,-1|-1,-1|-1,-1|-1,-1|-1,-1|-1,-1|
#type=4,4,4,4,4,4,4,4,
........
#111111111111
#assigned_pet=-1,-1,-1,-1,-1,-1,-1,-1,
#assigned_hub=6,3,0,4,7,8,5,1,
#moving_targetting_pos=26,6|16,6|6,6|16,16|26,16|26,26|16,26|6,16|
#setting_targetting_pos=-1,-1|-1,-1|-1,-1|-1,-1|-1,-1|-1,-1|-1,-1|-1,-1|
#type=4,4,4,4,4,4,4,4,
........
#111111111111
#assigned_pet=-1,-1,-1,-1,-1,-1,-1,-1,
#assigned_hub=6,3,0,4,7,8,5,1,
#moving_targetting_pos=26,6|16,6|6,6|16,16|26,16|26,26|16,26|6,16|
#setting_targetting_pos=-1,-1|-1,-1|-1,-1|-1,-1|-1,-1|-1,-1|-1,-1|-1,-1|
#type=4,4,4,4,4,4,4,4,
........
#111111111111
#assigned_pet=-1,-1,-1,-1,-1,-1,-1,-1,
#assigned_hub=6,3,0,4,7,8,5,1,
#moving_targetting_pos=26,6|16,6|6,6|16,16|26,16|26,26|16,26|6,16|
#setting_targetting_pos=-1,-1|-1,-1|-1,-1|-1,-1|-1,-1|-1,-1|-1,-1|-1,-1|
#type=4,4,4,4,4,4,4,4,
........
#111111111111
#assigned_pet=-1,-1,-1,-1,-1,-1,-1,-1,
#assigned_hub=6,3,0,4,7,8,5,1,
#moving_targetting_pos=26,6|16,6|6,6|16,16|26,16|26,26|16,26|6,16|
#setting_targetting_pos=-1,-1|-1,-1|-1,-1|-1,-1|-1,-1|-1,-1|-1,-1|-1,-1|
#type=4,4,4,4,4,4,4,4,
........
#111111111111
#assigned_pet=-1,-1,-1,-1,-1,-1,-1,-1,
#assigned_hub=6,3,0,4,7,8,5,1,
#moving_targetting_pos=26,6|16,6|6,6|16,16|26,16|26,26|16,26|6,16|
#setting_targetting_pos=-1,-1|-1,-1|-1,-1|-1,-1|-1,-1|-1,-1|-1,-1|-1,-1|
#type=4,4,4,4,4,4,4,4,
........
#111111111111
#assigned_pet=-1,-1,-1,-1,-1,-1,-1,-1,
#assigned_hub=6,3,0,4,7,8,5,1,
#moving_targetting_pos=26,6|16,6|6,6|16,16|26,16|26,26|16,26|6,16|
#setting_targetting_pos=-1,-1|-1,-1|-1,-1|-1,-1|-1,-1|-1,-1|-1,-1|-1,-1|
#type=4,4,4,4,4,4,4,4,
........
#111111111111
#assigned_pet=-1,-1,-1,-1,-1,-1,-1,-1,
#assigned_hub=6,3,0,4,7,8,5,1,
#moving_targetting_pos=26,6|16,6|6,6|16,16|26,16|26,26|16,26|6,16|
#setting_targetting_pos=-1,-1|-1,-1|-1,-1|-1,-1|-1,-1|-1,-1|-1,-1|-1,-1|
#type=4,4,4,4,4,4,4,4,
........
#111111111111
#assigned_pet=-1,-1,-1,-1,-1,-1,-1,-1,
#assigned_hub=6,3,0,4,7,8,5,1,
#moving_targetting_pos=26,6|16,6|6,6|16,16|26,16|26,26|16,26|6,16|
#setting_targetting_pos=-1,-1|-1,-1|-1,-1|-1,-1|-1,-1|-1,-1|-1,-1|-1,-1|
#type=4,4,4,4,4,4,4,4,
........
#111111111111
#assigned_pet=-1,-1,-1,-1,-1,-1,-1,-1,
#assigned_hub=6,3,0,4,7,8,5,1,
#moving_targetting_pos=26,6|16,6|6,6|16,16|26,16|26,26|16,26|6,16|
#setting_targetting_pos=-1,-1|-1,-1|-1,-1|-1,-1|-1,-1|-1,-1|-1,-1|-1,-1|
#type=4,4,4,4,4,4,4,4,
........
#111111111111
#assigned_pet=-1,-1,-1,-1,-1,-1,-1,-1,
#assigned_hub=6,3,0,4,7,8,5,1,
#moving_targetting_pos=26,6|16,6|6,6|16,16|26,16|26,26|16,26|6,16|
#setting_targetting_pos=-1,-1|-1,-1|-1,-1|-1,-1|-1,-1|-1,-1|-1,-1|-1,-1|
#type=4,4,4,4,4,4,4,4,
........
#111111111111
#assigned_pet=-1,-1,-1,-1,-1,-1,-1,-1,
#assigned_hub=6,3,0,4,7,8,5,1,
#moving_targetting_pos=26,6|16,6|6,6|16,16|26,16|26,26|16,26|6,16|
#setting_targetting_pos=-1,-1|-1,-1|-1,-1|-1,-1|-1,-1|-1,-1|-1,-1|-1,-1|
#type=4,4,4,4,4,4,4,4,
........
#111111111111
#assigned_pet=-1,-1,-1,-1,-1,-1,-1,-1,
#assigned_hub=6,3,0,4,7,8,5,1,
#moving_targetting_pos=26,6|16,6|6,6|16,16|26,16|26,26|16,26|6,16|
#setting_targetting_pos=-1,-1|-1,-1|-1,-1|-1,-1|-1,-1|-1,-1|-1,-1|-1,-1|
#type=4,4,4,4,4,4,4,4,
........
#111111111111
#assigned_pet=-1,-1,-1,-1,-1,-1,-1,-1,
#assigned_hub=6,3,0,4,7,8,5,1,
#moving_targetting_pos=26,6|16,6|6,6|16,16|26,16|26,26|16,26|6,16|
#setting_targetting_pos=-1,-1|-1,-1|-1,-1|-1,-1|-1,-1|-1,-1|-1,-1|-1,-1|
#type=4,4,4,4,4,4,4,4,
........
#111111111111
#assigned_pet=-1,-1,-1,-1,-1,-1,-1,-1,
#assigned_hub=6,3,0,4,7,8,5,1,
#moving_targetting_pos=26,6|16,6|6,6|16,16|26,16|26,26|16,26|6,16|
#setting_targetting_pos=-1,-1|-1,-1|-1,-1|-1,-1|-1,-1|-1,-1|-1,-1|-1,-1|
#type=4,4,4,4,4,4,4,4,
........
#111111111111
#assigned_pet=-1,-1,-1,-1,-1,-1,-1,-1,
#assigned_hub=6,3,0,4,7,8,5,1,
#moving_targetting_pos=26,6|16,6|6,6|16,16|26,16|26,26|16,26|6,16|
#setting_targetting_pos=-1,-1|-1,-1|-1,-1|-1,-1|-1,-1|-1,-1|-1,-1|-1,-1|
#type=4,4,4,4,4,4,4,4,
........
#111111111111
#assigned_pet=-1,-1,-1,-1,-1,-1,-1,-1,
#assigned_hub=6,3,0,4,7,8,5,1,
#moving_targetting_pos=26,6|16,6|6,6|16,16|26,16|26,26|16,26|6,16|
#setting_targetting_pos=-1,-1|-1,-1|-1,-1|-1,-1|-1,-1|-1,-1|-1,-1|-1,-1|
#type=4,4,4,4,4,4,4,4,
........
#111111111111
#assigned_pet=-1,-1,-1,-1,-1,-1,-1,-1,
#assigned_hub=6,3,0,4,7,8,5,1,
#moving_targetting_pos=26,6|16,6|6,6|16,16|26,16|26,26|16,26|6,16|
#setting_targetting_pos=-1,-1|-1,-1|-1,-1|-1,-1|-1,-1|-1,-1|-1,-1|-1,-1|
#type=4,4,4,4,4,4,4,4,
........
#111111111111
#assigned_pet=-1,-1,-1,-1,-1,-1,-1,-1,
#assigned_hub=6,3,0,4,7,8,5,1,
#moving_targetting_pos=26,6|16,6|6,6|16,16|26,16|26,26|16,26|6,16|
#setting_targetting_pos=-1,-1|-1,-1|-1,-1|-1,-1|-1,-1|-1,-1|-1,-1|-1,-1|
#type=4,4,4,4,4,4,4,4,
........
#111111111111
#assigned_pet=-1,-1,-1,-1,-1,-1,-1,-1,
#assigned_hub=6,3,0,4,7,8,5,1,
#moving_targetting_pos=26,6|16,6|6,6|16,16|26,16|26,26|16,26|6,16|
#setting_targetting_pos=-1,-1|-1,-1|-1,-1|-1,-1|-1,-1|-1,-1|-1,-1|-1,-1|
#type=4,4,4,4,4,4,4,4,
........
#111111111111
#assigned_pet=-1,-1,-1,-1,-1,-1,-1,-1,
#assigned_hub=6,3,0,4,7,8,5,1,
#moving_targetting_pos=26,6|16,6|6,6|16,16|26,16|26,26|16,26|6,16|
#setting_targetting_pos=-1,-1|-1,-1|-1,-1|-1,-1|-1,-1|-1,-1|-1,-1|-1,-1|
#type=4,4,4,4,4,4,4,4,
........
#111111111111
#assigned_pet=-1,-1,-1,-1,-1,-1,-1,-1,
#assigned_hub=6,3,0,4,7,8,5,1,
#moving_targetting_pos=26,6|16,6|6,6|16,16|26,16|26,26|16,26|6,16|
#setting_targetting_pos=-1,-1|-1,-1|-1,-1|-1,-1|-1,-1|-1,-1|-1,-1|-1,-1|
#type=4,4,4,4,4,4,4,4,
........
#111111111111
#assigned_pet=-1,-1,-1,-1,-1,-1,-1,-1,
#assigned_hub=6,3,0,4,7,8,5,1,
#moving_targetting_pos=26,6|16,6|6,6|16,16|26,16|26,26|16,26|6,16|
#setting_targetting_pos=-1,-1|-1,-1|-1,-1|-1,-1|-1,-1|-1,-1|-1,-1|-1,-1|
#type=4,4,4,4,4,4,4,4,
........
#111111111111
#assigned_pet=-1,-1,-1,-1,-1,-1,-1,-1,
#assigned_hub=6,3,0,4,7,8,5,1,
#moving_targetting_pos=26,6|16,6|6,6|16,16|26,16|26,26|16,26|6,16|
#setting_targetting_pos=-1,-1|-1,-1|-1,-1|-1,-1|-1,-1|-1,-1|-1,-1|-1,-1|
#type=4,4,4,4,4,4,4,4,
........
#111111111111
#assigned_pet=-1,-1,-1,-1,-1,-1,-1,-1,
#assigned_hub=6,3,0,4,7,8,5,1,
#moving_targetting_pos=26,6|16,6|6,6|16,16|26,16|26,26|16,26|6,16|
#setting_targetting_pos=-1,-1|-1,-1|-1,-1|-1,-1|-1,-1|-1,-1|-1,-1|-1,-1|
#type=4,4,4,4,4,4,4,4,
........
#111111111111
#assigned_pet=-1,-1,-1,-1,-1,-1,-1,-1,
#assigned_hub=6,3,0,4,7,8,5,1,
#moving_targetting_pos=26,6|16,6|6,6|16,16|26,16|26,26|16,26|6,16|
#setting_targetting_pos=-1,-1|-1,-1|-1,-1|-1,-1|-1,-1|-1,-1|-1,-1|-1,-1|
#type=4,4,4,4,4,4,4,4,
........
#111111111111
#assigned_pet=-1,-1,-1,-1,-1,-1,-1,-1,
#assigned_hub=6,3,0,4,7,8,5,1,
#moving_targetting_pos=26,6|16,6|6,6|16,16|26,16|26,26|16,26|6,16|
#setting_targetting_pos=-1,-1|-1,-1|-1,-1|-1,-1|-1,-1|-1,-1|-1,-1|-1,-1|
#type=4,4,4,4,4,4,4,4,
........
#111111111111
#assigned_pet=-1,-1,-1,-1,-1,-1,-1,-1,
#assigned_hub=6,3,0,4,7,8,5,1,
#moving_targetting_pos=26,6|16,6|6,6|16,16|26,16|26,26|16,26|6,16|
#setting_targetting_pos=-1,-1|-1,-1|-1,-1|-1,-1|-1,-1|-1,-1|-1,-1|-1,-1|
#type=4,4,4,4,4,4,4,4,
........
#111111111111
#assigned_pet=-1,-1,-1,-1,-1,-1,-1,-1,
#assigned_hub=6,3,0,4,7,8,5,1,
#moving_targetting_pos=26,6|16,6|6,6|16,16|26,16|26,26|16,26|6,16|
#setting_targetting_pos=-1,-1|-1,-1|-1,-1|-1,-1|-1,-1|-1,-1|-1,-1|-1,-1|
#type=4,4,4,4,4,4,4,4,
........
#111111111111
#assigned_pet=-1,-1,-1,-1,-1,-1,-1,-1,
#assigned_hub=6,3,0,4,7,8,5,1,
#moving_targetting_pos=26,6|16,6|6,6|16,16|26,16|26,26|16,26|6,16|
#setting_targetting_pos=-1,-1|-1,-1|-1,-1|-1,-1|-1,-1|-1,-1|-1,-1|-1,-1|
#type=4,4,4,4,4,4,4,4,
........
#111111111111
#assigned_pet=-1,-1,-1,-1,-1,-1,-1,-1,
#assigned_hub=6,3,0,4,7,8,5,1,
#moving_targetting_pos=26,6|16,6|6,6|16,16|26,16|26,26|16,26|6,16|
#setting_targetting_pos=-1,-1|-1,-1|-1,-1|-1,-1|-1,-1|-1,-1|-1,-1|-1,-1|
#type=4,4,4,4,4,4,4,4,
........
#111111111111
#assigned_pet=-1,-1,-1,-1,-1,-1,-1,-1,
#assigned_hub=6,3,0,4,7,8,5,1,
#moving_targetting_pos=26,6|16,6|6,6|16,16|26,16|26,26|16,26|6,16|
#setting_targetting_pos=-1,-1|-1,-1|-1,-1|-1,-1|-1,-1|-1,-1|-1,-1|-1,-1|
#type=4,4,4,4,4,4,4,4,
........
#111111111111
#assigned_pet=-1,-1,-1,-1,-1,-1,-1,-1,
#assigned_hub=6,3,0,4,7,8,5,1,
#moving_targetting_pos=26,6|16,6|6,6|16,16|26,16|26,26|16,26|6,16|
#setting_targetting_pos=-1,-1|-1,-1|-1,-1|-1,-1|-1,-1|-1,-1|-1,-1|-1,-1|
#type=4,4,4,4,4,4,4,4,
........
#111111111111
#assigned_pet=-1,-1,-1,-1,-1,-1,-1,-1,
#assigned_hub=6,3,0,4,7,8,5,1,
#moving_targetting_pos=26,6|16,6|6,6|16,16|26,16|26,26|16,26|6,16|
#setting_targetting_pos=-1,-1|-1,-1|-1,-1|-1,-1|-1,-1|-1,-1|-1,-1|-1,-1|
#type=4,4,4,4,4,4,4,4,
........
#111111111111
#assigned_pet=-1,-1,-1,-1,-1,-1,-1,-1,
#assigned_hub=6,3,0,4,7,8,5,1,
#moving_targetting_pos=26,6|16,6|6,6|16,16|26,16|26,26|16,26|6,16|
#setting_targetting_pos=-1,-1|-1,-1|-1,-1|-1,-1|-1,-1|-1,-1|-1,-1|-1,-1|
#type=4,4,4,4,4,4,4,4,
........
#111111111111
#assigned_pet=-1,-1,-1,-1,-1,-1,-1,-1,
#assigned_hub=6,3,0,4,7,8,5,1,
#moving_targetting_pos=26,6|16,6|6,6|16,16|26,16|26,26|16,26|6,16|
#setting_targetting_pos=-1,-1|-1,-1|-1,-1|-1,-1|-1,-1|-1,-1|-1,-1|-1,-1|
#type=4,4,4,4,4,4,4,4,
........
#111111111111
#assigned_pet=-1,-1,-1,-1,-1,-1,-1,-1,
#assigned_hub=6,3,0,4,7,8,5,1,
#moving_targetting_pos=26,6|16,6|6,6|16,16|26,16|26,26|16,26|6,16|
#setting_targetting_pos=-1,-1|-1,-1|-1,-1|-1,-1|-1,-1|-1,-1|-1,-1|-1,-1|
#type=4,4,4,4,4,4,4,4,
........
