#port=47014
#reward=8.06214,8.06214,8.06214,8.06214,8.06214,8.06214,
#reward=2.16482,2.16482,2.16482,2.16482,2.16482,2.16482,
rrlrru
#reward=0.697566,0.697566,0.697566,0.697566,0.697566,0.697566,
Ddrlu.
#reward=2.35623,2.35623,2.35623,2.35623,2.35623,2.35623,
u.DD.L
#reward=2.6921,2.6921,2.6921,2.6921,2.6921,2.6921,
lUDldL
#reward=2.38675,2.38675,2.38675,2.38675,2.38675,2.38675,
DrLD.L
#reward=3.66237,3.66237,3.66237,3.66237,3.66237,3.66237,
ULlD..
#reward=2.60494,2.60494,2.60494,2.60494,2.60494,2.60494,
RruL..
#reward=1.21271,1.21271,1.21271,1.21271,1.21271,1.21271,
RD.ULL
#reward=0.772601,0.772601,0.772601,0.772601,0.772601,0.772601,
.uDlDL
#reward=2.45252,2.45252,2.45252,2.45252,2.45252,2.45252,
LLU.LL
#reward=1.99614,1.99614,1.99614,1.99614,1.99614,1.99614,
lrRDlU
#reward=0.288208,0.288208,0.288208,0.288208,0.288208,0.288208,
.DLURl
#reward=0.879909,0.879909,0.879909,0.879909,0.879909,0.879909,
DD.DlR
#reward=2.42172,2.42172,2.42172,2.42172,2.42172,2.42172,
LRR.U.
#reward=1.11861,1.11861,1.11861,1.11861,1.11861,1.11861,
r.ulLD
#reward=2.36692,2.36692,2.36692,2.36692,2.36692,2.36692,
L.LU..
#reward=2.12663,2.12663,2.12663,2.12663,2.12663,2.12663,
LURrL.
#reward=2.22962,2.22962,2.22962,2.22962,2.22962,2.22962,
ULRDRL
#reward=2.9163,2.9163,2.9163,2.9163,2.9163,2.9163,
.L.rLU
#reward=1.32454,1.32454,1.32454,1.32454,1.32454,1.32454,
.U.DRU
#reward=1.75339,1.75339,1.75339,1.75339,1.75339,1.75339,
.LD.lu
#reward=2.72986,2.72986,2.72986,2.72986,2.72986,2.72986,
.lLrUL
#reward=2.08748,2.08748,2.08748,2.08748,2.08748,2.08748,
.UlULR
#reward=1.67186,1.67186,1.67186,1.67186,1.67186,1.67186,
DrRUR.
#reward=0.994928,0.994928,0.994928,0.994928,0.994928,0.994928,
LuUDUD
#reward=2.09197,2.09197,2.09197,2.09197,2.09197,2.09197,
.LRUrR
#reward=2.02399,2.02399,2.02399,2.02399,2.02399,2.02399,
D..DlL
#reward=2.59919,2.59919,2.59919,2.59919,2.59919,2.59919,
DUD..u
#reward=1.85127,1.85127,1.85127,1.85127,1.85127,1.85127,
UL.UDR
#reward=2.54502,2.54502,2.54502,2.54502,2.54502,2.54502,
R.D..D
#reward=2.04814,2.04814,2.04814,2.04814,2.04814,2.04814,
UUUD..
#reward=1.44131,1.44131,1.44131,1.44131,1.44131,1.44131,
LDUUUU
#reward=2.49192,2.49192,2.49192,2.49192,2.49192,2.49192,
L.LD..
#reward=1.27043,1.27043,1.27043,1.27043,1.27043,1.27043,
RU...D
#reward=1.78275,1.78275,1.78275,1.78275,1.78275,1.78275,
.l...U
#reward=2.31731,2.31731,2.31731,2.31731,2.31731,2.31731,
LUUUDL
#reward=2.42816,2.42816,2.42816,2.42816,2.42816,2.42816,
RDD.RR
#reward=2.17652,2.17652,2.17652,2.17652,2.17652,2.17652,
D.LD.D
#reward=2.85208,2.85208,2.85208,2.85208,2.85208,2.85208,
URLUDR
#reward=1.07009,1.07009,1.07009,1.07009,1.07009,1.07009,
.r..L.
#reward=2.35649,2.35649,2.35649,2.35649,2.35649,2.35649,
.uRDUR
#reward=2.04805,2.04805,2.04805,2.04805,2.04805,2.04805,
.l.DDR
#reward=2.23035,2.23035,2.23035,2.23035,2.23035,2.23035,
..Lu.U
#reward=2.71377,2.71377,2.71377,2.71377,2.71377,2.71377,
RDR.Ur
#reward=2.66978,2.66978,2.66978,2.66978,2.66978,2.66978,
R.RLUL
#reward=1.18195,1.18195,1.18195,1.18195,1.18195,1.18195,
R.U.UR
#reward=0.301664,0.301664,0.301664,0.301664,0.301664,0.301664,
..D.LL
#reward=3.64488,3.64488,3.64488,3.64488,3.64488,3.64488,
LD.DUD
#reward=1.29937,1.29937,1.29937,1.29937,1.29937,1.29937,
RUDRLL
#reward=3.72183,3.72183,3.72183,3.72183,3.72183,3.72183,
.LLrrR
#reward=0.17115,0.17115,0.17115,0.17115,0.17115,0.17115,
LLDUDL
#reward=1.84047,1.84047,1.84047,1.84047,1.84047,1.84047,
R.Rlu.
#reward=1.66432,1.66432,1.66432,1.66432,1.66432,1.66432,
Ll.DlR
#reward=1.84108,1.84108,1.84108,1.84108,1.84108,1.84108,
RD..DU
#reward=3.19756,3.19756,3.19756,3.19756,3.19756,3.19756,
LrRULU
#reward=1.62445,1.62445,1.62445,1.62445,1.62445,1.62445,
R.R.RL
#reward=0.840361,0.840361,0.840361,0.840361,0.840361,0.840361,
.DR.D.
#reward=1.47998,1.47998,1.47998,1.47998,1.47998,1.47998,
.RU.DR
#reward=2.07179,2.07179,2.07179,2.07179,2.07179,2.07179,
...DuL
#reward=1.97994,1.97994,1.97994,1.97994,1.97994,1.97994,
.lR.D.
#reward=2.30379,2.30379,2.30379,2.30379,2.30379,2.30379,
..ULDR
#reward=1.09145,1.09145,1.09145,1.09145,1.09145,1.09145,
.DRR.L
#reward=1.72874,1.72874,1.72874,1.72874,1.72874,1.72874,
LluDDR
#reward=3.08506,3.08506,3.08506,3.08506,3.08506,3.08506,
R.lrR.
#reward=2.07609,2.07609,2.07609,2.07609,2.07609,2.07609,
LU.URD
#reward=1.28152,1.28152,1.28152,1.28152,1.28152,1.28152,
.DRDUU
#reward=1.06258,1.06258,1.06258,1.06258,1.06258,1.06258,
R.UUDL
#reward=3.36771,3.36771,3.36771,3.36771,3.36771,3.36771,
..DURR
#reward=4.7211,4.7211,4.7211,4.7211,4.7211,4.7211,
.UrDRR
#reward=1.24008,1.24008,1.24008,1.24008,1.24008,1.24008,
.DLULD
#reward=1.86337,1.86337,1.86337,1.86337,1.86337,1.86337,
L..DU.
#reward=0.942454,0.942454,0.942454,0.942454,0.942454,0.942454,
RrDLUl
#reward=2.65066,2.65066,2.65066,2.65066,2.65066,2.65066,
..URDU
#reward=1.92029,1.92029,1.92029,1.92029,1.92029,1.92029,
.DDURD
#reward=1.18714,1.18714,1.18714,1.18714,1.18714,1.18714,
LuDDDD
#reward=2.22567,2.22567,2.22567,2.22567,2.22567,2.22567,
RDLDU.
#reward=1.74449,1.74449,1.74449,1.74449,1.74449,1.74449,
L..URR
#reward=2.38209,2.38209,2.38209,2.38209,2.38209,2.38209,
RUU.U.
#reward=1.18413,1.18413,1.18413,1.18413,1.18413,1.18413,
.R..DR
#reward=2.27923,2.27923,2.27923,2.27923,2.27923,2.27923,
.lRUDR
#reward=2.41247,2.41247,2.41247,2.41247,2.41247,2.41247,
LD..l.
#reward=2.1216,2.1216,2.1216,2.1216,2.1216,2.1216,
LUDD.R
#reward=3.64327,3.64327,3.64327,3.64327,3.64327,3.64327,
DrRuUU
#reward=0.673171,0.673171,0.673171,0.673171,0.673171,0.673171,
...LDl
#reward=2.63391,2.63391,2.63391,2.63391,2.63391,2.63391,
U...R.
#reward=1.83775,1.83775,1.83775,1.83775,1.83775,1.83775,
U..LUR
#reward=1.59001,1.59001,1.59001,1.59001,1.59001,1.59001,
.D..uU
#reward=2.15451,2.15451,2.15451,2.15451,2.15451,2.15451,
DlUUR.
#reward=3.69803,3.69803,3.69803,3.69803,3.69803,3.69803,
.Dr.U.
#reward=3.66664,3.66664,3.66664,3.66664,3.66664,3.66664,
RrDURR
#reward=0.612717,0.612717,0.612717,0.612717,0.612717,0.612717,
RDULU.
#reward=1.56353,1.56353,1.56353,1.56353,1.56353,1.56353,
LrLRlu
#reward=0.721673,0.721673,0.721673,0.721673,0.721673,0.721673,
RUuLrD
#reward=4.08129,4.08129,4.08129,4.08129,4.08129,4.08129,
.DDl.U
#reward=2.81832,2.81832,2.81832,2.81832,2.81832,2.81832,
..UDDD
#reward=0.62515,0.62515,0.62515,0.62515,0.62515,0.62515,
.DLL.U
#reward=0.77668,0.77668,0.77668,0.77668,0.77668,0.77668,
.l.DlD
#reward=-1.33608,-1.33608,-1.33608,-1.33608,-1.33608,-1.33608,
.DRUDU
#reward=1.72147,1.72147,1.72147,1.72147,1.72147,-52.9724,
LrrRD.
#reward=2.13491,2.13491,2.13491,2.13491,2.13491,0,
RLDL..
#reward=2.0092,2.0092,2.0092,2.0092,2.0092,0,
.r..L.
#reward=2.70093,2.70093,2.70093,2.70093,2.70093,0,
LLUR..
#reward=2.57814,2.57814,2.57814,2.57814,2.57814,0,
RRDD..
#reward=2.67337,2.67337,2.67337,2.67337,2.67337,0,
L.Url.
#reward=2.35426,2.35426,2.35426,2.35426,2.35426,0,
LLDLR.
#reward=2.46432,2.46432,2.46432,2.46432,2.46432,0,
DULDl.
#reward=2.27667,2.27667,2.27667,2.27667,2.27667,0,
Dl..U.
#reward=2.09635,2.09635,2.09635,2.09635,2.09635,0,
LDlUl.
#reward=-23.1599,1.26616,1.26616,1.26616,1.26616,0,
luRDR.
#reward=0,1.68603,1.68603,1.68603,1.68603,0,
Rl.RD.
#reward=0,1.03187,1.03187,1.03187,1.03187,0,
.RUUU.
#reward=0,1.44408,1.44408,1.44408,1.44408,0,
.D.Ur.
#reward=0,2.34634,2.34634,2.34634,2.34634,0,
LRLR..
#reward=0,2.31134,2.31134,2.31134,2.31134,0,
.rRUD.
#reward=0,0.78773,0.78773,0.78773,0.78773,0,
RD.LR.
#reward=0,4.69949,4.69949,4.69949,4.69949,0,
.U.UL.
#reward=0,3.99744,3.99744,3.99744,3.99744,0,
LLDRU.
#reward=0,1.24732,1.24732,1.24732,1.24732,0,
.U.U..
#reward=0,1.13876,1.13876,1.13876,1.13876,0,
RL.U..
#reward=0,5.01288,5.01288,5.01288,5.01288,0,
R..LU.
#reward=0,4.78396,4.78396,4.78396,4.78396,0,
.D.Dl.
#reward=0,2.26842,2.26842,2.26842,2.26842,0,
.RRDR.
#reward=0,2.91683,2.91683,2.91683,2.91683,0,
.rL...
#reward=0,3.21575,3.21575,3.21575,3.21575,0,
LD.D..
#reward=0,-0.78648,-0.78648,-0.78648,-0.78648,0,
LRRRR.
#reward=0,2.89781,2.89781,2.89781,2.89781,0,
RDLDr.
#reward=0,1.00486,1.00486,1.00486,1.00486,0,
RrR.l.
#reward=0,3.247,3.247,3.247,3.247,0,
......
#reward=0,0.608041,0.608041,0.608041,0.608041,0,
.UR...
#reward=0,1.51613,1.51613,1.51613,1.51613,0,
LL.UD.
#reward=0,2.22035,2.22035,2.22035,2.22035,0,
Rr..U.
#reward=0,1.02899,1.02899,1.02899,1.02899,0,
LUL...
#reward=0,2.46354,2.46354,2.46354,2.46354,0,
RLRUD.
#reward=0,5.76418,5.76418,5.76418,5.76418,0,
.U.DR.
#reward=0,0.365321,0.365321,0.365321,0.365321,0,
...UD.
#reward=0,1.85822,1.85822,1.85822,1.85822,0,
.R.LL.
#reward=0,1.8488,1.8488,1.8488,1.8488,0,
LL.U..
#reward=0,1.8829,1.8829,1.8829,1.8829,0,
RRRlR.
#reward=0,0.419992,0.419992,0.419992,0.419992,0,
..UDU.
#reward=0,3.61848,3.61848,3.61848,3.61848,0,
.DRUD.
#reward=0,2.61288,2.61288,2.61288,2.61288,0,
...RR.
#reward=0,-0.0335887,-0.0335887,-0.0335887,-0.0335887,0,
.UULL.
#reward=0,2.78214,2.78214,2.78214,2.78214,0,
.LD...
#reward=0,2.12705,2.12705,2.12705,2.12705,0,
RDL.R.
#reward=0,0.571646,0.571646,0.571646,0.571646,0,
LRR...
#reward=0,0.897717,0.897717,0.897717,0.897717,0,
L.RDR.
#reward=0,3.17429,3.17429,3.17429,3.17429,0,
RUDDR.
#reward=0,1.78637,1.78637,1.78637,1.78637,0,
.DLU..
#reward=0,1.60199,1.60199,1.60199,1.60199,0,
LURrL.
#reward=0,2.86424,2.86424,2.86424,2.86424,0,
U..LU.
#reward=0,-0.148249,-0.148249,-0.148249,-0.148249,0,
.DURR.
#reward=0,0.938038,0.938038,0.938038,0.938038,0,
U.U...
#reward=0,2.47957,2.47957,2.47957,2.47957,0,
DUDD..
#reward=0,2.50502,2.50502,2.50502,2.50502,0,
ULUD..
#reward=0,2.20514,2.20514,2.20514,2.20514,0,
.DuU..
#reward=0,2.60332,2.60332,2.60332,2.60332,0,
UUD...
#reward=0,1.48678,1.48678,1.48678,1.48678,0,
DRURD.
#reward=0,1.89553,1.89553,1.89553,1.89553,0,
UDDDL.
#reward=0,1.61543,1.61543,1.61543,1.61543,0,
DLU.L.
#reward=0,2.77486,2.77486,2.77486,2.77486,0,
LRDUL.
#reward=0,1.98571,1.98571,1.98571,1.98571,0,
LU.LR.
#reward=0,1.95063,1.95063,1.95063,1.95063,0,
..LUL.
#reward=0,1.89126,1.89126,1.89126,1.89126,0,
.DULR.
#reward=0,1.45575,1.45575,1.45575,1.45575,0,
.UU.R.
#reward=0,2.20832,2.20832,2.20832,2.20832,0,
R.LRU.
#reward=0,0.851608,0.851608,0.851608,0.851608,0,
.DUDR.
#reward=0,2.54103,2.54103,2.54103,2.54103,0,
LLL...
#reward=0,2.24793,2.24793,2.24793,2.24793,0,
.LLRD.
#reward=0,1.8191,1.8191,1.8191,1.8191,0,
RLR.U.
#reward=0,2.16223,2.16223,2.16223,2.16223,0,
RrU...
#reward=0,0.687172,0.687172,0.687172,0.687172,0,
LURL..
#reward=0,0.756152,0.756152,0.756152,0.756152,0,
RU.R..
#reward=0,0.0505609,0.0505609,0.0505609,0.0505609,0,
U.R...
#reward=0,2.35915,2.35915,2.35915,2.35915,0,
DUL...
#reward=0,1.79909,1.79909,1.79909,1.79909,0,
RDR.D.
#reward=0,1.05239,1.05239,1.05239,1.05239,0,
RDD.L.
#reward=0,3.3649,3.3649,3.3649,3.3649,0,
LDU...
#reward=0,1.6626,1.6626,1.6626,1.6626,0,
LDUL..
#reward=0,1.03007,1.03007,1.03007,1.03007,0,
.rrRL.
#reward=0,3.42748,3.42748,3.42748,3.42748,0,
UUu...
#reward=0,2.78601,2.78601,2.78601,2.78601,0,
DU..L.
#reward=0,3.71607,3.71607,3.71607,3.71607,0,
U...L.
#reward=0,3.1694,3.1694,3.1694,3.1694,0,
DLl.R.
#reward=0,1.35486,1.35486,1.35486,1.35486,0,
RR.D..
#reward=0,2.65689,2.65689,2.65689,2.65689,0,
R.DUU.
#reward=0,1.33854,1.33854,1.33854,1.33854,0,
L.DD..
#reward=0,3.08536,3.08536,3.08536,3.08536,0,
LDD.L.
#reward=0,2.22785,2.22785,2.22785,2.22785,0,
..l.R.
#reward=0,3.80125,3.80125,3.80125,3.80125,0,
L.DL..
#reward=0,2.93129,2.93129,2.93129,2.93129,0,
RLR.D.
#reward=0,-0.610239,-0.610239,-0.610239,-0.610239,0,
URDRU.
#reward=0,4.87507,4.87507,4.87507,4.87507,0,
DlLUd.
#reward=0,2.04457,2.04457,2.04457,2.04457,0,
RUUD..
#reward=0,2.20987,2.20987,2.20987,2.20987,0,
...UL.
#reward=0,1.79445,1.79445,1.79445,1.79445,0,
.U..D.
#reward=0,1.3212,1.3212,1.3212,1.3212,0,
.UL.U.
#reward=0,2.21924,2.21924,2.21924,2.21924,0,
.UDD..
#reward=0,4.06181,4.06181,4.06181,4.06181,0,
.UU.R.
#reward=0,1.99607,1.99607,1.99607,1.99607,0,
LURL..
#reward=0,4.04677,4.04677,4.04677,4.04677,0,
RLULL.
#reward=0,3.86536,3.86536,3.86536,3.86536,0,
LrD.R.
#reward=0,0.912522,0.912522,0.912522,0.912522,0,
RdDD..
#reward=0,2.78623,2.78623,2.78623,2.78623,0,
R.DDL.
#reward=0,-0.768056,-0.768056,-0.768056,-0.768056,0,
LLRUR.
#reward=0,0.526747,0.526747,0.526747,0.526747,0,
LR.U..
#reward=0,3.40827,3.40827,3.40827,3.40827,0,
D.UD..
#reward=0,2.08338,2.08338,2.08338,2.08338,0,
.LU...
#reward=0,1.18878,1.18878,1.18878,1.18878,0,
DD.U..
#reward=0,1.91169,1.91169,1.91169,1.91169,0,
RLLR..
#reward=0,0.425626,0.425626,0.425626,0.425626,0,
Rl.LL.
#reward=0,2.9949,2.9949,2.9949,2.9949,0,
L.UDD.
#reward=0,3.46558,3.46558,3.46558,3.46558,0,
LRDU..
#reward=0,1.83499,1.83499,1.83499,1.83499,0,
RlRR..
#reward=0,2.88711,2.88711,2.88711,2.88711,0,
.UL...
#reward=0,5.56363,5.56363,5.56363,5.56363,0,
..Ru..
#reward=0,1.3733,1.3733,1.3733,1.3733,0,
L..R..
#reward=0,2.64978,2.64978,2.64978,2.64978,0,
UuD.L.
#reward=0,0.596485,0.596485,0.596485,0.596485,0,
DLDU..
#reward=0,4.27424,4.27424,4.27424,4.27424,0,
L.U.R.
#reward=0,0.815018,0.815018,0.815018,0.815018,0,
RU..L.
#reward=0,-0.45674,-0.45674,-0.45674,-0.45674,0,
UlU...
#reward=0,1.78239,1.78239,1.78239,1.78239,0,
DDLD..
#reward=0,1.81072,1.81072,1.81072,1.81072,0,
.LR.R.
#reward=0,-0.0304262,-0.0304262,-0.0304262,-0.0304262,0,
.RD...
#reward=0,3.78664,3.78664,3.78664,3.78664,0,
..D...
#reward=0,2.86832,2.86832,2.86832,2.86832,0,
.rU.U.
#reward=0,1.36242,1.36242,1.36242,1.36242,0,
LUD.R.
#reward=0,-0.216801,-0.216801,-0.216801,-0.216801,0,
RU.U..
#reward=0,2.44763,2.44763,2.44763,2.44763,0,
LLUD..
#reward=0,3.988,3.988,3.988,3.988,0,
.L.L..
#reward=0,0.636256,0.636256,0.636256,0.636256,0,
..DDL.
#reward=0,0.211698,0.211698,0.211698,0.211698,0,
.UU.R.
#reward=0,1.23983,1.23983,1.23983,1.23983,0,
.lU.L.
#reward=0,2.9409,2.9409,2.9409,2.9409,0,
..DDR.
#reward=0,2.35229,2.35229,2.35229,2.35229,0,
.D....
#reward=0,4.75517,4.75517,4.75517,4.75517,0,
RuUU..
#reward=0,3.97018,3.97018,3.97018,3.97018,0,
Rr.D..
#reward=0,1.25408,1.25408,1.25408,1.25408,0,
L.....
#reward=0,0.734461,0.734461,0.734461,0.734461,0,
UL.L..
#reward=0,1.53315,1.53315,1.53315,1.53315,0,
ULDu..
#reward=0,1.80248,1.80248,1.80248,1.80248,0,
RuDR..
#reward=0,0.714173,0.714173,0.714173,0.714173,0,
RDU...
#reward=0,-0.629104,-0.629104,-0.629104,-0.629104,0,
LU.U..
#reward=0,3.9286,3.9286,3.9286,3.9286,0,
L..DL.
#reward=0,2.39364,2.39364,2.39364,2.39364,0,
.rDDU.
#reward=0,1.42477,1.42477,1.42477,1.42477,0,
.DUr..
#reward=0,2.07186,2.07186,2.07186,2.07186,0,
UD.L..
#reward=0,0.22626,0.22626,0.22626,0.22626,0,
DULDU.
#reward=0,0.921644,0.921644,0.921644,0.921644,0,
DuLDU.
#reward=0,4.60107,4.60107,4.60107,4.60107,0,
DD.UU.
#reward=0,2.70206,2.70206,2.70206,2.70206,0,
.RDDD.
#reward=0,3.76576,3.76576,3.76576,3.76576,0,
UR.UU.
#reward=0,0.670943,0.670943,0.670943,0.670943,0,
.RUDD.
#reward=0,0.228474,0.228474,0.228474,0.228474,0,
U..RD.
#reward=0,4.74581,4.74581,4.74581,4.74581,0,
RR.ll.
#reward=0,1.75799,1.75799,1.75799,1.75799,0,
LU.r..
#reward=0,0.0769774,0.0769774,0.0769774,0.0769774,0,
RUDD..
#reward=0,4.5389,4.5389,4.5389,4.5389,0,
LU.LR.
#reward=0,0.835401,0.835401,0.835401,0.835401,0,
UDLDR.
#reward=0,4.2276,4.2276,4.2276,4.2276,0,
.RRDL.
#reward=0,2.32568,2.32568,2.32568,2.32568,0,
DRl.R.
#reward=0,3.78396,3.78396,3.78396,3.78396,0,
Rr..D.
#reward=0,1.78386,1.78386,1.78386,1.78386,0,
RL..U.
#reward=0,0.226412,0.226412,0.226412,0.226412,0,
.RU.U.
#reward=0,1.3921,1.3921,1.3921,1.3921,0,
Lu.Ul.
#reward=0,6.18951,6.18951,6.18951,6.18951,0,
.LDD..
#reward=0,5.23564,5.23564,5.23564,5.23564,0,
.UU.R.
#reward=0,1.45683,1.45683,1.45683,1.45683,0,
...UU.
#reward=0,2.8918,2.8918,2.8918,2.8918,0,
..Uur.
#reward=0,0.589268,0.589268,0.589268,0.589268,0,
.DDDD.
#reward=0,2.90332,2.90332,2.90332,2.90332,0,
L.UUU.
#reward=0,0.483286,0.483286,0.483286,0.483286,0,
ULDD..
#reward=0,3.89347,3.89347,3.89347,3.89347,0,
DDDUL.
#reward=0,0.899297,0.899297,0.899297,0.899297,0,
.UUDR.
#reward=0,2.67522,2.67522,2.67522,2.67522,0,
R.R.D.
#reward=0,1.62589,1.62589,1.62589,1.62589,0,
LRRUU.
#reward=0,0.414589,0.414589,0.414589,0.414589,0,
R.DRU.
#reward=0,0.297414,0.297414,0.297414,0.297414,0,
LRl.L.
#reward=0,-0.669458,-0.669458,-0.669458,-0.669458,0,
RDU.r.
#reward=0,2.20422,2.20422,2.20422,2.20422,0,
L.DU..
#reward=0,1.68976,1.68976,1.68976,1.68976,0,
RU..U.
#reward=0,4.32353,4.32353,4.32353,4.32353,0,
..URL.
#reward=0,4.15937,4.15937,4.15937,4.15937,0,
LDD.L.
#reward=0,0.0606537,0.0606537,0.0606537,0.0606537,0,
R.ULD.
#reward=0,2.8989,2.8989,2.8989,2.8989,0,
..DDU.
#reward=0,1.81313,1.81313,1.81313,1.81313,0,
RUULr.
#reward=0,1.64249,1.64249,1.64249,1.64249,0,
LD.R..
#reward=0,0.654804,0.654804,0.654804,0.654804,0,
..U.l.
#reward=0,3.59355,3.59355,3.59355,3.59355,0,
LUDL..
#reward=0,0.109061,0.109061,0.109061,0.109061,0,
R.LDD.
#reward=0,4.41132,4.41132,4.41132,4.41132,0,
L...u.
#reward=0,-0.288504,-0.288504,-0.288504,-0.288504,0,
UDL.L.
#reward=0,3.18757,3.18757,3.18757,3.18757,0,
DRUUD.
#reward=0,-0.621882,-0.621882,-0.621882,-0.621882,0,
RR..l.
#reward=0,6.02273,6.02273,6.02273,6.02273,0,
.LD.U.
#reward=0,0.293828,0.293828,0.293828,0.293828,0,
RR.DD.
#reward=0,-0.104611,-0.104611,-0.104611,-0.104611,0,
LLDUu.
#reward=0,0.19377,0.19377,0.19377,0.19377,0,
LR.DD.
#reward=0,2.49258,2.49258,2.49258,2.49258,0,
DDU.R.
#reward=0,2.40218,2.40218,2.40218,2.40218,0,
..U.L.
