#port=30759
#reward=7.65351,7.65351,7.65351,7.65351,7.65351,7.65351,7.65351,7.65351,7.65351,
#reward=2.1589,2.1589,2.1589,2.1589,2.1589,2.1589,2.1589,2.1589,2.1589,
UUUr.D.rr
#reward=2.71436,2.71436,2.71436,2.71436,2.71436,2.71436,2.71436,2.71436,2.71436,
DrrluUrll
#reward=2.37345,2.37345,2.37345,2.37345,2.37345,2.37345,2.37345,2.37345,2.37345,
D..DrD.DU
#reward=2.454,2.454,2.454,2.454,2.454,2.454,2.454,2.454,2.454,
DDDrDDLDl
#reward=3.1671,3.1671,3.1671,3.1671,3.1671,3.1671,3.1671,3.1671,3.1671,
DrDuUr.lU
#reward=2.16743,2.16743,2.16743,2.16743,2.16743,2.16743,2.16743,2.16743,2.16743,
l...l.LrU
#reward=3.67656,3.67656,3.67656,3.67656,3.67656,3.67656,3.67656,3.67656,3.67656,
ULll.Drul
#reward=1.53987,1.53987,1.53987,1.53987,1.53987,1.53987,1.53987,1.53987,1.53987,
dlr..ULDU
#reward=1.92849,1.92849,1.92849,1.92849,1.92849,1.92849,1.92849,1.92849,1.92849,
RrU..U.UL
#reward=2.16774,2.16774,2.16774,2.16774,2.16774,2.16774,2.16774,2.16774,2.16774,
LDl..r.Du
#reward=1.05351,1.05351,1.05351,1.05351,1.05351,1.05351,1.05351,1.05351,1.05351,
.RD.DDlUL
#reward=2.5283,2.5283,2.5283,2.5283,2.5283,2.5283,2.5283,2.5283,2.5283,
.rU.Ul.DU
#reward=1.65829,1.65829,1.65829,1.65829,1.65829,1.65829,1.65829,1.65829,1.65829,
UDRDD.R..
#reward=3.36545,3.36545,3.36545,3.36545,3.36545,3.36545,3.36545,3.36545,3.36545,
.llR...rL
#reward=1.49444,1.49444,1.49444,1.49444,1.49444,1.49444,1.49444,1.49444,1.49444,
L.RR.U.Lr
#reward=1.84791,1.84791,1.84791,1.84791,1.84791,1.84791,1.84791,1.84791,1.84791,
...LRU.rU
#reward=2.30153,2.30153,2.30153,2.30153,2.30153,2.30153,2.30153,2.30153,2.30153,
UULrlU..R
#reward=1.29796,1.29796,1.29796,1.29796,1.29796,1.29796,1.29796,1.29796,1.29796,
u....R.D.
#reward=2.03757,2.03757,2.03757,2.03757,2.03757,2.03757,2.03757,2.03757,2.03757,
rD.LRLDUL
#reward=1.11495,1.11495,1.11495,1.11495,1.11495,1.11495,1.11495,1.11495,1.11495,
DuRRUrLDU
#reward=2.83623,2.83623,2.83623,2.83623,2.83623,2.83623,2.83623,2.83623,2.83623,
R.U.ULDlD
#reward=3.15571,3.15571,3.15571,3.15571,3.15571,3.15571,3.15571,3.15571,3.15571,
D..LulURL
#reward=1.4188,1.4188,1.4188,1.4188,1.4188,1.4188,1.4188,1.4188,1.4188,
..DL.DUrD
#reward=2.45098,2.45098,2.45098,2.45098,2.45098,2.45098,2.45098,2.45098,2.45098,
U.l.LUrLL
#reward=2.53551,2.53551,2.53551,2.53551,2.53551,2.53551,2.53551,2.53551,2.53551,
D..LUD.U.
#reward=2.2289,2.2289,2.2289,2.2289,2.2289,2.2289,2.2289,2.2289,2.2289,
L.ruDU...
#reward=0.516442,0.516442,0.516442,0.516442,0.516442,0.516442,0.516442,0.516442,0.516442,
RrUruDDDL
#reward=1.74213,1.74213,1.74213,1.74213,1.74213,1.74213,1.74213,1.74213,1.74213,
U.DLRlD.R
#reward=3.84963,3.84963,3.84963,3.84963,3.84963,3.84963,3.84963,3.84963,3.84963,
r..DLrrDu
#reward=0.990941,0.990941,0.990941,0.990941,0.990941,0.990941,0.990941,0.990941,0.990941,
DD.RRUU.L
#reward=0.48205,0.48205,0.48205,0.48205,0.48205,0.48205,0.48205,0.48205,0.48205,
UL...ULLL
#reward=2.57288,2.57288,2.57288,2.57288,2.57288,2.57288,2.57288,2.57288,2.57288,
DRURLLrrR
#reward=1.95014,1.95014,1.95014,1.95014,1.95014,1.95014,1.95014,1.95014,1.95014,
RDUrRU.DU
#reward=1.73543,1.73543,1.73543,1.73543,1.73543,1.73543,1.73543,1.73543,1.73543,
RuD.LdLUU
#reward=2.91245,2.91245,2.91245,2.91245,2.91245,2.91245,2.91245,2.91245,2.91245,
.rUDRr..U
#reward=2.91658,2.91658,2.91658,2.91658,2.91658,2.91658,2.91658,2.91658,2.91658,
R.DLrUDDD
#reward=3.26644,3.26644,3.26644,3.26644,3.26644,3.26644,3.26644,3.26644,3.26644,
RLRr.RRrD
#reward=-0.397503,-0.397503,-0.397503,-0.397503,-0.397503,-0.397503,-0.397503,-0.397503,-0.397503,
ULUD.URUU
#reward=1.5653,1.5653,1.5653,1.5653,1.5653,1.5653,1.5653,1.5653,1.5653,
UUr.DULDL
#reward=1.46182,1.46182,1.46182,1.46182,1.46182,1.46182,1.46182,1.46182,1.46182,
ULDDRlrUr
#reward=2.47588,2.47588,2.47588,2.47588,2.47588,2.47588,2.47588,2.47588,2.47588,
LDRULUlLD
#reward=2.09295,2.09295,2.09295,2.09295,2.09295,2.09295,2.09295,2.09295,2.09295,
LrR.RLUDr
#reward=2.81015,2.81015,2.81015,2.81015,2.81015,2.81015,2.81015,2.81015,2.81015,
R.ll.r.lD
#reward=1.3349,1.3349,1.3349,1.3349,1.3349,1.3349,1.3349,1.3349,1.3349,
UDU.Rl.DD
#reward=1.35957,1.35957,1.35957,1.35957,1.35957,1.35957,1.35957,1.35957,1.35957,
r.rUUUllU
#reward=2.92894,2.92894,2.92894,2.92894,2.92894,2.92894,2.92894,2.92894,2.92894,
ULuuuDDrU
#reward=2.2746,2.2746,2.2746,2.2746,2.2746,2.2746,2.2746,2.2746,2.2746,
.UD.RUUU.
#reward=2.38679,2.38679,2.38679,2.38679,2.38679,2.38679,2.38679,2.38679,2.38679,
...DLr.DD
#reward=1.12514,1.12514,1.12514,1.12514,1.12514,1.12514,1.12514,1.12514,1.12514,
Lu.UD..UL
#reward=3.81795,3.81795,3.81795,3.81795,3.81795,3.81795,3.81795,3.81795,3.81795,
.RD.R..RU
