#port=30759
#reward=11.7741,11.7741,11.7741,11.7741,11.7741,11.7741,11.7741,11.7741,11.7741,
#reward=2.11763,2.11763,2.11763,2.11763,2.11763,2.11763,2.11763,2.11763,2.11763,
U.RLUrrL.
#reward=1.81161,1.81161,1.81161,1.81161,1.81161,1.81161,1.81161,1.81161,1.81161,
ur.Ll..rl
#reward=3.06656,3.06656,3.06656,3.06656,3.06656,3.06656,3.06656,3.06656,3.06656,
Rlll.UlL.
#reward=0.833912,0.833912,0.833912,0.833912,0.833912,0.833912,0.833912,0.833912,0.833912,
L..Ru..ur
#reward=0.304004,0.304004,0.304004,0.304004,0.304004,0.304004,0.304004,0.304004,0.304004,
R.UlRR.lU
#reward=2.58435,2.58435,2.58435,2.58435,2.58435,2.58435,2.58435,2.58435,2.58435,
uU..Rr..l
#reward=1.73342,1.73342,1.73342,1.73342,1.73342,1.73342,1.73342,1.73342,1.73342,
LRU.r.u.U
#reward=3.41307,3.41307,3.41307,3.41307,3.41307,3.41307,3.41307,3.41307,3.41307,
.rR....ru
#reward=2.26229,2.26229,2.26229,2.26229,2.26229,2.26229,2.26229,2.26229,2.26229,
.Lu..L..r
#reward=3.69046,3.69046,3.69046,3.69046,3.69046,3.69046,3.69046,3.69046,3.69046,
.rRR.r...
#reward=1.13306,1.13306,1.13306,1.13306,1.13306,1.13306,1.13306,1.13306,1.13306,
Rl..LDDD.
#reward=2.22997,2.22997,2.22997,2.22997,2.22997,2.22997,2.22997,2.22997,2.22997,
L..l.Du..
#reward=1.42607,1.42607,1.42607,1.42607,1.42607,1.42607,1.42607,1.42607,1.42607,
DD...u.U.
#reward=2.76622,2.76622,2.76622,2.76622,2.76622,2.76622,2.76622,2.76622,2.76622,
DDD...l..
#reward=2.49413,2.49413,2.49413,2.49413,2.49413,2.49413,2.49413,2.49413,2.49413,
l.L.Lr...
#reward=3.63617,3.63617,3.63617,3.63617,3.63617,3.63617,3.63617,3.63617,3.63617,
uRU.DL...
#reward=0.5317,0.5317,0.5317,0.5317,0.5317,0.5317,0.5317,0.5317,0.5317,
Rrr..D..d
#reward=2.86486,2.86486,2.86486,2.86486,2.86486,2.86486,2.86486,2.86486,2.86486,
.L...u...
#reward=1.55523,1.55523,1.55523,1.55523,1.55523,1.55523,1.55523,1.55523,1.55523,
r..R.L.D.
#reward=1.28356,1.28356,1.28356,1.28356,1.28356,1.28356,1.28356,1.28356,1.28356,
LL.r.R.UL
#reward=1.77161,1.77161,1.77161,1.77161,1.77161,1.77161,1.77161,1.77161,1.77161,
rr..UD..U
#reward=0.717821,0.717821,0.717821,0.717821,0.717821,0.717821,0.717821,0.717821,0.717821,
...DrUrD.
#reward=1.9279,1.9279,1.9279,1.9279,1.9279,1.9279,1.9279,1.9279,1.9279,
...L...ru
#reward=0.852548,0.852548,0.852548,0.852548,0.852548,0.852548,0.852548,0.852548,0.852548,
...D...lD
#reward=1.24271,1.24271,1.24271,1.24271,1.24271,1.24271,1.24271,1.24271,1.24271,
..Dr.L.uL
#reward=2.15664,2.15664,2.15664,2.15664,2.15664,2.15664,2.15664,2.15664,2.15664,
D.U...DDD
#reward=1.83738,1.83738,1.83738,1.83738,1.83738,1.83738,1.83738,1.83738,1.83738,
L.D...LUU
#reward=2.02681,2.02681,2.02681,2.02681,2.02681,2.02681,2.02681,2.02681,2.02681,
....D.r..
#reward=1.46415,1.46415,1.46415,1.46415,1.46415,1.46415,1.46415,1.46415,1.46415,
LLUL..DDR
#reward=2.61816,2.61816,2.61816,2.61816,2.61816,2.61816,2.61816,2.61816,2.61816,
Dl.r.RD.U
#reward=2.3635,2.3635,2.3635,2.3635,2.3635,2.3635,2.3635,2.3635,2.3635,
...L.rL.L
#reward=1.42059,1.42059,1.42059,1.42059,1.42059,1.42059,1.42059,1.42059,1.42059,
lUDL..DD.
#reward=1.90611,1.90611,1.90611,1.90611,1.90611,1.90611,1.90611,1.90611,1.90611,
..U...LUu
#reward=2.40069,2.40069,2.40069,2.40069,2.40069,2.40069,2.40069,2.40069,2.40069,
RD.R...DD
#reward=3.32013,3.32013,3.32013,3.32013,3.32013,3.32013,3.32013,3.32013,3.32013,
LRLr...rl
#reward=2.13167,2.13167,2.13167,2.13167,2.13167,2.13167,2.13167,2.13167,2.13167,
rL.U.LlLR
#reward=2.28524,2.28524,2.28524,2.28524,2.28524,2.28524,2.28524,2.28524,2.28524,
u...L..rU
#reward=0.463183,0.463183,0.463183,0.463183,0.463183,0.463183,0.463183,0.463183,0.463183,
.D.RLR.Dl
#reward=2.43148,2.43148,2.43148,2.43148,2.43148,2.43148,2.43148,2.43148,2.43148,
.lRR..U..
#reward=2.62694,2.62694,2.62694,2.62694,2.62694,2.62694,2.62694,2.62694,2.62694,
.uLLu.LL.
#reward=1.85531,1.85531,1.85531,1.85531,1.85531,1.85531,1.85531,1.85531,1.85531,
..L...lr.
#reward=0.543415,0.543415,0.543415,0.543415,0.543415,0.543415,0.543415,0.543415,0.543415,
..uLD.UD.
#reward=2.31493,2.31493,2.31493,2.31493,2.31493,2.31493,2.31493,2.31493,2.31493,
..LLUDrL.
#reward=2.36787,2.36787,2.36787,2.36787,2.36787,2.36787,2.36787,2.36787,2.36787,
..RDlULU.
#reward=2.64077,2.64077,2.64077,2.64077,2.64077,2.64077,2.64077,2.64077,2.64077,
.R.UR..L.
#reward=3.18705,3.18705,3.18705,3.18705,3.18705,3.18705,3.18705,3.18705,3.18705,
.D.D..RU.
#reward=1.34351,1.34351,1.34351,1.34351,1.34351,1.34351,1.34351,1.34351,1.34351,
..rUR.UUD
#reward=1.41183,1.41183,1.41183,1.41183,1.41183,1.41183,1.41183,1.41183,1.41183,
.R.....LU
#reward=2.25623,2.25623,2.25623,2.25623,2.25623,2.25623,2.25623,2.25623,2.25623,
DUDR..uU.
#reward=2.10558,2.10558,2.10558,2.10558,2.10558,2.10558,2.10558,2.10558,2.10558,
LLRl..r..
#reward=1.74351,1.74351,1.74351,1.74351,1.74351,1.74351,1.74351,1.74351,1.74351,
lUD....rD
#reward=2.49958,2.49958,2.49958,2.49958,2.49958,2.49958,2.49958,2.49958,2.49958,
...DU.D.R
#reward=0.834592,0.834592,0.834592,0.834592,0.834592,0.834592,0.834592,0.834592,0.834592,
R......l.
#reward=1.89329,1.89329,1.89329,1.89329,1.89329,1.89329,1.89329,1.89329,1.89329,
L.UL...D.
#reward=2.09305,2.09305,2.09305,2.09305,2.09305,2.09305,2.09305,2.09305,2.09305,
.D.R.DDr.
#reward=2.64906,2.64906,2.64906,2.64906,2.64906,2.64906,2.64906,2.64906,2.64906,
.U.UDU.l.
#reward=0.591143,0.591143,0.591143,0.591143,0.591143,0.591143,0.591143,0.591143,0.591143,
..R.L.U..
#reward=1.60438,1.60438,1.60438,1.60438,1.60438,1.60438,1.60438,1.60438,1.60438,
R..RRLUU.
#reward=3.04654,3.04654,3.04654,3.04654,3.04654,3.04654,3.04654,3.04654,3.04654,
UDD..RLD.
#reward=3.07855,3.07855,3.07855,3.07855,3.07855,3.07855,3.07855,3.07855,3.07855,
.U..LDuU.
#reward=3.12937,3.12937,3.12937,3.12937,3.12937,3.12937,3.12937,3.12937,3.12937,
..URRUL..
#reward=1.39234,1.39234,1.39234,1.39234,1.39234,1.39234,1.39234,1.39234,1.39234,
.DLL...D.
#reward=2.71362,2.71362,2.71362,2.71362,2.71362,2.71362,2.71362,2.71362,2.71362,
.LLR..d..
#reward=1.54915,1.54915,1.54915,1.54915,1.54915,1.54915,1.54915,1.54915,1.54915,
..RR..RD.
#reward=0.922738,0.922738,0.922738,0.922738,0.922738,0.922738,0.922738,0.922738,0.922738,
D.DLU.LU.
#reward=2.54843,2.54843,2.54843,2.54843,2.54843,2.54843,2.54843,2.54843,2.54843,
R.UL..UU.
#reward=1.84432,1.84432,1.84432,1.84432,1.84432,1.84432,1.84432,1.84432,1.84432,
l.D.D.L..
#reward=0.609937,0.609937,0.609937,0.609937,0.609937,0.609937,0.609937,0.609937,0.609937,
R....lu..
#reward=2.13707,2.13707,2.13707,2.13707,2.13707,2.13707,2.13707,2.13707,2.13707,
rR.R..L..
#reward=2.78448,2.78448,2.78448,2.78448,2.78448,2.78448,2.78448,2.78448,2.78448,
L.R...LD.
#reward=1.59135,1.59135,1.59135,1.59135,1.59135,1.59135,1.59135,1.59135,1.59135,
RRLU..D..
#reward=3.19934,3.19934,3.19934,3.19934,3.19934,3.19934,3.19934,3.19934,3.19934,
Dr..U.uUL
#reward=2.20449,2.20449,2.20449,2.20449,2.20449,2.20449,2.20449,2.20449,2.20449,
.L.DD.r..
#reward=1.45341,1.45341,1.45341,1.45341,1.45341,1.45341,1.45341,1.45341,1.45341,
LD....LDL
#reward=1.12278,1.12278,1.12278,1.12278,1.12278,1.12278,1.12278,1.12278,1.12278,
.L.LU.LU.
#reward=0.823704,0.823704,0.823704,0.823704,0.823704,0.823704,0.823704,0.823704,0.823704,
L..R.Dr.R
#reward=2.71913,2.71913,2.71913,2.71913,2.71913,2.71913,2.71913,2.71913,2.71913,
R....Ru..
#reward=1.85808,1.85808,1.85808,1.85808,1.85808,1.85808,1.85808,1.85808,1.85808,
U.RR.....
#reward=1.9238,1.9238,1.9238,1.9238,1.9238,1.9238,1.9238,1.9238,1.9238,
.LRLD..UU
#reward=2.00882,2.00882,2.00882,2.00882,2.00882,2.00882,2.00882,2.00882,2.00882,
R.U..L.rD
#reward=2.52188,2.52188,2.52188,2.52188,2.52188,2.52188,2.52188,2.52188,2.52188,
.DLULDLDU
#reward=3.11532,3.11532,3.11532,3.11532,3.11532,3.11532,3.11532,3.11532,3.11532,
DL.RLLlUD
#reward=1.18448,1.18448,1.18448,1.18448,1.18448,1.18448,1.18448,1.18448,1.18448,
rDR...R.L
#reward=0.806199,0.806199,0.806199,0.806199,0.806199,0.806199,0.806199,0.806199,0.806199,
ULDD.DL.D
#reward=2.13162,2.13162,2.13162,2.13162,2.13162,2.13162,2.13162,2.13162,2.13162,
LLUUDD.UD
#reward=2.83654,2.83654,2.83654,2.83654,2.83654,2.83654,2.83654,2.83654,2.83654,
..D.RDuuD
#reward=3.31147,3.31147,3.31147,3.31147,3.31147,3.31147,3.31147,3.31147,3.31147,
.....lD.L
#reward=1.14676,1.14676,1.14676,1.14676,1.14676,1.14676,1.14676,1.14676,1.14676,
DDULLRLDU
#reward=3.47315,3.47315,3.47315,3.47315,3.47315,3.47315,3.47315,3.47315,3.47315,
.R.RDD.DR
#reward=2.15518,2.15518,2.15518,2.15518,2.15518,2.15518,2.15518,2.15518,2.15518,
L.D.LlD.U
#reward=0.775024,0.775024,0.775024,0.775024,0.775024,0.775024,0.775024,0.775024,0.775024,
ru.DL.uUD
#reward=1.89039,1.89039,1.89039,1.89039,1.89039,1.89039,1.89039,1.89039,1.89039,
LrULU.R.L
#reward=0.822776,0.822776,0.822776,0.822776,0.822776,0.822776,0.822776,0.822776,0.822776,
..DR..r.r
#reward=3.17509,3.17509,3.17509,3.17509,3.17509,3.17509,3.17509,3.17509,3.17509,
LLL.Rr.U.
#reward=3.2112,3.2112,3.2112,3.2112,3.2112,3.2112,3.2112,3.2112,3.2112,
R.U.RUUL.
#reward=1.93744,1.93744,1.93744,1.93744,1.93744,1.93744,1.93744,1.93744,1.93744,
LUDLlrU..
#reward=1.89479,1.89479,1.89479,1.89479,1.89479,1.89479,1.89479,1.89479,1.89479,
r..UD.Rr.
#reward=1.44696,1.44696,1.44696,1.44696,1.44696,1.44696,1.44696,1.44696,1.44696,
.ul.U.DD.
#reward=1.91648,1.91648,1.91648,1.91648,1.91648,1.91648,1.91648,1.91648,1.91648,
D.R.D.R.D
#reward=1.44179,1.44179,1.44179,1.44179,1.44179,1.44179,1.44179,1.44179,1.44179,
RlU...rRD
#reward=0.788334,0.788334,0.788334,0.788334,0.788334,0.788334,0.788334,0.788334,0.788334,
L.LRU.LLr
#reward=1.90143,1.90143,1.90143,1.90143,1.90143,1.90143,1.90143,1.90143,1.90143,
lDR.DlRRL
#reward=4.15779,4.15779,4.15779,4.15779,4.15779,4.15779,4.15779,4.15779,4.15779,
.ULDU....
#reward=1.13392,1.13392,1.13392,1.13392,1.13392,1.13392,1.13392,1.13392,1.13392,
R...UDLDD
#reward=1.67646,1.67646,1.67646,1.67646,1.67646,1.67646,1.67646,1.67646,1.67646,
lDU.D.RDl
#reward=1.36188,1.36188,1.36188,1.36188,1.36188,1.36188,1.36188,1.36188,1.36188,
...rU.L.U
#reward=1.35159,1.35159,1.35159,1.35159,1.35159,1.35159,1.35159,1.35159,1.35159,
...LD.RUD
#reward=2.82796,2.82796,2.82796,2.82796,2.82796,2.82796,2.82796,2.82796,2.82796,
rL.RR.DDU
#reward=4.50551,4.50551,4.50551,4.50551,4.50551,4.50551,4.50551,4.50551,4.50551,
.......UR
#reward=2.12479,2.12479,2.12479,2.12479,2.12479,2.12479,2.12479,2.12479,2.12479,
D.....R..
#reward=1.60954,1.60954,1.60954,1.60954,1.60954,1.60954,1.60954,1.60954,1.60954,
DR..L.r..
#reward=0.326125,0.326125,0.326125,0.326125,0.326125,0.326125,0.326125,0.326125,0.326125,
uRD.U...U
#reward=2.2722,2.2722,2.2722,2.2722,2.2722,2.2722,2.2722,2.2722,2.2722,
L.RL..D..
#reward=5.07343,5.07343,5.07343,5.07343,5.07343,5.07343,5.07343,5.07343,5.07343,
uLL.R.r..
#reward=3.10651,3.10651,3.10651,3.10651,3.10651,3.10651,3.10651,3.10651,3.10651,
LL...Uu.D
#reward=1.9958,1.9958,1.9958,1.9958,1.9958,1.9958,1.9958,1.9958,1.9958,
D..u..LDD
#reward=1.92872,1.92872,1.92872,1.92872,1.92872,1.92872,1.92872,1.92872,1.92872,
URU.RUL..
#reward=1.80342,1.80342,1.80342,1.80342,1.80342,1.80342,1.80342,1.80342,1.80342,
L..RLDD.l
#reward=1.84725,1.84725,1.84725,1.84725,1.84725,1.84725,1.84725,1.84725,1.84725,
R......Ur
#reward=-0.00443992,-0.00443992,-0.00443992,-0.00443992,-0.00443992,-0.00443992,-0.00443992,-0.00443992,-0.00443992,
u.DLD.U.U
#reward=1.92506,1.92506,1.92506,1.92506,1.92506,1.92506,1.92506,1.92506,1.92506,
..UR.DLD.
#reward=4.00997,4.00997,4.00997,4.00997,4.00997,4.00997,4.00997,4.00997,4.00997,
LR..U.UUD
#reward=-0.258812,-0.258812,-0.258812,-0.258812,-0.258812,-0.258812,-0.258812,-0.258812,-0.258812,
LLDLRU.U.
#reward=6.14609,6.14609,6.14609,6.14609,6.14609,6.14609,6.14609,6.14609,6.14609,
U.u..DULU
#reward=-0.379981,-0.379981,-0.379981,-0.379981,-0.379981,-0.379981,-0.379981,-0.379981,-0.379981,
DL..U....
#reward=1.2667,1.2667,1.2667,1.2667,1.2667,1.2667,1.2667,1.2667,1.2667,
R..LDUU..
#reward=-0.801118,-0.801118,-0.801118,-0.801118,-0.801118,-0.801118,-0.801118,-0.801118,-0.801118,
R....D..D
#reward=3.55892,3.55892,3.55892,3.55892,3.55892,3.55892,3.55892,3.55892,3.55892,
.......RU
#reward=3.8558,3.8558,3.8558,3.8558,3.8558,3.8558,3.8558,3.8558,3.8558,
r.DR..R.D
#reward=2.21432,2.21432,2.21432,2.21432,2.21432,2.21432,2.21432,2.21432,2.21432,
....U..DU
#reward=1.757,1.757,1.757,1.757,1.757,1.757,1.757,1.757,1.757,
.LU.....D
#reward=0.869792,0.869792,0.869792,0.869792,0.869792,0.869792,0.869792,0.869792,0.869792,
.RRR....D
#reward=1.73482,1.73482,1.73482,1.73482,1.73482,1.73482,1.73482,1.73482,1.73482,
..D..ULUU
#reward=2.6368,2.6368,2.6368,2.6368,2.6368,2.6368,2.6368,2.6368,2.6368,
.R..DDR.D
#reward=0.0434144,0.0434144,0.0434144,0.0434144,0.0434144,0.0434144,0.0434144,0.0434144,0.0434144,
DR.LLU.DD
#reward=2.04058,2.04058,2.04058,2.04058,2.04058,2.04058,2.04058,2.04058,2.04058,
.LURRD..L
#reward=2.05238,2.05238,2.05238,2.05238,2.05238,2.05238,2.05238,2.05238,2.05238,
..LU..DDL
#reward=1.62491,1.62491,1.62491,1.62491,1.62491,1.62491,1.62491,1.62491,1.62491,
LLR...LDl
#reward=2.44433,2.44433,2.44433,2.44433,2.44433,2.44433,2.44433,2.44433,2.44433,
RRL..U.UR
#reward=2.63444,2.63444,2.63444,2.63444,2.63444,2.63444,2.63444,2.63444,2.63444,
Lu...DUuU
#reward=0.812365,0.812365,0.812365,0.812365,0.812365,0.812365,0.812365,0.812365,0.812365,
.LL..UDDL
#reward=2.91386,2.91386,2.91386,2.91386,2.91386,2.91386,2.91386,2.91386,2.91386,
R....D.L.
#reward=1.24956,-40.4248,1.24956,1.24956,1.24956,1.24956,1.24956,1.24956,1.24956,
DlR....LL
#reward=1.53783,0,1.53783,1.53783,1.53783,1.53783,1.53783,1.53783,1.53783,
l.R...UDL
#reward=1.20228,0,1.20228,1.20228,1.20228,1.20228,1.20228,1.20228,1.20228,
r.DD.UDrR
#reward=2.60248,0,2.60248,2.60248,2.60248,2.60248,2.60248,2.60248,2.60248,
.RUU..Ud.
#reward=1.95609,0,1.95609,1.95609,1.95609,1.95609,1.95609,1.95609,1.95609,
U.LD.DR.R
#reward=1.63607,0,1.63607,1.63607,1.63607,1.63607,1.63607,1.63607,1.63607,
URL..U..L
#reward=1.81446,0,1.81446,1.81446,1.81446,1.81446,1.81446,1.81446,1.81446,
LLL..DD.R
#reward=1.57893,0,1.57893,1.57893,1.57893,1.57893,1.57893,1.57893,1.57893,
DLlU....R
#reward=2.68654,0,2.68654,2.68654,2.68654,2.68654,2.68654,2.68654,2.68654,
RRU....Ur
#reward=1.8502,0,1.8502,1.8502,1.8502,1.8502,1.8502,1.8502,1.8502,
ULD...Ul.
#reward=2.45065,0,2.45065,2.45065,2.45065,2.45065,2.45065,2.45065,2.45065,
.R....L..
#reward=2.84922,0,2.84922,2.84922,2.84922,2.84922,2.84922,2.84922,2.84922,
.RRD..RD.
#reward=1.72251,0,1.72251,1.72251,1.72251,1.72251,1.72251,1.72251,1.72251,
...L.....
#reward=1.59942,0,1.59942,1.59942,1.59942,1.59942,1.59942,1.59942,1.59942,
..R.UU.LL
#reward=1.76368,0,1.76368,1.76368,1.76368,1.76368,1.76368,1.76368,1.76368,
.....U.R.
#reward=2.97861,0,2.97861,2.97861,2.97861,2.97861,2.97861,2.97861,2.97861,
..L...L..
#reward=3.95671,0,3.95671,3.95671,3.95671,3.95671,3.95671,3.95671,3.95671,
D..L..D..
#reward=1.42802,0,1.42802,1.42802,1.42802,1.42802,1.42802,1.42802,1.42802,
R.R.DrUU.
#reward=1.93005,0,1.93005,1.93005,1.93005,1.93005,1.93005,1.93005,1.93005,
...L..R..
#reward=2.04021,0,2.04021,2.04021,2.04021,2.04021,2.04021,2.04021,2.04021,
..R..DLDR
#reward=3.8726,0,3.8726,3.8726,3.8726,3.8726,3.8726,3.8726,3.8726,
LLDD.D...
#reward=5.02388,0,5.02388,5.02388,5.02388,5.02388,5.02388,5.02388,5.02388,
ULLu..RL.
#reward=1.17844,0,1.17844,1.17844,1.17844,1.17844,1.17844,1.17844,1.17844,
D....U.RD
#reward=1.41604,0,1.41604,1.41604,1.41604,1.41604,1.41604,1.41604,1.41604,
.RU..DL.D
#reward=2.3499,0,2.3499,2.3499,2.3499,2.3499,2.3499,2.3499,2.3499,
UR.D.U..D
#reward=0.518367,0,0.518367,0.518367,0.518367,0.518367,0.518367,0.518367,0.518367,
.LL..DRUD
#reward=2.37832,0,2.37832,2.37832,2.37832,2.37832,2.37832,2.37832,2.37832,
D.RD.U.R.
#reward=2.09397,0,2.09397,2.09397,2.09397,2.09397,2.09397,2.09397,2.09397,
.R.rUUDR.
#reward=-1.47751,0,-1.47751,-1.47751,-1.47751,-1.47751,-1.47751,-1.47751,-1.47751,
DLRL..UU.
#reward=2.07777,0,2.07777,2.07777,2.07777,2.07777,2.07777,2.07777,2.07777,
UR.R.....
#reward=0.770838,0,0.770838,0.770838,0.770838,0.770838,0.770838,0.770838,0.770838,
...U..D.U
#reward=3.79279,0,3.79279,3.79279,3.79279,3.79279,3.79279,3.79279,3.79279,
..DL..RD.
#reward=4.19407,0,4.19407,4.19407,4.19407,4.19407,4.19407,4.19407,4.19407,
DL.U..D..
#reward=1.09469,0,1.09469,1.09469,1.09469,1.09469,1.09469,1.09469,1.09469,
.R.......
#reward=2.92508,0,2.92508,2.92508,2.92508,2.92508,2.92508,2.92508,2.92508,
D.U...UUR
#reward=1.62686,0,1.62686,1.62686,1.62686,1.62686,1.62686,1.62686,1.62686,
u..D.DDDL
#reward=0.243699,0,0.243699,0.243699,0.243699,0.243699,0.243699,0.243699,0.243699,
r.DU.Du.U
#reward=1.62,0,1.62,1.62,1.62,1.62,1.62,1.62,1.62,
LLUD..DRD
#reward=2.54884,0,2.54884,2.54884,2.54884,2.54884,2.54884,2.54884,2.54884,
..DR..LRD
#reward=1.20841,0,1.20841,1.20841,1.20841,1.20841,1.20841,1.20841,1.20841,
.LLR..DLR
#reward=0.803552,0,0.803552,0.803552,0.803552,0.803552,0.803552,0.803552,0.803552,
.R.L..UDr
#reward=3.42097,0,3.42097,3.42097,3.42097,3.42097,3.42097,3.42097,3.42097,
.R.L..rU.
#reward=2.9193,0,2.9193,2.9193,2.9193,2.9193,2.9193,2.9193,2.9193,
r.Ru.....
#reward=2.71033,0,2.71033,2.71033,2.71033,2.71033,2.71033,2.71033,2.71033,
.LU..ULD.
#reward=1.15613,0,1.15613,1.15613,1.15613,1.15613,1.15613,1.15613,1.15613,
.....UlU.
#reward=2.4121,0,2.4121,2.4121,2.4121,2.4121,2.4121,2.4121,2.4121,
....D....
#reward=1.89364,0,1.89364,1.89364,1.89364,1.89364,1.89364,1.89364,1.89364,
..DDUDU.l
#reward=4.60853,0,4.60853,4.60853,4.60853,4.60853,4.60853,4.60853,4.60853,
.RUrDULL.
#reward=2.95367,0,2.95367,2.95367,2.95367,2.95367,2.95367,2.95367,2.95367,
.L.....U.
#reward=0.695845,0,0.695845,0.695845,0.695845,0.695845,0.695845,0.695845,0.695845,
D.LuU.R..
#reward=3.15589,0,3.15589,3.15589,3.15589,3.15589,3.15589,3.15589,3.15589,
ULD..D...
#reward=1.69503,0,1.69503,1.69503,1.69503,1.69503,1.69503,1.69503,1.69503,
.R....LDU
#reward=2.92292,0,2.92292,2.92292,2.92292,2.92292,2.92292,2.92292,2.92292,
DLU...R.L
#reward=2.89567,0,2.89567,2.89567,2.89567,2.89567,2.89567,2.89567,2.89567,
u....ULUU
#reward=1.83247,0,1.83247,1.83247,1.83247,1.83247,1.83247,1.83247,1.83247,
L.LD...D.
#reward=1.85211,0,1.85211,1.85211,1.85211,1.85211,1.85211,1.85211,1.85211,
DRRD...RR
#reward=0.47466,0,0.47466,0.47466,0.47466,0.47466,0.47466,0.47466,0.47466,
..Lu.D.L.
#reward=1.53013,0,1.53013,1.53013,1.53013,1.53013,1.53013,1.53013,1.53013,
U.RD....R
#reward=0.230521,0,0.230521,0.230521,0.230521,0.230521,0.230521,0.230521,0.230521,
L..r..R.l
#reward=-0.0110556,0,-0.0110556,-0.0110556,-0.0110556,-0.0110556,-0.0110556,-0.0110556,-0.0110556,
...U..U.r
#reward=4.52206,0,4.52206,4.52206,4.52206,4.52206,4.52206,4.52206,4.52206,
R.R..URUD
#reward=0.616661,0,0.616661,0.616661,0.616661,0.616661,0.616661,0.616661,0.616661,
LRLD.L..u
#reward=2.9211,0,2.9211,2.9211,2.9211,2.9211,2.9211,2.9211,2.9211,
DL.d.L..R
#reward=0.367164,0,0.367164,0.367164,0.367164,0.367164,0.367164,0.367164,0.367164,
r.D..R..R
#reward=0.377454,0,0.377454,0.377454,0.377454,0.377454,0.377454,0.377454,0.377454,
uL.U.RU.L
#reward=2.26727,0,2.26727,2.26727,2.26727,2.26727,2.26727,2.26727,2.26727,
...R..L.R
#reward=2.46334,0,2.46334,2.46334,2.46334,2.46334,2.46334,2.46334,2.46334,
D..R..R..
#reward=2.05455,0,2.05455,2.05455,2.05455,2.05455,2.05455,2.05455,2.05455,
u..L..D..
#reward=2.16773,0,2.16773,2.16773,2.16773,2.16773,2.16773,2.16773,2.16773,
D.UR....L
#reward=2.04507,0,2.04507,2.04507,2.04507,2.04507,2.04507,2.04507,2.04507,
u..u..U.R
#reward=3.65312,0,3.65312,3.65312,3.65312,3.65312,3.65312,3.65312,3.65312,
R..D..L.U
#reward=0.334055,0,0.334055,0.334055,0.334055,0.334055,0.334055,0.334055,0.334055,
UR.U..D.R
#reward=2.44243,0,2.44243,2.44243,2.44243,2.44243,2.44243,2.44243,2.44243,
...lD.RDl
#reward=3.87097,0,3.87097,3.87097,3.87097,3.87097,3.87097,3.87097,3.87097,
D....D..r
#reward=2.11079,0,2.11079,2.11079,2.11079,2.11079,2.11079,2.11079,2.11079,
L.DD.UUR.
#reward=3.01938,0,3.01938,3.01938,3.01938,3.01938,3.01938,3.01938,3.01938,
LRUU.D.L.
#reward=2.79696,0,2.79696,2.79696,2.79696,2.79696,2.79696,2.79696,2.79696,
r...UUl.U
#reward=2.94163,0,2.94163,2.94163,2.94163,2.94163,2.94163,2.94163,2.94163,
..D..L.UR
#reward=1.25478,0,1.25478,1.25478,1.25478,1.25478,1.25478,1.25478,1.25478,
..RR.L..U
#reward=0.851065,0,0.851065,0.851065,0.851065,0.851065,0.851065,0.851065,0.851065,
LL.R.RDDr
#reward=3.43586,0,3.43586,3.43586,3.43586,3.43586,3.43586,3.43586,3.43586,
RL.lDU..L
#reward=0.879124,0,0.879124,0.879124,0.879124,0.879124,0.879124,0.879124,0.879124,
LRU...LUU
#reward=3.97407,0,3.97407,3.97407,3.97407,3.97407,3.97407,3.97407,3.97407,
.R....R.R
#reward=1.41541,0,1.41541,1.41541,1.41541,1.41541,1.41541,1.41541,1.41541,
RLD...U..
#reward=0.371284,0,0.371284,0.371284,0.371284,0.371284,0.371284,0.371284,0.371284,
uL.....DD
#reward=0.407705,0,0.407705,0.407705,0.407705,0.407705,0.407705,0.407705,0.407705,
.R.D.l.UU
#reward=1.71376,0,1.71376,1.71376,1.71376,1.71376,1.71376,1.71376,1.71376,
D..L....D
#reward=0.0362875,0,0.0362875,0.0362875,0.0362875,0.0362875,0.0362875,0.0362875,0.0362875,
L.Ul.....
#reward=2.54942,0,2.54942,2.54942,2.54942,2.54942,2.54942,2.54942,2.54942,
rRL..D..U
#reward=-0.387353,0,-0.387353,-0.387353,-0.387353,-0.387353,-0.387353,-0.387353,-0.387353,
...R...Dr
#reward=2.38651,0,2.38651,2.38651,2.38651,2.38651,2.38651,2.38651,2.38651,
.L.L.u.U.
#reward=0.381677,0,0.381677,0.381677,0.381677,0.381677,0.381677,0.381677,0.381677,
.L.R.R...
#reward=2.51519,0,2.51519,2.51519,2.51519,2.51519,2.51519,2.51519,2.51519,
...rUL.D.
#reward=3.28361,0,3.28361,3.28361,3.28361,3.28361,3.28361,3.28361,3.28361,
....D..RD
#reward=2.49603,0,2.49603,2.49603,2.49603,2.49603,2.49603,2.49603,2.49603,
...L.R.RL
#reward=1.97186,0,1.97186,1.97186,1.97186,1.97186,1.97186,1.97186,1.97186,
..R....DR
#reward=2.53362,0,2.53362,2.53362,2.53362,2.53362,2.53362,2.53362,2.53362,
U.DR.D.rl
#reward=4.68316,0,4.68316,4.68316,4.68316,4.68316,4.68316,4.68316,4.68316,
...U..D..
#reward=3.01884,0,3.01884,3.01884,3.01884,3.01884,3.01884,3.01884,3.01884,
...uLD.U.
#reward=2.25225,0,2.25225,2.25225,2.25225,2.25225,2.25225,2.25225,2.25225,
..UD.UUDD
#reward=1.27714,0,1.27714,1.27714,1.27714,1.27714,1.27714,1.27714,1.27714,
.RD.L...L
#reward=1.34604,0,1.34604,1.34604,1.34604,1.34604,1.34604,1.34604,1.34604,
..L....Lr
#reward=1.72049,0,1.72049,1.72049,1.72049,1.72049,1.72049,1.72049,1.72049,
R.RD..DRD
#reward=3.18612,0,3.18612,3.18612,3.18612,3.18612,3.18612,3.18612,3.18612,
..UL...L.
#reward=1.54128,0,1.54128,1.54128,1.54128,1.54128,1.54128,1.54128,1.54128,
LLD..DUR.
#reward=3.08223,0,3.08223,3.08223,3.08223,3.08223,3.08223,3.08223,3.08223,
.R.D.U...
#reward=-1.30782,0,-1.30782,-1.30782,-1.30782,-1.30782,-1.30782,-1.30782,-1.30782,
R.L....D.
#reward=3.23877,0,3.23877,3.23877,3.23877,3.23877,3.23877,3.23877,3.23877,
L.RLDU..U
#reward=1.60453,0,1.60453,1.60453,1.60453,1.60453,1.60453,1.60453,1.60453,
.L.UUDD..
#reward=2.54376,0,2.54376,2.54376,2.54376,2.54376,2.54376,2.54376,2.54376,
R.U..UU.D
#reward=0.285195,0,0.285195,0.285195,0.285195,0.285195,0.285195,0.285195,0.285195,
....D..R.
#reward=2.83309,0,2.83309,2.83309,2.83309,2.83309,2.83309,2.83309,2.83309,
.RL..L.rD
#reward=0.845585,0,0.845585,0.845585,0.845585,0.845585,0.845585,0.845585,0.845585,
LL.D....L
#reward=1.33739,0,1.33739,1.33739,1.33739,1.33739,1.33739,1.33739,1.33739,
.R.L....r
#reward=2.01897,0,2.01897,2.01897,2.01897,2.01897,2.01897,2.01897,2.01897,
.RLr....D
#reward=4.32282,0,4.32282,4.32282,4.32282,4.32282,4.32282,4.32282,4.32282,
R.R.RR..L
#reward=3.16985,0,3.16985,3.16985,3.16985,3.16985,3.16985,3.16985,3.16985,
.LLuU.DDU
#reward=-1.70765,0,-1.70765,-1.70765,-1.70765,-1.70765,-1.70765,-1.70765,-1.70765,
.R.LR.URL
#reward=5.0351,0,5.0351,5.0351,5.0351,5.0351,5.0351,5.0351,5.0351,
L.R..DD.R
#reward=5.15721,0,5.15721,5.15721,5.15721,5.15721,5.15721,5.15721,5.15721,
D..DU....
#reward=0.0267053,0,0.0267053,0.0267053,0.0267053,0.0267053,0.0267053,0.0267053,0.0267053,
..LU.D.rR
#reward=3.39145,0,3.39145,3.39145,3.39145,3.39145,3.39145,3.39145,3.39145,
..RR....L
#reward=3.07712,0,3.07712,3.07712,3.07712,3.07712,3.07712,3.07712,3.07712,
L..DDU..R
#reward=0.301671,0,0.301671,0.301671,0.301671,0.301671,0.301671,0.301671,0.301671,
L.LL....D
#reward=3.23455,0,3.23455,3.23455,3.23455,3.23455,3.23455,3.23455,3.23455,
ULRUUUL..
#reward=2.02764,0,2.02764,2.02764,2.02764,2.02764,2.02764,2.02764,2.02764,
...R...L.
#reward=1.05327,0,1.05327,1.05327,1.05327,1.05327,1.05327,1.05327,1.05327,
D.LD..RLU
#reward=2.61978,0,2.61978,2.61978,2.61978,2.61978,2.61978,2.61978,2.61978,
.R.D...UD
#reward=2.77276,0,2.77276,2.77276,2.77276,2.77276,2.77276,2.77276,2.77276,
LLRrD..UL
#reward=3.90414,0,3.90414,3.90414,3.90414,3.90414,3.90414,3.90414,3.90414,
RRRD..LU.
#reward=3.93914,0,3.93914,3.93914,3.93914,3.93914,3.93914,3.93914,3.93914,
LL.u..RU.
#reward=1.95726,0,1.95726,1.95726,1.95726,1.95726,1.95726,1.95726,1.95726,
...r...UR
#reward=-1.35944,0,-49.6993,-1.35944,-1.35944,-1.35944,-1.35944,-1.35944,-1.35944,
R.lL....L
#reward=0.60222,0,0,0.60222,0.60222,0.60222,0.60222,0.60222,0.60222,
..D.....R
#reward=0.800869,0,0,0.800869,0.800869,0.800869,0.800869,0.800869,0.800869,
l.LD.D..U
#reward=-0.738691,0,0,-0.738691,-0.738691,-0.738691,-0.738691,-0.738691,-0.738691,
D..u.DURL
#reward=5.30234,0,0,5.30234,5.30234,5.30234,5.30234,5.30234,5.30234,
...D....L
#reward=3.58319,0,0,3.58319,3.58319,3.58319,3.58319,3.58319,3.58319,
.R.UUU.l.
#reward=2.94185,0,0,2.94185,2.94185,2.94185,2.94185,2.94185,2.94185,
D...D..UL
#reward=0.659097,0,0,0.659097,0.659097,0.659097,0.659097,0.659097,0.659097,
UL.R.U...
#reward=2.10973,0,0,2.10973,2.10973,2.10973,2.10973,2.10973,2.10973,
DR.R.D...
#reward=2.53998,0,0,2.53998,2.53998,2.53998,2.53998,2.53998,2.53998,
R..LUDD.R
#reward=1.68548,0,0,1.68548,1.68548,1.68548,1.68548,1.68548,1.68548,
..RRDU.LL
#reward=2.8051,0,0,2.8051,2.8051,2.8051,2.8051,2.8051,2.8051,
D.U.....D
#reward=3.72706,0,0,3.72706,3.72706,3.72706,3.72706,3.72706,3.72706,
.....U...
#reward=1.59591,0,0,1.59591,1.59591,1.59591,1.59591,1.59591,1.59591,
.L.rUD.U.
#reward=1.86369,0,0,1.86369,1.86369,1.86369,1.86369,1.86369,1.86369,
.....U...
#reward=-0.0861334,0,0,-0.0861334,-0.0861334,-0.0861334,-0.0861334,-0.0861334,-0.0861334,
ULDLD.U..
#reward=3.27847,0,0,3.27847,3.27847,3.27847,3.27847,3.27847,3.27847,
RR.lU.DL.
#reward=1.5784,0,0,1.5784,1.5784,1.5784,1.5784,1.5784,1.5784,
RRU..D.R.
#reward=2.89161,0,0,2.89161,2.89161,2.89161,2.89161,2.89161,2.89161,
R.DR...R.
#reward=2.01561,0,0,2.01561,2.01561,2.01561,2.01561,2.01561,2.01561,
DL.L.UUR.
#reward=2.55829,0,0,2.55829,2.55829,2.55829,2.55829,2.55829,2.55829,
R.UU.LDL.
#reward=3.81415,0,0,3.81415,3.81415,3.81415,3.81415,3.81415,3.81415,
.R...LUL.
#reward=3.01182,0,0,3.01182,3.01182,3.01182,3.01182,3.01182,3.01182,
.......u.
#reward=-0.692392,0,0,-0.692392,-0.692392,-0.692392,-0.692392,-0.692392,-0.692392,
RL.......
#reward=2.66221,0,0,2.66221,2.66221,2.66221,2.66221,2.66221,2.66221,
..DDD...U
#reward=2.11419,0,0,2.11419,2.11419,2.11419,2.11419,2.11419,2.11419,
.RURLR.rL
