#port=14691
#reward=6.86798,6.86798,6.86798,6.86798,6.86798,6.86798,6.86798,6.86798,6.86798,6.86798,
#reward=2.12558,2.12558,2.12558,2.12558,2.12558,2.12558,2.12558,2.12558,2.12558,2.12558,
R.RulrUrDr
#reward=1.94131,1.94131,1.94131,1.94131,1.94131,1.94131,1.94131,1.94131,1.94131,1.94131,
RUuRDUu..d
#reward=2.3922,2.3922,2.3922,2.3922,2.3922,2.3922,2.3922,2.3922,2.3922,2.3922,
uldUuDd.rL
#reward=2.16779,2.16779,2.16779,2.16779,2.16779,2.16779,2.16779,2.16779,2.16779,2.16779,
rU.rlUR..r
#reward=6.68288,6.68288,6.68288,6.68288,6.68288,6.68288,6.68288,6.68288,6.68288,6.68288,
.rlDDrL.LL
#reward=0.246321,0.246321,0.246321,0.246321,0.246321,0.246321,0.246321,0.246321,0.246321,0.246321,
dL.DRl..RU
#reward=-86.1006,1.40703,1.40703,1.40703,1.40703,1.40703,1.40703,1.40703,1.40703,1.40703,
llRduUR.Uu
#reward=0,4.38115,4.38115,4.38115,4.38115,4.38115,4.38115,4.38115,4.38115,4.38115,
.uUrDL..rD
#reward=0,0.578028,0.578028,0.578028,0.578028,0.578028,0.578028,0.578028,0.578028,0.578028,
..UUlrR.dL
#reward=0,4.32791,4.32791,4.32791,4.32791,4.32791,4.32791,4.32791,4.32791,4.32791,
.RdL.ud.Ld
#reward=0,5.82966,5.82966,5.82966,5.82966,-88.7947,5.82966,5.82966,5.82966,5.82966,
.urddlUUlU
#reward=0,-2.08028,-2.08028,-2.08028,-2.08028,0,-2.08028,-2.08028,-2.08028,-2.08028,
.DurU.Rr..
#reward=0,0.690225,-88.5441,-88.5441,0.690225,0,0.690225,0.690225,0.690225,0.690225,
.Dll..dUuD
#reward=0,1.5859,0,0,1.5859,0,1.5859,1.5859,1.5859,1.5859,
.R..r.rUdU
#reward=0,4.14848,0,0,4.14848,0,4.14848,4.14848,4.14848,4.14848,
.l..D.lU.r
#reward=0,0.0550184,0,0,0.0550184,0,0.0550184,0.0550184,0.0550184,0.0550184,
.U..u.UU.U
#reward=0,5.09598,0,0,-87.0237,0,5.09598,5.09598,5.09598,5.09598,
.R..r.rr.U
#reward=0,1.24633,0,0,0,0,1.24633,1.24633,-90.1197,1.24633,
.u....D.rU
#reward=0,1.33765,0,0,0,0,-89.366,1.33765,0,1.33765,
.L....u..U
#reward=0,1.2964,0,0,0,0,0,1.2964,0,1.2964,
.l.......d
#reward=0,4.88358,0,0,0,0,0,4.88358,0,4.88358,
.d.......u
#reward=0,0.420754,0,0,0,0,0,0.420754,0,0.420754,
.........R
#reward=0,0.424649,0,0,0,0,0,0.424649,0,0.424649,
..........
#reward=0,1.69257,0,0,0,0,0,1.69257,0,1.69257,
..........
#reward=0,2.01735,0,0,0,0,0,2.01735,0,2.01735,
.........r
#reward=0,-87.4389,0,0,0,0,0,0.947282,0,0.947282,
.r........
#reward=0,0,0,0,0,0,0,1.20213,0,1.20213,
..........
#reward=0,0,0,0,0,0,0,3.51566,0,3.51566,
.........U
#reward=0,0,0,0,0,0,0,-0.681672,0,-0.681672,
.........r
#reward=0,0,0,0,0,0,0,5.34752,0,5.34752,
.......D.d
#reward=0,0,0,0,0,0,0,2.14625,0,2.14625,
.........U
#reward=0,0,0,0,0,0,0,2.93525,0,2.93525,
.........d
#reward=0,0,0,0,0,0,0,2.89988,0,2.89988,
.........l
#reward=0,0,0,0,0,0,0,0.00576227,0,0.00576227,
..........
#reward=0,0,0,0,0,0,0,1.99186,0,1.99186,
.........R
#reward=0,0,0,0,0,0,0,1.44109,0,1.44109,
..........
#reward=0,0,0,0,0,0,0,1.7168,0,1.7168,
.........u
#reward=0,0,0,0,0,0,0,2.41649,0,2.41649,
.......D.L
#reward=0,0,0,0,0,0,0,2.46004,0,2.46004,
.........R
#reward=0,0,0,0,0,0,0,0.666572,0,0.666572,
.......U..
#reward=0,0,0,0,0,0,0,-0.346481,0,-0.346481,
.......r.L
#reward=0,0,0,0,0,0,0,3.6443,0,3.6443,
.........R
#reward=0,0,0,0,0,0,0,2.28138,0,2.28138,
.........R
#reward=0,0,0,0,0,0,0,2.47473,0,2.47473,
.........U
#reward=0,0,0,0,0,0,0,1.7746,0,1.7746,
..........
#reward=0,0,0,0,0,0,0,3.16613,0,3.16613,
.......D.d
#reward=0,0,0,0,0,0,0,1.46773,0,1.46773,
.......R.r
#reward=0,0,0,0,0,0,0,5.12424,0,5.12424,
.......L.U
#reward=0,0,0,0,0,0,0,1.23045,0,1.23045,
.......R.L
#reward=0,0,0,0,0,0,0,1.5294,0,1.5294,
.......L.R
#reward=0,0,0,0,0,0,0,1.44082,0,1.44082,
.......R.d
#reward=0,0,0,0,0,0,0,1.31322,0,1.31322,
.......L.L
#reward=0,0,0,0,0,0,0,1.73657,0,1.73657,
.......R.L
#reward=0,0,0,0,0,0,0,1.93058,0,1.93058,
.......L.l
#reward=0,0,0,0,0,0,0,0.284909,0,0.284909,
.......R..
#reward=0,0,0,0,0,0,0,4.7187,0,-57.2837,
.......L.r
#reward=0,0,0,0,0,0,0,4.53111,0,-28.2187,
.......R.d
#reward=0,0,0,0,0,0,0,0.525804,0,0,
..........
#reward=0,0,0,0,0,0,0,2.18602,0,0,
..........
#reward=0,0,0,0,0,0,0,2.07855,0,0,
..........
#reward=0,0,0,0,0,0,0,0.456245,0,0,
..........
#reward=0,0,0,0,0,0,0,4.63891,0,0,
..........
#reward=0,0,0,0,0,0,0,2.0231,0,0,
..........
#reward=0,0,0,0,0,0,0,2.77149,0,0,
..........
#reward=0,0,0,0,0,0,0,1.78118,0,0,
..........
#reward=0,0,0,0,0,0,0,2.33405,0,0,
..........
#reward=0,0,0,0,0,0,0,3.13861,0,0,
..........
#reward=0,0,0,0,0,0,0,0.994218,0,0,
..........
#reward=0,0,0,0,0,0,0,3.14508,0,0,
..........
#reward=0,0,0,0,0,0,0,0.149852,0,0,
..........
#reward=0,0,0,0,0,0,0,2.21593,0,0,
..........
#reward=0,0,0,0,0,0,0,-0.43321,0,0,
..........
#reward=0,0,0,0,0,0,0,1.66866,0,0,
..........
#reward=0,0,0,0,0,0,0,2.68463,0,0,
.......R..
#reward=0,0,0,0,0,0,0,1.24944,0,0,
.......U..
#reward=0,0,0,0,0,0,0,1.76449,0,0,
..........
#reward=0,0,0,0,0,0,0,1.29718,0,0,
.......R..
#reward=0,0,0,0,0,0,0,1.31262,0,0,
..........
#reward=0,0,0,0,0,0,0,1.35404,0,0,
..........
#reward=0,0,0,0,0,0,0,1.87234,0,0,
..........
#reward=0,0,0,0,0,0,0,1.75755,0,0,
.......u..
#reward=0,0,0,0,0,0,0,1.67309,0,0,
..........
#reward=0,0,0,0,0,0,0,-0.349464,0,0,
..........
#reward=0,0,0,0,0,0,0,4.27002,0,0,
..........
#reward=0,0,0,0,0,0,0,1.22606,0,0,
..........
#reward=0,0,0,0,0,0,0,5.0509,0,0,
..........
#reward=0,0,0,0,0,0,0,-0.903423,0,0,
..........
#reward=0,0,0,0,0,0,0,2.76612,0,0,
..........
#reward=0,0,0,0,0,0,0,-0.475127,0,0,
..........
#reward=0,0,0,0,0,0,0,3.22182,0,0,
..........
#reward=0,0,0,0,0,0,0,-0.337782,0,0,
..........
#reward=0,0,0,0,0,0,0,3.06466,0,0,
..........
#reward=0,0,0,0,0,0,0,0.63074,0,0,
.......R..
#reward=0,0,0,0,0,0,0,3.44323,0,0,
.......U..
#reward=0,0,0,0,0,0,0,2.12959,0,0,
.......U..
#reward=0,0,0,0,0,0,0,1.51962,0,0,
.......u..
#reward=0,0,0,0,0,0,0,1.36458,0,0,
.......R..
#reward=0,0,0,0,0,0,0,3.26193,0,0,
.......D..
#reward=0,0,0,0,0,0,0,1.24728,0,0,
..........
#reward=0,0,0,0,0,0,0,2.14482,0,0,
.......D..
#reward=0,0,0,0,0,0,0,2.76196,0,0,
.......U..
#reward=0,0,0,0,0,0,0,2.5915,0,0,
.......D..
#reward=0,0,0,0,0,0,0,2.19402,0,0,
.......L..
#reward=0,0,0,0,0,0,0,2.33921,0,0,
..........
#reward=0,0,0,0,0,0,0,-0.395849,0,0,
..........
#reward=0,0,0,0,0,0,0,2.91771,0,0,
.......U..
#reward=0,0,0,0,0,0,0,3.28899,0,0,
.......U..
#reward=0,0,0,0,0,0,0,3.21554,0,0,
.......L..
#reward=0,0,0,0,0,0,0,2.8241,0,0,
..........
#reward=0,0,0,0,0,0,0,2.48914,0,0,
..........
#reward=0,0,0,0,0,0,0,2.23914,0,0,
..........
#reward=0,0,0,0,0,0,0,2.33902,0,0,
..........
#reward=0,0,0,0,0,0,0,2.12133,0,0,
.......R..
#reward=0,0,0,0,0,0,0,1.59602,0,0,
.......L..
#reward=0,0,0,0,0,0,0,1.05068,0,0,
.......R..
#reward=0,0,0,0,0,0,0,1.39313,0,0,
.......L..
#reward=0,0,0,0,0,0,0,2.20781,0,0,
.......R..
#reward=0,0,0,0,0,0,0,3.12275,0,0,
.......D..
#reward=0,0,0,0,0,0,0,1.8424,0,0,
..........
#reward=0,0,0,0,0,0,0,1.53189,0,0,
.......U..
#reward=0,0,0,0,0,0,0,2.59788,0,0,
.......L..
#reward=0,0,0,0,0,0,0,1.87751,0,0,
.......R..
#reward=0,0,0,0,0,0,0,-0.320353,0,0,
.......L..
#reward=0,0,0,0,0,0,0,2.05473,0,0,
.......R..
#reward=0,0,0,0,0,0,0,1.92207,0,0,
.......L..
#reward=0,0,0,0,0,0,0,0.815152,0,0,
.......R..
#reward=0,0,0,0,0,0,0,3.60168,0,0,
..........
#reward=0,0,0,0,0,0,0,0.496189,0,0,
..........
#reward=0,0,0,0,0,0,0,0.437473,0,0,
..........
#reward=0,0,0,0,0,0,0,1.71323,0,0,
.......L..
#reward=0,0,0,0,0,0,0,2.71366,0,0,
.......R..
#reward=0,0,0,0,0,0,0,2.29333,0,0,
..........
#reward=0,0,0,0,0,0,0,2.1103,0,0,
..........
#reward=0,0,0,0,0,0,0,2.65679,0,0,
..........
#reward=0,0,0,0,0,0,0,1.7822,0,0,
..........
#reward=0,0,0,0,0,0,0,1.31662,0,0,
..........
#reward=0,0,0,0,0,0,0,2.4401,0,0,
..........
#reward=0,0,0,0,0,0,0,3.16373,0,0,
.......R..
#reward=0,0,0,0,0,0,0,0.432358,0,0,
.......U..
#reward=0,0,0,0,0,0,0,4.26905,0,0,
.......u..
#reward=0,0,0,0,0,0,0,0.874911,0,0,
.......R..
#reward=0,0,0,0,0,0,0,1.03165,0,0,
..........
#reward=0,0,0,0,0,0,0,1.73359,0,0,
..........
#reward=0,0,0,0,0,0,0,3.09492,0,0,
..........
#reward=0,0,0,0,0,0,0,2.29154,0,0,
..........
#reward=0,0,0,0,0,0,0,0.836779,0,0,
..........
#reward=0,0,0,0,0,0,0,3.02683,0,0,
..........
#reward=0,0,0,0,0,0,0,0.600232,0,0,
..........
#reward=0,0,0,0,0,0,0,3.8579,0,0,
..........
#reward=0,0,0,0,0,0,0,1.08269,0,0,
..........
#reward=0,0,0,0,0,0,0,3.36463,0,0,
..........
#reward=0,0,0,0,0,0,0,0.294599,0,0,
..........
#reward=0,0,0,0,0,0,0,3.89219,0,0,
..........
#reward=0,0,0,0,0,0,0,2.54521,0,0,
..........
#reward=0,0,0,0,0,0,0,3.36763,0,0,
.......R..
#reward=0,0,0,0,0,0,0,1.08807,0,0,
.......L..
#reward=0,0,0,0,0,0,0,1.43704,0,0,
..........
#reward=0,0,0,0,0,0,0,1.63444,0,0,
..........
#reward=0,0,0,0,0,0,0,1.15913,0,0,
..........
#reward=0,0,0,0,0,0,0,1.9064,0,0,
.......R..
#reward=0,0,0,0,0,0,0,1.28049,0,0,
.......L..
#reward=0,0,0,0,0,0,0,2.16739,0,0,
..........
#reward=0,0,0,0,0,0,0,0.00234155,0,0,
..........
#reward=0,0,0,0,0,0,0,4.84699,0,0,
..........
#reward=0,0,0,0,0,0,0,0.929509,0,0,
..........
#reward=0,0,0,0,0,0,0,3.94557,0,0,
..........
#reward=0,0,0,0,0,0,0,2.10365,0,0,
..........
#reward=0,0,0,0,0,0,0,2.2216,0,0,
..........
#reward=0,0,0,0,0,0,0,2.30964,0,0,
..........
#reward=0,0,0,0,0,0,0,3.42833,0,0,
..........
#reward=0,0,0,0,0,0,0,0.156906,0,0,
..........
#reward=0,0,0,0,0,0,0,1.10422,0,0,
.......R..
#reward=0,0,0,0,0,0,0,-0.0405041,0,0,
.......L..
#reward=0,0,0,0,0,0,0,3.90427,0,0,
.......R..
#reward=0,0,0,0,0,0,0,2.32291,0,0,
.......L..
#reward=0,0,0,0,0,0,0,1.20805,0,0,
..........
#reward=0,0,0,0,0,0,0,1.68742,0,0,
..........
#reward=0,0,0,0,0,0,0,0.204369,0,0,
..........
#reward=0,0,0,0,0,0,0,2.43139,0,0,
..........
#reward=0,0,0,0,0,0,0,1.58083,0,0,
..........
#reward=0,0,0,0,0,0,0,3.40417,0,0,
..........
#reward=0,0,0,0,0,0,0,0.762269,0,0,
..........
#reward=0,0,0,0,0,0,0,2.35498,0,0,
..........
#reward=0,0,0,0,0,0,0,1.84695,0,0,
..........
#reward=0,0,0,0,0,0,0,2.26252,0,0,
..........
#reward=0,0,0,0,0,0,0,2.2905,0,0,
..........
#reward=0,0,0,0,0,0,0,1.28431,0,0,
..........
#reward=0,0,0,0,0,0,0,2.50144,0,0,
..........
#reward=0,0,0,0,0,0,0,2.27197,0,0,
.......R..
#reward=0,0,0,0,0,0,0,1.45884,0,0,
.......R..
#reward=0,0,0,0,0,0,0,2.11756,0,0,
.......U..
#reward=0,0,0,0,0,0,0,2.16764,0,0,
.......R..
#reward=0,0,0,0,0,0,0,1.28296,0,0,
.......u..
#reward=0,0,0,0,0,0,0,4.98943,0,0,
..........
#reward=0,0,0,0,0,0,0,0.657578,0,0,
.......R..
#reward=0,0,0,0,0,0,0,0.984354,0,0,
.......R..
#reward=0,0,0,0,0,0,0,1.40289,0,0,
.......L..
#reward=0,0,0,0,0,0,0,1.31559,0,0,
.......R..
#reward=0,0,0,0,0,0,0,1.64813,0,0,
..........
#reward=0,0,0,0,0,0,0,1.99135,0,0,
.......L..
#reward=0,0,0,0,0,0,0,1.6857,0,0,
.......R..
#reward=0,0,0,0,0,0,0,2.74021,0,0,
.......U..
#reward=0,0,0,0,0,0,0,5.2209,0,0,
.......u..
#reward=0,0,0,0,0,0,0,0.3951,0,0,
..........
#reward=0,0,0,0,0,0,0,1.44028,0,0,
..........
#reward=0,0,0,0,0,0,0,2.60687,0,0,
.......D..
#reward=0,0,0,0,0,0,0,2.328,0,0,
..........
#reward=0,0,0,0,0,0,0,3.30536,0,0,
..........
#reward=0,0,0,0,0,0,0,1.24509,0,0,
..........
#reward=0,0,0,0,0,0,0,2.97047,0,0,
..........
#reward=0,0,0,0,0,0,0,1.85304,0,0,
..........
#reward=0,0,0,0,0,0,0,1.56226,0,0,
.......R..
#reward=0,0,0,0,0,0,0,3.64715,0,0,
.......R..
#reward=0,0,0,0,0,0,0,1.98456,0,0,
.......R..
#reward=0,0,0,0,0,0,0,0.483073,0,0,
..........
#reward=0,0,0,0,0,0,0,4.2004,0,0,
..........
#reward=0,0,0,0,0,0,0,3.81592,0,0,
..........
#reward=0,0,0,0,0,0,0,0.24451,0,0,
..........
#reward=0,0,0,0,0,0,0,2.80775,0,0,
..........
#reward=0,0,0,0,0,0,0,1.61225,0,0,
..........
#reward=0,0,0,0,0,0,0,1.76566,0,0,
..........
#reward=0,0,0,0,0,0,0,3.53514,0,0,
..........
#reward=0,0,0,0,0,0,0,-0.0364821,0,0,
..........
#reward=0,0,0,0,0,0,0,4.60171,0,0,
..........
#reward=0,0,0,0,0,0,0,0.54037,0,0,
..........
#reward=0,0,0,0,0,0,0,2.58701,0,0,
..........
#reward=0,0,0,0,0,0,0,0.189135,0,0,
..........
#reward=0,0,0,0,0,0,0,-0.73325,0,0,
..........
#reward=0,0,0,0,0,0,0,1.05081,0,0,
..........
#reward=0,0,0,0,0,0,0,3.69052,0,0,
..........
#reward=0,0,0,0,0,0,0,2.26307,0,0,
..........
#reward=0,0,0,0,0,0,0,1.05072,0,0,
..........
#reward=0,0,0,0,0,0,0,0.840649,0,0,
..........
#reward=0,0,0,0,0,0,0,1.51025,0,0,
..........
#reward=0,0,0,0,0,0,0,2.32686,0,0,
..........
#reward=0,0,0,0,0,0,0,2.02038,0,0,
..........
#reward=0,0,0,0,0,0,0,1.59573,0,0,
..........
#reward=0,0,0,0,0,0,0,2.17396,0,0,
..........
#reward=0,0,0,0,0,0,0,1.99995,0,0,
..........
#reward=0,0,0,0,0,0,0,2.05556,0,0,
..........
#reward=0,0,0,0,0,0,0,2.70173,0,0,
..........
#reward=0,0,0,0,0,0,0,2.02383,0,0,
..........
#reward=0,0,0,0,0,0,0,1.68374,0,0,
..........
#reward=0,0,0,0,0,0,0,2.64807,0,0,
..........
#reward=0,0,0,0,0,0,0,1.23637,0,0,
..........
#reward=0,0,0,0,0,0,0,1.74646,0,0,
..........
#reward=0,0,0,0,0,0,0,2.1904,0,0,
..........
#reward=0,0,0,0,0,0,0,2.86382,0,0,
..........
#reward=0,0,0,0,0,0,0,1.56763,0,0,
..........
#reward=0,0,0,0,0,0,0,3.46544,0,0,
..........
#reward=0,0,0,0,0,0,0,1.85274,0,0,
..........
#reward=0,0,0,0,0,0,0,3.51071,0,0,
..........
#reward=0,0,0,0,0,0,0,1.52226,0,0,
..........
#reward=0,0,0,0,0,0,0,1.24013,0,0,
..........
#reward=0,0,0,0,0,0,0,0.67873,0,0,
..........
#reward=0,0,0,0,0,0,0,2.94204,0,0,
..........
#reward=0,0,0,0,0,0,0,3.18956,0,0,
..........
#reward=0,0,0,0,0,0,0,2.59462,0,0,
..........
#reward=0,0,0,0,0,0,0,1.26406,0,0,
..........
#reward=0,0,0,0,0,0,0,2.84588,0,0,
..........
#reward=0,0,0,0,0,0,0,0.513799,0,0,
..........
#reward=0,0,0,0,0,0,0,4.00024,0,0,
..........
#reward=0,0,0,0,0,0,0,4.57959,0,0,
..........
#reward=0,0,0,0,0,0,0,-0.797622,0,0,
..........
#reward=0,0,0,0,0,0,0,1.57389,0,0,
..........
#reward=0,0,0,0,0,0,0,3.3505,0,0,
..........
#reward=0,0,0,0,0,0,0,1.77706,0,0,
..........
#reward=0,0,0,0,0,0,0,1.39041,0,0,
..........
#reward=0,0,0,0,0,0,0,-0.416549,0,0,
..........
#reward=0,0,0,0,0,0,0,3.44203,0,0,
..........
#reward=0,0,0,0,0,0,0,2.92002,0,0,
..........
#reward=0,0,0,0,0,0,0,3.56878,0,0,
..........
#reward=0,0,0,0,0,0,0,0.860376,0,0,
..........
#reward=0,0,0,0,0,0,0,1.78181,0,0,
..........
#reward=0,0,0,0,0,0,0,0.879006,0,0,
..........
#reward=0,0,0,0,0,0,0,3.0007,0,0,
..........
#reward=0,0,0,0,0,0,0,0.236599,0,0,
..........
#reward=0,0,0,0,0,0,0,2.88428,0,0,
..........
#reward=0,0,0,0,0,0,0,1.66763,0,0,
..........
#reward=0,0,0,0,0,0,0,2.24249,0,0,
..........
#reward=0,0,0,0,0,0,0,1.58314,0,0,
..........
#reward=0,0,0,0,0,0,0,0.693974,0,0,
..........
#reward=0,0,0,0,0,0,0,2.28198,0,0,
..........
#reward=0,0,0,0,0,0,0,1.91014,0,0,
..........
#reward=0,0,0,0,0,0,0,2.04345,0,0,
..........
#reward=0,0,0,0,0,0,0,2.04153,0,0,
..........
#reward=0,0,0,0,0,0,0,2.11759,0,0,
..........
#reward=0,0,0,0,0,0,0,3.54123,0,0,
..........
#reward=0,0,0,0,0,0,0,2.84372,0,0,
..........
#reward=0,0,0,0,0,0,0,1.42438,0,0,
..........
#reward=0,0,0,0,0,0,0,1.79615,0,0,
..........
#reward=0,0,0,0,0,0,0,1.40294,0,0,
..........
#reward=0,0,0,0,0,0,0,1.69702,0,0,
..........
#reward=0,0,0,0,0,0,0,1.93246,0,0,
..........
#reward=0,0,0,0,0,0,0,2.53866,0,0,
..........
#reward=0,0,0,0,0,0,0,1.69916,0,0,
..........
#reward=0,0,0,0,0,0,0,1.35596,0,0,
..........
#reward=0,0,0,0,0,0,0,1.95457,0,0,
..........
#reward=0,0,0,0,0,0,0,2.25554,0,0,
..........
#reward=0,0,0,0,0,0,0,4.41951,0,0,
..........
