#port=14691
#reward=6.67046,6.67046,6.67046,6.67046,6.67046,6.67046,6.67046,6.67046,6.67046,
#reward=2.3891,2.3891,2.3891,2.3891,2.3891,2.3891,2.3891,2.3891,2.3891,
DDllDDruU
#reward=2.12445,2.12445,2.12445,2.12445,2.12445,2.12445,2.12445,2.12445,2.12445,
.rrd.L..d
#reward=1.14856,1.14856,1.14856,1.14856,1.14856,1.14856,1.14856,1.14856,1.14856,
Du.R.d.rl
#reward=1.92319,1.92319,1.92319,1.92319,1.92319,1.92319,1.92319,1.92319,1.92319,
dLDuLU.du
#reward=1.7044,1.7044,1.7044,1.7044,1.7044,1.7044,1.7044,1.7044,-37.7702,
.dR.Uu.Lr
#reward=2.25979,2.25979,2.25979,2.25979,2.25979,2.25979,2.25979,2.25979,0,
LRDRlL.R.
#reward=2.49539,2.49539,2.49539,2.49539,2.49539,2.49539,2.49539,2.49539,0,
.d.d.U...
#reward=2.40243,-38.2298,2.40243,2.40243,2.40243,2.40243,2.40243,-38.2298,0,
rlDlRD.l.
#reward=2.51177,0,2.51177,2.51177,2.51177,2.51177,2.51177,0,0,
..d.rL...
#reward=2.398,0,2.398,2.398,2.398,2.398,2.398,0,0,
D.lRLD...
#reward=1.65854,0,1.65854,1.65854,1.65854,1.65854,1.65854,0,0,
d..L.R...
#reward=1.96506,0,1.96506,1.96506,1.96506,1.96506,1.96506,0,0,
..RruD...
#reward=2.26955,0,2.26955,2.26955,2.26955,2.26955,2.26955,0,0,
u.D.Dl...
#reward=2.00636,0,2.00636,-39.4351,2.00636,2.00636,2.00636,0,0,
L.uuDd...
#reward=3.50688,0,3.50688,0,3.50688,3.50688,3.50688,0,0,
D.R.D....
#reward=2.12242,0,2.12242,0,2.12242,2.12242,2.12242,0,0,
u.d.d....
#reward=2.13542,0,2.13542,0,2.13542,2.13542,2.13542,0,0,
D...L.u..
#reward=1.48938,0,1.48938,0,1.48938,1.48938,1.48938,0,0,
D.u.L....
#reward=2.17865,0,2.17865,0,2.17865,2.17865,2.17865,0,0,
d.L.u....
#reward=1.75054,0,1.75054,0,1.75054,-40.8742,1.75054,0,0,
L.r.du...
#reward=1.91302,0,1.91302,0,1.91302,0,1.91302,0,0,
..D.l....
#reward=2.28868,0,2.28868,0,-40.5378,0,2.28868,0,0,
U.D.r....
#reward=3.79505,0,3.79505,0,0,0,3.79505,0,0,
d.U......
#reward=2.57826,0,2.57826,0,0,0,2.57826,0,0,
U.d......
#reward=1.43698,0,1.43698,0,0,0,1.43698,0,0,
R........
#reward=2.7104,0,-35.0479,0,0,0,2.7104,0,0,
d.l......
#reward=2.43867,0,0,0,0,0,2.43867,0,0,
L.U......
#reward=0.187677,0,0,0,0,0,0.187677,0,0,
R.D......
#reward=2.68249,0,0,0,0,0,2.68249,0,0,
..U......
#reward=1.04214,0,-7.58889,0,0,0,1.04214,0,0,
..d......
#reward=-41.6981,0,0,0,0,0,3.3767,0,0,
l........
#reward=0,0,0,0,0,0,1.78772,0,0,
.........
#reward=0,0,0,0,0,0,0.813295,0,0,
.........
#reward=0,0,0,0,0,0,1.25753,0,0,
.........
#reward=0,0,0,0,0,0,1.65223,0,0,
.........
#reward=0,0,0,0,0,0,1.05195,0,0,
.........
#reward=0,0,0,0,0,0,2.08473,0,0,
.........
#reward=0,0,0,0,0,0,2.0724,0,0,
.........
#reward=0,0,0,0,0,0,3.17056,0,0,
.........
#reward=0,0,0,0,0,0,1.83508,0,0,
.........
#reward=0,0,0,0,0,0,0.709022,0,0,
.........
#reward=0,0,0,0,0,0,1.40719,0,0,
.........
#reward=0,0,0,0,0,0,2.5998,0,0,
.........
#reward=0,0,0,0,0,0,1.45961,0,0,
.........
#reward=0,0,0,0,0,0,2.9575,0,0,
.........
#reward=0,0,0,0,0,0,3.1045,0,0,
.........
#reward=0,0,0,0,0,0,2.46747,0,0,
.........
#reward=0,0,0,0,0,0,0.198339,0,0,
.........
#reward=0,0,0,0,0,0,1.26354,0,0,
.........
#reward=0,0,0,0,0,0,2.48243,0,0,
.........
#reward=0,0,0,0,0,0,2.75043,0,0,
.........
#reward=0,0,0,0,0,0,1.33698,0,0,
.........
#reward=0,0,0,0,0,0,3.41236,0,0,
.........
#reward=0,0,0,0,0,0,0.798542,0,0,
.........
#reward=0,0,0,0,0,0,2.28676,0,0,
.........
#reward=0,0,0,0,0,0,2.07241,0,0,
.........
#reward=0,0,0,0,0,0,2.85117,0,0,
.........
#reward=0,0,0,0,0,0,2.07263,0,0,
.........
#reward=0,0,0,0,0,0,1.88273,0,0,
.........
#reward=0,0,0,0,0,0,2.52651,0,0,
.........
#reward=0,0,0,0,0,0,1.48207,0,0,
.........
#reward=0,0,0,0,0,0,1.61499,0,0,
.........
#reward=0,0,0,0,0,0,1.70131,0,0,
.........
#reward=0,0,0,0,0,0,2.59395,0,0,
.........
#reward=0,0,0,0,0,0,3.70786,0,0,
.........
#reward=0,0,0,0,0,0,1.75154,0,0,
.........
#reward=0,0,0,0,0,0,2.3649,0,0,
.........
#reward=0,0,0,0,0,0,1.64139,0,0,
.........
#reward=0,0,0,0,0,0,2.01643,0,0,
.........
#reward=0,0,0,0,0,0,2.83006,0,0,
.........
#reward=0,0,0,0,0,0,2.40045,0,0,
.........
#reward=0,0,0,0,0,0,0.404553,0,0,
.........
#reward=0,0,0,0,0,0,2.29539,0,0,
.........
#reward=0,0,0,0,0,0,2.82213,0,0,
.........
#reward=0,0,0,0,0,0,3.51511,0,0,
.........
#reward=0,0,0,0,0,0,1.63368,0,0,
.........
#reward=0,0,0,0,0,0,2.54747,0,0,
.........
#reward=0,0,0,0,0,0,2.42367,0,0,
.........
#reward=0,0,0,0,0,0,2.90916,0,0,
.........
#reward=0,0,0,0,0,0,1.04578,0,0,
.........
#reward=0,0,0,0,0,0,3.15828,0,0,
.........
#reward=0,0,0,0,0,0,0.766852,0,0,
.........
#reward=0,0,0,0,0,0,2.59875,0,0,
.........
#reward=0,0,0,0,0,0,2.15954,0,0,
.........
#reward=0,0,0,0,0,0,2.1523,0,0,
.........
#reward=0,0,0,0,0,0,2.96481,0,0,
.........
#reward=0,0,0,0,0,0,2.64552,0,0,
.........
#reward=0,0,0,0,0,0,2.03438,0,0,
.........
#reward=0,0,0,0,0,0,1.27958,0,0,
.........
#reward=0,0,0,0,0,0,3.19051,0,0,
.........
#reward=0,0,0,0,0,0,3.2125,0,0,
.........
#reward=0,0,0,0,0,0,1.06472,0,0,
.........
#reward=0,0,0,0,0,0,2.61763,0,0,
.........
#reward=0,0,0,0,0,0,0.455141,0,0,
.........
#reward=0,0,0,0,0,0,0.618378,0,0,
.........
#reward=0,0,0,0,0,0,3.12652,0,0,
.........
#reward=0,0,0,0,0,0,0.418624,0,0,
.........
#reward=0,0,0,0,0,0,2.22775,0,0,
.........
#reward=0,0,0,0,0,0,1.41068,0,0,
.........
#reward=0,0,0,0,0,0,0.811536,0,0,
.........
#reward=0,0,0,0,0,0,2.47382,0,0,
.........
#reward=0,0,0,0,0,0,2.58198,0,0,
.........
#reward=0,0,0,0,0,0,2.47879,0,0,
.........
#reward=0,0,0,0,0,0,1.77834,0,0,
.........
#reward=0,0,0,0,0,0,2.2874,0,0,
.........
#reward=0,0,0,0,0,0,2.89376,0,0,
.........
#reward=0,0,0,0,0,0,1.69339,0,0,
.........
#reward=0,0,0,0,0,0,2.59139,0,0,
.........
#reward=0,0,0,0,0,0,2.09478,0,0,
.........
#reward=0,0,0,0,0,0,0.863952,0,0,
.........
#reward=0,0,0,0,0,0,2.48921,0,0,
.........
#reward=0,0,0,0,0,0,1.43599,0,0,
.........
#reward=0,0,0,0,0,0,1.49451,0,0,
.........
#reward=0,0,0,0,0,0,2.24482,0,0,
.........
#reward=0,0,0,0,0,0,1.4073,0,0,
.........
#reward=0,0,0,0,0,0,2.17073,0,0,
.........
#reward=0,0,0,0,0,0,1.04947,0,0,
.........
#reward=0,0,0,0,0,0,1.43876,0,0,
.........
#reward=0,0,0,0,0,0,1.60383,0,0,
.........
#reward=0,0,0,0,0,0,3.41403,0,0,
.........
#reward=0,0,0,0,0,0,2.50696,0,0,
.........
#reward=0,0,0,0,0,0,0.610689,0,0,
.........
#reward=0,0,0,0,0,0,4.64802,0,0,
.........
#reward=0,0,0,0,0,0,2.31512,0,0,
.........
#reward=0,0,0,0,0,0,0.796853,0,0,
.........
#reward=0,0,0,0,0,0,1.90395,0,0,
.........
#reward=0,0,0,0,0,0,1.90321,0,0,
.........
#reward=0,0,0,0,0,0,2.02965,0,0,
.........
#reward=0,0,0,0,0,0,2.18399,0,0,
.........
#reward=0,0,0,0,0,0,2.20447,0,0,
.........
#reward=0,0,0,0,0,0,2.19022,0,0,
.........
#reward=0,0,0,0,0,0,2.61328,0,0,
.........
#reward=0,0,0,0,0,0,2.97215,0,0,
.........
#reward=0,0,0,0,0,0,0.9291,0,0,
.........
#reward=0,0,0,0,0,0,3.14414,0,0,
.........
#reward=0,0,0,0,0,0,2.31252,0,0,
.........
#reward=0,0,0,0,0,0,2.17018,0,0,
.........
#reward=0,0,0,0,0,0,1.77826,0,0,
.........
#reward=0,0,0,0,0,0,2.83559,0,0,
.........
#reward=0,0,0,0,0,0,4.02521,0,0,
.........
#reward=0,0,0,0,0,0,0.385125,0,0,
.........
#reward=0,0,0,0,0,0,0.340815,0,0,
.........
#reward=0,0,0,0,0,0,2.55159,0,0,
.........
#reward=0,0,0,0,0,0,1.0071,0,0,
.........
#reward=0,0,0,0,0,0,2.83668,0,0,
.........
#reward=0,0,0,0,0,0,2.11903,0,0,
.........
#reward=0,0,0,0,0,0,1.78123,0,0,
.........
#reward=0,0,0,0,0,0,1.1912,0,0,
.........
#reward=0,0,0,0,0,0,2.14903,0,0,
.........
#reward=0,0,0,0,0,0,0.439205,0,0,
.........
#reward=0,0,0,0,0,0,2.54642,0,0,
.........
#reward=0,0,0,0,0,0,0.211258,0,0,
.........
#reward=0,0,0,0,0,0,0.950904,0,0,
.........
#reward=0,0,0,0,0,0,3.23312,0,0,
.........
#reward=0,0,0,0,0,0,1.42656,0,0,
.........
#reward=0,0,0,0,0,0,3.74047,0,0,
.........
#reward=0,0,0,0,0,0,2.46295,0,0,
.........
#reward=0,0,0,0,0,0,1.74098,0,0,
.........
#reward=0,0,0,0,0,0,3.25993,0,0,
.........
#reward=0,0,0,0,0,0,-1.06447,0,0,
.........
#reward=0,0,0,0,0,0,3.48128,0,0,
.........
#reward=0,0,0,0,0,0,1.90263,0,0,
.........
#reward=0,0,0,0,0,0,2.50293,0,0,
.........
#reward=0,0,0,0,0,0,1.5959,0,0,
.........
#reward=0,0,0,0,0,0,0.669744,0,0,
.........
#reward=0,0,0,0,0,0,2.00528,0,0,
.........
#reward=0,0,0,0,0,0,1.97438,0,0,
.........
#reward=0,0,0,0,0,0,2.20397,0,0,
.........
#reward=0,0,0,0,0,0,1.84354,0,0,
.........
#reward=0,0,0,0,0,0,1.32939,0,0,
.........
#reward=0,0,0,0,0,0,2.30434,0,0,
.........
#reward=0,0,0,0,0,0,1.24406,0,0,
.........
#reward=0,0,0,0,0,0,2.74717,0,0,
.........
#reward=0,0,0,0,0,0,2.51597,0,0,
.........
#reward=0,0,0,0,0,0,2.65162,0,0,
.........
#reward=0,0,0,0,0,0,0.928708,0,0,
.........
#reward=0,0,0,0,0,0,1.37066,0,0,
.........
#reward=0,0,0,0,0,0,3.4861,0,0,
.........
#reward=0,0,0,0,0,0,2.17448,0,0,
.........
#reward=0,0,0,0,0,0,2.62776,0,0,
.........
#reward=0,0,0,0,0,0,2.30475,0,0,
.........
#reward=0,0,0,0,0,0,2.09955,0,0,
.........
#reward=0,0,0,0,0,0,3.53481,0,0,
.........
#reward=0,0,0,0,0,0,0.751631,0,0,
.........
#reward=0,0,0,0,0,0,0.666555,0,0,
.........
#reward=0,0,0,0,0,0,3.01122,0,0,
.........
#reward=0,0,0,0,0,0,1.44792,0,0,
.........
#reward=0,0,0,0,0,0,2.35145,0,0,
.........
#reward=0,0,0,0,0,0,1.3197,0,0,
.........
#reward=0,0,0,0,0,0,2.42542,0,0,
.........
#reward=0,0,0,0,0,0,0.896552,0,0,
.........
#reward=0,0,0,0,0,0,2.57846,0,0,
.........
#reward=0,0,0,0,0,0,1.32891,0,0,
.........
#reward=0,0,0,0,0,0,2.21534,0,0,
.........
#reward=0,0,0,0,0,0,1.55692,0,0,
.........
#reward=0,0,0,0,0,0,1.72674,0,0,
.........
#reward=0,0,0,0,0,0,3.05942,0,0,
.........
#reward=0,0,0,0,0,0,2.91534,0,0,
.........
#reward=0,0,0,0,0,0,2.05774,0,0,
.........
#reward=0,0,0,0,0,0,-0.471518,0,0,
.........
#reward=0,0,0,0,0,0,3.37574,0,0,
.........
#reward=0,0,0,0,0,0,0.981218,0,0,
.........
#reward=0,0,0,0,0,0,3.87217,0,0,
.........
#reward=0,0,0,0,0,0,2.53237,0,0,
.........
#reward=0,0,0,0,0,0,2.06668,0,0,
.........
#reward=0,0,0,0,0,0,3.07963,0,0,
.........
#reward=0,0,0,0,0,0,0.0630446,0,0,
.........
#reward=0,0,0,0,0,0,1.88407,0,0,
.........
#reward=0,0,0,0,0,0,1.57951,0,0,
.........
#reward=0,0,0,0,0,0,2.54735,0,0,
.........
#reward=0,0,0,0,0,0,1.35949,0,0,
.........
#reward=0,0,0,0,0,0,1.21746,0,0,
.........
#reward=0,0,0,0,0,0,3.60634,0,0,
.........
#reward=0,0,0,0,0,0,3.10347,0,0,
.........
#reward=0,0,0,0,0,0,0.567839,0,0,
.........
#reward=0,0,0,0,0,0,2.66828,0,0,
.........
#reward=0,0,0,0,0,0,3.30452,0,0,
.........
#reward=0,0,0,0,0,0,1.78888,0,0,
.........
#reward=0,0,0,0,0,0,2.08818,0,0,
.........
#reward=0,0,0,0,0,0,0.884387,0,0,
.........
#reward=0,0,0,0,0,0,1.04148,0,0,
.........
#reward=0,0,0,0,0,0,2.94497,0,0,
.........
#reward=0,0,0,0,0,0,0.00383321,0,0,
.........
#reward=0,0,0,0,0,0,0.708424,0,0,
.........
#reward=0,0,0,0,0,0,3.53731,0,0,
.........
#reward=0,0,0,0,0,0,1.16218,0,0,
.........
#reward=0,0,0,0,0,0,1.34145,0,0,
.........
#reward=0,0,0,0,0,0,2.99069,0,0,
.........
#reward=0,0,0,0,0,0,2.6878,0,0,
.........
#reward=0,0,0,0,0,0,1.31319,0,0,
.........
#reward=0,0,0,0,0,0,2.62869,0,0,
.........
#reward=0,0,0,0,0,0,1.5092,0,0,
.........
#reward=0,0,0,0,0,0,2.00541,0,0,
.........
#reward=0,0,0,0,0,0,3.21288,0,0,
.........
#reward=0,0,0,0,0,0,0.921347,0,0,
.........
#reward=0,0,0,0,0,0,2.83599,0,0,
.........
#reward=0,0,0,0,0,0,1.61752,0,0,
.........
#reward=0,0,0,0,0,0,1.63951,0,0,
.........
#reward=0,0,0,0,0,0,1.3557,0,0,
.........
#reward=0,0,0,0,0,0,2.89002,0,0,
.........
#reward=0,0,0,0,0,0,1.71598,0,0,
.........
#reward=0,0,0,0,0,0,2.76859,0,0,
.........
#reward=0,0,0,0,0,0,2.6391,0,0,
.........
#reward=0,0,0,0,0,0,3.09185,0,0,
.........
#reward=0,0,0,0,0,0,2.19745,0,0,
.........
#reward=0,0,0,0,0,0,2.07587,0,0,
.........
#reward=0,0,0,0,0,0,0.582928,0,0,
.........
#reward=0,0,0,0,0,0,3.43852,0,0,
.........
#reward=0,0,0,0,0,0,1.73179,0,0,
.........
#reward=0,0,0,0,0,0,2.15824,0,0,
.........
#reward=0,0,0,0,0,0,5.00371,0,0,
.........
#reward=0,0,0,0,0,0,2.10489,0,0,
.........
#reward=0,0,0,0,0,0,0.450882,0,0,
.........
#reward=0,0,0,0,0,0,3.15593,0,0,
.........
#reward=0,0,0,0,0,0,0.974256,0,0,
.........
#reward=0,0,0,0,0,0,3.4433,0,0,
.........
#reward=0,0,0,0,0,0,0.390913,0,0,
.........
#reward=0,0,0,0,0,0,2.12854,0,0,
.........
#reward=0,0,0,0,0,0,1.77541,0,0,
.........
#reward=0,0,0,0,0,0,2.54429,0,0,
.........
#reward=0,0,0,0,0,0,1.407,0,0,
.........
#reward=0,0,0,0,0,0,1.05624,0,0,
.........
#reward=0,0,0,0,0,0,1.31654,0,0,
.........
#reward=0,0,0,0,0,0,2.03061,0,0,
.........
#reward=0,0,0,0,0,0,0.896479,0,0,
.........
#reward=0,0,0,0,0,0,4.27662,0,0,
.........
#reward=0,0,0,0,0,0,2.51258,0,0,
.........
#reward=0,0,0,0,0,0,0.981426,0,0,
.........
#reward=0,0,0,0,0,0,0.386936,0,0,
.........
#reward=0,0,0,0,0,0,3.77323,0,0,
.........
#reward=0,0,0,0,0,0,-0.125065,0,0,
.........
#reward=0,0,0,0,0,0,1.17834,0,0,
.........
#reward=0,0,0,0,0,0,3.57361,0,0,
.........
#reward=0,0,0,0,0,0,1.87508,0,0,
.........
#reward=0,0,0,0,0,0,1.54107,0,0,
.........
#reward=0,0,0,0,0,0,2.5935,0,0,
.........
#reward=0,0,0,0,0,0,1.82488,0,0,
.........
#reward=0,0,0,0,0,0,0.956138,0,0,
.........
#reward=0,0,0,0,0,0,5.73549,0,0,
.........
#reward=0,0,0,0,0,0,2.90249,0,0,
.........
#reward=0,0,0,0,0,0,0.613871,0,0,
.........
#reward=0,0,0,0,0,0,1.51036,0,0,
.........
#reward=0,0,0,0,0,0,2.75754,0,0,
.........
#reward=0,0,0,0,0,0,0.798024,0,0,
.........
#reward=0,0,0,0,0,0,0.574265,0,0,
.........
#reward=0,0,0,0,0,0,2.99424,0,0,
.........
#reward=0,0,0,0,0,0,1.47009,0,0,
.........
#reward=0,0,0,0,0,0,2.2959,0,0,
.........
#reward=0,0,0,0,0,0,2.22478,0,0,
.........
#reward=0,0,0,0,0,0,1.87089,0,0,
.........
#reward=0,0,0,0,0,0,0.455278,0,0,
.........
#reward=0,0,0,0,0,0,2.09962,0,0,
.........
#reward=0,0,0,0,0,0,1.13774,0,0,
.........
#reward=0,0,0,0,0,0,2.82369,0,0,
.........
#reward=0,0,0,0,0,0,1.65359,0,0,
.........
#reward=0,0,0,0,0,0,1.85944,0,0,
.........
#reward=0,0,0,0,0,0,2.4428,0,0,
.........
#reward=0,0,0,0,0,0,1.01786,0,0,
.........
#reward=0,0,0,0,0,0,1.78749,0,0,
.........
#reward=0,0,0,0,0,0,3.14768,0,0,
.........
