#port=42525
#reward=6.66403,6.66403,6.66403,6.66403,6.66403,6.66403,6.66403,6.66403,6.66403,
#reward=2.46562,2.46562,2.46562,2.46562,2.46562,2.46562,2.46562,2.46562,2.46562,
ruurrlDUu
#reward=1.87486,1.87486,1.87486,1.87486,1.87486,1.87486,1.87486,1.87486,1.87486,
urrDLuDrr
#reward=1.79513,1.79513,1.79513,1.79513,1.79513,1.79513,1.79513,1.79513,1.79513,
...LrDUu.
#reward=2.66767,2.66767,2.66767,2.66767,2.66767,2.66767,2.66767,2.66767,2.66767,
L.DrLUr.D
#reward=1.53528,1.53528,1.53528,1.53528,1.53528,1.53528,1.53528,1.53528,1.53528,
DDlDU.u.l
#reward=2.26377,2.26377,2.26377,2.26377,2.26377,2.26377,2.26377,2.26377,2.26377,
D.D.D..LD
#reward=3.07457,3.07457,3.07457,3.07457,3.07457,3.07457,3.07457,3.07457,3.07457,
uUDl.DD.u
#reward=1.16088,1.16088,1.16088,1.16088,1.16088,1.16088,1.16088,1.16088,1.16088,
Rl.D.uRrr
#reward=2.929,2.929,2.929,2.929,2.929,2.929,2.929,2.929,2.929,
r.r.r.R.D
#reward=1.73673,1.73673,1.73673,1.73673,1.73673,1.73673,1.73673,1.73673,1.73673,
D.lDurLLl
#reward=2.67551,2.67551,2.67551,2.67551,2.67551,2.67551,2.67551,2.67551,2.67551,
UD..LLRDu
#reward=3.15439,3.15439,3.15439,3.15439,3.15439,3.15439,3.15439,3.15439,3.15439,
uu.D..ULR
#reward=2.95986,2.95986,2.95986,2.95986,2.95986,2.95986,2.95986,2.95986,2.95986,
..uru.uLr
#reward=1.12899,1.12899,1.12899,1.12899,1.12899,1.12899,1.12899,1.12899,1.12899,
DR.UR.RUL
#reward=1.99595,1.99595,1.99595,1.99595,1.99595,1.99595,1.99595,1.99595,1.99595,
D.Du.DruD
#reward=4.81122,4.81122,4.81122,4.81122,4.81122,4.81122,4.81122,4.81122,4.81122,
rLr..D.LL
#reward=1.77732,1.77732,1.77732,1.77732,1.77732,1.77732,1.77732,1.77732,1.77732,
.L.lDDURR
#reward=2.35938,2.35938,2.35938,2.35938,2.35938,2.35938,2.35938,2.35938,2.35938,
D.Lr..D.U
