#port=47014
#reward=7.51892,7.51892,7.51892,7.51892,7.51892,7.51892,
#reward=2.01307,2.01307,2.01307,2.01307,2.01307,2.01307,
lRlrrU
#reward=2.50381,2.50381,2.50381,2.50381,2.50381,2.50381,
U.RD.r
#reward=3.00071,3.00071,3.00071,3.00071,3.00071,3.00071,
rl.LDl
#reward=1.01305,1.01305,1.01305,1.01305,1.01305,1.01305,
lRDlDD
#reward=3.7302,3.7302,3.7302,3.7302,3.7302,3.7302,
..rurD
#reward=0.585916,0.585916,0.585916,0.585916,0.585916,0.585916,
Dl.r.r
#reward=1.89533,1.89533,1.89533,1.89533,1.89533,1.89533,
D..D.U
#reward=2.30219,2.30219,2.30219,2.30219,2.30219,2.30219,
DU.Dul
#reward=0.781587,0.781587,0.781587,0.781587,0.781587,0.781587,
lUUrLU
#reward=2.76919,2.76919,2.76919,2.76919,2.76919,2.76919,
UrUDlD
#reward=1.42676,1.42676,1.42676,1.42676,1.42676,1.42676,
DDUrU.
#reward=2.72986,2.72986,2.72986,2.72986,2.72986,2.72986,
URlLLU
#reward=4.52807,4.52807,4.52807,4.52807,4.52807,4.52807,
R.UUUU
#reward=0.730469,0.730469,0.730469,0.730469,0.730469,0.730469,
.llLrr
#reward=2.23721,2.23721,2.23721,2.23721,2.23721,2.23721,
L..uU.
#reward=1.17009,1.17009,1.17009,1.17009,1.17009,1.17009,
RRDrD.
#reward=2.92998,2.92998,2.92998,2.92998,2.92998,2.92998,
uD...L
#reward=1.14688,1.14688,1.14688,1.14688,1.14688,1.14688,
R.DDll
#reward=2.46281,2.46281,2.46281,2.46281,2.46281,2.46281,
.UUL.R
#reward=1.23326,1.23326,1.23326,1.23326,1.23326,1.23326,
.UUL.l
#reward=2.68716,2.68716,2.68716,2.68716,2.68716,2.68716,
RrUrUD
#reward=1.61888,1.61888,1.61888,1.61888,1.61888,1.61888,
DUR...
#reward=-0.208168,-0.208168,-0.208168,-0.208168,-0.208168,-0.208168,
.R.L.D
#reward=2.0648,2.0648,2.0648,2.0648,2.0648,2.0648,
UUlRLR
#reward=2.82978,2.82978,2.82978,2.82978,2.82978,2.82978,
LDuUUl
#reward=4.5586,4.5586,4.5586,4.5586,4.5586,4.5586,
R..LlR
#reward=2.21908,2.21908,2.21908,2.21908,2.21908,2.21908,
D.r.Rr
#reward=2.27254,2.27254,2.27254,2.27254,2.27254,2.27254,
..D.rL
#reward=1.73397,1.73397,1.73397,1.73397,1.73397,1.73397,
D..uL.
#reward=4.1132,4.1132,4.1132,4.1132,4.1132,4.1132,
RUL.DR
#reward=1.08074,1.08074,1.08074,1.08074,1.08074,1.08074,
LDRrLu
#reward=3.14348,3.14348,3.14348,3.14348,3.14348,3.14348,
uL..DL
#reward=2.3753,2.3753,2.3753,2.3753,2.3753,2.3753,
RLR.UR
#reward=3.24021,3.24021,3.24021,3.24021,3.24021,3.24021,
UuDDLL
#reward=0.338333,0.338333,0.338333,0.338333,0.338333,0.338333,
RRlDrR
#reward=1.16177,1.16177,1.16177,1.16177,1.16177,1.16177,
.rU.l.
#reward=0.0397571,0.0397571,0.0397571,0.0397571,0.0397571,0.0397571,
...u..
#reward=4.04349,4.04349,4.04349,4.04349,4.04349,4.04349,
RLDRUL
#reward=2.2216,2.2216,2.2216,2.2216,2.2216,2.2216,
U.ru..
#reward=0.465279,0.465279,0.465279,0.465279,0.465279,0.465279,
DL.R..
#reward=2.04964,2.04964,2.04964,2.04964,2.04964,2.04964,
DU....
#reward=4.52437,4.52437,4.52437,4.52437,4.52437,4.52437,
.UDDDR
#reward=2.9926,2.9926,2.9926,2.9926,2.9926,2.9926,
UL.U..
#reward=3.33325,3.33325,3.33325,3.33325,3.33325,3.33325,
URUDUD
#reward=2.40582,2.40582,2.40582,2.40582,2.40582,2.40582,
UL.DDD
#reward=-0.609888,-0.609888,-0.609888,-0.609888,-0.609888,-0.609888,
.UDr.U
#reward=2.07376,2.07376,2.07376,2.07376,2.07376,2.07376,
D....u
#reward=2.64479,2.64479,2.64479,2.64479,2.64479,2.64479,
LDDD..
