#port=10402
#reward=6.49819,6.49819,6.49819,6.49819,6.49819,6.49819,6.49819,6.49819,6.49819,6.49819,
#reward=2.31136,2.31136,2.31136,2.31136,2.31136,2.31136,2.31136,2.31136,2.31136,2.31136,
RDrrrlr.Ur
#reward=0.818885,0.818885,0.818885,0.818885,0.818885,0.818885,0.818885,0.818885,0.818885,0.818885,
U..L..U...
#reward=1.77901,1.77901,1.77901,1.77901,1.77901,1.77901,1.77901,1.77901,1.77901,1.77901,
UR.lL..l.u
#reward=1.01861,1.01861,1.01861,1.01861,1.01861,1.01861,1.01861,1.01861,1.01861,1.01861,
L..DDU.Ur.
#reward=1.24951,1.24951,1.24951,1.24951,1.24951,1.24951,1.24951,1.24951,1.24951,1.24951,
R..LDDu.lL
#reward=1.69045,1.69045,1.69045,1.69045,1.69045,1.69045,1.69045,1.69045,1.69045,1.69045,
..DDDU...U
#reward=1.64469,1.64469,1.64469,1.64469,1.64469,1.64469,1.64469,1.64469,1.64469,1.64469,
.DlRDL.UDU
#reward=2.36473,2.36473,2.36473,2.36473,2.36473,2.36473,2.36473,2.36473,2.36473,2.36473,
.U.UDLRlDr
#reward=3.06377,3.06377,3.06377,3.06377,3.06377,3.06377,3.06377,3.06377,3.06377,3.06377,
.DUurrRRRu
#reward=1.58473,1.58473,1.58473,1.58473,1.58473,1.58473,1.58473,1.58473,1.58473,1.58473,
.LUlLD.UrD
#reward=3.03186,3.03186,3.03186,3.03186,3.03186,3.03186,3.03186,3.03186,3.03186,3.03186,
..urLLULLL
#reward=1.97988,1.97988,1.97988,1.97988,1.97988,1.97988,1.97988,1.97988,1.97988,1.97988,
RlLDD.RlD.
#reward=2.47703,2.47703,2.47703,2.47703,2.47703,2.47703,2.47703,2.47703,2.47703,2.47703,
.U.Ll...rl
#reward=2.91347,2.91347,2.91347,2.91347,2.91347,2.91347,2.91347,2.91347,2.91347,2.91347,
RrDRr....R
#reward=2.2724,2.2724,2.2724,2.2724,2.2724,2.2724,2.2724,2.2724,2.2724,2.2724,
lLUuUuLULL
#reward=2.20746,2.20746,2.20746,2.20746,2.20746,2.20746,2.20746,2.20746,2.20746,2.20746,
.RRDr.URRD
#reward=2.24998,2.24998,2.24998,2.24998,2.24998,2.24998,2.24998,2.24998,2.24998,2.24998,
Du.LULLu.R
#reward=3.05158,3.05158,3.05158,3.05158,3.05158,3.05158,3.05158,3.05158,3.05158,3.05158,
U.RD.r.r.l
#reward=2.34603,2.34603,2.34603,2.34603,2.34603,2.34603,2.34603,2.34603,2.34603,2.34603,
..UUlUD...
#reward=2.07284,2.07284,2.07284,2.07284,2.07284,2.07284,2.07284,2.07284,2.07284,2.07284,
DDDUuLrDlD
#reward=1.91403,1.91403,1.91403,1.91403,1.91403,1.91403,1.91403,1.91403,1.91403,1.91403,
U.rDRlDRDU
#reward=2.09115,2.09115,2.09115,2.09115,2.09115,2.09115,2.09115,2.09115,2.09115,2.09115,
DU.RURL.LD
#reward=3.10346,3.10346,3.10346,3.10346,3.10346,3.10346,3.10346,3.10346,3.10346,3.10346,
L.llDDRLLU
#reward=0.223864,0.223864,0.223864,0.223864,0.223864,0.223864,0.223864,0.223864,0.223864,0.223864,
....RURlR.
#reward=2.90234,2.90234,2.90234,2.90234,2.90234,2.90234,2.90234,2.90234,2.90234,2.90234,
R..D.U.RR.
#reward=1.29933,1.29933,1.29933,1.29933,1.29933,1.29933,1.29933,1.29933,1.29933,1.29933,
L.ULullrD.
#reward=2.76796,2.76796,2.76796,2.76796,2.76796,2.76796,2.76796,2.76796,2.76796,2.76796,
.DRDD.DDu.
#reward=1.79117,1.79117,1.79117,1.79117,1.79117,1.79117,1.79117,1.79117,1.79117,1.79117,
RU.DUU..r.
#reward=3.49752,3.49752,3.49752,3.49752,3.49752,3.49752,3.49752,3.49752,3.49752,3.49752,
.D..l.RlL.
#reward=0.934458,0.934458,0.934458,0.934458,0.934458,0.934458,0.934458,0.934458,0.934458,0.934458,
DU.DRDL.L.
#reward=1.6366,1.6366,1.6366,1.6366,1.6366,1.6366,1.6366,1.6366,1.6366,1.6366,
LDu.UURUR.
#reward=3.37404,3.37404,3.37404,3.37404,3.37404,3.37404,3.37404,3.37404,3.37404,3.37404,
R..UR.D.D.
#reward=-0.0348272,-0.0348272,-0.0348272,-0.0348272,-0.0348272,-0.0348272,-0.0348272,-0.0348272,-0.0348272,-0.0348272,
LDLuRu..R.
#reward=4.42168,4.42168,4.42168,4.42168,4.42168,4.42168,4.42168,4.42168,4.42168,4.42168,
ULDDRRDDU.
#reward=3.69662,3.69662,3.69662,3.69662,3.69662,3.69662,3.69662,3.69662,3.69662,3.69662,
Rl.DrLUUL.
#reward=2.13685,2.13685,2.13685,2.13685,2.13685,2.13685,2.13685,2.13685,2.13685,2.13685,
U.UUURDDU.
#reward=1.36548,1.36548,1.36548,1.36548,1.36548,1.36548,1.36548,1.36548,1.36548,1.36548,
D.UD.lU.l.
#reward=3.77353,3.77353,3.77353,3.77353,3.77353,3.77353,3.77353,3.77353,3.77353,3.77353,
D.D.r.u.DD
#reward=2.05684,2.05684,2.05684,2.05684,2.05684,2.05684,2.05684,2.05684,2.05684,2.05684,
.DRUDUD.UR
#reward=-0.263301,-0.263301,-0.263301,-0.263301,-0.263301,-0.263301,-0.263301,-0.263301,-0.263301,-0.263301,
UU.D.RUU.R
#reward=3.01559,3.01559,3.01559,3.01559,3.01559,3.01559,3.01559,3.01559,3.01559,3.01559,
UR.UDL.L.L
#reward=2.60572,2.60572,2.60572,2.60572,2.60572,2.60572,2.60572,2.60572,2.60572,2.60572,
DrrUuRDU.R
#reward=0.277515,0.277515,0.277515,0.277515,0.277515,0.277515,0.277515,0.277515,0.277515,0.277515,
.u.Dr...DD
#reward=2.22686,2.22686,2.22686,2.22686,2.22686,2.22686,2.22686,2.22686,2.22686,2.22686,
.DLULlL.Lu
#reward=1.97918,1.97918,1.97918,1.97918,1.97918,1.97918,1.97918,1.97918,1.97918,1.97918,
UlU.uDR.RD
#reward=1.58809,1.58809,1.58809,1.58809,1.58809,1.58809,1.58809,1.58809,1.58809,1.58809,
DDUDlUU.Ur
#reward=1.96679,1.96679,1.96679,1.96679,1.96679,1.96679,1.96679,1.96679,1.96679,1.96679,
LUU......L
#reward=3.03246,3.03246,3.03246,3.03246,3.03246,3.03246,3.03246,3.03246,3.03246,3.03246,
.URu.DDDD.
#reward=1.2022,1.2022,1.2022,1.2022,1.2022,1.2022,1.2022,1.2022,1.2022,1.2022,
.DL.DLUR.r
#reward=0.853021,0.853021,0.853021,0.853021,0.853021,0.853021,0.853021,0.853021,0.853021,0.853021,
LUL.RRDLLD
#reward=2.20677,2.20677,2.20677,2.20677,2.20677,2.20677,2.20677,2.20677,2.20677,2.20677,
RLU.LuLURl
#reward=1.8488,1.8488,1.8488,1.8488,1.8488,1.8488,1.8488,1.8488,1.8488,1.8488,
R.L..RR.D.
#reward=0.325571,0.325571,0.325571,0.325571,0.325571,0.325571,0.325571,0.325571,0.325571,0.325571,
L.RDDRU.LU
#reward=2.76815,2.76815,2.76815,2.76815,2.76815,2.76815,2.76815,2.76815,2.76815,2.76815,
RR.UuUDDu.
#reward=4.82741,4.82741,-24.8897,4.82741,4.82741,4.82741,4.82741,4.82741,-24.8897,4.82741,
DLL.rDUUrL
#reward=1.79494,1.79494,0,1.79494,1.79494,1.79494,1.79494,1.79494,0,1.79494,
..R.DD.DLU
#reward=1.88234,1.88234,0,1.88234,1.88234,1.88234,1.88234,1.88234,0,1.88234,
.RDDLUDUU.
#reward=2.72098,2.72098,0,2.72098,2.72098,2.72098,2.72098,2.72098,0,2.72098,
UDD.RL.DU.
#reward=3.29573,3.29573,0,3.29573,3.29573,3.29573,3.29573,3.29573,0,3.29573,
UUR.DR.RDD
#reward=1.68263,1.68263,0,1.68263,1.68263,1.68263,1.68263,1.68263,0,1.68263,
DD.RU.D.DR
#reward=3.46688,3.46688,0,3.46688,3.46688,3.46688,3.46688,3.46688,0,3.46688,
DR....DDR.
#reward=1.99128,1.99128,0,1.99128,1.99128,1.99128,1.99128,1.99128,0,1.99128,
LDDLRLD...
#reward=1.05523,1.05523,0,1.05523,1.05523,1.05523,1.05523,1.05523,0,1.05523,
.DDRL.U..D
#reward=2.71453,2.71453,0,2.71453,2.71453,2.71453,2.71453,2.71453,0,2.71453,
.UR.LR.U.D
#reward=2.07484,2.07484,0,2.07484,2.07484,2.07484,2.07484,2.07484,0,2.07484,
R.L.lD..LL
#reward=2.0726,2.0726,0,2.0726,2.0726,2.0726,2.0726,2.0726,0,2.0726,
LRD.UDU.RD
#reward=2.74988,2.74988,0,2.74988,2.74988,2.74988,2.74988,2.74988,0,2.74988,
.RU.LDDDDr
#reward=6.36075,6.36075,0,6.36075,6.36075,6.36075,6.36075,6.36075,0,6.36075,
UrR.RU.UDl
#reward=2.44808,2.44808,0,2.44808,2.44808,2.44808,2.44808,2.44808,0,2.44808,
LL.D.DD.RU
#reward=1.36362,1.36362,0,1.36362,1.36362,1.36362,1.36362,1.36362,0,1.36362,
.L..RU.D.l
#reward=1.11991,1.11991,0,1.11991,1.11991,1.11991,1.11991,1.11991,0,1.11991,
RD.UDDUU.R
#reward=2.3452,2.3452,0,2.3452,2.3452,2.3452,2.3452,2.3452,0,2.3452,
RL.LLU.DLU
#reward=2.06074,2.06074,0,2.06074,2.06074,2.06074,2.06074,2.06074,0,2.06074,
L.LUuUD.RD
#reward=3.14843,3.14843,0,3.14843,3.14843,3.14843,3.14843,3.14843,0,3.14843,
.R..DL.ULu
#reward=0.635157,0.635157,0,0.635157,0.635157,0.635157,0.635157,0.635157,0,0.635157,
LLR.DUULUR
#reward=0.78472,0.78472,0,0.78472,0.78472,0.78472,0.78472,0.78472,0,0.78472,
R...U.DRD.
#reward=2.14408,2.14408,0,2.14408,2.14408,2.14408,2.14408,2.14408,0,2.14408,
LR..LD.LDL
#reward=1.34222,1.34222,0,1.34222,1.34222,1.34222,1.34222,1.34222,0,1.34222,
....LRU..R
#reward=0.273614,0.273614,0,0.273614,0.273614,0.273614,0.273614,0.273614,0,0.273614,
L..DL.U..R
#reward=2.65021,2.65021,0,2.65021,2.65021,2.65021,2.65021,2.65021,0,2.65021,
RLL..UUR..
#reward=1.83546,1.83546,0,1.83546,1.83546,1.83546,1.83546,1.83546,0,1.83546,
RDUR.L..UL
#reward=2.00399,2.00399,0,2.00399,2.00399,2.00399,2.00399,2.00399,0,2.00399,
LD.LLRDLRL
#reward=0.819892,0.819892,0,0.819892,0.819892,0.819892,0.819892,0.819892,0,0.819892,
RlDRL.LU..
#reward=1.98558,1.98558,0,1.98558,1.98558,1.98558,1.98558,1.98558,0,1.98558,
R.R.L.....
#reward=0.717759,0.717759,0,0.717759,0.717759,0.717759,0.717759,0.717759,0,0.717759,
.U..u..L.L
#reward=1.12272,1.12272,0,1.12272,1.12272,1.12272,1.12272,1.12272,0,1.12272,
.D...UUULD
#reward=2.15419,2.15419,0,2.15419,2.15419,2.15419,2.15419,2.15419,0,2.15419,
UD..r.LURU
#reward=2.23042,2.23042,0,2.23042,2.23042,2.23042,2.23042,2.23042,0,2.23042,
.R.LD.R...
#reward=2.39591,2.39591,0,2.39591,2.39591,2.39591,2.39591,2.39591,0,2.39591,
DU.UuDRl.R
#reward=2.51016,2.51016,0,2.51016,2.51016,2.51016,2.51016,2.51016,0,2.51016,
.R..l.DuLL
#reward=1.79994,1.79994,0,1.79994,1.79994,1.79994,1.79994,1.79994,0,1.79994,
.RLDD..DRR
#reward=0.999196,0.999196,0,0.999196,0.999196,0.999196,0.999196,0.999196,0,0.999196,
DRUUrUDUL.
#reward=2.12908,2.12908,0,2.12908,2.12908,2.12908,2.12908,2.12908,0,2.12908,
LL..L...RL
#reward=2.24767,2.24767,0,2.24767,2.24767,2.24767,2.24767,2.24767,0,2.24767,
URU..DDrLR
#reward=3.83334,3.83334,0,3.83334,3.83334,3.83334,3.83334,3.83334,0,3.83334,
RUD.ruU..L
#reward=1.88621,1.88621,0,1.88621,1.88621,1.88621,1.88621,1.88621,0,1.88621,
DDU..DDD..
#reward=2.09602,2.09602,0,2.09602,2.09602,2.09602,2.09602,2.09602,0,2.09602,
U.LD..UDDR
#reward=0.684881,0.684881,0,0.684881,0.684881,0.684881,0.684881,0.684881,0,0.684881,
DURULDD.UL
#reward=3.27043,3.27043,0,3.27043,3.27043,3.27043,3.27043,3.27043,0,3.27043,
UDD.lDULD.
#reward=4.69601,4.69601,0,4.69601,4.69601,4.69601,4.69601,4.69601,0,4.69601,
.UU.rUUR.R
#reward=-2.0224,-2.0224,0,-2.0224,-2.0224,-2.0224,-2.0224,-2.0224,0,-2.0224,
.DLDDDDU.L
#reward=4.08684,4.08684,0,4.08684,4.08684,4.08684,4.08684,4.08684,0,4.08684,
DURUuUDL.R
#reward=2.15782,2.15782,0,2.15782,2.15782,2.15782,2.15782,2.15782,0,2.15782,
DDD.rDUL.L
#reward=0.993728,0.993728,0,0.993728,0.993728,0.993728,0.993728,0.993728,0,0.993728,
UUU.L....R
#reward=2.52045,2.52045,0,2.52045,2.52045,2.52045,2.52045,2.52045,0,2.52045,
D.LDLUDu.L
#reward=3.72561,3.72561,0,3.72561,3.72561,3.72561,3.72561,3.72561,0,3.72561,
UL..LU.R.D
#reward=3.13352,3.13352,0,3.13352,3.13352,3.13352,3.13352,3.13352,0,3.13352,
UURR.U...U
#reward=2.24442,2.24442,0,2.24442,2.24442,2.24442,2.24442,2.24442,0,2.24442,
DL..lDULUr
#reward=0.438946,0.438946,0,0.438946,0.438946,0.438946,0.438946,0.438946,0,0.438946,
DUD.uDD.UD
#reward=0.0934922,0.0934922,0,0.0934922,0.0934922,0.0934922,0.0934922,0.0934922,0,0.0934922,
D..LrDURL.
#reward=1.03989,1.03989,0,1.03989,1.03989,1.03989,1.03989,1.03989,0,1.03989,
UDLUDUULUU
#reward=2.35396,2.35396,0,2.35396,2.35396,2.35396,2.35396,2.35396,0,2.35396,
UR..UDD..D
#reward=4.33796,4.33796,0,4.33796,4.33796,4.33796,4.33796,4.33796,0,4.33796,
l....UDLRU
#reward=2.34202,2.34202,0,2.34202,2.34202,2.34202,2.34202,2.34202,0,2.34202,
DD.DDDU.LD
#reward=2.25749,2.25749,0,2.25749,2.25749,2.25749,2.25749,2.25749,0,2.25749,
ULU.UUUrRD
#reward=0.216397,0.216397,0,0.216397,0.216397,0.216397,0.216397,0.216397,0,0.216397,
UULU.DUu.R
#reward=3.6513,3.6513,0,3.6513,3.6513,3.6513,3.6513,3.6513,0,3.6513,
DRR.D..LLL
#reward=1.31645,1.31645,0,1.31645,1.31645,1.31645,1.31645,1.31645,0,1.31645,
DD..rULrU.
#reward=2.2408,2.2408,0,2.2408,2.2408,2.2408,2.2408,2.2408,0,2.2408,
.LRDLDRLD.
#reward=3.05785,3.05785,0,3.05785,3.05785,3.05785,3.05785,3.05785,0,3.05785,
DUDUD..lUR
#reward=1.19654,1.19654,0,1.19654,1.19654,1.19654,1.19654,1.19654,0,1.19654,
URU.U.L.U.
#reward=-0.947985,-0.947985,0,-0.947985,-0.947985,-0.947985,-0.947985,-0.947985,0,-0.947985,
DDD.rURDL.
#reward=2.50157,2.50157,0,2.50157,2.50157,2.50157,2.50157,2.50157,0,2.50157,
URLDLDLURR
#reward=0.150259,0.150259,0,0.150259,0.150259,0.150259,0.150259,0.150259,0,0.150259,
D.U.LU.RDR
#reward=0.546274,0.546274,0,0.546274,0.546274,0.546274,0.546274,0.546274,0,0.546274,
UDUU....DU
#reward=2.60926,2.60926,0,2.60926,2.60926,2.60926,2.60926,2.60926,0,2.60926,
....rULDUR
#reward=3.39233,3.39233,0,3.39233,3.39233,3.39233,3.39233,3.39233,0,3.39233,
D.D...RlU.
#reward=3.82652,3.82652,0,3.82652,3.82652,3.82652,3.82652,3.82652,0,3.82652,
..R.LU.D..
#reward=2.43169,2.43169,0,2.43169,2.43169,2.43169,2.43169,2.43169,0,2.43169,
U.D.R.RDLD
#reward=4.17861,4.17861,0,4.17861,4.17861,4.17861,4.17861,4.17861,0,4.17861,
DU..l...R.
#reward=1.82498,1.82498,0,1.82498,1.82498,1.82498,1.82498,1.82498,0,1.82498,
.....DD..L
#reward=2.99873,2.99873,0,2.99873,2.99873,2.99873,2.99873,2.99873,0,2.99873,
.LU.U.DrDU
#reward=4.02543,4.02543,0,4.02543,4.02543,4.02543,4.02543,4.02543,0,4.02543,
.U.D.DDDUL
#reward=-0.46766,-0.46766,0,-0.46766,-0.46766,-0.46766,-0.46766,-0.46766,0,-0.46766,
UUDUD.UUL.
#reward=3.32791,3.32791,0,3.32791,3.32791,3.32791,3.32791,3.32791,0,3.32791,
..L.D.U.R.
#reward=1.01855,1.01855,0,1.01855,1.01855,1.01855,1.01855,1.01855,0,1.01855,
D...UUDlDR
#reward=3.95875,3.95875,0,3.95875,3.95875,3.95875,3.95875,3.95875,0,3.95875,
U.RDDDDUU.
#reward=3.02936,3.02936,0,3.02936,3.02936,3.02936,3.02936,3.02936,0,3.02936,
UDLU.U.DD.
#reward=2.22988,2.22988,0,2.22988,2.22988,2.22988,2.22988,2.22988,0,2.22988,
.L..L.UUUD
#reward=2.83504,2.83504,0,2.83504,2.83504,2.83504,2.83504,2.83504,0,2.83504,
DU.DlUULDL
#reward=-0.353817,-0.353817,0,-0.353817,-0.353817,-0.353817,-0.353817,-0.353817,0,-0.353817,
DRRUR...UL
#reward=1.29214,1.29214,0,1.29214,1.29214,1.29214,1.29214,1.29214,0,1.29214,
..DDRDDlLD
#reward=3.05934,3.05934,0,3.05934,3.05934,3.05934,3.05934,3.05934,0,3.05934,
UL.RLDU.R.
#reward=0.953244,0.953244,0,0.953244,0.953244,0.953244,0.953244,0.953244,0,0.953244,
D.R.LDDRDD
#reward=0.439038,0.439038,0,0.439038,0.439038,0.439038,0.439038,0.439038,0,0.439038,
UR.LDU.D..
#reward=3.0542,3.0542,0,3.0542,3.0542,3.0542,3.0542,3.0542,0,3.0542,
UDLRDUD.U.
#reward=2.60267,2.60267,0,2.60267,2.60267,2.60267,2.60267,2.60267,0,2.60267,
U.RDLDUu.R
#reward=2.7396,2.7396,0,2.7396,2.7396,2.7396,2.7396,2.7396,0,2.7396,
LD.r.U.DDL
#reward=0.00641564,0.00641564,0,0.00641564,0.00641564,0.00641564,0.00641564,0.00641564,0,0.00641564,
LLL.rD.D.r
#reward=1.22378,1.22378,0,1.22378,1.22378,1.22378,1.22378,1.22378,0,1.22378,
RU...UDlUU
#reward=-0.742603,-0.742603,0,-0.742603,-0.742603,-0.742603,-0.742603,-0.742603,0,-0.742603,
...U.U.UDR
#reward=2.44531,2.44531,0,2.44531,2.44531,2.44531,2.44531,2.44531,0,2.44531,
LRR.LL.rUL
#reward=3.34523,3.34523,0,3.34523,3.34523,3.34523,3.34523,3.34523,0,3.34523,
LUL.URU..U
#reward=2.9406,2.9406,0,2.9406,2.9406,2.9406,2.9406,2.9406,0,2.9406,
.D..lDD.L.
#reward=1.88498,1.88498,0,1.88498,1.88498,1.88498,1.88498,1.88498,0,1.88498,
RDR.DU.L.R
#reward=0.863475,0.863475,0,0.863475,0.863475,0.863475,0.863475,0.863475,0,0.863475,
RU.DuDUl.R
#reward=2.8786,2.8786,0,2.8786,2.8786,2.8786,2.8786,2.8786,0,2.8786,
.D.DRDU..R
#reward=1.526,1.526,0,1.526,1.526,1.526,1.526,1.526,0,1.526,
.UL.DD....
#reward=1.48748,1.48748,0,1.48748,1.48748,1.48748,1.48748,1.48748,0,1.48748,
RDULl.U.RL
#reward=2.41259,2.41259,0,2.41259,2.41259,2.41259,2.41259,2.41259,0,2.41259,
.DL...DR.L
#reward=2.84817,2.84817,0,2.84817,2.84817,2.84817,2.84817,2.84817,0,2.84817,
LRR.u.DLLU
#reward=2.13774,2.13774,0,2.13774,2.13774,2.13774,2.13774,2.13774,0,2.13774,
L..RR.....
#reward=3.93395,3.93395,0,3.93395,3.93395,3.93395,3.93395,3.93395,0,3.93395,
L.LDrUUR.R
#reward=2.32811,2.32811,0,2.32811,2.32811,2.32811,2.32811,2.32811,0,2.32811,
R.RUDDUL.l
#reward=0.75387,0.75387,0,0.75387,0.75387,0.75387,0.75387,0.75387,0,0.75387,
R..RUU....
#reward=1.43038,1.43038,0,1.43038,1.43038,1.43038,1.43038,1.43038,0,1.43038,
.U.lDD..RU
#reward=2.4768,2.4768,0,2.4768,2.4768,2.4768,2.4768,2.4768,0,2.4768,
LDDRLU.R.D
#reward=-1.72438,-1.72438,0,-1.72438,-1.72438,-1.72438,-1.72438,-1.72438,0,-1.72438,
RLRUUDDUDU
#reward=2.05334,2.05334,0,2.05334,2.05334,2.05334,2.05334,2.05334,0,2.05334,
.L.DR.D.UL
#reward=2.3208,2.3208,0,2.3208,2.3208,2.3208,2.3208,2.3208,0,2.3208,
.LLULU..DR
#reward=1.85558,1.85558,0,1.85558,1.85558,1.85558,1.85558,1.85558,0,1.85558,
RDUDDDDDUD
#reward=4.14798,4.14798,0,4.14798,4.14798,4.14798,4.14798,4.14798,0,4.14798,
DR.LR..DDU
#reward=2.8668,2.8668,0,2.8668,2.8668,2.8668,2.8668,2.8668,0,2.8668,
DL.RL.....
#reward=-57.157,0.112312,0,0.112312,0.112312,-57.157,-57.157,0.112312,0,0.112312,
uDDD.UUDUD
#reward=0,2.56833,0,2.56833,2.56833,0,0,2.56833,0,2.56833,
DDU.UD.L.D
#reward=0,0.843017,0,0.843017,0.843017,0,0,0.843017,0,0.843017,
..LL....LR
#reward=0,1.63741,0,1.63741,1.63741,0,0,1.63741,0,1.63741,
ULUD.UDrR.
#reward=0,3.35212,0,3.35212,3.35212,0,0,3.35212,0,3.35212,
DlRU.DULLU
#reward=0,1.898,0,1.898,1.898,0,0,1.898,0,1.898,
.rLlDUD.RL
#reward=0,5.03394,0,5.03394,5.03394,0,0,5.03394,0,5.03394,
UUU.L.UR.D
#reward=0,-0.37498,0,-0.37498,-0.37498,0,0,-0.37498,0,-0.37498,
.UUUDD.DDL
#reward=0,0.66896,0,0.66896,0.66896,0,0,0.66896,0,0.66896,
.lDRUUDLU.
#reward=0,3.94522,0,3.94522,3.94522,0,0,3.94522,0,3.94522,
DuUrRDU..D
#reward=0,-0.0162877,0,-0.0162877,-0.0162877,0,0,-0.0162877,0,-0.0162877,
U.DDUUDDLL
#reward=0,0.00881188,0,0.00881188,0.00881188,0,0,0.00881188,0,0.00881188,
.DDL...u.R
#reward=0,4.51157,0,4.51157,4.51157,0,0,4.51157,0,4.51157,
DlRR.D.rR.
#reward=0,1.66646,0,1.66646,1.66646,0,0,1.66646,0,1.66646,
URLUR.ULL.
#reward=0,2.39265,0,2.39265,2.39265,0,0,2.39265,0,2.39265,
DURUDU.rRU
#reward=0,2.48417,0,2.48417,2.48417,0,0,2.48417,0,2.48417,
.U.DrD.DDD
#reward=0,2.09711,0,2.09711,2.09711,0,0,2.09711,0,2.09711,
URLDL.D..L
#reward=0,1.87333,0,1.87333,1.87333,0,0,1.87333,0,1.87333,
DD.URU.r.D
#reward=0,3.28019,0,3.28019,3.28019,0,0,3.28019,0,3.28019,
UUULUDUL..
#reward=0,0.48294,0,0.48294,0.48294,0,0,0.48294,0,0.48294,
.DUDD.DLDU
#reward=0,1.23632,0,1.23632,1.23632,0,0,1.23632,0,1.23632,
.UDUu.UuUR
#reward=0,-0.811317,0,-0.811317,-0.811317,0,0,-0.811317,0,-0.811317,
DR.D.UDrU.
#reward=0,2.25691,0,2.25691,2.25691,0,0,2.25691,0,2.25691,
URU.D.U.LL
#reward=0,3.19063,0,3.19063,3.19063,0,0,3.19063,0,3.19063,
D.LRLDDD.L
#reward=0,4.68563,0,4.68563,4.68563,0,0,4.68563,0,4.68563,
U.R.rUU..R
#reward=0,3.01795,0,3.01795,3.01795,0,0,3.01795,0,3.01795,
D.LllDDu.R
#reward=0,3.48736,0,3.48736,3.48736,0,0,3.48736,0,3.48736,
.L..DU.L.L
#reward=0,1.32738,0,1.32738,1.32738,0,0,1.32738,0,1.32738,
URR.L..U.D
#reward=0,4.03466,0,4.03466,4.03466,0,0,4.03466,0,4.03466,
D.D.D.UDR.
#reward=0,1.74636,0,1.74636,1.74636,0,0,1.74636,0,1.74636,
ULU.u..DDU
#reward=0,2.24266,0,2.24266,2.24266,0,0,2.24266,0,2.24266,
DRDuR..U.R
#reward=0,-0.268523,0,-0.268523,-0.268523,0,0,-0.268523,0,-0.268523,
U.DDR.D...
#reward=0,3.62237,0,3.62237,3.62237,0,0,3.62237,0,3.62237,
.URlRDUDUL
#reward=0,2.16579,0,2.16579,2.16579,0,0,2.16579,0,2.16579,
DDDUrUD.DR
#reward=0,0.527073,0,0.527073,0.527073,0,0,0.527073,0,0.527073,
...DD.URUU
#reward=0,0.988983,0,0.988983,0.988983,0,0,0.988983,0,0.988983,
UL...DDrDD
#reward=0,1.17404,0,1.17404,1.17404,0,0,1.17404,0,1.17404,
DU..rU.DU.
#reward=0,5.36938,0,5.36938,5.36938,0,0,5.36938,0,5.36938,
UDD.DDUU..
#reward=0,1.31046,0,1.31046,1.31046,0,0,1.31046,0,1.31046,
.RRRrUDL.U
#reward=0,2.20554,0,2.20554,2.20554,0,0,2.20554,0,2.20554,
..LLDDULLR
#reward=0,3.31603,0,3.31603,3.31603,0,0,3.31603,0,3.31603,
D.RURU...R
#reward=0,5.09895,0,5.09895,5.09895,0,0,5.09895,0,5.09895,
U.LRlDDL.U
#reward=0,-3.67937,0,-3.67937,-3.67937,0,0,-3.67937,0,-3.67937,
DUR.RU.U..
#reward=0,2.28675,0,2.28675,2.28675,0,0,2.28675,0,2.28675,
...RRDU.R.
#reward=0,3.29646,0,3.29646,3.29646,0,0,3.29646,0,3.29646,
.DLlr.D.D.
#reward=0,2.30485,0,2.30485,2.30485,0,0,2.30485,0,2.30485,
U.R..UUUUD
#reward=0,1.63875,0,1.63875,1.63875,0,0,1.63875,0,1.63875,
D..UD.DuD.
#reward=0,4.73253,0,4.73253,4.73253,0,0,4.73253,0,4.73253,
UULRuDUDU.
#reward=0,-1.49027,0,-1.49027,-1.49027,0,0,-1.49027,0,-1.49027,
DD.DL.DU.U
#reward=0,3.16141,0,3.16141,3.16141,0,0,3.16141,0,3.16141,
UUDlLU.L..
#reward=0,0.520491,0,0.520491,0.520491,0,0,0.520491,0,0.520491,
DDUDRDUU..
#reward=0,3.36863,0,3.36863,3.36863,0,0,3.36863,0,3.36863,
UURLUUD.DD
#reward=0,-0.495634,0,-0.495634,-0.495634,0,0,-0.495634,0,-0.495634,
..LLU.UDD.
#reward=0,4.75205,0,4.75205,4.75205,0,0,4.75205,0,4.75205,
..R.U.Dr.U
#reward=0,4.57513,0,4.57513,4.57513,0,0,4.57513,0,4.57513,
DDL.D.U.RL
#reward=0,0.242846,0,0.242846,0.242846,0,0,0.242846,0,0.242846,
.UUL.DDlLU
#reward=0,-1.88052,0,-1.88052,-1.88052,0,0,-1.88052,0,-1.88052,
....UU.UR.
#reward=0,5.46742,0,5.46742,5.46742,0,0,5.46742,0,5.46742,
U.U.UDUL..
#reward=0,0.166474,0,0.166474,0.166474,0,0,0.166474,0,0.166474,
D.DRD..UDD
#reward=0,1.90878,0,1.90878,1.90878,0,0,1.90878,0,1.90878,
...RU.DlLU
#reward=0,1.15876,0,1.15876,1.15876,0,0,1.15876,0,1.15876,
UDUL.U.D.L
#reward=0,4.70014,0,4.70014,4.70014,0,0,4.70014,0,4.70014,
D.LRU..lR.
#reward=0,0.735549,0,0.735549,0.735549,0,0,0.735549,0,0.735549,
UUU.UDURU.
#reward=0,1.57639,0,1.57639,1.57639,0,0,1.57639,0,1.57639,
.LD.UUD.LR
#reward=0,1.15513,0,1.15513,1.15513,0,0,1.15513,0,1.15513,
DDULDDU.U.
#reward=0,-0.0535907,0,-0.0535907,-0.0535907,0,0,-0.0535907,0,-0.0535907,
.RDLUUDUD.
#reward=0,1.76702,0,1.76702,1.76702,0,0,1.76702,0,1.76702,
U..RL.UURU
#reward=0,4.32678,0,4.32678,4.32678,0,0,4.32678,0,4.32678,
.ULR.D.D.L
#reward=0,2.5777,0,2.5777,2.5777,0,0,2.5777,0,2.5777,
DL..rU..LD
#reward=0,-0.0707294,0,-0.0707294,-0.0707294,0,0,-0.0707294,0,-0.0707294,
UDRRDD.lR.
#reward=0,4.6068,0,4.6068,4.6068,0,0,4.6068,0,4.6068,
.URL.U.UD.
#reward=0,3.80437,0,3.80437,3.80437,0,0,3.80437,0,3.80437,
..Dl.D.LU.
#reward=0,3.47582,0,3.47582,3.47582,0,0,3.47582,0,3.47582,
DD..rUDRD.
#reward=0,3.41243,0,3.41243,3.41243,0,0,3.41243,0,3.41243,
...RU..rL.
#reward=0,2.06009,0,2.06009,2.06009,0,0,2.06009,0,2.06009,
.L..DD.DUR
#reward=0,-0.463795,0,-0.463795,-0.463795,0,0,-0.463795,0,-0.463795,
.RUL.UUUR.
#reward=0,0.941081,0,0.941081,0.941081,0,0,0.941081,0,0.941081,
.R..uDDUDU
#reward=0,2.59311,0,2.59311,2.59311,0,0,2.59311,0,2.59311,
.LL.L.UlDD
#reward=0,1.81132,0,1.81132,1.81132,0,0,1.81132,0,1.81132,
U.D..U.rRU
#reward=0,4.03026,0,4.03026,4.03026,0,0,4.03026,0,4.03026,
DL..D.DuLD
#reward=0,0.00546843,0,0.00546843,0.00546843,0,0,0.00546843,0,0.00546843,
URURU.U.R.
#reward=0,2.07214,0,2.07214,2.07214,0,0,2.07214,0,2.07214,
.LULRDD.LU
#reward=0,0.869335,0,0.869335,0.869335,0,0,0.869335,0,0.869335,
.RU.DUU.R.
#reward=0,1.68381,0,1.68381,1.68381,0,0,1.68381,0,1.68381,
.LDR.D.DLD
#reward=0,1.47295,0,1.47295,1.47295,0,0,1.47295,0,1.47295,
D.DUR.DLRD
#reward=0,1.75248,0,1.75248,1.75248,0,0,1.75248,0,1.75248,
UR.URUU.L.
#reward=0,3.19615,0,3.19615,3.19615,0,0,3.19615,0,3.19615,
.UUlD.DlRD
#reward=0,2.21019,0,2.21019,2.21019,0,0,2.21019,0,2.21019,
DUD.u.URLU
#reward=0,-1.2943,0,-1.2943,-1.2943,0,0,-1.2943,0,-1.2943,
UD.UL..LRR
#reward=0,3.12061,0,3.12061,3.12061,0,0,3.12061,0,3.12061,
.RRLR.....
#reward=0,3.36297,0,3.36297,3.36297,0,0,3.36297,0,3.36297,
...URDD.L.
#reward=0,1.52906,0,1.52906,1.52906,0,0,1.52906,0,1.52906,
...llUU.DD
#reward=0,1.13838,0,1.13838,1.13838,0,0,1.13838,0,1.13838,
..LURDD...
#reward=0,1.50752,0,1.50752,1.50752,0,0,1.50752,0,1.50752,
.LRUUUU..L
#reward=0,2.0731,0,2.0731,2.0731,0,0,2.0731,0,2.0731,
.UD.UDD..L
#reward=0,9.47699,0,9.47699,9.47699,0,0,9.47699,0,9.47699,
DUDuuUU..R
#reward=0,3.25667,0,3.25667,3.25667,0,0,3.25667,0,3.25667,
ULRDrDDR.U
#reward=0,1.28069,0,1.28069,1.28069,0,0,1.28069,0,1.28069,
DD.ULUUUUD
#reward=0,2.35042,0,2.35042,2.35042,0,0,2.35042,0,2.35042,
.RLDUDD.RR
#reward=0,-48.5053,0,5.07036,5.07036,0,0,5.07036,0,-48.5053,
U.RL..U.Ll
#reward=0,0,0,1.12181,1.12181,0,0,1.12181,0,0,
D.L.....R.
#reward=0,0,0,2.99434,2.99434,0,0,2.99434,0,0,
ULR.D..D.U
#reward=0,0,0,-2.38885,-2.38885,0,0,-2.38885,0,0,
D...RUD.L.
#reward=0,0,0,4.52947,4.52947,0,0,4.52947,0,0,
U..Rl.UUR.
#reward=0,0,0,0.73099,0.73099,0,0,0.73099,0,0,
DULU.DDDL.
#reward=0,0,0,-1.11762,-1.11762,0,0,-1.11762,0,0,
..R.DU.DR.
#reward=0,0,0,1.62783,1.62783,0,0,1.62783,0,0,
URLDDDU...
#reward=0,0,0,4.44104,4.44104,0,0,4.44104,0,0,
D.RDRUD...
#reward=0,0,0,1.06451,1.06451,0,0,1.06451,0,0,
ULLUUDUu..
#reward=0,0,0,3.24774,3.24774,0,0,3.24774,0,0,
D.RUrUDDLD
#reward=0,0,0,1.96654,1.96654,0,0,1.96654,0,0,
.DL.DD.DU.
#reward=0,0,0,2.14118,2.14118,0,0,2.14118,0,0,
U.R.lUUU..
#reward=0,0,0,1.59339,1.59339,0,0,1.59339,0,0,
....uDDDU.
#reward=0,0,0,1.76825,1.76825,0,0,1.76825,0,0,
DRL.RUU..U
#reward=0,0,0,2.85431,2.85431,0,0,2.85431,0,0,
UDR..DDUDD
#reward=0,0,0,3.91688,3.91688,0,0,3.91688,0,0,
DULDLUU.U.
#reward=0,0,0,2.51041,2.51041,0,0,2.51041,0,0,
UUR.RD.UL.
#reward=0,0,0,5.67986,5.67986,0,0,5.67986,0,0,
DDLlr..DRU
#reward=0,0,0,2.25156,2.25156,0,0,2.25156,0,0,
ULR.D..L.D
#reward=0,0,0,0.26062,0.26062,0,0,0.26062,0,0,
DRL.RU.R.U
#reward=0,0,0,-0.41435,-0.41435,0,0,-0.41435,0,0,
U.UDD.D.LL
#reward=0,0,0,0.793025,0.793025,0,0,0.793025,0,0,
DL.DUDU.UU
#reward=0,0,0,1.52171,1.52171,0,0,1.52171,0,0,
UUDU.UDUDL
#reward=0,0,0,3.84506,3.84506,0,0,3.84506,0,0,
..UR.D.RU.
#reward=0,0,0,2.96263,2.96263,0,0,2.96263,0,0,
DRDLrUUR.R
#reward=0,0,0,0.256634,0.256634,0,0,0.256634,0,0,
.LRUL..U.D
#reward=0,0,0,2.85373,2.85373,0,0,2.85373,0,0,
UDLUUDDDDR
