#port=30759
#reward=10.2176,10.2176,10.2176,10.2176,10.2176,10.2176,10.2176,10.2176,10.2176,10.2176,
#reward=2.22273,2.22273,2.22273,2.22273,2.22273,2.22273,2.22273,2.22273,2.22273,2.22273,
UuLlllrl..
#reward=2.36655,2.36655,2.36655,2.36655,2.36655,2.36655,2.36655,2.36655,2.36655,2.36655,
Lluu.rD.lu
#reward=2.33615,2.33615,2.33615,2.33615,2.33615,2.33615,2.33615,2.33615,2.33615,2.33615,
rrLRRUlUUr
#reward=0.75078,0.75078,0.75078,0.75078,0.75078,0.75078,0.75078,0.75078,0.75078,0.75078,
uD.rl.D.ll
#reward=3.23684,3.23684,3.23684,3.23684,3.23684,3.23684,3.23684,3.23684,3.23684,3.23684,
.r.uU.l...
#reward=1.74746,1.74746,1.74746,1.74746,1.74746,1.74746,1.74746,1.74746,1.74746,1.74746,
D.LLl.ulu.
#reward=3.23385,3.23385,3.23385,3.23385,3.23385,3.23385,3.23385,3.23385,3.23385,3.23385,
l.DD.lr...
#reward=2.60181,2.60181,2.60181,2.60181,2.60181,2.60181,2.60181,2.60181,2.60181,2.60181,
.u.l.R..R.
#reward=1.73247,1.73247,1.73247,1.73247,1.73247,1.73247,1.73247,1.73247,1.73247,1.73247,
UDlr.l..L.
#reward=2.71669,2.71669,2.71669,2.71669,2.71669,2.71669,2.71669,2.71669,2.71669,2.71669,
..U.u.DRRD
#reward=1.63681,1.63681,1.63681,1.63681,1.63681,1.63681,1.63681,1.63681,1.63681,1.63681,
LLrU.Rl.ul
#reward=0.43089,0.43089,0.43089,0.43089,0.43089,0.43089,0.43089,0.43089,0.43089,0.43089,
.Ulr.r.R.r
#reward=3.32664,3.32664,3.32664,3.32664,3.32664,3.32664,3.32664,3.32664,3.32664,3.32664,
UL..RlRlLu
#reward=2.60756,2.60756,2.60756,2.60756,2.60756,2.60756,2.60756,2.60756,2.60756,2.60756,
.dD..urDDD
#reward=1.94805,1.94805,1.94805,1.94805,1.94805,1.94805,1.94805,1.94805,1.94805,1.94805,
U...L.LURR
#reward=2.07391,2.07391,2.07391,2.07391,2.07391,2.07391,2.07391,2.07391,2.07391,2.07391,
U.U.R.RUU.
#reward=2.98648,2.98648,2.98648,2.98648,2.98648,2.98648,2.98648,2.98648,2.98648,2.98648,
..uDL.D.rL
#reward=3.50181,3.50181,3.50181,3.50181,3.50181,3.50181,3.50181,3.50181,3.50181,3.50181,
.RD..D.UDU
#reward=1.93169,1.93169,1.93169,1.93169,1.93169,1.93169,1.93169,1.93169,-28.4757,1.93169,
uru...lur.
#reward=2.77421,2.77421,2.77421,2.77421,2.77421,2.77421,2.77421,2.77421,0,2.77421,
..r..DDRUD
#reward=3.83495,3.83495,3.83495,3.83495,3.83495,3.83495,3.83495,3.83495,0,3.83495,
.L...UL.Lr
#reward=1.18654,1.18654,1.18654,1.18654,1.18654,1.18654,1.18654,1.18654,0,1.18654,
Du..RDLr..
#reward=1.01761,1.01761,1.01761,1.01761,1.01761,1.01761,1.01761,1.01761,0,1.01761,
.....RL.RL
#reward=2.94492,2.94492,2.94492,2.94492,2.94492,2.94492,2.94492,2.94492,0,2.94492,
....RllLD.
#reward=0.339484,0.339484,0.339484,0.339484,0.339484,0.339484,0.339484,0.339484,0,0.339484,
ULD..UDR..
#reward=4.52607,4.52607,4.52607,4.52607,4.52607,4.52607,4.52607,4.52607,0,4.52607,
D.LUl.L.UD
#reward=0.507704,0.507704,0.507704,0.507704,0.507704,0.507704,0.507704,0.507704,0,0.507704,
.URDULLL.L
#reward=2.09541,2.09541,2.09541,2.09541,2.09541,2.09541,2.09541,2.09541,0,2.09541,
DlDDDRR.L.
#reward=2.02654,2.02654,2.02654,2.02654,2.02654,2.02654,2.02654,2.02654,0,2.02654,
U.U.U.RDRU
#reward=3.00984,3.00984,3.00984,3.00984,3.00984,3.00984,3.00984,3.00984,0,3.00984,
u.L.ULDLLU
#reward=2.6006,2.6006,2.6006,2.6006,2.6006,2.6006,2.6006,2.6006,0,2.6006,
.Ul.URDUDL
#reward=1.14439,1.14439,1.14439,1.14439,1.14439,1.14439,1.14439,1.14439,0,1.14439,
.DDuDDLUUR
#reward=0.24982,0.24982,0.24982,0.24982,0.24982,0.24982,0.24982,0.24982,0,0.24982,
.D.LDRl.RU
#reward=2.82738,2.82738,2.82738,2.82738,2.82738,2.82738,2.82738,2.82738,0,2.82738,
..rR.DRuLL
#reward=2.04785,2.04785,2.04785,2.04785,2.04785,2.04785,2.04785,2.04785,0,2.04785,
..UDURULDL
#reward=0.837337,0.837337,0.837337,0.837337,0.837337,0.837337,0.837337,0.837337,0,0.837337,
DURRUU..R.
#reward=1.14351,1.14351,1.14351,1.14351,1.14351,1.14351,1.14351,1.14351,0,1.14351,
..R...L.UR
#reward=1.0592,1.0592,1.0592,1.0592,1.0592,1.0592,1.0592,1.0592,0,1.0592,
.DDu.DR..u
#reward=3.19359,3.19359,3.19359,3.19359,3.19359,3.19359,3.19359,3.19359,0,3.19359,
ULUrDUL.D.
#reward=0.734551,0.734551,0.734551,0.734551,0.734551,0.734551,0.734551,0.734551,0,0.734551,
D.r.D.L...
#reward=2.02186,2.02186,2.02186,2.02186,2.02186,2.02186,2.02186,2.02186,0,2.02186,
D.L.ULRRLL
#reward=0.469856,0.469856,0.469856,0.469856,0.469856,0.469856,0.469856,0.469856,0,0.469856,
LRL..LU.RR
#reward=2.65948,2.65948,2.65948,2.65948,2.65948,2.65948,2.65948,2.65948,0,2.65948,
...dUUlLL.
#reward=2.27215,2.27215,2.27215,2.27215,2.27215,2.27215,2.27215,2.27215,0,2.27215,
LR....DRR.
#reward=2.06837,2.06837,2.06837,2.06837,2.06837,2.06837,2.06837,2.06837,0,2.06837,
lL.L..ULLD
#reward=1.7329,1.7329,1.7329,1.7329,1.7329,1.7329,1.7329,1.7329,0,1.7329,
UU.Ul...R.
#reward=1.94879,1.94879,1.94879,1.94879,1.94879,1.94879,1.94879,1.94879,0,1.94879,
D....LDL..
#reward=3.31749,3.31749,3.31749,3.31749,3.31749,3.31749,3.31749,3.31749,0,3.31749,
rURLD.R.U.
#reward=2.38264,2.38264,2.38264,2.38264,2.38264,2.38264,2.38264,2.38264,0,2.38264,
UR.RDRLU..
#reward=1.4062,1.4062,1.4062,1.4062,1.4062,1.4062,1.4062,1.4062,0,1.4062,
L.R.D.URLR
#reward=3.03509,3.03509,3.03509,3.03509,3.03509,3.03509,3.03509,3.03509,0,3.03509,
Ru..u..LD.
#reward=0.668235,0.668235,0.668235,0.668235,0.668235,0.668235,0.668235,0.668235,0,0.668235,
LL.DDL....
#reward=3.53035,3.53035,3.53035,3.53035,3.53035,3.53035,3.53035,3.53035,0,3.53035,
.RLUDR.D..
#reward=2.56525,2.56525,2.56525,2.56525,2.56525,2.56525,2.56525,2.56525,0,2.56525,
L.LDu.RDRl
#reward=1.11756,1.11756,1.11756,1.11756,1.11756,1.11756,1.11756,1.11756,0,1.11756,
r.DDDR.DUU
#reward=2.11197,2.11197,2.11197,2.11197,2.11197,2.11197,2.11197,2.11197,0,2.11197,
DL...LLuD.
#reward=-0.396727,-0.396727,-0.396727,-0.396727,-0.396727,-0.396727,-0.396727,-0.396727,0,-0.396727,
lRDD..R.UU
#reward=1.96439,1.96439,1.96439,1.96439,1.96439,1.96439,1.96439,1.96439,0,1.96439,
.RULUlR.LU
#reward=3.93271,3.93271,3.93271,3.93271,3.93271,3.93271,3.93271,3.93271,0,3.93271,
D.U...ULDr
#reward=2.25094,2.25094,2.25094,2.25094,2.25094,2.25094,2.25094,2.25094,0,2.25094,
l....DLl.L
#reward=1.31669,1.31669,1.31669,1.31669,1.31669,1.31669,1.31669,1.31669,0,1.31669,
..RllUDUUU
#reward=1.89388,1.89388,1.89388,1.89388,1.89388,1.89388,1.89388,1.89388,0,1.89388,
r.LD..LLRL
#reward=1.22375,1.22375,1.22375,1.22375,1.22375,1.22375,1.22375,1.22375,0,1.22375,
DU.U.DR.LL
#reward=3.88081,3.88081,3.88081,3.88081,3.88081,3.88081,3.88081,3.88081,0,3.88081,
DDRuD.r.RD
#reward=3.65571,3.65571,3.65571,3.65571,3.65571,3.65571,3.65571,3.65571,0,3.65571,
D.L.UUuUL.
#reward=1.84117,1.84117,1.84117,1.84117,1.84117,1.84117,1.84117,1.84117,0,1.84117,
l.DRD.DLD.
#reward=2.10343,2.10343,2.10343,2.10343,2.10343,2.10343,2.10343,2.10343,0,2.10343,
U.D.D.UrRR
#reward=1.85375,1.85375,1.85375,1.85375,1.85375,1.85375,1.85375,1.85375,0,1.85375,
...LLD.D..
#reward=0.369255,0.369255,0.369255,0.369255,0.369255,0.369255,0.369255,0.369255,0,0.369255,
r.rRL.....
#reward=3.24291,3.24291,3.24291,3.24291,3.24291,3.24291,3.24291,3.24291,0,3.24291,
D.Du.R.lU.
#reward=1.39119,1.39119,1.39119,1.39119,1.39119,1.39119,1.39119,1.39119,0,1.39119,
..RLu..U..
#reward=2.17393,2.17393,2.17393,2.17393,2.17393,2.17393,2.17393,2.17393,0,2.17393,
..r.RRLD.l
#reward=2.54636,2.54636,2.54636,2.54636,2.54636,2.54636,2.54636,2.54636,0,2.54636,
RUD...RRL.
#reward=1.81022,1.81022,1.81022,1.81022,1.81022,1.81022,1.81022,1.81022,0,1.81022,
L.LDU...RU
#reward=2.32351,2.32351,2.32351,2.32351,2.32351,2.32351,2.32351,2.32351,0,2.32351,
.ULDD.D.DD
#reward=1.10982,1.10982,1.10982,1.10982,1.10982,1.10982,1.10982,1.10982,0,1.10982,
.UlUL.LR..
#reward=2.50236,2.50236,2.50236,2.50236,2.50236,2.50236,2.50236,2.50236,0,2.50236,
RDDL..R...
#reward=1.43214,1.43214,1.43214,1.43214,1.43214,1.43214,1.43214,1.43214,0,1.43214,
.lr..DDDLR
#reward=2.88565,2.88565,2.88565,2.88565,2.88565,2.88565,2.88565,2.88565,0,2.88565,
...RR..URl
#reward=2.30426,2.30426,2.30426,2.30426,2.30426,2.30426,2.30426,2.30426,0,2.30426,
..D.L....R
#reward=2.57882,2.57882,2.57882,2.57882,2.57882,2.57882,2.57882,2.57882,0,2.57882,
R.lD....LL
#reward=1.32978,1.32978,1.32978,1.32978,1.32978,1.32978,1.32978,1.32978,0,1.32978,
LDDLD..URU
#reward=1.62274,1.62274,1.62274,1.62274,1.62274,1.62274,1.62274,1.62274,0,1.62274,
l.l.URlD..
#reward=1.41457,1.41457,1.41457,1.41457,1.41457,1.41457,1.41457,1.41457,0,1.41457,
.UDrR...LL
#reward=2.81478,2.81478,2.81478,2.81478,2.81478,2.81478,2.81478,2.81478,0,2.81478,
.RLLDRU..R
#reward=0.265845,0.265845,0.265845,0.265845,0.265845,0.265845,0.265845,0.265845,0,0.265845,
..D.DL..R.
#reward=0.81584,0.81584,0.81584,0.81584,0.81584,0.81584,0.81584,0.81584,0,0.81584,
R.ULU.UL..
#reward=1.12963,1.12963,1.12963,1.12963,1.12963,1.12963,1.12963,1.12963,0,1.12963,
.u.ru.LL.L
#reward=3.6923,3.6923,3.6923,3.6923,3.6923,3.6923,3.6923,3.6923,0,3.6923,
R.Ll.RRDL.
#reward=2.15015,2.15015,2.15015,2.15015,2.15015,2.15015,2.15015,2.15015,0,2.15015,
URU.l.LLUL
#reward=1.38069,1.38069,1.38069,1.38069,1.38069,1.38069,1.38069,1.38069,0,1.38069,
D.uU..Rl.R
#reward=3.07087,3.07087,3.07087,3.07087,3.07087,3.07087,3.07087,3.07087,0,3.07087,
.U...U..RR
#reward=2.66782,2.66782,2.66782,2.66782,2.66782,2.66782,2.66782,2.66782,0,2.66782,
.r.LD.LR.L
#reward=0.371011,0.371011,0.371011,0.371011,0.371011,0.371011,0.371011,0.371011,0,0.371011,
..D...R...
#reward=2.83716,2.83716,2.83716,2.83716,2.83716,2.83716,2.83716,2.83716,0,2.83716,
.uL.uRDLLL
#reward=1.29756,1.29756,1.29756,1.29756,1.29756,1.29756,1.29756,1.29756,0,1.29756,
L..UlRLRR.
#reward=4.13224,4.13224,4.13224,4.13224,4.13224,4.13224,-24.5074,4.13224,0,4.13224,
.DlURrlL..
#reward=0.913896,0.913896,0.913896,0.913896,0.913896,0.913896,0,0.913896,0,0.913896,
ULRU.DU.DR
#reward=1.6693,1.6693,1.6693,1.6693,1.6693,1.6693,0,1.6693,0,1.6693,
DR.u..DD..
#reward=1.96665,1.96665,1.96665,1.96665,1.96665,1.96665,0,1.96665,0,1.96665,
.URrLR..Ul
#reward=1.78858,1.78858,1.78858,1.78858,1.78858,1.78858,0,1.78858,0,1.78858,
..L.DlRlL.
#reward=0.192211,0.192211,0.192211,0.192211,0.192211,0.192211,0,0.192211,0,0.192211,
..RDLRUDRR
#reward=2.16336,2.16336,2.16336,2.16336,2.16336,2.16336,0,2.16336,0,2.16336,
R..R.LLUDU
#reward=0.97128,0.97128,0.97128,0.97128,0.97128,0.97128,0,0.97128,0,0.97128,
U.l.DD.RUL
#reward=3.47734,3.47734,3.47734,3.47734,3.47734,3.47734,0,3.47734,0,3.47734,
l.R.L..uDl
#reward=0.870538,0.870538,0.870538,0.870538,0.870538,0.870538,0,0.870538,0,0.870538,
r.l.RU.D.r
#reward=1.38036,1.38036,1.38036,1.38036,1.38036,1.38036,0,1.38036,0,1.38036,
D.RDU...UD
#reward=1.61845,1.61845,1.61845,1.61845,1.61845,1.61845,0,1.61845,0,1.61845,
U.lR...LDR
#reward=2.87813,2.87813,2.87813,2.87813,2.87813,2.87813,0,2.87813,0,2.87813,
DDU..RR.U.
#reward=2.21133,2.21133,2.21133,2.21133,2.21133,2.21133,0,2.21133,0,2.21133,
.LlD..LUL.
#reward=2.65096,2.65096,2.65096,2.65096,2.65096,2.65096,0,2.65096,0,2.65096,
UDRLRuDD..
#reward=2.16275,2.16275,2.16275,2.16275,2.16275,2.16275,0,2.16275,0,2.16275,
UUUDRLR.D.
#reward=3.54847,3.54847,3.54847,3.54847,3.54847,3.54847,0,3.54847,0,3.54847,
DRrDL.UR.r
#reward=0.767719,0.767719,0.767719,0.767719,0.767719,0.767719,0,0.767719,0,0.767719,
.UuLu.L...
#reward=1.93634,1.93634,1.93634,1.93634,1.93634,1.93634,0,1.93634,0,1.93634,
UD.lR...R.
#reward=0.675522,0.675522,0.675522,0.675522,0.675522,0.675522,0,0.675522,0,0.675522,
.U.rU.DDU.
#reward=4.42,4.42,4.42,4.42,4.42,4.42,0,4.42,0,4.42,
U...D.UDL.
#reward=2.38425,2.38425,2.38425,2.38425,2.38425,2.38425,0,2.38425,0,2.38425,
L....R....
#reward=2.38437,2.38437,2.38437,2.38437,2.38437,2.38437,0,2.38437,0,2.38437,
U.L.L...R.
#reward=0.460305,0.460305,0.460305,0.460305,0.460305,0.460305,0,0.460305,0,0.460305,
D.l..R.u..
#reward=2.5531,2.5531,2.5531,2.5531,2.5531,2.5531,0,2.5531,0,2.5531,
D.RDDU...L
#reward=0.650623,0.650623,0.650623,0.650623,0.650623,0.650623,0,0.650623,0,0.650623,
R.DLL.R.DR
#reward=2.41068,2.41068,2.41068,2.41068,2.41068,2.41068,0,2.41068,0,2.41068,
l.URD.D..L
#reward=3.33164,3.33164,3.33164,3.33164,3.33164,3.33164,0,3.33164,0,3.33164,
.DDuLRL...
#reward=2.47669,2.47669,2.47669,2.47669,2.47669,2.47669,0,2.47669,0,2.47669,
RD.lDDUDLU
#reward=2.25374,2.25374,2.25374,2.25374,2.25374,2.25374,0,2.25374,0,2.25374,
LrRR.r.DUU
#reward=4.03346,4.03346,4.03346,4.03346,4.03346,4.03346,0,4.03346,0,4.03346,
u.rr.....L
#reward=1.94368,1.94368,1.94368,1.94368,1.94368,1.94368,0,1.94368,0,1.94368,
Du.L.L..RR
#reward=2.46247,2.46247,2.46247,2.46247,2.46247,2.46247,0,2.46247,0,2.46247,
..DRuU...l
#reward=1.63615,1.63615,1.63615,1.63615,1.63615,1.63615,0,1.63615,0,1.63615,
U...DD..Du
#reward=2.61877,2.61877,2.61877,2.61877,2.61877,2.61877,0,2.61877,0,2.61877,
R.L.DR.UUD
#reward=0.83086,0.83086,0.83086,0.83086,0.83086,0.83086,0,0.83086,0,0.83086,
rDLDD.R.L.
#reward=1.7242,1.7242,1.7242,1.7242,1.7242,1.7242,0,1.7242,0,1.7242,
.R..RU.LDU
#reward=3.5298,3.5298,3.5298,3.5298,3.5298,3.5298,0,3.5298,0,3.5298,
...L.UDRUD
#reward=1.78496,1.78496,1.78496,1.78496,1.78496,1.78496,0,1.78496,0,1.78496,
L.DLLULuDU
#reward=2.34315,2.34315,2.34315,2.34315,2.34315,2.34315,0,2.34315,0,2.34315,
DR..ur.DR.
#reward=3.22334,3.22334,3.22334,3.22334,3.22334,3.22334,0,3.22334,0,3.22334,
.LLr.DRL..
#reward=1.4059,1.4059,1.4059,1.4059,1.4059,1.4059,0,1.4059,0,1.4059,
.DDDR.LU.R
#reward=1.75002,1.75002,1.75002,1.75002,1.75002,1.75002,0,1.75002,0,1.75002,
DuRDuRURUL
#reward=-0.549535,-0.549535,-0.549535,-0.549535,-0.549535,-0.549535,0,-0.549535,0,-0.549535,
U.Rrl...D.
#reward=3.40051,3.40051,3.40051,3.40051,3.40051,3.40051,0,3.40051,0,3.40051,
DRLD..DL..
#reward=1.04417,1.04417,1.04417,1.04417,1.04417,1.04417,0,1.04417,0,1.04417,
...u.DUD..
#reward=1.37116,1.37116,1.37116,1.37116,1.37116,1.37116,0,1.37116,0,1.37116,
UrR..R.UL.
#reward=2.74259,2.74259,2.74259,2.74259,2.74259,2.74259,0,2.74259,0,2.74259,
U.Ur.LDDR.
#reward=1.81287,1.81287,1.81287,1.81287,1.81287,1.81287,0,1.81287,0,1.81287,
DLLLD.UR.R
#reward=4.0214,4.0214,4.0214,4.0214,4.0214,4.0214,0,4.0214,0,4.0214,
.RUDUU..L.
#reward=0.942729,0.942729,0.942729,0.942729,0.942729,0.942729,0,0.942729,0,0.942729,
.uD..lDU..
#reward=0.756523,0.756523,0.756523,0.756523,0.756523,0.756523,0,0.756523,0,0.756523,
ULRD..URRL
#reward=2.96966,2.96966,2.96966,2.96966,2.96966,2.96966,0,2.96966,0,2.96966,
DR..r..L.R
#reward=0.938302,0.938302,0.938302,0.938302,0.938302,0.938302,0,0.938302,0,0.938302,
..UUD.....
#reward=2.67219,2.67219,2.67219,2.67219,2.67219,2.67219,0,2.67219,0,2.67219,
...UD.....
#reward=3.78422,3.78422,3.78422,3.78422,3.78422,3.78422,0,3.78422,0,3.78422,
.DLDDrDL.R
#reward=2.13851,2.13851,2.13851,2.13851,2.13851,2.13851,0,2.13851,0,2.13851,
UL.Ur..LLl
#reward=1.20902,1.20902,1.20902,1.20902,1.20902,1.20902,0,1.20902,0,1.20902,
..URD.RLRD
#reward=1.19548,1.19548,1.19548,1.19548,1.19548,1.19548,0,1.19548,0,1.19548,
RU....L.LU
#reward=1.88179,1.88179,1.88179,1.88179,1.88179,1.88179,0,1.88179,0,1.88179,
.R..RDUR.R
#reward=2.96547,2.96547,2.96547,2.96547,2.96547,2.96547,0,2.96547,0,2.96547,
..RDRURL.u
#reward=1.89128,1.89128,1.89128,1.89128,1.89128,1.89128,0,1.89128,0,1.89128,
..Ll..LL..
#reward=2.04368,2.04368,2.04368,2.04368,2.04368,2.04368,0,2.04368,0,2.04368,
..D.L.DL..
#reward=4.41811,4.41811,4.41811,4.41811,4.41811,4.41811,0,4.41811,0,4.41811,
..UU.DUl.D
#reward=1.88904,1.88904,1.88904,1.88904,1.88904,1.88904,0,1.88904,0,1.88904,
.D.DRRRUUD
#reward=2.65714,2.65714,2.65714,2.65714,2.65714,2.65714,0,2.65714,0,2.65714,
.D.rUR.DD.
#reward=1.97359,1.97359,1.97359,1.97359,1.97359,1.97359,0,1.97359,0,1.97359,
LL..UDDD.U
#reward=0.558695,0.558695,0.558695,0.558695,0.558695,0.558695,0,0.558695,0,0.558695,
RU..DLLLRL
#reward=1.96657,1.96657,1.96657,1.96657,1.96657,1.96657,0,1.96657,0,1.96657,
..Ru..R...
#reward=1.75598,1.75598,1.75598,1.75598,1.75598,1.75598,0,1.75598,0,1.75598,
.URDUULDUR
#reward=1.51032,1.51032,1.51032,1.51032,1.51032,1.51032,0,1.51032,0,1.51032,
.DLLL.U.LD
#reward=1.44284,1.44284,1.44284,1.44284,1.44284,1.44284,0,1.44284,0,1.44284,
.ULDLLDURR
#reward=1.32131,1.32131,1.32131,1.32131,1.32131,1.32131,0,1.32131,0,1.32131,
L..DULULLR
#reward=3.09802,3.09802,3.09802,3.09802,3.09802,3.09802,0,3.09802,0,3.09802,
.R..U..UD.
#reward=-0.833142,-0.833142,-0.833142,-0.833142,-0.833142,-0.833142,0,-0.833142,0,-0.833142,
.LR...DDRR
#reward=3.68352,3.68352,3.68352,3.68352,3.68352,3.68352,0,3.68352,0,3.68352,
RDRu.....U
#reward=2.74325,2.74325,2.74325,2.74325,2.74325,2.74325,0,2.74325,0,2.74325,
LULD..RD.r
#reward=2.21974,2.21974,2.21974,2.21974,2.21974,2.21974,0,2.21974,0,2.21974,
.DLRD..r.D
#reward=2.00393,2.00393,2.00393,2.00393,2.00393,2.00393,0,2.00393,0,2.00393,
.rUL..D.Uu
#reward=2.44942,2.44942,2.44942,2.44942,2.44942,2.44942,0,2.44942,0,2.44942,
RU.U....Lr
#reward=2.48618,2.48618,2.48618,2.48618,2.48618,2.48618,0,2.48618,0,2.48618,
LD.D.L.UR.
#reward=1.45594,1.45594,1.45594,1.45594,1.45594,1.45594,0,1.45594,0,1.45594,
...R...D.L
#reward=2.87235,2.87235,2.87235,2.87235,2.87235,2.87235,0,2.87235,0,2.87235,
R..RDD....
#reward=1.81143,1.81143,1.81143,1.81143,1.81143,1.81143,0,1.81143,0,1.81143,
L.RDUU..LL
#reward=1.23056,1.23056,1.23056,1.23056,1.23056,1.23056,0,1.23056,0,1.23056,
........D.
#reward=1.80296,1.80296,1.80296,1.80296,1.80296,1.80296,0,1.80296,0,1.80296,
RU.UDR.U.U
#reward=1.78258,1.78258,1.78258,1.78258,1.78258,1.78258,0,1.78258,0,1.78258,
L...DL.lRR
#reward=2.04383,2.04383,2.04383,2.04383,2.04383,2.04383,0,2.04383,0,2.04383,
RDLuLRUU.D
#reward=1.3637,1.3637,1.3637,1.3637,1.3637,1.3637,0,1.3637,0,1.3637,
LURrU..lUU
#reward=2.67652,2.67652,2.67652,2.67652,2.67652,2.67652,0,2.67652,0,2.67652,
.D..RDDD.D
#reward=3.37479,3.37479,3.37479,3.37479,3.37479,3.37479,0,3.37479,0,3.37479,
R.LD.LU.Ll
#reward=2.21005,2.21005,2.21005,2.21005,2.21005,2.21005,0,2.21005,0,2.21005,
L.RU..LD.D
#reward=2.15235,2.15235,2.15235,2.15235,2.15235,2.15235,0,2.15235,0,2.15235,
D.lLULRUD.
#reward=2.60773,2.60773,2.60773,2.60773,2.60773,2.60773,0,2.60773,0,2.60773,
.D.RR.DR..
#reward=0.202993,0.202993,0.202993,0.202993,0.202993,0.202993,0,0.202993,0,0.202993,
U...L..L.u
#reward=0.903621,0.903621,0.903621,0.903621,0.903621,0.903621,0,0.903621,0,0.903621,
.RD.U.UD.R
#reward=4.43396,4.43396,4.43396,4.43396,4.43396,4.43396,0,4.43396,0,4.43396,
D.L....LRU
#reward=1.82235,1.82235,1.82235,1.82235,1.82235,1.82235,0,1.82235,0,1.82235,
..R...D.L.
#reward=3.15573,3.15573,3.15573,3.15573,3.15573,3.15573,0,3.15573,0,3.15573,
.RL.DL..U.
#reward=1.72794,1.72794,1.72794,1.72794,1.72794,1.72794,0,1.72794,0,1.72794,
..R.D..RRD
#reward=0.368652,0.368652,0.368652,0.368652,0.368652,0.368652,0,0.368652,0,0.368652,
URD.U..UDL
#reward=2.98833,2.98833,2.98833,2.98833,2.98833,2.98833,0,2.98833,0,2.98833,
RrR.R....l
#reward=1.5761,1.5761,1.5761,1.5761,1.5761,1.5761,0,1.5761,0,1.5761,
.LRlDRUUUD
#reward=1.67443,1.67443,1.67443,1.67443,1.67443,1.67443,0,1.67443,0,1.67443,
.UL.LR.DL.
#reward=2.6369,2.6369,2.6369,2.6369,2.6369,2.6369,0,2.6369,0,2.6369,
LD.DL.U.RR
#reward=-0.445613,-0.445613,-0.445613,-0.445613,-0.445613,-0.445613,0,-0.445613,0,-0.445613,
.UUU..L.LU
#reward=6.48316,6.48316,6.48316,6.48316,6.48316,6.48316,0,6.48316,0,6.48316,
Rrl.Ru.DDL
#reward=1.50803,1.50803,1.50803,1.50803,1.50803,1.50803,0,1.50803,0,1.50803,
....RR..RR
#reward=0.500969,0.500969,0.500969,0.500969,0.500969,0.500969,0,0.500969,0,0.500969,
L.D.UD.lLU
#reward=2.76501,2.76501,2.76501,2.76501,2.76501,2.76501,0,2.76501,0,2.76501,
RDLD..D...
#reward=-0.236027,-0.236027,-0.236027,-0.236027,-0.236027,-0.236027,0,-0.236027,0,-0.236027,
.uL.lUUU..
#reward=3.2086,3.2086,3.2086,3.2086,3.2086,3.2086,0,3.2086,0,3.2086,
..DURu..RD
#reward=3.19626,3.19626,3.19626,3.19626,3.19626,3.19626,0,3.19626,0,3.19626,
LDu.ULDD.R
#reward=2.52617,2.52617,2.52617,2.52617,2.52617,2.52617,0,2.52617,0,2.52617,
RRRDURR.LL
#reward=2.14675,2.14675,2.14675,2.14675,2.14675,2.14675,0,2.14675,0,2.14675,
LUDUU.DU.l
#reward=3.50295,3.50295,3.50295,3.50295,3.50295,3.50295,0,3.50295,0,3.50295,
DDR.DL.RU.
#reward=1.59844,1.59844,1.59844,1.59844,1.59844,1.59844,0,1.59844,0,1.59844,
DLL..RURRR
#reward=1.63509,1.63509,1.63509,1.63509,1.63509,1.63509,0,1.63509,0,1.63509,
LLR.DL.R..
#reward=1.54751,1.54751,1.54751,1.54751,1.54751,1.54751,0,1.54751,0,1.54751,
RULD..LULl
#reward=0.643178,0.643178,0.643178,0.643178,0.643178,0.643178,0,0.643178,0,0.643178,
RL.UD.URR.
#reward=0.573345,0.573345,0.573345,0.573345,0.573345,0.573345,0,0.573345,0,0.573345,
.RR.U..D.R
#reward=2.84875,2.84875,2.84875,2.84875,2.84875,2.84875,0,2.84875,0,2.84875,
RR....RDLl
#reward=2.32105,2.32105,2.32105,2.32105,2.32105,2.32105,0,2.32105,0,2.32105,
U...D.DLRR
#reward=2.61023,2.61023,2.61023,2.61023,2.61023,2.61023,0,2.61023,0,2.61023,
....l.D.Ll
#reward=3.88415,3.88415,3.88415,3.88415,3.88415,3.88415,0,3.88415,0,3.88415,
..L....RRD
#reward=1.49542,1.49542,1.49542,1.49542,1.49542,1.49542,0,1.49542,0,1.49542,
RLLDU..UL.
#reward=3.19687,3.19687,3.19687,3.19687,3.19687,3.19687,0,3.19687,0,3.19687,
U.RR..UURL
#reward=1.10542,1.10542,1.10542,1.10542,1.10542,1.10542,0,1.10542,0,1.10542,
.lRLD..DL.
#reward=3.02471,3.02471,3.02471,3.02471,3.02471,3.02471,0,3.02471,0,3.02471,
RDDUU.L.DD
#reward=0.631238,0.631238,0.631238,0.631238,0.631238,0.631238,0,0.631238,0,0.631238,
uLR.URUrRL
#reward=3.38952,3.38952,3.38952,3.38952,3.38952,3.38952,0,3.38952,0,3.38952,
RDL.L.DU.u
#reward=-0.620139,-0.620139,-0.620139,-0.620139,-0.620139,-0.620139,0,-0.620139,0,-0.620139,
DUR.UDULL.
#reward=1.74344,1.74344,1.74344,1.74344,1.74344,-18.0591,0,-18.0591,0,1.74344,
URL.L.Rr.R
#reward=1.14062,1.14062,1.14062,1.14062,1.14062,0,0,0,0,1.14062,
RU..uUD.RL
#reward=2.83685,2.83685,2.83685,2.83685,2.83685,0,0,0,0,2.83685,
L.UDLLDDUL
#reward=1.2848,1.2848,1.2848,1.2848,1.2848,0,0,0,0,1.2848,
LDL.R.....
#reward=4.61844,4.61844,4.61844,4.61844,4.61844,0,0,0,0,4.61844,
lLRU.....D
#reward=1.93368,1.93368,1.93368,1.93368,1.93368,0,0,0,0,1.93368,
.Rd.LL.UD.
#reward=2.2654,2.2654,2.2654,2.2654,2.2654,0,0,0,0,2.2654,
DD...L..U.
#reward=1.90493,1.90493,1.90493,1.90493,1.90493,0,0,0,0,1.90493,
lU.DU.ULD.
#reward=1.678,1.678,1.678,1.678,1.678,0,0,0,0,1.678,
RU..D.L.L.
#reward=3.18136,3.18136,3.18136,3.18136,3.18136,0,0,0,0,3.18136,
.RL.lRU.R.
#reward=2.07888,2.07888,2.07888,2.07888,2.07888,0,0,0,0,2.07888,
DLUR.D.RL.
#reward=-1.39675,-1.39675,-1.39675,-1.39675,-1.39675,0,0,0,0,-1.39675,
URULR..D..
#reward=2.69627,2.69627,2.69627,2.69627,2.69627,0,0,0,0,2.69627,
UD..R...U.
#reward=5.30131,5.30131,5.30131,5.30131,5.30131,0,0,0,0,5.30131,
uU.RLU..D.
#reward=1.33806,1.33806,1.33806,1.33806,1.33806,0,0,0,0,1.33806,
LRD...RUUU
#reward=1.59805,1.59805,1.59805,1.59805,1.59805,0,0,0,0,1.59805,
..u.LL..DR
#reward=1.25188,1.25188,1.25188,1.25188,1.25188,0,0,0,0,1.25188,
.D....DLRL
#reward=0.882996,0.882996,0.882996,0.882996,0.882996,0,0,0,0,0.882996,
.LD..RLU.u
#reward=4.74694,4.74694,4.74694,4.74694,4.74694,0,0,0,0,4.74694,
.DU.R.R...
#reward=0.659435,0.659435,0.659435,0.659435,0.659435,0,0,0,0,0.659435,
.U..RLLD..
#reward=0.92723,0.92723,0.92723,0.92723,0.92723,0,0,0,0,0.92723,
.u..RRUR..
#reward=1.44405,1.44405,1.44405,1.44405,1.44405,0,0,0,0,1.44405,
Rr..L.DL.R
#reward=4.93845,4.93845,4.93845,4.93845,4.93845,0,0,0,0,4.93845,
lDL....UL.
#reward=0.859878,0.859878,0.859878,0.859878,0.859878,0,0,0,0,0.859878,
.DD.DDU.UR
#reward=2.36611,2.36611,2.36611,2.36611,2.36611,0,0,0,0,2.36611,
RrL.RUDD.L
#reward=0.203082,0.203082,0.203082,0.203082,0.203082,0,0,0,0,0.203082,
DUR.u.U..L
#reward=0.563735,0.563735,0.563735,0.563735,0.563735,0,0,0,0,0.563735,
DU.......R
#reward=2.75309,2.75309,2.75309,2.75309,2.75309,0,0,0,0,2.75309,
....LR.DD.
#reward=1.98182,1.98182,1.98182,1.98182,1.98182,0,0,0,0,1.98182,
UDR..LDUUR
#reward=3.67059,3.67059,3.67059,3.67059,3.67059,0,0,0,0,3.67059,
LrR.ULU...
#reward=2.70013,2.70013,2.70013,2.70013,2.70013,0,0,0,0,2.70013,
Ul..DRDRDL
#reward=2.24259,2.24259,2.24259,2.24259,2.24259,0,0,0,0,2.24259,
R...ULU.RR
#reward=2.02677,2.02677,2.02677,2.02677,2.02677,0,0,0,0,2.02677,
D.L...DLL.
#reward=2.87401,2.87401,2.87401,2.87401,2.87401,0,0,0,0,2.87401,
D.R.UR..RU
#reward=-0.0252829,-0.0252829,-0.0252829,-0.0252829,-0.0252829,0,0,0,0,-0.0252829,
U...R.U.L.
#reward=3.25317,3.25317,3.25317,3.25317,3.25317,0,0,0,0,3.25317,
UU.L.DDR.R
#reward=2.82442,2.82442,2.82442,2.82442,2.82442,0,0,0,0,2.82442,
U..L.U.D..
#reward=1.43628,1.43628,1.43628,1.43628,1.43628,0,0,0,0,1.43628,
....U.URR.
#reward=1.31251,1.31251,1.31251,1.31251,1.31251,0,0,0,0,1.31251,
U..Ru..LU.
#reward=1.6283,1.6283,1.6283,1.6283,1.6283,0,0,0,0,1.6283,
D...L..DL.
#reward=3.88168,3.88168,3.88168,3.88168,3.88168,0,0,0,0,3.88168,
.LL.RLD.D.
#reward=1.27877,1.27877,1.27877,1.27877,1.27877,0,0,0,0,1.27877,
DRR..RUR..
#reward=2.80374,2.80374,2.80374,2.80374,2.80374,0,0,0,0,2.80374,
l..UDL.LR.
#reward=1.94364,1.94364,1.94364,1.94364,1.94364,0,0,0,0,1.94364,
.D..L..RLU
#reward=2.44886,2.44886,2.44886,2.44886,2.44886,0,0,0,0,2.44886,
D.L.DRRR.U
#reward=1.31991,1.31991,1.31991,1.31991,1.31991,0,0,0,0,1.31991,
UUU.URL...
#reward=0.913444,0.913444,0.913444,0.913444,0.913444,0,0,0,0,0.913444,
D.D.RL...L
#reward=4.09224,4.09224,4.09224,4.09224,4.09224,0,0,0,0,4.09224,
UL..UR..RU
#reward=1.2504,1.2504,1.2504,1.2504,1.2504,0,0,0,0,1.2504,
DL..L...L.
#reward=3.86477,3.86477,3.86477,3.86477,3.86477,0,0,0,0,3.86477,
.RR.L...R.
#reward=4.07287,4.07287,4.07287,4.07287,4.07287,0,0,0,0,4.07287,
.lLDUR.LUD
#reward=0.445016,0.445016,0.445016,0.445016,0.445016,0,0,0,0,0.445016,
URRRuD..LR
#reward=-2.75396,-2.75396,-2.75396,-2.75396,-2.75396,0,0,0,0,-2.75396,
U.L.LR..D.
#reward=0.574614,0.574614,0.574614,0.574614,0.574614,0,0,0,0,0.574614,
.DLL.DDR..
#reward=2.5921,2.5921,2.5921,2.5921,2.5921,0,0,0,0,2.5921,
.URURUR.R.
#reward=3.70285,3.70285,3.70285,3.70285,3.70285,0,0,0,0,3.70285,
DLRDLLL.LR
#reward=1.25779,1.25779,1.25779,1.25779,1.25779,0,0,0,0,1.25779,
UUL...ULRU
#reward=2.6363,2.6363,2.6363,2.6363,2.6363,0,0,0,0,2.6363,
DD...DDL..
#reward=1.68171,1.68171,1.68171,1.68171,1.68171,0,0,0,0,1.68171,
.RRU..R..D
#reward=-0.262923,-0.262923,-0.262923,-0.262923,-0.262923,0,0,0,0,-0.262923,
D....DDRU.
#reward=3.28853,3.28853,3.28853,3.28853,3.28853,0,0,0,0,3.28853,
..L..RUUD.
#reward=-0.917807,-0.917807,-0.917807,-0.917807,-0.917807,0,0,0,0,-0.917807,
.......DLR
#reward=5.27708,5.27708,5.27708,5.27708,5.27708,0,0,0,0,5.27708,
UDUD..LR.R
#reward=-0.115512,-0.115512,-0.115512,-0.115512,-0.115512,0,0,0,0,-0.115512,
...UR.R...
#reward=1.40225,1.40225,1.40225,1.40225,1.40225,0,0,0,0,1.40225,
..DDR.D.RR
#reward=3.24757,3.24757,3.24757,3.24757,3.24757,0,0,0,0,3.24757,
.UURUU.L..
#reward=2.5137,2.5137,2.5137,2.5137,2.5137,0,0,0,0,2.5137,
D.L..U.RUR
#reward=0.898658,0.898658,0.898658,0.898658,0.898658,0,0,0,0,0.898658,
DL.L...LLD
#reward=2.75737,2.75737,2.75737,2.75737,2.75737,0,0,0,0,2.75737,
UU.....L.L
#reward=0.93392,0.93392,0.93392,0.93392,0.93392,0,0,0,0,0.93392,
LDRU..ULDR
#reward=2.13357,2.13357,2.13357,2.13357,2.13357,0,0,0,0,2.13357,
..L.DD.R.R
#reward=0.263899,0.263899,0.263899,0.263899,0.263899,0,0,0,0,0.263899,
RULDUD.R..
