#port=30759
#reward=7.03678,7.03678,7.03678,7.03678,7.03678,7.03678,
#reward=2.51089,2.51089,2.51089,2.51089,2.51089,2.51089,
rUulDd
#reward=1.87545,1.87545,1.87545,1.87545,1.87545,1.87545,
DdDDrU
#reward=2.36993,2.36993,2.36993,2.36993,2.36993,2.36993,
lUl.DL
#reward=0.831993,0.831993,0.831993,0.831993,0.831993,0.831993,
rdrrR.
#reward=3.1578,3.1578,3.1578,3.1578,3.1578,3.1578,
uU.DRD
#reward=3.61621,3.61621,3.61621,3.61621,3.61621,3.61621,
Druul.
#reward=2.53405,2.53405,2.53405,2.53405,2.53405,2.53405,
rU..dU
#reward=2.70027,2.70027,2.70027,2.70027,2.70027,2.70027,
UUDR.L
#reward=1.60245,1.60245,1.60245,1.60245,1.60245,1.60245,
D.DDUd
#reward=1.88674,1.88674,1.88674,1.88674,1.88674,1.88674,
Ldu..R
#reward=1.06414,1.06414,1.06414,1.06414,1.06414,1.06414,
r.rUud
#reward=2.94856,2.94856,2.94856,2.94856,2.94856,2.94856,
.RdLrr
#reward=1.83977,1.83977,-30.0281,1.83977,1.83977,1.83977,
DdlL.u
#reward=1.40471,1.40471,0,1.40471,1.40471,1.40471,
Uu.L.L
#reward=2.59906,2.59906,0,2.59906,2.59906,2.59906,
Dl.lDl
#reward=1.40206,1.40206,0,1.40206,1.40206,1.40206,
L..Uu.
#reward=1.65388,1.65388,0,1.65388,1.65388,1.65388,
l...Rr
#reward=2.85981,2.85981,0,2.85981,2.85981,2.85981,
rR..r.
#reward=1.91972,1.91972,0,1.91972,1.91972,1.91972,
...d.U
#reward=1.42526,1.42526,0,1.42526,1.42526,1.42526,
DL..ll
#reward=2.68785,2.68785,0,2.68785,2.68785,2.68785,
r..lDD
#reward=1.15118,1.15118,0,1.15118,1.15118,1.15118,
DR..D.
#reward=2.9049,2.9049,0,2.9049,2.9049,2.9049,
ru.ULU
#reward=1.31987,1.31987,0,1.31987,1.31987,1.31987,
Dl..Dd
#reward=1.72035,1.72035,0,1.72035,1.72035,-29.1962,
rD..du
#reward=1.35342,1.35342,0,1.35342,1.35342,0,
LU..U.
#reward=2.71399,2.71399,0,2.71399,2.71399,0,
UD.UR.
#reward=3.03473,3.03473,0,3.03473,3.03473,0,
r..ul.
#reward=1.28195,1.28195,0,1.28195,1.28195,0,
DU..u.
#reward=1.78664,1.78664,0,1.78664,1.78664,0,
Ur.DR.
#reward=1.88727,1.88727,0,1.88727,1.88727,0,
DD.DR.
#reward=2.36325,2.36325,0,2.36325,2.36325,0,
Uu.rr.
#reward=1.45626,1.45626,0,1.45626,1.45626,0,
D..U..
#reward=2.09699,2.09699,0,2.09699,2.09699,0,
Ur.Dd.
#reward=2.81567,-28.8911,0,-28.8911,2.81567,0,
Dd.uL.
#reward=2.72516,0,0,0,2.72516,0,
U...U.
#reward=0.934114,0,0,0,0.934114,0,
D...D.
#reward=2.20479,0,0,0,2.20479,0,
D...U.
#reward=3.47069,0,0,0,3.47069,0,
....D.
#reward=1.31327,0,0,0,1.31327,0,
r...r.
#reward=2.53181,0,0,0,2.53181,0,
L...L.
#reward=0.208699,0,0,0,0.208699,0,
L...R.
#reward=3.60514,0,0,0,3.60514,0,
r...D.
#reward=3.42143,0,0,0,3.42143,0,
D...l.
#reward=0.708028,0,0,0,0.708028,0,
u...u.
#reward=2.33478,0,0,0,2.33478,0,
l...D.
#reward=1.39339,0,0,0,1.39339,0,
R...u.
#reward=1.6091,0,0,0,1.6091,0,
....L.
#reward=1.00054,0,0,0,1.00054,0,
....R.
#reward=2.99688,0,0,0,2.99688,0,
r.....
#reward=2.95625,0,0,0,2.95625,0,
....D.
#reward=1.15756,0,0,0,1.15756,0,
......
#reward=2.8292,0,0,0,2.8292,0,
....L.
#reward=2.43387,0,0,0,2.43387,0,
....L.
#reward=1.98287,0,0,0,1.98287,0,
....L.
#reward=3.17471,0,0,0,3.17471,0,
....r.
#reward=1.86953,0,0,0,1.86953,0,
....D.
#reward=1.4369,0,0,0,1.4369,0,
....L.
#reward=2.15356,0,0,0,2.15356,0,
......
#reward=1.04116,0,0,0,1.04116,0,
....u.
#reward=2.73427,0,0,0,2.73427,0,
....R.
#reward=1.98825,0,0,0,1.98825,0,
....L.
#reward=1.40081,0,0,0,1.40081,0,
....R.
#reward=2.51553,0,0,0,2.51553,0,
D...r.
#reward=2.46404,0,0,0,2.46404,0,
....L.
#reward=3.01741,0,0,0,3.01741,0,
L...L.
#reward=2.16764,0,0,0,2.16764,0,
L...u.
#reward=1.50273,0,0,0,1.50273,0,
r...r.
#reward=0.873629,0,0,0,0.873629,0,
....L.
#reward=2.2697,0,0,0,2.2697,0,
....r.
#reward=2.33733,0,0,0,2.33733,0,
....L.
#reward=1.94345,0,0,0,1.94345,0,
....r.
#reward=3.39804,0,0,0,3.39804,0,
....D.
#reward=0.758645,0,0,0,0.758645,0,
......
#reward=3.50045,0,0,0,3.50045,0,
....U.
#reward=1.33251,0,0,0,1.33251,0,
....D.
#reward=2.65387,0,0,0,2.65387,0,
....U.
#reward=1.29979,0,0,0,1.29979,0,
....U.
#reward=0.497558,0,0,0,0.497558,0,
......
#reward=1.50028,0,0,0,1.50028,0,
L...d.
#reward=2.19096,0,0,0,2.19096,0,
R...L.
#reward=4.33425,0,0,0,4.33425,0,
....U.
#reward=2.17183,0,0,0,2.17183,0,
....L.
#reward=2.22288,0,0,0,2.22288,0,
....u.
#reward=0.900444,0,0,0,0.900444,0,
....D.
#reward=1.95453,0,0,0,1.95453,0,
....u.
#reward=1.40118,0,0,0,1.40118,0,
....D.
#reward=1.65488,0,0,0,1.65488,0,
....L.
#reward=1.76843,0,0,0,1.76843,0,
......
#reward=2.99298,0,0,0,2.99298,0,
....l.
#reward=2.62423,0,0,0,2.62423,0,
....U.
#reward=3.52378,0,0,0,3.52378,0,
....U.
#reward=1.84047,0,0,0,1.84047,0,
....u.
#reward=2.61917,0,0,0,2.61917,0,
......
#reward=1.18863,0,0,0,1.18863,0,
....D.
#reward=2.40279,0,0,0,2.40279,0,
....l.
#reward=3.55083,0,0,0,3.55083,0,
....r.
#reward=2.7065,0,0,0,2.7065,0,
....u.
#reward=1.10908,0,0,0,1.10908,0,
....D.
#reward=1.69262,0,0,0,1.69262,0,
....r.
#reward=3.16275,0,0,0,3.16275,0,
......
#reward=1.55499,0,0,0,1.55499,0,
....D.
#reward=1.98521,0,0,0,1.98521,0,
....U.
#reward=1.35248,0,0,0,1.35248,0,
....U.
#reward=2.50713,0,0,0,2.50713,0,
......
#reward=2.37995,0,0,0,2.37995,0,
....D.
#reward=3.35171,0,0,0,3.35171,0,
....U.
#reward=0.615484,0,0,0,0.615484,0,
......
#reward=0.791293,0,0,0,-37.1163,0,
L...d.
#reward=-1.25803,0,0,0,0,0,
R.....
#reward=1.68714,0,0,0,0,0,
......
#reward=2.80784,0,0,0,0,0,
......
#reward=3.13829,0,0,0,0,0,
......
#reward=3.17214,0,0,0,0,0,
......
#reward=3.09041,0,0,0,0,0,
......
#reward=2.27474,0,0,0,0,0,
......
#reward=2.75538,0,0,0,0,0,
......
#reward=1.1045,0,0,0,0,0,
......
#reward=1.54431,0,0,0,0,0,
......
#reward=1.07336,0,0,0,0,0,
......
#reward=1.90281,0,0,0,0,0,
D.....
#reward=2.01683,0,0,0,0,0,
U.....
#reward=2.10516,0,0,0,0,0,
......
#reward=1.70385,0,0,0,0,0,
......
#reward=1.38739,0,0,0,0,0,
......
#reward=2.50489,0,0,0,0,0,
L.....
#reward=0.0353952,0,0,0,0,0,
R.....
#reward=1.55139,0,0,0,0,0,
L.....
#reward=3.87837,0,0,0,0,0,
R.....
#reward=2.5043,0,0,0,0,0,
L.....
#reward=1.8536,0,0,0,0,0,
R.....
#reward=1.80641,0,0,0,0,0,
......
#reward=1.6625,0,0,0,0,0,
......
#reward=2.89733,0,0,0,0,0,
D.....
#reward=1.05983,0,0,0,0,0,
U.....
#reward=0.893008,0,0,0,0,0,
......
#reward=0.313902,0,0,0,0,0,
......
#reward=2.26811,0,0,0,0,0,
......
#reward=3.3764,0,0,0,0,0,
......
#reward=1.3824,0,0,0,0,0,
......
#reward=2.41973,0,0,0,0,0,
......
#reward=3.0173,0,0,0,0,0,
......
#reward=0.886925,0,0,0,0,0,
......
#reward=4.06114,0,0,0,0,0,
......
#reward=2.12609,0,0,0,0,0,
......
#reward=0.889194,0,0,0,0,0,
......
#reward=2.59935,0,0,0,0,0,
......
#reward=2.2346,0,0,0,0,0,
......
#reward=2.42777,0,0,0,0,0,
......
#reward=1.92404,0,0,0,0,0,
......
#reward=2.33639,0,0,0,0,0,
......
#reward=2.41803,0,0,0,0,0,
......
#reward=1.99128,0,0,0,0,0,
......
#reward=1.94249,0,0,0,0,0,
......
#reward=1.67882,0,0,0,0,0,
......
#reward=1.8768,0,0,0,0,0,
......
#reward=1.99804,0,0,0,0,0,
......
#reward=0.0846946,0,0,0,0,0,
......
#reward=3.92334,0,0,0,0,0,
......
#reward=0.953542,0,0,0,0,0,
......
#reward=1.84973,0,0,0,0,0,
......
#reward=1.45441,0,0,0,0,0,
......
#reward=1.31076,0,0,0,0,0,
......
#reward=4.55291,0,0,0,0,0,
......
#reward=0.964147,0,0,0,0,0,
......
#reward=-0.653132,0,0,0,0,0,
......
#reward=3.82339,0,0,0,0,0,
......
#reward=1.57357,0,0,0,0,0,
......
#reward=1.25171,0,0,0,0,0,
......
#reward=0.639268,0,0,0,0,0,
......
#reward=3.07719,0,0,0,0,0,
......
#reward=2.71433,0,0,0,0,0,
......
#reward=2.42791,0,0,0,0,0,
......
#reward=1.53019,0,0,0,0,0,
......
#reward=2.91032,0,0,0,0,0,
......
#reward=2.31625,0,0,0,0,0,
......
#reward=0.0267707,0,0,0,0,0,
......
#reward=2.63486,0,0,0,0,0,
......
#reward=1.53153,0,0,0,0,0,
......
#reward=1.35411,0,0,0,0,0,
......
#reward=1.37766,0,0,0,0,0,
......
#reward=1.83154,0,0,0,0,0,
......
#reward=3.10366,0,0,0,0,0,
......
#reward=1.92875,0,0,0,0,0,
......
#reward=1.95699,0,0,0,0,0,
......
#reward=1.57212,0,0,0,0,0,
......
#reward=2.40965,0,0,0,0,0,
......
#reward=1.47361,0,0,0,0,0,
......
#reward=4.31674,0,0,0,0,0,
......
#reward=1.2844,0,0,0,0,0,
......
#reward=1.30808,0,0,0,0,0,
......
#reward=2.22354,0,0,0,0,0,
......
#reward=3.21305,0,0,0,0,0,
......
#reward=2.10443,0,0,0,0,0,
......
#reward=2.316,0,0,0,0,0,
......
#reward=2.32853,0,0,0,0,0,
......
#reward=1.396,0,0,0,0,0,
......
#reward=3.8355,0,0,0,0,0,
......
#reward=-0.169614,0,0,0,0,0,
......
#reward=1.83387,0,0,0,0,0,
......
#reward=2.5645,0,0,0,0,0,
......
#reward=0.300332,0,0,0,0,0,
......
#reward=0.822202,0,0,0,0,0,
......
#reward=2.03187,0,0,0,0,0,
......
#reward=2.17006,0,0,0,0,0,
......
#reward=2.13076,0,0,0,0,0,
......
#reward=1.24859,0,0,0,0,0,
......
#reward=2.7914,0,0,0,0,0,
......
#reward=2.80767,0,0,0,0,0,
......
#reward=1.53809,0,0,0,0,0,
......
#reward=1.96132,0,0,0,0,0,
......
#reward=2.164,0,0,0,0,0,
......
#reward=2.69709,0,0,0,0,0,
......
#reward=2.96648,0,0,0,0,0,
......
#reward=0.974975,0,0,0,0,0,
......
#reward=3.12088,0,0,0,0,0,
......
#reward=2.58609,0,0,0,0,0,
......
#reward=0.0146948,0,0,0,0,0,
......
#reward=3.39628,0,0,0,0,0,
......
#reward=0.00025751,0,0,0,0,0,
......
#reward=2.35912,0,0,0,0,0,
......
#reward=1.9851,0,0,0,0,0,
......
#reward=2.98767,0,0,0,0,0,
......
#reward=1.94322,0,0,0,0,0,
......
#reward=2.32962,0,0,0,0,0,
......
#reward=3.73849,0,0,0,0,0,
......
#reward=1.32236,0,0,0,0,0,
......
#reward=3.22212,0,0,0,0,0,
......
#reward=0.517552,0,0,0,0,0,
......
#reward=2.79649,0,0,0,0,0,
......
#reward=1.24517,0,0,0,0,0,
......
#reward=0.860929,0,0,0,0,0,
......
#reward=2.56458,0,0,0,0,0,
......
#reward=2.92536,0,0,0,0,0,
......
#reward=3.71902,0,0,0,0,0,
......
#reward=2.53961,0,0,0,0,0,
......
#reward=2.02899,0,0,0,0,0,
......
#reward=1.63639,0,0,0,0,0,
......
#reward=-0.00710245,0,0,0,0,0,
......
#reward=4.14032,0,0,0,0,0,
......
#reward=0.982595,0,0,0,0,0,
......
#reward=0.930976,0,0,0,0,0,
......
#reward=1.21131,0,0,0,0,0,
......
#reward=1.60541,0,0,0,0,0,
......
#reward=3.3936,0,0,0,0,0,
......
#reward=1.26737,0,0,0,0,0,
......
#reward=1.62036,0,0,0,0,0,
......
#reward=2.48839,0,0,0,0,0,
......
#reward=2.37623,0,0,0,0,0,
......
#reward=1.16816,0,0,0,0,0,
......
#reward=2.30517,0,0,0,0,0,
......
#reward=0.732525,0,0,0,0,0,
......
#reward=1.04609,0,0,0,0,0,
......
#reward=1.75713,0,0,0,0,0,
......
#reward=3.28745,0,0,0,0,0,
......
#reward=-0.497244,0,0,0,0,0,
......
#reward=2.79897,0,0,0,0,0,
......
#reward=2.09186,0,0,0,0,0,
......
#reward=1.3521,0,0,0,0,0,
......
#reward=2.33335,0,0,0,0,0,
......
#reward=2.88068,0,0,0,0,0,
......
#reward=3.53123,0,0,0,0,0,
......
#reward=1.57601,0,0,0,0,0,
......
#reward=1.37974,0,0,0,0,0,
......
#reward=2.2778,0,0,0,0,0,
......
#reward=1.13666,0,0,0,0,0,
......
#reward=2.231,0,0,0,0,0,
......
#reward=3.05704,0,0,0,0,0,
......
#reward=3.1063,0,0,0,0,0,
......
#reward=1.03318,0,0,0,0,0,
......
#reward=1.65455,0,0,0,0,0,
......
#reward=2.3117,0,0,0,0,0,
......
#reward=1.3118,0,0,0,0,0,
......
#reward=0.928879,0,0,0,0,0,
......
#reward=2.20241,0,0,0,0,0,
......
#reward=2.1075,0,0,0,0,0,
......
#reward=1.76968,0,0,0,0,0,
......
#reward=2.31049,0,0,0,0,0,
......
#reward=3.58388,0,0,0,0,0,
......
#reward=2.65996,0,0,0,0,0,
......
#reward=1.63228,0,0,0,0,0,
......
#reward=2.44799,0,0,0,0,0,
......
#reward=1.35189,0,0,0,0,0,
......
#reward=2.58777,0,0,0,0,0,
......
#reward=0.0825764,0,0,0,0,0,
......
#reward=2.90328,0,0,0,0,0,
......
#reward=2.57281,0,0,0,0,0,
......
#reward=2.50756,0,0,0,0,0,
......
#reward=0.9145,0,0,0,0,0,
......
#reward=2.75867,0,0,0,0,0,
......
#reward=1.12204,0,0,0,0,0,
......
#reward=2.10496,0,0,0,0,0,
......
#reward=1.35004,0,0,0,0,0,
......
#reward=2.53006,0,0,0,0,0,
......
#reward=1.29347,0,0,0,0,0,
......
#reward=1.81427,0,0,0,0,0,
......
#reward=3.16464,0,0,0,0,0,
......
#reward=2.22473,0,0,0,0,0,
......
#reward=3.1851,0,0,0,0,0,
......
#reward=1.92669,0,0,0,0,0,
......
