#port=42525
#reward=8.14526,8.14526,8.14526,8.14526,8.14526,8.14526,8.14526,
#reward=2.12891,2.12891,2.12891,2.12891,2.12891,2.12891,2.12891,
UlD.rUr
#reward=1.86318,1.86318,1.86318,1.86318,1.86318,1.86318,1.86318,
lurlllu
#reward=1.4413,1.4413,1.4413,1.4413,1.4413,1.4413,1.4413,
urU.DUL
#reward=2.96221,2.96221,2.96221,2.96221,2.96221,2.96221,2.96221,
rDUUrlu
#reward=2.3074,2.3074,2.3074,2.3074,2.3074,2.3074,2.3074,
.R.r.uL
#reward=1.66091,1.66091,1.66091,1.66091,1.66091,1.66091,1.66091,
D.R.u.l
#reward=1.50965,1.50965,1.50965,1.50965,1.50965,1.50965,1.50965,
rllLLR.
#reward=2.6683,2.6683,2.6683,2.6683,2.6683,2.6683,2.6683,
L...rRu
#reward=1.1892,1.1892,1.1892,1.1892,1.1892,1.1892,1.1892,
LRU.LDr
#reward=1.67362,1.67362,1.67362,1.67362,1.67362,1.67362,1.67362,
rrl.lR.
#reward=3.82078,3.82078,3.82078,3.82078,3.82078,3.82078,3.82078,
uUU..l.
#reward=1.31031,1.31031,1.31031,1.31031,1.31031,1.31031,1.31031,
D.lU.DD
#reward=3.17176,3.17176,3.17176,3.17176,3.17176,3.17176,3.17176,
l..D.L.
#reward=1.23978,1.23978,1.23978,1.23978,1.23978,1.23978,1.23978,
.Dr...L
#reward=3.05121,3.05121,3.05121,3.05121,3.05121,3.05121,3.05121,
.L.LRLl
#reward=1.85326,1.85326,1.85326,1.85326,1.85326,1.85326,1.85326,
.R.RL..
#reward=1.51211,1.51211,1.51211,1.51211,1.51211,1.51211,1.51211,
UUDuDL.
#reward=2.04292,2.04292,2.04292,2.04292,2.04292,2.04292,2.04292,
LDDLdL.
#reward=3.05568,3.05568,3.05568,3.05568,3.05568,3.05568,3.05568,
L..URlR
#reward=1.58032,1.58032,1.58032,1.58032,1.58032,1.58032,1.58032,
lURUR.U
#reward=1.93359,1.93359,1.93359,1.93359,1.93359,1.93359,1.93359,
RDru.RD
#reward=1.89197,1.89197,1.89197,1.89197,1.89197,1.89197,1.89197,
...lRUU
#reward=2.54414,2.54414,2.54414,2.54414,2.54414,2.54414,2.54414,
..D.rUD
#reward=3.04882,3.04882,3.04882,3.04882,3.04882,3.04882,3.04882,
U.Ur..U
#reward=3.71982,3.71982,3.71982,3.71982,3.71982,3.71982,3.71982,
l...D..
#reward=2.38055,2.38055,2.38055,2.38055,2.38055,2.38055,2.38055,
DUl.R.D
#reward=2.83958,2.83958,2.83958,2.83958,2.83958,2.83958,2.83958,
.u..rRl
#reward=0.715097,0.715097,0.715097,0.715097,0.715097,0.715097,0.715097,
URU.LUR
#reward=1.59624,1.59624,1.59624,1.59624,1.59624,1.59624,1.59624,
DUR..Ur
#reward=0.236029,0.236029,0.236029,0.236029,0.236029,0.236029,0.236029,
UU..RU.
#reward=1.87192,1.87192,1.87192,1.87192,1.87192,1.87192,1.87192,
.r..DDD
#reward=2.50411,2.50411,2.50411,2.50411,2.50411,2.50411,2.50411,
ULrDrld
#reward=4.68156,4.68156,4.68156,4.68156,4.68156,4.68156,4.68156,
DlULDU.
#reward=0.741116,0.741116,0.741116,0.741116,0.741116,0.741116,0.741116,
DU.rLlR
#reward=2.81321,2.81321,2.81321,2.81321,2.81321,2.81321,2.81321,
.DuLUDL
#reward=1.83473,1.83473,1.83473,1.83473,1.83473,1.83473,1.83473,
..RLLUL
#reward=3.50681,3.50681,3.50681,3.50681,3.50681,3.50681,3.50681,
.RLL.uL
#reward=0.888654,0.888654,0.888654,0.888654,0.888654,0.888654,0.888654,
UU.RURD
#reward=2.98295,2.98295,2.98295,2.98295,2.98295,2.98295,2.98295,
.uRLRlr
#reward=2.32243,2.32243,2.32243,2.32243,2.32243,2.32243,2.32243,
U.ulDrU
#reward=0.306895,0.306895,0.306895,0.306895,0.306895,0.306895,0.306895,
RlRuUUD
#reward=2.36398,2.36398,2.36398,2.36398,2.36398,2.36398,2.36398,
R.D.RUU
#reward=1.84012,1.84012,1.84012,1.84012,1.84012,1.84012,1.84012,
..URDDr
#reward=0.537607,0.537607,0.537607,0.537607,0.537607,0.537607,0.537607,
...R.uD
#reward=2.25419,2.25419,2.25419,2.25419,2.25419,2.25419,2.25419,
.DuD..u
#reward=0.976574,0.976574,0.976574,0.976574,0.976574,0.976574,0.976574,
.U.DDRL
#reward=1.77616,1.77616,1.77616,1.77616,1.77616,1.77616,1.77616,
...lrRl
#reward=0.909375,0.909375,0.909375,0.909375,0.909375,0.909375,0.909375,
.R.R.LD
#reward=1.78492,1.78492,1.78492,1.78492,1.78492,1.78492,1.78492,
..R..UL
#reward=1.79832,1.79832,1.79832,1.79832,1.79832,1.79832,1.79832,
LuRL.UD
#reward=3.32302,3.32302,3.32302,3.32302,3.32302,3.32302,3.32302,
R.u..r.
#reward=2.02087,2.02087,2.02087,2.02087,2.02087,2.02087,2.02087,
..LU.Ul
#reward=3.65287,3.65287,3.65287,3.65287,3.65287,3.65287,3.65287,
.RlUUUr
#reward=0.763595,0.763595,0.763595,0.763595,0.763595,0.763595,0.763595,
.uRLLR.
#reward=2.4762,2.4762,2.4762,2.4762,2.4762,2.4762,2.4762,
LDDlUDU
#reward=1.87644,1.87644,1.87644,1.87644,1.87644,1.87644,1.87644,
LrRDl.L
#reward=2.1843,2.1843,2.1843,2.1843,2.1843,2.1843,2.1843,
l.DURUU
#reward=3.14849,3.14849,3.14849,3.14849,3.14849,3.14849,3.14849,
uUUUDDD
#reward=3.45664,3.45664,3.45664,3.45664,3.45664,3.45664,3.45664,
DLLUUU.
#reward=2.35779,2.35779,2.35779,2.35779,2.35779,2.35779,2.35779,
ULURDUR
#reward=2.78305,2.78305,2.78305,2.78305,2.78305,2.78305,2.78305,
RDDL.Dr
#reward=1.25686,1.25686,1.25686,1.25686,1.25686,1.25686,1.25686,
LDD..D.
#reward=2.72358,2.72358,2.72358,2.72358,2.72358,2.72358,2.72358,
RUDRD..
#reward=2.28315,2.28315,2.28315,2.28315,2.28315,2.28315,2.28315,
.LRL..D
#reward=2.07075,2.07075,2.07075,2.07075,2.07075,2.07075,2.07075,
UR.R.UU
#reward=0.635215,0.635215,0.635215,0.635215,0.635215,0.635215,0.635215,
...LUDL
#reward=2.60145,2.60145,2.60145,2.60145,2.60145,2.60145,2.60145,
uDl.UUR
#reward=2.03536,2.03536,2.03536,2.03536,2.03536,2.03536,2.03536,
DuUDDDD
#reward=0.449186,0.449186,0.449186,0.449186,0.449186,0.449186,0.449186,
uDUR..D
#reward=2.35173,2.35173,2.35173,2.35173,2.35173,2.35173,2.35173,
RLDU..r
#reward=2.22506,2.22506,2.22506,2.22506,2.22506,2.22506,2.22506,
..L.DU.
#reward=0.745805,0.745805,0.745805,0.745805,0.745805,0.745805,0.745805,
LD...DL
#reward=3.11874,3.11874,3.11874,3.11874,3.11874,3.11874,3.11874,
R..u...
#reward=2.54775,2.54775,2.54775,2.54775,2.54775,2.54775,2.54775,
.DRL..R
#reward=0.811075,0.811075,0.811075,0.811075,0.811075,0.811075,0.811075,
.RR...D
#reward=3.40318,3.40318,3.40318,3.40318,3.40318,3.40318,3.40318,
.L....L
#reward=1.33695,1.33695,1.33695,1.33695,1.33695,1.33695,1.33695,
.RL..Ur
#reward=2.7506,2.7506,2.7506,2.7506,2.7506,2.7506,2.7506,
.Rl.UDU
#reward=0.416194,0.416194,0.416194,0.416194,0.416194,0.416194,0.416194,
....UL.
#reward=4.47803,4.47803,4.47803,4.47803,4.47803,4.47803,4.47803,
.RUDD.r
#reward=1.59356,1.59356,1.59356,1.59356,1.59356,1.59356,1.59356,
.DuRUUD
#reward=5.72708,5.72708,5.72708,5.72708,5.72708,5.72708,5.72708,
.U...U.
#reward=2.11249,2.11249,2.11249,2.11249,2.11249,2.11249,2.11249,
LrD.DRD
#reward=2.85191,2.85191,2.85191,2.85191,2.85191,2.85191,2.85191,
RDRLDDR
#reward=3.74658,3.74658,3.74658,3.74658,3.74658,3.74658,3.74658,
LD.UU.D
#reward=0.0662832,0.0662832,0.0662832,0.0662832,0.0662832,0.0662832,0.0662832,
RR.LD.U
#reward=3.92371,3.92371,3.92371,3.92371,3.92371,3.92371,3.92371,
LRDU.DL
#reward=-0.902618,-0.902618,-0.902618,-0.902618,-0.902618,-0.902618,-0.902618,
RrDD..D
#reward=7.67617,7.67617,7.67617,7.67617,7.67617,7.67617,7.67617,
.D.R.UD
#reward=2.45741,2.45741,2.45741,2.45741,2.45741,2.45741,2.45741,
.UR.UU.
#reward=1.06335,1.06335,1.06335,1.06335,1.06335,1.06335,1.06335,
.UU.D.R
#reward=0.32685,0.32685,0.32685,0.32685,0.32685,0.32685,0.32685,
.RD..L.
#reward=2.66291,2.66291,2.66291,2.66291,2.66291,2.66291,2.66291,
..U.LDU
#reward=0.322457,0.322457,0.322457,0.322457,0.322457,0.322457,0.322457,
.LR.D.L
#reward=1.21008,1.21008,1.21008,1.21008,1.21008,1.21008,1.21008,
.R...LD
#reward=-0.379319,-0.379319,-0.379319,-0.379319,-0.379319,-0.379319,-0.379319,
L...U.U
