#port=47014
#reward=10.9342,10.9342,10.9342,10.9342,10.9342,10.9342,10.9342,10.9342,10.9342,10.9342,
#reward=2.07943,2.07943,2.07943,2.07943,2.07943,2.07943,2.07943,2.07943,2.07943,2.07943,
.Lu.lLRuRU
#reward=1.23272,1.23272,1.23272,1.23272,1.23272,1.23272,1.23272,1.23272,1.23272,1.23272,
DrrlRlDRU.
#reward=1.45661,1.45661,1.45661,1.45661,1.45661,1.45661,1.45661,1.45661,1.45661,1.45661,
ul.RluDlu.
#reward=1.71838,1.71838,1.71838,1.71838,1.71838,1.71838,1.71838,1.71838,1.71838,1.71838,
D....DrUrl
#reward=1.65697,1.65697,1.65697,1.65697,1.65697,1.65697,1.65697,1.65697,1.65697,1.65697,
U.d.UudDLu
#reward=1.9497,1.9497,1.9497,1.9497,1.9497,1.9497,1.9497,1.9497,1.9497,1.9497,
r..RDL.UD.
#reward=2.21314,2.21314,2.21314,2.21314,2.21314,2.21314,2.21314,2.21314,2.21314,2.21314,
.U.L..Lr.r
#reward=1.46754,1.46754,1.46754,1.46754,1.46754,1.46754,1.46754,1.46754,1.46754,1.46754,
DL..rl..uD
#reward=2.43532,2.43532,2.43532,2.43532,2.43532,2.43532,2.43532,2.43532,2.43532,2.43532,
....DRRu.U
#reward=1.08501,1.08501,1.08501,1.08501,1.08501,1.08501,1.08501,1.08501,1.08501,1.08501,
r..RDDuDdD
#reward=1.74548,1.74548,1.74548,1.74548,1.74548,1.74548,1.74548,1.74548,1.74548,1.74548,
d...DL.urr
#reward=2.17028,2.17028,2.17028,2.17028,2.17028,2.17028,2.17028,2.17028,2.17028,2.17028,
.R..RuLR.D
#reward=2.1393,2.1393,2.1393,2.1393,2.1393,2.1393,2.1393,2.1393,2.1393,2.1393,
UU.lLRRr..
#reward=2.96729,2.96729,2.96729,2.96729,2.96729,2.96729,2.96729,2.96729,2.96729,2.96729,
...RlD...D
#reward=2.18267,2.18267,2.18267,2.18267,2.18267,2.18267,2.18267,2.18267,2.18267,2.18267,
.....R..Lr
#reward=2.48991,2.48991,2.48991,2.48991,2.48991,2.48991,2.48991,2.48991,2.48991,2.48991,
.r...R.DRu
#reward=2.18032,2.18032,2.18032,2.18032,2.18032,2.18032,2.18032,2.18032,2.18032,2.18032,
.d..U.L.L.
#reward=2.82535,2.82535,2.82535,2.82535,2.82535,2.82535,2.82535,2.82535,2.82535,2.82535,
.l.DUDRrLD
#reward=2.18356,2.18356,2.18356,2.18356,2.18356,2.18356,2.18356,2.18356,2.18356,2.18356,
...RDR.LU.
#reward=2.81688,2.81688,2.81688,2.81688,2.81688,2.81688,2.81688,2.81688,2.81688,2.81688,
.U...RLURL
#reward=2.30203,2.30203,2.30203,2.30203,2.30203,2.30203,2.30203,2.30203,2.30203,2.30203,
D..D.UR...
#reward=2.14149,2.14149,2.14149,2.14149,2.14149,2.14149,2.14149,2.14149,2.14149,2.14149,
LR.RL....r
#reward=3.37939,3.37939,3.37939,3.37939,3.37939,3.37939,3.37939,3.37939,3.37939,3.37939,
UU.RLDL..U
#reward=2.5831,2.5831,2.5831,2.5831,2.5831,2.5831,2.5831,2.5831,2.5831,2.5831,
Du.Uu..RUD
#reward=1.83198,1.83198,1.83198,1.83198,1.83198,1.83198,1.83198,1.83198,1.83198,1.83198,
R..U.UR.uL
#reward=3.07579,3.07579,3.07579,3.07579,3.07579,3.07579,3.07579,3.07579,3.07579,3.07579,
LR.DDD..RU
#reward=2.26515,2.26515,2.26515,2.26515,2.26515,2.26515,2.26515,2.26515,2.26515,2.26515,
R..rDUL.UL
#reward=1.49786,1.49786,1.49786,1.49786,1.49786,1.49786,1.49786,1.49786,1.49786,1.49786,
.ULLlu...U
#reward=0.885042,0.885042,0.885042,0.885042,0.885042,0.885042,0.885042,0.885042,0.885042,0.885042,
.UDLD....l
#reward=3.02771,3.02771,3.02771,3.02771,3.02771,3.02771,3.02771,3.02771,3.02771,3.02771,
UL.uLrD.Dr
#reward=2.56472,2.56472,2.56472,2.56472,2.56472,2.56472,2.56472,2.56472,2.56472,2.56472,
LuL..DD.UU
#reward=3.2182,3.2182,3.2182,3.2182,3.2182,3.2182,3.2182,3.2182,3.2182,3.2182,
LlL.rLR..D
#reward=1.956,1.956,1.956,1.956,1.956,1.956,1.956,1.956,1.956,1.956,
DR.l.UllRD
#reward=2.58838,2.58838,2.58838,2.58838,2.58838,2.58838,2.58838,2.58838,2.58838,2.58838,
UDRRlUr..r
#reward=2.22755,2.22755,2.22755,2.22755,2.22755,2.22755,2.22755,2.22755,2.22755,2.22755,
uDl.DUD.UU
#reward=1.49753,1.49753,1.49753,1.49753,1.49753,1.49753,1.49753,1.49753,1.49753,1.49753,
r.RU.DUDRU
#reward=3.49638,3.49638,3.49638,3.49638,3.49638,3.49638,3.49638,3.49638,3.49638,3.49638,
....Lu.U.U
#reward=2.89147,2.89147,2.89147,2.89147,2.89147,2.89147,2.89147,2.89147,2.89147,2.89147,
.UD.rLD..R
#reward=-0.0161966,-0.0161966,-0.0161966,-0.0161966,-0.0161966,-0.0161966,-0.0161966,-0.0161966,-0.0161966,-0.0161966,
.DR.D...LU
#reward=1.63032,1.63032,1.63032,1.63032,1.63032,1.63032,1.63032,1.63032,1.63032,1.63032,
DUDRU..DlR
#reward=1.1128,1.1128,1.1128,1.1128,1.1128,1.1128,1.1128,1.1128,1.1128,1.1128,
RUURLRR.UU
#reward=1.53906,1.53906,1.53906,1.53906,1.53906,1.53906,1.53906,1.53906,1.53906,1.53906,
RUr.rLLLUD
#reward=1.90273,1.90273,1.90273,1.90273,1.90273,1.90273,1.90273,-25.3306,1.90273,1.90273,
U...URDlDU
#reward=1.91766,1.91766,1.91766,1.91766,1.91766,1.91766,1.91766,0,1.91766,1.91766,
DDL.D.D.R.
#reward=1.30026,1.30026,1.30026,1.30026,1.30026,1.30026,1.30026,0,1.30026,1.30026,
LLr...URrD
#reward=3.67426,3.67426,3.67426,3.67426,3.67426,3.67426,3.67426,0,3.67426,3.67426,
...R.DuUuU
#reward=3.58759,3.58759,3.58759,3.58759,3.58759,3.58759,3.58759,0,3.58759,3.58759,
R..LLRl.DD
#reward=1.49822,1.49822,1.49822,1.49822,1.49822,1.49822,1.49822,0,1.49822,1.49822,
u.ULRL.D.U
#reward=1.04816,1.04816,1.04816,1.04816,1.04816,1.04816,1.04816,0,1.04816,1.04816,
L.UDUDR.U.
#reward=2.87091,2.87091,2.87091,2.87091,2.87091,2.87091,2.87091,0,2.87091,2.87091,
..UUuRrUDD
#reward=0.360175,0.360175,0.360175,0.360175,0.360175,0.360175,0.360175,0,0.360175,0.360175,
L.ULLL.D.U
#reward=2.4082,2.4082,2.4082,2.4082,2.4082,2.4082,2.4082,0,2.4082,2.4082,
r.D..UdU..
#reward=3.35196,3.35196,3.35196,3.35196,3.35196,3.35196,3.35196,0,3.35196,3.35196,
L.URLR.DU.
#reward=2.75705,2.75705,2.75705,2.75705,2.75705,2.75705,2.75705,0,2.75705,2.75705,
RR..rDU.L.
#reward=4.22556,4.22556,4.22556,4.22556,4.22556,4.22556,4.22556,0,4.22556,4.22556,
.UDRL..LU.
#reward=5.8981,5.8981,5.8981,5.8981,5.8981,5.8981,5.8981,0,5.8981,5.8981,
....DurRL.
#reward=-0.209603,-0.209603,-0.209603,-0.209603,-0.209603,-0.209603,-0.209603,0,-0.209603,-0.209603,
UDlR.R.LlD
#reward=0.652439,0.652439,0.652439,0.652439,0.652439,0.652439,0.652439,0,0.652439,0.652439,
..DDDDDRD.
#reward=-0.177916,-0.177916,-0.177916,-0.177916,-0.177916,-0.177916,-0.177916,0,-0.177916,-0.177916,
.UUD..UU.L
#reward=3.13579,3.13579,3.13579,3.13579,3.13579,3.13579,3.13579,0,3.13579,3.13579,
LDUURDDD.L
#reward=2.57124,2.57124,2.57124,2.57124,2.57124,2.57124,2.57124,0,2.57124,2.57124,
DlUDRU.Lll
#reward=2.75297,2.75297,2.75297,2.75297,2.75297,2.75297,2.75297,0,2.75297,2.75297,
LURuULURUr
#reward=2.76584,2.76584,2.76584,2.76584,2.76584,2.76584,2.76584,0,2.76584,2.76584,
R.D..DDLD.
#reward=3.00581,3.00581,3.00581,3.00581,3.00581,3.00581,3.00581,0,3.00581,3.00581,
DuL.LU.R..
#reward=2.01548,2.01548,2.01548,2.01548,2.01548,2.01548,2.01548,0,2.01548,2.01548,
rD...DLL.U
#reward=-0.0057019,-0.0057019,-0.0057019,-0.0057019,-0.0057019,-0.0057019,-0.0057019,0,-0.0057019,-0.0057019,
D.L.DU....
#reward=3.82949,3.82949,3.82949,3.82949,3.82949,3.82949,3.82949,0,3.82949,3.82949,
LU..LDR.RD
#reward=1.39833,1.39833,1.39833,1.39833,1.39833,1.39833,1.39833,0,1.39833,1.39833,
l.l.uU.RL.
#reward=2.64316,2.64316,2.64316,2.64316,2.64316,2.64316,2.64316,0,2.64316,2.64316,
DDU..UULU.
#reward=1.01743,1.01743,1.01743,1.01743,1.01743,1.01743,1.01743,0,1.01743,1.01743,
r.LLRDD.DU
#reward=2.70181,2.70181,2.70181,2.70181,2.70181,2.70181,2.70181,0,2.70181,2.70181,
U..LLDU...
#reward=3.05883,3.05883,3.05883,3.05883,3.05883,3.05883,3.05883,0,3.05883,3.05883,
DDLRLL.RR.
#reward=1.90769,1.90769,1.90769,1.90769,1.90769,1.90769,1.90769,0,1.90769,1.90769,
D.D.D....D
#reward=0.842468,0.842468,0.842468,0.842468,0.842468,0.842468,0.842468,0,0.842468,0.842468,
UUDDURDUrD
#reward=-0.191366,-0.191366,-0.191366,-0.191366,-0.191366,-0.191366,-0.191366,0,-0.191366,-0.191366,
uUuDDLLDUU
#reward=4.46685,4.46685,4.46685,4.46685,4.46685,4.46685,4.46685,0,4.46685,4.46685,
D.L.DRR.UD
#reward=2.82538,2.82538,2.82538,2.82538,2.82538,2.82538,2.82538,0,2.82538,2.82538,
L.D.RD.URU
#reward=-0.474285,-0.474285,-0.474285,-0.474285,-0.474285,-0.474285,-0.474285,0,-0.474285,-0.474285,
RDrL.U..UD
#reward=3.32047,3.32047,3.32047,3.32047,3.32047,3.32047,3.32047,0,3.32047,3.32047,
U.DDLrLD.D
#reward=3.1762,3.1762,3.1762,3.1762,3.1762,3.1762,3.1762,0,3.1762,3.1762,
LUrlRDRUdR
#reward=2.49748,2.49748,2.49748,2.49748,2.49748,2.49748,2.49748,0,2.49748,2.49748,
L...LU.DRR
#reward=2.92458,2.92458,2.92458,2.92458,2.92458,2.92458,2.92458,0,2.92458,2.92458,
U..URDL.L.
#reward=-0.136017,-0.136017,-0.136017,-0.136017,-0.136017,-0.136017,-0.136017,0,-0.136017,-0.136017,
u.L.DRRLR.
#reward=3.89379,3.89379,3.89379,3.89379,3.89379,3.89379,3.89379,0,3.89379,3.89379,
l..RD.U.LL
#reward=0.366354,0.366354,0.366354,0.366354,0.366354,0.366354,0.366354,0,0.366354,0.366354,
DDRD..DRRR
#reward=1.11762,1.11762,1.11762,1.11762,1.11762,1.11762,1.11762,0,1.11762,1.11762,
r.UDL..LLR
#reward=2.24194,2.24194,2.24194,2.24194,2.24194,2.24194,2.24194,0,2.24194,2.24194,
D.Dd...RR.
#reward=1.44775,1.44775,1.44775,1.44775,1.44775,1.44775,1.44775,0,1.44775,1.44775,
..LU...LDU
#reward=1.0574,1.0574,1.0574,1.0574,1.0574,1.0574,1.0574,0,1.0574,1.0574,
L.URR.LRRD
#reward=2.11934,2.11934,2.11934,2.11934,2.11934,2.11934,2.11934,0,2.11934,2.11934,
U.D.L.R.LU
#reward=0.912636,0.912636,0.912636,0.912636,0.912636,0.912636,0.912636,0,0.912636,0.912636,
D.RUD..LU.
#reward=3.84955,3.84955,3.84955,3.84955,3.84955,3.84955,3.84955,0,3.84955,3.84955,
uDL.L..R.D
#reward=0.892692,0.892692,0.892692,0.892692,0.892692,0.892692,0.892692,0,0.892692,0.892692,
.ul...L..U
#reward=2.14899,2.14899,2.14899,2.14899,2.14899,2.14899,2.14899,0,2.14899,2.14899,
D...R.RU..
#reward=1.18911,1.18911,1.18911,1.18911,1.18911,1.18911,1.18911,0,1.18911,1.18911,
..d.U..DL.
#reward=1.3504,1.3504,1.3504,1.3504,1.3504,1.3504,1.3504,0,1.3504,1.3504,
..R..LULRD
#reward=1.3706,1.3706,1.3706,1.3706,1.3706,1.3706,1.3706,0,1.3706,1.3706,
U.U.RR.R..
#reward=2.34557,2.34557,2.34557,2.34557,2.34557,2.34557,2.34557,0,2.34557,2.34557,
R.u.LL..DU
#reward=2.78396,2.78396,2.78396,2.78396,2.78396,2.78396,2.78396,0,2.78396,2.78396,
RDDLRRD.R.
#reward=3.39257,3.39257,3.39257,3.39257,3.39257,3.39257,3.39257,0,3.39257,3.39257,
RLUUL.LLlD
#reward=1.56042,1.56042,1.56042,1.56042,1.56042,1.56042,1.56042,0,1.56042,1.56042,
RRLDR.RRUL
#reward=1.34252,1.34252,1.34252,1.34252,1.34252,1.34252,1.34252,0,1.34252,1.34252,
Ll.D....UD
#reward=1.6335,1.6335,1.6335,1.6335,1.6335,1.6335,1.6335,0,1.6335,1.6335,
UDlDU....D
#reward=4.38797,4.38797,4.38797,4.38797,4.38797,4.38797,4.38797,0,4.38797,4.38797,
DLR...U..u
#reward=3.08212,3.08212,3.08212,3.08212,3.08212,3.08212,3.08212,0,3.08212,3.08212,
DR...LDU..
#reward=4.84035,4.84035,4.84035,4.84035,4.84035,4.84035,4.84035,0,4.84035,4.84035,
..DRDD..DD
#reward=5.78684,5.78684,5.78684,5.78684,5.78684,5.78684,5.78684,0,5.78684,5.78684,
UU.UUuUDlL
#reward=-0.926696,-0.926696,-0.926696,-0.926696,-0.926696,-0.926696,-0.926696,0,-0.926696,-0.926696,
.DULR.D.Ul
#reward=1.0028,1.0028,1.0028,1.0028,1.0028,1.0028,1.0028,0,1.0028,1.0028,
DLDD....DD
#reward=3.17803,3.17803,3.17803,3.17803,3.17803,3.17803,3.17803,0,3.17803,3.17803,
L.L.L.LU.U
#reward=1.37463,1.37463,1.37463,1.37463,1.37463,1.37463,1.37463,0,1.37463,1.37463,
r.r.R..DDD
#reward=4.09908,4.09908,4.09908,4.09908,4.09908,4.09908,4.09908,0,4.09908,4.09908,
.RU.L.RU.R
#reward=3.14717,3.14717,3.14717,3.14717,3.14717,3.14717,3.14717,0,3.14717,3.14717,
.DR.U.LD.U
#reward=0.333978,0.333978,0.333978,0.333978,0.333978,0.333978,0.333978,0,0.333978,0.333978,
LU.uD.RL.U
#reward=1.95122,1.95122,1.95122,1.95122,1.95122,1.95122,1.95122,0,1.95122,1.95122,
LU.R...R.D
#reward=3.00575,3.00575,3.00575,3.00575,3.00575,3.00575,3.00575,0,3.00575,3.00575,
UDLUU.U.RD
#reward=1.74053,1.74053,1.74053,1.74053,1.74053,1.74053,1.74053,0,1.74053,1.74053,
LUDU..DUDU
#reward=-0.413719,-0.413719,-0.413719,-0.413719,-0.413719,-0.413719,-0.413719,0,-0.413719,-0.413719,
D.....L.DL
#reward=2.14629,2.14629,2.14629,2.14629,2.14629,2.14629,2.14629,0,2.14629,2.14629,
R...D.RDU.
#reward=1.32661,1.32661,1.32661,1.32661,1.32661,1.32661,1.32661,0,1.32661,1.32661,
lUUD...LLR
#reward=1.54191,1.54191,1.54191,1.54191,1.54191,1.54191,1.54191,0,1.54191,1.54191,
RD.DR.L.RU
#reward=2.09602,2.09602,2.09602,2.09602,2.09602,2.09602,2.09602,0,2.09602,2.09602,
R.D..L..D.
#reward=4.99999,4.99999,4.99999,4.99999,4.99999,4.99999,4.99999,0,4.99999,4.99999,
lD.U.URR.D
#reward=0.276276,0.276276,0.276276,0.276276,0.276276,0.276276,0.276276,0,0.276276,0.276276,
U...LDLLR.
#reward=3.11903,3.11903,3.11903,3.11903,3.11903,3.11903,3.11903,0,3.11903,3.11903,
.U.D.UR.UD
#reward=0.475358,0.475358,0.475358,0.475358,0.475358,0.475358,0.475358,0,0.475358,0.475358,
LU.UU..RDR
#reward=2.43308,2.43308,2.43308,2.43308,2.43308,2.43308,2.43308,0,2.43308,2.43308,
U..DUDLUD.
#reward=-0.257595,-0.257595,-0.257595,-0.257595,-0.257595,-0.257595,-0.257595,0,-0.257595,-0.257595,
UD.ULUR...
#reward=0.690063,0.690063,0.690063,0.690063,0.690063,0.690063,0.690063,0,0.690063,0.690063,
.D.URL.DR.
#reward=1.10518,1.10518,1.10518,1.10518,1.10518,1.10518,1.10518,0,1.10518,1.10518,
.D..UR.U..
#reward=1.78034,1.78034,1.78034,1.78034,1.78034,1.78034,1.78034,0,1.78034,1.78034,
D....L...L
#reward=4.99557,4.99557,4.99557,4.99557,4.99557,4.99557,4.99557,0,4.99557,4.99557,
UD.LDRU.Ur
#reward=0.72043,0.72043,0.72043,0.72043,0.72043,0.72043,0.72043,0,0.72043,0.72043,
D..uDLDDLU
#reward=2.79639,2.79639,2.79639,2.79639,2.79639,2.79639,2.79639,0,2.79639,2.79639,
UUU.u..LUD
#reward=1.62479,1.62479,1.62479,1.62479,1.62479,1.62479,1.62479,0,1.62479,1.62479,
.UR..LU..D
#reward=3.26472,3.26472,3.26472,3.26472,3.26472,3.26472,3.26472,0,3.26472,3.26472,
....DUD.RU
#reward=0.731508,0.731508,0.731508,0.731508,0.731508,0.731508,0.731508,0,0.731508,0.731508,
.U.RDDURUu
#reward=2.42231,2.42231,2.42231,2.42231,2.42231,2.42231,2.42231,0,2.42231,2.42231,
.D.DU.D.RD
#reward=3.08594,3.08594,3.08594,3.08594,3.08594,3.08594,3.08594,0,3.08594,3.08594,
.U...DU.r.
#reward=0.509929,0.509929,0.509929,0.509929,0.509929,0.509929,0.509929,0,0.509929,0.509929,
DD.D.U.L.U
#reward=0.526818,0.526818,0.526818,0.526818,0.526818,0.526818,0.526818,0,0.526818,0.526818,
UL..DUDRL.
#reward=1.56072,1.56072,1.56072,1.56072,1.56072,1.56072,1.56072,0,1.56072,1.56072,
D.LUUUU.lD
#reward=3.37043,3.37043,3.37043,3.37043,3.37043,3.37043,3.37043,0,3.37043,3.37043,
UR..RDDLuU
#reward=3.54079,3.54079,3.54079,3.54079,3.54079,3.54079,3.54079,0,3.54079,3.54079,
DUDU.DL.RL
#reward=1.53676,1.53676,1.53676,1.53676,1.53676,1.53676,1.53676,0,1.53676,1.53676,
UU..LD.RLR
#reward=2.1043,2.1043,2.1043,2.1043,2.1043,2.1043,2.1043,0,2.1043,2.1043,
.D.D...L.D
#reward=1.81372,1.81372,1.81372,1.81372,1.81372,1.81372,1.81372,0,1.81372,1.81372,
...UR.RRDU
#reward=1.73178,1.73178,1.73178,1.73178,1.73178,1.73178,1.73178,0,1.73178,1.73178,
....LLL.UD
#reward=1.66711,1.66711,1.66711,1.66711,1.66711,1.66711,1.66711,0,1.66711,1.66711,
...D.UDU.U
#reward=3.62028,3.62028,3.62028,3.62028,3.62028,3.62028,3.62028,0,3.62028,3.62028,
DU.UDUU.RL
#reward=1.21068,1.21068,1.21068,1.21068,1.21068,1.21068,1.21068,0,1.21068,1.21068,
U..L.LRDLL
#reward=1.95805,1.95805,1.95805,1.95805,1.95805,1.95805,1.95805,0,1.95805,1.95805,
.....ULL..
#reward=0.101485,0.101485,0.101485,0.101485,0.101485,0.101485,0.101485,0,0.101485,0.101485,
.....URRRR
#reward=3.27312,3.27312,3.27312,3.27312,3.27312,3.27312,3.27312,0,3.27312,3.27312,
DD.LlLLLU.
#reward=1.83048,1.83048,1.83048,1.83048,1.83048,1.83048,1.83048,0,1.83048,1.83048,
.D..U.D.rU
#reward=4.04516,4.04516,4.04516,4.04516,4.04516,4.04516,4.04516,0,4.04516,4.04516,
UU....L.DD
#reward=0.281001,0.281001,0.281001,0.281001,0.281001,0.281001,0.281001,0,0.281001,0.281001,
DUU.DDLRU.
#reward=-0.354638,-0.354638,-0.354638,-0.354638,-0.354638,-0.354638,-0.354638,0,-0.354638,-0.354638,
U...URr.UD
#reward=1.27981,1.27981,1.27981,1.27981,1.27981,1.27981,1.27981,0,1.27981,1.27981,
DDD.U.L.RR
#reward=2.10814,2.10814,2.10814,2.10814,2.10814,2.10814,2.10814,0,2.10814,2.10814,
UD..LLU...
#reward=3.49187,3.49187,3.49187,3.49187,3.49187,3.49187,3.49187,0,3.49187,3.49187,
.L.R.RR...
#reward=4.07104,4.07104,4.07104,4.07104,4.07104,4.07104,4.07104,0,4.07104,4.07104,
.R.LR.LL.U
#reward=1.00984,1.00984,1.00984,1.00984,1.00984,1.00984,1.00984,0,1.00984,1.00984,
.UUR..UR.L
#reward=2.91996,2.91996,2.91996,2.91996,-31.0058,2.91996,2.91996,0,2.91996,2.91996,
.DRRlLR..L
#reward=1.93444,1.93444,1.93444,1.93444,0,1.93444,1.93444,0,1.93444,1.93444,
.D.L.L.L..
#reward=3.6698,3.6698,3.6698,3.6698,0,3.6698,3.6698,0,3.6698,3.6698,
.U.lDRUR.r
#reward=0.775778,0.775778,0.775778,0.775778,0,0.775778,0.775778,0,0.775778,0.775778,
....ULD.RD
#reward=3.02285,3.02285,3.02285,3.02285,0,3.02285,3.02285,0,3.02285,3.02285,
.U.RDRR..R
#reward=2.78758,2.78758,2.78758,2.78758,0,2.78758,2.78758,0,2.78758,2.78758,
DU.DU...D.
#reward=2.86339,2.86339,2.86339,2.86339,0,2.86339,2.86339,0,2.86339,2.86339,
DD...U.L.L
#reward=1.1357,1.1357,1.1357,1.1357,0,1.1357,1.1357,0,1.1357,1.1357,
U.L..R..U.
#reward=2.30128,2.30128,2.30128,-31.9932,0,2.30128,2.30128,0,2.30128,2.30128,
.DRUDU.RuR
#reward=1.88254,1.88254,1.88254,0,0,1.88254,1.88254,0,1.88254,1.88254,
UU..RU.LLL
#reward=1.78912,1.78912,1.78912,0,0,1.78912,1.78912,0,1.78912,1.78912,
D.L..LL.Rl
#reward=2.10855,2.10855,2.10855,0,0,2.10855,2.10855,0,2.10855,2.10855,
.UDL.RU.DU
#reward=0.495516,0.495516,0.495516,0,0,0.495516,0.495516,0,0.495516,0.495516,
u..RL.UR..
#reward=1.56501,1.56501,1.56501,0,0,1.56501,1.56501,0,1.56501,1.56501,
DD.DRDL.UD
#reward=1.44416,1.44416,1.44416,0,0,1.44416,1.44416,0,1.44416,1.44416,
U..ULURUDU
#reward=1.10994,1.10994,1.10994,0,0,1.10994,1.10994,0,1.10994,1.10994,
.D..DLDD..
#reward=4.44032,4.44032,4.44032,0,0,4.44032,4.44032,0,4.44032,4.44032,
.UU...U.U.
#reward=1.1139,1.1139,1.1139,0,0,1.1139,1.1139,0,1.1139,1.1139,
D.UD..R..L
#reward=0.891793,0.891793,0.891793,0,0,0.891793,0.891793,0,0.891793,0.891793,
.U.D..U.L.
#reward=2.05798,2.05798,2.05798,0,0,2.05798,2.05798,0,2.05798,2.05798,
UDD..R.U.U
#reward=2.38393,2.38393,-34.0255,0,0,2.38393,2.38393,0,2.38393,2.38393,
D.uUU.DDRU
#reward=1.02852,1.02852,0,0,0,1.02852,1.02852,0,1.02852,1.02852,
.URDURUL.R
#reward=2.25549,2.25549,0,0,0,2.25549,2.25549,0,2.25549,2.25549,
R.L.DUR.DL
#reward=3.23382,3.23382,0,0,0,3.23382,3.23382,0,3.23382,3.23382,
L......RUD
#reward=3.17661,3.17661,0,0,0,3.17661,3.17661,0,3.17661,3.17661,
.DD.UD.U.L
#reward=2.29331,2.29331,0,0,0,2.29331,2.29331,0,2.29331,2.29331,
L..LD..DDR
#reward=2.19936,2.19936,0,0,0,2.19936,2.19936,0,2.19936,2.19936,
DD.RRU.LU.
#reward=0.325386,0.325386,0,0,0,0.325386,0.325386,0,0.325386,0.325386,
.LU....RDL
#reward=4.61004,4.61004,0,0,0,4.61004,4.61004,0,4.61004,4.61004,
U.RUL..LU.
#reward=2.08824,2.08824,0,0,0,2.08824,2.08824,0,2.08824,2.08824,
...UUD.RDD
#reward=-0.287018,-0.287018,0,0,0,-0.287018,-0.287018,0,-0.287018,-0.287018,
.LL.....UR
#reward=3.40097,3.40097,0,0,0,3.40097,3.40097,0,3.40097,3.40097,
LL........
#reward=2.10352,2.10352,0,0,0,2.10352,2.10352,0,2.10352,2.10352,
.UD.DL...U
#reward=2.37053,2.37053,0,0,0,2.37053,2.37053,0,2.37053,2.37053,
UR..DD.LDL
#reward=-0.619984,-0.619984,0,0,0,-0.619984,-0.619984,0,-0.619984,-0.619984,
.L...DL...
#reward=0.466912,0.466912,0,0,0,0.466912,0.466912,0,0.466912,0.466912,
.LU.UR..D.
#reward=0.0541613,0.0541613,0,0,0,0.0541613,0.0541613,0,0.0541613,0.0541613,
LLDD...RUD
#reward=3.60915,3.60915,0,0,0,3.60915,3.60915,0,3.60915,3.60915,
.U.U..D..L
#reward=1.40572,1.40572,0,0,0,1.40572,1.40572,0,1.40572,1.40572,
UUUDR...UU
#reward=2.30019,2.30019,0,0,0,2.30019,2.30019,0,2.30019,2.30019,
llR.L.U..L
#reward=2.39296,2.39296,0,0,0,2.39296,2.39296,0,2.39296,2.39296,
RULDU.R...
#reward=3.19026,3.19026,0,0,0,3.19026,3.19026,0,3.19026,3.19026,
URD.D...DL
#reward=0.581692,0.581692,0,0,0,0.581692,0.581692,0,0.581692,0.581692,
lL.L.L.UUL
#reward=3.77413,3.77413,0,0,0,3.77413,3.77413,0,3.77413,3.77413,
.lURDU.DDU
#reward=1.75263,1.75263,0,0,0,1.75263,1.75263,0,1.75263,1.75263,
UDRUU...Dl
#reward=0.225902,0.225902,0,0,0,0.225902,0.225902,0,0.225902,0.225902,
Du.DRU..UR
#reward=1.54983,1.54983,0,0,0,1.54983,1.54983,0,1.54983,1.54983,
RRL.LL.LU.
#reward=1.41984,1.41984,0,0,0,1.41984,1.41984,0,1.41984,1.41984,
.LRL...RDD
#reward=3.10932,3.10932,0,0,0,3.10932,3.10932,0,3.10932,3.10932,
UrL.DRLLDL
#reward=3.87824,3.87824,0,0,0,3.87824,3.87824,0,3.87824,3.87824,
....UD.RDL
#reward=1.17661,1.17661,0,0,0,1.17661,1.17661,0,1.17661,1.17661,
..RRR...LL
#reward=3.76946,3.76946,0,0,0,3.76946,3.76946,0,3.76946,3.76946,
lDL..DDU.D
#reward=1.19867,1.19867,0,0,0,1.19867,1.19867,0,1.19867,1.19867,
.rR.LR.D.U
#reward=-0.235623,-0.235623,0,0,0,-0.235623,-0.235623,0,-0.235623,-0.235623,
.u.L..LUlU
#reward=0.581446,0.581446,0,0,0,0.581446,0.581446,0,0.581446,0.581446,
DDLRR.RDD.
#reward=1.0968,1.0968,0,0,0,1.0968,1.0968,0,1.0968,1.0968,
.RRU.L..U.
#reward=5.67029,5.67029,0,0,0,5.67029,5.67029,0,5.67029,5.67029,
l.L..UULDD
#reward=1.2097,1.2097,0,0,0,1.2097,1.2097,0,1.2097,1.2097,
UDR.LDD.D.
#reward=0.107388,0.107388,0,0,0,0.107388,0.107388,0,0.107388,0.107388,
UDLD.RuRU.
#reward=1.78062,1.78062,0,0,0,1.78062,1.78062,0,1.78062,1.78062,
rL.UR..UDL
#reward=2.58363,2.58363,0,0,0,2.58363,2.58363,0,2.58363,2.58363,
uLDDLL..UL
#reward=1.6632,1.6632,0,0,0,1.6632,1.6632,0,1.6632,1.6632,
llU.RD..D.
#reward=1.99913,1.99913,0,0,0,1.99913,1.99913,0,1.99913,1.99913,
.UR.LU..UL
#reward=1.89881,1.89881,0,0,0,1.89881,1.89881,0,1.89881,1.89881,
.DLU.RL.LL
#reward=1.41306,1.41306,0,0,0,1.41306,1.41306,0,1.41306,1.41306,
.RRUD.R.LL
#reward=1.57651,1.57651,0,0,0,1.57651,1.57651,0,1.57651,1.57651,
.L.D...DDL
#reward=2.75145,2.75145,0,0,0,2.75145,2.75145,0,2.75145,2.75145,
.ULDU..UUl
#reward=1.97621,1.97621,0,0,0,1.97621,1.97621,0,1.97621,1.97621,
.lD.U..D.D
#reward=1.79357,1.79357,0,0,0,1.79357,1.79357,0,1.79357,1.79357,
.U.LD..Uu.
#reward=2.86799,2.86799,0,0,0,2.86799,2.86799,0,2.86799,2.86799,
.UU......D
#reward=0.526201,0.526201,0,0,0,0.526201,0.526201,0,0.526201,0.526201,
DLRRU...Ll
#reward=1.4804,1.4804,0,0,0,1.4804,1.4804,0,1.4804,1.4804,
.DL.D...Uu
#reward=3.39941,3.39941,0,0,0,3.39941,3.39941,0,3.39941,3.39941,
.UDUR...lR
#reward=2.71958,2.71958,0,0,0,2.71958,2.71958,0,2.71958,2.71958,
UU.DL..DDL
#reward=3.26983,3.26983,0,0,0,3.26983,3.26983,0,3.26983,3.26983,
.dUUDLL.L.
#reward=1.37248,1.37248,0,0,0,1.37248,1.37248,0,1.37248,1.37248,
.UD..LLLR.
#reward=2.41174,2.41174,0,0,0,2.41174,2.41174,0,2.41174,2.41174,
DU.D.R...R
#reward=0.648747,0.648747,0,0,0,0.648747,0.648747,0,0.648747,0.648747,
.L.U.D.RLU
#reward=2.32185,2.32185,0,0,0,2.32185,2.32185,0,2.32185,2.32185,
DRUD..R..r
#reward=1.96226,1.96226,0,0,0,1.96226,1.96226,0,1.96226,1.96226,
.LR...LLRD
#reward=3.83969,3.83969,0,0,0,3.83969,3.83969,0,3.83969,3.83969,
.RLU.U...u
#reward=1.65914,1.65914,0,0,0,1.65914,1.65914,0,1.65914,1.65914,
.DRD.LRRL.
#reward=3.33213,3.33213,0,0,0,3.33213,3.33213,0,3.33213,3.33213,
.D..URDUR.
#reward=2.14359,2.14359,0,0,0,2.14359,2.14359,0,2.14359,2.14359,
.LLLUDDDU.
#reward=0.818409,0.818409,0,0,0,0.818409,0.818409,0,0.818409,0.818409,
U.D..DRLD.
#reward=1.34558,1.34558,0,0,0,1.34558,1.34558,0,1.34558,1.34558,
RRURDU.R.R
#reward=1.5907,1.5907,0,0,0,1.5907,1.5907,0,1.5907,1.5907,
.URL.U....
#reward=-0.394335,-0.394335,0,0,0,-0.394335,-0.394335,0,-0.394335,-0.394335,
.LLRDULL.l
#reward=4.71878,4.71878,0,0,0,4.71878,4.71878,0,4.71878,4.71878,
.R.U..RRU.
#reward=2.24266,2.24266,0,0,0,2.24266,2.24266,0,2.24266,2.24266,
LUR..D....
#reward=2.56091,2.56091,0,0,0,2.56091,2.56091,0,2.56091,2.56091,
URLDUR.UD.
#reward=0.697025,0.697025,0,0,0,0.697025,0.697025,0,0.697025,0.697025,
.RR.RL..L.
#reward=2.4319,2.4319,0,0,0,2.4319,2.4319,0,2.4319,2.4319,
.RLLLU..R.
#reward=3.72303,3.72303,0,0,0,3.72303,3.72303,0,3.72303,3.72303,
.RDRRU..Rr
#reward=4.1021,4.1021,0,0,0,4.1021,4.1021,0,4.1021,4.1021,
.DU.L.....
#reward=2.5745,2.5745,0,0,0,2.5745,2.5745,0,2.5745,2.5745,
.U.LULLDLD
#reward=0.575825,0.575825,0,0,0,0.575825,0.575825,0,0.575825,0.575825,
.l.R..L.RL
#reward=0.957552,0.957552,0,0,0,0.957552,0.957552,0,0.957552,0.957552,
.UR..R..L.
#reward=3.31399,3.31399,0,0,0,3.31399,3.31399,0,3.31399,3.31399,
DRL.DD..Rl
#reward=0.788051,0.788051,0,0,0,0.788051,0.788051,0,0.788051,0.788051,
.URLU...lR
#reward=-0.216936,-0.216936,0,0,0,-0.216936,-0.216936,0,-0.216936,-0.216936,
R.LR...L..
#reward=6.95809,6.95809,0,0,0,-29.3848,6.95809,0,6.95809,6.95809,
..D.DUrRDU
#reward=2.85063,2.85063,0,0,0,-1.94938,2.85063,0,2.85063,2.85063,
LUULD....D
#reward=1.45249,1.45249,0,0,0,0,1.45249,0,1.45249,1.45249,
..RR.D....
#reward=3.58446,3.58446,0,0,0,0,3.58446,0,3.58446,3.58446,
URLU.UDUUU
#reward=2.28125,2.28125,0,0,0,0,2.28125,0,2.28125,2.28125,
.RRDU.L...
#reward=2.45466,2.45466,0,0,0,0,2.45466,0,2.45466,2.45466,
DLLURLD...
#reward=-0.865791,-0.865791,0,0,0,0,-0.865791,0,-0.865791,-0.865791,
.LD...UDD.
#reward=4.70962,4.70962,0,0,0,0,4.70962,0,4.70962,4.70962,
D..UL...u.
#reward=3.91493,3.91493,0,0,0,1.94938,3.91493,0,3.91493,3.91493,
U..DRRDUL.
#reward=-0.63103,-0.63103,0,0,0,-1.94938,-0.63103,0,-0.63103,-0.63103,
DDU..Lr...
#reward=2.57195,2.57195,0,0,0,0,2.57195,0,2.57195,2.57195,
UUDU.RlD..
#reward=4.11966,4.11966,0,0,0,0,4.11966,0,4.11966,4.11966,
DR..LDDU..
#reward=6.14224,6.14224,0,0,0,1.94938,6.14224,0,-16.5957,6.14224,
UrU.R.UD..
#reward=2.65404,2.65404,0,0,0,0,2.65404,0,-0.354025,2.65404,
DDR.L.DU.D
#reward=-0.298599,-0.298599,0,0,0,0,-0.298599,0,0.354025,-0.298599,
..LDU..D..
#reward=3.39513,3.39513,0,0,0,0,3.39513,0,0.292716,3.39513,
.UR..UDURR
#reward=1.70086,1.70086,0,0,0,-1.94938,1.70086,0,-0.560713,1.70086,
.DLDDR..Lr
#reward=1.76083,1.76083,0,0,0,0,1.76083,0,0.560713,1.76083,
URRURLuDRD
#reward=-0.975733,-0.975733,0,0,0,0,-0.975733,0,-0.292716,-0.975733,
DLLD...L..
#reward=2.38407,2.38407,0,0,0,0,2.38407,0,-0.354025,2.38407,
....LRR.LU
#reward=-0.00519553,-0.00519553,0,0,0,0,-0.00519553,0,0.354025,-0.00519553,
.RRLR.UR..
#reward=0.749025,0.749025,0,0,0,0,0.749025,0,-0.354025,0.749025,
...R.Lr..D
#reward=1.91117,1.91117,0,0,0,0,1.91117,0,0.354025,1.91117,
UDL.LRD..D
#reward=1.72897,1.72897,0,0,0,1.94938,1.72897,0,0.292716,1.72897,
.UDLR.D..U
#reward=2.11923,2.11923,0,0,0,0,2.11923,0,-0.560713,2.11923,
DDU.LL.LRr
#reward=-0.0720905,-0.0720905,0,0,0,-1.94938,-0.0720905,0,0.560713,-0.0720905,
UUD.U.RR.D
#reward=1.75987,1.75987,0,0,0,0,1.75987,0,0.0337791,1.75987,
...RD.U...
#reward=2.16883,2.16883,0,0,0,0,2.16883,0,0.555263,2.16883,
ULUUR.LL.U
#reward=1.81519,1.81519,0,0,0,0,1.81519,0,-0.555263,1.81519,
D.RUL.DR..
#reward=2.19558,2.19558,0,0,0,0,2.19558,0,-0.0337791,2.19558,
.RL.R...L.
#reward=2.02786,2.02786,0,0,0,0,2.02786,0,-0.292716,2.02786,
U.RL...LRU
#reward=3.10866,3.10866,0,0,0,0,3.10866,0,0.581095,3.10866,
.LL.LD.R..
#reward=3.28727,3.28727,0,0,0,0,3.28727,0,-0.124512,3.28727,
..RRR....l
#reward=3.42043,3.42043,0,0,0,0,3.42043,0,0.124512,3.42043,
DR..L..UL.
#reward=2.90531,2.90531,0,0,0,1.94938,2.90531,0,-0.581095,2.90531,
R.LDDUU..D
#reward=2.34289,2.34289,0,0,0,-1.94938,2.34289,0,0.581095,2.34289,
.DDD.LRDRD
