#port=42525
#reward=10.5116,10.5116,10.5116,10.5116,10.5116,10.5116,10.5116,10.5116,10.5116,
#reward=2.32888,2.32888,2.32888,2.32888,2.32888,2.32888,2.32888,2.32888,2.32888,
rUlu.Dl.l
#reward=0.78332,0.78332,0.78332,0.78332,0.78332,0.78332,0.78332,0.78332,0.78332,
L.URUl..r
#reward=1.74694,1.74694,1.74694,1.74694,1.74694,1.74694,1.74694,1.74694,1.74694,
r.rD.dRrD
#reward=0.596302,0.596302,0.596302,0.596302,0.596302,0.596302,0.596302,0.596302,0.596302,
D..uD.llU
#reward=1.31096,1.31096,1.31096,1.31096,1.31096,1.31096,1.31096,1.31096,1.31096,
Dr.rrRU..
#reward=2.64697,2.64697,2.64697,2.64697,2.64697,2.64697,2.64697,2.64697,2.64697,
lll..uL.D
#reward=1.29718,1.29718,1.29718,1.29718,1.29718,1.29718,1.29718,1.29718,1.29718,
....Ur.Ul
#reward=1.18968,1.18968,1.18968,1.18968,1.18968,1.18968,1.18968,1.18968,1.18968,
r..L.Lu..
#reward=1.89753,1.89753,1.89753,1.89753,1.89753,1.89753,1.89753,1.89753,1.89753,
D..LD...r
#reward=2.11269,2.11269,2.11269,2.11269,2.11269,2.11269,2.11269,2.11269,2.11269,
r..Ru.LD.
#reward=3.00522,3.00522,3.00522,3.00522,3.00522,3.00522,3.00522,3.00522,3.00522,
U..lDUUDu
#reward=1.88646,1.88646,1.88646,1.88646,1.88646,1.88646,1.88646,1.88646,1.88646,
UU.U.UULD
#reward=2.65885,2.65885,2.65885,2.65885,2.65885,2.65885,2.65885,2.65885,2.65885,
lr.DUr.rU
#reward=1.50725,1.50725,1.50725,1.50725,1.50725,1.50725,1.50725,1.50725,1.50725,
Ul.UDDDL.
#reward=1.4595,1.4595,1.4595,1.4595,1.4595,1.4595,1.4595,1.4595,1.4595,
D..LU..R.
#reward=3.14727,3.14727,3.14727,3.14727,3.14727,3.14727,3.14727,3.14727,3.14727,
D.DU.....
#reward=2.78885,2.78885,2.78885,2.78885,2.78885,2.78885,2.78885,2.78885,2.78885,
U.u..D.D.
#reward=0.54721,0.54721,0.54721,0.54721,0.54721,0.54721,0.54721,0.54721,0.54721,
U.R...u..
#reward=2.33399,2.33399,2.33399,2.33399,2.33399,2.33399,2.33399,2.33399,2.33399,
D.D..R.U.
#reward=1.69172,1.69172,1.69172,1.69172,1.69172,1.69172,1.69172,1.69172,1.69172,
U.UDDD.L.
#reward=1.73574,1.73574,1.73574,1.73574,1.73574,1.73574,1.73574,1.73574,1.73574,
.U.RDRDR.
#reward=1.87608,1.87608,1.87608,1.87608,1.87608,1.87608,1.87608,1.87608,1.87608,
D...ULR.D
#reward=3.73664,3.73664,3.73664,3.73664,3.73664,3.73664,3.73664,3.73664,3.73664,
UUD.DUR.D
#reward=1.41747,1.41747,1.41747,1.41747,1.41747,1.41747,1.41747,1.41747,1.41747,
DLU.D...U
#reward=2.2341,2.2341,2.2341,2.2341,2.2341,2.2341,2.2341,2.2341,2.2341,
uLLDU.RLL
#reward=2.58578,2.58578,2.58578,2.58578,2.58578,2.58578,2.58578,2.58578,2.58578,
D.RUR.RRL
#reward=2.03653,2.03653,2.03653,2.03653,2.03653,2.03653,2.03653,2.03653,2.03653,
D.D.UL..u
#reward=2.91713,2.91713,2.91713,2.91713,2.91713,2.91713,2.91713,2.91713,2.91713,
.lDLrUU.r
#reward=1.88118,1.88118,1.88118,1.88118,1.88118,1.88118,1.88118,1.88118,1.88118,
.R.LD.D..
#reward=1.08821,1.08821,1.08821,1.08821,1.08821,1.08821,1.08821,1.08821,1.08821,
D...u.rDD
#reward=0.663676,0.663676,0.663676,0.663676,0.663676,0.663676,0.663676,0.663676,0.663676,
uD.LL.D.l
#reward=3.30656,3.30656,3.30656,3.30656,3.30656,3.30656,3.30656,3.30656,3.30656,
lL.Lu.llU
#reward=2.44295,2.44295,2.44295,2.44295,2.44295,2.44295,2.44295,2.44295,2.44295,
r.LR.DRu.
#reward=0.759876,0.759876,0.759876,0.759876,0.759876,0.759876,0.759876,0.759876,0.759876,
..UDR.L.l
#reward=1.77617,1.77617,1.77617,1.77617,1.77617,1.77617,1.77617,1.77617,1.77617,
..DLLRU.D
#reward=1.83278,1.83278,1.83278,1.83278,1.83278,1.83278,1.83278,1.83278,1.83278,
DlDU...Rr
#reward=0.167805,0.167805,0.167805,0.167805,0.167805,0.167805,0.167805,0.167805,0.167805,
R.LLR.L.u
#reward=1.94505,1.94505,1.94505,1.94505,1.94505,1.94505,1.94505,1.94505,1.94505,
lRRUL.Lr.
#reward=2.60604,2.60604,2.60604,2.60604,2.60604,2.60604,2.60604,2.60604,2.60604,
..LDD.L..
#reward=3.51323,3.51323,3.51323,3.51323,3.51323,3.51323,3.51323,3.51323,3.51323,
.RDDr.R..
#reward=2.69934,2.69934,2.69934,2.69934,2.69934,2.69934,2.69934,2.69934,2.69934,
RuuRD..D.
