#port=42525
#reward=10.8461,10.8461,10.8461,10.8461,10.8461,10.8461,
#reward=2.32756,2.32756,2.32756,2.32756,2.32756,2.32756,
rrrrrR
#reward=1.78845,1.78845,1.78845,1.78845,1.78845,1.78845,
UULL.r
#reward=3.31302,3.31302,3.31302,3.31302,3.31302,3.31302,
DlrU.u
#reward=2.48131,2.48131,2.48131,2.48131,2.48131,2.48131,
.rur.L
#reward=0.445832,0.445832,0.445832,0.445832,0.445832,0.445832,
..LlLL
#reward=3.12877,3.12877,3.12877,3.12877,3.12877,3.12877,
..UDDr
#reward=1.37063,1.37063,1.37063,1.37063,1.37063,1.37063,
uU.Dr.
#reward=1.42106,1.42106,1.42106,1.42106,1.42106,1.42106,
.R.r.U
#reward=2.20604,2.20604,2.20604,2.20604,2.20604,2.20604,
..lL.L
#reward=2.01238,2.01238,2.01238,2.01238,2.01238,2.01238,
D.Dr.r
#reward=1.65827,1.65827,1.65827,1.65827,1.65827,1.65827,
..D...
#reward=0.839722,0.839722,0.839722,0.839722,0.839722,0.839722,
rRU..D
#reward=1.86477,1.86477,1.86477,1.86477,1.86477,1.86477,
UrUDlU
#reward=1.15453,1.15453,1.15453,1.15453,1.15453,1.15453,
DLD.D.
#reward=1.97358,1.97358,1.97358,1.97358,1.97358,1.97358,
u.rr..
#reward=2.61198,2.61198,2.61198,2.61198,2.61198,2.61198,
.RLDlL
#reward=1.30412,1.30412,1.30412,1.30412,1.30412,1.30412,
LDrluU
#reward=2.38751,2.38751,2.38751,2.38751,2.38751,2.38751,
rR.U.r
#reward=2.84643,2.84643,2.84643,2.84643,2.84643,2.84643,
...u.l
#reward=4.19955,4.19955,4.19955,4.19955,4.19955,4.19955,
..lD..
#reward=1.60732,1.60732,1.60732,1.60732,1.60732,1.60732,
D..urD
#reward=0.778863,0.778863,0.778863,0.778863,0.778863,0.778863,
L.D..R
#reward=1.58029,1.58029,1.58029,1.58029,1.58029,1.58029,
D.L...
#reward=1.02108,1.02108,1.02108,1.02108,1.02108,1.02108,
RLr.D.
#reward=1.83522,1.83522,1.83522,1.83522,1.83522,1.83522,
r..RL.
#reward=0.428475,0.428475,0.428475,0.428475,0.428475,0.428475,
U.LRRL
#reward=1.61893,1.61893,1.61893,1.61893,1.61893,1.61893,
LDDrlu
#reward=2.08184,2.08184,2.08184,2.08184,2.08184,2.08184,
U.l.DL
#reward=3.16091,3.16091,3.16091,3.16091,3.16091,3.16091,
UUULD.
#reward=3.37528,3.37528,3.37528,3.37528,3.37528,3.37528,
...LLr
#reward=1.55293,1.55293,1.55293,1.55293,1.55293,1.55293,
..r..L
#reward=0.977977,0.977977,0.977977,0.977977,0.977977,0.977977,
DrDD.L
#reward=3.29596,3.29596,3.29596,3.29596,3.29596,3.29596,
LDu.ul
#reward=1.84283,1.84283,1.84283,1.84283,1.84283,1.84283,
rD.U..
#reward=3.85169,3.85169,3.85169,3.85169,3.85169,3.85169,
.LD.RU
#reward=1.0066,1.0066,1.0066,1.0066,1.0066,1.0066,
L.u.LR
#reward=2.35456,2.35456,2.35456,2.35456,2.35456,2.35456,
.rL..l
#reward=3.19826,3.19826,3.19826,3.19826,3.19826,3.19826,
LLRRRU
#reward=3.35969,3.35969,3.35969,3.35969,3.35969,3.35969,
RULL.U
#reward=2.21284,2.21284,2.21284,2.21284,2.21284,2.21284,
llDDuD
#reward=0.896549,0.896549,0.896549,0.896549,0.896549,0.896549,
rURD.D
#reward=3.00743,3.00743,3.00743,3.00743,3.00743,3.00743,
UULDLU
#reward=4.07184,4.07184,4.07184,4.07184,4.07184,4.07184,
DD...D
#reward=2.26978,2.26978,2.26978,2.26978,2.26978,2.26978,
U.U...
#reward=4.43389,4.43389,4.43389,4.43389,4.43389,4.43389,
D.LrRD
#reward=1.21285,1.21285,1.21285,1.21285,1.21285,1.21285,
Uu..Lu
#reward=4.1493,4.1493,4.1493,4.1493,4.1493,4.1493,
L.RU..
#reward=2.05879,2.05879,2.05879,2.05879,2.05879,2.05879,
RD.U.D
#reward=0.686595,0.686595,0.686595,0.686595,0.686595,0.686595,
..lLRr
#reward=2.88592,2.88592,2.88592,2.88592,2.88592,2.88592,
DU.DLD
#reward=0.918005,0.918005,0.918005,0.918005,0.918005,0.918005,
D..D.u
#reward=0.845767,0.845767,0.845767,0.845767,0.845767,0.845767,
..RD.R
#reward=2.64036,2.64036,2.64036,2.64036,2.64036,2.64036,
L.Rr..
#reward=1.60535,1.60535,1.60535,1.60535,1.60535,1.60535,
r.R..R
#reward=0.656312,0.656312,0.656312,0.656312,0.656312,0.656312,
LDrU.L
#reward=1.69415,1.69415,1.69415,1.69415,1.69415,1.69415,
DU.D.R
