#port=44107
#reward=6.13602,6.13602,6.13602,6.13602,6.13602,6.13602,6.13602,6.13602,6.13602,6.13602,
#reward=2.22703,2.22703,2.22703,2.22703,2.22703,2.22703,2.22703,2.22703,2.22703,2.22703,
RDrl.rLDdd
#reward=1.34353,1.34353,1.34353,1.34353,1.34353,1.34353,1.34353,1.34353,1.34353,1.34353,
Udlrr.lRuR
#reward=2.10189,2.10189,2.10189,2.10189,2.10189,2.10189,2.10189,2.10189,2.10189,2.10189,
uu.ULlRUL.
#reward=2.93842,2.93842,2.93842,2.93842,2.93842,2.93842,2.93842,2.93842,2.93842,2.93842,
lLul..r.ru
#reward=1.81608,1.81608,1.81608,1.81608,1.81608,1.81608,1.81608,1.81608,1.81608,1.81608,
rdD.L.dulL
#reward=-55.0628,2.24794,2.24794,2.24794,2.24794,2.24794,-55.0628,2.24794,2.24794,2.24794,
dRl.U.lD.u
#reward=0,1.60081,1.60081,1.60081,1.60081,1.60081,0,1.60081,1.60081,1.60081,
.lr.U..r.L
#reward=0,-54.9116,2.51068,2.51068,2.51068,2.51068,0,2.51068,2.51068,2.51068,
.r..uD.u.U
#reward=0,0,4.00847,4.00847,4.00847,4.00847,0,4.00847,4.00847,4.00847,
....Rr.L.l
#reward=0,0,0.531126,0.531126,0.531126,0.531126,0,0.531126,0.531126,0.531126,
...Uu..RDD
#reward=0,0,0.944205,0.944205,0.944205,0.944205,0,0.944205,0.944205,0.944205,
..u.D...du
#reward=0,0,1.29453,1.29453,1.29453,1.29453,0,1.29453,1.29453,1.29453,
..DLR..lLL
#reward=0,0,2.53251,2.53251,2.53251,2.53251,0,2.53251,2.53251,2.53251,
..dRr..DdL
#reward=0,0,2.69155,2.69155,2.69155,2.69155,0,2.69155,2.69155,2.69155,
..Lduu..rR
#reward=0,0,3.04515,3.04515,3.04515,3.04515,0,3.04515,3.04515,3.04515,
..LUD..ULR
#reward=0,0,2.21489,2.21489,2.21489,2.21489,0,2.21489,2.21489,2.21489,
..UdL..D.d
#reward=0,0,1.34969,1.34969,1.34969,1.34969,0,1.34969,1.34969,1.34969,
..LUD..DU.
#reward=0,0,2.76114,2.76114,2.76114,2.76114,0,2.76114,2.76114,2.76114,
..Ulr..UUR
#reward=0,0,3.208,3.208,3.208,3.208,0,3.208,3.208,3.208,
..D.D..lur
#reward=0,0,2.06615,2.06615,2.06615,2.06615,0,2.06615,2.06615,-58.0035,
..DDr..ULl
#reward=0,0,2.21042,2.21042,2.21042,2.21042,0,2.21042,2.21042,0,
..URl...l.
#reward=0,0,2.7875,2.7875,2.7875,2.7875,0,2.7875,2.7875,0,
..d....D..
#reward=0,0,1.72427,1.72427,1.72427,1.72427,0,1.72427,1.72427,0,
..llD..UR.
#reward=0,0,1.34807,1.34807,1.34807,1.34807,0,-58.7918,1.34807,0,
...DD..dd.
#reward=0,0,2.39128,2.39128,2.39128,2.39128,0,0,2.39128,0,
..RdD...L.
#reward=0,0,1.20894,1.20894,1.20894,1.20894,0,0,1.20894,0,
..DU....U.
#reward=0,0,2.77291,2.77291,2.77291,2.77291,0,0,2.77291,0,
...dL...l.
#reward=0,0,0.58718,0.58718,0.58718,0.58718,0,0,0.58718,0,
..DRU...d.
#reward=0,0,1.45827,1.45827,1.45827,1.45827,0,0,1.45827,0,
..DRd...U.
#reward=0,0,2.3099,2.3099,2.3099,2.3099,0,0,2.3099,0,
..DrL...D.
#reward=0,0,2.75332,2.75332,2.75332,2.75332,0,0,2.75332,0,
..Rul.....
#reward=0,0,1.23078,1.23078,1.23078,1.23078,0,0,-57.6217,0,
..ddr...u.
#reward=0,0,2.34217,2.34217,2.34217,2.34217,0,0,0,0,
..LL......
#reward=0,0,2.85129,2.85129,2.85129,2.85129,0,0,0,0,
...rD.....
#reward=0,0,2.6065,2.6065,2.6065,2.6065,0,0,0,0,
..rUu.....
#reward=0,0,2.48288,2.48288,2.48288,2.48288,0,0,0,0,
..LDD.....
#reward=0,0,3.26408,3.26408,3.26408,3.26408,0,0,0,0,
..RdR.....
#reward=0,0,0.171418,0.171418,0.171418,0.171418,0,0,0,0,
..UuL.....
#reward=0,0,3.31881,3.31881,3.31881,3.31881,0,0,0,0,
..r.l.....
#reward=0,0,2.61774,2.61774,2.61774,2.61774,0,0,0,0,
..ULd.....
#reward=0,0,2.0154,-51.1877,2.0154,2.0154,0,0,0,0,
..luu.....
#reward=0,0,2.82106,0,2.82106,2.82106,0,0,0,0,
..R.R.....
#reward=0,0,-0.371789,0,-0.371789,-0.371789,0,0,0,0,
...Rl.....
#reward=0,0,1.84745,0,1.84745,1.84745,0,0,0,0,
..LLR.....
#reward=0,0,2.28936,0,2.28936,2.28936,0,0,0,0,
....u.....
#reward=0,0,3.75465,-9.31966,3.75465,3.75465,0,0,0,0,
..Drd.....
#reward=0,0,3.8571,0,3.8571,3.8571,0,0,0,0,
..d.......
#reward=0,0,1.3262,0,1.3262,1.3262,0,0,0,0,
..l.R.....
#reward=0,0,1.51747,0,1.51747,1.51747,0,0,0,0,
..U.R.....
#reward=0,0,2.03389,0,2.03389,2.03389,0,0,0,0,
..d.L.....
#reward=0,0,3.16111,0,3.16111,3.16111,0,0,0,0,
..u.u.....
#reward=0,0,2.00504,0,2.00504,2.00504,0,0,0,0,
....r.....
#reward=0,0,-62.7643,0,-1.17999,-1.17999,0,0,0,0,
..r.d.....
#reward=0,0,0,0,2.58782,2.58782,0,0,0,0,
..........
#reward=0,0,0,0,-60.1722,1.88733,0,0,0,0,
....l.....
#reward=0,0,0,0,0,2.8236,0,0,0,0,
..........
#reward=0,0,0,0,0,1.56907,0,0,0,0,
..........
#reward=0,0,0,0,0,2.47175,0,0,0,0,
..........
#reward=0,0,0,0,0,2.21784,0,0,0,0,
..........
#reward=0,0,0,0,0,2.83101,0,0,0,0,
..........
#reward=0,0,0,0,0,2.18206,0,0,0,0,
..........
#reward=0,0,0,0,0,0.560775,0,0,0,0,
..........
#reward=0,0,0,0,0,2.9376,0,0,0,0,
..........
#reward=0,0,0,0,0,2.66259,0,0,0,0,
..........
#reward=0,0,0,0,0,3.45133,0,0,0,0,
..........
#reward=0,0,0,0,0,0.857571,0,0,0,0,
..........
#reward=0,0,0,0,0,2.1944,0,0,0,0,
..........
#reward=0,0,0,0,0,1.01766,0,0,0,0,
..........
#reward=0,0,0,0,0,2.51348,0,0,0,0,
..........
#reward=0,0,0,0,0,0.591627,0,0,0,0,
..........
#reward=0,0,0,0,0,2.48798,0,0,0,0,
..........
#reward=0,0,0,0,0,2.40664,0,0,0,0,
..........
#reward=0,0,0,0,0,2.96042,0,0,0,0,
..........
#reward=0,0,0,0,0,1.69459,0,0,0,0,
..........
#reward=0,0,0,0,0,3.22403,0,0,0,0,
..........
#reward=0,0,0,0,0,3.96277,0,0,0,0,
..........
#reward=0,0,0,0,0,1.86146,0,0,0,0,
..........
#reward=0,0,0,0,0,2.07352,0,0,0,0,
..........
#reward=0,0,0,0,0,0.637104,0,0,0,0,
..........
#reward=0,0,0,0,0,1.12148,0,0,0,0,
..........
#reward=0,0,0,0,0,3.9148,0,0,0,0,
..........
#reward=0,0,0,0,0,1.66604,0,0,0,0,
..........
#reward=0,0,0,0,0,1.98411,0,0,0,0,
..........
#reward=0,0,0,0,0,1.46485,0,0,0,0,
..........
#reward=0,0,0,0,0,1.27775,0,0,0,0,
..........
#reward=0,0,0,0,0,2.57145,0,0,0,0,
..........
#reward=0,0,0,0,0,1.23235,0,0,0,0,
..........
#reward=0,0,0,0,0,2.80586,0,0,0,0,
..........
#reward=0,0,0,0,0,2.19568,0,0,0,0,
..........
#reward=0,0,0,0,0,1.87323,0,0,0,0,
..........
#reward=0,0,0,0,0,2.71734,0,0,0,0,
..........
#reward=0,0,0,0,0,1.02054,0,0,0,0,
..........
#reward=0,0,0,0,0,1.96317,0,0,0,0,
..........
#reward=0,0,0,0,0,3.42475,0,0,0,0,
..........
#reward=0,0,0,0,0,2.64056,0,0,0,0,
..........
#reward=0,0,0,0,0,0.849196,0,0,0,0,
..........
#reward=0,0,0,0,0,1.69763,0,0,0,0,
..........
#reward=0,0,0,0,0,3.05572,0,0,0,0,
..........
#reward=0,0,0,0,0,3.54258,0,0,0,0,
..........
#reward=0,0,0,0,0,0.60509,0,0,0,0,
..........
#reward=0,0,0,0,0,3.53668,0,0,0,0,
..........
#reward=0,0,0,0,0,2.61722,0,0,0,0,
..........
#reward=0,0,0,0,0,-0.0777381,0,0,0,0,
..........
#reward=0,0,0,0,0,2.50027,0,0,0,0,
..........
#reward=0,0,0,0,0,1.85193,0,0,0,0,
..........
#reward=0,0,0,0,0,1.26068,0,0,0,0,
..........
#reward=0,0,0,0,0,0.647795,0,0,0,0,
..........
#reward=0,0,0,0,0,2.391,0,0,0,0,
..........
#reward=0,0,0,0,0,3.39008,0,0,0,0,
..........
#reward=0,0,0,0,0,0.770009,0,0,0,0,
..........
#reward=0,0,0,0,0,3.6754,0,0,0,0,
..........
#reward=0,0,0,0,0,0.0320627,0,0,0,0,
..........
#reward=0,0,0,0,0,3.17783,0,0,0,0,
..........
#reward=0,0,0,0,0,-0.0637219,0,0,0,0,
..........
#reward=0,0,0,0,0,1.49381,0,0,0,0,
..........
#reward=0,0,0,0,0,1.8872,0,0,0,0,
..........
#reward=0,0,0,0,0,1.60601,0,0,0,0,
..........
#reward=0,0,0,0,0,2.08695,0,0,0,0,
..........
#reward=0,0,0,0,0,2.47775,0,0,0,0,
..........
#reward=0,0,0,0,0,2.90157,0,0,0,0,
..........
#reward=0,0,0,0,0,1.37152,0,0,0,0,
..........
#reward=0,0,0,0,0,1.36765,0,0,0,0,
..........
#reward=0,0,0,0,0,1.38449,0,0,0,0,
..........
#reward=0,0,0,0,0,1.65842,0,0,0,0,
..........
#reward=0,0,0,0,0,3.22234,0,0,0,0,
..........
#reward=0,0,0,0,0,2.39972,0,0,0,0,
..........
#reward=0,0,0,0,0,1.3243,0,0,0,0,
..........
#reward=0,0,0,0,0,2.94931,0,0,0,0,
..........
#reward=0,0,0,0,0,2.42443,0,0,0,0,
..........
#reward=0,0,0,0,0,2.98794,0,0,0,0,
..........
#reward=0,0,0,0,0,1.98499,0,0,0,0,
..........
#reward=0,0,0,0,0,1.98327,0,0,0,0,
..........
#reward=0,0,0,0,0,1.90472,0,0,0,0,
..........
#reward=0,0,0,0,0,1.78339,0,0,0,0,
..........
#reward=0,0,0,0,0,1.00907,0,0,0,0,
..........
#reward=0,0,0,0,0,3.07668,0,0,0,0,
..........
#reward=0,0,0,0,0,2.2436,0,0,0,0,
..........
#reward=0,0,0,0,0,0.816078,0,0,0,0,
..........
#reward=0,0,0,0,0,1.38324,0,0,0,0,
..........
#reward=0,0,0,0,0,2.88344,0,0,0,0,
..........
#reward=0,0,0,0,0,0.799772,0,0,0,0,
..........
#reward=0,0,0,0,0,3.48875,0,0,0,0,
..........
#reward=0,0,0,0,0,2.30435,0,0,0,0,
..........
#reward=0,0,0,0,0,2.60114,0,0,0,0,
..........
#reward=0,0,0,0,0,1.81846,0,0,0,0,
..........
#reward=0,0,0,0,0,2.45921,0,0,0,0,
..........
#reward=0,0,0,0,0,1.81852,0,0,0,0,
..........
#reward=0,0,0,0,0,0.692815,0,0,0,0,
..........
#reward=0,0,0,0,0,1.45734,0,0,0,0,
..........
#reward=0,0,0,0,0,1.54352,0,0,0,0,
..........
#reward=0,0,0,0,0,2.78142,0,0,0,0,
..........
#reward=0,0,0,0,0,1.60452,0,0,0,0,
..........
#reward=0,0,0,0,0,0.598291,0,0,0,0,
..........
#reward=0,0,0,0,0,2.02832,0,0,0,0,
..........
#reward=0,0,0,0,0,1.46967,0,0,0,0,
..........
#reward=0,0,0,0,0,2.40901,0,0,0,0,
..........
#reward=0,0,0,0,0,2.1503,0,0,0,0,
..........
#reward=0,0,0,0,0,1.66319,0,0,0,0,
..........
#reward=0,0,0,0,0,2.61789,0,0,0,0,
..........
#reward=0,0,0,0,0,1.67732,0,0,0,0,
..........
#reward=0,0,0,0,0,2.39494,0,0,0,0,
..........
#reward=0,0,0,0,0,0.873642,0,0,0,0,
..........
#reward=0,0,0,0,0,2.91514,0,0,0,0,
..........
#reward=0,0,0,0,0,1.53528,0,0,0,0,
..........
#reward=0,0,0,0,0,1.4812,0,0,0,0,
..........
#reward=0,0,0,0,0,2.048,0,0,0,0,
..........
#reward=0,0,0,0,0,2.08646,0,0,0,0,
..........
#reward=0,0,0,0,0,2.97074,0,0,0,0,
..........
#reward=0,0,0,0,0,2.31406,0,0,0,0,
..........
#reward=0,0,0,0,0,1.879,0,0,0,0,
..........
#reward=0,0,0,0,0,2.62008,0,0,0,0,
..........
#reward=0,0,0,0,0,2.46092,0,0,0,0,
..........
#reward=0,0,0,0,0,1.56315,0,0,0,0,
..........
#reward=0,0,0,0,0,1.86726,0,0,0,0,
..........
#reward=0,0,0,0,0,2.30817,0,0,0,0,
..........
#reward=0,0,0,0,0,1.26342,0,0,0,0,
..........
#reward=0,0,0,0,0,1.3412,0,0,0,0,
..........
#reward=0,0,0,0,0,3.29527,0,0,0,0,
..........
#reward=0,0,0,0,0,2.20938,0,0,0,0,
..........
#reward=0,0,0,0,0,1.97926,0,0,0,0,
..........
#reward=0,0,0,0,0,1.12048,0,0,0,0,
..........
#reward=0,0,0,0,0,1.1569,0,0,0,0,
..........
#reward=0,0,0,0,0,2.69354,0,0,0,0,
..........
#reward=0,0,0,0,0,2.26699,0,0,0,0,
..........
#reward=0,0,0,0,0,1.20654,0,0,0,0,
..........
#reward=0,0,0,0,0,3.04927,0,0,0,0,
..........
#reward=0,0,0,0,0,2.66225,0,0,0,0,
..........
#reward=0,0,0,0,0,0.999689,0,0,0,0,
..........
#reward=0,0,0,0,0,2.40905,0,0,0,0,
..........
#reward=0,0,0,0,0,1.91875,0,0,0,0,
..........
#reward=0,0,0,0,0,1.7061,0,0,0,0,
..........
#reward=0,0,0,0,0,1.61955,0,0,0,0,
..........
#reward=0,0,0,0,0,1.2381,0,0,0,0,
..........
#reward=0,0,0,0,0,2.34349,0,0,0,0,
..........
#reward=0,0,0,0,0,4.26939,0,0,0,0,
..........
#reward=0,0,0,0,0,1.53796,0,0,0,0,
..........
#reward=0,0,0,0,0,1.24565,0,0,0,0,
..........
#reward=0,0,0,0,0,2.18741,0,0,0,0,
..........
#reward=0,0,0,0,0,3.98711,0,0,0,0,
..........
#reward=0,0,0,0,0,1.43557,0,0,0,0,
..........
#reward=0,0,0,0,0,1.70679,0,0,0,0,
..........
#reward=0,0,0,0,0,1.77862,0,0,0,0,
..........
#reward=0,0,0,0,0,1.66981,0,0,0,0,
..........
#reward=0,0,0,0,0,2.54878,0,0,0,0,
..........
#reward=0,0,0,0,0,0.518607,0,0,0,0,
..........
#reward=0,0,0,0,0,1.50559,0,0,0,0,
..........
#reward=0,0,0,0,0,1.33056,0,0,0,0,
..........
#reward=0,0,0,0,0,3.03002,0,0,0,0,
..........
#reward=0,0,0,0,0,2.2996,0,0,0,0,
..........
#reward=0,0,0,0,0,2.25438,0,0,0,0,
..........
#reward=0,0,0,0,0,1.91474,0,0,0,0,
..........
#reward=0,0,0,0,0,1.95755,0,0,0,0,
..........
#reward=0,0,0,0,0,2.63795,0,0,0,0,
..........
#reward=0,0,0,0,0,1.68924,0,0,0,0,
..........
#reward=0,0,0,0,0,2.3959,0,0,0,0,
..........
#reward=0,0,0,0,0,3.53287,0,0,0,0,
..........
#reward=0,0,0,0,0,0.898512,0,0,0,0,
..........
#reward=0,0,0,0,0,0.573223,0,0,0,0,
..........
#reward=0,0,0,0,0,1.80376,0,0,0,0,
..........
#reward=0,0,0,0,0,1.58688,0,0,0,0,
..........
#reward=0,0,0,0,0,2.98456,0,0,0,0,
..........
#reward=0,0,0,0,0,0.578985,0,0,0,0,
..........
#reward=0,0,0,0,0,2.07774,0,0,0,0,
..........
#reward=0,0,0,0,0,2.5291,0,0,0,0,
..........
#reward=0,0,0,0,0,2.22212,0,0,0,0,
..........
#reward=0,0,0,0,0,1.09744,0,0,0,0,
..........
#reward=0,0,0,0,0,3.01772,0,0,0,0,
..........
#reward=0,0,0,0,0,3.93918,0,0,0,0,
..........
#reward=0,0,0,0,0,-0.587473,0,0,0,0,
..........
#reward=0,0,0,0,0,3.21713,0,0,0,0,
..........
#reward=0,0,0,0,0,1.96631,0,0,0,0,
..........
#reward=0,0,0,0,0,1.78868,0,0,0,0,
..........
#reward=0,0,0,0,0,2.0683,0,0,0,0,
..........
#reward=0,0,0,0,0,1.21655,0,0,0,0,
..........
#reward=0,0,0,0,0,3.57127,0,0,0,0,
..........
#reward=0,0,0,0,0,1.02688,0,0,0,0,
..........
#reward=0,0,0,0,0,6.44074,0,0,0,0,
..........
#reward=0,0,0,0,0,-0.354026,0,0,0,0,
..........
#reward=0,0,0,0,0,1.12453,0,0,0,0,
..........
#reward=0,0,0,0,0,1.18012,0,0,0,0,
..........
#reward=0,0,0,0,0,2.09451,0,0,0,0,
..........
#reward=0,0,0,0,0,2.45904,0,0,0,0,
..........
#reward=0,0,0,0,0,0.264115,0,0,0,0,
..........
#reward=0,0,0,0,0,1.88939,0,0,0,0,
..........
#reward=0,0,0,0,0,3.79638,0,0,0,0,
..........
#reward=0,0,0,0,0,2.80596,0,0,0,0,
..........
#reward=0,0,0,0,0,1.62855,0,0,0,0,
..........
#reward=0,0,0,0,0,4.57874,0,0,0,0,
..........
#reward=0,0,0,0,0,2.46149,0,0,0,0,
..........
#reward=0,0,0,0,0,1.29627,0,0,0,0,
..........
#reward=0,0,0,0,0,1.98102,0,0,0,0,
..........
#reward=0,0,0,0,0,-0.242912,0,0,0,0,
..........
#reward=0,0,0,0,0,2.42477,0,0,0,0,
..........
#reward=0,0,0,0,0,1.33865,0,0,0,0,
..........
#reward=0,0,0,0,0,2.40745,0,0,0,0,
..........
#reward=0,0,0,0,0,1.46929,0,0,0,0,
..........
#reward=0,0,0,0,0,1.73927,0,0,0,0,
..........
#reward=0,0,0,0,0,2.46885,0,0,0,0,
..........
#reward=0,0,0,0,0,3.11458,0,0,0,0,
..........
#reward=0,0,0,0,0,2.12621,0,0,0,0,
..........
#reward=0,0,0,0,0,1.21759,0,0,0,0,
..........
#reward=0,0,0,0,0,2.70608,0,0,0,0,
..........
#reward=0,0,0,0,0,1.97001,0,0,0,0,
..........
#reward=0,0,0,0,0,1.53923,0,0,0,0,
..........
#reward=0,0,0,0,0,1.79737,0,0,0,0,
..........
#reward=0,0,0,0,0,2.47313,0,0,0,0,
..........
#reward=0,0,0,0,0,2.91087,0,0,0,0,
..........
#reward=0,0,0,0,0,2.06419,0,0,0,0,
..........
#reward=0,0,0,0,0,4.07471,0,0,0,0,
..........
#reward=0,0,0,0,0,2.31368,0,0,0,0,
..........
#reward=0,0,0,0,0,2.84163,0,0,0,0,
..........
#reward=0,0,0,0,0,0.747657,0,0,0,0,
..........
#reward=0,0,0,0,0,2.59476,0,0,0,0,
..........
#reward=0,0,0,0,0,2.02435,0,0,0,0,
..........
#reward=0,0,0,0,0,2.31019,0,0,0,0,
..........
#reward=0,0,0,0,0,1.41743,0,0,0,0,
..........
#reward=0,0,0,0,0,1.65683,0,0,0,0,
..........
#reward=0,0,0,0,0,1.01646,0,0,0,0,
..........
#reward=0,0,0,0,0,1.11722,0,0,0,0,
..........
#reward=0,0,0,0,0,1.42778,0,0,0,0,
..........
#reward=0,0,0,0,0,1.3872,0,0,0,0,
..........
#reward=0,0,0,0,0,2.28019,0,0,0,0,
..........
#reward=0,0,0,0,0,2.20621,0,0,0,0,
..........
#reward=0,0,0,0,0,1.14693,0,0,0,0,
..........
#reward=0,0,0,0,0,1.13355,0,0,0,0,
..........
#reward=0,0,0,0,0,2.53447,0,0,0,0,
..........
#reward=0,0,0,0,0,3.84179,0,0,0,0,
..........
#reward=0,0,0,0,0,2.65238,0,0,0,0,
..........
#reward=0,0,0,0,0,2.70162,0,0,0,0,
..........
#reward=0,0,0,0,0,-0.567949,0,0,0,0,
..........
#reward=0,0,0,0,0,2.77738,0,0,0,0,
..........
#reward=0,0,0,0,0,2.16127,0,0,0,0,
..........
#reward=0,0,0,0,0,0.403259,0,0,0,0,
..........
#reward=0,0,0,0,0,1.9794,0,0,0,0,
..........
#reward=0,0,0,0,0,3.00947,0,0,0,0,
..........
#reward=0,0,0,0,0,0.252664,0,0,0,0,
..........
#reward=0,0,0,0,0,0.704704,0,0,0,0,
..........
#reward=0,0,0,0,0,1.49187,0,0,0,0,
..........
#reward=0,0,0,0,0,3.11915,0,0,0,0,
..........
#reward=0,0,0,0,0,1.5404,0,0,0,0,
..........
