#port=44107
#reward=10.8883,10.8883,10.8883,10.8883,10.8883,10.8883,10.8883,10.8883,10.8883,
#reward=2.24685,2.24685,2.24685,2.24685,2.24685,2.24685,2.24685,2.24685,2.24685,
uUrUrDRRU
#reward=1.32572,1.32572,1.32572,1.32572,1.32572,1.32572,1.32572,1.32572,1.32572,
luur.DlRD
#reward=1.61276,1.61276,1.61276,1.61276,1.61276,1.61276,1.61276,1.61276,1.61276,
DD.UUURUD
#reward=2.19418,2.19418,2.19418,2.19418,2.19418,2.19418,2.19418,2.19418,2.19418,
du..ldUrR
#reward=1.2075,1.2075,1.2075,1.2075,1.2075,1.2075,1.2075,1.2075,1.2075,
LR..RLRuD
#reward=1.51211,1.51211,1.51211,1.51211,1.51211,1.51211,1.51211,1.51211,1.51211,
DR..RLUDU
#reward=2.11833,2.11833,2.11833,2.11833,2.11833,2.11833,2.11833,2.11833,2.11833,
Ul.URL.ul
#reward=1.99605,1.99605,1.99605,1.99605,1.99605,1.99605,1.99605,1.99605,1.99605,
LR.urDlLd
#reward=2.32518,2.32518,2.32518,2.32518,2.32518,2.32518,2.32518,2.32518,2.32518,
d..LLlRRr
#reward=1.23651,1.23651,1.23651,1.23651,1.23651,1.23651,1.23651,1.23651,1.23651,
ud.lRdLRU
#reward=2.20889,2.20889,2.20889,2.20889,2.20889,2.20889,2.20889,2.20889,2.20889,
lL...UDdR
#reward=2.55837,2.55837,2.55837,2.55837,2.55837,2.55837,2.55837,2.55837,2.55837,
RD.rULDRR
#reward=1.60198,1.60198,1.60198,1.60198,1.60198,1.60198,1.60198,1.60198,1.60198,
.U.URU.rD
#reward=2.71972,2.71972,2.71972,2.71972,2.71972,2.71972,2.71972,2.71972,2.71972,
DU.DulrDD
#reward=2.0837,2.0837,2.0837,2.0837,-26.5462,2.0837,2.0837,2.0837,2.0837,
uR.UlDDUU
#reward=2.50221,2.50221,2.50221,2.50221,0,2.50221,2.50221,2.50221,2.50221,
DD.d...UU
#reward=2.16984,2.16984,2.16984,2.16984,0,2.16984,2.16984,2.16984,2.16984,
.l...lUD.
#reward=1.75705,1.75705,1.75705,1.75705,0,1.75705,1.75705,1.75705,1.75705,
lR.l.u.uU
#reward=2.32026,2.32026,2.32026,-27.059,0,-27.059,2.32026,2.32026,2.32026,
u..u.rdlR
#reward=2.19658,2.19658,2.19658,0,0,0,2.19658,-27.3793,2.19658,
.d....ldU
#reward=3.18065,3.18065,3.18065,0,0,0,3.18065,0,3.18065,
.l....U.D
#reward=-28.7565,3.24459,3.24459,0,0,0,3.24459,0,3.24459,
rR....R.L
#reward=0,1.90868,1.90868,0,0,0,1.90868,0,1.90868,
.L....r.u
#reward=0,-29.9098,2.65595,0,0,0,2.65595,0,2.65595,
.r....u..
#reward=0,0,0.933293,0,0,0,0.933293,0,0.933293,
......L.D
#reward=0,0,2.06962,0,0,0,2.06962,0,2.06962,
......U..
#reward=0,0,0.934512,0,0,0,0.934512,0,0.934512,
........r
#reward=0,0,2.28271,0,0,0,2.28271,0,2.28271,
........L
#reward=0,0,1.72104,0,0,0,1.72104,0,1.72104,
......D.L
#reward=0,0,3.91135,0,0,0,3.91135,0,3.91135,
......r.r
#reward=0,0,3.01238,0,0,0,3.01238,0,3.01238,
.........
#reward=0,0,1.75566,0,0,0,1.75566,0,1.75566,
......u.U
#reward=0,0,2.35911,0,0,0,2.35911,0,2.35911,
......L.D
#reward=0,0,1.24089,0,0,0,1.24089,0,1.24089,
......r.d
#reward=0,0,2.20097,0,0,0,-30.7863,0,2.20097,
......l..
#reward=0,0,2.1818,0,0,0,0,0,2.1818,
........L
#reward=0,0,1.9276,0,0,0,0,0,1.9276,
........L
#reward=0,0,-0.398401,0,0,0,0,0,-0.398401,
........D
#reward=0,0,0.270349,0,0,0,0,0,0.270349,
........D
#reward=0,0,2.14337,0,0,0,0,0,2.14337,
........R
#reward=0,0,1.92004,0,0,0,0,0,1.92004,
........L
#reward=0,0,1.5109,0,0,0,0,0,1.5109,
.........
#reward=0,0,1.87501,0,0,0,0,0,1.87501,
........D
#reward=0,0,2.15284,0,0,0,0,0,2.15284,
........u
#reward=0,0,3.60615,0,0,0,0,0,3.60615,
........D
#reward=0,0,1.71275,0,0,0,0,0,1.71275,
........u
#reward=0,0,1.98035,0,0,0,0,0,1.98035,
........L
#reward=0,0,2.26286,0,0,0,0,0,2.26286,
........U
#reward=0,0,1.58607,0,0,0,0,0,1.58607,
........l
#reward=0,0,1.67881,0,0,0,0,0,1.67881,
........d
#reward=0,0,1.30827,0,0,0,0,0,1.30827,
........U
#reward=0,0,2.91513,0,0,0,0,0,2.91513,
.........
#reward=0,0,0.938428,0,0,0,0,0,0.938428,
........L
#reward=0,0,0.84885,0,0,0,0,0,0.84885,
........L
#reward=0,0,2.86346,0,0,0,0,0,2.86346,
........D
#reward=0,0,3.85373,0,0,0,0,0,3.85373,
........d
#reward=0,0,1.21247,0,0,0,0,0,1.21247,
........U
#reward=0,0,2.1586,0,0,0,0,0,2.1586,
........U
#reward=0,0,2.31402,0,0,0,0,0,2.31402,
.........
#reward=0,0,1.5844,0,0,0,0,0,1.5844,
........D
#reward=0,0,0.852156,0,0,0,0,0,0.852156,
.........
#reward=0,0,1.91119,0,0,0,0,0,1.91119,
........R
#reward=0,0,3.80455,0,0,0,0,0,3.80455,
........u
#reward=0,0,2.06066,0,0,0,0,0,2.06066,
.........
#reward=0,0,2.65853,0,0,0,0,0,2.65853,
........r
#reward=0,0,1.8829,0,0,0,0,0,1.8829,
.........
#reward=0,0,1.86357,0,0,0,0,0,-28.5651,
........l
#reward=0,0,3.24233,0,0,0,0,0,0,
.........
#reward=0,0,3.47832,0,0,0,0,0,0,
.........
#reward=0,0,0.281421,0,0,0,0,0,0,
.........
#reward=0,0,2.53214,0,0,0,0,0,0,
.........
#reward=0,0,3.40647,0,0,0,0,0,0,
.........
#reward=0,0,0.944338,0,0,0,0,0,0,
.........
#reward=0,0,1.52138,0,0,0,0,0,0,
.........
#reward=0,0,1.16792,0,0,0,0,0,0,
.........
#reward=0,0,3.22151,0,0,0,0,0,0,
.........
#reward=0,0,1.56175,0,0,0,0,0,0,
.........
#reward=0,0,0.929596,0,0,0,0,0,0,
.........
#reward=0,0,2.40079,0,0,0,0,0,0,
.........
#reward=0,0,3.01914,0,0,0,0,0,0,
.........
#reward=0,0,2.64846,0,0,0,0,0,0,
.........
#reward=0,0,2.56838,0,0,0,0,0,0,
.........
#reward=0,0,2.34607,0,0,0,0,0,0,
.........
#reward=0,0,0.273287,0,0,0,0,0,0,
.........
#reward=0,0,2.30694,0,0,0,0,0,0,
.........
#reward=0,0,3.41032,0,0,0,0,0,0,
.........
#reward=0,0,2.21987,0,0,0,0,0,0,
.........
#reward=0,0,3.12133,0,0,0,0,0,0,
.........
#reward=0,0,1.24441,0,0,0,0,0,0,
.........
#reward=0,0,3.00184,0,0,0,0,0,0,
.........
#reward=0,0,2.45024,0,0,0,0,0,0,
.........
#reward=0,0,1.45099,0,0,0,0,0,0,
.........
#reward=0,0,3.30094,0,0,0,0,0,0,
.........
#reward=0,0,1.44477,0,0,0,0,0,0,
.........
#reward=0,0,0.448251,0,0,0,0,0,0,
.........
#reward=0,0,4.55165,0,0,0,0,0,0,
.........
#reward=0,0,2.01978,0,0,0,0,0,0,
.........
#reward=0,0,0.862202,0,0,0,0,0,0,
.........
#reward=0,0,2.42155,0,0,0,0,0,0,
.........
#reward=0,0,2.35299,0,0,0,0,0,0,
.........
#reward=0,0,1.77319,0,0,0,0,0,0,
.........
#reward=0,0,1.06116,0,0,0,0,0,0,
.........
#reward=0,0,2.80441,0,0,0,0,0,0,
.........
#reward=0,0,3.09461,0,0,0,0,0,0,
.........
#reward=0,0,-0.610609,0,0,0,0,0,0,
.........
#reward=0,0,2.17857,0,0,0,0,0,0,
.........
#reward=0,0,1.5925,0,0,0,0,0,0,
.........
#reward=0,0,1.41266,0,0,0,0,0,0,
.........
#reward=0,0,1.90701,0,0,0,0,0,0,
.........
#reward=0,0,1.87938,0,0,0,0,0,0,
.........
#reward=0,0,1.15173,0,0,0,0,0,0,
.........
#reward=0,0,2.72026,0,0,0,0,0,0,
.........
#reward=0,0,0.711389,0,0,0,0,0,0,
.........
#reward=0,0,1.99874,0,0,0,0,0,0,
.........
#reward=0,0,1.58648,0,0,0,0,0,0,
.........
#reward=0,0,3.77701,0,0,0,0,0,0,
.........
#reward=0,0,1.63871,0,0,0,0,0,0,
.........
#reward=0,0,1.46024,0,0,0,0,0,0,
.........
#reward=0,0,2.17225,0,0,0,0,0,0,
.........
#reward=0,0,3.39658,0,0,0,0,0,0,
.........
#reward=0,0,1.99531,0,0,0,0,0,0,
.........
#reward=0,0,0.721521,0,0,0,0,0,0,
.........
#reward=0,0,2.20184,0,0,0,0,0,0,
.........
#reward=0,0,0.0994684,0,0,0,0,0,0,
.........
#reward=0,0,1.9026,0,0,0,0,0,0,
.........
#reward=0,0,2.48971,0,0,0,0,0,0,
.........
#reward=0,0,1.02524,0,0,0,0,0,0,
.........
#reward=0,0,1.2619,0,0,0,0,0,0,
.........
#reward=0,0,2.09345,0,0,0,0,0,0,
.........
#reward=0,0,1.88946,0,0,0,0,0,0,
.........
#reward=0,0,1.74761,0,0,0,0,0,0,
.........
#reward=0,0,2.69892,0,0,0,0,0,0,
.........
#reward=0,0,1.0226,0,0,0,0,0,0,
.........
#reward=0,0,0.452313,0,0,0,0,0,0,
.........
#reward=0,0,1.50855,0,0,0,0,0,0,
.........
#reward=0,0,3.32525,0,0,0,0,0,0,
.........
#reward=0,0,2.78656,0,0,0,0,0,0,
.........
#reward=0,0,1.90579,0,0,0,0,0,0,
.........
#reward=0,0,1.31237,0,0,0,0,0,0,
.........
#reward=0,0,3.28994,0,0,0,0,0,0,
.........
#reward=0,0,1.95557,0,0,0,0,0,0,
.........
#reward=0,0,1.55348,0,0,0,0,0,0,
.........
#reward=0,0,2.58003,0,0,0,0,0,0,
.........
#reward=0,0,1.42219,0,0,0,0,0,0,
.........
#reward=0,0,1.73695,0,0,0,0,0,0,
.........
#reward=0,0,2.20539,0,0,0,0,0,0,
.........
#reward=0,0,3.77996,0,0,0,0,0,0,
.........
#reward=0,0,0.62708,0,0,0,0,0,0,
.........
#reward=0,0,0.949772,0,0,0,0,0,0,
.........
#reward=0,0,2.43178,0,0,0,0,0,0,
.........
#reward=0,0,2.05551,0,0,0,0,0,0,
.........
#reward=0,0,3.87329,0,0,0,0,0,0,
.........
#reward=0,0,1.46393,0,0,0,0,0,0,
.........
#reward=0,0,1.36756,0,0,0,0,0,0,
.........
#reward=0,0,2.90615,0,0,0,0,0,0,
.........
#reward=0,0,2.62047,0,0,0,0,0,0,
.........
#reward=0,0,0.999614,0,0,0,0,0,0,
.........
#reward=0,0,3.54261,0,0,0,0,0,0,
.........
#reward=0,0,2.54799,0,0,0,0,0,0,
.........
#reward=0,0,2.76128,0,0,0,0,0,0,
.........
#reward=0,0,1.33186,0,0,0,0,0,0,
.........
#reward=0,0,0.931695,0,0,0,0,0,0,
.........
#reward=0,0,1.95199,0,0,0,0,0,0,
.........
#reward=0,0,1.07475,0,0,0,0,0,0,
.........
#reward=0,0,1.44317,0,0,0,0,0,0,
.........
#reward=0,0,1.75822,0,0,0,0,0,0,
.........
#reward=0,0,2.87625,0,0,0,0,0,0,
.........
#reward=0,0,1.77904,0,0,0,0,0,0,
.........
#reward=0,0,1.38557,0,0,0,0,0,0,
.........
#reward=0,0,2.74954,0,0,0,0,0,0,
.........
#reward=0,0,2.27437,0,0,0,0,0,0,
.........
#reward=0,0,2.92312,0,0,0,0,0,0,
.........
#reward=0,0,2.5024,0,0,0,0,0,0,
.........
#reward=0,0,3.21355,0,0,0,0,0,0,
.........
#reward=0,0,1.09156,0,0,0,0,0,0,
.........
#reward=0,0,3.05808,0,0,0,0,0,0,
.........
#reward=0,0,1.79675,0,0,0,0,0,0,
.........
#reward=0,0,1.25699,0,0,0,0,0,0,
.........
#reward=0,0,0.896642,0,0,0,0,0,0,
.........
#reward=0,0,2.28562,0,0,0,0,0,0,
.........
#reward=0,0,1.54174,0,0,0,0,0,0,
.........
#reward=0,0,0.876977,0,0,0,0,0,0,
.........
#reward=0,0,0.875528,0,0,0,0,0,0,
.........
#reward=0,0,2.16445,0,0,0,0,0,0,
.........
#reward=0,0,0.435826,0,0,0,0,0,0,
.........
#reward=0,0,2.78624,0,0,0,0,0,0,
.........
#reward=0,0,2.64235,0,0,0,0,0,0,
.........
#reward=0,0,1.3561,0,0,0,0,0,0,
.........
#reward=0,0,2.86992,0,0,0,0,0,0,
.........
#reward=0,0,2.15749,0,0,0,0,0,0,
.........
#reward=0,0,3.60031,0,0,0,0,0,0,
.........
#reward=0,0,1.77835,0,0,0,0,0,0,
.........
#reward=0,0,1.41915,0,0,0,0,0,0,
.........
#reward=0,0,2.98157,0,0,0,0,0,0,
.........
#reward=0,0,2.36538,0,0,0,0,0,0,
.........
#reward=0,0,0.956982,0,0,0,0,0,0,
.........
#reward=0,0,1.00718,0,0,0,0,0,0,
.........
#reward=0,0,2.54414,0,0,0,0,0,0,
.........
#reward=0,0,-0.0290623,0,0,0,0,0,0,
.........
#reward=0,0,3.81373,0,0,0,0,0,0,
.........
#reward=0,0,3.43159,0,0,0,0,0,0,
.........
#reward=0,0,3.31673,0,0,0,0,0,0,
.........
#reward=0,0,0.999761,0,0,0,0,0,0,
.........
#reward=0,0,2.30052,0,0,0,0,0,0,
.........
#reward=0,0,3.57292,0,0,0,0,0,0,
.........
#reward=0,0,3.54605,0,0,0,0,0,0,
.........
#reward=0,0,1.28349,0,0,0,0,0,0,
.........
#reward=0,0,1.68409,0,0,0,0,0,0,
.........
#reward=0,0,0.704806,0,0,0,0,0,0,
.........
#reward=0,0,1.52997,0,0,0,0,0,0,
.........
#reward=0,0,2.40659,0,0,0,0,0,0,
.........
#reward=0,0,1.45178,0,0,0,0,0,0,
.........
#reward=0,0,1.04403,0,0,0,0,0,0,
.........
#reward=0,0,1.6085,0,0,0,0,0,0,
.........
#reward=0,0,1.99237,0,0,0,0,0,0,
.........
#reward=0,0,2.07282,0,0,0,0,0,0,
.........
#reward=0,0,2.75526,0,0,0,0,0,0,
.........
#reward=0,0,1.01701,0,0,0,0,0,0,
.........
#reward=0,0,1.76094,0,0,0,0,0,0,
.........
#reward=0,0,2.60822,0,0,0,0,0,0,
.........
#reward=0,0,0.641839,0,0,0,0,0,0,
.........
#reward=0,0,3.00922,0,0,0,0,0,0,
.........
#reward=0,0,3.77809,0,0,0,0,0,0,
.........
#reward=0,0,2.81905,0,0,0,0,0,0,
.........
#reward=0,0,1.78327,0,0,0,0,0,0,
.........
#reward=0,0,1.54766,0,0,0,0,0,0,
.........
#reward=0,0,3.86368,0,0,0,0,0,0,
.........
#reward=0,0,1.39136,0,0,0,0,0,0,
.........
#reward=0,0,1.34555,0,0,0,0,0,0,
.........
#reward=0,0,0.405365,0,0,0,0,0,0,
.........
#reward=0,0,2.02736,0,0,0,0,0,0,
.........
#reward=0,0,1.99117,0,0,0,0,0,0,
.........
#reward=0,0,2.95465,0,0,0,0,0,0,
.........
#reward=0,0,0.633711,0,0,0,0,0,0,
.........
#reward=0,0,1.76,0,0,0,0,0,0,
.........
#reward=0,0,2.67326,0,0,0,0,0,0,
.........
#reward=0,0,3.14187,0,0,0,0,0,0,
.........
#reward=0,0,3.42551,0,0,0,0,0,0,
.........
#reward=0,0,1.65195,0,0,0,0,0,0,
.........
#reward=0,0,1.02923,0,0,0,0,0,0,
.........
#reward=0,0,1.62537,0,0,0,0,0,0,
.........
#reward=0,0,2.28959,0,0,0,0,0,0,
.........
#reward=0,0,1.87661,0,0,0,0,0,0,
.........
#reward=0,0,1.89553,0,0,0,0,0,0,
.........
#reward=0,0,2.63154,0,0,0,0,0,0,
.........
#reward=0,0,0.461383,0,0,0,0,0,0,
.........
#reward=0,0,2.26969,0,0,0,0,0,0,
.........
#reward=0,0,3.65741,0,0,0,0,0,0,
.........
#reward=0,0,1.6132,0,0,0,0,0,0,
.........
#reward=0,0,1.30429,0,0,0,0,0,0,
.........
#reward=0,0,0.921205,0,0,0,0,0,0,
.........
#reward=0,0,3.29053,0,0,0,0,0,0,
.........
#reward=0,0,0.768478,0,0,0,0,0,0,
.........
#reward=0,0,1.25299,0,0,0,0,0,0,
.........
#reward=0,0,2.05409,0,0,0,0,0,0,
.........
#reward=0,0,3.11283,0,0,0,0,0,0,
.........
#reward=0,0,0.765161,0,0,0,0,0,0,
.........
#reward=0,0,1.84374,0,0,0,0,0,0,
.........
#reward=0,0,2.08011,0,0,0,0,0,0,
.........
#reward=0,0,2.26814,0,0,0,0,0,0,
.........
#reward=0,0,1.32937,0,0,0,0,0,0,
.........
#reward=0,0,2.0297,0,0,0,0,0,0,
.........
#reward=0,0,2.19611,0,0,0,0,0,0,
.........
#reward=0,0,2.158,0,0,0,0,0,0,
.........
#reward=0,0,3.09821,0,0,0,0,0,0,
.........
#reward=0,0,1.31201,0,0,0,0,0,0,
.........
#reward=0,0,2.25045,0,0,0,0,0,0,
.........
#reward=0,0,1.01716,0,0,0,0,0,0,
.........
#reward=0,0,1.2172,0,0,0,0,0,0,
.........
#reward=0,0,2.62368,0,0,0,0,0,0,
.........
#reward=0,0,1.40851,0,0,0,0,0,0,
.........
#reward=0,0,2.79582,0,0,0,0,0,0,
.........
#reward=0,0,1.65846,0,0,0,0,0,0,
.........
#reward=0,0,1.38104,0,0,0,0,0,0,
.........
#reward=0,0,1.55316,0,0,0,0,0,0,
.........
#reward=0,0,2.49836,0,0,0,0,0,0,
.........
#reward=0,0,2.32548,0,0,0,0,0,0,
.........
#reward=0,0,2.44415,0,0,0,0,0,0,
.........
#reward=0,0,1.8836,0,0,0,0,0,0,
.........
#reward=0,0,2.78745,0,0,0,0,0,0,
.........
#reward=0,0,1.78089,0,0,0,0,0,0,
.........
#reward=0,0,2.39464,0,0,0,0,0,0,
.........
#reward=0,0,1.73688,0,0,0,0,0,0,
.........
#reward=0,0,1.91267,0,0,0,0,0,0,
.........
#reward=0,0,0.384171,0,0,0,0,0,0,
.........
#reward=0,0,2.02701,0,0,0,0,0,0,
.........
#reward=0,0,2.71636,0,0,0,0,0,0,
.........
#reward=0,0,1.79104,0,0,0,0,0,0,
.........
#reward=0,0,3.1569,0,0,0,0,0,0,
.........
#reward=0,0,2.26944,0,0,0,0,0,0,
.........
#reward=0,0,2.20147,0,0,0,0,0,0,
.........
#reward=0,0,0.953098,0,0,0,0,0,0,
.........
#reward=0,0,1.11878,0,0,0,0,0,0,
.........
#reward=0,0,2.10641,0,0,0,0,0,0,
.........
#reward=0,0,1.80012,0,0,0,0,0,0,
.........
#reward=0,0,2.29089,0,0,0,0,0,0,
.........
#reward=0,0,1.97885,0,0,0,0,0,0,
.........
#reward=0,0,1.64616,0,0,0,0,0,0,
.........
#reward=0,0,2.62506,0,0,0,0,0,0,
.........
#reward=0,0,2.24211,0,0,0,0,0,0,
.........
