#port=44107
#reward=9.26863,9.26863,9.26863,9.26863,9.26863,9.26863,9.26863,
#reward=1.913,1.913,1.913,1.913,1.913,1.913,1.913,
.UDdLRr
#reward=2.43558,2.43558,2.43558,2.43558,2.43558,2.43558,2.43558,
lRrlDRl
#reward=2.42305,2.42305,2.42305,2.42305,2.42305,2.42305,2.42305,
.l...l.
#reward=2.36859,2.36859,2.36859,2.36859,2.36859,2.36859,2.36859,
.D..rD.
#reward=1.56268,1.56268,1.56268,1.56268,1.56268,1.56268,1.56268,
r.l..UD
#reward=1.16041,1.16041,1.16041,1.16041,1.16041,1.16041,1.16041,
.uUR..u
#reward=0.720231,0.720231,0.720231,0.720231,0.720231,0.720231,0.720231,
U.rUlUD
#reward=2.52277,2.52277,2.52277,2.52277,2.52277,2.52277,2.52277,
Dl.luuU
#reward=1.40819,1.40819,1.40819,1.40819,1.40819,1.40819,1.40819,
..LRDrr
#reward=1.07738,1.07738,1.07738,1.07738,1.07738,1.07738,1.07738,
...llD.
#reward=2.11025,2.11025,2.11025,2.11025,2.11025,2.11025,2.11025,
u.U.R.D
#reward=2.32752,2.32752,2.32752,2.32752,2.32752,2.32752,2.32752,
..URlDl
#reward=2.18755,2.18755,2.18755,2.18755,2.18755,2.18755,2.18755,
DRll.lu
#reward=1.54362,1.54362,1.54362,1.54362,1.54362,1.54362,1.54362,
DLr....
#reward=2.5766,2.5766,2.5766,2.5766,2.5766,2.5766,2.5766,
R.UUD.R
#reward=1.88397,1.88397,1.88397,1.88397,1.88397,1.88397,1.88397,
l.l.DRr
#reward=0.964949,0.964949,0.964949,0.964949,0.964949,0.964949,0.964949,
rRULr..
#reward=3.26658,3.26658,3.26658,3.26658,3.26658,3.26658,3.26658,
dD.l.U.
#reward=1.46443,1.46443,1.46443,1.46443,1.46443,1.46443,1.46443,
ULL.DLD
#reward=1.86607,1.86607,1.86607,1.86607,1.86607,1.86607,1.86607,
...UlUu
#reward=3.67803,3.67803,3.67803,3.67803,3.67803,3.67803,3.67803,
.LLL.Dr
#reward=3.29866,3.29866,3.29866,3.29866,3.29866,3.29866,3.29866,
..L.DRL
#reward=1.77607,1.77607,1.77607,1.77607,1.77607,1.77607,1.77607,
.R..LLU
#reward=1.78868,1.78868,1.78868,1.78868,1.78868,1.78868,1.78868,
LD.U...
#reward=3.83045,3.83045,3.83045,3.83045,3.83045,3.83045,3.83045,
...L.R.
#reward=1.96039,1.96039,1.96039,1.96039,1.96039,1.96039,1.96039,
R.Drl..
#reward=1.17162,1.17162,1.17162,1.17162,1.17162,1.17162,1.17162,
rLuLDLD
#reward=1.98524,1.98524,1.98524,1.98524,1.98524,1.98524,1.98524,
..RlLUL
#reward=2.17064,2.17064,2.17064,2.17064,2.17064,2.17064,2.17064,
dR.D..l
#reward=2.15226,2.15226,2.15226,2.15226,2.15226,2.15226,2.15226,
.L.L..r
#reward=3.09595,3.09595,3.09595,3.09595,3.09595,3.09595,3.09595,
...LlD.
#reward=1.87768,1.87768,1.87768,1.87768,1.87768,1.87768,1.87768,
.RD....
#reward=1.42475,1.42475,1.42475,1.42475,1.42475,1.42475,1.42475,
..lL..D
#reward=1.83655,1.83655,1.83655,1.83655,1.83655,1.83655,1.83655,
.L.R.D.
#reward=0.775915,0.775915,0.775915,0.775915,0.775915,0.775915,0.775915,
.L.DDR.
#reward=2.48512,2.48512,2.48512,2.48512,2.48512,2.48512,2.48512,
LUUrU.u
#reward=1.61652,1.61652,1.61652,1.61652,1.61652,1.61652,1.61652,
R.L..U.
#reward=1.77918,1.77918,1.77918,1.77918,1.77918,1.77918,1.77918,
.URD.RL
#reward=2.33385,2.33385,2.33385,2.33385,2.33385,2.33385,2.33385,
..UlRD.
#reward=1.60083,1.60083,1.60083,1.60083,1.60083,1.60083,1.60083,
LDRuD.l
#reward=2.59532,2.59532,2.59532,2.59532,2.59532,2.59532,2.59532,
R..DDUR
#reward=3.3219,3.3219,3.3219,3.3219,3.3219,3.3219,3.3219,
.D.U..r
#reward=1.70138,1.70138,1.70138,1.70138,1.70138,1.70138,1.70138,
LL.....
#reward=1.60212,1.60212,1.60212,1.60212,1.60212,1.60212,1.60212,
U...l.D
#reward=0.000273762,0.000273762,0.000273762,0.000273762,0.000273762,0.000273762,0.000273762,
D...RLl
#reward=1.63089,1.63089,1.63089,1.63089,1.63089,1.63089,1.63089,
UR.DL..
#reward=2.08387,2.08387,2.08387,2.08387,2.08387,2.08387,2.08387,
DL....R
#reward=2.26535,2.26535,2.26535,2.26535,2.26535,2.26535,2.26535,
U...ULr
#reward=2.31172,2.31172,2.31172,2.31172,2.31172,2.31172,2.31172,
DL.L.RL
#reward=2.29076,2.29076,2.29076,2.29076,2.29076,2.29076,2.29076,
....l..
#reward=1.99162,1.99162,1.99162,1.99162,1.99162,1.99162,1.99162,
RR.RUL.
#reward=0.528688,0.528688,0.528688,0.528688,0.528688,0.528688,0.528688,
...lrRR
#reward=2.18483,2.18483,2.18483,2.18483,2.18483,2.18483,2.18483,
.L.UDL.
#reward=1.89617,1.89617,1.89617,1.89617,1.89617,1.89617,1.89617,
..RR..L
#reward=1.92893,1.92893,1.92893,1.92893,1.92893,1.92893,1.92893,
.ULLDDD
#reward=2.23257,2.23257,2.23257,2.23257,2.23257,2.23257,2.23257,
L..DRUR
#reward=2.84126,2.84126,2.84126,2.84126,2.84126,2.84126,2.84126,
r.....D
#reward=0.4619,0.4619,0.4619,0.4619,0.4619,0.4619,0.4619,
.RRURDR
#reward=1.74171,1.74171,1.74171,1.74171,1.74171,1.74171,1.74171,
.R.D..R
#reward=2.49048,2.49048,2.49048,2.49048,2.49048,2.49048,2.49048,
.DlRURL
#reward=2.03995,2.03995,2.03995,2.03995,2.03995,2.03995,2.03995,
.RR.RRU
#reward=1.34032,1.34032,1.34032,1.34032,1.34032,1.34032,1.34032,
.R.uLLL
#reward=2.50388,2.50388,2.50388,2.50388,2.50388,2.50388,2.50388,
.LRL.UU
#reward=2.83347,2.83347,2.83347,2.83347,2.83347,2.83347,2.83347,
U.LrUR.
