#port=58377
#reward=12.1694,12.1694,12.1694,12.1694,12.1694,12.1694,12.1694,12.1694,
#reward=2.02148,2.02148,2.02148,2.02148,2.02148,2.02148,2.02148,2.02148,
R.D.Rr..
#reward=0.864931,0.864931,0.864931,0.864931,0.864931,0.864931,0.864931,0.864931,
U.rr.D.L
#reward=1.76766,1.76766,1.76766,1.76766,1.76766,1.76766,1.76766,1.76766,
Lr.url..
#reward=1.3351,1.3351,1.3351,1.3351,1.3351,1.3351,1.3351,1.3351,
DlU..r.r
#reward=3.04123,3.04123,3.04123,3.04123,3.04123,3.04123,3.04123,3.04123,
rUD..Dl.
#reward=0.268786,0.268786,0.268786,0.268786,0.268786,0.268786,0.268786,0.268786,
DU.Ll.R.
#reward=2.19777,2.19777,2.19777,2.19777,2.19777,2.19777,2.19777,2.19777,
lr......
#reward=0.19116,0.19116,0.19116,0.19116,0.19116,0.19116,0.19116,0.19116,
RlDDDrLD
#reward=1.53011,1.53011,1.53011,1.53011,1.53011,1.53011,1.53011,1.53011,
.ul.r.u.
#reward=2.60149,2.60149,2.60149,2.60149,2.60149,2.60149,2.60149,2.60149,
..Uuu...
#reward=3.21797,3.21797,3.21797,3.21797,3.21797,3.21797,3.21797,3.21797,
..L..DRD
#reward=2.86733,2.86733,2.86733,2.86733,2.86733,2.86733,2.86733,2.86733,
.D.....u
#reward=1.11884,1.11884,1.11884,1.11884,1.11884,1.11884,1.11884,1.11884,
LLr....L
#reward=1.10622,1.10622,1.10622,1.10622,1.10622,1.10622,1.10622,1.10622,
....L.LU
#reward=2.79853,2.79853,2.79853,2.79853,2.79853,2.79853,2.79853,2.79853,
U...rl.U
#reward=0.726282,0.726282,0.726282,0.726282,0.726282,0.726282,0.726282,0.726282,
u...LrRR
#reward=1.68167,1.68167,1.68167,1.68167,1.68167,1.68167,1.68167,1.68167,
..U.RD..
#reward=2.91473,2.91473,2.91473,2.91473,2.91473,2.91473,2.91473,2.91473,
D....r..
#reward=0.57743,0.57743,0.57743,0.57743,0.57743,0.57743,0.57743,0.57743,
U.U...l.
#reward=1.99705,1.99705,1.99705,1.99705,1.99705,1.99705,1.99705,1.99705,
..RL....
#reward=2.69319,2.69319,2.69319,2.69319,2.69319,2.69319,2.69319,2.69319,
..Dl.DR.
#reward=3.61946,3.61946,3.61946,3.61946,3.61946,3.61946,3.61946,3.61946,
.L.DDL..
#reward=1.70123,1.70123,1.70123,1.70123,1.70123,1.70123,1.70123,1.70123,
DUrLrR..
#reward=1.53283,1.53283,1.53283,1.53283,1.53283,1.53283,1.53283,1.53283,
.D.ru.r.
#reward=1.63543,1.63543,1.63543,1.63543,1.63543,1.63543,1.63543,1.63543,
UU..LL.L
#reward=3.30134,3.30134,3.30134,3.30134,3.30134,3.30134,3.30134,3.30134,
....Ur..
#reward=2.48496,2.48496,2.48496,2.48496,2.48496,2.48496,2.48496,2.48496,
.DLLu.UU
#reward=1.82436,1.82436,1.82436,1.82436,1.82436,1.82436,1.82436,1.82436,
LUr.DLRD
#reward=3.19307,3.19307,3.19307,3.19307,3.19307,3.19307,3.19307,3.19307,
R..rLr..
#reward=2.41989,2.41989,2.41989,2.41989,2.41989,2.41989,2.41989,2.41989,
..L.RDL.
#reward=0.310503,0.310503,0.310503,0.310503,0.310503,0.310503,0.310503,0.310503,
D.rL.UDR
#reward=3.24572,3.24572,3.24572,3.24572,3.24572,3.24572,3.24572,3.24572,
R.UuDLL.
#reward=3.94009,3.94009,3.94009,3.94009,3.94009,3.94009,3.94009,3.94009,
r.LRD.U.
#reward=1.23507,1.23507,1.23507,1.23507,1.23507,1.23507,1.23507,1.23507,
..RDRuR.
#reward=3.80894,3.80894,3.80894,3.80894,3.80894,3.80894,3.80894,3.80894,
LDl.RLD.
#reward=1.70805,1.70805,1.70805,1.70805,1.70805,1.70805,1.70805,1.70805,
UDDDUl..
#reward=1.03069,1.03069,1.03069,1.03069,1.03069,1.03069,1.03069,1.03069,
Ll.U.r..
#reward=1.57862,1.57862,1.57862,1.57862,1.57862,1.57862,1.57862,1.57862,
RDLrrU..
#reward=1.07238,1.07238,1.07238,1.07238,1.07238,1.07238,1.07238,1.07238,
DURL...L
#reward=1.72936,1.72936,1.72936,1.72936,1.72936,1.72936,1.72936,1.72936,
UDL.DL..
#reward=3.46663,3.46663,3.46663,3.46663,3.46663,3.46663,3.46663,3.46663,
..R.U..U
#reward=1.69278,1.69278,1.69278,1.69278,1.69278,1.69278,1.69278,1.69278,
.rULL..D
#reward=0.873822,0.873822,0.873822,0.873822,0.873822,0.873822,0.873822,0.873822,
...llr.R
#reward=1.57786,1.57786,1.57786,1.57786,1.57786,1.57786,1.57786,1.57786,
....U...
#reward=2.24474,2.24474,2.24474,2.24474,2.24474,2.24474,2.24474,2.24474,
.D.rL...
#reward=1.87331,1.87331,1.87331,1.87331,1.87331,1.87331,1.87331,1.87331,
....L.L.
#reward=2.04024,2.04024,2.04024,2.04024,2.04024,2.04024,2.04024,2.04024,
.lDDU.U.
#reward=4.43399,4.43399,4.43399,4.43399,4.43399,4.43399,4.43399,4.43399,
.rD...U.
#reward=2.04862,2.04862,2.04862,2.04862,2.04862,2.04862,2.04862,2.04862,
DDLLUU..
#reward=1.40496,1.40496,1.40496,1.40496,1.40496,1.40496,1.40496,1.40496,
UDlr.u..
#reward=1.67866,1.67866,1.67866,1.67866,1.67866,1.67866,1.67866,1.67866,
Dr....r.
#reward=1.82872,1.82872,1.82872,1.82872,1.82872,1.82872,1.82872,1.82872,
UUUDLR.L
#reward=-0.681459,-0.681459,-0.681459,-0.681459,-0.681459,-0.681459,-0.681459,-0.681459,
..D.D..U
#reward=2.9121,2.9121,2.9121,2.9121,2.9121,2.9121,2.9121,2.9121,
.uUU..L.
#reward=-29.9048,2.46515,2.46515,2.46515,2.46515,2.46515,2.46515,2.46515,
l.rLU.U.
#reward=0,3.2915,3.2915,3.2915,3.2915,3.2915,3.2915,3.2915,
.LLU.UrU
#reward=0,3.06371,3.06371,3.06371,3.06371,3.06371,3.06371,3.06371,
...luD.R
#reward=0,1.7427,1.7427,1.7427,1.7427,1.7427,1.7427,1.7427,
D.lDr.D.
#reward=0,0.631356,0.631356,0.631356,0.631356,0.631356,0.631356,0.631356,
R..r.u..
#reward=0,3.78967,3.78967,3.78967,3.78967,3.78967,3.78967,3.78967,
.l.D..u.
#reward=0,2.44258,2.44258,2.44258,2.44258,2.44258,2.44258,2.44258,
LDRlD.Lu
#reward=0,1.52712,1.52712,1.52712,1.52712,1.52712,1.52712,1.52712,
R.Dr....
#reward=0,1.51,1.51,1.51,1.51,1.51,1.51,1.51,
.R.Du...
#reward=0,1.32707,1.32707,1.32707,1.32707,1.32707,1.32707,1.32707,
.urD.L..
#reward=0,2.48353,2.48353,2.48353,2.48353,2.48353,2.48353,2.48353,
..Ul..u.
#reward=0,2.83864,2.83864,2.83864,2.83864,2.83864,2.83864,2.83864,
..Du.D.L
#reward=0,2.67438,2.67438,2.67438,2.67438,2.67438,2.67438,2.67438,
.DD.D.DR
#reward=0,0.445976,0.445976,0.445976,0.445976,0.445976,0.445976,0.445976,
L.L..U..
#reward=0,4.4263,4.4263,4.4263,4.4263,4.4263,4.4263,4.4263,
R.L.UD..
#reward=0,3.11934,3.11934,3.11934,3.11934,3.11934,3.11934,3.11934,
.L.R.U..
#reward=0,1.97043,1.97043,1.97043,1.97043,1.97043,1.97043,1.97043,
.rrLRR..
#reward=0,1.07241,1.07241,1.07241,1.07241,1.07241,1.07241,1.07241,
...RDRU.
#reward=0,2.06391,2.06391,2.06391,2.06391,2.06391,2.06391,2.06391,
...R.U..
#reward=0,1.95692,1.95692,1.95692,1.95692,1.95692,1.95692,1.95692,
LLUr.R..
#reward=0,2.89498,2.89498,2.89498,2.89498,2.89498,2.89498,2.89498,
RrLLLLR.
#reward=0,0.674174,0.674174,0.674174,0.674174,0.674174,0.674174,0.674174,
.uLDUDR.
#reward=0,3.19785,3.19785,3.19785,3.19785,3.19785,3.19785,3.19785,
..lR.L..
#reward=0,3.41512,3.41512,3.41512,3.41512,3.41512,3.41512,3.41512,
LLuR.R..
#reward=0,1.64313,1.64313,1.64313,1.64313,1.64313,1.64313,1.64313,
.U.R.lD.
#reward=0,3.0222,3.0222,3.0222,3.0222,3.0222,3.0222,3.0222,
RDRU.RUL
#reward=0,2.02024,2.02024,2.02024,2.02024,2.02024,2.02024,2.02024,
LR.uR..D
#reward=0,0.860475,0.860475,0.860475,0.860475,0.860475,0.860475,0.860475,
R.DR..L.
#reward=0,2.18259,2.18259,2.18259,2.18259,2.18259,2.18259,2.18259,
.L.rR...
#reward=0,1.73347,1.73347,1.73347,1.73347,1.73347,1.73347,1.73347,
.rrL....
#reward=0,3.39709,3.39709,3.39709,3.39709,3.39709,3.39709,3.39709,
L...L..D
#reward=0,-0.0543011,-0.0543011,-0.0543011,-0.0543011,-0.0543011,-0.0543011,-0.0543011,
Ru.RD.RU
#reward=0,2.03129,2.03129,2.03129,2.03129,2.03129,2.03129,2.03129,
L....D.U
#reward=0,4.43587,4.43587,4.43587,4.43587,4.43587,4.43587,4.43587,
RLUDUU.D
#reward=0,1.52741,1.52741,1.52741,1.52741,1.52741,1.52741,1.52741,
LuRU.UD.
#reward=0,2.7376,2.7376,2.7376,2.7376,2.7376,2.7376,2.7376,
.L.uRR..
#reward=0,0.740343,0.740343,0.740343,0.740343,0.740343,0.740343,0.740343,
R..l..U.
#reward=0,3.78051,3.78051,3.78051,3.78051,3.78051,3.78051,3.78051,
L....L..
#reward=0,0.586429,0.586429,0.586429,0.586429,0.586429,0.586429,0.586429,
RDLD.DLD
#reward=0,1.33592,1.33592,1.33592,1.33592,1.33592,1.33592,1.33592,
.DRR...U
#reward=0,0.415415,0.415415,0.415415,0.415415,0.415415,0.415415,0.415415,
LL.L....
#reward=0,2.17662,2.17662,2.17662,2.17662,2.17662,-35.3253,2.17662,
Rr..L.rL
#reward=0,1.38434,1.38434,1.38434,1.38434,1.38434,0,1.38434,
L..uRULR
#reward=0,3.13454,3.13454,3.13454,3.13454,3.13454,0,3.13454,
RD.DDDR.
#reward=0,2.52312,2.52312,2.52312,2.52312,2.52312,0,2.52312,
LUL.L.LU
#reward=0,2.28548,2.28548,2.28548,2.28548,2.28548,0,2.28548,
RLL.RDD.
#reward=0,1.31015,1.31015,1.31015,1.31015,1.31015,0,1.31015,
.DDR.U.R
#reward=0,2.37227,2.37227,2.37227,2.37227,2.37227,0,2.37227,
.ruRUD..
#reward=0,2.37608,2.37608,2.37608,2.37608,2.37608,0,2.37608,
LuRR.U..
#reward=0,0.613433,0.613433,0.613433,0.613433,0.613433,0,0.613433,
RL.DLLU.
#reward=0,2.30768,2.30768,2.30768,2.30768,2.30768,0,2.30768,
Lr.uR.R.
#reward=0,1.28294,1.28294,1.28294,1.28294,1.28294,0,1.28294,
R.U...L.
#reward=0,1.37706,1.37706,1.37706,1.37706,1.37706,0,1.37706,
..Ur.RR.
#reward=0,2.10028,2.10028,2.10028,2.10028,2.10028,0,2.10028,
.UUDL.L.
#reward=0,0.808342,0.808342,0.808342,0.808342,0.808342,0,0.808342,
L.RLRuD.
#reward=0,0.919576,0.919576,0.919576,0.919576,0.919576,0,0.919576,
R.LuL.U.
#reward=0,2.80274,2.80274,2.80274,2.80274,2.80274,0,2.80274,
.DRrD.R.
#reward=0,1.42038,1.42038,1.42038,1.42038,1.42038,0,1.42038,
....DLL.
#reward=0,2.53254,2.53254,2.53254,2.53254,2.53254,0,2.53254,
L.L...R.
#reward=0,4.99888,4.99888,4.99888,4.99888,4.99888,0,4.99888,
R..LD.L.
#reward=0,2.05432,2.05432,2.05432,2.05432,2.05432,0,2.05432,
..L.L.D.
#reward=0,1.28653,1.28653,1.28653,1.28653,1.28653,0,1.28653,
..L.L...
#reward=0,2.01134,2.01134,2.01134,2.01134,2.01134,0,2.01134,
....rUU.
#reward=0,2.64044,2.64044,2.64044,2.64044,2.64044,0,2.64044,
..R.DD..
#reward=0,2.94313,2.94313,2.94313,2.94313,2.94313,0,2.94313,
.U..D.R.
#reward=0,2.01408,2.01408,2.01408,2.01408,2.01408,0,2.01408,
.D..RULL
#reward=0,0.47195,0.47195,0.47195,0.47195,0.47195,0,0.47195,
.lRD..R.
#reward=0,-0.303175,-0.303175,-0.303175,-0.303175,-0.303175,0,-0.303175,
L..RLULL
#reward=0,2.42027,2.42027,2.42027,2.42027,2.42027,0,2.42027,
R.rLLRRR
#reward=0,3.48452,3.48452,3.48452,3.48452,3.48452,0,3.48452,
L..Dr.LR
#reward=0,1.724,1.724,1.724,1.724,1.724,0,1.724,
.U.D..D.
#reward=0,4.74766,4.74766,4.74766,4.74766,4.74766,0,4.74766,
R.LR....
#reward=0,4.31986,4.31986,4.31986,4.31986,4.31986,0,4.31986,
.L..L.U.
#reward=0,2.02345,2.02345,2.02345,2.02345,2.02345,0,2.02345,
.U.rUU..
#reward=0,2.41602,2.41602,2.41602,2.41602,2.41602,0,2.41602,
LD.D.lD.
#reward=0,0.881817,0.881817,0.881817,0.881817,0.881817,0,0.881817,
Ru.r..U.
#reward=0,3.25251,3.25251,3.25251,3.25251,3.25251,0,3.25251,
LR..rRD.
#reward=0,0.218135,0.218135,0.218135,0.218135,0.218135,0,0.218135,
RL..DU..
#reward=0,0.420418,0.420418,0.420418,0.420418,0.420418,0,0.420418,
....RUU.
#reward=0,3.39388,3.39388,3.39388,3.39388,3.39388,0,3.39388,
..RL.lD.
#reward=0,4.29245,4.29245,4.29245,4.29245,4.29245,0,4.29245,
L.L...U.
#reward=0,1.54078,1.54078,1.54078,1.54078,1.54078,0,1.54078,
R..u..D.
#reward=0,-2.67894,-2.67894,-2.67894,-2.67894,-2.67894,0,-2.67894,
.L..LU..
#reward=0,3.9193,3.9193,3.9193,3.9193,3.9193,0,3.9193,
.rR.UR.L
#reward=0,-0.4772,-0.4772,-0.4772,-0.4772,-0.4772,0,-0.4772,
LU.DDL.D
#reward=0,3.85505,3.85505,3.85505,3.85505,3.85505,0,3.85505,
R..U.R.L
#reward=0,-0.2725,-0.2725,-0.2725,-0.2725,-0.2725,0,-0.2725,
LL..LLUU
#reward=0,3.91699,3.91699,3.91699,3.91699,3.91699,0,3.91699,
RL.RU.Ru
#reward=0,1.91277,1.91277,1.91277,1.91277,1.91277,0,1.91277,
.rD..l.L
#reward=0,3.1028,3.1028,3.1028,3.1028,3.1028,0,3.1028,
..D.LuLL
#reward=0,4.24857,4.24857,4.24857,4.24857,4.24857,0,4.24857,
LD..U...
#reward=0,-0.0647535,-0.0647535,-0.0647535,-0.0647535,-0.0647535,0,-0.0647535,
Rr.ULDDU
#reward=0,2.98389,2.98389,2.98389,2.98389,2.98389,0,2.98389,
L.UDUu.u
#reward=0,0.472188,0.472188,0.472188,0.472188,0.472188,0,0.472188,
U.U.DR.r
#reward=0,2.36507,2.36507,2.36507,2.36507,2.36507,0,2.36507,
.U..LRUD
#reward=0,2.10077,2.10077,2.10077,2.10077,2.10077,0,2.10077,
.U.UDLDL
#reward=0,2.03135,2.03135,2.03135,2.03135,2.03135,0,2.03135,
DL..U.U.
#reward=0,1.72291,1.72291,1.72291,1.72291,1.72291,0,1.72291,
RUD.RL.U
#reward=0,1.58328,1.58328,1.58328,1.58328,1.58328,0,1.58328,
L..D.DRr
#reward=0,1.31822,1.31822,1.31822,1.31822,1.31822,0,1.31822,
UDU.llLu
#reward=0,1.09191,1.09191,1.09191,1.09191,1.09191,0,1.09191,
.ULUDrR.
#reward=0,2.16759,2.16759,2.16759,2.16759,2.16759,0,2.16759,
.U....L.
#reward=0,1.6172,1.6172,1.6172,1.6172,1.6172,0,1.6172,
DU.UUD..
#reward=0,3.95082,3.95082,3.95082,3.95082,3.95082,0,3.95082,
UR.uDu..
#reward=0,1.85571,1.85571,1.85571,1.85571,1.85571,0,1.85571,
D..rU.D.
#reward=0,1.2427,1.2427,1.2427,1.2427,1.2427,0,1.2427,
R.......
#reward=0,5.02431,5.02431,5.02431,5.02431,5.02431,0,5.02431,
.L.LU.U.
#reward=0,3.34823,3.34823,3.34823,3.34823,3.34823,0,3.34823,
.R...RRL
#reward=0,3.93156,3.93156,3.93156,3.93156,3.93156,0,3.93156,
...R..LD
#reward=0,3.07053,3.07053,3.07053,3.07053,3.07053,0,3.07053,
..RL..DR
#reward=0,1.12082,1.12082,1.12082,1.12082,1.12082,0,1.12082,
..D..D.r
#reward=0,1.03125,1.03125,1.03125,1.03125,1.03125,0,1.03125,
LlUU.DUL
#reward=0,2.98258,2.98258,2.98258,2.98258,2.98258,0,2.98258,
.D...DRr
#reward=0,0.45422,0.45422,0.45422,0.45422,0.45422,0,0.45422,
UR.L..L.
#reward=0,-1.45636,-1.45636,-1.45636,-1.45636,-1.45636,0,-1.45636,
.......u
#reward=0,4.01525,4.01525,4.01525,4.01525,4.01525,0,4.01525,
.DD...R.
#reward=0,2.99472,2.99472,2.99472,2.99472,2.99472,0,2.99472,
.DD..D.L
#reward=0,1.77058,1.77058,1.77058,1.77058,1.77058,0,1.77058,
.LRRDLLl
#reward=0,3.39404,3.39404,3.39404,3.39404,3.39404,0,3.39404,
Dr.DURDr
#reward=0,-0.186189,-0.186189,-0.186189,-0.186189,-0.186189,0,-0.186189,
R..U..U.
#reward=0,1.55913,1.55913,1.55913,1.55913,1.55913,0,1.55913,
LL...LRU
#reward=0,1.43244,1.43244,1.43244,1.43244,1.43244,0,1.43244,
Rr.L..LL
#reward=0,3.47338,3.47338,3.47338,3.47338,3.47338,0,3.47338,
......DR
#reward=0,1.78998,1.78998,1.78998,1.78998,1.78998,0,1.78998,
L....LUL
#reward=0,2.61358,2.61358,2.61358,2.61358,2.61358,0,2.61358,
RU...U..
#reward=0,1.22227,1.22227,1.22227,1.22227,1.22227,0,1.22227,
.l.R..Rr
#reward=0,2.0944,2.0944,2.0944,2.0944,2.0944,0,2.0944,
.D...DLU
#reward=0,2.65353,2.65353,2.65353,2.65353,2.65353,0,2.65353,
L..L.URR
#reward=0,1.81276,1.81276,1.81276,1.81276,1.81276,0,1.81276,
RU.R.DLR
#reward=0,2.63032,2.63032,2.63032,2.63032,2.63032,0,2.63032,
.D.D.RD.
#reward=0,3.22322,3.22322,3.22322,3.22322,3.22322,0,3.22322,
L..R.L.U
#reward=0,2.25632,2.25632,2.25632,2.25632,2.25632,0,2.25632,
.....U.D
#reward=0,1.61403,1.61403,1.61403,1.61403,1.61403,0,1.61403,
R...DLU.
#reward=0,-0.0952549,-0.0952549,-0.0952549,-0.0952549,-0.0952549,0,-0.0952549,
L...DUR.
#reward=0,0.880672,0.880672,0.880672,0.880672,0.880672,0,0.880672,
RU..R.LL
#reward=0,0.770544,0.770544,0.770544,0.770544,0.770544,0,0.770544,
L...R.R.
#reward=0,4.10539,4.10539,4.10539,4.10539,4.10539,0,4.10539,
RD..l.L.
#reward=0,1.93108,1.93108,1.93108,1.93108,1.93108,0,1.93108,
....RD.U
#reward=0,3.05416,3.05416,3.05416,3.05416,3.05416,0,3.05416,
.U..D..r
#reward=0,0.418103,0.418103,0.418103,0.418103,0.418103,0,0.418103,
L.L.LRRL
#reward=0,1.70509,1.70509,1.70509,1.70509,1.70509,0,1.70509,
RUU...L.
#reward=0,1.65426,1.65426,1.65426,1.65426,1.65426,0,1.65426,
L...R.Dl
#reward=0,2.59618,2.59618,2.59618,2.59618,2.59618,0,2.59618,
RD..U.UR
#reward=0,1.62714,1.62714,1.62714,1.62714,1.62714,0,1.62714,
.UD.DDRU
#reward=0,1.29701,1.29701,1.29701,1.29701,1.29701,0,1.29701,
.RU.uR.r
#reward=0,2.58511,2.58511,2.58511,2.58511,2.58511,0,2.58511,
LR.D..LU
#reward=0,2.93642,2.93642,2.93642,2.93642,2.93642,0,2.93642,
R.U.LRRL
#reward=0,0.91752,0.91752,0.91752,0.91752,0.91752,0,0.91752,
.DD...L.
#reward=0,2.7176,2.7176,2.7176,2.7176,2.7176,0,2.7176,
.UDDR.R.
#reward=0,0.215544,0.215544,0.215544,0.215544,0.215544,0,0.215544,
.Ld.LLL.
#reward=0,3.51607,3.51607,3.51607,3.51607,3.51607,0,3.51607,
L.U..RDR
#reward=0,2.80253,2.80253,2.80253,2.80253,2.80253,0,2.80253,
RRU....R
#reward=0,2.88043,2.88043,2.88043,2.88043,2.88043,0,2.88043,
..D.ULU.
#reward=0,1.42466,1.42466,1.42466,1.42466,1.42466,0,1.42466,
.DU.DL..
#reward=0,2.55026,2.55026,2.55026,2.55026,2.55026,0,2.55026,
LR.U..DU
#reward=0,3.68912,3.68912,3.68912,3.68912,3.68912,0,3.68912,
U..DRD..
#reward=0,0.359452,0.359452,0.359452,0.359452,0.359452,0,0.359452,
D..UDDUU
#reward=0,2.57889,2.57889,2.57889,2.57889,2.57889,0,2.57889,
RLDUULD.
#reward=0,3.34804,3.34804,3.34804,3.34804,3.34804,0,3.34804,
....LR.U
#reward=0,4.56017,4.56017,4.56017,4.56017,4.56017,0,4.56017,
L..L..U.
#reward=0,2.19921,2.19921,2.19921,2.19921,2.19921,0,2.19921,
RRDRRLRL
#reward=0,0.549242,0.549242,0.549242,0.549242,0.549242,0,0.549242,
LDUDL..U
#reward=0,-0.305429,-0.305429,-0.305429,-0.305429,-0.305429,0,-0.305429,
RD.D.LL.
#reward=0,1.68849,1.68849,1.68849,1.68849,1.68849,0,1.68849,
.DD.UUR.
#reward=0,1.92543,1.92543,1.92543,1.92543,1.92543,0,1.92543,
..UU....
#reward=0,2.67601,2.67601,2.67601,2.67601,2.67601,0,2.67601,
.U.....D
#reward=0,1.37791,1.37791,1.37791,1.37791,1.37791,0,1.37791,
LDDUDDL.
#reward=0,4.12074,-45.7559,4.12074,4.12074,4.12074,0,4.12074,
RUu..U.U
#reward=0,1.55475,0,1.55475,1.55475,1.55475,0,1.55475,
.DR...R.
#reward=0,2.56862,0,2.56862,2.56862,2.56862,0,2.56862,
.....DL.
#reward=0,2.39738,0,2.39738,2.39738,2.39738,0,2.39738,
..L..RR.
#reward=0,-1.44423,0,-1.44423,-1.44423,-1.44423,0,-1.44423,
L......D
#reward=0,4.55102,0,4.55102,4.55102,4.55102,0,4.55102,
R...U.L.
#reward=0,1.76692,0,1.76692,1.76692,1.76692,0,1.76692,
L...DLD.
#reward=0,-0.200509,0,-0.200509,-0.200509,-0.200509,0,-0.200509,
..R..UU.
#reward=0,1.84699,0,1.84699,1.84699,1.84699,0,1.84699,
RU....R.
#reward=0,0.33485,0,0.33485,0.33485,0.33485,0,0.33485,
.DL.R.L.
#reward=0,2.7324,0,2.7324,2.7324,2.7324,0,2.7324,
....L.RU
#reward=0,1.66269,0,1.66269,1.66269,1.66269,0,1.66269,
Lu..U.L.
#reward=0,2.86054,0,2.86054,2.86054,2.86054,0,2.86054,
R..DD.R.
#reward=0,0.911283,0,0.911283,0.911283,0.911283,0,0.911283,
L...UDL.
#reward=0,2.79298,0,2.79298,2.79298,2.79298,0,2.79298,
UDRuUU..
#reward=0,1.1516,0,1.1516,1.1516,1.1516,0,1.1516,
...DL.R.
#reward=0,1.1248,0,1.1248,1.1248,1.1248,0,1.1248,
.L.LL.L.
#reward=0,1.8732,0,1.8732,1.8732,1.8732,0,1.8732,
.R..DDR.
#reward=0,4.20381,0,4.20381,4.20381,4.20381,0,4.20381,
D..DUDLD
#reward=0,0.875776,0,0.875776,0.875776,0.875776,0,0.875776,
R...DU..
#reward=0,3.15491,0,3.15491,3.15491,3.15491,0,3.15491,
LD.u.D..
#reward=0,1.35495,0,1.35495,1.35495,1.35495,0,1.35495,
RU.D..DR
#reward=0,2.09376,0,2.09376,2.09376,2.09376,0,2.09376,
LL......
#reward=0,1.651,0,1.651,1.651,1.651,0,1.651,
.D..UU..
#reward=0,2.38696,0,2.38696,2.38696,2.38696,0,2.38696,
UU.DD.U.
#reward=0,1.7785,0,1.7785,1.7785,1.7785,0,1.7785,
.RLRU.R.
#reward=0,3.95165,0,3.95165,3.95165,3.95165,0,3.95165,
...RRULL
#reward=0,2.47319,0,2.47319,2.47319,2.47319,0,2.47319,
.LR...D.
#reward=0,3.13218,0,3.13218,3.13218,3.13218,0,3.13218,
...LL.U.
#reward=0,1.92799,0,1.92799,1.92799,1.92799,0,1.92799,
D.L.U.D.
#reward=0,3.35983,0,3.35983,3.35983,3.35983,0,3.35983,
.R....UR
#reward=0,1.3266,0,1.3266,1.3266,1.3266,0,1.3266,
RD.l..RD
#reward=0,2.03044,0,2.03044,2.03044,2.03044,0,2.03044,
.D...D.D
#reward=0,2.59013,0,2.59013,2.59013,2.59013,0,2.59013,
....DDL.
#reward=0,1.73007,0,1.73007,1.73007,1.73007,0,1.73007,
L.R.DL.D
#reward=0,2.07329,0,2.07329,2.07329,2.07329,0,2.07329,
R.L.U.DU
#reward=0,1.01732,0,1.01732,1.01732,1.01732,0,1.01732,
LR...RUU
#reward=0,1.86327,0,1.86327,1.86327,1.86327,0,1.86327,
R..RRUR.
#reward=0,2.33086,0,2.33086,2.33086,2.33086,0,2.33086,
L...RRLU
#reward=0,1.7331,0,1.7331,1.7331,1.7331,0,1.7331,
...RRR..
#reward=0,1.86594,0,1.86594,1.86594,1.86594,0,1.86594,
.U.UR.R.
#reward=0,1.64551,0,1.64551,1.64551,1.64551,0,1.64551,
R.R.LDLD
#reward=0,-0.583581,0,-0.583581,-0.583581,-0.583581,0,-0.583581,
.L..R.R.
#reward=0,3.78094,0,3.78094,3.78094,3.78094,0,3.78094,
.R.rR.Lu
#reward=0,0.589669,0,0.589669,0.589669,0.589669,0,0.589669,
.....DR.
#reward=0,4.37967,0,4.37967,4.37967,4.37967,0,4.37967,
LDL..U.D
#reward=0,2.32591,0,2.32591,2.32591,2.32591,0,2.32591,
RRR.U.L.
#reward=0,2.02167,0,2.02167,2.02167,2.02167,0,2.02167,
....D..D
#reward=0,2.89815,0,2.89815,2.89815,2.89815,0,2.89815,
..L.L..L
#reward=0,1.90492,0,1.90492,1.90492,1.90492,0,1.90492,
L..DRDRl
#reward=0,2.32756,0,2.32756,2.32756,2.32756,0,2.32756,
R..LL.LD
#reward=0,0.773717,0,0.773717,0.773717,0.773717,0,0.773717,
LR.L..R.
#reward=0,1.09743,0,1.09743,1.09743,1.09743,0,1.09743,
URR.RU.u
#reward=0,4.6271,0,4.6271,4.6271,4.6271,0,4.6271,
.ULRL.LL
#reward=0,2.29633,0,2.29633,2.29633,2.29633,0,2.29633,
DR..RdRL
#reward=0,2.57236,0,2.57236,2.57236,2.57236,0,2.57236,
RRRR..LR
#reward=0,1.4836,0,1.4836,1.4836,1.4836,0,1.4836,
L...UURL
#reward=0,1.57149,0,1.57149,1.57149,1.57149,0,1.57149,
UR.uDRLL
#reward=0,1.18601,0,1.18601,1.18601,1.18601,0,1.18601,
DLLR..Ru
#reward=0,1.89886,0,1.89886,1.89886,1.89886,0,1.89886,
...RLRL.
#reward=0,2.40926,0,2.40926,2.40926,2.40926,0,2.40926,
R.RULLRL
#reward=0,4.65815,0,4.65815,4.65815,4.65815,0,4.65815,
Ll.R..Ll
#reward=0,2.46298,0,2.46298,2.46298,2.46298,0,2.46298,
RRLU..Ru
#reward=0,2.98472,0,2.98472,2.98472,2.98472,0,2.98472,
.L.D...R
#reward=0,2.10623,0,2.10623,2.10623,2.10623,0,2.10623,
.DRR..L.
#reward=0,0.0955699,0,0.0955699,0.0955699,0.0955699,0,0.0955699,
LL.u....
#reward=0,0.382034,0,0.382034,0.382034,0.382034,0,0.382034,
RRLL...L
#reward=0,1.24367,0,1.24367,1.24367,1.24367,0,1.24367,
LU.D..RD
#reward=0,-0.726021,0,-0.726021,-0.726021,-0.726021,0,-0.726021,
RRRU.R..
#reward=0,1.58461,0,1.58461,1.58461,1.58461,0,1.58461,
L...RRLR
#reward=0,2.31015,0,2.31015,2.31015,2.31015,0,2.31015,
UL.R..DL
#reward=0,2.01156,0,2.01156,2.01156,2.01156,0,2.01156,
...R...u
#reward=0,2.13612,0,2.13612,2.13612,2.13612,0,2.13612,
DD.r.D..
#reward=0,2.35306,0,2.35306,2.35306,2.35306,0,2.35306,
RLLlL.U.
#reward=0,1.58304,0,1.58304,1.58304,1.58304,0,1.58304,
L.RURRR.
#reward=0,3.04572,0,3.04572,3.04572,3.04572,0,3.04572,
UL.U.RL.
#reward=0,1.08969,0,1.08969,1.08969,1.08969,0,1.08969,
DUL..U..
#reward=0,6.9383,0,6.9383,6.9383,6.9383,0,6.9383,
RL.LRuDL
#reward=0,2.66864,0,2.66864,2.66864,2.66864,0,2.66864,
.R.LuDUL
