#port=58377
#reward=7.07053,7.07053,7.07053,7.07053,7.07053,7.07053,
#reward=2.28384,2.28384,2.28384,2.28384,2.28384,2.28384,
rLL.Ul
#reward=0.631804,0.631804,0.631804,0.631804,0.631804,0.631804,
l.D.ru
#reward=2.41288,2.41288,2.41288,2.41288,2.41288,2.41288,
u.lrD.
#reward=1.49327,1.49327,1.49327,1.49327,1.49327,1.49327,
..Ulu.
#reward=0.784355,0.784355,0.784355,0.784355,0.784355,0.784355,
D.uUL.
#reward=1.99911,1.99911,1.99911,1.99911,1.99911,1.99911,
rr.UR.
#reward=1.92425,1.92425,1.92425,1.92425,1.92425,1.92425,
UDL.rR
#reward=2.65087,2.65087,2.65087,2.65087,2.65087,2.65087,
..Uu..
#reward=3.04323,3.04323,3.04323,3.04323,3.04323,3.04323,
.LuLLu
#reward=1.98579,1.98579,1.98579,1.98579,1.98579,1.98579,
.rD.Lr
#reward=2.56047,2.56047,2.56047,2.56047,2.56047,2.56047,
..RDu.
#reward=1.70234,1.70234,1.70234,1.70234,1.70234,1.70234,
..LULL
#reward=1.09912,1.09912,1.09912,1.09912,1.09912,1.09912,
.D..DD
#reward=2.41623,2.41623,2.41623,2.41623,2.41623,2.41623,
..UD..
#reward=2.01395,2.01395,2.01395,2.01395,2.01395,2.01395,
...Rru
#reward=2.19849,2.19849,2.19849,2.19849,2.19849,2.19849,
.L.lDR
#reward=2.0176,2.0176,2.0176,2.0176,2.0176,2.0176,
.lDRR.
#reward=1.48542,1.48542,1.48542,1.48542,1.48542,1.48542,
.r.UlR
#reward=0.876998,0.876998,0.876998,0.876998,0.876998,0.876998,
.DLDDL
#reward=2.18007,2.18007,2.18007,2.18007,2.18007,2.18007,
.uRrL.
#reward=2.22335,2.22335,2.22335,2.22335,2.22335,2.22335,
D...rL
#reward=1.66834,1.66834,1.66834,1.66834,1.66834,1.66834,
uRRL.L
#reward=2.74531,2.74531,2.74531,2.74531,2.74531,2.74531,
.DR...
#reward=1.17929,1.17929,1.17929,1.17929,1.17929,1.17929,
..UR.L
#reward=2.89616,2.89616,2.89616,2.89616,2.89616,2.89616,
.uuLDD
#reward=1.98881,1.98881,1.98881,1.98881,1.98881,1.98881,
LRRuRr
#reward=2.45691,2.45691,2.45691,2.45691,2.45691,2.45691,
LUL.RD
#reward=1.71554,1.71554,1.71554,1.71554,1.71554,1.71554,
RD..uu
#reward=2.48884,2.48884,2.48884,2.48884,2.48884,2.48884,
DL..RR
#reward=2.63758,2.63758,2.63758,2.63758,2.63758,2.63758,
URRRuL
#reward=2.26052,2.26052,2.26052,2.26052,2.26052,2.26052,
Dr..LD
#reward=2.94158,2.94158,2.94158,2.94158,2.94158,2.94158,
u....R
#reward=2.1492,2.1492,2.1492,2.1492,2.1492,2.1492,
.L..RU
#reward=1.96334,1.96334,1.96334,1.96334,1.96334,1.96334,
rRuLRD
#reward=1.20939,1.20939,1.20939,1.20939,1.20939,1.20939,
LuLD.u
#reward=1.62551,1.62551,1.62551,1.62551,1.62551,1.62551,
D...ur
#reward=1.81898,1.81898,1.81898,1.81898,1.81898,1.81898,
UD.U..
#reward=1.87357,1.87357,1.87357,1.87357,1.87357,1.87357,
UrDRr.
#reward=5.18447,5.18447,5.18447,5.18447,5.18447,5.18447,
uLl...
#reward=1.77287,1.77287,1.77287,1.77287,1.77287,1.77287,
DRu..L
#reward=1.36895,1.36895,1.36895,1.36895,1.36895,1.36895,
R.R..D
#reward=2.71832,2.71832,2.71832,2.71832,2.71832,2.71832,
D...LR
#reward=0.936458,0.936458,0.936458,0.936458,0.936458,0.936458,
U.u.Rr
#reward=3.5049,3.5049,3.5049,3.5049,3.5049,3.5049,
.U..L.
#reward=1.39295,1.39295,1.39295,1.39295,1.39295,1.39295,
...uL.
#reward=2.32587,2.32587,2.32587,2.32587,2.32587,2.32587,
..L.r.
#reward=3.0544,3.0544,3.0544,3.0544,3.0544,3.0544,
D.R..U
#reward=1.83191,1.83191,1.83191,1.83191,1.83191,1.83191,
U...L.
#reward=2.77835,2.77835,2.77835,2.77835,2.77835,2.77835,
L...L.
#reward=0.994423,0.994423,0.994423,0.994423,0.994423,0.994423,
.D..U.
#reward=1.73363,1.73363,1.73363,1.73363,1.73363,1.73363,
UL.L.L
#reward=1.25191,1.25191,1.25191,1.25191,1.25191,1.25191,
DLRDDr
#reward=3.55034,3.55034,3.55034,3.55034,3.55034,3.55034,
RuUDDU
#reward=0.863297,0.863297,0.863297,0.863297,0.863297,0.863297,
LR.uUD
#reward=0.878386,0.878386,0.878386,0.878386,0.878386,0.878386,
D.uDD.
#reward=0.489805,0.489805,0.489805,0.489805,0.489805,0.489805,
LL..RD
#reward=1.69476,1.69476,1.69476,1.69476,1.69476,1.69476,
...LD.
#reward=2.70801,2.70801,2.70801,2.70801,2.70801,2.70801,
.L..Ur
#reward=2.31256,2.31256,2.31256,2.31256,2.31256,2.31256,
.u..DD
#reward=1.94702,1.94702,1.94702,1.94702,1.94702,1.94702,
RR.Rr.
#reward=2.41631,2.41631,2.41631,2.41631,2.41631,2.41631,
u..DLR
#reward=2.00461,2.00461,2.00461,2.00461,2.00461,2.00461,
..RruD
#reward=2.69196,2.69196,2.69196,2.69196,2.69196,2.69196,
DDru.R
#reward=3.18478,3.18478,3.18478,3.18478,3.18478,3.18478,
lUuDRU
#reward=1.65831,1.65831,1.65831,1.65831,1.65831,1.65831,
rRDLDL
#reward=2.65582,2.65582,2.65582,2.65582,2.65582,2.65582,
U.LR.l
#reward=2.09362,2.09362,2.09362,2.09362,2.09362,2.09362,
.U.u..
#reward=3.24645,3.24645,3.24645,3.24645,3.24645,3.24645,
DRU.l.
#reward=1.90448,1.90448,1.90448,1.90448,1.90448,1.90448,
U.R.UD
#reward=3.31473,3.31473,3.31473,3.31473,3.31473,3.31473,
.DL.Lr
#reward=0.0147112,0.0147112,0.0147112,0.0147112,0.0147112,0.0147112,
...R..
#reward=3.5976,3.5976,3.5976,3.5976,3.5976,3.5976,
.u.L.D
#reward=0.972341,0.972341,0.972341,0.972341,0.972341,0.972341,
DL.LLr
#reward=1.83714,1.83714,1.83714,1.83714,1.83714,1.83714,
U.D.lu
#reward=1.49942,1.49942,1.49942,1.49942,1.49942,1.49942,
DLLRUL
#reward=0.526482,0.526482,0.526482,0.526482,0.526482,0.526482,
URD.U.
#reward=1.22789,1.22789,1.22789,1.22789,1.22789,1.22789,
.LDLR.
#reward=3.55804,3.55804,3.55804,3.55804,3.55804,3.55804,
..uRL.
#reward=2.3403,2.3403,2.3403,2.3403,2.3403,2.3403,
LR.RUR
#reward=1.82326,1.82326,1.82326,1.82326,1.82326,1.82326,
L.lRR.
#reward=3.77179,3.77179,3.77179,3.77179,3.77179,3.77179,
LURU..
#reward=0.684774,0.684774,0.684774,0.684774,0.684774,0.684774,
R..DL.
#reward=1.67566,1.67566,1.67566,1.67566,1.67566,1.67566,
R.LuL.
#reward=2.12212,2.12212,2.12212,2.12212,2.12212,2.12212,
.D.RLL
#reward=1.81108,1.81108,1.81108,1.81108,1.81108,1.81108,
...Lr.
#reward=2.9646,2.9646,2.9646,2.9646,2.9646,2.9646,
LRRLUD
#reward=2.43373,2.43373,2.43373,2.43373,2.43373,2.43373,
R.rRRR
#reward=3.00603,3.00603,3.00603,3.00603,3.00603,3.00603,
...LRl
#reward=1.94457,1.94457,1.94457,1.94457,1.94457,1.94457,
lL...U
#reward=1.74967,1.74967,1.74967,1.74967,1.74967,1.74967,
.R.R..
#reward=1.68938,1.68938,1.68938,1.68938,1.68938,1.68938,
R.URDL
#reward=3.66548,3.66548,3.66548,3.66548,3.66548,3.66548,
D.u.U.
#reward=2.15146,2.15146,2.15146,2.15146,2.15146,2.15146,
..D..R
#reward=2.36537,2.36537,2.36537,2.36537,2.36537,2.36537,
.L..D.
#reward=2.94393,2.94393,2.94393,2.94393,2.94393,2.94393,
.DD...
#reward=0.964992,0.964992,0.964992,0.964992,0.964992,0.964992,
DuLU..
#reward=2.83771,2.83771,2.83771,2.83771,2.83771,2.83771,
rlL.D.
#reward=0.493778,0.493778,0.493778,0.493778,0.493778,0.493778,
LRLULL
#reward=3.33511,3.33511,3.33511,3.33511,3.33511,3.33511,
LDuulR
#reward=2.54984,2.54984,2.54984,2.54984,2.54984,2.54984,
UR.L..
#reward=0.577131,0.577131,0.577131,0.577131,0.577131,0.577131,
DrD..L
#reward=3.04747,3.04747,3.04747,3.04747,3.04747,3.04747,
U.D.RU
#reward=0.399395,0.399395,0.399395,0.399395,0.399395,0.399395,
..LU.D
#reward=2.34459,2.34459,2.34459,2.34459,2.34459,2.34459,
LUuUuU
#reward=1.59525,1.59525,1.59525,1.59525,1.59525,1.59525,
.LLR..
#reward=3.09086,3.09086,3.09086,3.09086,3.09086,3.09086,
D....D
#reward=3.54007,3.54007,3.54007,3.54007,3.54007,3.54007,
.LD.DR
#reward=1.29989,1.29989,1.29989,1.29989,1.29989,1.29989,
UDD.LL
#reward=1.6151,1.6151,1.6151,1.6151,1.6151,1.6151,
RUuL..
#reward=2.31712,2.31712,2.31712,2.31712,2.31712,2.31712,
...R..
#reward=0.446315,0.446315,0.446315,0.446315,0.446315,0.446315,
DDru..
#reward=2.8334,2.8334,2.8334,2.8334,2.8334,2.8334,
LL..RU
#reward=2.02229,2.02229,2.02229,2.02229,2.02229,2.02229,
RL....
#reward=0.718161,0.718161,0.718161,0.718161,0.718161,0.718161,
.D..U.
#reward=1.89373,1.89373,1.89373,1.89373,1.89373,1.89373,
URD.r.
#reward=2.14408,2.14408,2.14408,2.14408,2.14408,2.14408,
LUu...
#reward=3.23853,3.23853,3.23853,3.23853,3.23853,3.23853,
R.l...
#reward=2.04727,2.04727,2.04727,2.04727,2.04727,2.04727,
.D.R.D
#reward=1.44265,1.44265,1.44265,1.44265,1.44265,1.44265,
LDRu.U
#reward=1.61515,1.61515,1.61515,1.61515,1.61515,1.61515,
Ull...
#reward=4.00298,4.00298,4.00298,4.00298,4.00298,4.00298,
DD..L.
#reward=1.41006,1.41006,1.41006,1.41006,1.41006,1.41006,
Uu..R.
#reward=3.68278,3.68278,3.68278,3.68278,3.68278,3.68278,
...L.D
#reward=0.540788,0.540788,0.540788,0.540788,0.540788,0.540788,
.r...U
#reward=4.21086,4.21086,4.21086,4.21086,4.21086,4.21086,
....DD
#reward=1.57171,1.57171,1.57171,1.57171,1.57171,1.57171,
....D.
#reward=2.05962,2.05962,2.05962,2.05962,2.05962,2.05962,
..r..U
#reward=-0.00110804,-0.00110804,-0.00110804,-0.00110804,-0.00110804,-0.00110804,
.L...D
#reward=1.00462,1.00462,1.00462,1.00462,1.00462,1.00462,
.L...U
#reward=0.758421,0.758421,0.758421,0.758421,0.758421,0.758421,
.r.Lr.
#reward=2.38375,2.38375,2.38375,2.38375,2.38375,2.38375,
.L..UD
#reward=0.309784,0.309784,0.309784,0.309784,0.309784,0.309784,
.L.DD.
#reward=4.01158,4.01158,4.01158,4.01158,4.01158,4.01158,
.r.D..
#reward=3.41074,3.41074,3.41074,3.41074,3.41074,3.41074,
LL.Lu.
#reward=0.254265,0.254265,0.254265,0.254265,0.254265,0.254265,
.L.R.U
#reward=3.91869,3.91869,3.91869,3.91869,3.91869,3.91869,
Rr.R..
#reward=2.81115,2.81115,2.81115,2.81115,2.81115,2.81115,
D.D...
#reward=0.409589,0.409589,0.409589,0.409589,0.409589,0.409589,
......
#reward=1.67702,1.67702,1.67702,1.67702,1.67702,1.67702,
R.RR..
#reward=3.07275,3.07275,3.07275,3.07275,3.07275,3.07275,
D..U..
#reward=3.97312,3.97312,3.97312,3.97312,3.97312,3.97312,
U.LD.D
#reward=2.33912,2.33912,2.33912,2.33912,2.33912,2.33912,
..l..U
#reward=2.971,2.971,2.971,2.971,2.971,2.971,
.D.L.D
#reward=0.417208,0.417208,0.417208,0.417208,0.417208,0.417208,
.U.D.R
#reward=-0.137341,-0.137341,-0.137341,-0.137341,-0.137341,-0.137341,
D.rUD.
#reward=4.80195,4.80195,4.80195,4.80195,4.80195,4.80195,
LL.r..
#reward=3.61621,3.61621,3.61621,3.61621,3.61621,3.61621,
RL.LuL
#reward=-0.590058,-0.590058,-0.590058,-0.590058,-0.590058,-0.590058,
.R.RLU
#reward=0.345925,0.345925,0.345925,0.345925,0.345925,0.345925,
.R..DD
#reward=1.07673,1.07673,1.07673,1.07673,1.07673,1.07673,
.D..LU
#reward=2.36175,2.36175,2.36175,2.36175,2.36175,2.36175,
.L..u.
#reward=1.98545,1.98545,1.98545,1.98545,1.98545,1.98545,
ULULR.
#reward=3.88944,3.88944,3.88944,3.88944,3.88944,3.88944,
DDDURD
#reward=1.18823,1.18823,1.18823,1.18823,1.18823,1.18823,
u.UL.U
#reward=3.40007,3.40007,3.40007,3.40007,3.40007,3.40007,
d...uD
#reward=3.3076,3.3076,3.3076,3.3076,3.3076,3.3076,
....RR
#reward=1.26995,1.26995,1.26995,1.26995,1.26995,1.26995,
RU.D.L
#reward=1.72791,1.72791,1.72791,1.72791,1.72791,1.72791,
.R...U
#reward=2.25978,2.25978,2.25978,2.25978,2.25978,2.25978,
.L.R..
#reward=3.39797,3.39797,3.39797,3.39797,3.39797,3.39797,
.u.UDD
#reward=3.88805,3.88805,3.88805,3.88805,3.88805,3.88805,
LR.UU.
#reward=2.28692,2.28692,2.28692,2.28692,2.28692,2.28692,
R.DR.R
#reward=2.00997,2.00997,2.00997,2.00997,2.00997,2.00997,
R.DRDL
#reward=1.16859,1.16859,1.16859,1.16859,1.16859,1.16859,
.Uur.R
#reward=2.2151,2.2151,2.2151,2.2151,2.2151,2.2151,
D.L.uL
#reward=2.20301,2.20301,2.20301,2.20301,2.20301,2.20301,
DDLDDU
#reward=0.553728,0.553728,0.553728,0.553728,0.553728,0.553728,
LLu...
#reward=3.03077,3.03077,3.03077,3.03077,3.03077,3.03077,
DRR...
#reward=0.631196,0.631196,0.631196,0.631196,0.631196,0.631196,
uL..RD
#reward=0.734596,0.734596,0.734596,0.734596,0.734596,0.734596,
LLDRRR
#reward=1.48599,1.48599,1.48599,1.48599,1.48599,1.48599,
ULu.UL
#reward=3.84346,3.84346,3.84346,3.84346,3.84346,3.84346,
....uU
#reward=2.59829,2.59829,2.59829,2.59829,2.59829,2.59829,
..RL..
#reward=2.2298,2.2298,2.2298,2.2298,2.2298,2.2298,
.uL..D
#reward=-0.873464,-0.873464,-0.873464,-0.873464,-0.873464,-0.873464,
.R...U
#reward=2.56606,2.56606,2.56606,2.56606,2.56606,2.56606,
.LL.RD
#reward=1.74764,1.74764,1.74764,1.74764,1.74764,1.74764,
.LL.LR
#reward=2.50698,2.50698,2.50698,2.50698,2.50698,2.50698,
.RlRL.
#reward=3.48054,3.48054,3.48054,3.48054,3.48054,3.48054,
.rR..L
#reward=0.319672,0.319672,0.319672,0.319672,0.319672,0.319672,
.LR.RU
#reward=1.38564,1.38564,1.38564,1.38564,1.38564,1.38564,
.lLLLD
#reward=3.28578,3.28578,3.28578,3.28578,3.28578,3.28578,
.ruRD.
#reward=3.76711,3.76711,3.76711,3.76711,3.76711,3.76711,
.DDLLU
#reward=-0.101571,-0.101571,-0.101571,-0.101571,-0.101571,-0.101571,
DRRR..
#reward=4.0568,4.0568,4.0568,4.0568,4.0568,4.0568,
UDr.r.
#reward=1.54221,1.54221,1.54221,1.54221,1.54221,1.54221,
.LLDD.
#reward=-0.00963732,-0.00963732,-0.00963732,-0.00963732,-0.00963732,-0.00963732,
.LlU..
#reward=2.66568,2.66568,2.66568,2.66568,2.66568,2.66568,
DDRLL.
#reward=1.587,1.587,1.587,1.587,1.587,1.587,
.uUuUD
#reward=1.16153,1.16153,1.16153,1.16153,1.16153,1.16153,
LD.R.R
#reward=0.668698,0.668698,0.668698,0.668698,0.668698,0.668698,
RURRL.
#reward=3.03164,3.03164,3.03164,3.03164,3.03164,3.03164,
UD..uL
#reward=0.646521,0.646521,0.646521,0.646521,0.646521,0.646521,
....D.
#reward=0.897148,0.897148,0.897148,0.897148,0.897148,0.897148,
..UURU
#reward=1.43605,1.43605,1.43605,1.43605,1.43605,1.43605,
..R.L.
#reward=3.46017,3.46017,3.46017,3.46017,3.46017,3.46017,
.DR...
#reward=2.3077,2.3077,2.3077,2.3077,2.3077,2.3077,
D.UDU.
#reward=1.43322,1.43322,1.43322,1.43322,1.43322,1.43322,
UUDD.D
#reward=2.32801,2.32801,2.32801,2.32801,2.32801,2.32801,
.D.R.U
#reward=0.991604,0.991604,0.991604,0.991604,0.991604,0.991604,
DR...D
#reward=2.36478,2.36478,2.36478,2.36478,2.36478,2.36478,
UUuURR
#reward=2.68921,2.68921,2.68921,2.68921,2.68921,2.68921,
.LL.R.
#reward=1.57341,1.57341,1.57341,1.57341,1.57341,1.57341,
DU.LL.
#reward=3.10056,3.10056,3.10056,3.10056,3.10056,3.10056,
uDRRR.
#reward=3.23006,3.23006,3.23006,3.23006,3.23006,3.23006,
RRL..D
#reward=1.45441,1.45441,1.45441,1.45441,1.45441,1.45441,
..L.Du
#reward=1.98963,1.98963,1.98963,1.98963,1.98963,1.98963,
R..LL.
#reward=2.39986,2.39986,2.39986,2.39986,2.39986,2.39986,
LL.Ru.
#reward=1.06239,1.06239,1.06239,1.06239,1.06239,1.06239,
LU.DR.
#reward=1.28887,1.28887,1.28887,1.28887,1.28887,1.28887,
..rLR.
#reward=1.51332,1.51332,1.51332,1.51332,1.51332,1.51332,
RD.URR
#reward=1.49814,1.49814,1.49814,1.49814,1.49814,1.49814,
RR..UL
#reward=2.73556,2.73556,2.73556,2.73556,2.73556,2.73556,
L.DURR
#reward=1.21468,1.21468,1.21468,1.21468,1.21468,1.21468,
LD.DuL
#reward=1.86808,1.86808,1.86808,1.86808,1.86808,1.86808,
RUUDR.
#reward=1.79223,1.79223,1.79223,1.79223,1.79223,1.79223,
....u.
#reward=3.1615,3.1615,3.1615,3.1615,3.1615,3.1615,
RD...R
#reward=0.126935,0.126935,0.126935,0.126935,0.126935,0.126935,
.U.UL.
#reward=3.22307,3.22307,3.22307,3.22307,3.22307,3.22307,
L..Ul.
#reward=0.658445,0.658445,0.658445,0.658445,0.658445,0.658445,
..D.R.
#reward=2.07626,2.07626,2.07626,2.07626,2.07626,2.07626,
R.RD..
#reward=2.69946,2.69946,2.69946,2.69946,2.69946,2.69946,
L.RL..
#reward=1.06716,1.06716,1.06716,1.06716,1.06716,1.06716,
.DLR..
#reward=4.64465,4.64465,4.64465,4.64465,4.64465,4.64465,
RULUL.
#reward=5.4172,5.4172,5.4172,5.4172,5.4172,5.4172,
D.LD..
#reward=0.350937,0.350937,0.350937,0.350937,0.350937,0.350937,
U.LRRR
#reward=0.223895,0.223895,0.223895,0.223895,0.223895,0.223895,
D..LR.
#reward=3.82031,3.82031,3.82031,3.82031,3.82031,3.82031,
R.LUDL
#reward=1.04487,1.04487,1.04487,1.04487,1.04487,1.04487,
.D.DRR
#reward=1.03342,1.03342,1.03342,1.03342,1.03342,1.03342,
L.RurL
#reward=2.95216,2.95216,2.95216,2.95216,2.95216,2.95216,
RLLRLL
#reward=1.8612,1.8612,1.8612,1.8612,1.8612,1.8612,
...DuR
#reward=2.52069,2.52069,2.52069,2.52069,2.52069,2.52069,
.LRULR
#reward=1.84793,1.84793,1.84793,1.84793,1.84793,1.84793,
..L.RU
#reward=2.83872,2.83872,2.83872,2.83872,2.83872,2.83872,
.UU.LD
#reward=3.49749,3.49749,3.49749,3.49749,3.49749,3.49749,
D...LR
#reward=1.48683,1.48683,1.48683,1.48683,1.48683,1.48683,
R.LDuR
#reward=2.22298,2.22298,2.22298,2.22298,2.22298,2.22298,
UR.ULL
#reward=3.8886,3.8886,3.8886,3.8886,3.8886,3.8886,
.LR.D.
#reward=1.92516,1.92516,1.92516,1.92516,1.92516,1.92516,
RR.LRR
#reward=1.83496,1.83496,1.83496,1.83496,1.83496,1.83496,
R.D.u.
#reward=3.28849,3.28849,3.28849,3.28849,3.28849,3.28849,
LDRRD.
#reward=-0.469899,-0.469899,-0.469899,-0.469899,-0.469899,-0.469899,
RLLDU.
#reward=1.55285,1.55285,1.55285,1.55285,1.55285,1.55285,
DUU.L.
#reward=3.89503,3.89503,3.89503,3.89503,3.89503,3.89503,
R.LUD.
#reward=1.14633,1.14633,1.14633,1.14633,1.14633,1.14633,
lRR.U.
#reward=2.79451,2.79451,2.79451,2.79451,2.79451,2.79451,
.RL.R.
#reward=29.1887,29.1887,29.1887,29.1887,29.1887,29.1887,
D...lL
#reward=1.5254,1.5254,1.5254,1.5254,1.5254,1.5254,
L.RLRR
#reward=-0.235077,-0.235077,-0.235077,-0.235077,-0.235077,-0.235077,
.DURUL
#reward=1.40412,1.40412,1.40412,1.40412,1.40412,1.40412,
LL.L.L
#reward=0.416757,0.416757,0.416757,0.416757,0.416757,0.416757,
R.UR..
#reward=3.76494,3.76494,3.76494,3.76494,3.76494,3.76494,
r.UL.U
#reward=3.01093,3.01093,3.01093,3.01093,3.01093,3.01093,
.LLR.R
#reward=1.41372,1.41372,1.41372,1.41372,1.41372,1.41372,
LRLDDD
#reward=-0.278501,-0.278501,-0.278501,-0.278501,-0.278501,-0.278501,
.R.UUR
#reward=2.31914,2.31914,2.31914,2.31914,2.31914,2.31914,
LULDR.
#reward=2.1182,2.1182,2.1182,2.1182,2.1182,2.1182,
L.UL..
#reward=1.86801,1.86801,1.86801,1.86801,1.86801,1.86801,
u...RR
#reward=2.96018,2.96018,2.96018,2.96018,2.96018,2.96018,
RDU.DL
#reward=2.06521,2.06521,2.06521,2.06521,2.06521,2.06521,
....L.
#reward=3.05253,3.05253,3.05253,3.05253,3.05253,3.05253,
UU.Lr.
#reward=1.37352,1.37352,1.37352,1.37352,1.37352,1.37352,
U...UL
#reward=2.99222,2.99222,2.99222,2.99222,2.99222,2.99222,
..LRRR
#reward=2.91389,2.91389,2.91389,2.91389,2.91389,2.91389,
L.RRUR
#reward=2.65789,2.65789,2.65789,2.65789,2.65789,2.65789,
R....L
#reward=1.01461,1.01461,1.01461,1.01461,1.01461,1.01461,
RD..DR
#reward=0.793434,0.793434,0.793434,0.793434,0.793434,0.793434,
U....L
#reward=-0.304,-0.304,-0.304,-0.304,-0.304,-0.304,
....LL
#reward=3.06203,3.06203,3.06203,3.06203,3.06203,3.06203,
.L..LL
#reward=0.921263,0.921263,0.921263,0.921263,0.921263,0.921263,
...L.R
#reward=0.498763,0.498763,0.498763,0.498763,0.498763,0.498763,
D...D.
#reward=2.5949,2.5949,2.5949,2.5949,2.5949,2.5949,
RRDRLU
#reward=2.57625,2.57625,2.57625,2.57625,2.57625,2.57625,
RU...L
#reward=2.37452,2.37452,2.37452,2.37452,2.37452,2.37452,
DDU..R
#reward=2.54612,2.54612,2.54612,2.54612,2.54612,2.54612,
...LDD
#reward=2.59826,2.59826,2.59826,2.59826,2.59826,2.59826,
...L..
#reward=2.49151,2.49151,2.49151,2.49151,2.49151,2.49151,
R.LULU
#reward=3.6974,3.6974,3.6974,3.6974,3.6974,3.6974,
UURR.L
#reward=1.87295,1.87295,1.87295,1.87295,1.87295,1.87295,
LDL.D.
#reward=1.26914,1.26914,1.26914,1.26914,1.26914,1.26914,
U.RRr.
#reward=1.71454,1.71454,1.71454,1.71454,1.71454,1.71454,
R.L...
#reward=2.58187,2.58187,2.58187,2.58187,2.58187,2.58187,
.L.DD.
#reward=1.36602,1.36602,1.36602,1.36602,1.36602,1.36602,
D.LUL.
#reward=0.328467,0.328467,0.328467,0.328467,0.328467,0.328467,
LLR.RR
#reward=2.13424,2.13424,2.13424,2.13424,2.13424,2.13424,
D.R.R.
#reward=2.81839,2.81839,2.81839,2.81839,2.81839,2.81839,
RR.Lr.
#reward=2.17276,2.17276,2.17276,2.17276,2.17276,2.17276,
uR.DDD
#reward=1.85929,1.85929,1.85929,1.85929,1.85929,1.85929,
DL.UUU
#reward=2.49102,2.49102,2.49102,2.49102,2.49102,2.49102,
RU.R..
#reward=2.18114,2.18114,2.18114,2.18114,2.18114,2.18114,
......
#reward=1.76487,1.76487,1.76487,1.76487,1.76487,1.76487,
L..D.L
#reward=1.92144,1.92144,1.92144,1.92144,1.92144,1.92144,
UR..D.
#reward=3.21168,3.21168,3.21168,3.21168,3.21168,3.21168,
RL.Ul.
#reward=4.95626,4.95626,4.95626,4.95626,4.95626,4.95626,
UR....
#reward=2.09511,2.09511,2.09511,2.09511,2.09511,2.09511,
u..DRU
#reward=2.1287,2.1287,2.1287,2.1287,2.1287,2.1287,
R...RU
#reward=2.46618,2.46618,2.46618,2.46618,2.46618,2.46618,
UD..U.
#reward=0.547882,0.547882,0.547882,0.547882,0.547882,0.547882,
.U.U..
#reward=-0.186854,-0.186854,-0.186854,-0.186854,-0.186854,-0.186854,
.D.LD.
