#port=14691
#reward=6.66403,6.66403,6.66403,6.66403,6.66403,6.66403,6.66403,6.66403,6.66403,
#reward=2.4663,2.4663,2.4663,2.4663,2.4663,2.4663,2.4663,2.4663,2.4663,
rRur.ULUr
#reward=1.32559,1.32559,1.32559,1.32559,1.32559,1.32559,1.32559,1.32559,1.32559,
Drr.rrrr.
#reward=2.19833,2.19833,2.19833,2.19833,2.19833,2.19833,2.19833,2.19833,2.19833,
rD.L.uuuU
#reward=3.12157,3.12157,3.12157,3.12157,3.12157,3.12157,3.12157,3.12157,3.12157,
Ul.rLDLDl
#reward=1.92573,1.92573,1.92573,1.92573,1.92573,1.92573,1.92573,1.92573,1.92573,
...lLuLuR
#reward=1.36344,1.36344,1.36344,1.36344,1.36344,1.36344,1.36344,1.36344,1.36344,
UU.UL...L
#reward=2.39369,2.39369,2.39369,2.39369,2.39369,2.39369,2.39369,2.39369,2.39369,
Uu.rr.rLr
#reward=3.28494,3.28494,3.28494,3.28494,3.28494,3.28494,3.28494,3.28494,3.28494,
r.DUU.DD.
#reward=2.16836,2.16836,2.16836,2.16836,2.16836,2.16836,2.16836,2.16836,2.16836,
UDULuL.UD
#reward=0.587062,0.587062,0.587062,0.587062,0.587062,0.587062,0.587062,0.587062,0.587062,
lU..ruLLu
#reward=1.59155,1.59155,1.59155,1.59155,1.59155,1.59155,1.59155,1.59155,1.59155,
.DDrD.URL
