#port=14691
#reward=12.3072,12.3072,12.3072,12.3072,12.3072,12.3072,12.3072,12.3072,12.3072,12.3072,
#reward=2.22313,2.22313,2.22313,2.22313,2.22313,2.22313,2.22313,2.22313,2.22313,2.22313,
ruuDuur.ll
#reward=0.882928,0.882928,0.882928,0.882928,0.882928,0.882928,0.882928,0.882928,0.882928,0.882928,
.rrD.R.RUr
#reward=0.246265,0.246265,0.246265,0.246265,0.246265,0.246265,0.246265,0.246265,0.246265,0.246265,
..DDruurru
#reward=2.23426,2.23426,2.23426,2.23426,2.23426,2.23426,2.23426,2.23426,2.23426,2.23426,
U.uuLlDlDD
#reward=1.52106,1.52106,1.52106,1.52106,1.52106,1.52106,1.52106,1.52106,1.52106,1.52106,
RL....lDRu
#reward=3.26381,3.26381,3.26381,3.26381,3.26381,3.26381,3.26381,3.26381,3.26381,3.26381,
..r.r.Durr
#reward=2.59628,2.59628,2.59628,2.59628,2.59628,2.59628,2.59628,2.59628,2.59628,2.59628,
UrD.UDur..
#reward=4.61947,4.61947,4.61947,4.61947,4.61947,4.61947,4.61947,4.61947,4.61947,4.61947,
Lur...r.lL
#reward=3.06963,3.06963,3.06963,3.06963,3.06963,3.06963,3.06963,3.06963,3.06963,3.06963,
U..DDLDLDD
#reward=-0.45161,-0.45161,-0.45161,-0.45161,-0.45161,-0.45161,-0.45161,-0.45161,-0.45161,-0.45161,
..Lru.D.Lu
#reward=-0.0871712,-0.0871712,-0.0871712,-0.0871712,-0.0871712,-0.0871712,-0.0871712,-0.0871712,-0.0871712,-0.0871712,
.ll..RDLLL
#reward=1.45414,1.45414,1.45414,1.45414,1.45414,1.45414,1.45414,1.45414,1.45414,1.45414,
LDUD.UU.RR
#reward=2.6383,2.6383,2.6383,2.6383,2.6383,2.6383,2.6383,2.6383,2.6383,2.6383,
Du....uuLR
#reward=3.7113,3.7113,3.7113,3.7113,3.7113,3.7113,3.7113,3.7113,3.7113,3.7113,
LlDRL...rL
#reward=1.57122,1.57122,1.57122,1.57122,1.57122,1.57122,1.57122,1.57122,1.57122,1.57122,
rrur..L...
#reward=2.53919,2.53919,2.53919,2.53919,2.53919,2.53919,2.53919,2.53919,2.53919,2.53919,
U.R.uR...L
#reward=3.16038,3.16038,3.16038,3.16038,3.16038,3.16038,3.16038,3.16038,3.16038,3.16038,
R..D.Dl..R
#reward=2.44979,2.44979,2.44979,2.44979,2.44979,2.44979,2.44979,2.44979,2.44979,2.44979,
...u..U..R
#reward=0.769229,0.769229,0.769229,0.769229,0.769229,0.769229,0.769229,0.769229,0.769229,0.769229,
..LL.luRDL
#reward=3.81947,3.81947,3.81947,3.81947,3.81947,3.81947,3.81947,3.81947,3.81947,3.81947,
..RDD...rR
#reward=0.885921,0.885921,0.885921,0.885921,0.885921,0.885921,0.885921,0.885921,0.885921,0.885921,
...r.u....
#reward=1.37404,1.37404,1.37404,1.37404,1.37404,1.37404,1.37404,1.37404,1.37404,1.37404,
....r..L.U
#reward=2.0233,2.0233,2.0233,2.0233,2.0233,2.0233,2.0233,2.0233,2.0233,2.0233,
L.L.lrDDDD
#reward=2.57815,2.57815,2.57815,2.57815,2.57815,2.57815,2.57815,2.57815,2.57815,2.57815,
L.D.U.DUD.
#reward=0.58314,0.58314,0.58314,0.58314,0.58314,0.58314,0.58314,0.58314,0.58314,0.58314,
LDUD..r..D
#reward=2.16677,2.16677,2.16677,2.16677,2.16677,2.16677,2.16677,2.16677,2.16677,2.16677,
LRDrDDl..u
#reward=1.50034,1.50034,1.50034,1.50034,1.50034,1.50034,1.50034,1.50034,1.50034,1.50034,
R.UDURu...
#reward=0.85536,0.85536,0.85536,0.85536,0.85536,0.85536,0.85536,0.85536,0.85536,0.85536,
.l.RRLDD.r
#reward=3.00787,3.00787,3.00787,3.00787,3.00787,3.00787,3.00787,3.00787,3.00787,3.00787,
....LLL.UL
#reward=5.41738,5.41738,5.41738,5.41738,5.41738,5.41738,5.41738,5.41738,5.41738,5.41738,
..DR.lrDRu
#reward=0.543137,0.543137,0.543137,0.543137,0.543137,0.543137,0.543137,0.543137,0.543137,0.543137,
..DuR..rRR
#reward=3.7579,3.7579,3.7579,3.7579,3.7579,3.7579,3.7579,3.7579,3.7579,3.7579,
.RL..RL..L
#reward=1.6041,1.6041,1.6041,1.6041,1.6041,1.6041,1.6041,1.6041,1.6041,1.6041,
.lUL.U....
#reward=4.03999,4.03999,4.03999,4.03999,4.03999,4.03999,4.03999,4.03999,4.03999,4.03999,
.Dr.....LR
#reward=2.62346,2.62346,2.62346,2.62346,2.62346,2.62346,2.62346,2.62346,2.62346,2.62346,
.LL..DU..L
#reward=1.43931,1.43931,1.43931,1.43931,1.43931,1.43931,1.43931,1.43931,1.43931,1.43931,
D.u..LUUDR
#reward=3.48452,3.48452,3.48452,3.48452,3.48452,3.48452,3.48452,3.48452,3.48452,3.48452,
ULLl..LuUL
#reward=1.02642,1.02642,1.02642,1.02642,1.02642,1.02642,1.02642,1.02642,1.02642,1.02642,
D.lR.RLR.R
#reward=4.10511,4.10511,4.10511,4.10511,4.10511,4.10511,4.10511,4.10511,4.10511,4.10511,
...L.Lu.d.
#reward=-0.924855,-0.924855,-0.924855,-0.924855,-0.924855,-0.924855,-0.924855,-0.924855,-0.924855,-0.924855,
r.....lR.D
#reward=3.82771,3.82771,3.82771,3.82771,3.82771,3.82771,3.82771,3.82771,3.82771,3.82771,
..u.....RR
#reward=2.95382,2.95382,2.95382,2.95382,2.95382,2.95382,2.95382,2.95382,2.95382,2.95382,
UDR.LRrLLR
#reward=3.91503,3.91503,3.91503,3.91503,3.91503,3.91503,3.91503,3.91503,3.91503,3.91503,
DrR..L.URu
#reward=1.62198,1.62198,1.62198,1.62198,1.62198,1.62198,1.62198,1.62198,1.62198,1.62198,
.UD.RR.R.l
#reward=1.26266,1.26266,1.26266,1.26266,1.26266,1.26266,1.26266,1.26266,1.26266,1.26266,
LLU..UDLLR
#reward=3.55757,3.55757,3.55757,3.55757,3.55757,3.55757,3.55757,3.55757,3.55757,3.55757,
LRD.L.U.Rr
#reward=-1.3835,-1.3835,-1.3835,-1.3835,-1.3835,-1.3835,-1.3835,-1.3835,-1.3835,-1.3835,
rR..L..RLD
#reward=2.25883,2.25883,2.25883,2.25883,2.25883,2.25883,2.25883,2.25883,2.25883,2.25883,
L.UR.DD.LU
#reward=1.92505,1.92505,1.92505,1.92505,1.92505,1.92505,1.92505,1.92505,1.92505,1.92505,
U.LDURU.Du
#reward=2.23886,2.23886,2.23886,2.23886,2.23886,2.23886,2.23886,2.23886,2.23886,2.23886,
L.LuLD.D..
#reward=0.180023,0.180023,0.180023,0.180023,0.180023,0.180023,0.180023,0.180023,0.180023,0.180023,
D.DRU..LUL
#reward=3.64449,3.64449,3.64449,3.64449,3.64449,3.64449,3.64449,3.64449,3.64449,3.64449,
URuUD.D.DR
#reward=0.57846,0.57846,0.57846,0.57846,0.57846,0.57846,0.57846,0.57846,0.57846,0.57846,
DDL.RDuRU.
#reward=-2.01029,-2.01029,-2.01029,-2.01029,-2.01029,-2.01029,-2.01029,-2.01029,-2.01029,-2.01029,
D...uURLu.
#reward=3.25154,3.25154,3.25154,3.25154,3.25154,3.25154,3.25154,3.25154,3.25154,3.25154,
URluDLLLLL
#reward=2.31107,2.31107,2.31107,2.31107,2.31107,2.31107,2.31107,2.31107,2.31107,2.31107,
luD..U.R.R
#reward=2.9295,2.9295,2.9295,2.9295,2.9295,2.9295,2.9295,2.9295,2.9295,2.9295,
urLruLRLL.
#reward=1.53869,1.53869,1.53869,1.53869,1.53869,1.53869,1.53869,1.53869,1.53869,1.53869,
r.LD.RLR..
#reward=1.13165,1.13165,1.13165,1.13165,1.13165,1.13165,1.13165,1.13165,1.13165,1.13165,
D.DL.rDLU.
#reward=0.612512,0.612512,0.612512,0.612512,0.612512,0.612512,0.612512,0.612512,0.612512,0.612512,
U..LL.DRLD
#reward=2.21567,2.21567,2.21567,2.21567,2.21567,2.21567,2.21567,2.21567,2.21567,2.21567,
.DU..DrLD.
#reward=2.47819,2.47819,2.47819,2.47819,2.47819,2.47819,2.47819,2.47819,2.47819,2.47819,
.U.DLRLD.U
#reward=0.595199,0.595199,0.595199,0.595199,0.595199,0.595199,0.595199,0.595199,0.595199,0.595199,
..Urr.uD.L
#reward=3.44439,3.44439,3.44439,3.44439,3.44439,3.44439,3.44439,3.44439,3.44439,3.44439,
.LL.L..r.R
#reward=3.10482,3.10482,3.10482,3.10482,3.10482,3.10482,3.10482,3.10482,3.10482,3.10482,
DRU.u.R.LL
#reward=3.70044,3.70044,3.70044,3.70044,3.70044,3.70044,3.70044,3.70044,3.70044,3.70044,
.D.....uRR
#reward=1.68808,1.68808,1.68808,1.68808,1.68808,1.68808,1.68808,1.68808,1.68808,1.68808,
LR.LR.u..L
#reward=2.15552,2.15552,2.15552,2.15552,2.15552,2.15552,2.15552,2.15552,2.15552,2.15552,
.r.RL....R
#reward=2.66268,2.66268,2.66268,2.66268,2.66268,2.66268,2.66268,2.66268,2.66268,2.66268,
L.LLLRL...
#reward=1.10865,1.10865,1.10865,1.10865,1.10865,1.10865,1.10865,1.10865,1.10865,1.10865,
LDR.RrlD.L
#reward=6.97346,6.97346,6.97346,6.97346,6.97346,6.97346,6.97346,6.97346,6.97346,6.97346,
DU.R.uD.LR
#reward=2.66869,2.66869,2.66869,2.66869,2.66869,2.66869,2.66869,2.66869,2.66869,2.66869,
RLlL.DU.DD
#reward=2.87668,2.87668,2.87668,2.87668,2.87668,2.87668,2.87668,2.87668,2.87668,2.87668,
.U.Rl...RD
#reward=1.98948,1.98948,1.98948,1.98948,1.98948,1.98948,1.98948,1.98948,1.98948,1.98948,
L.RD.DRDL.
#reward=1.21058,1.21058,1.21058,1.21058,1.21058,1.21058,1.21058,1.21058,1.21058,1.21058,
r.RL.uDuRR
#reward=3.59252,3.59252,3.59252,3.59252,3.59252,3.59252,3.59252,3.59252,3.59252,3.59252,
D...R.LRRL
#reward=-1.62377,-1.62377,-1.62377,-1.62377,-1.62377,-1.62377,-1.62377,-1.62377,-1.62377,-1.62377,
u.UUL.LUL.
#reward=5.76921,5.76921,5.76921,5.76921,5.76921,5.76921,5.76921,5.76921,5.76921,5.76921,
r.L..l.DRU
#reward=0.267816,0.267816,0.267816,0.267816,0.267816,0.267816,0.267816,0.267816,0.267816,0.267816,
..LDDRRDLU
#reward=1.78416,1.78416,1.78416,1.78416,1.78416,1.78416,1.78416,1.78416,1.78416,1.78416,
.DL.RLDLl.
#reward=1.48434,1.48434,1.48434,1.48434,1.48434,1.48434,1.48434,1.48434,1.48434,1.48434,
.UuUU.R..L
#reward=-0.210651,-0.210651,-0.210651,-0.210651,-0.210651,-0.210651,-0.210651,-0.210651,-0.210651,-0.210651,
d.RDu.RURD
#reward=1.80338,1.80338,1.80338,1.80338,1.80338,1.80338,1.80338,1.80338,1.80338,1.80338,
.Du....DlU
#reward=2.3711,2.3711,2.3711,2.3711,2.3711,2.3711,2.3711,2.3711,2.3711,2.3711,
.R.RDDLU..
#reward=-1.36099,-1.36099,-1.36099,-1.36099,-1.36099,-1.36099,-1.36099,-1.36099,-1.36099,-1.36099,
..ru..L.UR
#reward=2.4816,2.4816,2.4816,2.4816,2.4816,2.4816,2.4816,2.4816,2.4816,2.4816,
.LDR.UL.DL
#reward=1.7978,1.7978,1.7978,1.7978,1.7978,1.7978,1.7978,1.7978,1.7978,1.7978,
.RRR.RLR.D
#reward=4.181,4.181,4.181,4.181,4.181,4.181,4.181,4.181,4.181,4.181,
.L.UD.UL.u
#reward=1.58758,1.58758,1.58758,1.58758,1.58758,1.58758,1.58758,1.58758,1.58758,1.58758,
.R.Rl.UR.R
#reward=0.855236,0.855236,0.855236,0.855236,0.855236,0.855236,0.855236,0.855236,0.855236,0.855236,
LD.u.D.U.R
#reward=4.04362,4.04362,4.04362,4.04362,4.04362,4.04362,4.04362,4.04362,4.04362,4.04362,
LUR.UUu..L
#reward=2.75442,2.75442,2.75442,2.75442,2.75442,2.75442,2.75442,2.75442,2.75442,2.75442,
L..lLUL..R
#reward=-0.368493,-0.368493,-0.368493,-0.368493,-0.368493,-0.368493,-0.368493,-0.368493,-0.368493,-0.368493,
u...RD..UR
#reward=3.95006,3.95006,3.95006,3.95006,3.95006,3.95006,3.95006,3.95006,3.95006,3.95006,
L..rRLlRU.
#reward=2.34271,2.34271,2.34271,2.34271,2.34271,2.34271,2.34271,2.34271,2.34271,2.34271,
u...L.R...
#reward=0.94331,0.94331,0.94331,0.94331,0.94331,0.94331,0.94331,0.94331,0.94331,0.94331,
D......LLL
#reward=1.94616,1.94616,1.94616,1.94616,1.94616,1.94616,1.94616,1.94616,1.94616,1.94616,
U.L.R.LRDR
#reward=1.50996,1.50996,1.50996,1.50996,1.50996,1.50996,1.50996,1.50996,1.50996,1.50996,
LL..L..u..
#reward=1.36912,1.36912,1.36912,1.36912,1.36912,1.36912,1.36912,1.36912,1.36912,1.36912,
.RL...uRU.
#reward=3.21481,3.21481,3.21481,3.21481,3.21481,3.21481,3.21481,3.21481,3.21481,3.21481,
..U...D.UL
#reward=-0.920406,-0.920406,-0.920406,-0.920406,-0.920406,-0.920406,-0.920406,-0.920406,-0.920406,-0.920406,
..D.L.RD.L
#reward=1.65873,1.65873,1.65873,1.65873,1.65873,1.65873,1.65873,1.65873,1.65873,1.65873,
RLR.LRLL.R
#reward=2.63707,2.63707,2.63707,2.63707,2.63707,2.63707,2.63707,2.63707,2.63707,2.63707,
.RLDRL..RL
#reward=2.37186,2.37186,2.37186,2.37186,2.37186,2.37186,2.37186,2.37186,2.37186,2.37186,
.D.RU..LDD
#reward=1.5803,1.5803,1.5803,1.5803,1.5803,1.5803,1.5803,1.5803,1.5803,1.5803,
..Rr.RR.DR
#reward=1.84066,1.84066,1.84066,1.84066,1.84066,1.84066,1.84066,1.84066,1.84066,1.84066,
...L..RRr.
#reward=3.15159,3.15159,3.15159,3.15159,3.15159,3.15159,3.15159,3.15159,3.15159,3.15159,
...u.uRD.U
#reward=3.72854,3.72854,3.72854,3.72854,3.72854,3.72854,3.72854,3.72854,3.72854,3.72854,
..RL.Dr..R
#reward=1.42583,1.42583,1.42583,1.42583,1.42583,1.42583,1.42583,1.42583,1.42583,1.42583,
..ULRRL..U
#reward=4.35814,4.35814,4.35814,4.35814,4.35814,4.35814,4.35814,4.35814,4.35814,4.35814,
...l..D...
#reward=-1.05495,-1.05495,-1.05495,-1.05495,-1.05495,-1.05495,-1.05495,-1.05495,-1.05495,-1.05495,
.U.D.DR...
#reward=2.643,2.643,2.643,2.643,2.643,2.643,2.643,2.643,2.643,2.643,
..R..DR...
#reward=2.44326,2.44326,2.44326,2.44326,2.44326,2.44326,2.44326,2.44326,2.44326,2.44326,
r..UDLR..D
#reward=0.637994,0.637994,0.637994,0.637994,0.637994,0.637994,0.637994,0.637994,0.637994,0.637994,
D.URDD..D.
#reward=4.07305,4.07305,4.07305,4.07305,4.07305,4.07305,4.07305,4.07305,4.07305,4.07305,
ULRLULUL.U
#reward=0.0249209,0.0249209,0.0249209,0.0249209,0.0249209,0.0249209,0.0249209,0.0249209,0.0249209,0.0249209,
D.U.R.Du..
#reward=2.90403,2.90403,2.90403,2.90403,2.90403,2.90403,2.90403,2.90403,2.90403,2.90403,
UUR.L.L.RD
#reward=5.96201,5.96201,5.96201,5.96201,5.96201,5.96201,5.96201,5.96201,5.96201,5.96201,
...DULR...
#reward=4.28307,4.28307,4.28307,4.28307,4.28307,4.28307,4.28307,4.28307,4.28307,4.28307,
..UR..LRL.
#reward=0.942286,0.942286,0.942286,0.942286,0.942286,0.942286,0.942286,0.942286,0.942286,0.942286,
.DDR.u.D.U
#reward=-1.5749,-1.5749,-1.5749,-1.5749,-1.5749,-1.5749,-1.5749,-1.5749,-1.5749,-1.5749,
L.RLLDR...
#reward=3.40127,3.40127,3.40127,3.40127,3.40127,3.40127,3.40127,3.40127,3.40127,3.40127,
.RRLR.UU..
#reward=2.81468,2.81468,2.81468,2.81468,2.81468,2.81468,2.81468,2.81468,2.81468,2.81468,
...R.UD.U.
#reward=2.49162,2.49162,2.49162,2.49162,2.49162,2.49162,2.49162,2.49162,2.49162,2.49162,
R..R.rU..D
#reward=1.50138,1.50138,1.50138,1.50138,1.50138,1.50138,1.50138,1.50138,1.50138,1.50138,
.L..L.....
#reward=1.33668,1.33668,1.33668,1.33668,1.33668,1.33668,1.33668,1.33668,1.33668,1.33668,
...LR...D.
#reward=2.20256,2.20256,-74.9681,2.20256,2.20256,2.20256,2.20256,2.20256,2.20256,-74.9681,
..lR..r.U.
#reward=0.839762,0.839762,0,0.839762,0.839762,0.839762,0.839762,0.839762,0.839762,0,
D.........
#reward=1.81835,1.81835,0,1.81835,1.81835,1.81835,1.81835,1.81835,1.81835,0,
...LDL..U.
#reward=2.39712,2.39712,0,2.39712,2.39712,2.39712,2.39712,2.39712,2.39712,0,
u..L..DD..
#reward=2.72866,2.72866,0,2.72866,2.72866,2.72866,2.72866,2.72866,2.72866,0,
D..UuLuR..
#reward=0.79807,0.79807,0,0.79807,0.79807,0.79807,0.79807,0.79807,0.79807,0,
L....ULLR.
#reward=1.01386,1.01386,0,1.01386,1.01386,1.01386,1.01386,1.01386,1.01386,0,
DU.....UL.
#reward=1.61433,1.61433,0,1.61433,1.61433,1.61433,1.61433,1.61433,1.61433,0,
u.URDU.LD.
#reward=2.03113,2.03113,0,2.03113,2.03113,2.03113,2.03113,2.03113,2.03113,0,
r.D....R..
#reward=1.87642,1.87642,0,1.87642,1.87642,1.87642,1.87642,1.87642,1.87642,0,
....RR.U..
#reward=1.09068,1.09068,0,1.09068,1.09068,1.09068,1.09068,1.09068,1.09068,0,
DL...LLuLU
#reward=0.035312,0.035312,0,0.035312,0.035312,0.035312,0.035312,0.035312,0.035312,0,
DU.R..LR..
#reward=1.01776,1.01776,0,1.01776,1.01776,1.01776,1.01776,1.01776,1.01776,0,
...R..L...
#reward=2.84596,2.84596,0,2.84596,2.84596,2.84596,2.84596,2.84596,2.84596,0,
U.ULL...R.
#reward=3.67808,3.67808,0,3.67808,3.67808,3.67808,3.67808,3.67808,3.67808,0,
...lU.....
#reward=2.25327,2.25327,0,2.25327,2.25327,2.25327,2.25327,2.25327,2.25327,0,
D...R.R...
#reward=3.84416,3.84416,0,3.84416,3.84416,3.84416,3.84416,3.84416,3.84416,0,
UU.RL.R.D.
#reward=4.46898,4.46898,0,4.46898,4.46898,4.46898,4.46898,4.46898,4.46898,0,
U..DR.U.R.
#reward=0.547435,0.547435,0,0.547435,0.547435,0.547435,0.547435,0.547435,0.547435,0,
...uDDUURD
#reward=2.45834,2.45834,0,2.45834,2.45834,2.45834,2.45834,2.45834,2.45834,0,
.....U.U..
#reward=-0.654503,-0.654503,0,-0.654503,-0.654503,-0.654503,-0.654503,-0.654503,-0.654503,0,
...DLDR.U.
#reward=1.60893,1.60893,0,1.60893,1.60893,1.60893,1.60893,1.60893,1.60893,0,
..DlU.....
#reward=5.79055,5.79055,0,5.79055,5.79055,5.79055,5.79055,5.79055,5.79055,0,
.D..Lu.DRU
#reward=3.36694,3.36694,0,3.36694,3.36694,3.36694,3.36694,3.36694,3.36694,0,
.UUR.L....
#reward=4.26472,4.26472,0,4.26472,4.26472,4.26472,4.26472,4.26472,4.26472,0,
DD.uUR.R..
#reward=2.93857,2.93857,0,2.93857,2.93857,2.93857,2.93857,2.93857,2.93857,0,
.U.RD....D
#reward=-1.70971,-1.70971,0,-1.70971,-1.70971,-1.70971,-1.70971,-1.70971,-1.70971,0,
...LURLL..
#reward=5.9751,5.9751,0,5.9751,5.9751,5.9751,5.9751,5.9751,5.9751,0,
D.DRDD.u.U
#reward=2.85276,2.85276,0,2.85276,2.85276,2.85276,2.85276,2.85276,2.85276,0,
U..DLuRD..
#reward=2.00389,2.00389,0,2.00389,2.00389,2.00389,2.00389,2.00389,2.00389,0,
LDUlD...R.
#reward=3.74392,3.74392,0,3.74392,3.74392,3.74392,3.74392,3.74392,3.74392,0,
...DUL....
#reward=2.52071,2.52071,0,2.52071,2.52071,2.52071,2.52071,2.52071,2.52071,0,
L..LRRLLUD
#reward=0.929932,0.929932,0,0.929932,0.929932,0.929932,0.929932,0.929932,0.929932,0,
.U.RuLR.R.
#reward=2.41011,2.41011,0,2.41011,2.41011,2.41011,2.41011,2.41011,2.41011,0,
R.Dd.U...U
#reward=3.85148,3.85148,0,3.85148,3.85148,3.85148,3.85148,3.85148,3.85148,0,
...U.L..L.
#reward=-0.249933,-0.249933,0,-0.249933,-0.249933,-0.249933,-0.249933,-0.249933,-0.249933,0,
L.....LRR.
#reward=-1.60125,-1.60125,0,-1.60125,-1.60125,-1.60125,-1.60125,-1.60125,-1.60125,0,
D..RR.R.L.
#reward=4.72897,4.72897,0,4.72897,4.72897,4.72897,4.72897,4.72897,4.72897,0,
.D.U.R.uR.
#reward=-0.0961171,-0.0961171,0,-0.0961171,-0.0961171,-0.0961171,-0.0961171,-0.0961171,-0.0961171,0,
..Uu....uD
#reward=2.32854,2.32854,0,2.32854,2.32854,2.32854,2.32854,2.32854,2.32854,0,
U..r...LLU
#reward=3.32262,3.32262,0,3.32262,3.32262,3.32262,3.32262,3.32262,3.32262,0,
DU....LDR.
#reward=-0.156386,-0.156386,0,-0.156386,-0.156386,-0.156386,-0.156386,-0.156386,-0.156386,0,
UD.D..R.L.
#reward=0.450228,0.450228,0,0.450228,0.450228,0.450228,0.450228,0.450228,0.450228,0,
R..l..L...
#reward=1.0285,1.0285,0,1.0285,1.0285,1.0285,1.0285,1.0285,1.0285,0,
R..RL.RL.D
#reward=5.32616,5.32616,0,5.32616,5.32616,5.32616,5.32616,5.32616,5.32616,0,
.U.LR..RuU
#reward=3.58046,3.58046,0,3.58046,3.58046,3.58046,3.58046,3.58046,3.58046,0,
U..UR..DR.
#reward=1.80841,1.80841,0,1.80841,1.80841,1.80841,1.80841,1.80841,1.80841,0,
...LD...D.
#reward=-0.345293,-0.345293,0,-0.345293,-0.345293,-0.345293,-0.345293,-0.345293,-0.345293,0,
......L.D.
#reward=2.33264,2.33264,0,2.33264,2.33264,2.33264,2.33264,2.33264,2.33264,0,
...L.DR.U.
#reward=1.01797,1.01797,0,1.01797,1.01797,1.01797,1.01797,1.01797,1.01797,0,
.DD..U.R.D
#reward=2.28704,2.28704,0,2.28704,2.28704,2.28704,2.28704,2.28704,2.28704,0,
...L.L.LRU
#reward=-0.908762,-0.908762,0,-0.908762,-0.908762,-0.908762,-0.908762,-0.908762,-0.908762,0,
..UDl...R.
#reward=1.16392,1.16392,0,1.16392,1.16392,1.16392,1.16392,1.16392,1.16392,0,
.U..U..RR.
#reward=1.07693,1.07693,0,1.07693,1.07693,1.07693,1.07693,1.07693,1.07693,0,
..DD.R..L.
#reward=4.1124,4.1124,0,4.1124,4.1124,4.1124,4.1124,4.1124,4.1124,0,
.....L..UD
#reward=-0.209235,-0.209235,0,-0.209235,-0.209235,-0.209235,-0.209235,-0.209235,-0.209235,0,
....L.LR.U
#reward=1.69725,1.69725,0,1.69725,1.69725,1.69725,1.69725,1.69725,1.69725,0,
D..DR.DU..
#reward=1.46037,1.46037,0,1.46037,1.46037,1.46037,1.46037,1.46037,1.46037,0,
..U.L.D.U.
#reward=3.63027,3.63027,0,3.63027,3.63027,3.63027,3.63027,3.63027,3.63027,0,
....R.URL.
#reward=-0.711456,-0.711456,0,-0.711456,-0.711456,-0.711456,-0.711456,-0.711456,-0.711456,0,
.D...RLR.D
#reward=3.49358,3.49358,0,3.49358,3.49358,3.49358,3.49358,3.49358,3.49358,0,
....D..U..
#reward=0.751484,0.751484,0,0.751484,0.751484,0.751484,0.751484,0.751484,0.751484,0,
..D..D..DU
#reward=-0.50085,-0.50085,0,-0.50085,-0.50085,-0.50085,-0.50085,-0.50085,-0.50085,0,
..UU....L.
#reward=2.5578,2.5578,0,2.5578,2.5578,2.5578,2.5578,2.5578,2.5578,0,
.....UL.L.
#reward=5.0367,5.0367,0,5.0367,5.0367,5.0367,5.0367,5.0367,5.0367,0,
...D.LD.R.
#reward=1.54483,1.54483,0,1.54483,1.54483,1.54483,1.54483,1.54483,1.54483,0,
D.....U.r.
#reward=1.90557,1.90557,0,1.90557,1.90557,1.90557,1.90557,1.90557,1.90557,0,
UU.UU.L...
#reward=-0.0034779,-0.0034779,0,-0.0034779,-0.0034779,-0.0034779,-0.0034779,-0.0034779,-0.0034779,0,
......R.L.
#reward=3.25933,3.25933,0,3.25933,3.25933,3.25933,3.25933,3.25933,3.25933,0,
U..DD.R...
#reward=2.62163,2.62163,0,2.62163,2.62163,2.62163,2.62163,2.62163,2.62163,0,
.D.UU....D
#reward=2.3567,2.3567,0,2.3567,2.3567,2.3567,2.3567,2.3567,2.3567,0,
DL..L..RR.
#reward=2.94208,2.94208,0,2.94208,2.94208,2.94208,2.94208,2.94208,2.94208,0,
LL.UR....U
#reward=2.09783,2.09783,0,2.09783,2.09783,2.09783,2.09783,2.09783,2.09783,0,
R....RL...
#reward=1.68129,1.68129,0,1.68129,1.68129,1.68129,1.68129,1.68129,1.68129,0,
U..DDL.L.D
#reward=2.80655,2.80655,0,2.80655,2.80655,2.80655,2.80655,2.80655,2.80655,0,
..D.R.LR.U
#reward=1.40203,1.40203,0,1.40203,1.40203,1.40203,1.40203,1.40203,1.40203,0,
..Uu.RL..D
#reward=0.823689,0.823689,0,0.823689,0.823689,0.823689,0.823689,0.823689,0.823689,0,
..DL.DDL.U
#reward=3.59815,3.59815,0,3.59815,3.59815,3.59815,3.59815,3.59815,3.59815,0,
DL...u.RD.
#reward=2.98472,2.98472,0,2.98472,2.98472,2.98472,2.98472,2.98472,2.98472,0,
.RUL...LU.
#reward=-1.53396,-1.53396,0,-1.53396,-1.53396,-1.53396,-1.53396,-1.53396,-1.53396,0,
D.....UR..
#reward=1.30981,1.30981,0,1.30981,1.30981,1.30981,1.30981,1.30981,1.30981,0,
...DLR....
#reward=1.07946,1.07946,0,1.07946,1.07946,1.07946,1.07946,1.07946,1.07946,0,
...U.LR..D
#reward=2.18338,2.18338,0,2.18338,2.18338,2.18338,2.18338,2.18338,2.18338,0,
UD.LR....U
#reward=5.65307,5.65307,0,5.65307,5.65307,5.65307,5.65307,5.65307,5.65307,0,
U..ULD..D.
#reward=2.23237,2.23237,0,2.23237,2.23237,2.23237,2.23237,2.23237,2.23237,0,
.U..URL.R.
#reward=3.86106,3.86106,0,3.86106,3.86106,3.86106,3.86106,3.86106,3.86106,0,
.R...R.L.D
#reward=1.92772,1.92772,0,1.92772,1.92772,1.92772,1.92772,1.92772,1.92772,0,
DLD..lRDRU
#reward=2.84536,2.84536,0,2.84536,2.84536,2.84536,2.84536,2.84536,2.84536,0,
D..D.U.LU.
#reward=0.516142,0.516142,0,0.516142,0.516142,0.516142,0.516142,0.516142,0.516142,0,
UR.UD.RLD.
#reward=1.75236,1.75236,0,1.75236,1.75236,1.75236,1.75236,1.75236,1.75236,0,
LR.D.LURU.
#reward=2.03451,2.03451,0,2.03451,2.03451,2.03451,2.03451,2.03451,2.03451,0,
..U.UL.L..
#reward=2.50303,2.50303,0,2.50303,2.50303,2.50303,2.50303,2.50303,2.50303,0,
LU.RDR....
#reward=2.2497,2.2497,0,2.2497,2.2497,2.2497,2.2497,2.2497,2.2497,0,
r..L...R..
#reward=-0.296474,-0.296474,0,-0.296474,-0.296474,-0.296474,-0.296474,-0.296474,-0.296474,0,
LD.L...R..
#reward=0.206508,0.206508,0,0.206508,0.206508,0.206508,0.206508,0.206508,0.206508,0,
uUDL.LLUU.
#reward=2.70813,2.70813,0,2.70813,2.70813,2.70813,2.70813,2.70813,2.70813,0,
R.U....Ru.
#reward=2.37121,2.37121,0,2.37121,2.37121,2.37121,2.37121,2.37121,2.37121,0,
L.D.URDD..
#reward=0.537273,0.537273,0,0.537273,0.537273,0.537273,0.537273,0.537273,0.537273,0,
RDU.D.UL.D
#reward=1.49308,1.49308,0,1.49308,1.49308,1.49308,1.49308,1.49308,1.49308,0,
...RU..U.U
#reward=1.49488,1.49488,0,1.49488,1.49488,1.49488,1.49488,1.49488,1.49488,0,
.D.RDL.RR.
#reward=8.06056,8.06056,0,8.06056,8.06056,8.06056,8.06056,8.06056,8.06056,0,
DU.U.D.Dl.
#reward=-0.354003,-0.354003,0,-0.354003,-0.354003,-0.354003,-0.354003,-0.354003,-0.354003,0,
U....U.LU.
#reward=2.77841,2.77841,0,2.77841,2.77841,2.77841,2.77841,2.77841,2.77841,0,
DU......R.
#reward=3.7297,3.7297,0,3.7297,3.7297,3.7297,3.7297,3.7297,3.7297,0,
UD...d..R.
#reward=17.1596,17.1596,0,17.1596,17.1596,17.1596,17.1596,-47.9411,17.1596,0,
DD..u.RUU.
#reward=2.35039,2.35039,0,2.35039,2.35039,2.35039,2.35039,0.0433183,2.35039,0,
UUD.RR.DU.
#reward=2.69445,2.69445,0,2.69445,2.69445,2.69445,2.69445,-0.0930333,2.69445,0,
..U....U..
#reward=3.08984,3.08984,0,3.08984,3.08984,3.08984,3.08984,0.0930333,3.08984,0,
.U..l..Du.
#reward=3.00238,3.00238,0,3.00238,3.00238,3.00238,3.00238,-0.605756,3.00238,0,
D.D...DDL.
#reward=-0.271957,-0.271957,0,-0.271957,-0.271957,-0.271957,-0.271957,0.0202823,-0.271957,0,
U.U.R.LRrD
#reward=5.41638,5.41638,0,5.41638,5.41638,5.41638,5.41638,-0.0202823,5.41638,0,
.D.D.LlLLU
#reward=0.902911,0.902911,0,0.902911,0.902911,0.902911,0.902911,0.156814,0.902911,0,
D...LRRRU.
#reward=2.35144,2.35144,0,2.35144,2.35144,2.35144,2.35144,-0.107194,2.35144,0,
U....RrRU.
#reward=1.22372,1.22372,0,1.22372,1.22372,1.22372,1.22372,0.264021,1.22372,0,
...L..LUu.
#reward=-2.41496,-2.41496,0,-2.41496,-2.41496,-2.41496,-2.41496,-0.243734,-2.41496,0,
.U.U.L.LD.
#reward=3.78601,3.78601,0,3.78601,3.78601,3.78601,3.78601,0.389524,3.78601,0,
.......DL.
#reward=2.88381,2.88381,0,2.88381,2.88381,2.88381,2.88381,-0.145789,2.88381,0,
.D..RLR.r.
#reward=1.48586,1.48586,0,1.48586,1.48586,1.48586,1.48586,-0.74138,1.48586,0,
DU...RULL.
#reward=-1.02138,-1.02138,0,-1.02138,-1.02138,-1.02138,-1.02138,0.0495493,-1.02138,0,
UDDDUl.URD
#reward=3.89936,3.89936,0,3.89936,3.89936,3.89936,3.89936,-0.598607,3.89936,0,
DU..D..u.U
#reward=3.54842,3.54842,0,3.54842,3.54842,3.54842,3.54842,0,3.54842,0,
U...U..L.D
#reward=4.27664,4.27664,0,4.27664,4.27664,4.27664,4.27664,1.07399,4.27664,0,
..U.DR.RD.
#reward=1.19305,1.19305,0,1.19305,1.19305,1.19305,1.19305,-0.919693,1.19305,0,
.D.RL.DLL.
#reward=1.24847,1.24847,0,1.24847,1.24847,1.24847,1.24847,-0.154276,1.24847,0,
.U.R..LL..
#reward=3.25552,3.25552,0,3.25552,3.25552,3.25552,3.25552,-0.974778,3.25552,0,
D.DL.....U
#reward=5.69969,5.69969,0,5.69969,5.69969,5.69969,5.69969,0.974778,5.69969,0,
U..U.DRDL.
#reward=2.45177,2.45177,0,2.45177,2.45177,2.45177,2.45177,-2.4245,2.45177,0,
D...Ru.u..
#reward=1.77402,1.77402,0,1.77402,1.77402,1.77402,1.77402,0,1.77402,0,
UD..uRULR.
#reward=0.904207,0.904207,0,0.904207,0.904207,0.904207,0.904207,0,0.904207,0,
DD...DD.L.
#reward=2.06306,2.06306,0,2.06306,2.06306,2.06306,2.06306,0,2.06306,0,
U....L.RR.
#reward=3.89788,3.89788,0,3.89788,3.89788,3.89788,3.89788,0,3.89788,0,
.....u..U.
#reward=-1.38776,-1.38776,0,-1.38776,-1.38776,-1.38776,-1.38776,0,-1.38776,0,
.RU.RLDLU.
#reward=0.736498,0.736498,0,0.736498,0.736498,0.736498,0.736498,0,0.736498,0,
DL..LRUR..
#reward=1.4094,1.4094,0,1.4094,1.4094,1.4094,1.4094,0,1.4094,0,
UUD.RDUL.D
#reward=-1.11093,-1.11093,0,-1.11093,-1.11093,-1.11093,-1.11093,0,-1.11093,0,
D..LLL.RDU
#reward=3.02484,3.02484,0,3.02484,3.02484,3.02484,3.02484,0,3.02484,0,
UDU.Rr.L..
#reward=0.292225,0.292225,0,0.292225,0.292225,0.292225,0.292225,0,0.292225,0,
D...L...u.
#reward=1.03376,1.03376,0,1.03376,1.03376,1.03376,1.03376,0,1.03376,0,
UR.DRU....
#reward=1.38869,1.38869,0,1.38869,1.38869,1.38869,1.38869,0,1.38869,0,
D..LLL..DD
#reward=3.18691,3.18691,0,3.18691,3.18691,3.18691,3.18691,0,3.18691,0,
U...RLLLU.
#reward=0.045905,0.045905,0,0.045905,0.045905,0.045905,0.045905,0,0.045905,0,
....R.DRRU
#reward=3.46201,3.46201,0,3.46201,3.46201,3.46201,3.46201,0,3.46201,0,
DL.RL.RLD.
#reward=0.996473,0.996473,0,0.996473,0.996473,0.996473,0.996473,0,0.996473,0,
UU..L..Ru.
#reward=2.92576,2.92576,0,2.92576,2.92576,2.92576,2.92576,0,2.92576,0,
..DU.U..L.
#reward=2.94484,2.94484,0,2.94484,2.94484,2.94484,2.94484,0,2.94484,0,
D.UD...LU.
#reward=1.83161,1.83161,0,1.83161,1.83161,1.83161,1.83161,0,1.83161,0,
U..R..UR.D
#reward=2.61716,2.61716,0,2.61716,2.61716,2.61716,2.61716,0,2.61716,0,
...UL..LD.
#reward=1.9745,1.9745,0,1.9745,1.9745,1.9745,1.9745,0,1.9745,0,
D.....DRRU
#reward=-0.933934,-0.933934,0,-0.933934,-0.933934,-0.933934,-0.933934,0,-0.933934,0,
U.DL..UR.D
#reward=2.58832,2.58832,0,2.58832,2.58832,2.58832,2.58832,0,2.58832,0,
..UR..D.LU
#reward=3.01563,3.01563,0,3.01563,3.01563,3.01563,3.01563,0,3.01563,0,
D...R.....
#reward=2.86205,2.86205,0,2.86205,2.86205,2.86205,2.86205,0,2.86205,0,
U.DL..LLR.
#reward=-0.261161,-0.261161,0,-0.261161,-0.261161,-0.261161,-0.261161,0,-0.261161,0,
DUU....R..
#reward=6.5063,6.5063,0,6.5063,6.5063,6.5063,6.5063,0,6.5063,0,
U...R....D
#reward=-1.13297,-1.13297,0,-1.13297,-1.13297,-1.13297,-1.13297,0,-1.13297,0,
D..DL.R...
#reward=5.42697,5.42697,0,5.42697,5.42697,5.42697,5.42697,0,5.42697,0,
U.DU..L..U
#reward=0.179231,0.179231,0,0.179231,0.179231,0.179231,0.179231,0,0.179231,0,
.DUD.DRL.D
#reward=1.40464,1.40464,0,1.40464,1.40464,1.40464,1.40464,0,1.40464,0,
.U.RRRDRD.
#reward=-0.800354,-0.800354,0,-0.800354,-0.800354,-0.800354,-0.800354,0,-0.800354,0,
L....RU.LU
#reward=5.95428,5.95428,0,-54.4091,5.95428,5.95428,5.95428,0,5.95428,0,
R.DDRrL.u.
#reward=3.47609,3.47609,0,0,3.47609,3.47609,3.47609,0,3.47609,0,
....LD.L..
#reward=2.06515,2.06515,0,0,2.06515,2.06515,2.06515,0,2.06515,0,
..U......D
#reward=-0.591573,-0.591573,0,0,-0.591573,-0.591573,-0.591573,0,-0.591573,0,
...RRURR.U
#reward=-0.305005,-0.305005,0,0,-0.305005,-0.305005,-0.305005,0,-0.305005,0,
.DDLU.D.DD
#reward=1.70027,1.70027,0,0,1.70027,1.70027,1.70027,0,1.70027,0,
DDUR..RL.U
#reward=3.69014,3.69014,0,0,3.69014,3.69014,3.69014,0,3.69014,0,
U.D.DLRL..
#reward=2.44718,2.44718,0,0,2.44718,2.44718,2.44718,0,2.44718,0,
DU.LRRURD.
#reward=2.33727,2.33727,0,0,2.33727,2.33727,2.33727,0,2.33727,0,
U...R..RU.
#reward=2.57853,2.57853,0,0,2.57853,2.57853,2.57853,0,2.57853,0,
D.U.U.....
#reward=1.79358,1.79358,0,0,1.79358,1.79358,1.79358,0,1.79358,0,
UU.RLLUL..
#reward=1.91991,1.91991,0,0,1.91991,1.91991,1.91991,0,1.91991,0,
...LL...U.
#reward=1.98918,1.98918,0,0,1.98918,1.98918,1.98918,0,1.98918,0,
.D.RRLDRR.
#reward=0.852268,0.852268,0,0,0.852268,0.852268,0.852268,0,0.852268,0,
DU.R.LDLU.
#reward=4.4167,4.4167,0,0,4.4167,4.4167,4.4167,0,4.4167,0,
UDDL.RRR..
