#port=44107
#reward=11.3216,11.3216,11.3216,11.3216,11.3216,11.3216,11.3216,11.3216,
#reward=1.9957,1.9957,1.9957,1.9957,1.9957,1.9957,1.9957,1.9957,
dRLdrRrU
#reward=1.8997,1.8997,1.8997,1.8997,1.8997,1.8997,1.8997,1.8997,
LLLR..uU
#reward=2.74223,2.74223,2.74223,2.74223,2.74223,2.74223,2.74223,2.74223,
UDl.LD.U
#reward=1.37767,1.37767,1.37767,1.37767,1.37767,1.37767,1.37767,1.37767,
rDu.rr.d
#reward=0.934221,0.934221,-34.6732,0.934221,0.934221,0.934221,0.934221,0.934221,
lRrDdL.L
#reward=1.84761,1.84761,0,1.84761,1.84761,1.84761,1.84761,1.84761,
UD.U.L.R
#reward=2.19101,2.19101,0,2.19101,2.19101,2.19101,2.19101,2.19101,
.u.L.L.u
#reward=3.57887,3.57887,0,3.57887,3.57887,3.57887,3.57887,3.57887,
dL.uLu.r
#reward=0.583272,0.583272,0,0.583272,0.583272,0.583272,0.583272,0.583272,
R..L.d.L
#reward=1.16132,1.16132,0,1.16132,1.16132,1.16132,1.16132,1.16132,
uD.Dlr.r
#reward=2.02575,2.02575,0,2.02575,2.02575,2.02575,2.02575,2.02575,
.R.UrL.l
#reward=2.56685,2.56685,0,2.56685,2.56685,2.56685,2.56685,2.56685,
Rd.r.u..
#reward=1.49463,1.49463,0,1.49463,1.49463,1.49463,1.49463,1.49463,
R..l.d.U
#reward=2.86732,2.86732,0,2.86732,2.86732,2.86732,2.86732,2.86732,
rl.dur..
#reward=2.03038,-33.9241,0,2.03038,2.03038,-33.9241,2.03038,2.03038,
Du.U.l.d
#reward=1.30518,0,0,1.30518,-33.9545,0,1.30518,1.30518,
R..Ud..l
#reward=2.48216,0,0,2.48216,0,0,2.48216,2.48216,
R..d...U
#reward=1.69456,0,0,1.69456,0,0,1.69456,1.69456,
...r....
#reward=0.94927,0,0,0.94927,0,0,0.94927,0.94927,
U..u....
#reward=2.93696,0,0,-32.3856,0,0,2.93696,2.93696,
u..l...r
#reward=0.65739,0,0,0,0,0,0.65739,0.65739,
........
#reward=2.10389,0,0,0,0,0,2.10389,2.10389,
d......d
#reward=1.75182,0,0,0,0,0,1.75182,1.75182,
.......L
#reward=-31.8357,0,0,0,0,0,2.11296,2.11296,
r......L
#reward=0,0,0,0,0,0,1.94514,1.94514,
........
#reward=0,0,0,0,0,0,1.74179,1.74179,
.......D
#reward=0,0,0,0,0,0,4.15681,4.15681,
.......D
#reward=0,0,0,0,0,0,2.79731,2.79731,
.......u
#reward=0,0,0,0,0,0,2.95497,2.95497,
........
#reward=0,0,0,0,0,0,2.6931,2.6931,
.......L
#reward=0,0,0,0,0,0,1.84225,1.84225,
.......u
#reward=0,0,0,0,0,0,3.76003,3.76003,
.......D
#reward=0,0,0,0,0,0,2.91166,2.91166,
........
#reward=0,0,0,0,0,0,1.71553,1.71553,
........
#reward=0,0,0,0,0,0,1.70887,1.70887,
.......R
#reward=0,0,0,0,0,0,2.52192,2.52192,
.......D
#reward=0,0,0,0,0,0,0.034512,0.034512,
.......l
#reward=0,0,0,0,0,0,1.13517,1.13517,
........
#reward=0,0,0,0,0,0,2.57903,2.57903,
.......u
#reward=0,0,0,0,0,0,0.315721,-36.4467,
.......r
#reward=0,0,0,0,0,0,1.51707,0,
........
#reward=0,0,0,0,0,0,2.14244,0,
........
#reward=0,0,0,0,0,0,1.78883,0,
........
#reward=0,0,0,0,0,0,1.99276,0,
........
#reward=0,0,0,0,0,0,0.861412,0,
........
#reward=0,0,0,0,0,0,2.4074,0,
........
#reward=0,0,0,0,0,0,3.57138,0,
........
#reward=0,0,0,0,0,0,0.509134,0,
........
#reward=0,0,0,0,0,0,1.57125,0,
........
#reward=0,0,0,0,0,0,1.05133,0,
........
#reward=0,0,0,0,0,0,1.49727,0,
........
#reward=0,0,0,0,0,0,2.0343,0,
........
#reward=0,0,0,0,0,0,1.98164,0,
........
#reward=0,0,0,0,0,0,1.96925,0,
........
#reward=0,0,0,0,0,0,2.57034,0,
........
#reward=0,0,0,0,0,0,1.05192,0,
........
#reward=0,0,0,0,0,0,2.25769,0,
........
#reward=0,0,0,0,0,0,1.94445,0,
........
#reward=0,0,0,0,0,0,1.63389,0,
........
#reward=0,0,0,0,0,0,2.14774,0,
........
#reward=0,0,0,0,0,0,3.05931,0,
........
#reward=0,0,0,0,0,0,2.98056,0,
........
#reward=0,0,0,0,0,0,1.84487,0,
........
#reward=0,0,0,0,0,0,1.79623,0,
........
#reward=0,0,0,0,0,0,1.15495,0,
........
#reward=0,0,0,0,0,0,1.28933,0,
........
#reward=0,0,0,0,0,0,1.93451,0,
........
#reward=0,0,0,0,0,0,2.53853,0,
........
#reward=0,0,0,0,0,0,2.31309,0,
........
#reward=0,0,0,0,0,0,1.79471,0,
........
#reward=0,0,0,0,0,0,2.73114,0,
........
#reward=0,0,0,0,0,0,3.07039,0,
........
#reward=0,0,0,0,0,0,1.86716,0,
........
#reward=0,0,0,0,0,0,1.54514,0,
........
#reward=0,0,0,0,0,0,2.1162,0,
........
#reward=0,0,0,0,0,0,1.50912,0,
........
#reward=0,0,0,0,0,0,2.55509,0,
........
#reward=0,0,0,0,0,0,1.68329,0,
........
#reward=0,0,0,0,0,0,0.806794,0,
........
#reward=0,0,0,0,0,0,1.00964,0,
........
#reward=0,0,0,0,0,0,2.51602,0,
........
#reward=0,0,0,0,0,0,1.20328,0,
........
#reward=0,0,0,0,0,0,1.62068,0,
........
#reward=0,0,0,0,0,0,0.959857,0,
........
#reward=0,0,0,0,0,0,2.30591,0,
........
#reward=0,0,0,0,0,0,1.74301,0,
........
#reward=0,0,0,0,0,0,2.11722,0,
........
#reward=0,0,0,0,0,0,2.07966,0,
........
#reward=0,0,0,0,0,0,2.34617,0,
........
#reward=0,0,0,0,0,0,2.30419,0,
........
#reward=0,0,0,0,0,0,1.94615,0,
........
#reward=0,0,0,0,0,0,2.16938,0,
........
#reward=0,0,0,0,0,0,2.50916,0,
........
#reward=0,0,0,0,0,0,2.66001,0,
........
#reward=0,0,0,0,0,0,2.4781,0,
........
#reward=0,0,0,0,0,0,1.41025,0,
........
#reward=0,0,0,0,0,0,2.55862,0,
........
#reward=0,0,0,0,0,0,1.3875,0,
........
#reward=0,0,0,0,0,0,1.26565,0,
........
#reward=0,0,0,0,0,0,2.11662,0,
........
#reward=0,0,0,0,0,0,1.85645,0,
........
#reward=0,0,0,0,0,0,2.28216,0,
........
#reward=0,0,0,0,0,0,2.5183,0,
........
#reward=0,0,0,0,0,0,1.0414,0,
........
#reward=0,0,0,0,0,0,1.91454,0,
........
#reward=0,0,0,0,0,0,3.0435,0,
........
#reward=0,0,0,0,0,0,2.58778,0,
........
#reward=0,0,0,0,0,0,1.42809,0,
........
#reward=0,0,0,0,0,0,2.54208,0,
........
#reward=0,0,0,0,0,0,1.28955,0,
........
#reward=0,0,0,0,0,0,2.53661,0,
........
#reward=0,0,0,0,0,0,2.35862,0,
........
#reward=0,0,0,0,0,0,1.65027,0,
........
#reward=0,0,0,0,0,0,2.11286,0,
........
#reward=0,0,0,0,0,0,2.85945,0,
........
#reward=0,0,0,0,0,0,2.5686,0,
........
#reward=0,0,0,0,0,0,2.181,0,
........
#reward=0,0,0,0,0,0,1.91137,0,
........
#reward=0,0,0,0,0,0,1.96248,0,
........
#reward=0,0,0,0,0,0,2.54447,0,
........
#reward=0,0,0,0,0,0,2.0403,0,
........
#reward=0,0,0,0,0,0,1.48819,0,
........
#reward=0,0,0,0,0,0,2.95162,0,
........
#reward=0,0,0,0,0,0,2.66868,0,
........
#reward=0,0,0,0,0,0,1.55648,0,
........
#reward=0,0,0,0,0,0,1.64739,0,
........
#reward=0,0,0,0,0,0,4.04872,0,
........
#reward=0,0,0,0,0,0,0.704296,0,
........
#reward=0,0,0,0,0,0,1.81023,0,
........
#reward=0,0,0,0,0,0,2.7891,0,
........
#reward=0,0,0,0,0,0,2.3293,0,
........
#reward=0,0,0,0,0,0,1.55434,0,
........
#reward=0,0,0,0,0,0,2.30221,0,
........
#reward=0,0,0,0,0,0,2.17018,0,
........
#reward=0,0,0,0,0,0,1.57459,0,
........
#reward=0,0,0,0,0,0,0.888451,0,
........
#reward=0,0,0,0,0,0,1.21128,0,
........
#reward=0,0,0,0,0,0,2.41351,0,
........
#reward=0,0,0,0,0,0,1.78717,0,
........
#reward=0,0,0,0,0,0,3.20758,0,
........
#reward=0,0,0,0,0,0,0.561972,0,
........
#reward=0,0,0,0,0,0,3.24102,0,
........
#reward=0,0,0,0,0,0,0.874391,0,
........
#reward=0,0,0,0,0,0,1.82344,0,
........
#reward=0,0,0,0,0,0,1.89013,0,
........
#reward=0,0,0,0,0,0,2.72272,0,
........
#reward=0,0,0,0,0,0,2.28147,0,
........
#reward=0,0,0,0,0,0,2.1963,0,
........
#reward=0,0,0,0,0,0,2.66958,0,
........
#reward=0,0,0,0,0,0,0.999547,0,
........
#reward=0,0,0,0,0,0,2.77694,0,
........
#reward=0,0,0,0,0,0,2.1094,0,
........
#reward=0,0,0,0,0,0,1.17193,0,
........
#reward=0,0,0,0,0,0,2.96951,0,
........
#reward=0,0,0,0,0,0,1.72775,0,
........
#reward=0,0,0,0,0,0,2.37414,0,
........
#reward=0,0,0,0,0,0,1.22093,0,
........
#reward=0,0,0,0,0,0,0.0485833,0,
........
#reward=0,0,0,0,0,0,2.44456,0,
........
#reward=0,0,0,0,0,0,1.42907,0,
........
#reward=0,0,0,0,0,0,1.82783,0,
........
#reward=0,0,0,0,0,0,1.32434,0,
........
#reward=0,0,0,0,0,0,2.2044,0,
........
#reward=0,0,0,0,0,0,2.75843,0,
........
#reward=0,0,0,0,0,0,2.22465,0,
........
#reward=0,0,0,0,0,0,1.35166,0,
........
#reward=0,0,0,0,0,0,1.94312,0,
........
#reward=0,0,0,0,0,0,2.79164,0,
........
#reward=0,0,0,0,0,0,0.948469,0,
........
#reward=0,0,0,0,0,0,0.729848,0,
........
#reward=0,0,0,0,0,0,1.39633,0,
........
#reward=0,0,0,0,0,0,1.47527,0,
........
#reward=0,0,0,0,0,0,1.90917,0,
........
#reward=0,0,0,0,0,0,3.00206,0,
........
#reward=0,0,0,0,0,0,1.29574,0,
........
#reward=0,0,0,0,0,0,1.57801,0,
........
#reward=0,0,0,0,0,0,2.20951,0,
........
#reward=0,0,0,0,0,0,2.48499,0,
........
#reward=0,0,0,0,0,0,1.72092,0,
........
#reward=0,0,0,0,0,0,4.08379,0,
........
#reward=0,0,0,0,0,0,2.13781,0,
........
#reward=0,0,0,0,0,0,1.38734,0,
........
#reward=0,0,0,0,0,0,2.47375,0,
........
#reward=0,0,0,0,0,0,1.7568,0,
........
#reward=0,0,0,0,0,0,1.44091,0,
........
#reward=0,0,0,0,0,0,1.60266,0,
........
#reward=0,0,0,0,0,0,1.27028,0,
........
#reward=0,0,0,0,0,0,1.90509,0,
........
#reward=0,0,0,0,0,0,2.09552,0,
........
#reward=0,0,0,0,0,0,2.96123,0,
........
#reward=0,0,0,0,0,0,1.59411,0,
........
#reward=0,0,0,0,0,0,3.40371,0,
........
#reward=0,0,0,0,0,0,1.09952,0,
........
#reward=0,0,0,0,0,0,2.11525,0,
........
#reward=0,0,0,0,0,0,2.32324,0,
........
#reward=0,0,0,0,0,0,1.78411,0,
........
#reward=0,0,0,0,0,0,2.64714,0,
........
#reward=0,0,0,0,0,0,2.84196,0,
........
#reward=0,0,0,0,0,0,1.94102,0,
........
#reward=0,0,0,0,0,0,2.2219,0,
........
#reward=0,0,0,0,0,0,1.34423,0,
........
#reward=0,0,0,0,0,0,3.03763,0,
........
#reward=0,0,0,0,0,0,2.74206,0,
........
#reward=0,0,0,0,0,0,2.48758,0,
........
#reward=0,0,0,0,0,0,0.453737,0,
........
#reward=0,0,0,0,0,0,1.8501,0,
........
#reward=0,0,0,0,0,0,2.51999,0,
........
#reward=0,0,0,0,0,0,1.74329,0,
........
#reward=0,0,0,0,0,0,0.935977,0,
........
#reward=0,0,0,0,0,0,2.38222,0,
........
#reward=0,0,0,0,0,0,2.49314,0,
........
#reward=0,0,0,0,0,0,1.93369,0,
........
#reward=0,0,0,0,0,0,1.57243,0,
........
#reward=0,0,0,0,0,0,2.32416,0,
........
#reward=0,0,0,0,0,0,0.334574,0,
........
#reward=0,0,0,0,0,0,1.10137,0,
........
#reward=0,0,0,0,0,0,2.14274,0,
........
#reward=0,0,0,0,0,0,1.74082,0,
........
#reward=0,0,0,0,0,0,2.74668,0,
........
#reward=0,0,0,0,0,0,1.4933,0,
........
#reward=0,0,0,0,0,0,2.48149,0,
........
#reward=0,0,0,0,0,0,1.23085,0,
........
#reward=0,0,0,0,0,0,1.35181,0,
........
#reward=0,0,0,0,0,0,2.7536,0,
........
#reward=0,0,0,0,0,0,2.19293,0,
........
#reward=0,0,0,0,0,0,1.76354,0,
........
#reward=0,0,0,0,0,0,2.56841,0,
........
#reward=0,0,0,0,0,0,1.42129,0,
........
#reward=0,0,0,0,0,0,2.44864,0,
........
#reward=0,0,0,0,0,0,2.03539,0,
........
#reward=0,0,0,0,0,0,3.06514,0,
........
#reward=0,0,0,0,0,0,2.47065,0,
........
#reward=0,0,0,0,0,0,1.4581,0,
........
#reward=0,0,0,0,0,0,2.44684,0,
........
#reward=0,0,0,0,0,0,2.49617,0,
........
#reward=0,0,0,0,0,0,2.49937,0,
........
#reward=0,0,0,0,0,0,0.98491,0,
........
#reward=0,0,0,0,0,0,2.75005,0,
........
#reward=0,0,0,0,0,0,2.05686,0,
........
#reward=0,0,0,0,0,0,1.64662,0,
........
#reward=0,0,0,0,0,0,2.46595,0,
........
#reward=0,0,0,0,0,0,1.98723,0,
........
#reward=0,0,0,0,0,0,2.53165,0,
........
#reward=0,0,0,0,0,0,1.03153,0,
........
#reward=0,0,0,0,0,0,0.921592,0,
........
#reward=0,0,0,0,0,0,2.20011,0,
........
#reward=0,0,0,0,0,0,1.68375,0,
........
#reward=0,0,0,0,0,0,2.22964,0,
........
#reward=0,0,0,0,0,0,2.00498,0,
........
#reward=0,0,0,0,0,0,1.83488,0,
........
#reward=0,0,0,0,0,0,1.24247,0,
........
#reward=0,0,0,0,0,0,1.84967,0,
........
#reward=0,0,0,0,0,0,2.49988,0,
........
#reward=0,0,0,0,0,0,1.64299,0,
........
#reward=0,0,0,0,0,0,2.2361,0,
........
#reward=0,0,0,0,0,0,2.1018,0,
........
#reward=0,0,0,0,0,0,2.2221,0,
........
#reward=0,0,0,0,0,0,3.17238,0,
........
#reward=0,0,0,0,0,0,1.65555,0,
........
#reward=0,0,0,0,0,0,1.0779,0,
........
#reward=0,0,0,0,0,0,2.83856,0,
........
#reward=0,0,0,0,0,0,2.19903,0,
........
#reward=0,0,0,0,0,0,1.63272,0,
........
#reward=0,0,0,0,0,0,2.73383,0,
........
#reward=0,0,0,0,0,0,1.53507,0,
........
#reward=0,0,0,0,0,0,1.25452,0,
........
#reward=0,0,0,0,0,0,2.00901,0,
........
#reward=0,0,0,0,0,0,1.70608,0,
........
#reward=0,0,0,0,0,0,3.25639,0,
........
#reward=0,0,0,0,0,0,3.85666,0,
........
#reward=0,0,0,0,0,0,2.43255,0,
........
#reward=0,0,0,0,0,0,0.66224,0,
........
#reward=0,0,0,0,0,0,1.4387,0,
........
#reward=0,0,0,0,0,0,1.75694,0,
........
#reward=0,0,0,0,0,0,2.75384,0,
........
#reward=0,0,0,0,0,0,2.73753,0,
........
#reward=0,0,0,0,0,0,1.47822,0,
........
#reward=0,0,0,0,0,0,2.59255,0,
........
#reward=0,0,0,0,0,0,1.08295,0,
........
#reward=0,0,0,0,0,0,0.504826,0,
........
#reward=0,0,0,0,0,0,1.57718,0,
........
#reward=0,0,0,0,0,0,2.94897,0,
........
#reward=0,0,0,0,0,0,2.33723,0,
........
#reward=0,0,0,0,0,0,3.91576,0,
........
#reward=0,0,0,0,0,0,1.73223,0,
........
#reward=0,0,0,0,0,0,1.08378,0,
........
#reward=0,0,0,0,0,0,1.48503,0,
........
#reward=0,0,0,0,0,0,2.08708,0,
........
#reward=0,0,0,0,0,0,1.71686,0,
........
#reward=0,0,0,0,0,0,2.8469,0,
........
#reward=0,0,0,0,0,0,2.1831,0,
........
#reward=0,0,0,0,0,0,-0.173235,0,
........
#reward=0,0,0,0,0,0,1.40704,0,
........
#reward=0,0,0,0,0,0,2.98205,0,
........
#reward=0,0,0,0,0,0,3.39062,0,
........
#reward=0,0,0,0,0,0,2.64712,0,
........
#reward=0,0,0,0,0,0,2.52185,0,
........
#reward=0,0,0,0,0,0,1.06771,0,
........
#reward=0,0,0,0,0,0,-0.28255,0,
........
#reward=0,0,0,0,0,0,4.49058,0,
........
