#port=42525
#reward=6.99117,6.99117,6.99117,6.99117,6.99117,6.99117,6.99117,
#reward=2.22737,2.22737,2.22737,2.22737,2.22737,2.22737,2.22737,
Ulu.DlD
#reward=1.691,1.691,1.691,1.691,1.691,1.691,1.691,
lurr.uL
#reward=2.63162,2.63162,2.63162,2.63162,2.63162,2.63162,2.63162,
r..u..l
#reward=3.24507,3.24507,3.24507,3.24507,3.24507,3.24507,3.24507,
uD..uRd
#reward=0.219966,0.219966,0.219966,0.219966,0.219966,0.219966,0.219966,
.L..drU
#reward=1.91023,1.91023,1.91023,1.91023,1.91023,1.91023,1.91023,
DRDDru.
#reward=2.36291,2.36291,2.36291,2.36291,2.36291,2.36291,2.36291,
LUUlL.U
#reward=1.52864,1.52864,1.52864,1.52864,1.52864,1.52864,1.52864,
Lr.u..r
#reward=1.45065,1.45065,1.45065,1.45065,1.45065,1.45065,1.45065,
u..DrDu
#reward=1.85226,1.85226,1.85226,1.85226,1.85226,1.85226,1.85226,
r.DD.DL
#reward=1.5574,1.5574,1.5574,1.5574,1.5574,1.5574,1.5574,
.DURULu
#reward=2.75662,2.75662,2.75662,2.75662,2.75662,2.75662,2.75662,
.uDRDul
#reward=1.53123,1.53123,1.53123,1.53123,1.53123,1.53123,1.53123,
L.rDLl.
#reward=2.22843,2.22843,2.22843,2.22843,2.22843,2.22843,2.22843,
R...r.R
#reward=1.98312,1.98312,1.98312,1.98312,1.98312,1.98312,1.98312,
L.U.D.l
#reward=2.06486,2.06486,2.06486,2.06486,2.06486,2.06486,2.06486,
RLDRlD.
#reward=1.60921,1.60921,1.60921,1.60921,1.60921,1.60921,1.60921,
D.DuDl.
#reward=1.49275,1.49275,1.49275,1.49275,1.49275,1.49275,1.49275,
LRuLDD.
#reward=2.23572,2.23572,2.23572,2.23572,2.23572,2.23572,2.23572,
U..RLL.
#reward=3.17323,3.17323,3.17323,3.17323,3.17323,3.17323,3.17323,
U.R.lr.
#reward=1.95965,1.95965,1.95965,1.95965,1.95965,1.95965,1.95965,
D.rLr..
#reward=2.97097,2.97097,2.97097,2.97097,2.97097,2.97097,2.97097,
L.DLUL.
#reward=1.9887,1.9887,1.9887,1.9887,1.9887,1.9887,1.9887,
.Lulrl.
#reward=2.5065,2.5065,2.5065,2.5065,2.5065,2.5065,2.5065,
..DR.r.
#reward=2.0467,2.0467,2.0467,2.0467,2.0467,2.0467,2.0467,
U.lRLD.
#reward=1.92988,1.92988,1.92988,1.92988,1.92988,1.92988,1.92988,
.LD..LD
#reward=0.568523,0.568523,0.568523,0.568523,0.568523,0.568523,0.568523,
RDuDULL
#reward=4.49682,4.49682,4.49682,4.49682,4.49682,4.49682,4.49682,
..lRDlR
#reward=1.67567,1.67567,1.67567,1.67567,1.67567,1.67567,1.67567,
L...RDU
#reward=1.05781,1.05781,1.05781,1.05781,1.05781,1.05781,1.05781,
DU..L.D
#reward=1.75345,1.75345,1.75345,1.75345,1.75345,1.75345,1.75345,
.LD.LU.
#reward=3.3073,3.3073,3.3073,3.3073,3.3073,3.3073,3.3073,
UuULl..
#reward=1.45837,1.45837,1.45837,1.45837,1.45837,1.45837,1.45837,
UR.UrDU
#reward=2.45534,2.45534,2.45534,2.45534,2.45534,2.45534,2.45534,
DU.D...
#reward=2.82879,2.82879,2.82879,2.82879,2.82879,2.82879,2.82879,
D..UUU.
#reward=1.16125,1.16125,1.16125,1.16125,1.16125,1.16125,1.16125,
...DUu.
#reward=2.79845,2.79845,2.79845,2.79845,2.79845,2.79845,2.79845,
R.DUr.D
#reward=1.87312,1.87312,1.87312,1.87312,1.87312,1.87312,1.87312,
L.R.LDl
#reward=2.13782,2.13782,2.13782,2.13782,2.13782,2.13782,2.13782,
..rDRLR
#reward=1.25697,1.25697,1.25697,1.25697,1.25697,1.25697,1.25697,
U..UDrD
#reward=1.92068,1.92068,1.92068,1.92068,1.92068,1.92068,1.92068,
U.U.r.r
#reward=3.58826,3.58826,3.58826,3.58826,3.58826,3.58826,3.58826,
......U
#reward=1.17785,1.17785,1.17785,1.17785,1.17785,1.17785,1.17785,
....LD.
#reward=2.59828,2.59828,2.59828,2.59828,2.59828,2.59828,2.59828,
..U.l.D
#reward=1.63789,1.63789,1.63789,1.63789,1.63789,1.63789,1.63789,
..R.U.L
#reward=1.61055,1.61055,1.61055,1.61055,1.61055,1.61055,1.61055,
D.L.L.U
#reward=1.59763,1.59763,1.59763,1.59763,1.59763,1.59763,1.59763,
..UD.U.
#reward=3.04063,3.04063,3.04063,3.04063,3.04063,3.04063,3.04063,
DDDU.DR
#reward=2.24243,2.24243,2.24243,2.24243,2.24243,2.24243,2.24243,
.DU.RUD
#reward=0.460318,0.460318,0.460318,0.460318,0.460318,0.460318,0.460318,
UU..rLU
#reward=4.44974,4.44974,4.44974,4.44974,4.44974,4.44974,4.44974,
RURDDDL
#reward=2.61205,2.61205,2.61205,2.61205,2.61205,2.61205,2.61205,
DDlLURu
#reward=2.04867,2.04867,2.04867,2.04867,2.04867,2.04867,2.04867,
.U.RD.R
#reward=0.997723,0.997723,0.997723,0.997723,0.997723,0.997723,0.997723,
U.UDUrD
#reward=0.231038,0.231038,0.231038,0.231038,0.231038,0.231038,0.231038,
D.r.DLU
#reward=1.78141,1.78141,1.78141,1.78141,1.78141,1.78141,1.78141,
D.U.RR.
#reward=1.18779,1.18779,1.18779,1.18779,1.18779,1.18779,1.18779,
.D.LLU.
#reward=3.00535,3.00535,3.00535,3.00535,3.00535,3.00535,3.00535,
.UDURD.
#reward=2.33042,2.33042,2.33042,2.33042,2.33042,2.33042,2.33042,
R.uDDU.
#reward=0.896036,0.896036,0.896036,0.896036,0.896036,0.896036,0.896036,
LDD...L
#reward=2.22004,2.22004,2.22004,2.22004,2.22004,2.22004,2.22004,
rDU.D..
#reward=2.16877,2.16877,2.16877,2.16877,2.16877,2.16877,2.16877,
U..RDDR
#reward=1.66759,1.66759,1.66759,1.66759,1.66759,1.66759,1.66759,
.LDLlU.
#reward=1.43841,1.43841,1.43841,1.43841,1.43841,1.43841,1.43841,
DUUUuL.
#reward=1.48548,1.48548,1.48548,1.48548,1.48548,1.48548,1.48548,
.DDRDU.
#reward=1.78741,1.78741,1.78741,1.78741,1.78741,1.78741,1.78741,
UU.D.LD
#reward=2.09723,2.09723,2.09723,2.09723,2.09723,2.09723,2.09723,
..UULrL
#reward=1.94919,1.94919,1.94919,1.94919,1.94919,1.94919,1.94919,
.LDRRL.
#reward=2.34538,2.34538,2.34538,2.34538,2.34538,2.34538,2.34538,
UR.RrDU
#reward=2.05137,2.05137,2.05137,2.05137,2.05137,2.05137,2.05137,
.R.R.LD
#reward=1.9656,1.9656,1.9656,1.9656,1.9656,1.9656,1.9656,
DUr.lrU
#reward=2.50925,2.50925,2.50925,2.50925,2.50925,2.50925,2.50925,
D.UL.L.
#reward=2.55593,2.55593,2.55593,2.55593,2.55593,2.55593,2.55593,
DD.Ru.D
#reward=1.94331,1.94331,1.94331,1.94331,1.94331,1.94331,1.94331,
.R..DR.
#reward=3.81396,3.81396,3.81396,3.81396,3.81396,3.81396,3.81396,
..DRLD.
#reward=2.61618,2.61618,2.61618,2.61618,2.61618,2.61618,2.61618,
LRDDlLU
#reward=2.55849,2.55849,2.55849,2.55849,2.55849,2.55849,2.55849,
.LU.RUR
#reward=2.70822,2.70822,2.70822,2.70822,2.70822,2.70822,2.70822,
lRUuR..
#reward=2.26119,2.26119,2.26119,2.26119,2.26119,2.26119,2.26119,
RLDr.L.
#reward=3.44416,3.44416,3.44416,3.44416,3.44416,3.44416,3.44416,
..DDrL.
#reward=0.566538,0.566538,0.566538,0.566538,0.566538,0.566538,0.566538,
RRUUDUL
#reward=1.82126,1.82126,1.82126,1.82126,1.82126,1.82126,1.82126,
..U.lD.
#reward=0.437557,0.437557,0.437557,0.437557,0.437557,0.437557,0.437557,
LL.L.R.
#reward=2.38115,2.38115,2.38115,2.38115,2.38115,2.38115,2.38115,
R.D.R..
#reward=2.34177,2.34177,2.34177,2.34177,2.34177,2.34177,2.34177,
D..rRlR
#reward=2.39634,2.39634,2.39634,2.39634,2.39634,2.39634,2.39634,
R.DLU.D
#reward=3.08949,3.08949,3.08949,3.08949,3.08949,3.08949,3.08949,
u.R.DU.
#reward=1.69315,1.69315,1.69315,1.69315,1.69315,1.69315,1.69315,
.RrR.DD
#reward=2.3575,2.3575,2.3575,2.3575,2.3575,2.3575,2.3575,
r.DU.uU
#reward=2.64676,2.64676,2.64676,2.64676,2.64676,2.64676,2.64676,
D.UDDRL
#reward=0.892837,0.892837,0.892837,0.892837,0.892837,0.892837,0.892837,
L...DLU
#reward=1.96413,1.96413,1.96413,1.96413,1.96413,1.96413,1.96413,
U.D...D
#reward=2.26562,2.26562,2.26562,2.26562,2.26562,2.26562,2.26562,
.RDUL..
#reward=1.7604,1.7604,1.7604,1.7604,1.7604,1.7604,1.7604,
RDU.R..
#reward=3.57035,3.57035,3.57035,3.57035,3.57035,3.57035,3.57035,
DULDUDR
#reward=2.57636,2.57636,2.57636,2.57636,2.57636,2.57636,2.57636,
L..LrRU
#reward=1.04548,1.04548,1.04548,1.04548,1.04548,1.04548,1.04548,
u.UUDLL
#reward=3.37596,3.37596,3.37596,3.37596,3.37596,3.37596,3.37596,
LLL.u.D
#reward=1.56686,1.56686,1.56686,1.56686,1.56686,1.56686,1.56686,
uDR....
#reward=1.51605,1.51605,1.51605,1.51605,1.51605,1.51605,1.51605,
LUULRR.
#reward=3.57665,3.57665,3.57665,3.57665,3.57665,3.57665,-16.9571,
uRDLRRU
#reward=1.55877,1.55877,1.55877,1.55877,1.55877,1.55877,0,
.D..LUR
#reward=2.3058,2.3058,2.3058,2.3058,2.3058,2.3058,0,
RLuL.L.
#reward=2.59749,2.59749,2.59749,2.59749,2.59749,2.59749,0,
.ULDL.D
#reward=1.81267,1.81267,1.81267,1.81267,1.81267,1.81267,0,
..D....
#reward=2.21197,2.21197,2.21197,2.21197,2.21197,2.21197,0,
L.DULDU
#reward=2.3534,2.3534,2.3534,2.3534,2.3534,2.3534,0,
D.U..U.
#reward=1.07647,1.07647,1.07647,1.07647,1.07647,1.07647,0,
L.uDRRL
#reward=3.12954,3.12954,3.12954,3.12954,3.12954,3.12954,0,
.RLU.DR
#reward=0.56369,0.56369,0.56369,0.56369,0.56369,0.56369,0,
UL...U.
#reward=1.69575,1.69575,1.69575,1.69575,1.69575,1.69575,0,
U.RLR..
#reward=1.01022,1.01022,1.01022,1.01022,1.01022,1.01022,0,
LRLU.l.
#reward=2.61185,2.61185,2.61185,2.61185,2.61185,2.61185,0,
RD.URUD
#reward=1.22724,1.22724,1.22724,1.22724,1.22724,1.22724,0,
DLRR.u.
#reward=2.46505,2.46505,2.46505,2.46505,2.46505,2.46505,0,
LRL.U.U
#reward=1.82086,1.82086,1.82086,1.82086,1.82086,1.82086,0,
.U..DRD
#reward=1.62353,1.62353,1.62353,1.62353,1.62353,1.62353,0,
RD.UURD
#reward=1.9347,1.9347,1.9347,1.9347,1.9347,1.9347,0,
DLDrDUU
#reward=3.05891,3.05891,3.05891,3.05891,3.05891,3.05891,0,
RUu..UU
#reward=0.63158,0.63158,0.63158,0.63158,0.63158,0.63158,0,
DLRLLDL
#reward=-0.0374548,-0.0374548,-0.0374548,-0.0374548,-0.0374548,-0.0374548,0,
U.uLLDR
#reward=4.73855,4.73855,4.73855,4.73855,4.73855,4.73855,0,
U.L.L.D
#reward=0.586026,0.586026,0.586026,0.586026,0.586026,0.586026,0,
DRRrLUD
#reward=1.38612,1.38612,1.38612,1.38612,1.38612,1.38612,0,
DRLDURU
#reward=3.00647,3.00647,3.00647,3.00647,3.00647,3.00647,0,
UDLUU.D
#reward=0.634044,0.634044,0.634044,0.634044,0.634044,0.634044,0,
R.DURU.
#reward=1.44813,1.44813,1.44813,1.44813,1.44813,1.44813,0,
DUrD.u.
#reward=2.85646,2.85646,2.85646,2.85646,2.85646,2.85646,0,
RDUDRR.
#reward=3.1292,3.1292,3.1292,3.1292,3.1292,3.1292,0,
.URRUuU
#reward=-0.083872,-0.083872,-0.083872,-0.083872,-0.083872,-0.083872,0,
..Rr.LU
#reward=2.88233,2.88233,2.88233,2.88233,2.88233,2.88233,0,
ULL...L
#reward=0.953526,0.953526,0.953526,0.953526,0.953526,0.953526,0,
rRRLRR.
#reward=2.96267,2.96267,2.96267,2.96267,2.96267,2.96267,0,
D.DlUDR
#reward=1.38593,1.38593,1.38593,1.38593,1.38593,1.38593,0,
DDR.R.L
#reward=1.23111,1.23111,1.23111,1.23111,1.23111,1.23111,0,
rLDRRUD
#reward=2.42877,2.42877,2.42877,2.42877,2.42877,2.42877,0,
DRU..LU
#reward=2.52018,2.52018,2.52018,2.52018,2.52018,2.52018,0,
ULrDRR.
#reward=2.31414,2.31414,2.31414,2.31414,2.31414,2.31414,0,
DU.ULL.
#reward=3.51944,3.51944,3.51944,3.51944,3.51944,3.51944,0,
U.LLLLR
#reward=2.06341,2.06341,2.06341,2.06341,2.06341,2.06341,0,
..UULDL
#reward=1.37625,1.37625,1.37625,1.37625,1.37625,1.37625,0,
D.DuD.R
#reward=3.57205,3.57205,3.57205,3.57205,3.57205,3.57205,0,
lDDLUU.
#reward=2.75757,2.75757,2.75757,2.75757,2.75757,2.75757,0,
rULRRLL
#reward=-0.572272,-0.572272,-0.572272,-0.572272,-0.572272,-0.572272,0,
ULr.RRR
#reward=2.34147,2.34147,2.34147,2.34147,2.34147,2.34147,0,
DLLDU..
#reward=3.07226,3.07226,3.07226,3.07226,3.07226,3.07226,0,
.LdU.UL
#reward=2.1387,2.1387,2.1387,2.1387,2.1387,2.1387,0,
.L.DUD.
#reward=3.06917,3.06917,3.06917,3.06917,3.06917,3.06917,0,
DRRUUL.
#reward=0.856027,0.856027,0.856027,0.856027,0.856027,0.856027,0,
UL..r.D
#reward=0.990611,0.990611,0.990611,0.990611,0.990611,0.990611,0,
UUD.L.R
#reward=2.86639,2.86639,2.86639,2.86639,2.86639,2.86639,0,
DURDRRU
#reward=3.90141,3.90141,3.90141,3.90141,3.90141,3.90141,0,
DLrRDL.
#reward=2.6523,2.6523,2.6523,2.6523,2.6523,2.6523,0,
LRLLLU.
#reward=0.787254,0.787254,0.787254,0.787254,0.787254,0.787254,0,
DL.RULL
#reward=3.18837,3.18837,3.18837,3.18837,3.18837,3.18837,0,
.UUD..R
#reward=2.10748,2.10748,2.10748,2.10748,2.10748,2.10748,0,
L.DD.RL
#reward=1.83807,1.83807,1.83807,1.83807,1.83807,1.83807,0,
U..U..R
#reward=3.15326,3.15326,3.15326,3.15326,3.15326,3.15326,0,
LDuUR..
#reward=4.37509,4.37509,4.37509,4.37509,4.37509,4.37509,0,
DR.Lu.L
#reward=1.97127,1.97127,1.97127,1.97127,1.97127,1.97127,0,
...RL.R
#reward=1.62255,1.62255,1.62255,1.62255,1.62255,1.62255,0,
U.RLR.L
#reward=1.78819,1.78819,1.78819,1.78819,1.78819,1.78819,0,
.LDULLR
#reward=0.509026,0.509026,0.509026,0.509026,0.509026,0.509026,0,
U.RDL.D
#reward=1.22677,1.22677,1.22677,1.22677,1.22677,1.22677,0,
.UrR.RU
#reward=2.00283,2.00283,2.00283,2.00283,2.00283,2.00283,0,
DLD.UUL
#reward=1.47511,1.47511,1.47511,1.47511,1.47511,1.47511,0,
U.LL..R
#reward=2.50651,2.50651,2.50651,2.50651,2.50651,2.50651,0,
.LURL..
#reward=1.69479,1.69479,1.69479,1.69479,1.69479,1.69479,0,
DUL.UD.
#reward=-0.459781,-0.459781,-0.459781,-0.459781,-0.459781,-0.459781,0,
.LrDU..
#reward=2.87624,2.87624,2.87624,2.87624,2.87624,2.87624,0,
rULURL.
#reward=2.07318,2.07318,2.07318,2.07318,2.07318,2.07318,0,
LlRLL.L
#reward=2.29389,2.29389,2.29389,2.29389,2.29389,2.29389,0,
.R.UDRR
#reward=-0.286368,-0.286368,-0.286368,-0.286368,-0.286368,-0.286368,0,
.D..UU.
#reward=1.3447,1.3447,1.3447,1.3447,1.3447,1.3447,0,
R.D.RDD
#reward=2.19454,2.19454,2.19454,2.19454,2.19454,2.19454,0,
..l..lD
#reward=1.83594,1.83594,1.83594,1.83594,1.83594,1.83594,0,
LDD.UUD
#reward=1.2144,1.2144,1.2144,1.2144,1.2144,1.2144,0,
.UL.uU.
#reward=1.04368,1.04368,1.04368,1.04368,1.04368,1.04368,0,
.....DL
#reward=1.82423,1.82423,1.82423,1.82423,1.82423,1.82423,0,
.DD..U.
#reward=3.04108,3.04108,3.04108,3.04108,3.04108,3.04108,0,
.LULl..
#reward=2.74638,2.74638,2.74638,2.74638,2.74638,2.74638,0,
.lDRrD.
#reward=2.55549,2.55549,2.55549,2.55549,2.55549,2.55549,0,
.uD....
#reward=2.66526,2.66526,2.66526,2.66526,2.66526,2.66526,0,
.RDD...
#reward=0.630915,0.630915,0.630915,0.630915,0.630915,0.630915,0,
.L..D.R
#reward=1.92511,1.92511,1.92511,1.92511,1.92511,1.92511,0,
...U.UR
#reward=1.98438,1.98438,1.98438,1.98438,1.98438,1.98438,0,
RDRDL.L
#reward=2.57669,2.57669,2.57669,2.57669,2.57669,2.57669,0,
DRLUDDR
#reward=1.70701,1.70701,1.70701,1.70701,1.70701,1.70701,0,
RL..LD.
#reward=1.83092,1.83092,1.83092,1.83092,1.83092,1.83092,0,
R.U.RD.
#reward=1.70431,1.70431,1.70431,1.70431,1.70431,1.70431,0,
uD.LUU.
#reward=3.61824,3.61824,3.61824,3.61824,3.61824,3.61824,0,
DRUR.R.
#reward=1.66196,1.66196,1.66196,1.66196,1.66196,1.66196,0,
UDR.L.L
#reward=1.99118,1.99118,1.99118,1.99118,1.99118,1.99118,0,
dULLL.L
#reward=2.06032,2.06032,2.06032,2.06032,2.06032,2.06032,0,
LDURRDR
#reward=2.72655,2.72655,2.72655,2.72655,2.72655,2.72655,0,
.UDLULU
#reward=0.742021,0.742021,0.742021,0.742021,0.742021,0.742021,0,
LRRLlUU
#reward=3.75642,3.75642,3.75642,3.75642,3.75642,3.75642,0,
U.rDDUU
#reward=0.990183,0.990183,0.990183,0.990183,0.990183,0.990183,0,
U..Ll..
#reward=0.984257,0.984257,0.984257,0.984257,0.984257,0.984257,0,
D.DlRUD
#reward=1.52426,1.52426,1.52426,1.52426,1.52426,1.52426,0,
D.rUD.U
#reward=1.90553,1.90553,1.90553,1.90553,1.90553,1.90553,0,
R...DDL
#reward=3.60848,3.60848,3.60848,3.60848,3.60848,3.60848,0,
R.URUDR
#reward=2.55467,2.55467,2.55467,2.55467,2.55467,2.55467,0,
L.lLu..
#reward=3.06475,3.06475,3.06475,3.06475,3.06475,3.06475,0,
LLUR.U.
#reward=2.6779,2.6779,2.6779,2.6779,2.6779,2.6779,0,
ULuU.UL
#reward=1.9222,1.9222,1.9222,1.9222,1.9222,1.9222,0,
DuL..DD
#reward=1.41812,1.41812,1.41812,1.41812,1.41812,1.41812,0,
UDR...U
#reward=3.02749,3.02749,3.02749,3.02749,3.02749,3.02749,0,
UlRU.DR
#reward=1.51155,1.51155,1.51155,1.51155,1.51155,1.51155,0,
.R.RDUD
#reward=2.95818,2.95818,2.95818,2.95818,2.95818,2.95818,0,
..L.RD.
#reward=0.533912,0.533912,0.533912,0.533912,0.533912,0.533912,0,
L.RU.DU
#reward=1.69949,1.69949,1.69949,1.69949,1.69949,1.69949,0,
DUlD.U.
#reward=1.66695,1.66695,1.66695,1.66695,1.66695,1.66695,0,
RUUULUL
#reward=2.22585,2.22585,2.22585,2.22585,2.22585,2.22585,0,
UD.DU.R
#reward=0.835688,0.835688,0.835688,0.835688,0.835688,0.835688,0,
LURULuL
#reward=2.36271,2.36271,2.36271,2.36271,2.36271,2.36271,0,
.DLU..R
#reward=2.00013,2.00013,2.00013,2.00013,2.00013,2.00013,0,
.L.l.DL
#reward=1.55285,1.55285,1.55285,1.55285,1.55285,1.55285,0,
...DRR.
#reward=1.03838,1.03838,1.03838,1.03838,1.03838,1.03838,0,
DL.DD..
#reward=4.79703,4.79703,4.79703,4.79703,4.79703,4.79703,0,
UR.UULR
#reward=-1.2256,-1.2256,-1.2256,-1.2256,-1.2256,-1.2256,0,
..R..RL
#reward=1.57827,1.57827,1.57827,1.57827,1.57827,1.57827,0,
DD.UDLR
#reward=0.602261,0.602261,0.602261,0.602261,0.602261,0.602261,0,
.R.RUU.
#reward=3.75256,3.75256,3.75256,3.75256,3.75256,3.75256,0,
RLURDDD
#reward=0.907059,0.907059,0.907059,0.907059,0.907059,0.907059,0,
.R..RDL
#reward=2.69253,2.69253,2.69253,2.69253,2.69253,2.69253,0,
UL....U
#reward=3.01039,3.01039,3.01039,3.01039,3.01039,3.01039,0,
DRDRD.R
#reward=0.763376,0.763376,0.763376,0.763376,0.763376,0.763376,0,
LULRU.D
#reward=2.92173,2.92173,2.92173,2.92173,2.92173,2.92173,0,
UU..lR.
#reward=2.32336,2.32336,2.32336,2.32336,2.32336,2.32336,0,
R..D.DU
#reward=2.99104,2.99104,2.99104,2.99104,2.99104,2.99104,0,
.D.DDRL
#reward=3.2693,3.2693,3.2693,3.2693,3.2693,3.2693,0,
.R.lURR
#reward=1.07791,1.07791,1.07791,1.07791,1.07791,1.07791,0,
DLRRDU.
#reward=1.19175,1.19175,1.19175,1.19175,1.19175,1.19175,0,
DR.rU..
#reward=1.64118,1.64118,1.64118,1.64118,1.64118,1.64118,0,
....DLD
#reward=1.50111,1.50111,1.50111,1.50111,1.50111,1.50111,0,
U.ULD.U
#reward=2.05842,2.05842,2.05842,2.05842,2.05842,2.05842,0,
L.DR.R.
#reward=1.33492,1.33492,1.33492,1.33492,1.33492,1.33492,0,
R.LuRLL
#reward=0.0708637,0.0708637,0.0708637,0.0708637,0.0708637,0.0708637,0,
L.R..LR
#reward=3.11761,3.11761,3.11761,3.11761,3.11761,3.11761,0,
...D.UL
#reward=3.0346,3.0346,3.0346,3.0346,3.0346,3.0346,0,
U.L.LLR
#reward=3.32509,3.32509,3.32509,3.32509,3.32509,3.32509,0,
RLRlUD.
#reward=3.95703,3.95703,3.95703,3.95703,3.95703,3.95703,0,
....RUD
#reward=0.795942,0.795942,0.795942,0.795942,0.795942,0.795942,0,
DUDDRRU
#reward=0.597506,0.597506,0.597506,0.597506,0.597506,0.597506,0,
u.DU...
#reward=1.30321,1.30321,1.30321,1.30321,1.30321,1.30321,0,
L.RDLDD
#reward=2.77292,2.77292,2.77292,2.77292,2.77292,2.77292,0,
UDr..U.
#reward=1.72659,1.72659,1.72659,1.72659,1.72659,1.72659,0,
..uDlD.
#reward=1.25068,1.25068,1.25068,1.25068,1.25068,1.25068,0,
DLD..U.
#reward=1.81271,1.81271,1.81271,1.81271,1.81271,1.81271,0,
RRD.D.D
#reward=1.59985,1.59985,1.59985,1.59985,1.59985,1.59985,0,
.UL.U.D
#reward=1.86601,1.86601,1.86601,1.86601,1.86601,1.86601,0,
.D....L
#reward=3.8963,3.8963,3.8963,3.8963,3.8963,3.8963,0,
.DUURD.
#reward=2.19951,2.19951,2.19951,2.19951,2.19951,2.19951,0,
LL.RD..
#reward=2.94147,2.94147,2.94147,2.94147,2.94147,2.94147,0,
..D.RD.
#reward=0.958291,0.958291,0.958291,0.958291,0.958291,0.958291,0,
RD.RL..
#reward=2.28394,2.28394,2.28394,2.28394,2.28394,2.28394,0,
LDlUR.R
#reward=1.37331,1.37331,1.37331,1.37331,1.37331,1.37331,0,
.L..R.U
#reward=2.20704,2.20704,2.20704,2.20704,2.20704,2.20704,0,
.lUuURD
#reward=3.64101,3.64101,3.64101,3.64101,3.64101,3.64101,0,
U.U....
#reward=3.06849,3.06849,3.06849,3.06849,3.06849,3.06849,0,
.DD.UlU
#reward=0.377775,0.377775,0.377775,0.377775,0.377775,0.377775,0,
Dr.DLUU
#reward=2.87726,2.87726,2.87726,2.87726,2.87726,2.87726,0,
U.UL.R.
#reward=2.98003,2.98003,2.98003,2.98003,2.98003,2.98003,0,
.LU.URL
#reward=1.06685,1.06685,1.06685,1.06685,1.06685,1.06685,0,
.D.U...
#reward=1.17627,1.17627,1.17627,1.17627,1.17627,1.17627,0,
DU.LUUR
#reward=1.07985,1.07985,1.07985,1.07985,1.07985,1.07985,0,
R.L.RDD
#reward=3.6396,3.6396,3.6396,3.6396,3.6396,3.6396,0,
D.UUlRU
#reward=0.962222,0.962222,0.962222,0.962222,0.962222,0.962222,0,
.DR.UUU
#reward=0.863851,0.863851,0.863851,0.863851,0.863851,0.863851,0,
.UlL.RD
#reward=1.54042,1.54042,1.54042,1.54042,1.54042,1.54042,0,
RDDUrL.
#reward=1.48805,1.48805,1.48805,1.48805,1.48805,1.48805,0,
RULDLUL
#reward=0.9568,0.9568,0.9568,0.9568,0.9568,0.9568,0,
.DRULRU
#reward=2.33928,2.33928,2.33928,2.33928,2.33928,2.33928,0,
.U.UDL.
#reward=0.520218,0.520218,0.520218,0.520218,0.520218,0.520218,0,
RDlLULR
#reward=3.6874,3.6874,3.6874,3.6874,3.6874,3.6874,0,
RUUR...
#reward=3.45824,3.45824,3.45824,3.45824,3.45824,3.45824,0,
UDuDUr.
#reward=0.587565,0.587565,0.587565,0.587565,0.587565,0.587565,0,
LD.DuL.
#reward=1.48454,1.48454,1.48454,1.48454,1.48454,1.48454,0,
uRRURL.
#reward=0.903628,0.903628,0.903628,0.903628,0.903628,0.903628,0,
Rr.UU..
#reward=2.11185,2.11185,2.11185,2.11185,2.11185,2.11185,0,
RLR...D
#reward=2.07119,2.07119,2.07119,2.07119,2.07119,2.07119,0,
lRu..RU
#reward=1.70009,1.70009,1.70009,1.70009,1.70009,1.70009,0,
D..RUl.
#reward=2.53494,2.53494,2.53494,2.53494,2.53494,2.53494,0,
D..RD.L
#reward=4.5629,4.5629,4.5629,4.5629,4.5629,4.5629,0,
lL.LD.D
#reward=1.10138,1.10138,1.10138,1.10138,1.10138,1.10138,0,
D..RuRR
#reward=1.22622,1.22622,1.22622,1.22622,1.22622,1.22622,0,
RRDD...
#reward=3.03285,3.03285,3.03285,3.03285,3.03285,3.03285,0,
ru.RLUD
#reward=1.89452,1.89452,1.89452,1.89452,1.89452,1.89452,0,
DDUlRLD
#reward=1.9229,1.9229,1.9229,1.9229,1.9229,1.9229,0,
uUrURRL
#reward=1.49685,1.49685,1.49685,1.49685,1.49685,1.49685,0,
r..L...
#reward=2.94074,2.94074,2.94074,2.94074,2.94074,2.94074,0,
D.LRR.R
#reward=0.372408,0.372408,0.372408,0.372408,0.372408,0.372408,0,
U.RD..U
