#port=14691
#reward=10.0452,10.0452,10.0452,10.0452,10.0452,10.0452,10.0452,
#reward=2.19113,2.19113,2.19113,2.19113,2.19113,2.19113,2.19113,
UlruDrr
#reward=0.62606,0.62606,0.62606,0.62606,0.62606,0.62606,0.62606,
.rLr.U.
#reward=2.2249,2.2249,2.2249,2.2249,2.2249,2.2249,2.2249,
UuR.Rru
#reward=1.41057,1.41057,1.41057,1.41057,1.41057,1.41057,1.41057,
r.U.rlD
#reward=1.94666,1.94666,1.94666,1.94666,1.94666,1.94666,1.94666,
.Dr...D
#reward=1.94997,1.94997,1.94997,1.94997,1.94997,1.94997,1.94997,
DuDLD.u
#reward=1.4761,1.4761,1.4761,1.4761,1.4761,1.4761,1.4761,
.lUDl.r
#reward=1.51019,1.51019,1.51019,1.51019,1.51019,1.51019,1.51019,
.RLUUUL
#reward=1.35302,1.35302,1.35302,1.35302,1.35302,1.35302,1.35302,
lrRUDUr
#reward=2.19938,2.19938,2.19938,2.19938,2.19938,2.19938,2.19938,
.LL.ulu
#reward=2.17721,2.17721,2.17721,2.17721,2.17721,2.17721,2.17721,
rRLlRUL
#reward=1.42419,1.42419,1.42419,1.42419,1.42419,1.42419,1.42419,
..LUDrD
#reward=2.74749,2.74749,2.74749,2.74749,2.74749,2.74749,2.74749,
U..rULD
#reward=2.6844,2.6844,2.6844,2.6844,2.6844,2.6844,2.6844,
.LRLrL.
#reward=1.34566,1.34566,1.34566,1.34566,1.34566,1.34566,1.34566,
DRur.rD
#reward=2.02241,2.02241,2.02241,2.02241,2.02241,2.02241,2.02241,
U.RL.U.
#reward=2.48354,2.48354,2.48354,2.48354,2.48354,2.48354,2.48354,
UDDr.ld
#reward=1.7065,1.7065,1.7065,1.7065,1.7065,1.7065,1.7065,
ULUl.DU
#reward=1.09017,1.09017,1.09017,1.09017,1.09017,1.09017,1.09017,
DDDD..r
#reward=1.61596,1.61596,1.61596,1.61596,1.61596,1.61596,1.61596,
r.UlDDU
#reward=3.08119,3.08119,3.08119,3.08119,3.08119,3.08119,3.08119,
ludDLU.
#reward=2.38939,2.38939,2.38939,2.38939,2.38939,2.38939,2.38939,
DLUlLUD
#reward=1.94029,1.94029,1.94029,1.94029,1.94029,1.94029,1.94029,
UU.UDuU
#reward=2.65213,2.65213,2.65213,2.65213,2.65213,2.65213,2.65213,
.D.UUDU
#reward=2.7566,2.7566,2.7566,2.7566,2.7566,2.7566,2.7566,
.U.DRDU
#reward=5.07806,5.07806,5.07806,5.07806,5.07806,5.07806,5.07806,
UL..L..
#reward=1.83327,1.83327,1.83327,1.83327,1.83327,1.83327,1.83327,
R..URUU
#reward=2.4883,2.4883,2.4883,2.4883,2.4883,2.4883,2.4883,
Ud.ULD.
#reward=1.46395,1.46395,1.46395,1.46395,1.46395,1.46395,1.46395,
ULDLRUU
#reward=2.15905,2.15905,2.15905,2.15905,2.15905,2.15905,2.15905,
UD.....
#reward=1.91213,1.91213,1.91213,1.91213,1.91213,1.91213,1.91213,
LUU.D.D
#reward=1.95562,1.95562,1.95562,1.95562,1.95562,1.95562,1.95562,
lL.L.LR
#reward=2.60858,2.60858,2.60858,2.60858,2.60858,2.60858,2.60858,
rlD.u.R
#reward=1.65442,1.65442,1.65442,1.65442,1.65442,1.65442,1.65442,
UrRD.D.
#reward=2.09861,2.09861,2.09861,2.09861,2.09861,2.09861,2.09861,
dDLDLr.
#reward=2.74203,2.74203,2.74203,2.74203,2.74203,2.74203,2.74203,
RDRUDU.
#reward=2.72651,2.72651,2.72651,2.72651,2.72651,2.72651,2.72651,
Ul.DuLL
#reward=1.40622,1.40622,1.40622,1.40622,1.40622,1.40622,1.40622,
UrDLRlU
#reward=1.22523,1.22523,1.22523,1.22523,1.22523,1.22523,1.22523,
UUUURDD
#reward=0.989457,0.989457,0.989457,0.989457,0.989457,0.989457,0.989457,
U.DrRLU
#reward=0.240596,0.240596,0.240596,0.240596,0.240596,0.240596,0.240596,
.UUDUr.
#reward=2.16581,2.16581,2.16581,2.16581,2.16581,2.16581,2.16581,
DD.UUD.
#reward=1.72163,1.72163,1.72163,1.72163,1.72163,1.72163,1.72163,
DR.LDDL
#reward=3.56414,3.56414,3.56414,3.56414,3.56414,3.56414,3.56414,
U..dUUR
#reward=1.79556,1.79556,1.79556,1.79556,1.79556,1.79556,1.79556,
L..uL.L
#reward=0.187319,0.187319,0.187319,0.187319,0.187319,0.187319,0.187319,
DLLlRUD
#reward=1.12897,1.12897,1.12897,1.12897,1.12897,1.12897,1.12897,
.LRRD.R
#reward=1.67785,1.67785,1.67785,1.67785,1.67785,1.67785,1.67785,
URDuDLL
#reward=1.88155,1.88155,1.88155,1.88155,1.88155,1.88155,1.88155,
UU..LDu
#reward=2.22053,2.22053,2.22053,2.22053,2.22053,2.22053,2.22053,
rDuD.rR
#reward=1.28567,1.28567,1.28567,1.28567,1.28567,1.28567,1.28567,
DU.r.L.
#reward=1.87397,1.87397,1.87397,1.87397,1.87397,1.87397,1.87397,
U..D.uR
#reward=1.35753,1.35753,1.35753,1.35753,1.35753,1.35753,1.35753,
U.D.R..
#reward=2.20301,2.20301,2.20301,2.20301,2.20301,2.20301,2.20301,
LDU.DR.
#reward=2.77083,2.77083,2.77083,2.77083,2.77083,2.77083,2.77083,
lDDlRD.
#reward=1.72615,1.72615,1.72615,1.72615,1.72615,1.72615,1.72615,
r.UULD.
#reward=2.6437,2.6437,2.6437,2.6437,2.6437,2.6437,2.6437,
DuDDRl.
#reward=1.09043,1.09043,1.09043,1.09043,1.09043,1.09043,1.09043,
DDUUU..
#reward=2.37131,2.37131,2.37131,2.37131,2.37131,2.37131,2.37131,
.U.URU.
#reward=1.1773,1.1773,1.1773,1.1773,1.1773,1.1773,1.1773,
L....rL
#reward=1.67188,1.67188,1.67188,1.67188,1.67188,1.67188,1.67188,
LDDDrD.
#reward=2.99639,2.99639,2.99639,2.99639,2.99639,2.99639,2.99639,
UU.DurR
#reward=0.611567,0.611567,0.611567,0.611567,0.611567,0.611567,0.611567,
rDU.DUL
#reward=3.05076,3.05076,3.05076,3.05076,3.05076,3.05076,3.05076,
DL.DLDR
#reward=3.08323,3.08323,3.08323,3.08323,3.08323,3.08323,3.08323,
rR.UuD.
#reward=3.09594,3.09594,3.09594,3.09594,3.09594,3.09594,3.09594,
l.DDRR.
#reward=1.17015,1.17015,1.17015,1.17015,1.17015,1.17015,1.17015,
D..rUL.
#reward=1.35813,1.35813,1.35813,1.35813,1.35813,1.35813,1.35813,
uRU.DUL
#reward=2.48755,2.48755,2.48755,2.48755,2.48755,2.48755,2.48755,
rlDLUDR
#reward=2.73892,2.73892,2.73892,2.73892,2.73892,2.73892,2.73892,
LDUlDU.
#reward=1.78096,1.78096,1.78096,1.78096,1.78096,1.78096,1.78096,
lLD.DU.
#reward=2.67862,2.67862,2.67862,2.67862,2.67862,2.67862,2.67862,
DruDLD.
#reward=1.15506,1.15506,1.15506,1.15506,1.15506,1.15506,1.15506,
R.DL.D.
#reward=3.82176,3.82176,3.82176,3.82176,3.82176,3.82176,3.82176,
R.RrRl.
#reward=1.0743,1.0743,1.0743,1.0743,1.0743,1.0743,1.0743,
LDD.r.L
#reward=1.54874,1.54874,1.54874,1.54874,1.54874,1.54874,1.54874,
L.UDDUL
#reward=3.55932,3.55932,3.55932,3.55932,3.55932,3.55932,3.55932,
LU.uu..
#reward=3.6525,3.6525,3.6525,3.6525,3.6525,3.6525,3.6525,
DDR..D.
#reward=1.78043,1.78043,1.78043,1.78043,1.78043,1.78043,1.78043,
UL..D.D
#reward=2.47455,2.47455,2.47455,2.47455,2.47455,2.47455,2.47455,
rrURL.u
#reward=3.86895,3.86895,3.86895,3.86895,3.86895,3.86895,3.86895,
D...UrD
#reward=1.47092,1.47092,1.47092,1.47092,1.47092,1.47092,1.47092,
.U.DuUR
#reward=1.78263,1.78263,1.78263,1.78263,1.78263,1.78263,1.78263,
URDU.U.
#reward=1.78796,1.78796,1.78796,1.78796,1.78796,1.78796,1.78796,
D.URRlL
#reward=1.72593,1.72593,1.72593,1.72593,1.72593,1.72593,1.72593,
U..uRDR
#reward=1.47302,1.47302,1.47302,1.47302,1.47302,1.47302,1.47302,
LL.LLDD
#reward=0.178314,0.178314,0.178314,0.178314,0.178314,0.178314,0.178314,
DLD.LUR
#reward=3.57783,3.57783,3.57783,3.57783,3.57783,3.57783,3.57783,
rLRDRUR
#reward=0.884171,0.884171,0.884171,0.884171,0.884171,0.884171,0.884171,
lR.UR.L
#reward=3.99553,3.99553,3.99553,3.99553,3.99553,3.99553,3.99553,
uLL.RDL
#reward=3.04336,3.04336,3.04336,3.04336,3.04336,3.04336,3.04336,
.ruDDDl
#reward=2.12385,2.12385,2.12385,2.12385,2.12385,2.12385,2.12385,
DDRUrD.
#reward=2.84055,2.84055,-17.8283,2.84055,2.84055,2.84055,2.84055,
Lrr..DR
#reward=4.71223,4.71223,0,4.71223,4.71223,4.71223,4.71223,
DULRLuL
#reward=5.17271,5.17271,0,5.17271,5.17271,5.17271,5.17271,
DL.r.rR
#reward=-0.703204,-0.703204,0,-0.703204,-0.703204,-0.703204,-0.703204,
lR.DrLL
#reward=1.80069,1.80069,0,1.80069,1.80069,1.80069,1.80069,
rLLRULU
#reward=2.41114,2.41114,0,2.41114,2.41114,2.41114,2.41114,
DDR.RlL
#reward=0.0779693,0.0779693,0,0.0779693,0.0779693,0.0779693,0.0779693,
UDLDUrR
#reward=0.571658,0.571658,0,0.571658,0.571658,0.571658,0.571658,
DR.UR..
#reward=2.53923,2.53923,0,2.53923,2.53923,2.53923,2.53923,
rrRrR.D
#reward=2.22292,2.22292,0,2.22292,2.22292,2.22292,2.22292,
UlRLlDR
#reward=2.39399,2.39399,0,2.39399,2.39399,2.39399,2.39399,
D..D.Ur
#reward=0.835683,0.835683,0,0.835683,0.835683,0.835683,0.835683,
Uu.r..D
#reward=3.68758,3.68758,0,3.68758,3.68758,3.68758,3.68758,
DDLL.uD
#reward=0.410673,0.410673,0,0.410673,0.410673,0.410673,0.410673,
UD.L.Du
#reward=2.0184,2.0184,0,2.0184,2.0184,2.0184,2.0184,
DRRL.DD
#reward=0.950877,0.950877,0,0.950877,0.950877,0.950877,0.950877,
D.L..lu
#reward=2.10169,2.10169,0,2.10169,2.10169,2.10169,2.10169,
D..RDrR
#reward=2.66126,2.66126,0,2.66126,2.66126,2.66126,2.66126,
Dl.RDUr
#reward=1.74105,1.74105,0,1.74105,1.74105,1.74105,1.74105,
R..R.LU
#reward=2.82535,2.82535,0,2.82535,2.82535,2.82535,2.82535,
UURLRL.
#reward=1.14462,1.14462,0,1.14462,1.14462,1.14462,1.14462,
R..Llrr
#reward=0.398531,0.398531,0,0.398531,0.398531,0.398531,0.398531,
rL.UUL.
#reward=2.51978,2.51978,0,2.51978,2.51978,2.51978,2.51978,
ULLUllU
#reward=2.11764,2.11764,0,2.11764,2.11764,2.11764,2.11764,
u.R.RR.
#reward=2.99258,2.99258,0,2.99258,2.99258,2.99258,2.99258,
rRLDulR
#reward=3.45867,3.45867,0,3.45867,3.45867,3.45867,3.45867,
.U.U.DU
#reward=0.362888,0.362888,0,0.362888,0.362888,0.362888,0.362888,
DD.DDLU
#reward=1.29951,1.29951,0,1.29951,1.29951,1.29951,1.29951,
LRLDURU
#reward=2.68947,2.68947,0,2.68947,2.68947,2.68947,2.68947,
U..ULUL
#reward=2.63314,2.63314,0,2.63314,2.63314,2.63314,2.63314,
LLRlDUR
#reward=3.28036,3.28036,0,3.28036,3.28036,3.28036,3.28036,
RLLrRD.
#reward=0.944228,0.944228,0,0.944228,0.944228,0.944228,0.944228,
.LLUL.L
#reward=2.41235,2.41235,0,2.41235,2.41235,2.41235,2.41235,
LUUlDUR
#reward=0.0706542,0.0706542,0,0.0706542,0.0706542,0.0706542,0.0706542,
ULD.LD.
#reward=3.42626,3.42626,0,3.42626,3.42626,3.42626,3.42626,
UUR...D
#reward=1.66196,1.66196,0,1.66196,1.66196,1.66196,1.66196,
DLL..DR
#reward=4.69024,4.69024,0,4.69024,4.69024,4.69024,4.69024,
UL...UR
#reward=3.17775,3.17775,0,3.17775,3.17775,3.17775,3.17775,
..R.R.U
#reward=2.48234,2.48234,0,2.48234,2.48234,2.48234,2.48234,
DU.DDDR
#reward=2.89428,2.89428,0,2.89428,2.89428,2.89428,2.89428,
URLDluR
#reward=1.55344,1.55344,0,1.55344,1.55344,1.55344,1.55344,
DLUU...
#reward=2.12948,2.12948,0,2.12948,2.12948,2.12948,2.12948,
D.D.UL.
#reward=0.850155,0.850155,0,0.850155,0.850155,0.850155,0.850155,
URU..D.
#reward=0.0808275,0.0808275,0,0.0808275,0.0808275,0.0808275,0.0808275,
.UD.DLL
#reward=1.66601,1.66601,0,1.66601,1.66601,1.66601,1.66601,
.UUD.lR
#reward=3.55184,3.55184,0,3.55184,3.55184,3.55184,3.55184,
.DDRUrL
#reward=4.86626,4.86626,0,4.86626,4.86626,4.86626,4.86626,
.uRDUUL
#reward=1.47924,1.47924,0,1.47924,1.47924,1.47924,1.47924,
UDLLDR.
#reward=1.10299,1.10299,0,1.10299,1.10299,1.10299,1.10299,
D.UURrD
#reward=1.94764,1.94764,0,1.94764,1.94764,1.94764,1.94764,
UUD.LLL
#reward=2.51312,2.51312,0,2.51312,2.51312,2.51312,2.51312,
DR.DDdD
#reward=2.8411,2.8411,0,2.8411,2.8411,2.8411,2.8411,
.LR..RU
#reward=1.02174,1.02174,0,1.02174,1.02174,1.02174,1.02174,
.R.....
#reward=2.61864,2.61864,0,2.61864,2.61864,2.61864,2.61864,
D.LU..L
#reward=3.26325,3.26325,0,3.26325,3.26325,3.26325,3.26325,
UL.R.LR
#reward=2.02211,2.02211,0,2.02211,2.02211,2.02211,2.02211,
.DR.URr
#reward=2.54491,2.54491,0,2.54491,2.54491,2.54491,2.54491,
D..RU.U
#reward=2.08183,2.08183,0,2.08183,2.08183,2.08183,2.08183,
D...RLR
#reward=1.30944,1.30944,0,1.30944,1.30944,1.30944,1.30944,
U..ULRR
#reward=2.3877,2.3877,0,2.3877,2.3877,2.3877,2.3877,
.U.RU..
#reward=1.89428,1.89428,0,1.89428,1.89428,1.89428,1.89428,
U.LLR.U
#reward=-2.5392,-2.5392,0,-2.5392,-2.5392,-2.5392,-2.5392,
u.RRD..
#reward=4.14442,4.14442,0,4.14442,4.14442,4.14442,4.14442,
D.L.L..
#reward=0.840346,0.840346,0,0.840346,0.840346,0.840346,0.840346,
URR.D..
#reward=4.04554,4.04554,0,4.04554,4.04554,4.04554,4.04554,
....rLD
#reward=-0.273798,-0.273798,0,-0.273798,-0.273798,-0.273798,-0.273798,
..L.DLU
#reward=-0.827275,-0.827275,0,-0.827275,-0.827275,-0.827275,-0.827275,
....U..
#reward=2.37262,2.37262,0,2.37262,2.37262,2.37262,2.37262,
...L.lD
#reward=1.75825,1.75825,0,1.75825,1.75825,1.75825,1.75825,
...RL.U
#reward=2.21806,2.21806,0,2.21806,2.21806,2.21806,2.21806,
...LRR.
#reward=3.69817,3.69817,0,3.69817,3.69817,3.69817,3.69817,
D.URLR.
#reward=1.97912,1.97912,0,1.97912,1.97912,1.97912,1.97912,
U...R..
#reward=-0.000833052,-0.000833052,0,-0.000833052,-0.000833052,-0.000833052,-0.000833052,
..L.D..
#reward=5.06724,5.06724,0,5.06724,5.06724,5.06724,5.06724,
..L....
#reward=3.28955,3.28955,0,3.28955,3.28955,3.28955,3.28955,
..R...D
#reward=3.72811,3.72811,0,3.72811,3.72811,3.72811,3.72811,
..L....
#reward=-0.166815,-0.166815,0,-0.166815,-0.166815,-0.166815,-0.166815,
D.R...L
#reward=3.00095,3.00095,0,3.00095,3.00095,3.00095,3.00095,
U.L..LR
#reward=2.34767,2.34767,0,2.34767,2.34767,-44.0946,2.34767,
..U..l.
#reward=0.421902,0.421902,0,0.421902,0.421902,0,0.421902,
DLD..RU
#reward=-0.654374,-0.654374,0,-0.654374,-0.654374,0,-0.654374,
.R.L...
#reward=3.38908,3.38908,0,3.38908,3.38908,0,3.38908,
L.U.U..
#reward=3.17755,3.17755,0,3.17755,3.17755,0,3.17755,
lL.RL..
#reward=2.23417,2.23417,0,2.23417,2.23417,0,2.23417,
RR.LLL.
#reward=3.96717,3.96717,0,3.96717,3.96717,0,3.96717,
RLD.r..
#reward=2.01697,2.01697,0,2.01697,2.01697,0,2.01697,
r.URLR.
#reward=3.30764,3.30764,0,3.30764,3.30764,0,3.30764,
DR..LLD
#reward=1.72959,1.72959,0,1.72959,1.72959,0,1.72959,
U.D.DRL
#reward=1.63626,1.63626,0,1.63626,1.63626,0,1.63626,
..U.UL.
#reward=2.89953,2.89953,0,2.89953,2.89953,0,2.89953,
LL..LRR
#reward=-0.199435,-0.199435,0,-0.199435,-0.199435,0,-0.199435,
DRDLULU
#reward=3.69302,3.69302,0,3.69302,3.69302,0,3.69302,
U..DUR.
#reward=-1.7509,-1.7509,0,-1.7509,-1.7509,0,-1.7509,
LL.ULLD
#reward=2.03876,2.03876,0,2.03876,2.03876,0,2.03876,
D..DLRU
#reward=1.23187,1.23187,0,1.23187,1.23187,0,1.23187,
lRUURL.
#reward=3.13941,3.13941,0,3.13941,3.13941,0,3.13941,
.LDRRR.
#reward=0.131144,0.131144,0,0.131144,0.131144,0,0.131144,
U.U.D..
#reward=1.81344,1.81344,0,1.81344,1.81344,0,-33.1738,
R.DLuLD
#reward=0.964421,0.964421,0,0.964421,0.964421,0,0,
DRUR.RU
#reward=1.22729,1.22729,0,1.22729,1.22729,0,0,
lL..DL.
#reward=0.701297,0.701297,0,0.701297,0.701297,0,0,
URDL.RD
#reward=3.67647,3.67647,0,3.67647,3.67647,0,0,
D.URU.U
#reward=1.86524,1.86524,0,1.86524,1.86524,0,0,
U......
#reward=3.26268,3.26268,0,3.26268,3.26268,0,0,
D....L.
#reward=5.78753,5.78753,0,5.78753,5.78753,0,0,
r.DL..D
#reward=1.60545,1.60545,0,1.60545,1.60545,0,0,
DLURDRU
#reward=0.552881,0.552881,0,0.552881,0.552881,0,0,
URDLULD
#reward=3.43931,3.43931,0,3.43931,3.43931,0,0,
U.RD.RU
#reward=1.06885,1.06885,0,1.06885,1.06885,0,0,
L..D..D
#reward=2.68299,2.68299,0,2.68299,2.68299,0,0,
R.L.DLL
#reward=3.10236,3.10236,0,3.10236,3.10236,0,0,
L.UDRRR
#reward=3.5045,3.5045,0,3.5045,3.5045,0,0,
R..RRLL
#reward=1.1904,1.1904,0,1.1904,1.1904,0,0,
L.DDRRR
#reward=1.87999,1.87999,0,1.87999,1.87999,0,0,
R.LU.LR
#reward=2.14244,2.14244,0,2.14244,2.14244,0,0,
DLRUDRL
#reward=1.44052,1.44052,0,1.44052,1.44052,0,0,
DRRLU..
#reward=0.470627,0.470627,0,0.470627,0.470627,0,0,
D.LUDLL
#reward=4.05853,4.05853,0,4.05853,4.05853,0,0,
ULULlRR
#reward=1.8309,1.8309,0,1.8309,1.8309,0,0,
DR.LU.R
#reward=3.04273,3.04273,0,3.04273,3.04273,0,0,
RLDR..L
#reward=-0.0724272,-0.0724272,0,-0.0724272,-0.0724272,0,0,
L.RRL.L
#reward=1.38211,1.38211,0,1.38211,1.38211,0,0,
rDLDR..
#reward=0.753424,0.753424,0,0.753424,0.753424,0,0,
DDRDl..
#reward=2.55872,2.55872,0,2.55872,2.55872,0,0,
...UDL.
#reward=3.13917,3.13917,0,3.13917,3.13917,0,0,
Lu..DRR
#reward=0.686629,0.686629,0,0.686629,0.686629,0,0,
r.LLULR
#reward=0.996399,0.996399,0,0.996399,0.996399,0,0,
LLRUU.L
#reward=2.38409,2.38409,0,2.38409,2.38409,0,0,
RR.DDRR
#reward=1.86672,1.86672,0,1.86672,1.86672,0,0,
DL..ULL
#reward=-0.844229,-0.844229,0,-0.844229,-0.844229,0,0,
.LRU.R.
#reward=4.1231,4.1231,0,4.1231,4.1231,0,0,
L.D..LU
#reward=0.576249,0.576249,0,0.576249,0.576249,0,0,
UR..D.D
#reward=-0.549837,-0.549837,0,-0.549837,-0.549837,0,0,
.D.D.R.
#reward=3.75623,3.75623,0,3.75623,3.75623,0,0,
URRLU.U
#reward=2.26608,2.26608,0,2.26608,2.26608,0,0,
UULU.L.
#reward=4.76138,4.76138,0,4.76138,4.76138,0,0,
DR.R.RD
#reward=1.0921,1.0921,0,1.0921,1.0921,0,0,
.RUL...
#reward=3.76437,3.76437,0,3.76437,3.76437,0,0,
D.DuD..
#reward=1.87809,1.87809,0,1.87809,1.87809,0,0,
D..DUL.
#reward=2.25275,2.25275,0,2.25275,2.25275,0,0,
LRURDRR
#reward=1.80995,1.80995,0,1.80995,1.80995,0,0,
rLD.U..
#reward=0.862302,0.862302,0,0.862302,0.862302,0,0,
lLUL.LL
#reward=1.18073,1.18073,0,1.18073,1.18073,0,0,
DR.R.RL
#reward=1.78237,1.78237,0,1.78237,1.78237,0,0,
.UD.D..
#reward=1.53049,1.53049,0,1.53049,1.53049,0,0,
L..D..R
#reward=1.81754,1.81754,0,1.81754,1.81754,0,0,
r..UDLU
#reward=2.43209,2.43209,0,2.43209,2.43209,0,0,
DD.LRRD
#reward=2.35075,2.35075,0,2.35075,2.35075,0,0,
UDRU..U
#reward=2.82851,2.82851,0,2.82851,2.82851,0,0,
DDR...D
#reward=1.14958,1.14958,0,1.14958,1.14958,0,0,
U.R..LR
#reward=2.25637,2.25637,0,2.25637,2.25637,0,0,
DULD.R.
#reward=1.56478,1.56478,0,1.56478,1.56478,0,0,
LU.....
#reward=3.69772,3.69772,0,3.69772,3.69772,0,0,
DULR...
#reward=3.65014,3.65014,0,3.65014,3.65014,0,0,
UDRU..L
#reward=3.55433,3.55433,0,3.55433,3.55433,0,0,
D.R....
#reward=2.57437,2.57437,0,2.57437,2.57437,0,0,
rrLL..L
#reward=2.83424,2.83424,0,2.83424,2.83424,0,0,
UDRD...
#reward=0.522939,0.522939,0,0.522939,0.522939,0,0,
DUL....
#reward=1.33942,1.33942,0,1.33942,1.33942,0,0,
DU..L..
#reward=3.3465,3.3465,0,3.3465,3.3465,0,0,
R..RRL.
#reward=0.187375,0.187375,0,0.187375,0.187375,0,0,
r.LRLRR
#reward=2.2003,2.2003,0,2.2003,2.2003,0,0,
LRLRR.R
#reward=1.72821,1.72821,0,1.72821,1.72821,0,0,
l....LL
#reward=1.46049,1.46049,0,1.46049,1.46049,0,0,
.R.R.RU
#reward=1.35218,1.35218,0,1.35218,1.35218,0,0,
D....L.
#reward=2.85796,2.85796,0,2.85796,2.85796,0,0,
U..U..D
#reward=3.3276,3.3276,0,3.3276,3.3276,0,0,
UU.R.RR
#reward=-0.555971,-0.555971,0,-0.555971,-0.555971,0,0,
LU.L..L
#reward=0.601079,0.601079,0,0.601079,0.601079,0,0,
RL.D..R
#reward=3.60831,3.60831,0,3.60831,3.60831,0,0,
..U....
#reward=4.25401,4.25401,0,4.25401,4.25401,0,0,
DLLU.LL
#reward=2.46961,2.46961,0,2.46961,2.46961,0,0,
..LD.RL
#reward=2.97545,2.97545,0,2.97545,2.97545,0,0,
d.R....
#reward=1.06114,1.06114,0,1.06114,1.06114,0,0,
UR.u.LR
#reward=1.08374,1.08374,0,1.08374,1.08374,0,0,
L....RR
#reward=1.49351,1.49351,0,1.49351,1.49351,0,0,
LL...L.
#reward=2.8724,2.8724,0,2.8724,2.8724,0,0,
UU.L.RL
#reward=0.0708716,0.0708716,0,0.0708716,0.0708716,0,0,
rDL..LU
#reward=3.52687,3.52687,0,3.52687,3.52687,0,0,
D.U..RD
#reward=0.836228,0.836228,0,0.836228,0.836228,0,0,
U.DR.L.
#reward=1.88613,1.88613,0,1.88613,1.88613,0,0,
LRR....
#reward=0.995122,0.995122,0,0.995122,0.995122,0,0,
LD.D.RR
#reward=1.92884,1.92884,0,1.92884,1.92884,0,0,
.RLLLL.
#reward=1.66103,1.66103,0,1.66103,1.66103,0,0,
LRUURR.
#reward=0.747204,0.747204,0,0.747204,0.747204,0,0,
UUD..LL
#reward=3.03932,3.03932,0,3.03932,3.03932,0,0,
...R..R
#reward=2.57427,2.57427,0,2.57427,2.57427,0,0,
DLLD..L
#reward=1.19181,1.19181,0,1.19181,1.19181,0,0,
Uu.U...
#reward=2.65167,2.65167,0,2.65167,2.65167,0,0,
.R...RU
#reward=0.39461,0.39461,0,0.39461,0.39461,0,0,
D..L..D
#reward=3.22342,3.22342,0,3.22342,3.22342,0,0,
UD.D..U
#reward=2.00757,2.00757,0,2.00757,2.00757,0,0,
DURRL.D
#reward=3.14434,3.14434,0,3.14434,3.14434,0,0,
UDUULL.
#reward=1.29192,1.29192,0,1.29192,1.29192,0,0,
.UD.RRR
#reward=4.63563,4.63563,0,4.63563,4.63563,0,0,
DLUDLLL
#reward=2.65276,2.65276,0,2.65276,2.65276,0,0,
u.D.R.R
#reward=2.19432,2.19432,0,2.19432,2.19432,0,0,
DDRUURL
#reward=3.57159,3.57159,0,3.57159,3.57159,0,0,
.LLLULR
#reward=4.32291,4.32291,0,4.32291,4.32291,0,0,
DRDLDRL
#reward=0.0745987,0.0745987,0,0.0745987,0.0745987,0,0,
UD.RDLU
#reward=3.64699,3.64699,0,3.64699,3.64699,0,0,
...DRRD
#reward=1.73622,1.73622,0,1.73622,1.73622,0,0,
D.UL.LR
#reward=1.57604,1.57604,0,1.57604,1.57604,0,0,
U.RD.RL
#reward=1.66297,1.66297,0,1.66297,1.66297,0,0,
.U...LR
#reward=1.98282,1.98282,0,1.98282,1.98282,0,0,
DURR.R.
#reward=2.51345,2.51345,0,2.51345,2.51345,0,0,
lRLL..L
#reward=1.92012,1.92012,0,1.92012,1.92012,0,0,
DDLU.LU
#reward=1.4884,1.4884,0,1.4884,1.4884,0,0,
LURL..D
