#port=47014
#reward=8.15229,8.15229,8.15229,8.15229,8.15229,8.15229,8.15229,8.15229,8.15229,
#reward=2.23958,2.23958,2.23958,2.23958,2.23958,2.23958,2.23958,2.23958,2.23958,
l.rlDrlur
#reward=1.82113,1.82113,1.82113,1.82113,1.82113,1.82113,1.82113,1.82113,1.82113,
u.U.rUR.l
#reward=1.80713,1.80713,1.80713,1.80713,1.80713,1.80713,1.80713,1.80713,1.80713,
..rrUrrl.
#reward=2.27419,2.27419,2.27419,2.27419,2.27419,2.27419,2.27419,2.27419,2.27419,
rl.Uruu.D
#reward=2.28767,2.28767,2.28767,2.28767,2.28767,2.28767,2.28767,2.28767,2.28767,
.u.L..l.u
#reward=3.01538,3.01538,3.01538,3.01538,3.01538,3.01538,3.01538,3.01538,3.01538,
.rluU..Rr
#reward=3.14021,3.14021,3.14021,3.14021,3.14021,3.14021,3.14021,3.14021,3.14021,
..u.U....
#reward=3.16095,3.16095,3.16095,3.16095,3.16095,3.16095,3.16095,3.16095,3.16095,
....U....
#reward=1.38127,1.38127,1.38127,1.38127,1.38127,1.38127,1.38127,1.38127,1.38127,
...lD..r.
#reward=1.03566,1.03566,1.03566,1.03566,1.03566,1.03566,1.03566,1.03566,1.03566,
D...rD...
#reward=2.62789,2.62789,2.62789,2.62789,2.62789,2.62789,2.62789,2.62789,2.62789,
u....u.Ll
#reward=1.90597,1.90597,1.90597,1.90597,1.90597,1.90597,1.90597,1.90597,1.90597,
..DR.d.R.
#reward=1.91552,1.91552,1.91552,1.91552,1.91552,1.91552,1.91552,1.91552,1.91552,
.DUDl....
#reward=1.38584,1.38584,1.38584,1.38584,1.38584,1.38584,1.38584,1.38584,1.38584,
Ll.....l.
#reward=1.88572,1.88572,1.88572,1.88572,1.88572,1.88572,1.88572,1.88572,1.88572,
L.D.d....
#reward=0.691589,0.691589,0.691589,0.691589,0.691589,0.691589,0.691589,0.691589,0.691589,
lRuUUL...
#reward=2.06355,2.06355,2.06355,2.06355,2.06355,2.06355,2.06355,2.06355,2.06355,
rr.u.L...
#reward=1.96239,1.96239,1.96239,1.96239,1.96239,1.96239,1.96239,1.96239,1.96239,
DDLLLr...
#reward=1.91021,1.91021,1.91021,1.91021,1.91021,1.91021,1.91021,1.91021,1.91021,
UR..RL...
#reward=2.33428,2.33428,2.33428,2.33428,2.33428,2.33428,2.33428,2.33428,2.33428,
D.D.Rr.DD
#reward=1.69764,1.69764,1.69764,1.69764,1.69764,1.69764,1.69764,1.69764,1.69764,
RLD.UL.uU
#reward=3.20662,3.20662,3.20662,3.20662,3.20662,3.20662,3.20662,3.20662,3.20662,
DLr..U...
#reward=0.966433,0.966433,0.966433,0.966433,0.966433,0.966433,0.966433,0.966433,0.966433,
L.U.UU.l.
#reward=2.1973,2.1973,2.1973,2.1973,2.1973,2.1973,2.1973,2.1973,2.1973,
r.RR.U.R.
#reward=1.90891,1.90891,1.90891,1.90891,1.90891,1.90891,1.90891,1.90891,1.90891,
D.lR.R.L.
#reward=1.76786,1.76786,1.76786,1.76786,1.76786,1.76786,1.76786,1.76786,1.76786,
U.R....DD
#reward=0.459176,0.459176,0.459176,0.459176,0.459176,0.459176,0.459176,0.459176,0.459176,
DRr....rD
#reward=2.27294,2.27294,2.27294,2.27294,2.27294,2.27294,2.27294,2.27294,2.27294,
RUDL.RDUu
#reward=2.94398,2.94398,2.94398,2.94398,2.94398,2.94398,2.94398,2.94398,2.94398,
L.rR.LU.R
#reward=2.51308,2.51308,2.51308,2.51308,2.51308,2.51308,2.51308,2.51308,2.51308,
R..u.L..D
#reward=-0.377132,-0.377132,-0.377132,-0.377132,-0.377132,-0.377132,-0.377132,-0.377132,-0.377132,
...L.l.D.
#reward=3.50474,3.50474,3.50474,3.50474,3.50474,3.50474,3.50474,3.50474,3.50474,
..DRL..Dl
#reward=3.08866,3.08866,3.08866,3.08866,3.08866,3.08866,3.08866,3.08866,3.08866,
...LR..LR
#reward=2.49652,2.49652,2.49652,2.49652,2.49652,2.49652,2.49652,2.49652,2.49652,
..L..R.Uu
#reward=1.25316,1.25316,1.25316,1.25316,1.25316,1.25316,1.25316,1.25316,1.25316,
..LL.U.DL
#reward=3.13544,3.13544,3.13544,3.13544,3.13544,3.13544,3.13544,3.13544,3.13544,
..UR.D.UR
#reward=1.46588,1.46588,1.46588,1.46588,1.46588,1.46588,1.46588,1.46588,1.46588,
...R.U.RL
#reward=1.45469,1.45469,1.45469,1.45469,1.45469,1.45469,1.45469,1.45469,1.45469,
.....U..R
#reward=3.53285,3.53285,3.53285,3.53285,3.53285,3.53285,3.53285,3.53285,3.53285,
l.DL.r.Lr
#reward=0.880628,0.880628,0.880628,0.880628,0.880628,0.880628,0.880628,0.880628,0.880628,
...L.UD..
#reward=1.41108,1.41108,1.41108,1.41108,1.41108,1.41108,1.41108,1.41108,1.41108,
D.r..U.D.
#reward=3.13886,3.13886,3.13886,3.13886,3.13886,3.13886,3.13886,3.13886,3.13886,
U.UR.l.L.
#reward=3.03774,3.03774,3.03774,3.03774,3.03774,3.03774,3.03774,3.03774,3.03774,
.....U.ll
#reward=0.912406,0.912406,0.912406,0.912406,0.912406,0.912406,0.912406,0.912406,0.912406,
.....ULR.
#reward=3.68953,3.68953,3.68953,3.68953,3.68953,3.68953,3.68953,3.68953,3.68953,
R.D.L.r..
#reward=2.54987,2.54987,2.54987,2.54987,2.54987,2.54987,2.54987,2.54987,2.54987,
LdDDRLLR.
#reward=3.24788,3.24788,3.24788,3.24788,3.24788,3.24788,3.24788,3.24788,3.24788,
R.R..l.r.
#reward=1.47507,1.47507,1.47507,1.47507,1.47507,1.47507,1.47507,1.47507,1.47507,
U.DD...LD
#reward=1.12828,1.12828,1.12828,1.12828,1.12828,1.12828,1.12828,1.12828,1.12828,
r.uRLuDRL
#reward=4.51282,4.51282,4.51282,4.51282,4.51282,4.51282,4.51282,4.51282,4.51282,
U..R...LL
#reward=2.55186,2.55186,2.55186,2.55186,2.55186,2.55186,2.55186,2.55186,2.55186,
...DD...r
#reward=1.66907,1.66907,1.66907,1.66907,1.66907,1.66907,1.66907,1.66907,1.66907,
LLrRLrUL.
#reward=0.60187,0.60187,0.60187,0.60187,0.60187,0.60187,0.60187,0.60187,0.60187,
.UL.D.rR.
#reward=2.9786,2.9786,2.9786,2.9786,2.9786,2.9786,2.9786,2.9786,2.9786,
..U..D...
#reward=1.77493,1.77493,1.77493,1.77493,1.77493,1.77493,1.77493,1.77493,1.77493,
L.D.U.D..
#reward=3.4112,3.4112,3.4112,3.4112,3.4112,3.4112,3.4112,3.4112,3.4112,
UD.rLLR..
#reward=1.57882,1.57882,1.57882,1.57882,1.57882,1.57882,1.57882,1.57882,1.57882,
.RD.R.RL.
#reward=1.77835,1.77835,1.77835,1.77835,1.77835,1.77835,1.77835,1.77835,1.77835,
U.RUD....
#reward=3.1716,-42.0009,3.1716,3.1716,3.1716,3.1716,3.1716,3.1716,3.1716,
DlrRlD...
#reward=2.19905,0,2.19905,2.19905,2.19905,2.19905,2.19905,2.19905,2.19905,
U.....L..
#reward=-0.272728,0,-0.272728,-0.272728,-0.272728,-0.272728,-0.272728,-0.272728,-0.272728,
d.l.RlL.D
