#port=44107
#reward=7.27724,7.27724,7.27724,7.27724,7.27724,7.27724,7.27724,7.27724,7.27724,7.27724,
#reward=2.12966,2.12966,2.12966,2.12966,2.12966,2.12966,2.12966,2.12966,2.12966,2.12966,
DlUrrrL.D.
#reward=2.59603,2.59603,2.59603,2.59603,2.59603,2.59603,2.59603,2.59603,2.59603,2.59603,
DULudDluD.
#reward=1.45353,1.45353,1.45353,1.45353,1.45353,1.45353,1.45353,1.45353,1.45353,1.45353,
ruD.UUUDuD
#reward=2.60334,2.60334,2.60334,2.60334,2.60334,2.60334,2.60334,2.60334,2.60334,2.60334,
ULd.Ul.dLr
#reward=2.30042,2.30042,2.30042,2.30042,2.30042,2.30042,2.30042,2.30042,2.30042,2.30042,
D.L..D.RL.
#reward=2.09667,2.09667,2.09667,2.09667,2.09667,2.09667,2.09667,2.09667,2.09667,2.09667,
Urd.DRurRD
#reward=2.21704,2.21704,2.21704,2.21704,2.21704,2.21704,-44.8783,2.21704,2.21704,2.21704,
ULu.LDdUuR
#reward=3.16351,3.16351,3.16351,3.16351,3.16351,3.16351,0,3.16351,3.16351,3.16351,
dlL.LU.urR
#reward=2.07522,2.07522,2.07522,2.07522,2.07522,2.07522,0,2.07522,2.07522,2.07522,
LRU.Dd.lDd
#reward=2.12357,2.12357,2.12357,2.12357,2.12357,2.12357,0,2.12357,2.12357,2.12357,
uUl.UR.dUl
#reward=1.35503,1.35503,1.35503,1.35503,1.35503,1.35503,0,1.35503,1.35503,1.35503,
Dud.dr..dU
#reward=0.844146,0.844146,0.844146,0.844146,0.844146,0.844146,0,0.844146,-45.8126,0.844146,
Ud..Uu..lr
#reward=3.1084,3.1084,3.1084,3.1084,3.1084,3.1084,0,3.1084,0,3.1084,
dLU.dD...D
#reward=3.38822,3.38822,3.38822,3.38822,3.38822,-32.9077,0,-45.7652,0,3.38822,
R...lr.r..
#reward=1.28007,1.28007,1.28007,1.28007,1.28007,-12.8575,0,0,0,1.28007,
uDD..u...r
#reward=1.92199,1.92199,1.92199,1.92199,1.92199,0,0,0,0,1.92199,
R.........
#reward=2.89547,2.89547,-46.3555,2.89547,2.89547,0,0,0,0,-46.3555,
.Uu......u
#reward=1.24425,1.24425,0,1.24425,-47.2509,0,0,0,0,0,
Dl..r.....
#reward=1.74793,1.74793,0,1.74793,0,0,0,0,0,0,
RD........
#reward=4.2658,4.2658,0,4.2658,0,0,0,0,0,0,
DD........
#reward=2.60431,2.60431,0,2.60431,0,0,0,0,0,0,
..........
#reward=1.89607,1.89607,0,1.89607,0,0,0,0,0,0,
uu........
#reward=1.5307,1.5307,0,1.5307,0,0,0,0,0,0,
.L........
#reward=3.04287,3.04287,0,3.04287,0,0,0,0,0,0,
R.........
#reward=-0.219948,-0.219948,0,-0.219948,0,0,0,0,0,0,
LL........
#reward=3.96475,3.96475,0,3.96475,0,0,0,0,0,0,
dU........
#reward=2.18157,2.18157,0,2.18157,0,0,0,0,0,0,
RL........
#reward=1.42496,1.42496,0,1.42496,0,0,0,0,0,0,
rL........
#reward=1.83174,1.83174,0,1.83174,0,0,0,0,0,0,
ll........
#reward=2.91848,2.91848,0,2.91848,0,0,0,0,0,0,
uD........
#reward=2.07498,2.07498,0,2.07498,0,0,0,0,0,0,
DL........
#reward=1.56947,1.56947,0,1.56947,0,0,0,0,0,0,
rr........
#reward=-41.24,2.98976,0,2.98976,0,0,0,0,0,0,
d.........
#reward=0,2.24198,0,2.24198,0,0,0,0,0,0,
..........
#reward=0,2.26013,0,2.26013,0,0,0,0,0,0,
.l........
#reward=-8.08889,-50.8208,0,1.10519,0,0,0,0,0,0,
ud........
#reward=0,0,0,0.141338,0,0,0,0,0,0,
..........
#reward=0,0,0,2.04625,0,0,0,0,0,0,
..........
#reward=0,0,0,2.08499,0,0,0,0,0,0,
..........
#reward=0,0,0,2.12324,0,0,0,0,0,0,
..........
#reward=0,0,0,1.6623,0,0,0,0,0,0,
..........
#reward=0,0,0,2.03407,0,0,0,0,0,0,
..........
#reward=0,0,0,2.44752,0,0,0,0,0,0,
..........
#reward=0,0,0,2.3654,0,0,0,0,0,0,
..........
#reward=0,0,0,3.30876,0,0,0,0,0,0,
..........
#reward=0,0,0,2.62916,0,0,0,0,0,0,
..........
#reward=0,0,0,3.92803,0,0,0,0,0,0,
..........
#reward=0,0,0,1.71267,0,0,0,0,0,0,
..........
#reward=0,0,0,0.642056,0,0,0,0,0,0,
..........
#reward=0,0,0,2.55714,0,0,0,0,0,0,
..........
#reward=0,0,0,1.39279,0,0,0,0,0,0,
..........
#reward=0,0,0,3.05581,0,0,0,0,0,0,
..........
#reward=0,0,0,0.449111,0,0,0,0,0,0,
..........
#reward=0,0,0,2.34113,0,0,0,0,0,0,
..........
#reward=0,0,0,1.39788,0,0,0,0,0,0,
..........
#reward=0,0,0,1.81972,0,0,0,0,0,0,
..........
#reward=0,0,0,2.30629,0,0,0,0,0,0,
..........
#reward=0,0,0,2.03887,0,0,0,0,0,0,
..........
#reward=0,0,0,1.49604,0,0,0,0,0,0,
..........
#reward=0,0,0,3.25648,0,0,0,0,0,0,
..........
#reward=0,0,0,1.23753,0,0,0,0,0,0,
..........
#reward=0,0,0,2.13678,0,0,0,0,0,0,
..........
#reward=0,0,0,2.1566,0,0,0,0,0,0,
..........
#reward=0,0,0,5.30308,0,0,0,0,0,0,
..........
#reward=0,0,0,0.96163,0,0,0,0,0,0,
..........
#reward=0,0,0,3.65026,0,0,0,0,0,0,
..........
#reward=0,0,0,2.08534,0,0,0,0,0,0,
..........
#reward=0,0,0,1.45921,0,0,0,0,0,0,
..........
#reward=0,0,0,3.32695,0,0,0,0,0,0,
..........
#reward=0,0,0,2.382,0,0,0,0,0,0,
..........
#reward=0,0,0,1.51976,0,0,0,0,0,0,
..........
#reward=0,0,0,1.55461,0,0,0,0,0,0,
..........
#reward=0,0,0,1.64931,0,0,0,0,0,0,
..........
#reward=0,0,0,2.0653,0,0,0,0,0,0,
..........
#reward=0,0,0,2.63859,0,0,0,0,0,0,
..........
#reward=0,0,0,1.95846,0,0,0,0,0,0,
..........
#reward=0,0,0,1.9531,0,0,0,0,0,0,
..........
#reward=0,0,0,1.10482,0,0,0,0,0,0,
..........
#reward=0,0,0,0.737577,0,0,0,0,0,0,
..........
#reward=0,0,0,2.35614,0,0,0,0,0,0,
..........
#reward=0,0,0,2.63846,0,0,0,0,0,0,
..........
#reward=0,0,0,2.16841,0,0,0,0,0,0,
..........
#reward=0,0,0,0.599983,0,0,0,0,0,0,
..........
#reward=0,0,0,1.50015,0,0,0,0,0,0,
..........
#reward=0,0,0,1.24982,0,0,0,0,0,0,
..........
#reward=0,0,0,1.3376,0,0,0,0,0,0,
..........
#reward=0,0,0,2.03596,0,0,0,0,0,0,
..........
#reward=0,0,0,2.6405,0,0,0,0,0,0,
..........
#reward=0,0,0,2.50607,0,0,0,0,0,0,
..........
#reward=0,0,0,0.862866,0,0,0,0,0,0,
..........
#reward=0,0,0,1.39536,0,0,0,0,0,0,
..........
#reward=0,0,0,1.56697,0,0,0,0,0,0,
..........
#reward=0,0,0,2.38716,0,0,0,0,0,0,
..........
#reward=0,0,0,1.29441,0,0,0,0,0,0,
..........
#reward=0,0,0,1.00226,0,0,0,0,0,0,
..........
#reward=0,0,0,0.631727,0,0,0,0,0,0,
..........
#reward=0,0,0,2.50187,0,0,0,0,0,0,
..........
#reward=0,0,0,0.708319,0,0,0,0,0,0,
..........
#reward=0,0,0,1.50171,0,0,0,0,0,0,
..........
#reward=0,0,0,1.65647,0,0,0,0,0,0,
..........
#reward=0,0,0,3.0747,0,0,0,0,0,0,
..........
#reward=0,0,0,3.93181,0,0,0,0,0,0,
..........
#reward=0,0,0,1.99758,0,0,0,0,0,0,
..........
#reward=0,0,0,2.144,0,0,0,0,0,0,
..........
#reward=0,0,0,0.112268,0,0,0,0,0,0,
..........
#reward=0,0,0,2.81613,0,0,0,0,0,0,
..........
#reward=0,0,0,2.27356,0,0,0,0,0,0,
..........
#reward=0,0,0,2.00613,0,0,0,0,0,0,
..........
#reward=0,0,0,2.45566,0,0,0,0,0,0,
..........
#reward=0,0,0,1.60944,0,0,0,0,0,0,
..........
#reward=0,0,0,2.20643,0,0,0,0,0,0,
..........
#reward=0,0,0,1.79895,0,0,0,0,0,0,
..........
#reward=0,0,0,1.41594,0,0,0,0,0,0,
..........
#reward=0,0,0,0.8592,0,0,0,0,0,0,
..........
#reward=0,0,0,3.04031,0,0,0,0,0,0,
..........
#reward=0,0,0,3.64115,0,0,0,0,0,0,
..........
#reward=0,0,0,3.9145,0,0,0,0,0,0,
..........
#reward=0,0,0,0.386454,0,0,0,0,0,0,
..........
#reward=0,0,0,3.29708,0,0,0,0,0,0,
..........
#reward=0,0,0,1.36487,0,0,0,0,0,0,
..........
#reward=0,0,0,2.2602,0,0,0,0,0,0,
..........
#reward=0,0,0,1.98369,0,0,0,0,0,0,
..........
#reward=0,0,0,3.10377,0,0,0,0,0,0,
..........
#reward=0,0,0,1.01977,0,0,0,0,0,0,
..........
#reward=0,0,0,2.58848,0,0,0,0,0,0,
..........
#reward=0,0,0,1.60329,0,0,0,0,0,0,
..........
#reward=0,0,0,0.626557,0,0,0,0,0,0,
..........
#reward=0,0,0,1.40114,0,0,0,0,0,0,
..........
#reward=0,0,0,2.06573,0,0,0,0,0,0,
..........
#reward=0,0,0,2.00972,0,0,0,0,0,0,
..........
#reward=0,0,0,2.27869,0,0,0,0,0,0,
..........
#reward=0,0,0,2.29339,0,0,0,0,0,0,
..........
#reward=0,0,0,1.34598,0,0,0,0,0,0,
..........
#reward=0,0,0,1.1214,0,0,0,0,0,0,
..........
#reward=0,0,0,2.70856,0,0,0,0,0,0,
..........
#reward=0,0,0,1.53739,0,0,0,0,0,0,
..........
#reward=0,0,0,1.41671,0,0,0,0,0,0,
..........
#reward=0,0,0,1.65097,0,0,0,0,0,0,
..........
#reward=0,0,0,2.82878,0,0,0,0,0,0,
..........
#reward=0,0,0,1.96117,0,0,0,0,0,0,
..........
#reward=0,0,0,1.68701,0,0,0,0,0,0,
..........
#reward=0,0,0,2.07184,0,0,0,0,0,0,
..........
#reward=0,0,0,2.1249,0,0,0,0,0,0,
..........
#reward=0,0,0,1.55398,0,0,0,0,0,0,
..........
#reward=0,0,0,0.779285,0,0,0,0,0,0,
..........
#reward=0,0,0,2.61964,0,0,0,0,0,0,
..........
#reward=0,0,0,1.87662,0,0,0,0,0,0,
..........
#reward=0,0,0,2.58941,0,0,0,0,0,0,
..........
#reward=0,0,0,1.41689,0,0,0,0,0,0,
..........
#reward=0,0,0,2.32057,0,0,0,0,0,0,
..........
#reward=0,0,0,3.15771,0,0,0,0,0,0,
..........
#reward=0,0,0,2.46953,0,0,0,0,0,0,
..........
#reward=0,0,0,1.28002,0,0,0,0,0,0,
..........
#reward=0,0,0,1.93051,0,0,0,0,0,0,
..........
#reward=0,0,0,2.76739,0,0,0,0,0,0,
..........
#reward=0,0,0,1.87137,0,0,0,0,0,0,
..........
#reward=0,0,0,2.21697,0,0,0,0,0,0,
..........
#reward=0,0,0,0.608356,0,0,0,0,0,0,
..........
#reward=0,0,0,3.12738,0,0,0,0,0,0,
..........
#reward=0,0,0,0.994176,0,0,0,0,0,0,
..........
#reward=0,0,0,2.42908,0,0,0,0,0,0,
..........
#reward=0,0,0,3.21065,0,0,0,0,0,0,
..........
#reward=0,0,0,2.60804,0,0,0,0,0,0,
..........
#reward=0,0,0,1.93487,0,0,0,0,0,0,
..........
#reward=0,0,0,0.848854,0,0,0,0,0,0,
..........
#reward=0,0,0,2.20922,0,0,0,0,0,0,
..........
#reward=0,0,0,1.63592,0,0,0,0,0,0,
..........
#reward=0,0,0,1.04036,0,0,0,0,0,0,
..........
#reward=0,0,0,2.29748,0,0,0,0,0,0,
..........
#reward=0,0,0,3.96698,0,0,0,0,0,0,
..........
#reward=0,0,0,1.11902,0,0,0,0,0,0,
..........
#reward=0,0,0,2.32691,0,0,0,0,0,0,
..........
#reward=0,0,0,1.79286,0,0,0,0,0,0,
..........
#reward=0,0,0,1.7632,0,0,0,0,0,0,
..........
#reward=0,0,0,0.743637,0,0,0,0,0,0,
..........
#reward=0,0,0,1.56944,0,0,0,0,0,0,
..........
#reward=0,0,0,0.76082,0,0,0,0,0,0,
..........
#reward=0,0,0,2.31294,0,0,0,0,0,0,
..........
#reward=0,0,0,1.70149,0,0,0,0,0,0,
..........
#reward=0,0,0,2.3776,0,0,0,0,0,0,
..........
#reward=0,0,0,2.76878,0,0,0,0,0,0,
..........
#reward=0,0,0,3.1963,0,0,0,0,0,0,
..........
#reward=0,0,0,2.23397,0,0,0,0,0,0,
..........
#reward=0,0,0,1.65844,0,0,0,0,0,0,
..........
#reward=0,0,0,2.29094,0,0,0,0,0,0,
..........
#reward=0,0,0,2.15801,0,0,0,0,0,0,
..........
#reward=0,0,0,1.57335,0,0,0,0,0,0,
..........
#reward=0,0,0,2.05836,0,0,0,0,0,0,
..........
#reward=0,0,0,1.31866,0,0,0,0,0,0,
..........
#reward=0,0,0,3.47652,0,0,0,0,0,0,
..........
#reward=0,0,0,2.30235,0,0,0,0,0,0,
..........
#reward=0,0,0,1.86557,0,0,0,0,0,0,
..........
#reward=0,0,0,2.23246,0,0,0,0,0,0,
..........
#reward=0,0,0,2.90309,0,0,0,0,0,0,
..........
#reward=0,0,0,2.10618,0,0,0,0,0,0,
..........
#reward=0,0,0,2.14251,0,0,0,0,0,0,
..........
#reward=0,0,0,1.37868,0,0,0,0,0,0,
..........
#reward=0,0,0,2.40464,0,0,0,0,0,0,
..........
#reward=0,0,0,1.78933,0,0,0,0,0,0,
..........
#reward=0,0,0,1.11367,0,0,0,0,0,0,
..........
#reward=0,0,0,0.309008,0,0,0,0,0,0,
..........
#reward=0,0,0,2.59005,0,0,0,0,0,0,
..........
#reward=0,0,0,2.71088,0,0,0,0,0,0,
..........
#reward=0,0,0,2.50092,0,0,0,0,0,0,
..........
#reward=0,0,0,2.78322,0,0,0,0,0,0,
..........
#reward=0,0,0,0.765514,0,0,0,0,0,0,
..........
#reward=0,0,0,1.10077,0,0,0,0,0,0,
..........
#reward=0,0,0,2.52888,0,0,0,0,0,0,
..........
#reward=0,0,0,3.5864,0,0,0,0,0,0,
..........
#reward=0,0,0,1.26794,0,0,0,0,0,0,
..........
#reward=0,0,0,2.33367,0,0,0,0,0,0,
..........
#reward=0,0,0,1.87675,0,0,0,0,0,0,
..........
#reward=0,0,0,1.78484,0,0,0,0,0,0,
..........
#reward=0,0,0,2.06628,0,0,0,0,0,0,
..........
#reward=0,0,0,2.54474,0,0,0,0,0,0,
..........
#reward=0,0,0,1.10467,0,0,0,0,0,0,
..........
#reward=0,0,0,2.34519,0,0,0,0,0,0,
..........
#reward=0,0,0,4.06555,0,0,0,0,0,0,
..........
#reward=0,0,0,2.71037,0,0,0,0,0,0,
..........
#reward=0,0,0,0.699271,0,0,0,0,0,0,
..........
#reward=0,0,0,0.761523,0,0,0,0,0,0,
..........
#reward=0,0,0,-0.0580514,0,0,0,0,0,0,
..........
#reward=0,0,0,3.45836,0,0,0,0,0,0,
..........
#reward=0,0,0,3.34452,0,0,0,0,0,0,
..........
#reward=0,0,0,2.18949,0,0,0,0,0,0,
..........
#reward=0,0,0,-0.784985,0,0,0,0,0,0,
..........
#reward=0,0,0,2.67658,0,0,0,0,0,0,
..........
#reward=0,0,0,2.11329,0,0,0,0,0,0,
..........
#reward=0,0,0,2.92374,0,0,0,0,0,0,
..........
#reward=0,0,0,0.913506,0,0,0,0,0,0,
..........
#reward=0,0,0,1.84149,0,0,0,0,0,0,
..........
#reward=0,0,0,2.0482,0,0,0,0,0,0,
..........
#reward=0,0,0,2.09958,0,0,0,0,0,0,
..........
#reward=0,0,0,2.20536,0,0,0,0,0,0,
..........
#reward=0,0,0,3.12606,0,0,0,0,0,0,
..........
#reward=0,0,0,3.16269,0,0,0,0,0,0,
..........
#reward=0,0,0,0.52851,0,0,0,0,0,0,
..........
#reward=0,0,0,0.913551,0,0,0,0,0,0,
..........
#reward=0,0,0,2.82939,0,0,0,0,0,0,
..........
#reward=0,0,0,2.035,0,0,0,0,0,0,
..........
#reward=0,0,0,2.49039,0,0,0,0,0,0,
..........
#reward=0,0,0,1.54009,0,0,0,0,0,0,
..........
#reward=0,0,0,2.44581,0,0,0,0,0,0,
..........
#reward=0,0,0,2.2148,0,0,0,0,0,0,
..........
#reward=0,0,0,1.63773,0,0,0,0,0,0,
..........
#reward=0,0,0,1.86555,0,0,0,0,0,0,
..........
#reward=0,0,0,1.84634,0,0,0,0,0,0,
..........
#reward=0,0,0,1.04841,0,0,0,0,0,0,
..........
#reward=0,0,0,2.33971,0,0,0,0,0,0,
..........
#reward=0,0,0,2.1605,0,0,0,0,0,0,
..........
#reward=0,0,0,1.83364,0,0,0,0,0,0,
..........
#reward=0,0,0,2.6414,0,0,0,0,0,0,
..........
#reward=0,0,0,2.65532,0,0,0,0,0,0,
..........
#reward=0,0,0,2.02206,0,0,0,0,0,0,
..........
#reward=0,0,0,1.40591,0,0,0,0,0,0,
..........
#reward=0,0,0,2.39815,0,0,0,0,0,0,
..........
#reward=0,0,0,2.91928,0,0,0,0,0,0,
..........
#reward=0,0,0,1.73145,0,0,0,0,0,0,
..........
#reward=0,0,0,0.503841,0,0,0,0,0,0,
..........
#reward=0,0,0,2.23772,0,0,0,0,0,0,
..........
#reward=0,0,0,2.61893,0,0,0,0,0,0,
..........
#reward=0,0,0,2.76465,0,0,0,0,0,0,
..........
#reward=0,0,0,-0.225129,0,0,0,0,0,0,
..........
#reward=0,0,0,0.324586,0,0,0,0,0,0,
..........
#reward=0,0,0,2.65832,0,0,0,0,0,0,
..........
#reward=0,0,0,2.53433,0,0,0,0,0,0,
..........
#reward=0,0,0,1.83836,0,0,0,0,0,0,
..........
#reward=0,0,0,2.1947,0,0,0,0,0,0,
..........
#reward=0,0,0,1.62235,0,0,0,0,0,0,
..........
#reward=0,0,0,1.85296,0,0,0,0,0,0,
..........
#reward=0,0,0,2.828,0,0,0,0,0,0,
..........
#reward=0,0,0,1.30702,0,0,0,0,0,0,
..........
#reward=0,0,0,2.53917,0,0,0,0,0,0,
..........
#reward=0,0,0,2.038,0,0,0,0,0,0,
..........
#reward=0,0,0,2.20438,0,0,0,0,0,0,
..........
#reward=0,0,0,1.38088,0,0,0,0,0,0,
..........
#reward=0,0,0,1.40503,0,0,0,0,0,0,
..........
#reward=0,0,0,1.78429,0,0,0,0,0,0,
..........
#reward=0,0,0,1.77307,0,0,0,0,0,0,
..........
#reward=0,0,0,2.80389,0,0,0,0,0,0,
..........
#reward=0,0,0,2.69353,0,0,0,0,0,0,
..........
#reward=0,0,0,1.11235,0,0,0,0,0,0,
..........
#reward=0,0,0,2.00037,0,0,0,0,0,0,
..........
#reward=0,0,0,3.21471,0,0,0,0,0,0,
..........
#reward=0,0,0,2.45656,0,0,0,0,0,0,
..........
#reward=0,0,0,2.21746,0,0,0,0,0,0,
..........
#reward=0,0,0,3.36158,0,0,0,0,0,0,
..........
#reward=0,0,0,2.14097,0,0,0,0,0,0,
..........
#reward=0,0,0,2.74999,0,0,0,0,0,0,
..........
#reward=0,0,0,2.9875,0,0,0,0,0,0,
..........
#reward=0,0,0,1.71544,0,0,0,0,0,0,
..........
#reward=0,0,0,2.46145,0,0,0,0,0,0,
..........
#reward=0,0,0,1.0417,0,0,0,0,0,0,
..........
#reward=0,0,0,1.47118,0,0,0,0,0,0,
..........
#reward=0,0,0,2.21773,0,0,0,0,0,0,
..........
#reward=0,0,0,3.33969,0,0,0,0,0,0,
..........
#reward=0,0,0,1.59575,0,0,0,0,0,0,
..........
#reward=0,0,0,1.62945,0,0,0,0,0,0,
..........
#reward=0,0,0,1.1073,0,0,0,0,0,0,
..........
#reward=0,0,0,3.14135,0,0,0,0,0,0,
..........
