#port=30759
#reward=5.85234,5.85234,5.85234,5.85234,5.85234,5.85234,5.85234,
#reward=1.8662,1.8662,1.8662,1.8662,1.8662,1.8662,1.8662,
RUDrLl.
#reward=3.78873,3.78873,3.78873,3.78873,3.78873,3.78873,3.78873,
rDRLRU.
#reward=1.77705,1.77705,1.77705,1.77705,1.77705,1.77705,1.77705,
lrrLrlL
#reward=2.73895,2.73895,2.73895,2.73895,2.73895,2.73895,2.73895,
Dl.l...
#reward=1.74507,1.74507,1.74507,1.74507,1.74507,1.74507,1.74507,
lDL.LUr
#reward=2.75177,2.75177,2.75177,2.75177,2.75177,2.75177,2.75177,
DU.rLr.
#reward=2.92751,2.92751,2.92751,2.92751,2.92751,2.92751,2.92751,
r.r.DlL
#reward=2.19289,2.19289,2.19289,2.19289,2.19289,2.19289,2.19289,
UDDDrDU
#reward=3.37848,3.37848,3.37848,3.37848,3.37848,3.37848,3.37848,
URLDlU.
#reward=1.56406,1.56406,1.56406,1.56406,1.56406,1.56406,1.56406,
URUr.UD
#reward=2.36592,2.36592,2.36592,2.36592,2.36592,2.36592,2.36592,
u.R.Drr
#reward=2.35541,2.35541,2.35541,2.35541,2.35541,2.35541,2.35541,
.R.Ul.L
#reward=2.02552,2.02552,2.02552,2.02552,2.02552,2.02552,2.02552,
r.D.DUL
#reward=2.56671,2.56671,2.56671,2.56671,2.56671,2.56671,2.56671,
DLllrll
#reward=3.80354,3.80354,3.80354,3.80354,3.80354,3.80354,3.80354,
.l...uR
#reward=0.630444,0.630444,0.630444,0.630444,0.630444,0.630444,0.630444,
..DD..D
#reward=2.39605,2.39605,2.39605,2.39605,2.39605,2.39605,2.39605,
...uU.l
#reward=2.21472,2.21472,2.21472,2.21472,2.21472,2.21472,2.21472,
U.UDD..
#reward=1.83344,1.83344,1.83344,1.83344,1.83344,1.83344,1.83344,
DRUULD.
#reward=2.68433,2.68433,2.68433,2.68433,2.68433,2.68433,2.68433,
.uLLDUr
#reward=2.39929,2.39929,2.39929,2.39929,2.39929,2.39929,2.39929,
D.RLL.u
#reward=0.597678,0.597678,0.597678,0.597678,0.597678,0.597678,0.597678,
..UU.R.
#reward=1.48228,1.48228,1.48228,1.48228,1.48228,1.48228,1.48228,
R.R.UL.
#reward=3.40197,3.40197,3.40197,3.40197,3.40197,3.40197,3.40197,
L.LUUR.
#reward=3.41839,3.41839,3.41839,3.41839,3.41839,3.41839,3.41839,
Ur..U.D
#reward=-0.380544,-0.380544,-0.380544,-0.380544,-0.380544,-0.380544,-0.380544,
..LLDlr
#reward=2.88942,2.88942,2.88942,2.88942,2.88942,2.88942,2.88942,
D..DDUU
#reward=1.58993,1.58993,1.58993,1.58993,1.58993,1.58993,1.58993,
.L..rR.
#reward=0.325213,0.325213,0.325213,0.325213,0.325213,0.325213,0.325213,
D.Lu.R.
#reward=2.513,2.513,2.513,2.513,2.513,2.513,2.513,
U.lRUr.
#reward=2.60215,2.60215,2.60215,2.60215,2.60215,2.60215,2.60215,
...LUD.
#reward=3.35182,3.35182,3.35182,3.35182,3.35182,3.35182,3.35182,
R..rU..
#reward=0.147647,0.147647,0.147647,0.147647,0.147647,0.147647,0.147647,
.RRL.L.
#reward=3.60019,3.60019,3.60019,3.60019,3.60019,3.60019,3.60019,
RL.r...
#reward=0.149337,0.149337,0.149337,0.149337,0.149337,0.149337,0.149337,
rRD.r.D
#reward=3.46937,3.46937,3.46937,3.46937,3.46937,3.46937,3.46937,
DLLD.rL
#reward=2.63457,2.63457,2.63457,2.63457,2.63457,2.63457,2.63457,
..LL..R
#reward=1.72789,1.72789,1.72789,1.72789,1.72789,1.72789,1.72789,
URlrlUU
#reward=0.241277,0.241277,0.241277,0.241277,0.241277,0.241277,0.241277,
LLrD.RD
#reward=2.23124,2.23124,2.23124,2.23124,2.23124,2.23124,2.23124,
lRDL.UD
#reward=2.19663,2.19663,2.19663,2.19663,2.19663,2.19663,2.19663,
R.lD.UR
#reward=4.03131,4.03131,4.03131,4.03131,4.03131,4.03131,4.03131,
Ul.UDUR
