#port=10402
#reward=13.9244,13.9244,13.9244,13.9244,13.9244,13.9244,13.9244,13.9244,13.9244,13.9244,
#reward=2.32225,2.32225,2.32225,2.32225,2.32225,2.32225,2.32225,2.32225,2.32225,2.32225,
rrDRR.Ulru
#reward=1.46024,1.46024,1.46024,1.46024,1.46024,1.46024,1.46024,1.46024,1.46024,1.46024,
Uuul.rRDll
#reward=2.52949,2.52949,2.52949,2.52949,2.52949,2.52949,2.52949,2.52949,2.52949,2.52949,
rD..DurlDD
#reward=2.31211,2.31211,2.31211,2.31211,2.31211,2.31211,2.31211,2.31211,2.31211,2.31211,
.rr....ULD
#reward=1.66734,1.66734,1.66734,1.66734,1.66734,1.66734,1.66734,1.66734,1.66734,1.66734,
l.L.u..UDr
#reward=1.15214,1.15214,1.15214,1.15214,1.15214,1.15214,1.15214,1.15214,1.15214,1.15214,
.uL..DDUlL
#reward=2.33619,2.33619,2.33619,2.33619,2.33619,2.33619,2.33619,2.33619,2.33619,2.33619,
UL..RrRlr.
#reward=1.59706,1.59706,1.59706,1.59706,1.59706,1.59706,1.59706,1.59706,1.59706,1.59706,
urlDULR.Dr
#reward=1.70535,1.70535,1.70535,1.70535,1.70535,1.70535,1.70535,1.70535,1.70535,1.70535,
DlRDruDuu.
#reward=5.49794,5.49794,5.49794,5.49794,5.49794,5.49794,5.49794,5.49794,5.49794,5.49794,
.Ulu..uRlL
#reward=0.906346,0.906346,0.906346,0.906346,0.906346,0.906346,0.906346,0.906346,0.906346,0.906346,
UDrLD...DL
#reward=1.13941,1.13941,1.13941,1.13941,1.13941,1.13941,1.13941,1.13941,1.13941,1.13941,
...lrLRlUL
#reward=3.42329,3.42329,3.42329,3.42329,3.42329,3.42329,3.42329,3.42329,3.42329,3.42329,
DD...U.DrL
#reward=-0.343782,-0.343782,-0.343782,-0.343782,-0.343782,-0.343782,-0.343782,-0.343782,-0.343782,-0.343782,
.....Lr..L
#reward=5.26527,5.26527,5.26527,5.26527,5.26527,5.26527,5.26527,5.26527,5.26527,5.26527,
UlUU.lllDr
#reward=2.62065,2.62065,2.62065,2.62065,2.62065,2.62065,2.62065,2.62065,2.62065,2.62065,
.u.LurU.DD
#reward=3.72454,3.72454,3.72454,3.72454,3.72454,3.72454,3.72454,3.72454,3.72454,3.72454,
..U.D.r.rr
#reward=1.89869,1.89869,1.89869,1.89869,1.89869,1.89869,1.89869,1.89869,1.89869,1.89869,
D.lUDDD.LL
#reward=2.61754,2.61754,2.61754,2.61754,2.61754,2.61754,2.61754,2.61754,2.61754,2.61754,
.R.Dr.U.ll
#reward=4.4696,4.4696,4.4696,4.4696,4.4696,4.4696,4.4696,4.4696,4.4696,4.4696,
UDR..R..r.
#reward=3.30252,3.30252,3.30252,3.30252,3.30252,3.30252,3.30252,3.30252,3.30252,3.30252,
DDRlur..DD
#reward=-1.48291,-1.48291,-1.48291,-1.48291,-1.48291,-1.48291,-1.48291,-1.48291,-1.48291,-1.48291,
.r....u.LL
#reward=-0.593528,-0.593528,-0.593528,-0.593528,-0.593528,-0.593528,-0.593528,-0.593528,-0.593528,-0.593528,
UU...l.Drl
#reward=1.16531,1.16531,1.16531,1.16531,1.16531,1.16531,1.16531,1.16531,1.16531,1.16531,
.ULU...rD.
#reward=4.72362,4.72362,4.72362,4.72362,4.72362,4.72362,4.72362,4.72362,4.72362,4.72362,
.L....D.L.
#reward=0.631296,0.631296,0.631296,0.631296,0.631296,0.631296,0.631296,0.631296,0.631296,0.631296,
.D.U..u.u.
#reward=0.654859,0.654859,0.654859,0.654859,0.654859,0.654859,0.654859,0.654859,0.654859,0.654859,
.LR....LL.
#reward=1.88899,1.88899,1.88899,1.88899,1.88899,1.88899,1.88899,1.88899,1.88899,1.88899,
Dr.r.D..uR
#reward=3.17447,3.17447,3.17447,3.17447,3.17447,3.17447,3.17447,3.17447,3.17447,3.17447,
D..ul.D.DR
#reward=0.502182,0.502182,0.502182,0.502182,0.502182,0.502182,0.502182,0.502182,0.502182,0.502182,
uL...R.DuL
#reward=2.48865,2.48865,2.48865,2.48865,2.48865,2.48865,2.48865,2.48865,2.48865,2.48865,
LL...LD...
#reward=1.764,1.764,1.764,1.764,1.764,1.764,1.764,1.764,1.764,1.764,
.RL..D.rr.
#reward=2.92483,2.92483,2.92483,2.92483,2.92483,2.92483,2.92483,2.92483,2.92483,2.92483,
rl...rLU.u
#reward=5.89942,5.89942,5.89942,5.89942,5.89942,5.89942,5.89942,5.89942,5.89942,5.89942,
Lr...U..LD
#reward=5.61157,5.61157,5.61157,5.61157,5.61157,5.61157,5.61157,5.61157,5.61157,5.61157,
u.....r.D.
#reward=-0.471871,-0.471871,-0.471871,-0.471871,-0.471871,-0.471871,-0.471871,-0.471871,-0.471871,-0.471871,
Ru......Ur
#reward=2.13326,2.13326,2.13326,2.13326,2.13326,2.13326,2.13326,2.13326,2.13326,2.13326,
.D.L.U....
#reward=1.30266,1.30266,1.30266,1.30266,1.30266,1.30266,1.30266,1.30266,1.30266,1.30266,
.L....LDUD
#reward=4.38919,4.38919,4.38919,4.38919,4.38919,4.38919,4.38919,4.38919,4.38919,4.38919,
.r.r..RD.L
#reward=1.62756,1.62756,1.62756,1.62756,1.62756,1.62756,1.62756,1.62756,1.62756,1.62756,
D..L.D.R.r
#reward=2.60911,2.60911,2.60911,2.60911,2.60911,2.60911,2.60911,2.60911,2.60911,2.60911,
...D.RLr.l
#reward=-2.46825,-2.46825,-2.46825,-2.46825,-2.46825,-2.46825,-2.46825,-2.46825,-2.46825,-2.46825,
...L.R.LD.
#reward=3.17652,3.17652,3.17652,3.17652,3.17652,3.17652,3.17652,3.17652,3.17652,3.17652,
LL.U.URDr.
#reward=-0.60435,-0.60435,-0.60435,-0.60435,-0.60435,-0.60435,-0.60435,-0.60435,-0.60435,-0.60435,
.L.r....U.
#reward=4.24412,4.24412,4.24412,4.24412,4.24412,4.24412,4.24412,4.24412,4.24412,4.24412,
uL.l.D...u
#reward=1.96762,1.96762,1.96762,1.96762,1.96762,1.96762,1.96762,1.96762,1.96762,1.96762,
....DD.lLD
#reward=3.11383,3.11383,3.11383,3.11383,3.11383,3.11383,3.11383,3.11383,3.11383,3.11383,
DDR.ur..Ll
#reward=1.17554,1.17554,1.17554,1.17554,1.17554,1.17554,1.17554,1.17554,1.17554,1.17554,
..L.D.L.DU
#reward=3.07983,3.07983,3.07983,3.07983,3.07983,3.07983,3.07983,3.07983,3.07983,3.07983,
UULUUDUDr.
#reward=2.96787,2.96787,2.96787,2.96787,2.96787,2.96787,2.96787,2.96787,2.96787,2.96787,
RrDRDrRr.D
#reward=-0.425112,-0.425112,-0.425112,-0.425112,-0.425112,-0.425112,-0.425112,-0.425112,-0.425112,-0.425112,
LD..uU..LU
#reward=1.66939,1.66939,1.66939,1.66939,1.66939,1.66939,1.66939,1.66939,1.66939,1.66939,
DrL..DLU..
#reward=1.44206,1.44206,1.44206,1.44206,1.44206,1.44206,1.44206,1.44206,1.44206,1.44206,
U.L.DU.r..
#reward=3.03808,3.03808,3.03808,3.03808,3.03808,3.03808,3.03808,3.03808,3.03808,3.03808,
D.RLruR.RD
#reward=-1.47078,-1.47078,-1.47078,-1.47078,-1.47078,-1.47078,-1.47078,-1.47078,-1.47078,-1.47078,
D.l..DD.U.
#reward=-0.900278,-0.900278,-0.900278,-0.900278,-0.900278,-0.900278,-0.900278,-0.900278,-0.900278,-0.900278,
DD.LUULDr.
#reward=3.84373,3.84373,3.84373,3.84373,3.84373,3.84373,3.84373,3.84373,3.84373,3.84373,
DD.r...U.U
#reward=2.06189,2.06189,2.06189,2.06189,2.06189,2.06189,2.06189,2.06189,2.06189,2.06189,
DD..RD.Du.
#reward=2.37081,2.37081,2.37081,2.37081,2.37081,2.37081,2.37081,2.37081,2.37081,2.37081,
R....UrUD.
#reward=2.89882,2.89882,2.89882,2.89882,2.89882,2.89882,2.89882,2.89882,2.89882,2.89882,
..R.L..U.D
#reward=-0.0944926,-0.0944926,-0.0944926,-0.0944926,-0.0944926,-0.0944926,-0.0944926,-0.0944926,-0.0944926,-0.0944926,
DUD.LDLR..
#reward=2.27951,2.27951,2.27951,2.27951,2.27951,2.27951,2.27951,2.27951,2.27951,2.27951,
r...UDD.UR
#reward=3.21405,3.21405,3.21405,3.21405,3.21405,3.21405,3.21405,3.21405,3.21405,3.21405,
.R.LDDUL.r
#reward=1.91938,1.91938,1.91938,1.91938,1.91938,1.91938,1.91938,1.91938,1.91938,1.91938,
Dl.LDL.L.D
#reward=4.71705,4.71705,4.71705,4.71705,4.71705,4.71705,4.71705,4.71705,4.71705,4.71705,
Uu..L....r
#reward=2.20257,2.20257,2.20257,2.20257,2.20257,2.20257,2.20257,2.20257,2.20257,2.20257,
D.URrRL..L
#reward=1.20088,1.20088,1.20088,1.20088,1.20088,1.20088,1.20088,1.20088,1.20088,1.20088,
.D.uDr..LL
#reward=2.78402,2.78402,2.78402,2.78402,2.78402,2.78402,2.78402,2.78402,2.78402,2.78402,
...LrlDRLr
#reward=3.22716,3.22716,3.22716,3.22716,3.22716,3.22716,3.22716,3.22716,3.22716,3.22716,
.uLU.Dl.L.
#reward=1.12814,1.12814,1.12814,1.12814,1.12814,1.12814,1.12814,1.12814,1.12814,1.12814,
LDRLLlURRl
#reward=0.659016,0.659016,0.659016,0.659016,0.659016,0.659016,0.659016,0.659016,0.659016,0.659016,
RLU..R..rD
#reward=3.31551,3.31551,3.31551,3.31551,3.31551,3.31551,3.31551,3.31551,3.31551,3.31551,
...rr.l.Ur
#reward=2.57157,2.57157,2.57157,2.57157,2.57157,2.57157,2.57157,2.57157,2.57157,2.57157,
R..U.D...U
#reward=3.06085,3.06085,3.06085,3.06085,3.06085,3.06085,3.06085,3.06085,3.06085,3.06085,
Du..L.RLr.
#reward=3.29312,3.29312,3.29312,3.29312,3.29312,3.29312,3.29312,3.29312,3.29312,3.29312,
UDRDrr...D
#reward=0.878968,0.878968,0.878968,0.878968,0.878968,0.878968,0.878968,0.878968,0.878968,0.878968,
LUR.DuRRUU
#reward=6.38522,6.38522,6.38522,6.38522,6.38522,6.38522,6.38522,6.38522,6.38522,6.38522,
...DrDL.LD
#reward=1.35482,1.35482,1.35482,1.35482,1.35482,1.35482,1.35482,1.35482,1.35482,1.35482,
..RRLrR.RU
#reward=4.67809,4.67809,4.67809,4.67809,4.67809,4.67809,4.67809,4.67809,4.67809,4.67809,
..RL.D..LD
#reward=-1.77373,-1.77373,-1.77373,-1.77373,-1.77373,-1.77373,-1.77373,-1.77373,-1.77373,-1.77373,
.DRU.r..RL
#reward=0.43088,0.43088,0.43088,0.43088,0.43088,0.43088,0.43088,0.43088,0.43088,0.43088,
.DDLLU..Rr
#reward=3.58994,3.58994,3.58994,3.58994,3.58994,3.58994,3.58994,3.58994,3.58994,3.58994,
R.DRrLL.L.
#reward=4.88683,4.88683,4.88683,4.88683,4.88683,4.88683,4.88683,4.88683,4.88683,4.88683,
RrU.lL..Rd
#reward=-1.3853,-1.3853,-1.3853,-1.3853,-1.3853,-1.3853,-1.3853,-1.3853,-1.3853,-1.3853,
LDL..lR.l.
#reward=2.83732,2.83732,2.83732,2.83732,2.83732,2.83732,2.83732,2.83732,2.83732,2.83732,
.DUuDr..R.
#reward=2.86064,2.86064,2.86064,2.86064,2.86064,2.86064,2.86064,2.86064,2.86064,2.86064,
rUD.u.LLU.
#reward=0.191629,0.191629,0.191629,0.191629,0.191629,0.191629,0.191629,0.191629,0.191629,0.191629,
LrLLR.RDL.
#reward=0.760859,0.760859,0.760859,0.760859,0.760859,0.760859,0.760859,0.760859,0.760859,0.760859,
RDUU..U.U.
#reward=2.53627,2.53627,2.53627,2.53627,2.53627,2.53627,2.53627,2.53627,2.53627,2.53627,
DrRL....R.
#reward=2.40477,2.40477,2.40477,2.40477,2.40477,2.40477,2.40477,2.40477,2.40477,2.40477,
R..RluR.r.
#reward=1.80248,1.80248,1.80248,1.80248,1.80248,1.80248,1.80248,1.80248,1.80248,1.80248,
.U.L..RD..
#reward=1.03864,1.03864,1.03864,1.03864,1.03864,1.03864,1.03864,1.03864,1.03864,1.03864,
..D....LDL
#reward=5.91934,5.91934,5.91934,5.91934,5.91934,5.91934,5.91934,5.91934,5.91934,5.91934,
RDRRR.ULRR
#reward=0.622158,0.622158,0.622158,0.622158,0.622158,0.622158,0.622158,0.622158,0.622158,0.622158,
r...u..LR.
#reward=3.39015,3.39015,3.39015,3.39015,3.39015,3.39015,3.39015,3.39015,3.39015,3.39015,
...DR..LR.
#reward=-0.6027,-0.6027,-0.6027,-0.6027,-0.6027,-0.6027,-0.6027,-0.6027,-0.6027,-0.6027,
D..u.DDrL.
#reward=4.14761,4.14761,4.14761,4.14761,4.14761,4.14761,4.14761,4.14761,4.14761,4.14761,
.DLDD..DU.
#reward=2.2837,2.2837,2.2837,2.2837,2.2837,2.2837,2.2837,2.2837,2.2837,2.2837,
rr.Rl..RR.
#reward=-0.13174,-0.13174,-0.13174,-0.13174,-0.13174,-0.13174,-0.13174,-0.13174,-0.13174,-0.13174,
LDL.DrLl..
#reward=-0.871307,-0.871307,-0.871307,-0.871307,-0.871307,-0.871307,-0.871307,-0.871307,-0.871307,-0.871307,
RrRUD.RrR.
#reward=2.92408,2.92408,2.92408,2.92408,2.92408,2.92408,2.92408,2.92408,2.92408,2.92408,
....rDR.R.
#reward=1.21555,1.21555,1.21555,1.21555,1.21555,1.21555,1.21555,1.21555,1.21555,1.21555,
U...LUl..L
#reward=4.05183,4.05183,4.05183,4.05183,4.05183,4.05183,4.05183,4.05183,4.05183,4.05183,
L.R.uD...D
#reward=2.23886,2.23886,2.23886,2.23886,2.23886,2.23886,2.23886,2.23886,2.23886,2.23886,
..DLRrR..l
#reward=3.34919,3.34919,3.34919,3.34919,3.34919,3.34919,3.34919,3.34919,3.34919,3.34919,
RU..DlD...
#reward=2.53382,2.53382,2.53382,2.53382,2.53382,2.53382,2.53382,2.53382,2.53382,2.53382,
DUU.D....D
#reward=1.59498,1.59498,1.59498,1.59498,1.59498,1.59498,1.59498,1.59498,1.59498,1.59498,
...DRU.D.u
#reward=0.0272193,0.0272193,0.0272193,0.0272193,0.0272193,0.0272193,0.0272193,0.0272193,0.0272193,0.0272193,
DU.Lr..R.R
#reward=4.11452,4.11452,4.11452,4.11452,4.11452,4.11452,4.11452,4.11452,4.11452,4.11452,
RUD.ul..Ll
#reward=-0.769677,-0.769677,-0.769677,-0.769677,-0.769677,-0.769677,-0.769677,-0.769677,-0.769677,-0.769677,
RUUD...D..
#reward=2.16019,2.16019,2.16019,2.16019,2.16019,2.16019,2.16019,2.16019,2.16019,2.16019,
LDD..URr.R
#reward=2.02192,2.02192,2.02192,2.02192,2.02192,2.02192,2.02192,2.02192,2.02192,2.02192,
.DU.L....r
#reward=5.82149,5.82149,5.82149,5.82149,5.82149,5.82149,5.82149,5.82149,5.82149,5.82149,
L...RD..UD
#reward=-2.02321,-2.02321,-2.02321,-2.02321,-2.02321,-2.02321,-2.02321,-2.02321,-2.02321,-2.02321,
LUD..D...u
#reward=4.09214,4.09214,4.09214,4.09214,4.09214,4.09214,4.09214,4.09214,4.09214,4.09214,
L...LURU.L
#reward=3.69196,3.69196,3.69196,3.69196,3.69196,3.69196,3.69196,3.69196,3.69196,3.69196,
.DR.D..rRU
#reward=1.89017,1.89017,1.89017,1.89017,1.89017,1.89017,1.89017,1.89017,1.89017,1.89017,
D.L.rD..UD
#reward=5.32633,5.32633,5.32633,5.32633,5.32633,5.32633,5.32633,5.32633,5.32633,5.32633,
U.L.DuL.DL
#reward=1.27012,1.27012,1.27012,1.27012,1.27012,1.27012,1.27012,1.27012,1.27012,1.27012,
.DU.LDL..D
#reward=0.920318,0.920318,0.920318,0.920318,0.920318,0.920318,0.920318,0.920318,0.920318,0.920318,
.U..rU...L
#reward=1.1284,1.1284,1.1284,1.1284,1.1284,1.1284,1.1284,1.1284,1.1284,1.1284,
U..Ul.u..r
#reward=1.7876,1.7876,1.7876,1.7876,1.7876,1.7876,1.7876,1.7876,1.7876,1.7876,
..LRD.....
#reward=1.44806,1.44806,1.44806,1.44806,1.44806,1.44806,1.44806,1.44806,1.44806,1.44806,
D.RLL.L.LD
#reward=1.25296,1.25296,1.25296,1.25296,1.25296,1.25296,1.25296,1.25296,1.25296,1.25296,
U.L.D.R..u
#reward=3.97068,3.97068,3.97068,3.97068,3.97068,3.97068,3.97068,3.97068,3.97068,3.97068,
LU.Rr.RD.L
#reward=3.46488,3.46488,3.46488,3.46488,3.46488,3.46488,3.46488,3.46488,3.46488,3.46488,
UDLR.D.LRD
#reward=-0.137952,-0.137952,-0.137952,-0.137952,-0.137952,-0.137952,-0.137952,-0.137952,-0.137952,-0.137952,
.URRLrRl.u
#reward=-0.235242,-0.235242,-0.235242,-0.235242,-0.235242,-0.235242,-0.235242,-0.235242,-0.235242,-0.235242,
..L.UD.R.L
#reward=4.67391,4.67391,4.67391,4.67391,4.67391,4.67391,4.67391,4.67391,4.67391,4.67391,
L..Lr.l.Ll
#reward=-0.00640234,-0.00640234,-0.00640234,-0.00640234,-0.00640234,-0.00640234,-0.00640234,-0.00640234,-0.00640234,-0.00640234,
...R.L..DD
#reward=-0.0543192,-0.0543192,-0.0543192,-0.0543192,-0.0543192,-0.0543192,-0.0543192,-0.0543192,-0.0543192,-0.0543192,
D...UDR..u
#reward=0.796006,0.796006,0.796006,0.796006,0.796006,0.796006,0.796006,0.796006,0.796006,0.796006,
RDR...rUU.
#reward=4.11842,4.11842,4.11842,4.11842,4.11842,4.11842,4.11842,4.11842,4.11842,4.11842,
RULRDU.LR.
#reward=3.67324,3.67324,3.67324,3.67324,3.67324,3.67324,3.67324,3.67324,3.67324,3.67324,
UDR.L..lDD
#reward=0.305858,0.305858,0.305858,0.305858,0.305858,0.305858,0.305858,0.305858,0.305858,0.305858,
DU.lRu...l
#reward=0.974015,0.974015,0.974015,0.974015,0.974015,0.974015,0.974015,0.974015,0.974015,0.974015,
L.D.DR.R.U
#reward=2.92028,2.92028,2.92028,2.92028,2.92028,2.92028,2.92028,2.92028,2.92028,2.92028,
L.R.LD.LlD
#reward=3.61185,3.61185,3.61185,3.61185,3.61185,3.61185,3.61185,3.61185,3.61185,3.61185,
DU.D.R.D.U
#reward=-1.34575,-1.34575,-1.34575,-1.34575,-1.34575,-1.34575,-1.34575,-1.34575,-1.34575,-1.34575,
.D.Ur.DRU.
#reward=0.792528,0.792528,0.792528,0.792528,0.792528,0.792528,0.792528,0.792528,0.792528,0.792528,
..R.lr....
#reward=1.20061,1.20061,1.20061,1.20061,1.20061,1.20061,1.20061,1.20061,1.20061,1.20061,
D.UDD...lR
#reward=2.79336,2.79336,2.79336,2.79336,2.79336,2.79336,2.79336,2.79336,2.79336,2.79336,
.DD.D.D..u
#reward=2.68524,2.68524,2.68524,2.68524,2.68524,2.68524,2.68524,2.68524,2.68524,2.68524,
.UUDUUDL.L
#reward=6.00499,6.00499,6.00499,6.00499,6.00499,6.00499,6.00499,6.00499,6.00499,6.00499,
D..rLrD.UD
#reward=2.27583,2.27583,2.27583,2.27583,2.27583,2.27583,2.27583,2.27583,2.27583,2.27583,
.UL.LD.uRU
#reward=-1.15027,-1.15027,-1.15027,-1.15027,-1.15027,-1.15027,-1.15027,-1.15027,-1.15027,-1.15027,
DU.DlLRD..
#reward=3.34614,3.34614,3.34614,3.34614,3.34614,3.34614,3.34614,3.34614,3.34614,3.34614,
..LDrLUDLD
#reward=0.207591,0.207591,0.207591,0.207591,0.207591,0.207591,0.207591,0.207591,0.207591,0.207591,
URUr..UU..
#reward=3.05251,3.05251,3.05251,3.05251,3.05251,3.05251,3.05251,3.05251,3.05251,3.05251,
DLDDUUDrUU
#reward=2.30918,2.30918,2.30918,2.30918,2.30918,2.30918,2.30918,2.30918,2.30918,2.30918,
D.RR.LUDD.
#reward=2.63108,2.63108,2.63108,2.63108,2.63108,2.63108,2.63108,2.63108,2.63108,2.63108,
DR.L.ULLDD
#reward=3.27861,3.27861,3.27861,3.27861,3.27861,3.27861,3.27861,3.27861,3.27861,3.27861,
DlDUD.DRD.
#reward=4.13867,4.13867,4.13867,4.13867,4.13867,4.13867,4.13867,4.13867,4.13867,4.13867,
U.LD.DrU..
#reward=1.28978,1.28978,1.28978,1.28978,1.28978,1.28978,1.28978,1.28978,1.28978,1.28978,
..d.ulLLUR
#reward=0.959529,0.959529,0.959529,0.959529,0.959529,0.959529,0.959529,0.959529,0.959529,0.959529,
RU..D.R..r
#reward=-1.00815,-1.00815,-1.00815,-1.00815,-1.00815,-1.00815,-1.00815,-1.00815,-1.00815,-1.00815,
.RU.LRD.UL
#reward=2.76255,2.76255,2.76255,2.76255,2.76255,2.76255,2.76255,2.76255,2.76255,2.76255,
RLLrR...U.
#reward=2.33172,2.33172,2.33172,2.33172,2.33172,2.33172,2.33172,2.33172,2.33172,2.33172,
U.Ruu.DrDU
#reward=3.62585,3.62585,3.62585,3.62585,3.62585,3.62585,3.62585,3.62585,3.62585,3.62585,
D.L.Ll..R.
#reward=1.95258,1.95258,1.95258,1.95258,1.95258,1.95258,1.95258,1.95258,1.95258,1.95258,
uRRDDRR..D
#reward=-0.357594,-0.357594,-0.357594,-0.357594,-0.357594,-0.357594,-0.357594,-0.357594,-0.357594,-0.357594,
..R...DD.D
#reward=3.15365,3.15365,3.15365,3.15365,3.15365,3.15365,3.15365,3.15365,3.15365,3.15365,
LDLU.Lu..r
#reward=0.574726,0.574726,0.574726,0.574726,0.574726,0.574726,0.574726,0.574726,0.574726,0.574726,
RrR.RrLL..
#reward=1.99354,1.99354,1.99354,1.99354,1.99354,1.99354,1.99354,1.99354,1.99354,1.99354,
.LR.L..L.L
#reward=-15.6104,-15.6104,-15.6104,-15.6104,10.9455,10.9455,10.9455,10.9455,10.9455,10.9455,
rD..R.LU.L
#reward=1.09186,1.09186,1.09186,1.09186,3.6604,3.6604,3.6604,3.6604,3.6604,3.6604,
LL....Rl.r
#reward=-3.1605,-3.1605,-3.1605,-3.1605,-0.570482,-0.570482,-0.570482,-0.570482,-0.570482,-0.570482,
RDL.l.L..D
#reward=1.31926,1.31926,-37.8041,1.31926,5.13591,5.13591,5.13591,5.13591,5.13591,5.13591,
..lLR.DR..
#reward=-1.15439,-1.15439,0,-1.15439,1.98275,1.98275,1.98275,1.98275,1.98275,1.98275,
..DRL..U..
#reward=1.39347,1.39347,0,1.39347,2.05995,2.05995,2.05995,2.05995,2.05995,2.05995,
.U..UDuD.R
#reward=0,0,0,0,0.233498,0.233498,0.233498,0.233498,0.233498,0.233498,
..R.R.LL.l
#reward=-0.239084,-0.239084,0,-0.239084,3.63485,3.63485,3.63485,3.63485,3.63485,3.63485,
...DDUrr.D
#reward=2.48157,2.48157,0,2.48157,1.00979,1.00979,1.00979,1.00979,1.00979,1.00979,
.D.LL.DD.l
#reward=-2.11625,-2.11625,0,-2.11625,1.28055,1.28055,1.28055,1.28055,1.28055,1.28055,
...U..DU..
#reward=0,0,0,0,3.40269,3.40269,3.40269,3.40269,3.40269,3.40269,
.UL.D.rUL.
#reward=-0.71126,-0.71126,0,-0.71126,1.3811,1.3811,1.3811,1.3811,1.3811,1.3811,
LDU.L.L.Rr
#reward=-35.4287,-35.4287,0,9.11108,1.64397,1.64397,1.64397,1.64397,1.64397,1.64397,
LuDRR.uL..
#reward=0,0,0,0,0.138975,0.138975,0.138975,0.138975,0.138975,0.138975,
DDRDDD.l.U
#reward=-0.432854,-0.432854,0,0,5.19699,5.19699,5.19699,5.19699,5.19699,5.19699,
..LUuRR...
#reward=0,0,0,0,-0.397821,-0.397821,-0.397821,-0.397821,-0.397821,-0.397821,
.U.Lr.U..D
#reward=0,0,0,-1.30685,3.412,3.412,3.412,3.412,-87.7965,3.412,
..RRLL.RlU
#reward=0,0,0,-0.0347996,4.46959,4.46959,4.46959,4.46959,0,4.46959,
U...DLDU.R
#reward=0,0,0,-1.43071,1.1406,1.1406,1.1406,1.1406,0,1.1406,
...DrRLD.R
#reward=0.525116,0.525116,0,1.43071,0.343971,0.343971,0.343971,0.343971,0,0.343971,
DDU.DL.R.r
#reward=0,0,0,-1.43071,3.3503,3.3503,3.3503,3.3503,0,3.3503,
..DU.LD..D
#reward=0,0,0,0,2.24425,2.24425,2.24425,2.24425,0,2.24425,
U.U.U.u..D
#reward=0,0,0,0,-1.19169,-1.19169,-1.19169,-1.19169,0,-1.19169,
D.D.URDL..
#reward=0,0,0,0,2.10101,2.10101,2.10101,2.10101,0,2.10101,
.UL.u.DL.R
#reward=0,0,0,0,6.18329,6.18329,6.18329,6.18329,0,6.18329,
..R.DRD..r
#reward=-0.525116,-0.525116,0,0,0.884804,0.884804,0.884804,0.884804,0,0.884804,
UD.DDUU...
#reward=0,0,0,1.43071,1.35645,1.35645,1.35645,1.35645,0,1.35645,
R.L.RDRU.L
#reward=0.432854,0.432854,0,0,2.30434,2.30434,2.30434,2.30434,0,2.30434,
.UULR.Ll.L
#reward=-0.432854,-0.432854,0,0.769713,0.707393,0.707393,0.707393,0.707393,0,0.707393,
.DRLDL.U..
#reward=0.525116,0.525116,0,0,2.8158,-62.8088,2.8158,2.8158,0,2.8158,
.UDR.lU..r
#reward=0.473015,0.473015,0,0,3.09436,0,3.09436,3.09436,0,3.09436,
...L.R.u..
#reward=-0.473015,-0.473015,0,0,0.600368,0,0.600368,0.600368,0,0.600368,
...L...r.L
#reward=0.473015,0.473015,0,-0.769713,1.60846,0,1.60846,1.60846,0,1.60846,
R...U.DD..
#reward=0,0,0,0.0347996,1.12147,0,1.12147,1.12147,0,1.12147,
LD.URR.D.u
#reward=0,0,0,0,1.09911,0,1.09911,1.09911,0,1.09911,
LUU.l..R.L
#reward=-0.473015,-0.473015,0,1.30685,1.45393,0,1.45393,1.45393,0,1.45393,
DD..R.DU..
#reward=-0.525116,-0.525116,0,-1.30685,1.47049,0,1.47049,1.47049,0,1.47049,
UUD.LRRR.D
#reward=0.432854,0.432854,0,0,1.81126,0,1.81126,1.81126,0,1.81126,
DD.LRUlD.D
#reward=-0.432854,-0.432854,0,0,1.55909,0,1.55909,1.55909,0,1.55909,
UU.RRD...r
#reward=0.525116,0.525116,0,0,2.31343,0,2.31343,2.31343,0,2.31343,
UD....RL.D
#reward=-0.525116,-0.525116,0,0,2.48285,0,2.48285,2.48285,0,2.48285,
..L.D.UL..
#reward=-6.16409,-6.16409,0,0,2.92483,0,2.92483,2.92483,0,2.92483,
dUUDLLuU.L
#reward=0,0,0,0,2.74056,0,2.74056,2.74056,0,2.74056,
..D.U.rU..
#reward=0,0,0,1.30685,2.55461,0,2.55461,2.55461,0,2.55461,
..R.rLDL.L
#reward=0,0,0,1.19033,2.36751,0,2.36751,2.36751,0,2.36751,
UD..U.R...
#reward=0,0,0,0,3.24081,0,3.24081,3.24081,0,3.24081,
UD....LR..
#reward=0,0,0,-1.19033,1.74985,0,1.74985,1.74985,0,1.74985,
D.U.RLrD..
#reward=0,0,0,1.19033,1.85508,0,1.85508,1.85508,0,1.85508,
..LUl.UD.U
#reward=0,0,0,0,0.865738,0,0.865738,0.865738,0,0.865738,
UDDL...U.R
#reward=0,0,0,0,3.70084,0,3.70084,3.70084,0,3.70084,
...R...U..
#reward=0,0,0,-1.19033,1.94268,0,1.94268,1.94268,0,1.94268,
..L.UR...D
#reward=0,0,0,1.19033,0.852882,0,0.852882,0.852882,0,0.852882,
UU..DLD..L
#reward=0,0,0,-1.19033,1.96729,0,1.96729,1.96729,0,1.96729,
UDRLURUD.R
#reward=0,0,0,0,2.26678,0,2.26678,2.26678,0,2.26678,
.D.RrLDU.L
#reward=0,0,0,-1.30685,2.34012,0,2.34012,2.34012,0,2.34012,
DURD.R.L.l
#reward=0,0,0,-0.0347996,1.97069,0,1.97069,1.97069,0,1.97069,
UUL..ULu.R
#reward=0,0,0,0.769713,0.270335,0,0.270335,0.270335,0,0.270335,
DURR..UL..
#reward=-1.33796,-1.33796,0,-0.769713,4.29104,0,4.29104,4.29104,0,4.29104,
..U..Dl...
#reward=-0.00446677,-0.00446677,0,0,5.51098,0,5.51098,5.51098,0,5.51098,
U....R.r.l
#reward=0.00446677,0.00446677,0,0.769713,4.44607,0,4.44607,4.44607,0,4.44607,
.UDD..RD..
#reward=1.33796,1.33796,0,0,1.07856,0,1.07856,1.07856,0,1.07856,
..U.L....R
#reward=0,0,0,0,2.79541,0,2.79541,2.79541,0,2.79541,
DDDU.....R
#reward=-1.33796,-1.33796,0,-2.20042,-0.743563,0,-0.743563,-0.743563,0,-0.743563,
U.LRR.DL..
#reward=0,0,0,1.43071,2.46054,0,2.46054,2.46054,0,2.46054,
..U.LLLr..
#reward=0,0,0,0,-0.0961065,0,-0.0961065,-0.0961065,0,-0.0961065,
.DDUL....L
#reward=-0.00446677,-0.00446677,0,0.769713,3.74429,0,3.74429,3.74429,0,3.74429,
DU.DRRRL.R
#reward=0.00446677,0.00446677,0,0,0.0796425,0,0.0796425,0.0796425,0,0.0796425,
..RL..DU.L
#reward=-0.00446677,-0.00446677,0,0,2.26972,0,2.26972,2.26972,0,2.26972,
..LRRLDL..
#reward=0.00446677,0.00446677,0,-0.769713,0.791875,0,0.791875,0.791875,0,0.791875,
D.ULD.rL..
#reward=0,0,0,0.769713,4.20243,0,4.20243,4.20243,0,4.20243,
..RL.RL...
#reward=-0.00446677,-0.00446677,0,-0.769713,2.34137,0,2.34137,2.34137,0,2.34137,
U.L.R.LR..
#reward=0.00446677,0.00446677,0,0.769713,1.24537,0,1.24537,1.24537,0,1.24537,
...RRLru..
#reward=-0.00446677,-0.00446677,0,0,3.2036,0,3.2036,3.2036,0,3.2036,
UDDRUR.R.L
#reward=0.00446677,0.00446677,0,0,2.83698,0,2.83698,2.83698,0,2.83698,
DDLR.RD...
#reward=0,0,0,-2.20042,2.94647,0,2.94647,2.94647,0,2.94647,
DDRUD.....
#reward=0,0,0,1.43071,4.0224,0,4.0224,4.0224,0,4.0224,
.ULD.UUD..
#reward=-0.00446677,-0.00446677,0,0,-0.705782,0,-0.705782,-0.705782,0,-0.705782,
U...DDUU..
#reward=0,0,0,0,1.78189,0,1.78189,1.78189,0,1.78189,
DDRLU.R...
#reward=0,0,0,0.769713,2.00553,0,2.00553,2.00553,0,2.00553,
.UUR.LRD.R
#reward=0,0,0,0,-0.0619747,0,-0.0619747,-0.0619747,0,-0.0619747,
.URLD.uR.L
#reward=1.34242,1.34242,0,-0.769713,1.2371,0,1.2371,1.2371,0,1.2371,
.DDLuLDL..
#reward=0,0,0,0.769713,5.1188,0,5.1188,5.1188,0,5.1188,
...L..UR.R
#reward=0,0,0,-0.769713,1.08387,0,1.08387,1.08387,0,1.08387,
UU..RUR..L
#reward=0,0,0,0.0347996,3.79756,0,3.79756,3.79756,0,3.79756,
D..URD.D.R
#reward=0,0,0,0,1.39824,0,1.39824,1.39824,0,1.39824,
UU.L.L.D..
#reward=0,0,0,0,-1.13367,0,-1.13367,-1.13367,0,-1.13367,
D..LR....L
#reward=0,0,0,1.30685,1.83869,0,1.83869,1.83869,0,1.83869,
.UL.uRRU..
#reward=0,0,0,1.19033,4.76628,0,4.76628,4.76628,0,4.76628,
U..DLRDD..
#reward=0,0,0,0,0.311935,0,0.311935,0.311935,0,0.311935,
D.RLL.uD..
#reward=0,0,0,0,2.89002,0,2.89002,2.89002,0,2.89002,
..U.R..L.R
#reward=0,0,0,0,1.30237,0,1.30237,1.30237,0,1.30237,
.DLRR.DR.L
#reward=0,0,0,-1.19033,0.0520956,0,0.0520956,0.0520956,0,0.0520956,
D.D.R.UR..
#reward=0,0,0,-1.30685,-0.542525,0,-0.542525,-0.542525,0,-0.542525,
UDRLLLDD.U
#reward=0,0,0,1.30685,1.80116,0,1.80116,1.80116,0,1.80116,
.U.LrRDL..
#reward=0,0,0,0,2.33257,0,2.33257,2.33257,0,2.33257,
D..D.LU...
#reward=0,0,0,0,3.34863,0,3.34863,3.34863,0,3.34863,
UD.R.RLL.D
#reward=0,0,0,-1.30685,1.04988,0,1.04988,1.04988,0,1.04988,
UULRD.r...
#reward=-1.34242,-1.34242,0,0,-0.359745,0,-0.359745,-0.359745,0,-0.359745,
....L..R..
#reward=0,0,0,0,3.46407,0,3.46407,3.46407,0,3.46407,
D.RL...L.R
#reward=0,0,0,-0.178263,2.42643,0,2.42643,2.42643,0,2.42643,
U.LlL.D...
#reward=0.00446677,0.00446677,0,-0.0347042,2.079,0,2.079,2.079,0,2.079,
..RR.LUr.R
#reward=-0.00446677,-0.00446677,0,0.0347042,2.15067,0,2.15067,2.15067,0,2.15067,
..UU.U...L
#reward=0.00446677,0.00446677,0,0,2.0239,0,2.0239,2.0239,0,2.0239,
..LL...L.R
#reward=0,0,0,0,1.87928,0,1.87928,1.87928,0,1.87928,
UDDL.D.R.L
#reward=-0.00446677,-0.00446677,0,0,3.96776,0,3.96776,3.96776,0,3.96776,
D....R.L.R
#reward=0.00446677,0.00446677,0,0,4.29669,0,4.29669,4.29669,0,4.29669,
.UU.U....R
#reward=0,0,0,0,2.31372,0,2.31372,2.31372,0,2.31372,
D.DRRLDR..
#reward=0,0,0,-0.0070858,-0.405559,0,-0.405559,-0.405559,0,-0.405559,
D.RdLLL..U
#reward=-0.00446677,-0.00446677,0,0,2.7542,0,2.7542,2.7542,0,2.7542,
D.UL..RU.D
#reward=0,0,0,0,3.16097,0,3.16097,3.16097,0,3.16097,
.DLR.RLU..
#reward=0.00446677,0.00446677,0,0,3.19057,0,3.19057,3.19057,0,3.19057,
U....UUR..
