#port=58377
#reward=9.77895,9.77895,9.77895,9.77895,9.77895,9.77895,9.77895,
#reward=2.04166,2.04166,2.04166,2.04166,2.04166,2.04166,2.04166,
Lu.LUDD
#reward=0.679414,0.679414,0.679414,0.679414,0.679414,0.679414,0.679414,
r..LRDl
#reward=0.299836,0.299836,0.299836,0.299836,0.299836,0.299836,0.299836,
DR.Luu.
#reward=2.32511,2.32511,2.32511,2.32511,2.32511,2.32511,2.32511,
DU.UR..
#reward=2.77444,2.77444,2.77444,2.77444,2.77444,2.77444,2.77444,
UUllULR
#reward=2.81014,2.81014,2.81014,2.81014,2.81014,2.81014,2.81014,
UL.U.uU
#reward=1.23327,1.23327,1.23327,1.23327,1.23327,1.23327,1.23327,
UuRuU.L
#reward=0.886423,0.886423,0.886423,0.886423,0.886423,0.886423,0.886423,
DLuLD.L
#reward=2.97645,2.97645,2.97645,2.97645,2.97645,2.97645,2.97645,
DU.Lr.r
#reward=2.51289,2.51289,2.51289,2.51289,2.51289,2.51289,2.51289,
.L.LUR.
#reward=2.85247,2.85247,2.85247,2.85247,2.85247,2.85247,2.85247,
.U.rU.U
#reward=0.46332,0.46332,0.46332,0.46332,0.46332,0.46332,0.46332,
lu.LLDl
#reward=3.42116,3.42116,3.42116,3.42116,3.42116,3.42116,3.42116,
Rr..ULr
#reward=0.915093,0.915093,0.915093,0.915093,0.915093,0.915093,0.915093,
r..rLR.
#reward=1.85488,1.85488,1.85488,1.85488,1.85488,1.85488,1.85488,
....LL.
#reward=1.18671,1.18671,1.18671,1.18671,1.18671,1.18671,1.18671,
D...uR.
#reward=1.52616,1.52616,1.52616,1.52616,1.52616,1.52616,1.52616,
uLRLLDu
#reward=2.04644,2.04644,2.04644,2.04644,2.04644,2.04644,2.04644,
L.R..r.
#reward=2.75646,2.75646,2.75646,2.75646,2.75646,2.75646,2.75646,
UuU.u..
#reward=2.51825,2.51825,2.51825,2.51825,2.51825,2.51825,2.51825,
DL.D.DD
#reward=3.27281,3.27281,3.27281,3.27281,3.27281,3.27281,3.27281,
.uRDL..
#reward=1.59684,1.59684,1.59684,1.59684,1.59684,1.59684,1.59684,
LLUR.R.
#reward=2.53719,2.53719,2.53719,2.53719,2.53719,2.53719,2.53719,
rLr.u..
#reward=3.20006,3.20006,3.20006,3.20006,3.20006,3.20006,3.20006,
.uL..LU
#reward=3.63394,3.63394,3.63394,3.63394,3.63394,3.63394,3.63394,
.R.URu.
#reward=2.87556,2.87556,2.87556,2.87556,2.87556,2.87556,2.87556,
DR.uRr.
#reward=0.988094,0.988094,0.988094,0.988094,0.988094,0.988094,0.988094,
..RR..D
#reward=0.869673,0.869673,0.869673,0.869673,0.869673,0.869673,0.869673,
lLu....
#reward=4.89566,4.89566,4.89566,4.89566,4.89566,4.89566,4.89566,
DU.Rl..
#reward=2.74939,2.74939,2.74939,2.74939,2.74939,2.74939,2.74939,
rU.L..L
#reward=1.9255,1.9255,1.9255,1.9255,1.9255,1.9255,1.9255,
LUDLRDD
#reward=2.00269,2.00269,2.00269,2.00269,2.00269,2.00269,2.00269,
DuD.L.L
#reward=1.88121,1.88121,1.88121,1.88121,1.88121,1.88121,1.88121,
u.L...r
#reward=1.4955,1.4955,1.4955,1.4955,1.4955,1.4955,1.4955,
l.u..LL
#reward=1.69795,1.69795,1.69795,1.69795,1.69795,1.69795,1.69795,
R.RLR.L
#reward=2.12464,2.12464,2.12464,2.12464,2.12464,2.12464,2.12464,
uLLDur.
#reward=0.263511,0.263511,0.263511,0.263511,0.263511,0.263511,0.263511,
..rR.Dr
#reward=1.72553,1.72553,1.72553,1.72553,1.72553,1.72553,1.72553,
ruLLLUl
#reward=2.05574,2.05574,2.05574,2.05574,2.05574,2.05574,2.05574,
.RLDR.U
#reward=2.65986,2.65986,2.65986,2.65986,2.65986,2.65986,2.65986,
.LR.R..
#reward=3.24237,3.24237,3.24237,3.24237,3.24237,3.24237,3.24237,
...Ru.u
#reward=0.931414,0.931414,0.931414,0.931414,0.931414,0.931414,0.931414,
L.LU.DR
#reward=2.6915,2.6915,2.6915,2.6915,2.6915,2.6915,2.6915,
.D.r.u.
#reward=3.17728,3.17728,3.17728,3.17728,3.17728,3.17728,3.17728,
RR.u.RL
#reward=1.40496,1.40496,1.40496,1.40496,1.40496,1.40496,1.40496,
DLRD.D.
#reward=3.63802,3.63802,3.63802,3.63802,3.63802,3.63802,3.63802,
DRUDLRR
#reward=0.557861,0.557861,0.557861,0.557861,0.557861,0.557861,0.557861,
RRDL.rR
#reward=2.13402,2.13402,2.13402,2.13402,2.13402,2.13402,2.13402,
.uLULuL
#reward=1.4972,1.4972,1.4972,1.4972,1.4972,1.4972,1.4972,
R..D.DR
#reward=0.942719,0.942719,0.942719,0.942719,0.942719,0.942719,0.942719,
.RR.RLU
#reward=3.13198,3.13198,3.13198,3.13198,3.13198,3.13198,3.13198,
rUR.LLu
#reward=2.53352,2.53352,2.53352,2.53352,2.53352,2.53352,2.53352,
LDL....
#reward=3.12204,3.12204,3.12204,3.12204,3.12204,3.12204,3.12204,
.r.U.D.
#reward=1.61251,1.61251,1.61251,1.61251,1.61251,1.61251,1.61251,
.LRRRu.
#reward=2.13033,2.13033,2.13033,2.13033,2.13033,2.13033,2.13033,
rR.LLD.
#reward=0.922935,0.922935,0.922935,0.922935,0.922935,0.922935,0.922935,
L.LR.U.
#reward=2.62965,2.62965,2.62965,2.62965,2.62965,2.62965,2.62965,
L..LRrD
#reward=1.48519,1.48519,1.48519,1.48519,1.48519,1.48519,1.48519,
U..URDr
#reward=0.955478,0.955478,0.955478,0.955478,0.955478,0.955478,0.955478,
L..U.DU
#reward=0.797757,0.797757,0.797757,0.797757,0.797757,0.797757,0.797757,
r.RDLD.
#reward=3.92253,3.92253,3.92253,3.92253,3.92253,3.92253,3.92253,
...u.RD
#reward=3.9926,3.9926,3.9926,3.9926,3.9926,3.9926,3.9926,
L..D.uL
#reward=1.79591,1.79591,1.79591,1.79591,1.79591,1.79591,1.79591,
R....L.
#reward=3.38909,3.38909,3.38909,3.38909,3.38909,3.38909,3.38909,
L.LR.u.
#reward=0.980811,0.980811,0.980811,0.980811,0.980811,0.980811,0.980811,
U.UL..L
#reward=0.909623,0.909623,0.909623,0.909623,0.909623,0.909623,0.909623,
D..U.Rl
#reward=3.11992,3.11992,3.11992,3.11992,3.11992,3.11992,3.11992,
L.UD.DR
#reward=2.21427,2.21427,2.21427,2.21427,2.21427,2.21427,2.21427,
ULlD.UL
#reward=0.421022,0.421022,0.421022,0.421022,0.421022,0.421022,0.421022,
.R.UR.R
#reward=0.0628209,0.0628209,0.0628209,0.0628209,0.0628209,0.0628209,0.0628209,
lLU..D.
#reward=5.09525,5.09525,5.09525,5.09525,5.09525,5.09525,5.09525,
D.LRDU.
#reward=1.94577,1.94577,1.94577,1.94577,1.94577,1.94577,1.94577,
lLLL.L.
#reward=-0.369515,-0.369515,-0.369515,-0.369515,-0.369515,-0.369515,-0.369515,
RULRR.L
#reward=2.9734,2.9734,2.9734,2.9734,2.9734,2.9734,2.9734,
.DlDD..
#reward=2.76385,2.76385,2.76385,2.76385,2.76385,2.76385,2.76385,
rD.L.DR
#reward=4.8001,4.8001,4.8001,4.8001,4.8001,4.8001,4.8001,
L.D.DRR
#reward=1.72284,1.72284,1.72284,1.72284,1.72284,1.72284,1.72284,
uU..ULL
#reward=-0.536079,-0.536079,-0.536079,-0.536079,-0.536079,-0.536079,-0.536079,
rL..UUu
#reward=4.35698,4.35698,4.35698,4.35698,4.35698,4.35698,4.35698,
..uURR.
#reward=3.78046,3.78046,3.78046,3.78046,3.78046,3.78046,3.78046,
D.DDDR.
#reward=3.02129,3.02129,3.02129,3.02129,3.02129,3.02129,3.02129,
LRR.LL.
#reward=-0.336759,-0.336759,-0.336759,-0.336759,-0.336759,-0.336759,-0.336759,
.DDrUl.
#reward=2.34818,2.34818,2.34818,2.34818,2.34818,2.34818,2.34818,
.D.....
#reward=2.23819,2.23819,2.23819,2.23819,2.23819,2.23819,2.23819,
.RUULR.
#reward=1.62535,1.62535,1.62535,1.62535,1.62535,1.62535,1.62535,
.RL...L
#reward=-0.0376702,-0.0376702,-0.0376702,-0.0376702,-0.0376702,-0.0376702,-0.0376702,
.RlR.RD
#reward=2.96974,2.96974,2.96974,2.96974,2.96974,2.96974,2.96974,
.DUL.l.
#reward=1.08611,1.08611,1.08611,1.08611,1.08611,1.08611,1.08611,
LLDURrD
#reward=1.2385,1.2385,1.2385,1.2385,1.2385,1.2385,1.2385,
uRU.RDU
#reward=2.30407,2.30407,2.30407,2.30407,2.30407,2.30407,2.30407,
RRlRRlU
#reward=1.83214,1.83214,1.83214,1.83214,1.83214,1.83214,1.83214,
RL..DDR
#reward=3.35582,3.35582,3.35582,3.35582,3.35582,3.35582,3.35582,
RU..rL.
#reward=1.84469,1.84469,1.84469,1.84469,1.84469,1.84469,1.84469,
lL..l..
#reward=2.50898,2.50898,2.50898,2.50898,2.50898,2.50898,2.50898,
rL.L...
#reward=2.94827,2.94827,2.94827,2.94827,2.94827,2.94827,2.94827,
.L...LL
#reward=1.79851,1.79851,1.79851,1.79851,1.79851,1.79851,1.79851,
.D.R...
#reward=2.93059,2.93059,2.93059,2.93059,2.93059,-35.4271,2.93059,
.R..Dr.
#reward=2.2459,2.2459,2.2459,2.2459,2.2459,0,2.2459,
...L...
#reward=4.34724,4.34724,4.34724,4.34724,4.34724,0,4.34724,
DRRRR.D
#reward=0.664767,0.664767,0.664767,0.664767,0.664767,0,0.664767,
DUU.r..
#reward=1.58831,1.58831,1.58831,1.58831,1.58831,0,1.58831,
.RRLl..
#reward=2.95889,2.95889,2.95889,2.95889,2.95889,0,2.95889,
uL.RDU.
#reward=2.63532,2.63532,2.63532,2.63532,2.63532,0,2.63532,
r...UL.
#reward=0.185208,0.185208,0.185208,0.185208,0.185208,0,0.185208,
.R...D.
#reward=1.05138,1.05138,1.05138,1.05138,1.05138,0,1.05138,
L.R....
#reward=1.96584,1.96584,1.96584,1.96584,1.96584,0,1.96584,
L....RU
#reward=0.194888,0.194888,0.194888,0.194888,0.194888,0,0.194888,
..R..UR
#reward=1.1191,1.1191,1.1191,1.1191,1.1191,0,1.1191,
..L..DR
#reward=1.75265,1.75265,1.75265,1.75265,1.75265,0,1.75265,
U.RLDU.
#reward=1.28305,1.28305,1.28305,1.28305,1.28305,0,1.28305,
D.LR...
#reward=0.129259,0.129259,0.129259,0.129259,0.129259,0,0.129259,
uLuDU..
#reward=2.10921,2.10921,2.10921,2.10921,2.10921,0,2.10921,
D.DL.DL
#reward=1.67521,1.67521,1.67521,1.67521,1.67521,0,1.67521,
lRUU.Lr
#reward=0.768387,0.768387,0.768387,0.768387,0.768387,0,0.768387,
rLRD.R.
#reward=0.8927,0.8927,0.8927,0.8927,0.8927,0,0.8927,
URLu.L.
#reward=3.44547,3.44547,3.44547,3.44547,3.44547,0,3.44547,
r.L..U.
#reward=2.38562,2.38562,2.38562,2.38562,2.38562,0,2.38562,
.D.R...
#reward=1.24404,1.24404,1.24404,1.24404,1.24404,0,1.24404,
.RLR.D.
#reward=3.36924,3.36924,3.36924,3.36924,3.36924,0,3.36924,
.LRRDR.
#reward=1.38174,1.38174,1.38174,1.38174,1.38174,0,1.38174,
....UU.
#reward=1.62894,1.62894,1.62894,1.62894,1.62894,0,1.62894,
...D.DL
#reward=2.13468,2.13468,2.13468,2.13468,2.13468,0,2.13468,
.U.U.UD
#reward=1.82383,1.82383,1.82383,1.82383,1.82383,0,1.82383,
.l.U...
#reward=3.12545,3.12545,3.12545,3.12545,3.12545,0,3.12545,
....DD.
#reward=1.25768,1.25768,1.25768,1.25768,1.25768,0,1.25768,
..Lu..U
#reward=2.65482,2.65482,2.65482,2.65482,2.65482,0,2.65482,
LD...LR
#reward=3.35862,3.35862,3.35862,3.35862,3.35862,0,3.35862,
LU..UR.
#reward=1.68832,1.68832,1.68832,1.68832,1.68832,0,1.68832,
u.U....
#reward=3.99257,3.99257,3.99257,3.99257,3.99257,0,3.99257,
.......
#reward=-0.931397,-0.931397,-0.931397,-0.931397,-0.931397,0,-0.931397,
.D.....
#reward=1.51477,1.51477,1.51477,1.51477,1.51477,0,1.51477,
..L....
#reward=0.917551,0.917551,0.917551,0.917551,0.917551,0,0.917551,
.RR..L.
#reward=2.78024,2.78024,2.78024,2.78024,2.78024,0,2.78024,
..UDDU.
#reward=3.32475,3.32475,3.32475,3.32475,3.32475,0,3.32475,
.DUL.DL
#reward=2.23737,2.23737,2.23737,2.23737,2.23737,0,2.23737,
.....R.
#reward=2.17763,2.17763,2.17763,2.17763,2.17763,0,2.17763,
D.lLDUR
#reward=4.0402,4.0402,4.0402,4.0402,4.0402,0,4.0402,
.RuL.L.
#reward=2.17142,2.17142,2.17142,-44.3192,2.17142,0,2.17142,
uR.rUDL
#reward=0.198587,0.198587,0.198587,0,0.198587,0,0.198587,
..D.D.D
#reward=2.41445,2.41445,2.41445,0,2.41445,0,2.41445,
.UL.r.U
#reward=0.733874,0.733874,0.733874,0,0.733874,0,0.733874,
L.D..UR
#reward=-0.117579,-0.117579,-0.117579,0,-0.117579,0,-0.117579,
D..D.D.
#reward=4.96508,4.96508,4.96508,0,4.96508,0,4.96508,
uuRUUR.
#reward=1.01711,1.01711,1.01711,0,1.01711,0,1.01711,
D.L.u..
#reward=-0.942786,-0.942786,-0.942786,0,-0.942786,0,-0.942786,
URU....
#reward=2.37634,2.37634,2.37634,0,2.37634,0,2.37634,
R..D.U.
#reward=3.14746,3.14746,3.14746,0,3.14746,0,3.14746,
D...RD.
#reward=2.45553,2.45553,2.45553,0,2.45553,0,2.45553,
ruRU.U.
#reward=2.21107,2.21107,2.21107,0,2.21107,0,2.21107,
.rRDRL.
#reward=2.91452,2.91452,2.91452,0,2.91452,0,2.91452,
uLDU...
#reward=4.57447,4.57447,4.57447,0,4.57447,0,4.57447,
.R.DDD.
#reward=1.02318,1.02318,1.02318,0,1.02318,0,1.02318,
.LUUU..
#reward=0.898738,0.898738,0.898738,0,0.898738,0,0.898738,
.Rr.DU.
#reward=0.800999,0.800999,0.800999,0,0.800999,0,0.800999,
..U..D.
#reward=1.56138,1.56138,1.56138,0,1.56138,0,1.56138,
.DLD.R.
#reward=2.61284,2.61284,2.61284,0,2.61284,0,2.61284,
LL.UU.L
#reward=2.83662,2.83662,2.83662,0,2.83662,0,2.83662,
.DDDD..
#reward=1.28601,1.28601,1.28601,0,1.28601,0,1.28601,
urRUUU.
#reward=2.66774,2.66774,2.66774,0,2.66774,0,2.66774,
.ULDrD.
#reward=3.87015,3.87015,3.87015,0,3.87015,0,3.87015,
DU..U..
#reward=-0.856567,-0.856567,-0.856567,0,-0.856567,0,-0.856567,
.DRURU.
#reward=1.56021,1.56021,1.56021,0,1.56021,0,1.56021,
DULDU..
#reward=2.72941,2.72941,2.72941,0,2.72941,0,2.72941,
RRLUD.R
#reward=3.74779,3.74779,3.74779,0,3.74779,0,3.74779,
..R.LL.
#reward=0.408081,0.408081,0.408081,0,0.408081,0,0.408081,
R.UDUD.
#reward=1.50204,1.50204,1.50204,0,1.50204,0,1.50204,
.LDUUU.
#reward=1.62949,1.62949,1.62949,0,1.62949,0,1.62949,
URR.LR.
#reward=1.93456,1.93456,1.93456,0,1.93456,0,1.93456,
.L.DUL.
#reward=5.49568,5.49568,5.49568,0,5.49568,0,5.49568,
RR..DDL
#reward=0.471153,0.471153,0.471153,0,0.471153,0,0.471153,
R...uR.
#reward=0.292868,0.292868,0.292868,0,0.292868,0,0.292868,
r...RUD
#reward=4.37458,4.37458,4.37458,0,4.37458,0,4.37458,
uLUU.L.
#reward=-0.872856,-0.872856,-0.872856,0,-0.872856,0,-0.872856,
.RL.L.U
#reward=1.92369,1.92369,1.92369,0,1.92369,0,1.92369,
..D.R..
#reward=4.00923,4.00923,4.00923,0,4.00923,0,4.00923,
DL.DDR.
#reward=3.19325,3.19325,3.19325,0,3.19325,0,3.19325,
r.L.DU.
#reward=-0.457057,-0.457057,-0.457057,0,-0.457057,0,-0.457057,
uR.Uu..
#reward=1.93279,1.93279,1.93279,0,1.93279,0,1.93279,
.DR.DDD
#reward=2.05722,2.05722,2.05722,0,2.05722,0,2.05722,
L.uD.L.
#reward=1.06761,1.06761,1.06761,0,1.06761,0,1.06761,
L.LU...
#reward=4.57184,4.57184,4.57184,0,4.57184,0,4.57184,
UUDD.DU
#reward=0.639429,0.639429,0.639429,0,0.639429,0,0.639429,
.L...R.
#reward=1.09053,1.09053,1.09053,0,1.09053,0,1.09053,
......D
#reward=3.70306,3.70306,3.70306,0,3.70306,0,3.70306,
R.R...U
#reward=1.61943,1.61943,1.61943,0,1.61943,0,1.61943,
D.u.DLR
#reward=3.14873,3.14873,3.14873,0,3.14873,0,3.14873,
r...RUL
#reward=0.390354,0.390354,0.390354,0,0.390354,0,0.390354,
LD.U.RR
#reward=1.39026,1.39026,1.39026,0,1.39026,0,1.39026,
RDLDL..
#reward=1.46762,1.46762,1.46762,0,1.46762,0,1.46762,
L.R.RLL
#reward=2.44196,2.44196,2.44196,0,2.44196,0,2.44196,
UD.....
#reward=2.8859,2.8859,2.8859,0,2.8859,0,2.8859,
.Ll...R
#reward=3.107,3.107,3.107,0,3.107,0,3.107,
.L.U...
#reward=-0.0433235,-0.0433235,-0.0433235,0,-0.0433235,0,-0.0433235,
..R..D.
#reward=0.953962,0.953962,0.953962,0,0.953962,0,0.953962,
.RLDLR.
#reward=1.28936,1.28936,1.28936,0,1.28936,0,1.28936,
RR.....
#reward=3.23392,3.23392,3.23392,0,3.23392,0,3.23392,
LD..U..
#reward=2.14432,2.14432,2.14432,0,2.14432,0,2.14432,
....U..
#reward=2.90075,2.90075,2.90075,0,2.90075,0,2.90075,
D..UDL.
#reward=1.68301,1.68301,1.68301,0,1.68301,0,1.68301,
....D..
#reward=1.34063,1.34063,1.34063,0,1.34063,0,1.34063,
R....RL
#reward=3.60892,3.60892,3.60892,0,3.60892,0,3.60892,
U..D..R
#reward=1.01111,1.01111,1.01111,0,1.01111,0,1.01111,
..R....
#reward=3.15988,3.15988,3.15988,0,3.15988,0,3.15988,
D...U..
#reward=2.93574,2.93574,2.93574,0,2.93574,0,2.93574,
uUD.LU.
#reward=1.80657,1.80657,1.80657,0,1.80657,0,1.80657,
.UR..D.
#reward=3.05625,3.05625,3.05625,0,3.05625,0,3.05625,
..r..L.
#reward=0.862418,0.862418,0.862418,0,0.862418,0,0.862418,
LD..RU.
#reward=1.20999,1.20999,1.20999,0,1.20999,0,1.20999,
LDDUUD.
#reward=3.48097,3.48097,3.48097,0,3.48097,0,3.48097,
.UUDR.L
#reward=1.60196,1.60196,1.60196,0,1.60196,0,1.60196,
.R.URRD
#reward=1.94843,1.94843,1.94843,0,1.94843,0,1.94843,
L.L.LLU
#reward=0.180112,0.180112,0.180112,0,0.180112,0,0.180112,
U.u.UR.
#reward=2.72461,2.72461,2.72461,0,2.72461,0,2.72461,
.R.DuLD
#reward=0.925479,0.925479,0.925479,0,0.925479,0,0.925479,
U....U.
#reward=3.4227,3.4227,3.4227,0,3.4227,0,3.4227,
.L.U.D.
#reward=2.68204,2.68204,2.68204,0,2.68204,0,2.68204,
DRR.RR.
#reward=2.76697,2.76697,2.76697,0,2.76697,0,2.76697,
....uUU
#reward=2.64482,2.64482,2.64482,0,2.64482,0,2.64482,
.LD...R
#reward=2.23656,2.23656,2.23656,0,2.23656,0,2.23656,
..R.LL.
#reward=1.8639,1.8639,1.8639,0,1.8639,0,1.8639,
U.RDRD.
#reward=0.240292,0.240292,0.240292,0,0.240292,0,0.240292,
L....R.
#reward=2.43051,2.43051,2.43051,0,2.43051,0,2.43051,
.R.....
#reward=1.01222,1.01222,1.01222,0,1.01222,0,1.01222,
...U...
#reward=5.30712,5.30712,5.30712,0,5.30712,0,5.30712,
..LDRU.
#reward=0.853988,0.853988,0.853988,0,0.853988,0,0.853988,
..L.L..
#reward=1.01061,1.01061,1.01061,0,1.01061,0,1.01061,
URD.L..
#reward=1.6381,1.6381,1.6381,0,1.6381,0,1.6381,
..DU.U.
#reward=6.2911,6.2911,6.2911,0,6.2911,0,6.2911,
.U.....
#reward=1.79954,1.79954,1.79954,0,1.79954,0,1.79954,
LRRDRDL
#reward=-2.00501,-2.00501,-2.00501,0,-2.00501,0,-2.00501,
....R.R
#reward=4.13621,4.13621,4.13621,0,4.13621,0,4.13621,
RL..LL.
#reward=0.889448,0.889448,0.889448,0,0.889448,0,0.889448,
UuL.L..
#reward=3.26092,3.26092,3.26092,0,3.26092,0,3.26092,
.....R.
#reward=1.75577,1.75577,1.75577,0,1.75577,0,1.75577,
.R.U...
#reward=1.68373,1.68373,1.68373,0,1.68373,0,1.68373,
.L.D...
#reward=1.79997,1.79997,1.79997,0,1.79997,0,1.79997,
uRU..L.
#reward=3.03811,3.03811,3.03811,0,3.03811,0,3.03811,
DuU..R.
#reward=3.0559,3.0559,3.0559,0,3.0559,0,3.0559,
.R.....
#reward=-0.787019,-0.787019,-0.787019,0,-0.787019,0,-0.787019,
URU....
#reward=0.868022,0.868022,0.868022,0,0.868022,0,0.868022,
.uL....
#reward=2.49226,2.49226,2.49226,0,2.49226,0,2.49226,
.r...U.
#reward=0.934914,0.934914,0.934914,0,0.934914,0,0.934914,
D..U.D.
#reward=1.63013,1.63013,1.63013,0,1.63013,0,1.63013,
ULR.R..
#reward=0.0963033,0.0963033,0.0963033,0,0.0963033,0,0.0963033,
.R.D...
#reward=2.07473,2.07473,2.07473,0,2.07473,0,2.07473,
.D..RL.
#reward=3.36519,3.36519,3.36519,0,3.36519,0,3.36519,
.RL..R.
#reward=3.08744,3.08744,3.08744,0,3.08744,0,3.08744,
D.RUD..
#reward=1.63129,1.63129,1.63129,0,1.63129,0,1.63129,
L..D...
#reward=3.90897,3.90897,3.90897,0,3.90897,0,3.90897,
R......
#reward=0.0115293,0.0115293,0.0115293,0,0.0115293,0,0.0115293,
DLD....
#reward=-0.910815,-0.910815,-0.910815,0,-0.910815,0,-0.910815,
RUDU...
#reward=0.126099,0.126099,0.126099,0,0.126099,0,0.126099,
R.DDlL.
#reward=1.20366,1.20366,1.20366,0,1.20366,0,1.20366,
.LUURD.
#reward=2.01475,2.01475,2.01475,0,2.01475,0,2.01475,
.R..URL
#reward=1.84536,1.84536,1.84536,0,1.84536,0,1.84536,
..DD.LR
#reward=2.4983,2.4983,2.4983,0,2.4983,0,2.4983,
....RR.
#reward=1.26441,1.26441,1.26441,0,1.26441,0,1.26441,
..RULLL
#reward=1.58548,1.58548,1.58548,0,1.58548,0,1.58548,
.D.DRRR
#reward=5.23613,5.23613,5.23613,0,5.23613,0,5.23613,
.uL.U.L
#reward=2.5681,2.5681,2.5681,0,2.5681,0,2.5681,
LDU.UUR
#reward=1.98181,1.98181,1.98181,0,1.98181,0,1.98181,
DL.....
#reward=3.71803,3.71803,3.71803,0,3.71803,0,3.71803,
D..URD.
#reward=2.58425,2.58425,2.58425,0,2.58425,0,2.58425,
..DD...
#reward=2.26603,2.26603,2.26603,0,2.26603,0,2.26603,
U.U.UU.
#reward=3.03545,3.03545,3.03545,0,3.03545,0,3.03545,
DRD..L.
#reward=2.77714,2.77714,2.77714,0,2.77714,0,2.77714,
DLu..D.
#reward=2.53141,2.53141,2.53141,0,2.53141,0,2.53141,
DR.Uu..
#reward=2.53751,2.53751,2.53751,0,2.53751,0,2.53751,
lLR.DR.
#reward=2.58389,2.58389,2.58389,0,2.58389,0,2.58389,
....LU.
#reward=2.86416,2.86416,2.86416,0,2.86416,0,2.86416,
uRLDUD.
#reward=2.7401,2.7401,2.7401,0,2.7401,0,2.7401,
.L.UD..
#reward=-0.11557,-0.11557,-0.11557,0,-0.11557,0,-0.11557,
.R...L.
#reward=3.78859,3.78859,3.78859,0,3.78859,0,3.78859,
DuLD...
#reward=2.1136,2.1136,2.1136,0,2.1136,0,2.1136,
DRr.U..
#reward=3.45138,3.45138,3.45138,0,3.45138,0,3.45138,
L...LR.
#reward=2.02728,2.02728,2.02728,0,2.02728,0,2.02728,
L....UL
#reward=2.72284,2.72284,2.72284,0,2.72284,0,2.72284,
LU..U.R
#reward=3.31239,3.31239,3.31239,0,3.31239,0,3.31239,
....R..
#reward=2.89883,2.89883,2.89883,0,2.89883,0,2.89883,
.....U.
#reward=0.151007,0.151007,0.151007,0,0.151007,0,0.151007,
RRL..D.
#reward=1.80822,1.80822,1.80822,0,1.80822,0,1.80822,
.R..LL.
#reward=0.163014,0.163014,0.163014,0,0.163014,0,0.163014,
.L..rD.
#reward=2.18407,2.18407,2.18407,0,2.18407,0,2.18407,
Lu.UuU.
#reward=0.741401,0.741401,0.741401,0,0.741401,0,0.741401,
.D.D.D.
#reward=0.499283,0.499283,0.499283,0,0.499283,0,0.499283,
RUR.L..
#reward=2.74555,2.74555,2.74555,0,2.74555,0,2.74555,
LR..RU.
#reward=3.29789,3.29789,3.29789,0,3.29789,0,3.29789,
....DD.
#reward=3.04419,3.04419,3.04419,0,3.04419,0,3.04419,
R..UU..
#reward=2.02621,2.02621,2.02621,0,2.02621,0,2.02621,
UL.DD..
#reward=0.373379,0.373379,0.373379,0,0.373379,0,0.373379,
...UUR.
#reward=2.83545,2.83545,2.83545,0,2.83545,0,2.83545,
.D...LL
#reward=2.34094,2.34094,2.34094,0,2.34094,0,2.34094,
LD.DLRR
#reward=4.21143,4.21143,4.21143,0,4.21143,0,4.21143,
.D..RU.
#reward=1.73828,1.73828,1.73828,0,1.73828,0,1.73828,
...U.LL
#reward=1.48773,1.48773,1.48773,0,1.48773,0,1.48773,
.D.D.RR
#reward=1.69383,1.69383,1.69383,0,1.69383,0,1.69383,
.R..DU.
#reward=1.70164,1.70164,1.70164,0,1.70164,0,1.70164,
R...U..
#reward=1.00921,1.00921,1.00921,0,1.00921,0,1.00921,
LL.....
#reward=2.59643,2.59643,2.59643,0,2.59643,0,2.59643,
R....D.
#reward=-0.556343,-0.556343,-0.556343,0,-0.556343,0,-0.556343,
DR.....
