#port=47014
#reward=9.0477,9.0477,9.0477,9.0477,9.0477,9.0477,9.0477,
#reward=2.02492,2.02492,2.02492,2.02492,2.02492,2.02492,2.02492,
dD.U.uR
#reward=0.703015,0.703015,0.703015,0.703015,0.703015,0.703015,0.703015,
.DUU.rD
#reward=0.723976,0.723976,0.723976,0.723976,0.723976,0.723976,0.723976,
.du..Ld
#reward=2.33691,2.33691,2.33691,2.33691,2.33691,2.33691,2.33691,
LRr..UR
#reward=1.4861,1.4861,1.4861,1.4861,1.4861,1.4861,1.4861,
DUDR.D.
#reward=2.83655,2.83655,2.83655,2.83655,2.83655,2.83655,2.83655,
dlDu.uR
#reward=2.33778,2.33778,2.33778,2.33778,2.33778,2.33778,2.33778,
luUl..l
#reward=1.48575,1.48575,1.48575,1.48575,1.48575,1.48575,1.48575,
.rR..dU
#reward=1.10809,-30.319,1.10809,1.10809,1.10809,1.10809,1.10809,
UdDD.LR
#reward=1.87209,0,1.87209,1.87209,1.87209,1.87209,1.87209,
U.ru.dR
#reward=2.04162,0,2.04162,2.04162,2.04162,2.04162,2.04162,
R.uL.ru
#reward=2.37124,0,2.37124,2.37124,2.37124,2.37124,2.37124,
d.DD.LL
#reward=1.37174,0,1.37174,1.37174,1.37174,1.37174,1.37174,
R..u.DD
#reward=2.1319,0,2.1319,2.1319,2.1319,2.1319,2.1319,
r.Ud.U.
#reward=2.4638,0,2.4638,2.4638,2.4638,2.4638,2.4638,
l.dl.dL
#reward=2.61733,0,2.61733,2.61733,2.61733,2.61733,2.61733,
D....uU
#reward=1.9744,0,1.9744,1.9744,1.9744,-30.2968,1.9744,
..LR.rL
#reward=2.00376,0,2.00376,2.00376,2.00376,0,2.00376,
D.DU..R
#reward=1.9525,0,1.9525,1.9525,1.9525,0,1.9525,
d.Dr..l
#reward=3.4344,0,3.4344,-30.2275,3.4344,0,3.4344,
u.dd..d
#reward=2.81639,0,2.81639,0,2.81639,0,2.81639,
......R
#reward=-32.4783,0,2.17053,0,2.17053,0,2.17053,
r.U...L
#reward=0,0,1.99673,0,1.99673,0,1.99673,
..D...U
#reward=0,0,2.02248,0,2.02248,0,2.02248,
..u...d
#reward=0,0,1.59475,0,1.59475,0,1.59475,
..R...l
#reward=0,0,1.89903,0,1.89903,0,1.89903,
..R...R
#reward=0,0,1.50966,0,1.50966,0,1.50966,
..r.L..
#reward=0,0,2.1422,0,2.1422,0,2.1422,
..u...U
#reward=0,0,2.15279,0,2.15279,0,2.15279,
..D.u.U
#reward=0,0,1.44471,0,1.44471,0,1.44471,
..l...D
#reward=0,0,1.93514,0,1.93514,0,1.93514,
..d.R.L
#reward=0,0,3.05102,0,3.05102,0,3.05102,
..U.u.U
#reward=0,0,-21.6531,0,2.01679,0,2.01679,
..d.L.r
#reward=0,0,0,0,2.81499,0,2.81499,
..L.R.D
#reward=0,0,0,0,2.50302,0,2.50302,
..L.L.r
#reward=0,0,0,0,3.54398,0,3.54398,
......L
#reward=0,0,-10.7442,0,1.10766,0,1.10766,
..r....
#reward=0,0,0,0,4.2806,0,4.2806,
......R
#reward=0,0,0,0,0.168391,0,0.168391,
....R.D
#reward=0,0,0,0,1.25354,0,1.25354,
....L..
#reward=0,0,0,0,3.29128,0,3.29128,
....R.U
#reward=0,0,0,0,1.55025,0,1.55025,
......D
#reward=0,0,0,0,1.38813,0,1.38813,
......U
#reward=0,0,0,0,1.73568,0,1.73568,
......D
#reward=0,0,0,0,2.62943,0,2.62943,
......R
#reward=0,0,0,0,2.58815,0,2.58815,
.......
#reward=0,0,0,0,1.02173,0,1.02173,
......d
#reward=0,0,0,0,1.80959,0,1.80959,
.......
#reward=0,0,0,0,1.89814,0,1.89814,
.......
#reward=0,0,0,0,1.79738,0,1.79738,
.......
#reward=0,0,0,0,2.90378,0,2.90378,
.......
#reward=0,0,0,0,0.993075,0,-34.6998,
......l
#reward=0,0,0,0,1.75895,0,0,
.......
#reward=0,0,0,0,2.43092,0,0,
.......
#reward=0,0,0,0,2.82245,0,0,
.......
#reward=0,0,0,0,-0.189342,0,0,
....L..
#reward=0,0,0,0,2.54157,0,0,
.......
#reward=0,0,0,0,2.07294,0,0,
.......
#reward=0,0,0,0,0.866312,0,0,
.......
#reward=0,0,0,0,1.46426,0,0,
.......
#reward=0,0,0,0,2.48213,0,0,
.......
#reward=0,0,0,0,2.29763,0,0,
.......
#reward=0,0,0,0,2.698,0,0,
.......
#reward=0,0,0,0,3.09174,0,0,
.......
#reward=0,0,0,0,-0.290548,0,0,
.......
#reward=0,0,0,0,2.15671,0,0,
....R..
#reward=0,0,0,0,4.20021,0,0,
.......
#reward=0,0,0,0,2.25905,0,0,
.......
#reward=0,0,0,0,1.90556,0,0,
.......
#reward=0,0,0,0,2.60728,0,0,
.......
#reward=0,0,0,0,1.51072,0,0,
.......
#reward=0,0,0,0,2.33674,0,0,
.......
#reward=0,0,0,0,2.93476,0,0,
.......
#reward=0,0,0,0,1.02252,0,0,
.......
#reward=0,0,0,0,1.73792,0,0,
.......
#reward=0,0,0,0,0.622177,0,0,
....R..
#reward=0,0,0,0,3.72762,0,0,
.......
#reward=0,0,0,0,3.29278,0,0,
.......
#reward=0,0,0,0,2.03514,0,0,
.......
#reward=0,0,0,0,2.18967,0,0,
.......
#reward=0,0,0,0,1.79116,0,0,
.......
#reward=0,0,0,0,2.37423,0,0,
.......
#reward=0,0,0,0,2.60775,0,0,
.......
#reward=0,0,0,0,-0.647841,0,0,
.......
#reward=0,0,0,0,3.67247,0,0,
....R..
#reward=0,0,0,0,2.60919,0,0,
.......
#reward=0,0,0,0,2.45161,0,0,
.......
#reward=0,0,0,0,3.15822,0,0,
.......
#reward=0,0,0,0,0.645986,0,0,
.......
#reward=0,0,0,0,2.35223,0,0,
.......
#reward=0,0,0,0,0.978351,0,0,
.......
#reward=0,0,0,0,3.3918,0,0,
....R..
#reward=0,0,0,0,2.58557,0,0,
.......
#reward=0,0,0,0,3.07802,0,0,
.......
#reward=0,0,0,0,2.43957,0,0,
....R..
#reward=0,0,0,0,2.27291,0,0,
....U..
#reward=0,0,0,0,0.664546,0,0,
....u..
#reward=0,0,0,0,0.0905213,0,0,
.......
#reward=0,0,0,0,2.43736,0,0,
.......
#reward=0,0,0,0,1.89996,0,0,
.......
#reward=0,0,0,0,2.20062,0,0,
....R..
#reward=0,0,0,0,1.12627,0,0,
....U..
#reward=0,0,0,0,2.02694,0,0,
....U..
#reward=0,0,0,0,1.72176,0,0,
....R..
#reward=0,0,0,0,0.750944,0,0,
.......
#reward=0,0,0,0,1.8395,0,0,
.......
#reward=0,0,0,0,2.80565,0,0,
.......
#reward=0,0,0,0,1.78129,0,0,
.......
#reward=0,0,0,0,-0.289133,0,0,
.......
#reward=0,0,0,0,3.56957,0,0,
.......
#reward=0,0,0,0,2.48403,0,0,
.......
#reward=0,0,0,0,0.418033,0,0,
.......
#reward=0,0,0,0,2.5698,0,0,
.......
#reward=0,0,0,0,0.94589,0,0,
.......
#reward=0,0,0,0,2.86881,0,0,
.......
#reward=0,0,0,0,1.63647,0,0,
.......
#reward=0,0,0,0,2.9892,0,0,
.......
#reward=0,0,0,0,2.20478,0,0,
.......
#reward=0,0,0,0,2.02841,0,0,
.......
#reward=0,0,0,0,2.53796,0,0,
.......
#reward=0,0,0,0,2.10547,0,0,
.......
#reward=0,0,0,0,3.40913,0,0,
.......
#reward=0,0,0,0,-0.879929,0,0,
.......
#reward=0,0,0,0,4.27744,0,0,
.......
#reward=0,0,0,0,0.594285,0,0,
.......
#reward=0,0,0,0,0.787659,0,0,
.......
#reward=0,0,0,0,4.5245,0,0,
.......
#reward=0,0,0,0,1.37182,0,0,
....R..
#reward=0,0,0,0,1.92318,0,0,
....U..
#reward=0,0,0,0,-0.469338,0,0,
....R..
#reward=0,0,0,0,3.00894,0,0,
....R..
#reward=0,0,0,0,2.55961,0,0,
.......
#reward=0,0,0,0,1.89982,0,0,
....L..
#reward=0,0,0,0,0.524787,0,0,
.......
#reward=0,0,0,0,2.59769,0,0,
....R..
#reward=0,0,0,0,2.38551,0,0,
....u..
#reward=0,0,0,0,2.57665,0,0,
....R..
#reward=0,0,0,0,2.49462,0,0,
.......
#reward=0,0,0,0,0.567332,0,0,
.......
#reward=0,0,0,0,2.88842,0,0,
.......
#reward=0,0,0,0,1.19874,0,0,
....L..
#reward=0,0,0,0,2.00927,0,0,
....R..
#reward=0,0,0,0,1.2571,0,0,
....L..
#reward=0,0,0,0,0.468839,0,0,
.......
#reward=0,0,0,0,1.45117,0,0,
.......
#reward=0,0,0,0,1.49899,0,0,
.......
#reward=0,0,0,0,1.79682,0,0,
.......
#reward=0,0,0,0,2.88882,0,0,
.......
#reward=0,0,0,0,0.347665,0,0,
.......
#reward=0,0,0,0,1.77999,0,0,
.......
#reward=0,0,0,0,2.07471,0,0,
.......
#reward=0,0,0,0,2.82829,0,0,
.......
#reward=0,0,0,0,2.16066,0,0,
.......
#reward=0,0,0,0,2.30728,0,0,
.......
#reward=0,0,0,0,2.64658,0,0,
....R..
#reward=0,0,0,0,2.04394,0,0,
....R..
#reward=0,0,0,0,2.3935,0,0,
.......
#reward=0,0,0,0,1.77782,0,0,
.......
#reward=0,0,0,0,2.35327,0,0,
.......
#reward=0,0,0,0,2.21897,0,0,
.......
#reward=0,0,0,0,2.25849,0,0,
.......
#reward=0,0,0,0,1.81709,0,0,
....r..
#reward=0,0,0,0,2.68449,0,0,
.......
#reward=0,0,0,0,1.21037,0,0,
.......
#reward=0,0,0,0,3.16394,0,0,
.......
#reward=0,0,0,0,2.26479,0,0,
.......
#reward=0,0,0,0,2.10961,0,0,
.......
#reward=0,0,0,0,2.14268,0,0,
.......
#reward=0,0,0,0,3.167,0,0,
.......
#reward=0,0,0,0,1.69089,0,0,
.......
#reward=0,0,0,0,0.115112,0,0,
.......
#reward=0,0,0,0,2.6339,0,0,
.......
#reward=0,0,0,0,3.12921,0,0,
.......
#reward=0,0,0,0,2.3544,0,0,
.......
#reward=0,0,0,0,2.40333,0,0,
.......
#reward=0,0,0,0,2.82762,0,0,
.......
#reward=0,0,0,0,2.96944,0,0,
.......
#reward=0,0,0,0,2.27334,0,0,
.......
#reward=0,0,0,0,0.882298,0,0,
.......
#reward=0,0,0,0,1.19989,0,0,
.......
#reward=0,0,0,0,1.78648,0,0,
.......
#reward=0,0,0,0,1.55072,0,0,
.......
#reward=0,0,0,0,1.57133,0,0,
.......
#reward=0,0,0,0,2.86259,0,0,
.......
#reward=0,0,0,0,0.746624,0,0,
.......
#reward=0,0,0,0,1.71475,0,0,
.......
#reward=0,0,0,0,0.758686,0,0,
.......
#reward=0,0,0,0,1.85591,0,0,
.......
#reward=0,0,0,0,2.68957,0,0,
.......
#reward=0,0,0,0,3.19236,0,0,
.......
#reward=0,0,0,0,1.74921,0,0,
.......
#reward=0,0,0,0,1.6322,0,0,
.......
#reward=0,0,0,0,4.31977,0,0,
.......
#reward=0,0,0,0,-0.535128,0,0,
.......
#reward=0,0,0,0,3.60414,0,0,
.......
#reward=0,0,0,0,3.49847,0,0,
.......
#reward=0,0,0,0,3.86858,0,0,
.......
#reward=0,0,0,0,1.88104,0,0,
.......
#reward=0,0,0,0,0.352359,0,0,
.......
#reward=0,0,0,0,1.27208,0,0,
.......
#reward=0,0,0,0,1.84192,0,0,
.......
#reward=0,0,0,0,1.45446,0,0,
.......
#reward=0,0,0,0,0.243933,0,0,
.......
#reward=0,0,0,0,2.13205,0,0,
.......
#reward=0,0,0,0,1.22787,0,0,
.......
#reward=0,0,0,0,2.84944,0,0,
.......
#reward=0,0,0,0,2.61579,0,0,
....L..
#reward=0,0,0,0,2.2135,0,0,
.......
#reward=0,0,0,0,0.905317,0,0,
.......
#reward=0,0,0,0,1.98065,0,0,
.......
#reward=0,0,0,0,1.74316,0,0,
.......
#reward=0,0,0,0,2.19965,0,0,
.......
#reward=0,0,0,0,2.98117,0,0,
.......
#reward=0,0,0,0,3.02803,0,0,
.......
#reward=0,0,0,0,1.03296,0,0,
.......
#reward=0,0,0,0,1.40818,0,0,
....R..
#reward=0,0,0,0,2.36533,0,0,
....D..
#reward=0,0,0,0,3.64645,0,0,
....R..
#reward=0,0,0,0,1.94444,0,0,
.......
#reward=0,0,0,0,1.27659,0,0,
.......
#reward=0,0,0,0,2.52092,0,0,
.......
#reward=0,0,0,0,1.50525,0,0,
.......
#reward=0,0,0,0,2.84653,0,0,
.......
#reward=0,0,0,0,2.3134,0,0,
.......
#reward=0,0,0,0,1.4941,0,0,
.......
#reward=0,0,0,0,2.33618,0,0,
.......
#reward=0,0,0,0,2.24834,0,0,
.......
#reward=0,0,0,0,0.56639,0,0,
.......
#reward=0,0,0,0,2.24897,0,0,
.......
#reward=0,0,0,0,1.70916,0,0,
....R..
#reward=0,0,0,0,2.83449,0,0,
....u..
#reward=0,0,0,0,0.932202,0,0,
....R..
#reward=0,0,0,0,2.99744,0,0,
.......
#reward=0,0,0,0,3.73176,0,0,
.......
#reward=0,0,0,0,0.947325,0,0,
.......
#reward=0,0,0,0,1.90178,0,0,
.......
#reward=0,0,0,0,2.68361,0,0,
.......
#reward=0,0,0,0,0.825409,0,0,
.......
#reward=0,0,0,0,1.58345,0,0,
.......
#reward=0,0,0,0,1.01438,0,0,
.......
#reward=0,0,0,0,3.38684,0,0,
.......
#reward=0,0,0,0,2.5307,0,0,
....R..
#reward=0,0,0,0,4.36386,0,0,
....L..
#reward=0,0,0,0,1.29148,0,0,
.......
#reward=0,0,0,0,0.180109,0,0,
.......
#reward=0,0,0,0,2.53108,0,0,
.......
#reward=0,0,0,0,-1.3619,0,0,
.......
#reward=0,0,0,0,1.89573,0,0,
.......
#reward=0,0,0,0,3.81442,0,0,
.......
#reward=0,0,0,0,2.12162,0,0,
.......
#reward=0,0,0,0,2.2798,0,0,
.......
#reward=0,0,0,0,1.23292,0,0,
.......
#reward=0,0,0,0,1.77878,0,0,
.......
#reward=0,0,0,0,2.36591,0,0,
.......
#reward=0,0,0,0,1.05883,0,0,
.......
#reward=0,0,0,0,1.39966,0,0,
.......
#reward=0,0,0,0,1.49802,0,0,
.......
#reward=0,0,0,0,2.2156,0,0,
.......
#reward=0,0,0,0,0.265089,0,0,
.......
#reward=0,0,0,0,2.69433,0,0,
.......
#reward=0,0,0,0,0.804574,0,0,
.......
#reward=0,0,0,0,1.51781,0,0,
.......
#reward=0,0,0,0,2.52044,0,0,
.......
#reward=0,0,0,0,3.6478,0,0,
.......
#reward=0,0,0,0,0.371278,0,0,
.......
#reward=0,0,0,0,3.12819,0,0,
.......
#reward=0,0,0,0,2.33128,0,0,
.......
#reward=0,0,0,0,2.20705,0,0,
.......
#reward=0,0,0,0,3.56331,0,0,
.......
#reward=0,0,0,0,0.786943,0,0,
.......
#reward=0,0,0,0,3.00421,0,0,
.......
#reward=0,0,0,0,1.87867,0,0,
.......
#reward=0,0,0,0,2.72179,0,0,
.......
#reward=0,0,0,0,0.966402,0,0,
.......
#reward=0,0,0,0,1.40742,0,0,
.......
#reward=0,0,0,0,0.915239,0,0,
.......
#reward=0,0,0,0,2.18338,0,0,
.......
#reward=0,0,0,0,2.26776,0,0,
.......
#reward=0,0,0,0,2.95712,0,0,
.......
#reward=0,0,0,0,1.72282,0,0,
.......
#reward=0,0,0,0,1.98811,0,0,
.......
#reward=0,0,0,0,1.65491,0,0,
....R..
#reward=0,0,0,0,3.2936,0,0,
....R..
#reward=0,0,0,0,2.38425,0,0,
.......
#reward=0,0,0,0,1.69149,0,0,
.......
#reward=0,0,0,0,3.62849,0,0,
....L..
#reward=0,0,0,0,-0.372419,0,0,
....R..
#reward=0,0,0,0,3.19435,0,0,
.......
#reward=0,0,0,0,1.99826,0,0,
....L..
#reward=0,0,0,0,1.27782,0,0,
.......
#reward=0,0,0,0,2.21293,0,0,
.......
#reward=0,0,0,0,1.67773,0,0,
.......
#reward=0,0,0,0,2.49998,0,0,
.......
#reward=0,0,0,0,2.28919,0,0,
.......
#reward=0,0,0,0,2.96774,0,0,
.......
#reward=0,0,0,0,2.21729,0,0,
.......
#reward=0,0,0,0,1.36771,0,0,
....u..
#reward=0,0,0,0,2.80619,0,0,
.......
#reward=0,0,0,0,1.91791,0,0,
.......
#reward=0,0,0,0,2.0063,0,0,
....R..
