#port=42525
#reward=7.44224,7.44224,7.44224,7.44224,7.44224,7.44224,7.44224,7.44224,
#reward=2.58922,2.58922,2.58922,2.58922,2.58922,2.58922,2.58922,2.58922,
urDRr.Ru
#reward=1.97629,1.97629,1.97629,1.97629,1.97629,1.97629,1.97629,1.97629,
LduD.DlR
#reward=2.23203,2.23203,2.23203,2.23203,2.23203,2.23203,2.23203,2.23203,
LLDD.uDu
#reward=0.0787983,0.0787983,0.0787983,0.0787983,0.0787983,0.0787983,0.0787983,0.0787983,
Drld.dlR
#reward=2.08141,2.08141,2.08141,2.08141,2.08141,2.08141,2.08141,2.08141,
r.uR.RUL
#reward=-62.4489,2.65675,-62.4489,2.65675,2.65675,2.65675,2.65675,2.65675,
..dr.UDR
#reward=0,1.13545,0,1.13545,1.13545,1.13545,1.13545,1.13545,
.L.d.DrL
#reward=0,1.67451,0,1.67451,1.67451,1.67451,1.67451,1.67451,
.R...dDD
#reward=0,1.19253,0,1.19253,1.19253,1.19253,1.19253,1.19253,
.d.l.l.D
#reward=0,2.24795,0,2.24795,2.24795,2.24795,2.24795,2.24795,
.u.U.Uld
#reward=0,2.38214,0,2.38214,2.38214,2.38214,2.38214,2.38214,
.L.U.du.
#reward=0,1.37403,0,1.37403,1.37403,1.37403,1.37403,1.37403,
...U.URR
#reward=0,2.52987,0,2.52987,2.52987,2.52987,2.52987,2.52987,
.u.L.RLD
#reward=0,4.07336,0,4.07336,4.07336,4.07336,4.07336,4.07336,
.D.duLR.
#reward=0,2.38086,0,2.38086,2.38086,2.38086,2.38086,2.38086,
.d.L..Du
#reward=0,-48.069,0,2.66934,2.66934,2.66934,2.66934,2.66934,
.l.D.lL.
#reward=0,-16.0274,0,1.33489,1.33489,1.33489,1.33489,1.33489,
.u.U.DRD
#reward=0,0,0,2.07048,2.07048,2.07048,2.07048,2.07048,
...D.uL.
#reward=0,0,0,2.01052,2.01052,2.01052,2.01052,2.01052,
...UD.Ul
#reward=0,0,0,1.47211,1.47211,1.47211,1.47211,1.47211,
...D..RD
#reward=0,0,0,1.98936,1.98936,1.98936,1.98936,1.98936,
...U.Rll
#reward=0,0,0,1.68171,1.68171,1.68171,1.68171,1.68171,
...R.u..
#reward=0,0,0,1.33437,1.33437,1.33437,1.33437,1.33437,
...R.RdR
#reward=0,0,0,0.996778,0.996778,0.996778,0.996778,0.996778,
...R...l
#reward=0,0,0,2.99485,2.99485,2.99485,2.99485,2.99485,
...DRRRd
#reward=0,0,0,3.10339,3.10339,3.10339,3.10339,3.10339,
...LrRrU
#reward=0,0,0,4.82455,4.82455,4.82455,4.82455,4.82455,
...u.LlL
#reward=0,0,0,2.11074,2.11074,2.11074,2.11074,2.11074,
...R.UDU
#reward=0,0,0,2.87341,2.87341,2.87341,2.87341,2.87341,
...l..DD
#reward=0,0,0,1.45786,1.45786,1.45786,1.45786,1.45786,
...r..UR
#reward=0,0,0,1.83931,1.83931,1.83931,1.83931,1.83931,
...U.uRD
#reward=0,0,0,2.6928,2.6928,2.6928,2.6928,2.6928,
...U..D.
#reward=0,0,0,-0.755064,-0.755064,-0.755064,-0.755064,-0.755064,
...r.Ll.
#reward=0,0,0,2.46732,2.46732,2.46732,2.46732,2.46732,
...L.Rd.
#reward=0,0,0,3.06298,3.06298,3.06298,3.06298,3.06298,
...u.lr.
#reward=0,0,0,2.99194,2.99194,2.99194,2.99194,2.99194,
...R....
#reward=0,0,0,3.32206,3.32206,3.32206,-67.32,3.32206,
...L.duU
#reward=0,0,0,-0.423564,-0.423564,-0.423564,0,-0.423564,
...r....
#reward=0,0,0,0.931075,0.931075,0.931075,0,0.931075,
.....R.l
#reward=0,0,0,1.60632,1.60632,1.60632,0,1.60632,
...L.D.d
#reward=0,0,0,3.7216,3.7216,3.7216,0,3.7216,
...D.d.r
#reward=0,0,0,3.55495,3.55495,3.55495,0,3.55495,
...LL..U
#reward=0,0,0,1.6643,1.6643,1.6643,0,1.6643,
...Ru..l
#reward=0,0,0,0.203504,0.203504,0.203504,0,0.203504,
...UL..u
#reward=0,0,0,1.74703,1.74703,1.74703,0,1.74703,
...LLU..
#reward=0,0,0,4.46678,4.46678,4.46678,0,4.46678,
...d...D
#reward=0,0,0,4.16814,4.16814,4.16814,0,-68.1141,
...r.r.u
#reward=0,0,0,0.83647,0.83647,0.83647,0,0,
.....L..
#reward=0,0,0,0.437461,0.437461,0.437461,0,0,
.....R..
#reward=0,0,0,1.68068,1.68068,1.68068,0,0,
...U.D..
#reward=0,0,0,3.93277,3.93277,3.93277,0,0,
...D.U..
#reward=0,0,0,6.20004,6.20004,6.20004,0,0,
...U.u..
#reward=0,0,0,2.15303,2.15303,2.15303,0,0,
...d.l..
#reward=0,0,0,1.80934,1.80934,1.80934,0,0,
...U....
#reward=0,0,0,-0.622777,-0.622777,-0.622777,0,0,
...U.D..
#reward=0,0,0,0.365898,0.365898,-60.6203,0,0,
...D.r..
#reward=0,0,0,2.27143,2.27143,0,0,0,
...r.U..
#reward=0,0,0,1.8088,1.8088,0,0,0,
...U.D..
#reward=0,0,0,2.98443,2.98443,-10.0889,0,0,
...r.u..
#reward=0,0,0,0.476448,0.476448,0,0,0,
...D....
#reward=0,0,0,-0.396508,-0.396508,0,0,0,
...U....
#reward=0,0,0,3.2793,3.2793,0,0,0,
...U....
#reward=0,0,0,1.42265,1.42265,0,0,0,
...D....
#reward=0,0,0,-46.655,2.56659,0,0,0,
...u....
#reward=0,0,0,-20.2667,2.16151,0,0,0,
...d....
#reward=0,0,0,0,2.03033,0,0,0,
........
#reward=0,0,0,0,6.9751,0,0,0,
........
#reward=0,0,0,0,-0.509784,0,0,0,
........
#reward=0,0,0,0,1.64497,0,0,0,
........
#reward=0,0,0,0,1.78998,0,0,0,
........
#reward=0,0,0,0,4.00836,0,0,0,
........
#reward=0,0,0,0,0.629516,0,0,0,
....R...
#reward=0,0,0,0,3.11222,0,0,0,
....U...
#reward=0,0,0,0,0.435016,0,0,0,
....U...
#reward=0,0,0,0,4.3734,0,0,0,
........
#reward=0,0,0,0,0.907024,0,0,0,
........
#reward=0,0,0,0,0.328526,0,0,0,
........
#reward=0,0,0,0,1.17762,0,0,0,
........
#reward=0,0,0,0,4.51915,0,0,0,
........
#reward=0,0,0,0,-1.39648,0,0,0,
........
#reward=0,0,0,0,3.01817,0,0,0,
........
#reward=0,0,0,0,2.30145,0,0,0,
........
#reward=0,0,0,0,-0.269777,0,0,0,
........
#reward=0,0,0,0,1.92137,0,0,0,
........
#reward=0,0,0,0,1.58945,0,0,0,
........
#reward=0,0,0,0,3.18313,0,0,0,
........
#reward=0,0,0,0,5.29064,0,0,0,
........
#reward=0,0,0,0,1.02958,0,0,0,
........
#reward=0,0,0,0,1.5841,0,0,0,
........
#reward=0,0,0,0,2.16468,0,0,0,
........
#reward=0,0,0,0,0.867633,0,0,0,
........
#reward=0,0,0,0,0.75982,0,0,0,
........
#reward=0,0,0,0,3.3991,0,0,0,
........
#reward=0,0,0,0,4.85711,0,0,0,
........
#reward=0,0,0,0,-0.385893,0,0,0,
........
#reward=0,0,0,0,2.70919,0,0,0,
........
#reward=0,0,0,0,1.44149,0,0,0,
........
#reward=0,0,0,0,0.323906,0,0,0,
........
#reward=0,0,0,0,3.074,0,0,0,
........
#reward=0,0,0,0,2.03376,0,0,0,
........
#reward=0,0,0,0,1.70777,0,0,0,
........
#reward=0,0,0,0,0.232754,0,0,0,
........
#reward=0,0,0,0,4.01693,0,0,0,
........
#reward=0,0,0,0,0.419016,0,0,0,
........
#reward=0,0,0,0,1.22429,0,0,0,
........
#reward=0,0,0,0,1.98605,0,0,0,
........
#reward=0,0,0,0,2.25711,0,0,0,
........
#reward=0,0,0,0,2.70003,0,0,0,
........
#reward=0,0,0,0,4.74322,0,0,0,
........
#reward=0,0,0,0,-0.180033,0,0,0,
........
#reward=0,0,0,0,3.31131,0,0,0,
........
#reward=0,0,0,0,0.783298,0,0,0,
........
#reward=0,0,0,0,2.61053,0,0,0,
........
#reward=0,0,0,0,0.406226,0,0,0,
........
#reward=0,0,0,0,3.52367,0,0,0,
........
#reward=0,0,0,0,1.96269,0,0,0,
........
#reward=0,0,0,0,4.41522,0,0,0,
........
#reward=0,0,0,0,0.990561,0,0,0,
........
#reward=0,0,0,0,-0.413207,0,0,0,
........
#reward=0,0,0,0,2.55743,0,0,0,
........
#reward=0,0,0,0,2.21268,0,0,0,
........
#reward=0,0,0,0,0.897633,0,0,0,
........
#reward=0,0,0,0,3.72431,0,0,0,
........
#reward=0,0,0,0,0.457808,0,0,0,
........
#reward=0,0,0,0,1.53852,0,0,0,
........
#reward=0,0,0,0,2.48025,0,0,0,
........
#reward=0,0,0,0,3.24356,0,0,0,
........
#reward=0,0,0,0,-0.104505,0,0,0,
........
#reward=0,0,0,0,3.2201,0,0,0,
........
#reward=0,0,0,0,1.7253,0,0,0,
........
#reward=0,0,0,0,3.97446,0,0,0,
........
#reward=0,0,0,0,2.52392,0,0,0,
........
#reward=0,0,0,0,1.2559,0,0,0,
........
#reward=0,0,0,0,3.34707,0,0,0,
........
#reward=0,0,0,0,2.29597,0,0,0,
........
#reward=0,0,0,0,1.51331,0,0,0,
........
#reward=0,0,0,0,0.541156,0,0,0,
........
#reward=0,0,0,0,4.25669,0,0,0,
........
#reward=0,0,0,0,1.8694,0,0,0,
........
#reward=0,0,0,0,3.31187,0,0,0,
........
#reward=0,0,0,0,-0.40863,0,0,0,
........
#reward=0,0,0,0,4.67274,0,0,0,
........
#reward=0,0,0,0,1.9366,0,0,0,
........
#reward=0,0,0,0,1.33887,0,0,0,
........
#reward=0,0,0,0,1.1591,0,0,0,
........
#reward=0,0,0,0,1.80426,0,0,0,
........
#reward=0,0,0,0,0.945983,0,0,0,
........
#reward=0,0,0,0,1.50309,0,0,0,
........
#reward=0,0,0,0,2.49024,0,0,0,
........
#reward=0,0,0,0,3.27797,0,0,0,
........
#reward=0,0,0,0,2.83112,0,0,0,
........
#reward=0,0,0,0,2.64738,0,0,0,
........
#reward=0,0,0,0,0.315422,0,0,0,
........
#reward=0,0,0,0,0.93272,0,0,0,
........
#reward=0,0,0,0,0.530784,0,0,0,
........
#reward=0,0,0,0,2.10837,0,0,0,
........
#reward=0,0,0,0,1.51115,0,0,0,
........
#reward=0,0,0,0,1.89258,0,0,0,
........
#reward=0,0,0,0,2.49007,0,0,0,
........
#reward=0,0,0,0,4.81199,0,0,0,
........
#reward=0,0,0,0,1.59858,0,0,0,
........
#reward=0,0,0,0,-0.572024,0,0,0,
........
#reward=0,0,0,0,2.47718,0,0,0,
........
#reward=0,0,0,0,1.23675,0,0,0,
........
#reward=0,0,0,0,1.64951,0,0,0,
........
#reward=0,0,0,0,0.711875,0,0,0,
........
#reward=0,0,0,0,2.44696,0,0,0,
........
#reward=0,0,0,0,0.332897,0,0,0,
........
#reward=0,0,0,0,4.14704,0,0,0,
........
#reward=0,0,0,0,0.526407,0,0,0,
........
#reward=0,0,0,0,3.73903,0,0,0,
........
#reward=0,0,0,0,2.30533,0,0,0,
........
#reward=0,0,0,0,2.77506,0,0,0,
........
#reward=0,0,0,0,3.33213,0,0,0,
........
#reward=0,0,0,0,1.31851,0,0,0,
........
#reward=0,0,0,0,2.73537,0,0,0,
........
#reward=0,0,0,0,0.0698428,0,0,0,
........
#reward=0,0,0,0,3.90264,0,0,0,
........
#reward=0,0,0,0,1.19244,0,0,0,
........
#reward=0,0,0,0,3.5057,0,0,0,
........
#reward=0,0,0,0,-1.31795,0,0,0,
........
#reward=0,0,0,0,3.36623,0,0,0,
........
#reward=0,0,0,0,1.94073,0,0,0,
........
#reward=0,0,0,0,3.82907,0,0,0,
........
#reward=0,0,0,0,0.992837,0,0,0,
........
#reward=0,0,0,0,1.23932,0,0,0,
........
#reward=0,0,0,0,2.39776,0,0,0,
........
#reward=0,0,0,0,1.73622,0,0,0,
........
#reward=0,0,0,0,2.1511,0,0,0,
........
#reward=0,0,0,0,2.2625,0,0,0,
........
#reward=0,0,0,0,3.14688,0,0,0,
........
#reward=0,0,0,0,-0.0778926,0,0,0,
........
#reward=0,0,0,0,2.70432,0,0,0,
........
#reward=0,0,0,0,0.174913,0,0,0,
........
#reward=0,0,0,0,2.00124,0,0,0,
........
#reward=0,0,0,0,4.95772,0,0,0,
........
#reward=0,0,0,0,0.205726,0,0,0,
........
#reward=0,0,0,0,1.10933,0,0,0,
........
#reward=0,0,0,0,3.37689,0,0,0,
........
#reward=0,0,0,0,1.58805,0,0,0,
........
#reward=0,0,0,0,2.60763,0,0,0,
........
#reward=0,0,0,0,1.36767,0,0,0,
........
#reward=0,0,0,0,1.88379,0,0,0,
........
#reward=0,0,0,0,3.70405,0,0,0,
........
#reward=0,0,0,0,-3.15827,0,0,0,
........
#reward=0,0,0,0,2.92583,0,0,0,
........
#reward=0,0,0,0,3.30773,0,0,0,
........
#reward=0,0,0,0,0.741323,0,0,0,
........
#reward=0,0,0,0,3.74863,0,0,0,
........
#reward=0,0,0,0,1.24972,0,0,0,
........
#reward=0,0,0,0,-0.262932,0,0,0,
........
#reward=0,0,0,0,1.69067,0,0,0,
........
#reward=0,0,0,0,2.88898,0,0,0,
........
#reward=0,0,0,0,4.86957,0,0,0,
........
#reward=0,0,0,0,0.484283,0,0,0,
........
#reward=0,0,0,0,1.40301,0,0,0,
........
#reward=0,0,0,0,3.58135,0,0,0,
........
#reward=0,0,0,0,0.935567,0,0,0,
........
#reward=0,0,0,0,3.41605,0,0,0,
........
#reward=0,0,0,0,-1.03082,0,0,0,
........
#reward=0,0,0,0,2.53038,0,0,0,
........
#reward=0,0,0,0,2.27405,0,0,0,
........
#reward=0,0,0,0,3.14823,0,0,0,
........
#reward=0,0,0,0,3.552,0,0,0,
........
#reward=0,0,0,0,1.55389,0,0,0,
........
#reward=0,0,0,0,0.478695,0,0,0,
........
#reward=0,0,0,0,3.7549,0,0,0,
........
#reward=0,0,0,0,1.01207,0,0,0,
........
#reward=0,0,0,0,0.426682,0,0,0,
........
#reward=0,0,0,0,3.75315,0,0,0,
........
#reward=0,0,0,0,2.05866,0,0,0,
........
#reward=0,0,0,0,3.18103,0,0,0,
........
#reward=0,0,0,0,0.853729,0,0,0,
........
#reward=0,0,0,0,2.06164,0,0,0,
........
#reward=0,0,0,0,2.85782,0,0,0,
........
#reward=0,0,0,0,-0.76276,0,0,0,
........
#reward=0,0,0,0,2.45974,0,0,0,
........
#reward=0,0,0,0,2.64811,0,0,0,
........
#reward=0,0,0,0,0.623735,0,0,0,
........
#reward=0,0,0,0,4.25146,0,0,0,
........
#reward=0,0,0,0,3.1811,0,0,0,
........
#reward=0,0,0,0,0.137937,0,0,0,
........
#reward=0,0,0,0,2.30273,0,0,0,
........
#reward=0,0,0,0,0.0187351,0,0,0,
........
#reward=0,0,0,0,1.86829,0,0,0,
........
#reward=0,0,0,0,1.76533,0,0,0,
........
#reward=0,0,0,0,0.791132,0,0,0,
........
#reward=0,0,0,0,2.481,0,0,0,
........
#reward=0,0,0,0,5.57523,0,0,0,
........
#reward=0,0,0,0,1.27843,0,0,0,
........
#reward=0,0,0,0,0.0806917,0,0,0,
........
#reward=0,0,0,0,3.50885,0,0,0,
........
#reward=0,0,0,0,2.03475,0,0,0,
........
#reward=0,0,0,0,3.18441,0,0,0,
........
#reward=0,0,0,0,2.12482,0,0,0,
........
#reward=0,0,0,0,1.45643,0,0,0,
........
#reward=0,0,0,0,0.124079,0,0,0,
........
#reward=0,0,0,0,3.42661,0,0,0,
........
#reward=0,0,0,0,1.09711,0,0,0,
........
#reward=0,0,0,0,2.37882,0,0,0,
........
#reward=0,0,0,0,3.48601,0,0,0,
........
#reward=0,0,0,0,-0.473408,0,0,0,
........
#reward=0,0,0,0,1.76565,0,0,0,
........
#reward=0,0,0,0,2.49111,0,0,0,
........
#reward=0,0,0,0,3.98772,0,0,0,
........
#reward=0,0,0,0,3.17788,0,0,0,
........
#reward=0,0,0,0,0.223291,0,0,0,
........
#reward=0,0,0,0,4.69154,0,0,0,
........
#reward=0,0,0,0,-1.18946,0,0,0,
........
#reward=0,0,0,0,1.61477,0,0,0,
........
#reward=0,0,0,0,-0.126332,0,0,0,
........
#reward=0,0,0,0,3.4192,0,0,0,
........
#reward=0,0,0,0,4.09514,0,0,0,
........
#reward=0,0,0,0,-2.5002,0,0,0,
........
#reward=0,0,0,0,3.86259,0,0,0,
........
#reward=0,0,0,0,2.78465,0,0,0,
........
#reward=0,0,0,0,2.33861,0,0,0,
........
#reward=0,0,0,0,4.13884,0,0,0,
........
#reward=0,0,0,0,-1.47387,0,0,0,
........
#reward=0,0,0,0,4.19723,0,0,0,
........
#reward=0,0,0,0,1.90756,0,0,0,
........
#reward=0,0,0,0,3.72813,0,0,0,
........
#reward=0,0,0,0,-0.157037,0,0,0,
........
#reward=0,0,0,0,3.79799,0,0,0,
........
#reward=0,0,0,0,0.535229,0,0,0,
........
#reward=0,0,0,0,1.63435,0,0,0,
........
#reward=0,0,0,0,2.11792,0,0,0,
........
#reward=0,0,0,0,1.61892,0,0,0,
........
#reward=0,0,0,0,1.89676,0,0,0,
........
#reward=0,0,0,0,3.82286,0,0,0,
........
#reward=0,0,0,0,1.63166,0,0,0,
........
#reward=0,0,0,0,1.15839,0,0,0,
........
#reward=0,0,0,0,2.52939,0,0,0,
........
#reward=0,0,0,0,1.07858,0,0,0,
........
#reward=0,0,0,0,5.06705,0,0,0,
........
#reward=0,0,0,0,2.58094,0,0,0,
........
#reward=0,0,0,0,1.2802,0,0,0,
........
#reward=0,0,0,0,3.35275,0,0,0,
........
#reward=0,0,0,0,-0.0773973,0,0,0,
........
#reward=0,0,0,0,1.69163,0,0,0,
........
