#port=47014
#reward=10.0166,10.0166,10.0166,10.0166,10.0166,10.0166,10.0166,10.0166,10.0166,10.0166,
#reward=1.85209,1.85209,1.85209,1.85209,1.85209,1.85209,1.85209,1.85209,1.85209,1.85209,
RURd.RUrU.
#reward=1.78781,1.78781,1.78781,1.78781,1.78781,1.78781,1.78781,1.78781,1.78781,1.78781,
.RUu.L.DDL
#reward=0.19065,0.19065,0.19065,0.19065,0.19065,0.19065,0.19065,0.19065,0.19065,0.19065,
RD.r...ULD
#reward=1.78341,1.78341,1.78341,1.78341,1.78341,1.78341,1.78341,1.78341,1.78341,1.78341,
LlLLRR.DD.
#reward=2.39735,2.39735,2.39735,2.39735,2.39735,2.39735,2.39735,2.39735,2.39735,2.39735,
lrdRDL.lLu
#reward=2.55147,2.55147,2.55147,2.55147,2.55147,2.55147,2.55147,2.55147,2.55147,2.55147,
ru...R.UUD
#reward=2.4389,2.4389,2.4389,2.4389,2.4389,2.4389,2.4389,2.4389,2.4389,2.4389,
.D.LUU.dl.
#reward=1.26014,1.26014,1.26014,1.26014,1.26014,1.26014,1.26014,1.26014,1.26014,1.26014,
.RR..L.uDD
#reward=1.92391,1.92391,1.92391,1.92391,1.92391,1.92391,1.92391,1.92391,1.92391,1.92391,
.DDR.U.LDd
#reward=0.714617,0.714617,0.714617,-31.5386,0.714617,0.714617,0.714617,0.714617,0.714617,0.714617,
..rluR.R.U
#reward=2.45899,2.45899,2.45899,0,2.45899,2.45899,2.45899,2.45899,2.45899,2.45899,
DRU.lR.Lru
#reward=1.79244,1.79244,1.79244,0,1.79244,1.79244,1.79244,1.79244,1.79244,1.79244,
drr.DL.rld
#reward=1.96082,1.96082,1.96082,0,1.96082,1.96082,1.96082,1.96082,1.96082,1.96082,
uDD.DU.uUr
#reward=1.8159,1.8159,1.8159,0,1.8159,1.8159,1.8159,1.8159,1.8159,1.8159,
Luu.lU.Ll.
#reward=2.10598,2.10598,2.10598,0,2.10598,2.10598,2.10598,2.10598,2.10598,2.10598,
lLD.Rl.Ud.
#reward=1.81351,1.81351,1.81351,0,1.81351,1.81351,1.81351,1.81351,1.81351,-30.3874,
DdL.dd.d.l
