#port=42525
#reward=5.46399,5.46399,5.46399,5.46399,5.46399,5.46399,
#reward=2.24476,2.24476,2.24476,2.24476,2.24476,2.24476,
ruurr.
#reward=1.92514,1.92514,1.92514,1.92514,1.92514,1.92514,
D.Rl.r
#reward=3.34708,3.34708,3.34708,3.34708,3.34708,3.34708,
l.r.D.
#reward=0.801896,0.801896,0.801896,0.801896,0.801896,0.801896,
...U.D
#reward=2.55985,2.55985,2.55985,2.55985,2.55985,2.55985,
U.UrrU
#reward=1.92366,1.92366,1.92366,1.92366,1.92366,1.92366,
D.uD..
#reward=2.81229,2.81229,2.81229,2.81229,2.81229,2.81229,
r.rU.u
#reward=1.05802,1.05802,1.05802,1.05802,1.05802,1.05802,
UDDDl.
#reward=2.16281,2.16281,2.16281,2.16281,2.16281,2.16281,
UDDD..
#reward=1.20221,1.20221,1.20221,1.20221,1.20221,1.20221,
r.DlDD
#reward=2.26654,2.26654,2.26654,2.26654,2.26654,2.26654,
.UUD.u
#reward=2.23059,2.23059,2.23059,2.23059,2.23059,2.23059,
l.lrrD
#reward=2.96917,2.96917,2.96917,2.96917,2.96917,2.96917,
D.rD.U
#reward=1.83206,1.83206,1.83206,1.83206,1.83206,1.83206,
..DD.R
#reward=2.52328,2.52328,2.52328,2.52328,2.52328,2.52328,
.U.rlr
#reward=1.9211,1.9211,1.9211,1.9211,1.9211,1.9211,
L.LLu.
#reward=3.13931,3.13931,3.13931,3.13931,3.13931,3.13931,
..rLD.
#reward=1.3883,1.3883,1.3883,1.3883,1.3883,1.3883,
....L.
#reward=2.79524,2.79524,2.79524,2.79524,2.79524,2.79524,
R.DrD.
#reward=1.24541,1.24541,1.24541,1.24541,1.24541,1.24541,
D.LuU.
#reward=3.26413,3.26413,3.26413,3.26413,3.26413,3.26413,
..r.l.
#reward=1.60929,1.60929,1.60929,1.60929,1.60929,1.60929,
U..lrL
#reward=1.84203,1.84203,1.84203,1.84203,1.84203,1.84203,
LD..DR
#reward=1.39924,1.39924,1.39924,1.39924,1.39924,1.39924,
l...r.
#reward=2.35919,2.35919,2.35919,2.35919,2.35919,2.35919,
R.l.LD
#reward=2.22344,2.22344,2.22344,2.22344,2.22344,2.22344,
l...rL
#reward=2.31876,2.31876,2.31876,2.31876,2.31876,2.31876,
..D..R
#reward=2.20657,2.20657,2.20657,2.20657,2.20657,2.20657,
UUU..l
#reward=1.22992,1.22992,1.22992,1.22992,1.22992,1.22992,
.D...R
#reward=2.75567,2.75567,2.75567,2.75567,2.75567,2.75567,
.U.DD.
#reward=1.33217,1.33217,1.33217,1.33217,1.33217,1.33217,
....DR
#reward=1.89352,1.89352,1.89352,1.89352,1.89352,1.89352,
D.ul..
#reward=0.444053,0.444053,0.444053,0.444053,0.444053,0.444053,
...Dr.
#reward=2.68783,2.68783,2.68783,2.68783,2.68783,2.68783,
.DDrD.
#reward=2.9897,2.9897,2.9897,2.9897,2.9897,2.9897,
D.DLLl
#reward=3.01698,3.01698,3.01698,3.01698,3.01698,3.01698,
.LlLr.
#reward=1.59355,1.59355,1.59355,1.59355,1.59355,1.59355,
UlrUDU
#reward=3.26001,3.26001,3.26001,3.26001,3.26001,3.26001,
UDD..U
#reward=1.06895,1.06895,1.06895,1.06895,1.06895,1.06895,
.RlLLr
#reward=2.17262,2.17262,2.17262,2.17262,2.17262,2.17262,
.UDLD.
#reward=0.72085,0.72085,0.72085,0.72085,0.72085,0.72085,
DUlru.
#reward=2.46826,2.46826,2.46826,2.46826,2.46826,2.46826,
..r.DD
#reward=3.01071,3.01071,3.01071,3.01071,3.01071,3.01071,
DDull.
#reward=2.8594,2.8594,2.8594,2.8594,2.8594,2.8594,
D..UuD
#reward=1.60699,1.60699,1.60699,1.60699,1.60699,1.60699,
.L.lDU
#reward=0.963657,0.963657,0.963657,0.963657,0.963657,0.963657,
R.D.r.
#reward=0.682057,0.682057,0.682057,0.682057,0.682057,0.682057,
RrL..U
#reward=3.79335,3.79335,3.79335,3.79335,3.79335,3.79335,
L..R..
#reward=1.84859,1.84859,1.84859,1.84859,1.84859,1.84859,
......
#reward=1.82803,1.82803,1.82803,1.82803,1.82803,1.82803,
L....D
#reward=0.572654,0.572654,0.572654,0.572654,0.572654,0.572654,
lDRUUU
#reward=1.15464,1.15464,1.15464,1.15464,1.15464,1.15464,
.D.D.D
#reward=4.02015,4.02015,4.02015,4.02015,4.02015,4.02015,
Ul....
#reward=2.74699,2.74699,2.74699,2.74699,2.74699,2.74699,
.UDU..
#reward=0.0762731,0.0762731,0.0762731,0.0762731,0.0762731,0.0762731,
ULur..
#reward=1.46148,1.46148,1.46148,1.46148,1.46148,1.46148,
.L..R.
#reward=2.49839,2.49839,2.49839,2.49839,2.49839,2.49839,
.rRLU.
#reward=1.89182,1.89182,1.89182,1.89182,1.89182,1.89182,
UL..R.
#reward=2.72657,2.72657,2.72657,2.72657,2.72657,2.72657,
DRRRL.
#reward=2.20235,2.20235,2.20235,2.20235,2.20235,2.20235,
..R.R.
#reward=4.31864,4.31864,4.31864,4.31864,4.31864,4.31864,
.UuDl.
#reward=1.36489,1.36489,1.36489,1.36489,1.36489,1.36489,
...LRU
#reward=1.58203,1.58203,1.58203,1.58203,1.58203,1.58203,
.uL.L.
#reward=2.72993,2.72993,2.72993,2.72993,2.72993,2.72993,
U...rD
#reward=2.02236,2.02236,2.02236,2.02236,2.02236,2.02236,
..DUUU
#reward=2.69421,2.69421,2.69421,2.69421,2.69421,2.69421,
.DLLR.
#reward=4.25714,4.25714,4.25714,4.25714,4.25714,4.25714,
U..Ur.
#reward=3.9265,3.9265,3.9265,3.9265,3.9265,3.9265,
ULUll.
#reward=2.73066,2.73066,2.73066,2.73066,2.73066,2.73066,
LL...U
#reward=0.726406,0.726406,0.726406,0.726406,0.726406,0.726406,
rDuR..
#reward=0.584717,0.584717,0.584717,0.584717,0.584717,0.584717,
Ul.R..
#reward=1.67225,1.67225,1.67225,1.67225,1.67225,1.67225,
DR.L.u
#reward=3.48303,3.48303,3.48303,3.48303,3.48303,3.48303,
.r.u.D
#reward=1.10866,1.10866,1.10866,1.10866,1.10866,1.10866,
..R..L
#reward=0.666904,0.666904,0.666904,0.666904,0.666904,0.666904,
UuL..R
#reward=2.63052,2.63052,2.63052,2.63052,2.63052,2.63052,
rLRL.U
#reward=2.50534,2.50534,2.50534,2.50534,2.50534,2.50534,
LDRR.r
#reward=3.23203,3.23203,3.23203,3.23203,3.23203,3.23203,
UULL..
#reward=2.13012,2.13012,2.13012,2.13012,2.13012,2.13012,
L..R.D
#reward=1.12895,1.12895,1.12895,1.12895,1.12895,1.12895,
LU.L.L
#reward=0.573826,0.573826,0.573826,0.573826,0.573826,0.573826,
DLR...
#reward=2.63618,2.63618,2.63618,2.63618,2.63618,2.63618,
U.RRUU
#reward=0.386815,0.386815,0.386815,0.386815,0.386815,0.386815,
L.U.DR
#reward=2.12221,2.12221,2.12221,2.12221,-35.042,2.12221,
R...u.
#reward=3.20532,3.20532,3.20532,3.20532,0,3.20532,
.U.R..
#reward=-0.164347,-0.164347,-0.164347,-0.164347,0,-0.164347,
.UDL.D
#reward=1.98042,1.98042,1.98042,1.98042,0,1.98042,
..Ul..
#reward=0.716014,0.716014,0.716014,0.716014,0,0.716014,
..U..U
#reward=4.41119,4.41119,4.41119,4.41119,0,4.41119,
RlU..L
#reward=0.611367,0.611367,0.611367,0.611367,0,0.611367,
L....U
#reward=2.97495,2.97495,2.97495,2.97495,0,2.97495,
L.uD..
#reward=1.71649,1.71649,1.71649,1.71649,0,1.71649,
......
#reward=3.43588,3.43588,3.43588,3.43588,0,3.43588,
LU.R..
#reward=1.62987,1.62987,1.62987,1.62987,0,1.62987,
R.rL..
#reward=3.04696,3.04696,3.04696,3.04696,0,3.04696,
.rDD..
#reward=2.70465,2.70465,2.70465,2.70465,0,2.70465,
R..D..
#reward=0.702924,0.702924,0.702924,0.702924,0,0.702924,
.Dl...
#reward=4.60844,4.60844,4.60844,4.60844,0,4.60844,
UR...U
#reward=0.836686,0.836686,0.836686,0.836686,0,0.836686,
..r...
#reward=2.42536,2.42536,2.42536,2.42536,0,2.42536,
.DDD.r
#reward=0.895523,0.895523,0.895523,0.895523,0,0.895523,
.RD..U
#reward=3.92066,3.92066,3.92066,3.92066,0,3.92066,
.rR...
#reward=2.61462,2.61462,2.61462,2.61462,0,2.61462,
D.r...
#reward=2.59935,2.59935,2.59935,2.59935,0,2.59935,
.UUu.R
#reward=2.41844,2.41844,2.41844,2.41844,0,2.41844,
.U.L.r
#reward=1.02498,1.02498,1.02498,1.02498,0,1.02498,
..LL..
#reward=0.429185,0.429185,0.429185,0.429185,0,0.429185,
LrDD..
#reward=1.89837,1.89837,1.89837,1.89837,0,1.89837,
..UL..
#reward=1.90779,1.90779,1.90779,1.90779,0,1.90779,
RU...L
#reward=1.75489,1.75489,1.75489,1.75489,0,1.75489,
.....D
#reward=1.71235,1.71235,1.71235,1.71235,0,1.71235,
Ur.r..
#reward=1.50058,1.50058,1.50058,1.50058,0,1.50058,
.uuD.L
#reward=1.93218,1.93218,1.93218,1.93218,0,1.93218,
D..R.r
#reward=3.73952,3.73952,3.73952,3.73952,0,3.73952,
D..r.u
#reward=1.73345,1.73345,1.73345,1.73345,0,1.73345,
D....D
#reward=1.03693,1.03693,1.03693,1.03693,0,1.03693,
.....D
#reward=2.27325,2.27325,2.27325,2.27325,0,2.27325,
DL.L..
#reward=0.185146,0.185146,0.185146,0.185146,0,0.185146,
rRDL.R
#reward=3.09105,3.09105,3.09105,3.09105,0,3.09105,
l.UL..
#reward=2.16911,2.16911,2.16911,2.16911,0,2.16911,
...U.D
#reward=1.71104,1.71104,1.71104,1.71104,0,1.71104,
D..U.U
#reward=1.62638,1.62638,1.62638,1.62638,0,1.62638,
lLDR.L
#reward=4.14111,4.14111,4.14111,4.14111,0,4.14111,
r..L.U
#reward=0.838143,0.838143,0.838143,0.838143,0,0.838143,
U..R.U
#reward=1.3981,1.3981,1.3981,1.3981,0,1.3981,
..RD..
#reward=2.43078,2.43078,2.43078,2.43078,0,2.43078,
..LD..
#reward=2.4074,2.4074,2.4074,2.4074,0,2.4074,
URLL..
#reward=1.78301,1.78301,1.78301,1.78301,0,1.78301,
..RR.L
#reward=4.01245,4.01245,4.01245,4.01245,0,4.01245,
.DRR..
#reward=-0.986329,-0.986329,-0.986329,-0.986329,0,-0.986329,
D.U..R
#reward=2.48789,2.48789,2.48789,2.48789,0,2.48789,
..lu..
#reward=4.22618,4.22618,4.22618,4.22618,0,4.22618,
...L..
#reward=3.02983,3.02983,3.02983,3.02983,0,3.02983,
uU.R.D
#reward=-0.111797,-0.111797,-0.111797,-0.111797,0,-0.111797,
.....L
#reward=0.525908,0.525908,0.525908,0.525908,0,0.525908,
D..D.U
#reward=2.55368,2.55368,2.55368,2.55368,0,2.55368,
...D..
#reward=2.42961,2.42961,2.42961,2.42961,0,2.42961,
..R..D
#reward=3.0169,3.0169,3.0169,3.0169,0,3.0169,
U..L..
#reward=0.0383244,0.0383244,0.0383244,0.0383244,0,0.0383244,
D..D.R
#reward=1.12569,1.12569,1.12569,1.12569,0,1.12569,
.D.L..
#reward=0.374667,0.374667,0.374667,0.374667,0,0.374667,
..Uu.D
#reward=3.89692,3.89692,3.89692,3.89692,0,3.89692,
.UDD..
#reward=2.65235,2.65235,2.65235,2.65235,0,2.65235,
.....R
#reward=3.37385,3.37385,3.37385,3.37385,0,3.37385,
.D.L.D
#reward=1.94908,1.94908,1.94908,1.94908,0,1.94908,
UU.D..
#reward=2.22176,2.22176,2.22176,2.22176,0,2.22176,
.DLU..
#reward=3.58533,3.58533,3.58533,3.58533,0,3.58533,
...R..
#reward=1.65687,1.65687,1.65687,1.65687,0,1.65687,
D.R...
#reward=2.36028,2.36028,2.36028,2.36028,0,2.36028,
.u.R..
#reward=2.31062,2.31062,2.31062,2.31062,0,2.31062,
..UD..
#reward=3.93644,3.93644,3.93644,3.93644,0,3.93644,
.DD...
#reward=-1.698,-1.698,-1.698,-1.698,0,-1.698,
D.U...
#reward=2.48778,2.48778,2.48778,2.48778,0,2.48778,
DU.U..
#reward=1.0288,1.0288,1.0288,1.0288,0,1.0288,
lDDL..
#reward=0.837816,0.837816,0.837816,0.837816,0,0.837816,
.LLD.U
#reward=0.307164,0.307164,0.307164,0.307164,0,0.307164,
RRDD.L
#reward=3.91584,3.91584,3.91584,3.91584,0,3.91584,
L....U
#reward=1.81258,1.81258,1.81258,1.81258,0,1.81258,
R.LR.D
#reward=1.83973,1.83973,1.83973,1.83973,0,1.83973,
LDRR.R
#reward=1.18839,1.18839,1.18839,1.18839,0,1.18839,
.U.R.U
#reward=2.71982,2.71982,2.71982,2.71982,0,2.71982,
.l.u.D
#reward=4.68018,4.68018,4.68018,4.68018,0,4.68018,
.ULL.L
#reward=4.20502,4.20502,4.20502,4.20502,0,4.20502,
DDLD..
#reward=1.32528,1.32528,1.32528,1.32528,0,1.32528,
R.D..U
#reward=1.66496,1.66496,1.66496,1.66496,0,1.66496,
.UU..r
#reward=1.92058,1.92058,1.92058,1.92058,0,1.92058,
lDR..U
#reward=2.13451,2.13451,2.13451,2.13451,0,2.13451,
UUR...
#reward=1.38095,1.38095,1.38095,1.38095,0,1.38095,
D.LU.L
#reward=1.6653,1.6653,1.6653,1.6653,0,1.6653,
R.R...
#reward=2.2234,2.2234,2.2234,2.2234,0,2.2234,
L.D...
#reward=1.91849,1.91849,1.91849,1.91849,0,1.91849,
rD.L.D
#reward=2.71826,2.71826,2.71826,2.71826,0,2.71826,
D..U..
#reward=0.436168,0.436168,0.436168,0.436168,0,0.436168,
UU.L..
#reward=2.82241,2.82241,2.82241,2.82241,0,2.82241,
.DUR..
#reward=2.33114,2.33114,2.33114,2.33114,0,2.33114,
..DD..
#reward=-0.512999,-0.512999,-0.512999,-0.512999,0,-0.512999,
DD....
#reward=0.448131,0.448131,0.448131,0.448131,0,0.448131,
LL....
#reward=0.625649,0.625649,0.625649,0.625649,0,0.625649,
.R...R
#reward=2.19114,2.19114,2.19114,2.19114,0,2.19114,
.L.L.L
#reward=2.1414,2.1414,2.1414,2.1414,0,2.1414,
.l....
#reward=2.41346,2.41346,2.41346,2.41346,0,2.41346,
.D.R..
#reward=0.803991,0.803991,0.803991,0.803991,0,0.803991,
.LU..R
#reward=2.64872,2.64872,2.64872,2.64872,0,2.64872,
.....L
#reward=2.28502,2.28502,2.28502,2.28502,0,2.28502,
LLL..R
#reward=1.78006,1.78006,1.78006,1.78006,0,1.78006,
RL.U..
#reward=5.11603,5.11603,5.11603,5.11603,0,5.11603,
.ll..L
#reward=4.98676,4.98676,4.98676,4.98676,0,4.98676,
.R.U..
#reward=-0.36799,-0.36799,-0.36799,-0.36799,0,-0.36799,
.R.U.R
#reward=1.71233,1.71233,1.71233,1.71233,0,1.71233,
RLR...
#reward=1.73464,1.73464,1.73464,1.73464,0,1.73464,
L.DL.L
#reward=3.40641,3.40641,3.40641,3.40641,0,3.40641,
DL.l..
#reward=2.96405,2.96405,2.96405,2.96405,0,2.96405,
LR.R.U
#reward=-0.365682,-0.365682,-0.365682,-0.365682,0,-0.365682,
L.....
#reward=2.6461,2.6461,2.6461,2.6461,0,2.6461,
ULUr.D
#reward=2.609,2.609,-27.6258,2.609,0,2.609,
.Duu.R
#reward=2.68301,2.68301,0,2.68301,0,2.68301,
l..L.U
#reward=1.73449,1.73449,0,1.73449,0,1.73449,
rLLR..
#reward=0.618416,0.618416,0,0.618416,0,0.618416,
D.R...
#reward=0.936431,0.936431,0,0.936431,0,0.936431,
LL.D..
#reward=3.45928,3.45928,0,3.45928,0,3.45928,
lR.L..
#reward=1.11645,1.11645,0,1.11645,0,1.11645,
..L...
#reward=3.45347,3.45347,0,3.45347,0,3.45347,
..R...
#reward=5.991,5.991,0,5.991,0,5.991,
.LDl.D
#reward=1.62841,1.62841,0,1.62841,0,1.62841,
.LUU.L
#reward=3.38282,3.38282,0,3.38282,0,3.38282,
.L.D.u
#reward=0.723023,0.723023,0,0.723023,0,0.723023,
.L.R..
#reward=0.30821,0.30821,0,0.30821,0,0.30821,
.RD..R
#reward=1.41921,1.41921,0,1.41921,0,1.41921,
.L...U
#reward=5.25596,5.25596,0,5.25596,0,5.25596,
.LUD.D
#reward=1.58146,1.58146,0,1.58146,0,1.58146,
.RD..D
#reward=2.03584,2.03584,0,2.03584,0,2.03584,
.RUL..
#reward=-0.594378,-0.594378,0,-0.594378,0,-0.594378,
RL.u..
#reward=0.970814,0.970814,0,0.970814,0,0.970814,
.L...R
#reward=2.0862,2.0862,0,2.0862,0,2.0862,
R..D.L
#reward=4.14015,4.14015,0,4.14015,0,4.14015,
.R.U.R
#reward=4.41974,4.41974,0,4.41974,0,4.41974,
LRL..R
#reward=1.95792,1.95792,0,1.95792,0,1.95792,
RRR...
#reward=3.21563,3.21563,0,3.21563,0,3.21563,
rR.D..
#reward=1.77877,1.77877,0,1.77877,0,1.77877,
LDLU..
#reward=0.10081,0.10081,0,0.10081,0,0.10081,
UURL..
#reward=0.545697,0.545697,0,0.545697,0,0.545697,
.UDR..
#reward=3.21819,3.21819,0,3.21819,0,3.21819,
ULUD..
#reward=1.07156,1.07156,0,1.07156,0,1.07156,
uULR..
#reward=2.22397,2.22397,0,2.22397,0,2.22397,
LDRL..
#reward=1.81705,1.81705,0,1.81705,0,1.81705,
RDD...
#reward=2.17307,2.17307,0,2.17307,0,2.17307,
D.UR..
#reward=-0.562932,-0.562932,0,-0.562932,0,-0.562932,
DL.L..
#reward=1.39681,1.39681,0,1.39681,0,1.39681,
LR.U..
#reward=3.03453,3.03453,0,3.03453,0,3.03453,
..Dr..
#reward=1.16224,1.16224,0,1.16224,0,1.16224,
..U..D
#reward=3.25421,3.25421,0,3.25421,0,-18.8401,
.L...d
#reward=3.35413,3.35413,0,3.35413,0,0,
RR...L
#reward=0.45046,0.45046,0,0.45046,0,0,
LUL..R
#reward=1.55376,1.55376,0,1.55376,0,0,
.DR..L
#reward=1.85846,1.85846,0,1.85846,0,0,
..L...
#reward=3.3567,3.3567,0,3.3567,0,0,
.uRD..
#reward=-1.10568,-1.10568,0,-1.10568,0,0,
RRDR..
#reward=2.75635,2.75635,0,2.75635,0,0,
LRU..R
#reward=0.545448,0.545448,0,0.545448,0,0,
RD....
#reward=3.37821,3.37821,0,3.37821,0,0,
.UL...
#reward=4.70974,4.70974,0,4.70974,0,0,
..RR..
#reward=1.2944,1.2944,0,1.2944,0,0,
U.DL..
#reward=0.227088,0.227088,0,0.227088,0,0,
U.....
#reward=2.60512,2.60512,0,2.60512,0,0,
D....L
#reward=3.64879,3.64879,0,3.64879,0,0,
.RU..R
#reward=1.57187,1.57187,0,1.57187,0,0,
.R....
#reward=1.70481,1.70481,0,1.70481,0,0,
.D...L
#reward=3.95796,3.95796,0,3.95796,0,0,
U....R
#reward=-0.528925,-0.528925,0,-0.528925,0,0,
L..R.U
#reward=2.61121,2.61121,0,2.61121,0,0,
...L.D
#reward=1.08657,1.08657,0,1.08657,0,0,
l..R.U
#reward=3.7347,3.7347,0,3.7347,0,0,
.U.R.L
#reward=2.1896,2.1896,0,2.1896,0,0,
.DD...
#reward=2.73702,2.73702,0,2.73702,0,0,
.U...D
#reward=1.06373,1.06373,0,1.06373,0,0,
R.UR.U
#reward=3.72933,3.72933,0,3.72933,0,0,
RDDU.R
#reward=1.49273,1.49273,0,1.49273,0,0,
.R.U.L
#reward=2.51151,2.51151,0,2.51151,0,0,
.....L
#reward=-0.0793374,-0.0793374,0,-0.0793374,0,0,
.....U
#reward=1.41689,1.41689,0,1.41689,0,0,
.L.D..
#reward=-0.71433,-0.71433,0,-0.71433,0,0,
L..D.D
#reward=2.84839,2.84839,0,2.84839,0,0,
DU.D..
#reward=1.89918,1.89918,0,1.89918,0,0,
.UUD.R
#reward=-24.9824,2.33684,0,2.33684,0,0,
u.D..R
#reward=0,1.77926,0,1.77926,0,0,
...U.D
#reward=0,1.52298,0,1.52298,0,0,
.U.u..
#reward=0,2.46646,0,2.46646,0,0,
D..R.L
#reward=0,1.63932,0,1.63932,0,0,
RL.L..
#reward=0,3.85349,0,3.85349,0,0,
.D...R
#reward=0,3.78333,0,3.78333,0,0,
.DU..L
#reward=0,0.855911,0,0.855911,0,0,
LU.D..
#reward=0,2.25144,0,2.25144,0,0,
.R.U.R
#reward=0,3.0616,0,3.0616,0,0,
RR...L
#reward=0,2.0509,0,2.0509,0,0,
..DR.R
#reward=0,1.89542,0,1.89542,0,0,
LR...L
#reward=0,2.02173,0,2.02173,0,0,
RLUL..
#reward=0,2.60818,0,2.60818,0,0,
..LR.U
#reward=0,1.97511,0,1.97511,0,0,
L.RU..
#reward=0,0.803243,0,0.803243,0,0,
RLD...
#reward=0,1.99512,0,1.99512,0,0,
LU...R
#reward=0,4.37339,0,4.37339,0,0,
...r.L
#reward=0,2.30068,0,2.30068,0,0,
.....R
#reward=0,2.61988,0,2.61988,0,0,
..U..L
#reward=0,0.0573216,0,0.0573216,0,0,
L.....
#reward=0,2.37475,0,2.37475,0,0,
...U..
#reward=0,1.17077,0,1.17077,0,0,
.DD..D
#reward=0,1.03564,0,1.03564,0,0,
R.....
#reward=0,0.901287,0,0.901287,0,0,
RRU...
#reward=0,2.59302,0,2.59302,0,0,
..D..R
#reward=0,2.47737,0,2.47737,0,0,
L.UD.U
#reward=0,2.19528,0,2.19528,0,0,
UrD...
#reward=0,3.56665,0,3.56665,0,0,
..U..D
#reward=0,0.326334,0,0.326334,0,0,
..DD..
#reward=0,3.5783,0,3.5783,0,0,
..U...
#reward=0,0.809519,0,0.809519,0,0,
D.DL..
#reward=0,1.73655,0,1.73655,0,0,
RLU...
#reward=0,1.98494,0,1.98494,0,0,
.LD...
#reward=0,3.69235,0,3.69235,0,0,
..U..U
#reward=0,4.86775,0,4.86775,0,0,
.D....
#reward=0,-0.505796,0,-0.505796,0,0,
.LL..L
