#port=42525
#reward=6.26876,6.26876,6.26876,6.26876,6.26876,6.26876,6.26876,6.26876,6.26876,6.26876,
#reward=2.07225,2.07225,2.07225,2.07225,2.07225,2.07225,2.07225,2.07225,2.07225,2.07225,
URuuULUlrD
#reward=1.92324,1.92324,1.92324,1.92324,1.92324,1.92324,1.92324,1.92324,1.92324,1.92324,
RrL.U.dRur
#reward=1.44374,1.44374,1.44374,1.44374,1.44374,1.44374,1.44374,1.44374,1.44374,1.44374,
dlR.rL.dLL
#reward=3.00175,3.00175,3.00175,3.00175,3.00175,3.00175,3.00175,3.00175,3.00175,3.00175,
uD..lrrlL.
#reward=3.05352,3.05352,3.05352,3.05352,3.05352,3.05352,3.05352,3.05352,3.05352,3.05352,
R.l.ddlrll
#reward=0.909106,0.909106,-49.7925,0.909106,0.909106,-49.7925,0.909106,0.909106,0.909106,0.909106,
U.d.UlU.DD
#reward=1.54818,1.54818,0,1.54818,1.54818,0,1.54818,1.54818,1.54818,1.54818,
du..d.D.uu
#reward=2.91827,2.91827,0,2.91827,2.91827,0,-48.2498,-48.2498,2.91827,2.91827,
Ul..l.uuLl
#reward=3.50452,3.50452,0,3.50452,3.50452,0,0,0,3.50452,3.50452,
dR..u...d.
#reward=1.22683,1.22683,0,1.22683,1.22683,0,0,0,1.22683,1.22683,
Ll.rR...R.
#reward=2.58891,2.58891,0,2.58891,2.58891,0,0,0,2.58891,2.58891,
.R..U...DD
#reward=0.777173,0.777173,0,0.777173,0.777173,0,0,0,0.777173,0.777173,
Ll..R...Du
#reward=1.6427,1.6427,0,1.6427,1.6427,0,0,0,1.6427,1.6427,
Du......LL
#reward=3.27141,3.27141,0,3.27141,3.27141,0,0,0,3.27141,3.27141,
.R..D.....
#reward=2.82112,2.82112,0,2.82112,2.82112,0,0,0,2.82112,2.82112,
d.......L.
#reward=1.44474,1.44474,0,1.44474,1.44474,0,0,0,1.44474,1.44474,
.U......uR
#reward=1.91041,1.91041,0,1.91041,1.91041,0,0,0,1.91041,1.91041,
lR..D...l.
#reward=2.47879,2.47879,0,2.47879,2.47879,0,0,0,2.47879,2.47879,
U...D...DD
#reward=3.51412,3.51412,0,3.51412,3.51412,0,0,0,3.51412,3.51412,
UD..R...ul
#reward=0.374437,0.374437,0,0.374437,0.374437,0,0,0,0.374437,0.374437,
rU......d.
#reward=2.45326,2.45326,0,2.45326,2.45326,0,0,0,2.45326,2.45326,
.d..l...LD
#reward=2.04847,2.04847,0,2.04847,2.04847,0,0,0,2.04847,2.04847,
UL..r...RD
#reward=2.73141,2.73141,0,2.73141,2.73141,0,0,0,2.73141,2.73141,
dr..d...LR
#reward=2.57104,2.57104,0,2.57104,2.57104,0,0,0,2.57104,2.57104,
LD......RU
#reward=2.53957,2.53957,0,2.53957,2.53957,0,0,0,2.53957,2.53957,
R.......ru
#reward=1.46861,1.46861,0,1.46861,-53.067,0,0,0,1.46861,1.46861,
lU..u...L.
#reward=2.12004,2.12004,0,2.12004,0,0,0,0,2.12004,2.12004,
.d........
#reward=1.69347,-52.6556,0,1.69347,0,0,0,0,1.69347,1.69347,
Ru......rD
#reward=-43.6888,0,0,3.77315,0,0,0,0,3.77315,3.77315,
r.......DL
#reward=-8.66032,0,0,2.7206,0,0,0,0,2.7206,2.7206,
l.......LU
#reward=0,0,0,3.14528,0,0,0,0,3.14528,3.14528,
........UD
#reward=0,0,0,3.48995,0,0,0,0,3.48995,3.48995,
........LR
#reward=0,0,0,1.73518,0,0,0,0,1.73518,1.73518,
........rd
#reward=0,0,0,2.35648,0,0,0,0,2.35648,2.35648,
........du
#reward=0,0,0,-0.541608,0,0,0,0,-0.541608,-0.541608,
.........R
#reward=0,0,0,2.14944,0,0,0,0,2.14944,2.14944,
........uu
#reward=0,0,0,-0.0820916,0,0,0,0,-55.1775,-0.0820916,
........l.
#reward=0,0,0,4.92307,0,0,0,0,0,4.92307,
.........r
#reward=0,0,0,3.89739,0,0,0,0,0,3.89739,
.........L
#reward=0,0,0,0.270758,0,0,0,0,0,0.270758,
.........r
#reward=0,0,0,4.56838,0,0,0,0,0,4.56838,
..........
#reward=0,0,0,-1.53748,0,0,0,0,0,-1.53748,
..........
#reward=0,0,0,1.84514,0,0,0,0,0,1.84514,
.........L
#reward=0,0,0,1.08491,0,0,0,0,0,1.08491,
.........R
#reward=0,0,0,3.06704,0,0,0,0,0,3.06704,
.........L
#reward=0,0,0,2.82336,0,0,0,0,0,2.82336,
.........r
#reward=0,0,0,1.54111,0,0,0,0,0,1.54111,
.........L
#reward=0,0,0,2.6985,0,0,0,0,0,2.6985,
.........R
#reward=0,0,0,1.29016,0,0,0,0,0,1.29016,
.........d
#reward=0,0,0,2.47437,0,0,0,0,0,2.47437,
..........
#reward=0,0,0,1.76056,0,0,0,0,0,1.76056,
..........
#reward=0,0,0,1.7302,0,0,0,0,0,1.7302,
..........
#reward=0,0,0,1.87222,0,0,0,0,0,1.87222,
.........L
#reward=0,0,0,1.88785,0,0,0,0,0,1.88785,
.........r
#reward=0,0,0,0.108621,0,0,0,0,0,0.108621,
.........D
#reward=0,0,0,1.84509,0,0,0,0,0,1.84509,
.........U
#reward=0,0,0,2.9498,0,0,0,0,0,2.9498,
.........U
#reward=0,0,0,0.465886,0,0,0,0,0,0.465886,
..........
#reward=0,0,0,6.36942,0,0,0,0,0,6.36942,
.........d
#reward=0,0,0,2.03032,0,0,0,0,0,2.03032,
..........
#reward=0,0,0,1.71447,0,0,0,0,0,1.71447,
..........
#reward=0,0,0,2.56733,0,0,0,0,0,2.56733,
..........
#reward=0,0,0,0.395822,0,0,0,0,0,0.395822,
.........R
#reward=0,0,0,3.47083,0,0,0,0,0,3.47083,
.........l
#reward=0,0,0,0.438979,0,0,0,0,0,0.438979,
.........U
#reward=0,0,0,2.42178,0,0,0,0,0,2.42178,
.........D
#reward=0,0,0,0.648084,0,0,0,0,0,0.648084,
..........
#reward=0,0,0,1.46822,0,0,0,0,0,-54.7194,
.........u
#reward=0,0,0,1.27362,0,0,0,0,0,0,
..........
#reward=0,0,0,1.73567,0,0,0,0,0,0,
..........
#reward=0,0,0,1.47236,0,0,0,0,0,0,
..........
#reward=0,0,0,1.84121,0,0,0,0,0,0,
..........
#reward=0,0,0,3.86452,0,0,0,0,0,0,
..........
#reward=0,0,0,3.94835,0,0,0,0,0,0,
..........
#reward=0,0,0,0.452182,0,0,0,0,0,0,
..........
#reward=0,0,0,1.56918,0,0,0,0,0,0,
..........
#reward=0,0,0,1.72205,0,0,0,0,0,0,
..........
#reward=0,0,0,0.883501,0,0,0,0,0,0,
..........
#reward=0,0,0,1.671,0,0,0,0,0,0,
..........
#reward=0,0,0,2.61531,0,0,0,0,0,0,
..........
#reward=0,0,0,2.20911,0,0,0,0,0,0,
..........
#reward=0,0,0,0.917669,0,0,0,0,0,0,
..........
#reward=0,0,0,4.08219,0,0,0,0,0,0,
..........
#reward=0,0,0,2.27451,0,0,0,0,0,0,
..........
#reward=0,0,0,3.06903,0,0,0,0,0,0,
..........
#reward=0,0,0,3.93556,0,0,0,0,0,0,
..........
#reward=0,0,0,2.31431,0,0,0,0,0,0,
..........
#reward=0,0,0,3.37684,0,0,0,0,0,0,
..........
#reward=0,0,0,1.34811,0,0,0,0,0,0,
..........
#reward=0,0,0,0.0537569,0,0,0,0,0,0,
..........
#reward=0,0,0,1.61316,0,0,0,0,0,0,
..........
#reward=0,0,0,1.97848,0,0,0,0,0,0,
..........
#reward=0,0,0,1.15908,0,0,0,0,0,0,
..........
#reward=0,0,0,3.96986,0,0,0,0,0,0,
..........
#reward=0,0,0,-0.0236559,0,0,0,0,0,0,
..........
#reward=0,0,0,1.8408,0,0,0,0,0,0,
..........
#reward=0,0,0,1.92954,0,0,0,0,0,0,
..........
#reward=0,0,0,3.46543,0,0,0,0,0,0,
..........
#reward=0,0,0,0.762959,0,0,0,0,0,0,
..........
#reward=0,0,0,3.18684,0,0,0,0,0,0,
..........
#reward=0,0,0,3.33593,0,0,0,0,0,0,
..........
#reward=0,0,0,-1.60121,0,0,0,0,0,0,
..........
#reward=0,0,0,3.42472,0,0,0,0,0,0,
..........
#reward=0,0,0,0.60141,0,0,0,0,0,0,
..........
#reward=0,0,0,-1.29591,0,0,0,0,0,0,
..........
#reward=0,0,0,3.60205,0,0,0,0,0,0,
..........
#reward=0,0,0,-0.342125,0,0,0,0,0,0,
..........
#reward=0,0,0,2.27592,0,0,0,0,0,0,
..........
#reward=0,0,0,1.39662,0,0,0,0,0,0,
..........
#reward=0,0,0,3.56323,0,0,0,0,0,0,
..........
#reward=0,0,0,2.00877,0,0,0,0,0,0,
..........
#reward=0,0,0,2.6031,0,0,0,0,0,0,
..........
#reward=0,0,0,-0.413919,0,0,0,0,0,0,
..........
#reward=0,0,0,3.32045,0,0,0,0,0,0,
..........
#reward=0,0,0,1.7434,0,0,0,0,0,0,
..........
#reward=0,0,0,3.68845,0,0,0,0,0,0,
..........
#reward=0,0,0,3.46722,0,0,0,0,0,0,
..........
#reward=0,0,0,0.759657,0,0,0,0,0,0,
..........
#reward=0,0,0,2.67507,0,0,0,0,0,0,
..........
#reward=0,0,0,2.03365,0,0,0,0,0,0,
..........
#reward=0,0,0,1.37194,0,0,0,0,0,0,
..........
#reward=0,0,0,1.48132,0,0,0,0,0,0,
..........
#reward=0,0,0,2.86427,0,0,0,0,0,0,
..........
#reward=0,0,0,1.3328,0,0,0,0,0,0,
..........
#reward=0,0,0,2.82332,0,0,0,0,0,0,
..........
#reward=0,0,0,4.69794,0,0,0,0,0,0,
..........
#reward=0,0,0,0.996122,0,0,0,0,0,0,
..........
#reward=0,0,0,0.674778,0,0,0,0,0,0,
..........
#reward=0,0,0,5.68304,0,0,0,0,0,0,
..........
#reward=0,0,0,-0.755808,0,0,0,0,0,0,
..........
#reward=0,0,0,4.33077,0,0,0,0,0,0,
..........
#reward=0,0,0,2.08343,0,0,0,0,0,0,
..........
#reward=0,0,0,1.33461,0,0,0,0,0,0,
..........
#reward=0,0,0,0.845312,0,0,0,0,0,0,
..........
#reward=0,0,0,1.1542,0,0,0,0,0,0,
..........
#reward=0,0,0,-0.111013,0,0,0,0,0,0,
..........
#reward=0,0,0,3.87607,0,0,0,0,0,0,
..........
#reward=0,0,0,3.80378,0,0,0,0,0,0,
..........
#reward=0,0,0,0.811002,0,0,0,0,0,0,
..........
#reward=0,0,0,4.41797,0,0,0,0,0,0,
..........
#reward=0,0,0,2.61809,0,0,0,0,0,0,
..........
#reward=0,0,0,-0.519052,0,0,0,0,0,0,
..........
#reward=0,0,0,2.60687,0,0,0,0,0,0,
..........
#reward=0,0,0,2.40538,0,0,0,0,0,0,
..........
#reward=0,0,0,1.66288,0,0,0,0,0,0,
..........
#reward=0,0,0,2.51586,0,0,0,0,0,0,
..........
#reward=0,0,0,1.78368,0,0,0,0,0,0,
..........
#reward=0,0,0,1.68147,0,0,0,0,0,0,
..........
#reward=0,0,0,4.02189,0,0,0,0,0,0,
..........
#reward=0,0,0,0.813138,0,0,0,0,0,0,
..........
#reward=0,0,0,0.0727948,0,0,0,0,0,0,
..........
#reward=0,0,0,0.779894,0,0,0,0,0,0,
..........
#reward=0,0,0,3.53957,0,0,0,0,0,0,
..........
#reward=0,0,0,0.868064,0,0,0,0,0,0,
..........
#reward=0,0,0,3.24315,0,0,0,0,0,0,
..........
#reward=0,0,0,1.66427,0,0,0,0,0,0,
..........
#reward=0,0,0,3.86366,0,0,0,0,0,0,
..........
#reward=0,0,0,-0.300156,0,0,0,0,0,0,
..........
#reward=0,0,0,2.45389,0,0,0,0,0,0,
..........
#reward=0,0,0,2.86433,0,0,0,0,0,0,
..........
#reward=0,0,0,0.754662,0,0,0,0,0,0,
..........
#reward=0,0,0,1.36248,0,0,0,0,0,0,
..........
#reward=0,0,0,3.53429,0,0,0,0,0,0,
..........
#reward=0,0,0,0.839778,0,0,0,0,0,0,
..........
#reward=0,0,0,1.91033,0,0,0,0,0,0,
..........
#reward=0,0,0,2.19372,0,0,0,0,0,0,
..........
#reward=0,0,0,2.49273,0,0,0,0,0,0,
..........
#reward=0,0,0,1.40458,0,0,0,0,0,0,
..........
#reward=0,0,0,2.8484,0,0,0,0,0,0,
..........
#reward=0,0,0,0.0244311,0,0,0,0,0,0,
..........
#reward=0,0,0,2.42912,0,0,0,0,0,0,
..........
#reward=0,0,0,4.20009,0,0,0,0,0,0,
..........
#reward=0,0,0,3.58442,0,0,0,0,0,0,
..........
#reward=0,0,0,2.8455,0,0,0,0,0,0,
..........
#reward=0,0,0,2.571,0,0,0,0,0,0,
..........
#reward=0,0,0,-0.228043,0,0,0,0,0,0,
..........
#reward=0,0,0,2.33192,0,0,0,0,0,0,
..........
#reward=0,0,0,1.43021,0,0,0,0,0,0,
..........
#reward=0,0,0,1.22942,0,0,0,0,0,0,
..........
#reward=0,0,0,1.10606,0,0,0,0,0,0,
..........
#reward=0,0,0,3.7917,0,0,0,0,0,0,
..........
#reward=0,0,0,1.6689,0,0,0,0,0,0,
..........
#reward=0,0,0,1.7339,0,0,0,0,0,0,
..........
#reward=0,0,0,1.05873,0,0,0,0,0,0,
..........
#reward=0,0,0,4.36718,0,0,0,0,0,0,
..........
#reward=0,0,0,1.78813,0,0,0,0,0,0,
..........
#reward=0,0,0,0.404283,0,0,0,0,0,0,
..........
#reward=0,0,0,1.29321,0,0,0,0,0,0,
..........
#reward=0,0,0,5.0777,0,0,0,0,0,0,
..........
#reward=0,0,0,-0.0858444,0,0,0,0,0,0,
..........
#reward=0,0,0,2.20935,0,0,0,0,0,0,
..........
#reward=0,0,0,2.66561,0,0,0,0,0,0,
..........
#reward=0,0,0,1.67722,0,0,0,0,0,0,
..........
#reward=0,0,0,2.34341,0,0,0,0,0,0,
..........
#reward=0,0,0,1.4388,0,0,0,0,0,0,
..........
#reward=0,0,0,4.08597,0,0,0,0,0,0,
..........
#reward=0,0,0,1.36585,0,0,0,0,0,0,
..........
#reward=0,0,0,2.84164,0,0,0,0,0,0,
..........
#reward=0,0,0,-0.218667,0,0,0,0,0,0,
..........
#reward=0,0,0,3.28445,0,0,0,0,0,0,
..........
#reward=0,0,0,2.51816,0,0,0,0,0,0,
..........
#reward=0,0,0,-0.204744,0,0,0,0,0,0,
..........
#reward=0,0,0,2.5795,0,0,0,0,0,0,
..........
#reward=0,0,0,2.80553,0,0,0,0,0,0,
..........
#reward=0,0,0,3.37267,0,0,0,0,0,0,
..........
#reward=0,0,0,-0.0355688,0,0,0,0,0,0,
..........
#reward=0,0,0,1.12487,0,0,0,0,0,0,
..........
#reward=0,0,0,3.69888,0,0,0,0,0,0,
..........
#reward=0,0,0,2.20542,0,0,0,0,0,0,
..........
#reward=0,0,0,-0.504456,0,0,0,0,0,0,
..........
#reward=0,0,0,2.35108,0,0,0,0,0,0,
..........
#reward=0,0,0,3.15038,0,0,0,0,0,0,
..........
#reward=0,0,0,1.77731,0,0,0,0,0,0,
..........
#reward=0,0,0,1.30371,0,0,0,0,0,0,
..........
#reward=0,0,0,2.46907,0,0,0,0,0,0,
..........
#reward=0,0,0,0.296742,0,0,0,0,0,0,
..........
#reward=0,0,0,3.8626,0,0,0,0,0,0,
..........
#reward=0,0,0,1.7112,0,0,0,0,0,0,
..........
#reward=0,0,0,2.01645,0,0,0,0,0,0,
..........
#reward=0,0,0,3.67695,0,0,0,0,0,0,
..........
#reward=0,0,0,1.38889,0,0,0,0,0,0,
..........
#reward=0,0,0,0.245083,0,0,0,0,0,0,
..........
#reward=0,0,0,2.73276,0,0,0,0,0,0,
..........
#reward=0,0,0,2.93114,0,0,0,0,0,0,
..........
#reward=0,0,0,-0.264463,0,0,0,0,0,0,
..........
#reward=0,0,0,3.30222,0,0,0,0,0,0,
..........
#reward=0,0,0,-0.213637,0,0,0,0,0,0,
..........
#reward=0,0,0,4.20462,0,0,0,0,0,0,
..........
#reward=0,0,0,0.649252,0,0,0,0,0,0,
..........
#reward=0,0,0,3.80948,0,0,0,0,0,0,
..........
#reward=0,0,0,-1.41875,0,0,0,0,0,0,
..........
#reward=0,0,0,3.8497,0,0,0,0,0,0,
..........
#reward=0,0,0,0.9229,0,0,0,0,0,0,
..........
#reward=0,0,0,2.53712,0,0,0,0,0,0,
..........
#reward=0,0,0,1.86193,0,0,0,0,0,0,
..........
#reward=0,0,0,3.01011,0,0,0,0,0,0,
..........
#reward=0,0,0,2.48506,0,0,0,0,0,0,
..........
#reward=0,0,0,0.802963,0,0,0,0,0,0,
..........
#reward=0,0,0,1.80014,0,0,0,0,0,0,
..........
#reward=0,0,0,2.47894,0,0,0,0,0,0,
..........
#reward=0,0,0,3.76127,0,0,0,0,0,0,
..........
#reward=0,0,0,-0.397199,0,0,0,0,0,0,
..........
#reward=0,0,0,2.02478,0,0,0,0,0,0,
..........
#reward=0,0,0,3.235,0,0,0,0,0,0,
..........
#reward=0,0,0,2.75705,0,0,0,0,0,0,
..........
#reward=0,0,0,2.86346,0,0,0,0,0,0,
..........
#reward=0,0,0,2.71388,0,0,0,0,0,0,
..........
#reward=0,0,0,1.52311,0,0,0,0,0,0,
..........
#reward=0,0,0,0.128306,0,0,0,0,0,0,
..........
#reward=0,0,0,3.27777,0,0,0,0,0,0,
..........
#reward=0,0,0,1.66373,0,0,0,0,0,0,
..........
#reward=0,0,0,1.65341,0,0,0,0,0,0,
..........
#reward=0,0,0,1.82474,0,0,0,0,0,0,
..........
#reward=0,0,0,0.995144,0,0,0,0,0,0,
..........
#reward=0,0,0,2.99139,0,0,0,0,0,0,
..........
#reward=0,0,0,2.12557,0,0,0,0,0,0,
..........
#reward=0,0,0,3.50243,0,0,0,0,0,0,
..........
#reward=0,0,0,1.02871,0,0,0,0,0,0,
..........
#reward=0,0,0,1.27939,0,0,0,0,0,0,
..........
#reward=0,0,0,2.67732,0,0,0,0,0,0,
..........
#reward=0,0,0,2.8192,0,0,0,0,0,0,
..........
#reward=0,0,0,-0.407243,0,0,0,0,0,0,
..........
#reward=0,0,0,4.84037,0,0,0,0,0,0,
..........
#reward=0,0,0,-0.0833306,0,0,0,0,0,0,
..........
#reward=0,0,0,2.68621,0,0,0,0,0,0,
..........
#reward=0,0,0,2.34333,0,0,0,0,0,0,
..........
#reward=0,0,0,4.7162,0,0,0,0,0,0,
..........
#reward=0,0,0,0.496173,0,0,0,0,0,0,
..........
#reward=0,0,0,1.26049,0,0,0,0,0,0,
..........
#reward=0,0,0,2.60555,0,0,0,0,0,0,
..........
#reward=0,0,0,1.15198,0,0,0,0,0,0,
..........
#reward=0,0,0,1.51915,0,0,0,0,0,0,
..........
#reward=0,0,0,1.21625,0,0,0,0,0,0,
..........
#reward=0,0,0,2.88058,0,0,0,0,0,0,
..........
#reward=0,0,0,0.749326,0,0,0,0,0,0,
..........
#reward=0,0,0,1.44909,0,0,0,0,0,0,
..........
#reward=0,0,0,5.62667,0,0,0,0,0,0,
..........
#reward=0,0,0,1.05618,0,0,0,0,0,0,
..........
#reward=0,0,0,-0.526761,0,0,0,0,0,0,
..........
#reward=0,0,0,2.29154,0,0,0,0,0,0,
..........
#reward=0,0,0,-0.403968,0,0,0,0,0,0,
..........
#reward=0,0,0,4.18836,0,0,0,0,0,0,
..........
#reward=0,0,0,0.344678,0,0,0,0,0,0,
..........
#reward=0,0,0,-0.0440527,0,0,0,0,0,0,
..........
#reward=0,0,0,4.67934,0,0,0,0,0,0,
..........
#reward=0,0,0,3.2517,0,0,0,0,0,0,
..........
#reward=0,0,0,-0.294026,0,0,0,0,0,0,
..........
#reward=0,0,0,1.39548,0,0,0,0,0,0,
..........
#reward=0,0,0,1.14476,0,0,0,0,0,0,
..........
#reward=0,0,0,1.39516,0,0,0,0,0,0,
..........
#reward=0,0,0,2.87313,0,0,0,0,0,0,
..........
#reward=0,0,0,2.66129,0,0,0,0,0,0,
..........
#reward=0,0,0,2.03469,0,0,0,0,0,0,
..........
#reward=0,0,0,3.75259,0,0,0,0,0,0,
..........
#reward=0,0,0,0.140048,0,0,0,0,0,0,
..........
#reward=0,0,0,3.28572,0,0,0,0,0,0,
..........
#reward=0,0,0,2.60958,0,0,0,0,0,0,
..........
#reward=0,0,0,2.58452,0,0,0,0,0,0,
..........
#reward=0,0,0,1.02242,0,0,0,0,0,0,
..........
#reward=0,0,0,2.77542,0,0,0,0,0,0,
..........
