#0000000000000000000
#assigned_pet=-1,-1,-1,-1,-1,-1,-1,
#assigned_hub=-1,-1,-1,-1,-1,-1,-1,
#moving_targetting_pos=22,29|12,29|2,1|9,2|19,30|5,1|25,30|
#setting_targetting_pos=22,1|12,1|2,29|9,30|19,2|5,30|25,1|
#type=1,1,1,1,1,1,1,
RRLLRLR
#0000000000000000000
#assigned_pet=-1,-1,-1,-1,-1,-1,-1,
#assigned_hub=-1,-1,-1,-1,-1,-1,-1,
#moving_targetting_pos=22,29|12,29|2,1|9,2|19,30|5,1|25,30|
#setting_targetting_pos=22,1|12,1|2,29|9,30|19,2|5,30|25,1|
#type=1,1,1,1,1,1,1,
RRLLRLR
#0000000000000000000
#assigned_pet=-1,-1,-1,-1,-1,-1,-1,
#assigned_hub=-1,-1,-1,-1,-1,-1,-1,
#moving_targetting_pos=22,29|12,29|2,1|9,2|19,30|5,1|25,30|
#setting_targetting_pos=22,1|12,1|2,29|9,30|19,2|5,30|25,1|
#type=1,1,1,1,1,1,1,
RRLDRLR
#0000000000000000000
#assigned_pet=-1,-1,-1,-1,-1,-1,-1,
#assigned_hub=-1,-1,-1,-1,-1,-1,-1,
#moving_targetting_pos=22,29|12,29|2,1|9,2|19,30|5,1|25,30|
#setting_targetting_pos=22,1|12,1|2,29|9,30|19,2|5,30|25,1|
#type=1,1,1,1,1,1,1,
RRLDRLD
#0000000000000000000
#assigned_pet=-1,-1,-1,-1,-1,-1,-1,
#assigned_hub=-1,-1,-1,-1,-1,-1,-1,
#moving_targetting_pos=22,29|12,29|2,1|9,2|19,30|5,1|25,30|
#setting_targetting_pos=22,1|12,1|2,29|9,30|19,2|5,30|25,1|
#type=1,1,1,2,1,1,2,
URLdRLd
#0000000000000000000
#assigned_pet=-1,-1,-1,-1,-1,-1,-1,
#assigned_hub=-1,-1,-1,-1,-1,-1,-1,
#moving_targetting_pos=22,29|12,29|2,1|9,2|19,30|5,1|25,30|
#setting_targetting_pos=22,1|12,1|2,29|9,30|19,2|5,30|25,1|
#type=2,1,1,2,1,1,2,
rRLRRLL
#0000000000000000000
#assigned_pet=-1,-1,-1,-1,-1,-1,-1,
#assigned_hub=-1,-1,-1,-1,-1,-1,-1,
#moving_targetting_pos=22,29|12,29|2,1|9,2|19,30|5,1|25,30|
#setting_targetting_pos=22,1|12,1|2,29|9,30|19,2|5,30|25,1|
#type=2,1,1,2,1,1,2,
dRLRRLd
#0000000000000000000
#assigned_pet=-1,-1,-1,-1,-1,-1,-1,
#assigned_hub=-1,-1,-1,-1,-1,-1,-1,
#moving_targetting_pos=22,29|12,29|2,1|9,2|19,30|5,1|25,30|
#setting_targetting_pos=22,1|12,1|2,29|9,30|19,2|5,30|25,1|
#type=2,1,1,2,1,1,2,
LRL.RUL
#0000000000000000000
#assigned_pet=-1,-1,-1,-1,-1,-1,-1,
#assigned_hub=-1,-1,-1,-1,-1,-1,-1,
#moving_targetting_pos=22,29|12,29|2,1|9,2|19,30|5,1|25,30|
#setting_targetting_pos=22,1|12,1|2,29|9,30|19,2|5,30|25,1|
#type=2,1,1,2,1,1,2,
LRLuUUu
#0000000000000000000
#assigned_pet=-1,-1,-1,-1,-1,-1,-1,
#assigned_hub=-1,-1,-1,-1,-1,-1,-1,
#moving_targetting_pos=22,29|12,29|2,1|9,2|19,30|5,1|25,30|
#setting_targetting_pos=22,1|12,1|2,29|9,30|19,2|5,30|25,1|
#type=2,1,2,2,1,2,2,
LRu.UdL
#0000000000000000000
#assigned_pet=-1,-1,-1,-1,-1,-1,-1,
#assigned_hub=-1,-1,-1,-1,-1,-1,-1,
#moving_targetting_pos=22,29|12,29|2,1|9,2|19,30|5,1|25,30|
#setting_targetting_pos=22,1|12,1|2,29|9,30|19,2|5,30|25,1|
#type=2,1,2,2,2,2,2,
.RR.dRL
#0000000000000000000
#assigned_pet=-1,-1,-1,-1,-1,-1,-1,
#assigned_hub=-1,-1,-1,-1,-1,-1,-1,
#moving_targetting_pos=22,29|12,29|2,1|9,2|19,30|5,1|25,30|
#setting_targetting_pos=22,1|12,1|2,29|9,30|19,2|5,30|25,1|
#type=2,1,2,2,2,2,2,
.DRlLdL
#0000000000000000000
#assigned_pet=-1,-1,-1,-1,-1,-1,-1,
#assigned_hub=-1,-1,-1,-1,-1,-1,-1,
#moving_targetting_pos=22,29|12,29|2,1|9,2|19,30|5,1|25,30|
#setting_targetting_pos=22,1|12,1|2,29|9,30|19,2|5,30|25,1|
#type=2,2,2,2,2,2,2,
drlRLRL
#0000000000000000000
#assigned_pet=-1,-1,-1,-1,-1,-1,-1,
#assigned_hub=-1,-1,-1,-1,-1,-1,-1,
#moving_targetting_pos=22,29|12,29|2,1|9,2|19,30|5,1|25,30|
#setting_targetting_pos=22,1|12,1|2,29|9,30|19,2|5,30|25,1|
#type=2,2,2,2,2,2,2,
u.dRrd.
#0000000000000000000
#assigned_pet=-1,-1,-1,-1,-1,-1,-1,
#assigned_hub=-1,-1,-1,-1,-1,-1,-1,
#moving_targetting_pos=22,29|12,29|2,1|9,2|19,30|5,1|25,30|
#setting_targetting_pos=22,1|12,1|2,29|9,30|19,2|5,30|25,1|
#type=2,2,2,2,2,2,2,
LdR.uR.
#0000000000000000000
#assigned_pet=-1,-1,-1,-1,-1,-1,-1,
#assigned_hub=-1,-1,-1,-1,-1,-1,-1,
#moving_targetting_pos=22,29|12,29|2,1|9,2|19,30|5,1|25,30|
#setting_targetting_pos=22,1|12,1|2,29|9,30|19,2|5,30|25,1|
#type=2,2,2,2,2,2,2,
rLRdLu.
#0000000000000000000
#assigned_pet=-1,-1,-1,-1,-1,-1,-1,
#assigned_hub=-1,-1,-1,-1,-1,-1,-1,
#moving_targetting_pos=22,29|12,29|2,1|9,2|19,30|5,1|25,30|
#setting_targetting_pos=22,1|12,1|2,29|9,30|19,2|5,30|25,1|
#type=2,2,2,2,2,2,2,
LLRRLR.
#0000000000000000000
#assigned_pet=-1,-1,-1,-1,-1,-1,-1,
#assigned_hub=-1,-1,-1,-1,-1,-1,-1,
#moving_targetting_pos=22,29|12,29|2,1|9,2|19,30|5,1|25,30|
#setting_targetting_pos=22,1|12,1|2,29|9,30|19,2|5,30|25,1|
#type=2,2,2,2,2,2,2,
LLdldR.
#0000000000000000000
#assigned_pet=-1,-1,-1,-1,-1,-1,-1,
#assigned_hub=-1,-1,-1,-1,-1,-1,-1,
#moving_targetting_pos=22,29|12,29|2,1|9,2|19,30|5,1|25,30|
#setting_targetting_pos=22,1|12,1|2,29|9,30|19,2|5,30|25,1|
#type=2,2,2,2,2,2,2,
.duRLR.
#0000000000000000000
#assigned_pet=-1,-1,-1,-1,-1,-1,-1,
#assigned_hub=-1,-1,-1,-1,-1,-1,-1,
#moving_targetting_pos=22,29|12,29|2,1|9,2|19,30|5,1|25,30|
#setting_targetting_pos=22,1|12,1|2,29|9,30|19,2|5,30|25,1|
#type=2,2,2,2,2,2,2,
duRurRu
#0000000000000000000
#assigned_pet=-1,-1,-1,-1,-1,-1,-1,
#assigned_hub=-1,-1,-1,-1,-1,-1,-1,
#moving_targetting_pos=22,29|12,29|2,1|9,2|19,30|5,1|25,30|
#setting_targetting_pos=22,1|12,1|2,29|9,30|19,2|5,30|25,1|
#type=2,2,2,2,2,2,2,
LL.RLuL
#0000000000000000000
#assigned_pet=-1,-1,-1,-1,-1,-1,-1,
#assigned_hub=-1,-1,-1,-1,-1,-1,-1,
#moving_targetting_pos=22,29|12,29|2,1|9,2|19,30|5,1|25,30|
#setting_targetting_pos=22,1|12,1|2,29|9,30|19,2|5,30|25,1|
#type=2,2,2,2,2,2,2,
LrlRuRd
#0000000000000000000
#assigned_pet=-1,-1,-1,-1,-1,-1,-1,
#assigned_hub=-1,-1,-1,-1,-1,-1,-1,
#moving_targetting_pos=22,29|12,29|2,1|9,2|19,30|5,1|25,30|
#setting_targetting_pos=22,1|12,1|2,29|9,30|19,2|5,30|25,1|
#type=2,2,2,2,2,2,2,
rLRlL.L
#0000000000000000000
#assigned_pet=-1,-1,-1,-1,-1,-1,-1,
#assigned_hub=-1,-1,-1,-1,-1,-1,-1,
#moving_targetting_pos=22,29|12,29|2,1|9,2|19,30|5,1|25,30|
#setting_targetting_pos=22,1|12,1|2,29|9,30|19,2|5,30|25,1|
#type=2,2,2,2,2,2,2,
.LRdLdd
#0000000000000000000
#assigned_pet=-1,-1,-1,-1,-1,-1,-1,
#assigned_hub=-1,-1,-1,-1,-1,-1,-1,
#moving_targetting_pos=22,29|12,29|2,1|9,2|19,30|5,1|25,30|
#setting_targetting_pos=22,1|12,1|2,29|9,30|19,2|5,30|25,1|
#type=2,2,2,2,2,2,2,
.ddRrRL
#0000000000000000000
#assigned_pet=-1,-1,-1,-1,-1,-1,-1,
#assigned_hub=-1,-1,-1,-1,-1,-1,-1,
#moving_targetting_pos=22,29|12,29|2,1|9,2|19,30|5,1|25,30|
#setting_targetting_pos=22,1|12,1|2,29|9,30|19,2|5,30|25,1|
#type=2,2,2,2,2,2,2,
.LRRd.d
#0000000000000000000
#assigned_pet=-1,-1,-1,-1,-1,-1,-1,
#assigned_hub=-1,-1,-1,-1,-1,-1,-1,
#moving_targetting_pos=22,29|12,29|2,1|9,2|19,30|5,1|25,30|
#setting_targetting_pos=22,1|12,1|2,29|9,30|19,2|5,30|25,1|
#type=2,2,2,2,2,2,2,
.LRdLdL
#0000000000000000000
#assigned_pet=-1,-1,-1,-1,-1,-1,-1,
#assigned_hub=-1,-1,-1,-1,-1,-1,-1,
#moving_targetting_pos=22,29|12,29|2,1|9,2|19,30|5,1|25,30|
#setting_targetting_pos=22,1|12,1|2,29|9,30|19,2|5,30|25,1|
#type=2,2,2,2,2,2,2,
urlRLRd
#0000000000000000000
#assigned_pet=-1,-1,-1,-1,-1,-1,-1,
#assigned_hub=-1,-1,-1,-1,-1,-1,-1,
#moving_targetting_pos=22,29|12,29|2,1|9,2|19,30|5,1|25,30|
#setting_targetting_pos=22,1|12,1|2,29|9,30|19,2|5,30|25,1|
#type=2,2,2,2,2,2,2,
LuuR.dL
#0000000000000000000
#assigned_pet=-1,-1,-1,-1,-1,-1,-1,
#assigned_hub=-1,-1,-1,-1,-1,-1,-1,
#moving_targetting_pos=22,29|12,29|2,1|9,2|19,30|5,1|25,30|
#setting_targetting_pos=22,1|12,1|2,29|9,30|19,2|5,30|25,1|
#type=2,2,2,2,2,2,2,
LLR.dRd
#0000000000000000000
#assigned_pet=-1,-1,-1,-1,-1,-1,-1,
#assigned_hub=-1,-1,-1,-1,-1,-1,-1,
#moving_targetting_pos=22,29|12,29|2,1|9,2|19,30|5,1|25,30|
#setting_targetting_pos=22,1|12,1|2,29|9,30|19,2|5,30|25,1|
#type=2,2,2,2,2,2,2,
rLRuLdL
#0000000000000000000
#assigned_pet=-1,-1,-1,-1,-1,-1,-1,
#assigned_hub=-1,-1,-1,-1,-1,-1,-1,
#moving_targetting_pos=22,29|12,29|2,1|9,2|19,30|5,1|25,30|
#setting_targetting_pos=22,1|12,1|2,29|9,30|19,2|5,30|25,1|
#type=2,2,2,2,2,2,2,
d.l.LRu
#0000000000000000000
#assigned_pet=-1,-1,-1,-1,-1,-1,-1,
#assigned_hub=-1,-1,-1,-1,-1,-1,-1,
#moving_targetting_pos=22,29|12,29|2,1|9,2|19,30|5,1|25,30|
#setting_targetting_pos=22,1|12,1|2,29|9,30|19,2|5,30|25,1|
#type=2,2,2,2,2,2,2,
L.d..dL
#0000000000000000000
#assigned_pet=-1,-1,-1,-1,-1,-1,-1,
#assigned_hub=-1,-1,-1,-1,-1,-1,-1,
#moving_targetting_pos=22,29|12,29|2,1|9,2|19,30|5,1|25,30|
#setting_targetting_pos=22,1|12,1|2,29|9,30|19,2|5,30|25,1|
#type=2,2,2,2,2,2,2,
L.R..RL
#0000000000000000000
#assigned_pet=-1,-1,-1,-1,-1,-1,-1,
#assigned_hub=-1,-1,-1,-1,-1,-1,-1,
#moving_targetting_pos=22,29|12,29|2,1|9,2|19,30|5,1|25,30|
#setting_targetting_pos=22,1|12,1|2,29|9,30|19,2|5,30|25,1|
#type=2,2,2,2,2,2,2,
LrR..uL
#0000000000000000000
#assigned_pet=-1,-1,-1,-1,-1,-1,-1,
#assigned_hub=-1,-1,-1,-1,-1,-1,-1,
#moving_targetting_pos=22,29|12,29|2,1|9,2|19,30|5,1|25,30|
#setting_targetting_pos=22,1|12,1|2,29|9,30|19,2|5,30|25,1|
#type=2,2,2,2,2,2,2,
ddR.rRL
#0000000000000000000
#assigned_pet=-1,-1,-1,-1,-1,-1,-1,
#assigned_hub=-1,-1,-1,-1,-1,-1,-1,
#moving_targetting_pos=22,29|12,29|2,1|9,2|19,30|5,1|25,30|
#setting_targetting_pos=22,1|12,1|2,29|9,30|19,2|5,30|25,1|
#type=2,2,2,2,2,2,2,
uLd.uRu
#0000000000000000000
#assigned_pet=-1,-1,-1,-1,-1,-1,-1,
#assigned_hub=-1,-1,-1,-1,-1,-1,-1,
#moving_targetting_pos=22,29|12,29|2,1|9,2|19,30|5,1|25,30|
#setting_targetting_pos=22,1|12,1|2,29|9,30|19,2|5,30|25,1|
#type=2,2,2,2,2,2,2,
LLu.LRL
#0000000000000000000
#assigned_pet=-1,-1,-1,-1,-1,-1,-1,
#assigned_hub=-1,-1,-1,-1,-1,-1,-1,
#moving_targetting_pos=22,29|12,29|2,1|9,2|19,30|5,1|25,30|
#setting_targetting_pos=22,1|12,1|2,29|9,30|19,2|5,30|25,1|
#type=2,2,2,2,2,2,2,
rLRlLRd
#0000000000000000000
#assigned_pet=-1,-1,-1,-1,-1,-1,-1,
#assigned_hub=-1,-1,-1,-1,-1,-1,-1,
#moving_targetting_pos=22,29|12,29|2,1|9,2|19,30|5,1|25,30|
#setting_targetting_pos=22,1|12,1|2,29|9,30|19,2|5,30|25,1|
#type=2,2,2,2,2,2,2,
LdlRduL
#0000000000000000000
#assigned_pet=-1,-1,-1,-1,-1,-1,-1,
#assigned_hub=-1,-1,-1,-1,-1,-1,-1,
#moving_targetting_pos=22,29|12,29|2,1|9,2|19,30|5,1|25,30|
#setting_targetting_pos=22,1|12,1|2,29|9,30|19,2|5,30|25,1|
#type=2,2,2,2,2,2,2,
L.RRLRd
#0000000000000000000
#assigned_pet=-1,-1,-1,-1,-1,-1,-1,
#assigned_hub=-1,-1,-1,-1,-1,-1,-1,
#moving_targetting_pos=22,29|12,29|2,1|9,2|19,30|5,1|25,30|
#setting_targetting_pos=22,1|12,1|2,29|9,30|19,2|5,30|25,1|
#type=2,2,2,2,2,2,2,
duR.rdL
#0000000000000000000
#assigned_pet=-1,-1,-1,-1,-1,-1,-1,
#assigned_hub=-1,-1,-1,-1,-1,-1,-1,
#moving_targetting_pos=22,29|12,29|2,1|9,2|19,30|5,1|25,30|
#setting_targetting_pos=22,1|12,1|2,29|9,30|19,2|5,30|25,1|
#type=2,2,2,2,2,2,2,
LLddLRd
#0000000000000000000
#assigned_pet=-1,-1,-1,-1,-1,-1,-1,
#assigned_hub=-1,-1,-1,-1,-1,-1,-1,
#moving_targetting_pos=22,29|12,29|2,1|9,2|19,30|5,1|25,30|
#setting_targetting_pos=22,1|12,1|2,29|9,30|19,2|5,30|25,1|
#type=2,2,2,2,2,2,2,
LrRRudL
#0000000000000000000
#assigned_pet=-1,-1,-1,-1,-1,-1,-1,
#assigned_hub=-1,-1,-1,-1,-1,-1,-1,
#moving_targetting_pos=22,29|12,29|2,1|9,2|19,30|5,1|25,30|
#setting_targetting_pos=22,1|12,1|2,29|9,30|19,2|5,30|25,1|
#type=2,2,2,2,2,2,2,
rLRlLRd
#0000000000000000000
#assigned_pet=-1,-1,-1,-1,-1,-1,-1,
#assigned_hub=-1,-1,-1,-1,-1,-1,-1,
#moving_targetting_pos=22,29|12,29|2,1|9,2|19,30|5,1|25,30|
#setting_targetting_pos=22,1|12,1|2,29|9,30|19,2|5,30|25,1|
#type=2,2,2,2,2,2,2,
uLlRLdL
#0000000000000000000
#assigned_pet=-1,-1,-1,-1,-1,-1,-1,
#assigned_hub=-1,-1,-1,-1,-1,-1,-1,
#moving_targetting_pos=22,29|12,29|2,1|9,2|19,30|5,1|25,30|
#setting_targetting_pos=22,1|12,1|2,29|9,30|19,2|5,30|25,1|
#type=2,2,2,2,2,2,2,
L.u.rRd
#0000000000000000000
#assigned_pet=-1,-1,-1,-1,-1,-1,-1,
#assigned_hub=-1,-1,-1,-1,-1,-1,-1,
#moving_targetting_pos=22,29|12,29|2,1|9,2|19,30|5,1|25,30|
#setting_targetting_pos=22,1|12,1|2,29|9,30|19,2|5,30|25,1|
#type=2,2,2,2,2,2,2,
L.R.ddL
#0000000000000000000
#assigned_pet=-1,-1,-1,-1,-1,-1,-1,
#assigned_hub=-1,-1,-1,-1,-1,-1,-1,
#moving_targetting_pos=22,29|12,29|2,1|9,2|19,30|5,1|25,30|
#setting_targetting_pos=22,1|12,1|2,29|9,30|19,2|5,30|25,1|
#type=2,2,2,2,2,2,2,
r.RuLRu
#0000000000000000000
#assigned_pet=-1,-1,-1,-1,-1,-1,-1,
#assigned_hub=-1,-1,-1,-1,-1,-1,-1,
#moving_targetting_pos=22,29|12,29|2,1|9,2|19,30|5,1|25,30|
#setting_targetting_pos=22,1|12,1|2,29|9,30|19,2|5,30|25,1|
#type=2,2,2,2,2,2,2,
ddlRL.L
#0000000000000000000
#assigned_pet=-1,-1,-1,-1,-1,-1,-1,
#assigned_hub=-1,-1,-1,-1,-1,-1,-1,
#moving_targetting_pos=22,29|12,29|2,1|9,2|19,30|5,1|25,30|
#setting_targetting_pos=22,1|12,1|2,29|9,30|19,2|5,30|25,1|
#type=2,2,2,2,2,2,2,
LLdRd.L
#0000000000000000000
#assigned_pet=-1,-1,-1,-1,-1,-1,-1,
#assigned_hub=-1,-1,-1,-1,-1,-1,-1,
#moving_targetting_pos=22,29|12,29|2,1|9,2|19,30|5,1|25,30|
#setting_targetting_pos=22,1|12,1|2,29|9,30|19,2|5,30|25,1|
#type=2,2,2,2,2,2,2,
LLRlLdL
#0000000000000000000
#assigned_pet=-1,-1,-1,-1,-1,-1,-1,
#assigned_hub=-1,-1,-1,-1,-1,-1,-1,
#moving_targetting_pos=22,29|12,29|2,1|9,2|19,30|5,1|25,30|
#setting_targetting_pos=22,1|12,1|2,29|9,30|19,2|5,30|25,1|
#type=2,2,2,2,2,2,2,
LrRdLRL
#0000000000000000000
#assigned_pet=-1,-1,-1,-1,-1,-1,-1,
#assigned_hub=-1,-1,-1,-1,-1,-1,-1,
#moving_targetting_pos=22,29|12,29|2,1|9,2|19,30|5,1|25,30|
#setting_targetting_pos=22,1|12,1|2,29|9,30|19,2|5,30|25,1|
#type=2,2,2,2,2,2,2,
d.RRr.u
#0000000000000000000
#assigned_pet=-1,-1,-1,-1,-1,-1,-1,
#assigned_hub=-1,-1,-1,-1,-1,-1,-1,
#moving_targetting_pos=22,29|12,29|2,1|9,2|19,30|5,1|25,30|
#setting_targetting_pos=22,1|12,1|2,29|9,30|19,2|5,30|25,1|
#type=2,2,2,2,2,2,2,
uudRuuL
#0000000000000000000
#assigned_pet=-1,-1,-1,-1,-1,-1,-1,
#assigned_hub=-1,-1,-1,-1,-1,-1,-1,
#moving_targetting_pos=22,29|12,29|2,1|9,2|19,30|5,1|25,30|
#setting_targetting_pos=22,1|12,1|2,29|9,30|19,2|5,30|25,1|
#type=2,2,2,2,2,2,2,
LLudLRd
#0000000000000000000
#assigned_pet=-1,-1,-1,-1,-1,-1,-1,
#assigned_hub=-1,-1,-1,-1,-1,-1,-1,
#moving_targetting_pos=22,29|12,29|2,1|9,2|19,30|5,1|25,30|
#setting_targetting_pos=22,1|12,1|2,29|9,30|19,2|5,30|25,1|
#type=2,2,2,2,2,2,2,
rLRRLRL
#0000000000000000000
#assigned_pet=-1,-1,-1,-1,-1,-1,-1,
#assigned_hub=-1,-1,-1,-1,-1,-1,-1,
#moving_targetting_pos=22,29|12,29|2,1|9,2|19,30|5,1|25,30|
#setting_targetting_pos=22,1|12,1|2,29|9,30|19,2|5,30|25,1|
#type=2,2,2,2,2,2,2,
LrlR.Rd
#0000000000000000000
#assigned_pet=-1,-1,-1,-1,-1,-1,-1,
#assigned_hub=-1,-1,-1,-1,-1,-1,-1,
#moving_targetting_pos=22,29|12,29|2,1|9,2|19,30|5,1|25,30|
#setting_targetting_pos=22,1|12,1|2,29|9,30|19,2|5,30|25,1|
#type=2,2,2,2,2,2,2,
LdRl.RL
#0000000000000000000
#assigned_pet=-1,-1,-1,-1,-1,-1,-1,
#assigned_hub=-1,-1,-1,-1,-1,-1,-1,
#moving_targetting_pos=22,29|12,29|2,1|9,2|19,30|5,1|25,30|
#setting_targetting_pos=22,1|12,1|2,29|9,30|19,2|5,30|25,1|
#type=2,2,2,2,2,2,2,
dLRud.d
#0000000000000000000
#assigned_pet=-1,-1,-1,-1,-1,-1,-1,
#assigned_hub=-1,-1,-1,-1,-1,-1,-1,
#moving_targetting_pos=22,29|12,29|2,1|9,2|19,30|5,1|29,2|
#setting_targetting_pos=22,1|12,1|2,29|9,30|19,2|5,30|29,30|
#type=2,2,2,2,2,2,1,
LLrRL.R
#0000000000000000000
#assigned_pet=-1,-1,-1,-1,-1,-1,-1,
#assigned_hub=-1,-1,-1,-1,-1,-1,-1,
#moving_targetting_pos=22,29|12,29|2,1|9,2|19,30|5,1|29,2|
#setting_targetting_pos=22,1|12,1|2,29|9,30|19,2|5,30|29,30|
#type=2,2,2,2,2,2,1,
LL.Rr.R
#0000000000000000000
#assigned_pet=-1,-1,-1,-1,-1,-1,-1,
#assigned_hub=-1,-1,-1,-1,-1,-1,-1,
#moving_targetting_pos=22,29|12,29|2,1|9,2|19,30|5,1|29,2|
#setting_targetting_pos=22,1|12,1|2,29|9,30|19,2|5,30|29,30|
#type=2,2,2,2,2,2,1,
rd.dLuR
#0000000000000000000
#assigned_pet=-1,-1,-1,-1,-1,-1,-1,
#assigned_hub=-1,-1,-1,-1,-1,-1,-1,
#moving_targetting_pos=22,29|12,29|2,1|9,2|19,30|5,1|29,2|
#setting_targetting_pos=22,1|12,1|2,29|9,30|19,2|5,30|29,30|
#type=2,2,2,2,2,2,1,
uu.RuRD
#0000000000000000000
#assigned_pet=-1,-1,-1,-1,-1,-1,-1,
#assigned_hub=-1,-1,-1,-1,-1,-1,-1,
#moving_targetting_pos=15,1|12,29|2,1|9,2|19,30|5,1|29,2|
#setting_targetting_pos=15,30|12,1|2,29|9,30|19,2|5,30|29,30|
#type=1,2,2,2,2,2,1,
DL.lLdD
#0000000000000000000
#assigned_pet=-1,-1,-1,-1,-1,-1,-1,
#assigned_hub=-1,-1,-1,-1,-1,-1,-1,
#moving_targetting_pos=15,1|12,29|2,1|9,2|19,30|5,1|29,2|
#setting_targetting_pos=15,30|12,1|2,29|9,30|19,2|5,30|29,30|
#type=1,2,2,2,2,2,1,
Rr.RLRL
#0000000000000000000
#assigned_pet=-1,-1,-1,-1,-1,-1,-1,
#assigned_hub=-1,-1,-1,-1,-1,-1,-1,
#moving_targetting_pos=15,1|12,29|2,1|9,2|19,30|5,1|29,2|
#setting_targetting_pos=15,30|12,1|2,29|9,30|19,2|5,30|29,30|
#type=1,2,2,2,2,2,1,
DL.urdL
#0000000000000000000
#assigned_pet=-1,-1,-1,-1,-1,-1,-1,
#assigned_hub=-1,-1,-1,-1,-1,2,-1,
#moving_targetting_pos=15,1|12,29|2,1|9,2|19,30|6,26|29,2|
#setting_targetting_pos=15,30|12,1|2,29|9,30|19,2|5,30|29,30|
#type=1,2,2,2,2,3,1,
RL.RdLD
#0000000000000000000
#assigned_pet=-1,-1,-1,-1,-1,-1,-1,
#assigned_hub=-1,-1,-1,-1,3,2,-1,
#moving_targetting_pos=15,1|12,29|2,1|9,2|16,6|6,26|29,2|
#setting_targetting_pos=15,30|12,1|2,29|9,30|19,2|-1,-1|29,30|
#type=1,2,2,2,3,3,1,
Dd.RULD
#0000000000000000000
#assigned_pet=-1,-1,-1,-1,-1,-1,-1,
#assigned_hub=-1,-1,-1,-1,3,2,-1,
#moving_targetting_pos=15,1|12,29|2,1|9,2|16,6|6,26|29,2|
#setting_targetting_pos=15,30|12,1|2,29|9,30|-1,-1|-1,-1|29,30|
#type=1,2,2,2,3,3,2,
RLdlRLd
#0000000000000000000
#assigned_pet=-1,-1,-1,-1,-1,8,-1,
#assigned_hub=-1,-1,5,-1,3,2,-1,
#moving_targetting_pos=15,1|12,29|16,26|9,2|16,6|-1,-1|29,2|
#setting_targetting_pos=15,30|12,1|2,29|9,30|-1,-1|4,27|29,30|
#type=1,2,3,2,3,4,2,
RLLdU.R
#0000000000000000000
#assigned_pet=-1,-1,-1,-1,-1,8,-1,
#assigned_hub=-1,-1,5,1,3,2,-1,
#moving_targetting_pos=15,1|12,29|16,26|6,16|16,6|-1,-1|29,2|
#setting_targetting_pos=15,30|12,1|-1,-1|9,30|-1,-1|4,27|29,30|
#type=1,2,3,3,3,4,2,
UrLUR.R
#0000000000000000000
#assigned_pet=-1,-1,-1,-1,-1,8,-1,
#assigned_hub=-1,-1,5,1,3,2,-1,
#moving_targetting_pos=15,1|12,29|16,26|6,16|16,6|-1,-1|29,2|
#setting_targetting_pos=15,30|12,1|-1,-1|-1,-1|-1,-1|4,27|29,30|
#type=1,2,3,3,3,4,2,
UuDLR.l
#0000000000000000000
#assigned_pet=-1,-1,-1,-1,17,8,-1,
#assigned_hub=-1,0,5,8,3,2,-1,
#moving_targetting_pos=15,1|6,6|16,26|26,26|-1,-1|-1,-1|29,2|
#setting_targetting_pos=15,30|12,1|-1,-1|-1,-1|17,6|4,27|29,30|
#type=1,3,3,3,4,4,2,
UDDU..u
#0000000000000000000
#assigned_pet=-1,-1,-1,-1,17,8,-1,
#assigned_hub=-1,0,5,8,3,2,-1,
#moving_targetting_pos=15,1|6,6|16,26|26,26|-1,-1|-1,-1|29,2|
#setting_targetting_pos=15,30|-1,-1|-1,-1|-1,-1|17,7|4,26|29,30|
#type=1,3,3,3,4,4,2,
URDLRLR
#0000000000000000000
#assigned_pet=-1,-1,-1,-1,17,8,-1,
#assigned_hub=-1,0,5,8,3,2,-1,
#moving_targetting_pos=15,1|6,6|16,26|26,26|-1,-1|-1,-1|29,2|
#setting_targetting_pos=15,30|-1,-1|-1,-1|-1,-1|17,6|5,25|29,30|
#type=1,3,3,3,4,4,2,
UDDLU.R
#0000000000000000000
#assigned_pet=-1,-1,-1,-1,14,15,-1,
#assigned_hub=-1,0,5,8,3,2,-1,
#moving_targetting_pos=15,1|6,6|16,26|26,26|-1,-1|-1,-1|29,2|
#setting_targetting_pos=15,30|-1,-1|-1,-1|-1,-1|16,5|6,25|29,30|
#type=1,3,3,3,4,4,2,
URDD.Ld
#0000000000000000000
#assigned_pet=-1,-1,-1,-1,14,15,-1,
#assigned_hub=-1,0,5,8,3,2,-1,
#moving_targetting_pos=15,1|6,6|16,26|26,26|-1,-1|-1,-1|29,2|
#setting_targetting_pos=15,30|-1,-1|-1,-1|-1,-1|15,6|5,24|29,30|
#type=1,3,3,3,4,4,2,
URDD..R
#0000000000000000000
#assigned_pet=-1,-1,-1,-1,9,15,-1,
#assigned_hub=-1,0,5,8,3,2,-1,
#moving_targetting_pos=15,1|6,6|16,26|26,26|-1,-1|-1,-1|29,2|
#setting_targetting_pos=15,30|-1,-1|-1,-1|-1,-1|16,7|6,25|29,30|
#type=1,3,3,3,4,4,2,
URDD..l
#0000000000000000000
#assigned_pet=-1,-1,-1,-1,9,15,-1,
#assigned_hub=-1,0,5,8,3,2,-1,
#moving_targetting_pos=15,1|6,6|16,26|26,26|-1,-1|-1,-1|29,2|
#setting_targetting_pos=15,30|-1,-1|-1,-1|-1,-1|16,7|8,25|29,30|
#type=1,3,3,3,4,4,2,
LUDD.DR
#0000000000000000000
#assigned_pet=-1,-1,-1,-1,9,15,-1,
#assigned_hub=-1,0,5,8,3,2,-1,
#moving_targetting_pos=15,1|6,6|16,26|26,26|-1,-1|-1,-1|29,2|
#setting_targetting_pos=15,30|-1,-1|-1,-1|-1,-1|17,6|8,25|29,30|
#type=1,3,3,3,4,4,2,
LUDD.Du
#0000000000000000000
#assigned_pet=-1,-1,-1,-1,9,15,-1,
#assigned_hub=-1,0,5,8,3,2,-1,
#moving_targetting_pos=15,1|6,6|16,26|26,26|-1,-1|-1,-1|29,2|
#setting_targetting_pos=15,30|-1,-1|-1,-1|-1,-1|17,6|7,26|29,30|
#type=1,3,3,3,4,4,2,
LUDD..R
#0000000000000000000
#assigned_pet=-1,-1,-1,-1,9,15,-1,
#assigned_hub=-1,0,5,8,3,2,-1,
#moving_targetting_pos=15,1|6,6|16,26|26,26|-1,-1|-1,-1|29,2|
#setting_targetting_pos=15,30|-1,-1|-1,-1|-1,-1|16,5|7,26|29,30|
#type=1,3,3,3,4,4,2,
LUDD..R
#0000000000000000000
#assigned_pet=-1,-1,-1,-1,9,15,-1,
#assigned_hub=-1,0,5,8,3,2,-1,
#moving_targetting_pos=15,1|6,6|16,26|26,26|-1,-1|-1,-1|29,2|
#setting_targetting_pos=15,30|-1,-1|-1,-1|-1,-1|17,4|7,26|29,30|
#type=1,3,3,3,4,4,2,
UUDDL.l
#0000000000000000000
#assigned_pet=-1,-1,-1,-1,9,15,-1,
#assigned_hub=-1,0,5,8,3,2,-1,
#moving_targetting_pos=15,1|6,6|16,26|26,26|-1,-1|-1,-1|29,2|
#setting_targetting_pos=15,30|-1,-1|-1,-1|-1,-1|18,5|7,26|29,30|
#type=1,3,3,3,4,4,2,
UULDD.d
#0000000000000000000
#assigned_pet=-1,-1,12,-1,9,12,-1,
#assigned_hub=-1,0,5,8,3,2,-1,
#moving_targetting_pos=15,1|6,6|-1,-1|26,26|-1,-1|-1,-1|29,2|
#setting_targetting_pos=15,30|-1,-1|14,25|-1,-1|16,5|8,25|29,30|
#type=2,3,4,3,4,4,2,
dR.D..R
#0000000000000000000
#assigned_pet=-1,1,12,-1,13,12,-1,
#assigned_hub=-1,0,5,8,3,2,-1,
#moving_targetting_pos=15,1|-1,-1|-1,-1|26,26|-1,-1|-1,-1|29,2|
#setting_targetting_pos=15,30|4,7|14,25|-1,-1|16,6|8,25|29,30|
#type=2,4,4,3,4,4,2,
RR.DR.R
#0000000000000000000
#assigned_pet=-1,1,12,-1,13,12,-1,
#assigned_hub=-1,0,5,8,3,2,-1,
#moving_targetting_pos=15,1|-1,-1|-1,-1|26,26|-1,-1|-1,-1|29,2|
#setting_targetting_pos=15,30|4,7|14,25|-1,-1|16,8|8,25|29,30|
#type=2,4,4,3,4,4,2,
dU.DR.d
#0000000000000000000
#assigned_pet=-1,1,12,-1,9,12,-1,
#assigned_hub=-1,0,5,8,3,2,-1,
#moving_targetting_pos=15,1|-1,-1|-1,-1|26,26|-1,-1|-1,-1|29,2|
#setting_targetting_pos=15,30|4,7|14,25|-1,-1|14,5|8,25|29,30|
#type=2,4,4,3,4,4,2,
RU.DL.R
#0000000000000000000
#assigned_pet=-1,1,12,-1,9,12,-1,
#assigned_hub=-1,0,5,8,3,2,-1,
#moving_targetting_pos=15,1|-1,-1|-1,-1|26,26|-1,-1|-1,-1|29,2|
#setting_targetting_pos=15,30|4,7|14,25|-1,-1|14,7|8,25|29,30|
#type=2,4,4,3,4,4,2,
dU.DR.R
#0100000000000000000
#assigned_pet=-1,1,12,-1,9,12,-1,
#assigned_hub=-1,0,5,8,3,2,-1,
#moving_targetting_pos=15,1|-1,-1|-1,-1|26,26|-1,-1|-1,-1|29,2|
#setting_targetting_pos=15,30|4,7|14,25|-1,-1|15,8|8,25|29,30|
#type=2,5,4,3,4,4,2,
Ru.DR.l
#0100000000000000000
#assigned_pet=-1,2,12,-1,0,12,-1,
#assigned_hub=-1,0,5,8,3,2,-1,
#moving_targetting_pos=15,1|-1,-1|-1,-1|26,26|-1,-1|-1,-1|29,2|
#setting_targetting_pos=15,30|6,6|14,25|-1,-1|18,5|8,25|29,30|
#type=2,4,4,3,4,4,2,
uL.DL.u
#0100000000000000000
#assigned_pet=-1,2,12,-1,0,12,-1,
#assigned_hub=-1,0,5,8,3,2,-1,
#moving_targetting_pos=15,1|-1,-1|-1,-1|26,26|-1,-1|-1,-1|29,2|
#setting_targetting_pos=15,30|6,5|14,25|-1,-1|18,5|8,25|29,30|
#type=2,4,4,3,4,4,2,
RL.DL.R
#0100000000000000000
#assigned_pet=-1,2,12,-1,0,12,-1,
#assigned_hub=-1,0,5,8,3,2,-1,
#moving_targetting_pos=15,1|-1,-1|-1,-1|26,26|-1,-1|-1,-1|29,2|
#setting_targetting_pos=15,30|6,4|14,25|-1,-1|18,5|8,25|29,30|
#type=2,4,4,3,4,4,2,
RL.LL.R
#0100000000000000000
#assigned_pet=-1,2,6,6,0,15,-1,
#assigned_hub=-1,0,5,8,3,2,-1,
#moving_targetting_pos=15,1|-1,-1|-1,-1|-1,-1|-1,-1|-1,-1|29,2|
#setting_targetting_pos=15,30|7,4|18,25|24,25|18,5|7,24|29,30|
#type=2,4,4,4,4,4,2,
RDL...d
#0100000000000000000
#assigned_pet=-1,2,11,6,0,15,-1,
#assigned_hub=-1,0,5,8,3,2,-1,
#moving_targetting_pos=15,1|-1,-1|-1,-1|-1,-1|-1,-1|-1,-1|29,2|
#setting_targetting_pos=15,30|7,4|15,26|24,25|18,5|7,24|29,30|
#type=2,4,4,4,4,4,2,
R.R...R
#0100000000000000000
#assigned_pet=-1,2,11,6,0,-1,-1,
#assigned_hub=-1,0,5,8,3,2,-1,
#moving_targetting_pos=15,1|-1,-1|-1,-1|-1,-1|-1,-1|-1,-1|29,2|
#setting_targetting_pos=15,30|7,4|16,26|24,25|18,5|-1,-1|29,30|
#type=2,4,4,4,4,4,2,
u.D...l
#0100000000000000000
#assigned_pet=-1,2,11,6,0,-1,-1,
#assigned_hub=-1,0,5,8,3,2,-1,
#moving_targetting_pos=15,1|-1,-1|-1,-1|-1,-1|-1,-1|-1,-1|29,2|
#setting_targetting_pos=15,30|7,5|17,26|26,25|18,5|-1,-1|29,30|
#type=2,4,4,4,4,4,2,
RRDL..R
#0100000000000000000
#assigned_pet=-1,2,18,6,0,-1,-1,
#assigned_hub=-1,0,5,8,3,2,-1,
#moving_targetting_pos=15,1|-1,-1|-1,-1|-1,-1|-1,-1|-1,-1|29,2|
#setting_targetting_pos=15,30|8,5|15,26|25,26|18,5|-1,-1|29,30|
#type=2,4,4,4,4,4,2,
dD.R..u
#0100000000000000000
#assigned_pet=-1,2,12,6,0,12,-1,
#assigned_hub=-1,0,5,8,3,2,-1,
#moving_targetting_pos=15,1|-1,-1|-1,-1|-1,-1|-1,-1|-1,-1|29,2|
#setting_targetting_pos=15,30|7,5|14,25|25,26|18,5|8,25|29,30|
#type=2,4,4,4,4,4,2,
RRL...R
#0100000000000000000
#assigned_pet=-1,2,12,6,0,12,-1,
#assigned_hub=-1,0,5,8,3,2,-1,
#moving_targetting_pos=15,1|-1,-1|-1,-1|-1,-1|-1,-1|-1,-1|29,2|
#setting_targetting_pos=15,30|8,5|14,25|25,26|18,5|8,25|29,30|
#type=2,4,4,4,4,4,2,
dLU...R
#0100000000000000000
#assigned_pet=-1,2,12,6,0,12,-1,
#assigned_hub=-1,0,5,8,3,2,-1,
#moving_targetting_pos=15,1|-1,-1|-1,-1|-1,-1|-1,-1|-1,-1|29,2|
#setting_targetting_pos=15,30|8,6|14,25|26,25|18,5|8,25|29,30|
#type=2,4,4,4,4,4,2,
RR.L..l
#0100000000000000000
#assigned_pet=-1,2,12,6,0,12,-1,
#assigned_hub=-1,0,5,8,3,2,-1,
#moving_targetting_pos=15,1|-1,-1|-1,-1|-1,-1|-1,-1|-1,-1|29,2|
#setting_targetting_pos=15,30|8,5|14,25|26,25|18,5|8,25|29,30|
#type=2,4,4,4,4,4,2,
dL.D..d
#0100000000000000000
#assigned_pet=-1,2,12,6,2,12,-1,
#assigned_hub=-1,0,5,8,3,2,-1,
#moving_targetting_pos=15,1|-1,-1|-1,-1|-1,-1|-1,-1|-1,-1|29,2|
#setting_targetting_pos=15,30|8,5|14,25|25,26|14,5|8,25|29,30|
#type=2,4,4,4,4,4,2,
R...U.R
#0100000000000000000
#assigned_pet=-1,2,12,6,2,12,-1,
#assigned_hub=-1,0,5,8,3,2,-1,
#moving_targetting_pos=15,1|-1,-1|-1,-1|-1,-1|-1,-1|-1,-1|29,2|
#setting_targetting_pos=15,30|8,5|14,25|26,25|14,5|8,25|29,30|
#type=2,4,4,4,4,4,2,
d...U.R
#0110000000000000000
#assigned_pet=-1,2,12,6,2,12,-1,
#assigned_hub=-1,0,5,8,3,2,-1,
#moving_targetting_pos=15,1|-1,-1|-1,-1|-1,-1|-1,-1|-1,-1|29,2|
#setting_targetting_pos=15,30|8,5|14,25|25,26|14,5|8,25|29,30|
#type=2,5,4,4,5,4,2,
Rd..u.d
#0110000000000000000
#assigned_pet=-1,15,7,6,8,7,-1,
#assigned_hub=-1,0,5,8,3,2,-1,
#moving_targetting_pos=15,1|-1,-1|-1,-1|-1,-1|-1,-1|-1,-1|29,2|
#setting_targetting_pos=15,30|5,8|14,27|25,26|15,8|8,27|29,30|
#type=2,4,4,4,4,4,2,
.RR.RRR
#0110000000000000000
#assigned_pet=-1,15,7,6,0,7,-1,
#assigned_hub=-1,0,5,8,3,2,-1,
#moving_targetting_pos=15,1|-1,-1|-1,-1|-1,-1|-1,-1|-1,-1|29,2|
#setting_targetting_pos=15,30|5,8|14,27|26,25|18,7|8,27|29,30|
#type=2,4,4,4,4,4,2,
dRR.RRR
#0110000000000000000
#assigned_pet=-1,15,18,6,0,18,-1,
#assigned_hub=-1,0,5,8,3,2,-1,
#moving_targetting_pos=15,1|-1,-1|-1,-1|-1,-1|-1,-1|-1,-1|29,2|
#setting_targetting_pos=15,30|6,7|14,25|26,25|18,7|8,25|29,30|
#type=2,4,4,4,4,4,2,
R.L.DLl
#0110000000000000000
#assigned_pet=-1,15,7,6,0,12,-1,
#assigned_hub=-1,0,5,8,3,2,-1,
#moving_targetting_pos=15,1|-1,-1|-1,-1|-1,-1|-1,-1|-1,-1|29,2|
#setting_targetting_pos=15,30|7,6|14,26|27,24|18,7|6,26|29,30|
#type=2,4,4,4,4,4,2,
...LD..
#0110000000000000000
#assigned_pet=-1,15,18,6,0,18,-1,
#assigned_hub=-1,0,5,8,3,2,-1,
#moving_targetting_pos=15,1|-1,-1|-1,-1|-1,-1|-1,-1|-1,-1|29,2|
#setting_targetting_pos=15,30|7,6|14,25|27,24|18,7|8,25|29,30|
#type=2,4,4,4,4,4,2,
..LD.L.
#0110000000000000000
#assigned_pet=-1,15,18,6,0,18,-1,
#assigned_hub=-1,0,5,8,3,2,-1,
#moving_targetting_pos=15,1|-1,-1|-1,-1|-1,-1|-1,-1|-1,-1|29,2|
#setting_targetting_pos=15,30|6,7|14,25|27,24|18,7|8,25|29,30|
#type=2,4,4,4,4,4,2,
.......
#0110000000000000000
#assigned_pet=-1,15,18,6,8,18,-1,
#assigned_hub=-1,0,5,8,3,2,-1,
#moving_targetting_pos=15,1|-1,-1|-1,-1|-1,-1|-1,-1|-1,-1|29,2|
#setting_targetting_pos=15,30|7,6|14,25|25,24|15,8|8,25|29,30|
#type=2,4,4,4,4,4,2,
....R.u
#0110000000000000000
#assigned_pet=-1,15,18,6,8,18,-1,
#assigned_hub=-1,0,5,8,3,2,-1,
#moving_targetting_pos=15,1|-1,-1|-1,-1|-1,-1|-1,-1|-1,-1|29,2|
#setting_targetting_pos=15,30|7,6|14,25|25,24|15,7|8,25|29,30|
#type=2,4,4,4,4,4,2,
....L.R
#0110000000000000000
#assigned_pet=-1,15,18,6,8,18,-1,
#assigned_hub=-1,0,5,8,3,2,-1,
#moving_targetting_pos=15,1|-1,-1|-1,-1|-1,-1|-1,-1|-1,-1|29,2|
#setting_targetting_pos=15,30|8,7|14,25|25,24|17,7|8,25|29,30|
#type=2,4,4,4,4,4,2,
....L.R
#0110000000000000000
#assigned_pet=-1,15,18,16,15,18,-1,
#assigned_hub=-1,0,5,8,3,2,-1,
#moving_targetting_pos=15,1|-1,-1|-1,-1|-1,-1|-1,-1|-1,-1|29,2|
#setting_targetting_pos=15,30|8,7|14,25|26,24|14,7|8,25|29,30|
#type=2,4,4,4,4,4,2,
u..RR.d
#0110000000000000000
#assigned_pet=-1,15,11,16,15,12,-1,
#assigned_hub=-1,0,5,8,3,2,-1,
#moving_targetting_pos=15,1|-1,-1|-1,-1|-1,-1|-1,-1|-1,-1|29,2|
#setting_targetting_pos=15,30|8,7|15,28|26,26|14,7|6,26|29,30|
#type=2,4,4,4,4,4,2,
R.R.URR
#0110000000000000000
#assigned_pet=-1,15,11,16,15,12,-1,
#assigned_hub=-1,0,5,8,3,2,-1,
#moving_targetting_pos=15,1|-1,-1|-1,-1|-1,-1|-1,-1|-1,-1|29,2|
#setting_targetting_pos=15,30|8,7|15,28|26,26|14,7|7,25|29,30|
#type=2,4,4,4,4,4,2,
R.R.U.l
#0110000000000001000
#assigned_pet=-1,15,11,14,15,13,-1,
#assigned_hub=-1,0,5,8,3,2,-1,
#moving_targetting_pos=15,1|-1,-1|-1,-1|-1,-1|-1,-1|-1,-1|29,2|
#setting_targetting_pos=15,30|8,7|15,28|24,25|14,7|4,25|29,30|
#type=2,5,4,4,5,4,2,
Rd.UuLR
#0110000000000001000
#assigned_pet=-1,-1,11,16,9,13,-1,
#assigned_hub=-1,0,5,8,3,2,-1,
#moving_targetting_pos=15,1|-1,-1|-1,-1|-1,-1|-1,-1|-1,-1|29,2|
#setting_targetting_pos=15,30|-1,-1|15,28|25,28|15,8|4,25|29,30|
#type=2,4,4,4,4,4,2,
R..R.Uu
#0110000000000001000
#assigned_pet=-1,-1,11,14,9,13,-1,
#assigned_hub=-1,0,5,8,3,2,-1,
#moving_targetting_pos=15,1|-1,-1|-1,-1|-1,-1|-1,-1|-1,-1|29,2|
#setting_targetting_pos=15,30|-1,-1|15,28|25,26|16,7|4,25|29,30|
#type=2,4,4,4,4,4,2,
u..D.UR
#0110000000000101000
#assigned_pet=-1,-1,11,16,9,13,-1,
#assigned_hub=-1,0,5,8,3,2,-1,
#moving_targetting_pos=15,1|-1,-1|-1,-1|-1,-1|-1,-1|-1,-1|29,2|
#setting_targetting_pos=15,30|-1,-1|15,28|27,28|15,8|4,25|29,30|
#type=2,4,4,4,4,5,2,
R..R.uR
#0110000000000101000
#assigned_pet=-1,-1,11,16,9,12,-1,
#assigned_hub=-1,0,5,8,3,2,-1,
#moving_targetting_pos=15,1|-1,-1|-1,-1|-1,-1|-1,-1|-1,-1|29,2|
#setting_targetting_pos=15,30|-1,-1|15,28|27,27|15,8|7,24|29,30|
#type=2,4,4,4,4,4,2,
d....Ll
#0110000000000101000
#assigned_pet=-1,-1,11,16,9,12,-1,
#assigned_hub=-1,0,5,8,3,2,-1,
#moving_targetting_pos=15,1|-1,-1|-1,-1|-1,-1|-1,-1|-1,-1|29,2|
#setting_targetting_pos=15,30|-1,-1|15,28|27,27|15,8|7,24|29,30|
#type=2,4,4,4,4,4,2,
R....Dd
#0110000000000101000
#assigned_pet=-1,-1,5,16,9,12,-1,
#assigned_hub=-1,0,5,8,3,2,7,
#moving_targetting_pos=15,1|-1,-1|-1,-1|-1,-1|-1,-1|-1,-1|26,16|
#setting_targetting_pos=15,30|-1,-1|17,24|26,26|16,7|7,24|29,30|
#type=2,4,4,4,4,4,3,
d.L...U
#0110000000000101000
#assigned_pet=-1,-1,11,16,9,12,-1,
#assigned_hub=-1,0,5,8,3,2,7,
#moving_targetting_pos=15,1|-1,-1|-1,-1|-1,-1|-1,-1|-1,-1|26,16|
#setting_targetting_pos=15,30|-1,-1|15,28|27,27|16,7|7,24|-1,-1|
#type=2,4,4,4,4,4,3,
R.R...L
#0110000000000101000
#assigned_pet=-1,-1,11,14,9,12,-1,
#assigned_hub=-1,0,5,8,3,2,7,
#moving_targetting_pos=15,1|-1,-1|-1,-1|-1,-1|-1,-1|-1,-1|26,16|
#setting_targetting_pos=15,30|-1,-1|15,28|24,27|16,7|7,24|-1,-1|
#type=2,4,4,4,4,4,3,
d..U..U
#0110000000000101000
#assigned_pet=-1,-1,11,16,9,12,-1,
#assigned_hub=-1,0,5,8,3,2,7,
#moving_targetting_pos=15,1|-1,-1|-1,-1|-1,-1|-1,-1|-1,-1|26,16|
#setting_targetting_pos=15,30|-1,-1|15,28|27,25|15,8|7,24|-1,-1|
#type=2,4,4,4,4,4,3,
R..L..L
#0110000000000101000
#assigned_pet=-1,-1,11,16,9,12,-1,
#assigned_hub=-1,0,5,8,3,2,7,
#moving_targetting_pos=15,1|-1,-1|-1,-1|-1,-1|-1,-1|-1,-1|26,16|
#setting_targetting_pos=15,30|-1,-1|15,28|27,25|15,8|7,24|-1,-1|
#type=2,4,4,4,4,4,3,
d..L..L
#0110000000000101000
#assigned_pet=-1,-1,11,16,9,12,-1,
#assigned_hub=-1,0,5,8,3,2,7,
#moving_targetting_pos=15,1|-1,-1|-1,-1|-1,-1|-1,-1|-1,-1|26,16|
#setting_targetting_pos=15,30|-1,-1|15,28|26,24|16,7|7,24|-1,-1|
#type=2,4,4,4,4,4,3,
R..L..L
#0110000000000101000
#assigned_pet=-1,-1,14,14,9,12,-1,
#assigned_hub=-1,0,5,8,3,2,7,
#moving_targetting_pos=15,1|-1,-1|-1,-1|-1,-1|-1,-1|-1,-1|26,16|
#setting_targetting_pos=15,30|-1,-1|18,27|24,27|16,7|7,24|-1,-1|
#type=2,4,4,4,4,4,3,
d.DR..L
#0110000000000101000
#assigned_pet=-1,-1,14,14,9,12,-1,
#assigned_hub=-1,0,5,8,3,2,7,
#moving_targetting_pos=15,1|-1,-1|-1,-1|-1,-1|-1,-1|-1,-1|26,16|
#setting_targetting_pos=15,30|-1,-1|18,27|24,27|16,5|7,24|-1,-1|
#type=2,4,4,4,4,4,3,
R.DRL.L
#0110000000000101000
#assigned_pet=-1,-1,14,14,9,12,-1,
#assigned_hub=-1,0,5,8,3,2,7,
#moving_targetting_pos=15,1|-1,-1|-1,-1|-1,-1|-1,-1|-1,-1|26,16|
#setting_targetting_pos=15,30|-1,-1|18,27|24,27|15,4|7,24|-1,-1|
#type=2,4,4,4,4,4,3,
u..RL.L
#0110000001000101000
#assigned_pet=-1,-1,18,18,9,12,-1,
#assigned_hub=-1,0,5,8,3,2,7,
#moving_targetting_pos=15,1|-1,-1|-1,-1|-1,-1|-1,-1|-1,-1|26,16|
#setting_targetting_pos=15,30|-1,-1|18,25|24,25|15,4|7,24|-1,-1|
#type=2,4,4,4,5,4,3,
R.LLl.L
#0110000001000101000
#assigned_pet=-1,-1,5,5,17,12,-1,
#assigned_hub=-1,0,5,8,3,2,7,
#moving_targetting_pos=15,1|-1,-1|-1,-1|-1,-1|-1,-1|-1,-1|26,16|
#setting_targetting_pos=15,30|-1,-1|18,25|24,25|17,7|7,24|-1,-1|
#type=2,4,4,4,4,4,3,
R.LLR.L
#0110000001000101000
#assigned_pet=-1,-1,5,5,17,12,-1,
#assigned_hub=-1,0,5,8,3,2,7,
#moving_targetting_pos=15,1|-1,-1|-1,-1|-1,-1|-1,-1|-1,-1|26,16|
#setting_targetting_pos=15,30|-1,-1|18,25|24,25|16,7|7,24|-1,-1|
#type=2,4,4,4,4,4,3,
R...R.L
#0110010001000101000
#assigned_pet=-1,-1,5,5,17,12,-1,
#assigned_hub=-1,0,5,8,3,2,7,
#moving_targetting_pos=15,1|-1,-1|-1,-1|-1,-1|-1,-1|-1,-1|26,16|
#setting_targetting_pos=15,30|-1,-1|18,25|24,25|16,6|7,24|-1,-1|
#type=2,4,5,5,4,4,3,
R.duL.L
#0110010001000101000
#assigned_pet=-1,-1,18,18,17,12,-1,
#assigned_hub=-1,0,5,8,3,2,7,
#moving_targetting_pos=15,1|-1,-1|-1,-1|-1,-1|-1,-1|-1,-1|26,16|
#setting_targetting_pos=15,30|-1,-1|18,27|24,27|15,8|7,24|-1,-1|
#type=2,4,4,4,4,4,3,
u.RRR.L
#0110010001000101000
#assigned_pet=-1,-1,18,18,17,12,-1,
#assigned_hub=-1,0,5,8,3,2,7,
#moving_targetting_pos=15,1|-1,-1|-1,-1|-1,-1|-1,-1|-1,-1|26,16|
#setting_targetting_pos=15,30|-1,-1|18,27|24,27|15,7|7,24|-1,-1|
#type=2,4,4,4,4,4,3,
R.RRL.L
#0110010001000101001
#assigned_pet=-1,-1,18,18,17,12,16,
#assigned_hub=-1,0,5,8,3,2,7,
#moving_targetting_pos=15,1|-1,-1|-1,-1|-1,-1|-1,-1|-1,-1|-1,-1|
#setting_targetting_pos=15,30|-1,-1|18,27|24,27|15,6|7,24|25,15|
#type=2,4,5,5,4,4,4,
d.duD.L
#0110010001000101001
#assigned_pet=-1,-1,14,-1,17,12,16,
#assigned_hub=-1,0,5,8,3,2,7,
#moving_targetting_pos=15,1|-1,-1|-1,-1|-1,-1|-1,-1|-1,-1|-1,-1|
#setting_targetting_pos=15,30|-1,-1|17,26|-1,-1|15,5|7,24|25,15|
#type=2,4,4,4,4,4,4,
R...L.L
#0110010001000101001
#assigned_pet=-1,-1,14,-1,6,12,16,
#assigned_hub=-1,0,5,8,3,2,7,
#moving_targetting_pos=15,1|-1,-1|-1,-1|-1,-1|-1,-1|-1,-1|-1,-1|
#setting_targetting_pos=15,30|-1,-1|17,26|-1,-1|18,7|7,24|24,16|
#type=2,4,4,4,4,4,4,
d...R.R
#0110010001000101001
#assigned_pet=-1,10,14,-1,6,12,8,
#assigned_hub=4,0,5,8,3,2,7,
#moving_targetting_pos=16,16|-1,-1|-1,-1|-1,-1|-1,-1|-1,-1|-1,-1|
#setting_targetting_pos=15,30|5,8|17,26|-1,-1|17,6|7,24|27,15|
#type=3,4,4,4,4,4,4,
LR.....
#0110010001000101001
#assigned_pet=-1,10,14,-1,6,-1,8,
#assigned_hub=4,0,5,8,3,2,7,
#moving_targetting_pos=16,16|-1,-1|-1,-1|-1,-1|-1,-1|-1,-1|-1,-1|
#setting_targetting_pos=-1,-1|5,8|16,25|-1,-1|17,8|-1,-1|26,16|
#type=3,4,4,4,4,4,4,
LUL.R..
#0110010001000101001
#assigned_pet=-1,10,14,-1,17,-1,8,
#assigned_hub=4,0,5,8,3,2,7,
#moving_targetting_pos=16,16|-1,-1|-1,-1|-1,-1|-1,-1|-1,-1|-1,-1|
#setting_targetting_pos=-1,-1|5,8|16,25|-1,-1|17,7|-1,-1|25,15|
#type=3,4,4,4,4,4,4,
L.L...L
#0110010001000101001
#assigned_pet=-1,10,14,-1,17,-1,16,
#assigned_hub=4,0,5,8,3,2,7,
#moving_targetting_pos=16,16|-1,-1|-1,-1|-1,-1|-1,-1|-1,-1|-1,-1|
#setting_targetting_pos=-1,-1|5,8|17,24|-1,-1|15,6|-1,-1|24,16|
#type=3,4,4,4,4,4,4,
L...L.R
#0110010001000101001
#assigned_pet=-1,10,11,-1,17,-1,8,
#assigned_hub=4,0,5,6,3,2,7,
#moving_targetting_pos=16,16|-1,-1|-1,-1|26,6|-1,-1|-1,-1|-1,-1|
#setting_targetting_pos=-1,-1|6,6|17,24|-1,-1|16,6|-1,-1|24,15|
#type=3,4,4,3,4,4,4,
LL.L..L
#0110010001000101001
#assigned_pet=-1,10,11,-1,17,-1,8,
#assigned_hub=4,0,5,6,3,2,7,
#moving_targetting_pos=16,16|-1,-1|-1,-1|26,6|-1,-1|-1,-1|-1,-1|
#setting_targetting_pos=-1,-1|6,7|17,24|-1,-1|15,6|-1,-1|24,15|
#type=3,4,4,3,4,4,4,
LL.L..U
#0110010001000101001
#assigned_pet=-1,10,11,-1,17,-1,8,
#assigned_hub=4,0,5,6,3,2,7,
#moving_targetting_pos=16,16|-1,-1|-1,-1|26,6|-1,-1|-1,-1|-1,-1|
#setting_targetting_pos=-1,-1|5,7|17,24|-1,-1|15,7|-1,-1|24,15|
#type=3,4,4,3,4,4,4,
LR.LR.U
#0110010001000101001
#assigned_pet=-1,10,11,-1,17,-1,8,
#assigned_hub=4,0,5,6,3,2,7,
#moving_targetting_pos=16,16|-1,-1|-1,-1|26,6|-1,-1|-1,-1|-1,-1|
#setting_targetting_pos=-1,-1|6,7|17,24|-1,-1|16,5|-1,-1|24,15|
#type=3,4,4,3,4,4,4,
LL.LL..
#0110010001000101001
#assigned_pet=-1,10,11,-1,17,-1,8,
#assigned_hub=4,0,5,6,3,2,7,
#moving_targetting_pos=16,16|-1,-1|-1,-1|26,6|-1,-1|-1,-1|-1,-1|
#setting_targetting_pos=-1,-1|5,8|17,24|-1,-1|16,6|-1,-1|24,15|
#type=3,4,4,3,4,4,4,
LR.L...
#0110010001000101001
#assigned_pet=-1,10,11,-1,17,12,-1,
#assigned_hub=4,0,5,6,3,2,7,
#moving_targetting_pos=16,16|-1,-1|-1,-1|26,6|-1,-1|-1,-1|-1,-1|
#setting_targetting_pos=-1,-1|5,8|17,24|-1,-1|15,6|5,24|-1,-1|
#type=3,4,4,3,4,4,4,
LR.L...
#0110010001000101001
#assigned_pet=-1,10,11,-1,17,12,-1,
#assigned_hub=4,0,5,6,3,2,7,
#moving_targetting_pos=16,16|-1,-1|-1,-1|26,6|-1,-1|-1,-1|-1,-1|
#setting_targetting_pos=-1,-1|5,8|17,24|-1,-1|16,6|5,24|-1,-1|
#type=3,4,4,3,4,4,4,
L..L...
#0110010001000101001
#assigned_pet=-1,10,8,-1,17,12,-1,
#assigned_hub=4,0,5,6,3,2,7,
#moving_targetting_pos=16,16|-1,-1|-1,-1|26,6|-1,-1|-1,-1|-1,-1|
#setting_targetting_pos=-1,-1|5,8|17,24|-1,-1|17,6|5,24|-1,-1|
#type=3,4,4,3,4,4,4,
L..L...
#0110010001000101001
#assigned_pet=-1,10,8,-1,17,12,-1,
#assigned_hub=4,0,5,6,3,2,7,
#moving_targetting_pos=16,16|-1,-1|-1,-1|26,6|-1,-1|-1,-1|-1,-1|
#setting_targetting_pos=-1,-1|5,8|17,24|-1,-1|17,5|5,24|-1,-1|
#type=3,4,4,3,4,4,4,
L..LL..
#0110010001000101001
#assigned_pet=8,10,8,-1,17,12,14,
#assigned_hub=4,0,5,6,3,2,7,
#moving_targetting_pos=-1,-1|-1,-1|-1,-1|26,6|-1,-1|-1,-1|-1,-1|
#setting_targetting_pos=17,18|5,8|17,24|-1,-1|18,5|5,24|24,15|
#type=4,4,4,3,4,4,4,
R..LD..
#0110010001000101001
#assigned_pet=8,10,8,-1,17,12,14,
#assigned_hub=4,0,5,6,3,2,7,
#moving_targetting_pos=-1,-1|-1,-1|-1,-1|26,6|-1,-1|-1,-1|-1,-1|
#setting_targetting_pos=17,18|5,8|17,24|-1,-1|16,6|5,24|24,15|
#type=4,4,4,3,4,4,4,
D..LR..
#0110010011010101001
#assigned_pet=8,10,8,-1,17,3,14,
#assigned_hub=4,0,5,6,3,2,7,
#moving_targetting_pos=-1,-1|-1,-1|-1,-1|26,6|-1,-1|-1,-1|-1,-1|
#setting_targetting_pos=17,18|5,8|17,24|-1,-1|17,4|7,24|24,15|
#type=5,4,5,3,4,4,4,
d.lLL..
#0110010011010101001
#assigned_pet=14,10,-1,-1,17,3,14,
#assigned_hub=4,0,1,6,3,2,7,
#moving_targetting_pos=-1,-1|-1,-1|6,16|26,6|-1,-1|-1,-1|-1,-1|
#setting_targetting_pos=18,15|5,8|-1,-1|-1,-1|17,4|7,24|24,15|
#type=4,4,3,3,4,4,4,
L.UL...
#0110010011010101011
#assigned_pet=14,10,-1,-1,17,3,14,
#assigned_hub=4,0,1,6,3,2,7,
#moving_targetting_pos=-1,-1|-1,-1|6,16|26,6|-1,-1|-1,-1|-1,-1|
#setting_targetting_pos=18,15|5,8|-1,-1|-1,-1|17,4|7,24|24,15|
#type=4,4,3,3,5,4,4,
L.LLl..
#0110010011010101011
#assigned_pet=7,-1,-1,-1,7,3,14,
#assigned_hub=4,0,1,6,3,2,7,
#moving_targetting_pos=-1,-1|-1,-1|6,16|26,6|-1,-1|-1,-1|-1,-1|
#setting_targetting_pos=15,14|-1,-1|-1,-1|-1,-1|15,8|7,24|24,15|
#type=4,4,3,3,4,4,4,
L.ULR..
#0110010011010101011
#assigned_pet=7,-1,-1,-1,16,3,14,
#assigned_hub=4,0,1,6,3,2,7,
#moving_targetting_pos=-1,-1|-1,-1|6,16|26,6|-1,-1|-1,-1|-1,-1|
#setting_targetting_pos=15,15|-1,-1|-1,-1|-1,-1|17,7|7,24|25,14|
#type=4,4,3,3,4,4,4,
..LL...
#0110010011010101011
#assigned_pet=7,10,-1,-1,16,3,14,
#assigned_hub=4,0,1,6,3,2,7,
#moving_targetting_pos=-1,-1|-1,-1|6,16|26,6|-1,-1|-1,-1|-1,-1|
#setting_targetting_pos=14,16|5,8|-1,-1|-1,-1|17,7|6,24|25,14|
#type=4,4,3,3,4,4,4,
R.LL.R.
#0110010011010101011
#assigned_pet=7,-1,-1,-1,16,3,14,
#assigned_hub=4,0,1,6,3,2,7,
#moving_targetting_pos=-1,-1|-1,-1|6,16|26,6|-1,-1|-1,-1|-1,-1|
#setting_targetting_pos=14,16|-1,-1|-1,-1|-1,-1|17,7|6,24|25,14|
#type=4,4,3,3,4,4,4,
U.LL...
#0110010011010101011
#assigned_pet=7,10,-1,-1,16,3,14,
#assigned_hub=4,0,1,6,3,2,7,
#moving_targetting_pos=-1,-1|-1,-1|6,16|26,6|-1,-1|-1,-1|-1,-1|
#setting_targetting_pos=14,16|5,8|-1,-1|-1,-1|18,6|6,24|25,14|
#type=4,4,3,3,4,4,4,
..LL...
#0110010011010101011
#assigned_pet=7,10,-1,-1,16,3,14,
#assigned_hub=4,0,1,6,3,2,7,
#moving_targetting_pos=-1,-1|-1,-1|6,16|26,6|-1,-1|-1,-1|-1,-1|
#setting_targetting_pos=14,17|5,8|-1,-1|-1,-1|18,6|5,25|25,14|
#type=4,4,3,3,4,4,4,
R.LL...
#0110010011010111011
#assigned_pet=7,10,-1,14,0,3,14,
#assigned_hub=4,0,1,6,3,2,7,
#moving_targetting_pos=-1,-1|-1,-1|6,16|-1,-1|-1,-1|-1,-1|-1,-1|
#setting_targetting_pos=14,17|5,8|-1,-1|25,8|18,7|5,25|25,14|
#type=4,4,3,5,4,4,5,
..LrR.l
#0110010011010111011
#assigned_pet=7,-1,-1,0,0,3,-1,
#assigned_hub=4,0,1,6,3,2,7,
#moving_targetting_pos=-1,-1|-1,-1|6,16|-1,-1|-1,-1|-1,-1|-1,-1|
#setting_targetting_pos=14,16|-1,-1|-1,-1|24,7|18,7|5,27|-1,-1|
#type=4,4,3,4,4,4,4,
L.L..R.
#0110010011010111011
#assigned_pet=7,-1,-1,0,0,3,-1,
#assigned_hub=4,0,1,6,3,2,7,
#moving_targetting_pos=-1,-1|-1,-1|6,16|-1,-1|-1,-1|-1,-1|-1,-1|
#setting_targetting_pos=14,16|-1,-1|-1,-1|24,7|18,7|6,28|-1,-1|
#type=4,4,3,4,4,4,4,
..U..R.
#0110010011010111011
#assigned_pet=7,-1,-1,0,0,3,-1,
#assigned_hub=4,0,1,6,3,2,7,
#moving_targetting_pos=-1,-1|-1,-1|6,16|-1,-1|-1,-1|-1,-1|-1,-1|
#setting_targetting_pos=16,16|-1,-1|-1,-1|24,7|18,7|7,28|-1,-1|
#type=4,4,3,4,4,4,4,
..U..R.
#0110010011010111011
#assigned_pet=7,-1,-1,0,0,3,-1,
#assigned_hub=4,0,1,6,3,2,7,
#moving_targetting_pos=-1,-1|-1,-1|6,16|-1,-1|-1,-1|-1,-1|-1,-1|
#setting_targetting_pos=16,16|-1,-1|-1,-1|24,7|18,7|7,27|-1,-1|
#type=4,4,3,4,4,4,4,
..U..L.
#0110010011010111011
#assigned_pet=7,-1,-1,0,0,3,-1,
#assigned_hub=4,0,1,6,3,2,7,
#moving_targetting_pos=-1,-1|-1,-1|6,16|-1,-1|-1,-1|-1,-1|-1,-1|
#setting_targetting_pos=15,15|-1,-1|-1,-1|24,7|18,7|7,27|-1,-1|
#type=4,4,3,4,4,4,4,
..U....
#0110010011010111011
#assigned_pet=7,6,-1,0,0,3,-1,
#assigned_hub=4,0,1,6,3,2,7,
#moving_targetting_pos=-1,-1|-1,-1|6,16|-1,-1|-1,-1|-1,-1|-1,-1|
#setting_targetting_pos=15,17|5,8|-1,-1|24,7|18,7|8,27|-1,-1|
#type=4,4,3,4,4,4,4,
..U..D.
#0110010011010111011
#assigned_pet=7,6,-1,0,0,3,-1,
#assigned_hub=4,0,1,6,3,2,7,
#moving_targetting_pos=-1,-1|-1,-1|6,16|-1,-1|-1,-1|-1,-1|-1,-1|
#setting_targetting_pos=15,17|5,8|-1,-1|24,7|18,7|8,27|-1,-1|
#type=4,4,3,4,4,4,4,
..U....
#1110010011010111011
#assigned_pet=7,6,-1,0,0,3,-1,
#assigned_hub=4,0,1,6,3,2,7,
#moving_targetting_pos=-1,-1|-1,-1|6,16|-1,-1|-1,-1|-1,-1|-1,-1|
#setting_targetting_pos=15,17|5,8|-1,-1|24,7|18,7|8,27|-1,-1|
#type=4,4,3,5,5,4,4,
..Uud..
#1110010011010111011
#assigned_pet=16,-1,-1,4,16,3,-1,
#assigned_hub=4,0,1,6,3,2,7,
#moving_targetting_pos=-1,-1|-1,-1|6,16|-1,-1|-1,-1|-1,-1|-1,-1|
#setting_targetting_pos=17,14|-1,-1|-1,-1|27,4|17,8|8,27|-1,-1|
#type=4,4,3,4,4,4,4,
L.LL...
#1110010011010111011
#assigned_pet=16,-1,12,4,16,12,-1,
#assigned_hub=4,0,1,6,3,2,7,
#moving_targetting_pos=-1,-1|-1,-1|-1,-1|-1,-1|-1,-1|-1,-1|-1,-1|
#setting_targetting_pos=17,14|-1,-1|5,18|27,4|17,8|5,24|-1,-1|
#type=4,4,4,4,4,4,4,
L.RL.L.
#1110010011010111011
#assigned_pet=16,6,12,4,16,12,-1,
#assigned_hub=4,0,1,6,3,2,7,
#moving_targetting_pos=-1,-1|-1,-1|-1,-1|-1,-1|-1,-1|-1,-1|-1,-1|
#setting_targetting_pos=17,14|5,8|5,18|27,4|17,8|5,24|-1,-1|
#type=4,4,4,4,4,4,4,
D.UL.L.
#1110010011010111111
#assigned_pet=16,6,12,4,16,12,-1,
#assigned_hub=4,0,1,6,3,2,7,
#moving_targetting_pos=-1,-1|-1,-1|-1,-1|-1,-1|-1,-1|-1,-1|-1,-1|
#setting_targetting_pos=17,14|5,8|5,18|27,4|17,8|5,24|-1,-1|
#type=5,4,4,4,5,4,4,
d.RDrL.
#1110110011010111111
#assigned_pet=7,6,12,4,-1,12,-1,
#assigned_hub=4,0,1,6,3,2,7,
#moving_targetting_pos=-1,-1|-1,-1|-1,-1|-1,-1|-1,-1|-1,-1|-1,-1|
#setting_targetting_pos=15,17|5,8|5,18|27,4|-1,-1|5,24|-1,-1|
#type=4,4,4,5,4,4,4,
R.Ud.U.
#1110110011011111111
#assigned_pet=7,6,12,-1,-1,12,-1,
#assigned_hub=4,0,1,5,3,2,7,
#moving_targetting_pos=-1,-1|-1,-1|-1,-1|16,26|-1,-1|-1,-1|-1,-1|
#setting_targetting_pos=15,17|5,8|5,18|-1,-1|-1,-1|5,24|-1,-1|
#type=4,4,5,3,4,5,4,
R.uR.u.
#1110110011011111111
#assigned_pet=7,6,6,-1,-1,-1,-1,
#assigned_hub=4,0,1,5,3,2,7,
#moving_targetting_pos=-1,-1|-1,-1|-1,-1|16,26|16,6|-1,-1|-1,-1|
#setting_targetting_pos=16,18|5,8|5,14|-1,-1|-1,-1|-1,-1|-1,-1|
#type=4,4,4,3,4,4,4,
R.LU...
#1110110011011111111
#assigned_pet=7,6,6,-1,-1,-1,-1,
#assigned_hub=4,0,1,5,3,2,7,
#moving_targetting_pos=-1,-1|-1,-1|-1,-1|16,26|-1,-1|-1,-1|-1,-1|
#setting_targetting_pos=15,17|5,8|5,14|-1,-1|-1,-1|-1,-1|-1,-1|
#type=4,4,4,3,4,4,4,
..LU...
#1110110011011111111
#assigned_pet=7,6,6,-1,-1,-1,-1,
#assigned_hub=4,0,1,5,3,2,7,
#moving_targetting_pos=-1,-1|-1,-1|-1,-1|16,26|-1,-1|-1,-1|-1,-1|
#setting_targetting_pos=15,17|5,8|5,14|-1,-1|-1,-1|-1,-1|-1,-1|
#type=4,4,4,3,4,4,4,
..LU...
#1110110011011111111
#assigned_pet=7,6,6,-1,-1,-1,-1,
#assigned_hub=4,0,1,5,3,2,7,
#moving_targetting_pos=-1,-1|-1,-1|-1,-1|16,26|-1,-1|6,26|-1,-1|
#setting_targetting_pos=15,17|5,8|5,14|-1,-1|-1,-1|-1,-1|-1,-1|
#type=4,4,4,3,4,4,4,
..LU...
#1110111011011111111
#assigned_pet=7,6,6,-1,-1,-1,-1,
#assigned_hub=4,0,1,5,3,2,7,
#moving_targetting_pos=-1,-1|-1,-1|-1,-1|16,26|-1,-1|6,26|-1,-1|
#setting_targetting_pos=15,17|5,8|5,14|-1,-1|-1,-1|-1,-1|-1,-1|
#type=4,5,5,3,4,4,4,
.uuU...
#1110111011011111111
#assigned_pet=7,-1,10,-1,-1,-1,-1,
#assigned_hub=4,0,1,5,3,2,7,
#moving_targetting_pos=-1,-1|6,6|-1,-1|16,26|16,6|6,26|-1,-1|
#setting_targetting_pos=16,18|-1,-1|4,15|-1,-1|-1,-1|-1,-1|-1,-1|
#type=4,4,4,3,4,4,4,
..RU...
#1110111011011111111
#assigned_pet=3,-1,10,-1,-1,-1,-1,
#assigned_hub=4,0,1,5,3,2,7,
#moving_targetting_pos=-1,-1|6,6|-1,-1|16,26|-1,-1|6,26|-1,-1|
#setting_targetting_pos=16,18|-1,-1|4,15|-1,-1|-1,-1|-1,-1|-1,-1|
#type=4,4,4,3,4,4,4,
..UU...
#1110111011111111111
#assigned_pet=3,-1,10,-1,-1,-1,-1,
#assigned_hub=4,0,1,5,3,2,7,
#moving_targetting_pos=-1,-1|6,6|-1,-1|16,26|-1,-1|6,26|-1,-1|
#setting_targetting_pos=16,18|-1,-1|4,15|-1,-1|-1,-1|-1,-1|-1,-1|
#type=4,4,5,3,4,4,4,
..uU...
#1110111011111111111
#assigned_pet=3,-1,-1,-1,-1,-1,-1,
#assigned_hub=4,0,1,5,3,2,7,
#moving_targetting_pos=-1,-1|6,6|6,16|16,26|16,6|6,26|-1,-1|
#setting_targetting_pos=16,18|-1,-1|-1,-1|-1,-1|-1,-1|-1,-1|-1,-1|
#type=4,4,4,3,4,4,4,
...R...
#1110111011111111111
#assigned_pet=3,-1,-1,-1,-1,-1,-1,
#assigned_hub=4,0,1,5,3,2,7,
#moving_targetting_pos=-1,-1|6,6|-1,-1|16,26|-1,-1|6,26|-1,-1|
#setting_targetting_pos=15,17|-1,-1|-1,-1|-1,-1|-1,-1|-1,-1|-1,-1|
#type=4,4,4,3,4,4,4,
...U...
#1110111011111111111
#assigned_pet=3,-1,3,-1,-1,-1,-1,
#assigned_hub=4,0,1,5,3,2,7,
#moving_targetting_pos=-1,-1|6,6|-1,-1|16,26|16,6|6,26|-1,-1|
#setting_targetting_pos=14,17|-1,-1|8,17|-1,-1|-1,-1|-1,-1|-1,-1|
#type=4,4,4,3,4,4,4,
U.RR...
#1110111011111111111
#assigned_pet=3,-1,3,-1,-1,-1,-1,
#assigned_hub=4,0,1,5,3,2,7,
#moving_targetting_pos=-1,-1|6,6|-1,-1|16,26|16,6|6,26|-1,-1|
#setting_targetting_pos=14,17|-1,-1|8,17|-1,-1|-1,-1|-1,-1|-1,-1|
#type=4,4,4,3,4,4,4,
..RU...
#1110111011111111111
#assigned_pet=3,-1,3,-1,-1,-1,-1,
#assigned_hub=4,0,1,5,3,2,7,
#moving_targetting_pos=-1,-1|6,6|-1,-1|16,26|16,6|-1,-1|-1,-1|
#setting_targetting_pos=14,17|-1,-1|8,17|-1,-1|-1,-1|-1,-1|-1,-1|
#type=4,4,4,3,4,4,4,
..DR...
#1110111011111111111
#assigned_pet=3,-1,3,-1,-1,-1,-1,
#assigned_hub=4,0,1,5,3,2,7,
#moving_targetting_pos=-1,-1|6,6|-1,-1|16,26|16,6|-1,-1|26,16|
#setting_targetting_pos=14,17|-1,-1|8,17|-1,-1|-1,-1|-1,-1|-1,-1|
#type=4,4,4,3,4,4,4,
..DU...
#1110111011111111111
#assigned_pet=3,-1,3,-1,-1,-1,-1,
#assigned_hub=4,0,1,5,3,2,7,
#moving_targetting_pos=-1,-1|-1,-1|-1,-1|16,26|16,6|-1,-1|26,16|
#setting_targetting_pos=14,17|-1,-1|8,17|-1,-1|-1,-1|-1,-1|-1,-1|
#type=4,4,4,3,4,4,4,
...R...
#1110111011111111111
#assigned_pet=7,-1,3,-1,-1,-1,-1,
#assigned_hub=4,0,1,5,3,2,7,
#moving_targetting_pos=-1,-1|-1,-1|-1,-1|16,26|16,6|-1,-1|26,16|
#setting_targetting_pos=15,18|-1,-1|8,16|-1,-1|-1,-1|-1,-1|-1,-1|
#type=4,4,4,3,4,4,4,
..LR...
#1110111011111111111
#assigned_pet=7,-1,3,-1,-1,-1,-1,
#assigned_hub=4,0,1,5,3,2,7,
#moving_targetting_pos=-1,-1|-1,-1|-1,-1|16,26|16,6|-1,-1|26,16|
#setting_targetting_pos=15,18|-1,-1|8,16|-1,-1|-1,-1|-1,-1|-1,-1|
#type=4,4,4,3,4,4,4,
...R...
#1110111011111111111
#assigned_pet=-1,-1,3,-1,-1,-1,-1,
#assigned_hub=4,0,1,5,3,2,7,
#moving_targetting_pos=-1,-1|-1,-1|-1,-1|16,26|16,6|-1,-1|26,16|
#setting_targetting_pos=-1,-1|-1,-1|8,16|-1,-1|-1,-1|-1,-1|-1,-1|
#type=4,4,4,3,4,4,4,
...R...
#1110111011111111111
#assigned_pet=3,-1,3,-1,-1,-1,-1,
#assigned_hub=4,0,1,5,3,2,7,
#moving_targetting_pos=-1,-1|-1,-1|-1,-1|16,26|16,6|-1,-1|26,16|
#setting_targetting_pos=14,15|-1,-1|8,15|-1,-1|-1,-1|-1,-1|-1,-1|
#type=4,4,4,3,4,4,4,
L.LR...
#1110111011111111111
#assigned_pet=3,-1,3,-1,-1,-1,-1,
#assigned_hub=4,0,1,5,3,2,7,
#moving_targetting_pos=-1,-1|-1,-1|-1,-1|16,26|16,6|-1,-1|26,16|
#setting_targetting_pos=14,15|-1,-1|8,15|-1,-1|-1,-1|-1,-1|-1,-1|
#type=4,4,4,3,4,4,4,
L..R...
#1110111011111111111
#assigned_pet=-1,-1,3,-1,-1,-1,-1,
#assigned_hub=4,0,1,5,3,2,7,
#moving_targetting_pos=-1,-1|-1,-1|-1,-1|16,26|16,6|-1,-1|26,16|
#setting_targetting_pos=-1,-1|-1,-1|7,15|-1,-1|-1,-1|-1,-1|-1,-1|
#type=4,4,4,3,4,4,4,
..RR...
#1110111011111111111
#assigned_pet=-1,-1,3,-1,-1,-1,-1,
#assigned_hub=4,0,1,5,3,2,7,
#moving_targetting_pos=-1,-1|-1,-1|-1,-1|16,26|16,6|-1,-1|26,16|
#setting_targetting_pos=-1,-1|-1,-1|7,15|-1,-1|-1,-1|-1,-1|-1,-1|
#type=4,4,4,3,4,4,4,
...R...
#1110111011111111111
#assigned_pet=-1,3,3,-1,-1,-1,-1,
#assigned_hub=4,0,1,5,3,2,7,
#moving_targetting_pos=-1,-1|-1,-1|-1,-1|16,26|16,6|-1,-1|26,16|
#setting_targetting_pos=-1,-1|7,8|7,14|-1,-1|-1,-1|-1,-1|-1,-1|
#type=4,4,4,3,4,4,4,
..LR...
#1110111011111111111
#assigned_pet=-1,3,3,-1,-1,-1,-1,
#assigned_hub=4,0,1,5,3,2,7,
#moving_targetting_pos=-1,-1|-1,-1|-1,-1|16,26|16,6|-1,-1|26,16|
#setting_targetting_pos=-1,-1|7,8|7,14|-1,-1|-1,-1|-1,-1|-1,-1|
#type=4,4,4,3,4,4,4,
...R...
#1110111011111111111
#assigned_pet=-1,3,3,-1,-1,-1,-1,
#assigned_hub=4,0,1,5,3,2,7,
#moving_targetting_pos=-1,-1|-1,-1|-1,-1|16,26|16,6|6,26|26,16|
#setting_targetting_pos=-1,-1|7,8|7,14|-1,-1|-1,-1|-1,-1|-1,-1|
#type=4,4,4,3,4,4,4,
...R...
#1110111011111111111
#assigned_pet=-1,3,3,-1,-1,-1,-1,
#assigned_hub=4,0,1,5,3,2,7,
#moving_targetting_pos=-1,-1|-1,-1|-1,-1|16,26|16,6|6,26|26,16|
#setting_targetting_pos=-1,-1|7,8|7,14|-1,-1|-1,-1|-1,-1|-1,-1|
#type=4,4,4,3,4,4,4,
...R...
#1110111011111111111
#assigned_pet=-1,3,3,-1,-1,-1,-1,
#assigned_hub=4,0,1,5,3,2,7,
#moving_targetting_pos=-1,-1|-1,-1|-1,-1|16,26|16,6|-1,-1|26,16|
#setting_targetting_pos=-1,-1|7,8|7,14|-1,-1|-1,-1|-1,-1|-1,-1|
#type=4,4,4,3,4,4,4,
...R...
#1110111011111111111
#assigned_pet=-1,3,3,-1,-1,-1,-1,
#assigned_hub=4,0,1,5,3,2,7,
#moving_targetting_pos=-1,-1|-1,-1|-1,-1|16,26|16,6|-1,-1|26,16|
#setting_targetting_pos=-1,-1|7,8|7,14|-1,-1|-1,-1|-1,-1|-1,-1|
#type=4,4,4,3,4,4,4,
...R...
#1110111011111111111
#assigned_pet=-1,3,3,-1,-1,-1,-1,
#assigned_hub=4,0,1,5,3,2,7,
#moving_targetting_pos=-1,-1|-1,-1|-1,-1|16,26|16,6|-1,-1|26,16|
#setting_targetting_pos=-1,-1|7,8|7,14|-1,-1|-1,-1|-1,-1|-1,-1|
#type=4,4,4,3,4,4,4,
...R...
#1110111011111111111
#assigned_pet=-1,3,-1,-1,-1,-1,-1,
#assigned_hub=4,0,1,5,3,2,7,
#moving_targetting_pos=-1,-1|-1,-1|-1,-1|16,26|16,6|-1,-1|26,16|
#setting_targetting_pos=-1,-1|7,7|-1,-1|-1,-1|-1,-1|-1,-1|-1,-1|
#type=4,4,4,3,4,4,4,
.L.R...
#1110111011111111111
#assigned_pet=-1,3,-1,-1,-1,-1,-1,
#assigned_hub=4,0,1,5,3,2,7,
#moving_targetting_pos=-1,-1|-1,-1|-1,-1|16,26|16,6|-1,-1|26,16|
#setting_targetting_pos=-1,-1|6,6|-1,-1|-1,-1|-1,-1|-1,-1|-1,-1|
#type=4,4,4,3,4,4,4,
...R...
#1110111011111111111
#assigned_pet=-1,3,-1,7,-1,7,-1,
#assigned_hub=4,0,1,5,3,2,7,
#moving_targetting_pos=-1,-1|-1,-1|-1,-1|-1,-1|16,6|-1,-1|26,16|
#setting_targetting_pos=-1,-1|7,5|-1,-1|14,25|-1,-1|8,25|-1,-1|
#type=4,4,4,4,4,4,4,
.L...R.
#1110111011111111111
#assigned_pet=-1,3,-1,7,-1,7,-1,
#assigned_hub=4,0,1,5,3,2,7,
#moving_targetting_pos=16,16|-1,-1|-1,-1|-1,-1|16,6|-1,-1|26,16|
#setting_targetting_pos=-1,-1|7,7|-1,-1|14,25|-1,-1|8,25|-1,-1|
#type=4,4,4,4,4,4,4,
.R...D.
#1110111111111111111
#assigned_pet=-1,3,3,7,-1,7,-1,
#assigned_hub=4,0,1,5,3,2,7,
#moving_targetting_pos=16,16|-1,-1|-1,-1|-1,-1|16,6|-1,-1|26,16|
#setting_targetting_pos=-1,-1|7,8|7,14|14,25|-1,-1|8,25|-1,-1|
#type=4,4,4,5,4,5,4,
.R.u.d.
#1110111111111111111
#assigned_pet=-1,3,3,-1,-1,-1,-1,
#assigned_hub=4,0,1,5,3,2,7,
#moving_targetting_pos=16,16|-1,-1|-1,-1|16,26|16,6|6,26|26,16|
#setting_targetting_pos=-1,-1|7,8|7,14|-1,-1|-1,-1|-1,-1|-1,-1|
#type=4,4,4,4,4,4,4,
.......
#1110111111111111111
#assigned_pet=-1,3,3,-1,-1,-1,-1,
#assigned_hub=4,0,1,5,3,2,7,
#moving_targetting_pos=16,16|-1,-1|-1,-1|16,26|16,6|6,26|26,16|
#setting_targetting_pos=-1,-1|7,8|7,14|-1,-1|-1,-1|-1,-1|-1,-1|
#type=4,4,4,4,4,4,4,
.......
#1110111111111111111
#assigned_pet=-1,3,3,-1,-1,-1,-1,
#assigned_hub=4,0,1,5,3,2,7,
#moving_targetting_pos=16,16|-1,-1|-1,-1|16,26|16,6|6,26|26,16|
#setting_targetting_pos=-1,-1|7,8|7,14|-1,-1|-1,-1|-1,-1|-1,-1|
#type=4,4,4,4,4,4,4,
.......
#1110111111111111111
#assigned_pet=-1,3,3,-1,-1,-1,-1,
#assigned_hub=4,0,1,5,3,2,7,
#moving_targetting_pos=16,16|-1,-1|-1,-1|16,26|16,6|6,26|26,16|
#setting_targetting_pos=-1,-1|7,8|7,14|-1,-1|-1,-1|-1,-1|-1,-1|
#type=4,4,4,4,4,4,4,
.......
#1110111111111111111
#assigned_pet=-1,3,3,-1,-1,-1,-1,
#assigned_hub=4,0,1,5,3,2,7,
#moving_targetting_pos=16,16|-1,-1|-1,-1|16,26|16,6|6,26|26,16|
#setting_targetting_pos=-1,-1|7,8|7,14|-1,-1|-1,-1|-1,-1|-1,-1|
#type=4,4,4,4,4,4,4,
.......
#1110111111111111111
#assigned_pet=-1,3,3,-1,-1,-1,-1,
#assigned_hub=4,0,1,5,3,2,7,
#moving_targetting_pos=16,16|-1,-1|-1,-1|16,26|16,6|6,26|26,16|
#setting_targetting_pos=-1,-1|7,8|7,14|-1,-1|-1,-1|-1,-1|-1,-1|
#type=4,4,4,4,4,4,4,
.......
#1110111111111111111
#assigned_pet=-1,3,3,-1,-1,-1,-1,
#assigned_hub=4,0,1,5,3,2,7,
#moving_targetting_pos=-1,-1|-1,-1|-1,-1|16,26|16,6|6,26|26,16|
#setting_targetting_pos=-1,-1|7,8|7,14|-1,-1|-1,-1|-1,-1|-1,-1|
#type=4,4,4,4,4,4,4,
.......
#1110111111111111111
#assigned_pet=-1,3,3,-1,-1,-1,-1,
#assigned_hub=4,0,1,5,3,2,7,
#moving_targetting_pos=-1,-1|-1,-1|-1,-1|16,26|16,6|6,26|26,16|
#setting_targetting_pos=-1,-1|7,8|7,14|-1,-1|-1,-1|-1,-1|-1,-1|
#type=4,4,4,4,4,4,4,
.......
#1110111111111111111
#assigned_pet=-1,3,3,-1,-1,-1,-1,
#assigned_hub=4,0,1,5,3,2,7,
#moving_targetting_pos=-1,-1|-1,-1|-1,-1|16,26|16,6|-1,-1|26,16|
#setting_targetting_pos=-1,-1|7,8|7,14|-1,-1|-1,-1|-1,-1|-1,-1|
#type=4,4,4,4,4,4,4,
.......
#1110111111111111111
#assigned_pet=-1,3,3,-1,-1,-1,-1,
#assigned_hub=4,0,1,5,3,2,7,
#moving_targetting_pos=-1,-1|-1,-1|-1,-1|16,26|16,6|-1,-1|26,16|
#setting_targetting_pos=-1,-1|7,8|7,14|-1,-1|-1,-1|-1,-1|-1,-1|
#type=4,4,4,4,4,4,4,
.......
#1110111111111111111
#assigned_pet=-1,-1,3,-1,-1,-1,-1,
#assigned_hub=4,0,1,5,3,2,7,
#moving_targetting_pos=-1,-1|-1,-1|-1,-1|16,26|16,6|-1,-1|26,16|
#setting_targetting_pos=-1,-1|-1,-1|7,15|-1,-1|-1,-1|-1,-1|-1,-1|
#type=4,4,4,4,4,4,4,
..R....
#1110111111111111111
#assigned_pet=-1,-1,3,-1,-1,-1,-1,
#assigned_hub=4,0,1,5,3,2,7,
#moving_targetting_pos=-1,-1|-1,-1|-1,-1|16,26|16,6|-1,-1|26,16|
#setting_targetting_pos=-1,-1|-1,-1|8,16|-1,-1|-1,-1|-1,-1|-1,-1|
#type=4,4,4,4,4,4,4,
.......
#1110111111111111111
#assigned_pet=3,-1,3,-1,-1,-1,-1,
#assigned_hub=4,0,1,5,3,2,7,
#moving_targetting_pos=-1,-1|-1,-1|-1,-1|16,26|16,6|-1,-1|26,16|
#setting_targetting_pos=14,17|-1,-1|8,17|-1,-1|-1,-1|-1,-1|-1,-1|
#type=4,4,4,4,4,4,4,
R.R....
#1110111111111111111
#assigned_pet=3,-1,3,-1,-1,-1,-1,
#assigned_hub=4,0,1,5,3,2,7,
#moving_targetting_pos=-1,-1|-1,-1|-1,-1|16,26|16,6|-1,-1|26,16|
#setting_targetting_pos=14,17|-1,-1|8,17|-1,-1|-1,-1|-1,-1|-1,-1|
#type=4,4,4,4,4,4,4,
R......
#1111111111111111111
#assigned_pet=3,-1,3,-1,-1,-1,-1,
#assigned_hub=4,0,1,5,3,2,7,
#moving_targetting_pos=-1,-1|6,6|-1,-1|16,26|16,6|-1,-1|26,16|
#setting_targetting_pos=14,17|-1,-1|8,17|-1,-1|-1,-1|-1,-1|-1,-1|
#type=5,4,5,4,4,4,4,
u.d....
#1111111111111111111
#assigned_pet=-1,-1,-1,-1,-1,-1,-1,
#assigned_hub=4,0,1,5,3,2,7,
#moving_targetting_pos=16,16|6,6|6,16|16,26|16,6|6,26|26,16|
#setting_targetting_pos=-1,-1|-1,-1|-1,-1|-1,-1|-1,-1|-1,-1|-1,-1|
#type=4,4,4,4,4,4,4,
.......
#1111111111111111111
#assigned_pet=-1,-1,-1,-1,-1,-1,-1,
#assigned_hub=4,0,1,5,3,2,7,
#moving_targetting_pos=16,16|6,6|6,16|16,26|16,6|6,26|26,16|
#setting_targetting_pos=-1,-1|-1,-1|-1,-1|-1,-1|-1,-1|-1,-1|-1,-1|
#type=4,4,4,4,4,4,4,
.......
#1111111111111111111
#assigned_pet=-1,-1,-1,-1,-1,-1,-1,
#assigned_hub=4,0,1,5,3,2,7,
#moving_targetting_pos=16,16|6,6|6,16|16,26|16,6|6,26|26,16|
#setting_targetting_pos=-1,-1|-1,-1|-1,-1|-1,-1|-1,-1|-1,-1|-1,-1|
#type=4,4,4,4,4,4,4,
.......
#1111111111111111111
#assigned_pet=-1,-1,-1,-1,-1,-1,-1,
#assigned_hub=4,0,1,5,3,2,7,
#moving_targetting_pos=16,16|6,6|6,16|16,26|16,6|6,26|26,16|
#setting_targetting_pos=-1,-1|-1,-1|-1,-1|-1,-1|-1,-1|-1,-1|-1,-1|
#type=4,4,4,4,4,4,4,
.......
#1111111111111111111
#assigned_pet=-1,-1,-1,-1,-1,-1,-1,
#assigned_hub=4,0,1,5,3,2,7,
#moving_targetting_pos=16,16|6,6|6,16|16,26|16,6|6,26|26,16|
#setting_targetting_pos=-1,-1|-1,-1|-1,-1|-1,-1|-1,-1|-1,-1|-1,-1|
#type=4,4,4,4,4,4,4,
.......
#1111111111111111111
#assigned_pet=-1,-1,-1,-1,-1,-1,-1,
#assigned_hub=4,0,1,5,3,2,7,
#moving_targetting_pos=16,16|6,6|6,16|16,26|16,6|6,26|26,16|
#setting_targetting_pos=-1,-1|-1,-1|-1,-1|-1,-1|-1,-1|-1,-1|-1,-1|
#type=4,4,4,4,4,4,4,
.......
#1111111111111111111
#assigned_pet=-1,-1,-1,-1,-1,-1,-1,
#assigned_hub=4,0,1,5,3,2,7,
#moving_targetting_pos=16,16|6,6|6,16|16,26|16,6|6,26|26,16|
#setting_targetting_pos=-1,-1|-1,-1|-1,-1|-1,-1|-1,-1|-1,-1|-1,-1|
#type=4,4,4,4,4,4,4,
.......
#1111111111111111111
#assigned_pet=-1,-1,-1,-1,-1,-1,-1,
#assigned_hub=4,0,1,5,3,2,7,
#moving_targetting_pos=16,16|6,6|6,16|16,26|16,6|6,26|26,16|
#setting_targetting_pos=-1,-1|-1,-1|-1,-1|-1,-1|-1,-1|-1,-1|-1,-1|
#type=4,4,4,4,4,4,4,
.......
#1111111111111111111
#assigned_pet=-1,-1,-1,-1,-1,-1,-1,
#assigned_hub=4,0,1,5,3,2,7,
#moving_targetting_pos=16,16|6,6|6,16|16,26|16,6|6,26|26,16|
#setting_targetting_pos=-1,-1|-1,-1|-1,-1|-1,-1|-1,-1|-1,-1|-1,-1|
#type=4,4,4,4,4,4,4,
.......
#1111111111111111111
#assigned_pet=-1,-1,-1,-1,-1,-1,-1,
#assigned_hub=4,0,1,5,3,2,7,
#moving_targetting_pos=16,16|6,6|6,16|16,26|16,6|6,26|26,16|
#setting_targetting_pos=-1,-1|-1,-1|-1,-1|-1,-1|-1,-1|-1,-1|-1,-1|
#type=4,4,4,4,4,4,4,
.......
#1111111111111111111
#assigned_pet=-1,-1,-1,-1,-1,-1,-1,
#assigned_hub=4,0,1,5,3,2,7,
#moving_targetting_pos=16,16|6,6|6,16|16,26|16,6|6,26|26,16|
#setting_targetting_pos=-1,-1|-1,-1|-1,-1|-1,-1|-1,-1|-1,-1|-1,-1|
#type=4,4,4,4,4,4,4,
.......
#1111111111111111111
#assigned_pet=-1,-1,-1,-1,-1,-1,-1,
#assigned_hub=4,0,1,5,3,2,7,
#moving_targetting_pos=16,16|6,6|6,16|16,26|16,6|6,26|26,16|
#setting_targetting_pos=-1,-1|-1,-1|-1,-1|-1,-1|-1,-1|-1,-1|-1,-1|
#type=4,4,4,4,4,4,4,
.......
#1111111111111111111
#assigned_pet=-1,-1,-1,-1,-1,-1,-1,
#assigned_hub=4,0,1,5,3,2,7,
#moving_targetting_pos=16,16|6,6|6,16|16,26|16,6|6,26|26,16|
#setting_targetting_pos=-1,-1|-1,-1|-1,-1|-1,-1|-1,-1|-1,-1|-1,-1|
#type=4,4,4,4,4,4,4,
.......
#1111111111111111111
#assigned_pet=-1,-1,-1,-1,-1,-1,-1,
#assigned_hub=4,0,1,5,3,2,7,
#moving_targetting_pos=16,16|6,6|6,16|16,26|16,6|6,26|26,16|
#setting_targetting_pos=-1,-1|-1,-1|-1,-1|-1,-1|-1,-1|-1,-1|-1,-1|
#type=4,4,4,4,4,4,4,
.......
#1111111111111111111
#assigned_pet=-1,-1,-1,-1,-1,-1,-1,
#assigned_hub=4,0,1,5,3,2,7,
#moving_targetting_pos=16,16|6,6|6,16|16,26|16,6|6,26|26,16|
#setting_targetting_pos=-1,-1|-1,-1|-1,-1|-1,-1|-1,-1|-1,-1|-1,-1|
#type=4,4,4,4,4,4,4,
.......
#1111111111111111111
#assigned_pet=-1,-1,-1,-1,-1,-1,-1,
#assigned_hub=4,0,1,5,3,2,7,
#moving_targetting_pos=16,16|6,6|6,16|16,26|16,6|6,26|26,16|
#setting_targetting_pos=-1,-1|-1,-1|-1,-1|-1,-1|-1,-1|-1,-1|-1,-1|
#type=4,4,4,4,4,4,4,
.......
#1111111111111111111
#assigned_pet=-1,-1,-1,-1,-1,-1,-1,
#assigned_hub=4,0,1,5,3,2,7,
#moving_targetting_pos=16,16|6,6|6,16|16,26|16,6|6,26|26,16|
#setting_targetting_pos=-1,-1|-1,-1|-1,-1|-1,-1|-1,-1|-1,-1|-1,-1|
#type=4,4,4,4,4,4,4,
.......
#1111111111111111111
#assigned_pet=-1,-1,-1,-1,-1,-1,-1,
#assigned_hub=4,0,1,5,3,2,7,
#moving_targetting_pos=16,16|6,6|6,16|16,26|16,6|6,26|26,16|
#setting_targetting_pos=-1,-1|-1,-1|-1,-1|-1,-1|-1,-1|-1,-1|-1,-1|
#type=4,4,4,4,4,4,4,
.......
#1111111111111111111
#assigned_pet=-1,-1,-1,-1,-1,-1,-1,
#assigned_hub=4,0,1,5,3,2,7,
#moving_targetting_pos=16,16|6,6|6,16|16,26|16,6|6,26|26,16|
#setting_targetting_pos=-1,-1|-1,-1|-1,-1|-1,-1|-1,-1|-1,-1|-1,-1|
#type=4,4,4,4,4,4,4,
.......
#1111111111111111111
#assigned_pet=-1,-1,-1,-1,-1,-1,-1,
#assigned_hub=4,0,1,5,3,2,7,
#moving_targetting_pos=16,16|6,6|6,16|16,26|16,6|6,26|26,16|
#setting_targetting_pos=-1,-1|-1,-1|-1,-1|-1,-1|-1,-1|-1,-1|-1,-1|
#type=4,4,4,4,4,4,4,
.......
#1111111111111111111
#assigned_pet=-1,-1,-1,-1,-1,-1,-1,
#assigned_hub=4,0,1,5,3,2,7,
#moving_targetting_pos=16,16|6,6|6,16|16,26|16,6|6,26|26,16|
#setting_targetting_pos=-1,-1|-1,-1|-1,-1|-1,-1|-1,-1|-1,-1|-1,-1|
#type=4,4,4,4,4,4,4,
.......
#1111111111111111111
#assigned_pet=-1,-1,-1,-1,-1,-1,-1,
#assigned_hub=4,0,1,5,3,2,7,
#moving_targetting_pos=16,16|6,6|6,16|16,26|16,6|6,26|26,16|
#setting_targetting_pos=-1,-1|-1,-1|-1,-1|-1,-1|-1,-1|-1,-1|-1,-1|
#type=4,4,4,4,4,4,4,
.......
#1111111111111111111
#assigned_pet=-1,-1,-1,-1,-1,-1,-1,
#assigned_hub=4,0,1,5,3,2,7,
#moving_targetting_pos=16,16|6,6|6,16|16,26|16,6|6,26|26,16|
#setting_targetting_pos=-1,-1|-1,-1|-1,-1|-1,-1|-1,-1|-1,-1|-1,-1|
#type=4,4,4,4,4,4,4,
.......
#1111111111111111111
#assigned_pet=-1,-1,-1,-1,-1,-1,-1,
#assigned_hub=4,0,1,5,3,2,7,
#moving_targetting_pos=16,16|6,6|6,16|16,26|16,6|6,26|26,16|
#setting_targetting_pos=-1,-1|-1,-1|-1,-1|-1,-1|-1,-1|-1,-1|-1,-1|
#type=4,4,4,4,4,4,4,
.......
#1111111111111111111
#assigned_pet=-1,-1,-1,-1,-1,-1,-1,
#assigned_hub=4,0,1,5,3,2,7,
#moving_targetting_pos=16,16|6,6|6,16|16,26|16,6|6,26|26,16|
#setting_targetting_pos=-1,-1|-1,-1|-1,-1|-1,-1|-1,-1|-1,-1|-1,-1|
#type=4,4,4,4,4,4,4,
.......
#1111111111111111111
#assigned_pet=-1,-1,-1,-1,-1,-1,-1,
#assigned_hub=4,0,1,5,3,2,7,
#moving_targetting_pos=16,16|6,6|6,16|16,26|16,6|6,26|26,16|
#setting_targetting_pos=-1,-1|-1,-1|-1,-1|-1,-1|-1,-1|-1,-1|-1,-1|
#type=4,4,4,4,4,4,4,
.......
#1111111111111111111
#assigned_pet=-1,-1,-1,-1,-1,-1,-1,
#assigned_hub=4,0,1,5,3,2,7,
#moving_targetting_pos=16,16|6,6|6,16|16,26|16,6|6,26|26,16|
#setting_targetting_pos=-1,-1|-1,-1|-1,-1|-1,-1|-1,-1|-1,-1|-1,-1|
#type=4,4,4,4,4,4,4,
.......
#1111111111111111111
#assigned_pet=-1,-1,-1,-1,-1,-1,-1,
#assigned_hub=4,0,1,5,3,2,7,
#moving_targetting_pos=16,16|6,6|6,16|16,26|16,6|6,26|26,16|
#setting_targetting_pos=-1,-1|-1,-1|-1,-1|-1,-1|-1,-1|-1,-1|-1,-1|
#type=4,4,4,4,4,4,4,
.......
#1111111111111111111
#assigned_pet=-1,-1,-1,-1,-1,-1,-1,
#assigned_hub=4,0,1,5,3,2,7,
#moving_targetting_pos=16,16|6,6|6,16|16,26|16,6|6,26|26,16|
#setting_targetting_pos=-1,-1|-1,-1|-1,-1|-1,-1|-1,-1|-1,-1|-1,-1|
#type=4,4,4,4,4,4,4,
.......
#1111111111111111111
#assigned_pet=-1,-1,-1,-1,-1,-1,-1,
#assigned_hub=4,0,1,5,3,2,7,
#moving_targetting_pos=16,16|6,6|6,16|16,26|16,6|6,26|26,16|
#setting_targetting_pos=-1,-1|-1,-1|-1,-1|-1,-1|-1,-1|-1,-1|-1,-1|
#type=4,4,4,4,4,4,4,
.......
#1111111111111111111
#assigned_pet=-1,-1,-1,-1,-1,-1,-1,
#assigned_hub=4,0,1,5,3,2,7,
#moving_targetting_pos=16,16|6,6|6,16|16,26|16,6|6,26|26,16|
#setting_targetting_pos=-1,-1|-1,-1|-1,-1|-1,-1|-1,-1|-1,-1|-1,-1|
#type=4,4,4,4,4,4,4,
.......
#1111111111111111111
#assigned_pet=-1,-1,-1,-1,-1,-1,-1,
#assigned_hub=4,0,1,5,3,2,7,
#moving_targetting_pos=16,16|6,6|6,16|16,26|16,6|6,26|26,16|
#setting_targetting_pos=-1,-1|-1,-1|-1,-1|-1,-1|-1,-1|-1,-1|-1,-1|
#type=4,4,4,4,4,4,4,
.......
#1111111111111111111
#assigned_pet=-1,-1,-1,-1,-1,-1,-1,
#assigned_hub=4,0,1,5,3,2,7,
#moving_targetting_pos=16,16|6,6|6,16|16,26|16,6|6,26|26,16|
#setting_targetting_pos=-1,-1|-1,-1|-1,-1|-1,-1|-1,-1|-1,-1|-1,-1|
#type=4,4,4,4,4,4,4,
.......
#1111111111111111111
#assigned_pet=-1,-1,-1,-1,-1,-1,-1,
#assigned_hub=4,0,1,5,3,2,7,
#moving_targetting_pos=16,16|6,6|6,16|16,26|16,6|6,26|26,16|
#setting_targetting_pos=-1,-1|-1,-1|-1,-1|-1,-1|-1,-1|-1,-1|-1,-1|
#type=4,4,4,4,4,4,4,
.......
#1111111111111111111
#assigned_pet=-1,-1,-1,-1,-1,-1,-1,
#assigned_hub=4,0,1,5,3,2,7,
#moving_targetting_pos=16,16|6,6|6,16|16,26|16,6|6,26|26,16|
#setting_targetting_pos=-1,-1|-1,-1|-1,-1|-1,-1|-1,-1|-1,-1|-1,-1|
#type=4,4,4,4,4,4,4,
.......
#1111111111111111111
#assigned_pet=-1,-1,-1,-1,-1,-1,-1,
#assigned_hub=4,0,1,5,3,2,7,
#moving_targetting_pos=16,16|6,6|6,16|16,26|16,6|6,26|26,16|
#setting_targetting_pos=-1,-1|-1,-1|-1,-1|-1,-1|-1,-1|-1,-1|-1,-1|
#type=4,4,4,4,4,4,4,
.......
#1111111111111111111
#assigned_pet=-1,-1,-1,-1,-1,-1,-1,
#assigned_hub=4,0,1,5,3,2,7,
#moving_targetting_pos=16,16|6,6|6,16|16,26|16,6|6,26|26,16|
#setting_targetting_pos=-1,-1|-1,-1|-1,-1|-1,-1|-1,-1|-1,-1|-1,-1|
#type=4,4,4,4,4,4,4,
.......
#1111111111111111111
#assigned_pet=-1,-1,-1,-1,-1,-1,-1,
#assigned_hub=4,0,1,5,3,2,7,
#moving_targetting_pos=16,16|6,6|6,16|16,26|16,6|6,26|26,16|
#setting_targetting_pos=-1,-1|-1,-1|-1,-1|-1,-1|-1,-1|-1,-1|-1,-1|
#type=4,4,4,4,4,4,4,
.......
#1111111111111111111
#assigned_pet=-1,-1,-1,-1,-1,-1,-1,
#assigned_hub=4,0,1,5,3,2,7,
#moving_targetting_pos=16,16|6,6|6,16|16,26|16,6|6,26|26,16|
#setting_targetting_pos=-1,-1|-1,-1|-1,-1|-1,-1|-1,-1|-1,-1|-1,-1|
#type=4,4,4,4,4,4,4,
.......
#1111111111111111111
#assigned_pet=-1,-1,-1,-1,-1,-1,-1,
#assigned_hub=4,0,1,5,3,2,7,
#moving_targetting_pos=16,16|6,6|6,16|16,26|16,6|6,26|26,16|
#setting_targetting_pos=-1,-1|-1,-1|-1,-1|-1,-1|-1,-1|-1,-1|-1,-1|
#type=4,4,4,4,4,4,4,
.......
#1111111111111111111
#assigned_pet=-1,-1,-1,-1,-1,-1,-1,
#assigned_hub=4,0,1,5,3,2,7,
#moving_targetting_pos=16,16|6,6|6,16|16,26|16,6|6,26|26,16|
#setting_targetting_pos=-1,-1|-1,-1|-1,-1|-1,-1|-1,-1|-1,-1|-1,-1|
#type=4,4,4,4,4,4,4,
.......
#1111111111111111111
#assigned_pet=-1,-1,-1,-1,-1,-1,-1,
#assigned_hub=4,0,1,5,3,2,7,
#moving_targetting_pos=16,16|6,6|6,16|16,26|16,6|6,26|26,16|
#setting_targetting_pos=-1,-1|-1,-1|-1,-1|-1,-1|-1,-1|-1,-1|-1,-1|
#type=4,4,4,4,4,4,4,
.......
#1111111111111111111
#assigned_pet=-1,-1,-1,-1,-1,-1,-1,
#assigned_hub=4,0,1,5,3,2,7,
#moving_targetting_pos=16,16|6,6|6,16|16,26|16,6|6,26|26,16|
#setting_targetting_pos=-1,-1|-1,-1|-1,-1|-1,-1|-1,-1|-1,-1|-1,-1|
#type=4,4,4,4,4,4,4,
.......
#1111111111111111111
#assigned_pet=-1,-1,-1,-1,-1,-1,-1,
#assigned_hub=4,0,1,5,3,2,7,
#moving_targetting_pos=16,16|6,6|6,16|16,26|16,6|6,26|26,16|
#setting_targetting_pos=-1,-1|-1,-1|-1,-1|-1,-1|-1,-1|-1,-1|-1,-1|
#type=4,4,4,4,4,4,4,
.......
#1111111111111111111
#assigned_pet=-1,-1,-1,-1,-1,-1,-1,
#assigned_hub=4,0,1,5,3,2,7,
#moving_targetting_pos=16,16|6,6|6,16|16,26|16,6|6,26|26,16|
#setting_targetting_pos=-1,-1|-1,-1|-1,-1|-1,-1|-1,-1|-1,-1|-1,-1|
#type=4,4,4,4,4,4,4,
.......
#1111111111111111111
#assigned_pet=-1,-1,-1,-1,-1,-1,-1,
#assigned_hub=4,0,1,5,3,2,7,
#moving_targetting_pos=16,16|6,6|6,16|16,26|16,6|6,26|26,16|
#setting_targetting_pos=-1,-1|-1,-1|-1,-1|-1,-1|-1,-1|-1,-1|-1,-1|
#type=4,4,4,4,4,4,4,
.......
#1111111111111111111
#assigned_pet=-1,-1,-1,-1,-1,-1,-1,
#assigned_hub=4,0,1,5,3,2,7,
#moving_targetting_pos=16,16|6,6|6,16|16,26|16,6|6,26|26,16|
#setting_targetting_pos=-1,-1|-1,-1|-1,-1|-1,-1|-1,-1|-1,-1|-1,-1|
#type=4,4,4,4,4,4,4,
.......
#1111111111111111111
#assigned_pet=-1,-1,-1,-1,-1,-1,-1,
#assigned_hub=4,0,1,5,3,2,7,
#moving_targetting_pos=16,16|6,6|6,16|16,26|16,6|6,26|26,16|
#setting_targetting_pos=-1,-1|-1,-1|-1,-1|-1,-1|-1,-1|-1,-1|-1,-1|
#type=4,4,4,4,4,4,4,
.......
#1111111111111111111
#assigned_pet=-1,-1,-1,-1,-1,-1,-1,
#assigned_hub=4,0,1,5,3,2,7,
#moving_targetting_pos=16,16|6,6|6,16|16,26|16,6|6,26|26,16|
#setting_targetting_pos=-1,-1|-1,-1|-1,-1|-1,-1|-1,-1|-1,-1|-1,-1|
#type=4,4,4,4,4,4,4,
.......
#1111111111111111111
#assigned_pet=-1,-1,-1,-1,-1,-1,-1,
#assigned_hub=4,0,1,5,3,2,7,
#moving_targetting_pos=16,16|6,6|6,16|16,26|16,6|6,26|26,16|
#setting_targetting_pos=-1,-1|-1,-1|-1,-1|-1,-1|-1,-1|-1,-1|-1,-1|
#type=4,4,4,4,4,4,4,
.......
#1111111111111111111
#assigned_pet=-1,-1,-1,-1,-1,-1,-1,
#assigned_hub=4,0,1,5,3,2,7,
#moving_targetting_pos=16,16|6,6|6,16|16,26|16,6|6,26|26,16|
#setting_targetting_pos=-1,-1|-1,-1|-1,-1|-1,-1|-1,-1|-1,-1|-1,-1|
#type=4,4,4,4,4,4,4,
.......
#1111111111111111111
#assigned_pet=-1,-1,-1,-1,-1,-1,-1,
#assigned_hub=4,0,1,5,3,2,7,
#moving_targetting_pos=16,16|6,6|6,16|16,26|16,6|6,26|26,16|
#setting_targetting_pos=-1,-1|-1,-1|-1,-1|-1,-1|-1,-1|-1,-1|-1,-1|
#type=4,4,4,4,4,4,4,
.......
#1111111111111111111
#assigned_pet=-1,-1,-1,-1,-1,-1,-1,
#assigned_hub=4,0,1,5,3,2,7,
#moving_targetting_pos=16,16|6,6|6,16|16,26|16,6|6,26|26,16|
#setting_targetting_pos=-1,-1|-1,-1|-1,-1|-1,-1|-1,-1|-1,-1|-1,-1|
#type=4,4,4,4,4,4,4,
.......
#1111111111111111111
#assigned_pet=-1,-1,-1,-1,-1,-1,-1,
#assigned_hub=4,0,1,5,3,2,7,
#moving_targetting_pos=16,16|6,6|6,16|16,26|16,6|6,26|26,16|
#setting_targetting_pos=-1,-1|-1,-1|-1,-1|-1,-1|-1,-1|-1,-1|-1,-1|
#type=4,4,4,4,4,4,4,
.......
#1111111111111111111
#assigned_pet=-1,-1,-1,-1,-1,-1,-1,
#assigned_hub=4,0,1,5,3,2,7,
#moving_targetting_pos=16,16|6,6|6,16|16,26|16,6|6,26|26,16|
#setting_targetting_pos=-1,-1|-1,-1|-1,-1|-1,-1|-1,-1|-1,-1|-1,-1|
#type=4,4,4,4,4,4,4,
.......
#1111111111111111111
#assigned_pet=-1,-1,-1,-1,-1,-1,-1,
#assigned_hub=4,0,1,5,3,2,7,
#moving_targetting_pos=16,16|6,6|6,16|16,26|16,6|6,26|26,16|
#setting_targetting_pos=-1,-1|-1,-1|-1,-1|-1,-1|-1,-1|-1,-1|-1,-1|
#type=4,4,4,4,4,4,4,
.......
#1111111111111111111
#assigned_pet=-1,-1,-1,-1,-1,-1,-1,
#assigned_hub=4,0,1,5,3,2,7,
#moving_targetting_pos=16,16|6,6|6,16|16,26|16,6|6,26|26,16|
#setting_targetting_pos=-1,-1|-1,-1|-1,-1|-1,-1|-1,-1|-1,-1|-1,-1|
#type=4,4,4,4,4,4,4,
.......
#1111111111111111111
#assigned_pet=-1,-1,-1,-1,-1,-1,-1,
#assigned_hub=4,0,1,5,3,2,7,
#moving_targetting_pos=16,16|6,6|6,16|16,26|16,6|6,26|26,16|
#setting_targetting_pos=-1,-1|-1,-1|-1,-1|-1,-1|-1,-1|-1,-1|-1,-1|
#type=4,4,4,4,4,4,4,
.......
#1111111111111111111
#assigned_pet=-1,-1,-1,-1,-1,-1,-1,
#assigned_hub=4,0,1,5,3,2,7,
#moving_targetting_pos=16,16|6,6|6,16|16,26|16,6|6,26|26,16|
#setting_targetting_pos=-1,-1|-1,-1|-1,-1|-1,-1|-1,-1|-1,-1|-1,-1|
#type=4,4,4,4,4,4,4,
.......
#1111111111111111111
#assigned_pet=-1,-1,-1,-1,-1,-1,-1,
#assigned_hub=4,0,1,5,3,2,7,
#moving_targetting_pos=16,16|6,6|6,16|16,26|16,6|6,26|26,16|
#setting_targetting_pos=-1,-1|-1,-1|-1,-1|-1,-1|-1,-1|-1,-1|-1,-1|
#type=4,4,4,4,4,4,4,
.......
#1111111111111111111
#assigned_pet=-1,-1,-1,-1,-1,-1,-1,
#assigned_hub=4,0,1,5,3,2,7,
#moving_targetting_pos=16,16|6,6|6,16|16,26|16,6|6,26|26,16|
#setting_targetting_pos=-1,-1|-1,-1|-1,-1|-1,-1|-1,-1|-1,-1|-1,-1|
#type=4,4,4,4,4,4,4,
.......
#1111111111111111111
#assigned_pet=-1,-1,-1,-1,-1,-1,-1,
#assigned_hub=4,0,1,5,3,2,7,
#moving_targetting_pos=16,16|6,6|6,16|16,26|16,6|6,26|26,16|
#setting_targetting_pos=-1,-1|-1,-1|-1,-1|-1,-1|-1,-1|-1,-1|-1,-1|
#type=4,4,4,4,4,4,4,
.......
#1111111111111111111
#assigned_pet=-1,-1,-1,-1,-1,-1,-1,
#assigned_hub=4,0,1,5,3,2,7,
#moving_targetting_pos=16,16|6,6|6,16|16,26|16,6|6,26|26,16|
#setting_targetting_pos=-1,-1|-1,-1|-1,-1|-1,-1|-1,-1|-1,-1|-1,-1|
#type=4,4,4,4,4,4,4,
.......
#1111111111111111111
#assigned_pet=-1,-1,-1,-1,-1,-1,-1,
#assigned_hub=4,0,1,5,3,2,7,
#moving_targetting_pos=16,16|6,6|6,16|16,26|16,6|6,26|26,16|
#setting_targetting_pos=-1,-1|-1,-1|-1,-1|-1,-1|-1,-1|-1,-1|-1,-1|
#type=4,4,4,4,4,4,4,
.......
#1111111111111111111
#assigned_pet=-1,-1,-1,-1,-1,-1,-1,
#assigned_hub=4,0,1,5,3,2,7,
#moving_targetting_pos=16,16|6,6|6,16|16,26|16,6|6,26|26,16|
#setting_targetting_pos=-1,-1|-1,-1|-1,-1|-1,-1|-1,-1|-1,-1|-1,-1|
#type=4,4,4,4,4,4,4,
.......
#1111111111111111111
#assigned_pet=-1,-1,-1,-1,-1,-1,-1,
#assigned_hub=4,0,1,5,3,2,7,
#moving_targetting_pos=16,16|6,6|6,16|16,26|16,6|6,26|26,16|
#setting_targetting_pos=-1,-1|-1,-1|-1,-1|-1,-1|-1,-1|-1,-1|-1,-1|
#type=4,4,4,4,4,4,4,
.......
#1111111111111111111
#assigned_pet=-1,-1,-1,-1,-1,-1,-1,
#assigned_hub=4,0,1,5,3,2,7,
#moving_targetting_pos=16,16|6,6|6,16|16,26|16,6|6,26|26,16|
#setting_targetting_pos=-1,-1|-1,-1|-1,-1|-1,-1|-1,-1|-1,-1|-1,-1|
#type=4,4,4,4,4,4,4,
.......
#1111111111111111111
#assigned_pet=-1,-1,-1,-1,-1,-1,-1,
#assigned_hub=4,0,1,5,3,2,7,
#moving_targetting_pos=16,16|6,6|6,16|16,26|16,6|6,26|26,16|
#setting_targetting_pos=-1,-1|-1,-1|-1,-1|-1,-1|-1,-1|-1,-1|-1,-1|
#type=4,4,4,4,4,4,4,
.......
#1111111111111111111
#assigned_pet=-1,-1,-1,-1,-1,-1,-1,
#assigned_hub=4,0,1,5,3,2,7,
#moving_targetting_pos=16,16|6,6|6,16|16,26|16,6|6,26|26,16|
#setting_targetting_pos=-1,-1|-1,-1|-1,-1|-1,-1|-1,-1|-1,-1|-1,-1|
#type=4,4,4,4,4,4,4,
.......
#1111111111111111111
#assigned_pet=-1,-1,-1,-1,-1,-1,-1,
#assigned_hub=4,0,1,5,3,2,7,
#moving_targetting_pos=16,16|6,6|6,16|16,26|16,6|6,26|26,16|
#setting_targetting_pos=-1,-1|-1,-1|-1,-1|-1,-1|-1,-1|-1,-1|-1,-1|
#type=4,4,4,4,4,4,4,
.......
