#00000000000000
#assigned_pet=-1,-1,-1,-1,-1,-1,-1,-1,
#assigned_hub=-1,-1,-1,-1,-1,-1,-1,-1,
#moving_targetting_pos=9,2|12,29|2,29|15,1|25,30|5,30|19,2|22,29|
#setting_targetting_pos=9,30|12,1|2,1|15,30|25,1|5,1|19,30|22,1|
#type=1,1,1,1,1,1,1,1,
LRRLRRLR
#00000000000000
#assigned_pet=-1,-1,-1,-1,-1,-1,-1,-1,
#assigned_hub=-1,-1,-1,-1,-1,-1,-1,-1,
#moving_targetting_pos=9,2|12,29|2,29|15,1|25,30|5,30|19,2|22,29|
#setting_targetting_pos=9,30|12,1|2,1|15,30|25,1|5,1|19,30|22,1|
#type=1,1,1,1,1,1,1,1,
LRRLRRLR
#00000000000000
#assigned_pet=-1,-1,-1,-1,-1,-1,-1,-1,
#assigned_hub=-1,-1,-1,-1,-1,-1,-1,-1,
#moving_targetting_pos=9,2|12,29|2,29|15,1|25,30|5,30|19,2|22,29|
#setting_targetting_pos=9,30|12,1|2,1|15,30|25,1|5,1|19,30|22,1|
#type=1,1,1,1,1,1,1,1,
LRRLRRLR
#00000000000000
#assigned_pet=-1,-1,-1,-1,-1,-1,-1,-1,
#assigned_hub=-1,-1,-1,-1,-1,-1,-1,-1,
#moving_targetting_pos=9,2|12,29|2,29|15,1|25,30|5,30|19,2|22,29|
#setting_targetting_pos=9,30|12,1|2,1|15,30|25,1|5,1|19,30|22,1|
#type=1,1,1,1,1,1,1,1,
LRRLRRLR
#00000000000000
#assigned_pet=-1,-1,-1,-1,-1,-1,-1,-1,
#assigned_hub=-1,-1,-1,-1,-1,-1,-1,-1,
#moving_targetting_pos=9,2|12,29|2,29|15,1|25,30|5,30|19,2|22,29|
#setting_targetting_pos=9,30|12,1|2,1|15,30|25,1|5,1|19,30|22,1|
#type=1,1,1,1,1,1,1,1,
LRRLRRLD
#00000000000000
#assigned_pet=-1,-1,-1,-1,-1,-1,-1,-1,
#assigned_hub=-1,-1,-1,-1,-1,-1,-1,-1,
#moving_targetting_pos=9,2|12,29|2,29|15,1|25,30|5,30|19,2|22,29|
#setting_targetting_pos=9,30|12,1|2,1|15,30|25,1|5,1|19,30|22,1|
#type=1,1,1,1,1,1,1,2,
LRRLRRLr
#00000000000000
#assigned_pet=-1,-1,-1,-1,-1,-1,-1,-1,
#assigned_hub=-1,-1,-1,-1,-1,-1,-1,-1,
#moving_targetting_pos=9,2|12,29|2,29|15,1|25,30|5,30|19,2|22,29|
#setting_targetting_pos=9,30|12,1|2,1|15,30|25,1|5,1|19,30|22,1|
#type=1,1,1,1,1,1,1,2,
LRRLRRLd
#00000000000000
#assigned_pet=-1,-1,-1,-1,-1,-1,-1,-1,
#assigned_hub=-1,-1,-1,-1,-1,-1,-1,-1,
#moving_targetting_pos=9,2|12,29|2,29|15,1|25,30|5,30|19,2|22,29|
#setting_targetting_pos=9,30|12,1|2,1|15,30|25,1|5,1|19,30|22,1|
#type=1,1,1,1,1,1,1,2,
LRRLRRLL
#00000000000000
#assigned_pet=-1,-1,-1,-1,-1,-1,-1,-1,
#assigned_hub=-1,-1,-1,-1,-1,-1,-1,-1,
#moving_targetting_pos=9,2|12,29|2,29|15,1|25,30|5,30|19,2|22,29|
#setting_targetting_pos=9,30|12,1|2,1|15,30|25,1|5,1|19,30|22,1|
#type=1,1,1,1,1,1,1,2,
LRRLRRLL
#00000000000000
#assigned_pet=-1,-1,-1,-1,-1,-1,-1,-1,
#assigned_hub=-1,-1,-1,-1,-1,-1,-1,-1,
#moving_targetting_pos=9,2|12,29|2,29|15,1|25,30|5,30|19,2|22,29|
#setting_targetting_pos=9,30|12,1|2,1|15,30|25,1|5,1|19,30|22,1|
#type=1,1,1,1,1,1,1,2,
LRULRRLL
#00000000000000
#assigned_pet=-1,-1,-1,-1,-1,-1,-1,-1,
#assigned_hub=-1,-1,-1,-1,-1,-1,-1,-1,
#moving_targetting_pos=9,2|12,29|2,29|15,1|25,30|5,30|19,2|22,29|
#setting_targetting_pos=9,30|12,1|2,1|15,30|25,1|5,1|19,30|22,1|
#type=1,1,1,1,1,1,1,2,
DRULRRDd
#00000000000000
#assigned_pet=-1,-1,-1,-1,-1,-1,-1,-1,
#assigned_hub=-1,-1,-1,-1,-1,-1,-1,-1,
#moving_targetting_pos=9,2|12,29|2,29|15,1|25,30|5,30|19,2|22,29|
#setting_targetting_pos=9,30|12,1|2,1|15,30|25,1|5,1|19,30|22,1|
#type=1,1,2,1,1,1,1,2,
DRrLRRDu
#00000000000000
#assigned_pet=-1,-1,-1,-1,-1,-1,-1,-1,
#assigned_hub=-1,-1,-1,-1,-1,-1,-1,-1,
#moving_targetting_pos=9,2|12,29|2,29|15,1|25,30|5,30|19,2|22,29|
#setting_targetting_pos=9,30|12,1|2,1|15,30|25,1|5,1|19,30|22,1|
#type=2,1,2,1,1,1,1,2,
dRdDRDDL
#00000000000000
#assigned_pet=-1,-1,-1,-1,-1,-1,-1,-1,
#assigned_hub=-1,-1,-1,-1,-1,-1,-1,-1,
#moving_targetting_pos=9,2|12,29|2,29|15,1|25,30|5,30|19,2|22,29|
#setting_targetting_pos=9,30|12,1|2,1|15,30|25,1|5,1|19,30|22,1|
#type=2,1,2,1,1,2,1,2,
RULDRdRr
#00000000000000
#assigned_pet=-1,-1,-1,-1,-1,-1,-1,-1,
#assigned_hub=-1,-1,-1,-1,-1,-1,-1,-1,
#moving_targetting_pos=9,2|12,29|2,29|15,1|25,30|5,30|19,2|22,29|
#setting_targetting_pos=9,30|12,1|2,1|15,30|25,1|5,1|19,30|22,1|
#type=2,2,2,1,1,2,1,2,
RrLDULDL
#00000000000000
#assigned_pet=-1,-1,-1,-1,-1,-1,-1,-1,
#assigned_hub=-1,-1,-1,-1,-1,-1,-1,-1,
#moving_targetting_pos=9,2|12,29|2,29|15,1|25,30|5,30|19,2|22,29|
#setting_targetting_pos=9,30|12,1|2,1|15,30|25,1|5,1|19,30|22,1|
#type=2,2,2,2,2,2,1,2,
.dLdddDL
#00000000000000
#assigned_pet=-1,-1,-1,-1,-1,-1,-1,-1,
#assigned_hub=-1,-1,-1,-1,-1,-1,-1,-1,
#moving_targetting_pos=9,2|12,29|2,29|15,1|25,30|5,30|19,2|22,29|
#setting_targetting_pos=9,30|12,1|2,1|15,30|25,1|5,1|19,30|22,1|
#type=2,2,2,2,2,2,1,2,
.LdRLLDd
#00000000000000
#assigned_pet=-1,-1,-1,-1,-1,-1,-1,-1,
#assigned_hub=-1,-1,-1,-1,-1,-1,-1,-1,
#moving_targetting_pos=9,2|12,29|2,29|15,1|25,30|5,30|19,2|22,29|
#setting_targetting_pos=9,30|12,1|2,1|15,30|25,1|5,1|19,30|22,1|
#type=2,2,2,2,2,2,1,2,
lLudduDL
#00000000000000
#assigned_pet=-1,-1,-1,-1,-1,-1,-1,-1,
#assigned_hub=-1,-1,-1,-1,-1,-1,-1,-1,
#moving_targetting_pos=9,2|12,29|2,29|15,1|25,30|5,30|19,2|22,29|
#setting_targetting_pos=9,30|12,1|2,1|15,30|25,1|5,1|19,30|22,1|
#type=2,2,2,2,2,2,1,2,
uLLRLLDL
#00000000000000
#assigned_pet=-1,-1,-1,-1,-1,-1,-1,-1,
#assigned_hub=-1,-1,-1,-1,-1,-1,-1,-1,
#moving_targetting_pos=9,2|12,29|2,29|15,1|25,30|5,30|19,2|22,29|
#setting_targetting_pos=9,30|12,1|2,1|15,30|25,1|5,1|19,30|22,1|
#type=2,2,2,2,2,2,1,2,
RdrduLDr
#00000000000000
#assigned_pet=-1,-1,-1,-1,-1,-1,-1,-1,
#assigned_hub=-1,-1,-1,-1,-1,-1,-1,-1,
#moving_targetting_pos=9,2|12,29|2,29|15,1|25,30|5,30|19,2|22,29|
#setting_targetting_pos=9,30|12,1|2,1|15,30|25,1|5,1|19,30|22,1|
#type=2,2,2,2,2,2,1,2,
R.LRLLR.
#00000000000000
#assigned_pet=-1,-1,-1,-1,-1,-1,-1,-1,
#assigned_hub=-1,-1,-1,-1,-1,-1,-1,-1,
#moving_targetting_pos=9,2|12,29|2,29|15,1|25,30|5,30|19,2|22,29|
#setting_targetting_pos=9,30|12,1|2,1|15,30|25,1|5,1|19,30|22,1|
#type=2,2,2,2,2,2,1,2,
d.L.LLD.
#00000000000000
#assigned_pet=-1,-1,-1,-1,-1,-1,-1,-1,
#assigned_hub=-1,-1,-1,-1,-1,-1,-1,-1,
#moving_targetting_pos=9,2|12,29|2,29|15,1|25,30|5,30|19,2|22,29|
#setting_targetting_pos=9,30|12,1|2,1|15,30|25,1|5,1|19,30|22,1|
#type=2,2,2,2,2,2,1,2,
R.d.LuD.
#00000000000000
#assigned_pet=-1,-1,-1,-1,-1,-1,-1,-1,
#assigned_hub=-1,-1,-1,-1,-1,-1,-1,-1,
#moving_targetting_pos=9,2|12,29|2,29|15,1|25,30|5,30|19,2|22,29|
#setting_targetting_pos=9,30|12,1|2,1|15,30|25,1|5,1|19,30|22,1|
#type=2,2,2,2,2,2,1,2,
l.LuLLD.
#00000000000000
#assigned_pet=-1,-1,-1,-1,-1,-1,-1,-1,
#assigned_hub=-1,-1,-1,-1,-1,-1,-1,-1,
#moving_targetting_pos=9,2|12,29|2,29|15,1|25,30|5,30|19,2|22,29|
#setting_targetting_pos=9,30|12,1|2,1|15,30|25,1|5,1|19,30|22,1|
#type=2,2,2,2,2,2,1,2,
R.LRudDu
#00000000000000
#assigned_pet=-1,-1,-1,-1,-1,-1,-1,-1,
#assigned_hub=-1,-1,-1,-1,-1,-1,-1,-1,
#moving_targetting_pos=9,2|12,29|2,29|15,1|25,30|5,30|19,2|22,29|
#setting_targetting_pos=9,30|12,1|2,1|15,30|25,1|5,1|19,30|22,1|
#type=2,2,2,2,2,2,1,2,
u.rRLLLL
#00000000000000
#assigned_pet=-1,-1,-1,-1,-1,-1,-1,-1,
#assigned_hub=-1,-1,-1,-1,-1,-1,-1,-1,
#moving_targetting_pos=9,2|12,29|2,29|15,1|25,30|5,30|19,2|22,29|
#setting_targetting_pos=9,30|12,1|2,1|15,30|25,1|5,1|19,30|22,1|
#type=2,2,2,2,2,2,1,2,
R.uRddLL
#00000000000000
#assigned_pet=-1,-1,-1,-1,-1,-1,-1,-1,
#assigned_hub=-1,-1,-1,-1,-1,-1,-1,-1,
#moving_targetting_pos=9,2|12,29|2,29|15,1|25,30|5,30|19,2|22,29|
#setting_targetting_pos=9,30|12,1|2,1|15,30|25,1|5,1|19,30|22,1|
#type=2,2,2,2,2,2,1,2,
RuLRLLDr
#00000000000000
#assigned_pet=-1,-1,-1,-1,-1,-1,-1,-1,
#assigned_hub=-1,-1,-1,-1,-1,-1,-1,-1,
#moving_targetting_pos=9,2|12,29|2,29|15,1|25,30|5,30|19,2|22,29|
#setting_targetting_pos=9,30|12,1|2,1|15,30|25,1|5,1|19,30|22,1|
#type=2,2,2,2,2,2,1,2,
lLLuddDd
#00000000000000
#assigned_pet=-1,-1,-1,-1,-1,-1,-1,-1,
#assigned_hub=-1,-1,-1,-1,-1,-1,-1,-1,
#moving_targetting_pos=9,2|12,29|2,29|15,1|25,30|5,30|19,2|22,29|
#setting_targetting_pos=9,30|12,1|2,1|15,30|25,1|5,1|19,30|22,1|
#type=2,2,2,2,2,2,2,2,
d.rRLLdL
#00000000000000
#assigned_pet=-1,-1,-1,-1,-1,-1,-1,-1,
#assigned_hub=-1,-1,-1,-1,-1,-1,-1,-1,
#moving_targetting_pos=9,2|12,29|2,29|15,1|25,30|5,30|19,2|22,29|
#setting_targetting_pos=9,30|12,1|2,1|15,30|25,1|5,1|19,30|22,1|
#type=2,2,2,2,2,2,2,2,
RrddddRL
#00000000000000
#assigned_pet=-1,-1,-1,-1,-1,-1,-1,-1,
#assigned_hub=-1,-1,-1,-1,-1,-1,-1,-1,
#moving_targetting_pos=9,2|12,29|2,29|15,1|25,30|5,30|19,2|22,29|
#setting_targetting_pos=9,30|12,1|2,1|15,30|25,1|5,1|19,30|22,1|
#type=2,2,2,2,2,2,2,2,
RLLRLLRL
#00000000000000
#assigned_pet=-1,-1,-1,-1,-1,-1,-1,-1,
#assigned_hub=-1,-1,-1,-1,-1,-1,-1,-1,
#moving_targetting_pos=9,2|12,29|2,29|15,1|25,30|5,30|19,2|22,29|
#setting_targetting_pos=9,30|12,1|2,1|15,30|25,1|5,1|19,30|22,1|
#type=2,2,2,2,2,2,2,2,
dLLdddld
#00000000000000
#assigned_pet=-1,-1,-1,-1,-1,-1,-1,-1,
#assigned_hub=-1,-1,-1,-1,-1,-1,-1,-1,
#moving_targetting_pos=9,2|12,29|2,29|15,1|25,30|5,30|19,2|22,29|
#setting_targetting_pos=9,30|12,1|2,1|15,30|25,1|5,1|19,30|22,1|
#type=2,2,2,2,2,2,2,2,
R.LRLLuu
#00000000000000
#assigned_pet=-1,-1,-1,-1,-1,-1,-1,-1,
#assigned_hub=-1,-1,-1,-1,-1,-1,-1,-1,
#moving_targetting_pos=9,2|12,29|2,29|15,1|25,30|5,30|19,2|22,29|
#setting_targetting_pos=9,30|12,1|2,1|15,30|25,1|5,1|19,30|22,1|
#type=2,2,2,2,2,2,2,2,
RdddduRL
#00000000000000
#assigned_pet=-1,-1,-1,-1,-1,-1,-1,-1,
#assigned_hub=-1,-1,-1,-1,-1,-1,-1,-1,
#moving_targetting_pos=9,2|12,29|2,29|15,1|25,30|5,30|19,2|22,29|
#setting_targetting_pos=9,30|12,1|2,1|15,30|25,1|5,1|19,30|22,1|
#type=2,2,2,2,2,2,2,2,
lL.RLLRr
#00000000000000
#assigned_pet=-1,-1,-1,-1,-1,-1,-1,-1,
#assigned_hub=-1,-1,-1,-1,-1,-1,-1,-1,
#moving_targetting_pos=9,2|12,29|2,29|15,1|25,30|5,30|19,2|22,29|
#setting_targetting_pos=9,30|12,1|2,1|15,30|25,1|5,1|19,30|22,1|
#type=2,2,2,2,2,2,2,2,
uL.duLdL
#00000000000000
#assigned_pet=-1,-1,-1,-1,-1,-1,-1,-1,
#assigned_hub=-1,-1,-1,-1,-1,-1,-1,-1,
#moving_targetting_pos=9,2|12,29|2,29|15,1|25,30|5,30|19,2|22,29|
#setting_targetting_pos=9,30|12,1|2,1|15,30|25,1|5,1|19,30|22,1|
#type=2,2,2,2,2,2,2,2,
Rr.RLLRL
#00000000000000
#assigned_pet=-1,-1,-1,-1,-1,-1,-1,-1,
#assigned_hub=-1,-1,-1,-1,-1,-1,-1,-1,
#moving_targetting_pos=9,2|12,29|2,29|15,1|25,30|5,30|19,2|22,29|
#setting_targetting_pos=9,30|12,1|2,1|15,30|25,1|5,1|19,30|22,1|
#type=2,2,2,2,2,2,2,2,
Ru.dLLld
#00000000000000
#assigned_pet=-1,-1,-1,-1,-1,-1,-1,-1,
#assigned_hub=-1,-1,-1,-1,-1,-1,-1,-1,
#moving_targetting_pos=9,2|12,29|2,29|15,1|25,30|5,30|19,2|22,29|
#setting_targetting_pos=9,30|12,1|2,1|15,30|25,1|5,1|19,30|22,1|
#type=2,2,2,2,2,2,2,2,
dLuRLuRL
#00000000000000
#assigned_pet=-1,-1,-1,-1,-1,-1,-1,-1,
#assigned_hub=-1,-1,-1,-1,-1,-1,-1,-1,
#moving_targetting_pos=9,2|12,29|2,29|15,1|25,30|5,30|19,2|22,29|
#setting_targetting_pos=9,30|12,1|2,1|15,30|25,1|5,1|19,30|22,1|
#type=2,2,2,2,2,2,2,2,
RLLuLLuL
#00000000000000
#assigned_pet=-1,-1,-1,-1,-1,-1,-1,-1,
#assigned_hub=-1,-1,-1,-1,-1,-1,-1,-1,
#moving_targetting_pos=9,2|12,29|2,29|15,1|25,30|5,30|19,2|22,29|
#setting_targetting_pos=9,30|12,1|2,1|15,30|25,1|5,1|19,30|22,1|
#type=2,2,2,2,2,2,2,2,
lrrRudRr
#00000000000000
#assigned_pet=-1,-1,-1,-1,-1,-1,-1,-1,
#assigned_hub=-1,-1,-1,-1,-1,-1,-1,-1,
#moving_targetting_pos=9,2|12,29|2,29|15,1|25,30|5,30|19,2|22,29|
#setting_targetting_pos=9,30|12,1|2,1|15,30|25,1|5,1|19,30|22,1|
#type=2,2,2,2,2,2,2,2,
RdLRLLRu
#00000000000000
#assigned_pet=-1,-1,-1,-1,-1,-1,-1,-1,
#assigned_hub=-1,-1,-1,-1,-1,-1,-1,-1,
#moving_targetting_pos=9,2|12,29|2,29|15,1|25,30|5,30|19,2|22,29|
#setting_targetting_pos=9,30|12,1|2,1|15,30|25,1|5,1|19,30|22,1|
#type=2,2,2,2,2,2,2,2,
uLLRdddL
#00000000000000
#assigned_pet=-1,-1,-1,-1,-1,-1,-1,-1,
#assigned_hub=-1,-1,-1,-1,-1,-1,-1,-1,
#moving_targetting_pos=9,2|12,29|2,29|15,1|25,30|5,30|19,2|22,29|
#setting_targetting_pos=9,30|12,1|2,1|15,30|25,1|5,1|19,30|22,1|
#type=2,2,2,2,2,2,2,2,
RLdRLLlL
#00000000000000
#assigned_pet=-1,-1,-1,-1,-1,-1,-1,-1,
#assigned_hub=-1,-1,-1,-1,-1,-1,-1,-1,
#moving_targetting_pos=9,2|12,29|2,29|15,1|25,30|5,30|19,2|22,29|
#setting_targetting_pos=9,30|12,1|2,1|15,30|25,1|5,1|19,30|22,1|
#type=2,2,2,2,2,2,2,2,
RLLuddRr
#00000000000000
#assigned_pet=-1,-1,-1,-1,-1,-1,-1,-1,
#assigned_hub=-1,-1,-1,-1,-1,-1,-1,-1,
#moving_targetting_pos=9,2|12,29|2,29|15,1|25,30|5,30|19,2|22,29|
#setting_targetting_pos=9,30|12,1|2,1|15,30|25,1|5,1|19,30|22,1|
#type=2,2,2,2,2,2,2,2,
ldLRLLRd
#00000000000000
#assigned_pet=-1,-1,-1,-1,-1,-1,-1,-1,
#assigned_hub=-1,-1,-1,-1,-1,-1,-1,-1,
#moving_targetting_pos=9,2|12,29|2,29|15,1|25,30|5,30|19,2|22,29|
#setting_targetting_pos=9,30|12,1|2,1|15,30|25,1|5,1|19,30|22,1|
#type=2,2,2,2,2,2,2,2,
dur.dddL
#00000000000000
#assigned_pet=-1,-1,-1,-1,-1,-1,-1,-1,
#assigned_hub=-1,-1,-1,-1,-1,-1,-1,-1,
#moving_targetting_pos=9,2|12,29|2,29|15,1|25,30|5,30|19,2|22,29|
#setting_targetting_pos=9,30|12,1|2,1|15,30|25,1|5,1|19,30|22,1|
#type=2,2,2,2,2,2,2,2,
RLudLLRL
#00000000000000
#assigned_pet=-1,-1,-1,-1,-1,-1,-1,-1,
#assigned_hub=-1,-1,-1,-1,-1,-1,-1,-1,
#moving_targetting_pos=9,2|12,29|2,29|15,1|25,30|5,30|19,2|22,29|
#setting_targetting_pos=9,30|12,1|2,1|15,30|25,1|5,1|19,30|22,1|
#type=2,2,2,2,2,2,2,2,
RrLRddRL
#00000000000000
#assigned_pet=-1,-1,-1,-1,-1,-1,-1,-1,
#assigned_hub=-1,-1,-1,-1,-1,-1,-1,-1,
#moving_targetting_pos=9,2|12,29|2,29|15,1|25,30|5,30|19,2|22,29|
#setting_targetting_pos=9,30|12,1|2,1|15,30|25,1|5,1|19,30|22,1|
#type=2,2,2,2,2,2,2,2,
dLLdLLld
#00000000000000
#assigned_pet=-1,-1,-1,-1,-1,-1,-1,-1,
#assigned_hub=-1,-1,-1,-1,-1,-1,-1,-1,
#moving_targetting_pos=9,2|12,29|2,29|15,1|25,30|5,30|19,2|22,29|
#setting_targetting_pos=9,30|12,1|2,1|15,30|25,1|5,1|19,30|22,1|
#type=2,2,2,2,2,2,2,2,
RLrRduuu
#00000000000000
#assigned_pet=-1,-1,-1,-1,-1,-1,-1,-1,
#assigned_hub=-1,-1,-1,-1,-1,-1,-1,-1,
#moving_targetting_pos=9,2|12,29|2,29|15,1|25,30|5,30|19,2|22,29|
#setting_targetting_pos=9,30|12,1|2,1|15,30|25,1|5,1|19,30|22,1|
#type=2,2,2,2,2,2,2,2,
Rdd.LLRL
#00000000000000
#assigned_pet=-1,-1,-1,-1,-1,-1,-1,-1,
#assigned_hub=-1,-1,-1,-1,-1,-1,-1,-1,
#moving_targetting_pos=9,2|12,29|2,29|15,1|25,30|5,30|19,2|22,29|
#setting_targetting_pos=9,30|12,1|2,1|15,30|25,1|5,1|19,30|22,1|
#type=2,2,2,2,2,2,2,2,
lLL.uLRr
#00000000000000
#assigned_pet=-1,-1,-1,-1,-1,-1,-1,-1,
#assigned_hub=-1,-1,-1,-1,-1,-1,-1,-1,
#moving_targetting_pos=9,2|12,29|2,29|15,1|25,30|5,30|19,2|22,29|
#setting_targetting_pos=9,30|12,1|2,1|15,30|25,1|5,1|19,30|22,1|
#type=2,2,2,2,2,2,2,2,
.LL.LLdL
#00000000000000
#assigned_pet=-1,-1,-1,-1,-1,-1,-1,-1,
#assigned_hub=-1,-1,-1,-1,-1,-1,-1,-1,
#moving_targetting_pos=9,2|12,29|2,29|15,1|25,30|5,30|19,2|22,29|
#setting_targetting_pos=9,30|12,1|2,1|15,30|25,1|5,1|19,30|22,1|
#type=2,2,2,2,2,2,2,2,
urL.LLRL
#00000000000000
#assigned_pet=-1,-1,-1,-1,-1,-1,-1,-1,
#assigned_hub=-1,-1,-1,-1,-1,-1,-1,-1,
#moving_targetting_pos=9,2|12,29|2,29|15,1|25,30|5,30|19,2|22,29|
#setting_targetting_pos=9,30|12,1|2,1|15,30|25,1|5,1|19,30|22,1|
#type=2,2,2,2,2,2,2,2,
R.d.Luld
#00000000000000
#assigned_pet=-1,-1,-1,-1,-1,-1,-1,-1,
#assigned_hub=-1,-1,-1,-1,-1,-1,-1,-1,
#moving_targetting_pos=9,2|12,29|2,29|15,1|25,30|5,30|19,2|22,29|
#setting_targetting_pos=9,30|12,1|2,1|15,30|25,1|5,1|19,30|22,1|
#type=2,2,2,2,2,2,2,2,
R.u.LLRL
#00000000000000
#assigned_pet=-1,-1,-1,-1,-1,-1,-1,-1,
#assigned_hub=-1,-1,-1,-1,-1,-1,-1,-1,
#moving_targetting_pos=9,2|12,29|2,29|15,1|25,30|5,30|19,2|22,29|
#setting_targetting_pos=9,30|12,1|2,1|15,30|25,1|5,1|19,30|22,1|
#type=2,2,2,2,2,2,2,2,
d.LduduL
#00000000000000
#assigned_pet=-1,-1,-1,-1,-1,-1,-1,-1,
#assigned_hub=-1,-1,-1,-1,-1,-1,-1,-1,
#moving_targetting_pos=9,2|12,29|2,29|15,1|25,30|5,30|19,2|22,29|
#setting_targetting_pos=9,30|12,1|2,1|15,30|25,1|5,1|19,30|22,1|
#type=2,2,2,2,2,2,2,2,
RurRLLRr
#00000000000000
#assigned_pet=-1,-1,-1,-1,-1,-1,-1,-1,
#assigned_hub=-1,-1,-1,-1,-1,-1,-1,-1,
#moving_targetting_pos=9,2|12,29|2,29|15,1|25,30|5,30|19,2|22,29|
#setting_targetting_pos=9,30|12,1|2,1|15,30|25,1|5,1|19,30|22,1|
#type=2,2,2,2,2,2,2,2,
lLLdddRu
#00000000000000
#assigned_pet=-1,-1,-1,-1,-1,-1,-1,-1,
#assigned_hub=-1,-1,-1,-1,-1,-1,-1,-1,
#moving_targetting_pos=9,2|12,29|2,29|15,1|25,30|5,30|19,2|29,2|
#setting_targetting_pos=9,30|12,1|2,1|15,30|25,1|5,1|19,30|29,30|
#type=2,2,2,2,2,2,2,1,
RLLRLLlD
#00000000000000
#assigned_pet=-1,-1,-1,-1,-1,-1,-1,-1,
#assigned_hub=-1,-1,-1,-1,-1,-1,-1,-1,
#moving_targetting_pos=9,2|12,29|2,29|15,1|25,30|5,30|19,2|29,2|
#setting_targetting_pos=9,30|12,1|2,1|15,30|25,1|5,1|19,30|29,30|
#type=2,2,2,2,2,2,2,1,
urdddddR
#00000000000000
#assigned_pet=-1,-1,-1,-1,-1,-1,-1,-1,
#assigned_hub=-1,-1,-1,-1,-1,0,-1,-1,
#moving_targetting_pos=9,2|12,29|2,29|15,1|25,30|6,6|19,2|29,2|
#setting_targetting_pos=9,30|12,1|2,1|15,30|25,1|5,1|19,30|29,30|
#type=2,2,2,2,2,3,2,1,
RdLRLRRL
#00000000000000
#assigned_pet=-1,-1,-1,-1,-1,-1,-1,-1,
#assigned_hub=-1,-1,-1,-1,-1,0,-1,-1,
#moving_targetting_pos=9,2|12,29|2,29|15,1|25,30|6,6|19,2|29,2|
#setting_targetting_pos=9,30|12,1|2,1|15,30|25,1|-1,-1|19,30|29,30|
#type=2,2,2,2,2,3,2,1,
RLLudRRD
#00000000000000
#assigned_pet=-1,-1,-1,-1,-1,-1,-1,-1,
#assigned_hub=-1,-1,-1,-1,6,0,-1,-1,
#moving_targetting_pos=9,2|12,29|2,29|15,1|26,6|6,6|19,2|29,2|
#setting_targetting_pos=9,30|12,1|2,1|15,30|25,1|-1,-1|19,30|29,30|
#type=2,2,2,2,3,3,2,1,
lLrRRR.R
#00000000000000
#assigned_pet=-1,-1,-1,-1,-1,-1,-1,-1,
#assigned_hub=-1,-1,-1,-1,6,0,-1,-1,
#moving_targetting_pos=9,2|12,29|2,29|15,1|26,6|6,6|19,2|29,2|
#setting_targetting_pos=9,30|12,1|2,1|15,30|-1,-1|-1,-1|19,30|29,30|
#type=2,2,2,2,3,3,2,1,
dLuRRR.R
#00000000000000
#assigned_pet=-1,-1,-1,-1,-1,4,-1,-1,
#assigned_hub=2,-1,1,-1,6,0,-1,-1,
#moving_targetting_pos=6,26|12,29|6,16|15,1|26,6|-1,-1|19,2|29,2|
#setting_targetting_pos=9,30|12,1|2,1|15,30|-1,-1|4,7|19,30|29,30|
#type=3,2,3,2,3,4,2,1,
UdDRRRdD
#00000000000000
#assigned_pet=-1,-1,-1,-1,-1,4,-1,-1,
#assigned_hub=2,-1,1,-1,6,0,-1,-1,
#moving_targetting_pos=6,26|12,29|6,16|15,1|26,6|-1,-1|19,2|29,2|
#setting_targetting_pos=-1,-1|12,1|-1,-1|15,30|-1,-1|4,7|19,30|29,30|
#type=3,2,3,2,3,4,2,1,
LuRRRRRR
#00001000000000
#assigned_pet=-1,-1,-1,-1,5,4,-1,-1,
#assigned_hub=2,-1,1,-1,6,0,-1,-1,
#moving_targetting_pos=6,26|12,29|6,16|15,1|-1,-1|-1,-1|19,2|29,2|
#setting_targetting_pos=-1,-1|12,1|-1,-1|15,30|27,6|4,7|19,30|29,30|
#type=3,2,3,2,4,5,2,1,
ULDuRuRD
#00001000000000
#assigned_pet=-1,-1,-1,-1,5,6,-1,-1,
#assigned_hub=2,-1,1,-1,6,0,-1,-1,
#moving_targetting_pos=6,26|12,29|6,16|15,1|-1,-1|-1,-1|19,2|29,2|
#setting_targetting_pos=-1,-1|12,1|-1,-1|15,30|27,7|8,7|19,30|29,30|
#type=3,2,3,2,4,4,2,1,
LrRRRD.D
#00001000000000
#assigned_pet=-1,-1,-1,-1,5,0,-1,-1,
#assigned_hub=2,-1,1,-1,6,0,-1,-1,
#moving_targetting_pos=6,26|12,29|6,16|15,1|-1,-1|-1,-1|19,2|29,2|
#setting_targetting_pos=-1,-1|12,1|-1,-1|15,30|27,8|7,5|19,30|29,30|
#type=3,2,3,2,4,4,2,1,
LLDdRLlL
#00001000000000
#assigned_pet=11,-1,-1,-1,5,0,-1,-1,
#assigned_hub=2,-1,1,-1,6,0,-1,-1,
#moving_targetting_pos=-1,-1|12,29|6,16|15,1|-1,-1|-1,-1|19,2|29,2|
#setting_targetting_pos=4,25|12,1|-1,-1|15,30|26,8|8,6|19,30|29,30|
#type=4,2,3,2,4,4,2,1,
LLRR.DuL
#00001000000000
#assigned_pet=11,-1,-1,-1,5,0,-1,-1,
#assigned_hub=2,-1,1,-1,6,0,-1,-1,
#moving_targetting_pos=-1,-1|12,29|6,16|15,1|-1,-1|-1,-1|19,2|29,2|
#setting_targetting_pos=4,25|12,1|-1,-1|15,30|27,8|8,6|19,30|29,30|
#type=4,2,3,2,4,4,2,1,
LdRdD.RD
#00001000000000
#assigned_pet=11,-1,-1,-1,5,0,-1,-1,
#assigned_hub=2,-1,1,5,6,0,-1,-1,
#moving_targetting_pos=-1,-1|12,29|6,16|16,26|-1,-1|-1,-1|19,2|29,2|
#setting_targetting_pos=4,25|12,1|-1,-1|15,30|27,7|8,6|19,30|29,30|
#type=4,2,3,3,4,4,2,1,
ULRLL.RD
#00001000000000
#assigned_pet=11,-1,-1,-1,5,0,-1,-1,
#assigned_hub=2,-1,1,5,6,0,-1,-1,
#moving_targetting_pos=-1,-1|12,29|6,16|16,26|-1,-1|-1,-1|19,2|29,2|
#setting_targetting_pos=4,27|12,1|-1,-1|-1,-1|26,7|8,6|19,30|29,30|
#type=4,2,3,3,4,4,2,2,
RLRLL.dd
#00001000000000
#assigned_pet=11,-1,-1,-1,5,8,-1,-1,
#assigned_hub=2,-1,1,5,6,0,-1,-1,
#moving_targetting_pos=-1,-1|12,29|6,16|16,26|-1,-1|-1,-1|19,2|29,2|
#setting_targetting_pos=4,27|12,1|-1,-1|-1,-1|25,7|8,5|19,30|29,30|
#type=4,2,3,3,4,4,2,2,
RrRLRLRR
#00001000000000
#assigned_pet=11,-1,-1,12,5,8,-1,-1,
#assigned_hub=2,-1,1,5,6,0,-1,-1,
#moving_targetting_pos=-1,-1|12,29|6,16|-1,-1|-1,-1|-1,-1|19,2|29,2|
#setting_targetting_pos=4,27|12,1|-1,-1|16,24|25,8|8,5|19,30|29,30|
#type=4,2,3,4,4,4,2,2,
UuRLR.lR
#00001000000100
#assigned_pet=11,-1,-1,12,1,6,-1,-1,
#assigned_hub=2,3,1,5,6,0,-1,-1,
#moving_targetting_pos=-1,-1|16,6|6,16|-1,-1|-1,-1|-1,-1|19,2|29,2|
#setting_targetting_pos=4,27|12,1|-1,-1|16,25|27,8|5,4|19,30|29,30|
#type=5,3,3,4,4,4,2,2,
uDRL.LRl
#00001000000100
#assigned_pet=-1,-1,-1,12,13,6,-1,-1,
#assigned_hub=2,3,1,5,6,0,-1,-1,
#moving_targetting_pos=-1,-1|16,6|6,16|-1,-1|-1,-1|-1,-1|19,2|29,2|
#setting_targetting_pos=-1,-1|-1,-1|-1,-1|17,25|28,7|7,4|19,30|29,30|
#type=4,3,3,4,4,4,2,2,
.RRDLRuu
#00001000000100
#assigned_pet=-1,-1,-1,12,13,6,-1,-1,
#assigned_hub=2,3,1,5,6,0,-1,-1,
#moving_targetting_pos=-1,-1|16,6|6,16|-1,-1|-1,-1|-1,-1|19,2|29,2|
#setting_targetting_pos=-1,-1|-1,-1|-1,-1|17,26|28,7|8,5|19,30|29,30|
#type=4,3,3,4,4,4,2,2,
.DRRD.RR
#00001000000100
#assigned_pet=-1,-1,-1,12,13,8,-1,-1,
#assigned_hub=2,3,1,5,6,0,-1,-1,
#moving_targetting_pos=-1,-1|16,6|6,16|-1,-1|-1,-1|-1,-1|19,2|29,2|
#setting_targetting_pos=-1,-1|-1,-1|-1,-1|17,25|28,7|7,6|19,30|29,30|
#type=4,3,3,4,4,4,2,2,
.RRL..RR
#00001000000100
#assigned_pet=-1,-1,-1,12,13,8,-1,-1,
#assigned_hub=2,3,1,5,6,0,-1,-1,
#moving_targetting_pos=-1,-1|16,6|6,16|-1,-1|-1,-1|-1,-1|19,2|29,2|
#setting_targetting_pos=-1,-1|-1,-1|-1,-1|16,25|28,5|7,6|19,30|29,30|
#type=4,3,3,4,4,4,2,2,
.DRRL.l.
#00001000000100
#assigned_pet=-1,-1,-1,12,5,8,-1,-1,
#assigned_hub=2,3,1,5,6,0,-1,-1,
#moving_targetting_pos=-1,-1|16,6|6,16|-1,-1|-1,-1|-1,-1|19,2|29,2|
#setting_targetting_pos=-1,-1|-1,-1|-1,-1|15,25|26,7|8,7|19,30|29,30|
#type=4,3,3,4,4,4,2,2,
.RRLRRdd
#00001000000100
#assigned_pet=-1,-1,10,12,5,6,-1,-1,
#assigned_hub=2,3,1,5,6,0,8,-1,
#moving_targetting_pos=-1,-1|16,6|-1,-1|-1,-1|-1,-1|-1,-1|26,26|29,2|
#setting_targetting_pos=-1,-1|-1,-1|5,16|16,25|27,7|8,7|19,30|29,30|
#type=4,3,4,4,4,4,3,2,
.R.RLRUR
#00001000000100
#assigned_pet=-1,0,10,12,5,0,-1,-1,
#assigned_hub=2,3,1,5,6,0,8,-1,
#moving_targetting_pos=-1,-1|-1,-1|-1,-1|-1,-1|-1,-1|-1,-1|26,26|29,2|
#setting_targetting_pos=-1,-1|14,7|4,16|15,25|27,8|8,7|-1,-1|29,30|
#type=4,4,4,4,4,4,3,2,
.RRLR.Ll
#00001000000100
#assigned_pet=-1,0,10,12,5,0,-1,-1,
#assigned_hub=2,3,1,5,6,0,8,-1,
#moving_targetting_pos=-1,-1|-1,-1|-1,-1|-1,-1|-1,-1|-1,-1|26,26|29,2|
#setting_targetting_pos=-1,-1|14,7|6,17|16,25|27,7|8,7|-1,-1|29,30|
#type=4,4,4,4,4,4,3,2,
.RRRL.UR
#00001000000100
#assigned_pet=-1,0,10,12,5,0,-1,-1,
#assigned_hub=2,3,1,5,6,0,8,-1,
#moving_targetting_pos=-1,-1|-1,-1|-1,-1|-1,-1|-1,-1|-1,-1|26,26|29,2|
#setting_targetting_pos=-1,-1|14,7|5,15|15,25|27,6|8,7|-1,-1|29,30|
#type=4,4,4,4,4,4,3,2,
..LLU.L.
#00001000000100
#assigned_pet=-1,6,10,12,5,6,-1,-1,
#assigned_hub=2,3,1,5,6,0,8,-1,
#moving_targetting_pos=-1,-1|-1,-1|-1,-1|-1,-1|-1,-1|-1,-1|26,26|29,2|
#setting_targetting_pos=-1,-1|14,7|6,17|16,25|27,7|8,7|-1,-1|29,30|
#type=4,4,4,4,4,4,3,2,
..RRR.Lu
#00001000000100
#assigned_pet=-1,6,10,12,5,6,-1,-1,
#assigned_hub=2,3,1,5,6,0,8,-1,
#moving_targetting_pos=-1,-1|-1,-1|-1,-1|-1,-1|-1,-1|-1,-1|26,26|29,2|
#setting_targetting_pos=-1,-1|14,7|5,17|17,25|26,7|8,7|-1,-1|29,30|
#type=4,4,4,4,4,4,3,2,
..LLL.DR
#00001010100100
#assigned_pet=-1,6,10,12,5,6,-1,-1,
#assigned_hub=4,3,1,5,6,0,8,-1,
#moving_targetting_pos=16,16|-1,-1|-1,-1|-1,-1|-1,-1|-1,-1|26,26|29,2|
#setting_targetting_pos=-1,-1|14,7|4,15|18,25|27,7|8,7|-1,-1|29,30|
#type=3,5,4,4,4,5,3,2,
LuLDRdDR
#00001010100100
#assigned_pet=-1,13,10,12,5,-1,-1,-1,
#assigned_hub=4,3,1,5,6,0,8,-1,
#moving_targetting_pos=16,16|-1,-1|-1,-1|-1,-1|-1,-1|-1,-1|26,26|29,2|
#setting_targetting_pos=-1,-1|18,5|4,16|17,25|26,7|-1,-1|-1,-1|29,30|
#type=3,4,4,4,4,4,3,2,
LLRRL.Dl
#00001010100100
#assigned_pet=-1,13,10,12,5,-1,-1,-1,
#assigned_hub=4,3,1,5,6,0,8,-1,
#moving_targetting_pos=16,16|-1,-1|-1,-1|-1,-1|-1,-1|-1,-1|26,26|29,2|
#setting_targetting_pos=-1,-1|16,5|4,15|17,26|26,6|-1,-1|-1,-1|29,30|
#type=3,4,4,4,4,4,3,2,
LLLU..Dd
#00001010100100
#assigned_pet=-1,13,10,12,5,-1,-1,-1,
#assigned_hub=4,3,1,5,6,0,8,-1,
#moving_targetting_pos=16,16|-1,-1|-1,-1|-1,-1|-1,-1|-1,-1|26,26|29,2|
#setting_targetting_pos=-1,-1|16,5|5,15|18,26|26,7|-1,-1|-1,-1|29,30|
#type=3,4,4,4,4,4,3,2,
L.RD..DR
#00001010100100
#assigned_pet=-1,13,10,12,5,-1,-1,-1,
#assigned_hub=4,3,1,5,6,0,8,-1,
#moving_targetting_pos=16,16|-1,-1|-1,-1|-1,-1|-1,-1|-1,-1|26,26|29,2|
#setting_targetting_pos=-1,-1|16,5|5,16|18,25|26,6|-1,-1|-1,-1|29,30|
#type=3,4,4,4,4,4,3,2,
L.DL..DR
#00001010100100
#assigned_pet=-1,13,10,12,5,-1,-1,-1,
#assigned_hub=4,3,1,5,6,0,8,-1,
#moving_targetting_pos=16,16|-1,-1|-1,-1|-1,-1|-1,-1|-1,-1|26,26|29,2|
#setting_targetting_pos=-1,-1|16,5|7,15|18,26|27,6|-1,-1|-1,-1|29,30|
#type=3,4,4,4,4,4,3,2,
L.LR..D.
#00001010100100
#assigned_pet=-1,13,10,12,5,-1,-1,-1,
#assigned_hub=4,3,1,5,6,0,8,-1,
#moving_targetting_pos=16,16|-1,-1|-1,-1|-1,-1|-1,-1|-1,-1|26,26|29,2|
#setting_targetting_pos=-1,-1|16,5|6,15|18,27|27,7|-1,-1|-1,-1|29,30|
#type=3,4,4,4,4,4,3,2,
L.RRR.L.
#00001010100100
#assigned_pet=-1,13,10,3,5,-1,3,-1,
#assigned_hub=4,3,1,5,6,0,8,-1,
#moving_targetting_pos=16,16|-1,-1|-1,-1|-1,-1|-1,-1|-1,-1|-1,-1|29,2|
#setting_targetting_pos=-1,-1|16,5|5,15|18,25|26,7|-1,-1|24,25|29,30|
#type=3,4,4,4,4,4,4,2,
L.LLL...
#00001010100100
#assigned_pet=-1,13,10,3,5,-1,3,-1,
#assigned_hub=4,3,1,5,6,0,8,-1,
#moving_targetting_pos=16,16|-1,-1|-1,-1|-1,-1|-1,-1|-1,-1|-1,-1|29,2|
#setting_targetting_pos=-1,-1|15,6|6,15|18,25|26,6|-1,-1|24,25|29,30|
#type=3,4,4,4,4,4,4,2,
L.RL...d
#00001010100100
#assigned_pet=-1,13,10,3,5,-1,3,-1,
#assigned_hub=4,3,1,5,6,0,8,-1,
#moving_targetting_pos=16,16|-1,-1|-1,-1|-1,-1|-1,-1|-1,-1|-1,-1|29,2|
#setting_targetting_pos=-1,-1|14,5|5,15|18,25|26,5|-1,-1|24,25|29,30|
#type=3,4,4,4,4,4,4,2,
L.L....R
#00001010100100
#assigned_pet=-1,13,10,3,5,13,3,-1,
#assigned_hub=4,3,1,5,6,0,8,-1,
#moving_targetting_pos=16,16|-1,-1|-1,-1|-1,-1|-1,-1|-1,-1|-1,-1|29,2|
#setting_targetting_pos=-1,-1|14,5|5,16|18,25|25,5|8,5|24,25|29,30|
#type=3,4,4,4,4,4,4,2,
D.R.LL.R
#00001010100100
#assigned_pet=-1,13,10,9,5,13,3,-1,
#assigned_hub=4,3,1,5,6,0,8,-1,
#moving_targetting_pos=16,16|-1,-1|-1,-1|-1,-1|-1,-1|-1,-1|-1,-1|29,2|
#setting_targetting_pos=-1,-1|14,5|7,15|15,24|24,5|8,5|24,25|29,30|
#type=3,4,4,4,4,4,4,2,
D.LLUL..
#00001010100101
#assigned_pet=-1,13,10,3,2,13,3,-1,
#assigned_hub=4,3,1,5,6,0,8,-1,
#moving_targetting_pos=16,16|-1,-1|-1,-1|-1,-1|-1,-1|-1,-1|-1,-1|29,2|
#setting_targetting_pos=-1,-1|14,5|8,15|18,25|27,8|8,5|24,25|29,30|
#type=3,5,4,4,4,5,4,2,
DuDRRd.u
#00011010100101
#assigned_pet=-1,-1,10,3,5,-1,3,-1,
#assigned_hub=4,3,1,5,6,0,8,-1,
#moving_targetting_pos=16,16|-1,-1|-1,-1|-1,-1|-1,-1|6,6|-1,-1|29,2|
#setting_targetting_pos=-1,-1|-1,-1|8,15|18,25|24,5|-1,-1|24,25|29,30|
#type=3,4,4,5,4,4,5,2,
D..dL.l.
#00011010100101
#assigned_pet=-1,-1,10,12,5,-1,-1,-1,
#assigned_hub=4,3,1,5,6,0,8,-1,
#moving_targetting_pos=16,16|-1,-1|-1,-1|-1,-1|-1,-1|-1,-1|-1,-1|29,2|
#setting_targetting_pos=-1,-1|-1,-1|8,15|17,24|25,5|-1,-1|-1,-1|29,30|
#type=3,4,4,4,4,4,4,2,
D...R...
#00011010100101
#assigned_pet=-1,-1,10,12,5,-1,-1,-1,
#assigned_hub=4,3,1,5,6,0,8,-1,
#moving_targetting_pos=16,16|-1,-1|-1,-1|-1,-1|-1,-1|-1,-1|-1,-1|29,2|
#setting_targetting_pos=-1,-1|-1,-1|7,17|16,24|25,4|-1,-1|-1,-1|29,30|
#type=3,4,4,4,4,4,4,2,
D.RLL...
#00011010100101
#assigned_pet=-1,-1,10,12,5,-1,-1,-1,
#assigned_hub=4,3,1,5,6,0,8,-1,
#moving_targetting_pos=16,16|-1,-1|-1,-1|-1,-1|-1,-1|6,6|-1,-1|29,2|
#setting_targetting_pos=-1,-1|-1,-1|8,17|17,24|26,4|-1,-1|-1,-1|29,30|
#type=3,4,4,4,4,4,4,2,
D.RRL...
#00011010100101
#assigned_pet=-1,-1,10,12,5,-1,-1,-1,
#assigned_hub=4,3,1,5,6,7,8,-1,
#moving_targetting_pos=16,16|-1,-1|-1,-1|-1,-1|-1,-1|26,16|-1,-1|29,2|
#setting_targetting_pos=-1,-1|-1,-1|8,17|17,25|26,5|-1,-1|-1,-1|29,30|
#type=3,4,4,4,4,3,4,2,
D..RRR..
#00011010100101
#assigned_pet=-1,-1,10,12,5,-1,-1,-1,
#assigned_hub=4,3,1,5,6,7,8,-1,
#moving_targetting_pos=16,16|-1,-1|-1,-1|-1,-1|-1,-1|26,16|-1,-1|29,2|
#setting_targetting_pos=-1,-1|-1,-1|8,17|16,25|25,5|-1,-1|-1,-1|29,30|
#type=3,4,4,4,4,3,4,2,
D..LRR.l
#00011010100101
#assigned_pet=-1,-1,10,12,5,-1,-1,-1,
#assigned_hub=4,3,1,5,6,7,8,-1,
#moving_targetting_pos=16,16|-1,-1|-1,-1|-1,-1|-1,-1|26,16|-1,-1|29,2|
#setting_targetting_pos=-1,-1|-1,-1|8,17|17,25|25,6|-1,-1|-1,-1|29,30|
#type=3,4,4,4,4,3,4,2,
L..RDR.R
#00011010101101
#assigned_pet=10,-1,10,12,5,-1,-1,-1,
#assigned_hub=4,3,1,5,6,7,8,-1,
#moving_targetting_pos=-1,-1|-1,-1|-1,-1|-1,-1|-1,-1|26,16|-1,-1|29,2|
#setting_targetting_pos=14,17|-1,-1|8,17|17,26|25,5|-1,-1|-1,-1|29,30|
#type=5,4,5,4,4,3,4,2,
r.dULR.R
#00011010101101
#assigned_pet=9,-1,-1,9,5,-1,-1,-1,
#assigned_hub=4,3,0,5,6,7,8,-1,
#moving_targetting_pos=-1,-1|-1,-1|6,6|-1,-1|-1,-1|26,16|-1,-1|29,2|
#setting_targetting_pos=15,18|-1,-1|-1,-1|15,24|26,5|-1,-1|-1,-1|29,30|
#type=4,4,3,4,4,3,4,2,
D.LLRR.d
#00011010101101
#assigned_pet=9,-1,-1,9,5,-1,-1,-1,
#assigned_hub=4,3,0,5,6,7,8,-1,
#moving_targetting_pos=-1,-1|-1,-1|6,6|-1,-1|-1,-1|26,16|-1,-1|29,2|
#setting_targetting_pos=15,18|-1,-1|-1,-1|15,24|27,5|-1,-1|-1,-1|29,30|
#type=4,4,3,4,4,3,4,2,
R.LLLR.R
#00011010111101
#assigned_pet=9,-1,-1,9,5,-1,-1,-1,
#assigned_hub=4,3,0,5,6,7,8,-1,
#moving_targetting_pos=-1,-1|16,6|6,6|-1,-1|-1,-1|26,16|-1,-1|29,2|
#setting_targetting_pos=15,18|-1,-1|-1,-1|15,24|27,4|-1,-1|-1,-1|29,30|
#type=5,4,3,5,4,3,4,2,
r.LuLR.l
#00011010111101
#assigned_pet=-1,-1,-1,12,5,-1,-1,-1,
#assigned_hub=4,3,0,5,6,7,8,-1,
#moving_targetting_pos=-1,-1|-1,-1|6,6|-1,-1|-1,-1|26,16|-1,-1|29,2|
#setting_targetting_pos=-1,-1|-1,-1|-1,-1|17,26|26,4|-1,-1|-1,-1|29,30|
#type=4,4,3,4,4,3,4,2,
..LRRR.R
#00011010111101
#assigned_pet=-1,-1,-1,12,5,-1,-1,-1,
#assigned_hub=4,3,0,5,6,7,8,-1,
#moving_targetting_pos=-1,-1|-1,-1|6,6|-1,-1|-1,-1|26,16|-1,-1|29,2|
#setting_targetting_pos=-1,-1|-1,-1|-1,-1|17,27|26,5|-1,-1|-1,-1|29,30|
#type=4,4,3,4,4,3,4,2,
..LRRR.u
#00011010111101
#assigned_pet=-1,-1,-1,12,5,-1,-1,-1,
#assigned_hub=4,3,0,5,6,7,8,-1,
#moving_targetting_pos=-1,-1|-1,-1|6,6|-1,-1|-1,-1|26,16|-1,-1|29,2|
#setting_targetting_pos=-1,-1|-1,-1|-1,-1|16,27|25,5|-1,-1|-1,-1|29,30|
#type=4,4,3,4,4,3,4,2,
..L.LR.R
#00011010111101
#assigned_pet=-1,-1,-1,12,5,-1,-1,-1,
#assigned_hub=4,3,0,5,6,7,8,-1,
#moving_targetting_pos=-1,-1|-1,-1|6,6|-1,-1|-1,-1|26,16|-1,-1|29,2|
#setting_targetting_pos=-1,-1|-1,-1|-1,-1|16,28|26,5|-1,-1|-1,-1|29,30|
#type=4,4,3,4,4,3,4,2,
..LRRD.R
#00011010111101
#assigned_pet=-1,-1,-1,12,5,-1,-1,-1,
#assigned_hub=4,3,0,5,6,7,8,-1,
#moving_targetting_pos=-1,-1|-1,-1|6,6|-1,-1|-1,-1|26,16|-1,-1|29,2|
#setting_targetting_pos=-1,-1|-1,-1|-1,-1|15,28|26,6|-1,-1|-1,-1|29,30|
#type=4,4,3,4,4,3,4,2,
..LR.D.l
#00011010111101
#assigned_pet=0,-1,-1,12,5,-1,-1,-1,
#assigned_hub=4,3,0,5,6,7,8,-1,
#moving_targetting_pos=-1,-1|-1,-1|6,6|-1,-1|-1,-1|26,16|-1,-1|29,2|
#setting_targetting_pos=18,15|-1,-1|-1,-1|15,27|25,6|-1,-1|-1,-1|29,30|
#type=4,4,3,4,4,3,4,2,
L.LL.D.d
#00011010111101
#assigned_pet=0,-1,-1,12,5,-1,-1,-1,
#assigned_hub=4,3,0,5,6,7,8,-1,
#moving_targetting_pos=-1,-1|-1,-1|6,6|-1,-1|-1,-1|26,16|-1,-1|29,2|
#setting_targetting_pos=18,15|-1,-1|-1,-1|15,28|24,6|-1,-1|-1,-1|29,30|
#type=4,4,3,4,4,3,4,2,
L.LRUD.R
#00011010111101
#assigned_pet=0,-1,-1,12,5,-1,-1,-1,
#assigned_hub=4,3,0,5,6,7,8,-1,
#moving_targetting_pos=-1,-1|-1,-1|6,6|-1,-1|-1,-1|26,16|-1,-1|29,2|
#setting_targetting_pos=18,15|-1,-1|-1,-1|15,27|24,5|-1,-1|-1,-1|29,30|
#type=4,4,4,4,4,3,4,2,
D..LLD.R
#00011010111101
#assigned_pet=0,-1,-1,12,5,-1,-1,-1,
#assigned_hub=4,3,0,5,6,7,8,-1,
#moving_targetting_pos=-1,-1|-1,-1|6,6|-1,-1|-1,-1|26,16|-1,-1|29,2|
#setting_targetting_pos=18,15|-1,-1|-1,-1|14,27|25,5|-1,-1|-1,-1|29,30|
#type=4,4,4,4,4,3,4,2,
D..URD.d
#00011010111101
#assigned_pet=0,-1,-1,12,5,-1,-1,-1,
#assigned_hub=4,3,0,5,6,7,8,-1,
#moving_targetting_pos=-1,-1|-1,-1|6,6|-1,-1|-1,-1|26,16|-1,-1|29,2|
#setting_targetting_pos=18,15|-1,-1|-1,-1|14,26|25,6|-1,-1|-1,-1|29,30|
#type=4,4,4,4,4,3,4,2,
...LDD.R
#00011010111101
#assigned_pet=0,-1,-1,12,5,-1,-1,-1,
#assigned_hub=4,3,0,5,6,7,8,-1,
#moving_targetting_pos=-1,-1|-1,-1|6,6|-1,-1|-1,-1|26,16|-1,-1|29,2|
#setting_targetting_pos=17,15|-1,-1|-1,-1|14,27|24,6|-1,-1|-1,-1|29,30|
#type=4,4,4,4,4,3,4,2,
R..RUD.R
#00011010111101
#assigned_pet=0,-1,-1,12,5,-1,-1,-1,
#assigned_hub=4,3,2,5,6,7,8,-1,
#moving_targetting_pos=-1,-1|-1,-1|6,26|-1,-1|-1,-1|26,16|-1,-1|29,2|
#setting_targetting_pos=17,15|-1,-1|-1,-1|14,27|24,5|-1,-1|-1,-1|29,30|
#type=4,4,3,4,4,3,4,2,
..R.LD.l
#00011010111101
#assigned_pet=0,0,-1,12,5,-1,-1,-1,
#assigned_hub=4,3,2,5,6,7,8,-1,
#moving_targetting_pos=-1,-1|-1,-1|6,26|-1,-1|-1,-1|26,16|-1,-1|29,2|
#setting_targetting_pos=17,14|17,8|-1,-1|14,27|25,5|-1,-1|-1,-1|29,30|
#type=4,4,3,4,4,3,4,2,
LRR.RD.u
#00011010111101
#assigned_pet=0,0,-1,12,5,-1,-1,-1,
#assigned_hub=4,3,2,5,6,7,8,-1,
#moving_targetting_pos=-1,-1|-1,-1|6,26|-1,-1|-1,-1|26,16|-1,-1|29,2|
#setting_targetting_pos=17,14|17,8|-1,-1|14,26|25,4|-1,-1|-1,-1|29,30|
#type=4,4,3,4,4,3,4,2,
.RRLLD.R
#00011010111101
#assigned_pet=0,0,-1,12,5,-1,-1,-1,
#assigned_hub=4,3,2,5,6,7,8,-1,
#moving_targetting_pos=-1,-1|-1,-1|6,26|-1,-1|-1,-1|26,16|-1,-1|29,2|
#setting_targetting_pos=17,14|17,8|-1,-1|15,26|25,5|-1,-1|-1,-1|29,30|
#type=4,4,3,4,4,3,4,2,
.RRDRD.R
#00011010111101
#assigned_pet=0,0,-1,12,5,-1,-1,-1,
#assigned_hub=4,3,2,5,6,7,8,-1,
#moving_targetting_pos=-1,-1|-1,-1|6,26|-1,-1|-1,-1|26,16|-1,-1|29,2|
#setting_targetting_pos=17,14|17,8|-1,-1|15,25|26,5|-1,-1|-1,-1|29,30|
#type=4,4,3,4,4,3,4,2,
.DRLLD.d
#10011010111101
#assigned_pet=0,0,-1,12,5,-1,-1,-1,
#assigned_hub=4,3,2,5,6,7,8,-1,
#moving_targetting_pos=-1,-1|-1,-1|6,26|-1,-1|-1,-1|26,16|-1,-1|29,2|
#setting_targetting_pos=17,14|17,8|-1,-1|16,25|26,6|-1,-1|-1,-1|29,30|
#type=5,5,3,4,4,3,4,2,
ldRRRD.R
#10011010111101
#assigned_pet=-1,-1,-1,12,5,-1,-1,-1,
#assigned_hub=4,3,2,5,6,7,8,-1,
#moving_targetting_pos=-1,-1|16,6|6,26|-1,-1|-1,-1|26,16|-1,-1|29,2|
#setting_targetting_pos=-1,-1|-1,-1|-1,-1|15,25|26,5|-1,-1|-1,-1|29,30|
#type=4,4,3,4,4,3,4,2,
..RLLD.l
#10011010111101
#assigned_pet=-1,-1,-1,12,5,-1,-1,-1,
#assigned_hub=4,3,2,5,6,7,8,-1,
#moving_targetting_pos=16,16|-1,-1|6,26|-1,-1|-1,-1|26,16|-1,-1|29,2|
#setting_targetting_pos=-1,-1|-1,-1|-1,-1|15,26|26,6|-1,-1|-1,-1|29,30|
#type=4,4,3,4,4,3,4,2,
..RRRD.R
#10011010111101
#assigned_pet=-1,-1,-1,12,5,-1,-1,-1,
#assigned_hub=4,3,2,5,6,7,8,-1,
#moving_targetting_pos=16,16|-1,-1|6,26|-1,-1|-1,-1|26,16|-1,-1|29,2|
#setting_targetting_pos=-1,-1|-1,-1|-1,-1|14,26|25,6|-1,-1|-1,-1|29,30|
#type=4,4,3,4,4,3,4,2,
..RUDD.u
#10011010111101
#assigned_pet=-1,-1,-1,12,5,-1,-1,-1,
#assigned_hub=4,3,2,5,6,7,8,-1,
#moving_targetting_pos=16,16|-1,-1|6,26|-1,-1|-1,-1|26,16|26,26|29,2|
#setting_targetting_pos=-1,-1|-1,-1|-1,-1|14,25|26,6|-1,-1|-1,-1|29,30|
#type=4,4,3,4,4,3,4,2,
..RL.R.R
#10011010111101
#assigned_pet=-1,-1,-1,12,5,1,-1,-1,
#assigned_hub=4,3,2,5,6,7,8,-1,
#moving_targetting_pos=16,16|-1,-1|6,26|-1,-1|-1,-1|-1,-1|26,26|29,2|
#setting_targetting_pos=-1,-1|-1,-1|-1,-1|14,25|25,6|28,15|-1,-1|29,30|
#type=4,4,3,4,4,4,4,2,
..R..L.R
#10011010111101
#assigned_pet=-1,-1,-1,12,5,1,-1,-1,
#assigned_hub=4,3,2,5,6,7,8,-1,
#moving_targetting_pos=16,16|-1,-1|6,26|-1,-1|-1,-1|-1,-1|26,26|29,2|
#setting_targetting_pos=-1,-1|-1,-1|-1,-1|14,25|26,6|28,15|-1,-1|29,30|
#type=4,4,3,4,4,4,4,2,
..R..D.l
#10011010111101
#assigned_pet=-1,-1,-1,12,5,1,-1,-1,
#assigned_hub=4,3,2,5,6,7,8,-1,
#moving_targetting_pos=16,16|-1,-1|6,26|-1,-1|-1,-1|-1,-1|26,26|29,2|
#setting_targetting_pos=-1,-1|-1,-1|-1,-1|14,25|25,6|28,15|-1,-1|29,30|
#type=4,4,3,4,4,4,4,2,
..R..D.d
#10011010111101
#assigned_pet=-1,-1,-1,12,5,1,-1,-1,
#assigned_hub=4,3,2,5,6,7,8,-1,
#moving_targetting_pos=-1,-1|-1,-1|6,26|-1,-1|-1,-1|-1,-1|26,26|29,2|
#setting_targetting_pos=-1,-1|-1,-1|-1,-1|14,25|25,5|28,15|-1,-1|29,30|
#type=4,4,3,4,4,4,4,0,
..R.LD..
#10011010111101
#assigned_pet=-1,-1,-1,12,2,2,-1,-1,
#assigned_hub=4,3,2,5,6,7,8,-1,
#moving_targetting_pos=-1,-1|-1,-1|6,26|-1,-1|-1,-1|-1,-1|26,26|29,2|
#setting_targetting_pos=-1,-1|-1,-1|-1,-1|14,25|27,8|27,14|-1,-1|29,30|
#type=4,4,3,4,4,4,4,0,
..R.R...
#10011010111101
#assigned_pet=-1,-1,-1,12,2,2,-1,-1,
#assigned_hub=4,3,2,5,6,7,8,-1,
#moving_targetting_pos=-1,-1|-1,-1|6,26|-1,-1|-1,-1|-1,-1|26,26|29,2|
#setting_targetting_pos=-1,-1|-1,-1|-1,-1|14,25|27,8|27,14|-1,-1|29,30|
#type=4,4,3,4,4,4,4,0,
..R.R...
#10011010111101
#assigned_pet=-1,-1,-1,12,2,2,-1,-1,
#assigned_hub=4,3,2,5,6,7,8,-1,
#moving_targetting_pos=-1,-1|-1,-1|6,26|-1,-1|-1,-1|-1,-1|26,26|29,2|
#setting_targetting_pos=-1,-1|-1,-1|-1,-1|14,25|27,8|27,14|-1,-1|29,30|
#type=4,4,3,4,4,4,4,0,
..R.R...
#10111011111101
#assigned_pet=-1,-1,-1,12,2,2,-1,-1,
#assigned_hub=4,3,2,5,6,7,8,-1,
#moving_targetting_pos=-1,-1|-1,-1|6,26|-1,-1|-1,-1|-1,-1|-1,-1|29,2|
#setting_targetting_pos=-1,-1|-1,-1|-1,-1|14,25|27,8|27,14|-1,-1|29,30|
#type=4,4,3,4,5,5,4,0,
..R.dl..
#10111011111111
#assigned_pet=-1,-1,12,12,5,1,-1,-1,
#assigned_hub=4,3,2,5,6,7,8,-1,
#moving_targetting_pos=-1,-1|-1,-1|-1,-1|-1,-1|-1,-1|-1,-1|-1,-1|29,2|
#setting_targetting_pos=-1,-1|-1,-1|8,25|14,25|24,5|25,17|-1,-1|29,30|
#type=4,4,5,5,4,4,4,0,
..duLR..
#10111011111111
#assigned_pet=-1,-1,-1,-1,5,1,-1,-1,
#assigned_hub=4,3,2,5,6,7,8,-1,
#moving_targetting_pos=-1,-1|-1,-1|6,26|16,26|-1,-1|-1,-1|-1,-1|29,2|
#setting_targetting_pos=-1,-1|-1,-1|-1,-1|-1,-1|25,5|25,17|-1,-1|29,30|
#type=4,4,4,4,4,4,4,0,
....LR..
#10111011111111
#assigned_pet=-1,-1,-1,-1,5,1,-1,-1,
#assigned_hub=4,3,2,5,6,7,8,-1,
#moving_targetting_pos=-1,-1|16,6|6,26|16,26|-1,-1|-1,-1|-1,-1|29,2|
#setting_targetting_pos=-1,-1|-1,-1|-1,-1|-1,-1|25,4|25,15|-1,-1|29,30|
#type=4,4,4,4,4,4,4,0,
....LL..
#10111011111111
#assigned_pet=-1,-1,-1,-1,5,1,-1,-1,
#assigned_hub=4,3,2,5,6,7,8,-1,
#moving_targetting_pos=-1,-1|-1,-1|6,26|16,26|-1,-1|-1,-1|-1,-1|29,2|
#setting_targetting_pos=-1,-1|-1,-1|-1,-1|-1,-1|25,5|25,15|-1,-1|29,30|
#type=4,4,4,4,4,4,4,0,
.....L..
#10111011111111
#assigned_pet=-1,-1,-1,-1,5,1,-1,-1,
#assigned_hub=4,3,2,5,6,7,8,-1,
#moving_targetting_pos=-1,-1|-1,-1|6,26|16,26|-1,-1|-1,-1|26,26|29,2|
#setting_targetting_pos=-1,-1|-1,-1|-1,-1|-1,-1|25,6|26,14|-1,-1|29,30|
#type=4,4,4,4,4,4,4,0,
....RU..
#10111011111111
#assigned_pet=-1,-1,-1,-1,5,1,-1,-1,
#assigned_hub=4,3,2,5,6,7,8,-1,
#moving_targetting_pos=-1,-1|-1,-1|6,26|16,26|-1,-1|-1,-1|-1,-1|29,2|
#setting_targetting_pos=-1,-1|-1,-1|-1,-1|-1,-1|25,5|26,16|-1,-1|29,30|
#type=4,4,4,4,4,4,4,0,
....L...
#10111011111111
#assigned_pet=-1,-1,-1,-1,5,1,-1,-1,
#assigned_hub=4,3,2,5,6,7,8,-1,
#moving_targetting_pos=-1,-1|-1,-1|6,26|16,26|-1,-1|-1,-1|-1,-1|29,2|
#setting_targetting_pos=-1,-1|-1,-1|-1,-1|-1,-1|24,5|25,15|-1,-1|29,30|
#type=4,4,4,4,4,4,4,0,
....U...
#10111011111111
#assigned_pet=-1,5,-1,-1,5,1,-1,-1,
#assigned_hub=4,3,2,5,6,7,8,-1,
#moving_targetting_pos=-1,-1|-1,-1|6,26|16,26|-1,-1|-1,-1|26,26|29,2|
#setting_targetting_pos=-1,-1|18,5|-1,-1|-1,-1|24,5|27,15|-1,-1|29,30|
#type=4,4,4,4,4,4,4,0,
.L......
#10111011111111
#assigned_pet=-1,-1,-1,-1,5,1,-1,-1,
#assigned_hub=4,3,2,5,6,7,8,-1,
#moving_targetting_pos=-1,-1|-1,-1|6,26|16,26|-1,-1|-1,-1|-1,-1|29,2|
#setting_targetting_pos=-1,-1|-1,-1|-1,-1|-1,-1|24,5|26,16|-1,-1|29,30|
#type=4,4,4,4,4,4,4,0,
........
#10111011111111
#assigned_pet=-1,5,-1,-1,5,1,-1,-1,
#assigned_hub=4,3,2,5,6,7,8,-1,
#moving_targetting_pos=-1,-1|-1,-1|6,26|16,26|-1,-1|-1,-1|26,26|29,2|
#setting_targetting_pos=-1,-1|18,5|-1,-1|-1,-1|24,5|27,15|-1,-1|29,30|
#type=4,4,4,4,4,4,4,0,
.L......
#10111011111111
#assigned_pet=-1,5,-1,-1,5,1,-1,-1,
#assigned_hub=4,3,2,5,6,7,8,-1,
#moving_targetting_pos=-1,-1|-1,-1|6,26|16,26|-1,-1|-1,-1|-1,-1|29,2|
#setting_targetting_pos=-1,-1|18,5|-1,-1|-1,-1|24,5|25,15|-1,-1|29,30|
#type=4,4,4,4,4,4,4,0,
.L......
#10111011111111
#assigned_pet=-1,5,-1,-1,5,1,-1,-1,
#assigned_hub=4,3,2,5,6,7,8,-1,
#moving_targetting_pos=-1,-1|-1,-1|6,26|16,26|-1,-1|-1,-1|-1,-1|29,2|
#setting_targetting_pos=-1,-1|18,5|-1,-1|-1,-1|24,5|26,16|-1,-1|29,30|
#type=4,4,4,4,4,4,4,0,
.D......
#10111011111111
#assigned_pet=-1,-1,-1,-1,5,1,-1,-1,
#assigned_hub=4,3,2,5,6,7,8,-1,
#moving_targetting_pos=-1,-1|-1,-1|6,26|16,26|-1,-1|-1,-1|-1,-1|29,2|
#setting_targetting_pos=-1,-1|-1,-1|-1,-1|-1,-1|24,5|26,16|-1,-1|29,30|
#type=4,4,4,4,4,4,4,0,
........
#10111011111111
#assigned_pet=-1,-1,-1,-1,5,1,-1,-1,
#assigned_hub=4,3,2,5,6,7,8,-1,
#moving_targetting_pos=-1,-1|-1,-1|6,26|16,26|-1,-1|-1,-1|-1,-1|29,2|
#setting_targetting_pos=-1,-1|-1,-1|-1,-1|-1,-1|25,5|27,17|-1,-1|29,30|
#type=4,4,4,4,4,4,4,0,
....RR..
#10111011111111
#assigned_pet=-1,-1,-1,-1,5,1,-1,-1,
#assigned_hub=4,3,2,5,6,7,8,-1,
#moving_targetting_pos=-1,-1|-1,-1|6,26|16,26|-1,-1|-1,-1|-1,-1|29,2|
#setting_targetting_pos=-1,-1|-1,-1|-1,-1|-1,-1|24,5|26,18|-1,-1|29,30|
#type=4,4,4,4,4,4,4,0,
....LR..
#10111011111111
#assigned_pet=-1,5,-1,-1,5,1,-1,-1,
#assigned_hub=4,3,2,5,6,7,8,-1,
#moving_targetting_pos=-1,-1|-1,-1|6,26|16,26|-1,-1|-1,-1|-1,-1|29,2|
#setting_targetting_pos=-1,-1|18,5|-1,-1|-1,-1|24,5|26,18|-1,-1|29,30|
#type=4,4,4,4,4,4,4,0,
........
#10111111111111
#assigned_pet=-1,5,-1,-1,5,1,-1,-1,
#assigned_hub=4,3,2,5,6,7,8,-1,
#moving_targetting_pos=-1,-1|-1,-1|6,26|16,26|-1,-1|-1,-1|-1,-1|29,2|
#setting_targetting_pos=-1,-1|18,5|-1,-1|-1,-1|24,5|25,17|-1,-1|29,30|
#type=4,5,4,4,5,4,4,0,
.d..u...
#10111111111111
#assigned_pet=-1,-1,-1,-1,-1,1,-1,-1,
#assigned_hub=4,3,2,5,6,7,8,-1,
#moving_targetting_pos=-1,-1|16,6|6,26|16,26|-1,-1|-1,-1|-1,-1|29,2|
#setting_targetting_pos=-1,-1|-1,-1|-1,-1|-1,-1|-1,-1|25,17|-1,-1|29,30|
#type=4,4,4,4,4,4,4,0,
........
#10111111111111
#assigned_pet=-1,-1,-1,-1,-1,1,-1,-1,
#assigned_hub=4,3,2,5,6,7,8,-1,
#moving_targetting_pos=-1,-1|16,6|6,26|16,26|26,6|-1,-1|-1,-1|29,2|
#setting_targetting_pos=-1,-1|-1,-1|-1,-1|-1,-1|-1,-1|27,17|-1,-1|29,30|
#type=4,4,4,4,4,4,4,0,
........
#10111111111111
#assigned_pet=-1,-1,-1,-1,-1,1,-1,-1,
#assigned_hub=4,3,2,5,6,7,8,-1,
#moving_targetting_pos=-1,-1|16,6|6,26|16,26|-1,-1|-1,-1|-1,-1|29,2|
#setting_targetting_pos=-1,-1|-1,-1|-1,-1|-1,-1|-1,-1|25,17|-1,-1|29,30|
#type=4,4,4,4,4,4,4,0,
........
#10111111111111
#assigned_pet=-1,-1,-1,-1,-1,1,-1,-1,
#assigned_hub=4,3,2,5,6,7,8,-1,
#moving_targetting_pos=-1,-1|16,6|6,26|16,26|-1,-1|-1,-1|-1,-1|29,2|
#setting_targetting_pos=-1,-1|-1,-1|-1,-1|-1,-1|-1,-1|26,16|-1,-1|29,30|
#type=4,4,4,4,4,4,4,0,
........
#10111111111111
#assigned_pet=-1,-1,-1,-1,-1,1,-1,-1,
#assigned_hub=4,3,2,5,6,7,8,-1,
#moving_targetting_pos=-1,-1|16,6|6,26|16,26|-1,-1|-1,-1|-1,-1|29,2|
#setting_targetting_pos=-1,-1|-1,-1|-1,-1|-1,-1|-1,-1|25,17|-1,-1|29,30|
#type=4,4,4,4,4,4,4,0,
........
#10111111111111
#assigned_pet=-1,-1,-1,-1,-1,1,-1,-1,
#assigned_hub=4,3,2,5,6,7,8,-1,
#moving_targetting_pos=-1,-1|16,6|6,26|16,26|-1,-1|-1,-1|-1,-1|29,2|
#setting_targetting_pos=-1,-1|-1,-1|-1,-1|-1,-1|-1,-1|24,16|-1,-1|29,30|
#type=4,4,4,4,4,4,4,0,
.....L..
#10111111111111
#assigned_pet=-1,-1,-1,-1,-1,1,-1,-1,
#assigned_hub=4,3,2,5,6,7,8,-1,
#moving_targetting_pos=-1,-1|16,6|6,26|16,26|-1,-1|-1,-1|-1,-1|29,2|
#setting_targetting_pos=-1,-1|-1,-1|-1,-1|-1,-1|-1,-1|25,17|-1,-1|29,30|
#type=4,4,4,4,4,4,4,0,
.....R..
#10111111111111
#assigned_pet=-1,-1,-1,-1,-1,1,-1,-1,
#assigned_hub=4,3,2,5,6,7,8,-1,
#moving_targetting_pos=-1,-1|16,6|6,26|16,26|-1,-1|-1,-1|-1,-1|29,2|
#setting_targetting_pos=-1,-1|-1,-1|-1,-1|-1,-1|-1,-1|25,17|-1,-1|29,30|
#type=4,4,4,4,4,4,4,0,
........
#10111111111111
#assigned_pet=-1,-1,-1,-1,-1,1,-1,-1,
#assigned_hub=4,3,2,5,6,7,8,-1,
#moving_targetting_pos=-1,-1|16,6|6,26|16,26|-1,-1|-1,-1|-1,-1|29,2|
#setting_targetting_pos=-1,-1|-1,-1|-1,-1|-1,-1|-1,-1|26,16|-1,-1|29,30|
#type=4,4,4,4,4,4,4,0,
........
#10111111111111
#assigned_pet=-1,-1,-1,-1,-1,1,-1,-1,
#assigned_hub=4,3,2,5,6,7,8,-1,
#moving_targetting_pos=-1,-1|16,6|6,26|16,26|-1,-1|-1,-1|-1,-1|29,2|
#setting_targetting_pos=-1,-1|-1,-1|-1,-1|-1,-1|-1,-1|25,17|-1,-1|29,30|
#type=4,4,4,4,4,4,4,0,
........
#10111111111111
#assigned_pet=-1,-1,-1,-1,-1,1,-1,-1,
#assigned_hub=4,3,2,5,6,7,8,-1,
#moving_targetting_pos=-1,-1|16,6|6,26|16,26|-1,-1|-1,-1|-1,-1|29,2|
#setting_targetting_pos=-1,-1|-1,-1|-1,-1|-1,-1|-1,-1|25,17|-1,-1|29,30|
#type=4,4,4,4,4,4,4,0,
........
#10111111111111
#assigned_pet=-1,-1,-1,-1,-1,1,1,-1,
#assigned_hub=4,3,2,5,6,7,8,-1,
#moving_targetting_pos=-1,-1|16,6|6,26|16,26|26,6|-1,-1|-1,-1|29,2|
#setting_targetting_pos=-1,-1|-1,-1|-1,-1|-1,-1|-1,-1|25,18|25,24|29,30|
#type=4,4,4,4,4,4,4,0,
.....RD.
#10111111111111
#assigned_pet=-1,-1,-1,-1,-1,1,1,-1,
#assigned_hub=4,3,2,5,6,7,8,-1,
#moving_targetting_pos=16,16|16,6|6,26|16,26|26,6|-1,-1|-1,-1|29,2|
#setting_targetting_pos=-1,-1|-1,-1|-1,-1|-1,-1|-1,-1|25,18|25,24|29,30|
#type=4,4,4,4,4,4,4,0,
......L.
#11111111111111
#assigned_pet=-1,-1,-1,-1,-1,1,1,-1,
#assigned_hub=4,3,2,5,6,7,8,-1,
#moving_targetting_pos=16,16|16,6|6,26|16,26|26,6|-1,-1|-1,-1|29,2|
#setting_targetting_pos=-1,-1|-1,-1|-1,-1|-1,-1|-1,-1|25,18|25,24|29,30|
#type=4,4,4,4,4,5,5,0,
.....ul.
#11111111111111
#assigned_pet=-1,-1,-1,-1,-1,-1,-1,-1,
#assigned_hub=4,3,2,5,6,7,8,-1,
#moving_targetting_pos=16,16|16,6|6,26|16,26|26,6|26,16|26,26|29,2|
#setting_targetting_pos=-1,-1|-1,-1|-1,-1|-1,-1|-1,-1|-1,-1|-1,-1|29,30|
#type=4,4,4,4,4,4,4,0,
........
#11111111111111
#assigned_pet=-1,-1,-1,-1,-1,-1,-1,-1,
#assigned_hub=4,3,2,5,6,7,8,-1,
#moving_targetting_pos=16,16|16,6|6,26|16,26|26,6|26,16|26,26|29,2|
#setting_targetting_pos=-1,-1|-1,-1|-1,-1|-1,-1|-1,-1|-1,-1|-1,-1|29,30|
#type=4,4,4,4,4,4,4,0,
........
#11111111111111
#assigned_pet=-1,-1,-1,-1,-1,-1,-1,-1,
#assigned_hub=4,3,2,5,6,7,8,-1,
#moving_targetting_pos=16,16|16,6|6,26|16,26|26,6|26,16|26,26|29,2|
#setting_targetting_pos=-1,-1|-1,-1|-1,-1|-1,-1|-1,-1|-1,-1|-1,-1|29,30|
#type=4,4,4,4,4,4,4,0,
........
#11111111111111
#assigned_pet=-1,-1,-1,-1,-1,-1,-1,-1,
#assigned_hub=4,3,2,5,6,7,8,-1,
#moving_targetting_pos=16,16|16,6|6,26|16,26|26,6|26,16|26,26|29,2|
#setting_targetting_pos=-1,-1|-1,-1|-1,-1|-1,-1|-1,-1|-1,-1|-1,-1|29,30|
#type=4,4,4,4,4,4,4,0,
........
#11111111111111
#assigned_pet=-1,-1,-1,-1,-1,-1,-1,-1,
#assigned_hub=4,3,2,5,6,7,8,-1,
#moving_targetting_pos=16,16|16,6|6,26|16,26|26,6|26,16|26,26|29,2|
#setting_targetting_pos=-1,-1|-1,-1|-1,-1|-1,-1|-1,-1|-1,-1|-1,-1|29,30|
#type=4,4,4,4,4,4,4,0,
........
#11111111111111
#assigned_pet=-1,-1,-1,-1,-1,-1,-1,-1,
#assigned_hub=4,3,2,5,6,7,8,-1,
#moving_targetting_pos=16,16|16,6|6,26|16,26|26,6|26,16|26,26|29,2|
#setting_targetting_pos=-1,-1|-1,-1|-1,-1|-1,-1|-1,-1|-1,-1|-1,-1|29,30|
#type=4,4,4,4,4,4,4,0,
........
#11111111111111
#assigned_pet=-1,-1,-1,-1,-1,-1,-1,-1,
#assigned_hub=4,3,2,5,6,7,8,-1,
#moving_targetting_pos=16,16|16,6|6,26|16,26|26,6|26,16|26,26|29,2|
#setting_targetting_pos=-1,-1|-1,-1|-1,-1|-1,-1|-1,-1|-1,-1|-1,-1|29,30|
#type=4,4,4,4,4,4,4,0,
........
#11111111111111
#assigned_pet=-1,-1,-1,-1,-1,-1,-1,-1,
#assigned_hub=4,3,2,5,6,7,8,-1,
#moving_targetting_pos=16,16|16,6|6,26|16,26|26,6|26,16|26,26|29,2|
#setting_targetting_pos=-1,-1|-1,-1|-1,-1|-1,-1|-1,-1|-1,-1|-1,-1|29,30|
#type=4,4,4,4,4,4,4,0,
........
#11111111111111
#assigned_pet=-1,-1,-1,-1,-1,-1,-1,-1,
#assigned_hub=4,3,2,5,6,7,8,-1,
#moving_targetting_pos=16,16|16,6|6,26|16,26|26,6|26,16|26,26|29,2|
#setting_targetting_pos=-1,-1|-1,-1|-1,-1|-1,-1|-1,-1|-1,-1|-1,-1|29,30|
#type=4,4,4,4,4,4,4,0,
........
#11111111111111
#assigned_pet=-1,-1,-1,-1,-1,-1,-1,-1,
#assigned_hub=4,3,2,5,6,7,8,-1,
#moving_targetting_pos=16,16|16,6|6,26|16,26|26,6|26,16|26,26|29,2|
#setting_targetting_pos=-1,-1|-1,-1|-1,-1|-1,-1|-1,-1|-1,-1|-1,-1|29,30|
#type=4,4,4,4,4,4,4,0,
........
#11111111111111
#assigned_pet=-1,-1,-1,-1,-1,-1,-1,-1,
#assigned_hub=4,3,2,5,6,7,8,-1,
#moving_targetting_pos=16,16|16,6|6,26|16,26|26,6|26,16|26,26|29,2|
#setting_targetting_pos=-1,-1|-1,-1|-1,-1|-1,-1|-1,-1|-1,-1|-1,-1|29,30|
#type=4,4,4,4,4,4,4,0,
........
#11111111111111
#assigned_pet=-1,-1,-1,-1,-1,-1,-1,-1,
#assigned_hub=4,3,2,5,6,7,8,-1,
#moving_targetting_pos=16,16|16,6|6,26|16,26|26,6|26,16|26,26|29,2|
#setting_targetting_pos=-1,-1|-1,-1|-1,-1|-1,-1|-1,-1|-1,-1|-1,-1|29,30|
#type=4,4,4,4,4,4,4,0,
........
#11111111111111
#assigned_pet=-1,-1,-1,-1,-1,-1,-1,-1,
#assigned_hub=4,3,2,5,6,7,8,-1,
#moving_targetting_pos=16,16|16,6|6,26|16,26|26,6|26,16|26,26|29,2|
#setting_targetting_pos=-1,-1|-1,-1|-1,-1|-1,-1|-1,-1|-1,-1|-1,-1|29,30|
#type=4,4,4,4,4,4,4,0,
........
#11111111111111
#assigned_pet=-1,-1,-1,-1,-1,-1,-1,-1,
#assigned_hub=4,3,2,5,6,7,8,-1,
#moving_targetting_pos=16,16|16,6|6,26|16,26|26,6|26,16|26,26|29,2|
#setting_targetting_pos=-1,-1|-1,-1|-1,-1|-1,-1|-1,-1|-1,-1|-1,-1|29,30|
#type=4,4,4,4,4,4,4,0,
........
#11111111111111
#assigned_pet=-1,-1,-1,-1,-1,-1,-1,-1,
#assigned_hub=4,3,2,5,6,7,8,-1,
#moving_targetting_pos=16,16|16,6|6,26|16,26|26,6|26,16|26,26|29,2|
#setting_targetting_pos=-1,-1|-1,-1|-1,-1|-1,-1|-1,-1|-1,-1|-1,-1|29,30|
#type=4,4,4,4,4,4,4,0,
........
#11111111111111
#assigned_pet=-1,-1,-1,-1,-1,-1,-1,-1,
#assigned_hub=4,3,2,5,6,7,8,-1,
#moving_targetting_pos=16,16|16,6|6,26|16,26|26,6|26,16|26,26|29,2|
#setting_targetting_pos=-1,-1|-1,-1|-1,-1|-1,-1|-1,-1|-1,-1|-1,-1|29,30|
#type=4,4,4,4,4,4,4,0,
........
#11111111111111
#assigned_pet=-1,-1,-1,-1,-1,-1,-1,-1,
#assigned_hub=4,3,2,5,6,7,8,-1,
#moving_targetting_pos=16,16|16,6|6,26|16,26|26,6|26,16|26,26|29,2|
#setting_targetting_pos=-1,-1|-1,-1|-1,-1|-1,-1|-1,-1|-1,-1|-1,-1|29,30|
#type=4,4,4,4,4,4,4,0,
........
#11111111111111
#assigned_pet=-1,-1,-1,-1,-1,-1,-1,-1,
#assigned_hub=4,3,2,5,6,7,8,-1,
#moving_targetting_pos=16,16|16,6|6,26|16,26|26,6|26,16|26,26|29,2|
#setting_targetting_pos=-1,-1|-1,-1|-1,-1|-1,-1|-1,-1|-1,-1|-1,-1|29,30|
#type=4,4,4,4,4,4,4,0,
........
#11111111111111
#assigned_pet=-1,-1,-1,-1,-1,-1,-1,-1,
#assigned_hub=4,3,2,5,6,7,8,-1,
#moving_targetting_pos=16,16|16,6|6,26|16,26|26,6|26,16|26,26|29,2|
#setting_targetting_pos=-1,-1|-1,-1|-1,-1|-1,-1|-1,-1|-1,-1|-1,-1|29,30|
#type=4,4,4,4,4,4,4,0,
........
#11111111111111
#assigned_pet=-1,-1,-1,-1,-1,-1,-1,-1,
#assigned_hub=4,3,2,5,6,7,8,-1,
#moving_targetting_pos=16,16|16,6|6,26|16,26|26,6|26,16|26,26|29,2|
#setting_targetting_pos=-1,-1|-1,-1|-1,-1|-1,-1|-1,-1|-1,-1|-1,-1|29,30|
#type=4,4,4,4,4,4,4,0,
........
#11111111111111
#assigned_pet=-1,-1,-1,-1,-1,-1,-1,-1,
#assigned_hub=4,3,2,5,6,7,8,-1,
#moving_targetting_pos=16,16|16,6|6,26|16,26|26,6|26,16|26,26|29,2|
#setting_targetting_pos=-1,-1|-1,-1|-1,-1|-1,-1|-1,-1|-1,-1|-1,-1|29,30|
#type=4,4,4,4,4,4,4,0,
........
#11111111111111
#assigned_pet=-1,-1,-1,-1,-1,-1,-1,-1,
#assigned_hub=4,3,2,5,6,7,8,-1,
#moving_targetting_pos=16,16|16,6|6,26|16,26|26,6|26,16|26,26|29,2|
#setting_targetting_pos=-1,-1|-1,-1|-1,-1|-1,-1|-1,-1|-1,-1|-1,-1|29,30|
#type=4,4,4,4,4,4,4,0,
........
#11111111111111
#assigned_pet=-1,-1,-1,-1,-1,-1,-1,-1,
#assigned_hub=4,3,2,5,6,7,8,-1,
#moving_targetting_pos=16,16|16,6|6,26|16,26|26,6|26,16|26,26|29,2|
#setting_targetting_pos=-1,-1|-1,-1|-1,-1|-1,-1|-1,-1|-1,-1|-1,-1|29,30|
#type=4,4,4,4,4,4,4,0,
........
#11111111111111
#assigned_pet=-1,-1,-1,-1,-1,-1,-1,-1,
#assigned_hub=4,3,2,5,6,7,8,-1,
#moving_targetting_pos=16,16|16,6|6,26|16,26|26,6|26,16|26,26|29,2|
#setting_targetting_pos=-1,-1|-1,-1|-1,-1|-1,-1|-1,-1|-1,-1|-1,-1|29,30|
#type=4,4,4,4,4,4,4,0,
........
#11111111111111
#assigned_pet=-1,-1,-1,-1,-1,-1,-1,-1,
#assigned_hub=4,3,2,5,6,7,8,-1,
#moving_targetting_pos=16,16|16,6|6,26|16,26|26,6|26,16|26,26|29,2|
#setting_targetting_pos=-1,-1|-1,-1|-1,-1|-1,-1|-1,-1|-1,-1|-1,-1|29,30|
#type=4,4,4,4,4,4,4,0,
........
#11111111111111
#assigned_pet=-1,-1,-1,-1,-1,-1,-1,-1,
#assigned_hub=4,3,2,5,6,7,8,-1,
#moving_targetting_pos=16,16|16,6|6,26|16,26|26,6|26,16|26,26|29,2|
#setting_targetting_pos=-1,-1|-1,-1|-1,-1|-1,-1|-1,-1|-1,-1|-1,-1|29,30|
#type=4,4,4,4,4,4,4,0,
........
#11111111111111
#assigned_pet=-1,-1,-1,-1,-1,-1,-1,-1,
#assigned_hub=4,3,2,5,6,7,8,-1,
#moving_targetting_pos=16,16|16,6|6,26|16,26|26,6|26,16|26,26|29,2|
#setting_targetting_pos=-1,-1|-1,-1|-1,-1|-1,-1|-1,-1|-1,-1|-1,-1|29,30|
#type=4,4,4,4,4,4,4,0,
........
#11111111111111
#assigned_pet=-1,-1,-1,-1,-1,-1,-1,-1,
#assigned_hub=4,3,2,5,6,7,8,-1,
#moving_targetting_pos=16,16|16,6|6,26|16,26|26,6|26,16|26,26|29,2|
#setting_targetting_pos=-1,-1|-1,-1|-1,-1|-1,-1|-1,-1|-1,-1|-1,-1|29,30|
#type=4,4,4,4,4,4,4,0,
........
#11111111111111
#assigned_pet=-1,-1,-1,-1,-1,-1,-1,-1,
#assigned_hub=4,3,2,5,6,7,8,-1,
#moving_targetting_pos=16,16|16,6|6,26|16,26|26,6|26,16|26,26|29,2|
#setting_targetting_pos=-1,-1|-1,-1|-1,-1|-1,-1|-1,-1|-1,-1|-1,-1|29,30|
#type=4,4,4,4,4,4,4,0,
........
#11111111111111
#assigned_pet=-1,-1,-1,-1,-1,-1,-1,-1,
#assigned_hub=4,3,2,5,6,7,8,-1,
#moving_targetting_pos=16,16|16,6|6,26|16,26|26,6|26,16|26,26|29,2|
#setting_targetting_pos=-1,-1|-1,-1|-1,-1|-1,-1|-1,-1|-1,-1|-1,-1|29,30|
#type=4,4,4,4,4,4,4,0,
........
#11111111111111
#assigned_pet=-1,-1,-1,-1,-1,-1,-1,-1,
#assigned_hub=4,3,2,5,6,7,8,-1,
#moving_targetting_pos=16,16|16,6|6,26|16,26|26,6|26,16|26,26|29,2|
#setting_targetting_pos=-1,-1|-1,-1|-1,-1|-1,-1|-1,-1|-1,-1|-1,-1|29,30|
#type=4,4,4,4,4,4,4,0,
........
#11111111111111
#assigned_pet=-1,-1,-1,-1,-1,-1,-1,-1,
#assigned_hub=4,3,2,5,6,7,8,-1,
#moving_targetting_pos=16,16|16,6|6,26|16,26|26,6|26,16|26,26|29,2|
#setting_targetting_pos=-1,-1|-1,-1|-1,-1|-1,-1|-1,-1|-1,-1|-1,-1|29,30|
#type=4,4,4,4,4,4,4,0,
........
#11111111111111
#assigned_pet=-1,-1,-1,-1,-1,-1,-1,-1,
#assigned_hub=4,3,2,5,6,7,8,-1,
#moving_targetting_pos=16,16|16,6|6,26|16,26|26,6|26,16|26,26|29,2|
#setting_targetting_pos=-1,-1|-1,-1|-1,-1|-1,-1|-1,-1|-1,-1|-1,-1|29,30|
#type=4,4,4,4,4,4,4,0,
........
#11111111111111
#assigned_pet=-1,-1,-1,-1,-1,-1,-1,-1,
#assigned_hub=4,3,2,5,6,7,8,-1,
#moving_targetting_pos=16,16|16,6|6,26|16,26|26,6|26,16|26,26|29,2|
#setting_targetting_pos=-1,-1|-1,-1|-1,-1|-1,-1|-1,-1|-1,-1|-1,-1|29,30|
#type=4,4,4,4,4,4,4,0,
........
#11111111111111
#assigned_pet=-1,-1,-1,-1,-1,-1,-1,-1,
#assigned_hub=4,3,2,5,6,7,8,-1,
#moving_targetting_pos=16,16|16,6|6,26|16,26|26,6|26,16|26,26|29,2|
#setting_targetting_pos=-1,-1|-1,-1|-1,-1|-1,-1|-1,-1|-1,-1|-1,-1|29,30|
#type=4,4,4,4,4,4,4,0,
........
#11111111111111
#assigned_pet=-1,-1,-1,-1,-1,-1,-1,-1,
#assigned_hub=4,3,2,5,6,7,8,-1,
#moving_targetting_pos=16,16|16,6|6,26|16,26|26,6|26,16|26,26|29,2|
#setting_targetting_pos=-1,-1|-1,-1|-1,-1|-1,-1|-1,-1|-1,-1|-1,-1|29,30|
#type=4,4,4,4,4,4,4,0,
........
#11111111111111
#assigned_pet=-1,-1,-1,-1,-1,-1,-1,-1,
#assigned_hub=4,3,2,5,6,7,8,-1,
#moving_targetting_pos=16,16|16,6|6,26|16,26|26,6|26,16|26,26|29,2|
#setting_targetting_pos=-1,-1|-1,-1|-1,-1|-1,-1|-1,-1|-1,-1|-1,-1|29,30|
#type=4,4,4,4,4,4,4,0,
........
#11111111111111
#assigned_pet=-1,-1,-1,-1,-1,-1,-1,-1,
#assigned_hub=4,3,2,5,6,7,8,-1,
#moving_targetting_pos=16,16|16,6|6,26|16,26|26,6|26,16|26,26|29,2|
#setting_targetting_pos=-1,-1|-1,-1|-1,-1|-1,-1|-1,-1|-1,-1|-1,-1|29,30|
#type=4,4,4,4,4,4,4,0,
........
#11111111111111
#assigned_pet=-1,-1,-1,-1,-1,-1,-1,-1,
#assigned_hub=4,3,2,5,6,7,8,-1,
#moving_targetting_pos=16,16|16,6|6,26|16,26|26,6|26,16|26,26|29,2|
#setting_targetting_pos=-1,-1|-1,-1|-1,-1|-1,-1|-1,-1|-1,-1|-1,-1|29,30|
#type=4,4,4,4,4,4,4,0,
........
#11111111111111
#assigned_pet=-1,-1,-1,-1,-1,-1,-1,-1,
#assigned_hub=4,3,2,5,6,7,8,-1,
#moving_targetting_pos=16,16|16,6|6,26|16,26|26,6|26,16|26,26|29,2|
#setting_targetting_pos=-1,-1|-1,-1|-1,-1|-1,-1|-1,-1|-1,-1|-1,-1|29,30|
#type=4,4,4,4,4,4,4,0,
........
#11111111111111
#assigned_pet=-1,-1,-1,-1,-1,-1,-1,-1,
#assigned_hub=4,3,2,5,6,7,8,-1,
#moving_targetting_pos=16,16|16,6|6,26|16,26|26,6|26,16|26,26|29,2|
#setting_targetting_pos=-1,-1|-1,-1|-1,-1|-1,-1|-1,-1|-1,-1|-1,-1|29,30|
#type=4,4,4,4,4,4,4,0,
........
#11111111111111
#assigned_pet=-1,-1,-1,-1,-1,-1,-1,-1,
#assigned_hub=4,3,2,5,6,7,8,-1,
#moving_targetting_pos=16,16|16,6|6,26|16,26|26,6|26,16|26,26|29,2|
#setting_targetting_pos=-1,-1|-1,-1|-1,-1|-1,-1|-1,-1|-1,-1|-1,-1|29,30|
#type=4,4,4,4,4,4,4,0,
........
#11111111111111
#assigned_pet=-1,-1,-1,-1,-1,-1,-1,-1,
#assigned_hub=4,3,2,5,6,7,8,-1,
#moving_targetting_pos=16,16|16,6|6,26|16,26|26,6|26,16|26,26|29,2|
#setting_targetting_pos=-1,-1|-1,-1|-1,-1|-1,-1|-1,-1|-1,-1|-1,-1|29,30|
#type=4,4,4,4,4,4,4,0,
........
#11111111111111
#assigned_pet=-1,-1,-1,-1,-1,-1,-1,-1,
#assigned_hub=4,3,2,5,6,7,8,-1,
#moving_targetting_pos=16,16|16,6|6,26|16,26|26,6|26,16|26,26|29,2|
#setting_targetting_pos=-1,-1|-1,-1|-1,-1|-1,-1|-1,-1|-1,-1|-1,-1|29,30|
#type=4,4,4,4,4,4,4,0,
........
#11111111111111
#assigned_pet=-1,-1,-1,-1,-1,-1,-1,-1,
#assigned_hub=4,3,2,5,6,7,8,-1,
#moving_targetting_pos=16,16|16,6|6,26|16,26|26,6|26,16|26,26|29,2|
#setting_targetting_pos=-1,-1|-1,-1|-1,-1|-1,-1|-1,-1|-1,-1|-1,-1|29,30|
#type=4,4,4,4,4,4,4,0,
........
#11111111111111
#assigned_pet=-1,-1,-1,-1,-1,-1,-1,-1,
#assigned_hub=4,3,2,5,6,7,8,-1,
#moving_targetting_pos=16,16|16,6|6,26|16,26|26,6|26,16|26,26|29,2|
#setting_targetting_pos=-1,-1|-1,-1|-1,-1|-1,-1|-1,-1|-1,-1|-1,-1|29,30|
#type=4,4,4,4,4,4,4,0,
........
#11111111111111
#assigned_pet=-1,-1,-1,-1,-1,-1,-1,-1,
#assigned_hub=4,3,2,5,6,7,8,-1,
#moving_targetting_pos=16,16|16,6|6,26|16,26|26,6|26,16|26,26|29,2|
#setting_targetting_pos=-1,-1|-1,-1|-1,-1|-1,-1|-1,-1|-1,-1|-1,-1|29,30|
#type=4,4,4,4,4,4,4,0,
........
#11111111111111
#assigned_pet=-1,-1,-1,-1,-1,-1,-1,-1,
#assigned_hub=4,3,2,5,6,7,8,-1,
#moving_targetting_pos=16,16|16,6|6,26|16,26|26,6|26,16|26,26|29,2|
#setting_targetting_pos=-1,-1|-1,-1|-1,-1|-1,-1|-1,-1|-1,-1|-1,-1|29,30|
#type=4,4,4,4,4,4,4,0,
........
#11111111111111
#assigned_pet=-1,-1,-1,-1,-1,-1,-1,-1,
#assigned_hub=4,3,2,5,6,7,8,-1,
#moving_targetting_pos=16,16|16,6|6,26|16,26|26,6|26,16|26,26|29,2|
#setting_targetting_pos=-1,-1|-1,-1|-1,-1|-1,-1|-1,-1|-1,-1|-1,-1|29,30|
#type=4,4,4,4,4,4,4,0,
........
#11111111111111
#assigned_pet=-1,-1,-1,-1,-1,-1,-1,-1,
#assigned_hub=4,3,2,5,6,7,8,-1,
#moving_targetting_pos=16,16|16,6|6,26|16,26|26,6|26,16|26,26|29,2|
#setting_targetting_pos=-1,-1|-1,-1|-1,-1|-1,-1|-1,-1|-1,-1|-1,-1|29,30|
#type=4,4,4,4,4,4,4,0,
........
#11111111111111
#assigned_pet=-1,-1,-1,-1,-1,-1,-1,-1,
#assigned_hub=4,3,2,5,6,7,8,-1,
#moving_targetting_pos=16,16|16,6|6,26|16,26|26,6|26,16|26,26|29,2|
#setting_targetting_pos=-1,-1|-1,-1|-1,-1|-1,-1|-1,-1|-1,-1|-1,-1|29,30|
#type=4,4,4,4,4,4,4,0,
........
#11111111111111
#assigned_pet=-1,-1,-1,-1,-1,-1,-1,-1,
#assigned_hub=4,3,2,5,6,7,8,-1,
#moving_targetting_pos=16,16|16,6|6,26|16,26|26,6|26,16|26,26|29,2|
#setting_targetting_pos=-1,-1|-1,-1|-1,-1|-1,-1|-1,-1|-1,-1|-1,-1|29,30|
#type=4,4,4,4,4,4,4,0,
........
#11111111111111
#assigned_pet=-1,-1,-1,-1,-1,-1,-1,-1,
#assigned_hub=4,3,2,5,6,7,8,-1,
#moving_targetting_pos=16,16|16,6|6,26|16,26|26,6|26,16|26,26|29,2|
#setting_targetting_pos=-1,-1|-1,-1|-1,-1|-1,-1|-1,-1|-1,-1|-1,-1|29,30|
#type=4,4,4,4,4,4,4,0,
........
#11111111111111
#assigned_pet=-1,-1,-1,-1,-1,-1,-1,-1,
#assigned_hub=4,3,2,5,6,7,8,-1,
#moving_targetting_pos=16,16|16,6|6,26|16,26|26,6|26,16|26,26|29,2|
#setting_targetting_pos=-1,-1|-1,-1|-1,-1|-1,-1|-1,-1|-1,-1|-1,-1|29,30|
#type=4,4,4,4,4,4,4,0,
........
#11111111111111
#assigned_pet=-1,-1,-1,-1,-1,-1,-1,-1,
#assigned_hub=4,3,2,5,6,7,8,-1,
#moving_targetting_pos=16,16|16,6|6,26|16,26|26,6|26,16|26,26|29,2|
#setting_targetting_pos=-1,-1|-1,-1|-1,-1|-1,-1|-1,-1|-1,-1|-1,-1|29,30|
#type=4,4,4,4,4,4,4,0,
........
#11111111111111
#assigned_pet=-1,-1,-1,-1,-1,-1,-1,-1,
#assigned_hub=4,3,2,5,6,7,8,-1,
#moving_targetting_pos=16,16|16,6|6,26|16,26|26,6|26,16|26,26|29,2|
#setting_targetting_pos=-1,-1|-1,-1|-1,-1|-1,-1|-1,-1|-1,-1|-1,-1|29,30|
#type=4,4,4,4,4,4,4,0,
........
#11111111111111
#assigned_pet=-1,-1,-1,-1,-1,-1,-1,-1,
#assigned_hub=4,3,2,5,6,7,8,-1,
#moving_targetting_pos=16,16|16,6|6,26|16,26|26,6|26,16|26,26|29,2|
#setting_targetting_pos=-1,-1|-1,-1|-1,-1|-1,-1|-1,-1|-1,-1|-1,-1|29,30|
#type=4,4,4,4,4,4,4,0,
........
#11111111111111
#assigned_pet=-1,-1,-1,-1,-1,-1,-1,-1,
#assigned_hub=4,3,2,5,6,7,8,-1,
#moving_targetting_pos=16,16|16,6|6,26|16,26|26,6|26,16|26,26|29,2|
#setting_targetting_pos=-1,-1|-1,-1|-1,-1|-1,-1|-1,-1|-1,-1|-1,-1|29,30|
#type=4,4,4,4,4,4,4,0,
........
#11111111111111
#assigned_pet=-1,-1,-1,-1,-1,-1,-1,-1,
#assigned_hub=4,3,2,5,6,7,8,-1,
#moving_targetting_pos=16,16|16,6|6,26|16,26|26,6|26,16|26,26|29,2|
#setting_targetting_pos=-1,-1|-1,-1|-1,-1|-1,-1|-1,-1|-1,-1|-1,-1|29,30|
#type=4,4,4,4,4,4,4,0,
........
#11111111111111
#assigned_pet=-1,-1,-1,-1,-1,-1,-1,-1,
#assigned_hub=4,3,2,5,6,7,8,-1,
#moving_targetting_pos=16,16|16,6|6,26|16,26|26,6|26,16|26,26|29,2|
#setting_targetting_pos=-1,-1|-1,-1|-1,-1|-1,-1|-1,-1|-1,-1|-1,-1|29,30|
#type=4,4,4,4,4,4,4,0,
........
#11111111111111
#assigned_pet=-1,-1,-1,-1,-1,-1,-1,-1,
#assigned_hub=4,3,2,5,6,7,8,-1,
#moving_targetting_pos=16,16|16,6|6,26|16,26|26,6|26,16|26,26|29,2|
#setting_targetting_pos=-1,-1|-1,-1|-1,-1|-1,-1|-1,-1|-1,-1|-1,-1|29,30|
#type=4,4,4,4,4,4,4,0,
........
#11111111111111
#assigned_pet=-1,-1,-1,-1,-1,-1,-1,-1,
#assigned_hub=4,3,2,5,6,7,8,-1,
#moving_targetting_pos=16,16|16,6|6,26|16,26|26,6|26,16|26,26|29,2|
#setting_targetting_pos=-1,-1|-1,-1|-1,-1|-1,-1|-1,-1|-1,-1|-1,-1|29,30|
#type=4,4,4,4,4,4,4,0,
........
#11111111111111
#assigned_pet=-1,-1,-1,-1,-1,-1,-1,-1,
#assigned_hub=4,3,2,5,6,7,8,-1,
#moving_targetting_pos=16,16|16,6|6,26|16,26|26,6|26,16|26,26|29,2|
#setting_targetting_pos=-1,-1|-1,-1|-1,-1|-1,-1|-1,-1|-1,-1|-1,-1|29,30|
#type=4,4,4,4,4,4,4,0,
........
#11111111111111
#assigned_pet=-1,-1,-1,-1,-1,-1,-1,-1,
#assigned_hub=4,3,2,5,6,7,8,-1,
#moving_targetting_pos=16,16|16,6|6,26|16,26|26,6|26,16|26,26|29,2|
#setting_targetting_pos=-1,-1|-1,-1|-1,-1|-1,-1|-1,-1|-1,-1|-1,-1|29,30|
#type=4,4,4,4,4,4,4,0,
........
#11111111111111
#assigned_pet=-1,-1,-1,-1,-1,-1,-1,-1,
#assigned_hub=4,3,2,5,6,7,8,-1,
#moving_targetting_pos=16,16|16,6|6,26|16,26|26,6|26,16|26,26|29,2|
#setting_targetting_pos=-1,-1|-1,-1|-1,-1|-1,-1|-1,-1|-1,-1|-1,-1|29,30|
#type=4,4,4,4,4,4,4,0,
........
#11111111111111
#assigned_pet=-1,-1,-1,-1,-1,-1,-1,-1,
#assigned_hub=4,3,2,5,6,7,8,-1,
#moving_targetting_pos=16,16|16,6|6,26|16,26|26,6|26,16|26,26|29,2|
#setting_targetting_pos=-1,-1|-1,-1|-1,-1|-1,-1|-1,-1|-1,-1|-1,-1|29,30|
#type=4,4,4,4,4,4,4,0,
........
#11111111111111
#assigned_pet=-1,-1,-1,-1,-1,-1,-1,-1,
#assigned_hub=4,3,2,5,6,7,8,-1,
#moving_targetting_pos=16,16|16,6|6,26|16,26|26,6|26,16|26,26|29,2|
#setting_targetting_pos=-1,-1|-1,-1|-1,-1|-1,-1|-1,-1|-1,-1|-1,-1|29,30|
#type=4,4,4,4,4,4,4,0,
........
#11111111111111
#assigned_pet=-1,-1,-1,-1,-1,-1,-1,-1,
#assigned_hub=4,3,2,5,6,7,8,-1,
#moving_targetting_pos=16,16|16,6|6,26|16,26|26,6|26,16|26,26|29,2|
#setting_targetting_pos=-1,-1|-1,-1|-1,-1|-1,-1|-1,-1|-1,-1|-1,-1|29,30|
#type=4,4,4,4,4,4,4,0,
........
#11111111111111
#assigned_pet=-1,-1,-1,-1,-1,-1,-1,-1,
#assigned_hub=4,3,2,5,6,7,8,-1,
#moving_targetting_pos=16,16|16,6|6,26|16,26|26,6|26,16|26,26|29,2|
#setting_targetting_pos=-1,-1|-1,-1|-1,-1|-1,-1|-1,-1|-1,-1|-1,-1|29,30|
#type=4,4,4,4,4,4,4,0,
........
#11111111111111
#assigned_pet=-1,-1,-1,-1,-1,-1,-1,-1,
#assigned_hub=4,3,2,5,6,7,8,-1,
#moving_targetting_pos=16,16|16,6|6,26|16,26|26,6|26,16|26,26|29,2|
#setting_targetting_pos=-1,-1|-1,-1|-1,-1|-1,-1|-1,-1|-1,-1|-1,-1|29,30|
#type=4,4,4,4,4,4,4,0,
........
#11111111111111
#assigned_pet=-1,-1,-1,-1,-1,-1,-1,-1,
#assigned_hub=4,3,2,5,6,7,8,-1,
#moving_targetting_pos=16,16|16,6|6,26|16,26|26,6|26,16|26,26|29,2|
#setting_targetting_pos=-1,-1|-1,-1|-1,-1|-1,-1|-1,-1|-1,-1|-1,-1|29,30|
#type=4,4,4,4,4,4,4,0,
........
#11111111111111
#assigned_pet=-1,-1,-1,-1,-1,-1,-1,-1,
#assigned_hub=4,3,2,5,6,7,8,-1,
#moving_targetting_pos=16,16|16,6|6,26|16,26|26,6|26,16|26,26|29,2|
#setting_targetting_pos=-1,-1|-1,-1|-1,-1|-1,-1|-1,-1|-1,-1|-1,-1|29,30|
#type=4,4,4,4,4,4,4,0,
........
#11111111111111
#assigned_pet=-1,-1,-1,-1,-1,-1,-1,-1,
#assigned_hub=4,3,2,5,6,7,8,-1,
#moving_targetting_pos=16,16|16,6|6,26|16,26|26,6|26,16|26,26|29,2|
#setting_targetting_pos=-1,-1|-1,-1|-1,-1|-1,-1|-1,-1|-1,-1|-1,-1|29,30|
#type=4,4,4,4,4,4,4,0,
........
#11111111111111
#assigned_pet=-1,-1,-1,-1,-1,-1,-1,-1,
#assigned_hub=4,3,2,5,6,7,8,-1,
#moving_targetting_pos=16,16|16,6|6,26|16,26|26,6|26,16|26,26|29,2|
#setting_targetting_pos=-1,-1|-1,-1|-1,-1|-1,-1|-1,-1|-1,-1|-1,-1|29,30|
#type=4,4,4,4,4,4,4,0,
........
#11111111111111
#assigned_pet=-1,-1,-1,-1,-1,-1,-1,-1,
#assigned_hub=4,3,2,5,6,7,8,-1,
#moving_targetting_pos=16,16|16,6|6,26|16,26|26,6|26,16|26,26|29,2|
#setting_targetting_pos=-1,-1|-1,-1|-1,-1|-1,-1|-1,-1|-1,-1|-1,-1|29,30|
#type=4,4,4,4,4,4,4,0,
........
#11111111111111
#assigned_pet=-1,-1,-1,-1,-1,-1,-1,-1,
#assigned_hub=4,3,2,5,6,7,8,-1,
#moving_targetting_pos=16,16|16,6|6,26|16,26|26,6|26,16|26,26|29,2|
#setting_targetting_pos=-1,-1|-1,-1|-1,-1|-1,-1|-1,-1|-1,-1|-1,-1|29,30|
#type=4,4,4,4,4,4,4,0,
........
#11111111111111
#assigned_pet=-1,-1,-1,-1,-1,-1,-1,-1,
#assigned_hub=4,3,2,5,6,7,8,-1,
#moving_targetting_pos=16,16|16,6|6,26|16,26|26,6|26,16|26,26|29,2|
#setting_targetting_pos=-1,-1|-1,-1|-1,-1|-1,-1|-1,-1|-1,-1|-1,-1|29,30|
#type=4,4,4,4,4,4,4,0,
........
#11111111111111
#assigned_pet=-1,-1,-1,-1,-1,-1,-1,-1,
#assigned_hub=4,3,2,5,6,7,8,-1,
#moving_targetting_pos=16,16|16,6|6,26|16,26|26,6|26,16|26,26|29,2|
#setting_targetting_pos=-1,-1|-1,-1|-1,-1|-1,-1|-1,-1|-1,-1|-1,-1|29,30|
#type=4,4,4,4,4,4,4,0,
........
#11111111111111
#assigned_pet=-1,-1,-1,-1,-1,-1,-1,-1,
#assigned_hub=4,3,2,5,6,7,8,-1,
#moving_targetting_pos=16,16|16,6|6,26|16,26|26,6|26,16|26,26|29,2|
#setting_targetting_pos=-1,-1|-1,-1|-1,-1|-1,-1|-1,-1|-1,-1|-1,-1|29,30|
#type=4,4,4,4,4,4,4,0,
........
#11111111111111
#assigned_pet=-1,-1,-1,-1,-1,-1,-1,-1,
#assigned_hub=4,3,2,5,6,7,8,-1,
#moving_targetting_pos=16,16|16,6|6,26|16,26|26,6|26,16|26,26|29,2|
#setting_targetting_pos=-1,-1|-1,-1|-1,-1|-1,-1|-1,-1|-1,-1|-1,-1|29,30|
#type=4,4,4,4,4,4,4,0,
........
#11111111111111
#assigned_pet=-1,-1,-1,-1,-1,-1,-1,-1,
#assigned_hub=4,3,2,5,6,7,8,-1,
#moving_targetting_pos=16,16|16,6|6,26|16,26|26,6|26,16|26,26|29,2|
#setting_targetting_pos=-1,-1|-1,-1|-1,-1|-1,-1|-1,-1|-1,-1|-1,-1|29,30|
#type=4,4,4,4,4,4,4,0,
........
#11111111111111
#assigned_pet=-1,-1,-1,-1,-1,-1,-1,-1,
#assigned_hub=4,3,2,5,6,7,8,-1,
#moving_targetting_pos=16,16|16,6|6,26|16,26|26,6|26,16|26,26|29,2|
#setting_targetting_pos=-1,-1|-1,-1|-1,-1|-1,-1|-1,-1|-1,-1|-1,-1|29,30|
#type=4,4,4,4,4,4,4,0,
........
#11111111111111
#assigned_pet=-1,-1,-1,-1,-1,-1,-1,-1,
#assigned_hub=4,3,2,5,6,7,8,-1,
#moving_targetting_pos=16,16|16,6|6,26|16,26|26,6|26,16|26,26|29,2|
#setting_targetting_pos=-1,-1|-1,-1|-1,-1|-1,-1|-1,-1|-1,-1|-1,-1|29,30|
#type=4,4,4,4,4,4,4,0,
........
#11111111111111
#assigned_pet=-1,-1,-1,-1,-1,-1,-1,-1,
#assigned_hub=4,3,2,5,6,7,8,-1,
#moving_targetting_pos=16,16|16,6|6,26|16,26|26,6|26,16|26,26|29,2|
#setting_targetting_pos=-1,-1|-1,-1|-1,-1|-1,-1|-1,-1|-1,-1|-1,-1|29,30|
#type=4,4,4,4,4,4,4,0,
........
#11111111111111
#assigned_pet=-1,-1,-1,-1,-1,-1,-1,-1,
#assigned_hub=4,3,2,5,6,7,8,-1,
#moving_targetting_pos=16,16|16,6|6,26|16,26|26,6|26,16|26,26|29,2|
#setting_targetting_pos=-1,-1|-1,-1|-1,-1|-1,-1|-1,-1|-1,-1|-1,-1|29,30|
#type=4,4,4,4,4,4,4,0,
........
#11111111111111
#assigned_pet=-1,-1,-1,-1,-1,-1,-1,-1,
#assigned_hub=4,3,2,5,6,7,8,-1,
#moving_targetting_pos=16,16|16,6|6,26|16,26|26,6|26,16|26,26|29,2|
#setting_targetting_pos=-1,-1|-1,-1|-1,-1|-1,-1|-1,-1|-1,-1|-1,-1|29,30|
#type=4,4,4,4,4,4,4,0,
........
#11111111111111
#assigned_pet=-1,-1,-1,-1,-1,-1,-1,-1,
#assigned_hub=4,3,2,5,6,7,8,-1,
#moving_targetting_pos=16,16|16,6|6,26|16,26|26,6|26,16|26,26|29,2|
#setting_targetting_pos=-1,-1|-1,-1|-1,-1|-1,-1|-1,-1|-1,-1|-1,-1|29,30|
#type=4,4,4,4,4,4,4,0,
........
#11111111111111
#assigned_pet=-1,-1,-1,-1,-1,-1,-1,-1,
#assigned_hub=4,3,2,5,6,7,8,-1,
#moving_targetting_pos=16,16|16,6|6,26|16,26|26,6|26,16|26,26|29,2|
#setting_targetting_pos=-1,-1|-1,-1|-1,-1|-1,-1|-1,-1|-1,-1|-1,-1|29,30|
#type=4,4,4,4,4,4,4,0,
........
#11111111111111
#assigned_pet=-1,-1,-1,-1,-1,-1,-1,-1,
#assigned_hub=4,3,2,5,6,7,8,-1,
#moving_targetting_pos=16,16|16,6|6,26|16,26|26,6|26,16|26,26|29,2|
#setting_targetting_pos=-1,-1|-1,-1|-1,-1|-1,-1|-1,-1|-1,-1|-1,-1|29,30|
#type=4,4,4,4,4,4,4,0,
........
#11111111111111
#assigned_pet=-1,-1,-1,-1,-1,-1,-1,-1,
#assigned_hub=4,3,2,5,6,7,8,-1,
#moving_targetting_pos=16,16|16,6|6,26|16,26|26,6|26,16|26,26|29,2|
#setting_targetting_pos=-1,-1|-1,-1|-1,-1|-1,-1|-1,-1|-1,-1|-1,-1|29,30|
#type=4,4,4,4,4,4,4,0,
........
#11111111111111
#assigned_pet=-1,-1,-1,-1,-1,-1,-1,-1,
#assigned_hub=4,3,2,5,6,7,8,-1,
#moving_targetting_pos=16,16|16,6|6,26|16,26|26,6|26,16|26,26|29,2|
#setting_targetting_pos=-1,-1|-1,-1|-1,-1|-1,-1|-1,-1|-1,-1|-1,-1|29,30|
#type=4,4,4,4,4,4,4,0,
........
#11111111111111
#assigned_pet=-1,-1,-1,-1,-1,-1,-1,-1,
#assigned_hub=4,3,2,5,6,7,8,-1,
#moving_targetting_pos=16,16|16,6|6,26|16,26|26,6|26,16|26,26|29,2|
#setting_targetting_pos=-1,-1|-1,-1|-1,-1|-1,-1|-1,-1|-1,-1|-1,-1|29,30|
#type=4,4,4,4,4,4,4,0,
........
#11111111111111
#assigned_pet=-1,-1,-1,-1,-1,-1,-1,-1,
#assigned_hub=4,3,2,5,6,7,8,-1,
#moving_targetting_pos=16,16|16,6|6,26|16,26|26,6|26,16|26,26|29,2|
#setting_targetting_pos=-1,-1|-1,-1|-1,-1|-1,-1|-1,-1|-1,-1|-1,-1|29,30|
#type=4,4,4,4,4,4,4,0,
........
#11111111111111
#assigned_pet=-1,-1,-1,-1,-1,-1,-1,-1,
#assigned_hub=4,3,2,5,6,7,8,-1,
#moving_targetting_pos=16,16|16,6|6,26|16,26|26,6|26,16|26,26|29,2|
#setting_targetting_pos=-1,-1|-1,-1|-1,-1|-1,-1|-1,-1|-1,-1|-1,-1|29,30|
#type=4,4,4,4,4,4,4,0,
........
#11111111111111
#assigned_pet=-1,-1,-1,-1,-1,-1,-1,-1,
#assigned_hub=4,3,2,5,6,7,8,-1,
#moving_targetting_pos=16,16|16,6|6,26|16,26|26,6|26,16|26,26|29,2|
#setting_targetting_pos=-1,-1|-1,-1|-1,-1|-1,-1|-1,-1|-1,-1|-1,-1|29,30|
#type=4,4,4,4,4,4,4,0,
........
#11111111111111
#assigned_pet=-1,-1,-1,-1,-1,-1,-1,-1,
#assigned_hub=4,3,2,5,6,7,8,-1,
#moving_targetting_pos=16,16|16,6|6,26|16,26|26,6|26,16|26,26|29,2|
#setting_targetting_pos=-1,-1|-1,-1|-1,-1|-1,-1|-1,-1|-1,-1|-1,-1|29,30|
#type=4,4,4,4,4,4,4,0,
........
#11111111111111
#assigned_pet=-1,-1,-1,-1,-1,-1,-1,-1,
#assigned_hub=4,3,2,5,6,7,8,-1,
#moving_targetting_pos=16,16|16,6|6,26|16,26|26,6|26,16|26,26|29,2|
#setting_targetting_pos=-1,-1|-1,-1|-1,-1|-1,-1|-1,-1|-1,-1|-1,-1|29,30|
#type=4,4,4,4,4,4,4,0,
........
#11111111111111
#assigned_pet=-1,-1,-1,-1,-1,-1,-1,-1,
#assigned_hub=4,3,2,5,6,7,8,-1,
#moving_targetting_pos=16,16|16,6|6,26|16,26|26,6|26,16|26,26|29,2|
#setting_targetting_pos=-1,-1|-1,-1|-1,-1|-1,-1|-1,-1|-1,-1|-1,-1|29,30|
#type=4,4,4,4,4,4,4,0,
........
#11111111111111
#assigned_pet=-1,-1,-1,-1,-1,-1,-1,-1,
#assigned_hub=4,3,2,5,6,7,8,-1,
#moving_targetting_pos=16,16|16,6|6,26|16,26|26,6|26,16|26,26|29,2|
#setting_targetting_pos=-1,-1|-1,-1|-1,-1|-1,-1|-1,-1|-1,-1|-1,-1|29,30|
#type=4,4,4,4,4,4,4,0,
........
#11111111111111
#assigned_pet=-1,-1,-1,-1,-1,-1,-1,-1,
#assigned_hub=4,3,2,5,6,7,8,-1,
#moving_targetting_pos=16,16|16,6|6,26|16,26|26,6|26,16|26,26|29,2|
#setting_targetting_pos=-1,-1|-1,-1|-1,-1|-1,-1|-1,-1|-1,-1|-1,-1|29,30|
#type=4,4,4,4,4,4,4,0,
........
#11111111111111
#assigned_pet=-1,-1,-1,-1,-1,-1,-1,-1,
#assigned_hub=4,3,2,5,6,7,8,-1,
#moving_targetting_pos=16,16|16,6|6,26|16,26|26,6|26,16|26,26|29,2|
#setting_targetting_pos=-1,-1|-1,-1|-1,-1|-1,-1|-1,-1|-1,-1|-1,-1|29,30|
#type=4,4,4,4,4,4,4,0,
........
#11111111111111
#assigned_pet=-1,-1,-1,-1,-1,-1,-1,-1,
#assigned_hub=4,3,2,5,6,7,8,-1,
#moving_targetting_pos=16,16|16,6|6,26|16,26|26,6|26,16|26,26|29,2|
#setting_targetting_pos=-1,-1|-1,-1|-1,-1|-1,-1|-1,-1|-1,-1|-1,-1|29,30|
#type=4,4,4,4,4,4,4,0,
........
#11111111111111
#assigned_pet=-1,-1,-1,-1,-1,-1,-1,-1,
#assigned_hub=4,3,2,5,6,7,8,-1,
#moving_targetting_pos=16,16|16,6|6,26|16,26|26,6|26,16|26,26|29,2|
#setting_targetting_pos=-1,-1|-1,-1|-1,-1|-1,-1|-1,-1|-1,-1|-1,-1|29,30|
#type=4,4,4,4,4,4,4,0,
........
#11111111111111
#assigned_pet=-1,-1,-1,-1,-1,-1,-1,-1,
#assigned_hub=4,3,2,5,6,7,8,-1,
#moving_targetting_pos=16,16|16,6|6,26|16,26|26,6|26,16|26,26|29,2|
#setting_targetting_pos=-1,-1|-1,-1|-1,-1|-1,-1|-1,-1|-1,-1|-1,-1|29,30|
#type=4,4,4,4,4,4,4,0,
........
#11111111111111
#assigned_pet=-1,-1,-1,-1,-1,-1,-1,-1,
#assigned_hub=4,3,2,5,6,7,8,-1,
#moving_targetting_pos=16,16|16,6|6,26|16,26|26,6|26,16|26,26|29,2|
#setting_targetting_pos=-1,-1|-1,-1|-1,-1|-1,-1|-1,-1|-1,-1|-1,-1|29,30|
#type=4,4,4,4,4,4,4,0,
........
#11111111111111
#assigned_pet=-1,-1,-1,-1,-1,-1,-1,-1,
#assigned_hub=4,3,2,5,6,7,8,-1,
#moving_targetting_pos=16,16|16,6|6,26|16,26|26,6|26,16|26,26|29,2|
#setting_targetting_pos=-1,-1|-1,-1|-1,-1|-1,-1|-1,-1|-1,-1|-1,-1|29,30|
#type=4,4,4,4,4,4,4,0,
........
#11111111111111
#assigned_pet=-1,-1,-1,-1,-1,-1,-1,-1,
#assigned_hub=4,3,2,5,6,7,8,-1,
#moving_targetting_pos=16,16|16,6|6,26|16,26|26,6|26,16|26,26|29,2|
#setting_targetting_pos=-1,-1|-1,-1|-1,-1|-1,-1|-1,-1|-1,-1|-1,-1|29,30|
#type=4,4,4,4,4,4,4,0,
........
#11111111111111
#assigned_pet=-1,-1,-1,-1,-1,-1,-1,-1,
#assigned_hub=4,3,2,5,6,7,8,-1,
#moving_targetting_pos=16,16|16,6|6,26|16,26|26,6|26,16|26,26|29,2|
#setting_targetting_pos=-1,-1|-1,-1|-1,-1|-1,-1|-1,-1|-1,-1|-1,-1|29,30|
#type=4,4,4,4,4,4,4,0,
........
#11111111111111
#assigned_pet=-1,-1,-1,-1,-1,-1,-1,-1,
#assigned_hub=4,3,2,5,6,7,8,-1,
#moving_targetting_pos=16,16|16,6|6,26|16,26|26,6|26,16|26,26|29,2|
#setting_targetting_pos=-1,-1|-1,-1|-1,-1|-1,-1|-1,-1|-1,-1|-1,-1|29,30|
#type=4,4,4,4,4,4,4,0,
........
#11111111111111
#assigned_pet=-1,-1,-1,-1,-1,-1,-1,-1,
#assigned_hub=4,3,2,5,6,7,8,-1,
#moving_targetting_pos=16,16|16,6|6,26|16,26|26,6|26,16|26,26|29,2|
#setting_targetting_pos=-1,-1|-1,-1|-1,-1|-1,-1|-1,-1|-1,-1|-1,-1|29,30|
#type=4,4,4,4,4,4,4,0,
........
#11111111111111
#assigned_pet=-1,-1,-1,-1,-1,-1,-1,-1,
#assigned_hub=4,3,2,5,6,7,8,-1,
#moving_targetting_pos=16,16|16,6|6,26|16,26|26,6|26,16|26,26|29,2|
#setting_targetting_pos=-1,-1|-1,-1|-1,-1|-1,-1|-1,-1|-1,-1|-1,-1|29,30|
#type=4,4,4,4,4,4,4,0,
........
#11111111111111
#assigned_pet=-1,-1,-1,-1,-1,-1,-1,-1,
#assigned_hub=4,3,2,5,6,7,8,-1,
#moving_targetting_pos=16,16|16,6|6,26|16,26|26,6|26,16|26,26|29,2|
#setting_targetting_pos=-1,-1|-1,-1|-1,-1|-1,-1|-1,-1|-1,-1|-1,-1|29,30|
#type=4,4,4,4,4,4,4,0,
........
#11111111111111
#assigned_pet=-1,-1,-1,-1,-1,-1,-1,-1,
#assigned_hub=4,3,2,5,6,7,8,-1,
#moving_targetting_pos=16,16|16,6|6,26|16,26|26,6|26,16|26,26|29,2|
#setting_targetting_pos=-1,-1|-1,-1|-1,-1|-1,-1|-1,-1|-1,-1|-1,-1|29,30|
#type=4,4,4,4,4,4,4,0,
........
#11111111111111
#assigned_pet=-1,-1,-1,-1,-1,-1,-1,-1,
#assigned_hub=4,3,2,5,6,7,8,-1,
#moving_targetting_pos=16,16|16,6|6,26|16,26|26,6|26,16|26,26|29,2|
#setting_targetting_pos=-1,-1|-1,-1|-1,-1|-1,-1|-1,-1|-1,-1|-1,-1|29,30|
#type=4,4,4,4,4,4,4,0,
........
#11111111111111
#assigned_pet=-1,-1,-1,-1,-1,-1,-1,-1,
#assigned_hub=4,3,2,5,6,7,8,-1,
#moving_targetting_pos=16,16|16,6|6,26|16,26|26,6|26,16|26,26|29,2|
#setting_targetting_pos=-1,-1|-1,-1|-1,-1|-1,-1|-1,-1|-1,-1|-1,-1|29,30|
#type=4,4,4,4,4,4,4,0,
........
#11111111111111
#assigned_pet=-1,-1,-1,-1,-1,-1,-1,-1,
#assigned_hub=4,3,2,5,6,7,8,-1,
#moving_targetting_pos=16,16|16,6|6,26|16,26|26,6|26,16|26,26|29,2|
#setting_targetting_pos=-1,-1|-1,-1|-1,-1|-1,-1|-1,-1|-1,-1|-1,-1|29,30|
#type=4,4,4,4,4,4,4,0,
........
#11111111111111
#assigned_pet=-1,-1,-1,-1,-1,-1,-1,-1,
#assigned_hub=4,3,2,5,6,7,8,-1,
#moving_targetting_pos=16,16|16,6|6,26|16,26|26,6|26,16|26,26|29,2|
#setting_targetting_pos=-1,-1|-1,-1|-1,-1|-1,-1|-1,-1|-1,-1|-1,-1|29,30|
#type=4,4,4,4,4,4,4,0,
........
#11111111111111
#assigned_pet=-1,-1,-1,-1,-1,-1,-1,-1,
#assigned_hub=4,3,2,5,6,7,8,-1,
#moving_targetting_pos=16,16|16,6|6,26|16,26|26,6|26,16|26,26|29,2|
#setting_targetting_pos=-1,-1|-1,-1|-1,-1|-1,-1|-1,-1|-1,-1|-1,-1|29,30|
#type=4,4,4,4,4,4,4,0,
........
#11111111111111
#assigned_pet=-1,-1,-1,-1,-1,-1,-1,-1,
#assigned_hub=4,3,2,5,6,7,8,-1,
#moving_targetting_pos=16,16|16,6|6,26|16,26|26,6|26,16|26,26|29,2|
#setting_targetting_pos=-1,-1|-1,-1|-1,-1|-1,-1|-1,-1|-1,-1|-1,-1|29,30|
#type=4,4,4,4,4,4,4,0,
........
#11111111111111
#assigned_pet=-1,-1,-1,-1,-1,-1,-1,-1,
#assigned_hub=4,3,2,5,6,7,8,-1,
#moving_targetting_pos=16,16|16,6|6,26|16,26|26,6|26,16|26,26|29,2|
#setting_targetting_pos=-1,-1|-1,-1|-1,-1|-1,-1|-1,-1|-1,-1|-1,-1|29,30|
#type=4,4,4,4,4,4,4,0,
........
#11111111111111
#assigned_pet=-1,-1,-1,-1,-1,-1,-1,-1,
#assigned_hub=4,3,2,5,6,7,8,-1,
#moving_targetting_pos=16,16|16,6|6,26|16,26|26,6|26,16|26,26|29,2|
#setting_targetting_pos=-1,-1|-1,-1|-1,-1|-1,-1|-1,-1|-1,-1|-1,-1|29,30|
#type=4,4,4,4,4,4,4,0,
........
#11111111111111
#assigned_pet=-1,-1,-1,-1,-1,-1,-1,-1,
#assigned_hub=4,3,2,5,6,7,8,-1,
#moving_targetting_pos=16,16|16,6|6,26|16,26|26,6|26,16|26,26|29,2|
#setting_targetting_pos=-1,-1|-1,-1|-1,-1|-1,-1|-1,-1|-1,-1|-1,-1|29,30|
#type=4,4,4,4,4,4,4,0,
........
#11111111111111
#assigned_pet=-1,-1,-1,-1,-1,-1,-1,-1,
#assigned_hub=4,3,2,5,6,7,8,-1,
#moving_targetting_pos=16,16|16,6|6,26|16,26|26,6|26,16|26,26|29,2|
#setting_targetting_pos=-1,-1|-1,-1|-1,-1|-1,-1|-1,-1|-1,-1|-1,-1|29,30|
#type=4,4,4,4,4,4,4,0,
........
#11111111111111
#assigned_pet=-1,-1,-1,-1,-1,-1,-1,-1,
#assigned_hub=4,3,2,5,6,7,8,-1,
#moving_targetting_pos=16,16|16,6|6,26|16,26|26,6|26,16|26,26|29,2|
#setting_targetting_pos=-1,-1|-1,-1|-1,-1|-1,-1|-1,-1|-1,-1|-1,-1|29,30|
#type=4,4,4,4,4,4,4,0,
........
#11111111111111
#assigned_pet=-1,-1,-1,-1,-1,-1,-1,-1,
#assigned_hub=4,3,2,5,6,7,8,-1,
#moving_targetting_pos=16,16|16,6|6,26|16,26|26,6|26,16|26,26|29,2|
#setting_targetting_pos=-1,-1|-1,-1|-1,-1|-1,-1|-1,-1|-1,-1|-1,-1|29,30|
#type=4,4,4,4,4,4,4,0,
........
#11111111111111
#assigned_pet=-1,-1,-1,-1,-1,-1,-1,-1,
#assigned_hub=4,3,2,5,6,7,8,-1,
#moving_targetting_pos=16,16|16,6|6,26|16,26|26,6|26,16|26,26|29,2|
#setting_targetting_pos=-1,-1|-1,-1|-1,-1|-1,-1|-1,-1|-1,-1|-1,-1|29,30|
#type=4,4,4,4,4,4,4,0,
........
