#000000000000
#assigned_pet=-1,-1,-1,-1,-1,-1,-1,-1,
#assigned_hub=-1,-1,-1,-1,-1,-1,-1,-1,
#moving_targetting_pos=12,1|5,30|29,2|9,30|19,2|15,30|25,1|22,29|
#setting_targetting_pos=12,29|5,1|29,30|9,2|19,30|15,1|25,30|22,1|
#type=1,1,1,1,1,1,1,1,
LRLRLDLR
#000000000000
#assigned_pet=-1,-1,-1,-1,-1,-1,-1,-1,
#assigned_hub=-1,-1,-1,-1,-1,-1,-1,-1,
#moving_targetting_pos=12,1|5,30|29,2|9,30|19,2|15,30|25,1|22,29|
#setting_targetting_pos=12,29|5,1|29,30|9,2|19,30|15,1|25,30|22,1|
#type=1,1,1,1,1,2,1,1,
LRLRLdLR
#000000000000
#assigned_pet=-1,-1,-1,-1,-1,-1,-1,-1,
#assigned_hub=-1,-1,-1,-1,-1,-1,-1,-1,
#moving_targetting_pos=12,1|5,30|29,2|9,30|19,2|15,30|25,1|22,29|
#setting_targetting_pos=12,29|5,1|29,30|9,2|19,30|15,1|25,30|22,1|
#type=1,1,1,1,2,2,1,1,
LRLRdLLR
#000000000000
#assigned_pet=-1,-1,-1,-1,-1,-1,-1,-1,
#assigned_hub=-1,-1,-1,-1,-1,-1,-1,-1,
#moving_targetting_pos=12,1|5,30|29,2|9,30|19,2|15,30|25,1|22,29|
#setting_targetting_pos=12,29|5,1|29,30|9,2|19,30|15,1|25,30|22,1|
#type=1,1,1,1,2,2,1,1,
LRLDRdLR
#000000000000
#assigned_pet=-1,-1,-1,-1,-1,-1,-1,-1,
#assigned_hub=-1,-1,-1,-1,-1,-1,-1,-1,
#moving_targetting_pos=12,1|5,30|29,2|9,30|19,2|15,30|25,1|22,29|
#setting_targetting_pos=12,29|5,1|29,30|9,2|19,30|15,1|25,30|22,1|
#type=1,1,1,2,2,2,1,1,
LRLdRLLR
#000000000000
#assigned_pet=-1,-1,-1,-1,-1,-1,-1,-1,
#assigned_hub=-1,-1,-1,-1,-1,-1,-1,-1,
#moving_targetting_pos=12,1|5,30|29,2|9,30|19,2|15,30|25,1|22,29|
#setting_targetting_pos=12,29|5,1|29,30|9,2|19,30|15,1|25,30|22,1|
#type=1,2,1,2,2,2,1,1,
LdLLluLU
#000000000000
#assigned_pet=-1,-1,-1,-1,-1,-1,-1,-1,
#assigned_hub=-1,-1,-1,-1,-1,-1,-1,-1,
#moving_targetting_pos=12,1|5,30|29,2|9,30|19,2|15,30|25,1|22,29|
#setting_targetting_pos=12,29|5,1|29,30|9,2|19,30|15,1|25,30|22,1|
#type=1,2,1,2,2,2,1,1,
LLLLuLLU
#000000000000
#assigned_pet=-1,-1,-1,-1,-1,-1,-1,-1,
#assigned_hub=-1,-1,-1,-1,-1,-1,-1,-1,
#moving_targetting_pos=12,1|5,30|29,2|9,30|19,2|15,30|25,1|22,29|
#setting_targetting_pos=12,29|5,1|29,30|9,2|19,30|15,1|25,30|22,1|
#type=1,2,1,2,2,2,1,1,
LdDrRLLU
#000000000000
#assigned_pet=-1,-1,-1,-1,-1,-1,-1,-1,
#assigned_hub=-1,-1,-1,-1,-1,-1,-1,-1,
#moving_targetting_pos=12,1|5,30|29,2|9,30|19,2|15,30|25,1|22,29|
#setting_targetting_pos=12,29|5,1|29,30|9,2|19,30|15,1|25,30|22,1|
#type=1,2,1,2,2,2,1,2,
LLDuRLLr
#000000000000
#assigned_pet=-1,-1,-1,-1,-1,-1,-1,-1,
#assigned_hub=-1,-1,-1,-1,-1,-1,-1,-1,
#moving_targetting_pos=12,1|5,30|29,2|9,30|19,2|15,30|25,1|22,29|
#setting_targetting_pos=12,29|5,1|29,30|9,2|19,30|15,1|25,30|22,1|
#type=1,2,2,2,2,2,1,2,
LudLdLLd
#000000000000
#assigned_pet=-1,-1,-1,-1,-1,-1,-1,-1,
#assigned_hub=-1,-1,-1,-1,-1,-1,-1,-1,
#moving_targetting_pos=12,1|5,30|29,2|9,30|19,2|15,30|25,1|22,29|
#setting_targetting_pos=12,29|5,1|29,30|9,2|19,30|15,1|25,30|22,1|
#type=1,2,2,2,2,2,1,2,
ULRLRuLL
#000000000000
#assigned_pet=-1,-1,-1,-1,-1,-1,-1,-1,
#assigned_hub=-1,-1,-1,-1,-1,-1,-1,-1,
#moving_targetting_pos=12,1|5,30|29,2|9,30|19,2|15,30|25,1|22,29|
#setting_targetting_pos=12,29|5,1|29,30|9,2|19,30|15,1|25,30|22,1|
#type=2,2,2,2,2,2,1,2,
uLRdlLLL
#000000000000
#assigned_pet=-1,-1,-1,-1,-1,-1,-1,-1,
#assigned_hub=-1,-1,-1,-1,-1,-1,-1,-1,
#moving_targetting_pos=12,1|5,30|29,2|9,30|19,2|15,30|25,1|22,29|
#setting_targetting_pos=12,29|5,1|29,30|9,2|19,30|15,1|25,30|22,1|
#type=2,2,2,2,2,2,1,2,
RLlLRdLL
#000000000000
#assigned_pet=-1,-1,-1,-1,-1,-1,-1,-1,
#assigned_hub=-1,-1,-1,-1,-1,-1,-1,-1,
#moving_targetting_pos=12,1|5,30|29,2|9,30|19,2|15,30|25,1|22,29|
#setting_targetting_pos=12,29|5,1|29,30|9,2|19,30|15,1|25,30|22,1|
#type=2,2,2,2,2,2,1,2,
RLur.LLd
#000000000000
#assigned_pet=-1,-1,-1,-1,-1,-1,-1,-1,
#assigned_hub=-1,-1,-1,-1,-1,-1,-1,-1,
#moving_targetting_pos=12,1|5,30|29,2|9,30|19,2|15,30|25,1|22,29|
#setting_targetting_pos=12,29|5,1|29,30|9,2|19,30|15,1|25,30|22,1|
#type=2,2,2,2,2,2,1,2,
luRLu.Uu
#000000000000
#assigned_pet=-1,-1,-1,-1,-1,-1,-1,-1,
#assigned_hub=-1,-1,-1,-1,-1,-1,-1,-1,
#moving_targetting_pos=12,1|5,30|29,2|9,30|19,2|15,30|25,1|22,29|
#setting_targetting_pos=12,29|5,1|29,30|9,2|19,30|15,1|25,30|22,1|
#type=2,2,2,2,2,2,2,2,
dLRuR.dL
#000000000000
#assigned_pet=-1,-1,-1,-1,-1,-1,-1,-1,
#assigned_hub=-1,-1,-1,-1,-1,-1,-1,-1,
#moving_targetting_pos=12,1|5,30|29,2|9,30|19,2|15,30|25,1|22,29|
#setting_targetting_pos=12,29|5,1|29,30|9,2|19,30|15,1|25,30|22,1|
#type=2,2,2,2,2,2,2,2,
RddLR.Rr
#000000000000
#assigned_pet=-1,-1,-1,-1,-1,-1,-1,-1,
#assigned_hub=-1,-1,-1,-1,-1,-1,-1,-1,
#moving_targetting_pos=12,1|5,30|29,2|9,30|19,2|15,30|25,1|22,29|
#setting_targetting_pos=12,29|5,1|29,30|9,2|19,30|15,1|25,30|22,1|
#type=2,2,2,2,2,2,2,2,
RLRLl.dL
#000000000000
#assigned_pet=-1,-1,-1,-1,-1,-1,-1,-1,
#assigned_hub=-1,-1,-1,-1,-1,-1,-1,-1,
#moving_targetting_pos=12,1|5,30|29,2|9,30|19,2|15,30|25,1|22,29|
#setting_targetting_pos=12,29|5,1|29,30|9,2|19,30|15,1|25,30|22,1|
#type=2,2,2,2,2,2,2,2,
R.lrd.RL
#000000000000
#assigned_pet=-1,-1,-1,-1,-1,-1,-1,-1,
#assigned_hub=-1,-1,-1,-1,-1,-1,-1,-1,
#moving_targetting_pos=12,1|5,30|29,2|9,30|19,2|15,30|25,1|22,29|
#setting_targetting_pos=12,29|5,1|29,30|9,2|19,30|15,1|25,30|22,1|
#type=2,2,2,2,2,2,2,2,
d.RdR.dd
#000000000000
#assigned_pet=-1,-1,-1,-1,-1,-1,-1,-1,
#assigned_hub=-1,-1,-1,-1,-1,-1,-1,-1,
#moving_targetting_pos=12,1|5,30|29,2|9,30|19,2|15,30|25,1|22,29|
#setting_targetting_pos=12,29|5,1|29,30|9,2|19,30|15,1|25,30|22,1|
#type=2,2,2,2,2,2,2,2,
u.uLR.RL
#000000000000
#assigned_pet=-1,-1,-1,-1,-1,-1,-1,-1,
#assigned_hub=-1,-1,-1,-1,-1,-1,-1,-1,
#moving_targetting_pos=12,1|5,30|29,2|9,30|19,2|15,30|25,1|22,29|
#setting_targetting_pos=12,29|5,1|29,30|9,2|19,30|15,1|25,30|22,1|
#type=2,2,2,2,2,2,2,2,
RdRLdduL
#000000000000
#assigned_pet=-1,-1,-1,-1,-1,-1,-1,-1,
#assigned_hub=-1,-1,-1,-1,-1,-1,-1,-1,
#moving_targetting_pos=12,1|5,30|29,2|9,30|19,2|15,30|25,1|22,29|
#setting_targetting_pos=12,29|5,1|29,30|9,2|19,30|15,1|25,30|22,1|
#type=2,2,2,2,2,2,2,2,
lLRdRLRr
#000000000000
#assigned_pet=-1,-1,-1,-1,-1,-1,-1,-1,
#assigned_hub=-1,-1,-1,-1,-1,-1,-1,-1,
#moving_targetting_pos=12,1|5,30|29,2|9,30|19,2|15,30|25,1|22,29|
#setting_targetting_pos=12,29|5,1|29,30|9,2|19,30|15,1|25,30|22,1|
#type=2,2,2,2,2,2,2,2,
RdlLRdRu
#000000000000
#assigned_pet=-1,-1,-1,-1,-1,-1,-1,-1,
#assigned_hub=-1,-1,-1,-1,-1,-1,-1,-1,
#moving_targetting_pos=12,1|5,30|29,2|9,30|19,2|15,30|25,1|22,29|
#setting_targetting_pos=12,29|5,1|29,30|9,2|19,30|15,1|25,30|22,1|
#type=2,2,2,2,2,2,2,2,
RLdLlLRL
#000000000000
#assigned_pet=-1,-1,-1,-1,-1,-1,-1,-1,
#assigned_hub=-1,-1,-1,-1,-1,-1,-1,-1,
#moving_targetting_pos=12,1|5,30|29,2|9,30|19,2|15,30|25,1|22,29|
#setting_targetting_pos=12,29|5,1|29,30|9,2|19,30|15,1|25,30|22,1|
#type=2,2,2,2,2,2,2,2,
ddR.udRL
#000000000000
#assigned_pet=-1,-1,-1,-1,-1,-1,-1,-1,
#assigned_hub=-1,-1,-1,-1,-1,-1,-1,-1,
#moving_targetting_pos=12,1|5,30|29,2|9,30|19,2|15,30|25,1|22,29|
#setting_targetting_pos=12,29|5,1|29,30|9,2|19,30|15,1|25,30|22,1|
#type=2,2,2,2,2,2,2,2,
RLRrRLur
#000000000000
#assigned_pet=-1,-1,-1,-1,-1,-1,-1,-1,
#assigned_hub=-1,-1,-1,-1,-1,-1,-1,-1,
#moving_targetting_pos=12,1|5,30|29,2|9,30|19,2|15,30|25,1|22,29|
#setting_targetting_pos=12,29|5,1|29,30|9,2|19,30|15,1|25,30|22,1|
#type=2,2,2,2,2,2,2,2,
Rdd.RdRd
#000000000000
#assigned_pet=-1,-1,-1,-1,-1,-1,-1,-1,
#assigned_hub=-1,-1,-1,-1,-1,-1,-1,-1,
#moving_targetting_pos=12,1|5,30|29,2|9,30|19,2|15,30|25,1|22,29|
#setting_targetting_pos=12,29|5,1|29,30|9,2|19,30|15,1|25,30|22,1|
#type=2,2,2,2,2,2,2,2,
lLR.dLdL
#000000000000
#assigned_pet=-1,-1,-1,-1,-1,-1,-1,-1,
#assigned_hub=-1,-1,-1,-1,-1,-1,-1,-1,
#moving_targetting_pos=12,1|5,30|29,2|9,30|19,2|15,30|25,1|22,29|
#setting_targetting_pos=12,29|5,1|29,30|9,2|19,30|15,1|25,30|22,1|
#type=2,2,2,2,2,2,2,2,
uuR.RuRL
#000000000000
#assigned_pet=-1,-1,-1,-1,-1,-1,-1,-1,
#assigned_hub=-1,-1,-1,-1,-1,-1,-1,-1,
#moving_targetting_pos=12,1|5,30|29,2|9,30|19,2|15,30|25,1|22,29|
#setting_targetting_pos=12,29|5,1|29,30|9,2|19,30|15,1|25,30|22,1|
#type=2,2,2,2,2,2,2,2,
RLlulLdL
#000000000000
#assigned_pet=-1,-1,-1,-1,-1,-1,-1,-1,
#assigned_hub=-1,-1,-1,-1,-1,-1,-1,-1,
#moving_targetting_pos=12,1|5,30|29,2|9,30|19,2|15,30|25,1|22,29|
#setting_targetting_pos=12,29|5,1|29,30|9,2|19,30|15,1|25,30|22,1|
#type=2,2,2,2,2,2,2,2,
RL.LRLRd
#000000000000
#assigned_pet=-1,-1,-1,-1,-1,-1,-1,-1,
#assigned_hub=-1,-1,-1,-1,-1,-1,-1,-1,
#moving_targetting_pos=12,1|5,30|29,2|9,30|19,2|15,30|25,1|22,29|
#setting_targetting_pos=12,29|5,1|29,30|9,2|19,30|15,1|25,30|22,1|
#type=2,2,2,2,2,2,2,2,
lL.LuL.u
#000000000000
#assigned_pet=-1,-1,-1,-1,-1,-1,-1,-1,
#assigned_hub=-1,-1,-1,-1,-1,-1,-1,-1,
#moving_targetting_pos=12,1|5,30|29,2|9,30|19,2|15,30|25,1|22,29|
#setting_targetting_pos=12,29|5,1|29,30|9,2|19,30|15,1|25,30|22,1|
#type=2,2,2,2,2,2,2,2,
dLudRLdL
#000000000000
#assigned_pet=-1,-1,-1,-1,-1,-1,-1,-1,
#assigned_hub=-1,-1,-1,-1,-1,-1,-1,-1,
#moving_targetting_pos=12,1|5,30|29,2|9,30|19,2|15,30|25,1|22,29|
#setting_targetting_pos=12,29|5,1|29,30|9,2|19,30|15,1|25,30|22,1|
#type=2,2,2,2,2,2,2,2,
RuRLRuRr
#000000000000
#assigned_pet=-1,-1,-1,-1,-1,-1,-1,-1,
#assigned_hub=-1,-1,-1,-1,-1,-1,-1,-1,
#moving_targetting_pos=12,1|5,30|29,2|9,30|19,2|15,30|25,1|22,29|
#setting_targetting_pos=12,29|5,1|29,30|9,2|19,30|15,1|25,30|22,1|
#type=2,2,2,2,2,2,2,2,
RLRrlL.L
#000000000000
#assigned_pet=-1,-1,-1,-1,-1,-1,-1,-1,
#assigned_hub=-1,-1,-1,-1,-1,-1,-1,-1,
#moving_targetting_pos=12,1|5,30|29,2|9,30|19,2|15,30|25,1|22,29|
#setting_targetting_pos=12,29|5,1|29,30|9,2|19,30|15,1|25,30|22,1|
#type=2,2,2,2,2,2,2,2,
Rd.Ld.dL
#000000000000
#assigned_pet=-1,-1,-1,-1,-1,-1,-1,-1,
#assigned_hub=-1,-1,-1,-1,-1,-1,-1,-1,
#moving_targetting_pos=12,1|5,30|29,2|9,30|19,2|15,30|25,1|22,29|
#setting_targetting_pos=12,29|5,1|29,30|9,2|19,30|15,1|25,30|22,1|
#type=2,2,2,2,2,2,2,2,
dL.uRdRd
#000000000000
#assigned_pet=-1,-1,-1,-1,-1,-1,-1,-1,
#assigned_hub=-1,-1,-1,-1,-1,-1,-1,-1,
#moving_targetting_pos=12,1|5,30|29,2|9,30|19,2|15,30|25,1|22,29|
#setting_targetting_pos=12,29|5,1|29,30|9,2|19,30|15,1|25,30|22,1|
#type=2,2,2,2,2,2,2,2,
ud.LRLdL
#000000000000
#assigned_pet=-1,-1,-1,-1,-1,-1,-1,-1,
#assigned_hub=-1,-1,-1,-1,-1,-1,-1,-1,
#moving_targetting_pos=12,1|5,30|29,2|9,30|19,2|15,30|25,1|22,29|
#setting_targetting_pos=12,29|5,1|29,30|9,2|19,30|15,1|25,30|22,1|
#type=2,2,2,2,2,2,2,2,
RL.LddRL
#000000000000
#assigned_pet=-1,-1,-1,-1,-1,-1,-1,-1,
#assigned_hub=-1,-1,-1,-1,-1,-1,-1,-1,
#moving_targetting_pos=12,1|5,30|29,2|9,30|19,2|15,30|25,1|22,29|
#setting_targetting_pos=12,29|5,1|29,30|9,2|19,30|15,1|25,30|22,1|
#type=2,2,2,2,2,2,2,2,
ld.rRLur
#000000000000
#assigned_pet=-1,-1,-1,-1,-1,-1,-1,-1,
#assigned_hub=-1,-1,-1,-1,-1,-1,-1,-1,
#moving_targetting_pos=12,1|5,30|29,2|9,30|19,2|15,30|25,1|22,29|
#setting_targetting_pos=12,29|5,1|29,30|9,2|19,30|15,1|25,30|22,1|
#type=2,2,2,2,2,2,2,2,
RL.dRdRu
#000000000000
#assigned_pet=-1,-1,-1,-1,-1,-1,-1,-1,
#assigned_hub=-1,-1,-1,-1,-1,-1,-1,-1,
#moving_targetting_pos=12,1|5,30|29,2|9,30|19,2|15,30|25,1|22,29|
#setting_targetting_pos=12,29|5,1|29,30|9,2|19,30|15,1|25,30|22,1|
#type=2,2,2,2,2,2,2,2,
Rd.LlLRL
#000000000000
#assigned_pet=-1,-1,-1,-1,-1,-1,-1,-1,
#assigned_hub=-1,-1,-1,-1,-1,-1,-1,-1,
#moving_targetting_pos=12,1|5,30|29,2|9,30|19,2|15,30|25,1|22,29|
#setting_targetting_pos=12,29|5,1|29,30|9,2|19,30|15,1|25,30|22,1|
#type=2,2,2,2,2,2,2,2,
dL.Lu.RL
#000000000000
#assigned_pet=-1,-1,-1,-1,-1,-1,-1,-1,
#assigned_hub=-1,-1,-1,-1,-1,-1,-1,-1,
#moving_targetting_pos=12,1|5,30|29,2|9,30|19,2|15,30|25,1|22,29|
#setting_targetting_pos=12,29|5,1|29,30|9,2|19,30|15,1|25,30|22,1|
#type=2,2,2,2,2,2,2,2,
Rd.dR.Rr
#000000000000
#assigned_pet=-1,-1,-1,-1,-1,-1,-1,-1,
#assigned_hub=-1,-1,-1,-1,-1,-1,-1,-1,
#moving_targetting_pos=12,1|5,30|29,2|9,30|19,2|15,30|25,1|22,29|
#setting_targetting_pos=12,29|5,1|29,30|9,2|19,30|15,1|25,30|22,1|
#type=2,2,2,2,2,2,2,2,
RLdLR.ud
#000000000000
#assigned_pet=-1,-1,-1,-1,-1,-1,-1,-1,
#assigned_hub=-1,-1,-1,-1,-1,-1,-1,-1,
#moving_targetting_pos=12,1|5,30|29,2|9,30|19,2|15,30|25,1|22,29|
#setting_targetting_pos=12,29|5,1|29,30|9,2|19,30|15,1|25,30|22,1|
#type=2,2,2,2,2,2,2,2,
luRLd.RL
#000000000000
#assigned_pet=-1,-1,-1,-1,-1,-1,-1,-1,
#assigned_hub=-1,-1,-1,-1,-1,-1,-1,-1,
#moving_targetting_pos=12,1|5,30|29,2|9,30|19,2|15,30|25,1|22,29|
#setting_targetting_pos=12,29|5,1|29,30|9,2|19,30|15,1|25,30|22,1|
#type=2,2,2,2,2,2,2,2,
uLlrR.dL
#000000000000
#assigned_pet=-1,-1,-1,-1,-1,-1,-1,-1,
#assigned_hub=-1,-1,-1,-1,-1,-1,-1,-1,
#moving_targetting_pos=12,1|5,30|29,2|9,30|19,2|15,30|25,1|22,29|
#setting_targetting_pos=12,29|5,1|29,30|9,2|19,30|15,1|25,30|22,1|
#type=2,2,2,2,2,2,2,2,
RLRul.RL
#000000000000
#assigned_pet=-1,-1,-1,-1,-1,-1,-1,-1,
#assigned_hub=-1,-1,-1,-1,-1,-1,-1,-1,
#moving_targetting_pos=12,1|5,30|29,2|9,30|19,2|15,30|25,1|22,29|
#setting_targetting_pos=12,29|5,1|29,30|9,2|19,30|15,1|25,30|22,1|
#type=2,2,2,2,2,2,2,2,
RL.LR.dd
#000000000000
#assigned_pet=-1,-1,-1,-1,-1,-1,-1,-1,
#assigned_hub=-1,-1,-1,-1,-1,-1,-1,-1,
#moving_targetting_pos=12,1|5,30|29,2|9,30|19,2|15,30|25,1|22,29|
#setting_targetting_pos=12,29|5,1|29,30|9,2|19,30|15,1|25,30|22,1|
#type=2,2,2,2,2,2,2,2,
lLuLu.Ru
#000000000000
#assigned_pet=-1,-1,-1,-1,-1,-1,-1,-1,
#assigned_hub=-1,-1,-1,-1,-1,-1,-1,-1,
#moving_targetting_pos=12,1|5,30|29,2|9,30|19,2|15,30|25,1|22,29|
#setting_targetting_pos=12,29|5,1|29,30|9,2|19,30|15,1|25,30|22,1|
#type=2,2,2,2,2,2,2,2,
duRdR.dL
#000000000000
#assigned_pet=-1,-1,-1,-1,-1,-1,-1,-1,
#assigned_hub=-1,-1,-1,-1,-1,-1,-1,-1,
#moving_targetting_pos=12,1|5,30|29,2|9,30|19,2|15,30|25,1|22,29|
#setting_targetting_pos=12,29|5,1|29,30|9,2|19,30|15,1|25,30|22,1|
#type=2,2,2,2,2,2,2,2,
RLRLR.Rr
#000000000000
#assigned_pet=-1,-1,-1,-1,-1,-1,-1,-1,
#assigned_hub=-1,-1,-1,-1,-1,-1,-1,-1,
#moving_targetting_pos=12,1|5,30|29,2|9,30|19,2|15,30|25,1|22,29|
#setting_targetting_pos=12,29|5,1|29,30|9,2|19,30|15,1|25,30|22,1|
#type=2,2,2,2,2,2,2,2,
Rd.rlddL
#000000000000
#assigned_pet=-1,-1,-1,-1,-1,-1,-1,-1,
#assigned_hub=-1,-1,-1,-1,-1,-1,-1,-1,
#moving_targetting_pos=12,1|5,30|29,2|9,30|19,2|15,30|25,1|22,29|
#setting_targetting_pos=12,29|5,1|29,30|9,2|19,30|15,1|25,30|22,1|
#type=2,2,2,2,2,2,2,2,
RL.LdLRL
#000000000000
#assigned_pet=-1,-1,-1,-1,-1,-1,-1,-1,
#assigned_hub=-1,-1,-1,-1,-1,-1,-1,-1,
#moving_targetting_pos=12,1|5,30|29,2|9,30|2,29|15,30|25,1|22,29|
#setting_targetting_pos=12,29|5,1|29,30|9,2|2,1|15,1|25,30|22,1|
#type=2,2,2,2,1,2,2,2,
dd.uUddd
#000000000000
#assigned_pet=-1,-1,-1,-1,-1,-1,-1,-1,
#assigned_hub=-1,-1,-1,-1,-1,-1,-1,-1,
#moving_targetting_pos=12,1|5,30|29,2|9,30|2,29|15,30|25,1|22,29|
#setting_targetting_pos=12,29|5,1|29,30|9,2|2,1|15,1|25,30|22,1|
#type=2,2,2,2,1,2,2,2,
uLdLLLRL
#000000000000
#assigned_pet=-1,-1,-1,-1,-1,-1,-1,-1,
#assigned_hub=-1,-1,-1,-1,-1,-1,-1,-1,
#moving_targetting_pos=12,1|5,30|29,2|9,30|2,29|15,30|25,1|22,29|
#setting_targetting_pos=12,29|5,1|29,30|9,2|2,1|15,1|25,30|22,1|
#type=2,2,2,2,1,2,2,2,
RdlLUuuL
#000000000000
#assigned_pet=-1,-1,-1,-1,-1,-1,-1,-1,
#assigned_hub=-1,0,-1,-1,-1,-1,-1,-1,
#moving_targetting_pos=12,1|6,6|29,2|9,30|2,29|15,30|25,1|22,29|
#setting_targetting_pos=12,29|5,1|29,30|9,2|2,1|15,1|25,30|22,1|
#type=2,3,2,2,1,2,2,2,
lRRrLLRr
#000000000000
#assigned_pet=-1,-1,-1,-1,-1,-1,-1,-1,
#assigned_hub=-1,0,-1,-1,-1,-1,-1,-1,
#moving_targetting_pos=12,1|6,6|29,2|9,30|2,29|15,30|25,1|22,29|
#setting_targetting_pos=12,29|-1,-1|29,30|9,2|2,1|15,1|25,30|22,1|
#type=2,3,2,2,1,2,2,2,
RRRdLLRu
#000000000000
#assigned_pet=-1,-1,-1,-1,-1,-1,-1,-1,
#assigned_hub=-1,0,-1,3,-1,-1,-1,6,
#moving_targetting_pos=12,1|6,6|29,2|16,6|2,29|15,30|25,1|26,6|
#setting_targetting_pos=12,29|-1,-1|29,30|9,2|2,1|15,1|25,30|22,1|
#type=2,3,2,3,1,2,2,3,
RRdUULRD
#000000000000
#assigned_pet=-1,-1,-1,-1,-1,-1,-1,-1,
#assigned_hub=-1,0,-1,3,-1,-1,-1,6,
#moving_targetting_pos=12,1|6,6|29,2|16,6|2,29|15,30|25,1|26,6|
#setting_targetting_pos=12,29|-1,-1|29,30|-1,-1|2,1|15,1|25,30|-1,-1|
#type=2,3,2,3,1,2,2,3,
rRRRULRR
#000000000000
#assigned_pet=-1,7,-1,-1,-1,-1,-1,-1,
#assigned_hub=-1,0,-1,3,-1,-1,-1,6,
#moving_targetting_pos=12,1|-1,-1|29,2|16,6|2,29|15,30|25,1|26,6|
#setting_targetting_pos=12,29|4,7|29,30|-1,-1|2,1|15,1|25,30|-1,-1|
#type=2,4,2,3,1,2,2,3,
dRRUUuuD
#000000000000
#assigned_pet=-1,7,-1,-1,-1,-1,-1,-1,
#assigned_hub=2,0,-1,3,-1,-1,-1,6,
#moving_targetting_pos=6,26|-1,-1|29,2|16,6|2,29|15,30|25,1|26,6|
#setting_targetting_pos=12,29|4,7|29,30|-1,-1|2,1|15,1|25,30|-1,-1|
#type=3,4,2,3,1,2,2,3,
LR.RULRR
#000000000000
#assigned_pet=-1,7,-1,-1,-1,-1,-1,-1,
#assigned_hub=2,0,-1,3,-1,-1,-1,6,
#moving_targetting_pos=6,26|-1,-1|29,2|16,6|2,29|15,30|25,1|26,6|
#setting_targetting_pos=-1,-1|4,7|29,30|-1,-1|2,1|15,1|25,30|-1,-1|
#type=3,4,2,3,1,2,2,3,
L.lRUddD
#000000000000
#assigned_pet=-1,7,-1,-1,-1,-1,-1,-1,
#assigned_hub=2,0,-1,3,-1,-1,-1,7,
#moving_targetting_pos=6,26|-1,-1|29,2|16,6|2,29|15,30|25,1|26,16|
#setting_targetting_pos=-1,-1|4,7|29,30|-1,-1|2,1|15,1|25,30|-1,-1|
#type=3,4,2,3,1,2,2,3,
U..DULRR
#000000000000
#assigned_pet=-1,7,-1,-1,-1,-1,-1,-1,
#assigned_hub=2,0,-1,3,-1,-1,-1,7,
#moving_targetting_pos=6,26|-1,-1|29,2|16,6|2,29|15,30|25,1|26,16|
#setting_targetting_pos=-1,-1|4,7|29,30|-1,-1|2,1|15,1|25,30|-1,-1|
#type=3,4,2,3,1,2,2,3,
U..DUddR
#000000000000
#assigned_pet=-1,7,-1,-1,-1,-1,-1,-1,
#assigned_hub=2,0,-1,3,-1,-1,8,7,
#moving_targetting_pos=6,26|-1,-1|29,2|16,6|2,29|15,30|26,26|26,16|
#setting_targetting_pos=-1,-1|4,7|29,30|-1,-1|2,1|15,1|25,30|-1,-1|
#type=3,4,2,3,1,2,3,3,
U..DULLR
#000000000000
#assigned_pet=-1,5,-1,-1,-1,-1,-1,-1,
#assigned_hub=2,0,-1,3,-1,-1,8,7,
#moving_targetting_pos=6,26|-1,-1|29,2|16,6|2,29|15,30|26,26|26,16|
#setting_targetting_pos=-1,-1|6,8|29,30|-1,-1|2,1|15,1|-1,-1|-1,-1|
#type=3,4,2,3,1,2,3,3,
URuDUdLR
#000000000000
#assigned_pet=-1,7,-1,-1,-1,-1,-1,-1,
#assigned_hub=2,0,-1,3,-1,4,8,7,
#moving_targetting_pos=6,26|-1,-1|29,2|16,6|2,29|16,16|26,26|26,16|
#setting_targetting_pos=-1,-1|4,7|29,30|-1,-1|2,1|15,1|-1,-1|-1,-1|
#type=3,4,2,3,1,3,3,3,
LLRDURLR
#000000000000
#assigned_pet=0,5,-1,-1,-1,-1,6,-1,
#assigned_hub=2,0,-1,3,-1,4,8,7,
#moving_targetting_pos=-1,-1|-1,-1|29,2|16,6|2,29|16,16|-1,-1|26,16|
#setting_targetting_pos=7,26|7,7|29,30|-1,-1|2,1|-1,-1|28,27|-1,-1|
#type=4,4,2,3,1,3,4,3,
.DRDRRDR
#000000000000
#assigned_pet=0,7,-1,-1,-1,-1,6,-1,
#assigned_hub=2,0,-1,3,-1,4,8,7,
#moving_targetting_pos=-1,-1|-1,-1|29,2|16,6|2,29|16,16|-1,-1|26,16|
#setting_targetting_pos=7,24|4,7|29,30|-1,-1|2,1|-1,-1|28,25|-1,-1|
#type=4,4,2,3,1,3,4,3,
LUdDURLR
#000000000000
#assigned_pet=0,5,-1,-1,-1,-1,-1,-1,
#assigned_hub=2,0,-1,3,-1,4,8,7,
#moving_targetting_pos=-1,-1|-1,-1|29,2|16,6|2,29|16,16|-1,-1|26,16|
#setting_targetting_pos=7,24|8,6|29,30|-1,-1|2,1|-1,-1|-1,-1|-1,-1|
#type=4,4,2,3,1,3,4,3,
ULRRUR.R
#000000000000
#assigned_pet=0,3,-1,3,-1,-1,-1,-1,
#assigned_hub=2,0,-1,3,-1,4,8,7,
#moving_targetting_pos=-1,-1|-1,-1|29,2|-1,-1|2,29|16,16|-1,-1|26,16|
#setting_targetting_pos=7,24|8,7|29,30|14,7|2,1|-1,-1|-1,-1|-1,-1|
#type=4,4,2,4,1,3,4,3,
.R..RR.R
#000000000000
#assigned_pet=0,3,-1,3,-1,-1,6,-1,
#assigned_hub=2,0,-1,3,-1,4,8,7,
#moving_targetting_pos=-1,-1|-1,-1|29,2|-1,-1|2,29|16,16|-1,-1|26,16|
#setting_targetting_pos=7,24|8,7|29,30|14,7|2,1|-1,-1|28,27|-1,-1|
#type=4,4,2,4,1,3,4,3,
.Dl.URRR
#000000000000
#assigned_pet=0,3,-1,3,-1,-1,6,-1,
#assigned_hub=2,0,-1,3,-1,4,8,7,
#moving_targetting_pos=-1,-1|-1,-1|29,2|-1,-1|2,29|16,16|-1,-1|26,16|
#setting_targetting_pos=7,24|8,7|29,30|14,7|2,1|-1,-1|28,27|-1,-1|
#type=4,4,2,4,1,3,4,3,
.DR.URDR
#000100000000
#assigned_pet=0,3,-1,3,-1,-1,6,-1,
#assigned_hub=2,0,-1,3,-1,4,8,7,
#moving_targetting_pos=-1,-1|-1,-1|29,2|-1,-1|2,29|16,16|-1,-1|26,16|
#setting_targetting_pos=7,24|8,7|29,30|14,7|2,1|-1,-1|27,28|-1,-1|
#type=4,5,2,5,1,3,4,3,
.d.rUR.R
#000100000000
#assigned_pet=4,7,-1,10,-1,-1,6,11,
#assigned_hub=2,0,-1,3,-1,4,8,7,
#moving_targetting_pos=-1,-1|-1,-1|29,2|-1,-1|2,29|16,16|-1,-1|-1,-1|
#setting_targetting_pos=7,24|4,7|29,30|15,8|2,1|-1,-1|26,27|28,17|
#type=4,4,2,4,2,3,4,4,
.UuDrR.R
#000100000000
#assigned_pet=4,7,-1,10,-1,-1,6,11,
#assigned_hub=2,0,-1,3,-1,4,8,7,
#moving_targetting_pos=-1,-1|-1,-1|29,2|-1,-1|2,29|16,16|-1,-1|-1,-1|
#setting_targetting_pos=7,24|4,7|29,30|15,8|2,1|-1,-1|25,26|28,17|
#type=4,4,2,4,2,3,4,4,
.URRdRLR
#000100000000
#assigned_pet=4,7,-1,10,-1,-1,6,11,
#assigned_hub=2,0,-1,3,-1,4,8,7,
#moving_targetting_pos=-1,-1|-1,-1|29,2|-1,-1|2,29|16,16|-1,-1|-1,-1|
#setting_targetting_pos=7,24|4,7|29,30|15,8|2,1|-1,-1|25,24|28,15|
#type=4,4,2,4,2,3,4,4,
..R.LRLL
#000100000000
#assigned_pet=4,5,-1,10,-1,-1,6,6,
#assigned_hub=2,0,-1,3,-1,4,8,7,
#moving_targetting_pos=-1,-1|-1,-1|29,2|-1,-1|2,29|16,16|-1,-1|-1,-1|
#setting_targetting_pos=7,24|4,7|29,30|15,8|2,1|-1,-1|25,24|25,18|
#type=4,4,2,4,2,3,4,4,
..l.LRLR
#000100000000
#assigned_pet=4,7,-1,10,-1,-1,6,6,
#assigned_hub=2,0,-1,3,-1,4,8,7,
#moving_targetting_pos=-1,-1|-1,-1|29,2|-1,-1|2,29|16,16|-1,-1|-1,-1|
#setting_targetting_pos=7,24|4,7|29,30|15,8|2,1|-1,-1|25,24|25,18|
#type=4,4,2,4,2,3,4,4,
..d.LRU.
#000100100000
#assigned_pet=4,7,-1,10,-1,-1,6,6,
#assigned_hub=2,0,5,3,-1,4,8,7,
#moving_targetting_pos=-1,-1|-1,-1|16,26|-1,-1|2,29|16,16|-1,-1|-1,-1|
#setting_targetting_pos=7,24|4,7|29,30|15,8|2,1|-1,-1|25,24|25,18|
#type=4,4,3,4,2,3,5,5,
..U.dRur
#000100100010
#assigned_pet=4,7,-1,10,-1,10,-1,11,
#assigned_hub=2,0,5,3,-1,4,8,7,
#moving_targetting_pos=-1,-1|-1,-1|16,26|-1,-1|2,29|-1,-1|-1,-1|-1,-1|
#setting_targetting_pos=7,24|4,7|-1,-1|15,8|2,1|15,14|-1,-1|26,15|
#type=4,4,3,5,2,5,4,4,
..Lrul.L
#000100100010
#assigned_pet=4,7,-1,-1,-1,8,-1,11,
#assigned_hub=2,0,5,1,-1,4,8,7,
#moving_targetting_pos=-1,-1|-1,-1|16,26|6,16|2,29|-1,-1|26,26|-1,-1|
#setting_targetting_pos=7,24|4,7|-1,-1|-1,-1|2,1|17,18|-1,-1|24,15|
#type=4,4,3,3,2,4,4,4,
..ULLR.L
#000100100010
#assigned_pet=4,7,-1,-1,-1,8,-1,11,
#assigned_hub=2,0,5,1,-1,4,8,7,
#moving_targetting_pos=-1,-1|-1,-1|16,26|6,16|2,29|-1,-1|-1,-1|-1,-1|
#setting_targetting_pos=7,24|4,7|-1,-1|-1,-1|2,1|17,18|-1,-1|25,16|
#type=4,4,3,3,2,4,4,4,
..LLrR..
#000100100010
#assigned_pet=4,5,-1,-1,-1,0,-1,11,
#assigned_hub=2,0,5,1,-1,4,8,7,
#moving_targetting_pos=-1,-1|-1,-1|16,26|6,16|2,29|-1,-1|-1,-1|-1,-1|
#setting_targetting_pos=7,24|6,6|-1,-1|-1,-1|2,1|14,17|-1,-1|25,16|
#type=4,4,3,3,2,4,4,4,
.LLUL...
#000100100010
#assigned_pet=4,7,-1,-1,-1,0,-1,11,
#assigned_hub=2,0,5,1,-1,4,8,7,
#moving_targetting_pos=-1,-1|-1,-1|16,26|6,16|2,29|-1,-1|-1,-1|-1,-1|
#setting_targetting_pos=7,24|4,7|-1,-1|-1,-1|2,1|16,17|-1,-1|25,16|
#type=4,4,3,3,2,4,4,4,
.RUUL...
#000100100010
#assigned_pet=4,1,-1,-1,-1,0,-1,11,
#assigned_hub=2,0,5,1,-1,4,8,7,
#moving_targetting_pos=-1,-1|-1,-1|16,26|6,16|2,29|-1,-1|-1,-1|-1,-1|
#setting_targetting_pos=7,24|5,8|-1,-1|-1,-1|2,1|16,17|-1,-1|24,17|
#type=4,4,3,3,2,4,4,4,
..UUd..R
#000100100010
#assigned_pet=9,7,-1,-1,-1,2,-1,11,
#assigned_hub=2,0,5,1,-1,4,8,7,
#moving_targetting_pos=-1,-1|-1,-1|16,26|6,16|2,29|-1,-1|-1,-1|-1,-1|
#setting_targetting_pos=7,24|4,7|-1,-1|-1,-1|2,1|15,16|-1,-1|25,16|
#type=4,4,3,3,2,4,4,4,
..UUL..D
#000100100010
#assigned_pet=9,-1,-1,-1,-1,0,-1,11,
#assigned_hub=2,0,5,1,-1,4,8,7,
#moving_targetting_pos=-1,-1|-1,-1|16,26|6,16|2,29|-1,-1|-1,-1|-1,-1|
#setting_targetting_pos=5,24|-1,-1|-1,-1|-1,-1|2,1|18,17|-1,-1|25,16|
#type=4,4,3,3,2,4,4,4,
L.UULD..
#000100100010
#assigned_pet=9,7,-1,-1,-1,0,-1,0,
#assigned_hub=2,0,5,1,-1,4,8,7,
#moving_targetting_pos=-1,-1|-1,-1|16,26|6,16|2,29|-1,-1|-1,-1|-1,-1|
#setting_targetting_pos=4,25|4,7|-1,-1|-1,-1|2,1|18,17|-1,-1|24,17|
#type=4,4,3,3,2,4,4,4,
R.UUrD.R
#000100100010
#assigned_pet=9,7,-1,-1,-1,0,-1,0,
#assigned_hub=2,0,5,1,-1,4,8,7,
#moving_targetting_pos=-1,-1|-1,-1|16,26|6,16|2,29|-1,-1|-1,-1|-1,-1|
#setting_targetting_pos=4,27|4,7|-1,-1|-1,-1|2,1|18,17|-1,-1|24,17|
#type=4,4,3,3,2,4,4,4,
R.UUu..U
#000100100010
#assigned_pet=9,7,-1,-1,-1,0,-1,11,
#assigned_hub=2,0,5,1,-1,4,8,7,
#moving_targetting_pos=-1,-1|-1,-1|16,26|6,16|2,29|-1,-1|-1,-1|-1,-1|
#setting_targetting_pos=4,27|4,7|-1,-1|-1,-1|2,1|18,17|-1,-1|26,17|
#type=4,4,3,3,2,4,4,4,
R.URL...
#100100100010
#assigned_pet=9,7,-1,-1,-1,0,-1,0,
#assigned_hub=2,0,5,1,-1,4,8,7,
#moving_targetting_pos=-1,-1|-1,-1|16,26|6,16|2,29|-1,-1|-1,-1|-1,-1|
#setting_targetting_pos=5,28|4,7|-1,-1|-1,-1|2,1|18,17|-1,-1|24,17|
#type=4,4,3,3,2,5,4,5,
R.UULd.u
#100100100010
#assigned_pet=9,7,-1,-1,-1,2,-1,11,
#assigned_hub=2,0,5,1,-1,4,8,7,
#moving_targetting_pos=-1,-1|-1,-1|16,26|6,16|2,29|-1,-1|-1,-1|-1,-1|
#setting_targetting_pos=7,28|4,7|-1,-1|-1,-1|2,1|18,15|-1,-1|26,15|
#type=4,4,3,3,2,4,4,4,
L.URrL.L
#100100100010
#assigned_pet=9,7,-1,-1,-1,2,-1,11,
#assigned_hub=2,0,5,1,-1,4,8,7,
#moving_targetting_pos=-1,-1|-1,-1|16,26|6,16|2,29|-1,-1|-1,-1|-1,-1|
#setting_targetting_pos=8,27|4,7|-1,-1|-1,-1|2,1|18,15|-1,-1|27,14|
#type=4,4,3,3,2,4,4,4,
..LRdL.L
#101100100010
#assigned_pet=9,5,8,-1,-1,2,-1,2,
#assigned_hub=2,0,5,1,-1,4,8,7,
#moving_targetting_pos=-1,-1|-1,-1|-1,-1|6,16|2,29|-1,-1|26,26|-1,-1|
#setting_targetting_pos=7,26|4,5|17,24|-1,-1|2,1|18,15|-1,-1|24,15|
#type=4,4,4,3,2,5,4,5,
.LLRLd.u
#101100100010
#assigned_pet=9,5,8,-1,-1,8,-1,11,
#assigned_hub=2,0,5,1,-1,4,8,7,
#moving_targetting_pos=-1,-1|-1,-1|-1,-1|6,16|2,29|-1,-1|-1,-1|-1,-1|
#setting_targetting_pos=6,25|4,5|17,24|-1,-1|2,1|17,18|-1,-1|25,14|
#type=4,4,4,3,2,4,4,4,
LLURLR..
#101100100010
#assigned_pet=9,-1,8,-1,-1,8,-1,11,
#assigned_hub=2,0,5,1,-1,4,8,7,
#moving_targetting_pos=-1,-1|-1,-1|-1,-1|6,16|2,29|-1,-1|-1,-1|-1,-1|
#setting_targetting_pos=5,24|-1,-1|17,24|-1,-1|2,1|17,18|-1,-1|26,15|
#type=4,4,4,3,2,4,4,4,
L..RLR..
#101100101010
#assigned_pet=9,5,8,-1,-1,8,-1,11,
#assigned_hub=2,0,5,1,-1,4,8,7,
#moving_targetting_pos=-1,-1|-1,-1|-1,-1|6,16|2,29|-1,-1|-1,-1|-1,-1|
#setting_targetting_pos=5,24|4,5|17,24|-1,-1|2,1|17,18|-1,-1|25,16|
#type=4,4,5,3,2,5,4,4,
L.lRdr..
#101100101010
#assigned_pet=9,5,-1,-1,-1,-1,-1,11,
#assigned_hub=2,0,5,1,-1,4,8,7,
#moving_targetting_pos=-1,-1|-1,-1|-1,-1|6,16|2,29|16,16|-1,-1|-1,-1|
#setting_targetting_pos=7,24|5,4|-1,-1|-1,-1|2,1|-1,-1|-1,-1|26,17|
#type=4,4,4,3,2,4,4,4,
R..Ru..R
#101100101010
#assigned_pet=4,7,-1,-1,-1,-1,-1,11,
#assigned_hub=2,0,5,1,-1,4,8,7,
#moving_targetting_pos=-1,-1|-1,-1|16,26|6,16|2,29|16,16|-1,-1|-1,-1|
#setting_targetting_pos=7,24|4,7|-1,-1|-1,-1|2,1|-1,-1|-1,-1|25,16|
#type=4,4,4,3,2,4,4,4,
.R.RL..D
#101100101010
#assigned_pet=4,5,-1,-1,-1,-1,-1,11,
#assigned_hub=2,0,5,1,-1,4,8,7,
#moving_targetting_pos=-1,-1|-1,-1|16,26|6,16|2,29|16,16|-1,-1|-1,-1|
#setting_targetting_pos=7,24|5,4|-1,-1|-1,-1|2,1|-1,-1|-1,-1|25,16|
#type=4,4,4,3,2,4,4,4,
.L.Rr...
#101100101010
#assigned_pet=4,5,-1,4,-1,-1,-1,11,
#assigned_hub=2,0,5,1,-1,4,8,7,
#moving_targetting_pos=-1,-1|-1,-1|16,26|-1,-1|2,29|16,16|-1,-1|-1,-1|
#setting_targetting_pos=7,24|5,4|-1,-1|7,18|2,1|-1,-1|-1,-1|26,17|
#type=4,4,4,4,2,4,4,4,
...RL...
#101100101010
#assigned_pet=4,5,-1,4,-1,-1,-1,11,
#assigned_hub=2,0,5,1,-1,4,8,7,
#moving_targetting_pos=-1,-1|-1,-1|-1,-1|-1,-1|2,29|16,16|-1,-1|-1,-1|
#setting_targetting_pos=7,24|4,5|-1,-1|7,18|2,1|-1,-1|-1,-1|28,17|
#type=4,4,4,4,2,4,4,4,
...RL..R
#101100101010
#assigned_pet=9,5,-1,9,-1,-1,-1,11,
#assigned_hub=2,0,5,1,-1,4,8,7,
#moving_targetting_pos=-1,-1|-1,-1|-1,-1|-1,-1|2,29|16,16|-1,-1|-1,-1|
#setting_targetting_pos=7,24|4,5|-1,-1|7,18|2,1|-1,-1|-1,-1|27,16|
#type=4,4,4,4,2,4,4,4,
....d..L
#101100101010
#assigned_pet=9,5,-1,9,-1,-1,-1,11,
#assigned_hub=2,0,5,1,-1,4,8,7,
#moving_targetting_pos=-1,-1|-1,-1|-1,-1|-1,-1|2,29|16,16|-1,-1|-1,-1|
#setting_targetting_pos=7,24|4,5|-1,-1|7,18|2,1|-1,-1|-1,-1|26,15|
#type=4,4,4,4,2,4,4,4,
....L...
#101100101010
#assigned_pet=4,7,-1,9,-1,-1,-1,11,
#assigned_hub=2,0,5,1,-1,4,8,7,
#moving_targetting_pos=-1,-1|-1,-1|-1,-1|-1,-1|2,29|-1,-1|-1,-1|-1,-1|
#setting_targetting_pos=7,24|4,7|-1,-1|7,18|2,1|-1,-1|-1,-1|26,17|
#type=4,4,4,4,2,4,4,4,
.R..L...
#101100101010
#assigned_pet=4,5,-1,9,-1,-1,-1,11,
#assigned_hub=2,0,5,1,-1,4,8,7,
#moving_targetting_pos=-1,-1|-1,-1|-1,-1|-1,-1|2,29|16,16|-1,-1|-1,-1|
#setting_targetting_pos=6,24|4,5|-1,-1|5,18|2,1|-1,-1|-1,-1|27,18|
#type=4,4,4,4,2,4,4,4,
LL.Rr..R
#101100101010
#assigned_pet=4,5,-1,9,-1,-1,-1,11,
#assigned_hub=2,0,5,1,-1,4,8,7,
#moving_targetting_pos=-1,-1|-1,-1|-1,-1|-1,-1|2,29|16,16|-1,-1|-1,-1|
#setting_targetting_pos=6,25|4,5|-1,-1|5,18|2,1|-1,-1|-1,-1|27,18|
#type=4,4,4,4,2,4,4,4,
R..Uu..R
#101100101010
#assigned_pet=4,7,-1,9,-1,-1,-1,11,
#assigned_hub=2,0,5,1,-1,4,8,7,
#moving_targetting_pos=-1,-1|-1,-1|-1,-1|-1,-1|2,29|-1,-1|-1,-1|-1,-1|
#setting_targetting_pos=6,24|4,5|-1,-1|6,17|2,1|-1,-1|-1,-1|27,18|
#type=4,4,4,4,2,4,4,4,
L...L...
#101100101010
#assigned_pet=4,5,-1,9,-1,-1,-1,11,
#assigned_hub=2,0,5,1,-1,4,8,7,
#moving_targetting_pos=-1,-1|-1,-1|16,26|-1,-1|2,29|16,16|-1,-1|-1,-1|
#setting_targetting_pos=5,24|4,5|-1,-1|5,18|2,1|-1,-1|-1,-1|27,18|
#type=4,4,4,4,2,4,4,4,
U...L...
#101100101010
#assigned_pet=4,5,-1,9,-1,-1,-1,11,
#assigned_hub=2,0,5,1,-1,4,8,7,
#moving_targetting_pos=-1,-1|-1,-1|-1,-1|-1,-1|2,29|16,16|-1,-1|-1,-1|
#setting_targetting_pos=5,25|4,5|-1,-1|5,18|2,1|-1,-1|-1,-1|26,17|
#type=4,4,4,4,2,4,4,4,
R.......
#101100101010
#assigned_pet=4,5,-1,9,-1,-1,-1,11,
#assigned_hub=2,0,5,1,-1,4,8,7,
#moving_targetting_pos=-1,-1|-1,-1|16,26|-1,-1|2,29|16,16|-1,-1|-1,-1|
#setting_targetting_pos=4,25|4,5|-1,-1|5,16|2,1|-1,-1|-1,-1|27,16|
#type=4,4,4,4,2,4,4,4,
U..Lr..L
#101100101010
#assigned_pet=4,7,-1,9,-1,-1,-1,11,
#assigned_hub=2,0,5,1,-1,4,8,7,
#moving_targetting_pos=-1,-1|-1,-1|-1,-1|-1,-1|2,29|16,16|-1,-1|-1,-1|
#setting_targetting_pos=5,25|4,5|-1,-1|4,17|2,1|-1,-1|-1,-1|27,16|
#type=4,4,4,4,2,4,4,4,
R..U...L
#101100101010
#assigned_pet=4,7,-1,9,-1,-1,-1,11,
#assigned_hub=2,0,5,1,-1,4,8,7,
#moving_targetting_pos=-1,-1|-1,-1|16,26|-1,-1|2,29|16,16|-1,-1|-1,-1|
#setting_targetting_pos=5,24|4,5|-1,-1|4,17|2,1|-1,-1|-1,-1|28,15|
#type=4,4,4,4,2,4,4,4,
L......L
#101100101010
#assigned_pet=4,7,-1,9,-1,-1,-1,11,
#assigned_hub=2,0,5,1,-1,4,8,7,
#moving_targetting_pos=-1,-1|-1,-1|-1,-1|-1,-1|2,29|16,16|-1,-1|-1,-1|
#setting_targetting_pos=6,24|4,5|-1,-1|4,17|2,1|-1,-1|-1,-1|26,15|
#type=4,4,4,4,2,4,4,4,
L......R
#101100101110
#assigned_pet=4,1,-1,9,-1,-1,-1,11,
#assigned_hub=2,0,5,1,-1,4,8,7,
#moving_targetting_pos=-1,-1|-1,-1|-1,-1|-1,-1|2,29|16,16|-1,-1|-1,-1|
#setting_targetting_pos=6,25|4,7|-1,-1|4,17|2,1|-1,-1|-1,-1|28,15|
#type=4,4,4,5,2,4,4,4,
RR.ud..L
#101100101110
#assigned_pet=4,1,-1,-1,-1,-1,-1,11,
#assigned_hub=2,0,5,1,-1,4,8,7,
#moving_targetting_pos=-1,-1|-1,-1|-1,-1|-1,-1|2,29|16,16|26,26|-1,-1|
#setting_targetting_pos=7,25|4,7|-1,-1|-1,-1|2,1|-1,-1|-1,-1|28,15|
#type=4,4,4,4,2,4,4,4,
DR..L..D
#101100101111
#assigned_pet=4,1,-1,-1,-1,-1,-1,11,
#assigned_hub=2,0,5,1,-1,4,8,7,
#moving_targetting_pos=-1,-1|-1,-1|-1,-1|-1,-1|2,29|16,16|26,26|-1,-1|
#setting_targetting_pos=8,25|4,7|-1,-1|-1,-1|2,1|-1,-1|-1,-1|28,15|
#type=4,4,4,4,2,4,4,5,
D...L..d
#101100101111
#assigned_pet=4,1,-1,-1,-1,-1,-1,-1,
#assigned_hub=2,0,5,1,-1,4,8,7,
#moving_targetting_pos=-1,-1|-1,-1|-1,-1|-1,-1|2,29|16,16|26,26|26,16|
#setting_targetting_pos=7,25|4,7|-1,-1|-1,-1|2,1|-1,-1|-1,-1|-1,-1|
#type=4,4,4,4,2,4,4,4,
R...L...
#101100101111
#assigned_pet=4,1,-1,-1,-1,-1,-1,-1,
#assigned_hub=2,0,5,1,-1,4,8,7,
#moving_targetting_pos=-1,-1|-1,-1|-1,-1|-1,-1|2,29|16,16|26,26|26,16|
#setting_targetting_pos=7,26|4,7|-1,-1|-1,-1|2,1|-1,-1|-1,-1|-1,-1|
#type=4,4,4,4,2,4,4,4,
U.......
#101100101111
#assigned_pet=4,1,-1,-1,-1,-1,-1,-1,
#assigned_hub=2,0,5,1,-1,4,8,7,
#moving_targetting_pos=-1,-1|-1,-1|-1,-1|-1,-1|2,29|16,16|26,26|26,16|
#setting_targetting_pos=7,25|4,7|-1,-1|-1,-1|2,1|-1,-1|-1,-1|-1,-1|
#type=4,4,4,4,2,4,4,4,
L...d...
#101100101111
#assigned_pet=4,1,-1,-1,-1,-1,-1,-1,
#assigned_hub=2,0,5,1,-1,4,8,7,
#moving_targetting_pos=-1,-1|-1,-1|-1,-1|-1,-1|2,29|16,16|26,26|26,16|
#setting_targetting_pos=6,25|4,7|-1,-1|-1,-1|2,1|-1,-1|-1,-1|-1,-1|
#type=4,4,4,4,2,4,4,4,
R...u...
#101100101111
#assigned_pet=4,1,-1,-1,-1,-1,-1,-1,
#assigned_hub=2,0,5,1,-1,4,8,7,
#moving_targetting_pos=-1,-1|-1,-1|-1,-1|-1,-1|2,29|16,16|26,26|26,16|
#setting_targetting_pos=6,24|4,7|-1,-1|-1,-1|2,1|-1,-1|-1,-1|-1,-1|
#type=4,4,4,4,2,4,4,4,
L...L...
#101100101111
#assigned_pet=4,1,-1,5,-1,-1,-1,-1,
#assigned_hub=2,0,5,1,-1,4,8,7,
#moving_targetting_pos=-1,-1|-1,-1|-1,-1|-1,-1|2,29|16,16|26,26|26,16|
#setting_targetting_pos=6,25|4,7|-1,-1|5,14|2,1|-1,-1|-1,-1|-1,-1|
#type=4,4,4,4,2,4,4,4,
R..Lr...
#111100101111
#assigned_pet=4,1,-1,-1,-1,-1,-1,-1,
#assigned_hub=2,0,5,1,-1,4,8,7,
#moving_targetting_pos=-1,-1|-1,-1|-1,-1|-1,-1|2,29|16,16|26,26|26,16|
#setting_targetting_pos=5,25|4,7|-1,-1|-1,-1|2,1|-1,-1|-1,-1|-1,-1|
#type=4,5,4,4,2,4,4,4,
Lu..L...
#111100101111
#assigned_pet=4,7,-1,-1,-1,-1,-1,-1,
#assigned_hub=2,0,5,1,-1,4,8,7,
#moving_targetting_pos=-1,-1|-1,-1|-1,-1|-1,-1|2,29|16,16|26,26|26,16|
#setting_targetting_pos=6,25|4,5|-1,-1|-1,-1|2,1|-1,-1|-1,-1|-1,-1|
#type=4,4,4,4,2,4,4,4,
RL..L...
#111100101111
#assigned_pet=4,7,-1,-1,-1,-1,-1,-1,
#assigned_hub=2,0,5,1,-1,4,8,7,
#moving_targetting_pos=-1,-1|-1,-1|-1,-1|-1,-1|2,29|16,16|26,26|26,16|
#setting_targetting_pos=6,24|4,5|-1,-1|-1,-1|2,1|-1,-1|-1,-1|-1,-1|
#type=4,4,4,4,2,4,4,4,
LL..d...
#111100101111
#assigned_pet=4,7,-1,-1,-1,-1,-1,-1,
#assigned_hub=2,0,3,1,-1,4,8,7,
#moving_targetting_pos=-1,-1|-1,-1|16,6|-1,-1|2,29|16,16|26,26|26,16|
#setting_targetting_pos=5,24|4,5|-1,-1|-1,-1|2,1|-1,-1|-1,-1|-1,-1|
#type=4,4,3,4,2,4,4,4,
L.U.L...
#111100101111
#assigned_pet=4,7,-1,-1,-1,-1,-1,-1,
#assigned_hub=2,0,3,1,-1,4,8,7,
#moving_targetting_pos=-1,-1|-1,-1|16,6|-1,-1|2,29|16,16|26,26|26,16|
#setting_targetting_pos=6,24|4,5|-1,-1|-1,-1|2,1|-1,-1|-1,-1|-1,-1|
#type=4,4,3,4,2,4,4,4,
R.L.L...
#111100101111
#assigned_pet=4,7,-1,-1,-1,-1,-1,-1,
#assigned_hub=2,0,3,1,-1,4,8,7,
#moving_targetting_pos=-1,-1|-1,-1|16,6|-1,-1|2,29|16,16|26,26|26,16|
#setting_targetting_pos=5,24|4,5|-1,-1|-1,-1|2,1|-1,-1|-1,-1|-1,-1|
#type=4,4,3,4,2,4,4,4,
L.U.r...
#111100101111
#assigned_pet=4,7,-1,-1,-1,-1,-1,-1,
#assigned_hub=2,0,3,1,-1,4,8,7,
#moving_targetting_pos=-1,-1|-1,-1|16,6|-1,-1|2,29|16,16|26,26|26,16|
#setting_targetting_pos=5,25|4,5|-1,-1|-1,-1|2,1|-1,-1|-1,-1|-1,-1|
#type=4,4,3,4,2,4,4,4,
R.L.u...
#111100101111
#assigned_pet=4,7,-1,-1,-1,-1,-1,-1,
#assigned_hub=2,0,3,1,-1,4,8,7,
#moving_targetting_pos=-1,-1|-1,-1|16,6|-1,-1|2,29|16,16|26,26|26,16|
#setting_targetting_pos=4,25|4,5|-1,-1|-1,-1|2,1|-1,-1|-1,-1|-1,-1|
#type=4,4,3,4,0,4,4,4,
U.L.....
#111100111111
#assigned_pet=4,7,-1,-1,-1,-1,-1,-1,
#assigned_hub=2,0,3,1,-1,4,8,7,
#moving_targetting_pos=-1,-1|-1,-1|16,6|-1,-1|2,29|16,16|26,26|26,16|
#setting_targetting_pos=4,25|4,5|-1,-1|-1,-1|2,1|-1,-1|-1,-1|-1,-1|
#type=4,5,3,4,0,4,4,4,
.uL.....
#111110111111
#assigned_pet=4,5,-1,-1,-1,-1,-1,-1,
#assigned_hub=2,0,3,1,-1,4,8,7,
#moving_targetting_pos=-1,-1|-1,-1|16,6|-1,-1|2,29|16,16|26,26|26,16|
#setting_targetting_pos=4,25|8,5|-1,-1|-1,-1|2,1|-1,-1|-1,-1|-1,-1|
#type=5,4,3,4,0,4,4,4,
uDL.....
#111110111111
#assigned_pet=-1,5,-1,-1,-1,-1,-1,-1,
#assigned_hub=2,0,3,1,-1,4,8,7,
#moving_targetting_pos=6,26|-1,-1|16,6|6,16|2,29|16,16|26,26|26,16|
#setting_targetting_pos=-1,-1|8,5|-1,-1|-1,-1|2,1|-1,-1|-1,-1|-1,-1|
#type=4,4,3,4,0,4,4,4,
.DL.....
#111110111111
#assigned_pet=-1,5,-1,-1,-1,-1,-1,-1,
#assigned_hub=2,0,3,1,-1,4,8,7,
#moving_targetting_pos=6,26|-1,-1|16,6|6,16|2,29|16,16|26,26|26,16|
#setting_targetting_pos=-1,-1|8,5|-1,-1|-1,-1|2,1|-1,-1|-1,-1|-1,-1|
#type=4,4,3,4,0,4,4,4,
..L.....
#111110111111
#assigned_pet=-1,5,-1,-1,-1,-1,-1,-1,
#assigned_hub=2,0,3,1,-1,4,8,7,
#moving_targetting_pos=6,26|-1,-1|16,6|6,16|2,29|16,16|26,26|26,16|
#setting_targetting_pos=-1,-1|8,5|-1,-1|-1,-1|2,1|-1,-1|-1,-1|-1,-1|
#type=4,4,3,4,0,4,4,4,
..L.....
#111110111111
#assigned_pet=-1,5,-1,-1,-1,-1,-1,-1,
#assigned_hub=2,0,3,1,-1,4,8,7,
#moving_targetting_pos=6,26|-1,-1|16,6|6,16|2,29|16,16|26,26|26,16|
#setting_targetting_pos=-1,-1|8,5|-1,-1|-1,-1|2,1|-1,-1|-1,-1|-1,-1|
#type=4,4,3,4,0,4,4,4,
..L.....
#111110111111
#assigned_pet=-1,5,-1,-1,-1,-1,-1,-1,
#assigned_hub=2,0,3,1,-1,4,8,7,
#moving_targetting_pos=6,26|-1,-1|16,6|6,16|2,29|16,16|26,26|26,16|
#setting_targetting_pos=-1,-1|8,5|-1,-1|-1,-1|2,1|-1,-1|-1,-1|-1,-1|
#type=4,4,3,4,0,4,4,4,
..L.....
#111110111111
#assigned_pet=-1,5,-1,-1,-1,-1,-1,-1,
#assigned_hub=2,0,3,1,-1,4,8,7,
#moving_targetting_pos=6,26|-1,-1|16,6|6,16|2,29|16,16|26,26|26,16|
#setting_targetting_pos=-1,-1|8,5|-1,-1|-1,-1|2,1|-1,-1|-1,-1|-1,-1|
#type=4,4,3,4,0,4,4,4,
..D.....
#111110111111
#assigned_pet=-1,5,-1,-1,-1,-1,-1,-1,
#assigned_hub=2,0,3,1,-1,4,8,7,
#moving_targetting_pos=6,26|-1,-1|16,6|6,16|2,29|16,16|26,26|26,16|
#setting_targetting_pos=-1,-1|8,5|-1,-1|-1,-1|2,1|-1,-1|-1,-1|-1,-1|
#type=4,4,3,4,0,4,4,4,
..L.....
#111110111111
#assigned_pet=-1,5,-1,-1,-1,-1,-1,-1,
#assigned_hub=2,0,3,1,-1,4,8,7,
#moving_targetting_pos=6,26|-1,-1|16,6|6,16|2,29|16,16|26,26|26,16|
#setting_targetting_pos=-1,-1|8,5|-1,-1|-1,-1|2,1|-1,-1|-1,-1|-1,-1|
#type=4,4,3,4,0,4,4,4,
..D.....
#111110111111
#assigned_pet=-1,5,-1,-1,-1,-1,-1,-1,
#assigned_hub=2,0,3,1,-1,4,8,7,
#moving_targetting_pos=6,26|-1,-1|16,6|6,16|2,29|16,16|26,26|26,16|
#setting_targetting_pos=-1,-1|8,5|-1,-1|-1,-1|2,1|-1,-1|-1,-1|-1,-1|
#type=4,4,3,4,0,4,4,4,
..L.....
#111110111111
#assigned_pet=-1,5,-1,-1,-1,-1,-1,-1,
#assigned_hub=2,0,3,1,-1,4,8,7,
#moving_targetting_pos=6,26|-1,-1|16,6|6,16|2,29|16,16|26,26|26,16|
#setting_targetting_pos=-1,-1|8,5|-1,-1|-1,-1|2,1|-1,-1|-1,-1|-1,-1|
#type=4,4,3,4,0,4,4,4,
..L.....
#111110111111
#assigned_pet=-1,-1,-1,-1,-1,-1,-1,-1,
#assigned_hub=2,0,3,1,-1,4,8,7,
#moving_targetting_pos=6,26|-1,-1|16,6|6,16|2,29|16,16|26,26|26,16|
#setting_targetting_pos=-1,-1|-1,-1|-1,-1|-1,-1|2,1|-1,-1|-1,-1|-1,-1|
#type=4,4,3,4,0,4,4,4,
..L.....
#111110111111
#assigned_pet=-1,-1,-1,-1,-1,-1,-1,-1,
#assigned_hub=2,0,3,1,-1,4,8,7,
#moving_targetting_pos=6,26|-1,-1|16,6|6,16|2,29|-1,-1|26,26|26,16|
#setting_targetting_pos=-1,-1|-1,-1|-1,-1|-1,-1|2,1|-1,-1|-1,-1|-1,-1|
#type=4,4,3,4,0,4,4,4,
..L.....
#111110111111
#assigned_pet=-1,-1,-1,-1,-1,-1,-1,-1,
#assigned_hub=2,0,3,1,-1,4,8,7,
#moving_targetting_pos=6,26|-1,-1|16,6|6,16|2,29|-1,-1|26,26|26,16|
#setting_targetting_pos=-1,-1|-1,-1|-1,-1|-1,-1|2,1|-1,-1|-1,-1|-1,-1|
#type=4,4,3,4,0,4,4,4,
..L.....
#111110111111
#assigned_pet=-1,-1,-1,-1,-1,-1,-1,-1,
#assigned_hub=2,0,3,1,-1,4,8,7,
#moving_targetting_pos=6,26|-1,-1|16,6|6,16|2,29|-1,-1|26,26|26,16|
#setting_targetting_pos=-1,-1|-1,-1|-1,-1|-1,-1|2,1|-1,-1|-1,-1|-1,-1|
#type=4,4,3,4,0,4,4,4,
..L.....
#111110111111
#assigned_pet=-1,-1,-1,-1,-1,-1,-1,-1,
#assigned_hub=2,0,3,1,-1,4,8,7,
#moving_targetting_pos=6,26|-1,-1|16,6|6,16|2,29|-1,-1|26,26|26,16|
#setting_targetting_pos=-1,-1|-1,-1|-1,-1|-1,-1|2,1|-1,-1|-1,-1|-1,-1|
#type=4,4,3,4,0,4,4,4,
..L.....
#111110111111
#assigned_pet=-1,-1,5,-1,-1,-1,-1,-1,
#assigned_hub=2,0,3,1,-1,4,8,7,
#moving_targetting_pos=6,26|-1,-1|-1,-1|6,16|2,29|-1,-1|26,26|26,16|
#setting_targetting_pos=-1,-1|-1,-1|16,6|-1,-1|2,1|-1,-1|-1,-1|-1,-1|
#type=4,4,4,4,0,4,4,4,
..L.....
#111110111111
#assigned_pet=-1,-1,5,-1,-1,-1,-1,-1,
#assigned_hub=2,0,3,1,-1,4,8,7,
#moving_targetting_pos=6,26|-1,-1|-1,-1|6,16|2,29|-1,-1|26,26|26,16|
#setting_targetting_pos=-1,-1|-1,-1|16,7|-1,-1|2,1|-1,-1|-1,-1|-1,-1|
#type=4,4,4,4,0,4,4,4,
..R.....
#111110111111
#assigned_pet=-1,-1,5,-1,-1,-1,-1,-1,
#assigned_hub=2,0,3,1,-1,4,8,7,
#moving_targetting_pos=6,26|-1,-1|-1,-1|6,16|2,29|-1,-1|26,26|26,16|
#setting_targetting_pos=-1,-1|-1,-1|18,6|-1,-1|2,1|-1,-1|-1,-1|-1,-1|
#type=4,4,4,4,0,4,4,4,
..L.....
#111110111111
#assigned_pet=-1,-1,5,-1,-1,-1,-1,-1,
#assigned_hub=2,0,3,1,-1,4,8,7,
#moving_targetting_pos=6,26|6,6|-1,-1|6,16|2,29|-1,-1|26,26|26,16|
#setting_targetting_pos=-1,-1|-1,-1|18,7|-1,-1|2,1|-1,-1|-1,-1|-1,-1|
#type=4,4,4,4,0,4,4,4,
..R.....
#111110111111
#assigned_pet=-1,-1,5,-1,-1,-1,-1,-1,
#assigned_hub=6,0,3,1,-1,4,8,7,
#moving_targetting_pos=26,6|-1,-1|-1,-1|6,16|2,29|16,16|26,26|26,16|
#setting_targetting_pos=-1,-1|-1,-1|18,5|-1,-1|2,1|-1,-1|-1,-1|-1,-1|
#type=3,4,4,4,0,4,4,4,
L.L.....
#111110111111
#assigned_pet=-1,-1,5,-1,-1,-1,-1,-1,
#assigned_hub=6,0,3,1,-1,4,8,7,
#moving_targetting_pos=26,6|6,6|-1,-1|6,16|2,29|16,16|26,26|26,16|
#setting_targetting_pos=-1,-1|-1,-1|18,5|-1,-1|2,1|-1,-1|-1,-1|-1,-1|
#type=3,4,4,4,0,4,4,4,
L.L.....
#111110111111
#assigned_pet=-1,-1,5,-1,-1,-1,-1,-1,
#assigned_hub=6,0,3,1,-1,4,8,7,
#moving_targetting_pos=26,6|6,6|-1,-1|6,16|2,29|16,16|26,26|26,16|
#setting_targetting_pos=-1,-1|-1,-1|18,5|-1,-1|2,1|-1,-1|-1,-1|-1,-1|
#type=3,4,4,4,0,4,4,4,
L.......
#111110111111
#assigned_pet=-1,-1,5,-1,-1,-1,-1,-1,
#assigned_hub=6,0,3,1,-1,4,8,7,
#moving_targetting_pos=26,6|6,6|-1,-1|6,16|2,29|16,16|26,26|26,16|
#setting_targetting_pos=-1,-1|-1,-1|18,5|-1,-1|2,1|-1,-1|-1,-1|-1,-1|
#type=3,4,4,4,0,4,4,4,
L.......
#111110111111
#assigned_pet=-1,-1,5,-1,-1,-1,-1,-1,
#assigned_hub=6,0,3,1,-1,4,8,7,
#moving_targetting_pos=26,6|6,6|-1,-1|6,16|2,29|16,16|26,26|26,16|
#setting_targetting_pos=-1,-1|-1,-1|18,5|-1,-1|2,1|-1,-1|-1,-1|-1,-1|
#type=3,4,4,4,0,4,4,4,
L.......
#111110111111
#assigned_pet=-1,-1,5,-1,-1,-1,-1,-1,
#assigned_hub=6,0,3,1,-1,4,8,7,
#moving_targetting_pos=26,6|-1,-1|-1,-1|6,16|2,29|16,16|26,26|26,16|
#setting_targetting_pos=-1,-1|-1,-1|18,5|-1,-1|2,1|-1,-1|-1,-1|-1,-1|
#type=3,4,4,4,0,4,4,4,
L.......
#111110111111
#assigned_pet=-1,-1,5,-1,-1,-1,-1,-1,
#assigned_hub=6,0,3,1,-1,4,8,7,
#moving_targetting_pos=26,6|-1,-1|-1,-1|6,16|2,29|-1,-1|26,26|26,16|
#setting_targetting_pos=-1,-1|-1,-1|18,6|-1,-1|2,1|-1,-1|-1,-1|-1,-1|
#type=3,4,4,4,0,4,4,4,
L.R.....
#111110111111
#assigned_pet=-1,-1,5,-1,-1,-1,-1,-1,
#assigned_hub=6,0,3,1,-1,4,8,7,
#moving_targetting_pos=26,6|-1,-1|-1,-1|6,16|2,29|-1,-1|26,26|26,16|
#setting_targetting_pos=-1,-1|-1,-1|17,6|-1,-1|2,1|-1,-1|-1,-1|-1,-1|
#type=3,4,4,4,0,4,4,4,
L.U.....
#111110111111
#assigned_pet=-1,-1,5,-1,-1,-1,-1,-1,
#assigned_hub=6,0,3,1,-1,4,8,7,
#moving_targetting_pos=26,6|-1,-1|-1,-1|6,16|2,29|16,16|26,26|26,16|
#setting_targetting_pos=-1,-1|-1,-1|17,4|-1,-1|2,1|-1,-1|-1,-1|-1,-1|
#type=3,4,4,4,0,4,4,4,
L.L.....
#111110111111
#assigned_pet=-1,-1,5,-1,-1,-1,-1,-1,
#assigned_hub=6,0,3,1,-1,4,8,7,
#moving_targetting_pos=26,6|-1,-1|-1,-1|6,16|2,29|16,16|26,26|26,16|
#setting_targetting_pos=-1,-1|-1,-1|17,4|-1,-1|2,1|-1,-1|-1,-1|-1,-1|
#type=3,4,4,4,0,4,4,4,
L.L.....
#111110111111
#assigned_pet=-1,-1,5,-1,-1,-1,-1,-1,
#assigned_hub=6,0,3,1,-1,4,8,7,
#moving_targetting_pos=26,6|-1,-1|-1,-1|6,16|2,29|16,16|26,26|26,16|
#setting_targetting_pos=-1,-1|-1,-1|16,4|-1,-1|2,1|-1,-1|-1,-1|-1,-1|
#type=3,4,4,4,0,4,4,4,
D.R.....
#111110111111
#assigned_pet=-1,-1,5,-1,-1,-1,-1,-1,
#assigned_hub=6,0,3,1,-1,4,8,7,
#moving_targetting_pos=26,6|-1,-1|-1,-1|6,16|2,29|16,16|26,26|26,16|
#setting_targetting_pos=-1,-1|-1,-1|14,5|-1,-1|2,1|-1,-1|-1,-1|-1,-1|
#type=3,4,4,4,0,4,4,4,
D.U.....
#111110111111
#assigned_pet=-1,-1,5,-1,-1,-1,-1,-1,
#assigned_hub=6,0,3,1,-1,4,8,7,
#moving_targetting_pos=26,6|-1,-1|-1,-1|6,16|2,29|16,16|26,26|26,16|
#setting_targetting_pos=-1,-1|-1,-1|15,5|-1,-1|2,1|-1,-1|-1,-1|-1,-1|
#type=3,4,4,4,0,4,4,4,
D.R.....
#111110111111
#assigned_pet=-1,-1,5,-1,-1,-1,-1,-1,
#assigned_hub=6,0,3,1,-1,4,8,7,
#moving_targetting_pos=26,6|-1,-1|-1,-1|6,16|2,29|16,16|26,26|26,16|
#setting_targetting_pos=-1,-1|-1,-1|16,5|-1,-1|2,1|-1,-1|-1,-1|-1,-1|
#type=3,4,4,4,0,4,4,4,
D.L.....
#111110111111
#assigned_pet=-1,-1,5,-1,-1,-1,-1,-1,
#assigned_hub=6,0,3,1,-1,4,8,7,
#moving_targetting_pos=26,6|-1,-1|-1,-1|6,16|2,29|16,16|26,26|26,16|
#setting_targetting_pos=-1,-1|-1,-1|16,4|-1,-1|2,1|-1,-1|-1,-1|-1,-1|
#type=3,4,4,4,0,4,4,4,
D.L.....
#111110111111
#assigned_pet=-1,-1,5,-1,-1,-1,-1,-1,
#assigned_hub=6,0,3,1,-1,4,8,7,
#moving_targetting_pos=26,6|-1,-1|-1,-1|6,16|2,29|16,16|26,26|26,16|
#setting_targetting_pos=-1,-1|-1,-1|17,4|-1,-1|2,1|-1,-1|-1,-1|-1,-1|
#type=3,4,4,4,0,4,4,4,
D.D.....
#111110111111
#assigned_pet=-1,-1,5,-1,-1,-1,-1,-1,
#assigned_hub=6,0,3,1,-1,4,8,7,
#moving_targetting_pos=26,6|-1,-1|-1,-1|6,16|2,29|-1,-1|26,26|26,16|
#setting_targetting_pos=-1,-1|-1,-1|17,5|-1,-1|2,1|-1,-1|-1,-1|-1,-1|
#type=3,4,4,4,0,4,4,4,
D.R.....
#111110111111
#assigned_pet=-1,-1,5,-1,-1,-1,-1,-1,
#assigned_hub=6,0,3,1,-1,4,8,7,
#moving_targetting_pos=26,6|-1,-1|-1,-1|6,16|2,29|-1,-1|26,26|26,16|
#setting_targetting_pos=-1,-1|-1,-1|17,6|-1,-1|2,1|-1,-1|-1,-1|-1,-1|
#type=3,4,4,4,0,4,4,4,
D.R.....
#111110111111
#assigned_pet=-1,-1,5,-1,-1,-1,-1,-1,
#assigned_hub=6,0,3,1,-1,4,8,7,
#moving_targetting_pos=26,6|-1,-1|-1,-1|6,16|2,29|-1,-1|26,26|26,16|
#setting_targetting_pos=-1,-1|-1,-1|17,7|-1,-1|2,1|-1,-1|-1,-1|-1,-1|
#type=3,4,4,4,0,4,4,4,
D.R.....
#111110111111
#assigned_pet=-1,-1,5,-1,-1,-1,-1,-1,
#assigned_hub=6,0,3,1,-1,4,8,7,
#moving_targetting_pos=26,6|6,6|-1,-1|6,16|2,29|-1,-1|26,26|26,16|
#setting_targetting_pos=-1,-1|-1,-1|17,8|-1,-1|2,1|-1,-1|-1,-1|-1,-1|
#type=3,4,4,4,0,4,4,4,
D.R.....
#111110111111
#assigned_pet=-1,-1,5,-1,-1,-1,-1,-1,
#assigned_hub=6,0,3,1,-1,4,8,7,
#moving_targetting_pos=26,6|-1,-1|-1,-1|6,16|2,29|-1,-1|26,26|26,16|
#setting_targetting_pos=-1,-1|-1,-1|17,7|-1,-1|2,1|-1,-1|-1,-1|-1,-1|
#type=3,4,4,4,0,4,4,4,
D.L.....
#111110111111
#assigned_pet=-1,-1,5,-1,-1,-1,-1,-1,
#assigned_hub=6,0,3,1,-1,4,8,7,
#moving_targetting_pos=26,6|-1,-1|-1,-1|6,16|2,29|-1,-1|26,26|26,16|
#setting_targetting_pos=-1,-1|-1,-1|16,7|-1,-1|2,1|-1,-1|-1,-1|-1,-1|
#type=3,4,4,4,0,4,4,4,
L.L.....
#111110111111
#assigned_pet=-1,-1,5,-1,-1,-1,-1,-1,
#assigned_hub=6,0,3,1,-1,4,8,7,
#moving_targetting_pos=26,6|-1,-1|-1,-1|6,16|2,29|-1,-1|26,26|26,16|
#setting_targetting_pos=-1,-1|-1,-1|15,7|-1,-1|2,1|-1,-1|-1,-1|-1,-1|
#type=3,4,4,4,0,4,4,4,
D.R.....
#111110111111
#assigned_pet=-1,-1,5,-1,-1,-1,-1,-1,
#assigned_hub=6,0,3,1,-1,4,8,7,
#moving_targetting_pos=26,6|-1,-1|-1,-1|6,16|2,29|16,16|26,26|26,16|
#setting_targetting_pos=-1,-1|-1,-1|15,6|-1,-1|2,1|-1,-1|-1,-1|-1,-1|
#type=3,4,4,4,0,4,4,4,
L.L.....
#111110111111
#assigned_pet=-1,-1,5,-1,-1,-1,-1,-1,
#assigned_hub=6,0,3,1,-1,4,8,7,
#moving_targetting_pos=26,6|-1,-1|-1,-1|6,16|2,29|-1,-1|26,26|26,16|
#setting_targetting_pos=-1,-1|-1,-1|15,7|-1,-1|2,1|-1,-1|-1,-1|-1,-1|
#type=3,4,4,4,0,4,4,4,
L.R.....
#111110111111
#assigned_pet=-1,-1,5,-1,-1,-1,-1,-1,
#assigned_hub=6,0,3,1,-1,4,8,7,
#moving_targetting_pos=26,6|-1,-1|-1,-1|6,16|2,29|16,16|26,26|26,16|
#setting_targetting_pos=-1,-1|-1,-1|15,6|-1,-1|2,1|-1,-1|-1,-1|-1,-1|
#type=3,4,4,4,0,4,4,4,
L.L.....
#111110111111
#assigned_pet=-1,-1,5,-1,-1,-1,-1,-1,
#assigned_hub=6,0,3,1,-1,4,8,7,
#moving_targetting_pos=26,6|-1,-1|-1,-1|6,16|2,29|16,16|26,26|26,16|
#setting_targetting_pos=-1,-1|-1,-1|15,4|-1,-1|2,1|-1,-1|-1,-1|-1,-1|
#type=3,4,4,4,0,4,4,4,
L.L.....
#111110111111
#assigned_pet=-1,-1,5,-1,-1,-1,-1,-1,
#assigned_hub=6,0,3,1,-1,4,8,7,
#moving_targetting_pos=26,6|-1,-1|-1,-1|6,16|2,29|16,16|26,26|26,16|
#setting_targetting_pos=-1,-1|-1,-1|15,4|-1,-1|2,1|-1,-1|-1,-1|-1,-1|
#type=3,4,4,4,0,4,4,4,
L.L.....
#111111111111
#assigned_pet=-1,-1,5,-1,-1,-1,-1,-1,
#assigned_hub=6,0,3,1,-1,4,8,7,
#moving_targetting_pos=26,6|-1,-1|-1,-1|6,16|2,29|16,16|26,26|26,16|
#setting_targetting_pos=-1,-1|-1,-1|15,4|-1,-1|2,1|-1,-1|-1,-1|-1,-1|
#type=3,4,5,4,0,4,4,4,
L.u.....
#111111111111
#assigned_pet=-1,-1,-1,-1,-1,-1,-1,-1,
#assigned_hub=6,0,3,1,-1,4,8,7,
#moving_targetting_pos=26,6|6,6|16,6|6,16|2,29|16,16|26,26|26,16|
#setting_targetting_pos=-1,-1|-1,-1|-1,-1|-1,-1|2,1|-1,-1|-1,-1|-1,-1|
#type=3,4,4,4,0,4,4,4,
L.......
#111111111111
#assigned_pet=-1,-1,-1,-1,-1,-1,-1,-1,
#assigned_hub=6,0,3,1,-1,4,8,7,
#moving_targetting_pos=26,6|6,6|16,6|6,16|2,29|16,16|26,26|26,16|
#setting_targetting_pos=-1,-1|-1,-1|-1,-1|-1,-1|2,1|-1,-1|-1,-1|-1,-1|
#type=3,4,4,4,0,4,4,4,
D.......
#111111111111
#assigned_pet=-1,-1,-1,-1,-1,-1,-1,-1,
#assigned_hub=6,0,3,1,-1,4,8,7,
#moving_targetting_pos=26,6|6,6|16,6|6,16|2,29|16,16|26,26|26,16|
#setting_targetting_pos=-1,-1|-1,-1|-1,-1|-1,-1|2,1|-1,-1|-1,-1|-1,-1|
#type=3,4,4,4,0,4,4,4,
D.......
#111111111111
#assigned_pet=-1,-1,-1,-1,-1,-1,-1,-1,
#assigned_hub=6,0,3,1,-1,4,8,7,
#moving_targetting_pos=26,6|6,6|16,6|6,16|2,29|16,16|26,26|26,16|
#setting_targetting_pos=-1,-1|-1,-1|-1,-1|-1,-1|2,1|-1,-1|-1,-1|-1,-1|
#type=3,4,4,4,0,4,4,4,
D.......
#111111111111
#assigned_pet=-1,-1,-1,-1,-1,-1,-1,-1,
#assigned_hub=6,0,3,1,-1,4,8,7,
#moving_targetting_pos=26,6|6,6|16,6|6,16|2,29|16,16|26,26|26,16|
#setting_targetting_pos=-1,-1|-1,-1|-1,-1|-1,-1|2,1|-1,-1|-1,-1|-1,-1|
#type=3,4,4,4,0,4,4,4,
D.......
#111111111111
#assigned_pet=-1,-1,-1,-1,-1,-1,-1,-1,
#assigned_hub=6,0,3,1,-1,4,8,7,
#moving_targetting_pos=26,6|6,6|16,6|6,16|2,29|16,16|26,26|26,16|
#setting_targetting_pos=-1,-1|-1,-1|-1,-1|-1,-1|2,1|-1,-1|-1,-1|-1,-1|
#type=3,4,4,4,0,4,4,4,
D.......
#111111111111
#assigned_pet=-1,-1,-1,-1,-1,-1,-1,-1,
#assigned_hub=6,0,3,1,-1,4,8,7,
#moving_targetting_pos=26,6|6,6|16,6|6,16|2,29|16,16|26,26|26,16|
#setting_targetting_pos=-1,-1|-1,-1|-1,-1|-1,-1|2,1|-1,-1|-1,-1|-1,-1|
#type=3,4,4,4,0,4,4,4,
D.......
#111111111111
#assigned_pet=-1,-1,-1,-1,-1,-1,-1,-1,
#assigned_hub=6,0,3,1,-1,4,8,7,
#moving_targetting_pos=26,6|6,6|16,6|6,16|2,29|16,16|26,26|26,16|
#setting_targetting_pos=-1,-1|-1,-1|-1,-1|-1,-1|2,1|-1,-1|-1,-1|-1,-1|
#type=3,4,4,4,0,4,4,4,
D.......
#111111111111
#assigned_pet=-1,-1,-1,-1,-1,-1,-1,-1,
#assigned_hub=6,0,3,1,-1,4,8,7,
#moving_targetting_pos=26,6|6,6|16,6|6,16|2,29|16,16|26,26|26,16|
#setting_targetting_pos=-1,-1|-1,-1|-1,-1|-1,-1|2,1|-1,-1|-1,-1|-1,-1|
#type=3,4,4,4,0,4,4,4,
L.......
#111111111111
#assigned_pet=-1,-1,-1,-1,-1,-1,-1,-1,
#assigned_hub=6,0,3,1,-1,4,8,7,
#moving_targetting_pos=26,6|6,6|16,6|6,16|2,29|16,16|26,26|26,16|
#setting_targetting_pos=-1,-1|-1,-1|-1,-1|-1,-1|2,1|-1,-1|-1,-1|-1,-1|
#type=4,4,4,4,0,4,4,4,
........
#111111111111
#assigned_pet=-1,-1,-1,-1,-1,-1,-1,-1,
#assigned_hub=6,0,3,1,-1,4,8,7,
#moving_targetting_pos=26,6|6,6|16,6|6,16|2,29|16,16|26,26|26,16|
#setting_targetting_pos=-1,-1|-1,-1|-1,-1|-1,-1|2,1|-1,-1|-1,-1|-1,-1|
#type=4,4,4,4,0,4,4,4,
........
#111111111111
#assigned_pet=-1,-1,-1,-1,-1,-1,-1,-1,
#assigned_hub=6,0,3,1,-1,4,8,7,
#moving_targetting_pos=26,6|6,6|16,6|6,16|2,29|16,16|26,26|26,16|
#setting_targetting_pos=-1,-1|-1,-1|-1,-1|-1,-1|2,1|-1,-1|-1,-1|-1,-1|
#type=4,4,4,4,0,4,4,4,
........
#111111111111
#assigned_pet=-1,-1,-1,-1,-1,-1,-1,-1,
#assigned_hub=6,0,3,1,-1,4,8,7,
#moving_targetting_pos=26,6|6,6|16,6|6,16|2,29|16,16|26,26|26,16|
#setting_targetting_pos=-1,-1|-1,-1|-1,-1|-1,-1|2,1|-1,-1|-1,-1|-1,-1|
#type=4,4,4,4,0,4,4,4,
........
#111111111111
#assigned_pet=-1,-1,-1,-1,-1,-1,-1,-1,
#assigned_hub=6,0,3,1,-1,4,8,7,
#moving_targetting_pos=26,6|6,6|16,6|6,16|2,29|16,16|26,26|26,16|
#setting_targetting_pos=-1,-1|-1,-1|-1,-1|-1,-1|2,1|-1,-1|-1,-1|-1,-1|
#type=4,4,4,4,0,4,4,4,
........
#111111111111
#assigned_pet=-1,-1,-1,-1,-1,-1,-1,-1,
#assigned_hub=6,0,3,1,-1,4,8,7,
#moving_targetting_pos=26,6|6,6|16,6|6,16|2,29|16,16|26,26|26,16|
#setting_targetting_pos=-1,-1|-1,-1|-1,-1|-1,-1|2,1|-1,-1|-1,-1|-1,-1|
#type=4,4,4,4,0,4,4,4,
........
#111111111111
#assigned_pet=-1,-1,-1,-1,-1,-1,-1,-1,
#assigned_hub=6,0,3,1,-1,4,8,7,
#moving_targetting_pos=26,6|6,6|16,6|6,16|2,29|16,16|26,26|26,16|
#setting_targetting_pos=-1,-1|-1,-1|-1,-1|-1,-1|2,1|-1,-1|-1,-1|-1,-1|
#type=4,4,4,4,0,4,4,4,
........
#111111111111
#assigned_pet=-1,-1,-1,-1,-1,-1,-1,-1,
#assigned_hub=6,0,3,1,-1,4,8,7,
#moving_targetting_pos=26,6|6,6|16,6|6,16|2,29|16,16|26,26|26,16|
#setting_targetting_pos=-1,-1|-1,-1|-1,-1|-1,-1|2,1|-1,-1|-1,-1|-1,-1|
#type=4,4,4,4,0,4,4,4,
........
#111111111111
#assigned_pet=-1,-1,-1,-1,-1,-1,-1,-1,
#assigned_hub=6,0,3,1,-1,4,8,7,
#moving_targetting_pos=26,6|6,6|16,6|6,16|2,29|16,16|26,26|26,16|
#setting_targetting_pos=-1,-1|-1,-1|-1,-1|-1,-1|2,1|-1,-1|-1,-1|-1,-1|
#type=4,4,4,4,0,4,4,4,
........
#111111111111
#assigned_pet=-1,-1,-1,-1,-1,-1,-1,-1,
#assigned_hub=6,0,3,1,-1,4,8,7,
#moving_targetting_pos=26,6|6,6|16,6|6,16|2,29|16,16|26,26|26,16|
#setting_targetting_pos=-1,-1|-1,-1|-1,-1|-1,-1|2,1|-1,-1|-1,-1|-1,-1|
#type=4,4,4,4,0,4,4,4,
........
#111111111111
#assigned_pet=-1,-1,-1,-1,-1,-1,-1,-1,
#assigned_hub=6,0,3,1,-1,4,8,7,
#moving_targetting_pos=26,6|6,6|16,6|6,16|2,29|16,16|26,26|26,16|
#setting_targetting_pos=-1,-1|-1,-1|-1,-1|-1,-1|2,1|-1,-1|-1,-1|-1,-1|
#type=4,4,4,4,0,4,4,4,
........
#111111111111
#assigned_pet=-1,-1,-1,-1,-1,-1,-1,-1,
#assigned_hub=6,0,3,1,-1,4,8,7,
#moving_targetting_pos=26,6|6,6|16,6|6,16|2,29|16,16|26,26|26,16|
#setting_targetting_pos=-1,-1|-1,-1|-1,-1|-1,-1|2,1|-1,-1|-1,-1|-1,-1|
#type=4,4,4,4,0,4,4,4,
........
#111111111111
#assigned_pet=-1,-1,-1,-1,-1,-1,-1,-1,
#assigned_hub=6,0,3,1,-1,4,8,7,
#moving_targetting_pos=26,6|6,6|16,6|6,16|2,29|16,16|26,26|26,16|
#setting_targetting_pos=-1,-1|-1,-1|-1,-1|-1,-1|2,1|-1,-1|-1,-1|-1,-1|
#type=4,4,4,4,0,4,4,4,
........
#111111111111
#assigned_pet=-1,-1,-1,-1,-1,-1,-1,-1,
#assigned_hub=6,0,3,1,-1,4,8,7,
#moving_targetting_pos=26,6|6,6|16,6|6,16|2,29|16,16|26,26|26,16|
#setting_targetting_pos=-1,-1|-1,-1|-1,-1|-1,-1|2,1|-1,-1|-1,-1|-1,-1|
#type=4,4,4,4,0,4,4,4,
........
#111111111111
#assigned_pet=-1,-1,-1,-1,-1,-1,-1,-1,
#assigned_hub=6,0,3,1,-1,4,8,7,
#moving_targetting_pos=26,6|6,6|16,6|6,16|2,29|16,16|26,26|26,16|
#setting_targetting_pos=-1,-1|-1,-1|-1,-1|-1,-1|2,1|-1,-1|-1,-1|-1,-1|
#type=4,4,4,4,0,4,4,4,
........
#111111111111
#assigned_pet=-1,-1,-1,-1,-1,-1,-1,-1,
#assigned_hub=6,0,3,1,-1,4,8,7,
#moving_targetting_pos=26,6|6,6|16,6|6,16|2,29|16,16|26,26|26,16|
#setting_targetting_pos=-1,-1|-1,-1|-1,-1|-1,-1|2,1|-1,-1|-1,-1|-1,-1|
#type=4,4,4,4,0,4,4,4,
........
#111111111111
#assigned_pet=-1,-1,-1,-1,-1,-1,-1,-1,
#assigned_hub=6,0,3,1,-1,4,8,7,
#moving_targetting_pos=26,6|6,6|16,6|6,16|2,29|16,16|26,26|26,16|
#setting_targetting_pos=-1,-1|-1,-1|-1,-1|-1,-1|2,1|-1,-1|-1,-1|-1,-1|
#type=4,4,4,4,0,4,4,4,
........
#111111111111
#assigned_pet=-1,-1,-1,-1,-1,-1,-1,-1,
#assigned_hub=6,0,3,1,-1,4,8,7,
#moving_targetting_pos=26,6|6,6|16,6|6,16|2,29|16,16|26,26|26,16|
#setting_targetting_pos=-1,-1|-1,-1|-1,-1|-1,-1|2,1|-1,-1|-1,-1|-1,-1|
#type=4,4,4,4,0,4,4,4,
........
#111111111111
#assigned_pet=-1,-1,-1,-1,-1,-1,-1,-1,
#assigned_hub=6,0,3,1,-1,4,8,7,
#moving_targetting_pos=26,6|6,6|16,6|6,16|2,29|16,16|26,26|26,16|
#setting_targetting_pos=-1,-1|-1,-1|-1,-1|-1,-1|2,1|-1,-1|-1,-1|-1,-1|
#type=4,4,4,4,0,4,4,4,
........
#111111111111
#assigned_pet=-1,-1,-1,-1,-1,-1,-1,-1,
#assigned_hub=6,0,3,1,-1,4,8,7,
#moving_targetting_pos=26,6|6,6|16,6|6,16|2,29|16,16|26,26|26,16|
#setting_targetting_pos=-1,-1|-1,-1|-1,-1|-1,-1|2,1|-1,-1|-1,-1|-1,-1|
#type=4,4,4,4,0,4,4,4,
........
#111111111111
#assigned_pet=-1,-1,-1,-1,-1,-1,-1,-1,
#assigned_hub=6,0,3,1,-1,4,8,7,
#moving_targetting_pos=26,6|6,6|16,6|6,16|2,29|16,16|26,26|26,16|
#setting_targetting_pos=-1,-1|-1,-1|-1,-1|-1,-1|2,1|-1,-1|-1,-1|-1,-1|
#type=4,4,4,4,0,4,4,4,
........
#111111111111
#assigned_pet=-1,-1,-1,-1,-1,-1,-1,-1,
#assigned_hub=6,0,3,1,-1,4,8,7,
#moving_targetting_pos=26,6|6,6|16,6|6,16|2,29|16,16|26,26|26,16|
#setting_targetting_pos=-1,-1|-1,-1|-1,-1|-1,-1|2,1|-1,-1|-1,-1|-1,-1|
#type=4,4,4,4,0,4,4,4,
........
#111111111111
#assigned_pet=-1,-1,-1,-1,-1,-1,-1,-1,
#assigned_hub=6,0,3,1,-1,4,8,7,
#moving_targetting_pos=26,6|6,6|16,6|6,16|2,29|16,16|26,26|26,16|
#setting_targetting_pos=-1,-1|-1,-1|-1,-1|-1,-1|2,1|-1,-1|-1,-1|-1,-1|
#type=4,4,4,4,0,4,4,4,
........
#111111111111
#assigned_pet=-1,-1,-1,-1,-1,-1,-1,-1,
#assigned_hub=6,0,3,1,-1,4,8,7,
#moving_targetting_pos=26,6|6,6|16,6|6,16|2,29|16,16|26,26|26,16|
#setting_targetting_pos=-1,-1|-1,-1|-1,-1|-1,-1|2,1|-1,-1|-1,-1|-1,-1|
#type=4,4,4,4,0,4,4,4,
........
#111111111111
#assigned_pet=-1,-1,-1,-1,-1,-1,-1,-1,
#assigned_hub=6,0,3,1,-1,4,8,7,
#moving_targetting_pos=26,6|6,6|16,6|6,16|2,29|16,16|26,26|26,16|
#setting_targetting_pos=-1,-1|-1,-1|-1,-1|-1,-1|2,1|-1,-1|-1,-1|-1,-1|
#type=4,4,4,4,0,4,4,4,
........
#111111111111
#assigned_pet=-1,-1,-1,-1,-1,-1,-1,-1,
#assigned_hub=6,0,3,1,-1,4,8,7,
#moving_targetting_pos=26,6|6,6|16,6|6,16|2,29|16,16|26,26|26,16|
#setting_targetting_pos=-1,-1|-1,-1|-1,-1|-1,-1|2,1|-1,-1|-1,-1|-1,-1|
#type=4,4,4,4,0,4,4,4,
........
#111111111111
#assigned_pet=-1,-1,-1,-1,-1,-1,-1,-1,
#assigned_hub=6,0,3,1,-1,4,8,7,
#moving_targetting_pos=26,6|6,6|16,6|6,16|2,29|16,16|26,26|26,16|
#setting_targetting_pos=-1,-1|-1,-1|-1,-1|-1,-1|2,1|-1,-1|-1,-1|-1,-1|
#type=4,4,4,4,0,4,4,4,
........
#111111111111
#assigned_pet=-1,-1,-1,-1,-1,-1,-1,-1,
#assigned_hub=6,0,3,1,-1,4,8,7,
#moving_targetting_pos=26,6|6,6|16,6|6,16|2,29|16,16|26,26|26,16|
#setting_targetting_pos=-1,-1|-1,-1|-1,-1|-1,-1|2,1|-1,-1|-1,-1|-1,-1|
#type=4,4,4,4,0,4,4,4,
........
#111111111111
#assigned_pet=-1,-1,-1,-1,-1,-1,-1,-1,
#assigned_hub=6,0,3,1,-1,4,8,7,
#moving_targetting_pos=26,6|6,6|16,6|6,16|2,29|16,16|26,26|26,16|
#setting_targetting_pos=-1,-1|-1,-1|-1,-1|-1,-1|2,1|-1,-1|-1,-1|-1,-1|
#type=4,4,4,4,0,4,4,4,
........
#111111111111
#assigned_pet=-1,-1,-1,-1,-1,-1,-1,-1,
#assigned_hub=6,0,3,1,-1,4,8,7,
#moving_targetting_pos=26,6|6,6|16,6|6,16|2,29|16,16|26,26|26,16|
#setting_targetting_pos=-1,-1|-1,-1|-1,-1|-1,-1|2,1|-1,-1|-1,-1|-1,-1|
#type=4,4,4,4,0,4,4,4,
........
#111111111111
#assigned_pet=-1,-1,-1,-1,-1,-1,-1,-1,
#assigned_hub=6,0,3,1,-1,4,8,7,
#moving_targetting_pos=26,6|6,6|16,6|6,16|2,29|16,16|26,26|26,16|
#setting_targetting_pos=-1,-1|-1,-1|-1,-1|-1,-1|2,1|-1,-1|-1,-1|-1,-1|
#type=4,4,4,4,0,4,4,4,
........
#111111111111
#assigned_pet=-1,-1,-1,-1,-1,-1,-1,-1,
#assigned_hub=6,0,3,1,-1,4,8,7,
#moving_targetting_pos=26,6|6,6|16,6|6,16|2,29|16,16|26,26|26,16|
#setting_targetting_pos=-1,-1|-1,-1|-1,-1|-1,-1|2,1|-1,-1|-1,-1|-1,-1|
#type=4,4,4,4,0,4,4,4,
........
#111111111111
#assigned_pet=-1,-1,-1,-1,-1,-1,-1,-1,
#assigned_hub=6,0,3,1,-1,4,8,7,
#moving_targetting_pos=26,6|6,6|16,6|6,16|2,29|16,16|26,26|26,16|
#setting_targetting_pos=-1,-1|-1,-1|-1,-1|-1,-1|2,1|-1,-1|-1,-1|-1,-1|
#type=4,4,4,4,0,4,4,4,
........
#111111111111
#assigned_pet=-1,-1,-1,-1,-1,-1,-1,-1,
#assigned_hub=6,0,3,1,-1,4,8,7,
#moving_targetting_pos=26,6|6,6|16,6|6,16|2,29|16,16|26,26|26,16|
#setting_targetting_pos=-1,-1|-1,-1|-1,-1|-1,-1|2,1|-1,-1|-1,-1|-1,-1|
#type=4,4,4,4,0,4,4,4,
........
#111111111111
#assigned_pet=-1,-1,-1,-1,-1,-1,-1,-1,
#assigned_hub=6,0,3,1,-1,4,8,7,
#moving_targetting_pos=26,6|6,6|16,6|6,16|2,29|16,16|26,26|26,16|
#setting_targetting_pos=-1,-1|-1,-1|-1,-1|-1,-1|2,1|-1,-1|-1,-1|-1,-1|
#type=4,4,4,4,0,4,4,4,
........
#111111111111
#assigned_pet=-1,-1,-1,-1,-1,-1,-1,-1,
#assigned_hub=6,0,3,1,-1,4,8,7,
#moving_targetting_pos=26,6|6,6|16,6|6,16|2,29|16,16|26,26|26,16|
#setting_targetting_pos=-1,-1|-1,-1|-1,-1|-1,-1|2,1|-1,-1|-1,-1|-1,-1|
#type=4,4,4,4,0,4,4,4,
........
#111111111111
#assigned_pet=-1,-1,-1,-1,-1,-1,-1,-1,
#assigned_hub=6,0,3,1,-1,4,8,7,
#moving_targetting_pos=26,6|6,6|16,6|6,16|2,29|16,16|26,26|26,16|
#setting_targetting_pos=-1,-1|-1,-1|-1,-1|-1,-1|2,1|-1,-1|-1,-1|-1,-1|
#type=4,4,4,4,0,4,4,4,
........
#111111111111
#assigned_pet=-1,-1,-1,-1,-1,-1,-1,-1,
#assigned_hub=6,0,3,1,-1,4,8,7,
#moving_targetting_pos=26,6|6,6|16,6|6,16|2,29|16,16|26,26|26,16|
#setting_targetting_pos=-1,-1|-1,-1|-1,-1|-1,-1|2,1|-1,-1|-1,-1|-1,-1|
#type=4,4,4,4,0,4,4,4,
........
#111111111111
#assigned_pet=-1,-1,-1,-1,-1,-1,-1,-1,
#assigned_hub=6,0,3,1,-1,4,8,7,
#moving_targetting_pos=26,6|6,6|16,6|6,16|2,29|16,16|26,26|26,16|
#setting_targetting_pos=-1,-1|-1,-1|-1,-1|-1,-1|2,1|-1,-1|-1,-1|-1,-1|
#type=4,4,4,4,0,4,4,4,
........
#111111111111
#assigned_pet=-1,-1,-1,-1,-1,-1,-1,-1,
#assigned_hub=6,0,3,1,-1,4,8,7,
#moving_targetting_pos=26,6|6,6|16,6|6,16|2,29|16,16|26,26|26,16|
#setting_targetting_pos=-1,-1|-1,-1|-1,-1|-1,-1|2,1|-1,-1|-1,-1|-1,-1|
#type=4,4,4,4,0,4,4,4,
........
#111111111111
#assigned_pet=-1,-1,-1,-1,-1,-1,-1,-1,
#assigned_hub=6,0,3,1,-1,4,8,7,
#moving_targetting_pos=26,6|6,6|16,6|6,16|2,29|16,16|26,26|26,16|
#setting_targetting_pos=-1,-1|-1,-1|-1,-1|-1,-1|2,1|-1,-1|-1,-1|-1,-1|
#type=4,4,4,4,0,4,4,4,
........
#111111111111
#assigned_pet=-1,-1,-1,-1,-1,-1,-1,-1,
#assigned_hub=6,0,3,1,-1,4,8,7,
#moving_targetting_pos=26,6|6,6|16,6|6,16|2,29|16,16|26,26|26,16|
#setting_targetting_pos=-1,-1|-1,-1|-1,-1|-1,-1|2,1|-1,-1|-1,-1|-1,-1|
#type=4,4,4,4,0,4,4,4,
........
#111111111111
#assigned_pet=-1,-1,-1,-1,-1,-1,-1,-1,
#assigned_hub=6,0,3,1,-1,4,8,7,
#moving_targetting_pos=26,6|6,6|16,6|6,16|2,29|16,16|26,26|26,16|
#setting_targetting_pos=-1,-1|-1,-1|-1,-1|-1,-1|2,1|-1,-1|-1,-1|-1,-1|
#type=4,4,4,4,0,4,4,4,
........
#111111111111
#assigned_pet=-1,-1,-1,-1,-1,-1,-1,-1,
#assigned_hub=6,0,3,1,-1,4,8,7,
#moving_targetting_pos=26,6|6,6|16,6|6,16|2,29|16,16|26,26|26,16|
#setting_targetting_pos=-1,-1|-1,-1|-1,-1|-1,-1|2,1|-1,-1|-1,-1|-1,-1|
#type=4,4,4,4,0,4,4,4,
........
#111111111111
#assigned_pet=-1,-1,-1,-1,-1,-1,-1,-1,
#assigned_hub=6,0,3,1,-1,4,8,7,
#moving_targetting_pos=26,6|6,6|16,6|6,16|2,29|16,16|26,26|26,16|
#setting_targetting_pos=-1,-1|-1,-1|-1,-1|-1,-1|2,1|-1,-1|-1,-1|-1,-1|
#type=4,4,4,4,0,4,4,4,
........
#111111111111
#assigned_pet=-1,-1,-1,-1,-1,-1,-1,-1,
#assigned_hub=6,0,3,1,-1,4,8,7,
#moving_targetting_pos=26,6|6,6|16,6|6,16|2,29|16,16|26,26|26,16|
#setting_targetting_pos=-1,-1|-1,-1|-1,-1|-1,-1|2,1|-1,-1|-1,-1|-1,-1|
#type=4,4,4,4,0,4,4,4,
........
#111111111111
#assigned_pet=-1,-1,-1,-1,-1,-1,-1,-1,
#assigned_hub=6,0,3,1,-1,4,8,7,
#moving_targetting_pos=26,6|6,6|16,6|6,16|2,29|16,16|26,26|26,16|
#setting_targetting_pos=-1,-1|-1,-1|-1,-1|-1,-1|2,1|-1,-1|-1,-1|-1,-1|
#type=4,4,4,4,0,4,4,4,
........
#111111111111
#assigned_pet=-1,-1,-1,-1,-1,-1,-1,-1,
#assigned_hub=6,0,3,1,-1,4,8,7,
#moving_targetting_pos=26,6|6,6|16,6|6,16|2,29|16,16|26,26|26,16|
#setting_targetting_pos=-1,-1|-1,-1|-1,-1|-1,-1|2,1|-1,-1|-1,-1|-1,-1|
#type=4,4,4,4,0,4,4,4,
........
#111111111111
#assigned_pet=-1,-1,-1,-1,-1,-1,-1,-1,
#assigned_hub=6,0,3,1,-1,4,8,7,
#moving_targetting_pos=26,6|6,6|16,6|6,16|2,29|16,16|26,26|26,16|
#setting_targetting_pos=-1,-1|-1,-1|-1,-1|-1,-1|2,1|-1,-1|-1,-1|-1,-1|
#type=4,4,4,4,0,4,4,4,
........
#111111111111
#assigned_pet=-1,-1,-1,-1,-1,-1,-1,-1,
#assigned_hub=6,0,3,1,-1,4,8,7,
#moving_targetting_pos=26,6|6,6|16,6|6,16|2,29|16,16|26,26|26,16|
#setting_targetting_pos=-1,-1|-1,-1|-1,-1|-1,-1|2,1|-1,-1|-1,-1|-1,-1|
#type=4,4,4,4,0,4,4,4,
........
#111111111111
#assigned_pet=-1,-1,-1,-1,-1,-1,-1,-1,
#assigned_hub=6,0,3,1,-1,4,8,7,
#moving_targetting_pos=26,6|6,6|16,6|6,16|2,29|16,16|26,26|26,16|
#setting_targetting_pos=-1,-1|-1,-1|-1,-1|-1,-1|2,1|-1,-1|-1,-1|-1,-1|
#type=4,4,4,4,0,4,4,4,
........
#111111111111
#assigned_pet=-1,-1,-1,-1,-1,-1,-1,-1,
#assigned_hub=6,0,3,1,-1,4,8,7,
#moving_targetting_pos=26,6|6,6|16,6|6,16|2,29|16,16|26,26|26,16|
#setting_targetting_pos=-1,-1|-1,-1|-1,-1|-1,-1|2,1|-1,-1|-1,-1|-1,-1|
#type=4,4,4,4,0,4,4,4,
........
#111111111111
#assigned_pet=-1,-1,-1,-1,-1,-1,-1,-1,
#assigned_hub=6,0,3,1,-1,4,8,7,
#moving_targetting_pos=26,6|6,6|16,6|6,16|2,29|16,16|26,26|26,16|
#setting_targetting_pos=-1,-1|-1,-1|-1,-1|-1,-1|2,1|-1,-1|-1,-1|-1,-1|
#type=4,4,4,4,0,4,4,4,
........
#111111111111
#assigned_pet=-1,-1,-1,-1,-1,-1,-1,-1,
#assigned_hub=6,0,3,1,-1,4,8,7,
#moving_targetting_pos=26,6|6,6|16,6|6,16|2,29|16,16|26,26|26,16|
#setting_targetting_pos=-1,-1|-1,-1|-1,-1|-1,-1|2,1|-1,-1|-1,-1|-1,-1|
#type=4,4,4,4,0,4,4,4,
........
#111111111111
#assigned_pet=-1,-1,-1,-1,-1,-1,-1,-1,
#assigned_hub=6,0,3,1,-1,4,8,7,
#moving_targetting_pos=26,6|6,6|16,6|6,16|2,29|16,16|26,26|26,16|
#setting_targetting_pos=-1,-1|-1,-1|-1,-1|-1,-1|2,1|-1,-1|-1,-1|-1,-1|
#type=4,4,4,4,0,4,4,4,
........
#111111111111
#assigned_pet=-1,-1,-1,-1,-1,-1,-1,-1,
#assigned_hub=6,0,3,1,-1,4,8,7,
#moving_targetting_pos=26,6|6,6|16,6|6,16|2,29|16,16|26,26|26,16|
#setting_targetting_pos=-1,-1|-1,-1|-1,-1|-1,-1|2,1|-1,-1|-1,-1|-1,-1|
#type=4,4,4,4,0,4,4,4,
........
#111111111111
#assigned_pet=-1,-1,-1,-1,-1,-1,-1,-1,
#assigned_hub=6,0,3,1,-1,4,8,7,
#moving_targetting_pos=26,6|6,6|16,6|6,16|2,29|16,16|26,26|26,16|
#setting_targetting_pos=-1,-1|-1,-1|-1,-1|-1,-1|2,1|-1,-1|-1,-1|-1,-1|
#type=4,4,4,4,0,4,4,4,
........
#111111111111
#assigned_pet=-1,-1,-1,-1,-1,-1,-1,-1,
#assigned_hub=6,0,3,1,-1,4,8,7,
#moving_targetting_pos=26,6|6,6|16,6|6,16|2,29|16,16|26,26|26,16|
#setting_targetting_pos=-1,-1|-1,-1|-1,-1|-1,-1|2,1|-1,-1|-1,-1|-1,-1|
#type=4,4,4,4,0,4,4,4,
........
#111111111111
#assigned_pet=-1,-1,-1,-1,-1,-1,-1,-1,
#assigned_hub=6,0,3,1,-1,4,8,7,
#moving_targetting_pos=26,6|6,6|16,6|6,16|2,29|16,16|26,26|26,16|
#setting_targetting_pos=-1,-1|-1,-1|-1,-1|-1,-1|2,1|-1,-1|-1,-1|-1,-1|
#type=4,4,4,4,0,4,4,4,
........
#111111111111
#assigned_pet=-1,-1,-1,-1,-1,-1,-1,-1,
#assigned_hub=6,0,3,1,-1,4,8,7,
#moving_targetting_pos=26,6|6,6|16,6|6,16|2,29|16,16|26,26|26,16|
#setting_targetting_pos=-1,-1|-1,-1|-1,-1|-1,-1|2,1|-1,-1|-1,-1|-1,-1|
#type=4,4,4,4,0,4,4,4,
........
#111111111111
#assigned_pet=-1,-1,-1,-1,-1,-1,-1,-1,
#assigned_hub=6,0,3,1,-1,4,8,7,
#moving_targetting_pos=26,6|6,6|16,6|6,16|2,29|16,16|26,26|26,16|
#setting_targetting_pos=-1,-1|-1,-1|-1,-1|-1,-1|2,1|-1,-1|-1,-1|-1,-1|
#type=4,4,4,4,0,4,4,4,
........
#111111111111
#assigned_pet=-1,-1,-1,-1,-1,-1,-1,-1,
#assigned_hub=6,0,3,1,-1,4,8,7,
#moving_targetting_pos=26,6|6,6|16,6|6,16|2,29|16,16|26,26|26,16|
#setting_targetting_pos=-1,-1|-1,-1|-1,-1|-1,-1|2,1|-1,-1|-1,-1|-1,-1|
#type=4,4,4,4,0,4,4,4,
........
#111111111111
#assigned_pet=-1,-1,-1,-1,-1,-1,-1,-1,
#assigned_hub=6,0,3,1,-1,4,8,7,
#moving_targetting_pos=26,6|6,6|16,6|6,16|2,29|16,16|26,26|26,16|
#setting_targetting_pos=-1,-1|-1,-1|-1,-1|-1,-1|2,1|-1,-1|-1,-1|-1,-1|
#type=4,4,4,4,0,4,4,4,
........
#111111111111
#assigned_pet=-1,-1,-1,-1,-1,-1,-1,-1,
#assigned_hub=6,0,3,1,-1,4,8,7,
#moving_targetting_pos=26,6|6,6|16,6|6,16|2,29|16,16|26,26|26,16|
#setting_targetting_pos=-1,-1|-1,-1|-1,-1|-1,-1|2,1|-1,-1|-1,-1|-1,-1|
#type=4,4,4,4,0,4,4,4,
........
#111111111111
#assigned_pet=-1,-1,-1,-1,-1,-1,-1,-1,
#assigned_hub=6,0,3,1,-1,4,8,7,
#moving_targetting_pos=26,6|6,6|16,6|6,16|2,29|16,16|26,26|26,16|
#setting_targetting_pos=-1,-1|-1,-1|-1,-1|-1,-1|2,1|-1,-1|-1,-1|-1,-1|
#type=4,4,4,4,0,4,4,4,
........
#111111111111
#assigned_pet=-1,-1,-1,-1,-1,-1,-1,-1,
#assigned_hub=6,0,3,1,-1,4,8,7,
#moving_targetting_pos=26,6|6,6|16,6|6,16|2,29|16,16|26,26|26,16|
#setting_targetting_pos=-1,-1|-1,-1|-1,-1|-1,-1|2,1|-1,-1|-1,-1|-1,-1|
#type=4,4,4,4,0,4,4,4,
........
#111111111111
#assigned_pet=-1,-1,-1,-1,-1,-1,-1,-1,
#assigned_hub=6,0,3,1,-1,4,8,7,
#moving_targetting_pos=26,6|6,6|16,6|6,16|2,29|16,16|26,26|26,16|
#setting_targetting_pos=-1,-1|-1,-1|-1,-1|-1,-1|2,1|-1,-1|-1,-1|-1,-1|
#type=4,4,4,4,0,4,4,4,
........
#111111111111
#assigned_pet=-1,-1,-1,-1,-1,-1,-1,-1,
#assigned_hub=6,0,3,1,-1,4,8,7,
#moving_targetting_pos=26,6|6,6|16,6|6,16|2,29|16,16|26,26|26,16|
#setting_targetting_pos=-1,-1|-1,-1|-1,-1|-1,-1|2,1|-1,-1|-1,-1|-1,-1|
#type=4,4,4,4,0,4,4,4,
........
#111111111111
#assigned_pet=-1,-1,-1,-1,-1,-1,-1,-1,
#assigned_hub=6,0,3,1,-1,4,8,7,
#moving_targetting_pos=26,6|6,6|16,6|6,16|2,29|16,16|26,26|26,16|
#setting_targetting_pos=-1,-1|-1,-1|-1,-1|-1,-1|2,1|-1,-1|-1,-1|-1,-1|
#type=4,4,4,4,0,4,4,4,
........
#111111111111
#assigned_pet=-1,-1,-1,-1,-1,-1,-1,-1,
#assigned_hub=6,0,3,1,-1,4,8,7,
#moving_targetting_pos=26,6|6,6|16,6|6,16|2,29|16,16|26,26|26,16|
#setting_targetting_pos=-1,-1|-1,-1|-1,-1|-1,-1|2,1|-1,-1|-1,-1|-1,-1|
#type=4,4,4,4,0,4,4,4,
........
#111111111111
#assigned_pet=-1,-1,-1,-1,-1,-1,-1,-1,
#assigned_hub=6,0,3,1,-1,4,8,7,
#moving_targetting_pos=26,6|6,6|16,6|6,16|2,29|16,16|26,26|26,16|
#setting_targetting_pos=-1,-1|-1,-1|-1,-1|-1,-1|2,1|-1,-1|-1,-1|-1,-1|
#type=4,4,4,4,0,4,4,4,
........
#111111111111
#assigned_pet=-1,-1,-1,-1,-1,-1,-1,-1,
#assigned_hub=6,0,3,1,-1,4,8,7,
#moving_targetting_pos=26,6|6,6|16,6|6,16|2,29|16,16|26,26|26,16|
#setting_targetting_pos=-1,-1|-1,-1|-1,-1|-1,-1|2,1|-1,-1|-1,-1|-1,-1|
#type=4,4,4,4,0,4,4,4,
........
#111111111111
#assigned_pet=-1,-1,-1,-1,-1,-1,-1,-1,
#assigned_hub=6,0,3,1,-1,4,8,7,
#moving_targetting_pos=26,6|6,6|16,6|6,16|2,29|16,16|26,26|26,16|
#setting_targetting_pos=-1,-1|-1,-1|-1,-1|-1,-1|2,1|-1,-1|-1,-1|-1,-1|
#type=4,4,4,4,0,4,4,4,
........
#111111111111
#assigned_pet=-1,-1,-1,-1,-1,-1,-1,-1,
#assigned_hub=6,0,3,1,-1,4,8,7,
#moving_targetting_pos=26,6|6,6|16,6|6,16|2,29|16,16|26,26|26,16|
#setting_targetting_pos=-1,-1|-1,-1|-1,-1|-1,-1|2,1|-1,-1|-1,-1|-1,-1|
#type=4,4,4,4,0,4,4,4,
........
#111111111111
#assigned_pet=-1,-1,-1,-1,-1,-1,-1,-1,
#assigned_hub=6,0,3,1,-1,4,8,7,
#moving_targetting_pos=26,6|6,6|16,6|6,16|2,29|16,16|26,26|26,16|
#setting_targetting_pos=-1,-1|-1,-1|-1,-1|-1,-1|2,1|-1,-1|-1,-1|-1,-1|
#type=4,4,4,4,0,4,4,4,
........
#111111111111
#assigned_pet=-1,-1,-1,-1,-1,-1,-1,-1,
#assigned_hub=6,0,3,1,-1,4,8,7,
#moving_targetting_pos=26,6|6,6|16,6|6,16|2,29|16,16|26,26|26,16|
#setting_targetting_pos=-1,-1|-1,-1|-1,-1|-1,-1|2,1|-1,-1|-1,-1|-1,-1|
#type=4,4,4,4,0,4,4,4,
........
#111111111111
#assigned_pet=-1,-1,-1,-1,-1,-1,-1,-1,
#assigned_hub=6,0,3,1,-1,4,8,7,
#moving_targetting_pos=26,6|6,6|16,6|6,16|2,29|16,16|26,26|26,16|
#setting_targetting_pos=-1,-1|-1,-1|-1,-1|-1,-1|2,1|-1,-1|-1,-1|-1,-1|
#type=4,4,4,4,0,4,4,4,
........
#111111111111
#assigned_pet=-1,-1,-1,-1,-1,-1,-1,-1,
#assigned_hub=6,0,3,1,-1,4,8,7,
#moving_targetting_pos=26,6|6,6|16,6|6,16|2,29|16,16|26,26|26,16|
#setting_targetting_pos=-1,-1|-1,-1|-1,-1|-1,-1|2,1|-1,-1|-1,-1|-1,-1|
#type=4,4,4,4,0,4,4,4,
........
#111111111111
#assigned_pet=-1,-1,-1,-1,-1,-1,-1,-1,
#assigned_hub=6,0,3,1,-1,4,8,7,
#moving_targetting_pos=26,6|6,6|16,6|6,16|2,29|16,16|26,26|26,16|
#setting_targetting_pos=-1,-1|-1,-1|-1,-1|-1,-1|2,1|-1,-1|-1,-1|-1,-1|
#type=4,4,4,4,0,4,4,4,
........
#111111111111
#assigned_pet=-1,-1,-1,-1,-1,-1,-1,-1,
#assigned_hub=6,0,3,1,-1,4,8,7,
#moving_targetting_pos=26,6|6,6|16,6|6,16|2,29|16,16|26,26|26,16|
#setting_targetting_pos=-1,-1|-1,-1|-1,-1|-1,-1|2,1|-1,-1|-1,-1|-1,-1|
#type=4,4,4,4,0,4,4,4,
........
#111111111111
#assigned_pet=-1,-1,-1,-1,-1,-1,-1,-1,
#assigned_hub=6,0,3,1,-1,4,8,7,
#moving_targetting_pos=26,6|6,6|16,6|6,16|2,29|16,16|26,26|26,16|
#setting_targetting_pos=-1,-1|-1,-1|-1,-1|-1,-1|2,1|-1,-1|-1,-1|-1,-1|
#type=4,4,4,4,0,4,4,4,
........
#111111111111
#assigned_pet=-1,-1,-1,-1,-1,-1,-1,-1,
#assigned_hub=6,0,3,1,-1,4,8,7,
#moving_targetting_pos=26,6|6,6|16,6|6,16|2,29|16,16|26,26|26,16|
#setting_targetting_pos=-1,-1|-1,-1|-1,-1|-1,-1|2,1|-1,-1|-1,-1|-1,-1|
#type=4,4,4,4,0,4,4,4,
........
#111111111111
#assigned_pet=-1,-1,-1,-1,-1,-1,-1,-1,
#assigned_hub=6,0,3,1,-1,4,8,7,
#moving_targetting_pos=26,6|6,6|16,6|6,16|2,29|16,16|26,26|26,16|
#setting_targetting_pos=-1,-1|-1,-1|-1,-1|-1,-1|2,1|-1,-1|-1,-1|-1,-1|
#type=4,4,4,4,0,4,4,4,
........
#111111111111
#assigned_pet=-1,-1,-1,-1,-1,-1,-1,-1,
#assigned_hub=6,0,3,1,-1,4,8,7,
#moving_targetting_pos=26,6|6,6|16,6|6,16|2,29|16,16|26,26|26,16|
#setting_targetting_pos=-1,-1|-1,-1|-1,-1|-1,-1|2,1|-1,-1|-1,-1|-1,-1|
#type=4,4,4,4,0,4,4,4,
........
#111111111111
#assigned_pet=-1,-1,-1,-1,-1,-1,-1,-1,
#assigned_hub=6,0,3,1,-1,4,8,7,
#moving_targetting_pos=26,6|6,6|16,6|6,16|2,29|16,16|26,26|26,16|
#setting_targetting_pos=-1,-1|-1,-1|-1,-1|-1,-1|2,1|-1,-1|-1,-1|-1,-1|
#type=4,4,4,4,0,4,4,4,
........
#111111111111
#assigned_pet=-1,-1,-1,-1,-1,-1,-1,-1,
#assigned_hub=6,0,3,1,-1,4,8,7,
#moving_targetting_pos=26,6|6,6|16,6|6,16|2,29|16,16|26,26|26,16|
#setting_targetting_pos=-1,-1|-1,-1|-1,-1|-1,-1|2,1|-1,-1|-1,-1|-1,-1|
#type=4,4,4,4,0,4,4,4,
........
#111111111111
#assigned_pet=-1,-1,-1,-1,-1,-1,-1,-1,
#assigned_hub=6,0,3,1,-1,4,8,7,
#moving_targetting_pos=26,6|6,6|16,6|6,16|2,29|16,16|26,26|26,16|
#setting_targetting_pos=-1,-1|-1,-1|-1,-1|-1,-1|2,1|-1,-1|-1,-1|-1,-1|
#type=4,4,4,4,0,4,4,4,
........
#111111111111
#assigned_pet=-1,-1,-1,-1,-1,-1,-1,-1,
#assigned_hub=6,0,3,1,-1,4,8,7,
#moving_targetting_pos=26,6|6,6|16,6|6,16|2,29|16,16|26,26|26,16|
#setting_targetting_pos=-1,-1|-1,-1|-1,-1|-1,-1|2,1|-1,-1|-1,-1|-1,-1|
#type=4,4,4,4,0,4,4,4,
........
#111111111111
#assigned_pet=-1,-1,-1,-1,-1,-1,-1,-1,
#assigned_hub=6,0,3,1,-1,4,8,7,
#moving_targetting_pos=26,6|6,6|16,6|6,16|2,29|16,16|26,26|26,16|
#setting_targetting_pos=-1,-1|-1,-1|-1,-1|-1,-1|2,1|-1,-1|-1,-1|-1,-1|
#type=4,4,4,4,0,4,4,4,
........
#111111111111
#assigned_pet=-1,-1,-1,-1,-1,-1,-1,-1,
#assigned_hub=6,0,3,1,-1,4,8,7,
#moving_targetting_pos=26,6|6,6|16,6|6,16|2,29|16,16|26,26|26,16|
#setting_targetting_pos=-1,-1|-1,-1|-1,-1|-1,-1|2,1|-1,-1|-1,-1|-1,-1|
#type=4,4,4,4,0,4,4,4,
........
#111111111111
#assigned_pet=-1,-1,-1,-1,-1,-1,-1,-1,
#assigned_hub=6,0,3,1,-1,4,8,7,
#moving_targetting_pos=26,6|6,6|16,6|6,16|2,29|16,16|26,26|26,16|
#setting_targetting_pos=-1,-1|-1,-1|-1,-1|-1,-1|2,1|-1,-1|-1,-1|-1,-1|
#type=4,4,4,4,0,4,4,4,
........
#111111111111
#assigned_pet=-1,-1,-1,-1,-1,-1,-1,-1,
#assigned_hub=6,0,3,1,-1,4,8,7,
#moving_targetting_pos=26,6|6,6|16,6|6,16|2,29|16,16|26,26|26,16|
#setting_targetting_pos=-1,-1|-1,-1|-1,-1|-1,-1|2,1|-1,-1|-1,-1|-1,-1|
#type=4,4,4,4,0,4,4,4,
........
#111111111111
#assigned_pet=-1,-1,-1,-1,-1,-1,-1,-1,
#assigned_hub=6,0,3,1,-1,4,8,7,
#moving_targetting_pos=26,6|6,6|16,6|6,16|2,29|16,16|26,26|26,16|
#setting_targetting_pos=-1,-1|-1,-1|-1,-1|-1,-1|2,1|-1,-1|-1,-1|-1,-1|
#type=4,4,4,4,0,4,4,4,
........
#111111111111
#assigned_pet=-1,-1,-1,-1,-1,-1,-1,-1,
#assigned_hub=6,0,3,1,-1,4,8,7,
#moving_targetting_pos=26,6|6,6|16,6|6,16|2,29|16,16|26,26|26,16|
#setting_targetting_pos=-1,-1|-1,-1|-1,-1|-1,-1|2,1|-1,-1|-1,-1|-1,-1|
#type=4,4,4,4,0,4,4,4,
........
#111111111111
#assigned_pet=-1,-1,-1,-1,-1,-1,-1,-1,
#assigned_hub=6,0,3,1,-1,4,8,7,
#moving_targetting_pos=26,6|6,6|16,6|6,16|2,29|16,16|26,26|26,16|
#setting_targetting_pos=-1,-1|-1,-1|-1,-1|-1,-1|2,1|-1,-1|-1,-1|-1,-1|
#type=4,4,4,4,0,4,4,4,
........
#111111111111
#assigned_pet=-1,-1,-1,-1,-1,-1,-1,-1,
#assigned_hub=6,0,3,1,-1,4,8,7,
#moving_targetting_pos=26,6|6,6|16,6|6,16|2,29|16,16|26,26|26,16|
#setting_targetting_pos=-1,-1|-1,-1|-1,-1|-1,-1|2,1|-1,-1|-1,-1|-1,-1|
#type=4,4,4,4,0,4,4,4,
........
#111111111111
#assigned_pet=-1,-1,-1,-1,-1,-1,-1,-1,
#assigned_hub=6,0,3,1,-1,4,8,7,
#moving_targetting_pos=26,6|6,6|16,6|6,16|2,29|16,16|26,26|26,16|
#setting_targetting_pos=-1,-1|-1,-1|-1,-1|-1,-1|2,1|-1,-1|-1,-1|-1,-1|
#type=4,4,4,4,0,4,4,4,
........
#111111111111
#assigned_pet=-1,-1,-1,-1,-1,-1,-1,-1,
#assigned_hub=6,0,3,1,-1,4,8,7,
#moving_targetting_pos=26,6|6,6|16,6|6,16|2,29|16,16|26,26|26,16|
#setting_targetting_pos=-1,-1|-1,-1|-1,-1|-1,-1|2,1|-1,-1|-1,-1|-1,-1|
#type=4,4,4,4,0,4,4,4,
........
#111111111111
#assigned_pet=-1,-1,-1,-1,-1,-1,-1,-1,
#assigned_hub=6,0,3,1,-1,4,8,7,
#moving_targetting_pos=26,6|6,6|16,6|6,16|2,29|16,16|26,26|26,16|
#setting_targetting_pos=-1,-1|-1,-1|-1,-1|-1,-1|2,1|-1,-1|-1,-1|-1,-1|
#type=4,4,4,4,0,4,4,4,
........
#111111111111
#assigned_pet=-1,-1,-1,-1,-1,-1,-1,-1,
#assigned_hub=6,0,3,1,-1,4,8,7,
#moving_targetting_pos=26,6|6,6|16,6|6,16|2,29|16,16|26,26|26,16|
#setting_targetting_pos=-1,-1|-1,-1|-1,-1|-1,-1|2,1|-1,-1|-1,-1|-1,-1|
#type=4,4,4,4,0,4,4,4,
........
#111111111111
#assigned_pet=-1,-1,-1,-1,-1,-1,-1,-1,
#assigned_hub=6,0,3,1,-1,4,8,7,
#moving_targetting_pos=26,6|6,6|16,6|6,16|2,29|16,16|26,26|26,16|
#setting_targetting_pos=-1,-1|-1,-1|-1,-1|-1,-1|2,1|-1,-1|-1,-1|-1,-1|
#type=4,4,4,4,0,4,4,4,
........
#111111111111
#assigned_pet=-1,-1,-1,-1,-1,-1,-1,-1,
#assigned_hub=6,0,3,1,-1,4,8,7,
#moving_targetting_pos=26,6|6,6|16,6|6,16|2,29|16,16|26,26|26,16|
#setting_targetting_pos=-1,-1|-1,-1|-1,-1|-1,-1|2,1|-1,-1|-1,-1|-1,-1|
#type=4,4,4,4,0,4,4,4,
........
#111111111111
#assigned_pet=-1,-1,-1,-1,-1,-1,-1,-1,
#assigned_hub=6,0,3,1,-1,4,8,7,
#moving_targetting_pos=26,6|6,6|16,6|6,16|2,29|16,16|26,26|26,16|
#setting_targetting_pos=-1,-1|-1,-1|-1,-1|-1,-1|2,1|-1,-1|-1,-1|-1,-1|
#type=4,4,4,4,0,4,4,4,
........
#111111111111
#assigned_pet=-1,-1,-1,-1,-1,-1,-1,-1,
#assigned_hub=6,0,3,1,-1,4,8,7,
#moving_targetting_pos=26,6|6,6|16,6|6,16|2,29|16,16|26,26|26,16|
#setting_targetting_pos=-1,-1|-1,-1|-1,-1|-1,-1|2,1|-1,-1|-1,-1|-1,-1|
#type=4,4,4,4,0,4,4,4,
........
#111111111111
#assigned_pet=-1,-1,-1,-1,-1,-1,-1,-1,
#assigned_hub=6,0,3,1,-1,4,8,7,
#moving_targetting_pos=26,6|6,6|16,6|6,16|2,29|16,16|26,26|26,16|
#setting_targetting_pos=-1,-1|-1,-1|-1,-1|-1,-1|2,1|-1,-1|-1,-1|-1,-1|
#type=4,4,4,4,0,4,4,4,
........
#111111111111
#assigned_pet=-1,-1,-1,-1,-1,-1,-1,-1,
#assigned_hub=6,0,3,1,-1,4,8,7,
#moving_targetting_pos=26,6|6,6|16,6|6,16|2,29|16,16|26,26|26,16|
#setting_targetting_pos=-1,-1|-1,-1|-1,-1|-1,-1|2,1|-1,-1|-1,-1|-1,-1|
#type=4,4,4,4,0,4,4,4,
........
