#0000000000000000000
#assigned_pet=-1,-1,-1,-1,-1,-1,-1,-1,
#assigned_hub=-1,-1,-1,-1,-1,-1,-1,-1,
#moving_targetting_pos=22,1|19,30|15,1|2,29|25,1|5,1|29,2|9,2|
#setting_targetting_pos=22,29|19,2|15,30|2,1|25,30|5,30|29,30|9,30|
#type=1,1,1,1,1,1,1,1,
LRLRLLLL
#0000000000000000000
#assigned_pet=-1,-1,-1,-1,-1,-1,-1,-1,
#assigned_hub=-1,-1,-1,-1,-1,-1,-1,-1,
#moving_targetting_pos=22,1|19,30|15,1|2,29|25,1|5,1|29,2|9,2|
#setting_targetting_pos=22,29|19,2|15,30|2,1|25,30|5,30|29,30|9,30|
#type=1,1,1,1,1,1,1,1,
LRURLLLL
#0000000000000000000
#assigned_pet=-1,-1,-1,-1,-1,-1,-1,-1,
#assigned_hub=-1,-1,-1,-1,-1,-1,-1,-1,
#moving_targetting_pos=22,1|19,30|15,1|2,29|25,1|5,1|29,2|9,2|
#setting_targetting_pos=22,29|19,2|15,30|2,1|25,30|5,30|29,30|9,30|
#type=1,1,1,1,1,1,1,1,
LRURDLLL
#0000000000000000000
#assigned_pet=-1,-1,-1,-1,-1,-1,-1,-1,
#assigned_hub=-1,-1,-1,-1,-1,-1,-1,-1,
#moving_targetting_pos=22,1|19,30|15,1|2,29|25,1|5,1|29,2|9,2|
#setting_targetting_pos=22,29|19,2|15,30|2,1|25,30|5,30|29,30|9,30|
#type=1,1,2,1,1,1,1,1,
LRdRDDLL
#0000000000000000000
#assigned_pet=-1,-1,-1,-1,-1,-1,-1,-1,
#assigned_hub=-1,-1,-1,-1,-1,-1,-1,-1,
#moving_targetting_pos=22,1|19,30|15,1|2,29|25,1|5,1|29,2|9,2|
#setting_targetting_pos=22,29|19,2|15,30|2,1|25,30|5,30|29,30|9,30|
#type=1,1,2,1,1,1,1,1,
LRRRDDDL
#0000000000000000000
#assigned_pet=-1,-1,-1,-1,-1,-1,-1,-1,
#assigned_hub=-1,-1,-1,-1,-1,-1,-1,-1,
#moving_targetting_pos=22,1|19,30|15,1|2,29|25,1|5,1|29,2|9,2|
#setting_targetting_pos=22,29|19,2|15,30|2,1|25,30|5,30|29,30|9,30|
#type=2,1,2,1,2,1,1,1,
uRdRdDDL
#0000000000000000000
#assigned_pet=-1,-1,-1,-1,-1,-1,-1,-1,
#assigned_hub=-1,-1,-1,-1,-1,-1,-1,-1,
#moving_targetting_pos=22,1|19,30|15,1|2,29|25,1|5,1|29,2|9,2|
#setting_targetting_pos=22,29|19,2|15,30|2,1|25,30|5,30|29,30|9,30|
#type=2,1,2,1,2,2,2,1,
RRRRRddL
#0000000000000000000
#assigned_pet=-1,-1,-1,-1,-1,-1,-1,-1,
#assigned_hub=-1,-1,-1,-1,-1,-1,-1,-1,
#moving_targetting_pos=22,1|19,30|15,1|2,29|25,1|5,1|29,2|9,2|
#setting_targetting_pos=22,29|19,2|15,30|2,1|25,30|5,30|29,30|9,30|
#type=2,1,2,1,2,2,2,1,
RRdRdRRL
#0000000000000000000
#assigned_pet=-1,-1,-1,-1,-1,-1,-1,-1,
#assigned_hub=-1,-1,-1,-1,-1,-1,-1,-1,
#moving_targetting_pos=22,1|19,30|15,1|2,29|25,1|5,1|29,2|9,2|
#setting_targetting_pos=22,29|19,2|15,30|2,1|25,30|5,30|29,30|9,30|
#type=2,1,2,1,2,2,2,1,
lRRRR.RD
#0000000000000000000
#assigned_pet=-1,-1,-1,-1,-1,-1,-1,-1,
#assigned_hub=-1,-1,-1,-1,-1,-1,-1,-1,
#moving_targetting_pos=22,1|19,30|15,1|2,29|25,1|5,1|29,2|9,2|
#setting_targetting_pos=22,29|19,2|15,30|2,1|25,30|5,30|29,30|9,30|
#type=2,1,2,1,2,2,2,1,
.UuRd.lD
#0000000000000000000
#assigned_pet=-1,-1,-1,-1,-1,-1,-1,-1,
#assigned_hub=-1,-1,-1,-1,-1,-1,-1,-1,
#moving_targetting_pos=22,1|19,30|15,1|2,29|25,1|5,1|29,2|9,2|
#setting_targetting_pos=22,29|19,2|15,30|2,1|25,30|5,30|29,30|9,30|
#type=2,1,2,1,2,2,2,1,
.URRR.uD
#0000000000000000000
#assigned_pet=-1,-1,-1,-1,-1,-1,-1,-1,
#assigned_hub=-1,-1,-1,-1,-1,-1,-1,-1,
#moving_targetting_pos=22,1|19,30|15,1|2,29|25,1|5,1|29,2|9,2|
#setting_targetting_pos=22,29|19,2|15,30|2,1|25,30|5,30|29,30|9,30|
#type=2,1,2,1,2,2,2,1,
dURRudRD
#0000000000000000000
#assigned_pet=-1,-1,-1,-1,-1,-1,-1,-1,
#assigned_hub=-1,-1,-1,-1,-1,-1,-1,-1,
#moving_targetting_pos=22,1|19,30|15,1|2,29|25,1|5,1|29,2|9,2|
#setting_targetting_pos=22,29|19,2|15,30|2,1|25,30|5,30|29,30|9,30|
#type=2,2,2,1,2,2,2,1,
RdRRRRRD
#0000000000000000000
#assigned_pet=-1,-1,-1,-1,-1,-1,-1,-1,
#assigned_hub=-1,-1,-1,-1,-1,-1,-1,-1,
#moving_targetting_pos=22,1|19,30|15,1|2,29|25,1|5,1|29,2|9,2|
#setting_targetting_pos=22,29|19,2|15,30|2,1|25,30|5,30|29,30|9,30|
#type=2,2,2,1,2,2,2,2,
RLRDRddd
#0000000000000000000
#assigned_pet=-1,-1,-1,-1,-1,-1,-1,-1,
#assigned_hub=-1,-1,-1,-1,-1,-1,-1,-1,
#moving_targetting_pos=22,1|19,30|15,1|2,29|25,1|5,1|29,2|9,2|
#setting_targetting_pos=22,29|19,2|15,30|2,1|25,30|5,30|29,30|9,30|
#type=2,2,2,2,2,2,2,2,
RLurRRRR
#0000000000000000000
#assigned_pet=-1,-1,-1,-1,-1,-1,-1,-1,
#assigned_hub=-1,-1,-1,-1,-1,-1,-1,-1,
#moving_targetting_pos=22,1|19,30|15,1|2,29|25,1|5,1|29,2|9,2|
#setting_targetting_pos=22,29|19,2|15,30|2,1|25,30|5,30|29,30|9,30|
#type=2,2,2,2,2,2,2,2,
drRdRulR
#0000000000000000000
#assigned_pet=-1,-1,-1,-1,-1,-1,-1,-1,
#assigned_hub=-1,-1,-1,-1,-1,-1,-1,-1,
#moving_targetting_pos=22,1|19,30|15,1|2,29|25,1|5,1|29,2|9,2|
#setting_targetting_pos=22,29|19,2|15,30|2,1|25,30|5,30|29,30|9,30|
#type=2,2,2,2,2,2,2,2,
.udLuRRl
#0000000000000000000
#assigned_pet=-1,-1,-1,-1,-1,-1,-1,-1,
#assigned_hub=-1,-1,-1,-1,-1,-1,-1,-1,
#moving_targetting_pos=22,1|19,30|15,1|2,29|25,1|5,1|29,2|9,2|
#setting_targetting_pos=22,29|19,2|15,30|2,1|25,30|5,30|29,30|9,30|
#type=2,2,2,2,2,2,2,2,
uLRLRRuu
#0000000000000000000
#assigned_pet=-1,-1,-1,-1,-1,-1,-1,-1,
#assigned_hub=-1,-1,-1,-1,-1,-1,-1,-1,
#moving_targetting_pos=22,1|19,30|15,1|2,29|25,1|5,1|29,2|9,2|
#setting_targetting_pos=22,29|19,2|15,30|2,1|25,30|5,30|29,30|9,30|
#type=2,2,2,2,2,2,2,2,
RLdLdRRR
#0000000000000000000
#assigned_pet=-1,-1,-1,-1,-1,-1,-1,-1,
#assigned_hub=-1,-1,-1,-1,-1,-1,-1,-1,
#moving_targetting_pos=22,1|19,30|15,1|2,29|25,1|5,1|29,2|9,2|
#setting_targetting_pos=22,29|19,2|15,30|2,1|25,30|5,30|29,30|9,30|
#type=2,2,2,2,2,2,2,2,
.dRdRRRR
#0000000000000000000
#assigned_pet=-1,-1,-1,-1,-1,-1,-1,-1,
#assigned_hub=-1,-1,-1,-1,-1,-1,-1,-1,
#moving_targetting_pos=22,1|19,30|15,1|2,29|25,1|5,1|29,2|9,2|
#setting_targetting_pos=22,29|19,2|15,30|2,1|25,30|5,30|29,30|9,30|
#type=2,2,2,2,2,2,2,2,
lLduduld
#0000000000000000000
#assigned_pet=-1,-1,-1,-1,-1,-1,-1,-1,
#assigned_hub=-1,-1,-1,-1,-1,-1,-1,-1,
#moving_targetting_pos=22,1|19,30|15,1|2,29|25,1|5,1|29,2|9,2|
#setting_targetting_pos=22,29|19,2|15,30|2,1|25,30|5,30|29,30|9,30|
#type=2,2,2,2,2,2,2,2,
RrRLRRdR
#0000000000000000000
#assigned_pet=-1,-1,-1,-1,-1,-1,-1,-1,
#assigned_hub=-1,-1,-1,-1,-1,-1,-1,-1,
#moving_targetting_pos=22,1|19,30|15,1|2,29|25,1|5,1|29,2|9,2|
#setting_targetting_pos=22,29|19,2|15,30|2,1|25,30|5,30|29,30|9,30|
#type=2,2,2,2,2,2,2,2,
RLdrddRl
#0000000000000000000
#assigned_pet=-1,-1,-1,-1,-1,-1,-1,-1,
#assigned_hub=-1,-1,-1,-1,-1,-1,-1,-1,
#moving_targetting_pos=22,1|19,30|15,1|2,29|25,1|5,1|29,2|9,2|
#setting_targetting_pos=22,29|19,2|15,30|2,1|25,30|5,30|29,30|9,30|
#type=2,2,2,2,2,2,2,2,
..RLRRRR
#0000000000000000000
#assigned_pet=-1,-1,-1,-1,-1,-1,-1,-1,
#assigned_hub=-1,-1,-1,-1,-1,-1,-1,-1,
#moving_targetting_pos=22,1|19,30|15,1|2,29|25,1|5,1|29,2|9,2|
#setting_targetting_pos=22,29|19,2|15,30|2,1|25,30|5,30|29,30|9,30|
#type=2,2,2,2,2,2,2,2,
.udLdddu
#0000000000000000000
#assigned_pet=-1,-1,-1,-1,-1,-1,-1,-1,
#assigned_hub=-1,-1,-1,-1,-1,-1,-1,-1,
#moving_targetting_pos=22,1|19,30|15,1|2,29|25,1|5,1|29,2|9,2|
#setting_targetting_pos=22,29|19,2|15,30|2,1|25,30|5,30|29,30|9,30|
#type=2,2,2,2,2,2,2,2,
.LRdRRRR
#0000000000000000000
#assigned_pet=-1,-1,-1,-1,-1,-1,-1,-1,
#assigned_hub=-1,-1,-1,-1,-1,-1,-1,-1,
#moving_targetting_pos=22,1|19,30|15,1|2,29|25,1|5,1|29,2|9,2|
#setting_targetting_pos=22,29|19,2|15,30|2,1|25,30|5,30|29,30|9,30|
#type=2,2,2,2,2,2,2,2,
.LuLddRR
#0000000000000000000
#assigned_pet=-1,-1,-1,-1,-1,-1,-1,-1,
#assigned_hub=-1,-1,-1,-1,-1,-1,-1,-1,
#moving_targetting_pos=22,1|19,30|15,1|2,29|25,1|5,1|29,2|9,2|
#setting_targetting_pos=22,29|19,2|15,30|2,1|25,30|5,30|29,30|9,30|
#type=2,2,2,2,2,2,2,2,
.rRLRRll
#0000000000000000000
#assigned_pet=-1,-1,-1,-1,-1,-1,-1,-1,
#assigned_hub=-1,-1,-1,-1,-1,-1,-1,-1,
#moving_targetting_pos=22,1|19,30|15,1|2,29|25,1|5,1|29,2|9,2|
#setting_targetting_pos=22,29|19,2|15,30|2,1|25,30|5,30|29,30|9,30|
#type=2,2,2,2,2,2,2,2,
.dRru.ud
#0000000000000000000
#assigned_pet=-1,-1,-1,-1,-1,-1,-1,-1,
#assigned_hub=-1,-1,-1,-1,-1,-1,-1,-1,
#moving_targetting_pos=22,1|19,30|15,1|2,29|25,1|5,1|29,2|9,2|
#setting_targetting_pos=22,29|19,2|15,30|2,1|25,30|5,30|29,30|9,30|
#type=2,2,2,2,2,2,2,2,
.LRuRdRR
#0000000000000000000
#assigned_pet=-1,-1,-1,-1,-1,-1,-1,-1,
#assigned_hub=-1,-1,-1,-1,-1,-1,-1,-1,
#moving_targetting_pos=22,1|19,30|15,1|2,29|25,1|5,1|29,2|9,2|
#setting_targetting_pos=22,29|19,2|15,30|2,1|25,30|5,30|29,30|9,30|
#type=2,2,2,2,2,2,2,2,
dLRLRRRR
#0000000000000000000
#assigned_pet=-1,-1,-1,-1,-1,-1,-1,-1,
#assigned_hub=-1,-1,-1,-1,-1,-1,-1,-1,
#moving_targetting_pos=22,1|19,30|15,1|2,29|25,1|5,1|29,2|9,2|
#setting_targetting_pos=22,29|19,2|15,30|2,1|25,30|5,30|29,30|9,30|
#type=2,2,2,2,2,2,2,2,
RduLRdd.
#0000000000000000000
#assigned_pet=-1,-1,-1,-1,-1,-1,-1,-1,
#assigned_hub=-1,-1,-1,-1,-1,-1,-1,-1,
#moving_targetting_pos=22,1|19,30|15,1|2,29|25,1|5,1|29,2|9,2|
#setting_targetting_pos=22,29|19,2|15,30|2,1|25,30|5,30|29,30|9,30|
#type=2,2,2,2,2,2,2,2,
RLRrRRR.
#0000000000000000000
#assigned_pet=-1,-1,-1,-1,-1,-1,-1,-1,
#assigned_hub=-1,-1,-1,-1,-1,-1,-1,-1,
#moving_targetting_pos=22,1|19,30|15,1|2,29|25,1|5,1|29,2|9,2|
#setting_targetting_pos=22,29|19,2|15,30|2,1|25,30|5,30|29,30|9,30|
#type=2,2,2,2,2,2,2,2,
uLddu.ld
#0000000000000000000
#assigned_pet=-1,-1,-1,-1,-1,-1,-1,-1,
#assigned_hub=-1,-1,-1,-1,-1,-1,-1,-1,
#moving_targetting_pos=22,1|19,30|15,1|2,29|25,1|5,1|29,2|9,2|
#setting_targetting_pos=22,29|19,2|15,30|2,1|25,30|5,30|29,30|9,30|
#type=2,2,2,2,2,2,2,2,
.rRLRuRR
#0000000000000000000
#assigned_pet=-1,-1,-1,-1,-1,-1,-1,-1,
#assigned_hub=-1,-1,-1,-1,-1,-1,-1,-1,
#moving_targetting_pos=22,1|19,30|15,1|2,29|25,1|5,1|29,2|9,2|
#setting_targetting_pos=22,29|19,2|15,30|2,1|25,30|5,30|29,30|9,30|
#type=2,2,2,2,2,2,2,2,
.udLdRuR
#0000000000000000000
#assigned_pet=-1,-1,-1,-1,-1,-1,-1,-1,
#assigned_hub=-1,-1,-1,-1,-1,-1,-1,-1,
#moving_targetting_pos=22,1|19,30|15,1|2,29|25,1|5,1|29,2|9,2|
#setting_targetting_pos=22,29|19,2|15,30|2,1|25,30|5,30|29,30|9,30|
#type=2,2,2,2,2,2,2,2,
lLRLRRRl
#0000000000000000000
#assigned_pet=-1,-1,-1,-1,-1,-1,-1,-1,
#assigned_hub=-1,-1,-1,-1,-1,-1,-1,-1,
#moving_targetting_pos=22,1|19,30|15,1|2,29|25,1|5,1|29,2|9,2|
#setting_targetting_pos=22,29|19,2|15,30|2,1|25,30|5,30|29,30|9,30|
#type=2,2,2,2,2,2,2,2,
RLdd.RR.
#0000000000000000000
#assigned_pet=-1,-1,-1,-1,-1,-1,-1,-1,
#assigned_hub=-1,-1,-1,-1,-1,-1,-1,-1,
#moving_targetting_pos=22,1|19,30|15,1|2,29|25,1|5,1|29,2|9,2|
#setting_targetting_pos=22,29|19,2|15,30|2,1|25,30|5,30|29,30|9,30|
#type=2,2,2,2,2,2,2,2,
RdRudRl.
#0000000000000000000
#assigned_pet=-1,-1,-1,-1,-1,-1,-1,-1,
#assigned_hub=-1,-1,-1,-1,-1,-1,-1,-1,
#moving_targetting_pos=22,1|19,30|15,1|2,29|25,1|5,1|29,2|9,2|
#setting_targetting_pos=22,29|19,2|15,30|2,1|25,30|5,30|29,30|9,30|
#type=2,2,2,2,2,2,2,2,
lLdLRud.
#0000000000000000000
#assigned_pet=-1,-1,-1,-1,-1,-1,-1,-1,
#assigned_hub=-1,-1,-1,-1,-1,-1,-1,-1,
#moving_targetting_pos=22,1|19,30|15,1|2,29|25,1|5,1|29,2|9,2|
#setting_targetting_pos=22,29|19,2|15,30|2,1|25,30|5,30|29,30|9,30|
#type=2,2,2,2,2,2,2,2,
d.RrdRRu
#0000000000000000000
#assigned_pet=-1,-1,-1,-1,-1,-1,-1,-1,
#assigned_hub=-1,-1,-1,-1,-1,-1,-1,-1,
#moving_targetting_pos=22,1|19,30|15,1|2,29|25,1|5,1|29,2|9,2|
#setting_targetting_pos=22,29|19,2|15,30|2,1|25,30|5,30|29,30|9,30|
#type=2,2,2,2,2,2,2,2,
R.dLRdRR
#0000000000000000000
#assigned_pet=-1,-1,-1,-1,-1,-1,-1,-1,
#assigned_hub=-1,-1,-1,-1,-1,-1,-1,-1,
#moving_targetting_pos=22,1|19,30|15,1|2,29|25,1|5,1|29,2|9,2|
#setting_targetting_pos=22,29|19,2|15,30|2,1|25,30|5,30|29,30|9,30|
#type=2,2,2,2,2,2,2,2,
RrRLdRdR
#0000000000000000000
#assigned_pet=-1,-1,-1,-1,-1,-1,-1,-1,
#assigned_hub=-1,-1,-1,-1,-1,-1,-1,-1,
#moving_targetting_pos=22,1|19,30|15,1|2,29|25,1|5,1|29,2|9,2|
#setting_targetting_pos=22,29|19,2|15,30|2,1|25,30|5,30|29,30|9,30|
#type=2,2,2,2,2,2,2,2,
RLudRdRd
#0000000000000000000
#assigned_pet=-1,-1,-1,-1,-1,-1,-1,-1,
#assigned_hub=-1,-1,-1,-1,-1,-1,-1,-1,
#moving_targetting_pos=22,1|19,30|15,1|2,29|25,1|5,1|29,2|9,2|
#setting_targetting_pos=22,29|19,2|15,30|2,1|25,30|5,30|29,30|9,30|
#type=2,2,2,2,2,2,2,2,
duRLdRRR
#0000000000000000000
#assigned_pet=-1,-1,-1,-1,-1,-1,-1,-1,
#assigned_hub=-1,-1,-1,-1,-1,-1,-1,-1,
#moving_targetting_pos=22,1|19,30|15,1|2,29|25,1|5,1|29,2|9,2|
#setting_targetting_pos=22,29|19,2|15,30|2,1|25,30|5,30|29,30|9,30|
#type=2,2,2,2,2,2,2,2,
uLRLRdll
#0000000000000000000
#assigned_pet=-1,-1,-1,-1,-1,-1,-1,-1,
#assigned_hub=-1,-1,-1,-1,-1,-1,-1,-1,
#moving_targetting_pos=22,1|19,30|15,1|2,29|25,1|5,1|29,2|9,2|
#setting_targetting_pos=22,29|19,2|15,30|2,1|25,30|5,30|29,30|9,30|
#type=2,2,2,2,2,2,2,2,
RLRruRuR
#0000000000000000000
#assigned_pet=-1,-1,-1,-1,-1,-1,-1,-1,
#assigned_hub=-1,-1,-1,-1,-1,-1,-1,-1,
#moving_targetting_pos=22,1|19,30|15,1|2,29|25,1|5,1|29,2|9,2|
#setting_targetting_pos=22,29|19,2|15,30|2,1|25,30|5,30|29,30|9,30|
#type=2,2,2,2,2,2,2,2,
l.RuRdR.
#0000000000000000000
#assigned_pet=-1,-1,-1,-1,-1,-1,-1,-1,
#assigned_hub=-1,-1,-1,-1,-1,-1,-1,-1,
#moving_targetting_pos=22,1|19,30|15,1|2,29|25,1|5,1|29,2|9,2|
#setting_targetting_pos=22,29|19,2|15,30|2,1|25,30|5,30|29,30|9,30|
#type=2,2,2,2,2,2,2,2,
R.uLRRRu
#0000000000000000000
#assigned_pet=-1,-1,-1,-1,-1,-1,-1,-1,
#assigned_hub=-1,-1,-1,-1,-1,-1,-1,-1,
#moving_targetting_pos=22,1|19,30|15,1|2,29|25,1|5,1|29,2|9,2|
#setting_targetting_pos=22,29|19,2|15,30|2,1|25,30|5,30|29,30|9,30|
#type=2,2,2,2,2,2,2,2,
R.RLRddR
#0000000000000000000
#assigned_pet=-1,-1,-1,-1,-1,-1,-1,-1,
#assigned_hub=-1,-1,-1,-1,-1,-1,-1,-1,
#moving_targetting_pos=22,1|19,30|15,1|2,29|25,1|5,1|29,2|9,2|
#setting_targetting_pos=22,29|19,2|15,30|2,1|25,30|5,30|29,30|9,30|
#type=2,2,2,2,2,2,2,2,
.ddrRRRR
#0000000000000000000
#assigned_pet=-1,-1,-1,-1,-1,-1,-1,-1,
#assigned_hub=-1,-1,-1,-1,-1,-1,-1,-1,
#moving_targetting_pos=22,1|19,30|15,1|2,29|25,1|5,1|29,2|9,2|
#setting_targetting_pos=22,29|19,2|15,30|2,1|25,30|5,30|29,30|9,30|
#type=2,2,2,2,2,2,2,2,
..Rdu.ll
#0000000000000000000
#assigned_pet=-1,-1,-1,-1,-1,-1,-1,-1,
#assigned_hub=-1,-1,-1,-1,-1,-1,-1,-1,
#moving_targetting_pos=22,1|19,30|15,1|2,29|25,1|5,1|29,2|9,2|
#setting_targetting_pos=22,29|19,2|15,30|2,1|25,30|5,30|29,30|9,30|
#type=2,2,2,2,2,2,2,2,
.rdLRuRd
#0000000000000000000
#assigned_pet=-1,-1,-1,-1,-1,-1,-1,-1,
#assigned_hub=-1,-1,-1,-1,-1,-1,-1,-1,
#moving_targetting_pos=22,1|19,30|12,29|2,29|25,1|5,1|29,2|9,2|
#setting_targetting_pos=22,29|19,2|12,1|2,1|25,30|5,30|29,30|9,30|
#type=2,2,1,2,2,2,2,2,
.LLLdRuR
#0000000000000000000
#assigned_pet=-1,-1,-1,-1,-1,-1,-1,-1,
#assigned_hub=-1,-1,-1,-1,-1,-1,-1,-1,
#moving_targetting_pos=22,1|19,30|12,29|2,29|25,1|5,1|29,2|9,2|
#setting_targetting_pos=22,29|19,2|12,1|2,1|25,30|5,30|29,30|9,30|
#type=2,2,1,2,2,2,2,2,
.LULRRRR
#0000000000000000000
#assigned_pet=-1,-1,-1,-1,-1,-1,-1,-1,
#assigned_hub=-1,-1,-1,-1,-1,-1,-1,-1,
#moving_targetting_pos=22,1|19,30|12,29|2,29|25,1|5,1|29,2|9,2|
#setting_targetting_pos=22,29|19,2|12,1|2,1|25,30|5,30|29,30|9,30|
#type=2,2,1,2,2,2,2,2,
.dUddRRd
#0000000000000000000
#assigned_pet=-1,-1,-1,-1,-1,-1,-1,-1,
#assigned_hub=-1,-1,-1,-1,8,-1,-1,-1,
#moving_targetting_pos=22,1|19,30|12,29|2,29|26,26|5,1|29,2|9,2|
#setting_targetting_pos=22,29|19,2|12,1|2,1|25,30|5,30|29,30|9,30|
#type=2,2,1,2,3,2,2,2,
dLUuLRlR
#0000000000000000000
#assigned_pet=-1,-1,-1,-1,-1,-1,-1,-1,
#assigned_hub=-1,-1,-1,-1,8,-1,-1,-1,
#moving_targetting_pos=22,1|19,30|12,29|2,29|26,26|5,1|29,2|9,2|
#setting_targetting_pos=22,29|19,2|12,1|2,1|-1,-1|5,30|29,30|9,30|
#type=2,2,2,2,3,2,2,2,
RLrLLudR
#0000000000000000000
#assigned_pet=-1,-1,-1,-1,-1,-1,-1,-1,
#assigned_hub=-1,-1,-1,-1,8,-1,5,-1,
#moving_targetting_pos=22,1|19,30|12,29|2,29|26,26|5,1|16,26|9,2|
#setting_targetting_pos=22,29|19,2|12,1|2,1|-1,-1|5,30|29,30|9,30|
#type=2,2,2,2,3,2,3,2,
RrdrLRUl
#0000000000000000000
#assigned_pet=-1,-1,-1,-1,9,-1,-1,-1,
#assigned_hub=-1,-1,-1,-1,8,-1,5,-1,
#moving_targetting_pos=22,1|19,30|12,29|2,29|-1,-1|5,1|16,26|9,2|
#setting_targetting_pos=22,29|19,2|12,1|2,1|27,27|5,30|-1,-1|9,30|
#type=2,2,2,2,4,2,3,2,
luLLDdLu
#0000000000000000000
#assigned_pet=-1,-1,-1,-1,9,-1,-1,-1,
#assigned_hub=-1,-1,-1,-1,8,-1,5,-1,
#moving_targetting_pos=22,1|19,30|12,29|2,29|-1,-1|5,1|16,26|9,2|
#setting_targetting_pos=22,29|19,2|12,1|2,1|27,27|5,30|-1,-1|9,30|
#type=2,2,2,2,4,2,3,2,
uLLL.RUR
#0000000000000000000
#assigned_pet=-1,-1,-1,-1,9,-1,-1,-1,
#assigned_hub=-1,-1,-1,-1,8,-1,5,-1,
#moving_targetting_pos=22,1|19,30|12,29|2,29|-1,-1|5,1|16,26|9,2|
#setting_targetting_pos=22,29|19,2|12,1|2,1|26,26|5,30|-1,-1|9,30|
#type=2,2,2,2,4,2,3,2,
RLLd.dLR
#0000000000000000000
#assigned_pet=-1,-1,-1,-1,9,-1,-1,-1,
#assigned_hub=-1,-1,-1,-1,8,2,5,-1,
#moving_targetting_pos=22,1|19,30|12,29|2,29|-1,-1|6,26|16,26|9,2|
#setting_targetting_pos=22,29|19,2|12,1|2,1|26,26|5,30|-1,-1|9,30|
#type=2,2,2,2,4,3,3,2,
RduL.LLd
#0000000000000000000
#assigned_pet=-1,-1,-1,-1,9,-1,-1,-1,
#assigned_hub=-1,-1,-1,-1,8,2,5,-1,
#moving_targetting_pos=22,1|19,30|12,29|2,29|-1,-1|6,26|16,26|9,2|
#setting_targetting_pos=22,29|19,2|12,1|2,1|27,27|-1,-1|-1,-1|9,30|
#type=2,2,2,2,4,3,3,2,
lL.L.LUR
#0000000000000000000
#assigned_pet=-1,-1,-1,-1,9,-1,-1,-1,
#assigned_hub=-1,-1,-1,-1,8,2,5,-1,
#moving_targetting_pos=22,1|19,30|12,29|2,29|-1,-1|6,26|16,26|9,2|
#setting_targetting_pos=22,29|19,2|12,1|2,1|26,28|-1,-1|-1,-1|9,30|
#type=2,2,2,2,4,3,3,2,
drdr.LUl
#0000000000000000000
#assigned_pet=-1,-1,-1,-1,9,17,-1,-1,
#assigned_hub=-1,-1,-1,-1,8,2,5,-1,
#moving_targetting_pos=22,1|19,30|12,29|2,29|-1,-1|-1,-1|16,26|9,2|
#setting_targetting_pos=22,29|19,2|12,1|2,1|25,27|6,27|-1,-1|9,30|
#type=2,2,2,2,4,4,3,2,
RLLu..UR
#0000000000000000000
#assigned_pet=-1,-1,-1,-1,9,17,-1,-1,
#assigned_hub=-1,-1,-1,0,8,2,5,-1,
#moving_targetting_pos=22,1|19,30|12,29|6,6|-1,-1|-1,-1|16,26|9,2|
#setting_targetting_pos=22,29|19,2|12,1|2,1|25,27|6,25|-1,-1|9,30|
#type=2,2,2,3,4,4,3,2,
Ru.D.LUu
#0000000000000000000
#assigned_pet=-1,-1,-1,-1,13,17,-1,-1,
#assigned_hub=-1,-1,-1,0,8,2,5,-1,
#moving_targetting_pos=22,1|19,30|12,29|6,6|-1,-1|-1,-1|16,26|9,2|
#setting_targetting_pos=22,29|19,2|12,1|-1,-1|26,27|7,24|-1,-1|9,30|
#type=2,2,2,3,4,4,3,2,
RLrRLLUR
#0000000000000000000
#assigned_pet=-1,-1,-1,-1,13,17,-1,-1,
#assigned_hub=-1,-1,-1,0,8,2,5,-1,
#moving_targetting_pos=22,1|19,30|12,29|6,6|-1,-1|-1,-1|16,26|9,2|
#setting_targetting_pos=22,29|19,2|12,1|-1,-1|25,26|7,26|-1,-1|9,30|
#type=2,2,2,3,4,4,3,2,
uLLD.RUR
#0000000000000000000
#assigned_pet=-1,-1,-1,-1,10,17,-1,-1,
#assigned_hub=-1,-1,-1,0,8,2,5,-1,
#moving_targetting_pos=22,1|19,30|12,29|6,6|-1,-1|-1,-1|16,26|9,2|
#setting_targetting_pos=22,29|19,2|12,1|-1,-1|26,27|7,26|-1,-1|9,30|
#type=2,2,2,3,4,4,3,2,
.rLR.DUl
#0000000000000000000
#assigned_pet=-1,-1,-1,-1,10,17,-1,-1,
#assigned_hub=-1,-1,-1,0,8,2,5,-1,
#moving_targetting_pos=22,1|19,30|12,29|6,6|-1,-1|-1,-1|16,26|9,2|
#setting_targetting_pos=22,29|19,2|12,1|-1,-1|26,27|7,26|-1,-1|9,30|
#type=2,2,2,3,4,4,3,2,
.ddD..Ud
#0000000000000000000
#assigned_pet=-1,-1,-1,-1,10,17,-1,-1,
#assigned_hub=-1,3,-1,0,8,2,5,1,
#moving_targetting_pos=22,1|16,6|12,29|6,6|-1,-1|-1,-1|16,26|6,16|
#setting_targetting_pos=22,29|19,2|12,1|-1,-1|26,27|7,24|-1,-1|9,30|
#type=2,3,2,3,4,4,3,3,
dULR.LUU
#0000000000000000000
#assigned_pet=-1,-1,-1,-1,10,17,-1,-1,
#assigned_hub=-1,3,-1,0,8,2,5,1,
#moving_targetting_pos=22,1|16,6|12,29|6,6|-1,-1|-1,-1|16,26|6,16|
#setting_targetting_pos=22,29|-1,-1|12,1|-1,-1|26,25|6,25|-1,-1|-1,-1|
#type=2,3,2,3,4,4,3,3,
RRLR.RLL
#0000000000000000000
#assigned_pet=-1,-1,-1,0,9,17,9,-1,
#assigned_hub=-1,3,-1,0,8,2,5,1,
#moving_targetting_pos=22,1|16,6|12,29|-1,-1|-1,-1|-1,-1|-1,-1|6,16|
#setting_targetting_pos=22,29|-1,-1|12,1|8,5|24,27|6,25|18,27|-1,-1|
#type=2,3,2,4,4,4,4,3,
lUrDR..U
#0000000000000000000
#assigned_pet=-1,-1,-1,0,9,17,9,-1,
#assigned_hub=-1,3,-1,0,8,2,5,1,
#moving_targetting_pos=22,1|16,6|12,29|-1,-1|-1,-1|-1,-1|-1,-1|6,16|
#setting_targetting_pos=22,29|-1,-1|12,1|7,6|24,27|6,25|18,27|-1,-1|
#type=2,3,2,4,4,4,4,3,
RRuRU..L
#0000000000000000000
#assigned_pet=-1,-1,-1,0,7,17,8,-1,
#assigned_hub=-1,3,-1,0,8,2,5,1,
#moving_targetting_pos=22,1|16,6|12,29|-1,-1|-1,-1|-1,-1|-1,-1|6,16|
#setting_targetting_pos=22,29|-1,-1|12,1|8,6|25,25|7,26|15,28|-1,-1|
#type=2,3,2,4,4,4,4,3,
RRLDL.RL
#0000000000000000000
#assigned_pet=-1,15,-1,15,7,17,7,-1,
#assigned_hub=-1,3,-1,0,8,2,5,1,
#moving_targetting_pos=22,1|-1,-1|12,29|-1,-1|-1,-1|-1,-1|-1,-1|6,16|
#setting_targetting_pos=22,29|14,7|12,1|8,7|24,25|6,25|18,25|-1,-1|
#type=2,4,2,4,4,4,4,3,
rRLRL.LL
#0000000000000000000
#assigned_pet=-1,12,-1,12,13,17,13,-1,
#assigned_hub=-1,3,-1,0,8,2,5,1,
#moving_targetting_pos=22,1|-1,-1|12,29|-1,-1|-1,-1|-1,-1|-1,-1|6,16|
#setting_targetting_pos=22,29|14,5|12,1|8,5|24,25|7,24|18,25|-1,-1|
#type=2,4,2,4,4,4,4,3,
dLrL.L.L
#0000000000000000000
#assigned_pet=-1,14,-1,0,7,17,7,-1,
#assigned_hub=4,3,-1,0,8,2,5,1,
#moving_targetting_pos=16,16|-1,-1|12,29|-1,-1|-1,-1|-1,-1|-1,-1|6,16|
#setting_targetting_pos=22,29|18,6|12,1|7,4|24,25|7,24|18,25|-1,-1|
#type=3,4,2,4,4,4,4,3,
LRdL.L.L
#0000000000000000000
#assigned_pet=-1,14,-1,0,6,17,6,-1,
#assigned_hub=4,3,-1,0,8,2,5,1,
#moving_targetting_pos=16,16|-1,-1|12,29|-1,-1|-1,-1|-1,-1|-1,-1|6,16|
#setting_targetting_pos=-1,-1|18,7|12,1|7,4|24,25|7,24|18,25|-1,-1|
#type=3,4,2,4,4,4,4,3,
LRL....L
#0000000000000000000
#assigned_pet=-1,14,-1,0,6,17,6,-1,
#assigned_hub=4,3,-1,0,8,2,5,1,
#moving_targetting_pos=16,16|-1,-1|12,29|-1,-1|-1,-1|-1,-1|-1,-1|6,16|
#setting_targetting_pos=-1,-1|18,7|12,1|7,4|24,25|7,24|18,25|-1,-1|
#type=3,4,2,4,4,4,4,3,
U.L....L
#0000000000000000000
#assigned_pet=-1,3,-1,0,6,17,6,-1,
#assigned_hub=4,3,-1,0,8,2,5,1,
#moving_targetting_pos=16,16|-1,-1|12,29|-1,-1|-1,-1|-1,-1|-1,-1|6,16|
#setting_targetting_pos=-1,-1|16,8|12,1|7,4|24,25|7,24|18,25|-1,-1|
#type=3,4,2,4,4,4,4,3,
URL....L
#0000001100000100000
#assigned_pet=-1,3,-1,0,6,17,6,-1,
#assigned_hub=4,3,-1,0,8,2,5,1,
#moving_targetting_pos=16,16|-1,-1|12,29|-1,-1|-1,-1|-1,-1|-1,-1|6,16|
#setting_targetting_pos=-1,-1|17,7|12,1|7,4|24,25|7,24|18,25|-1,-1|
#type=3,4,2,4,5,4,5,3,
U.d.u.lL
#0000001100000100000
#assigned_pet=-1,3,-1,0,11,9,8,-1,
#assigned_hub=4,3,-1,0,8,2,5,1,
#moving_targetting_pos=16,16|-1,-1|12,29|-1,-1|-1,-1|-1,-1|-1,-1|6,16|
#setting_targetting_pos=-1,-1|16,6|12,1|7,4|24,27|8,25|15,28|-1,-1|
#type=3,4,2,4,4,4,4,3,
ULu.RRRL
#0000001100000100000
#assigned_pet=-1,3,-1,0,11,9,11,-1,
#assigned_hub=4,3,-1,0,8,2,5,1,
#moving_targetting_pos=16,16|-1,-1|12,29|-1,-1|-1,-1|-1,-1|-1,-1|6,16|
#setting_targetting_pos=-1,-1|15,5|12,1|7,4|24,27|8,25|18,27|-1,-1|
#type=3,4,2,4,4,4,4,3,
LLL.RDLL
#0000001100000100000
#assigned_pet=-1,3,-1,0,11,9,11,-1,
#assigned_hub=4,3,-1,0,8,2,5,1,
#moving_targetting_pos=16,16|-1,-1|12,29|-1,-1|-1,-1|-1,-1|-1,-1|6,16|
#setting_targetting_pos=-1,-1|14,6|12,1|7,4|24,27|8,25|18,27|-1,-1|
#type=3,4,2,4,4,4,4,3,
UUr....L
#0000001100010100000
#assigned_pet=-1,3,-1,0,11,18,11,18,
#assigned_hub=4,3,-1,0,8,2,5,1,
#moving_targetting_pos=16,16|-1,-1|12,29|-1,-1|-1,-1|-1,-1|-1,-1|-1,-1|
#setting_targetting_pos=-1,-1|14,6|12,1|7,4|24,27|5,24|18,27|5,18|
#type=3,4,2,4,5,4,5,4,
LUL.uLrR
#0000001100010100000
#assigned_pet=-1,14,-1,0,-1,18,8,18,
#assigned_hub=4,3,-1,0,7,2,5,1,
#moving_targetting_pos=16,16|-1,-1|12,29|-1,-1|26,16|-1,-1|-1,-1|-1,-1|
#setting_targetting_pos=-1,-1|18,7|12,1|7,4|-1,-1|5,24|15,28|5,18|
#type=3,4,2,4,3,4,4,4,
LRL.LUUU
#0000001100010100000
#assigned_pet=-1,12,-1,0,-1,18,8,18,
#assigned_hub=4,3,-1,0,6,2,5,1,
#moving_targetting_pos=16,16|-1,-1|12,29|-1,-1|26,6|-1,-1|-1,-1|-1,-1|
#setting_targetting_pos=-1,-1|15,8|12,1|7,4|-1,-1|5,24|15,28|5,18|
#type=3,4,2,4,3,4,4,4,
L.d.L.R.
#0000001100010100001
#assigned_pet=-1,12,-1,0,-1,18,8,18,
#assigned_hub=4,3,-1,0,6,2,5,1,
#moving_targetting_pos=16,16|-1,-1|12,29|-1,-1|26,6|-1,-1|-1,-1|-1,-1|
#setting_targetting_pos=-1,-1|15,8|12,1|7,4|-1,-1|5,24|15,28|5,18|
#type=3,4,2,4,3,5,4,5,
L.L.LuRu
#0000011100010100001
#assigned_pet=-1,12,-1,0,-1,5,8,5,
#assigned_hub=4,3,-1,0,6,2,5,1,
#moving_targetting_pos=16,16|-1,-1|12,29|-1,-1|26,6|-1,-1|-1,-1|-1,-1|
#setting_targetting_pos=-1,-1|15,8|12,1|7,4|-1,-1|7,24|15,28|7,18|
#type=3,4,2,4,3,5,4,5,
L.L.LdUd
#0000011100010100001
#assigned_pet=-1,15,-1,0,-1,9,8,17,
#assigned_hub=4,3,-1,0,6,2,5,1,
#moving_targetting_pos=16,16|-1,-1|12,29|-1,-1|26,6|-1,-1|-1,-1|-1,-1|
#setting_targetting_pos=-1,-1|14,7|12,1|7,4|-1,-1|8,25|15,28|7,14|
#type=3,4,2,4,3,4,4,4,
L.r.LR.L
#0000011110010100001
#assigned_pet=-1,15,-1,0,-1,9,8,17,
#assigned_hub=4,3,-1,0,6,2,5,1,
#moving_targetting_pos=16,16|-1,-1|12,29|-1,-1|26,6|-1,-1|-1,-1|-1,-1|
#setting_targetting_pos=-1,-1|14,7|12,1|7,4|-1,-1|8,25|15,28|7,14|
#type=3,4,2,4,3,4,5,4,
L.u.LDuL
#0000011110010100001
#assigned_pet=-1,3,-1,0,-1,9,9,17,
#assigned_hub=4,3,-1,0,6,2,5,1,
#moving_targetting_pos=16,16|-1,-1|12,29|-1,-1|26,6|-1,-1|-1,-1|-1,-1|
#setting_targetting_pos=-1,-1|15,8|12,1|7,4|-1,-1|8,25|14,25|7,14|
#type=3,4,2,4,3,4,4,4,
L.L.L.LL
#0000011110010100001
#assigned_pet=-1,12,-1,0,-1,-1,9,17,
#assigned_hub=4,3,-1,0,6,2,5,1,
#moving_targetting_pos=16,16|-1,-1|12,29|-1,-1|26,6|-1,-1|-1,-1|-1,-1|
#setting_targetting_pos=-1,-1|14,7|12,1|7,4|-1,-1|-1,-1|15,25|7,14|
#type=3,4,2,4,3,4,4,4,
L.L.L.LL
#0000011110010100001
#assigned_pet=1,12,-1,0,-1,-1,1,17,
#assigned_hub=4,3,-1,0,6,2,5,1,
#moving_targetting_pos=-1,-1|-1,-1|12,29|-1,-1|26,6|-1,-1|-1,-1|-1,-1|
#setting_targetting_pos=17,18|15,7|12,1|7,4|-1,-1|-1,-1|17,24|7,14|
#type=4,4,2,4,3,4,4,4,
.Lr.L.L.
#0000011110010100001
#assigned_pet=1,12,-1,0,-1,-1,1,17,
#assigned_hub=4,3,-1,0,6,2,5,1,
#moving_targetting_pos=-1,-1|-1,-1|12,29|-1,-1|26,6|-1,-1|-1,-1|-1,-1|
#setting_targetting_pos=17,18|14,7|12,1|7,4|-1,-1|-1,-1|17,24|7,14|
#type=4,4,2,4,3,4,4,4,
.Rd.L.L.
#0000011110010100001
#assigned_pet=1,3,-1,4,-1,-1,1,17,
#assigned_hub=4,3,-1,0,6,2,5,1,
#moving_targetting_pos=-1,-1|-1,-1|12,29|-1,-1|26,6|-1,-1|-1,-1|-1,-1|
#setting_targetting_pos=17,18|15,8|12,1|7,4|-1,-1|-1,-1|17,24|7,14|
#type=4,4,2,4,3,4,4,4,
..L.L...
#0100011110010100001
#assigned_pet=1,3,-1,17,-1,-1,1,17,
#assigned_hub=4,3,-1,0,6,2,5,1,
#moving_targetting_pos=-1,-1|-1,-1|12,29|-1,-1|26,6|-1,-1|-1,-1|-1,-1|
#setting_targetting_pos=17,18|15,8|12,1|7,8|-1,-1|-1,-1|17,24|7,14|
#type=5,4,2,4,3,4,5,4,
r.LRL.d.
#0100011110010100001
#assigned_pet=9,15,-1,4,-1,-1,9,17,
#assigned_hub=4,3,-1,0,6,2,5,1,
#moving_targetting_pos=-1,-1|-1,-1|12,29|-1,-1|26,6|-1,-1|-1,-1|-1,-1|
#setting_targetting_pos=15,18|14,5|12,1|7,4|-1,-1|-1,-1|15,24|7,14|
#type=4,4,2,4,3,4,4,4,
ULLLL...
#0100011110010100001
#assigned_pet=9,3,-1,17,-1,-1,9,17,
#assigned_hub=4,3,-1,0,6,2,5,1,
#moving_targetting_pos=-1,-1|-1,-1|12,29|-1,-1|26,6|-1,-1|-1,-1|-1,-1|
#setting_targetting_pos=15,18|15,8|12,1|7,8|-1,-1|-1,-1|15,24|7,14|
#type=4,4,2,4,3,4,4,4,
RR.RL...
#0100011110010100001
#assigned_pet=9,3,-1,17,-1,-1,9,17,
#assigned_hub=4,3,-1,0,6,2,5,1,
#moving_targetting_pos=-1,-1|-1,-1|12,29|-1,-1|26,6|-1,-1|-1,-1|-1,-1|
#setting_targetting_pos=15,18|15,8|12,1|7,8|-1,-1|-1,-1|15,24|7,14|
#type=4,4,2,4,3,4,4,4,
...RL...
#0100011110010100011
#assigned_pet=9,12,-1,17,-1,-1,9,17,
#assigned_hub=4,3,-1,0,6,2,5,1,
#moving_targetting_pos=-1,-1|-1,-1|12,29|-1,-1|26,6|6,26|-1,-1|-1,-1|
#setting_targetting_pos=15,18|17,8|12,1|7,8|-1,-1|-1,-1|15,24|7,14|
#type=4,4,2,5,3,4,4,5,
.RdrL..d
#0100011110010100011
#assigned_pet=9,15,-1,15,-1,-1,9,-1,
#assigned_hub=4,3,-1,0,6,2,5,1,
#moving_targetting_pos=-1,-1|-1,-1|12,29|-1,-1|26,6|-1,-1|-1,-1|-1,-1|
#setting_targetting_pos=15,18|14,5|12,1|8,5|-1,-1|-1,-1|15,24|-1,-1|
#type=4,4,2,4,3,4,4,4,
.L.LL...
#0100011110010100011
#assigned_pet=9,15,-1,15,-1,-1,9,-1,
#assigned_hub=4,3,-1,0,6,2,5,1,
#moving_targetting_pos=-1,-1|-1,-1|12,29|-1,-1|26,6|6,26|-1,-1|-1,-1|
#setting_targetting_pos=15,18|14,5|12,1|8,5|-1,-1|-1,-1|15,24|-1,-1|
#type=4,4,2,4,3,4,4,4,
.LuLL...
#0100011110010100011
#assigned_pet=9,15,-1,15,-1,-1,-1,-1,
#assigned_hub=4,3,-1,0,6,2,5,1,
#moving_targetting_pos=-1,-1|-1,-1|12,29|-1,-1|26,6|6,26|-1,-1|-1,-1|
#setting_targetting_pos=16,18|14,5|12,1|8,5|-1,-1|-1,-1|-1,-1|-1,-1|
#type=4,4,2,4,3,4,4,4,
LLL.L...
#0100011110010100011
#assigned_pet=9,15,-1,15,-1,-1,-1,-1,
#assigned_hub=4,3,-1,0,6,2,5,1,
#moving_targetting_pos=-1,-1|-1,-1|12,29|-1,-1|26,6|6,26|-1,-1|-1,-1|
#setting_targetting_pos=16,18|14,5|12,1|8,5|-1,-1|-1,-1|-1,-1|-1,-1|
#type=4,4,2,4,3,4,4,4,
..r.L...
#0100011110010100011
#assigned_pet=2,15,-1,15,14,-1,-1,-1,
#assigned_hub=4,3,-1,0,6,2,5,1,
#moving_targetting_pos=-1,-1|-1,-1|12,29|-1,-1|-1,-1|6,26|-1,-1|-1,-1|
#setting_targetting_pos=16,16|14,5|12,1|8,5|24,7|-1,-1|-1,-1|-1,-1|
#type=4,4,2,4,4,4,4,4,
..L.....
#0100011110010100011
#assigned_pet=2,15,-1,15,14,-1,-1,-1,
#assigned_hub=4,3,-1,0,6,2,5,1,
#moving_targetting_pos=-1,-1|-1,-1|12,29|-1,-1|-1,-1|6,26|-1,-1|-1,-1|
#setting_targetting_pos=16,17|14,5|12,1|8,5|24,7|-1,-1|-1,-1|-1,-1|
#type=4,4,2,4,4,4,4,4,
L.L.....
#0100011110010100011
#assigned_pet=3,15,-1,15,14,-1,3,-1,
#assigned_hub=4,3,-1,0,6,2,5,1,
#moving_targetting_pos=-1,-1|-1,-1|12,29|-1,-1|-1,-1|6,26|-1,-1|-1,-1|
#setting_targetting_pos=15,18|14,5|12,1|8,5|24,7|-1,-1|15,24|-1,-1|
#type=4,4,2,4,4,4,4,4,
R.d.....
#0100011110010100011
#assigned_pet=3,15,-1,15,14,-1,3,-1,
#assigned_hub=4,3,-1,0,6,2,5,1,
#moving_targetting_pos=-1,-1|-1,-1|12,29|-1,-1|-1,-1|6,26|-1,-1|-1,-1|
#setting_targetting_pos=15,18|14,5|12,1|8,5|24,7|-1,-1|15,24|-1,-1|
#type=4,4,2,4,4,4,4,4,
R.L.....
#0100011110010100011
#assigned_pet=3,15,-1,15,14,-1,3,9,
#assigned_hub=4,3,-1,0,6,2,5,1,
#moving_targetting_pos=-1,-1|-1,-1|12,29|-1,-1|-1,-1|6,26|-1,-1|-1,-1|
#setting_targetting_pos=15,18|14,5|12,1|8,5|24,7|-1,-1|15,24|8,15|
#type=4,4,2,4,4,4,4,4,
..L....R
#0100011110010100011
#assigned_pet=3,15,-1,15,14,-1,3,9,
#assigned_hub=4,3,-1,0,6,2,5,1,
#moving_targetting_pos=-1,-1|-1,-1|12,29|-1,-1|-1,-1|-1,-1|-1,-1|-1,-1|
#setting_targetting_pos=15,18|14,5|12,1|8,5|24,7|-1,-1|15,24|8,15|
#type=4,4,2,4,4,4,4,4,
..r....D
#0100011110010100011
#assigned_pet=3,15,-1,15,14,-1,3,9,
#assigned_hub=4,3,-1,0,6,2,5,1,
#moving_targetting_pos=-1,-1|-1,-1|12,29|-1,-1|-1,-1|-1,-1|-1,-1|-1,-1|
#setting_targetting_pos=15,18|14,5|12,1|8,5|24,7|-1,-1|15,24|8,15|
#type=4,4,2,4,4,4,4,4,
..u.....
#0100011110010100011
#assigned_pet=3,15,-1,15,14,-1,3,9,
#assigned_hub=4,3,-1,0,6,2,5,1,
#moving_targetting_pos=-1,-1|-1,-1|12,29|-1,-1|-1,-1|-1,-1|-1,-1|-1,-1|
#setting_targetting_pos=15,18|14,5|12,1|8,5|24,7|-1,-1|15,24|8,15|
#type=4,4,0,4,4,4,4,4,
........
#0100011110010100011
#assigned_pet=3,15,-1,15,14,-1,3,9,
#assigned_hub=4,3,-1,0,6,2,5,1,
#moving_targetting_pos=-1,-1|-1,-1|12,29|-1,-1|-1,-1|-1,-1|-1,-1|-1,-1|
#setting_targetting_pos=15,18|14,5|12,1|8,5|24,7|-1,-1|15,24|8,15|
#type=4,4,0,4,4,4,4,4,
........
#0100011110010100011
#assigned_pet=3,15,-1,15,14,-1,3,9,
#assigned_hub=4,3,-1,0,6,2,5,1,
#moving_targetting_pos=-1,-1|-1,-1|12,29|-1,-1|-1,-1|-1,-1|-1,-1|-1,-1|
#setting_targetting_pos=15,18|14,5|12,1|8,5|24,7|-1,-1|15,24|8,16|
#type=4,4,0,4,4,4,4,4,
.......R
#0100011110010100011
#assigned_pet=3,14,-1,0,14,-1,3,9,
#assigned_hub=4,3,-1,0,6,2,5,1,
#moving_targetting_pos=-1,-1|-1,-1|12,29|-1,-1|-1,-1|-1,-1|-1,-1|-1,-1|
#setting_targetting_pos=15,18|18,7|12,1|4,5|24,7|-1,-1|15,24|6,16|
#type=4,4,0,4,4,4,4,4,
.R.U....
#0100011110010100011
#assigned_pet=3,14,-1,0,14,-1,3,9,
#assigned_hub=4,3,-1,0,6,2,5,1,
#moving_targetting_pos=-1,-1|-1,-1|12,29|-1,-1|-1,-1|-1,-1|-1,-1|-1,-1|
#setting_targetting_pos=15,18|18,7|12,1|4,5|24,7|-1,-1|15,24|8,16|
#type=4,4,0,4,4,4,4,4,
.R.U....
#0100011110010100011
#assigned_pet=3,14,-1,0,14,-1,3,9,
#assigned_hub=4,3,-1,0,6,2,5,1,
#moving_targetting_pos=-1,-1|-1,-1|12,29|-1,-1|-1,-1|-1,-1|-1,-1|-1,-1|
#setting_targetting_pos=15,18|18,7|12,1|4,5|24,7|-1,-1|15,24|8,15|
#type=4,4,0,4,4,4,4,4,
.D.....L
#0100011110010100011
#assigned_pet=3,14,-1,0,14,-1,3,9,
#assigned_hub=4,3,-1,0,6,2,5,1,
#moving_targetting_pos=-1,-1|-1,-1|12,29|-1,-1|-1,-1|-1,-1|-1,-1|-1,-1|
#setting_targetting_pos=15,18|18,7|12,1|4,5|24,7|-1,-1|15,24|8,15|
#type=4,4,0,4,4,4,4,4,
.D......
#0100011110010100011
#assigned_pet=3,14,-1,0,14,-1,3,9,
#assigned_hub=4,3,7,0,6,2,5,1,
#moving_targetting_pos=-1,-1|-1,-1|26,16|-1,-1|-1,-1|-1,-1|-1,-1|-1,-1|
#setting_targetting_pos=15,18|18,7|12,1|4,5|24,7|-1,-1|15,24|8,15|
#type=4,4,3,4,4,4,4,4,
..D.....
#1100011110010101011
#assigned_pet=9,14,-1,0,14,-1,3,9,
#assigned_hub=4,3,7,0,6,2,5,1,
#moving_targetting_pos=-1,-1|-1,-1|26,16|-1,-1|-1,-1|-1,-1|-1,-1|-1,-1|
#setting_targetting_pos=14,15|18,7|-1,-1|4,5|24,7|-1,-1|15,25|8,15|
#type=4,4,3,5,4,4,4,4,
L.Ru..R.
#1100011110010111011
#assigned_pet=9,14,-1,4,14,3,3,9,
#assigned_hub=4,3,7,0,6,2,5,1,
#moving_targetting_pos=-1,-1|-1,-1|26,16|-1,-1|-1,-1|-1,-1|-1,-1|-1,-1|
#setting_targetting_pos=14,15|18,7|-1,-1|4,7|24,7|8,25|14,25|8,15|
#type=4,5,3,4,5,4,4,4,
LdDRu.U.
#1101011110010111011
#assigned_pet=9,10,-1,4,16,3,3,9,
#assigned_hub=4,3,7,0,6,2,5,1,
#moving_targetting_pos=-1,-1|-1,-1|26,16|-1,-1|-1,-1|-1,-1|-1,-1|-1,-1|
#setting_targetting_pos=14,15|15,4|-1,-1|4,7|25,6|8,25|14,25|8,15|
#type=4,4,3,4,4,5,5,4,
LLRR.du.
#1101111110010111011
#assigned_pet=9,10,-1,4,16,-1,-1,9,
#assigned_hub=4,3,7,0,6,2,5,1,
#moving_targetting_pos=-1,-1|-1,-1|26,16|-1,-1|-1,-1|6,26|-1,-1|-1,-1|
#setting_targetting_pos=14,15|15,4|-1,-1|4,7|25,5|-1,-1|-1,-1|8,15|
#type=4,4,3,5,4,4,4,4,
ULDuL...
#1101111110010111011
#assigned_pet=9,10,-1,-1,16,-1,-1,9,
#assigned_hub=4,3,7,0,6,2,5,1,
#moving_targetting_pos=-1,-1|-1,-1|26,16|6,6|-1,-1|6,26|-1,-1|-1,-1|
#setting_targetting_pos=14,15|15,4|-1,-1|-1,-1|26,5|-1,-1|-1,-1|8,15|
#type=4,4,3,4,4,4,4,4,
.LR.L...
#1101111110010111011
#assigned_pet=12,12,-1,-1,16,-1,-1,-1,
#assigned_hub=4,3,7,0,6,2,5,1,
#moving_targetting_pos=-1,-1|-1,-1|26,16|6,6|-1,-1|6,26|-1,-1|-1,-1|
#setting_targetting_pos=15,14|15,8|-1,-1|-1,-1|26,4|-1,-1|-1,-1|-1,-1|
#type=4,4,3,4,4,4,4,4,
.RR.L...
#1101111110010111011
#assigned_pet=12,12,-1,-1,16,-1,-1,-1,
#assigned_hub=4,3,7,0,6,2,5,1,
#moving_targetting_pos=-1,-1|-1,-1|26,16|6,6|-1,-1|6,26|-1,-1|-1,-1|
#setting_targetting_pos=15,14|15,8|-1,-1|-1,-1|27,4|-1,-1|-1,-1|-1,-1|
#type=4,4,3,4,4,4,4,4,
.RR.D...
#1101111110010111011
#assigned_pet=12,12,-1,-1,16,-1,-1,-1,
#assigned_hub=4,3,7,0,6,2,5,1,
#moving_targetting_pos=-1,-1|-1,-1|26,16|-1,-1|-1,-1|6,26|-1,-1|-1,-1|
#setting_targetting_pos=15,14|15,8|-1,-1|-1,-1|27,5|-1,-1|-1,-1|-1,-1|
#type=4,4,3,4,4,4,4,4,
.RR.R...
#1101111110010111011
#assigned_pet=12,12,-1,-1,16,-1,-1,-1,
#assigned_hub=4,3,7,0,6,2,5,1,
#moving_targetting_pos=-1,-1|-1,-1|26,16|-1,-1|-1,-1|6,26|-1,-1|-1,-1|
#setting_targetting_pos=15,14|15,8|-1,-1|-1,-1|26,5|-1,-1|-1,-1|-1,-1|
#type=4,4,3,4,4,4,4,4,
.RR.R...
#1101111110010111011
#assigned_pet=12,12,-1,-1,16,-1,-1,-1,
#assigned_hub=4,3,7,0,6,2,5,1,
#moving_targetting_pos=-1,-1|-1,-1|26,16|-1,-1|-1,-1|6,26|-1,-1|-1,-1|
#setting_targetting_pos=15,14|15,8|-1,-1|-1,-1|27,5|-1,-1|-1,-1|-1,-1|
#type=4,4,3,4,4,4,4,4,
.UR.L...
#1101111110010111011
#assigned_pet=9,9,-1,-1,16,-1,-1,-1,
#assigned_hub=4,3,7,0,6,2,5,1,
#moving_targetting_pos=-1,-1|-1,-1|26,16|-1,-1|-1,-1|6,26|-1,-1|-1,-1|
#setting_targetting_pos=15,14|15,8|-1,-1|-1,-1|27,4|-1,-1|-1,-1|-1,-1|
#type=4,4,3,4,4,4,4,4,
..R.L...
#1101111110010111011
#assigned_pet=9,9,-1,-1,16,-1,-1,-1,
#assigned_hub=4,3,7,0,6,2,5,1,
#moving_targetting_pos=-1,-1|-1,-1|26,16|-1,-1|-1,-1|6,26|16,26|-1,-1|
#setting_targetting_pos=15,14|15,8|-1,-1|-1,-1|27,4|-1,-1|-1,-1|-1,-1|
#type=4,4,3,4,4,4,4,4,
..R.....
#1101111110010111111
#assigned_pet=9,9,-1,-1,16,-1,-1,-1,
#assigned_hub=4,3,7,0,6,2,5,1,
#moving_targetting_pos=-1,-1|-1,-1|26,16|-1,-1|-1,-1|6,26|16,26|-1,-1|
#setting_targetting_pos=15,14|15,8|-1,-1|-1,-1|27,4|-1,-1|-1,-1|-1,-1|
#type=4,4,3,4,5,4,4,4,
..R.d...
#1101111110010111111
#assigned_pet=9,9,-1,-1,-1,-1,-1,-1,
#assigned_hub=4,3,7,0,6,2,5,1,
#moving_targetting_pos=-1,-1|-1,-1|26,16|6,6|26,6|6,26|16,26|6,16|
#setting_targetting_pos=15,14|15,8|-1,-1|-1,-1|-1,-1|-1,-1|-1,-1|-1,-1|
#type=4,4,3,4,4,4,4,4,
..R.....
#1101111110010111111
#assigned_pet=9,9,-1,-1,-1,-1,-1,-1,
#assigned_hub=4,3,7,0,6,2,5,1,
#moving_targetting_pos=-1,-1|-1,-1|26,16|-1,-1|26,6|6,26|16,26|6,16|
#setting_targetting_pos=15,14|15,8|-1,-1|-1,-1|-1,-1|-1,-1|-1,-1|-1,-1|
#type=4,4,3,4,4,4,4,4,
..R.....
#1101111110010111111
#assigned_pet=12,12,-1,-1,-1,-1,-1,-1,
#assigned_hub=4,3,7,0,6,2,5,1,
#moving_targetting_pos=-1,-1|-1,-1|26,16|-1,-1|26,6|6,26|-1,-1|-1,-1|
#setting_targetting_pos=15,14|15,8|-1,-1|-1,-1|-1,-1|-1,-1|-1,-1|-1,-1|
#type=4,4,3,4,4,4,4,4,
..R.....
#1101111110010111111
#assigned_pet=12,12,-1,-1,-1,-1,-1,-1,
#assigned_hub=4,3,7,0,6,2,5,1,
#moving_targetting_pos=-1,-1|-1,-1|26,16|-1,-1|26,6|6,26|16,26|-1,-1|
#setting_targetting_pos=15,14|15,8|-1,-1|-1,-1|-1,-1|-1,-1|-1,-1|-1,-1|
#type=4,4,3,4,4,4,4,4,
..D.....
#1101111110010111111
#assigned_pet=10,10,-1,-1,-1,-1,-1,-1,
#assigned_hub=4,3,7,0,6,2,5,1,
#moving_targetting_pos=-1,-1|-1,-1|26,16|-1,-1|26,6|6,26|-1,-1|-1,-1|
#setting_targetting_pos=15,14|15,8|-1,-1|-1,-1|-1,-1|-1,-1|-1,-1|-1,-1|
#type=4,4,3,4,4,4,4,4,
..D.....
#1101111110010111111
#assigned_pet=12,12,-1,-1,-1,-1,-1,-1,
#assigned_hub=4,3,7,0,6,2,5,1,
#moving_targetting_pos=-1,-1|-1,-1|26,16|-1,-1|26,6|6,26|16,26|-1,-1|
#setting_targetting_pos=15,14|15,8|-1,-1|-1,-1|-1,-1|-1,-1|-1,-1|-1,-1|
#type=4,4,3,4,4,4,4,4,
..D.....
#1101111110010111111
#assigned_pet=10,10,-1,-1,-1,-1,-1,-1,
#assigned_hub=4,3,7,0,6,2,5,1,
#moving_targetting_pos=-1,-1|-1,-1|26,16|-1,-1|26,6|6,26|-1,-1|-1,-1|
#setting_targetting_pos=15,14|15,8|-1,-1|-1,-1|-1,-1|-1,-1|-1,-1|-1,-1|
#type=4,4,3,4,4,4,4,4,
..D.....
#1101111110111111111
#assigned_pet=10,10,-1,-1,-1,-1,-1,-1,
#assigned_hub=4,3,7,0,6,2,5,1,
#moving_targetting_pos=-1,-1|-1,-1|26,16|-1,-1|-1,-1|6,26|16,26|-1,-1|
#setting_targetting_pos=15,14|15,8|-1,-1|-1,-1|-1,-1|-1,-1|-1,-1|-1,-1|
#type=5,5,3,4,4,4,4,4,
luD.....
#1101111110111111111
#assigned_pet=2,9,-1,-1,-1,-1,-1,-1,
#assigned_hub=4,3,7,0,6,2,5,1,
#moving_targetting_pos=-1,-1|-1,-1|26,16|6,6|-1,-1|6,26|16,26|6,16|
#setting_targetting_pos=18,17|18,6|-1,-1|-1,-1|-1,-1|-1,-1|-1,-1|-1,-1|
#type=4,4,3,4,4,4,4,4,
RLD.....
#1101111110111111111
#assigned_pet=2,9,-1,-1,9,-1,-1,-1,
#assigned_hub=4,3,7,0,6,2,5,1,
#moving_targetting_pos=-1,-1|-1,-1|26,16|6,6|-1,-1|6,26|16,26|6,16|
#setting_targetting_pos=18,17|18,5|-1,-1|-1,-1|24,5|-1,-1|-1,-1|-1,-1|
#type=4,4,3,4,4,4,4,4,
RLD.R...
#1101111110111111111
#assigned_pet=2,9,-1,-1,9,-1,-1,-1,
#assigned_hub=4,3,7,0,6,2,5,1,
#moving_targetting_pos=-1,-1|-1,-1|26,16|6,6|-1,-1|6,26|16,26|6,16|
#setting_targetting_pos=18,17|18,5|-1,-1|-1,-1|24,5|-1,-1|-1,-1|-1,-1|
#type=4,4,3,4,4,4,4,4,
DLD.U...
#1101111110111111111
#assigned_pet=2,9,-1,-1,9,-1,-1,-1,
#assigned_hub=4,3,7,0,6,2,5,1,
#moving_targetting_pos=-1,-1|-1,-1|26,16|6,6|-1,-1|6,26|16,26|6,16|
#setting_targetting_pos=18,17|18,5|-1,-1|-1,-1|24,5|-1,-1|-1,-1|-1,-1|
#type=4,4,3,4,4,4,4,4,
DDD.....
#1101111111111111111
#assigned_pet=2,9,-1,-1,9,-1,-1,-1,
#assigned_hub=4,3,7,0,6,2,5,1,
#moving_targetting_pos=-1,-1|-1,-1|26,16|6,6|-1,-1|6,26|16,26|6,16|
#setting_targetting_pos=18,17|18,5|-1,-1|-1,-1|24,5|-1,-1|-1,-1|-1,-1|
#type=4,5,3,4,5,4,4,4,
.dR.u...
#1111111111111111111
#assigned_pet=2,-1,2,-1,-1,-1,-1,-1,
#assigned_hub=4,3,7,0,6,2,5,1,
#moving_targetting_pos=-1,-1|16,6|-1,-1|6,6|26,6|6,26|16,26|6,16|
#setting_targetting_pos=18,17|-1,-1|24,17|-1,-1|-1,-1|-1,-1|-1,-1|-1,-1|
#type=5,4,5,4,4,4,4,4,
d.r.....
#1111111111111111111
#assigned_pet=-1,-1,-1,-1,-1,-1,-1,-1,
#assigned_hub=4,3,7,0,6,2,5,1,
#moving_targetting_pos=16,16|16,6|26,16|6,6|26,6|6,26|16,26|6,16|
#setting_targetting_pos=-1,-1|-1,-1|-1,-1|-1,-1|-1,-1|-1,-1|-1,-1|-1,-1|
#type=4,4,4,4,4,4,4,4,
........
#1111111111111111111
#assigned_pet=-1,-1,-1,-1,-1,-1,-1,-1,
#assigned_hub=4,3,7,0,6,2,5,1,
#moving_targetting_pos=16,16|16,6|26,16|6,6|26,6|6,26|16,26|6,16|
#setting_targetting_pos=-1,-1|-1,-1|-1,-1|-1,-1|-1,-1|-1,-1|-1,-1|-1,-1|
#type=4,4,4,4,4,4,4,4,
........
#1111111111111111111
#assigned_pet=-1,-1,-1,-1,-1,-1,-1,-1,
#assigned_hub=4,3,7,0,6,2,5,1,
#moving_targetting_pos=16,16|16,6|26,16|6,6|26,6|6,26|16,26|6,16|
#setting_targetting_pos=-1,-1|-1,-1|-1,-1|-1,-1|-1,-1|-1,-1|-1,-1|-1,-1|
#type=4,4,4,4,4,4,4,4,
........
#1111111111111111111
#assigned_pet=-1,-1,-1,-1,-1,-1,-1,-1,
#assigned_hub=4,3,7,0,6,2,5,1,
#moving_targetting_pos=16,16|16,6|26,16|6,6|26,6|6,26|16,26|6,16|
#setting_targetting_pos=-1,-1|-1,-1|-1,-1|-1,-1|-1,-1|-1,-1|-1,-1|-1,-1|
#type=4,4,4,4,4,4,4,4,
........
#1111111111111111111
#assigned_pet=-1,-1,-1,-1,-1,-1,-1,-1,
#assigned_hub=4,3,7,0,6,2,5,1,
#moving_targetting_pos=16,16|16,6|26,16|6,6|26,6|6,26|16,26|6,16|
#setting_targetting_pos=-1,-1|-1,-1|-1,-1|-1,-1|-1,-1|-1,-1|-1,-1|-1,-1|
#type=4,4,4,4,4,4,4,4,
........
#1111111111111111111
#assigned_pet=-1,-1,-1,-1,-1,-1,-1,-1,
#assigned_hub=4,3,7,0,6,2,5,1,
#moving_targetting_pos=16,16|16,6|26,16|6,6|26,6|6,26|16,26|6,16|
#setting_targetting_pos=-1,-1|-1,-1|-1,-1|-1,-1|-1,-1|-1,-1|-1,-1|-1,-1|
#type=4,4,4,4,4,4,4,4,
........
#1111111111111111111
#assigned_pet=-1,-1,-1,-1,-1,-1,-1,-1,
#assigned_hub=4,3,7,0,6,2,5,1,
#moving_targetting_pos=16,16|16,6|26,16|6,6|26,6|6,26|16,26|6,16|
#setting_targetting_pos=-1,-1|-1,-1|-1,-1|-1,-1|-1,-1|-1,-1|-1,-1|-1,-1|
#type=4,4,4,4,4,4,4,4,
........
#1111111111111111111
#assigned_pet=-1,-1,-1,-1,-1,-1,-1,-1,
#assigned_hub=4,3,7,0,6,2,5,1,
#moving_targetting_pos=16,16|16,6|26,16|6,6|26,6|6,26|16,26|6,16|
#setting_targetting_pos=-1,-1|-1,-1|-1,-1|-1,-1|-1,-1|-1,-1|-1,-1|-1,-1|
#type=4,4,4,4,4,4,4,4,
........
#1111111111111111111
#assigned_pet=-1,-1,-1,-1,-1,-1,-1,-1,
#assigned_hub=4,3,7,0,6,2,5,1,
#moving_targetting_pos=16,16|16,6|26,16|6,6|26,6|6,26|16,26|6,16|
#setting_targetting_pos=-1,-1|-1,-1|-1,-1|-1,-1|-1,-1|-1,-1|-1,-1|-1,-1|
#type=4,4,4,4,4,4,4,4,
........
#1111111111111111111
#assigned_pet=-1,-1,-1,-1,-1,-1,-1,-1,
#assigned_hub=4,3,7,0,6,2,5,1,
#moving_targetting_pos=16,16|16,6|26,16|6,6|26,6|6,26|16,26|6,16|
#setting_targetting_pos=-1,-1|-1,-1|-1,-1|-1,-1|-1,-1|-1,-1|-1,-1|-1,-1|
#type=4,4,4,4,4,4,4,4,
........
#1111111111111111111
#assigned_pet=-1,-1,-1,-1,-1,-1,-1,-1,
#assigned_hub=4,3,7,0,6,2,5,1,
#moving_targetting_pos=16,16|16,6|26,16|6,6|26,6|6,26|16,26|6,16|
#setting_targetting_pos=-1,-1|-1,-1|-1,-1|-1,-1|-1,-1|-1,-1|-1,-1|-1,-1|
#type=4,4,4,4,4,4,4,4,
........
#1111111111111111111
#assigned_pet=-1,-1,-1,-1,-1,-1,-1,-1,
#assigned_hub=4,3,7,0,6,2,5,1,
#moving_targetting_pos=16,16|16,6|26,16|6,6|26,6|6,26|16,26|6,16|
#setting_targetting_pos=-1,-1|-1,-1|-1,-1|-1,-1|-1,-1|-1,-1|-1,-1|-1,-1|
#type=4,4,4,4,4,4,4,4,
........
#1111111111111111111
#assigned_pet=-1,-1,-1,-1,-1,-1,-1,-1,
#assigned_hub=4,3,7,0,6,2,5,1,
#moving_targetting_pos=16,16|16,6|26,16|6,6|26,6|6,26|16,26|6,16|
#setting_targetting_pos=-1,-1|-1,-1|-1,-1|-1,-1|-1,-1|-1,-1|-1,-1|-1,-1|
#type=4,4,4,4,4,4,4,4,
........
#1111111111111111111
#assigned_pet=-1,-1,-1,-1,-1,-1,-1,-1,
#assigned_hub=4,3,7,0,6,2,5,1,
#moving_targetting_pos=16,16|16,6|26,16|6,6|26,6|6,26|16,26|6,16|
#setting_targetting_pos=-1,-1|-1,-1|-1,-1|-1,-1|-1,-1|-1,-1|-1,-1|-1,-1|
#type=4,4,4,4,4,4,4,4,
........
#1111111111111111111
#assigned_pet=-1,-1,-1,-1,-1,-1,-1,-1,
#assigned_hub=4,3,7,0,6,2,5,1,
#moving_targetting_pos=16,16|16,6|26,16|6,6|26,6|6,26|16,26|6,16|
#setting_targetting_pos=-1,-1|-1,-1|-1,-1|-1,-1|-1,-1|-1,-1|-1,-1|-1,-1|
#type=4,4,4,4,4,4,4,4,
........
#1111111111111111111
#assigned_pet=-1,-1,-1,-1,-1,-1,-1,-1,
#assigned_hub=4,3,7,0,6,2,5,1,
#moving_targetting_pos=16,16|16,6|26,16|6,6|26,6|6,26|16,26|6,16|
#setting_targetting_pos=-1,-1|-1,-1|-1,-1|-1,-1|-1,-1|-1,-1|-1,-1|-1,-1|
#type=4,4,4,4,4,4,4,4,
........
#1111111111111111111
#assigned_pet=-1,-1,-1,-1,-1,-1,-1,-1,
#assigned_hub=4,3,7,0,6,2,5,1,
#moving_targetting_pos=16,16|16,6|26,16|6,6|26,6|6,26|16,26|6,16|
#setting_targetting_pos=-1,-1|-1,-1|-1,-1|-1,-1|-1,-1|-1,-1|-1,-1|-1,-1|
#type=4,4,4,4,4,4,4,4,
........
#1111111111111111111
#assigned_pet=-1,-1,-1,-1,-1,-1,-1,-1,
#assigned_hub=4,3,7,0,6,2,5,1,
#moving_targetting_pos=16,16|16,6|26,16|6,6|26,6|6,26|16,26|6,16|
#setting_targetting_pos=-1,-1|-1,-1|-1,-1|-1,-1|-1,-1|-1,-1|-1,-1|-1,-1|
#type=4,4,4,4,4,4,4,4,
........
#1111111111111111111
#assigned_pet=-1,-1,-1,-1,-1,-1,-1,-1,
#assigned_hub=4,3,7,0,6,2,5,1,
#moving_targetting_pos=16,16|16,6|26,16|6,6|26,6|6,26|16,26|6,16|
#setting_targetting_pos=-1,-1|-1,-1|-1,-1|-1,-1|-1,-1|-1,-1|-1,-1|-1,-1|
#type=4,4,4,4,4,4,4,4,
........
#1111111111111111111
#assigned_pet=-1,-1,-1,-1,-1,-1,-1,-1,
#assigned_hub=4,3,7,0,6,2,5,1,
#moving_targetting_pos=16,16|16,6|26,16|6,6|26,6|6,26|16,26|6,16|
#setting_targetting_pos=-1,-1|-1,-1|-1,-1|-1,-1|-1,-1|-1,-1|-1,-1|-1,-1|
#type=4,4,4,4,4,4,4,4,
........
#1111111111111111111
#assigned_pet=-1,-1,-1,-1,-1,-1,-1,-1,
#assigned_hub=4,3,7,0,6,2,5,1,
#moving_targetting_pos=16,16|16,6|26,16|6,6|26,6|6,26|16,26|6,16|
#setting_targetting_pos=-1,-1|-1,-1|-1,-1|-1,-1|-1,-1|-1,-1|-1,-1|-1,-1|
#type=4,4,4,4,4,4,4,4,
........
#1111111111111111111
#assigned_pet=-1,-1,-1,-1,-1,-1,-1,-1,
#assigned_hub=4,3,7,0,6,2,5,1,
#moving_targetting_pos=16,16|16,6|26,16|6,6|26,6|6,26|16,26|6,16|
#setting_targetting_pos=-1,-1|-1,-1|-1,-1|-1,-1|-1,-1|-1,-1|-1,-1|-1,-1|
#type=4,4,4,4,4,4,4,4,
........
#1111111111111111111
#assigned_pet=-1,-1,-1,-1,-1,-1,-1,-1,
#assigned_hub=4,3,7,0,6,2,5,1,
#moving_targetting_pos=16,16|16,6|26,16|6,6|26,6|6,26|16,26|6,16|
#setting_targetting_pos=-1,-1|-1,-1|-1,-1|-1,-1|-1,-1|-1,-1|-1,-1|-1,-1|
#type=4,4,4,4,4,4,4,4,
........
#1111111111111111111
#assigned_pet=-1,-1,-1,-1,-1,-1,-1,-1,
#assigned_hub=4,3,7,0,6,2,5,1,
#moving_targetting_pos=16,16|16,6|26,16|6,6|26,6|6,26|16,26|6,16|
#setting_targetting_pos=-1,-1|-1,-1|-1,-1|-1,-1|-1,-1|-1,-1|-1,-1|-1,-1|
#type=4,4,4,4,4,4,4,4,
........
#1111111111111111111
#assigned_pet=-1,-1,-1,-1,-1,-1,-1,-1,
#assigned_hub=4,3,7,0,6,2,5,1,
#moving_targetting_pos=16,16|16,6|26,16|6,6|26,6|6,26|16,26|6,16|
#setting_targetting_pos=-1,-1|-1,-1|-1,-1|-1,-1|-1,-1|-1,-1|-1,-1|-1,-1|
#type=4,4,4,4,4,4,4,4,
........
#1111111111111111111
#assigned_pet=-1,-1,-1,-1,-1,-1,-1,-1,
#assigned_hub=4,3,7,0,6,2,5,1,
#moving_targetting_pos=16,16|16,6|26,16|6,6|26,6|6,26|16,26|6,16|
#setting_targetting_pos=-1,-1|-1,-1|-1,-1|-1,-1|-1,-1|-1,-1|-1,-1|-1,-1|
#type=4,4,4,4,4,4,4,4,
........
#1111111111111111111
#assigned_pet=-1,-1,-1,-1,-1,-1,-1,-1,
#assigned_hub=4,3,7,0,6,2,5,1,
#moving_targetting_pos=16,16|16,6|26,16|6,6|26,6|6,26|16,26|6,16|
#setting_targetting_pos=-1,-1|-1,-1|-1,-1|-1,-1|-1,-1|-1,-1|-1,-1|-1,-1|
#type=4,4,4,4,4,4,4,4,
........
#1111111111111111111
#assigned_pet=-1,-1,-1,-1,-1,-1,-1,-1,
#assigned_hub=4,3,7,0,6,2,5,1,
#moving_targetting_pos=16,16|16,6|26,16|6,6|26,6|6,26|16,26|6,16|
#setting_targetting_pos=-1,-1|-1,-1|-1,-1|-1,-1|-1,-1|-1,-1|-1,-1|-1,-1|
#type=4,4,4,4,4,4,4,4,
........
#1111111111111111111
#assigned_pet=-1,-1,-1,-1,-1,-1,-1,-1,
#assigned_hub=4,3,7,0,6,2,5,1,
#moving_targetting_pos=16,16|16,6|26,16|6,6|26,6|6,26|16,26|6,16|
#setting_targetting_pos=-1,-1|-1,-1|-1,-1|-1,-1|-1,-1|-1,-1|-1,-1|-1,-1|
#type=4,4,4,4,4,4,4,4,
........
#1111111111111111111
#assigned_pet=-1,-1,-1,-1,-1,-1,-1,-1,
#assigned_hub=4,3,7,0,6,2,5,1,
#moving_targetting_pos=16,16|16,6|26,16|6,6|26,6|6,26|16,26|6,16|
#setting_targetting_pos=-1,-1|-1,-1|-1,-1|-1,-1|-1,-1|-1,-1|-1,-1|-1,-1|
#type=4,4,4,4,4,4,4,4,
........
#1111111111111111111
#assigned_pet=-1,-1,-1,-1,-1,-1,-1,-1,
#assigned_hub=4,3,7,0,6,2,5,1,
#moving_targetting_pos=16,16|16,6|26,16|6,6|26,6|6,26|16,26|6,16|
#setting_targetting_pos=-1,-1|-1,-1|-1,-1|-1,-1|-1,-1|-1,-1|-1,-1|-1,-1|
#type=4,4,4,4,4,4,4,4,
........
#1111111111111111111
#assigned_pet=-1,-1,-1,-1,-1,-1,-1,-1,
#assigned_hub=4,3,7,0,6,2,5,1,
#moving_targetting_pos=16,16|16,6|26,16|6,6|26,6|6,26|16,26|6,16|
#setting_targetting_pos=-1,-1|-1,-1|-1,-1|-1,-1|-1,-1|-1,-1|-1,-1|-1,-1|
#type=4,4,4,4,4,4,4,4,
........
#1111111111111111111
#assigned_pet=-1,-1,-1,-1,-1,-1,-1,-1,
#assigned_hub=4,3,7,0,6,2,5,1,
#moving_targetting_pos=16,16|16,6|26,16|6,6|26,6|6,26|16,26|6,16|
#setting_targetting_pos=-1,-1|-1,-1|-1,-1|-1,-1|-1,-1|-1,-1|-1,-1|-1,-1|
#type=4,4,4,4,4,4,4,4,
........
#1111111111111111111
#assigned_pet=-1,-1,-1,-1,-1,-1,-1,-1,
#assigned_hub=4,3,7,0,6,2,5,1,
#moving_targetting_pos=16,16|16,6|26,16|6,6|26,6|6,26|16,26|6,16|
#setting_targetting_pos=-1,-1|-1,-1|-1,-1|-1,-1|-1,-1|-1,-1|-1,-1|-1,-1|
#type=4,4,4,4,4,4,4,4,
........
#1111111111111111111
#assigned_pet=-1,-1,-1,-1,-1,-1,-1,-1,
#assigned_hub=4,3,7,0,6,2,5,1,
#moving_targetting_pos=16,16|16,6|26,16|6,6|26,6|6,26|16,26|6,16|
#setting_targetting_pos=-1,-1|-1,-1|-1,-1|-1,-1|-1,-1|-1,-1|-1,-1|-1,-1|
#type=4,4,4,4,4,4,4,4,
........
#1111111111111111111
#assigned_pet=-1,-1,-1,-1,-1,-1,-1,-1,
#assigned_hub=4,3,7,0,6,2,5,1,
#moving_targetting_pos=16,16|16,6|26,16|6,6|26,6|6,26|16,26|6,16|
#setting_targetting_pos=-1,-1|-1,-1|-1,-1|-1,-1|-1,-1|-1,-1|-1,-1|-1,-1|
#type=4,4,4,4,4,4,4,4,
........
#1111111111111111111
#assigned_pet=-1,-1,-1,-1,-1,-1,-1,-1,
#assigned_hub=4,3,7,0,6,2,5,1,
#moving_targetting_pos=16,16|16,6|26,16|6,6|26,6|6,26|16,26|6,16|
#setting_targetting_pos=-1,-1|-1,-1|-1,-1|-1,-1|-1,-1|-1,-1|-1,-1|-1,-1|
#type=4,4,4,4,4,4,4,4,
........
#1111111111111111111
#assigned_pet=-1,-1,-1,-1,-1,-1,-1,-1,
#assigned_hub=4,3,7,0,6,2,5,1,
#moving_targetting_pos=16,16|16,6|26,16|6,6|26,6|6,26|16,26|6,16|
#setting_targetting_pos=-1,-1|-1,-1|-1,-1|-1,-1|-1,-1|-1,-1|-1,-1|-1,-1|
#type=4,4,4,4,4,4,4,4,
........
#1111111111111111111
#assigned_pet=-1,-1,-1,-1,-1,-1,-1,-1,
#assigned_hub=4,3,7,0,6,2,5,1,
#moving_targetting_pos=16,16|16,6|26,16|6,6|26,6|6,26|16,26|6,16|
#setting_targetting_pos=-1,-1|-1,-1|-1,-1|-1,-1|-1,-1|-1,-1|-1,-1|-1,-1|
#type=4,4,4,4,4,4,4,4,
........
#1111111111111111111
#assigned_pet=-1,-1,-1,-1,-1,-1,-1,-1,
#assigned_hub=4,3,7,0,6,2,5,1,
#moving_targetting_pos=16,16|16,6|26,16|6,6|26,6|6,26|16,26|6,16|
#setting_targetting_pos=-1,-1|-1,-1|-1,-1|-1,-1|-1,-1|-1,-1|-1,-1|-1,-1|
#type=4,4,4,4,4,4,4,4,
........
#1111111111111111111
#assigned_pet=-1,-1,-1,-1,-1,-1,-1,-1,
#assigned_hub=4,3,7,0,6,2,5,1,
#moving_targetting_pos=16,16|16,6|26,16|6,6|26,6|6,26|16,26|6,16|
#setting_targetting_pos=-1,-1|-1,-1|-1,-1|-1,-1|-1,-1|-1,-1|-1,-1|-1,-1|
#type=4,4,4,4,4,4,4,4,
........
#1111111111111111111
#assigned_pet=-1,-1,-1,-1,-1,-1,-1,-1,
#assigned_hub=4,3,7,0,6,2,5,1,
#moving_targetting_pos=16,16|16,6|26,16|6,6|26,6|6,26|16,26|6,16|
#setting_targetting_pos=-1,-1|-1,-1|-1,-1|-1,-1|-1,-1|-1,-1|-1,-1|-1,-1|
#type=4,4,4,4,4,4,4,4,
........
#1111111111111111111
#assigned_pet=-1,-1,-1,-1,-1,-1,-1,-1,
#assigned_hub=4,3,7,0,6,2,5,1,
#moving_targetting_pos=16,16|16,6|26,16|6,6|26,6|6,26|16,26|6,16|
#setting_targetting_pos=-1,-1|-1,-1|-1,-1|-1,-1|-1,-1|-1,-1|-1,-1|-1,-1|
#type=4,4,4,4,4,4,4,4,
........
#1111111111111111111
#assigned_pet=-1,-1,-1,-1,-1,-1,-1,-1,
#assigned_hub=4,3,7,0,6,2,5,1,
#moving_targetting_pos=16,16|16,6|26,16|6,6|26,6|6,26|16,26|6,16|
#setting_targetting_pos=-1,-1|-1,-1|-1,-1|-1,-1|-1,-1|-1,-1|-1,-1|-1,-1|
#type=4,4,4,4,4,4,4,4,
........
#1111111111111111111
#assigned_pet=-1,-1,-1,-1,-1,-1,-1,-1,
#assigned_hub=4,3,7,0,6,2,5,1,
#moving_targetting_pos=16,16|16,6|26,16|6,6|26,6|6,26|16,26|6,16|
#setting_targetting_pos=-1,-1|-1,-1|-1,-1|-1,-1|-1,-1|-1,-1|-1,-1|-1,-1|
#type=4,4,4,4,4,4,4,4,
........
#1111111111111111111
#assigned_pet=-1,-1,-1,-1,-1,-1,-1,-1,
#assigned_hub=4,3,7,0,6,2,5,1,
#moving_targetting_pos=16,16|16,6|26,16|6,6|26,6|6,26|16,26|6,16|
#setting_targetting_pos=-1,-1|-1,-1|-1,-1|-1,-1|-1,-1|-1,-1|-1,-1|-1,-1|
#type=4,4,4,4,4,4,4,4,
........
#1111111111111111111
#assigned_pet=-1,-1,-1,-1,-1,-1,-1,-1,
#assigned_hub=4,3,7,0,6,2,5,1,
#moving_targetting_pos=16,16|16,6|26,16|6,6|26,6|6,26|16,26|6,16|
#setting_targetting_pos=-1,-1|-1,-1|-1,-1|-1,-1|-1,-1|-1,-1|-1,-1|-1,-1|
#type=4,4,4,4,4,4,4,4,
........
#1111111111111111111
#assigned_pet=-1,-1,-1,-1,-1,-1,-1,-1,
#assigned_hub=4,3,7,0,6,2,5,1,
#moving_targetting_pos=16,16|16,6|26,16|6,6|26,6|6,26|16,26|6,16|
#setting_targetting_pos=-1,-1|-1,-1|-1,-1|-1,-1|-1,-1|-1,-1|-1,-1|-1,-1|
#type=4,4,4,4,4,4,4,4,
........
#1111111111111111111
#assigned_pet=-1,-1,-1,-1,-1,-1,-1,-1,
#assigned_hub=4,3,7,0,6,2,5,1,
#moving_targetting_pos=16,16|16,6|26,16|6,6|26,6|6,26|16,26|6,16|
#setting_targetting_pos=-1,-1|-1,-1|-1,-1|-1,-1|-1,-1|-1,-1|-1,-1|-1,-1|
#type=4,4,4,4,4,4,4,4,
........
#1111111111111111111
#assigned_pet=-1,-1,-1,-1,-1,-1,-1,-1,
#assigned_hub=4,3,7,0,6,2,5,1,
#moving_targetting_pos=16,16|16,6|26,16|6,6|26,6|6,26|16,26|6,16|
#setting_targetting_pos=-1,-1|-1,-1|-1,-1|-1,-1|-1,-1|-1,-1|-1,-1|-1,-1|
#type=4,4,4,4,4,4,4,4,
........
#1111111111111111111
#assigned_pet=-1,-1,-1,-1,-1,-1,-1,-1,
#assigned_hub=4,3,7,0,6,2,5,1,
#moving_targetting_pos=16,16|16,6|26,16|6,6|26,6|6,26|16,26|6,16|
#setting_targetting_pos=-1,-1|-1,-1|-1,-1|-1,-1|-1,-1|-1,-1|-1,-1|-1,-1|
#type=4,4,4,4,4,4,4,4,
........
#1111111111111111111
#assigned_pet=-1,-1,-1,-1,-1,-1,-1,-1,
#assigned_hub=4,3,7,0,6,2,5,1,
#moving_targetting_pos=16,16|16,6|26,16|6,6|26,6|6,26|16,26|6,16|
#setting_targetting_pos=-1,-1|-1,-1|-1,-1|-1,-1|-1,-1|-1,-1|-1,-1|-1,-1|
#type=4,4,4,4,4,4,4,4,
........
#1111111111111111111
#assigned_pet=-1,-1,-1,-1,-1,-1,-1,-1,
#assigned_hub=4,3,7,0,6,2,5,1,
#moving_targetting_pos=16,16|16,6|26,16|6,6|26,6|6,26|16,26|6,16|
#setting_targetting_pos=-1,-1|-1,-1|-1,-1|-1,-1|-1,-1|-1,-1|-1,-1|-1,-1|
#type=4,4,4,4,4,4,4,4,
........
#1111111111111111111
#assigned_pet=-1,-1,-1,-1,-1,-1,-1,-1,
#assigned_hub=4,3,7,0,6,2,5,1,
#moving_targetting_pos=16,16|16,6|26,16|6,6|26,6|6,26|16,26|6,16|
#setting_targetting_pos=-1,-1|-1,-1|-1,-1|-1,-1|-1,-1|-1,-1|-1,-1|-1,-1|
#type=4,4,4,4,4,4,4,4,
........
#1111111111111111111
#assigned_pet=-1,-1,-1,-1,-1,-1,-1,-1,
#assigned_hub=4,3,7,0,6,2,5,1,
#moving_targetting_pos=16,16|16,6|26,16|6,6|26,6|6,26|16,26|6,16|
#setting_targetting_pos=-1,-1|-1,-1|-1,-1|-1,-1|-1,-1|-1,-1|-1,-1|-1,-1|
#type=4,4,4,4,4,4,4,4,
........
#1111111111111111111
#assigned_pet=-1,-1,-1,-1,-1,-1,-1,-1,
#assigned_hub=4,3,7,0,6,2,5,1,
#moving_targetting_pos=16,16|16,6|26,16|6,6|26,6|6,26|16,26|6,16|
#setting_targetting_pos=-1,-1|-1,-1|-1,-1|-1,-1|-1,-1|-1,-1|-1,-1|-1,-1|
#type=4,4,4,4,4,4,4,4,
........
#1111111111111111111
#assigned_pet=-1,-1,-1,-1,-1,-1,-1,-1,
#assigned_hub=4,3,7,0,6,2,5,1,
#moving_targetting_pos=16,16|16,6|26,16|6,6|26,6|6,26|16,26|6,16|
#setting_targetting_pos=-1,-1|-1,-1|-1,-1|-1,-1|-1,-1|-1,-1|-1,-1|-1,-1|
#type=4,4,4,4,4,4,4,4,
........
#1111111111111111111
#assigned_pet=-1,-1,-1,-1,-1,-1,-1,-1,
#assigned_hub=4,3,7,0,6,2,5,1,
#moving_targetting_pos=16,16|16,6|26,16|6,6|26,6|6,26|16,26|6,16|
#setting_targetting_pos=-1,-1|-1,-1|-1,-1|-1,-1|-1,-1|-1,-1|-1,-1|-1,-1|
#type=4,4,4,4,4,4,4,4,
........
#1111111111111111111
#assigned_pet=-1,-1,-1,-1,-1,-1,-1,-1,
#assigned_hub=4,3,7,0,6,2,5,1,
#moving_targetting_pos=16,16|16,6|26,16|6,6|26,6|6,26|16,26|6,16|
#setting_targetting_pos=-1,-1|-1,-1|-1,-1|-1,-1|-1,-1|-1,-1|-1,-1|-1,-1|
#type=4,4,4,4,4,4,4,4,
........
#1111111111111111111
#assigned_pet=-1,-1,-1,-1,-1,-1,-1,-1,
#assigned_hub=4,3,7,0,6,2,5,1,
#moving_targetting_pos=16,16|16,6|26,16|6,6|26,6|6,26|16,26|6,16|
#setting_targetting_pos=-1,-1|-1,-1|-1,-1|-1,-1|-1,-1|-1,-1|-1,-1|-1,-1|
#type=4,4,4,4,4,4,4,4,
........
#1111111111111111111
#assigned_pet=-1,-1,-1,-1,-1,-1,-1,-1,
#assigned_hub=4,3,7,0,6,2,5,1,
#moving_targetting_pos=16,16|16,6|26,16|6,6|26,6|6,26|16,26|6,16|
#setting_targetting_pos=-1,-1|-1,-1|-1,-1|-1,-1|-1,-1|-1,-1|-1,-1|-1,-1|
#type=4,4,4,4,4,4,4,4,
........
#1111111111111111111
#assigned_pet=-1,-1,-1,-1,-1,-1,-1,-1,
#assigned_hub=4,3,7,0,6,2,5,1,
#moving_targetting_pos=16,16|16,6|26,16|6,6|26,6|6,26|16,26|6,16|
#setting_targetting_pos=-1,-1|-1,-1|-1,-1|-1,-1|-1,-1|-1,-1|-1,-1|-1,-1|
#type=4,4,4,4,4,4,4,4,
........
#1111111111111111111
#assigned_pet=-1,-1,-1,-1,-1,-1,-1,-1,
#assigned_hub=4,3,7,0,6,2,5,1,
#moving_targetting_pos=16,16|16,6|26,16|6,6|26,6|6,26|16,26|6,16|
#setting_targetting_pos=-1,-1|-1,-1|-1,-1|-1,-1|-1,-1|-1,-1|-1,-1|-1,-1|
#type=4,4,4,4,4,4,4,4,
........
#1111111111111111111
#assigned_pet=-1,-1,-1,-1,-1,-1,-1,-1,
#assigned_hub=4,3,7,0,6,2,5,1,
#moving_targetting_pos=16,16|16,6|26,16|6,6|26,6|6,26|16,26|6,16|
#setting_targetting_pos=-1,-1|-1,-1|-1,-1|-1,-1|-1,-1|-1,-1|-1,-1|-1,-1|
#type=4,4,4,4,4,4,4,4,
........
#1111111111111111111
#assigned_pet=-1,-1,-1,-1,-1,-1,-1,-1,
#assigned_hub=4,3,7,0,6,2,5,1,
#moving_targetting_pos=16,16|16,6|26,16|6,6|26,6|6,26|16,26|6,16|
#setting_targetting_pos=-1,-1|-1,-1|-1,-1|-1,-1|-1,-1|-1,-1|-1,-1|-1,-1|
#type=4,4,4,4,4,4,4,4,
........
#1111111111111111111
#assigned_pet=-1,-1,-1,-1,-1,-1,-1,-1,
#assigned_hub=4,3,7,0,6,2,5,1,
#moving_targetting_pos=16,16|16,6|26,16|6,6|26,6|6,26|16,26|6,16|
#setting_targetting_pos=-1,-1|-1,-1|-1,-1|-1,-1|-1,-1|-1,-1|-1,-1|-1,-1|
#type=4,4,4,4,4,4,4,4,
........
#1111111111111111111
#assigned_pet=-1,-1,-1,-1,-1,-1,-1,-1,
#assigned_hub=4,3,7,0,6,2,5,1,
#moving_targetting_pos=16,16|16,6|26,16|6,6|26,6|6,26|16,26|6,16|
#setting_targetting_pos=-1,-1|-1,-1|-1,-1|-1,-1|-1,-1|-1,-1|-1,-1|-1,-1|
#type=4,4,4,4,4,4,4,4,
........
#1111111111111111111
#assigned_pet=-1,-1,-1,-1,-1,-1,-1,-1,
#assigned_hub=4,3,7,0,6,2,5,1,
#moving_targetting_pos=16,16|16,6|26,16|6,6|26,6|6,26|16,26|6,16|
#setting_targetting_pos=-1,-1|-1,-1|-1,-1|-1,-1|-1,-1|-1,-1|-1,-1|-1,-1|
#type=4,4,4,4,4,4,4,4,
........
#1111111111111111111
#assigned_pet=-1,-1,-1,-1,-1,-1,-1,-1,
#assigned_hub=4,3,7,0,6,2,5,1,
#moving_targetting_pos=16,16|16,6|26,16|6,6|26,6|6,26|16,26|6,16|
#setting_targetting_pos=-1,-1|-1,-1|-1,-1|-1,-1|-1,-1|-1,-1|-1,-1|-1,-1|
#type=4,4,4,4,4,4,4,4,
........
#1111111111111111111
#assigned_pet=-1,-1,-1,-1,-1,-1,-1,-1,
#assigned_hub=4,3,7,0,6,2,5,1,
#moving_targetting_pos=16,16|16,6|26,16|6,6|26,6|6,26|16,26|6,16|
#setting_targetting_pos=-1,-1|-1,-1|-1,-1|-1,-1|-1,-1|-1,-1|-1,-1|-1,-1|
#type=4,4,4,4,4,4,4,4,
........
#1111111111111111111
#assigned_pet=-1,-1,-1,-1,-1,-1,-1,-1,
#assigned_hub=4,3,7,0,6,2,5,1,
#moving_targetting_pos=16,16|16,6|26,16|6,6|26,6|6,26|16,26|6,16|
#setting_targetting_pos=-1,-1|-1,-1|-1,-1|-1,-1|-1,-1|-1,-1|-1,-1|-1,-1|
#type=4,4,4,4,4,4,4,4,
........
#1111111111111111111
#assigned_pet=-1,-1,-1,-1,-1,-1,-1,-1,
#assigned_hub=4,3,7,0,6,2,5,1,
#moving_targetting_pos=16,16|16,6|26,16|6,6|26,6|6,26|16,26|6,16|
#setting_targetting_pos=-1,-1|-1,-1|-1,-1|-1,-1|-1,-1|-1,-1|-1,-1|-1,-1|
#type=4,4,4,4,4,4,4,4,
........
#1111111111111111111
#assigned_pet=-1,-1,-1,-1,-1,-1,-1,-1,
#assigned_hub=4,3,7,0,6,2,5,1,
#moving_targetting_pos=16,16|16,6|26,16|6,6|26,6|6,26|16,26|6,16|
#setting_targetting_pos=-1,-1|-1,-1|-1,-1|-1,-1|-1,-1|-1,-1|-1,-1|-1,-1|
#type=4,4,4,4,4,4,4,4,
........
#1111111111111111111
#assigned_pet=-1,-1,-1,-1,-1,-1,-1,-1,
#assigned_hub=4,3,7,0,6,2,5,1,
#moving_targetting_pos=16,16|16,6|26,16|6,6|26,6|6,26|16,26|6,16|
#setting_targetting_pos=-1,-1|-1,-1|-1,-1|-1,-1|-1,-1|-1,-1|-1,-1|-1,-1|
#type=4,4,4,4,4,4,4,4,
........
#1111111111111111111
#assigned_pet=-1,-1,-1,-1,-1,-1,-1,-1,
#assigned_hub=4,3,7,0,6,2,5,1,
#moving_targetting_pos=16,16|16,6|26,16|6,6|26,6|6,26|16,26|6,16|
#setting_targetting_pos=-1,-1|-1,-1|-1,-1|-1,-1|-1,-1|-1,-1|-1,-1|-1,-1|
#type=4,4,4,4,4,4,4,4,
........
#1111111111111111111
#assigned_pet=-1,-1,-1,-1,-1,-1,-1,-1,
#assigned_hub=4,3,7,0,6,2,5,1,
#moving_targetting_pos=16,16|16,6|26,16|6,6|26,6|6,26|16,26|6,16|
#setting_targetting_pos=-1,-1|-1,-1|-1,-1|-1,-1|-1,-1|-1,-1|-1,-1|-1,-1|
#type=4,4,4,4,4,4,4,4,
........
#1111111111111111111
#assigned_pet=-1,-1,-1,-1,-1,-1,-1,-1,
#assigned_hub=4,3,7,0,6,2,5,1,
#moving_targetting_pos=16,16|16,6|26,16|6,6|26,6|6,26|16,26|6,16|
#setting_targetting_pos=-1,-1|-1,-1|-1,-1|-1,-1|-1,-1|-1,-1|-1,-1|-1,-1|
#type=4,4,4,4,4,4,4,4,
........
#1111111111111111111
#assigned_pet=-1,-1,-1,-1,-1,-1,-1,-1,
#assigned_hub=4,3,7,0,6,2,5,1,
#moving_targetting_pos=16,16|16,6|26,16|6,6|26,6|6,26|16,26|6,16|
#setting_targetting_pos=-1,-1|-1,-1|-1,-1|-1,-1|-1,-1|-1,-1|-1,-1|-1,-1|
#type=4,4,4,4,4,4,4,4,
........
#1111111111111111111
#assigned_pet=-1,-1,-1,-1,-1,-1,-1,-1,
#assigned_hub=4,3,7,0,6,2,5,1,
#moving_targetting_pos=16,16|16,6|26,16|6,6|26,6|6,26|16,26|6,16|
#setting_targetting_pos=-1,-1|-1,-1|-1,-1|-1,-1|-1,-1|-1,-1|-1,-1|-1,-1|
#type=4,4,4,4,4,4,4,4,
........
#1111111111111111111
#assigned_pet=-1,-1,-1,-1,-1,-1,-1,-1,
#assigned_hub=4,3,7,0,6,2,5,1,
#moving_targetting_pos=16,16|16,6|26,16|6,6|26,6|6,26|16,26|6,16|
#setting_targetting_pos=-1,-1|-1,-1|-1,-1|-1,-1|-1,-1|-1,-1|-1,-1|-1,-1|
#type=4,4,4,4,4,4,4,4,
........
#1111111111111111111
#assigned_pet=-1,-1,-1,-1,-1,-1,-1,-1,
#assigned_hub=4,3,7,0,6,2,5,1,
#moving_targetting_pos=16,16|16,6|26,16|6,6|26,6|6,26|16,26|6,16|
#setting_targetting_pos=-1,-1|-1,-1|-1,-1|-1,-1|-1,-1|-1,-1|-1,-1|-1,-1|
#type=4,4,4,4,4,4,4,4,
........
#1111111111111111111
#assigned_pet=-1,-1,-1,-1,-1,-1,-1,-1,
#assigned_hub=4,3,7,0,6,2,5,1,
#moving_targetting_pos=16,16|16,6|26,16|6,6|26,6|6,26|16,26|6,16|
#setting_targetting_pos=-1,-1|-1,-1|-1,-1|-1,-1|-1,-1|-1,-1|-1,-1|-1,-1|
#type=4,4,4,4,4,4,4,4,
........
#1111111111111111111
#assigned_pet=-1,-1,-1,-1,-1,-1,-1,-1,
#assigned_hub=4,3,7,0,6,2,5,1,
#moving_targetting_pos=16,16|16,6|26,16|6,6|26,6|6,26|16,26|6,16|
#setting_targetting_pos=-1,-1|-1,-1|-1,-1|-1,-1|-1,-1|-1,-1|-1,-1|-1,-1|
#type=4,4,4,4,4,4,4,4,
........
#1111111111111111111
#assigned_pet=-1,-1,-1,-1,-1,-1,-1,-1,
#assigned_hub=4,3,7,0,6,2,5,1,
#moving_targetting_pos=16,16|16,6|26,16|6,6|26,6|6,26|16,26|6,16|
#setting_targetting_pos=-1,-1|-1,-1|-1,-1|-1,-1|-1,-1|-1,-1|-1,-1|-1,-1|
#type=4,4,4,4,4,4,4,4,
........
#1111111111111111111
#assigned_pet=-1,-1,-1,-1,-1,-1,-1,-1,
#assigned_hub=4,3,7,0,6,2,5,1,
#moving_targetting_pos=16,16|16,6|26,16|6,6|26,6|6,26|16,26|6,16|
#setting_targetting_pos=-1,-1|-1,-1|-1,-1|-1,-1|-1,-1|-1,-1|-1,-1|-1,-1|
#type=4,4,4,4,4,4,4,4,
........
#1111111111111111111
#assigned_pet=-1,-1,-1,-1,-1,-1,-1,-1,
#assigned_hub=4,3,7,0,6,2,5,1,
#moving_targetting_pos=16,16|16,6|26,16|6,6|26,6|6,26|16,26|6,16|
#setting_targetting_pos=-1,-1|-1,-1|-1,-1|-1,-1|-1,-1|-1,-1|-1,-1|-1,-1|
#type=4,4,4,4,4,4,4,4,
........
#1111111111111111111
#assigned_pet=-1,-1,-1,-1,-1,-1,-1,-1,
#assigned_hub=4,3,7,0,6,2,5,1,
#moving_targetting_pos=16,16|16,6|26,16|6,6|26,6|6,26|16,26|6,16|
#setting_targetting_pos=-1,-1|-1,-1|-1,-1|-1,-1|-1,-1|-1,-1|-1,-1|-1,-1|
#type=4,4,4,4,4,4,4,4,
........
#1111111111111111111
#assigned_pet=-1,-1,-1,-1,-1,-1,-1,-1,
#assigned_hub=4,3,7,0,6,2,5,1,
#moving_targetting_pos=16,16|16,6|26,16|6,6|26,6|6,26|16,26|6,16|
#setting_targetting_pos=-1,-1|-1,-1|-1,-1|-1,-1|-1,-1|-1,-1|-1,-1|-1,-1|
#type=4,4,4,4,4,4,4,4,
........
#1111111111111111111
#assigned_pet=-1,-1,-1,-1,-1,-1,-1,-1,
#assigned_hub=4,3,7,0,6,2,5,1,
#moving_targetting_pos=16,16|16,6|26,16|6,6|26,6|6,26|16,26|6,16|
#setting_targetting_pos=-1,-1|-1,-1|-1,-1|-1,-1|-1,-1|-1,-1|-1,-1|-1,-1|
#type=4,4,4,4,4,4,4,4,
........
#1111111111111111111
#assigned_pet=-1,-1,-1,-1,-1,-1,-1,-1,
#assigned_hub=4,3,7,0,6,2,5,1,
#moving_targetting_pos=16,16|16,6|26,16|6,6|26,6|6,26|16,26|6,16|
#setting_targetting_pos=-1,-1|-1,-1|-1,-1|-1,-1|-1,-1|-1,-1|-1,-1|-1,-1|
#type=4,4,4,4,4,4,4,4,
........
#1111111111111111111
#assigned_pet=-1,-1,-1,-1,-1,-1,-1,-1,
#assigned_hub=4,3,7,0,6,2,5,1,
#moving_targetting_pos=16,16|16,6|26,16|6,6|26,6|6,26|16,26|6,16|
#setting_targetting_pos=-1,-1|-1,-1|-1,-1|-1,-1|-1,-1|-1,-1|-1,-1|-1,-1|
#type=4,4,4,4,4,4,4,4,
........
#1111111111111111111
#assigned_pet=-1,-1,-1,-1,-1,-1,-1,-1,
#assigned_hub=4,3,7,0,6,2,5,1,
#moving_targetting_pos=16,16|16,6|26,16|6,6|26,6|6,26|16,26|6,16|
#setting_targetting_pos=-1,-1|-1,-1|-1,-1|-1,-1|-1,-1|-1,-1|-1,-1|-1,-1|
#type=4,4,4,4,4,4,4,4,
........
#1111111111111111111
#assigned_pet=-1,-1,-1,-1,-1,-1,-1,-1,
#assigned_hub=4,3,7,0,6,2,5,1,
#moving_targetting_pos=16,16|16,6|26,16|6,6|26,6|6,26|16,26|6,16|
#setting_targetting_pos=-1,-1|-1,-1|-1,-1|-1,-1|-1,-1|-1,-1|-1,-1|-1,-1|
#type=4,4,4,4,4,4,4,4,
........
#1111111111111111111
#assigned_pet=-1,-1,-1,-1,-1,-1,-1,-1,
#assigned_hub=4,3,7,0,6,2,5,1,
#moving_targetting_pos=16,16|16,6|26,16|6,6|26,6|6,26|16,26|6,16|
#setting_targetting_pos=-1,-1|-1,-1|-1,-1|-1,-1|-1,-1|-1,-1|-1,-1|-1,-1|
#type=4,4,4,4,4,4,4,4,
........
#1111111111111111111
#assigned_pet=-1,-1,-1,-1,-1,-1,-1,-1,
#assigned_hub=4,3,7,0,6,2,5,1,
#moving_targetting_pos=16,16|16,6|26,16|6,6|26,6|6,26|16,26|6,16|
#setting_targetting_pos=-1,-1|-1,-1|-1,-1|-1,-1|-1,-1|-1,-1|-1,-1|-1,-1|
#type=4,4,4,4,4,4,4,4,
........
#1111111111111111111
#assigned_pet=-1,-1,-1,-1,-1,-1,-1,-1,
#assigned_hub=4,3,7,0,6,2,5,1,
#moving_targetting_pos=16,16|16,6|26,16|6,6|26,6|6,26|16,26|6,16|
#setting_targetting_pos=-1,-1|-1,-1|-1,-1|-1,-1|-1,-1|-1,-1|-1,-1|-1,-1|
#type=4,4,4,4,4,4,4,4,
........
#1111111111111111111
#assigned_pet=-1,-1,-1,-1,-1,-1,-1,-1,
#assigned_hub=4,3,7,0,6,2,5,1,
#moving_targetting_pos=16,16|16,6|26,16|6,6|26,6|6,26|16,26|6,16|
#setting_targetting_pos=-1,-1|-1,-1|-1,-1|-1,-1|-1,-1|-1,-1|-1,-1|-1,-1|
#type=4,4,4,4,4,4,4,4,
........
#1111111111111111111
#assigned_pet=-1,-1,-1,-1,-1,-1,-1,-1,
#assigned_hub=4,3,7,0,6,2,5,1,
#moving_targetting_pos=16,16|16,6|26,16|6,6|26,6|6,26|16,26|6,16|
#setting_targetting_pos=-1,-1|-1,-1|-1,-1|-1,-1|-1,-1|-1,-1|-1,-1|-1,-1|
#type=4,4,4,4,4,4,4,4,
........
#1111111111111111111
#assigned_pet=-1,-1,-1,-1,-1,-1,-1,-1,
#assigned_hub=4,3,7,0,6,2,5,1,
#moving_targetting_pos=16,16|16,6|26,16|6,6|26,6|6,26|16,26|6,16|
#setting_targetting_pos=-1,-1|-1,-1|-1,-1|-1,-1|-1,-1|-1,-1|-1,-1|-1,-1|
#type=4,4,4,4,4,4,4,4,
........
#1111111111111111111
#assigned_pet=-1,-1,-1,-1,-1,-1,-1,-1,
#assigned_hub=4,3,7,0,6,2,5,1,
#moving_targetting_pos=16,16|16,6|26,16|6,6|26,6|6,26|16,26|6,16|
#setting_targetting_pos=-1,-1|-1,-1|-1,-1|-1,-1|-1,-1|-1,-1|-1,-1|-1,-1|
#type=4,4,4,4,4,4,4,4,
........
#1111111111111111111
#assigned_pet=-1,-1,-1,-1,-1,-1,-1,-1,
#assigned_hub=4,3,7,0,6,2,5,1,
#moving_targetting_pos=16,16|16,6|26,16|6,6|26,6|6,26|16,26|6,16|
#setting_targetting_pos=-1,-1|-1,-1|-1,-1|-1,-1|-1,-1|-1,-1|-1,-1|-1,-1|
#type=4,4,4,4,4,4,4,4,
........
#1111111111111111111
#assigned_pet=-1,-1,-1,-1,-1,-1,-1,-1,
#assigned_hub=4,3,7,0,6,2,5,1,
#moving_targetting_pos=16,16|16,6|26,16|6,6|26,6|6,26|16,26|6,16|
#setting_targetting_pos=-1,-1|-1,-1|-1,-1|-1,-1|-1,-1|-1,-1|-1,-1|-1,-1|
#type=4,4,4,4,4,4,4,4,
........
#1111111111111111111
#assigned_pet=-1,-1,-1,-1,-1,-1,-1,-1,
#assigned_hub=4,3,7,0,6,2,5,1,
#moving_targetting_pos=16,16|16,6|26,16|6,6|26,6|6,26|16,26|6,16|
#setting_targetting_pos=-1,-1|-1,-1|-1,-1|-1,-1|-1,-1|-1,-1|-1,-1|-1,-1|
#type=4,4,4,4,4,4,4,4,
........
#1111111111111111111
#assigned_pet=-1,-1,-1,-1,-1,-1,-1,-1,
#assigned_hub=4,3,7,0,6,2,5,1,
#moving_targetting_pos=16,16|16,6|26,16|6,6|26,6|6,26|16,26|6,16|
#setting_targetting_pos=-1,-1|-1,-1|-1,-1|-1,-1|-1,-1|-1,-1|-1,-1|-1,-1|
#type=4,4,4,4,4,4,4,4,
........
#1111111111111111111
#assigned_pet=-1,-1,-1,-1,-1,-1,-1,-1,
#assigned_hub=4,3,7,0,6,2,5,1,
#moving_targetting_pos=16,16|16,6|26,16|6,6|26,6|6,26|16,26|6,16|
#setting_targetting_pos=-1,-1|-1,-1|-1,-1|-1,-1|-1,-1|-1,-1|-1,-1|-1,-1|
#type=4,4,4,4,4,4,4,4,
........
#1111111111111111111
#assigned_pet=-1,-1,-1,-1,-1,-1,-1,-1,
#assigned_hub=4,3,7,0,6,2,5,1,
#moving_targetting_pos=16,16|16,6|26,16|6,6|26,6|6,26|16,26|6,16|
#setting_targetting_pos=-1,-1|-1,-1|-1,-1|-1,-1|-1,-1|-1,-1|-1,-1|-1,-1|
#type=4,4,4,4,4,4,4,4,
........
#1111111111111111111
#assigned_pet=-1,-1,-1,-1,-1,-1,-1,-1,
#assigned_hub=4,3,7,0,6,2,5,1,
#moving_targetting_pos=16,16|16,6|26,16|6,6|26,6|6,26|16,26|6,16|
#setting_targetting_pos=-1,-1|-1,-1|-1,-1|-1,-1|-1,-1|-1,-1|-1,-1|-1,-1|
#type=4,4,4,4,4,4,4,4,
........
#1111111111111111111
#assigned_pet=-1,-1,-1,-1,-1,-1,-1,-1,
#assigned_hub=4,3,7,0,6,2,5,1,
#moving_targetting_pos=16,16|16,6|26,16|6,6|26,6|6,26|16,26|6,16|
#setting_targetting_pos=-1,-1|-1,-1|-1,-1|-1,-1|-1,-1|-1,-1|-1,-1|-1,-1|
#type=4,4,4,4,4,4,4,4,
........
#1111111111111111111
#assigned_pet=-1,-1,-1,-1,-1,-1,-1,-1,
#assigned_hub=4,3,7,0,6,2,5,1,
#moving_targetting_pos=16,16|16,6|26,16|6,6|26,6|6,26|16,26|6,16|
#setting_targetting_pos=-1,-1|-1,-1|-1,-1|-1,-1|-1,-1|-1,-1|-1,-1|-1,-1|
#type=4,4,4,4,4,4,4,4,
........
#1111111111111111111
#assigned_pet=-1,-1,-1,-1,-1,-1,-1,-1,
#assigned_hub=4,3,7,0,6,2,5,1,
#moving_targetting_pos=16,16|16,6|26,16|6,6|26,6|6,26|16,26|6,16|
#setting_targetting_pos=-1,-1|-1,-1|-1,-1|-1,-1|-1,-1|-1,-1|-1,-1|-1,-1|
#type=4,4,4,4,4,4,4,4,
........
#1111111111111111111
#assigned_pet=-1,-1,-1,-1,-1,-1,-1,-1,
#assigned_hub=4,3,7,0,6,2,5,1,
#moving_targetting_pos=16,16|16,6|26,16|6,6|26,6|6,26|16,26|6,16|
#setting_targetting_pos=-1,-1|-1,-1|-1,-1|-1,-1|-1,-1|-1,-1|-1,-1|-1,-1|
#type=4,4,4,4,4,4,4,4,
........
#1111111111111111111
#assigned_pet=-1,-1,-1,-1,-1,-1,-1,-1,
#assigned_hub=4,3,7,0,6,2,5,1,
#moving_targetting_pos=16,16|16,6|26,16|6,6|26,6|6,26|16,26|6,16|
#setting_targetting_pos=-1,-1|-1,-1|-1,-1|-1,-1|-1,-1|-1,-1|-1,-1|-1,-1|
#type=4,4,4,4,4,4,4,4,
........
#1111111111111111111
#assigned_pet=-1,-1,-1,-1,-1,-1,-1,-1,
#assigned_hub=4,3,7,0,6,2,5,1,
#moving_targetting_pos=16,16|16,6|26,16|6,6|26,6|6,26|16,26|6,16|
#setting_targetting_pos=-1,-1|-1,-1|-1,-1|-1,-1|-1,-1|-1,-1|-1,-1|-1,-1|
#type=4,4,4,4,4,4,4,4,
........
#1111111111111111111
#assigned_pet=-1,-1,-1,-1,-1,-1,-1,-1,
#assigned_hub=4,3,7,0,6,2,5,1,
#moving_targetting_pos=16,16|16,6|26,16|6,6|26,6|6,26|16,26|6,16|
#setting_targetting_pos=-1,-1|-1,-1|-1,-1|-1,-1|-1,-1|-1,-1|-1,-1|-1,-1|
#type=4,4,4,4,4,4,4,4,
........
#1111111111111111111
#assigned_pet=-1,-1,-1,-1,-1,-1,-1,-1,
#assigned_hub=4,3,7,0,6,2,5,1,
#moving_targetting_pos=16,16|16,6|26,16|6,6|26,6|6,26|16,26|6,16|
#setting_targetting_pos=-1,-1|-1,-1|-1,-1|-1,-1|-1,-1|-1,-1|-1,-1|-1,-1|
#type=4,4,4,4,4,4,4,4,
........
#1111111111111111111
#assigned_pet=-1,-1,-1,-1,-1,-1,-1,-1,
#assigned_hub=4,3,7,0,6,2,5,1,
#moving_targetting_pos=16,16|16,6|26,16|6,6|26,6|6,26|16,26|6,16|
#setting_targetting_pos=-1,-1|-1,-1|-1,-1|-1,-1|-1,-1|-1,-1|-1,-1|-1,-1|
#type=4,4,4,4,4,4,4,4,
........
#1111111111111111111
#assigned_pet=-1,-1,-1,-1,-1,-1,-1,-1,
#assigned_hub=4,3,7,0,6,2,5,1,
#moving_targetting_pos=16,16|16,6|26,16|6,6|26,6|6,26|16,26|6,16|
#setting_targetting_pos=-1,-1|-1,-1|-1,-1|-1,-1|-1,-1|-1,-1|-1,-1|-1,-1|
#type=4,4,4,4,4,4,4,4,
........
#1111111111111111111
#assigned_pet=-1,-1,-1,-1,-1,-1,-1,-1,
#assigned_hub=4,3,7,0,6,2,5,1,
#moving_targetting_pos=16,16|16,6|26,16|6,6|26,6|6,26|16,26|6,16|
#setting_targetting_pos=-1,-1|-1,-1|-1,-1|-1,-1|-1,-1|-1,-1|-1,-1|-1,-1|
#type=4,4,4,4,4,4,4,4,
........
#1111111111111111111
#assigned_pet=-1,-1,-1,-1,-1,-1,-1,-1,
#assigned_hub=4,3,7,0,6,2,5,1,
#moving_targetting_pos=16,16|16,6|26,16|6,6|26,6|6,26|16,26|6,16|
#setting_targetting_pos=-1,-1|-1,-1|-1,-1|-1,-1|-1,-1|-1,-1|-1,-1|-1,-1|
#type=4,4,4,4,4,4,4,4,
........
#1111111111111111111
#assigned_pet=-1,-1,-1,-1,-1,-1,-1,-1,
#assigned_hub=4,3,7,0,6,2,5,1,
#moving_targetting_pos=16,16|16,6|26,16|6,6|26,6|6,26|16,26|6,16|
#setting_targetting_pos=-1,-1|-1,-1|-1,-1|-1,-1|-1,-1|-1,-1|-1,-1|-1,-1|
#type=4,4,4,4,4,4,4,4,
........
#1111111111111111111
#assigned_pet=-1,-1,-1,-1,-1,-1,-1,-1,
#assigned_hub=4,3,7,0,6,2,5,1,
#moving_targetting_pos=16,16|16,6|26,16|6,6|26,6|6,26|16,26|6,16|
#setting_targetting_pos=-1,-1|-1,-1|-1,-1|-1,-1|-1,-1|-1,-1|-1,-1|-1,-1|
#type=4,4,4,4,4,4,4,4,
........
#1111111111111111111
#assigned_pet=-1,-1,-1,-1,-1,-1,-1,-1,
#assigned_hub=4,3,7,0,6,2,5,1,
#moving_targetting_pos=16,16|16,6|26,16|6,6|26,6|6,26|16,26|6,16|
#setting_targetting_pos=-1,-1|-1,-1|-1,-1|-1,-1|-1,-1|-1,-1|-1,-1|-1,-1|
#type=4,4,4,4,4,4,4,4,
........
#1111111111111111111
#assigned_pet=-1,-1,-1,-1,-1,-1,-1,-1,
#assigned_hub=4,3,7,0,6,2,5,1,
#moving_targetting_pos=16,16|16,6|26,16|6,6|26,6|6,26|16,26|6,16|
#setting_targetting_pos=-1,-1|-1,-1|-1,-1|-1,-1|-1,-1|-1,-1|-1,-1|-1,-1|
#type=4,4,4,4,4,4,4,4,
........
#1111111111111111111
#assigned_pet=-1,-1,-1,-1,-1,-1,-1,-1,
#assigned_hub=4,3,7,0,6,2,5,1,
#moving_targetting_pos=16,16|16,6|26,16|6,6|26,6|6,26|16,26|6,16|
#setting_targetting_pos=-1,-1|-1,-1|-1,-1|-1,-1|-1,-1|-1,-1|-1,-1|-1,-1|
#type=4,4,4,4,4,4,4,4,
........
#1111111111111111111
#assigned_pet=-1,-1,-1,-1,-1,-1,-1,-1,
#assigned_hub=4,3,7,0,6,2,5,1,
#moving_targetting_pos=16,16|16,6|26,16|6,6|26,6|6,26|16,26|6,16|
#setting_targetting_pos=-1,-1|-1,-1|-1,-1|-1,-1|-1,-1|-1,-1|-1,-1|-1,-1|
#type=4,4,4,4,4,4,4,4,
........
#1111111111111111111
#assigned_pet=-1,-1,-1,-1,-1,-1,-1,-1,
#assigned_hub=4,3,7,0,6,2,5,1,
#moving_targetting_pos=16,16|16,6|26,16|6,6|26,6|6,26|16,26|6,16|
#setting_targetting_pos=-1,-1|-1,-1|-1,-1|-1,-1|-1,-1|-1,-1|-1,-1|-1,-1|
#type=4,4,4,4,4,4,4,4,
........
#1111111111111111111
#assigned_pet=-1,-1,-1,-1,-1,-1,-1,-1,
#assigned_hub=4,3,7,0,6,2,5,1,
#moving_targetting_pos=16,16|16,6|26,16|6,6|26,6|6,26|16,26|6,16|
#setting_targetting_pos=-1,-1|-1,-1|-1,-1|-1,-1|-1,-1|-1,-1|-1,-1|-1,-1|
#type=4,4,4,4,4,4,4,4,
........
#1111111111111111111
#assigned_pet=-1,-1,-1,-1,-1,-1,-1,-1,
#assigned_hub=4,3,7,0,6,2,5,1,
#moving_targetting_pos=16,16|16,6|26,16|6,6|26,6|6,26|16,26|6,16|
#setting_targetting_pos=-1,-1|-1,-1|-1,-1|-1,-1|-1,-1|-1,-1|-1,-1|-1,-1|
#type=4,4,4,4,4,4,4,4,
........
#1111111111111111111
#assigned_pet=-1,-1,-1,-1,-1,-1,-1,-1,
#assigned_hub=4,3,7,0,6,2,5,1,
#moving_targetting_pos=16,16|16,6|26,16|6,6|26,6|6,26|16,26|6,16|
#setting_targetting_pos=-1,-1|-1,-1|-1,-1|-1,-1|-1,-1|-1,-1|-1,-1|-1,-1|
#type=4,4,4,4,4,4,4,4,
........
#1111111111111111111
#assigned_pet=-1,-1,-1,-1,-1,-1,-1,-1,
#assigned_hub=4,3,7,0,6,2,5,1,
#moving_targetting_pos=16,16|16,6|26,16|6,6|26,6|6,26|16,26|6,16|
#setting_targetting_pos=-1,-1|-1,-1|-1,-1|-1,-1|-1,-1|-1,-1|-1,-1|-1,-1|
#type=4,4,4,4,4,4,4,4,
........
#1111111111111111111
#assigned_pet=-1,-1,-1,-1,-1,-1,-1,-1,
#assigned_hub=4,3,7,0,6,2,5,1,
#moving_targetting_pos=16,16|16,6|26,16|6,6|26,6|6,26|16,26|6,16|
#setting_targetting_pos=-1,-1|-1,-1|-1,-1|-1,-1|-1,-1|-1,-1|-1,-1|-1,-1|
#type=4,4,4,4,4,4,4,4,
........
#1111111111111111111
#assigned_pet=-1,-1,-1,-1,-1,-1,-1,-1,
#assigned_hub=4,3,7,0,6,2,5,1,
#moving_targetting_pos=16,16|16,6|26,16|6,6|26,6|6,26|16,26|6,16|
#setting_targetting_pos=-1,-1|-1,-1|-1,-1|-1,-1|-1,-1|-1,-1|-1,-1|-1,-1|
#type=4,4,4,4,4,4,4,4,
........
#1111111111111111111
#assigned_pet=-1,-1,-1,-1,-1,-1,-1,-1,
#assigned_hub=4,3,7,0,6,2,5,1,
#moving_targetting_pos=16,16|16,6|26,16|6,6|26,6|6,26|16,26|6,16|
#setting_targetting_pos=-1,-1|-1,-1|-1,-1|-1,-1|-1,-1|-1,-1|-1,-1|-1,-1|
#type=4,4,4,4,4,4,4,4,
........
#1111111111111111111
#assigned_pet=-1,-1,-1,-1,-1,-1,-1,-1,
#assigned_hub=4,3,7,0,6,2,5,1,
#moving_targetting_pos=16,16|16,6|26,16|6,6|26,6|6,26|16,26|6,16|
#setting_targetting_pos=-1,-1|-1,-1|-1,-1|-1,-1|-1,-1|-1,-1|-1,-1|-1,-1|
#type=4,4,4,4,4,4,4,4,
........
#1111111111111111111
#assigned_pet=-1,-1,-1,-1,-1,-1,-1,-1,
#assigned_hub=4,3,7,0,6,2,5,1,
#moving_targetting_pos=16,16|16,6|26,16|6,6|26,6|6,26|16,26|6,16|
#setting_targetting_pos=-1,-1|-1,-1|-1,-1|-1,-1|-1,-1|-1,-1|-1,-1|-1,-1|
#type=4,4,4,4,4,4,4,4,
........
#1111111111111111111
#assigned_pet=-1,-1,-1,-1,-1,-1,-1,-1,
#assigned_hub=4,3,7,0,6,2,5,1,
#moving_targetting_pos=16,16|16,6|26,16|6,6|26,6|6,26|16,26|6,16|
#setting_targetting_pos=-1,-1|-1,-1|-1,-1|-1,-1|-1,-1|-1,-1|-1,-1|-1,-1|
#type=4,4,4,4,4,4,4,4,
........
#1111111111111111111
#assigned_pet=-1,-1,-1,-1,-1,-1,-1,-1,
#assigned_hub=4,3,7,0,6,2,5,1,
#moving_targetting_pos=16,16|16,6|26,16|6,6|26,6|6,26|16,26|6,16|
#setting_targetting_pos=-1,-1|-1,-1|-1,-1|-1,-1|-1,-1|-1,-1|-1,-1|-1,-1|
#type=4,4,4,4,4,4,4,4,
........
#1111111111111111111
#assigned_pet=-1,-1,-1,-1,-1,-1,-1,-1,
#assigned_hub=4,3,7,0,6,2,5,1,
#moving_targetting_pos=16,16|16,6|26,16|6,6|26,6|6,26|16,26|6,16|
#setting_targetting_pos=-1,-1|-1,-1|-1,-1|-1,-1|-1,-1|-1,-1|-1,-1|-1,-1|
#type=4,4,4,4,4,4,4,4,
........
#1111111111111111111
#assigned_pet=-1,-1,-1,-1,-1,-1,-1,-1,
#assigned_hub=4,3,7,0,6,2,5,1,
#moving_targetting_pos=16,16|16,6|26,16|6,6|26,6|6,26|16,26|6,16|
#setting_targetting_pos=-1,-1|-1,-1|-1,-1|-1,-1|-1,-1|-1,-1|-1,-1|-1,-1|
#type=4,4,4,4,4,4,4,4,
........
#1111111111111111111
#assigned_pet=-1,-1,-1,-1,-1,-1,-1,-1,
#assigned_hub=4,3,7,0,6,2,5,1,
#moving_targetting_pos=16,16|16,6|26,16|6,6|26,6|6,26|16,26|6,16|
#setting_targetting_pos=-1,-1|-1,-1|-1,-1|-1,-1|-1,-1|-1,-1|-1,-1|-1,-1|
#type=4,4,4,4,4,4,4,4,
........
#1111111111111111111
#assigned_pet=-1,-1,-1,-1,-1,-1,-1,-1,
#assigned_hub=4,3,7,0,6,2,5,1,
#moving_targetting_pos=16,16|16,6|26,16|6,6|26,6|6,26|16,26|6,16|
#setting_targetting_pos=-1,-1|-1,-1|-1,-1|-1,-1|-1,-1|-1,-1|-1,-1|-1,-1|
#type=4,4,4,4,4,4,4,4,
........
#1111111111111111111
#assigned_pet=-1,-1,-1,-1,-1,-1,-1,-1,
#assigned_hub=4,3,7,0,6,2,5,1,
#moving_targetting_pos=16,16|16,6|26,16|6,6|26,6|6,26|16,26|6,16|
#setting_targetting_pos=-1,-1|-1,-1|-1,-1|-1,-1|-1,-1|-1,-1|-1,-1|-1,-1|
#type=4,4,4,4,4,4,4,4,
........
#1111111111111111111
#assigned_pet=-1,-1,-1,-1,-1,-1,-1,-1,
#assigned_hub=4,3,7,0,6,2,5,1,
#moving_targetting_pos=16,16|16,6|26,16|6,6|26,6|6,26|16,26|6,16|
#setting_targetting_pos=-1,-1|-1,-1|-1,-1|-1,-1|-1,-1|-1,-1|-1,-1|-1,-1|
#type=4,4,4,4,4,4,4,4,
........
#1111111111111111111
#assigned_pet=-1,-1,-1,-1,-1,-1,-1,-1,
#assigned_hub=4,3,7,0,6,2,5,1,
#moving_targetting_pos=16,16|16,6|26,16|6,6|26,6|6,26|16,26|6,16|
#setting_targetting_pos=-1,-1|-1,-1|-1,-1|-1,-1|-1,-1|-1,-1|-1,-1|-1,-1|
#type=4,4,4,4,4,4,4,4,
........
#1111111111111111111
#assigned_pet=-1,-1,-1,-1,-1,-1,-1,-1,
#assigned_hub=4,3,7,0,6,2,5,1,
#moving_targetting_pos=16,16|16,6|26,16|6,6|26,6|6,26|16,26|6,16|
#setting_targetting_pos=-1,-1|-1,-1|-1,-1|-1,-1|-1,-1|-1,-1|-1,-1|-1,-1|
#type=4,4,4,4,4,4,4,4,
........
#1111111111111111111
#assigned_pet=-1,-1,-1,-1,-1,-1,-1,-1,
#assigned_hub=4,3,7,0,6,2,5,1,
#moving_targetting_pos=16,16|16,6|26,16|6,6|26,6|6,26|16,26|6,16|
#setting_targetting_pos=-1,-1|-1,-1|-1,-1|-1,-1|-1,-1|-1,-1|-1,-1|-1,-1|
#type=4,4,4,4,4,4,4,4,
........
#1111111111111111111
#assigned_pet=-1,-1,-1,-1,-1,-1,-1,-1,
#assigned_hub=4,3,7,0,6,2,5,1,
#moving_targetting_pos=16,16|16,6|26,16|6,6|26,6|6,26|16,26|6,16|
#setting_targetting_pos=-1,-1|-1,-1|-1,-1|-1,-1|-1,-1|-1,-1|-1,-1|-1,-1|
#type=4,4,4,4,4,4,4,4,
........
#1111111111111111111
#assigned_pet=-1,-1,-1,-1,-1,-1,-1,-1,
#assigned_hub=4,3,7,0,6,2,5,1,
#moving_targetting_pos=16,16|16,6|26,16|6,6|26,6|6,26|16,26|6,16|
#setting_targetting_pos=-1,-1|-1,-1|-1,-1|-1,-1|-1,-1|-1,-1|-1,-1|-1,-1|
#type=4,4,4,4,4,4,4,4,
........
#1111111111111111111
#assigned_pet=-1,-1,-1,-1,-1,-1,-1,-1,
#assigned_hub=4,3,7,0,6,2,5,1,
#moving_targetting_pos=16,16|16,6|26,16|6,6|26,6|6,26|16,26|6,16|
#setting_targetting_pos=-1,-1|-1,-1|-1,-1|-1,-1|-1,-1|-1,-1|-1,-1|-1,-1|
#type=4,4,4,4,4,4,4,4,
........
#1111111111111111111
#assigned_pet=-1,-1,-1,-1,-1,-1,-1,-1,
#assigned_hub=4,3,7,0,6,2,5,1,
#moving_targetting_pos=16,16|16,6|26,16|6,6|26,6|6,26|16,26|6,16|
#setting_targetting_pos=-1,-1|-1,-1|-1,-1|-1,-1|-1,-1|-1,-1|-1,-1|-1,-1|
#type=4,4,4,4,4,4,4,4,
........
#1111111111111111111
#assigned_pet=-1,-1,-1,-1,-1,-1,-1,-1,
#assigned_hub=4,3,7,0,6,2,5,1,
#moving_targetting_pos=16,16|16,6|26,16|6,6|26,6|6,26|16,26|6,16|
#setting_targetting_pos=-1,-1|-1,-1|-1,-1|-1,-1|-1,-1|-1,-1|-1,-1|-1,-1|
#type=4,4,4,4,4,4,4,4,
........
