#00000000000
#assigned_pet=-1,-1,-1,-1,-1,-1,-1,-1,-1,-1,
#assigned_hub=-1,-1,-1,-1,-1,-1,-1,-1,-1,6,
#moving_targetting_pos=12,1|2,1|9,2|5,1|29,2|22,29|19,30|15,1|25,1|26,6|
#setting_targetting_pos=12,29|2,29|9,30|5,30|29,30|22,1|19,2|15,30|25,30|0,0|
#type=1,1,1,1,1,1,1,1,1,4,
LLLLLRRLL.
#00000000000
#assigned_pet=-1,-1,-1,-1,-1,-1,-1,-1,-1,-1,
#assigned_hub=-1,-1,-1,-1,-1,-1,-1,-1,-1,6,
#moving_targetting_pos=12,1|2,1|9,2|5,1|29,2|22,29|19,30|15,1|25,1|-1,-1|
#setting_targetting_pos=12,29|2,29|9,30|5,30|29,30|22,1|19,2|15,30|25,30|-1,-1|
#type=1,1,1,1,1,1,1,1,1,4,
LLLLLRRLL.
#00000000000
#assigned_pet=-1,-1,-1,-1,-1,-1,-1,-1,-1,10,
#assigned_hub=-1,-1,-1,-1,-1,-1,-1,-1,-1,6,
#moving_targetting_pos=12,1|2,1|9,2|5,1|29,2|22,29|19,30|15,1|25,1|-1,-1|
#setting_targetting_pos=12,29|2,29|9,30|5,30|29,30|22,1|19,2|15,30|25,30|25,4|
#type=1,1,1,1,1,1,1,1,1,4,
LLLLLRDLLL
#00000000000
#assigned_pet=-1,-1,-1,-1,-1,-1,-1,-1,-1,10,
#assigned_hub=-1,-1,-1,-1,-1,-1,-1,-1,-1,6,
#moving_targetting_pos=12,1|2,1|9,2|5,1|29,2|22,29|19,30|15,1|25,1|-1,-1|
#setting_targetting_pos=12,29|2,29|9,30|5,30|29,30|22,1|19,2|15,30|25,30|25,4|
#type=1,1,1,1,1,1,2,1,1,4,
LLLLLR.LLL
#00000000000
#assigned_pet=-1,-1,-1,-1,-1,-1,-1,-1,-1,-1,
#assigned_hub=-1,-1,-1,-1,-1,-1,-1,-1,-1,6,
#moving_targetting_pos=12,1|2,1|9,2|5,1|29,2|22,29|19,30|15,1|25,1|-1,-1|
#setting_targetting_pos=12,29|2,29|9,30|5,30|29,30|22,1|19,2|15,30|25,30|-1,-1|
#type=1,1,1,1,1,1,2,1,1,4,
LLLLLR.LL.
#00000000000
#assigned_pet=-1,-1,-1,-1,-1,-1,-1,-1,-1,-1,
#assigned_hub=-1,-1,-1,-1,-1,-1,-1,-1,-1,6,
#moving_targetting_pos=12,1|2,1|9,2|5,1|29,2|22,29|19,30|15,1|25,1|-1,-1|
#setting_targetting_pos=12,29|2,29|9,30|5,30|29,30|22,1|19,2|15,30|25,30|-1,-1|
#type=1,1,1,1,1,1,2,1,1,4,
LLLLLR.LL.
#00000000000
#assigned_pet=-1,-1,-1,-1,-1,-1,-1,-1,-1,10,
#assigned_hub=-1,-1,-1,-1,-1,-1,-1,-1,-1,6,
#moving_targetting_pos=12,1|2,1|9,2|5,1|29,2|22,29|19,30|15,1|25,1|-1,-1|
#setting_targetting_pos=12,29|2,29|9,30|5,30|29,30|22,1|19,2|15,30|25,30|27,4|
#type=1,1,1,1,1,1,2,1,1,4,
ULLLLRdLLL
#00000000000
#assigned_pet=-1,-1,-1,-1,-1,-1,-1,-1,-1,10,
#assigned_hub=-1,-1,-1,-1,-1,-1,-1,-1,-1,6,
#moving_targetting_pos=12,1|2,1|9,2|5,1|29,2|22,29|19,30|15,1|25,1|-1,-1|
#setting_targetting_pos=12,29|2,29|9,30|5,30|29,30|22,1|19,2|15,30|25,30|27,4|
#type=2,1,1,1,1,1,2,1,1,4,
uLLLLRLLL.
#00000000000
#assigned_pet=-1,-1,-1,-1,-1,-1,-1,-1,-1,-1,
#assigned_hub=-1,-1,-1,-1,-1,-1,-1,-1,-1,6,
#moving_targetting_pos=12,1|2,1|9,2|5,1|29,2|22,29|19,30|15,1|25,1|-1,-1|
#setting_targetting_pos=12,29|2,29|9,30|5,30|29,30|22,1|19,2|15,30|25,30|-1,-1|
#type=2,1,1,1,1,1,2,1,1,4,
RLLLLRLLL.
#00000000000
#assigned_pet=-1,-1,-1,-1,-1,-1,-1,-1,-1,10,
#assigned_hub=-1,-1,-1,-1,-1,-1,-1,-1,-1,6,
#moving_targetting_pos=12,1|2,1|9,2|5,1|29,2|22,29|19,30|15,1|25,1|-1,-1|
#setting_targetting_pos=12,29|2,29|9,30|5,30|29,30|22,1|19,2|15,30|25,30|27,4|
#type=2,1,1,1,1,1,2,1,1,4,
RLLLURrDL.
#00000000000
#assigned_pet=-1,-1,-1,-1,-1,-1,-1,-1,-1,-1,
#assigned_hub=-1,-1,-1,-1,-1,-1,-1,-1,-1,6,
#moving_targetting_pos=12,1|2,1|9,2|5,1|29,2|22,29|19,30|15,1|25,1|-1,-1|
#setting_targetting_pos=12,29|2,29|9,30|5,30|29,30|22,1|19,2|15,30|25,30|-1,-1|
#type=2,1,1,1,2,1,2,1,1,4,
lLLLdRuDL.
#00000000000
#assigned_pet=-1,-1,-1,-1,-1,-1,-1,-1,-1,-1,
#assigned_hub=-1,-1,-1,-1,-1,-1,-1,-1,-1,6,
#moving_targetting_pos=12,1|2,1|9,2|5,1|29,2|22,29|19,30|15,1|25,1|-1,-1|
#setting_targetting_pos=12,29|2,29|9,30|5,30|29,30|22,1|19,2|15,30|25,30|-1,-1|
#type=2,1,1,2,2,1,2,1,1,4,
dLLdRRLRD.
#00000000000
#assigned_pet=-1,-1,-1,-1,-1,-1,-1,-1,-1,-1,
#assigned_hub=-1,-1,-1,-1,-1,-1,-1,-1,-1,6,
#moving_targetting_pos=12,1|2,1|9,2|5,1|29,2|22,29|19,30|15,1|25,1|-1,-1|
#setting_targetting_pos=12,29|2,29|9,30|5,30|29,30|22,1|19,2|15,30|25,30|-1,-1|
#type=2,1,1,2,2,1,2,1,1,4,
RLURRRLRD.
#00000000000
#assigned_pet=-1,-1,-1,-1,-1,-1,-1,-1,-1,-1,
#assigned_hub=-1,-1,-1,-1,-1,-1,-1,-1,-1,6,
#moving_targetting_pos=12,1|2,1|9,2|5,1|29,2|22,29|19,30|15,1|25,1|-1,-1|
#setting_targetting_pos=12,29|2,29|9,30|5,30|29,30|22,1|19,2|15,30|25,30|-1,-1|
#type=2,1,1,2,2,1,2,1,1,4,
RLLdlDdDD.
#00000000000
#assigned_pet=-1,-1,-1,-1,-1,-1,-1,-1,-1,-1,
#assigned_hub=-1,-1,-1,-1,-1,-1,-1,-1,-1,6,
#moving_targetting_pos=12,1|2,1|9,2|5,1|29,2|22,29|19,30|15,1|25,1|-1,-1|
#setting_targetting_pos=12,29|2,29|9,30|5,30|29,30|22,1|19,2|15,30|25,30|-1,-1|
#type=2,1,1,2,2,2,2,1,1,4,
RDURurLDD.
#00000000000
#assigned_pet=-1,-1,-1,-1,-1,-1,-1,-1,-1,10,
#assigned_hub=-1,-1,-1,-1,-1,-1,-1,-1,-1,6,
#moving_targetting_pos=12,1|2,1|9,2|5,1|29,2|22,29|19,30|15,1|25,1|-1,-1|
#setting_targetting_pos=12,29|2,29|9,30|5,30|29,30|22,1|19,2|15,30|25,30|25,4|
#type=2,2,1,2,2,2,2,1,1,4,
d.UdRdrDD.
#00000000000
#assigned_pet=-1,-1,-1,-1,-1,-1,-1,-1,-1,10,
#assigned_hub=-1,-1,-1,-1,-1,-1,-1,-1,-1,6,
#moving_targetting_pos=12,1|2,1|9,2|5,1|29,2|22,29|19,30|15,1|25,1|-1,-1|
#setting_targetting_pos=12,29|2,29|9,30|5,30|29,30|22,1|19,2|15,30|25,30|25,4|
#type=2,2,2,2,2,2,2,1,1,4,
uudRRLLDD.
#00000000000
#assigned_pet=-1,-1,-1,-1,-1,-1,-1,-1,-1,-1,
#assigned_hub=-1,-1,-1,-1,-1,-1,-1,-1,-1,6,
#moving_targetting_pos=12,1|2,1|9,2|5,1|29,2|22,29|19,30|15,1|25,1|-1,-1|
#setting_targetting_pos=12,29|2,29|9,30|5,30|29,30|22,1|19,2|15,30|25,30|-1,-1|
#type=2,2,2,2,2,2,2,1,1,4,
RRRudLuDD.
#00000000000
#assigned_pet=-1,-1,-1,-1,-1,-1,-1,-1,-1,10,
#assigned_hub=-1,-1,-1,-1,-1,-1,-1,-1,-1,6,
#moving_targetting_pos=12,1|2,1|9,2|5,1|29,2|22,29|19,30|15,1|25,1|-1,-1|
#setting_targetting_pos=12,29|2,29|9,30|5,30|29,30|22,1|19,2|15,30|25,30|25,4|
#type=2,2,2,2,2,2,2,1,1,4,
lRRRRLLLD.
#00000000000
#assigned_pet=-1,-1,-1,-1,-1,-1,-1,-1,-1,10,
#assigned_hub=-1,-1,-1,-1,-1,-1,-1,-1,-1,6,
#moving_targetting_pos=12,1|2,1|9,2|5,1|29,2|22,29|19,30|15,1|25,1|-1,-1|
#setting_targetting_pos=12,29|2,29|9,30|5,30|29,30|22,1|19,2|15,30|25,30|25,4|
#type=2,2,2,2,2,2,2,1,2,4,
RllRldLLd.
#00000000000
#assigned_pet=-1,-1,-1,-1,-1,-1,-1,-1,-1,-1,
#assigned_hub=-1,-1,-1,-1,-1,-1,-1,-1,-1,6,
#moving_targetting_pos=12,1|2,1|9,2|5,1|29,2|22,29|19,30|15,1|25,1|-1,-1|
#setting_targetting_pos=12,29|2,29|9,30|5,30|29,30|22,1|19,2|15,30|25,30|-1,-1|
#type=2,2,2,2,2,2,2,1,2,4,
RduRRurLR.
#00000000000
#assigned_pet=-1,-1,-1,-1,-1,-1,-1,-1,-1,-1,
#assigned_hub=-1,-1,-1,-1,-1,-1,-1,-1,-1,6,
#moving_targetting_pos=12,1|2,1|9,2|5,1|29,2|22,29|19,30|15,1|25,1|-1,-1|
#setting_targetting_pos=12,29|2,29|9,30|5,30|29,30|22,1|19,2|15,30|25,30|-1,-1|
#type=2,2,2,2,2,2,2,1,2,4,
dRRRuLdDd.
#00000000000
#assigned_pet=-1,-1,-1,-1,-1,-1,-1,-1,-1,-1,
#assigned_hub=-1,-1,-1,-1,-1,-1,-1,-1,-1,6,
#moving_targetting_pos=12,1|2,1|9,2|5,1|29,2|22,29|19,30|15,1|25,1|-1,-1|
#setting_targetting_pos=12,29|2,29|9,30|5,30|29,30|22,1|19,2|15,30|25,30|-1,-1|
#type=2,2,2,2,2,2,2,2,2,4,
RRRuRrLdR.
#00000000000
#assigned_pet=-1,-1,-1,-1,-1,-1,-1,-1,-1,-1,
#assigned_hub=-1,-1,-1,-1,-1,-1,-1,-1,-1,6,
#moving_targetting_pos=12,1|2,1|9,2|5,1|29,2|22,29|19,30|15,1|25,1|-1,-1|
#setting_targetting_pos=12,29|2,29|9,30|5,30|29,30|22,1|19,2|15,30|25,30|-1,-1|
#type=2,2,2,2,2,2,2,2,2,4,
RRdRRLLRd.
#00000000000
#assigned_pet=-1,-1,-1,-1,-1,-1,-1,-1,-1,-1,
#assigned_hub=-1,-1,-1,-1,-1,-1,-1,-1,-1,6,
#moving_targetting_pos=12,1|2,1|9,2|5,1|29,2|22,29|19,30|15,1|25,1|-1,-1|
#setting_targetting_pos=12,29|2,29|9,30|5,30|29,30|22,1|19,2|15,30|25,30|-1,-1|
#type=2,2,2,2,2,2,2,2,2,4,
ldRdlLddR.
#00000000000
#assigned_pet=-1,-1,-1,-1,-1,-1,-1,-1,-1,-1,
#assigned_hub=-1,-1,-1,-1,-1,-1,-1,-1,-1,6,
#moving_targetting_pos=12,1|2,1|9,2|5,1|29,2|22,29|19,30|15,1|25,1|-1,-1|
#setting_targetting_pos=12,29|2,29|9,30|5,30|29,30|22,1|19,2|15,30|25,30|-1,-1|
#type=2,2,2,2,2,2,2,2,2,4,
uulRddLRu.
#00000000000
#assigned_pet=-1,-1,-1,-1,-1,-1,-1,-1,-1,-1,
#assigned_hub=-1,-1,-1,-1,-1,-1,-1,-1,-1,6,
#moving_targetting_pos=12,1|2,1|9,2|5,1|29,2|22,29|19,30|15,1|25,1|-1,-1|
#setting_targetting_pos=12,29|2,29|9,30|5,30|29,30|22,1|19,2|15,30|25,30|-1,-1|
#type=2,2,2,2,2,2,2,2,2,4,
RRRdRLLdR.
#00000000000
#assigned_pet=-1,-1,-1,-1,-1,-1,-1,-1,-1,10,
#assigned_hub=-1,-1,-1,-1,-1,-1,-1,-1,-1,6,
#moving_targetting_pos=12,1|2,1|9,2|5,1|29,2|22,29|19,30|15,1|25,1|-1,-1|
#setting_targetting_pos=12,29|2,29|9,30|5,30|29,30|22,1|19,2|15,30|25,30|25,4|
#type=2,2,2,2,2,2,2,2,2,4,
RluRRLrRR.
#00000000000
#assigned_pet=-1,-1,-1,-1,-1,-1,-1,-1,-1,10,
#assigned_hub=-1,-1,-1,-1,-1,-1,-1,-1,-1,6,
#moving_targetting_pos=12,1|2,1|9,2|5,1|29,2|22,29|19,30|15,1|25,1|-1,-1|
#setting_targetting_pos=12,29|2,29|9,30|5,30|29,30|22,1|19,2|15,30|25,30|25,4|
#type=2,2,2,2,2,2,2,2,2,4,
lRRddruuR.
#00000000000
#assigned_pet=-1,-1,-1,-1,-1,-1,-1,-1,-1,10,
#assigned_hub=-1,-1,-1,-1,-1,-1,-1,-1,-1,6,
#moving_targetting_pos=12,1|2,1|9,2|5,1|29,2|22,29|19,30|15,1|25,1|-1,-1|
#setting_targetting_pos=12,29|2,29|9,30|5,30|29,30|22,1|19,2|15,30|25,30|25,4|
#type=2,2,2,2,2,2,2,2,2,4,
dRRRRuLRR.
#00000000000
#assigned_pet=-1,-1,-1,-1,-1,-1,-1,-1,-1,10,
#assigned_hub=-1,-1,-1,-1,-1,-1,-1,-1,-1,6,
#moving_targetting_pos=12,1|2,1|9,2|5,1|29,2|22,29|19,30|15,1|25,1|-1,-1|
#setting_targetting_pos=12,29|2,29|9,30|5,30|29,30|22,1|19,2|15,30|25,30|25,4|
#type=2,2,2,2,2,2,2,2,2,4,
RdldRLLRu.
#00000000000
#assigned_pet=-1,-1,-1,-1,-1,-1,-1,-1,-1,10,
#assigned_hub=-1,-1,-1,-1,-1,-1,-1,-1,-1,6,
#moving_targetting_pos=12,1|2,1|9,2|5,1|29,2|22,29|19,30|15,1|25,1|-1,-1|
#setting_targetting_pos=12,29|2,29|9,30|5,30|29,30|22,1|19,2|15,30|25,30|25,4|
#type=2,2,2,2,2,2,2,2,2,4,
RRdRlLdRR.
#00000000000
#assigned_pet=-1,-1,-1,-1,-1,-1,-1,-1,-1,10,
#assigned_hub=-1,-1,-1,-1,-1,-1,-1,-1,-1,6,
#moving_targetting_pos=12,1|2,1|9,2|5,1|29,2|22,29|19,30|15,1|25,1|-1,-1|
#setting_targetting_pos=12,29|2,29|9,30|5,30|29,30|22,1|19,2|15,30|25,30|25,4|
#type=2,2,2,2,2,2,2,2,2,4,
RRRdurLRd.
#00000000000
#assigned_pet=-1,-1,-1,-1,-1,-1,-1,-1,-1,10,
#assigned_hub=-1,-1,-1,-1,-1,-1,-1,-1,-1,6,
#moving_targetting_pos=12,1|2,1|9,2|5,1|29,2|22,29|19,30|15,1|25,1|-1,-1|
#setting_targetting_pos=12,29|2,29|9,30|5,30|29,30|22,1|19,2|15,30|25,30|25,4|
#type=2,2,2,2,2,2,2,2,2,4,
dlRRRdruR.
#00000000000
#assigned_pet=-1,-1,-1,-1,-1,-1,-1,-1,-1,10,
#assigned_hub=-1,-1,-1,-1,-1,-1,-1,-1,-1,6,
#moving_targetting_pos=12,1|2,1|9,2|5,1|29,2|22,29|19,30|15,1|25,1|-1,-1|
#setting_targetting_pos=12,29|2,29|9,30|5,30|29,30|22,1|19,2|15,30|25,30|25,4|
#type=2,2,2,2,2,2,2,2,2,4,
uuduRLLRd.
#00000000000
#assigned_pet=-1,-1,-1,-1,-1,-1,-1,-1,-1,-1,
#assigned_hub=-1,-1,-1,-1,-1,-1,-1,-1,-1,6,
#moving_targetting_pos=12,1|2,1|9,2|5,1|29,2|22,29|19,30|15,1|25,1|-1,-1|
#setting_targetting_pos=12,29|2,29|9,30|5,30|29,30|22,1|19,2|15,30|25,30|-1,-1|
#type=2,2,2,2,2,2,2,2,2,4,
RRRRdLudR.
#00000000000
#assigned_pet=-1,-1,-1,-1,-1,-1,-1,-1,-1,-1,
#assigned_hub=-1,-1,-1,-1,-1,-1,-1,-1,-1,6,
#moving_targetting_pos=12,1|2,1|9,2|5,1|29,2|22,29|19,30|15,1|25,1|-1,-1|
#setting_targetting_pos=12,29|2,29|9,30|5,30|29,30|22,1|19,2|15,30|25,30|-1,-1|
#type=2,2,2,2,2,2,2,2,2,4,
lRRRRLLRd.
#00000000000
#assigned_pet=-1,-1,-1,-1,-1,-1,-1,-1,-1,-1,
#assigned_hub=-1,-1,-1,-1,-1,-1,-1,-1,-1,6,
#moving_targetting_pos=12,1|2,1|9,2|5,1|29,2|22,29|19,30|15,1|25,1|-1,-1|
#setting_targetting_pos=12,29|2,29|9,30|5,30|29,30|22,1|19,2|15,30|25,30|-1,-1|
#type=2,2,2,2,2,2,2,2,2,4,
RllRldLdR.
#00000000000
#assigned_pet=-1,-1,-1,-1,-1,-1,-1,-1,-1,-1,
#assigned_hub=-1,-1,-1,-1,-1,-1,-1,-1,-1,6,
#moving_targetting_pos=12,1|2,1|9,2|5,1|29,2|22,29|19,30|15,1|25,1|-1,-1|
#setting_targetting_pos=12,29|2,29|9,30|5,30|29,30|22,1|19,2|15,30|25,30|-1,-1|
#type=2,2,2,2,2,2,2,2,2,4,
RduRRurRd.
#00000000000
#assigned_pet=-1,-1,-1,-1,-1,-1,-1,-1,-1,-1,
#assigned_hub=-1,-1,-1,-1,-1,-1,-1,-1,-1,6,
#moving_targetting_pos=12,1|2,1|9,2|5,1|29,2|22,29|19,30|15,1|25,1|-1,-1|
#setting_targetting_pos=12,29|2,29|9,30|5,30|29,30|22,1|19,2|15,30|25,30|-1,-1|
#type=2,2,2,2,2,2,2,2,2,4,
dRRu.LddR.
#00000000000
#assigned_pet=-1,-1,-1,-1,-1,-1,-1,-1,-1,-1,
#assigned_hub=-1,-1,-1,-1,-1,-1,-1,-1,-1,6,
#moving_targetting_pos=12,1|2,1|9,2|5,1|29,2|22,29|19,30|15,1|25,1|-1,-1|
#setting_targetting_pos=12,29|2,29|9,30|5,30|29,30|22,1|19,2|15,30|25,30|-1,-1|
#type=2,2,2,2,2,2,2,2,2,4,
RRRR.rLRd.
#00000000000
#assigned_pet=-1,-1,-1,-1,-1,-1,-1,-1,-1,-1,
#assigned_hub=-1,-1,-1,-1,-1,-1,-1,-1,-1,6,
#moving_targetting_pos=12,1|2,1|9,2|5,1|29,2|22,29|19,30|15,1|25,1|-1,-1|
#setting_targetting_pos=12,29|2,29|9,30|5,30|29,30|22,1|19,2|15,30|25,30|-1,-1|
#type=2,2,2,2,2,2,2,2,2,4,
RRdd.LLdR.
#00000000000
#assigned_pet=-1,-1,-1,-1,-1,-1,-1,-1,-1,-1,
#assigned_hub=-1,-1,-1,-1,-1,-1,-1,-1,-1,6,
#moving_targetting_pos=12,1|2,1|9,2|5,1|29,2|22,29|19,30|15,1|25,1|-1,-1|
#setting_targetting_pos=12,29|2,29|9,30|5,30|29,30|22,1|19,2|15,30|25,30|-1,-1|
#type=2,2,2,2,2,2,2,2,2,4,
ldRR.LdRu.
#00000000000
#assigned_pet=-1,-1,-1,-1,-1,-1,-1,-1,-1,-1,
#assigned_hub=-1,-1,-1,-1,-1,-1,-1,-1,-1,6,
#moving_targetting_pos=12,1|2,1|9,2|5,1|29,2|22,29|19,30|15,1|25,1|-1,-1|
#setting_targetting_pos=12,29|2,29|9,30|5,30|29,30|22,1|19,2|15,30|25,30|-1,-1|
#type=2,2,2,2,2,2,2,2,2,4,
uuld.dLdR.
#00000000000
#assigned_pet=-1,-1,-1,-1,-1,-1,-1,-1,-1,-1,
#assigned_hub=-1,-1,-1,-1,-1,-1,-1,-1,-1,6,
#moving_targetting_pos=12,1|2,1|9,2|5,1|29,2|22,29|19,30|15,1|25,1|-1,-1|
#setting_targetting_pos=12,29|2,29|9,30|5,30|29,30|22,1|19,2|15,30|25,30|-1,-1|
#type=2,2,2,2,2,2,2,2,2,4,
RRRRuLLRR.
#00000000000
#assigned_pet=-1,-1,-1,-1,-1,-1,-1,-1,-1,-1,
#assigned_hub=-1,-1,-1,-1,-1,-1,-1,-1,-1,6,
#moving_targetting_pos=12,1|2,1|9,2|5,1|29,2|22,29|19,30|15,1|25,1|-1,-1|
#setting_targetting_pos=12,29|2,29|9,30|5,30|29,30|22,1|19,2|15,30|25,30|-1,-1|
#type=2,2,2,2,2,2,2,2,2,4,
RludRLuuR.
#00000000000
#assigned_pet=-1,-1,-1,-1,-1,-1,-1,-1,-1,-1,
#assigned_hub=-1,-1,-1,-1,-1,-1,-1,-1,-1,6,
#moving_targetting_pos=12,1|2,1|9,2|5,1|29,2|22,29|19,30|15,1|25,1|-1,-1|
#setting_targetting_pos=12,29|2,29|9,30|5,30|29,30|22,1|19,2|15,30|25,30|-1,-1|
#type=2,2,2,2,2,2,2,2,2,4,
lRRRRrrRR.
#00000000000
#assigned_pet=-1,-1,-1,-1,-1,-1,-1,-1,-1,-1,
#assigned_hub=-1,-1,-1,-1,-1,-1,-1,-1,-1,6,
#moving_targetting_pos=12,1|2,1|9,2|5,1|29,2|22,29|19,30|15,1|25,1|-1,-1|
#setting_targetting_pos=12,29|2,29|9,30|5,30|29,30|22,1|19,2|15,30|25,30|-1,-1|
#type=2,2,2,2,2,2,2,2,2,4,
dRRdluLRu.
#00000000000
#assigned_pet=-1,-1,-1,-1,-1,-1,-1,-1,-1,-1,
#assigned_hub=-1,-1,-1,-1,-1,-1,-1,-1,-1,6,
#moving_targetting_pos=12,1|2,1|9,2|5,1|29,2|22,29|19,30|15,1|25,1|-1,-1|
#setting_targetting_pos=12,29|2,29|9,30|5,30|29,30|22,1|19,2|15,30|25,30|-1,-1|
#type=2,2,2,2,2,2,2,2,2,4,
RdlRdLLRR.
#00000000000
#assigned_pet=-1,-1,-1,-1,-1,-1,-1,-1,-1,-1,
#assigned_hub=-1,-1,-1,-1,-1,-1,-1,-1,-1,6,
#moving_targetting_pos=12,1|2,1|9,2|5,1|29,2|22,29|19,30|15,1|25,1|-1,-1|
#setting_targetting_pos=12,29|2,29|9,30|5,30|29,30|22,1|19,2|15,30|25,30|-1,-1|
#type=2,2,2,2,2,2,2,2,2,4,
RRddRLdRd.
#00000000000
#assigned_pet=-1,-1,-1,-1,-1,-1,-1,-1,-1,-1,
#assigned_hub=-1,-1,-1,-1,-1,-1,-1,-1,-1,6,
#moving_targetting_pos=12,1|2,1|9,2|5,1|29,2|22,29|19,30|15,1|25,1|-1,-1|
#setting_targetting_pos=12,29|2,29|9,30|5,30|29,30|22,1|19,2|15,30|25,30|-1,-1|
#type=2,2,2,2,2,2,2,2,2,4,
RRRRRrLuR.
#00000000000
#assigned_pet=-1,-1,-1,-1,-1,-1,-1,-1,-1,-1,
#assigned_hub=-1,-1,-1,-1,-1,-1,-1,-1,-1,6,
#moving_targetting_pos=12,1|2,1|9,2|5,1|29,2|22,29|19,30|15,1|25,1|-1,-1|
#setting_targetting_pos=12,29|2,29|9,30|5,30|29,30|22,1|19,2|15,30|25,30|-1,-1|
#type=2,2,2,2,2,2,2,2,2,4,
dlR.d.rRd.
#00000000000
#assigned_pet=-1,-1,-1,-1,-1,-1,-1,-1,-1,-1,
#assigned_hub=-1,-1,-1,-1,-1,-1,-1,-1,-1,6,
#moving_targetting_pos=12,1|2,1|9,2|5,1|29,2|22,29|19,30|15,1|25,1|-1,-1|
#setting_targetting_pos=12,29|2,29|9,30|5,30|29,30|22,1|19,2|15,30|25,30|-1,-1|
#type=2,2,2,2,2,2,2,2,2,4,
uuduR.LdR.
#00000000000
#assigned_pet=-1,-1,-1,-1,-1,-1,-1,-1,-1,-1,
#assigned_hub=-1,-1,-1,-1,-1,-1,-1,-1,-1,6,
#moving_targetting_pos=12,1|2,1|9,2|5,1|29,2|22,29|19,30|15,1|25,1|-1,-1|
#setting_targetting_pos=12,29|2,29|9,30|5,30|29,30|22,1|19,2|15,30|25,30|-1,-1|
#type=2,2,2,2,2,2,2,2,2,4,
RRRRRduRd.
#00000000000
#assigned_pet=-1,-1,-1,-1,-1,-1,-1,-1,-1,-1,
#assigned_hub=-1,-1,-1,-1,-1,-1,-1,-1,-1,6,
#moving_targetting_pos=12,1|2,1|9,2|5,1|29,2|22,29|19,30|15,1|25,1|-1,-1|
#setting_targetting_pos=12,29|2,29|9,30|5,30|29,30|22,1|19,2|15,30|25,30|-1,-1|
#type=2,2,2,2,2,2,2,2,2,4,
lRRRlLLdR.
#00000000000
#assigned_pet=-1,-1,-1,-1,-1,-1,-1,-1,-1,-1,
#assigned_hub=-1,-1,-1,-1,-1,-1,-1,-1,-1,6,
#moving_targetting_pos=12,1|2,1|9,2|5,1|29,2|22,29|19,30|15,1|25,1|-1,-1|
#setting_targetting_pos=12,29|2,29|9,30|5,30|29,30|22,1|19,2|15,30|25,30|-1,-1|
#type=2,2,2,2,2,2,2,2,2,4,
RllRuLLRd.
#00000000000
#assigned_pet=-1,-1,-1,-1,-1,-1,-1,-1,-1,-1,
#assigned_hub=-1,-1,-1,-1,-1,-1,-1,-1,-1,6,
#moving_targetting_pos=12,1|2,1|9,2|5,1|29,2|22,29|19,30|15,1|25,1|-1,-1|
#setting_targetting_pos=12,29|2,29|9,30|5,30|29,30|22,1|19,2|15,30|25,30|-1,-1|
#type=2,2,2,2,2,2,2,2,2,4,
RduRRLrdR.
#00000000000
#assigned_pet=-1,-1,-1,-1,-1,-1,-1,-1,-1,-1,
#assigned_hub=-1,-1,-1,-1,-1,-1,-1,-1,-1,6,
#moving_targetting_pos=12,1|2,1|9,2|5,1|29,2|22,29|19,30|15,1|25,1|-1,-1|
#setting_targetting_pos=12,29|2,29|9,30|5,30|29,30|22,1|19,2|15,30|25,30|-1,-1|
#type=2,2,2,2,2,2,2,2,2,4,
rRRuR.dRd.
#00000000000
#assigned_pet=-1,-1,-1,-1,-1,-1,-1,-1,-1,-1,
#assigned_hub=-1,-1,-1,-1,-1,-1,3,-1,-1,6,
#moving_targetting_pos=12,1|2,1|9,2|5,1|29,2|22,29|16,6|15,1|25,1|-1,-1|
#setting_targetting_pos=12,29|2,29|9,30|5,30|29,30|22,1|19,2|15,30|25,30|-1,-1|
#type=2,2,2,2,2,2,3,2,2,4,
dRRRduU.R.
#00000000000
#assigned_pet=-1,-1,-1,-1,-1,-1,-1,-1,-1,-1,
#assigned_hub=5,-1,-1,-1,-1,-1,3,-1,-1,6,
#moving_targetting_pos=16,26|2,1|9,2|5,1|29,2|22,29|16,6|15,1|25,1|-1,-1|
#setting_targetting_pos=12,29|2,29|9,30|5,30|29,30|22,1|-1,-1|15,30|25,30|-1,-1|
#type=3,2,2,2,2,2,3,2,2,4,
LRddR.Rdu.
#00000000000
#assigned_pet=-1,-1,-1,-1,-1,-1,-1,-1,-1,-1,
#assigned_hub=5,-1,-1,-1,-1,-1,3,-1,-1,6,
#moving_targetting_pos=16,26|2,1|9,2|5,1|29,2|22,29|16,6|15,1|25,1|-1,-1|
#setting_targetting_pos=-1,-1|2,29|9,30|5,30|29,30|22,1|-1,-1|15,30|25,30|-1,-1|
#type=3,2,2,2,2,2,3,2,2,4,
LdRRl.URR.
#00000000000
#assigned_pet=-1,-1,-1,-1,-1,-1,-1,-1,-1,-1,
#assigned_hub=5,-1,-1,-1,-1,-1,3,-1,-1,6,
#moving_targetting_pos=16,26|2,1|9,2|5,1|29,2|22,29|16,6|15,1|25,1|-1,-1|
#setting_targetting_pos=-1,-1|2,29|9,30|5,30|29,30|22,1|-1,-1|15,30|25,30|-1,-1|
#type=3,2,2,2,2,2,3,2,2,4,
DuldR.RdR.
#00000000000
#assigned_pet=-1,-1,-1,-1,-1,-1,-1,-1,-1,-1,
#assigned_hub=5,-1,-1,2,-1,-1,0,-1,-1,6,
#moving_targetting_pos=16,26|2,1|9,2|6,26|29,2|22,29|6,6|15,1|25,1|-1,-1|
#setting_targetting_pos=-1,-1|2,29|9,30|5,30|29,30|22,1|-1,-1|15,30|25,30|-1,-1|
#type=3,2,2,3,2,2,3,2,2,4,
DRRL..RRR.
#00000000000
#assigned_pet=-1,-1,-1,-1,-1,-1,-1,-1,-1,1,
#assigned_hub=5,-1,-1,2,-1,-1,0,-1,-1,6,
#moving_targetting_pos=16,26|2,1|9,2|6,26|29,2|22,29|6,6|15,1|25,1|-1,-1|
#setting_targetting_pos=-1,-1|2,29|9,30|-1,-1|29,30|22,1|-1,-1|15,30|25,30|25,4|
#type=3,2,2,3,2,2,3,2,2,4,
LluL..UuR.
#00000000000
#assigned_pet=6,-1,-1,-1,-1,-1,-1,-1,-1,1,
#assigned_hub=5,-1,-1,2,-1,-1,3,-1,-1,6,
#moving_targetting_pos=-1,-1|2,1|9,2|6,26|29,2|22,29|16,6|15,1|25,1|-1,-1|
#setting_targetting_pos=15,28|2,29|9,30|-1,-1|29,30|22,1|-1,-1|15,30|25,30|25,4|
#type=4,2,2,3,2,2,4,2,2,4,
RRRLu..Ru.
#00000000000
#assigned_pet=6,-1,-1,-1,-1,-1,-1,-1,-1,1,
#assigned_hub=5,-1,-1,2,-1,-1,3,-1,-1,6,
#moving_targetting_pos=-1,-1|2,1|9,2|-1,-1|29,2|22,29|-1,-1|15,1|25,1|-1,-1|
#setting_targetting_pos=15,28|2,29|9,30|-1,-1|29,30|22,1|-1,-1|15,30|25,30|25,4|
#type=4,2,2,4,2,2,4,2,2,4,
RRR.R..RR.
#00000000000
#assigned_pet=6,-1,-1,-1,-1,-1,5,-1,-1,5,
#assigned_hub=5,-1,-1,2,-1,-1,3,-1,-1,6,
#moving_targetting_pos=-1,-1|2,1|9,2|-1,-1|29,2|22,29|-1,-1|15,1|25,1|-1,-1|
#setting_targetting_pos=15,28|2,29|9,30|-1,-1|29,30|22,1|18,7|15,30|25,30|24,7|
#type=4,2,2,4,2,2,4,2,2,4,
.rl.RdRRdR
#00000000000
#assigned_pet=-1,-1,-1,-1,-1,-1,-1,-1,-1,10,
#assigned_hub=5,-1,-1,2,-1,-1,3,-1,-1,6,
#moving_targetting_pos=-1,-1|2,1|9,2|-1,-1|29,2|22,29|-1,-1|15,1|25,1|-1,-1|
#setting_targetting_pos=-1,-1|2,29|9,30|-1,-1|29,30|22,1|-1,-1|15,30|25,30|25,4|
#type=4,2,2,4,2,2,4,2,2,4,
.dd.lL.RRL
#00000000000
#assigned_pet=6,-1,-1,-1,-1,-1,-1,-1,-1,10,
#assigned_hub=5,8,0,2,-1,-1,3,-1,-1,6,
#moving_targetting_pos=-1,-1|26,26|6,6|-1,-1|29,2|22,29|-1,-1|15,1|25,1|-1,-1|
#setting_targetting_pos=17,28|2,29|9,30|-1,-1|29,30|22,1|-1,-1|15,30|25,30|25,4|
#type=4,3,3,4,2,2,4,2,2,4,
DLU.dr....
#00000000000
#assigned_pet=6,-1,-1,-1,-1,-1,-1,-1,-1,10,
#assigned_hub=5,8,0,2,-1,-1,3,-1,-1,6,
#moving_targetting_pos=-1,-1|26,26|6,6|-1,-1|29,2|22,29|-1,-1|15,1|25,1|-1,-1|
#setting_targetting_pos=17,28|-1,-1|-1,-1|-1,-1|29,30|22,1|-1,-1|15,30|25,30|25,4|
#type=4,3,3,4,0,2,4,2,2,4,
DLL..L.ud.
#00000000000
#assigned_pet=6,-1,-1,-1,-1,-1,-1,-1,-1,10,
#assigned_hub=5,8,0,2,-1,-1,3,-1,-1,6,
#moving_targetting_pos=-1,-1|26,26|6,6|-1,-1|29,2|22,29|-1,-1|15,1|25,1|-1,-1|
#setting_targetting_pos=17,28|-1,-1|-1,-1|-1,-1|29,30|22,1|-1,-1|15,30|25,30|25,4|
#type=4,3,3,4,0,2,4,2,0,4,
.DU..L.R..
#00000000000
#assigned_pet=-1,-1,-1,-1,-1,-1,1,-1,-1,1,
#assigned_hub=5,1,8,2,0,-1,3,-1,-1,6,
#moving_targetting_pos=-1,-1|6,16|26,26|-1,-1|6,6|22,29|-1,-1|15,1|25,1|-1,-1|
#setting_targetting_pos=-1,-1|-1,-1|-1,-1|-1,-1|29,30|22,1|18,5|15,30|25,30|24,5|
#type=4,3,3,4,3,2,4,2,0,4,
.DL.U.L..R
#00000000000
#assigned_pet=7,-1,-1,-1,-1,-1,1,-1,-1,1,
#assigned_hub=5,1,8,2,0,-1,3,-1,-1,6,
#moving_targetting_pos=-1,-1|6,16|26,26|-1,-1|6,6|22,29|-1,-1|15,1|25,1|-1,-1|
#setting_targetting_pos=17,28|-1,-1|-1,-1|-1,-1|-1,-1|22,1|18,5|15,30|25,30|24,5|
#type=4,3,3,4,3,2,4,2,0,4,
.LL.L.D..U
#00000000000
#assigned_pet=-1,-1,-1,-1,-1,-1,9,-1,-1,9,
#assigned_hub=5,1,8,2,0,-1,3,-1,-1,6,
#moving_targetting_pos=-1,-1|6,16|26,26|-1,-1|6,6|22,29|-1,-1|15,1|25,1|-1,-1|
#setting_targetting_pos=-1,-1|-1,-1|-1,-1|-1,-1|-1,-1|22,1|18,7|15,30|25,30|24,7|
#type=4,3,3,4,3,2,4,2,0,4,
.LD.U.Rd.R
#00000000000
#assigned_pet=-1,-1,-1,-1,-1,-1,9,-1,-1,9,
#assigned_hub=5,1,8,2,0,-1,3,-1,-1,6,
#moving_targetting_pos=-1,-1|6,16|26,26|-1,-1|6,6|22,29|-1,-1|15,1|25,1|-1,-1|
#setting_targetting_pos=-1,-1|-1,-1|-1,-1|-1,-1|-1,-1|22,1|18,7|15,30|25,30|24,7|
#type=4,3,3,4,3,2,4,2,0,4,
.DD.L.RR.R
#00000000010
#assigned_pet=-1,-1,-1,-1,-1,-1,9,-1,-1,9,
#assigned_hub=5,1,8,2,4,-1,3,-1,0,6,
#moving_targetting_pos=-1,-1|6,16|26,26|-1,-1|16,16|22,29|-1,-1|15,1|6,6|-1,-1|
#setting_targetting_pos=-1,-1|-1,-1|-1,-1|-1,-1|-1,-1|22,1|18,7|15,30|25,30|24,7|
#type=4,3,3,4,3,2,5,2,3,5,
.LD.LdddLu
#00000000010
#assigned_pet=-1,-1,-1,-1,-1,-1,-1,-1,-1,10,
#assigned_hub=5,1,8,2,4,-1,3,-1,0,6,
#moving_targetting_pos=-1,-1|6,16|26,26|-1,-1|16,16|22,29|-1,-1|15,1|6,6|-1,-1|
#setting_targetting_pos=-1,-1|-1,-1|-1,-1|-1,-1|-1,-1|22,1|-1,-1|15,30|-1,-1|25,4|
#type=4,3,3,4,3,2,4,0,3,4,
.LD.LL..LL
#00000000010
#assigned_pet=-1,-1,-1,-1,-1,-1,-1,-1,-1,10,
#assigned_hub=5,1,8,2,4,-1,3,-1,0,6,
#moving_targetting_pos=-1,-1|6,16|26,26|-1,-1|16,16|22,29|-1,-1|15,1|6,6|-1,-1|
#setting_targetting_pos=-1,-1|-1,-1|-1,-1|-1,-1|-1,-1|22,1|-1,-1|15,30|-1,-1|25,4|
#type=4,3,3,4,3,2,4,0,3,4,
.LD.LL..LL
#00000000010
#assigned_pet=6,-1,-1,-1,-1,-1,-1,-1,-1,10,
#assigned_hub=5,1,8,2,4,-1,3,-1,0,6,
#moving_targetting_pos=-1,-1|6,16|26,26|-1,-1|16,16|22,29|-1,-1|15,1|6,6|-1,-1|
#setting_targetting_pos=17,28|-1,-1|-1,-1|-1,-1|-1,-1|22,1|-1,-1|15,30|-1,-1|25,4|
#type=4,3,3,4,3,2,4,0,3,4,
.LD.Lr..L.
#00000010010
#assigned_pet=6,-1,-1,-1,-1,-1,-1,-1,-1,10,
#assigned_hub=5,1,8,2,4,-1,3,-1,0,6,
#moving_targetting_pos=-1,-1|6,16|26,26|-1,-1|16,16|22,29|-1,-1|15,1|6,6|-1,-1|
#setting_targetting_pos=17,28|-1,-1|-1,-1|-1,-1|-1,-1|22,1|-1,-1|15,30|-1,-1|25,4|
#type=5,3,3,4,3,2,4,0,3,4,
dLD.Lu..L.
#00000010010
#assigned_pet=-1,-1,-1,-1,-1,-1,-1,-1,-1,10,
#assigned_hub=5,1,8,2,4,-1,3,-1,0,6,
#moving_targetting_pos=-1,-1|6,16|26,26|-1,-1|16,16|22,29|-1,-1|15,1|6,6|-1,-1|
#setting_targetting_pos=-1,-1|-1,-1|-1,-1|-1,-1|-1,-1|22,1|-1,-1|15,30|-1,-1|25,4|
#type=4,3,3,4,3,0,4,0,3,4,
.LD.L...L.
#00000010010
#assigned_pet=-1,-1,-1,-1,-1,-1,-1,-1,-1,10,
#assigned_hub=5,1,8,2,4,-1,3,-1,0,6,
#moving_targetting_pos=-1,-1|6,16|26,26|-1,-1|16,16|22,29|-1,-1|15,1|6,6|-1,-1|
#setting_targetting_pos=-1,-1|-1,-1|-1,-1|-1,-1|-1,-1|22,1|-1,-1|15,30|-1,-1|25,4|
#type=4,3,3,4,3,0,4,0,3,4,
.LD.L...L.
#00000010010
#assigned_pet=-1,-1,-1,-1,-1,-1,-1,-1,-1,10,
#assigned_hub=5,1,8,2,4,-1,3,-1,0,6,
#moving_targetting_pos=-1,-1|6,16|26,26|-1,-1|16,16|22,29|-1,-1|15,1|6,6|-1,-1|
#setting_targetting_pos=-1,-1|-1,-1|-1,-1|-1,-1|-1,-1|22,1|-1,-1|15,30|-1,-1|25,4|
#type=4,3,3,4,3,0,4,0,3,4,
.LD.L...L.
#00000010010
#assigned_pet=-1,-1,-1,-1,-1,-1,-1,-1,-1,10,
#assigned_hub=5,1,8,2,4,-1,3,-1,0,6,
#moving_targetting_pos=-1,-1|-1,-1|26,26|-1,-1|16,16|22,29|-1,-1|15,1|6,6|-1,-1|
#setting_targetting_pos=-1,-1|-1,-1|-1,-1|-1,-1|-1,-1|22,1|-1,-1|15,30|-1,-1|25,4|
#type=4,4,3,4,3,0,4,0,3,4,
..D.L...L.
#00000010010
#assigned_pet=-1,-1,-1,-1,-1,-1,-1,-1,-1,10,
#assigned_hub=5,1,8,2,4,-1,3,-1,0,6,
#moving_targetting_pos=-1,-1|-1,-1|26,26|-1,-1|16,16|22,29|-1,-1|15,1|6,6|-1,-1|
#setting_targetting_pos=-1,-1|-1,-1|-1,-1|-1,-1|-1,-1|22,1|-1,-1|15,30|-1,-1|25,4|
#type=4,4,3,4,3,0,4,0,3,4,
..D.L...L.
#00000010010
#assigned_pet=-1,-1,-1,-1,-1,-1,-1,-1,-1,10,
#assigned_hub=5,1,8,2,4,-1,3,-1,0,6,
#moving_targetting_pos=-1,-1|-1,-1|26,26|-1,-1|16,16|22,29|-1,-1|15,1|6,6|-1,-1|
#setting_targetting_pos=-1,-1|-1,-1|-1,-1|-1,-1|-1,-1|22,1|-1,-1|15,30|-1,-1|25,4|
#type=4,4,3,4,3,0,4,0,3,4,
..D.L...L.
#00000010010
#assigned_pet=-1,-1,-1,-1,-1,-1,-1,-1,-1,10,
#assigned_hub=5,1,8,2,4,-1,3,-1,0,6,
#moving_targetting_pos=-1,-1|-1,-1|26,26|-1,-1|16,16|22,29|-1,-1|15,1|6,6|-1,-1|
#setting_targetting_pos=-1,-1|-1,-1|-1,-1|-1,-1|-1,-1|22,1|-1,-1|15,30|-1,-1|25,4|
#type=4,4,3,4,3,0,4,0,3,4,
..D.U...L.
#00000010010
#assigned_pet=-1,-1,-1,-1,-1,-1,-1,-1,-1,10,
#assigned_hub=5,1,8,2,4,-1,3,-1,0,6,
#moving_targetting_pos=-1,-1|-1,-1|26,26|-1,-1|16,16|22,29|-1,-1|15,1|6,6|-1,-1|
#setting_targetting_pos=-1,-1|-1,-1|-1,-1|-1,-1|-1,-1|22,1|-1,-1|15,30|-1,-1|25,4|
#type=4,4,3,4,3,0,4,0,3,4,
..D.U...L.
#00000010010
#assigned_pet=-1,-1,-1,-1,-1,-1,-1,-1,-1,10,
#assigned_hub=5,1,8,2,4,-1,3,-1,0,6,
#moving_targetting_pos=-1,-1|-1,-1|26,26|-1,-1|16,16|22,29|-1,-1|15,1|6,6|-1,-1|
#setting_targetting_pos=-1,-1|-1,-1|-1,-1|-1,-1|-1,-1|22,1|-1,-1|15,30|-1,-1|25,4|
#type=4,4,3,4,3,0,4,0,3,4,
..D.U...L.
#00000010010
#assigned_pet=-1,-1,-1,-1,-1,-1,-1,-1,-1,10,
#assigned_hub=5,1,8,2,4,-1,3,-1,0,6,
#moving_targetting_pos=-1,-1|-1,-1|26,26|-1,-1|16,16|22,29|-1,-1|15,1|6,6|-1,-1|
#setting_targetting_pos=-1,-1|-1,-1|-1,-1|-1,-1|-1,-1|22,1|-1,-1|15,30|-1,-1|25,4|
#type=4,4,3,4,3,0,4,0,3,4,
..D.U...L.
#00000010010
#assigned_pet=-1,-1,-1,-1,-1,-1,-1,-1,-1,10,
#assigned_hub=5,1,8,2,4,-1,3,-1,0,6,
#moving_targetting_pos=-1,-1|-1,-1|26,26|-1,-1|16,16|22,29|-1,-1|15,1|6,6|-1,-1|
#setting_targetting_pos=-1,-1|-1,-1|-1,-1|-1,-1|-1,-1|22,1|-1,-1|15,30|-1,-1|25,4|
#type=4,4,3,4,3,0,4,0,3,4,
..L.U...U.
#00000010010
#assigned_pet=2,-1,7,-1,-1,-1,-1,-1,-1,10,
#assigned_hub=5,1,8,2,4,-1,3,-1,0,6,
#moving_targetting_pos=-1,-1|-1,-1|-1,-1|-1,-1|16,16|22,29|-1,-1|15,1|6,6|-1,-1|
#setting_targetting_pos=15,28|-1,-1|25,28|-1,-1|-1,-1|22,1|-1,-1|15,30|-1,-1|25,4|
#type=4,4,4,4,3,0,4,0,3,4,
..R.U...U.
#00000010010
#assigned_pet=2,-1,7,-1,-1,-1,-1,-1,-1,10,
#assigned_hub=5,1,8,2,4,-1,3,-1,0,6,
#moving_targetting_pos=-1,-1|-1,-1|-1,-1|-1,-1|16,16|22,29|-1,-1|15,1|6,6|-1,-1|
#setting_targetting_pos=15,28|-1,-1|25,28|-1,-1|-1,-1|22,1|-1,-1|15,30|-1,-1|25,4|
#type=4,4,4,4,3,0,4,0,3,4,
..D.U...U.
#00000011010
#assigned_pet=2,-1,7,-1,-1,-1,-1,-1,-1,10,
#assigned_hub=5,1,8,2,4,-1,3,-1,0,6,
#moving_targetting_pos=-1,-1|-1,-1|-1,-1|-1,-1|16,16|22,29|-1,-1|15,1|6,6|-1,-1|
#setting_targetting_pos=15,28|-1,-1|25,28|-1,-1|-1,-1|22,1|-1,-1|15,30|-1,-1|25,4|
#type=4,4,5,4,3,0,4,0,3,4,
..r.U...U.
#00000011010
#assigned_pet=2,-1,-1,-1,-1,-1,-1,-1,-1,10,
#assigned_hub=5,1,8,2,4,-1,3,-1,0,6,
#moving_targetting_pos=-1,-1|-1,-1|-1,-1|6,26|16,16|22,29|-1,-1|15,1|6,6|-1,-1|
#setting_targetting_pos=15,28|-1,-1|-1,-1|-1,-1|-1,-1|22,1|-1,-1|15,30|-1,-1|25,4|
#type=4,4,4,4,3,0,4,0,3,4,
....U...U.
#00000011010
#assigned_pet=2,-1,-1,-1,-1,-1,-1,-1,-1,10,
#assigned_hub=5,1,8,2,4,-1,3,-1,0,6,
#moving_targetting_pos=-1,-1|-1,-1|-1,-1|-1,-1|16,16|22,29|-1,-1|15,1|6,6|-1,-1|
#setting_targetting_pos=15,28|-1,-1|-1,-1|-1,-1|-1,-1|22,1|-1,-1|15,30|-1,-1|25,4|
#type=4,4,4,4,3,0,4,0,3,4,
....L...U.
#00000011010
#assigned_pet=2,-1,-1,-1,-1,-1,-1,-1,-1,10,
#assigned_hub=5,1,8,2,4,-1,3,-1,0,6,
#moving_targetting_pos=-1,-1|-1,-1|-1,-1|-1,-1|-1,-1|22,29|-1,-1|15,1|6,6|-1,-1|
#setting_targetting_pos=15,28|-1,-1|-1,-1|-1,-1|-1,-1|22,1|-1,-1|15,30|-1,-1|25,4|
#type=4,4,4,4,4,0,4,0,3,4,
........U.
#00010011010
#assigned_pet=2,3,-1,-1,-1,-1,-1,-1,-1,10,
#assigned_hub=5,1,8,2,4,-1,3,-1,0,6,
#moving_targetting_pos=-1,-1|-1,-1|-1,-1|-1,-1|-1,-1|22,29|-1,-1|15,1|6,6|-1,-1|
#setting_targetting_pos=15,28|4,17|-1,-1|-1,-1|-1,-1|22,1|-1,-1|15,30|-1,-1|25,4|
#type=4,5,4,4,4,0,4,0,3,4,
.u......U.
#00010011010
#assigned_pet=2,-1,-1,-1,-1,-1,-1,-1,-1,10,
#assigned_hub=5,1,8,2,4,7,3,-1,0,6,
#moving_targetting_pos=-1,-1|-1,-1|-1,-1|-1,-1|-1,-1|26,16|-1,-1|15,1|6,6|-1,-1|
#setting_targetting_pos=15,28|-1,-1|-1,-1|-1,-1|-1,-1|22,1|-1,-1|15,30|-1,-1|25,4|
#type=4,4,4,4,4,3,4,0,3,4,
.....D..L.
#00010011010
#assigned_pet=2,-1,-1,-1,-1,-1,-1,-1,-1,10,
#assigned_hub=5,1,8,2,4,7,3,-1,0,6,
#moving_targetting_pos=-1,-1|-1,-1|-1,-1|-1,-1|-1,-1|26,16|-1,-1|15,1|6,6|-1,-1|
#setting_targetting_pos=15,28|-1,-1|-1,-1|-1,-1|-1,-1|-1,-1|-1,-1|15,30|-1,-1|25,4|
#type=4,4,4,4,4,3,4,0,3,4,
.....R..L.
#00010011010
#assigned_pet=1,-1,-1,-1,-1,-1,-1,-1,-1,10,
#assigned_hub=5,1,8,2,4,7,3,-1,0,6,
#moving_targetting_pos=-1,-1|-1,-1|-1,-1|-1,-1|-1,-1|26,16|-1,-1|15,1|6,6|-1,-1|
#setting_targetting_pos=15,28|-1,-1|-1,-1|-1,-1|-1,-1|-1,-1|-1,-1|15,30|-1,-1|25,4|
#type=4,4,4,4,4,3,4,0,3,4,
.....D..L.
#00010011010
#assigned_pet=1,-1,-1,-1,-1,-1,-1,-1,-1,10,
#assigned_hub=5,1,8,2,4,7,3,-1,0,6,
#moving_targetting_pos=-1,-1|-1,-1|-1,-1|-1,-1|-1,-1|26,16|-1,-1|15,1|6,6|-1,-1|
#setting_targetting_pos=15,28|-1,-1|-1,-1|-1,-1|-1,-1|-1,-1|-1,-1|15,30|-1,-1|25,4|
#type=4,4,4,4,4,3,4,0,3,4,
.....R..L.
#00010011010
#assigned_pet=1,-1,-1,-1,-1,-1,-1,-1,-1,10,
#assigned_hub=5,1,8,2,4,7,3,-1,0,6,
#moving_targetting_pos=-1,-1|-1,-1|-1,-1|-1,-1|-1,-1|26,16|16,6|15,1|6,6|-1,-1|
#setting_targetting_pos=15,28|-1,-1|-1,-1|-1,-1|-1,-1|-1,-1|-1,-1|15,30|-1,-1|25,4|
#type=4,4,4,4,4,3,4,0,3,4,
.....D..L.
#00010011010
#assigned_pet=2,-1,-1,-1,-1,-1,-1,-1,-1,10,
#assigned_hub=5,1,8,2,4,7,3,-1,0,6,
#moving_targetting_pos=-1,-1|-1,-1|-1,-1|-1,-1|-1,-1|26,16|16,6|15,1|6,6|-1,-1|
#setting_targetting_pos=15,28|-1,-1|-1,-1|-1,-1|-1,-1|-1,-1|-1,-1|15,30|-1,-1|25,4|
#type=4,4,4,4,4,3,4,0,3,4,
.....R..L.
#00010011010
#assigned_pet=2,-1,-1,-1,-1,-1,-1,-1,-1,10,
#assigned_hub=5,1,8,2,4,7,3,-1,0,6,
#moving_targetting_pos=-1,-1|-1,-1|-1,-1|-1,-1|-1,-1|26,16|16,6|15,1|6,6|-1,-1|
#setting_targetting_pos=15,28|-1,-1|-1,-1|-1,-1|-1,-1|-1,-1|-1,-1|15,30|-1,-1|25,4|
#type=4,4,4,4,4,3,4,0,3,4,
.....R..L.
#00010011010
#assigned_pet=2,-1,-1,-1,-1,-1,-1,-1,-1,10,
#assigned_hub=5,1,8,2,4,7,3,-1,0,6,
#moving_targetting_pos=-1,-1|-1,-1|-1,-1|-1,-1|-1,-1|26,16|16,6|15,1|6,6|-1,-1|
#setting_targetting_pos=15,28|-1,-1|-1,-1|-1,-1|-1,-1|-1,-1|-1,-1|15,30|-1,-1|25,4|
#type=4,4,4,4,4,3,4,0,3,4,
.....R..L.
#00010011011
#assigned_pet=2,-1,-1,-1,-1,-1,-1,-1,-1,10,
#assigned_hub=5,1,8,2,4,7,3,-1,0,6,
#moving_targetting_pos=-1,-1|-1,-1|-1,-1|6,26|-1,-1|26,16|16,6|15,1|6,6|-1,-1|
#setting_targetting_pos=15,28|-1,-1|-1,-1|-1,-1|-1,-1|-1,-1|-1,-1|15,30|-1,-1|25,4|
#type=4,4,4,4,4,3,4,0,3,5,
.....R..Ul
#00010011011
#assigned_pet=2,-1,-1,-1,-1,-1,-1,-1,-1,-1,
#assigned_hub=5,1,8,2,4,7,3,-1,0,6,
#moving_targetting_pos=-1,-1|-1,-1|-1,-1|-1,-1|-1,-1|26,16|16,6|15,1|6,6|26,6|
#setting_targetting_pos=15,28|-1,-1|-1,-1|-1,-1|-1,-1|-1,-1|-1,-1|15,30|-1,-1|-1,-1|
#type=4,4,4,4,4,3,4,0,3,4,
.....R..U.
#00010011011
#assigned_pet=2,-1,-1,-1,-1,-1,-1,-1,-1,-1,
#assigned_hub=5,1,8,2,4,7,3,-1,0,6,
#moving_targetting_pos=-1,-1|-1,-1|-1,-1|-1,-1|-1,-1|26,16|16,6|15,1|6,6|26,6|
#setting_targetting_pos=15,28|-1,-1|-1,-1|-1,-1|-1,-1|-1,-1|-1,-1|15,30|-1,-1|-1,-1|
#type=4,4,4,4,4,3,4,0,3,4,
.....R..U.
#00010011011
#assigned_pet=2,-1,-1,-1,-1,-1,-1,-1,-1,-1,
#assigned_hub=5,1,8,2,4,7,3,-1,0,6,
#moving_targetting_pos=-1,-1|-1,-1|-1,-1|-1,-1|-1,-1|26,16|16,6|15,1|6,6|26,6|
#setting_targetting_pos=15,28|-1,-1|-1,-1|-1,-1|-1,-1|-1,-1|-1,-1|15,30|-1,-1|-1,-1|
#type=4,4,4,4,4,3,4,0,3,4,
.....R..U.
#00010011011
#assigned_pet=8,-1,8,-1,-1,-1,-1,-1,-1,-1,
#assigned_hub=5,1,8,2,4,7,3,-1,0,6,
#moving_targetting_pos=-1,-1|-1,-1|-1,-1|-1,-1|-1,-1|26,16|16,6|15,1|6,6|26,6|
#setting_targetting_pos=18,27|-1,-1|24,27|-1,-1|-1,-1|-1,-1|-1,-1|15,30|-1,-1|-1,-1|
#type=4,4,4,4,4,3,4,0,3,4,
L....R..U.
#00010011011
#assigned_pet=8,-1,8,-1,-1,-1,-1,-1,-1,-1,
#assigned_hub=5,1,8,2,4,7,3,-1,0,6,
#moving_targetting_pos=-1,-1|-1,-1|-1,-1|-1,-1|-1,-1|26,16|-1,-1|15,1|6,6|26,6|
#setting_targetting_pos=18,27|-1,-1|24,27|-1,-1|-1,-1|-1,-1|-1,-1|15,30|-1,-1|-1,-1|
#type=4,4,4,4,4,3,4,0,3,4,
D....R..U.
#00010011111
#assigned_pet=8,-1,8,-1,-1,-1,-1,-1,-1,-1,
#assigned_hub=5,1,8,2,4,7,3,-1,0,6,
#moving_targetting_pos=-1,-1|-1,-1|-1,-1|-1,-1|-1,-1|26,16|-1,-1|15,1|6,6|26,6|
#setting_targetting_pos=18,27|-1,-1|24,27|-1,-1|-1,-1|-1,-1|-1,-1|15,30|-1,-1|-1,-1|
#type=5,4,5,4,4,3,4,0,3,4,
d.u..R..U.
#00010011111
#assigned_pet=-1,-1,-1,-1,-1,-1,-1,-1,-1,-1,
#assigned_hub=5,1,8,2,4,7,3,-1,0,6,
#moving_targetting_pos=-1,-1|-1,-1|-1,-1|-1,-1|-1,-1|26,16|-1,-1|15,1|6,6|26,6|
#setting_targetting_pos=-1,-1|-1,-1|-1,-1|-1,-1|-1,-1|-1,-1|-1,-1|15,30|-1,-1|-1,-1|
#type=4,4,4,4,4,3,4,0,3,4,
.....R..U.
#00010011111
#assigned_pet=5,-1,-1,-1,-1,-1,-1,-1,-1,-1,
#assigned_hub=5,1,8,2,4,7,3,-1,0,6,
#moving_targetting_pos=-1,-1|-1,-1|-1,-1|-1,-1|-1,-1|26,16|-1,-1|15,1|6,6|26,6|
#setting_targetting_pos=15,28|-1,-1|-1,-1|-1,-1|-1,-1|-1,-1|-1,-1|15,30|-1,-1|-1,-1|
#type=4,4,4,4,4,3,4,0,3,4,
U....R..U.
#00010011111
#assigned_pet=5,-1,0,-1,-1,0,-1,-1,-1,-1,
#assigned_hub=5,1,8,2,4,7,3,-1,0,6,
#moving_targetting_pos=-1,-1|-1,-1|-1,-1|-1,-1|-1,-1|-1,-1|-1,-1|15,1|6,6|26,6|
#setting_targetting_pos=15,28|-1,-1|27,24|-1,-1|-1,-1|27,18|-1,-1|15,30|-1,-1|-1,-1|
#type=4,4,4,4,4,4,4,0,3,4,
R.L..R..L.
#00010011111
#assigned_pet=5,4,0,-1,-1,0,-1,-1,4,-1,
#assigned_hub=5,1,8,2,4,7,3,-1,0,6,
#moving_targetting_pos=-1,-1|-1,-1|-1,-1|-1,-1|-1,-1|-1,-1|-1,-1|15,1|-1,-1|26,6|
#setting_targetting_pos=15,28|5,14|27,24|-1,-1|-1,-1|27,18|-1,-1|15,30|5,8|-1,-1|
#type=4,4,4,4,4,4,4,0,4,4,
.LL..R..R.
#00010011111
#assigned_pet=5,4,-1,-1,1,1,-1,-1,4,-1,
#assigned_hub=5,1,8,2,4,7,3,-1,0,6,
#moving_targetting_pos=-1,-1|-1,-1|-1,-1|-1,-1|-1,-1|-1,-1|-1,-1|15,1|-1,-1|26,6|
#setting_targetting_pos=15,28|5,14|-1,-1|-1,-1|18,17|24,17|-1,-1|15,30|5,8|-1,-1|
#type=4,4,4,4,4,4,4,0,4,4,
.L......U.
#01010011111
#assigned_pet=5,4,-1,-1,1,1,-1,-1,4,-1,
#assigned_hub=5,1,8,2,4,7,3,-1,0,6,
#moving_targetting_pos=-1,-1|-1,-1|-1,-1|6,26|-1,-1|-1,-1|16,6|15,1|-1,-1|26,6|
#setting_targetting_pos=15,28|5,14|-1,-1|-1,-1|18,17|24,17|-1,-1|15,30|5,8|-1,-1|
#type=4,4,4,4,5,5,4,0,4,4,
....ru..R.
#01010011111
#assigned_pet=5,4,0,-1,-1,0,-1,-1,4,-1,
#assigned_hub=5,1,8,2,4,7,3,-1,0,6,
#moving_targetting_pos=-1,-1|-1,-1|-1,-1|-1,-1|-1,-1|-1,-1|16,6|15,1|-1,-1|26,6|
#setting_targetting_pos=15,28|5,14|27,24|-1,-1|-1,-1|27,18|-1,-1|15,30|5,8|-1,-1|
#type=4,4,4,4,4,4,4,0,4,4,
..L..R..U.
#01011011111
#assigned_pet=5,4,-1,-1,-1,-1,-1,-1,4,-1,
#assigned_hub=5,1,8,2,4,7,3,-1,0,6,
#moving_targetting_pos=-1,-1|-1,-1|-1,-1|-1,-1|16,16|-1,-1|16,6|15,1|-1,-1|26,6|
#setting_targetting_pos=15,28|5,14|-1,-1|-1,-1|-1,-1|-1,-1|-1,-1|15,30|5,8|-1,-1|
#type=4,5,4,4,4,4,4,0,5,4,
.l......u.
#01011011111
#assigned_pet=5,-1,0,-1,-1,0,-1,-1,-1,-1,
#assigned_hub=5,1,8,2,4,7,3,-1,0,6,
#moving_targetting_pos=-1,-1|6,16|-1,-1|-1,-1|-1,-1|-1,-1|16,6|15,1|6,6|26,6|
#setting_targetting_pos=15,28|-1,-1|27,24|-1,-1|-1,-1|27,18|-1,-1|15,30|-1,-1|-1,-1|
#type=4,4,4,4,4,4,4,0,4,4,
..D..D....
#11011011111
#assigned_pet=5,-1,0,-1,-1,0,-1,-1,-1,-1,
#assigned_hub=5,1,8,2,4,7,3,-1,0,6,
#moving_targetting_pos=-1,-1|6,16|-1,-1|-1,-1|16,16|-1,-1|16,6|15,1|6,6|26,6|
#setting_targetting_pos=15,28|-1,-1|27,24|-1,-1|-1,-1|27,18|-1,-1|15,30|-1,-1|-1,-1|
#type=4,4,5,4,4,5,4,0,4,4,
..d..d....
#11011011111
#assigned_pet=2,-1,-1,2,-1,-1,-1,-1,-1,-1,
#assigned_hub=5,1,8,2,4,7,3,-1,0,6,
#moving_targetting_pos=-1,-1|6,16|26,26|-1,-1|16,16|26,16|16,6|15,1|6,6|26,6|
#setting_targetting_pos=14,27|-1,-1|-1,-1|8,27|-1,-1|-1,-1|-1,-1|15,30|-1,-1|-1,-1|
#type=4,4,4,4,4,4,4,0,4,4,
L..D......
#11011011111
#assigned_pet=2,-1,-1,2,-1,-1,-1,-1,-1,-1,
#assigned_hub=5,1,8,2,4,7,3,-1,0,6,
#moving_targetting_pos=-1,-1|6,16|26,26|-1,-1|16,16|26,16|16,6|15,1|6,6|26,6|
#setting_targetting_pos=14,27|-1,-1|-1,-1|8,27|-1,-1|-1,-1|-1,-1|15,30|-1,-1|-1,-1|
#type=4,4,4,4,4,4,4,0,4,4,
U..D......
#11111011111
#assigned_pet=2,-1,-1,2,-1,-1,-1,-1,-1,-1,
#assigned_hub=5,1,8,2,4,7,3,-1,0,6,
#moving_targetting_pos=-1,-1|6,16|-1,-1|-1,-1|-1,-1|26,16|16,6|15,1|6,6|26,6|
#setting_targetting_pos=14,27|-1,-1|-1,-1|8,27|-1,-1|-1,-1|-1,-1|15,30|-1,-1|-1,-1|
#type=5,4,4,5,4,4,4,0,4,4,
u..d......
#11111011111
#assigned_pet=-1,-1,-1,-1,-1,-1,-1,-1,-1,-1,
#assigned_hub=5,1,8,2,4,7,3,-1,0,6,
#moving_targetting_pos=-1,-1|6,16|-1,-1|6,26|-1,-1|26,16|16,6|15,1|6,6|26,6|
#setting_targetting_pos=-1,-1|-1,-1|-1,-1|-1,-1|-1,-1|-1,-1|-1,-1|15,30|-1,-1|-1,-1|
#type=4,4,4,4,4,4,4,0,4,4,
..........
#11111011111
#assigned_pet=-1,-1,-1,-1,-1,-1,-1,-1,-1,-1,
#assigned_hub=5,1,8,2,4,7,3,-1,0,6,
#moving_targetting_pos=-1,-1|6,16|-1,-1|6,26|-1,-1|26,16|16,6|15,1|6,6|26,6|
#setting_targetting_pos=-1,-1|-1,-1|-1,-1|-1,-1|-1,-1|-1,-1|-1,-1|15,30|-1,-1|-1,-1|
#type=4,4,4,4,4,4,4,0,4,4,
..........
#11111011111
#assigned_pet=-1,-1,-1,-1,-1,-1,-1,-1,-1,-1,
#assigned_hub=5,1,8,2,4,7,3,-1,0,6,
#moving_targetting_pos=-1,-1|6,16|-1,-1|6,26|-1,-1|26,16|16,6|15,1|6,6|26,6|
#setting_targetting_pos=-1,-1|-1,-1|-1,-1|-1,-1|-1,-1|-1,-1|-1,-1|15,30|-1,-1|-1,-1|
#type=4,4,4,4,4,4,4,0,4,4,
..........
#11111011111
#assigned_pet=-1,-1,-1,-1,-1,-1,-1,-1,-1,-1,
#assigned_hub=5,1,8,2,4,7,3,-1,0,6,
#moving_targetting_pos=-1,-1|6,16|-1,-1|6,26|-1,-1|26,16|16,6|15,1|6,6|26,6|
#setting_targetting_pos=-1,-1|-1,-1|-1,-1|-1,-1|-1,-1|-1,-1|-1,-1|15,30|-1,-1|-1,-1|
#type=4,4,4,4,4,4,4,0,4,4,
..........
#11111011111
#assigned_pet=5,-1,-1,-1,5,-1,-1,-1,-1,-1,
#assigned_hub=5,1,8,2,4,7,3,-1,0,6,
#moving_targetting_pos=-1,-1|6,16|26,26|6,26|-1,-1|26,16|16,6|15,1|6,6|26,6|
#setting_targetting_pos=17,24|-1,-1|-1,-1|-1,-1|17,18|-1,-1|-1,-1|15,30|-1,-1|-1,-1|
#type=4,4,4,4,4,4,4,0,4,4,
L...U.....
#11111011111
#assigned_pet=5,-1,-1,-1,5,-1,-1,-1,-1,-1,
#assigned_hub=5,1,8,2,4,7,3,-1,0,6,
#moving_targetting_pos=-1,-1|6,16|26,26|6,26|-1,-1|26,16|16,6|15,1|6,6|26,6|
#setting_targetting_pos=17,24|-1,-1|-1,-1|-1,-1|17,18|-1,-1|-1,-1|15,30|-1,-1|-1,-1|
#type=4,4,4,4,4,4,4,0,4,4,
L...R.....
#11111011111
#assigned_pet=5,-1,-1,-1,5,-1,-1,-1,-1,-1,
#assigned_hub=5,1,8,2,4,7,3,-1,0,6,
#moving_targetting_pos=-1,-1|6,16|26,26|6,26|-1,-1|26,16|16,6|15,1|6,6|26,6|
#setting_targetting_pos=17,24|-1,-1|-1,-1|-1,-1|17,18|-1,-1|-1,-1|15,30|-1,-1|-1,-1|
#type=4,4,4,4,4,4,4,0,4,4,
L.........
#11111011111
#assigned_pet=5,-1,-1,-1,5,-1,-1,-1,-1,-1,
#assigned_hub=5,1,8,2,4,7,3,-1,0,6,
#moving_targetting_pos=-1,-1|6,16|26,26|6,26|-1,-1|26,16|16,6|15,1|6,6|26,6|
#setting_targetting_pos=17,24|-1,-1|-1,-1|-1,-1|17,18|-1,-1|-1,-1|15,30|-1,-1|-1,-1|
#type=4,4,4,4,4,4,4,0,4,4,
D.........
#11111111111
#assigned_pet=5,-1,-1,-1,5,-1,-1,-1,-1,-1,
#assigned_hub=5,1,8,2,4,7,3,-1,0,6,
#moving_targetting_pos=-1,-1|6,16|26,26|6,26|-1,-1|26,16|16,6|15,1|6,6|26,6|
#setting_targetting_pos=17,24|-1,-1|-1,-1|-1,-1|17,18|-1,-1|-1,-1|15,30|-1,-1|-1,-1|
#type=5,4,4,4,5,4,4,0,4,4,
d...r.....
#11111111111
#assigned_pet=-1,-1,-1,-1,-1,-1,-1,-1,-1,-1,
#assigned_hub=5,1,8,2,4,7,3,-1,0,6,
#moving_targetting_pos=16,26|6,16|26,26|6,26|16,16|26,16|16,6|15,1|6,6|26,6|
#setting_targetting_pos=-1,-1|-1,-1|-1,-1|-1,-1|-1,-1|-1,-1|-1,-1|15,30|-1,-1|-1,-1|
#type=4,4,4,4,4,4,4,0,4,4,
..........
#11111111111
#assigned_pet=-1,-1,-1,-1,-1,-1,-1,-1,-1,-1,
#assigned_hub=5,1,8,2,4,7,3,-1,0,6,
#moving_targetting_pos=16,26|6,16|26,26|6,26|16,16|26,16|16,6|15,1|6,6|26,6|
#setting_targetting_pos=-1,-1|-1,-1|-1,-1|-1,-1|-1,-1|-1,-1|-1,-1|15,30|-1,-1|-1,-1|
#type=4,4,4,4,4,4,4,0,4,4,
..........
#11111111111
#assigned_pet=-1,-1,-1,-1,-1,-1,-1,-1,-1,-1,
#assigned_hub=5,1,8,2,4,7,3,-1,0,6,
#moving_targetting_pos=16,26|6,16|26,26|6,26|16,16|26,16|16,6|15,1|6,6|26,6|
#setting_targetting_pos=-1,-1|-1,-1|-1,-1|-1,-1|-1,-1|-1,-1|-1,-1|15,30|-1,-1|-1,-1|
#type=4,4,4,4,4,4,4,0,4,4,
..........
#11111111111
#assigned_pet=-1,-1,-1,-1,-1,-1,-1,-1,-1,-1,
#assigned_hub=5,1,8,2,4,7,3,-1,0,6,
#moving_targetting_pos=16,26|6,16|26,26|6,26|16,16|26,16|16,6|15,1|6,6|26,6|
#setting_targetting_pos=-1,-1|-1,-1|-1,-1|-1,-1|-1,-1|-1,-1|-1,-1|15,30|-1,-1|-1,-1|
#type=4,4,4,4,4,4,4,0,4,4,
..........
#11111111111
#assigned_pet=-1,-1,-1,-1,-1,-1,-1,-1,-1,-1,
#assigned_hub=5,1,8,2,4,7,3,-1,0,6,
#moving_targetting_pos=16,26|6,16|26,26|6,26|16,16|26,16|16,6|15,1|6,6|26,6|
#setting_targetting_pos=-1,-1|-1,-1|-1,-1|-1,-1|-1,-1|-1,-1|-1,-1|15,30|-1,-1|-1,-1|
#type=4,4,4,4,4,4,4,0,4,4,
..........
#11111111111
#assigned_pet=-1,-1,-1,-1,-1,-1,-1,-1,-1,-1,
#assigned_hub=5,1,8,2,4,7,3,-1,0,6,
#moving_targetting_pos=16,26|6,16|26,26|6,26|16,16|26,16|16,6|15,1|6,6|26,6|
#setting_targetting_pos=-1,-1|-1,-1|-1,-1|-1,-1|-1,-1|-1,-1|-1,-1|15,30|-1,-1|-1,-1|
#type=4,4,4,4,4,4,4,0,4,4,
..........
#11111111111
#assigned_pet=-1,-1,-1,-1,-1,-1,-1,-1,-1,-1,
#assigned_hub=5,1,8,2,4,7,3,-1,0,6,
#moving_targetting_pos=16,26|6,16|26,26|6,26|16,16|26,16|16,6|15,1|6,6|26,6|
#setting_targetting_pos=-1,-1|-1,-1|-1,-1|-1,-1|-1,-1|-1,-1|-1,-1|15,30|-1,-1|-1,-1|
#type=4,4,4,4,4,4,4,0,4,4,
..........
#11111111111
#assigned_pet=-1,-1,-1,-1,-1,-1,-1,-1,-1,-1,
#assigned_hub=5,1,8,2,4,7,3,-1,0,6,
#moving_targetting_pos=16,26|6,16|26,26|6,26|16,16|26,16|16,6|15,1|6,6|26,6|
#setting_targetting_pos=-1,-1|-1,-1|-1,-1|-1,-1|-1,-1|-1,-1|-1,-1|15,30|-1,-1|-1,-1|
#type=4,4,4,4,4,4,4,0,4,4,
..........
#11111111111
#assigned_pet=-1,-1,-1,-1,-1,-1,-1,-1,-1,-1,
#assigned_hub=5,1,8,2,4,7,3,-1,0,6,
#moving_targetting_pos=16,26|6,16|26,26|6,26|16,16|26,16|16,6|15,1|6,6|26,6|
#setting_targetting_pos=-1,-1|-1,-1|-1,-1|-1,-1|-1,-1|-1,-1|-1,-1|15,30|-1,-1|-1,-1|
#type=4,4,4,4,4,4,4,0,4,4,
..........
#11111111111
#assigned_pet=-1,-1,-1,-1,-1,-1,-1,-1,-1,-1,
#assigned_hub=5,1,8,2,4,7,3,-1,0,6,
#moving_targetting_pos=16,26|6,16|26,26|6,26|16,16|26,16|16,6|15,1|6,6|26,6|
#setting_targetting_pos=-1,-1|-1,-1|-1,-1|-1,-1|-1,-1|-1,-1|-1,-1|15,30|-1,-1|-1,-1|
#type=4,4,4,4,4,4,4,0,4,4,
..........
#11111111111
#assigned_pet=-1,-1,-1,-1,-1,-1,-1,-1,-1,-1,
#assigned_hub=5,1,8,2,4,7,3,-1,0,6,
#moving_targetting_pos=16,26|6,16|26,26|6,26|16,16|26,16|16,6|15,1|6,6|26,6|
#setting_targetting_pos=-1,-1|-1,-1|-1,-1|-1,-1|-1,-1|-1,-1|-1,-1|15,30|-1,-1|-1,-1|
#type=4,4,4,4,4,4,4,0,4,4,
..........
#11111111111
#assigned_pet=-1,-1,-1,-1,-1,-1,-1,-1,-1,-1,
#assigned_hub=5,1,8,2,4,7,3,-1,0,6,
#moving_targetting_pos=16,26|6,16|26,26|6,26|16,16|26,16|16,6|15,1|6,6|26,6|
#setting_targetting_pos=-1,-1|-1,-1|-1,-1|-1,-1|-1,-1|-1,-1|-1,-1|15,30|-1,-1|-1,-1|
#type=4,4,4,4,4,4,4,0,4,4,
..........
#11111111111
#assigned_pet=-1,-1,-1,-1,-1,-1,-1,-1,-1,-1,
#assigned_hub=5,1,8,2,4,7,3,-1,0,6,
#moving_targetting_pos=16,26|6,16|26,26|6,26|16,16|26,16|16,6|15,1|6,6|26,6|
#setting_targetting_pos=-1,-1|-1,-1|-1,-1|-1,-1|-1,-1|-1,-1|-1,-1|15,30|-1,-1|-1,-1|
#type=4,4,4,4,4,4,4,0,4,4,
..........
#11111111111
#assigned_pet=-1,-1,-1,-1,-1,-1,-1,-1,-1,-1,
#assigned_hub=5,1,8,2,4,7,3,-1,0,6,
#moving_targetting_pos=16,26|6,16|26,26|6,26|16,16|26,16|16,6|15,1|6,6|26,6|
#setting_targetting_pos=-1,-1|-1,-1|-1,-1|-1,-1|-1,-1|-1,-1|-1,-1|15,30|-1,-1|-1,-1|
#type=4,4,4,4,4,4,4,0,4,4,
..........
#11111111111
#assigned_pet=-1,-1,-1,-1,-1,-1,-1,-1,-1,-1,
#assigned_hub=5,1,8,2,4,7,3,-1,0,6,
#moving_targetting_pos=16,26|6,16|26,26|6,26|16,16|26,16|16,6|15,1|6,6|26,6|
#setting_targetting_pos=-1,-1|-1,-1|-1,-1|-1,-1|-1,-1|-1,-1|-1,-1|15,30|-1,-1|-1,-1|
#type=4,4,4,4,4,4,4,0,4,4,
..........
#11111111111
#assigned_pet=-1,-1,-1,-1,-1,-1,-1,-1,-1,-1,
#assigned_hub=5,1,8,2,4,7,3,-1,0,6,
#moving_targetting_pos=16,26|6,16|26,26|6,26|16,16|26,16|16,6|15,1|6,6|26,6|
#setting_targetting_pos=-1,-1|-1,-1|-1,-1|-1,-1|-1,-1|-1,-1|-1,-1|15,30|-1,-1|-1,-1|
#type=4,4,4,4,4,4,4,0,4,4,
..........
#11111111111
#assigned_pet=-1,-1,-1,-1,-1,-1,-1,-1,-1,-1,
#assigned_hub=5,1,8,2,4,7,3,-1,0,6,
#moving_targetting_pos=16,26|6,16|26,26|6,26|16,16|26,16|16,6|15,1|6,6|26,6|
#setting_targetting_pos=-1,-1|-1,-1|-1,-1|-1,-1|-1,-1|-1,-1|-1,-1|15,30|-1,-1|-1,-1|
#type=4,4,4,4,4,4,4,0,4,4,
..........
#11111111111
#assigned_pet=-1,-1,-1,-1,-1,-1,-1,-1,-1,-1,
#assigned_hub=5,1,8,2,4,7,3,-1,0,6,
#moving_targetting_pos=16,26|6,16|26,26|6,26|16,16|26,16|16,6|15,1|6,6|26,6|
#setting_targetting_pos=-1,-1|-1,-1|-1,-1|-1,-1|-1,-1|-1,-1|-1,-1|15,30|-1,-1|-1,-1|
#type=4,4,4,4,4,4,4,0,4,4,
..........
#11111111111
#assigned_pet=-1,-1,-1,-1,-1,-1,-1,-1,-1,-1,
#assigned_hub=5,1,8,2,4,7,3,-1,0,6,
#moving_targetting_pos=16,26|6,16|26,26|6,26|16,16|26,16|16,6|15,1|6,6|26,6|
#setting_targetting_pos=-1,-1|-1,-1|-1,-1|-1,-1|-1,-1|-1,-1|-1,-1|15,30|-1,-1|-1,-1|
#type=4,4,4,4,4,4,4,0,4,4,
..........
#11111111111
#assigned_pet=-1,-1,-1,-1,-1,-1,-1,-1,-1,-1,
#assigned_hub=5,1,8,2,4,7,3,-1,0,6,
#moving_targetting_pos=16,26|6,16|26,26|6,26|16,16|26,16|16,6|15,1|6,6|26,6|
#setting_targetting_pos=-1,-1|-1,-1|-1,-1|-1,-1|-1,-1|-1,-1|-1,-1|15,30|-1,-1|-1,-1|
#type=4,4,4,4,4,4,4,0,4,4,
..........
#11111111111
#assigned_pet=-1,-1,-1,-1,-1,-1,-1,-1,-1,-1,
#assigned_hub=5,1,8,2,4,7,3,-1,0,6,
#moving_targetting_pos=16,26|6,16|26,26|6,26|16,16|26,16|16,6|15,1|6,6|26,6|
#setting_targetting_pos=-1,-1|-1,-1|-1,-1|-1,-1|-1,-1|-1,-1|-1,-1|15,30|-1,-1|-1,-1|
#type=4,4,4,4,4,4,4,0,4,4,
..........
#11111111111
#assigned_pet=-1,-1,-1,-1,-1,-1,-1,-1,-1,-1,
#assigned_hub=5,1,8,2,4,7,3,-1,0,6,
#moving_targetting_pos=16,26|6,16|26,26|6,26|16,16|26,16|16,6|15,1|6,6|26,6|
#setting_targetting_pos=-1,-1|-1,-1|-1,-1|-1,-1|-1,-1|-1,-1|-1,-1|15,30|-1,-1|-1,-1|
#type=4,4,4,4,4,4,4,0,4,4,
..........
#11111111111
#assigned_pet=-1,-1,-1,-1,-1,-1,-1,-1,-1,-1,
#assigned_hub=5,1,8,2,4,7,3,-1,0,6,
#moving_targetting_pos=16,26|6,16|26,26|6,26|16,16|26,16|16,6|15,1|6,6|26,6|
#setting_targetting_pos=-1,-1|-1,-1|-1,-1|-1,-1|-1,-1|-1,-1|-1,-1|15,30|-1,-1|-1,-1|
#type=4,4,4,4,4,4,4,0,4,4,
..........
#11111111111
#assigned_pet=-1,-1,-1,-1,-1,-1,-1,-1,-1,-1,
#assigned_hub=5,1,8,2,4,7,3,-1,0,6,
#moving_targetting_pos=16,26|6,16|26,26|6,26|16,16|26,16|16,6|15,1|6,6|26,6|
#setting_targetting_pos=-1,-1|-1,-1|-1,-1|-1,-1|-1,-1|-1,-1|-1,-1|15,30|-1,-1|-1,-1|
#type=4,4,4,4,4,4,4,0,4,4,
..........
#11111111111
#assigned_pet=-1,-1,-1,-1,-1,-1,-1,-1,-1,-1,
#assigned_hub=5,1,8,2,4,7,3,-1,0,6,
#moving_targetting_pos=16,26|6,16|26,26|6,26|16,16|26,16|16,6|15,1|6,6|26,6|
#setting_targetting_pos=-1,-1|-1,-1|-1,-1|-1,-1|-1,-1|-1,-1|-1,-1|15,30|-1,-1|-1,-1|
#type=4,4,4,4,4,4,4,0,4,4,
..........
#11111111111
#assigned_pet=-1,-1,-1,-1,-1,-1,-1,-1,-1,-1,
#assigned_hub=5,1,8,2,4,7,3,-1,0,6,
#moving_targetting_pos=16,26|6,16|26,26|6,26|16,16|26,16|16,6|15,1|6,6|26,6|
#setting_targetting_pos=-1,-1|-1,-1|-1,-1|-1,-1|-1,-1|-1,-1|-1,-1|15,30|-1,-1|-1,-1|
#type=4,4,4,4,4,4,4,0,4,4,
..........
#11111111111
#assigned_pet=-1,-1,-1,-1,-1,-1,-1,-1,-1,-1,
#assigned_hub=5,1,8,2,4,7,3,-1,0,6,
#moving_targetting_pos=16,26|6,16|26,26|6,26|16,16|26,16|16,6|15,1|6,6|26,6|
#setting_targetting_pos=-1,-1|-1,-1|-1,-1|-1,-1|-1,-1|-1,-1|-1,-1|15,30|-1,-1|-1,-1|
#type=4,4,4,4,4,4,4,0,4,4,
..........
#11111111111
#assigned_pet=-1,-1,-1,-1,-1,-1,-1,-1,-1,-1,
#assigned_hub=5,1,8,2,4,7,3,-1,0,6,
#moving_targetting_pos=16,26|6,16|26,26|6,26|16,16|26,16|16,6|15,1|6,6|26,6|
#setting_targetting_pos=-1,-1|-1,-1|-1,-1|-1,-1|-1,-1|-1,-1|-1,-1|15,30|-1,-1|-1,-1|
#type=4,4,4,4,4,4,4,0,4,4,
..........
#11111111111
#assigned_pet=-1,-1,-1,-1,-1,-1,-1,-1,-1,-1,
#assigned_hub=5,1,8,2,4,7,3,-1,0,6,
#moving_targetting_pos=16,26|6,16|26,26|6,26|16,16|26,16|16,6|15,1|6,6|26,6|
#setting_targetting_pos=-1,-1|-1,-1|-1,-1|-1,-1|-1,-1|-1,-1|-1,-1|15,30|-1,-1|-1,-1|
#type=4,4,4,4,4,4,4,0,4,4,
..........
#11111111111
#assigned_pet=-1,-1,-1,-1,-1,-1,-1,-1,-1,-1,
#assigned_hub=5,1,8,2,4,7,3,-1,0,6,
#moving_targetting_pos=16,26|6,16|26,26|6,26|16,16|26,16|16,6|15,1|6,6|26,6|
#setting_targetting_pos=-1,-1|-1,-1|-1,-1|-1,-1|-1,-1|-1,-1|-1,-1|15,30|-1,-1|-1,-1|
#type=4,4,4,4,4,4,4,0,4,4,
..........
#11111111111
#assigned_pet=-1,-1,-1,-1,-1,-1,-1,-1,-1,-1,
#assigned_hub=5,1,8,2,4,7,3,-1,0,6,
#moving_targetting_pos=16,26|6,16|26,26|6,26|16,16|26,16|16,6|15,1|6,6|26,6|
#setting_targetting_pos=-1,-1|-1,-1|-1,-1|-1,-1|-1,-1|-1,-1|-1,-1|15,30|-1,-1|-1,-1|
#type=4,4,4,4,4,4,4,0,4,4,
..........
#11111111111
#assigned_pet=-1,-1,-1,-1,-1,-1,-1,-1,-1,-1,
#assigned_hub=5,1,8,2,4,7,3,-1,0,6,
#moving_targetting_pos=16,26|6,16|26,26|6,26|16,16|26,16|16,6|15,1|6,6|26,6|
#setting_targetting_pos=-1,-1|-1,-1|-1,-1|-1,-1|-1,-1|-1,-1|-1,-1|15,30|-1,-1|-1,-1|
#type=4,4,4,4,4,4,4,0,4,4,
..........
#11111111111
#assigned_pet=-1,-1,-1,-1,-1,-1,-1,-1,-1,-1,
#assigned_hub=5,1,8,2,4,7,3,-1,0,6,
#moving_targetting_pos=16,26|6,16|26,26|6,26|16,16|26,16|16,6|15,1|6,6|26,6|
#setting_targetting_pos=-1,-1|-1,-1|-1,-1|-1,-1|-1,-1|-1,-1|-1,-1|15,30|-1,-1|-1,-1|
#type=4,4,4,4,4,4,4,0,4,4,
..........
#11111111111
#assigned_pet=-1,-1,-1,-1,-1,-1,-1,-1,-1,-1,
#assigned_hub=5,1,8,2,4,7,3,-1,0,6,
#moving_targetting_pos=16,26|6,16|26,26|6,26|16,16|26,16|16,6|15,1|6,6|26,6|
#setting_targetting_pos=-1,-1|-1,-1|-1,-1|-1,-1|-1,-1|-1,-1|-1,-1|15,30|-1,-1|-1,-1|
#type=4,4,4,4,4,4,4,0,4,4,
..........
#11111111111
#assigned_pet=-1,-1,-1,-1,-1,-1,-1,-1,-1,-1,
#assigned_hub=5,1,8,2,4,7,3,-1,0,6,
#moving_targetting_pos=16,26|6,16|26,26|6,26|16,16|26,16|16,6|15,1|6,6|26,6|
#setting_targetting_pos=-1,-1|-1,-1|-1,-1|-1,-1|-1,-1|-1,-1|-1,-1|15,30|-1,-1|-1,-1|
#type=4,4,4,4,4,4,4,0,4,4,
..........
#11111111111
#assigned_pet=-1,-1,-1,-1,-1,-1,-1,-1,-1,-1,
#assigned_hub=5,1,8,2,4,7,3,-1,0,6,
#moving_targetting_pos=16,26|6,16|26,26|6,26|16,16|26,16|16,6|15,1|6,6|26,6|
#setting_targetting_pos=-1,-1|-1,-1|-1,-1|-1,-1|-1,-1|-1,-1|-1,-1|15,30|-1,-1|-1,-1|
#type=4,4,4,4,4,4,4,0,4,4,
..........
#11111111111
#assigned_pet=-1,-1,-1,-1,-1,-1,-1,-1,-1,-1,
#assigned_hub=5,1,8,2,4,7,3,-1,0,6,
#moving_targetting_pos=16,26|6,16|26,26|6,26|16,16|26,16|16,6|15,1|6,6|26,6|
#setting_targetting_pos=-1,-1|-1,-1|-1,-1|-1,-1|-1,-1|-1,-1|-1,-1|15,30|-1,-1|-1,-1|
#type=4,4,4,4,4,4,4,0,4,4,
..........
#11111111111
#assigned_pet=-1,-1,-1,-1,-1,-1,-1,-1,-1,-1,
#assigned_hub=5,1,8,2,4,7,3,-1,0,6,
#moving_targetting_pos=16,26|6,16|26,26|6,26|16,16|26,16|16,6|15,1|6,6|26,6|
#setting_targetting_pos=-1,-1|-1,-1|-1,-1|-1,-1|-1,-1|-1,-1|-1,-1|15,30|-1,-1|-1,-1|
#type=4,4,4,4,4,4,4,0,4,4,
..........
#11111111111
#assigned_pet=-1,-1,-1,-1,-1,-1,-1,-1,-1,-1,
#assigned_hub=5,1,8,2,4,7,3,-1,0,6,
#moving_targetting_pos=16,26|6,16|26,26|6,26|16,16|26,16|16,6|15,1|6,6|26,6|
#setting_targetting_pos=-1,-1|-1,-1|-1,-1|-1,-1|-1,-1|-1,-1|-1,-1|15,30|-1,-1|-1,-1|
#type=4,4,4,4,4,4,4,0,4,4,
..........
#11111111111
#assigned_pet=-1,-1,-1,-1,-1,-1,-1,-1,-1,-1,
#assigned_hub=5,1,8,2,4,7,3,-1,0,6,
#moving_targetting_pos=16,26|6,16|26,26|6,26|16,16|26,16|16,6|15,1|6,6|26,6|
#setting_targetting_pos=-1,-1|-1,-1|-1,-1|-1,-1|-1,-1|-1,-1|-1,-1|15,30|-1,-1|-1,-1|
#type=4,4,4,4,4,4,4,0,4,4,
..........
#11111111111
#assigned_pet=-1,-1,-1,-1,-1,-1,-1,-1,-1,-1,
#assigned_hub=5,1,8,2,4,7,3,-1,0,6,
#moving_targetting_pos=16,26|6,16|26,26|6,26|16,16|26,16|16,6|15,1|6,6|26,6|
#setting_targetting_pos=-1,-1|-1,-1|-1,-1|-1,-1|-1,-1|-1,-1|-1,-1|15,30|-1,-1|-1,-1|
#type=4,4,4,4,4,4,4,0,4,4,
..........
#11111111111
#assigned_pet=-1,-1,-1,-1,-1,-1,-1,-1,-1,-1,
#assigned_hub=5,1,8,2,4,7,3,-1,0,6,
#moving_targetting_pos=16,26|6,16|26,26|6,26|16,16|26,16|16,6|15,1|6,6|26,6|
#setting_targetting_pos=-1,-1|-1,-1|-1,-1|-1,-1|-1,-1|-1,-1|-1,-1|15,30|-1,-1|-1,-1|
#type=4,4,4,4,4,4,4,0,4,4,
..........
#11111111111
#assigned_pet=-1,-1,-1,-1,-1,-1,-1,-1,-1,-1,
#assigned_hub=5,1,8,2,4,7,3,-1,0,6,
#moving_targetting_pos=16,26|6,16|26,26|6,26|16,16|26,16|16,6|15,1|6,6|26,6|
#setting_targetting_pos=-1,-1|-1,-1|-1,-1|-1,-1|-1,-1|-1,-1|-1,-1|15,30|-1,-1|-1,-1|
#type=4,4,4,4,4,4,4,0,4,4,
..........
#11111111111
#assigned_pet=-1,-1,-1,-1,-1,-1,-1,-1,-1,-1,
#assigned_hub=5,1,8,2,4,7,3,-1,0,6,
#moving_targetting_pos=16,26|6,16|26,26|6,26|16,16|26,16|16,6|15,1|6,6|26,6|
#setting_targetting_pos=-1,-1|-1,-1|-1,-1|-1,-1|-1,-1|-1,-1|-1,-1|15,30|-1,-1|-1,-1|
#type=4,4,4,4,4,4,4,0,4,4,
..........
#11111111111
#assigned_pet=-1,-1,-1,-1,-1,-1,-1,-1,-1,-1,
#assigned_hub=5,1,8,2,4,7,3,-1,0,6,
#moving_targetting_pos=16,26|6,16|26,26|6,26|16,16|26,16|16,6|15,1|6,6|26,6|
#setting_targetting_pos=-1,-1|-1,-1|-1,-1|-1,-1|-1,-1|-1,-1|-1,-1|15,30|-1,-1|-1,-1|
#type=4,4,4,4,4,4,4,0,4,4,
..........
#11111111111
#assigned_pet=-1,-1,-1,-1,-1,-1,-1,-1,-1,-1,
#assigned_hub=5,1,8,2,4,7,3,-1,0,6,
#moving_targetting_pos=16,26|6,16|26,26|6,26|16,16|26,16|16,6|15,1|6,6|26,6|
#setting_targetting_pos=-1,-1|-1,-1|-1,-1|-1,-1|-1,-1|-1,-1|-1,-1|15,30|-1,-1|-1,-1|
#type=4,4,4,4,4,4,4,0,4,4,
..........
#11111111111
#assigned_pet=-1,-1,-1,-1,-1,-1,-1,-1,-1,-1,
#assigned_hub=5,1,8,2,4,7,3,-1,0,6,
#moving_targetting_pos=16,26|6,16|26,26|6,26|16,16|26,16|16,6|15,1|6,6|26,6|
#setting_targetting_pos=-1,-1|-1,-1|-1,-1|-1,-1|-1,-1|-1,-1|-1,-1|15,30|-1,-1|-1,-1|
#type=4,4,4,4,4,4,4,0,4,4,
..........
#11111111111
#assigned_pet=-1,-1,-1,-1,-1,-1,-1,-1,-1,-1,
#assigned_hub=5,1,8,2,4,7,3,-1,0,6,
#moving_targetting_pos=16,26|6,16|26,26|6,26|16,16|26,16|16,6|15,1|6,6|26,6|
#setting_targetting_pos=-1,-1|-1,-1|-1,-1|-1,-1|-1,-1|-1,-1|-1,-1|15,30|-1,-1|-1,-1|
#type=4,4,4,4,4,4,4,0,4,4,
..........
#11111111111
#assigned_pet=-1,-1,-1,-1,-1,-1,-1,-1,-1,-1,
#assigned_hub=5,1,8,2,4,7,3,-1,0,6,
#moving_targetting_pos=16,26|6,16|26,26|6,26|16,16|26,16|16,6|15,1|6,6|26,6|
#setting_targetting_pos=-1,-1|-1,-1|-1,-1|-1,-1|-1,-1|-1,-1|-1,-1|15,30|-1,-1|-1,-1|
#type=4,4,4,4,4,4,4,0,4,4,
..........
#11111111111
#assigned_pet=-1,-1,-1,-1,-1,-1,-1,-1,-1,-1,
#assigned_hub=5,1,8,2,4,7,3,-1,0,6,
#moving_targetting_pos=16,26|6,16|26,26|6,26|16,16|26,16|16,6|15,1|6,6|26,6|
#setting_targetting_pos=-1,-1|-1,-1|-1,-1|-1,-1|-1,-1|-1,-1|-1,-1|15,30|-1,-1|-1,-1|
#type=4,4,4,4,4,4,4,0,4,4,
..........
#11111111111
#assigned_pet=-1,-1,-1,-1,-1,-1,-1,-1,-1,-1,
#assigned_hub=5,1,8,2,4,7,3,-1,0,6,
#moving_targetting_pos=16,26|6,16|26,26|6,26|16,16|26,16|16,6|15,1|6,6|26,6|
#setting_targetting_pos=-1,-1|-1,-1|-1,-1|-1,-1|-1,-1|-1,-1|-1,-1|15,30|-1,-1|-1,-1|
#type=4,4,4,4,4,4,4,0,4,4,
..........
#11111111111
#assigned_pet=-1,-1,-1,-1,-1,-1,-1,-1,-1,-1,
#assigned_hub=5,1,8,2,4,7,3,-1,0,6,
#moving_targetting_pos=16,26|6,16|26,26|6,26|16,16|26,16|16,6|15,1|6,6|26,6|
#setting_targetting_pos=-1,-1|-1,-1|-1,-1|-1,-1|-1,-1|-1,-1|-1,-1|15,30|-1,-1|-1,-1|
#type=4,4,4,4,4,4,4,0,4,4,
..........
#11111111111
#assigned_pet=-1,-1,-1,-1,-1,-1,-1,-1,-1,-1,
#assigned_hub=5,1,8,2,4,7,3,-1,0,6,
#moving_targetting_pos=16,26|6,16|26,26|6,26|16,16|26,16|16,6|15,1|6,6|26,6|
#setting_targetting_pos=-1,-1|-1,-1|-1,-1|-1,-1|-1,-1|-1,-1|-1,-1|15,30|-1,-1|-1,-1|
#type=4,4,4,4,4,4,4,0,4,4,
..........
#11111111111
#assigned_pet=-1,-1,-1,-1,-1,-1,-1,-1,-1,-1,
#assigned_hub=5,1,8,2,4,7,3,-1,0,6,
#moving_targetting_pos=16,26|6,16|26,26|6,26|16,16|26,16|16,6|15,1|6,6|26,6|
#setting_targetting_pos=-1,-1|-1,-1|-1,-1|-1,-1|-1,-1|-1,-1|-1,-1|15,30|-1,-1|-1,-1|
#type=4,4,4,4,4,4,4,0,4,4,
..........
#11111111111
#assigned_pet=-1,-1,-1,-1,-1,-1,-1,-1,-1,-1,
#assigned_hub=5,1,8,2,4,7,3,-1,0,6,
#moving_targetting_pos=16,26|6,16|26,26|6,26|16,16|26,16|16,6|15,1|6,6|26,6|
#setting_targetting_pos=-1,-1|-1,-1|-1,-1|-1,-1|-1,-1|-1,-1|-1,-1|15,30|-1,-1|-1,-1|
#type=4,4,4,4,4,4,4,0,4,4,
..........
#11111111111
#assigned_pet=-1,-1,-1,-1,-1,-1,-1,-1,-1,-1,
#assigned_hub=5,1,8,2,4,7,3,-1,0,6,
#moving_targetting_pos=16,26|6,16|26,26|6,26|16,16|26,16|16,6|15,1|6,6|26,6|
#setting_targetting_pos=-1,-1|-1,-1|-1,-1|-1,-1|-1,-1|-1,-1|-1,-1|15,30|-1,-1|-1,-1|
#type=4,4,4,4,4,4,4,0,4,4,
..........
#11111111111
#assigned_pet=-1,-1,-1,-1,-1,-1,-1,-1,-1,-1,
#assigned_hub=5,1,8,2,4,7,3,-1,0,6,
#moving_targetting_pos=16,26|6,16|26,26|6,26|16,16|26,16|16,6|15,1|6,6|26,6|
#setting_targetting_pos=-1,-1|-1,-1|-1,-1|-1,-1|-1,-1|-1,-1|-1,-1|15,30|-1,-1|-1,-1|
#type=4,4,4,4,4,4,4,0,4,4,
..........
#11111111111
#assigned_pet=-1,-1,-1,-1,-1,-1,-1,-1,-1,-1,
#assigned_hub=5,1,8,2,4,7,3,-1,0,6,
#moving_targetting_pos=16,26|6,16|26,26|6,26|16,16|26,16|16,6|15,1|6,6|26,6|
#setting_targetting_pos=-1,-1|-1,-1|-1,-1|-1,-1|-1,-1|-1,-1|-1,-1|15,30|-1,-1|-1,-1|
#type=4,4,4,4,4,4,4,0,4,4,
..........
#11111111111
#assigned_pet=-1,-1,-1,-1,-1,-1,-1,-1,-1,-1,
#assigned_hub=5,1,8,2,4,7,3,-1,0,6,
#moving_targetting_pos=16,26|6,16|26,26|6,26|16,16|26,16|16,6|15,1|6,6|26,6|
#setting_targetting_pos=-1,-1|-1,-1|-1,-1|-1,-1|-1,-1|-1,-1|-1,-1|15,30|-1,-1|-1,-1|
#type=4,4,4,4,4,4,4,0,4,4,
..........
#11111111111
#assigned_pet=-1,-1,-1,-1,-1,-1,-1,-1,-1,-1,
#assigned_hub=5,1,8,2,4,7,3,-1,0,6,
#moving_targetting_pos=16,26|6,16|26,26|6,26|16,16|26,16|16,6|15,1|6,6|26,6|
#setting_targetting_pos=-1,-1|-1,-1|-1,-1|-1,-1|-1,-1|-1,-1|-1,-1|15,30|-1,-1|-1,-1|
#type=4,4,4,4,4,4,4,0,4,4,
..........
#11111111111
#assigned_pet=-1,-1,-1,-1,-1,-1,-1,-1,-1,-1,
#assigned_hub=5,1,8,2,4,7,3,-1,0,6,
#moving_targetting_pos=16,26|6,16|26,26|6,26|16,16|26,16|16,6|15,1|6,6|26,6|
#setting_targetting_pos=-1,-1|-1,-1|-1,-1|-1,-1|-1,-1|-1,-1|-1,-1|15,30|-1,-1|-1,-1|
#type=4,4,4,4,4,4,4,0,4,4,
..........
#11111111111
#assigned_pet=-1,-1,-1,-1,-1,-1,-1,-1,-1,-1,
#assigned_hub=5,1,8,2,4,7,3,-1,0,6,
#moving_targetting_pos=16,26|6,16|26,26|6,26|16,16|26,16|16,6|15,1|6,6|26,6|
#setting_targetting_pos=-1,-1|-1,-1|-1,-1|-1,-1|-1,-1|-1,-1|-1,-1|15,30|-1,-1|-1,-1|
#type=4,4,4,4,4,4,4,0,4,4,
..........
#11111111111
#assigned_pet=-1,-1,-1,-1,-1,-1,-1,-1,-1,-1,
#assigned_hub=5,1,8,2,4,7,3,-1,0,6,
#moving_targetting_pos=16,26|6,16|26,26|6,26|16,16|26,16|16,6|15,1|6,6|26,6|
#setting_targetting_pos=-1,-1|-1,-1|-1,-1|-1,-1|-1,-1|-1,-1|-1,-1|15,30|-1,-1|-1,-1|
#type=4,4,4,4,4,4,4,0,4,4,
..........
#11111111111
#assigned_pet=-1,-1,-1,-1,-1,-1,-1,-1,-1,-1,
#assigned_hub=5,1,8,2,4,7,3,-1,0,6,
#moving_targetting_pos=16,26|6,16|26,26|6,26|16,16|26,16|16,6|15,1|6,6|26,6|
#setting_targetting_pos=-1,-1|-1,-1|-1,-1|-1,-1|-1,-1|-1,-1|-1,-1|15,30|-1,-1|-1,-1|
#type=4,4,4,4,4,4,4,0,4,4,
..........
#11111111111
#assigned_pet=-1,-1,-1,-1,-1,-1,-1,-1,-1,-1,
#assigned_hub=5,1,8,2,4,7,3,-1,0,6,
#moving_targetting_pos=16,26|6,16|26,26|6,26|16,16|26,16|16,6|15,1|6,6|26,6|
#setting_targetting_pos=-1,-1|-1,-1|-1,-1|-1,-1|-1,-1|-1,-1|-1,-1|15,30|-1,-1|-1,-1|
#type=4,4,4,4,4,4,4,0,4,4,
..........
#11111111111
#assigned_pet=-1,-1,-1,-1,-1,-1,-1,-1,-1,-1,
#assigned_hub=5,1,8,2,4,7,3,-1,0,6,
#moving_targetting_pos=16,26|6,16|26,26|6,26|16,16|26,16|16,6|15,1|6,6|26,6|
#setting_targetting_pos=-1,-1|-1,-1|-1,-1|-1,-1|-1,-1|-1,-1|-1,-1|15,30|-1,-1|-1,-1|
#type=4,4,4,4,4,4,4,0,4,4,
..........
#11111111111
#assigned_pet=-1,-1,-1,-1,-1,-1,-1,-1,-1,-1,
#assigned_hub=5,1,8,2,4,7,3,-1,0,6,
#moving_targetting_pos=16,26|6,16|26,26|6,26|16,16|26,16|16,6|15,1|6,6|26,6|
#setting_targetting_pos=-1,-1|-1,-1|-1,-1|-1,-1|-1,-1|-1,-1|-1,-1|15,30|-1,-1|-1,-1|
#type=4,4,4,4,4,4,4,0,4,4,
..........
#11111111111
#assigned_pet=-1,-1,-1,-1,-1,-1,-1,-1,-1,-1,
#assigned_hub=5,1,8,2,4,7,3,-1,0,6,
#moving_targetting_pos=16,26|6,16|26,26|6,26|16,16|26,16|16,6|15,1|6,6|26,6|
#setting_targetting_pos=-1,-1|-1,-1|-1,-1|-1,-1|-1,-1|-1,-1|-1,-1|15,30|-1,-1|-1,-1|
#type=4,4,4,4,4,4,4,0,4,4,
..........
#11111111111
#assigned_pet=-1,-1,-1,-1,-1,-1,-1,-1,-1,-1,
#assigned_hub=5,1,8,2,4,7,3,-1,0,6,
#moving_targetting_pos=16,26|6,16|26,26|6,26|16,16|26,16|16,6|15,1|6,6|26,6|
#setting_targetting_pos=-1,-1|-1,-1|-1,-1|-1,-1|-1,-1|-1,-1|-1,-1|15,30|-1,-1|-1,-1|
#type=4,4,4,4,4,4,4,0,4,4,
..........
#11111111111
#assigned_pet=-1,-1,-1,-1,-1,-1,-1,-1,-1,-1,
#assigned_hub=5,1,8,2,4,7,3,-1,0,6,
#moving_targetting_pos=16,26|6,16|26,26|6,26|16,16|26,16|16,6|15,1|6,6|26,6|
#setting_targetting_pos=-1,-1|-1,-1|-1,-1|-1,-1|-1,-1|-1,-1|-1,-1|15,30|-1,-1|-1,-1|
#type=4,4,4,4,4,4,4,0,4,4,
..........
#11111111111
#assigned_pet=-1,-1,-1,-1,-1,-1,-1,-1,-1,-1,
#assigned_hub=5,1,8,2,4,7,3,-1,0,6,
#moving_targetting_pos=16,26|6,16|26,26|6,26|16,16|26,16|16,6|15,1|6,6|26,6|
#setting_targetting_pos=-1,-1|-1,-1|-1,-1|-1,-1|-1,-1|-1,-1|-1,-1|15,30|-1,-1|-1,-1|
#type=4,4,4,4,4,4,4,0,4,4,
..........
#11111111111
#assigned_pet=-1,-1,-1,-1,-1,-1,-1,-1,-1,-1,
#assigned_hub=5,1,8,2,4,7,3,-1,0,6,
#moving_targetting_pos=16,26|6,16|26,26|6,26|16,16|26,16|16,6|15,1|6,6|26,6|
#setting_targetting_pos=-1,-1|-1,-1|-1,-1|-1,-1|-1,-1|-1,-1|-1,-1|15,30|-1,-1|-1,-1|
#type=4,4,4,4,4,4,4,0,4,4,
..........
#11111111111
#assigned_pet=-1,-1,-1,-1,-1,-1,-1,-1,-1,-1,
#assigned_hub=5,1,8,2,4,7,3,-1,0,6,
#moving_targetting_pos=16,26|6,16|26,26|6,26|16,16|26,16|16,6|15,1|6,6|26,6|
#setting_targetting_pos=-1,-1|-1,-1|-1,-1|-1,-1|-1,-1|-1,-1|-1,-1|15,30|-1,-1|-1,-1|
#type=4,4,4,4,4,4,4,0,4,4,
..........
#11111111111
#assigned_pet=-1,-1,-1,-1,-1,-1,-1,-1,-1,-1,
#assigned_hub=5,1,8,2,4,7,3,-1,0,6,
#moving_targetting_pos=16,26|6,16|26,26|6,26|16,16|26,16|16,6|15,1|6,6|26,6|
#setting_targetting_pos=-1,-1|-1,-1|-1,-1|-1,-1|-1,-1|-1,-1|-1,-1|15,30|-1,-1|-1,-1|
#type=4,4,4,4,4,4,4,0,4,4,
..........
#11111111111
#assigned_pet=-1,-1,-1,-1,-1,-1,-1,-1,-1,-1,
#assigned_hub=5,1,8,2,4,7,3,-1,0,6,
#moving_targetting_pos=16,26|6,16|26,26|6,26|16,16|26,16|16,6|15,1|6,6|26,6|
#setting_targetting_pos=-1,-1|-1,-1|-1,-1|-1,-1|-1,-1|-1,-1|-1,-1|15,30|-1,-1|-1,-1|
#type=4,4,4,4,4,4,4,0,4,4,
..........
#11111111111
#assigned_pet=-1,-1,-1,-1,-1,-1,-1,-1,-1,-1,
#assigned_hub=5,1,8,2,4,7,3,-1,0,6,
#moving_targetting_pos=16,26|6,16|26,26|6,26|16,16|26,16|16,6|15,1|6,6|26,6|
#setting_targetting_pos=-1,-1|-1,-1|-1,-1|-1,-1|-1,-1|-1,-1|-1,-1|15,30|-1,-1|-1,-1|
#type=4,4,4,4,4,4,4,0,4,4,
..........
#11111111111
#assigned_pet=-1,-1,-1,-1,-1,-1,-1,-1,-1,-1,
#assigned_hub=5,1,8,2,4,7,3,-1,0,6,
#moving_targetting_pos=16,26|6,16|26,26|6,26|16,16|26,16|16,6|15,1|6,6|26,6|
#setting_targetting_pos=-1,-1|-1,-1|-1,-1|-1,-1|-1,-1|-1,-1|-1,-1|15,30|-1,-1|-1,-1|
#type=4,4,4,4,4,4,4,0,4,4,
..........
#11111111111
#assigned_pet=-1,-1,-1,-1,-1,-1,-1,-1,-1,-1,
#assigned_hub=5,1,8,2,4,7,3,-1,0,6,
#moving_targetting_pos=16,26|6,16|26,26|6,26|16,16|26,16|16,6|15,1|6,6|26,6|
#setting_targetting_pos=-1,-1|-1,-1|-1,-1|-1,-1|-1,-1|-1,-1|-1,-1|15,30|-1,-1|-1,-1|
#type=4,4,4,4,4,4,4,0,4,4,
..........
#11111111111
#assigned_pet=-1,-1,-1,-1,-1,-1,-1,-1,-1,-1,
#assigned_hub=5,1,8,2,4,7,3,-1,0,6,
#moving_targetting_pos=16,26|6,16|26,26|6,26|16,16|26,16|16,6|15,1|6,6|26,6|
#setting_targetting_pos=-1,-1|-1,-1|-1,-1|-1,-1|-1,-1|-1,-1|-1,-1|15,30|-1,-1|-1,-1|
#type=4,4,4,4,4,4,4,0,4,4,
..........
#11111111111
#assigned_pet=-1,-1,-1,-1,-1,-1,-1,-1,-1,-1,
#assigned_hub=5,1,8,2,4,7,3,-1,0,6,
#moving_targetting_pos=16,26|6,16|26,26|6,26|16,16|26,16|16,6|15,1|6,6|26,6|
#setting_targetting_pos=-1,-1|-1,-1|-1,-1|-1,-1|-1,-1|-1,-1|-1,-1|15,30|-1,-1|-1,-1|
#type=4,4,4,4,4,4,4,0,4,4,
..........
#11111111111
#assigned_pet=-1,-1,-1,-1,-1,-1,-1,-1,-1,-1,
#assigned_hub=5,1,8,2,4,7,3,-1,0,6,
#moving_targetting_pos=16,26|6,16|26,26|6,26|16,16|26,16|16,6|15,1|6,6|26,6|
#setting_targetting_pos=-1,-1|-1,-1|-1,-1|-1,-1|-1,-1|-1,-1|-1,-1|15,30|-1,-1|-1,-1|
#type=4,4,4,4,4,4,4,0,4,4,
..........
#11111111111
#assigned_pet=-1,-1,-1,-1,-1,-1,-1,-1,-1,-1,
#assigned_hub=5,1,8,2,4,7,3,-1,0,6,
#moving_targetting_pos=16,26|6,16|26,26|6,26|16,16|26,16|16,6|15,1|6,6|26,6|
#setting_targetting_pos=-1,-1|-1,-1|-1,-1|-1,-1|-1,-1|-1,-1|-1,-1|15,30|-1,-1|-1,-1|
#type=4,4,4,4,4,4,4,0,4,4,
..........
#11111111111
#assigned_pet=-1,-1,-1,-1,-1,-1,-1,-1,-1,-1,
#assigned_hub=5,1,8,2,4,7,3,-1,0,6,
#moving_targetting_pos=16,26|6,16|26,26|6,26|16,16|26,16|16,6|15,1|6,6|26,6|
#setting_targetting_pos=-1,-1|-1,-1|-1,-1|-1,-1|-1,-1|-1,-1|-1,-1|15,30|-1,-1|-1,-1|
#type=4,4,4,4,4,4,4,0,4,4,
..........
#11111111111
#assigned_pet=-1,-1,-1,-1,-1,-1,-1,-1,-1,-1,
#assigned_hub=5,1,8,2,4,7,3,-1,0,6,
#moving_targetting_pos=16,26|6,16|26,26|6,26|16,16|26,16|16,6|15,1|6,6|26,6|
#setting_targetting_pos=-1,-1|-1,-1|-1,-1|-1,-1|-1,-1|-1,-1|-1,-1|15,30|-1,-1|-1,-1|
#type=4,4,4,4,4,4,4,0,4,4,
..........
#11111111111
#assigned_pet=-1,-1,-1,-1,-1,-1,-1,-1,-1,-1,
#assigned_hub=5,1,8,2,4,7,3,-1,0,6,
#moving_targetting_pos=16,26|6,16|26,26|6,26|16,16|26,16|16,6|15,1|6,6|26,6|
#setting_targetting_pos=-1,-1|-1,-1|-1,-1|-1,-1|-1,-1|-1,-1|-1,-1|15,30|-1,-1|-1,-1|
#type=4,4,4,4,4,4,4,0,4,4,
..........
#11111111111
#assigned_pet=-1,-1,-1,-1,-1,-1,-1,-1,-1,-1,
#assigned_hub=5,1,8,2,4,7,3,-1,0,6,
#moving_targetting_pos=16,26|6,16|26,26|6,26|16,16|26,16|16,6|15,1|6,6|26,6|
#setting_targetting_pos=-1,-1|-1,-1|-1,-1|-1,-1|-1,-1|-1,-1|-1,-1|15,30|-1,-1|-1,-1|
#type=4,4,4,4,4,4,4,0,4,4,
..........
#11111111111
#assigned_pet=-1,-1,-1,-1,-1,-1,-1,-1,-1,-1,
#assigned_hub=5,1,8,2,4,7,3,-1,0,6,
#moving_targetting_pos=16,26|6,16|26,26|6,26|16,16|26,16|16,6|15,1|6,6|26,6|
#setting_targetting_pos=-1,-1|-1,-1|-1,-1|-1,-1|-1,-1|-1,-1|-1,-1|15,30|-1,-1|-1,-1|
#type=4,4,4,4,4,4,4,0,4,4,
..........
#11111111111
#assigned_pet=-1,-1,-1,-1,-1,-1,-1,-1,-1,-1,
#assigned_hub=5,1,8,2,4,7,3,-1,0,6,
#moving_targetting_pos=16,26|6,16|26,26|6,26|16,16|26,16|16,6|15,1|6,6|26,6|
#setting_targetting_pos=-1,-1|-1,-1|-1,-1|-1,-1|-1,-1|-1,-1|-1,-1|15,30|-1,-1|-1,-1|
#type=4,4,4,4,4,4,4,0,4,4,
..........
#11111111111
#assigned_pet=-1,-1,-1,-1,-1,-1,-1,-1,-1,-1,
#assigned_hub=5,1,8,2,4,7,3,-1,0,6,
#moving_targetting_pos=16,26|6,16|26,26|6,26|16,16|26,16|16,6|15,1|6,6|26,6|
#setting_targetting_pos=-1,-1|-1,-1|-1,-1|-1,-1|-1,-1|-1,-1|-1,-1|15,30|-1,-1|-1,-1|
#type=4,4,4,4,4,4,4,0,4,4,
..........
#11111111111
#assigned_pet=-1,-1,-1,-1,-1,-1,-1,-1,-1,-1,
#assigned_hub=5,1,8,2,4,7,3,-1,0,6,
#moving_targetting_pos=16,26|6,16|26,26|6,26|16,16|26,16|16,6|15,1|6,6|26,6|
#setting_targetting_pos=-1,-1|-1,-1|-1,-1|-1,-1|-1,-1|-1,-1|-1,-1|15,30|-1,-1|-1,-1|
#type=4,4,4,4,4,4,4,0,4,4,
..........
#11111111111
#assigned_pet=-1,-1,-1,-1,-1,-1,-1,-1,-1,-1,
#assigned_hub=5,1,8,2,4,7,3,-1,0,6,
#moving_targetting_pos=16,26|6,16|26,26|6,26|16,16|26,16|16,6|15,1|6,6|26,6|
#setting_targetting_pos=-1,-1|-1,-1|-1,-1|-1,-1|-1,-1|-1,-1|-1,-1|15,30|-1,-1|-1,-1|
#type=4,4,4,4,4,4,4,0,4,4,
..........
#11111111111
#assigned_pet=-1,-1,-1,-1,-1,-1,-1,-1,-1,-1,
#assigned_hub=5,1,8,2,4,7,3,-1,0,6,
#moving_targetting_pos=16,26|6,16|26,26|6,26|16,16|26,16|16,6|15,1|6,6|26,6|
#setting_targetting_pos=-1,-1|-1,-1|-1,-1|-1,-1|-1,-1|-1,-1|-1,-1|15,30|-1,-1|-1,-1|
#type=4,4,4,4,4,4,4,0,4,4,
..........
#11111111111
#assigned_pet=-1,-1,-1,-1,-1,-1,-1,-1,-1,-1,
#assigned_hub=5,1,8,2,4,7,3,-1,0,6,
#moving_targetting_pos=16,26|6,16|26,26|6,26|16,16|26,16|16,6|15,1|6,6|26,6|
#setting_targetting_pos=-1,-1|-1,-1|-1,-1|-1,-1|-1,-1|-1,-1|-1,-1|15,30|-1,-1|-1,-1|
#type=4,4,4,4,4,4,4,0,4,4,
..........
#11111111111
#assigned_pet=-1,-1,-1,-1,-1,-1,-1,-1,-1,-1,
#assigned_hub=5,1,8,2,4,7,3,-1,0,6,
#moving_targetting_pos=16,26|6,16|26,26|6,26|16,16|26,16|16,6|15,1|6,6|26,6|
#setting_targetting_pos=-1,-1|-1,-1|-1,-1|-1,-1|-1,-1|-1,-1|-1,-1|15,30|-1,-1|-1,-1|
#type=4,4,4,4,4,4,4,0,4,4,
..........
#11111111111
#assigned_pet=-1,-1,-1,-1,-1,-1,-1,-1,-1,-1,
#assigned_hub=5,1,8,2,4,7,3,-1,0,6,
#moving_targetting_pos=16,26|6,16|26,26|6,26|16,16|26,16|16,6|15,1|6,6|26,6|
#setting_targetting_pos=-1,-1|-1,-1|-1,-1|-1,-1|-1,-1|-1,-1|-1,-1|15,30|-1,-1|-1,-1|
#type=4,4,4,4,4,4,4,0,4,4,
..........
#11111111111
#assigned_pet=-1,-1,-1,-1,-1,-1,-1,-1,-1,-1,
#assigned_hub=5,1,8,2,4,7,3,-1,0,6,
#moving_targetting_pos=16,26|6,16|26,26|6,26|16,16|26,16|16,6|15,1|6,6|26,6|
#setting_targetting_pos=-1,-1|-1,-1|-1,-1|-1,-1|-1,-1|-1,-1|-1,-1|15,30|-1,-1|-1,-1|
#type=4,4,4,4,4,4,4,0,4,4,
..........
#11111111111
#assigned_pet=-1,-1,-1,-1,-1,-1,-1,-1,-1,-1,
#assigned_hub=5,1,8,2,4,7,3,-1,0,6,
#moving_targetting_pos=16,26|6,16|26,26|6,26|16,16|26,16|16,6|15,1|6,6|26,6|
#setting_targetting_pos=-1,-1|-1,-1|-1,-1|-1,-1|-1,-1|-1,-1|-1,-1|15,30|-1,-1|-1,-1|
#type=4,4,4,4,4,4,4,0,4,4,
..........
#11111111111
#assigned_pet=-1,-1,-1,-1,-1,-1,-1,-1,-1,-1,
#assigned_hub=5,1,8,2,4,7,3,-1,0,6,
#moving_targetting_pos=16,26|6,16|26,26|6,26|16,16|26,16|16,6|15,1|6,6|26,6|
#setting_targetting_pos=-1,-1|-1,-1|-1,-1|-1,-1|-1,-1|-1,-1|-1,-1|15,30|-1,-1|-1,-1|
#type=4,4,4,4,4,4,4,0,4,4,
..........
#11111111111
#assigned_pet=-1,-1,-1,-1,-1,-1,-1,-1,-1,-1,
#assigned_hub=5,1,8,2,4,7,3,-1,0,6,
#moving_targetting_pos=16,26|6,16|26,26|6,26|16,16|26,16|16,6|15,1|6,6|26,6|
#setting_targetting_pos=-1,-1|-1,-1|-1,-1|-1,-1|-1,-1|-1,-1|-1,-1|15,30|-1,-1|-1,-1|
#type=4,4,4,4,4,4,4,0,4,4,
..........
#11111111111
#assigned_pet=-1,-1,-1,-1,-1,-1,-1,-1,-1,-1,
#assigned_hub=5,1,8,2,4,7,3,-1,0,6,
#moving_targetting_pos=16,26|6,16|26,26|6,26|16,16|26,16|16,6|15,1|6,6|26,6|
#setting_targetting_pos=-1,-1|-1,-1|-1,-1|-1,-1|-1,-1|-1,-1|-1,-1|15,30|-1,-1|-1,-1|
#type=4,4,4,4,4,4,4,0,4,4,
..........
#11111111111
#assigned_pet=-1,-1,-1,-1,-1,-1,-1,-1,-1,-1,
#assigned_hub=5,1,8,2,4,7,3,-1,0,6,
#moving_targetting_pos=16,26|6,16|26,26|6,26|16,16|26,16|16,6|15,1|6,6|26,6|
#setting_targetting_pos=-1,-1|-1,-1|-1,-1|-1,-1|-1,-1|-1,-1|-1,-1|15,30|-1,-1|-1,-1|
#type=4,4,4,4,4,4,4,0,4,4,
..........
#11111111111
#assigned_pet=-1,-1,-1,-1,-1,-1,-1,-1,-1,-1,
#assigned_hub=5,1,8,2,4,7,3,-1,0,6,
#moving_targetting_pos=16,26|6,16|26,26|6,26|16,16|26,16|16,6|15,1|6,6|26,6|
#setting_targetting_pos=-1,-1|-1,-1|-1,-1|-1,-1|-1,-1|-1,-1|-1,-1|15,30|-1,-1|-1,-1|
#type=4,4,4,4,4,4,4,0,4,4,
..........
#11111111111
#assigned_pet=-1,-1,-1,-1,-1,-1,-1,-1,-1,-1,
#assigned_hub=5,1,8,2,4,7,3,-1,0,6,
#moving_targetting_pos=16,26|6,16|26,26|6,26|16,16|26,16|16,6|15,1|6,6|26,6|
#setting_targetting_pos=-1,-1|-1,-1|-1,-1|-1,-1|-1,-1|-1,-1|-1,-1|15,30|-1,-1|-1,-1|
#type=4,4,4,4,4,4,4,0,4,4,
..........
#11111111111
#assigned_pet=-1,-1,-1,-1,-1,-1,-1,-1,-1,-1,
#assigned_hub=5,1,8,2,4,7,3,-1,0,6,
#moving_targetting_pos=16,26|6,16|26,26|6,26|16,16|26,16|16,6|15,1|6,6|26,6|
#setting_targetting_pos=-1,-1|-1,-1|-1,-1|-1,-1|-1,-1|-1,-1|-1,-1|15,30|-1,-1|-1,-1|
#type=4,4,4,4,4,4,4,0,4,4,
..........
#11111111111
#assigned_pet=-1,-1,-1,-1,-1,-1,-1,-1,-1,-1,
#assigned_hub=5,1,8,2,4,7,3,-1,0,6,
#moving_targetting_pos=16,26|6,16|26,26|6,26|16,16|26,16|16,6|15,1|6,6|26,6|
#setting_targetting_pos=-1,-1|-1,-1|-1,-1|-1,-1|-1,-1|-1,-1|-1,-1|15,30|-1,-1|-1,-1|
#type=4,4,4,4,4,4,4,0,4,4,
..........
#11111111111
#assigned_pet=-1,-1,-1,-1,-1,-1,-1,-1,-1,-1,
#assigned_hub=5,1,8,2,4,7,3,-1,0,6,
#moving_targetting_pos=16,26|6,16|26,26|6,26|16,16|26,16|16,6|15,1|6,6|26,6|
#setting_targetting_pos=-1,-1|-1,-1|-1,-1|-1,-1|-1,-1|-1,-1|-1,-1|15,30|-1,-1|-1,-1|
#type=4,4,4,4,4,4,4,0,4,4,
..........
#11111111111
#assigned_pet=-1,-1,-1,-1,-1,-1,-1,-1,-1,-1,
#assigned_hub=5,1,8,2,4,7,3,-1,0,6,
#moving_targetting_pos=16,26|6,16|26,26|6,26|16,16|26,16|16,6|15,1|6,6|26,6|
#setting_targetting_pos=-1,-1|-1,-1|-1,-1|-1,-1|-1,-1|-1,-1|-1,-1|15,30|-1,-1|-1,-1|
#type=4,4,4,4,4,4,4,0,4,4,
..........
#11111111111
#assigned_pet=-1,-1,-1,-1,-1,-1,-1,-1,-1,-1,
#assigned_hub=5,1,8,2,4,7,3,-1,0,6,
#moving_targetting_pos=16,26|6,16|26,26|6,26|16,16|26,16|16,6|15,1|6,6|26,6|
#setting_targetting_pos=-1,-1|-1,-1|-1,-1|-1,-1|-1,-1|-1,-1|-1,-1|15,30|-1,-1|-1,-1|
#type=4,4,4,4,4,4,4,0,4,4,
..........
#11111111111
#assigned_pet=-1,-1,-1,-1,-1,-1,-1,-1,-1,-1,
#assigned_hub=5,1,8,2,4,7,3,-1,0,6,
#moving_targetting_pos=16,26|6,16|26,26|6,26|16,16|26,16|16,6|15,1|6,6|26,6|
#setting_targetting_pos=-1,-1|-1,-1|-1,-1|-1,-1|-1,-1|-1,-1|-1,-1|15,30|-1,-1|-1,-1|
#type=4,4,4,4,4,4,4,0,4,4,
..........
#11111111111
#assigned_pet=-1,-1,-1,-1,-1,-1,-1,-1,-1,-1,
#assigned_hub=5,1,8,2,4,7,3,-1,0,6,
#moving_targetting_pos=16,26|6,16|26,26|6,26|16,16|26,16|16,6|15,1|6,6|26,6|
#setting_targetting_pos=-1,-1|-1,-1|-1,-1|-1,-1|-1,-1|-1,-1|-1,-1|15,30|-1,-1|-1,-1|
#type=4,4,4,4,4,4,4,0,4,4,
..........
#11111111111
#assigned_pet=-1,-1,-1,-1,-1,-1,-1,-1,-1,-1,
#assigned_hub=5,1,8,2,4,7,3,-1,0,6,
#moving_targetting_pos=16,26|6,16|26,26|6,26|16,16|26,16|16,6|15,1|6,6|26,6|
#setting_targetting_pos=-1,-1|-1,-1|-1,-1|-1,-1|-1,-1|-1,-1|-1,-1|15,30|-1,-1|-1,-1|
#type=4,4,4,4,4,4,4,0,4,4,
..........
#11111111111
#assigned_pet=-1,-1,-1,-1,-1,-1,-1,-1,-1,-1,
#assigned_hub=5,1,8,2,4,7,3,-1,0,6,
#moving_targetting_pos=16,26|6,16|26,26|6,26|16,16|26,16|16,6|15,1|6,6|26,6|
#setting_targetting_pos=-1,-1|-1,-1|-1,-1|-1,-1|-1,-1|-1,-1|-1,-1|15,30|-1,-1|-1,-1|
#type=4,4,4,4,4,4,4,0,4,4,
..........
#11111111111
#assigned_pet=-1,-1,-1,-1,-1,-1,-1,-1,-1,-1,
#assigned_hub=5,1,8,2,4,7,3,-1,0,6,
#moving_targetting_pos=16,26|6,16|26,26|6,26|16,16|26,16|16,6|15,1|6,6|26,6|
#setting_targetting_pos=-1,-1|-1,-1|-1,-1|-1,-1|-1,-1|-1,-1|-1,-1|15,30|-1,-1|-1,-1|
#type=4,4,4,4,4,4,4,0,4,4,
..........
#11111111111
#assigned_pet=-1,-1,-1,-1,-1,-1,-1,-1,-1,-1,
#assigned_hub=5,1,8,2,4,7,3,-1,0,6,
#moving_targetting_pos=16,26|6,16|26,26|6,26|16,16|26,16|16,6|15,1|6,6|26,6|
#setting_targetting_pos=-1,-1|-1,-1|-1,-1|-1,-1|-1,-1|-1,-1|-1,-1|15,30|-1,-1|-1,-1|
#type=4,4,4,4,4,4,4,0,4,4,
..........
#11111111111
#assigned_pet=-1,-1,-1,-1,-1,-1,-1,-1,-1,-1,
#assigned_hub=5,1,8,2,4,7,3,-1,0,6,
#moving_targetting_pos=16,26|6,16|26,26|6,26|16,16|26,16|16,6|15,1|6,6|26,6|
#setting_targetting_pos=-1,-1|-1,-1|-1,-1|-1,-1|-1,-1|-1,-1|-1,-1|15,30|-1,-1|-1,-1|
#type=4,4,4,4,4,4,4,0,4,4,
..........
#11111111111
#assigned_pet=-1,-1,-1,-1,-1,-1,-1,-1,-1,-1,
#assigned_hub=5,1,8,2,4,7,3,-1,0,6,
#moving_targetting_pos=16,26|6,16|26,26|6,26|16,16|26,16|16,6|15,1|6,6|26,6|
#setting_targetting_pos=-1,-1|-1,-1|-1,-1|-1,-1|-1,-1|-1,-1|-1,-1|15,30|-1,-1|-1,-1|
#type=4,4,4,4,4,4,4,0,4,4,
..........
#11111111111
#assigned_pet=-1,-1,-1,-1,-1,-1,-1,-1,-1,-1,
#assigned_hub=5,1,8,2,4,7,3,-1,0,6,
#moving_targetting_pos=16,26|6,16|26,26|6,26|16,16|26,16|16,6|15,1|6,6|26,6|
#setting_targetting_pos=-1,-1|-1,-1|-1,-1|-1,-1|-1,-1|-1,-1|-1,-1|15,30|-1,-1|-1,-1|
#type=4,4,4,4,4,4,4,0,4,4,
..........
#11111111111
#assigned_pet=-1,-1,-1,-1,-1,-1,-1,-1,-1,-1,
#assigned_hub=5,1,8,2,4,7,3,-1,0,6,
#moving_targetting_pos=16,26|6,16|26,26|6,26|16,16|26,16|16,6|15,1|6,6|26,6|
#setting_targetting_pos=-1,-1|-1,-1|-1,-1|-1,-1|-1,-1|-1,-1|-1,-1|15,30|-1,-1|-1,-1|
#type=4,4,4,4,4,4,4,0,4,4,
..........
#11111111111
#assigned_pet=-1,-1,-1,-1,-1,-1,-1,-1,-1,-1,
#assigned_hub=5,1,8,2,4,7,3,-1,0,6,
#moving_targetting_pos=16,26|6,16|26,26|6,26|16,16|26,16|16,6|15,1|6,6|26,6|
#setting_targetting_pos=-1,-1|-1,-1|-1,-1|-1,-1|-1,-1|-1,-1|-1,-1|15,30|-1,-1|-1,-1|
#type=4,4,4,4,4,4,4,0,4,4,
..........
#11111111111
#assigned_pet=-1,-1,-1,-1,-1,-1,-1,-1,-1,-1,
#assigned_hub=5,1,8,2,4,7,3,-1,0,6,
#moving_targetting_pos=16,26|6,16|26,26|6,26|16,16|26,16|16,6|15,1|6,6|26,6|
#setting_targetting_pos=-1,-1|-1,-1|-1,-1|-1,-1|-1,-1|-1,-1|-1,-1|15,30|-1,-1|-1,-1|
#type=4,4,4,4,4,4,4,0,4,4,
..........
#11111111111
#assigned_pet=-1,-1,-1,-1,-1,-1,-1,-1,-1,-1,
#assigned_hub=5,1,8,2,4,7,3,-1,0,6,
#moving_targetting_pos=16,26|6,16|26,26|6,26|16,16|26,16|16,6|15,1|6,6|26,6|
#setting_targetting_pos=-1,-1|-1,-1|-1,-1|-1,-1|-1,-1|-1,-1|-1,-1|15,30|-1,-1|-1,-1|
#type=4,4,4,4,4,4,4,0,4,4,
..........
#11111111111
#assigned_pet=-1,-1,-1,-1,-1,-1,-1,-1,-1,-1,
#assigned_hub=5,1,8,2,4,7,3,-1,0,6,
#moving_targetting_pos=16,26|6,16|26,26|6,26|16,16|26,16|16,6|15,1|6,6|26,6|
#setting_targetting_pos=-1,-1|-1,-1|-1,-1|-1,-1|-1,-1|-1,-1|-1,-1|15,30|-1,-1|-1,-1|
#type=4,4,4,4,4,4,4,0,4,4,
..........
#11111111111
#assigned_pet=-1,-1,-1,-1,-1,-1,-1,-1,-1,-1,
#assigned_hub=5,1,8,2,4,7,3,-1,0,6,
#moving_targetting_pos=16,26|6,16|26,26|6,26|16,16|26,16|16,6|15,1|6,6|26,6|
#setting_targetting_pos=-1,-1|-1,-1|-1,-1|-1,-1|-1,-1|-1,-1|-1,-1|15,30|-1,-1|-1,-1|
#type=4,4,4,4,4,4,4,0,4,4,
..........
#11111111111
#assigned_pet=-1,-1,-1,-1,-1,-1,-1,-1,-1,-1,
#assigned_hub=5,1,8,2,4,7,3,-1,0,6,
#moving_targetting_pos=16,26|6,16|26,26|6,26|16,16|26,16|16,6|15,1|6,6|26,6|
#setting_targetting_pos=-1,-1|-1,-1|-1,-1|-1,-1|-1,-1|-1,-1|-1,-1|15,30|-1,-1|-1,-1|
#type=4,4,4,4,4,4,4,0,4,4,
..........
#11111111111
#assigned_pet=-1,-1,-1,-1,-1,-1,-1,-1,-1,-1,
#assigned_hub=5,1,8,2,4,7,3,-1,0,6,
#moving_targetting_pos=16,26|6,16|26,26|6,26|16,16|26,16|16,6|15,1|6,6|26,6|
#setting_targetting_pos=-1,-1|-1,-1|-1,-1|-1,-1|-1,-1|-1,-1|-1,-1|15,30|-1,-1|-1,-1|
#type=4,4,4,4,4,4,4,0,4,4,
..........
#11111111111
#assigned_pet=-1,-1,-1,-1,-1,-1,-1,-1,-1,-1,
#assigned_hub=5,1,8,2,4,7,3,-1,0,6,
#moving_targetting_pos=16,26|6,16|26,26|6,26|16,16|26,16|16,6|15,1|6,6|26,6|
#setting_targetting_pos=-1,-1|-1,-1|-1,-1|-1,-1|-1,-1|-1,-1|-1,-1|15,30|-1,-1|-1,-1|
#type=4,4,4,4,4,4,4,0,4,4,
..........
#11111111111
#assigned_pet=-1,-1,-1,-1,-1,-1,-1,-1,-1,-1,
#assigned_hub=5,1,8,2,4,7,3,-1,0,6,
#moving_targetting_pos=16,26|6,16|26,26|6,26|16,16|26,16|16,6|15,1|6,6|26,6|
#setting_targetting_pos=-1,-1|-1,-1|-1,-1|-1,-1|-1,-1|-1,-1|-1,-1|15,30|-1,-1|-1,-1|
#type=4,4,4,4,4,4,4,0,4,4,
..........
#11111111111
#assigned_pet=-1,-1,-1,-1,-1,-1,-1,-1,-1,-1,
#assigned_hub=5,1,8,2,4,7,3,-1,0,6,
#moving_targetting_pos=16,26|6,16|26,26|6,26|16,16|26,16|16,6|15,1|6,6|26,6|
#setting_targetting_pos=-1,-1|-1,-1|-1,-1|-1,-1|-1,-1|-1,-1|-1,-1|15,30|-1,-1|-1,-1|
#type=4,4,4,4,4,4,4,0,4,4,
..........
#11111111111
#assigned_pet=-1,-1,-1,-1,-1,-1,-1,-1,-1,-1,
#assigned_hub=5,1,8,2,4,7,3,-1,0,6,
#moving_targetting_pos=16,26|6,16|26,26|6,26|16,16|26,16|16,6|15,1|6,6|26,6|
#setting_targetting_pos=-1,-1|-1,-1|-1,-1|-1,-1|-1,-1|-1,-1|-1,-1|15,30|-1,-1|-1,-1|
#type=4,4,4,4,4,4,4,0,4,4,
..........
#11111111111
#assigned_pet=-1,-1,-1,-1,-1,-1,-1,-1,-1,-1,
#assigned_hub=5,1,8,2,4,7,3,-1,0,6,
#moving_targetting_pos=16,26|6,16|26,26|6,26|16,16|26,16|16,6|15,1|6,6|26,6|
#setting_targetting_pos=-1,-1|-1,-1|-1,-1|-1,-1|-1,-1|-1,-1|-1,-1|15,30|-1,-1|-1,-1|
#type=4,4,4,4,4,4,4,0,4,4,
..........
#11111111111
#assigned_pet=-1,-1,-1,-1,-1,-1,-1,-1,-1,-1,
#assigned_hub=5,1,8,2,4,7,3,-1,0,6,
#moving_targetting_pos=16,26|6,16|26,26|6,26|16,16|26,16|16,6|15,1|6,6|26,6|
#setting_targetting_pos=-1,-1|-1,-1|-1,-1|-1,-1|-1,-1|-1,-1|-1,-1|15,30|-1,-1|-1,-1|
#type=4,4,4,4,4,4,4,0,4,4,
..........
#11111111111
#assigned_pet=-1,-1,-1,-1,-1,-1,-1,-1,-1,-1,
#assigned_hub=5,1,8,2,4,7,3,-1,0,6,
#moving_targetting_pos=16,26|6,16|26,26|6,26|16,16|26,16|16,6|15,1|6,6|26,6|
#setting_targetting_pos=-1,-1|-1,-1|-1,-1|-1,-1|-1,-1|-1,-1|-1,-1|15,30|-1,-1|-1,-1|
#type=4,4,4,4,4,4,4,0,4,4,
..........
#11111111111
#assigned_pet=-1,-1,-1,-1,-1,-1,-1,-1,-1,-1,
#assigned_hub=5,1,8,2,4,7,3,-1,0,6,
#moving_targetting_pos=16,26|6,16|26,26|6,26|16,16|26,16|16,6|15,1|6,6|26,6|
#setting_targetting_pos=-1,-1|-1,-1|-1,-1|-1,-1|-1,-1|-1,-1|-1,-1|15,30|-1,-1|-1,-1|
#type=4,4,4,4,4,4,4,0,4,4,
..........
#11111111111
#assigned_pet=-1,-1,-1,-1,-1,-1,-1,-1,-1,-1,
#assigned_hub=5,1,8,2,4,7,3,-1,0,6,
#moving_targetting_pos=16,26|6,16|26,26|6,26|16,16|26,16|16,6|15,1|6,6|26,6|
#setting_targetting_pos=-1,-1|-1,-1|-1,-1|-1,-1|-1,-1|-1,-1|-1,-1|15,30|-1,-1|-1,-1|
#type=4,4,4,4,4,4,4,0,4,4,
..........
#11111111111
#assigned_pet=-1,-1,-1,-1,-1,-1,-1,-1,-1,-1,
#assigned_hub=5,1,8,2,4,7,3,-1,0,6,
#moving_targetting_pos=16,26|6,16|26,26|6,26|16,16|26,16|16,6|15,1|6,6|26,6|
#setting_targetting_pos=-1,-1|-1,-1|-1,-1|-1,-1|-1,-1|-1,-1|-1,-1|15,30|-1,-1|-1,-1|
#type=4,4,4,4,4,4,4,0,4,4,
..........
#11111111111
#assigned_pet=-1,-1,-1,-1,-1,-1,-1,-1,-1,-1,
#assigned_hub=5,1,8,2,4,7,3,-1,0,6,
#moving_targetting_pos=16,26|6,16|26,26|6,26|16,16|26,16|16,6|15,1|6,6|26,6|
#setting_targetting_pos=-1,-1|-1,-1|-1,-1|-1,-1|-1,-1|-1,-1|-1,-1|15,30|-1,-1|-1,-1|
#type=4,4,4,4,4,4,4,0,4,4,
..........
#11111111111
#assigned_pet=-1,-1,-1,-1,-1,-1,-1,-1,-1,-1,
#assigned_hub=5,1,8,2,4,7,3,-1,0,6,
#moving_targetting_pos=16,26|6,16|26,26|6,26|16,16|26,16|16,6|15,1|6,6|26,6|
#setting_targetting_pos=-1,-1|-1,-1|-1,-1|-1,-1|-1,-1|-1,-1|-1,-1|15,30|-1,-1|-1,-1|
#type=4,4,4,4,4,4,4,0,4,4,
..........
#11111111111
#assigned_pet=-1,-1,-1,-1,-1,-1,-1,-1,-1,-1,
#assigned_hub=5,1,8,2,4,7,3,-1,0,6,
#moving_targetting_pos=16,26|6,16|26,26|6,26|16,16|26,16|16,6|15,1|6,6|26,6|
#setting_targetting_pos=-1,-1|-1,-1|-1,-1|-1,-1|-1,-1|-1,-1|-1,-1|15,30|-1,-1|-1,-1|
#type=4,4,4,4,4,4,4,0,4,4,
..........
#11111111111
#assigned_pet=-1,-1,-1,-1,-1,-1,-1,-1,-1,-1,
#assigned_hub=5,1,8,2,4,7,3,-1,0,6,
#moving_targetting_pos=16,26|6,16|26,26|6,26|16,16|26,16|16,6|15,1|6,6|26,6|
#setting_targetting_pos=-1,-1|-1,-1|-1,-1|-1,-1|-1,-1|-1,-1|-1,-1|15,30|-1,-1|-1,-1|
#type=4,4,4,4,4,4,4,0,4,4,
..........
#11111111111
#assigned_pet=-1,-1,-1,-1,-1,-1,-1,-1,-1,-1,
#assigned_hub=5,1,8,2,4,7,3,-1,0,6,
#moving_targetting_pos=16,26|6,16|26,26|6,26|16,16|26,16|16,6|15,1|6,6|26,6|
#setting_targetting_pos=-1,-1|-1,-1|-1,-1|-1,-1|-1,-1|-1,-1|-1,-1|15,30|-1,-1|-1,-1|
#type=4,4,4,4,4,4,4,0,4,4,
..........
#11111111111
#assigned_pet=-1,-1,-1,-1,-1,-1,-1,-1,-1,-1,
#assigned_hub=5,1,8,2,4,7,3,-1,0,6,
#moving_targetting_pos=16,26|6,16|26,26|6,26|16,16|26,16|16,6|15,1|6,6|26,6|
#setting_targetting_pos=-1,-1|-1,-1|-1,-1|-1,-1|-1,-1|-1,-1|-1,-1|15,30|-1,-1|-1,-1|
#type=4,4,4,4,4,4,4,0,4,4,
..........
#11111111111
#assigned_pet=-1,-1,-1,-1,-1,-1,-1,-1,-1,-1,
#assigned_hub=5,1,8,2,4,7,3,-1,0,6,
#moving_targetting_pos=16,26|6,16|26,26|6,26|16,16|26,16|16,6|15,1|6,6|26,6|
#setting_targetting_pos=-1,-1|-1,-1|-1,-1|-1,-1|-1,-1|-1,-1|-1,-1|15,30|-1,-1|-1,-1|
#type=4,4,4,4,4,4,4,0,4,4,
..........
#11111111111
#assigned_pet=-1,-1,-1,-1,-1,-1,-1,-1,-1,-1,
#assigned_hub=5,1,8,2,4,7,3,-1,0,6,
#moving_targetting_pos=16,26|6,16|26,26|6,26|16,16|26,16|16,6|15,1|6,6|26,6|
#setting_targetting_pos=-1,-1|-1,-1|-1,-1|-1,-1|-1,-1|-1,-1|-1,-1|15,30|-1,-1|-1,-1|
#type=4,4,4,4,4,4,4,0,4,4,
..........
#11111111111
#assigned_pet=-1,-1,-1,-1,-1,-1,-1,-1,-1,-1,
#assigned_hub=5,1,8,2,4,7,3,-1,0,6,
#moving_targetting_pos=16,26|6,16|26,26|6,26|16,16|26,16|16,6|15,1|6,6|26,6|
#setting_targetting_pos=-1,-1|-1,-1|-1,-1|-1,-1|-1,-1|-1,-1|-1,-1|15,30|-1,-1|-1,-1|
#type=4,4,4,4,4,4,4,0,4,4,
..........
#11111111111
#assigned_pet=-1,-1,-1,-1,-1,-1,-1,-1,-1,-1,
#assigned_hub=5,1,8,2,4,7,3,-1,0,6,
#moving_targetting_pos=16,26|6,16|26,26|6,26|16,16|26,16|16,6|15,1|6,6|26,6|
#setting_targetting_pos=-1,-1|-1,-1|-1,-1|-1,-1|-1,-1|-1,-1|-1,-1|15,30|-1,-1|-1,-1|
#type=4,4,4,4,4,4,4,0,4,4,
..........
#11111111111
#assigned_pet=-1,-1,-1,-1,-1,-1,-1,-1,-1,-1,
#assigned_hub=5,1,8,2,4,7,3,-1,0,6,
#moving_targetting_pos=16,26|6,16|26,26|6,26|16,16|26,16|16,6|15,1|6,6|26,6|
#setting_targetting_pos=-1,-1|-1,-1|-1,-1|-1,-1|-1,-1|-1,-1|-1,-1|15,30|-1,-1|-1,-1|
#type=4,4,4,4,4,4,4,0,4,4,
..........
#11111111111
#assigned_pet=-1,-1,-1,-1,-1,-1,-1,-1,-1,-1,
#assigned_hub=5,1,8,2,4,7,3,-1,0,6,
#moving_targetting_pos=16,26|6,16|26,26|6,26|16,16|26,16|16,6|15,1|6,6|26,6|
#setting_targetting_pos=-1,-1|-1,-1|-1,-1|-1,-1|-1,-1|-1,-1|-1,-1|15,30|-1,-1|-1,-1|
#type=4,4,4,4,4,4,4,0,4,4,
..........
#11111111111
#assigned_pet=-1,-1,-1,-1,-1,-1,-1,-1,-1,-1,
#assigned_hub=5,1,8,2,4,7,3,-1,0,6,
#moving_targetting_pos=16,26|6,16|26,26|6,26|16,16|26,16|16,6|15,1|6,6|26,6|
#setting_targetting_pos=-1,-1|-1,-1|-1,-1|-1,-1|-1,-1|-1,-1|-1,-1|15,30|-1,-1|-1,-1|
#type=4,4,4,4,4,4,4,0,4,4,
..........
#11111111111
#assigned_pet=-1,-1,-1,-1,-1,-1,-1,-1,-1,-1,
#assigned_hub=5,1,8,2,4,7,3,-1,0,6,
#moving_targetting_pos=16,26|6,16|26,26|6,26|16,16|26,16|16,6|15,1|6,6|26,6|
#setting_targetting_pos=-1,-1|-1,-1|-1,-1|-1,-1|-1,-1|-1,-1|-1,-1|15,30|-1,-1|-1,-1|
#type=4,4,4,4,4,4,4,0,4,4,
..........
#11111111111
#assigned_pet=-1,-1,-1,-1,-1,-1,-1,-1,-1,-1,
#assigned_hub=5,1,8,2,4,7,3,-1,0,6,
#moving_targetting_pos=16,26|6,16|26,26|6,26|16,16|26,16|16,6|15,1|6,6|26,6|
#setting_targetting_pos=-1,-1|-1,-1|-1,-1|-1,-1|-1,-1|-1,-1|-1,-1|15,30|-1,-1|-1,-1|
#type=4,4,4,4,4,4,4,0,4,4,
..........
#11111111111
#assigned_pet=-1,-1,-1,-1,-1,-1,-1,-1,-1,-1,
#assigned_hub=5,1,8,2,4,7,3,-1,0,6,
#moving_targetting_pos=16,26|6,16|26,26|6,26|16,16|26,16|16,6|15,1|6,6|26,6|
#setting_targetting_pos=-1,-1|-1,-1|-1,-1|-1,-1|-1,-1|-1,-1|-1,-1|15,30|-1,-1|-1,-1|
#type=4,4,4,4,4,4,4,0,4,4,
..........
#11111111111
#assigned_pet=-1,-1,-1,-1,-1,-1,-1,-1,-1,-1,
#assigned_hub=5,1,8,2,4,7,3,-1,0,6,
#moving_targetting_pos=16,26|6,16|26,26|6,26|16,16|26,16|16,6|15,1|6,6|26,6|
#setting_targetting_pos=-1,-1|-1,-1|-1,-1|-1,-1|-1,-1|-1,-1|-1,-1|15,30|-1,-1|-1,-1|
#type=4,4,4,4,4,4,4,0,4,4,
..........
#11111111111
#assigned_pet=-1,-1,-1,-1,-1,-1,-1,-1,-1,-1,
#assigned_hub=5,1,8,2,4,7,3,-1,0,6,
#moving_targetting_pos=16,26|6,16|26,26|6,26|16,16|26,16|16,6|15,1|6,6|26,6|
#setting_targetting_pos=-1,-1|-1,-1|-1,-1|-1,-1|-1,-1|-1,-1|-1,-1|15,30|-1,-1|-1,-1|
#type=4,4,4,4,4,4,4,0,4,4,
..........
#11111111111
#assigned_pet=-1,-1,-1,-1,-1,-1,-1,-1,-1,-1,
#assigned_hub=5,1,8,2,4,7,3,-1,0,6,
#moving_targetting_pos=16,26|6,16|26,26|6,26|16,16|26,16|16,6|15,1|6,6|26,6|
#setting_targetting_pos=-1,-1|-1,-1|-1,-1|-1,-1|-1,-1|-1,-1|-1,-1|15,30|-1,-1|-1,-1|
#type=4,4,4,4,4,4,4,0,4,4,
..........
#11111111111
#assigned_pet=-1,-1,-1,-1,-1,-1,-1,-1,-1,-1,
#assigned_hub=5,1,8,2,4,7,3,-1,0,6,
#moving_targetting_pos=16,26|6,16|26,26|6,26|16,16|26,16|16,6|15,1|6,6|26,6|
#setting_targetting_pos=-1,-1|-1,-1|-1,-1|-1,-1|-1,-1|-1,-1|-1,-1|15,30|-1,-1|-1,-1|
#type=4,4,4,4,4,4,4,0,4,4,
..........
#11111111111
#assigned_pet=-1,-1,-1,-1,-1,-1,-1,-1,-1,-1,
#assigned_hub=5,1,8,2,4,7,3,-1,0,6,
#moving_targetting_pos=16,26|6,16|26,26|6,26|16,16|26,16|16,6|15,1|6,6|26,6|
#setting_targetting_pos=-1,-1|-1,-1|-1,-1|-1,-1|-1,-1|-1,-1|-1,-1|15,30|-1,-1|-1,-1|
#type=4,4,4,4,4,4,4,0,4,4,
..........
#11111111111
#assigned_pet=-1,-1,-1,-1,-1,-1,-1,-1,-1,-1,
#assigned_hub=5,1,8,2,4,7,3,-1,0,6,
#moving_targetting_pos=16,26|6,16|26,26|6,26|16,16|26,16|16,6|15,1|6,6|26,6|
#setting_targetting_pos=-1,-1|-1,-1|-1,-1|-1,-1|-1,-1|-1,-1|-1,-1|15,30|-1,-1|-1,-1|
#type=4,4,4,4,4,4,4,0,4,4,
..........
#11111111111
#assigned_pet=-1,-1,-1,-1,-1,-1,-1,-1,-1,-1,
#assigned_hub=5,1,8,2,4,7,3,-1,0,6,
#moving_targetting_pos=16,26|6,16|26,26|6,26|16,16|26,16|16,6|15,1|6,6|26,6|
#setting_targetting_pos=-1,-1|-1,-1|-1,-1|-1,-1|-1,-1|-1,-1|-1,-1|15,30|-1,-1|-1,-1|
#type=4,4,4,4,4,4,4,0,4,4,
..........
#11111111111
#assigned_pet=-1,-1,-1,-1,-1,-1,-1,-1,-1,-1,
#assigned_hub=5,1,8,2,4,7,3,-1,0,6,
#moving_targetting_pos=16,26|6,16|26,26|6,26|16,16|26,16|16,6|15,1|6,6|26,6|
#setting_targetting_pos=-1,-1|-1,-1|-1,-1|-1,-1|-1,-1|-1,-1|-1,-1|15,30|-1,-1|-1,-1|
#type=4,4,4,4,4,4,4,0,4,4,
..........
#11111111111
#assigned_pet=-1,-1,-1,-1,-1,-1,-1,-1,-1,-1,
#assigned_hub=5,1,8,2,4,7,3,-1,0,6,
#moving_targetting_pos=16,26|6,16|26,26|6,26|16,16|26,16|16,6|15,1|6,6|26,6|
#setting_targetting_pos=-1,-1|-1,-1|-1,-1|-1,-1|-1,-1|-1,-1|-1,-1|15,30|-1,-1|-1,-1|
#type=4,4,4,4,4,4,4,0,4,4,
..........
#11111111111
#assigned_pet=-1,-1,-1,-1,-1,-1,-1,-1,-1,-1,
#assigned_hub=5,1,8,2,4,7,3,-1,0,6,
#moving_targetting_pos=16,26|6,16|26,26|6,26|16,16|26,16|16,6|15,1|6,6|26,6|
#setting_targetting_pos=-1,-1|-1,-1|-1,-1|-1,-1|-1,-1|-1,-1|-1,-1|15,30|-1,-1|-1,-1|
#type=4,4,4,4,4,4,4,0,4,4,
..........
#11111111111
#assigned_pet=-1,-1,-1,-1,-1,-1,-1,-1,-1,-1,
#assigned_hub=5,1,8,2,4,7,3,-1,0,6,
#moving_targetting_pos=16,26|6,16|26,26|6,26|16,16|26,16|16,6|15,1|6,6|26,6|
#setting_targetting_pos=-1,-1|-1,-1|-1,-1|-1,-1|-1,-1|-1,-1|-1,-1|15,30|-1,-1|-1,-1|
#type=4,4,4,4,4,4,4,0,4,4,
..........
#11111111111
#assigned_pet=-1,-1,-1,-1,-1,-1,-1,-1,-1,-1,
#assigned_hub=5,1,8,2,4,7,3,-1,0,6,
#moving_targetting_pos=16,26|6,16|26,26|6,26|16,16|26,16|16,6|15,1|6,6|26,6|
#setting_targetting_pos=-1,-1|-1,-1|-1,-1|-1,-1|-1,-1|-1,-1|-1,-1|15,30|-1,-1|-1,-1|
#type=4,4,4,4,4,4,4,0,4,4,
..........
#11111111111
#assigned_pet=-1,-1,-1,-1,-1,-1,-1,-1,-1,-1,
#assigned_hub=5,1,8,2,4,7,3,-1,0,6,
#moving_targetting_pos=16,26|6,16|26,26|6,26|16,16|26,16|16,6|15,1|6,6|26,6|
#setting_targetting_pos=-1,-1|-1,-1|-1,-1|-1,-1|-1,-1|-1,-1|-1,-1|15,30|-1,-1|-1,-1|
#type=4,4,4,4,4,4,4,0,4,4,
..........
#11111111111
#assigned_pet=-1,-1,-1,-1,-1,-1,-1,-1,-1,-1,
#assigned_hub=5,1,8,2,4,7,3,-1,0,6,
#moving_targetting_pos=16,26|6,16|26,26|6,26|16,16|26,16|16,6|15,1|6,6|26,6|
#setting_targetting_pos=-1,-1|-1,-1|-1,-1|-1,-1|-1,-1|-1,-1|-1,-1|15,30|-1,-1|-1,-1|
#type=4,4,4,4,4,4,4,0,4,4,
..........
