#000000000000000
#assigned_pet=-1,-1,-1,-1,-1,-1,-1,
#assigned_hub=-1,-1,-1,-1,-1,-1,-1,
#moving_targetting_pos=5,30|9,2|2,1|12,29|15,30|19,2|22,1|
#setting_targetting_pos=5,1|9,30|2,29|12,1|15,1|19,30|22,29|
#type=1,1,1,1,1,1,1,
RLLRRLL
#000000000000000
#assigned_pet=-1,-1,-1,-1,-1,-1,-1,
#assigned_hub=-1,-1,-1,-1,-1,-1,-1,
#moving_targetting_pos=5,30|9,2|2,1|12,29|15,30|19,2|22,1|
#setting_targetting_pos=5,1|9,30|2,29|12,1|15,1|19,30|22,29|
#type=1,1,1,1,1,1,1,
RLLRRDL
#000000000000000
#assigned_pet=-1,-1,-1,-1,-1,-1,-1,
#assigned_hub=-1,-1,-1,-1,-1,-1,-1,
#moving_targetting_pos=5,30|9,2|2,1|12,29|15,30|19,2|22,1|
#setting_targetting_pos=5,1|9,30|2,29|12,1|15,1|19,30|22,29|
#type=2,2,1,1,1,1,1,
ddLRDDL
#000000000000000
#assigned_pet=-1,-1,-1,-1,-1,-1,-1,
#assigned_hub=-1,-1,-1,-1,-1,-1,-1,
#moving_targetting_pos=5,30|9,2|2,1|12,29|15,30|19,2|22,1|
#setting_targetting_pos=5,1|9,30|2,29|12,1|15,1|19,30|22,29|
#type=2,2,1,1,1,1,1,
LRLRLDL
#000000000000000
#assigned_pet=-1,-1,-1,-1,-1,-1,-1,
#assigned_hub=-1,-1,-1,-1,-1,-1,-1,
#moving_targetting_pos=5,30|9,2|2,1|12,29|15,30|19,2|22,1|
#setting_targetting_pos=5,1|9,30|2,29|12,1|15,1|19,30|22,29|
#type=2,2,1,1,1,2,1,
dRLRD.L
#000000000000000
#assigned_pet=-1,-1,-1,-1,-1,-1,-1,
#assigned_hub=-1,-1,-1,-1,-1,-1,-1,
#moving_targetting_pos=5,30|9,2|2,1|12,29|15,30|19,2|22,1|
#setting_targetting_pos=5,1|9,30|2,29|12,1|15,1|19,30|22,29|
#type=2,2,1,1,1,2,1,
LlLRLdL
#000000000000000
#assigned_pet=-1,-1,-1,-1,-1,-1,-1,
#assigned_hub=-1,-1,-1,-1,-1,-1,-1,
#moving_targetting_pos=5,30|9,2|2,1|12,29|15,30|19,2|22,1|
#setting_targetting_pos=5,1|9,30|2,29|12,1|15,1|19,30|22,29|
#type=2,2,1,1,1,2,1,
.uLRDRL
#000000000000000
#assigned_pet=-1,-1,-1,-1,-1,-1,-1,
#assigned_hub=-1,-1,-1,-1,-1,-1,-1,
#moving_targetting_pos=5,30|9,2|2,1|12,29|15,30|19,2|22,1|
#setting_targetting_pos=5,1|9,30|2,29|12,1|15,1|19,30|22,29|
#type=2,2,1,1,1,2,1,
.RLDDRL
#000000000000000
#assigned_pet=-1,-1,-1,-1,-1,-1,-1,
#assigned_hub=-1,-1,-1,-1,-1,-1,-1,
#moving_targetting_pos=5,30|9,2|2,1|12,29|15,30|19,2|22,1|
#setting_targetting_pos=5,1|9,30|2,29|12,1|15,1|19,30|22,29|
#type=2,2,1,1,1,2,1,
uRLDDlL
#000000000000000
#assigned_pet=-1,-1,-1,-1,-1,-1,-1,
#assigned_hub=-1,-1,-1,-1,-1,-1,-1,
#moving_targetting_pos=5,30|9,2|2,1|12,29|15,30|19,2|22,1|
#setting_targetting_pos=5,1|9,30|2,29|12,1|15,1|19,30|22,29|
#type=2,2,1,1,1,2,1,
LdLDDuL
#000000000000000
#assigned_pet=-1,-1,-1,-1,-1,-1,-1,
#assigned_hub=-1,-1,-1,-1,-1,-1,-1,
#moving_targetting_pos=5,30|9,2|2,1|12,29|15,30|19,2|22,1|
#setting_targetting_pos=5,1|9,30|2,29|12,1|15,1|19,30|22,29|
#type=2,2,1,1,1,2,1,
LRLRRRL
#000000000000000
#assigned_pet=-1,-1,-1,-1,-1,-1,-1,
#assigned_hub=-1,-1,-1,-1,-1,-1,-1,
#moving_targetting_pos=5,30|9,2|2,1|12,29|15,30|19,2|22,1|
#setting_targetting_pos=5,1|9,30|2,29|12,1|15,1|19,30|22,29|
#type=2,2,1,1,1,2,1,
LlLDRRD
#000000000000000
#assigned_pet=-1,-1,-1,-1,-1,-1,-1,
#assigned_hub=-1,-1,-1,-1,-1,-1,-1,
#moving_targetting_pos=5,30|9,2|2,1|12,29|15,30|19,2|22,1|
#setting_targetting_pos=5,1|9,30|2,29|12,1|15,1|19,30|22,29|
#type=2,2,1,1,1,2,1,
LRUDDdD
#000000000000000
#assigned_pet=-1,-1,-1,-1,-1,-1,-1,
#assigned_hub=-1,-1,-1,-1,-1,-1,-1,
#moving_targetting_pos=5,30|9,2|2,1|12,29|15,30|19,2|22,1|
#setting_targetting_pos=5,1|9,30|2,29|12,1|15,1|19,30|22,29|
#type=2,2,1,1,1,2,1,
uuUDDRD
#000000000000000
#assigned_pet=-1,-1,-1,-1,-1,-1,-1,
#assigned_hub=-1,-1,-1,-1,-1,-1,-1,
#moving_targetting_pos=5,30|9,2|2,1|12,29|15,30|19,2|22,1|
#setting_targetting_pos=5,1|9,30|2,29|12,1|15,1|19,30|22,29|
#type=2,2,1,1,1,2,1,
LRUDDlD
#000000000000000
#assigned_pet=-1,-1,-1,-1,-1,-1,-1,
#assigned_hub=-1,-1,-1,-1,-1,-1,-1,
#moving_targetting_pos=5,30|9,2|2,1|12,29|15,30|19,2|22,1|
#setting_targetting_pos=5,1|9,30|2,29|12,1|15,1|19,30|22,29|
#type=2,2,1,1,1,2,2,
dRUDDRu
#000000000000000
#assigned_pet=-1,-1,-1,-1,-1,-1,-1,
#assigned_hub=-1,-1,-1,-1,-1,-1,-1,
#moving_targetting_pos=5,30|9,2|2,1|12,29|15,30|19,2|22,1|
#setting_targetting_pos=5,1|9,30|2,29|12,1|15,1|19,30|22,29|
#type=2,2,1,2,1,2,2,
LlUdDuR
#000000000000000
#assigned_pet=-1,-1,-1,-1,-1,-1,-1,
#assigned_hub=-1,-1,-1,-1,-1,-1,-1,
#moving_targetting_pos=5,30|9,2|2,1|12,29|15,30|19,2|22,1|
#setting_targetting_pos=5,1|9,30|2,29|12,1|15,1|19,30|22,29|
#type=2,2,2,2,1,2,2,
ddu.DRR
#000000000000000
#assigned_pet=-1,-1,-1,-1,-1,-1,-1,
#assigned_hub=-1,-1,-1,-1,-1,-1,-1,
#moving_targetting_pos=5,30|9,2|2,1|12,29|15,30|19,2|22,1|
#setting_targetting_pos=5,1|9,30|2,29|12,1|15,1|19,30|22,29|
#type=2,2,2,2,1,2,2,
LRRrDRl
#000000000000000
#assigned_pet=-1,-1,-1,-1,-1,-1,-1,
#assigned_hub=-1,-1,-1,-1,-1,-1,-1,
#moving_targetting_pos=5,30|9,2|2,1|12,29|15,30|19,2|22,1|
#setting_targetting_pos=5,1|9,30|2,29|12,1|15,1|19,30|22,29|
#type=2,2,2,2,1,2,2,
dRRLDld
#000000000000000
#assigned_pet=-1,-1,-1,-1,-1,-1,-1,
#assigned_hub=-1,-1,-1,-1,-1,-1,-1,
#moving_targetting_pos=5,30|9,2|2,1|12,29|15,30|19,2|22,1|
#setting_targetting_pos=5,1|9,30|2,29|12,1|15,1|19,30|22,29|
#type=2,2,2,2,2,2,2,
LdlLddR
#000000000000000
#assigned_pet=-1,-1,-1,-1,-1,-1,-1,
#assigned_hub=-1,-1,-1,-1,-1,-1,-1,
#moving_targetting_pos=5,30|9,2|2,1|12,29|15,30|19,2|22,1|
#setting_targetting_pos=5,1|9,30|2,29|12,1|15,1|19,30|22,29|
#type=2,2,2,2,2,2,2,
dRdLLRR
#000000000000000
#assigned_pet=-1,-1,-1,-1,-1,-1,-1,
#assigned_hub=-1,-1,-1,-1,-1,-1,-1,
#moving_targetting_pos=5,30|9,2|2,1|12,29|15,30|19,2|22,1|
#setting_targetting_pos=5,1|9,30|2,29|12,1|15,1|19,30|22,29|
#type=2,2,2,2,2,2,2,
LRRddRR
#000000000000000
#assigned_pet=-1,-1,-1,-1,-1,-1,-1,
#assigned_hub=-1,-1,-1,-1,-1,-1,-1,
#moving_targetting_pos=5,30|9,2|2,1|12,29|15,30|19,2|22,1|
#setting_targetting_pos=5,1|9,30|2,29|12,1|15,1|19,30|22,29|
#type=2,2,2,2,2,2,2,
dlRuLdd
#000000000000000
#assigned_pet=-1,-1,-1,-1,-1,-1,-1,
#assigned_hub=-1,-1,-1,-1,-1,-1,-1,
#moving_targetting_pos=5,30|9,2|2,1|12,29|15,30|19,2|22,1|
#setting_targetting_pos=5,1|9,30|2,29|12,1|15,1|19,30|22,29|
#type=2,2,2,2,2,2,2,
LuRLuRu
#000000000000000
#assigned_pet=-1,-1,-1,-1,-1,-1,-1,
#assigned_hub=-1,-1,-1,-1,-1,-1,-1,
#moving_targetting_pos=5,30|9,2|2,1|12,29|15,30|19,2|22,1|
#setting_targetting_pos=5,1|9,30|2,29|12,1|15,1|19,30|22,29|
#type=2,2,2,2,2,2,2,
uRd.LRR
#000000000000000
#assigned_pet=-1,-1,-1,-1,-1,-1,-1,
#assigned_hub=-1,-1,-1,-1,-1,-1,-1,
#moving_targetting_pos=5,30|9,2|2,1|12,29|15,30|19,2|22,1|
#setting_targetting_pos=5,1|9,30|2,29|12,1|15,1|19,30|22,29|
#type=2,2,2,2,2,2,2,
LRurLll
#000000000000000
#assigned_pet=-1,-1,-1,-1,-1,-1,-1,
#assigned_hub=-1,-1,-1,-1,-1,-1,-1,
#moving_targetting_pos=5,30|9,2|2,1|12,29|15,30|19,2|22,1|
#setting_targetting_pos=5,1|9,30|2,29|12,1|15,1|19,30|22,29|
#type=2,2,2,2,2,2,2,
LdRLLuR
#000000000000000
#assigned_pet=-1,-1,-1,-1,-1,-1,-1,
#assigned_hub=-1,-1,-1,-1,-1,-1,-1,
#moving_targetting_pos=5,30|9,2|2,1|12,29|15,30|19,2|22,1|
#setting_targetting_pos=5,1|9,30|2,29|12,1|15,1|19,30|22,29|
#type=2,2,2,2,2,2,2,
LRlLLRR
#000000000000000
#assigned_pet=-1,-1,-1,-1,-1,-1,-1,
#assigned_hub=-1,-1,-1,-1,-1,-1,-1,
#moving_targetting_pos=5,30|9,2|2,1|12,29|15,30|19,2|22,1|
#setting_targetting_pos=5,1|9,30|2,29|12,1|15,1|19,30|22,29|
#type=2,2,2,2,2,2,2,
LlRduRd
#000000000000000
#assigned_pet=-1,-1,-1,-1,-1,-1,-1,
#assigned_hub=-1,-1,-1,-1,-1,-1,-1,
#moving_targetting_pos=5,30|9,2|2,1|12,29|15,30|19,2|22,1|
#setting_targetting_pos=5,1|9,30|2,29|12,1|15,1|19,30|22,29|
#type=2,2,2,2,2,2,2,
uRRLLdR
#000000000000000
#assigned_pet=-1,-1,-1,-1,-1,-1,-1,
#assigned_hub=-1,-1,-1,-1,-1,-1,-1,
#moving_targetting_pos=5,30|9,2|2,1|12,29|15,30|19,2|22,1|
#setting_targetting_pos=5,1|9,30|2,29|12,1|15,1|19,30|22,29|
#type=2,2,2,2,2,2,2,
LudLdRR
#000000000000000
#assigned_pet=-1,-1,-1,-1,-1,-1,-1,
#assigned_hub=-1,-1,-1,-1,-1,-1,-1,
#moving_targetting_pos=5,30|9,2|2,1|12,29|15,30|19,2|22,1|
#setting_targetting_pos=5,1|9,30|2,29|12,1|15,1|19,30|22,29|
#type=2,2,2,2,2,2,2,
dRRrLlu
#000000000000000
#assigned_pet=-1,-1,-1,-1,-1,-1,-1,
#assigned_hub=-1,-1,-1,-1,-1,-1,-1,
#moving_targetting_pos=5,30|9,2|2,1|12,29|15,30|19,2|22,1|
#setting_targetting_pos=5,1|9,30|2,29|12,1|15,1|19,30|22,29|
#type=2,2,2,2,2,2,2,
LRR.dR.
#000000000000000
#assigned_pet=-1,-1,-1,-1,-1,-1,-1,
#assigned_hub=-1,-1,-1,-1,-1,-1,-1,
#moving_targetting_pos=5,30|9,2|2,1|12,29|15,30|19,2|22,1|
#setting_targetting_pos=5,1|9,30|2,29|12,1|15,1|19,30|22,29|
#type=2,2,2,2,2,2,2,
dll.L.l
#000000000000000
#assigned_pet=-1,-1,-1,-1,-1,-1,-1,
#assigned_hub=-1,-1,-1,-1,-1,-1,-1,
#moving_targetting_pos=5,30|9,2|2,1|12,29|15,30|19,2|22,1|
#setting_targetting_pos=5,1|9,30|2,29|12,1|15,1|19,30|22,29|
#type=2,2,2,2,2,2,2,
Ldu.duR
#000000000000000
#assigned_pet=-1,-1,-1,-1,-1,-1,-1,
#assigned_hub=-1,-1,-1,-1,-1,-1,-1,
#moving_targetting_pos=5,30|9,2|2,1|12,29|15,30|19,2|22,1|
#setting_targetting_pos=5,1|9,30|2,29|12,1|15,1|19,30|22,29|
#type=2,2,2,2,2,2,2,
dRR.LRR
#000000000000000
#assigned_pet=-1,-1,-1,-1,-1,-1,-1,
#assigned_hub=-1,-1,-1,-1,-1,-1,-1,
#moving_targetting_pos=5,30|9,2|2,1|12,29|15,30|19,2|22,1|
#setting_targetting_pos=5,1|9,30|2,29|12,1|15,1|19,30|22,29|
#type=2,2,2,2,2,2,2,
LRR.dR.
#000000000000000
#assigned_pet=-1,-1,-1,-1,-1,-1,-1,
#assigned_hub=-1,-1,-1,-1,-1,-1,-1,
#moving_targetting_pos=5,30|9,2|2,1|12,29|15,30|19,2|22,1|
#setting_targetting_pos=5,1|9,30|2,29|12,1|15,1|19,30|22,29|
#type=2,2,2,2,2,2,2,
ddluLll
#000000000000000
#assigned_pet=-1,-1,-1,-1,-1,-1,-1,
#assigned_hub=-1,-1,-1,-1,-1,-1,-1,
#moving_targetting_pos=5,30|9,2|2,1|12,29|15,30|19,2|22,1|
#setting_targetting_pos=5,1|9,30|2,29|12,1|15,1|19,30|22,29|
#type=2,2,2,2,2,2,2,
LRdLddd
#000000000000000
#assigned_pet=-1,-1,-1,-1,-1,-1,-1,
#assigned_hub=-1,-1,-1,-1,-1,-1,-1,
#moving_targetting_pos=5,30|9,2|2,1|12,29|15,30|19,2|22,1|
#setting_targetting_pos=5,1|9,30|2,29|12,1|15,1|19,30|22,29|
#type=2,2,2,2,2,2,2,
dRRLLRR
#000000000000000
#assigned_pet=-1,-1,-1,-1,-1,-1,-1,
#assigned_hub=-1,-1,-1,-1,-1,-1,-1,
#moving_targetting_pos=5,30|9,2|2,1|12,29|15,30|19,2|22,1|
#setting_targetting_pos=5,1|9,30|2,29|12,1|15,1|19,30|22,29|
#type=2,2,2,2,2,2,2,
LlRruRR
#000000000000000
#assigned_pet=-1,-1,-1,-1,-1,-1,-1,
#assigned_hub=-1,-1,-1,-1,-1,-1,-1,
#moving_targetting_pos=5,30|9,2|2,1|12,29|15,30|19,2|22,1|
#setting_targetting_pos=5,1|9,30|2,29|12,1|15,1|19,30|22,29|
#type=2,2,2,2,2,2,2,
uuRdLdR
#000000000000000
#assigned_pet=-1,-1,-1,-1,-1,-1,-1,
#assigned_hub=-1,-1,-1,-1,-1,-1,-1,
#moving_targetting_pos=5,30|9,2|2,1|12,29|15,30|19,2|22,1|
#setting_targetting_pos=5,1|9,30|2,29|12,1|15,1|19,30|22,29|
#type=2,2,2,2,2,2,2,
LRdLLRd
#000000000000000
#assigned_pet=-1,-1,-1,-1,-1,-1,-1,
#assigned_hub=-1,-1,-1,-1,-1,-1,-1,
#moving_targetting_pos=5,30|9,2|2,1|12,29|15,30|19,2|22,1|
#setting_targetting_pos=5,1|9,30|2,29|12,1|15,1|19,30|22,29|
#type=2,2,2,2,2,2,2,
LRuLLRu
#000000000000000
#assigned_pet=-1,-1,-1,-1,-1,-1,-1,
#assigned_hub=-1,-1,-1,-1,-1,-1,-1,
#moving_targetting_pos=5,30|9,2|2,1|12,29|15,30|19,2|22,1|
#setting_targetting_pos=5,1|9,30|2,29|12,1|15,1|19,30|22,29|
#type=2,2,2,2,2,2,2,
LdRLLlR
#000000000000000
#assigned_pet=-1,-1,-1,-1,-1,-1,-1,
#assigned_hub=-1,-1,-1,-1,-1,-1,-1,
#moving_targetting_pos=5,30|9,2|2,1|12,29|15,30|19,2|22,1|
#setting_targetting_pos=5,1|9,30|2,29|12,1|15,1|19,30|22,29|
#type=2,2,2,2,2,2,2,
LRlduul
#000000000000000
#assigned_pet=-1,-1,-1,-1,-1,-1,-1,
#assigned_hub=-1,-1,-1,-1,-1,-1,-1,
#moving_targetting_pos=5,30|9,2|2,1|12,29|15,30|19,2|22,1|
#setting_targetting_pos=5,1|9,30|2,29|12,1|15,1|19,30|22,29|
#type=2,2,2,2,2,2,2,
ulRuLRR
#000000000000000
#assigned_pet=-1,-1,-1,-1,-1,-1,-1,
#assigned_hub=-1,-1,-1,-1,-1,-1,-1,
#moving_targetting_pos=5,30|9,2|2,1|12,29|15,30|19,2|22,1|
#setting_targetting_pos=5,1|9,30|2,29|12,1|15,1|19,30|22,29|
#type=2,2,2,2,2,2,2,
LRRLdRR
#000000000000000
#assigned_pet=-1,-1,-1,-1,-1,-1,-1,
#assigned_hub=-1,-1,-1,-1,-1,-1,-1,
#moving_targetting_pos=5,30|9,2|2,1|12,29|15,30|19,2|22,1|
#setting_targetting_pos=5,1|9,30|2,29|12,1|15,1|19,30|22,29|
#type=2,2,2,2,2,2,2,
.udrLdd
#000000000000000
#assigned_pet=-1,-1,-1,-1,-1,-1,-1,
#assigned_hub=-1,-1,-1,-1,-1,-1,-1,
#moving_targetting_pos=5,30|9,2|2,1|12,29|15,30|19,2|22,1|
#setting_targetting_pos=5,1|9,30|2,29|12,1|15,1|19,30|22,29|
#type=2,2,2,2,2,2,2,
.RRLdRR
#000000000000000
#assigned_pet=-1,-1,-1,-1,-1,-1,-1,
#assigned_hub=-1,-1,-1,-1,-1,-1,-1,
#moving_targetting_pos=5,30|9,2|2,1|12,29|15,30|19,2|22,1|
#setting_targetting_pos=5,1|9,30|2,29|12,1|15,1|19,30|22,29|
#type=2,2,2,2,2,2,2,
dRRLLlR
#000000000000000
#assigned_pet=-1,-1,-1,-1,-1,-1,-1,
#assigned_hub=-1,-1,-1,-1,-1,-1,-1,
#moving_targetting_pos=5,30|9,2|2,1|12,29|15,30|19,2|22,1|
#setting_targetting_pos=5,1|9,30|2,29|12,1|15,1|19,30|22,29|
#type=2,2,2,2,2,2,2,
LllddRl
#000000000000000
#assigned_pet=-1,-1,-1,-1,-1,-1,-1,
#assigned_hub=-1,-1,-1,-1,-1,-1,-1,
#moving_targetting_pos=5,30|9,2|2,1|12,29|15,30|19,2|22,1|
#setting_targetting_pos=5,1|9,30|2,29|12,1|15,1|19,30|22,29|
#type=2,2,2,2,2,2,2,
dduLLu.
#000000000000000
#assigned_pet=-1,-1,-1,-1,-1,-1,-1,
#assigned_hub=-1,-1,-1,-1,-1,-1,-1,
#moving_targetting_pos=5,30|25,30|2,1|12,29|15,30|19,2|22,1|
#setting_targetting_pos=5,1|25,1|2,29|12,1|15,1|19,30|22,29|
#type=2,1,2,2,2,2,2,
LURLdR.
#000000000000000
#assigned_pet=-1,-1,-1,-1,-1,-1,-1,
#assigned_hub=-1,-1,-1,-1,-1,-1,-1,
#moving_targetting_pos=5,30|25,30|2,1|12,29|15,30|19,2|22,1|
#setting_targetting_pos=5,1|25,1|2,29|12,1|15,1|19,30|22,29|
#type=2,1,2,2,2,2,2,
dLRrLR.
#000000000000000
#assigned_pet=-1,-1,-1,-1,-1,-1,-1,
#assigned_hub=-1,-1,-1,-1,-1,-1,-1,
#moving_targetting_pos=29,2|25,30|2,1|12,29|15,30|19,2|22,1|
#setting_targetting_pos=29,30|25,1|2,29|12,1|15,1|19,30|22,29|
#type=1,1,2,2,2,2,2,
RUludl.
#000000000000000
#assigned_pet=-1,-1,-1,-1,-1,-1,-1,
#assigned_hub=-1,-1,-1,-1,-1,-1,-1,
#moving_targetting_pos=29,2|25,30|2,1|12,29|15,30|19,2|22,1|
#setting_targetting_pos=29,30|25,1|2,29|12,1|15,1|19,30|22,29|
#type=1,1,2,2,2,2,2,
RLdLLd.
#000000000000000
#assigned_pet=-1,-1,-1,-1,-1,-1,-1,
#assigned_hub=-1,-1,-1,-1,-1,5,-1,
#moving_targetting_pos=29,2|25,30|2,1|12,29|15,30|16,26|22,1|
#setting_targetting_pos=29,30|25,1|2,29|12,1|15,1|19,30|22,29|
#type=1,1,2,2,2,3,2,
RLRLuU.
#000000000000000
#assigned_pet=-1,-1,-1,-1,-1,-1,-1,
#assigned_hub=-1,-1,-1,-1,-1,5,-1,
#moving_targetting_pos=29,2|25,30|2,1|12,29|15,30|16,26|22,1|
#setting_targetting_pos=29,30|25,1|2,29|12,1|15,1|-1,-1|22,29|
#type=1,1,2,2,2,3,2,
RDRrLL.
#000000000000000
#assigned_pet=-1,-1,-1,-1,-1,-1,-1,
#assigned_hub=-1,-1,-1,-1,-1,5,-1,
#moving_targetting_pos=29,2|25,30|2,1|12,29|15,30|16,26|22,1|
#setting_targetting_pos=29,30|25,1|2,29|12,1|15,1|-1,-1|22,29|
#type=1,1,2,2,2,3,2,
DDRdLU.
#000000000000000
#assigned_pet=-1,-1,-1,-1,-1,-1,-1,
#assigned_hub=-1,-1,-1,-1,-1,5,-1,
#moving_targetting_pos=29,2|25,30|2,1|12,29|15,30|16,26|22,1|
#setting_targetting_pos=29,30|25,1|2,29|12,1|15,1|-1,-1|22,29|
#type=1,1,2,2,2,3,2,
DDdLLLu
#000000000000000
#assigned_pet=-1,-1,-1,-1,-1,-1,-1,
#assigned_hub=-1,-1,-1,-1,-1,5,-1,
#moving_targetting_pos=29,2|25,30|2,1|12,29|15,30|16,26|22,1|
#setting_targetting_pos=29,30|25,1|2,29|12,1|15,1|-1,-1|22,29|
#type=1,1,2,2,2,3,2,
DDuLLLR
#000010000000000
#assigned_pet=-1,-1,-1,-1,-1,4,-1,
#assigned_hub=-1,-1,-1,-1,-1,5,-1,
#moving_targetting_pos=29,2|25,30|2,1|12,29|15,30|-1,-1|22,1|
#setting_targetting_pos=29,30|25,1|2,29|12,1|15,1|17,28|22,29|
#type=1,1,2,2,2,5,2,
DDRLurR
#000010000000000
#assigned_pet=-1,-1,-1,-1,-1,-1,-1,
#assigned_hub=-1,-1,-1,-1,-1,5,-1,
#moving_targetting_pos=29,2|25,30|2,1|12,29|15,30|-1,-1|22,1|
#setting_targetting_pos=29,30|25,1|2,29|12,1|15,1|-1,-1|22,29|
#type=1,1,2,2,2,4,2,
DDldL.l
#000010000000000
#assigned_pet=-1,-1,-1,-1,-1,-1,-1,
#assigned_hub=-1,-1,-1,-1,-1,5,-1,
#moving_targetting_pos=29,2|25,30|2,1|12,29|15,30|-1,-1|22,1|
#setting_targetting_pos=29,30|25,1|2,29|12,1|15,1|-1,-1|22,29|
#type=1,1,2,2,2,4,2,
DDRu..d
#000010000000000
#assigned_pet=-1,-1,-1,-1,-1,-1,-1,
#assigned_hub=-1,-1,-1,-1,-1,5,-1,
#moving_targetting_pos=29,2|25,30|2,1|12,29|15,30|-1,-1|22,1|
#setting_targetting_pos=29,30|25,1|2,29|12,1|15,1|-1,-1|22,29|
#type=1,1,2,2,2,4,2,
DDRL..R
#000010000000000
#assigned_pet=-1,-1,-1,-1,-1,-1,-1,
#assigned_hub=-1,-1,-1,-1,-1,5,-1,
#moving_targetting_pos=29,2|25,30|2,1|12,29|15,30|-1,-1|22,1|
#setting_targetting_pos=29,30|25,1|2,29|12,1|15,1|-1,-1|22,29|
#type=1,1,2,2,2,4,2,
DDrr..R
#000010000000000
#assigned_pet=-1,-1,-1,-1,-1,-1,-1,
#assigned_hub=-1,-1,-1,-1,-1,5,-1,
#moving_targetting_pos=29,2|25,30|2,1|12,29|15,30|-1,-1|22,1|
#setting_targetting_pos=29,30|25,1|2,29|12,1|15,1|-1,-1|22,29|
#type=1,1,2,2,2,4,2,
DDdLd.R
#000010000000000
#assigned_pet=-1,-1,-1,-1,-1,-1,-1,
#assigned_hub=-1,-1,2,-1,-1,5,-1,
#moving_targetting_pos=29,2|25,30|6,26|12,29|15,30|-1,-1|22,1|
#setting_targetting_pos=29,30|25,1|2,29|12,1|15,1|-1,-1|22,29|
#type=1,1,3,2,2,4,2,
DDLLL.d
#000010000000000
#assigned_pet=-1,-1,-1,-1,-1,-1,-1,
#assigned_hub=-1,-1,2,-1,-1,5,-1,
#moving_targetting_pos=29,2|25,30|6,26|12,29|15,30|-1,-1|22,1|
#setting_targetting_pos=29,30|25,1|-1,-1|12,1|15,1|-1,-1|22,29|
#type=1,1,3,2,2,4,2,
DDL...u
#000010000000000
#assigned_pet=-1,-1,-1,-1,-1,-1,-1,
#assigned_hub=-1,-1,2,-1,-1,5,-1,
#moving_targetting_pos=29,2|25,30|6,26|12,29|15,30|-1,-1|22,1|
#setting_targetting_pos=29,30|25,1|-1,-1|12,1|15,1|-1,-1|22,29|
#type=1,1,3,2,2,4,2,
DRD.d.R
#000010000000000
#assigned_pet=-1,-1,-1,-1,-1,-1,-1,
#assigned_hub=-1,-1,2,-1,-1,5,-1,
#moving_targetting_pos=29,2|25,30|6,26|12,29|15,30|-1,-1|22,1|
#setting_targetting_pos=29,30|25,1|-1,-1|12,1|15,1|-1,-1|22,29|
#type=1,1,3,2,2,4,2,
DDD.L.l
#000010000000000
#assigned_pet=-1,-1,-1,-1,-1,-1,-1,
#assigned_hub=-1,-1,2,-1,-1,5,-1,
#moving_targetting_pos=29,2|25,30|6,26|12,29|15,30|-1,-1|22,1|
#setting_targetting_pos=29,30|25,1|-1,-1|12,1|15,1|-1,-1|22,29|
#type=1,1,3,2,2,4,2,
DRL.d.R
#000010000000000
#assigned_pet=-1,-1,-1,-1,-1,-1,-1,
#assigned_hub=-1,-1,2,-1,3,5,-1,
#moving_targetting_pos=29,2|25,30|-1,-1|12,29|16,6|-1,-1|22,1|
#setting_targetting_pos=29,30|25,1|-1,-1|12,1|15,1|-1,-1|22,29|
#type=1,1,4,2,3,4,2,
LD..R.R
#000010000000000
#assigned_pet=-1,-1,-1,-1,-1,-1,-1,
#assigned_hub=-1,-1,2,-1,3,5,-1,
#moving_targetting_pos=29,2|25,30|-1,-1|12,29|16,6|-1,-1|22,1|
#setting_targetting_pos=29,30|25,1|-1,-1|12,1|-1,-1|-1,-1|22,29|
#type=1,1,4,2,3,4,2,
DR.dR.r
#000010000000000
#assigned_pet=-1,-1,-1,-1,-1,-1,-1,
#assigned_hub=-1,-1,2,-1,3,5,-1,
#moving_targetting_pos=29,2|25,30|-1,-1|12,29|16,6|-1,-1|22,1|
#setting_targetting_pos=29,30|25,1|-1,-1|12,1|-1,-1|-1,-1|22,29|
#type=1,1,4,2,3,4,2,
DL.LR.d
#000010000000000
#assigned_pet=-1,-1,-1,-1,-1,-1,-1,
#assigned_hub=-1,-1,2,-1,3,5,4,
#moving_targetting_pos=29,2|25,30|-1,-1|12,29|16,6|-1,-1|16,16|
#setting_targetting_pos=29,30|25,1|-1,-1|12,1|-1,-1|-1,-1|22,29|
#type=1,1,4,2,3,4,3,
DL.LR.L
#000010000000000
#assigned_pet=-1,-1,-1,-1,9,-1,-1,
#assigned_hub=-1,-1,2,-1,3,5,4,
#moving_targetting_pos=29,2|25,30|-1,-1|12,29|-1,-1|-1,-1|16,16|
#setting_targetting_pos=29,30|25,1|-1,-1|12,1|17,4|-1,-1|-1,-1|
#type=1,1,4,2,4,4,3,
DD.rL.L
#000010000000000
#assigned_pet=-1,-1,-1,-1,9,-1,-1,
#assigned_hub=-1,-1,2,-1,3,5,4,
#moving_targetting_pos=29,2|25,30|-1,-1|12,29|-1,-1|-1,-1|16,16|
#setting_targetting_pos=29,30|25,1|-1,-1|12,1|17,4|-1,-1|-1,-1|
#type=1,1,4,2,4,4,3,
DD.uD.U
#000010000100000
#assigned_pet=-1,-1,-1,-1,9,-1,-1,
#assigned_hub=-1,-1,2,0,3,5,4,
#moving_targetting_pos=29,2|25,30|-1,-1|6,6|-1,-1|-1,-1|16,16|
#setting_targetting_pos=29,30|25,1|-1,-1|12,1|17,4|-1,-1|-1,-1|
#type=1,1,4,3,5,4,3,
LD.Dd.U
#000010000100000
#assigned_pet=-1,-1,-1,-1,-1,-1,-1,
#assigned_hub=-1,-1,2,0,3,5,4,
#moving_targetting_pos=29,2|25,30|-1,-1|6,6|-1,-1|-1,-1|16,16|
#setting_targetting_pos=29,30|25,1|-1,-1|-1,-1|-1,-1|-1,-1|-1,-1|
#type=1,1,4,3,4,4,3,
LR.R..U
#000010000100000
#assigned_pet=-1,-1,-1,-1,-1,-1,-1,
#assigned_hub=-1,-1,2,0,3,5,4,
#moving_targetting_pos=29,2|25,30|-1,-1|6,6|-1,-1|-1,-1|16,16|
#setting_targetting_pos=29,30|25,1|-1,-1|-1,-1|-1,-1|-1,-1|-1,-1|
#type=1,1,4,3,4,4,3,
DR.D..U
#000010000100000
#assigned_pet=-1,-1,-1,-1,-1,-1,-1,
#assigned_hub=-1,-1,2,0,3,5,4,
#moving_targetting_pos=29,2|25,30|-1,-1|6,6|-1,-1|-1,-1|16,16|
#setting_targetting_pos=29,30|25,1|-1,-1|-1,-1|-1,-1|-1,-1|-1,-1|
#type=1,1,4,3,4,4,3,
DD.R..L
#000010000100000
#assigned_pet=-1,-1,-1,-1,-1,-1,-1,
#assigned_hub=-1,-1,2,0,3,5,4,
#moving_targetting_pos=29,2|25,30|-1,-1|6,6|-1,-1|-1,-1|16,16|
#setting_targetting_pos=29,30|25,1|-1,-1|-1,-1|-1,-1|-1,-1|-1,-1|
#type=1,2,4,3,4,4,3,
Dd.D..L
#000010000100000
#assigned_pet=-1,-1,-1,-1,-1,-1,-1,
#assigned_hub=-1,-1,2,0,3,5,4,
#moving_targetting_pos=29,2|25,30|-1,-1|6,6|-1,-1|-1,-1|16,16|
#setting_targetting_pos=29,30|25,1|-1,-1|-1,-1|-1,-1|-1,-1|-1,-1|
#type=1,2,4,3,4,4,3,
DL.R..U
#000010000100000
#assigned_pet=-1,-1,8,-1,-1,8,-1,
#assigned_hub=-1,-1,2,0,3,5,4,
#moving_targetting_pos=29,2|25,30|-1,-1|6,6|-1,-1|-1,-1|16,16|
#setting_targetting_pos=29,30|25,1|8,27|-1,-1|-1,-1|14,27|-1,-1|
#type=1,2,4,3,4,4,3,
DdRR.UL
#000010000100000
#assigned_pet=-1,-1,8,-1,-1,8,-1,
#assigned_hub=-1,-1,2,0,3,5,4,
#moving_targetting_pos=29,2|25,30|-1,-1|6,6|-1,-1|-1,-1|16,16|
#setting_targetting_pos=29,30|25,1|8,27|-1,-1|-1,-1|14,27|-1,-1|
#type=2,2,4,3,4,4,3,
dLDU.UL
#000010000100000
#assigned_pet=-1,-1,8,-1,-1,8,-1,
#assigned_hub=-1,-1,2,0,3,5,4,
#moving_targetting_pos=29,2|25,30|-1,-1|6,6|-1,-1|-1,-1|16,16|
#setting_targetting_pos=29,30|25,1|8,27|-1,-1|-1,-1|14,27|-1,-1|
#type=2,2,4,3,4,4,3,
RuDU..L
#000010000100000
#assigned_pet=-1,-1,8,-1,-1,8,-1,
#assigned_hub=-1,-1,2,0,3,5,4,
#moving_targetting_pos=29,2|25,30|-1,-1|6,6|-1,-1|-1,-1|16,16|
#setting_targetting_pos=29,30|25,1|8,27|-1,-1|-1,-1|14,27|-1,-1|
#type=2,2,4,3,4,4,3,
RLDU..L
#000010000100000
#assigned_pet=-1,-1,8,-1,-1,8,-1,
#assigned_hub=-1,-1,2,0,3,5,4,
#moving_targetting_pos=29,2|25,30|-1,-1|6,6|-1,-1|-1,-1|16,16|
#setting_targetting_pos=29,30|25,1|8,27|-1,-1|-1,-1|14,27|-1,-1|
#type=2,2,4,3,4,4,3,
lL.U..L
#000010000100000
#assigned_pet=-1,-1,8,-1,-1,8,-1,
#assigned_hub=-1,-1,2,0,3,5,4,
#moving_targetting_pos=29,2|25,30|-1,-1|6,6|-1,-1|-1,-1|16,16|
#setting_targetting_pos=29,30|25,1|8,27|-1,-1|-1,-1|14,27|-1,-1|
#type=2,2,4,3,4,4,3,
uL.U..L
#000010000100000
#assigned_pet=-1,-1,-1,-1,-1,-1,-1,
#assigned_hub=-1,-1,2,0,3,5,4,
#moving_targetting_pos=29,2|25,30|-1,-1|6,6|-1,-1|-1,-1|16,16|
#setting_targetting_pos=29,30|25,1|-1,-1|-1,-1|-1,-1|-1,-1|-1,-1|
#type=2,2,4,3,4,4,3,
RL.U..L
#000010000100000
#assigned_pet=-1,-1,-1,-1,-1,-1,-1,
#assigned_hub=-1,-1,2,0,3,5,4,
#moving_targetting_pos=29,2|25,30|-1,-1|6,6|-1,-1|-1,-1|16,16|
#setting_targetting_pos=29,30|25,1|-1,-1|-1,-1|-1,-1|-1,-1|-1,-1|
#type=2,2,4,3,4,4,3,
Ru.U..L
#000010000100000
#assigned_pet=-1,-1,-1,-1,-1,3,3,
#assigned_hub=-1,-1,2,0,3,5,4,
#moving_targetting_pos=29,2|25,30|-1,-1|6,6|-1,-1|-1,-1|-1,-1|
#setting_targetting_pos=29,30|25,1|-1,-1|-1,-1|-1,-1|15,24|15,18|
#type=2,2,4,3,4,4,4,
dL.R.LR
#000010000100000
#assigned_pet=-1,-1,-1,7,7,3,3,
#assigned_hub=-1,-1,2,0,3,5,4,
#moving_targetting_pos=29,2|25,30|-1,-1|-1,-1|-1,-1|-1,-1|-1,-1|
#setting_targetting_pos=29,30|25,1|-1,-1|8,5|14,5|15,24|15,18|
#type=2,2,4,4,4,4,4,
Rd..RLU
#000010000100000
#assigned_pet=-1,-1,-1,7,7,3,3,
#assigned_hub=-1,-1,2,0,3,5,4,
#moving_targetting_pos=29,2|25,30|-1,-1|-1,-1|-1,-1|-1,-1|-1,-1|
#setting_targetting_pos=29,30|25,1|-1,-1|8,5|14,5|15,24|15,18|
#type=2,2,4,4,4,4,4,
lL..U..
#000010000100000
#assigned_pet=-1,-1,-1,7,7,13,13,
#assigned_hub=-1,-1,2,0,3,5,4,
#moving_targetting_pos=29,2|25,30|-1,-1|-1,-1|-1,-1|-1,-1|-1,-1|
#setting_targetting_pos=29,30|25,1|-1,-1|8,5|14,5|17,24|17,18|
#type=2,2,4,4,4,4,4,
Rd...L.
#000010010100001
#assigned_pet=-1,-1,-1,7,7,13,13,
#assigned_hub=-1,-1,2,0,3,5,4,
#moving_targetting_pos=29,2|25,30|-1,-1|-1,-1|-1,-1|-1,-1|-1,-1|
#setting_targetting_pos=29,30|25,1|-1,-1|8,5|14,5|17,24|17,18|
#type=2,2,4,5,5,4,4,
uL.luD.
#000010010100011
#assigned_pet=-1,-1,-1,-1,-1,13,13,
#assigned_hub=-1,-1,2,0,3,5,4,
#moving_targetting_pos=29,2|25,30|-1,-1|-1,-1|-1,-1|-1,-1|-1,-1|
#setting_targetting_pos=29,30|25,1|-1,-1|-1,-1|-1,-1|17,24|17,18|
#type=2,2,4,4,4,5,5,
Rd...dd
#000010010100011
#assigned_pet=-1,-1,-1,-1,-1,-1,-1,
#assigned_hub=-1,-1,2,0,3,5,4,
#moving_targetting_pos=29,2|25,30|-1,-1|-1,-1|-1,-1|-1,-1|-1,-1|
#setting_targetting_pos=29,30|25,1|-1,-1|-1,-1|-1,-1|-1,-1|-1,-1|
#type=2,2,4,4,4,4,4,
RL.....
#000010010100011
#assigned_pet=-1,-1,-1,-1,-1,11,11,
#assigned_hub=-1,-1,2,0,3,5,4,
#moving_targetting_pos=29,2|25,30|-1,-1|-1,-1|-1,-1|-1,-1|-1,-1|
#setting_targetting_pos=29,30|25,1|-1,-1|-1,-1|-1,-1|15,24|15,18|
#type=2,2,4,4,4,4,4,
ld.....
#000010010100011
#assigned_pet=-1,-1,-1,-1,-1,11,11,
#assigned_hub=-1,-1,2,0,3,5,4,
#moving_targetting_pos=29,2|25,30|-1,-1|-1,-1|-1,-1|-1,-1|-1,-1|
#setting_targetting_pos=29,30|25,1|-1,-1|-1,-1|-1,-1|15,24|15,18|
#type=2,2,4,4,4,4,4,
dL.....
#000010010101011
#assigned_pet=-1,-1,-1,-1,-1,11,11,
#assigned_hub=-1,-1,2,0,3,5,4,
#moving_targetting_pos=29,2|25,30|-1,-1|-1,-1|-1,-1|-1,-1|-1,-1|
#setting_targetting_pos=29,30|25,1|-1,-1|-1,-1|-1,-1|15,24|15,18|
#type=2,2,4,4,4,5,5,
Rd...uu
#000010010101011
#assigned_pet=-1,-1,-1,-1,3,-1,3,
#assigned_hub=-1,-1,2,0,3,5,4,
#moving_targetting_pos=29,2|25,30|-1,-1|-1,-1|-1,-1|-1,-1|-1,-1|
#setting_targetting_pos=29,30|25,1|-1,-1|-1,-1|15,8|-1,-1|15,14|
#type=2,2,4,4,4,4,4,
RL..R.L
#000010010101011
#assigned_pet=-1,-1,-1,-1,3,-1,3,
#assigned_hub=-1,-1,2,0,3,5,4,
#moving_targetting_pos=29,2|25,30|-1,-1|-1,-1|-1,-1|-1,-1|-1,-1|
#setting_targetting_pos=29,30|25,1|-1,-1|-1,-1|15,8|-1,-1|15,14|
#type=2,2,4,4,4,4,4,
du..R.L
#000010010101011
#assigned_pet=-1,-1,-1,-1,3,-1,3,
#assigned_hub=-1,-1,2,0,3,5,4,
#moving_targetting_pos=29,2|25,30|-1,-1|-1,-1|-1,-1|-1,-1|-1,-1|
#setting_targetting_pos=29,30|25,1|-1,-1|-1,-1|15,8|-1,-1|15,14|
#type=2,2,4,4,4,4,4,
RL....L
#000010010101011
#assigned_pet=-1,-1,-1,-1,3,-1,3,
#assigned_hub=-1,-1,2,0,3,5,4,
#moving_targetting_pos=29,2|25,30|-1,-1|-1,-1|-1,-1|-1,-1|-1,-1|
#setting_targetting_pos=29,30|25,1|-1,-1|-1,-1|15,8|-1,-1|15,14|
#type=2,2,4,4,4,4,4,
RL....L
#000110010101111
#assigned_pet=-1,-1,-1,-1,3,-1,3,
#assigned_hub=-1,-1,2,0,3,5,4,
#moving_targetting_pos=29,2|25,30|-1,-1|-1,-1|-1,-1|-1,-1|-1,-1|
#setting_targetting_pos=29,30|25,1|-1,-1|-1,-1|15,8|-1,-1|15,14|
#type=2,2,4,4,5,4,5,
lL..r.u
#000110010101111
#assigned_pet=-1,-1,-1,-1,-1,-1,-1,
#assigned_hub=-1,-1,2,0,3,5,4,
#moving_targetting_pos=29,2|25,30|-1,-1|-1,-1|-1,-1|-1,-1|-1,-1|
#setting_targetting_pos=29,30|25,1|-1,-1|-1,-1|-1,-1|-1,-1|-1,-1|
#type=2,2,4,4,4,4,4,
uL.....
#000110010101111
#assigned_pet=-1,-1,-1,-1,-1,-1,-1,
#assigned_hub=-1,-1,2,0,3,5,4,
#moving_targetting_pos=29,2|25,30|-1,-1|-1,-1|-1,-1|-1,-1|-1,-1|
#setting_targetting_pos=29,30|25,1|-1,-1|-1,-1|-1,-1|-1,-1|-1,-1|
#type=2,2,4,4,4,4,4,
Ru.....
#000110010101111
#assigned_pet=-1,-1,-1,-1,-1,-1,-1,
#assigned_hub=-1,-1,2,0,3,5,4,
#moving_targetting_pos=29,2|25,30|-1,-1|-1,-1|-1,-1|-1,-1|-1,-1|
#setting_targetting_pos=29,30|25,1|-1,-1|-1,-1|-1,-1|-1,-1|-1,-1|
#type=2,2,4,4,4,4,4,
RL.....
#000110010101111
#assigned_pet=-1,-1,-1,-1,-1,-1,-1,
#assigned_hub=-1,-1,2,0,3,5,4,
#moving_targetting_pos=29,2|25,30|-1,-1|-1,-1|-1,-1|-1,-1|-1,-1|
#setting_targetting_pos=29,30|25,1|-1,-1|-1,-1|-1,-1|-1,-1|-1,-1|
#type=2,2,4,4,4,4,4,
dd.....
#000110010101111
#assigned_pet=-1,-1,-1,-1,-1,-1,-1,
#assigned_hub=-1,-1,2,0,3,5,4,
#moving_targetting_pos=29,2|25,30|-1,-1|-1,-1|-1,-1|-1,-1|-1,-1|
#setting_targetting_pos=29,30|25,1|-1,-1|-1,-1|-1,-1|-1,-1|-1,-1|
#type=2,2,4,4,4,4,4,
RL.....
#000110010101111
#assigned_pet=-1,-1,-1,-1,-1,-1,-1,
#assigned_hub=-1,-1,2,0,3,5,4,
#moving_targetting_pos=29,2|25,30|-1,-1|-1,-1|-1,-1|-1,-1|-1,-1|
#setting_targetting_pos=29,30|25,1|-1,-1|-1,-1|-1,-1|-1,-1|-1,-1|
#type=2,2,4,4,4,4,4,
ld.....
#000110010101111
#assigned_pet=-1,-1,-1,-1,-1,-1,-1,
#assigned_hub=-1,-1,2,0,3,5,4,
#moving_targetting_pos=29,2|25,30|-1,-1|-1,-1|-1,-1|-1,-1|-1,-1|
#setting_targetting_pos=29,30|25,1|-1,-1|-1,-1|-1,-1|-1,-1|-1,-1|
#type=2,2,4,4,4,4,4,
RL.....
#000110010101111
#assigned_pet=-1,-1,-1,-1,-1,-1,-1,
#assigned_hub=-1,-1,2,0,3,5,4,
#moving_targetting_pos=29,2|25,30|-1,-1|-1,-1|-1,-1|-1,-1|-1,-1|
#setting_targetting_pos=29,30|25,1|-1,-1|-1,-1|-1,-1|-1,-1|-1,-1|
#type=2,2,4,4,4,4,4,
ud.....
#000110010101111
#assigned_pet=-1,-1,-1,-1,-1,-1,-1,
#assigned_hub=-1,-1,2,0,3,5,4,
#moving_targetting_pos=29,2|25,30|-1,-1|-1,-1|-1,-1|-1,-1|-1,-1|
#setting_targetting_pos=29,30|25,1|-1,-1|-1,-1|-1,-1|-1,-1|-1,-1|
#type=2,2,4,4,4,4,4,
RL.....
#000110010101111
#assigned_pet=-1,-1,-1,-1,-1,-1,-1,
#assigned_hub=-1,-1,2,0,3,5,4,
#moving_targetting_pos=29,2|25,30|-1,-1|-1,-1|-1,-1|-1,-1|-1,-1|
#setting_targetting_pos=29,30|25,1|-1,-1|-1,-1|-1,-1|-1,-1|-1,-1|
#type=2,2,4,4,4,4,4,
Rd.....
#000110010101111
#assigned_pet=-1,-1,-1,-1,-1,-1,-1,
#assigned_hub=-1,-1,2,0,3,5,4,
#moving_targetting_pos=29,2|25,30|-1,-1|-1,-1|-1,-1|-1,-1|-1,-1|
#setting_targetting_pos=29,30|25,1|-1,-1|-1,-1|-1,-1|-1,-1|-1,-1|
#type=2,2,4,4,4,4,4,
lL.....
#000110010101111
#assigned_pet=-1,-1,-1,-1,-1,-1,-1,
#assigned_hub=-1,-1,2,0,3,5,4,
#moving_targetting_pos=29,2|25,30|-1,-1|-1,-1|-1,-1|-1,-1|-1,-1|
#setting_targetting_pos=29,30|25,1|-1,-1|-1,-1|-1,-1|-1,-1|-1,-1|
#type=2,2,4,4,4,4,4,
dd.....
#000110010101111
#assigned_pet=-1,-1,0,-1,-1,0,-1,
#assigned_hub=-1,-1,2,0,3,5,4,
#moving_targetting_pos=29,2|25,30|-1,-1|-1,-1|-1,-1|-1,-1|-1,-1|
#setting_targetting_pos=29,30|25,1|8,27|-1,-1|-1,-1|14,27|-1,-1|
#type=2,2,4,4,4,4,4,
RL...R.
#000110010101111
#assigned_pet=-1,-1,0,-1,-1,0,-1,
#assigned_hub=-1,-1,2,0,3,5,4,
#moving_targetting_pos=29,2|25,30|-1,-1|-1,-1|-1,-1|-1,-1|-1,-1|
#setting_targetting_pos=29,30|25,1|8,27|-1,-1|-1,-1|14,27|-1,-1|
#type=2,2,4,4,4,4,4,
Ru...R.
#000110010101111
#assigned_pet=-1,-1,0,-1,-1,0,-1,
#assigned_hub=-1,-1,2,0,3,5,4,
#moving_targetting_pos=29,2|25,30|-1,-1|-1,-1|-1,-1|-1,-1|-1,-1|
#setting_targetting_pos=29,30|25,1|8,27|-1,-1|-1,-1|14,27|-1,-1|
#type=2,2,4,4,4,4,4,
dL...R.
#000110010101111
#assigned_pet=-1,-1,0,-1,-1,0,-1,
#assigned_hub=-1,-1,2,0,3,5,4,
#moving_targetting_pos=29,2|25,30|-1,-1|-1,-1|-1,-1|-1,-1|-1,-1|
#setting_targetting_pos=29,30|25,1|8,27|-1,-1|-1,-1|14,27|-1,-1|
#type=2,2,4,4,4,4,4,
RL...U.
#100110010101111
#assigned_pet=-1,-1,0,-1,-1,0,-1,
#assigned_hub=-1,-1,2,0,3,5,4,
#moving_targetting_pos=29,2|25,30|-1,-1|-1,-1|-1,-1|-1,-1|-1,-1|
#setting_targetting_pos=29,30|25,1|8,27|-1,-1|-1,-1|14,27|-1,-1|
#type=2,2,5,4,4,5,4,
RLd..u.
#100110010101111
#assigned_pet=-1,-1,-1,-1,-1,-1,-1,
#assigned_hub=-1,-1,2,0,3,5,4,
#moving_targetting_pos=29,2|25,30|-1,-1|-1,-1|-1,-1|-1,-1|-1,-1|
#setting_targetting_pos=29,30|25,1|-1,-1|-1,-1|-1,-1|-1,-1|-1,-1|
#type=2,2,4,4,4,4,4,
lL.....
#100110010101111
#assigned_pet=-1,-1,-1,-1,-1,-1,-1,
#assigned_hub=-1,-1,2,0,3,1,4,
#moving_targetting_pos=29,2|25,30|-1,-1|-1,-1|-1,-1|6,16|-1,-1|
#setting_targetting_pos=29,30|25,1|-1,-1|-1,-1|-1,-1|-1,-1|-1,-1|
#type=2,2,4,4,4,3,4,
uu...L.
#100110010101111
#assigned_pet=-1,-1,-1,-1,-1,-1,-1,
#assigned_hub=-1,-1,2,0,3,1,4,
#moving_targetting_pos=29,2|25,30|-1,-1|-1,-1|-1,-1|6,16|-1,-1|
#setting_targetting_pos=29,30|25,1|-1,-1|-1,-1|-1,-1|-1,-1|-1,-1|
#type=2,2,4,4,4,3,4,
RL...L.
#100110010101111
#assigned_pet=-1,-1,-1,-1,-1,-1,-1,
#assigned_hub=-1,-1,2,0,3,1,4,
#moving_targetting_pos=29,2|25,30|-1,-1|-1,-1|-1,-1|6,16|-1,-1|
#setting_targetting_pos=29,30|25,1|-1,-1|-1,-1|-1,-1|-1,-1|-1,-1|
#type=2,2,4,4,4,3,4,
Rd...U.
#100110010101111
#assigned_pet=-1,-1,-1,-1,-1,-1,-1,
#assigned_hub=-1,-1,2,0,3,1,4,
#moving_targetting_pos=29,2|25,30|-1,-1|-1,-1|-1,-1|6,16|-1,-1|
#setting_targetting_pos=29,30|25,1|-1,-1|-1,-1|-1,-1|-1,-1|-1,-1|
#type=2,2,4,4,4,3,4,
dL...U.
#100110010101111
#assigned_pet=-1,-1,-1,-1,-1,-1,-1,
#assigned_hub=-1,-1,2,0,3,1,4,
#moving_targetting_pos=29,2|25,30|-1,-1|-1,-1|-1,-1|6,16|-1,-1|
#setting_targetting_pos=29,30|25,1|-1,-1|-1,-1|-1,-1|-1,-1|-1,-1|
#type=2,2,4,4,4,3,4,
Rd...U.
#100110010101111
#assigned_pet=-1,-1,-1,-1,-1,-1,-1,
#assigned_hub=-1,-1,2,0,3,1,4,
#moving_targetting_pos=29,2|25,30|-1,-1|-1,-1|-1,-1|6,16|-1,-1|
#setting_targetting_pos=29,30|25,1|-1,-1|-1,-1|-1,-1|-1,-1|-1,-1|
#type=2,2,4,4,4,3,4,
lL...U.
#100110010101111
#assigned_pet=-1,-1,-1,-1,-1,-1,-1,
#assigned_hub=-1,-1,2,0,3,1,4,
#moving_targetting_pos=29,2|25,30|-1,-1|-1,-1|-1,-1|6,16|-1,-1|
#setting_targetting_pos=29,30|25,1|-1,-1|-1,-1|-1,-1|-1,-1|-1,-1|
#type=2,2,4,4,4,3,4,
Rd...U.
#100110010101111
#assigned_pet=-1,-1,-1,-1,-1,-1,-1,
#assigned_hub=-1,6,2,0,3,1,4,
#moving_targetting_pos=29,2|26,6|-1,-1|-1,-1|-1,-1|6,16|-1,-1|
#setting_targetting_pos=29,30|25,1|-1,-1|-1,-1|-1,-1|-1,-1|-1,-1|
#type=2,3,4,4,4,3,4,
uR...U.
#100110010101111
#assigned_pet=-1,-1,-1,-1,-1,-1,-1,
#assigned_hub=-1,6,2,0,3,1,4,
#moving_targetting_pos=29,2|26,6|-1,-1|-1,-1|-1,-1|6,16|-1,-1|
#setting_targetting_pos=29,30|-1,-1|-1,-1|-1,-1|-1,-1|-1,-1|-1,-1|
#type=2,3,4,4,4,3,4,
RR...U.
#100110010101111
#assigned_pet=-1,-1,-1,-1,-1,-1,-1,
#assigned_hub=-1,6,2,0,3,1,4,
#moving_targetting_pos=29,2|26,6|-1,-1|-1,-1|-1,-1|6,16|-1,-1|
#setting_targetting_pos=29,30|-1,-1|-1,-1|-1,-1|-1,-1|-1,-1|-1,-1|
#type=2,3,4,4,4,3,4,
RR...U.
#100110010101111
#assigned_pet=-1,-1,-1,-1,-1,-1,-1,
#assigned_hub=-1,6,2,0,3,1,4,
#moving_targetting_pos=29,2|26,6|-1,-1|-1,-1|-1,-1|6,16|-1,-1|
#setting_targetting_pos=29,30|-1,-1|-1,-1|-1,-1|-1,-1|-1,-1|-1,-1|
#type=2,3,4,4,4,3,4,
lR...L.
#100110010101111
#assigned_pet=-1,1,-1,-1,1,-1,-1,
#assigned_hub=-1,6,2,0,3,1,4,
#moving_targetting_pos=29,2|-1,-1|-1,-1|-1,-1|-1,-1|6,16|-1,-1|
#setting_targetting_pos=29,30|24,5|-1,-1|-1,-1|18,5|-1,-1|-1,-1|
#type=2,4,4,4,4,3,4,
d...LL.
#100110010101111
#assigned_pet=-1,1,-1,-1,1,-1,-1,
#assigned_hub=7,6,2,0,3,1,4,
#moving_targetting_pos=26,16|-1,-1|-1,-1|-1,-1|-1,-1|6,16|-1,-1|
#setting_targetting_pos=29,30|24,5|-1,-1|-1,-1|18,5|-1,-1|-1,-1|
#type=3,4,4,4,4,3,4,
U...LL.
#100110010101111
#assigned_pet=-1,1,-1,-1,1,-1,-1,
#assigned_hub=7,6,2,0,3,1,4,
#moving_targetting_pos=26,16|-1,-1|-1,-1|-1,-1|-1,-1|6,16|-1,-1|
#setting_targetting_pos=-1,-1|24,5|-1,-1|-1,-1|18,5|-1,-1|-1,-1|
#type=3,4,4,4,4,3,4,
L...DL.
#100110010101111
#assigned_pet=-1,1,-1,-1,1,-1,-1,
#assigned_hub=7,6,2,0,3,1,4,
#moving_targetting_pos=26,16|-1,-1|-1,-1|-1,-1|-1,-1|6,16|-1,-1|
#setting_targetting_pos=-1,-1|24,5|-1,-1|-1,-1|18,5|-1,-1|-1,-1|
#type=3,4,4,4,4,3,4,
U...DL.
#110110010101111
#assigned_pet=-1,1,-1,-1,1,-1,-1,
#assigned_hub=7,6,2,0,3,1,4,
#moving_targetting_pos=26,16|-1,-1|-1,-1|-1,-1|-1,-1|6,16|-1,-1|
#setting_targetting_pos=-1,-1|24,5|-1,-1|-1,-1|18,5|-1,-1|-1,-1|
#type=3,5,4,4,5,3,4,
Lu..dL.
#110110010101111
#assigned_pet=-1,-1,-1,-1,-1,-1,-1,
#assigned_hub=7,6,2,0,3,1,4,
#moving_targetting_pos=26,16|-1,-1|-1,-1|-1,-1|16,6|6,16|-1,-1|
#setting_targetting_pos=-1,-1|-1,-1|-1,-1|-1,-1|-1,-1|-1,-1|-1,-1|
#type=3,4,4,4,4,3,4,
L....L.
#110110010101111
#assigned_pet=-1,-1,-1,-1,-1,-1,-1,
#assigned_hub=7,6,2,0,3,1,4,
#moving_targetting_pos=26,16|-1,-1|-1,-1|-1,-1|16,6|6,16|-1,-1|
#setting_targetting_pos=-1,-1|-1,-1|-1,-1|-1,-1|-1,-1|-1,-1|-1,-1|
#type=3,4,4,4,4,3,4,
L....L.
#110110010101111
#assigned_pet=-1,-1,2,-1,-1,2,-1,
#assigned_hub=7,6,2,0,3,1,4,
#moving_targetting_pos=26,16|-1,-1|-1,-1|-1,-1|16,6|-1,-1|-1,-1|
#setting_targetting_pos=-1,-1|-1,-1|7,24|-1,-1|-1,-1|7,18|-1,-1|
#type=3,4,4,4,4,4,4,
L.L....
#110110010101111
#assigned_pet=-1,-1,2,-1,-1,2,-1,
#assigned_hub=7,6,2,0,3,1,4,
#moving_targetting_pos=26,16|-1,-1|-1,-1|-1,-1|16,6|-1,-1|-1,-1|
#setting_targetting_pos=-1,-1|-1,-1|7,24|-1,-1|-1,-1|7,18|-1,-1|
#type=3,4,4,4,4,4,4,
L.L....
#111110110101111
#assigned_pet=-1,-1,2,-1,-1,2,-1,
#assigned_hub=7,6,2,0,3,1,4,
#moving_targetting_pos=26,16|-1,-1|-1,-1|-1,-1|16,6|-1,-1|-1,-1|
#setting_targetting_pos=-1,-1|-1,-1|7,24|-1,-1|-1,-1|7,18|-1,-1|
#type=3,4,5,4,4,5,4,
L.l..r.
#111110110101111
#assigned_pet=-1,-1,-1,-1,-1,10,10,
#assigned_hub=7,6,2,0,3,1,4,
#moving_targetting_pos=26,16|-1,-1|6,26|-1,-1|-1,-1|-1,-1|-1,-1|
#setting_targetting_pos=-1,-1|-1,-1|-1,-1|-1,-1|-1,-1|8,17|14,17|
#type=3,4,4,4,4,4,4,
L.....R
#111110110101111
#assigned_pet=-1,-1,-1,-1,-1,10,10,
#assigned_hub=7,6,2,0,3,1,4,
#moving_targetting_pos=26,16|-1,-1|6,26|-1,-1|-1,-1|-1,-1|-1,-1|
#setting_targetting_pos=-1,-1|-1,-1|-1,-1|-1,-1|-1,-1|8,17|14,17|
#type=3,4,4,4,4,4,4,
L.....R
#111110110101111
#assigned_pet=-1,-1,-1,-1,-1,10,10,
#assigned_hub=7,6,2,0,3,1,4,
#moving_targetting_pos=26,16|-1,-1|6,26|-1,-1|-1,-1|-1,-1|-1,-1|
#setting_targetting_pos=-1,-1|-1,-1|-1,-1|-1,-1|-1,-1|8,17|14,17|
#type=3,4,4,4,4,4,4,
L.....R
#111110110101111
#assigned_pet=-1,-1,-1,-1,-1,10,10,
#assigned_hub=7,6,2,0,3,1,4,
#moving_targetting_pos=26,16|-1,-1|6,26|-1,-1|-1,-1|-1,-1|-1,-1|
#setting_targetting_pos=-1,-1|-1,-1|-1,-1|-1,-1|-1,-1|8,17|14,17|
#type=3,4,4,4,4,4,4,
L.....U
#111110110111111
#assigned_pet=-1,-1,-1,-1,-1,10,10,
#assigned_hub=7,6,2,0,3,1,4,
#moving_targetting_pos=26,16|-1,-1|6,26|-1,-1|-1,-1|-1,-1|-1,-1|
#setting_targetting_pos=-1,-1|-1,-1|-1,-1|-1,-1|-1,-1|8,17|14,17|
#type=3,4,4,4,4,5,5,
L....du
#111110110111111
#assigned_pet=-1,-1,-1,-1,-1,-1,-1,
#assigned_hub=7,6,2,0,3,1,4,
#moving_targetting_pos=26,16|-1,-1|6,26|-1,-1|-1,-1|-1,-1|16,16|
#setting_targetting_pos=-1,-1|-1,-1|-1,-1|-1,-1|-1,-1|-1,-1|-1,-1|
#type=3,4,4,4,4,4,4,
L......
#111110110111111
#assigned_pet=-1,-1,-1,-1,-1,-1,-1,
#assigned_hub=7,6,2,0,3,1,4,
#moving_targetting_pos=-1,-1|-1,-1|6,26|-1,-1|-1,-1|-1,-1|16,16|
#setting_targetting_pos=-1,-1|-1,-1|-1,-1|-1,-1|-1,-1|-1,-1|-1,-1|
#type=4,4,4,4,4,4,4,
.......
#111110110111111
#assigned_pet=-1,-1,-1,-1,-1,-1,-1,
#assigned_hub=7,6,2,0,3,1,4,
#moving_targetting_pos=-1,-1|-1,-1|6,26|-1,-1|-1,-1|6,16|16,16|
#setting_targetting_pos=-1,-1|-1,-1|-1,-1|-1,-1|-1,-1|-1,-1|-1,-1|
#type=4,4,4,4,4,4,4,
.......
#111110110111111
#assigned_pet=-1,-1,-1,-1,-1,-1,-1,
#assigned_hub=7,6,2,0,3,1,4,
#moving_targetting_pos=-1,-1|-1,-1|6,26|-1,-1|-1,-1|6,16|16,16|
#setting_targetting_pos=-1,-1|-1,-1|-1,-1|-1,-1|-1,-1|-1,-1|-1,-1|
#type=4,4,4,4,4,4,4,
.......
#111110110111111
#assigned_pet=-1,-1,-1,-1,-1,-1,-1,
#assigned_hub=7,6,2,0,3,1,4,
#moving_targetting_pos=-1,-1|-1,-1|6,26|-1,-1|-1,-1|6,16|16,16|
#setting_targetting_pos=-1,-1|-1,-1|-1,-1|-1,-1|-1,-1|-1,-1|-1,-1|
#type=4,4,4,4,4,4,4,
.......
#111110110111111
#assigned_pet=8,8,-1,-1,-1,-1,-1,
#assigned_hub=7,6,2,0,3,1,4,
#moving_targetting_pos=-1,-1|-1,-1|6,26|-1,-1|-1,-1|-1,-1|16,16|
#setting_targetting_pos=25,14|25,8|-1,-1|-1,-1|-1,-1|-1,-1|-1,-1|
#type=4,4,4,4,4,4,4,
LR.....
#111110110111111
#assigned_pet=8,8,-1,-1,-1,-1,-1,
#assigned_hub=7,6,2,0,3,1,4,
#moving_targetting_pos=-1,-1|-1,-1|6,26|-1,-1|-1,-1|-1,-1|16,16|
#setting_targetting_pos=25,14|25,8|-1,-1|-1,-1|-1,-1|-1,-1|-1,-1|
#type=4,4,4,4,4,4,4,
LR.....
#111110110111111
#assigned_pet=8,8,-1,-1,-1,-1,-1,
#assigned_hub=7,6,2,0,3,1,4,
#moving_targetting_pos=-1,-1|-1,-1|6,26|-1,-1|-1,-1|-1,-1|16,16|
#setting_targetting_pos=25,14|25,8|-1,-1|-1,-1|-1,-1|-1,-1|-1,-1|
#type=4,4,4,4,4,4,4,
L......
#111110110111111
#assigned_pet=8,8,-1,-1,-1,-1,-1,
#assigned_hub=7,6,2,0,3,1,4,
#moving_targetting_pos=-1,-1|-1,-1|6,26|-1,-1|16,6|-1,-1|16,16|
#setting_targetting_pos=25,14|25,8|-1,-1|-1,-1|-1,-1|-1,-1|-1,-1|
#type=4,4,4,4,4,4,4,
U......
#111110111111111
#assigned_pet=8,8,-1,-1,-1,-1,-1,
#assigned_hub=7,6,2,0,3,1,4,
#moving_targetting_pos=-1,-1|-1,-1|6,26|-1,-1|-1,-1|-1,-1|16,16|
#setting_targetting_pos=25,14|25,8|-1,-1|-1,-1|-1,-1|-1,-1|-1,-1|
#type=5,5,4,4,4,4,4,
ur.....
#111110111111111
#assigned_pet=-1,-1,-1,-1,-1,-1,-1,
#assigned_hub=7,6,2,0,3,1,4,
#moving_targetting_pos=26,16|26,6|6,26|-1,-1|16,6|-1,-1|16,16|
#setting_targetting_pos=-1,-1|-1,-1|-1,-1|-1,-1|-1,-1|-1,-1|-1,-1|
#type=4,4,4,4,4,4,4,
.......
#111110111111111
#assigned_pet=-1,-1,-1,-1,-1,-1,-1,
#assigned_hub=7,6,2,0,3,1,4,
#moving_targetting_pos=26,16|26,6|6,26|-1,-1|-1,-1|-1,-1|16,16|
#setting_targetting_pos=-1,-1|-1,-1|-1,-1|-1,-1|-1,-1|-1,-1|-1,-1|
#type=4,4,4,4,4,4,4,
.......
#111110111111111
#assigned_pet=-1,-1,-1,-1,-1,-1,-1,
#assigned_hub=7,6,2,0,3,1,4,
#moving_targetting_pos=26,16|26,6|6,26|-1,-1|-1,-1|-1,-1|16,16|
#setting_targetting_pos=-1,-1|-1,-1|-1,-1|-1,-1|-1,-1|-1,-1|-1,-1|
#type=4,4,4,4,4,4,4,
.......
#111110111111111
#assigned_pet=-1,-1,-1,-1,-1,-1,-1,
#assigned_hub=7,6,2,0,3,1,4,
#moving_targetting_pos=26,16|26,6|6,26|-1,-1|-1,-1|-1,-1|16,16|
#setting_targetting_pos=-1,-1|-1,-1|-1,-1|-1,-1|-1,-1|-1,-1|-1,-1|
#type=4,4,4,4,4,4,4,
.......
#111110111111111
#assigned_pet=-1,-1,-1,-1,-1,-1,-1,
#assigned_hub=7,6,2,0,3,1,4,
#moving_targetting_pos=26,16|26,6|6,26|-1,-1|16,6|-1,-1|16,16|
#setting_targetting_pos=-1,-1|-1,-1|-1,-1|-1,-1|-1,-1|-1,-1|-1,-1|
#type=4,4,4,4,4,4,4,
.......
#111110111111111
#assigned_pet=-1,-1,-1,-1,-1,-1,-1,
#assigned_hub=7,6,2,0,3,1,4,
#moving_targetting_pos=26,16|26,6|6,26|-1,-1|16,6|-1,-1|16,16|
#setting_targetting_pos=-1,-1|-1,-1|-1,-1|-1,-1|-1,-1|-1,-1|-1,-1|
#type=4,4,4,4,4,4,4,
.......
#111110111111111
#assigned_pet=-1,-1,-1,-1,-1,-1,-1,
#assigned_hub=7,6,2,0,3,1,4,
#moving_targetting_pos=26,16|26,6|6,26|-1,-1|16,6|-1,-1|16,16|
#setting_targetting_pos=-1,-1|-1,-1|-1,-1|-1,-1|-1,-1|-1,-1|-1,-1|
#type=4,4,4,4,4,4,4,
.......
#111110111111111
#assigned_pet=-1,-1,-1,5,-1,5,-1,
#assigned_hub=7,6,2,0,3,1,4,
#moving_targetting_pos=26,16|26,6|6,26|-1,-1|16,6|-1,-1|16,16|
#setting_targetting_pos=-1,-1|-1,-1|-1,-1|5,8|-1,-1|5,14|-1,-1|
#type=4,4,4,4,4,4,4,
...R.L.
#111110111111111
#assigned_pet=-1,-1,-1,-1,-1,-1,-1,
#assigned_hub=7,6,2,0,3,1,4,
#moving_targetting_pos=26,16|26,6|6,26|-1,-1|16,6|-1,-1|16,16|
#setting_targetting_pos=-1,-1|-1,-1|-1,-1|-1,-1|-1,-1|-1,-1|-1,-1|
#type=4,4,4,4,4,4,4,
.......
#111110111111111
#assigned_pet=-1,-1,-1,-1,-1,-1,-1,
#assigned_hub=7,6,2,0,3,1,4,
#moving_targetting_pos=26,16|26,6|6,26|-1,-1|16,6|-1,-1|16,16|
#setting_targetting_pos=-1,-1|-1,-1|-1,-1|-1,-1|-1,-1|-1,-1|-1,-1|
#type=4,4,4,4,4,4,4,
.......
#111110111111111
#assigned_pet=-1,-1,-1,-1,-1,-1,-1,
#assigned_hub=7,6,2,0,3,1,4,
#moving_targetting_pos=26,16|26,6|6,26|-1,-1|16,6|-1,-1|16,16|
#setting_targetting_pos=-1,-1|-1,-1|-1,-1|-1,-1|-1,-1|-1,-1|-1,-1|
#type=4,4,4,4,4,4,4,
.......
#111110111111111
#assigned_pet=-1,-1,-1,5,-1,5,-1,
#assigned_hub=7,6,2,0,3,1,4,
#moving_targetting_pos=26,16|26,6|6,26|-1,-1|16,6|-1,-1|16,16|
#setting_targetting_pos=-1,-1|-1,-1|-1,-1|7,8|-1,-1|7,14|-1,-1|
#type=4,4,4,4,4,4,4,
...U.L.
#111111111111111
#assigned_pet=-1,-1,-1,5,-1,5,-1,
#assigned_hub=7,6,2,0,3,1,4,
#moving_targetting_pos=26,16|26,6|6,26|-1,-1|16,6|-1,-1|16,16|
#setting_targetting_pos=-1,-1|-1,-1|-1,-1|7,8|-1,-1|7,14|-1,-1|
#type=4,4,4,5,4,5,4,
...r.l.
#111111111111111
#assigned_pet=-1,-1,-1,-1,-1,-1,-1,
#assigned_hub=7,6,2,0,3,1,4,
#moving_targetting_pos=26,16|26,6|6,26|6,6|16,6|6,16|16,16|
#setting_targetting_pos=-1,-1|-1,-1|-1,-1|-1,-1|-1,-1|-1,-1|-1,-1|
#type=4,4,4,4,4,4,4,
.......
#111111111111111
#assigned_pet=-1,-1,-1,-1,-1,-1,-1,
#assigned_hub=7,6,2,0,3,1,4,
#moving_targetting_pos=26,16|26,6|6,26|6,6|16,6|6,16|16,16|
#setting_targetting_pos=-1,-1|-1,-1|-1,-1|-1,-1|-1,-1|-1,-1|-1,-1|
#type=4,4,4,4,4,4,4,
.......
#111111111111111
#assigned_pet=-1,-1,-1,-1,-1,-1,-1,
#assigned_hub=7,6,2,0,3,1,4,
#moving_targetting_pos=26,16|26,6|6,26|6,6|16,6|6,16|16,16|
#setting_targetting_pos=-1,-1|-1,-1|-1,-1|-1,-1|-1,-1|-1,-1|-1,-1|
#type=4,4,4,4,4,4,4,
.......
#111111111111111
#assigned_pet=-1,-1,-1,-1,-1,-1,-1,
#assigned_hub=7,6,2,0,3,1,4,
#moving_targetting_pos=26,16|26,6|6,26|6,6|16,6|6,16|16,16|
#setting_targetting_pos=-1,-1|-1,-1|-1,-1|-1,-1|-1,-1|-1,-1|-1,-1|
#type=4,4,4,4,4,4,4,
.......
#111111111111111
#assigned_pet=-1,-1,-1,-1,-1,-1,-1,
#assigned_hub=7,6,2,0,3,1,4,
#moving_targetting_pos=26,16|26,6|6,26|6,6|16,6|6,16|16,16|
#setting_targetting_pos=-1,-1|-1,-1|-1,-1|-1,-1|-1,-1|-1,-1|-1,-1|
#type=4,4,4,4,4,4,4,
.......
#111111111111111
#assigned_pet=-1,-1,-1,-1,-1,-1,-1,
#assigned_hub=7,6,2,0,3,1,4,
#moving_targetting_pos=26,16|26,6|6,26|6,6|16,6|6,16|16,16|
#setting_targetting_pos=-1,-1|-1,-1|-1,-1|-1,-1|-1,-1|-1,-1|-1,-1|
#type=4,4,4,4,4,4,4,
.......
#111111111111111
#assigned_pet=-1,-1,-1,-1,-1,-1,-1,
#assigned_hub=7,6,2,0,3,1,4,
#moving_targetting_pos=26,16|26,6|6,26|6,6|16,6|6,16|16,16|
#setting_targetting_pos=-1,-1|-1,-1|-1,-1|-1,-1|-1,-1|-1,-1|-1,-1|
#type=4,4,4,4,4,4,4,
.......
#111111111111111
#assigned_pet=-1,-1,-1,-1,-1,-1,-1,
#assigned_hub=7,6,2,0,3,1,4,
#moving_targetting_pos=26,16|26,6|6,26|6,6|16,6|6,16|16,16|
#setting_targetting_pos=-1,-1|-1,-1|-1,-1|-1,-1|-1,-1|-1,-1|-1,-1|
#type=4,4,4,4,4,4,4,
.......
#111111111111111
#assigned_pet=-1,-1,-1,-1,-1,-1,-1,
#assigned_hub=7,6,2,0,3,1,4,
#moving_targetting_pos=26,16|26,6|6,26|6,6|16,6|6,16|16,16|
#setting_targetting_pos=-1,-1|-1,-1|-1,-1|-1,-1|-1,-1|-1,-1|-1,-1|
#type=4,4,4,4,4,4,4,
.......
#111111111111111
#assigned_pet=-1,-1,-1,-1,-1,-1,-1,
#assigned_hub=7,6,2,0,3,1,4,
#moving_targetting_pos=26,16|26,6|6,26|6,6|16,6|6,16|16,16|
#setting_targetting_pos=-1,-1|-1,-1|-1,-1|-1,-1|-1,-1|-1,-1|-1,-1|
#type=4,4,4,4,4,4,4,
.......
#111111111111111
#assigned_pet=-1,-1,-1,-1,-1,-1,-1,
#assigned_hub=7,6,2,0,3,1,4,
#moving_targetting_pos=26,16|26,6|6,26|6,6|16,6|6,16|16,16|
#setting_targetting_pos=-1,-1|-1,-1|-1,-1|-1,-1|-1,-1|-1,-1|-1,-1|
#type=4,4,4,4,4,4,4,
.......
#111111111111111
#assigned_pet=-1,-1,-1,-1,-1,-1,-1,
#assigned_hub=7,6,2,0,3,1,4,
#moving_targetting_pos=26,16|26,6|6,26|6,6|16,6|6,16|16,16|
#setting_targetting_pos=-1,-1|-1,-1|-1,-1|-1,-1|-1,-1|-1,-1|-1,-1|
#type=4,4,4,4,4,4,4,
.......
#111111111111111
#assigned_pet=-1,-1,-1,-1,-1,-1,-1,
#assigned_hub=7,6,2,0,3,1,4,
#moving_targetting_pos=26,16|26,6|6,26|6,6|16,6|6,16|16,16|
#setting_targetting_pos=-1,-1|-1,-1|-1,-1|-1,-1|-1,-1|-1,-1|-1,-1|
#type=4,4,4,4,4,4,4,
.......
#111111111111111
#assigned_pet=-1,-1,-1,-1,-1,-1,-1,
#assigned_hub=7,6,2,0,3,1,4,
#moving_targetting_pos=26,16|26,6|6,26|6,6|16,6|6,16|16,16|
#setting_targetting_pos=-1,-1|-1,-1|-1,-1|-1,-1|-1,-1|-1,-1|-1,-1|
#type=4,4,4,4,4,4,4,
.......
#111111111111111
#assigned_pet=-1,-1,-1,-1,-1,-1,-1,
#assigned_hub=7,6,2,0,3,1,4,
#moving_targetting_pos=26,16|26,6|6,26|6,6|16,6|6,16|16,16|
#setting_targetting_pos=-1,-1|-1,-1|-1,-1|-1,-1|-1,-1|-1,-1|-1,-1|
#type=4,4,4,4,4,4,4,
.......
#111111111111111
#assigned_pet=-1,-1,-1,-1,-1,-1,-1,
#assigned_hub=7,6,2,0,3,1,4,
#moving_targetting_pos=26,16|26,6|6,26|6,6|16,6|6,16|16,16|
#setting_targetting_pos=-1,-1|-1,-1|-1,-1|-1,-1|-1,-1|-1,-1|-1,-1|
#type=4,4,4,4,4,4,4,
.......
#111111111111111
#assigned_pet=-1,-1,-1,-1,-1,-1,-1,
#assigned_hub=7,6,2,0,3,1,4,
#moving_targetting_pos=26,16|26,6|6,26|6,6|16,6|6,16|16,16|
#setting_targetting_pos=-1,-1|-1,-1|-1,-1|-1,-1|-1,-1|-1,-1|-1,-1|
#type=4,4,4,4,4,4,4,
.......
#111111111111111
#assigned_pet=-1,-1,-1,-1,-1,-1,-1,
#assigned_hub=7,6,2,0,3,1,4,
#moving_targetting_pos=26,16|26,6|6,26|6,6|16,6|6,16|16,16|
#setting_targetting_pos=-1,-1|-1,-1|-1,-1|-1,-1|-1,-1|-1,-1|-1,-1|
#type=4,4,4,4,4,4,4,
.......
#111111111111111
#assigned_pet=-1,-1,-1,-1,-1,-1,-1,
#assigned_hub=7,6,2,0,3,1,4,
#moving_targetting_pos=26,16|26,6|6,26|6,6|16,6|6,16|16,16|
#setting_targetting_pos=-1,-1|-1,-1|-1,-1|-1,-1|-1,-1|-1,-1|-1,-1|
#type=4,4,4,4,4,4,4,
.......
#111111111111111
#assigned_pet=-1,-1,-1,-1,-1,-1,-1,
#assigned_hub=7,6,2,0,3,1,4,
#moving_targetting_pos=26,16|26,6|6,26|6,6|16,6|6,16|16,16|
#setting_targetting_pos=-1,-1|-1,-1|-1,-1|-1,-1|-1,-1|-1,-1|-1,-1|
#type=4,4,4,4,4,4,4,
.......
#111111111111111
#assigned_pet=-1,-1,-1,-1,-1,-1,-1,
#assigned_hub=7,6,2,0,3,1,4,
#moving_targetting_pos=26,16|26,6|6,26|6,6|16,6|6,16|16,16|
#setting_targetting_pos=-1,-1|-1,-1|-1,-1|-1,-1|-1,-1|-1,-1|-1,-1|
#type=4,4,4,4,4,4,4,
.......
#111111111111111
#assigned_pet=-1,-1,-1,-1,-1,-1,-1,
#assigned_hub=7,6,2,0,3,1,4,
#moving_targetting_pos=26,16|26,6|6,26|6,6|16,6|6,16|16,16|
#setting_targetting_pos=-1,-1|-1,-1|-1,-1|-1,-1|-1,-1|-1,-1|-1,-1|
#type=4,4,4,4,4,4,4,
.......
#111111111111111
#assigned_pet=-1,-1,-1,-1,-1,-1,-1,
#assigned_hub=7,6,2,0,3,1,4,
#moving_targetting_pos=26,16|26,6|6,26|6,6|16,6|6,16|16,16|
#setting_targetting_pos=-1,-1|-1,-1|-1,-1|-1,-1|-1,-1|-1,-1|-1,-1|
#type=4,4,4,4,4,4,4,
.......
#111111111111111
#assigned_pet=-1,-1,-1,-1,-1,-1,-1,
#assigned_hub=7,6,2,0,3,1,4,
#moving_targetting_pos=26,16|26,6|6,26|6,6|16,6|6,16|16,16|
#setting_targetting_pos=-1,-1|-1,-1|-1,-1|-1,-1|-1,-1|-1,-1|-1,-1|
#type=4,4,4,4,4,4,4,
.......
#111111111111111
#assigned_pet=-1,-1,-1,-1,-1,-1,-1,
#assigned_hub=7,6,2,0,3,1,4,
#moving_targetting_pos=26,16|26,6|6,26|6,6|16,6|6,16|16,16|
#setting_targetting_pos=-1,-1|-1,-1|-1,-1|-1,-1|-1,-1|-1,-1|-1,-1|
#type=4,4,4,4,4,4,4,
.......
#111111111111111
#assigned_pet=-1,-1,-1,-1,-1,-1,-1,
#assigned_hub=7,6,2,0,3,1,4,
#moving_targetting_pos=26,16|26,6|6,26|6,6|16,6|6,16|16,16|
#setting_targetting_pos=-1,-1|-1,-1|-1,-1|-1,-1|-1,-1|-1,-1|-1,-1|
#type=4,4,4,4,4,4,4,
.......
#111111111111111
#assigned_pet=-1,-1,-1,-1,-1,-1,-1,
#assigned_hub=7,6,2,0,3,1,4,
#moving_targetting_pos=26,16|26,6|6,26|6,6|16,6|6,16|16,16|
#setting_targetting_pos=-1,-1|-1,-1|-1,-1|-1,-1|-1,-1|-1,-1|-1,-1|
#type=4,4,4,4,4,4,4,
.......
#111111111111111
#assigned_pet=-1,-1,-1,-1,-1,-1,-1,
#assigned_hub=7,6,2,0,3,1,4,
#moving_targetting_pos=26,16|26,6|6,26|6,6|16,6|6,16|16,16|
#setting_targetting_pos=-1,-1|-1,-1|-1,-1|-1,-1|-1,-1|-1,-1|-1,-1|
#type=4,4,4,4,4,4,4,
.......
#111111111111111
#assigned_pet=-1,-1,-1,-1,-1,-1,-1,
#assigned_hub=7,6,2,0,3,1,4,
#moving_targetting_pos=26,16|26,6|6,26|6,6|16,6|6,16|16,16|
#setting_targetting_pos=-1,-1|-1,-1|-1,-1|-1,-1|-1,-1|-1,-1|-1,-1|
#type=4,4,4,4,4,4,4,
.......
#111111111111111
#assigned_pet=-1,-1,-1,-1,-1,-1,-1,
#assigned_hub=7,6,2,0,3,1,4,
#moving_targetting_pos=26,16|26,6|6,26|6,6|16,6|6,16|16,16|
#setting_targetting_pos=-1,-1|-1,-1|-1,-1|-1,-1|-1,-1|-1,-1|-1,-1|
#type=4,4,4,4,4,4,4,
.......
#111111111111111
#assigned_pet=-1,-1,-1,-1,-1,-1,-1,
#assigned_hub=7,6,2,0,3,1,4,
#moving_targetting_pos=26,16|26,6|6,26|6,6|16,6|6,16|16,16|
#setting_targetting_pos=-1,-1|-1,-1|-1,-1|-1,-1|-1,-1|-1,-1|-1,-1|
#type=4,4,4,4,4,4,4,
.......
#111111111111111
#assigned_pet=-1,-1,-1,-1,-1,-1,-1,
#assigned_hub=7,6,2,0,3,1,4,
#moving_targetting_pos=26,16|26,6|6,26|6,6|16,6|6,16|16,16|
#setting_targetting_pos=-1,-1|-1,-1|-1,-1|-1,-1|-1,-1|-1,-1|-1,-1|
#type=4,4,4,4,4,4,4,
.......
#111111111111111
#assigned_pet=-1,-1,-1,-1,-1,-1,-1,
#assigned_hub=7,6,2,0,3,1,4,
#moving_targetting_pos=26,16|26,6|6,26|6,6|16,6|6,16|16,16|
#setting_targetting_pos=-1,-1|-1,-1|-1,-1|-1,-1|-1,-1|-1,-1|-1,-1|
#type=4,4,4,4,4,4,4,
.......
#111111111111111
#assigned_pet=-1,-1,-1,-1,-1,-1,-1,
#assigned_hub=7,6,2,0,3,1,4,
#moving_targetting_pos=26,16|26,6|6,26|6,6|16,6|6,16|16,16|
#setting_targetting_pos=-1,-1|-1,-1|-1,-1|-1,-1|-1,-1|-1,-1|-1,-1|
#type=4,4,4,4,4,4,4,
.......
#111111111111111
#assigned_pet=-1,-1,-1,-1,-1,-1,-1,
#assigned_hub=7,6,2,0,3,1,4,
#moving_targetting_pos=26,16|26,6|6,26|6,6|16,6|6,16|16,16|
#setting_targetting_pos=-1,-1|-1,-1|-1,-1|-1,-1|-1,-1|-1,-1|-1,-1|
#type=4,4,4,4,4,4,4,
.......
#111111111111111
#assigned_pet=-1,-1,-1,-1,-1,-1,-1,
#assigned_hub=7,6,2,0,3,1,4,
#moving_targetting_pos=26,16|26,6|6,26|6,6|16,6|6,16|16,16|
#setting_targetting_pos=-1,-1|-1,-1|-1,-1|-1,-1|-1,-1|-1,-1|-1,-1|
#type=4,4,4,4,4,4,4,
.......
#111111111111111
#assigned_pet=-1,-1,-1,-1,-1,-1,-1,
#assigned_hub=7,6,2,0,3,1,4,
#moving_targetting_pos=26,16|26,6|6,26|6,6|16,6|6,16|16,16|
#setting_targetting_pos=-1,-1|-1,-1|-1,-1|-1,-1|-1,-1|-1,-1|-1,-1|
#type=4,4,4,4,4,4,4,
.......
#111111111111111
#assigned_pet=-1,-1,-1,-1,-1,-1,-1,
#assigned_hub=7,6,2,0,3,1,4,
#moving_targetting_pos=26,16|26,6|6,26|6,6|16,6|6,16|16,16|
#setting_targetting_pos=-1,-1|-1,-1|-1,-1|-1,-1|-1,-1|-1,-1|-1,-1|
#type=4,4,4,4,4,4,4,
.......
#111111111111111
#assigned_pet=-1,-1,-1,-1,-1,-1,-1,
#assigned_hub=7,6,2,0,3,1,4,
#moving_targetting_pos=26,16|26,6|6,26|6,6|16,6|6,16|16,16|
#setting_targetting_pos=-1,-1|-1,-1|-1,-1|-1,-1|-1,-1|-1,-1|-1,-1|
#type=4,4,4,4,4,4,4,
.......
#111111111111111
#assigned_pet=-1,-1,-1,-1,-1,-1,-1,
#assigned_hub=7,6,2,0,3,1,4,
#moving_targetting_pos=26,16|26,6|6,26|6,6|16,6|6,16|16,16|
#setting_targetting_pos=-1,-1|-1,-1|-1,-1|-1,-1|-1,-1|-1,-1|-1,-1|
#type=4,4,4,4,4,4,4,
.......
#111111111111111
#assigned_pet=-1,-1,-1,-1,-1,-1,-1,
#assigned_hub=7,6,2,0,3,1,4,
#moving_targetting_pos=26,16|26,6|6,26|6,6|16,6|6,16|16,16|
#setting_targetting_pos=-1,-1|-1,-1|-1,-1|-1,-1|-1,-1|-1,-1|-1,-1|
#type=4,4,4,4,4,4,4,
.......
#111111111111111
#assigned_pet=-1,-1,-1,-1,-1,-1,-1,
#assigned_hub=7,6,2,0,3,1,4,
#moving_targetting_pos=26,16|26,6|6,26|6,6|16,6|6,16|16,16|
#setting_targetting_pos=-1,-1|-1,-1|-1,-1|-1,-1|-1,-1|-1,-1|-1,-1|
#type=4,4,4,4,4,4,4,
.......
#111111111111111
#assigned_pet=-1,-1,-1,-1,-1,-1,-1,
#assigned_hub=7,6,2,0,3,1,4,
#moving_targetting_pos=26,16|26,6|6,26|6,6|16,6|6,16|16,16|
#setting_targetting_pos=-1,-1|-1,-1|-1,-1|-1,-1|-1,-1|-1,-1|-1,-1|
#type=4,4,4,4,4,4,4,
.......
#111111111111111
#assigned_pet=-1,-1,-1,-1,-1,-1,-1,
#assigned_hub=7,6,2,0,3,1,4,
#moving_targetting_pos=26,16|26,6|6,26|6,6|16,6|6,16|16,16|
#setting_targetting_pos=-1,-1|-1,-1|-1,-1|-1,-1|-1,-1|-1,-1|-1,-1|
#type=4,4,4,4,4,4,4,
.......
#111111111111111
#assigned_pet=-1,-1,-1,-1,-1,-1,-1,
#assigned_hub=7,6,2,0,3,1,4,
#moving_targetting_pos=26,16|26,6|6,26|6,6|16,6|6,16|16,16|
#setting_targetting_pos=-1,-1|-1,-1|-1,-1|-1,-1|-1,-1|-1,-1|-1,-1|
#type=4,4,4,4,4,4,4,
.......
#111111111111111
#assigned_pet=-1,-1,-1,-1,-1,-1,-1,
#assigned_hub=7,6,2,0,3,1,4,
#moving_targetting_pos=26,16|26,6|6,26|6,6|16,6|6,16|16,16|
#setting_targetting_pos=-1,-1|-1,-1|-1,-1|-1,-1|-1,-1|-1,-1|-1,-1|
#type=4,4,4,4,4,4,4,
.......
#111111111111111
#assigned_pet=-1,-1,-1,-1,-1,-1,-1,
#assigned_hub=7,6,2,0,3,1,4,
#moving_targetting_pos=26,16|26,6|6,26|6,6|16,6|6,16|16,16|
#setting_targetting_pos=-1,-1|-1,-1|-1,-1|-1,-1|-1,-1|-1,-1|-1,-1|
#type=4,4,4,4,4,4,4,
.......
#111111111111111
#assigned_pet=-1,-1,-1,-1,-1,-1,-1,
#assigned_hub=7,6,2,0,3,1,4,
#moving_targetting_pos=26,16|26,6|6,26|6,6|16,6|6,16|16,16|
#setting_targetting_pos=-1,-1|-1,-1|-1,-1|-1,-1|-1,-1|-1,-1|-1,-1|
#type=4,4,4,4,4,4,4,
.......
#111111111111111
#assigned_pet=-1,-1,-1,-1,-1,-1,-1,
#assigned_hub=7,6,2,0,3,1,4,
#moving_targetting_pos=26,16|26,6|6,26|6,6|16,6|6,16|16,16|
#setting_targetting_pos=-1,-1|-1,-1|-1,-1|-1,-1|-1,-1|-1,-1|-1,-1|
#type=4,4,4,4,4,4,4,
.......
#111111111111111
#assigned_pet=-1,-1,-1,-1,-1,-1,-1,
#assigned_hub=7,6,2,0,3,1,4,
#moving_targetting_pos=26,16|26,6|6,26|6,6|16,6|6,16|16,16|
#setting_targetting_pos=-1,-1|-1,-1|-1,-1|-1,-1|-1,-1|-1,-1|-1,-1|
#type=4,4,4,4,4,4,4,
.......
#111111111111111
#assigned_pet=-1,-1,-1,-1,-1,-1,-1,
#assigned_hub=7,6,2,0,3,1,4,
#moving_targetting_pos=26,16|26,6|6,26|6,6|16,6|6,16|16,16|
#setting_targetting_pos=-1,-1|-1,-1|-1,-1|-1,-1|-1,-1|-1,-1|-1,-1|
#type=4,4,4,4,4,4,4,
.......
#111111111111111
#assigned_pet=-1,-1,-1,-1,-1,-1,-1,
#assigned_hub=7,6,2,0,3,1,4,
#moving_targetting_pos=26,16|26,6|6,26|6,6|16,6|6,16|16,16|
#setting_targetting_pos=-1,-1|-1,-1|-1,-1|-1,-1|-1,-1|-1,-1|-1,-1|
#type=4,4,4,4,4,4,4,
.......
#111111111111111
#assigned_pet=-1,-1,-1,-1,-1,-1,-1,
#assigned_hub=7,6,2,0,3,1,4,
#moving_targetting_pos=26,16|26,6|6,26|6,6|16,6|6,16|16,16|
#setting_targetting_pos=-1,-1|-1,-1|-1,-1|-1,-1|-1,-1|-1,-1|-1,-1|
#type=4,4,4,4,4,4,4,
.......
#111111111111111
#assigned_pet=-1,-1,-1,-1,-1,-1,-1,
#assigned_hub=7,6,2,0,3,1,4,
#moving_targetting_pos=26,16|26,6|6,26|6,6|16,6|6,16|16,16|
#setting_targetting_pos=-1,-1|-1,-1|-1,-1|-1,-1|-1,-1|-1,-1|-1,-1|
#type=4,4,4,4,4,4,4,
.......
#111111111111111
#assigned_pet=-1,-1,-1,-1,-1,-1,-1,
#assigned_hub=7,6,2,0,3,1,4,
#moving_targetting_pos=26,16|26,6|6,26|6,6|16,6|6,16|16,16|
#setting_targetting_pos=-1,-1|-1,-1|-1,-1|-1,-1|-1,-1|-1,-1|-1,-1|
#type=4,4,4,4,4,4,4,
.......
#111111111111111
#assigned_pet=-1,-1,-1,-1,-1,-1,-1,
#assigned_hub=7,6,2,0,3,1,4,
#moving_targetting_pos=26,16|26,6|6,26|6,6|16,6|6,16|16,16|
#setting_targetting_pos=-1,-1|-1,-1|-1,-1|-1,-1|-1,-1|-1,-1|-1,-1|
#type=4,4,4,4,4,4,4,
.......
#111111111111111
#assigned_pet=-1,-1,-1,-1,-1,-1,-1,
#assigned_hub=7,6,2,0,3,1,4,
#moving_targetting_pos=26,16|26,6|6,26|6,6|16,6|6,16|16,16|
#setting_targetting_pos=-1,-1|-1,-1|-1,-1|-1,-1|-1,-1|-1,-1|-1,-1|
#type=4,4,4,4,4,4,4,
.......
#111111111111111
#assigned_pet=-1,-1,-1,-1,-1,-1,-1,
#assigned_hub=7,6,2,0,3,1,4,
#moving_targetting_pos=26,16|26,6|6,26|6,6|16,6|6,16|16,16|
#setting_targetting_pos=-1,-1|-1,-1|-1,-1|-1,-1|-1,-1|-1,-1|-1,-1|
#type=4,4,4,4,4,4,4,
.......
#111111111111111
#assigned_pet=-1,-1,-1,-1,-1,-1,-1,
#assigned_hub=7,6,2,0,3,1,4,
#moving_targetting_pos=26,16|26,6|6,26|6,6|16,6|6,16|16,16|
#setting_targetting_pos=-1,-1|-1,-1|-1,-1|-1,-1|-1,-1|-1,-1|-1,-1|
#type=4,4,4,4,4,4,4,
.......
#111111111111111
#assigned_pet=-1,-1,-1,-1,-1,-1,-1,
#assigned_hub=7,6,2,0,3,1,4,
#moving_targetting_pos=26,16|26,6|6,26|6,6|16,6|6,16|16,16|
#setting_targetting_pos=-1,-1|-1,-1|-1,-1|-1,-1|-1,-1|-1,-1|-1,-1|
#type=4,4,4,4,4,4,4,
.......
#111111111111111
#assigned_pet=-1,-1,-1,-1,-1,-1,-1,
#assigned_hub=7,6,2,0,3,1,4,
#moving_targetting_pos=26,16|26,6|6,26|6,6|16,6|6,16|16,16|
#setting_targetting_pos=-1,-1|-1,-1|-1,-1|-1,-1|-1,-1|-1,-1|-1,-1|
#type=4,4,4,4,4,4,4,
.......
#111111111111111
#assigned_pet=-1,-1,-1,-1,-1,-1,-1,
#assigned_hub=7,6,2,0,3,1,4,
#moving_targetting_pos=26,16|26,6|6,26|6,6|16,6|6,16|16,16|
#setting_targetting_pos=-1,-1|-1,-1|-1,-1|-1,-1|-1,-1|-1,-1|-1,-1|
#type=4,4,4,4,4,4,4,
.......
#111111111111111
#assigned_pet=-1,-1,-1,-1,-1,-1,-1,
#assigned_hub=7,6,2,0,3,1,4,
#moving_targetting_pos=26,16|26,6|6,26|6,6|16,6|6,16|16,16|
#setting_targetting_pos=-1,-1|-1,-1|-1,-1|-1,-1|-1,-1|-1,-1|-1,-1|
#type=4,4,4,4,4,4,4,
.......
#111111111111111
#assigned_pet=-1,-1,-1,-1,-1,-1,-1,
#assigned_hub=7,6,2,0,3,1,4,
#moving_targetting_pos=26,16|26,6|6,26|6,6|16,6|6,16|16,16|
#setting_targetting_pos=-1,-1|-1,-1|-1,-1|-1,-1|-1,-1|-1,-1|-1,-1|
#type=4,4,4,4,4,4,4,
.......
#111111111111111
#assigned_pet=-1,-1,-1,-1,-1,-1,-1,
#assigned_hub=7,6,2,0,3,1,4,
#moving_targetting_pos=26,16|26,6|6,26|6,6|16,6|6,16|16,16|
#setting_targetting_pos=-1,-1|-1,-1|-1,-1|-1,-1|-1,-1|-1,-1|-1,-1|
#type=4,4,4,4,4,4,4,
.......
#111111111111111
#assigned_pet=-1,-1,-1,-1,-1,-1,-1,
#assigned_hub=7,6,2,0,3,1,4,
#moving_targetting_pos=26,16|26,6|6,26|6,6|16,6|6,16|16,16|
#setting_targetting_pos=-1,-1|-1,-1|-1,-1|-1,-1|-1,-1|-1,-1|-1,-1|
#type=4,4,4,4,4,4,4,
.......
#111111111111111
#assigned_pet=-1,-1,-1,-1,-1,-1,-1,
#assigned_hub=7,6,2,0,3,1,4,
#moving_targetting_pos=26,16|26,6|6,26|6,6|16,6|6,16|16,16|
#setting_targetting_pos=-1,-1|-1,-1|-1,-1|-1,-1|-1,-1|-1,-1|-1,-1|
#type=4,4,4,4,4,4,4,
.......
#111111111111111
#assigned_pet=-1,-1,-1,-1,-1,-1,-1,
#assigned_hub=7,6,2,0,3,1,4,
#moving_targetting_pos=26,16|26,6|6,26|6,6|16,6|6,16|16,16|
#setting_targetting_pos=-1,-1|-1,-1|-1,-1|-1,-1|-1,-1|-1,-1|-1,-1|
#type=4,4,4,4,4,4,4,
.......
#111111111111111
#assigned_pet=-1,-1,-1,-1,-1,-1,-1,
#assigned_hub=7,6,2,0,3,1,4,
#moving_targetting_pos=26,16|26,6|6,26|6,6|16,6|6,16|16,16|
#setting_targetting_pos=-1,-1|-1,-1|-1,-1|-1,-1|-1,-1|-1,-1|-1,-1|
#type=4,4,4,4,4,4,4,
.......
#111111111111111
#assigned_pet=-1,-1,-1,-1,-1,-1,-1,
#assigned_hub=7,6,2,0,3,1,4,
#moving_targetting_pos=26,16|26,6|6,26|6,6|16,6|6,16|16,16|
#setting_targetting_pos=-1,-1|-1,-1|-1,-1|-1,-1|-1,-1|-1,-1|-1,-1|
#type=4,4,4,4,4,4,4,
.......
#111111111111111
#assigned_pet=-1,-1,-1,-1,-1,-1,-1,
#assigned_hub=7,6,2,0,3,1,4,
#moving_targetting_pos=26,16|26,6|6,26|6,6|16,6|6,16|16,16|
#setting_targetting_pos=-1,-1|-1,-1|-1,-1|-1,-1|-1,-1|-1,-1|-1,-1|
#type=4,4,4,4,4,4,4,
.......
#111111111111111
#assigned_pet=-1,-1,-1,-1,-1,-1,-1,
#assigned_hub=7,6,2,0,3,1,4,
#moving_targetting_pos=26,16|26,6|6,26|6,6|16,6|6,16|16,16|
#setting_targetting_pos=-1,-1|-1,-1|-1,-1|-1,-1|-1,-1|-1,-1|-1,-1|
#type=4,4,4,4,4,4,4,
.......
#111111111111111
#assigned_pet=-1,-1,-1,-1,-1,-1,-1,
#assigned_hub=7,6,2,0,3,1,4,
#moving_targetting_pos=26,16|26,6|6,26|6,6|16,6|6,16|16,16|
#setting_targetting_pos=-1,-1|-1,-1|-1,-1|-1,-1|-1,-1|-1,-1|-1,-1|
#type=4,4,4,4,4,4,4,
.......
#111111111111111
#assigned_pet=-1,-1,-1,-1,-1,-1,-1,
#assigned_hub=7,6,2,0,3,1,4,
#moving_targetting_pos=26,16|26,6|6,26|6,6|16,6|6,16|16,16|
#setting_targetting_pos=-1,-1|-1,-1|-1,-1|-1,-1|-1,-1|-1,-1|-1,-1|
#type=4,4,4,4,4,4,4,
.......
#111111111111111
#assigned_pet=-1,-1,-1,-1,-1,-1,-1,
#assigned_hub=7,6,2,0,3,1,4,
#moving_targetting_pos=26,16|26,6|6,26|6,6|16,6|6,16|16,16|
#setting_targetting_pos=-1,-1|-1,-1|-1,-1|-1,-1|-1,-1|-1,-1|-1,-1|
#type=4,4,4,4,4,4,4,
.......
#111111111111111
#assigned_pet=-1,-1,-1,-1,-1,-1,-1,
#assigned_hub=7,6,2,0,3,1,4,
#moving_targetting_pos=26,16|26,6|6,26|6,6|16,6|6,16|16,16|
#setting_targetting_pos=-1,-1|-1,-1|-1,-1|-1,-1|-1,-1|-1,-1|-1,-1|
#type=4,4,4,4,4,4,4,
.......
#111111111111111
#assigned_pet=-1,-1,-1,-1,-1,-1,-1,
#assigned_hub=7,6,2,0,3,1,4,
#moving_targetting_pos=26,16|26,6|6,26|6,6|16,6|6,16|16,16|
#setting_targetting_pos=-1,-1|-1,-1|-1,-1|-1,-1|-1,-1|-1,-1|-1,-1|
#type=4,4,4,4,4,4,4,
.......
#111111111111111
#assigned_pet=-1,-1,-1,-1,-1,-1,-1,
#assigned_hub=7,6,2,0,3,1,4,
#moving_targetting_pos=26,16|26,6|6,26|6,6|16,6|6,16|16,16|
#setting_targetting_pos=-1,-1|-1,-1|-1,-1|-1,-1|-1,-1|-1,-1|-1,-1|
#type=4,4,4,4,4,4,4,
.......
#111111111111111
#assigned_pet=-1,-1,-1,-1,-1,-1,-1,
#assigned_hub=7,6,2,0,3,1,4,
#moving_targetting_pos=26,16|26,6|6,26|6,6|16,6|6,16|16,16|
#setting_targetting_pos=-1,-1|-1,-1|-1,-1|-1,-1|-1,-1|-1,-1|-1,-1|
#type=4,4,4,4,4,4,4,
.......
#111111111111111
#assigned_pet=-1,-1,-1,-1,-1,-1,-1,
#assigned_hub=7,6,2,0,3,1,4,
#moving_targetting_pos=26,16|26,6|6,26|6,6|16,6|6,16|16,16|
#setting_targetting_pos=-1,-1|-1,-1|-1,-1|-1,-1|-1,-1|-1,-1|-1,-1|
#type=4,4,4,4,4,4,4,
.......
#111111111111111
#assigned_pet=-1,-1,-1,-1,-1,-1,-1,
#assigned_hub=7,6,2,0,3,1,4,
#moving_targetting_pos=26,16|26,6|6,26|6,6|16,6|6,16|16,16|
#setting_targetting_pos=-1,-1|-1,-1|-1,-1|-1,-1|-1,-1|-1,-1|-1,-1|
#type=4,4,4,4,4,4,4,
.......
#111111111111111
#assigned_pet=-1,-1,-1,-1,-1,-1,-1,
#assigned_hub=7,6,2,0,3,1,4,
#moving_targetting_pos=26,16|26,6|6,26|6,6|16,6|6,16|16,16|
#setting_targetting_pos=-1,-1|-1,-1|-1,-1|-1,-1|-1,-1|-1,-1|-1,-1|
#type=4,4,4,4,4,4,4,
.......
#111111111111111
#assigned_pet=-1,-1,-1,-1,-1,-1,-1,
#assigned_hub=7,6,2,0,3,1,4,
#moving_targetting_pos=26,16|26,6|6,26|6,6|16,6|6,16|16,16|
#setting_targetting_pos=-1,-1|-1,-1|-1,-1|-1,-1|-1,-1|-1,-1|-1,-1|
#type=4,4,4,4,4,4,4,
.......
#111111111111111
#assigned_pet=-1,-1,-1,-1,-1,-1,-1,
#assigned_hub=7,6,2,0,3,1,4,
#moving_targetting_pos=26,16|26,6|6,26|6,6|16,6|6,16|16,16|
#setting_targetting_pos=-1,-1|-1,-1|-1,-1|-1,-1|-1,-1|-1,-1|-1,-1|
#type=4,4,4,4,4,4,4,
.......
#111111111111111
#assigned_pet=-1,-1,-1,-1,-1,-1,-1,
#assigned_hub=7,6,2,0,3,1,4,
#moving_targetting_pos=26,16|26,6|6,26|6,6|16,6|6,16|16,16|
#setting_targetting_pos=-1,-1|-1,-1|-1,-1|-1,-1|-1,-1|-1,-1|-1,-1|
#type=4,4,4,4,4,4,4,
.......
#111111111111111
#assigned_pet=-1,-1,-1,-1,-1,-1,-1,
#assigned_hub=7,6,2,0,3,1,4,
#moving_targetting_pos=26,16|26,6|6,26|6,6|16,6|6,16|16,16|
#setting_targetting_pos=-1,-1|-1,-1|-1,-1|-1,-1|-1,-1|-1,-1|-1,-1|
#type=4,4,4,4,4,4,4,
.......
#111111111111111
#assigned_pet=-1,-1,-1,-1,-1,-1,-1,
#assigned_hub=7,6,2,0,3,1,4,
#moving_targetting_pos=26,16|26,6|6,26|6,6|16,6|6,16|16,16|
#setting_targetting_pos=-1,-1|-1,-1|-1,-1|-1,-1|-1,-1|-1,-1|-1,-1|
#type=4,4,4,4,4,4,4,
.......
#111111111111111
#assigned_pet=-1,-1,-1,-1,-1,-1,-1,
#assigned_hub=7,6,2,0,3,1,4,
#moving_targetting_pos=26,16|26,6|6,26|6,6|16,6|6,16|16,16|
#setting_targetting_pos=-1,-1|-1,-1|-1,-1|-1,-1|-1,-1|-1,-1|-1,-1|
#type=4,4,4,4,4,4,4,
.......
#111111111111111
#assigned_pet=-1,-1,-1,-1,-1,-1,-1,
#assigned_hub=7,6,2,0,3,1,4,
#moving_targetting_pos=26,16|26,6|6,26|6,6|16,6|6,16|16,16|
#setting_targetting_pos=-1,-1|-1,-1|-1,-1|-1,-1|-1,-1|-1,-1|-1,-1|
#type=4,4,4,4,4,4,4,
.......
#111111111111111
#assigned_pet=-1,-1,-1,-1,-1,-1,-1,
#assigned_hub=7,6,2,0,3,1,4,
#moving_targetting_pos=26,16|26,6|6,26|6,6|16,6|6,16|16,16|
#setting_targetting_pos=-1,-1|-1,-1|-1,-1|-1,-1|-1,-1|-1,-1|-1,-1|
#type=4,4,4,4,4,4,4,
.......
#111111111111111
#assigned_pet=-1,-1,-1,-1,-1,-1,-1,
#assigned_hub=7,6,2,0,3,1,4,
#moving_targetting_pos=26,16|26,6|6,26|6,6|16,6|6,16|16,16|
#setting_targetting_pos=-1,-1|-1,-1|-1,-1|-1,-1|-1,-1|-1,-1|-1,-1|
#type=4,4,4,4,4,4,4,
.......
#111111111111111
#assigned_pet=-1,-1,-1,-1,-1,-1,-1,
#assigned_hub=7,6,2,0,3,1,4,
#moving_targetting_pos=26,16|26,6|6,26|6,6|16,6|6,16|16,16|
#setting_targetting_pos=-1,-1|-1,-1|-1,-1|-1,-1|-1,-1|-1,-1|-1,-1|
#type=4,4,4,4,4,4,4,
.......
#111111111111111
#assigned_pet=-1,-1,-1,-1,-1,-1,-1,
#assigned_hub=7,6,2,0,3,1,4,
#moving_targetting_pos=26,16|26,6|6,26|6,6|16,6|6,16|16,16|
#setting_targetting_pos=-1,-1|-1,-1|-1,-1|-1,-1|-1,-1|-1,-1|-1,-1|
#type=4,4,4,4,4,4,4,
.......
#111111111111111
#assigned_pet=-1,-1,-1,-1,-1,-1,-1,
#assigned_hub=7,6,2,0,3,1,4,
#moving_targetting_pos=26,16|26,6|6,26|6,6|16,6|6,16|16,16|
#setting_targetting_pos=-1,-1|-1,-1|-1,-1|-1,-1|-1,-1|-1,-1|-1,-1|
#type=4,4,4,4,4,4,4,
.......
#111111111111111
#assigned_pet=-1,-1,-1,-1,-1,-1,-1,
#assigned_hub=7,6,2,0,3,1,4,
#moving_targetting_pos=26,16|26,6|6,26|6,6|16,6|6,16|16,16|
#setting_targetting_pos=-1,-1|-1,-1|-1,-1|-1,-1|-1,-1|-1,-1|-1,-1|
#type=4,4,4,4,4,4,4,
.......
#111111111111111
#assigned_pet=-1,-1,-1,-1,-1,-1,-1,
#assigned_hub=7,6,2,0,3,1,4,
#moving_targetting_pos=26,16|26,6|6,26|6,6|16,6|6,16|16,16|
#setting_targetting_pos=-1,-1|-1,-1|-1,-1|-1,-1|-1,-1|-1,-1|-1,-1|
#type=4,4,4,4,4,4,4,
.......
#111111111111111
#assigned_pet=-1,-1,-1,-1,-1,-1,-1,
#assigned_hub=7,6,2,0,3,1,4,
#moving_targetting_pos=26,16|26,6|6,26|6,6|16,6|6,16|16,16|
#setting_targetting_pos=-1,-1|-1,-1|-1,-1|-1,-1|-1,-1|-1,-1|-1,-1|
#type=4,4,4,4,4,4,4,
.......
#111111111111111
#assigned_pet=-1,-1,-1,-1,-1,-1,-1,
#assigned_hub=7,6,2,0,3,1,4,
#moving_targetting_pos=26,16|26,6|6,26|6,6|16,6|6,16|16,16|
#setting_targetting_pos=-1,-1|-1,-1|-1,-1|-1,-1|-1,-1|-1,-1|-1,-1|
#type=4,4,4,4,4,4,4,
.......
#111111111111111
#assigned_pet=-1,-1,-1,-1,-1,-1,-1,
#assigned_hub=7,6,2,0,3,1,4,
#moving_targetting_pos=26,16|26,6|6,26|6,6|16,6|6,16|16,16|
#setting_targetting_pos=-1,-1|-1,-1|-1,-1|-1,-1|-1,-1|-1,-1|-1,-1|
#type=4,4,4,4,4,4,4,
.......
#111111111111111
#assigned_pet=-1,-1,-1,-1,-1,-1,-1,
#assigned_hub=7,6,2,0,3,1,4,
#moving_targetting_pos=26,16|26,6|6,26|6,6|16,6|6,16|16,16|
#setting_targetting_pos=-1,-1|-1,-1|-1,-1|-1,-1|-1,-1|-1,-1|-1,-1|
#type=4,4,4,4,4,4,4,
.......
#111111111111111
#assigned_pet=-1,-1,-1,-1,-1,-1,-1,
#assigned_hub=7,6,2,0,3,1,4,
#moving_targetting_pos=26,16|26,6|6,26|6,6|16,6|6,16|16,16|
#setting_targetting_pos=-1,-1|-1,-1|-1,-1|-1,-1|-1,-1|-1,-1|-1,-1|
#type=4,4,4,4,4,4,4,
.......
#111111111111111
#assigned_pet=-1,-1,-1,-1,-1,-1,-1,
#assigned_hub=7,6,2,0,3,1,4,
#moving_targetting_pos=26,16|26,6|6,26|6,6|16,6|6,16|16,16|
#setting_targetting_pos=-1,-1|-1,-1|-1,-1|-1,-1|-1,-1|-1,-1|-1,-1|
#type=4,4,4,4,4,4,4,
.......
#111111111111111
#assigned_pet=-1,-1,-1,-1,-1,-1,-1,
#assigned_hub=7,6,2,0,3,1,4,
#moving_targetting_pos=26,16|26,6|6,26|6,6|16,6|6,16|16,16|
#setting_targetting_pos=-1,-1|-1,-1|-1,-1|-1,-1|-1,-1|-1,-1|-1,-1|
#type=4,4,4,4,4,4,4,
.......
#111111111111111
#assigned_pet=-1,-1,-1,-1,-1,-1,-1,
#assigned_hub=7,6,2,0,3,1,4,
#moving_targetting_pos=26,16|26,6|6,26|6,6|16,6|6,16|16,16|
#setting_targetting_pos=-1,-1|-1,-1|-1,-1|-1,-1|-1,-1|-1,-1|-1,-1|
#type=4,4,4,4,4,4,4,
.......
#111111111111111
#assigned_pet=-1,-1,-1,-1,-1,-1,-1,
#assigned_hub=7,6,2,0,3,1,4,
#moving_targetting_pos=26,16|26,6|6,26|6,6|16,6|6,16|16,16|
#setting_targetting_pos=-1,-1|-1,-1|-1,-1|-1,-1|-1,-1|-1,-1|-1,-1|
#type=4,4,4,4,4,4,4,
.......
#111111111111111
#assigned_pet=-1,-1,-1,-1,-1,-1,-1,
#assigned_hub=7,6,2,0,3,1,4,
#moving_targetting_pos=26,16|26,6|6,26|6,6|16,6|6,16|16,16|
#setting_targetting_pos=-1,-1|-1,-1|-1,-1|-1,-1|-1,-1|-1,-1|-1,-1|
#type=4,4,4,4,4,4,4,
.......
#111111111111111
#assigned_pet=-1,-1,-1,-1,-1,-1,-1,
#assigned_hub=7,6,2,0,3,1,4,
#moving_targetting_pos=26,16|26,6|6,26|6,6|16,6|6,16|16,16|
#setting_targetting_pos=-1,-1|-1,-1|-1,-1|-1,-1|-1,-1|-1,-1|-1,-1|
#type=4,4,4,4,4,4,4,
.......
#111111111111111
#assigned_pet=-1,-1,-1,-1,-1,-1,-1,
#assigned_hub=7,6,2,0,3,1,4,
#moving_targetting_pos=26,16|26,6|6,26|6,6|16,6|6,16|16,16|
#setting_targetting_pos=-1,-1|-1,-1|-1,-1|-1,-1|-1,-1|-1,-1|-1,-1|
#type=4,4,4,4,4,4,4,
.......
#111111111111111
#assigned_pet=-1,-1,-1,-1,-1,-1,-1,
#assigned_hub=7,6,2,0,3,1,4,
#moving_targetting_pos=26,16|26,6|6,26|6,6|16,6|6,16|16,16|
#setting_targetting_pos=-1,-1|-1,-1|-1,-1|-1,-1|-1,-1|-1,-1|-1,-1|
#type=4,4,4,4,4,4,4,
.......
#111111111111111
#assigned_pet=-1,-1,-1,-1,-1,-1,-1,
#assigned_hub=7,6,2,0,3,1,4,
#moving_targetting_pos=26,16|26,6|6,26|6,6|16,6|6,16|16,16|
#setting_targetting_pos=-1,-1|-1,-1|-1,-1|-1,-1|-1,-1|-1,-1|-1,-1|
#type=4,4,4,4,4,4,4,
.......
#111111111111111
#assigned_pet=-1,-1,-1,-1,-1,-1,-1,
#assigned_hub=7,6,2,0,3,1,4,
#moving_targetting_pos=26,16|26,6|6,26|6,6|16,6|6,16|16,16|
#setting_targetting_pos=-1,-1|-1,-1|-1,-1|-1,-1|-1,-1|-1,-1|-1,-1|
#type=4,4,4,4,4,4,4,
.......
#111111111111111
#assigned_pet=-1,-1,-1,-1,-1,-1,-1,
#assigned_hub=7,6,2,0,3,1,4,
#moving_targetting_pos=26,16|26,6|6,26|6,6|16,6|6,16|16,16|
#setting_targetting_pos=-1,-1|-1,-1|-1,-1|-1,-1|-1,-1|-1,-1|-1,-1|
#type=4,4,4,4,4,4,4,
.......
#111111111111111
#assigned_pet=-1,-1,-1,-1,-1,-1,-1,
#assigned_hub=7,6,2,0,3,1,4,
#moving_targetting_pos=26,16|26,6|6,26|6,6|16,6|6,16|16,16|
#setting_targetting_pos=-1,-1|-1,-1|-1,-1|-1,-1|-1,-1|-1,-1|-1,-1|
#type=4,4,4,4,4,4,4,
.......
#111111111111111
#assigned_pet=-1,-1,-1,-1,-1,-1,-1,
#assigned_hub=7,6,2,0,3,1,4,
#moving_targetting_pos=26,16|26,6|6,26|6,6|16,6|6,16|16,16|
#setting_targetting_pos=-1,-1|-1,-1|-1,-1|-1,-1|-1,-1|-1,-1|-1,-1|
#type=4,4,4,4,4,4,4,
.......
#111111111111111
#assigned_pet=-1,-1,-1,-1,-1,-1,-1,
#assigned_hub=7,6,2,0,3,1,4,
#moving_targetting_pos=26,16|26,6|6,26|6,6|16,6|6,16|16,16|
#setting_targetting_pos=-1,-1|-1,-1|-1,-1|-1,-1|-1,-1|-1,-1|-1,-1|
#type=4,4,4,4,4,4,4,
.......
#111111111111111
#assigned_pet=-1,-1,-1,-1,-1,-1,-1,
#assigned_hub=7,6,2,0,3,1,4,
#moving_targetting_pos=26,16|26,6|6,26|6,6|16,6|6,16|16,16|
#setting_targetting_pos=-1,-1|-1,-1|-1,-1|-1,-1|-1,-1|-1,-1|-1,-1|
#type=4,4,4,4,4,4,4,
.......
#111111111111111
#assigned_pet=-1,-1,-1,-1,-1,-1,-1,
#assigned_hub=7,6,2,0,3,1,4,
#moving_targetting_pos=26,16|26,6|6,26|6,6|16,6|6,16|16,16|
#setting_targetting_pos=-1,-1|-1,-1|-1,-1|-1,-1|-1,-1|-1,-1|-1,-1|
#type=4,4,4,4,4,4,4,
.......
#111111111111111
#assigned_pet=-1,-1,-1,-1,-1,-1,-1,
#assigned_hub=7,6,2,0,3,1,4,
#moving_targetting_pos=26,16|26,6|6,26|6,6|16,6|6,16|16,16|
#setting_targetting_pos=-1,-1|-1,-1|-1,-1|-1,-1|-1,-1|-1,-1|-1,-1|
#type=4,4,4,4,4,4,4,
.......
#111111111111111
#assigned_pet=-1,-1,-1,-1,-1,-1,-1,
#assigned_hub=7,6,2,0,3,1,4,
#moving_targetting_pos=26,16|26,6|6,26|6,6|16,6|6,16|16,16|
#setting_targetting_pos=-1,-1|-1,-1|-1,-1|-1,-1|-1,-1|-1,-1|-1,-1|
#type=4,4,4,4,4,4,4,
.......
#111111111111111
#assigned_pet=-1,-1,-1,-1,-1,-1,-1,
#assigned_hub=7,6,2,0,3,1,4,
#moving_targetting_pos=26,16|26,6|6,26|6,6|16,6|6,16|16,16|
#setting_targetting_pos=-1,-1|-1,-1|-1,-1|-1,-1|-1,-1|-1,-1|-1,-1|
#type=4,4,4,4,4,4,4,
.......
#111111111111111
#assigned_pet=-1,-1,-1,-1,-1,-1,-1,
#assigned_hub=7,6,2,0,3,1,4,
#moving_targetting_pos=26,16|26,6|6,26|6,6|16,6|6,16|16,16|
#setting_targetting_pos=-1,-1|-1,-1|-1,-1|-1,-1|-1,-1|-1,-1|-1,-1|
#type=4,4,4,4,4,4,4,
.......
#111111111111111
#assigned_pet=-1,-1,-1,-1,-1,-1,-1,
#assigned_hub=7,6,2,0,3,1,4,
#moving_targetting_pos=26,16|26,6|6,26|6,6|16,6|6,16|16,16|
#setting_targetting_pos=-1,-1|-1,-1|-1,-1|-1,-1|-1,-1|-1,-1|-1,-1|
#type=4,4,4,4,4,4,4,
.......
#111111111111111
#assigned_pet=-1,-1,-1,-1,-1,-1,-1,
#assigned_hub=7,6,2,0,3,1,4,
#moving_targetting_pos=26,16|26,6|6,26|6,6|16,6|6,16|16,16|
#setting_targetting_pos=-1,-1|-1,-1|-1,-1|-1,-1|-1,-1|-1,-1|-1,-1|
#type=4,4,4,4,4,4,4,
.......
#111111111111111
#assigned_pet=-1,-1,-1,-1,-1,-1,-1,
#assigned_hub=7,6,2,0,3,1,4,
#moving_targetting_pos=26,16|26,6|6,26|6,6|16,6|6,16|16,16|
#setting_targetting_pos=-1,-1|-1,-1|-1,-1|-1,-1|-1,-1|-1,-1|-1,-1|
#type=4,4,4,4,4,4,4,
.......
