#0000000000000000000
#assigned_pet=-1,-1,-1,-1,-1,-1,-1,
#assigned_hub=-1,-1,-1,-1,-1,-1,-1,
#moving_targetting_pos=29,30|25,30|22,1|9,2|15,1|19,2|12,29|
#setting_targetting_pos=29,2|25,1|22,29|9,30|15,30|19,30|12,1|
#type=1,1,1,1,1,1,1,
RRLLLLR
#0000000000000000000
#assigned_pet=-1,-1,-1,-1,-1,-1,-1,
#assigned_hub=-1,-1,-1,-1,-1,-1,-1,
#moving_targetting_pos=29,30|25,30|22,1|9,2|15,1|19,2|12,29|
#setting_targetting_pos=29,2|25,1|22,29|9,30|15,30|19,30|12,1|
#type=1,1,1,1,1,1,1,
RRLLLLR
#0000000000000000000
#assigned_pet=-1,-1,-1,-1,-1,-1,-1,
#assigned_hub=-1,-1,-1,-1,-1,-1,-1,
#moving_targetting_pos=29,30|25,30|22,1|9,2|15,1|19,2|12,29|
#setting_targetting_pos=29,2|25,1|22,29|9,30|15,30|19,30|12,1|
#type=1,1,1,1,1,1,1,
RRLLLLR
#0000000000000000000
#assigned_pet=-1,-1,-1,-1,-1,-1,-1,
#assigned_hub=-1,-1,-1,-1,-1,-1,-1,
#moving_targetting_pos=29,30|25,30|22,1|9,2|15,1|19,2|12,29|
#setting_targetting_pos=29,2|25,1|22,29|9,30|15,30|19,30|12,1|
#type=1,1,1,1,1,1,1,
URLLLLR
#0000000000000000000
#assigned_pet=-1,-1,-1,-1,-1,-1,-1,
#assigned_hub=-1,-1,-1,-1,-1,-1,-1,
#moving_targetting_pos=29,30|25,30|22,1|9,2|15,1|19,2|12,29|
#setting_targetting_pos=29,2|25,1|22,29|9,30|15,30|19,30|12,1|
#type=2,1,1,1,1,1,1,
dRLULLR
#0000000000000000000
#assigned_pet=-1,-1,-1,-1,-1,-1,-1,
#assigned_hub=-1,-1,-1,-1,-1,-1,-1,
#moving_targetting_pos=29,30|25,30|22,1|9,2|15,1|19,2|12,29|
#setting_targetting_pos=29,2|25,1|22,29|9,30|15,30|19,30|12,1|
#type=2,1,1,1,1,1,1,
LRLULLU
#0000000000000000000
#assigned_pet=-1,-1,-1,-1,-1,-1,-1,
#assigned_hub=-1,-1,-1,-1,-1,-1,-1,
#moving_targetting_pos=29,30|25,30|22,1|9,2|15,1|19,2|12,29|
#setting_targetting_pos=29,2|25,1|22,29|9,30|15,30|19,30|12,1|
#type=2,1,1,2,1,1,1,
LULdLLU
#0000000000000000000
#assigned_pet=-1,-1,-1,-1,-1,-1,-1,
#assigned_hub=-1,-1,-1,-1,-1,-1,-1,
#moving_targetting_pos=29,30|25,30|22,1|9,2|15,1|19,2|12,29|
#setting_targetting_pos=29,2|25,1|22,29|9,30|15,30|19,30|12,1|
#type=2,1,1,2,1,1,2,
rULRLLd
#0000000000000000000
#assigned_pet=-1,-1,-1,-1,-1,-1,-1,
#assigned_hub=-1,-1,-1,-1,-1,-1,-1,
#moving_targetting_pos=29,30|25,30|22,1|9,2|15,1|19,2|12,29|
#setting_targetting_pos=29,2|25,1|22,29|9,30|15,30|19,30|12,1|
#type=2,2,1,2,1,1,2,
udLRLLr
#0000000000000000000
#assigned_pet=-1,-1,-1,-1,-1,-1,-1,
#assigned_hub=-1,-1,-1,-1,-1,-1,-1,
#moving_targetting_pos=29,30|25,30|22,1|9,2|15,1|19,2|12,29|
#setting_targetting_pos=29,2|25,1|22,29|9,30|15,30|19,30|12,1|
#type=2,2,1,2,1,1,2,
LLLlLUL
#0000000000000000000
#assigned_pet=-1,-1,-1,-1,-1,-1,-1,
#assigned_hub=-1,-1,-1,-1,-1,-1,-1,
#moving_targetting_pos=29,30|25,30|22,1|9,2|15,1|19,2|12,29|
#setting_targetting_pos=29,2|25,1|22,29|9,30|15,30|19,30|12,1|
#type=2,2,1,2,1,1,2,
LdLuLUL
#0000000000000000000
#assigned_pet=-1,-1,-1,-1,-1,-1,-1,
#assigned_hub=-1,-1,-1,-1,-1,-1,-1,
#moving_targetting_pos=29,30|25,30|22,1|9,2|15,1|19,2|12,29|
#setting_targetting_pos=29,2|25,1|22,29|9,30|15,30|19,30|12,1|
#type=2,2,2,2,1,2,2,
dLuRLdL
#0000000000000000000
#assigned_pet=-1,-1,-1,-1,-1,-1,-1,
#assigned_hub=-1,-1,-1,-1,-1,-1,-1,
#moving_targetting_pos=29,30|25,30|22,1|9,2|15,1|19,2|12,29|
#setting_targetting_pos=29,2|25,1|22,29|9,30|15,30|19,30|12,1|
#type=2,2,2,2,1,2,2,
LuRRURd
#0000000000000000000
#assigned_pet=-1,-1,-1,-1,-1,-1,-1,
#assigned_hub=-1,-1,-1,-1,-1,-1,-1,
#moving_targetting_pos=29,30|25,30|22,1|9,2|15,1|19,2|12,29|
#setting_targetting_pos=29,2|25,1|22,29|9,30|15,30|19,30|12,1|
#type=2,2,2,2,2,2,2,
rLRddRu
#0000000000000000000
#assigned_pet=-1,-1,-1,-1,-1,-1,-1,
#assigned_hub=-1,-1,-1,-1,-1,-1,-1,
#moving_targetting_pos=29,30|25,30|22,1|9,2|15,1|19,2|12,29|
#setting_targetting_pos=29,2|25,1|22,29|9,30|15,30|19,30|12,1|
#type=2,2,2,2,2,2,2,
LLlRRlL
#0000000000000000000
#assigned_pet=-1,-1,-1,-1,-1,-1,-1,
#assigned_hub=-1,-1,-1,-1,-1,-1,-1,
#moving_targetting_pos=29,30|25,30|22,1|9,2|15,1|19,2|12,29|
#setting_targetting_pos=29,2|25,1|22,29|9,30|15,30|19,30|12,1|
#type=2,2,2,2,2,2,2,
uLdldu.
#0000000000000000000
#assigned_pet=-1,-1,-1,-1,-1,-1,-1,
#assigned_hub=-1,-1,-1,-1,-1,-1,-1,
#moving_targetting_pos=29,30|25,30|22,1|9,2|15,1|19,2|12,29|
#setting_targetting_pos=29,2|25,1|22,29|9,30|15,30|19,30|12,1|
#type=2,2,2,2,2,2,2,
LLRRRRr
#0000000000000000000
#assigned_pet=-1,-1,-1,-1,-1,-1,-1,
#assigned_hub=-1,-1,-1,-1,-1,-1,-1,
#moving_targetting_pos=29,30|25,30|22,1|9,2|15,1|19,2|12,29|
#setting_targetting_pos=29,2|25,1|22,29|9,30|15,30|19,30|12,1|
#type=2,2,2,2,2,2,2,
LuRudRL
#0000000000000000000
#assigned_pet=-1,-1,-1,-1,-1,-1,-1,
#assigned_hub=-1,-1,-1,-1,-1,-1,-1,
#moving_targetting_pos=29,30|25,30|22,1|9,2|15,1|19,2|12,29|
#setting_targetting_pos=29,2|25,1|22,29|9,30|15,30|19,30|12,1|
#type=2,2,2,2,2,2,2,
rLRRRdL
#0000000000000000000
#assigned_pet=-1,-1,-1,-1,-1,-1,-1,
#assigned_hub=-1,-1,-1,-1,-1,-1,-1,
#moving_targetting_pos=29,30|25,30|22,1|9,2|15,1|19,2|12,29|
#setting_targetting_pos=29,2|25,1|22,29|9,30|15,30|19,30|12,1|
#type=2,2,2,2,2,2,2,
dddRuR.
#0000000000000000000
#assigned_pet=-1,-1,-1,-1,-1,-1,-1,
#assigned_hub=-1,-1,-1,-1,-1,-1,-1,
#moving_targetting_pos=29,30|25,30|22,1|9,2|15,1|19,2|12,29|
#setting_targetting_pos=29,2|25,1|22,29|9,30|15,30|19,30|12,1|
#type=2,2,2,2,2,2,2,
LLulRl.
#0000000000000000000
#assigned_pet=-1,-1,-1,-1,-1,-1,-1,
#assigned_hub=-1,-1,-1,-1,-1,-1,-1,
#moving_targetting_pos=29,30|25,30|22,1|9,2|15,1|19,2|12,29|
#setting_targetting_pos=29,2|25,1|22,29|9,30|15,30|19,30|12,1|
#type=2,2,2,2,2,2,2,
LdRdRRd
#0000000000000000000
#assigned_pet=-1,-1,-1,-1,-1,-1,-1,
#assigned_hub=-1,-1,-1,-1,-1,-1,-1,
#moving_targetting_pos=29,30|25,30|22,1|9,2|15,1|19,2|12,29|
#setting_targetting_pos=29,2|25,1|22,29|9,30|15,30|19,30|12,1|
#type=2,2,2,2,2,2,2,
dLlRRuL
#0000000000000000000
#assigned_pet=-1,-1,-1,-1,-1,-1,-1,
#assigned_hub=-1,-1,-1,-1,-1,-1,-1,
#moving_targetting_pos=29,30|25,30|22,1|9,2|15,1|19,2|12,29|
#setting_targetting_pos=29,2|25,1|22,29|9,30|15,30|19,30|12,1|
#type=2,2,2,2,2,2,2,
LdRRRRL
#0000000000000000000
#assigned_pet=-1,-1,-1,-1,-1,-1,-1,
#assigned_hub=-1,-1,-1,-1,-1,-1,-1,
#moving_targetting_pos=29,30|25,30|22,1|9,2|15,1|19,2|12,29|
#setting_targetting_pos=29,2|25,1|22,29|9,30|15,30|19,30|12,1|
#type=2,2,2,2,2,2,2,
LLRduRr
#0000000000000000000
#assigned_pet=-1,-1,-1,-1,-1,-1,-1,
#assigned_hub=-1,-1,-1,-1,-1,-1,-1,
#moving_targetting_pos=29,30|25,30|22,1|9,2|15,1|19,2|12,29|
#setting_targetting_pos=29,2|25,1|22,29|9,30|15,30|19,30|12,1|
#type=2,2,2,2,2,2,2,
rddRRdu
#0000000000000000000
#assigned_pet=-1,-1,-1,-1,-1,-1,-1,
#assigned_hub=-1,-1,-1,-1,-1,-1,-1,
#moving_targetting_pos=29,30|25,30|22,1|9,2|15,1|19,2|12,29|
#setting_targetting_pos=29,2|25,1|22,29|9,30|15,30|19,30|12,1|
#type=2,2,2,2,2,2,2,
uLRRdlL
#0000000000000000000
#assigned_pet=-1,-1,-1,-1,-1,-1,-1,
#assigned_hub=-1,-1,-1,-1,-1,-1,-1,
#moving_targetting_pos=29,30|25,30|22,1|9,2|15,1|19,2|12,29|
#setting_targetting_pos=29,2|25,1|22,29|9,30|15,30|19,30|12,1|
#type=2,2,2,2,2,2,2,
LdRlRRL
#0000000000000000000
#assigned_pet=-1,-1,-1,-1,-1,-1,-1,
#assigned_hub=-1,-1,-1,-1,-1,-1,-1,
#moving_targetting_pos=29,30|25,30|22,1|9,2|15,1|19,2|12,29|
#setting_targetting_pos=29,2|25,1|22,29|9,30|15,30|19,30|12,1|
#type=2,2,2,2,2,2,2,
LLuudRr
#0000000000000000000
#assigned_pet=-1,-1,-1,-1,-1,-1,-1,
#assigned_hub=-1,-1,-1,-1,-1,-1,-1,
#moving_targetting_pos=29,30|25,30|22,1|9,2|15,1|19,2|12,29|
#setting_targetting_pos=29,2|25,1|22,29|9,30|15,30|19,30|12,1|
#type=2,2,2,2,2,2,2,
dulRR.d
#0000000000000000000
#assigned_pet=-1,-1,-1,-1,-1,-1,-1,
#assigned_hub=-1,-1,-1,-1,-1,-1,-1,
#moving_targetting_pos=29,30|25,30|22,1|9,2|15,1|19,2|12,29|
#setting_targetting_pos=29,2|25,1|22,29|9,30|15,30|19,30|12,1|
#type=2,2,2,2,2,2,2,
LLRRd.L
#0000000000000000000
#assigned_pet=-1,-1,-1,-1,-1,-1,-1,
#assigned_hub=-1,-1,-1,-1,-1,-1,-1,
#moving_targetting_pos=29,30|25,30|22,1|9,2|15,1|19,2|12,29|
#setting_targetting_pos=29,2|25,1|22,29|9,30|15,30|19,30|12,1|
#type=2,2,2,2,2,2,2,
rLR.R.L
#0000000000000000000
#assigned_pet=-1,-1,-1,-1,-1,-1,-1,
#assigned_hub=-1,-1,-1,-1,-1,-1,-1,
#moving_targetting_pos=29,30|25,30|22,1|9,2|15,1|19,2|12,29|
#setting_targetting_pos=29,2|25,1|22,29|9,30|15,30|19,30|12,1|
#type=2,2,2,2,2,2,2,
LLddd.L
#0000000000000000000
#assigned_pet=-1,-1,-1,-1,-1,-1,-1,
#assigned_hub=-1,-1,-1,-1,-1,-1,-1,
#moving_targetting_pos=29,30|25,30|22,1|9,2|15,1|19,2|12,29|
#setting_targetting_pos=29,2|25,1|22,29|9,30|15,30|19,30|12,1|
#type=2,2,2,2,2,2,2,
uL.RRdd
#0000000000000000000
#assigned_pet=-1,-1,-1,-1,-1,-1,-1,
#assigned_hub=-1,-1,-1,-1,-1,-1,-1,
#moving_targetting_pos=29,30|25,30|22,1|9,2|15,1|19,2|12,29|
#setting_targetting_pos=29,2|25,1|22,29|9,30|15,30|19,30|12,1|
#type=2,2,2,2,2,2,2,
Lu.ldR.
#0000000000000000000
#assigned_pet=-1,-1,-1,-1,-1,-1,-1,
#assigned_hub=-1,-1,-1,-1,-1,-1,-1,
#moving_targetting_pos=29,30|25,30|22,1|9,2|15,1|19,2|12,29|
#setting_targetting_pos=29,2|25,1|22,29|9,30|15,30|19,30|12,1|
#type=2,2,2,2,2,2,2,
LL.RRR.
#0000000000000000000
#assigned_pet=-1,-1,-1,-1,-1,-1,-1,
#assigned_hub=-1,-1,-1,-1,-1,-1,-1,
#moving_targetting_pos=29,30|25,30|22,1|9,2|15,1|19,2|12,29|
#setting_targetting_pos=29,2|25,1|22,29|9,30|15,30|19,30|12,1|
#type=2,2,2,2,2,2,2,
rdlu.uu
#0000000000000000000
#assigned_pet=-1,-1,-1,-1,-1,-1,-1,
#assigned_hub=-1,-1,-1,-1,-1,-1,-1,
#moving_targetting_pos=29,30|25,30|22,1|9,2|15,1|19,2|12,29|
#setting_targetting_pos=29,2|25,1|22,29|9,30|15,30|19,30|12,1|
#type=2,2,2,2,2,2,2,
dLRR..L
#0000000000000000000
#assigned_pet=-1,-1,-1,-1,-1,-1,-1,
#assigned_hub=-1,-1,-1,-1,-1,-1,-1,
#moving_targetting_pos=29,30|25,30|22,1|9,2|15,1|19,2|12,29|
#setting_targetting_pos=29,2|25,1|22,29|9,30|15,30|19,30|12,1|
#type=2,2,2,2,2,2,2,
LdRR.lr
#0000000000000000000
#assigned_pet=-1,-1,-1,-1,-1,-1,-1,
#assigned_hub=-1,-1,-1,-1,-1,-1,-1,
#moving_targetting_pos=29,30|25,30|22,1|9,2|15,1|19,2|12,29|
#setting_targetting_pos=29,2|25,1|22,29|9,30|15,30|19,30|12,1|
#type=2,2,2,2,2,2,2,
LLRluRL
#0000000000000000000
#assigned_pet=-1,-1,-1,-1,-1,-1,-1,
#assigned_hub=-1,-1,-1,-1,-1,-1,-1,
#moving_targetting_pos=29,30|25,30|22,1|9,2|15,1|19,2|12,29|
#setting_targetting_pos=29,2|25,1|22,29|9,30|15,30|19,30|12,1|
#type=2,2,2,2,2,2,2,
.dddRRL
#0000000000000000000
#assigned_pet=-1,-1,-1,-1,-1,-1,-1,
#assigned_hub=-1,-1,-1,-1,-1,-1,-1,
#moving_targetting_pos=29,30|25,30|22,1|9,2|15,1|19,2|12,29|
#setting_targetting_pos=29,2|25,1|22,29|9,30|15,30|19,30|12,1|
#type=2,2,2,2,2,2,2,
dLuRRdd
#0000000000000000000
#assigned_pet=-1,-1,-1,-1,-1,-1,-1,
#assigned_hub=-1,-1,-1,-1,-1,-1,-1,
#moving_targetting_pos=29,30|25,30|22,1|9,2|15,1|19,2|12,29|
#setting_targetting_pos=29,2|25,1|22,29|9,30|15,30|19,30|12,1|
#type=2,2,2,2,2,2,2,
LdRRRRL
#0000000000000000000
#assigned_pet=-1,-1,-1,-1,-1,-1,-1,
#assigned_hub=-1,-1,-1,-1,-1,-1,-1,
#moving_targetting_pos=29,30|25,30|22,1|9,2|15,1|19,2|12,29|
#setting_targetting_pos=29,2|25,1|22,29|9,30|15,30|19,30|12,1|
#type=2,2,2,2,2,2,2,
LLldR.L
#0000000000000000000
#assigned_pet=-1,-1,-1,-1,-1,-1,-1,
#assigned_hub=-1,-1,-1,-1,-1,-1,-1,
#moving_targetting_pos=29,30|25,30|22,1|9,2|15,1|19,2|12,29|
#setting_targetting_pos=29,2|25,1|22,29|9,30|15,30|19,30|12,1|
#type=2,2,2,2,2,2,2,
.dRRu.r
#0000000000000000000
#assigned_pet=-1,-1,-1,-1,-1,-1,-1,
#assigned_hub=-1,-1,-1,-1,-1,-1,-1,
#moving_targetting_pos=29,30|25,30|22,1|9,2|15,1|19,2|12,29|
#setting_targetting_pos=29,2|25,1|22,29|9,30|15,30|19,30|12,1|
#type=2,2,2,2,2,2,2,
.LRRRl.
#0000000000000000000
#assigned_pet=-1,-1,-1,-1,-1,-1,-1,
#assigned_hub=-1,-1,-1,-1,-1,-1,-1,
#moving_targetting_pos=29,30|25,30|22,1|9,2|15,1|19,2|12,29|
#setting_targetting_pos=29,2|25,1|22,29|9,30|15,30|19,30|12,1|
#type=2,2,2,2,2,2,2,
.udu.R.
#0000000000000000000
#assigned_pet=-1,-1,-1,-1,-1,-1,-1,
#assigned_hub=-1,-1,-1,-1,-1,-1,-1,
#moving_targetting_pos=29,30|25,30|22,1|9,2|15,1|19,2|12,29|
#setting_targetting_pos=29,2|25,1|22,29|9,30|15,30|19,30|12,1|
#type=2,2,2,2,2,2,2,
.LR..u.
#0000000000000000000
#assigned_pet=-1,-1,-1,-1,-1,-1,-1,
#assigned_hub=-1,-1,-1,-1,-1,-1,-1,
#moving_targetting_pos=29,30|25,30|22,1|9,2|15,1|19,2|12,29|
#setting_targetting_pos=29,2|25,1|22,29|9,30|15,30|19,30|12,1|
#type=2,2,2,2,2,2,2,
rLR.dRu
#0000000000000000000
#assigned_pet=-1,-1,-1,-1,-1,-1,-1,
#assigned_hub=-1,-1,-1,-1,-1,-1,-1,
#moving_targetting_pos=29,30|25,30|22,1|9,2|15,1|19,2|12,29|
#setting_targetting_pos=29,2|25,1|22,29|9,30|15,30|19,30|12,1|
#type=2,2,2,2,2,2,2,
uLl.RRL
#0000000000000000000
#assigned_pet=-1,-1,-1,-1,-1,-1,-1,
#assigned_hub=-1,-1,-1,-1,-1,-1,-1,
#moving_targetting_pos=29,30|25,30|22,1|9,2|15,1|19,2|12,29|
#setting_targetting_pos=29,2|25,1|22,29|9,30|15,30|19,30|12,1|
#type=2,2,2,2,2,2,2,
LLu.d.L
#0000000000000000000
#assigned_pet=-1,-1,-1,-1,-1,-1,-1,
#assigned_hub=-1,-1,-1,-1,-1,-1,-1,
#moving_targetting_pos=29,30|25,30|22,1|9,2|15,1|19,2|12,29|
#setting_targetting_pos=29,2|25,1|22,29|9,30|15,30|19,30|12,1|
#type=2,2,2,2,2,2,2,
LuR.Rl.
#0000000000000000000
#assigned_pet=-1,-1,-1,-1,-1,-1,-1,
#assigned_hub=-1,-1,-1,-1,-1,-1,-1,
#moving_targetting_pos=29,30|25,30|22,1|9,2|15,1|19,2|12,29|
#setting_targetting_pos=29,2|25,1|22,29|9,30|15,30|19,30|12,1|
#type=2,2,2,2,2,2,2,
dLR.ddr
#0000000000000000000
#assigned_pet=-1,-1,-1,-1,-1,-1,-1,
#assigned_hub=-1,-1,-1,-1,-1,-1,-1,
#moving_targetting_pos=29,30|25,30|22,1|9,2|15,1|19,2|12,29|
#setting_targetting_pos=29,2|25,1|22,29|9,30|15,30|19,30|12,1|
#type=2,2,2,2,2,2,2,
Ldl.RR.
#0000000000000000000
#assigned_pet=-1,-1,-1,-1,-1,-1,-1,
#assigned_hub=-1,-1,-1,-1,-1,-1,-1,
#moving_targetting_pos=29,30|25,30|22,1|9,2|15,1|19,2|12,29|
#setting_targetting_pos=29,2|25,1|22,29|9,30|15,30|19,30|12,1|
#type=2,2,2,2,2,2,2,
rLdldRd
#0000000000000000000
#assigned_pet=-1,-1,-1,-1,-1,-1,-1,
#assigned_hub=-1,-1,-1,-1,-1,-1,-1,
#moving_targetting_pos=29,30|25,30|22,1|9,2|15,1|19,2|12,29|
#setting_targetting_pos=29,2|25,1|22,29|9,30|15,30|19,30|12,1|
#type=2,2,2,2,2,2,2,
LdRRRdL
#0000000000000000000
#assigned_pet=-1,-1,-1,-1,-1,-1,-1,
#assigned_hub=-1,-1,-1,-1,-1,-1,-1,
#moving_targetting_pos=29,30|25,30|22,1|9,2|15,1|19,2|12,29|
#setting_targetting_pos=29,2|25,1|22,29|9,30|15,30|19,30|12,1|
#type=2,2,2,2,2,2,2,
uLRRdRL
#0000000000000000000
#assigned_pet=-1,-1,-1,-1,-1,-1,-1,
#assigned_hub=-1,-1,-1,-1,-1,-1,-1,
#moving_targetting_pos=29,30|25,30|22,1|9,2|15,1|19,2|12,29|
#setting_targetting_pos=29,2|25,1|22,29|9,30|15,30|19,30|12,1|
#type=2,2,2,2,2,2,2,
LdRdRRL
#0000000000000000000
#assigned_pet=-1,-1,-1,-1,-1,-1,-1,
#assigned_hub=-1,-1,-1,-1,-1,-1,-1,
#moving_targetting_pos=29,30|5,1|22,1|9,2|15,1|19,2|12,29|
#setting_targetting_pos=29,2|5,30|22,29|9,30|15,30|19,30|12,1|
#type=2,1,2,2,2,2,2,
LRdRuld
#0000000000000000000
#assigned_pet=-1,-1,-1,-1,-1,-1,-1,
#assigned_hub=-1,-1,-1,-1,-1,-1,-1,
#moving_targetting_pos=29,30|5,1|22,1|9,2|15,1|19,2|12,29|
#setting_targetting_pos=29,2|5,30|22,29|9,30|15,30|19,30|12,1|
#type=2,1,2,2,2,2,2,
rRulRuu
#0000000000000000000
#assigned_pet=-1,-1,-1,-1,-1,-1,-1,
#assigned_hub=-1,-1,-1,-1,-1,-1,-1,
#moving_targetting_pos=29,30|5,1|22,1|9,2|15,1|19,2|12,29|
#setting_targetting_pos=29,2|5,30|22,29|9,30|15,30|19,30|12,1|
#type=2,1,2,2,2,2,2,
dRRRRRL
#0000000000000000000
#assigned_pet=-1,-1,-1,-1,-1,-1,-1,
#assigned_hub=-1,-1,-1,-1,-1,-1,-1,
#moving_targetting_pos=2,1|5,1|22,1|9,2|15,1|19,2|12,29|
#setting_targetting_pos=2,29|5,30|22,29|9,30|15,30|19,30|12,1|
#type=1,1,2,2,2,2,2,
URluRRr
#0000000000000000000
#assigned_pet=-1,-1,-1,-1,-1,-1,-1,
#assigned_hub=-1,-1,-1,-1,-1,-1,-1,
#moving_targetting_pos=2,1|5,1|22,1|9,2|15,1|19,2|12,29|
#setting_targetting_pos=2,29|5,30|22,29|9,30|15,30|19,30|12,1|
#type=1,1,2,2,2,2,2,
RURRRdL
#0000000000000000000
#assigned_pet=-1,-1,-1,-1,-1,-1,-1,
#assigned_hub=-1,-1,-1,-1,-1,-1,-1,
#moving_targetting_pos=2,1|5,1|22,1|9,2|15,1|19,2|12,29|
#setting_targetting_pos=2,29|5,30|22,29|9,30|15,30|19,30|12,1|
#type=1,1,2,2,2,2,2,
UURRuRL
#0000000000000000000
#assigned_pet=-1,-1,-1,-1,-1,-1,-1,
#assigned_hub=-1,-1,-1,-1,-1,-1,-1,
#moving_targetting_pos=2,1|5,1|22,1|9,2|15,1|19,2|12,29|
#setting_targetting_pos=2,29|5,30|22,29|9,30|15,30|19,30|12,1|
#type=1,1,2,2,2,2,2,
RUrlRld
#0000000000000000000
#assigned_pet=-1,-1,-1,-1,-1,-1,-1,
#assigned_hub=-1,-1,-1,-1,-1,-1,-1,
#moving_targetting_pos=2,1|5,1|22,1|9,2|15,1|19,2|12,29|
#setting_targetting_pos=2,29|5,30|22,29|9,30|15,30|19,30|12,1|
#type=1,1,2,2,2,2,2,
RUdddRL
#0000000000000000000
#assigned_pet=-1,-1,-1,-1,-1,-1,-1,
#assigned_hub=-1,-1,5,2,-1,-1,-1,
#moving_targetting_pos=2,1|5,1|16,26|6,26|15,1|19,2|12,29|
#setting_targetting_pos=2,29|5,30|22,29|9,30|15,30|19,30|12,1|
#type=1,1,3,3,2,2,2,
UULURuL
#0000000000000000000
#assigned_pet=-1,-1,-1,-1,-1,-1,-1,
#assigned_hub=-1,-1,5,2,-1,-1,-1,
#moving_targetting_pos=2,1|5,1|16,26|6,26|15,1|19,2|12,29|
#setting_targetting_pos=2,29|5,30|-1,-1|-1,-1|15,30|19,30|12,1|
#type=1,1,3,3,2,2,2,
UULLdRr
#0000000000000000000
#assigned_pet=-1,-1,-1,-1,-1,-1,-1,
#assigned_hub=-1,-1,5,2,4,-1,-1,
#moving_targetting_pos=2,1|5,1|16,26|6,26|16,16|19,2|12,29|
#setting_targetting_pos=2,29|5,30|-1,-1|-1,-1|15,30|19,30|12,1|
#type=1,1,3,3,3,2,2,
UUUULRu
#0000000000000000000
#assigned_pet=-1,-1,-1,-1,-1,-1,-1,
#assigned_hub=-1,-1,5,2,4,-1,3,
#moving_targetting_pos=2,1|5,1|16,26|6,26|16,16|19,2|16,6|
#setting_targetting_pos=2,29|5,30|-1,-1|-1,-1|-1,-1|19,30|12,1|
#type=1,1,3,3,3,2,3,
UUULLlD
#0000000000000000000
#assigned_pet=-1,-1,-1,-1,-1,-1,-1,
#assigned_hub=-1,-1,5,2,4,-1,3,
#moving_targetting_pos=2,1|5,1|16,26|6,26|16,16|19,2|16,6|
#setting_targetting_pos=2,29|5,30|-1,-1|-1,-1|-1,-1|19,30|-1,-1|
#type=1,1,3,3,3,2,3,
UUULLdR
#0000000000000000000
#assigned_pet=-1,-1,-1,-1,-1,-1,-1,
#assigned_hub=-1,-1,5,2,4,7,3,
#moving_targetting_pos=2,1|5,1|16,26|-1,-1|16,16|26,16|16,6|
#setting_targetting_pos=2,29|5,30|-1,-1|-1,-1|-1,-1|19,30|-1,-1|
#type=1,1,3,4,3,3,3,
UUU.LUD
#0000000000000000000
#assigned_pet=-1,-1,-1,-1,-1,-1,-1,
#assigned_hub=-1,-1,5,2,4,7,3,
#moving_targetting_pos=2,1|5,1|16,26|-1,-1|16,16|26,16|16,6|
#setting_targetting_pos=2,29|5,30|-1,-1|-1,-1|-1,-1|-1,-1|-1,-1|
#type=1,1,3,4,3,3,3,
UUL.LLR
#0000000000000000000
#assigned_pet=-1,-1,13,13,-1,-1,-1,
#assigned_hub=-1,-1,5,2,4,7,3,
#moving_targetting_pos=2,1|5,1|-1,-1|-1,-1|16,16|26,16|16,6|
#setting_targetting_pos=2,29|5,30|14,27|8,27|-1,-1|-1,-1|-1,-1|
#type=1,1,4,4,3,3,3,
UUR.LUD
#0000000000000000000
#assigned_pet=-1,-1,13,13,-1,-1,-1,
#assigned_hub=-1,-1,5,2,4,7,3,
#moving_targetting_pos=2,1|5,1|-1,-1|-1,-1|16,16|26,16|16,6|
#setting_targetting_pos=2,29|5,30|14,27|8,27|-1,-1|-1,-1|-1,-1|
#type=1,1,4,4,3,3,3,
UUU.LLR
#0000000000000000000
#assigned_pet=-1,-1,13,13,-1,-1,-1,
#assigned_hub=-1,-1,5,2,4,7,3,
#moving_targetting_pos=2,1|5,1|-1,-1|-1,-1|16,16|26,16|16,6|
#setting_targetting_pos=2,29|5,30|14,27|8,27|-1,-1|-1,-1|-1,-1|
#type=1,1,4,4,3,3,3,
UUU.LLR
#0000000000000000000
#assigned_pet=-1,-1,13,13,-1,-1,-1,
#assigned_hub=-1,-1,5,2,4,7,3,
#moving_targetting_pos=2,1|5,1|-1,-1|-1,-1|16,16|26,16|-1,-1|
#setting_targetting_pos=2,29|5,30|14,27|8,27|-1,-1|-1,-1|-1,-1|
#type=1,1,4,4,3,3,4,
UUU.LL.
#0000000000000000000
#assigned_pet=-1,-1,13,13,-1,-1,-1,
#assigned_hub=-1,-1,5,2,4,8,3,
#moving_targetting_pos=2,1|5,1|-1,-1|-1,-1|16,16|26,26|-1,-1|
#setting_targetting_pos=2,29|5,30|14,27|8,27|-1,-1|-1,-1|-1,-1|
#type=1,1,4,4,3,3,4,
UU..LR.
#0000000000000000000
#assigned_pet=-1,-1,13,13,-1,-1,-1,
#assigned_hub=-1,-1,5,2,4,8,3,
#moving_targetting_pos=2,1|5,1|-1,-1|-1,-1|16,16|26,26|-1,-1|
#setting_targetting_pos=2,29|5,30|14,27|8,27|-1,-1|-1,-1|-1,-1|
#type=1,1,4,4,3,3,4,
UU..LD.
#0000000000000000000
#assigned_pet=-1,-1,14,14,-1,-1,-1,
#assigned_hub=-1,-1,5,2,4,8,3,
#moving_targetting_pos=2,1|5,1|-1,-1|-1,-1|16,16|26,26|-1,-1|
#setting_targetting_pos=2,29|5,30|14,25|8,25|-1,-1|-1,-1|-1,-1|
#type=1,1,4,4,3,3,4,
UULLLD.
#0000000000000000000
#assigned_pet=-1,-1,-1,-1,-1,-1,-1,
#assigned_hub=-1,-1,5,2,4,8,3,
#moving_targetting_pos=2,1|5,1|-1,-1|-1,-1|16,16|26,26|-1,-1|
#setting_targetting_pos=2,29|5,30|-1,-1|-1,-1|-1,-1|-1,-1|-1,-1|
#type=1,1,4,4,3,3,4,
UL..LD.
#0000000000000000000
#assigned_pet=-1,-1,5,-1,5,-1,-1,
#assigned_hub=-1,-1,5,2,4,8,3,
#moving_targetting_pos=2,1|5,1|-1,-1|-1,-1|-1,-1|26,26|-1,-1|
#setting_targetting_pos=2,29|5,30|15,24|-1,-1|15,18|-1,-1|-1,-1|
#type=1,1,4,4,4,3,4,
ULL..D.
#0000010000000000000
#assigned_pet=-1,-1,5,-1,5,-1,-1,
#assigned_hub=-1,-1,5,2,4,8,3,
#moving_targetting_pos=2,1|5,1|-1,-1|-1,-1|-1,-1|26,26|-1,-1|
#setting_targetting_pos=2,29|5,30|15,24|-1,-1|15,18|-1,-1|-1,-1|
#type=1,1,5,4,5,3,4,
ULl.rD.
#0000010000000000000
#assigned_pet=-1,-1,-1,-1,11,-1,11,
#assigned_hub=-1,-1,5,2,4,8,3,
#moving_targetting_pos=2,1|5,1|-1,-1|-1,-1|-1,-1|26,26|-1,-1|
#setting_targetting_pos=2,29|5,30|-1,-1|-1,-1|15,14|-1,-1|15,8|
#type=1,1,4,4,4,3,4,
UL..LDR
#0000010000000000000
#assigned_pet=-1,-1,-1,-1,11,-1,11,
#assigned_hub=-1,-1,5,2,4,8,3,
#moving_targetting_pos=2,1|5,1|-1,-1|-1,-1|-1,-1|26,26|-1,-1|
#setting_targetting_pos=2,29|5,30|-1,-1|-1,-1|15,14|-1,-1|15,8|
#type=1,1,4,4,4,3,4,
UU..LDR
#0000010100010000000
#assigned_pet=-1,-1,-1,-1,7,-1,7,
#assigned_hub=-1,-1,5,2,4,8,3,
#moving_targetting_pos=2,1|5,1|-1,-1|-1,-1|-1,-1|26,26|-1,-1|
#setting_targetting_pos=2,29|5,30|-1,-1|-1,-1|15,14|-1,-1|15,8|
#type=1,1,4,4,5,3,5,
UU..lLr
#0000010100010000000
#assigned_pet=-1,-1,-1,-1,-1,-1,-1,
#assigned_hub=-1,-1,5,2,4,8,3,
#moving_targetting_pos=2,1|5,1|-1,-1|-1,-1|-1,-1|-1,-1|-1,-1|
#setting_targetting_pos=2,29|5,30|-1,-1|-1,-1|-1,-1|-1,-1|-1,-1|
#type=1,2,4,4,4,4,4,
Ld.....
#0000010100010000000
#assigned_pet=-1,-1,4,-1,4,-1,-1,
#assigned_hub=-1,-1,5,2,4,8,3,
#moving_targetting_pos=2,1|5,1|-1,-1|-1,-1|-1,-1|-1,-1|-1,-1|
#setting_targetting_pos=2,29|5,30|17,24|-1,-1|17,18|-1,-1|-1,-1|
#type=1,2,4,4,4,4,4,
LRD.R..
#0000010100010000000
#assigned_pet=-1,-1,4,-1,4,8,-1,
#assigned_hub=-1,-1,5,2,4,8,3,
#moving_targetting_pos=2,1|5,1|-1,-1|-1,-1|-1,-1|-1,-1|-1,-1|
#setting_targetting_pos=2,29|5,30|17,24|-1,-1|17,18|25,28|-1,-1|
#type=1,2,4,4,4,4,4,
LdL.RR.
#0000010100010000000
#assigned_pet=-1,-1,4,-1,4,8,-1,
#assigned_hub=-1,-1,5,2,4,8,3,
#moving_targetting_pos=2,1|5,1|-1,-1|-1,-1|-1,-1|-1,-1|-1,-1|
#setting_targetting_pos=2,29|5,30|17,24|-1,-1|17,18|25,28|-1,-1|
#type=1,2,4,4,4,4,4,
RR..DD.
#0000010100010000000
#assigned_pet=-1,-1,4,-1,4,8,-1,
#assigned_hub=-1,-1,5,2,4,8,3,
#moving_targetting_pos=2,1|5,1|-1,-1|-1,-1|-1,-1|-1,-1|-1,-1|
#setting_targetting_pos=2,29|5,30|17,24|-1,-1|17,18|25,28|-1,-1|
#type=1,2,4,4,4,4,4,
U...R..
#0000110100010010000
#assigned_pet=-1,-1,4,-1,4,-1,-1,
#assigned_hub=-1,-1,5,2,4,8,3,
#moving_targetting_pos=2,1|5,1|-1,-1|-1,-1|-1,-1|-1,-1|-1,-1|
#setting_targetting_pos=2,29|5,30|17,24|-1,-1|17,18|-1,-1|-1,-1|
#type=1,2,5,4,5,4,4,
U.d.d..
#0000110100010010000
#assigned_pet=-1,-1,8,-1,-1,8,-1,
#assigned_hub=-1,-1,5,2,4,8,3,
#moving_targetting_pos=2,1|5,1|-1,-1|-1,-1|-1,-1|-1,-1|-1,-1|
#setting_targetting_pos=2,29|5,30|18,27|-1,-1|-1,-1|24,27|-1,-1|
#type=1,2,4,4,4,4,4,
LdR....
#0000110100010010000
#assigned_pet=-1,-1,8,-1,-1,8,-1,
#assigned_hub=-1,-1,5,2,4,8,3,
#moving_targetting_pos=2,1|5,1|-1,-1|-1,-1|-1,-1|-1,-1|-1,-1|
#setting_targetting_pos=2,29|5,30|18,27|-1,-1|-1,-1|24,27|-1,-1|
#type=1,2,4,4,4,4,4,
LRR....
#0000110100010010000
#assigned_pet=-1,-1,8,-1,-1,8,-1,
#assigned_hub=-1,-1,5,2,4,8,3,
#moving_targetting_pos=2,1|5,1|-1,-1|-1,-1|-1,-1|-1,-1|-1,-1|
#setting_targetting_pos=2,29|5,30|18,27|-1,-1|-1,-1|24,27|-1,-1|
#type=1,2,4,4,4,4,4,
UuR....
#0000110100010010000
#assigned_pet=-1,-1,8,-1,-1,8,-1,
#assigned_hub=-1,-1,5,2,4,8,3,
#moving_targetting_pos=2,1|5,1|-1,-1|-1,-1|-1,-1|-1,-1|-1,-1|
#setting_targetting_pos=2,29|5,30|18,27|-1,-1|-1,-1|24,27|-1,-1|
#type=1,2,4,4,4,4,4,
URD....
#0000110100010010000
#assigned_pet=-1,-1,-1,-1,-1,-1,-1,
#assigned_hub=-1,-1,5,2,4,8,3,
#moving_targetting_pos=2,1|5,1|-1,-1|-1,-1|-1,-1|-1,-1|-1,-1|
#setting_targetting_pos=2,29|5,30|-1,-1|-1,-1|-1,-1|-1,-1|-1,-1|
#type=1,2,4,4,4,4,4,
UR.....
#0000110100010010000
#assigned_pet=-1,-1,8,-1,-1,8,-1,
#assigned_hub=-1,-1,5,2,4,8,3,
#moving_targetting_pos=2,1|5,1|-1,-1|-1,-1|-1,-1|-1,-1|-1,-1|
#setting_targetting_pos=2,29|5,30|18,25|-1,-1|-1,-1|24,25|-1,-1|
#type=2,2,4,4,4,4,4,
uRL..L.
#0000110100010010000
#assigned_pet=-1,-1,-1,-1,-1,-1,-1,
#assigned_hub=-1,-1,5,2,4,8,3,
#moving_targetting_pos=2,1|5,1|-1,-1|-1,-1|-1,-1|-1,-1|-1,-1|
#setting_targetting_pos=2,29|5,30|-1,-1|-1,-1|-1,-1|-1,-1|-1,-1|
#type=2,2,4,4,4,4,4,
RR.....
#0000110100010010000
#assigned_pet=-1,-1,-1,-1,-1,-1,-1,
#assigned_hub=-1,-1,5,2,4,8,3,
#moving_targetting_pos=2,1|5,1|-1,-1|-1,-1|-1,-1|-1,-1|-1,-1|
#setting_targetting_pos=2,29|5,30|-1,-1|-1,-1|-1,-1|-1,-1|-1,-1|
#type=2,2,4,4,4,4,4,
Ru.....
#0000110100010010000
#assigned_pet=-1,-1,-1,-1,-1,-1,-1,
#assigned_hub=-1,-1,5,2,4,8,3,
#moving_targetting_pos=2,1|5,1|-1,-1|-1,-1|-1,-1|-1,-1|-1,-1|
#setting_targetting_pos=2,29|5,30|-1,-1|-1,-1|-1,-1|-1,-1|-1,-1|
#type=2,2,4,4,4,4,4,
lR.....
#0000110100010010000
#assigned_pet=-1,-1,-1,-1,-1,-1,-1,
#assigned_hub=-1,-1,5,2,4,8,3,
#moving_targetting_pos=2,1|5,1|-1,-1|-1,-1|-1,-1|-1,-1|-1,-1|
#setting_targetting_pos=2,29|5,30|-1,-1|-1,-1|-1,-1|-1,-1|-1,-1|
#type=2,2,4,4,4,4,4,
d......
#0000110100010010000
#assigned_pet=-1,-1,15,-1,-1,15,-1,
#assigned_hub=-1,-1,5,2,4,8,3,
#moving_targetting_pos=2,1|5,1|-1,-1|-1,-1|-1,-1|-1,-1|-1,-1|
#setting_targetting_pos=2,29|5,30|18,25|-1,-1|-1,-1|24,25|-1,-1|
#type=2,2,4,4,4,4,4,
R.L..L.
#0000110100010010000
#assigned_pet=-1,-1,15,-1,-1,15,-1,
#assigned_hub=-1,-1,5,2,4,8,3,
#moving_targetting_pos=2,1|5,1|-1,-1|-1,-1|-1,-1|-1,-1|-1,-1|
#setting_targetting_pos=2,29|5,30|18,25|-1,-1|-1,-1|24,25|-1,-1|
#type=2,2,4,4,4,4,4,
Rd.....
#0000110100010011000
#assigned_pet=-1,-1,15,-1,-1,15,-1,
#assigned_hub=-1,-1,5,2,4,8,3,
#moving_targetting_pos=2,1|5,1|-1,-1|-1,-1|-1,-1|-1,-1|-1,-1|
#setting_targetting_pos=2,29|5,30|18,25|-1,-1|-1,-1|24,25|-1,-1|
#type=2,2,5,4,4,5,4,
RRd..u.
#0000110100010011000
#assigned_pet=-1,-1,-1,-1,-1,-1,-1,
#assigned_hub=-1,-1,5,2,4,8,3,
#moving_targetting_pos=2,1|5,1|-1,-1|-1,-1|-1,-1|-1,-1|-1,-1|
#setting_targetting_pos=2,29|5,30|-1,-1|-1,-1|-1,-1|-1,-1|-1,-1|
#type=2,2,4,4,4,4,4,
dd.....
#0000110100010011000
#assigned_pet=-1,-1,-1,-1,-1,-1,-1,
#assigned_hub=-1,-1,5,2,4,8,3,
#moving_targetting_pos=2,1|5,1|-1,-1|-1,-1|-1,-1|-1,-1|-1,-1|
#setting_targetting_pos=2,29|5,30|-1,-1|-1,-1|-1,-1|-1,-1|-1,-1|
#type=2,2,4,4,4,4,4,
uR.....
#0000110100010011000
#assigned_pet=-1,-1,-1,-1,-1,-1,-1,
#assigned_hub=-1,-1,5,2,4,8,3,
#moving_targetting_pos=2,1|5,1|-1,-1|-1,-1|-1,-1|-1,-1|-1,-1|
#setting_targetting_pos=2,29|5,30|-1,-1|-1,-1|-1,-1|-1,-1|-1,-1|
#type=2,2,4,4,4,4,4,
Rd.....
#0000110100010011000
#assigned_pet=-1,-1,-1,-1,-1,-1,-1,
#assigned_hub=-1,-1,5,2,4,8,3,
#moving_targetting_pos=2,1|5,1|-1,-1|-1,-1|-1,-1|-1,-1|-1,-1|
#setting_targetting_pos=2,29|5,30|-1,-1|-1,-1|-1,-1|-1,-1|-1,-1|
#type=2,2,4,4,4,4,4,
lR.....
#0000110100010011000
#assigned_pet=-1,-1,8,8,-1,-1,-1,
#assigned_hub=-1,-1,5,2,4,8,3,
#moving_targetting_pos=2,1|5,1|-1,-1|-1,-1|-1,-1|-1,-1|-1,-1|
#setting_targetting_pos=2,29|5,30|14,25|8,25|-1,-1|-1,-1|-1,-1|
#type=2,2,4,4,4,4,4,
RdUL...
#0000110100010011000
#assigned_pet=-1,-1,8,8,-1,-1,-1,
#assigned_hub=-1,-1,5,2,4,8,3,
#moving_targetting_pos=2,1|5,1|-1,-1|-1,-1|-1,-1|-1,-1|-1,-1|
#setting_targetting_pos=2,29|5,30|14,25|8,25|-1,-1|-1,-1|-1,-1|
#type=2,2,4,4,4,4,4,
RRU....
#0000110110010011000
#assigned_pet=-1,-1,8,8,-1,-1,-1,
#assigned_hub=-1,-1,5,2,4,8,3,
#moving_targetting_pos=2,1|5,1|-1,-1|-1,-1|-1,-1|-1,-1|-1,-1|
#setting_targetting_pos=2,29|5,30|14,25|8,25|-1,-1|-1,-1|-1,-1|
#type=2,2,5,5,4,4,4,
ddud...
#0000110110010011000
#assigned_pet=-1,-1,-1,-1,-1,-1,-1,
#assigned_hub=-1,-1,1,2,4,8,3,
#moving_targetting_pos=2,1|5,1|6,16|-1,-1|-1,-1|-1,-1|-1,-1|
#setting_targetting_pos=2,29|5,30|-1,-1|-1,-1|-1,-1|-1,-1|-1,-1|
#type=2,2,3,4,4,4,4,
RRR....
#0000110110010011000
#assigned_pet=-1,-1,-1,-1,-1,-1,-1,
#assigned_hub=-1,-1,1,2,4,8,3,
#moving_targetting_pos=2,1|5,1|6,16|-1,-1|-1,-1|-1,-1|-1,-1|
#setting_targetting_pos=2,29|5,30|-1,-1|-1,-1|-1,-1|-1,-1|-1,-1|
#type=2,2,3,4,4,4,4,
RuR....
#0000110110010011000
#assigned_pet=-1,-1,-1,-1,-1,-1,-1,
#assigned_hub=-1,-1,1,2,4,8,3,
#moving_targetting_pos=2,1|5,1|6,16|-1,-1|-1,-1|-1,-1|-1,-1|
#setting_targetting_pos=2,29|5,30|-1,-1|-1,-1|-1,-1|-1,-1|-1,-1|
#type=2,2,3,4,4,4,4,
lRU....
#0000110110010011000
#assigned_pet=-1,-1,-1,-1,-1,-1,-1,
#assigned_hub=-1,-1,1,2,4,8,3,
#moving_targetting_pos=2,1|5,1|6,16|-1,-1|-1,-1|-1,-1|-1,-1|
#setting_targetting_pos=2,29|5,30|-1,-1|-1,-1|-1,-1|-1,-1|-1,-1|
#type=2,2,3,4,4,4,4,
uRU....
#0000110110010011000
#assigned_pet=-1,-1,-1,-1,-1,-1,-1,
#assigned_hub=-1,-1,1,2,4,8,3,
#moving_targetting_pos=2,1|5,1|6,16|-1,-1|-1,-1|-1,-1|-1,-1|
#setting_targetting_pos=2,29|5,30|-1,-1|-1,-1|-1,-1|-1,-1|-1,-1|
#type=2,2,3,4,4,4,4,
RRU....
#0000110110010011000
#assigned_pet=-1,-1,-1,-1,-1,-1,-1,
#assigned_hub=-1,-1,1,2,4,8,3,
#moving_targetting_pos=2,1|5,1|6,16|-1,-1|-1,-1|-1,-1|-1,-1|
#setting_targetting_pos=2,29|5,30|-1,-1|-1,-1|-1,-1|-1,-1|-1,-1|
#type=2,2,3,4,4,4,4,
RRU....
#0000110110010011000
#assigned_pet=-1,-1,-1,-1,-1,-1,-1,
#assigned_hub=-1,-1,1,2,4,8,3,
#moving_targetting_pos=2,1|5,1|6,16|-1,-1|-1,-1|-1,-1|-1,-1|
#setting_targetting_pos=2,29|5,30|-1,-1|-1,-1|-1,-1|-1,-1|-1,-1|
#type=2,2,3,4,4,4,4,
.uU....
#0000110110010011000
#assigned_pet=-1,-1,-1,-1,-1,-1,-1,
#assigned_hub=-1,-1,1,2,4,8,3,
#moving_targetting_pos=2,1|5,1|6,16|-1,-1|-1,-1|-1,-1|-1,-1|
#setting_targetting_pos=2,29|5,30|-1,-1|-1,-1|-1,-1|-1,-1|-1,-1|
#type=2,2,3,4,4,4,4,
dRU....
#0000110110010011000
#assigned_pet=-1,-1,-1,-1,-1,-1,-1,
#assigned_hub=-1,-1,1,2,4,8,3,
#moving_targetting_pos=2,1|5,1|6,16|-1,-1|-1,-1|-1,-1|-1,-1|
#setting_targetting_pos=2,29|5,30|-1,-1|-1,-1|-1,-1|-1,-1|-1,-1|
#type=2,2,3,4,4,4,4,
ldU....
#0000110110010011000
#assigned_pet=-1,-1,-1,-1,-1,-1,-1,
#assigned_hub=-1,-1,1,2,4,8,3,
#moving_targetting_pos=2,1|5,1|6,16|-1,-1|-1,-1|-1,-1|-1,-1|
#setting_targetting_pos=2,29|5,30|-1,-1|-1,-1|-1,-1|-1,-1|-1,-1|
#type=2,2,3,4,4,4,4,
RRL....
#0000110110010011000
#assigned_pet=-1,-1,-1,-1,-1,-1,-1,
#assigned_hub=-1,-1,1,2,4,8,3,
#moving_targetting_pos=2,1|5,1|6,16|-1,-1|-1,-1|-1,-1|-1,-1|
#setting_targetting_pos=2,29|5,30|-1,-1|-1,-1|-1,-1|-1,-1|-1,-1|
#type=2,2,3,4,4,4,4,
RdU....
#0000110110010011000
#assigned_pet=-1,-1,-1,-1,-1,-1,-1,
#assigned_hub=-1,-1,1,2,4,8,3,
#moving_targetting_pos=2,1|5,1|6,16|-1,-1|-1,-1|-1,-1|-1,-1|
#setting_targetting_pos=2,29|5,30|-1,-1|-1,-1|-1,-1|-1,-1|-1,-1|
#type=2,2,3,4,4,4,4,
RRL....
#0000110110010011000
#assigned_pet=-1,-1,-1,-1,-1,-1,-1,
#assigned_hub=-1,-1,1,2,4,8,3,
#moving_targetting_pos=2,1|5,1|6,16|-1,-1|-1,-1|-1,-1|-1,-1|
#setting_targetting_pos=2,29|5,30|-1,-1|-1,-1|-1,-1|-1,-1|-1,-1|
#type=2,2,3,4,4,4,4,
d.L....
#0000110110010011000
#assigned_pet=-1,-1,-1,-1,-1,-1,-1,
#assigned_hub=-1,-1,1,2,4,8,3,
#moving_targetting_pos=2,1|5,1|6,16|-1,-1|-1,-1|-1,-1|-1,-1|
#setting_targetting_pos=2,29|5,30|-1,-1|-1,-1|-1,-1|-1,-1|-1,-1|
#type=2,2,3,4,4,4,4,
udL....
#0000110110010011000
#assigned_pet=-1,-1,-1,9,-1,-1,-1,
#assigned_hub=-1,-1,1,2,4,8,3,
#moving_targetting_pos=2,1|5,1|6,16|-1,-1|-1,-1|-1,-1|-1,-1|
#setting_targetting_pos=2,29|5,30|-1,-1|7,28|-1,-1|-1,-1|-1,-1|
#type=2,2,3,4,4,4,4,
RRLR...
#0000110110010011000
#assigned_pet=-1,-1,-1,9,-1,-1,-1,
#assigned_hub=-1,-1,1,2,4,8,3,
#moving_targetting_pos=2,1|5,1|6,16|-1,-1|-1,-1|-1,-1|-1,-1|
#setting_targetting_pos=2,29|5,30|-1,-1|7,28|-1,-1|-1,-1|-1,-1|
#type=2,2,3,4,4,4,4,
.dLR...
#0000110110010011000
#assigned_pet=-1,-1,-1,9,-1,-1,-1,
#assigned_hub=-1,-1,1,2,4,8,3,
#moving_targetting_pos=2,1|5,1|6,16|-1,-1|-1,-1|-1,-1|-1,-1|
#setting_targetting_pos=2,29|5,30|-1,-1|7,28|-1,-1|-1,-1|-1,-1|
#type=2,2,3,4,4,4,4,
.RL....
#0000110110010011000
#assigned_pet=-1,-1,-1,-1,-1,-1,-1,
#assigned_hub=-1,-1,1,2,4,8,3,
#moving_targetting_pos=2,1|5,1|6,16|-1,-1|-1,-1|-1,-1|-1,-1|
#setting_targetting_pos=2,29|5,30|-1,-1|-1,-1|-1,-1|-1,-1|-1,-1|
#type=2,2,3,4,4,4,4,
.dL....
#0000110110010011000
#assigned_pet=-1,-1,-1,-1,-1,-1,-1,
#assigned_hub=-1,-1,1,2,4,8,3,
#moving_targetting_pos=2,1|5,1|6,16|-1,-1|-1,-1|-1,-1|-1,-1|
#setting_targetting_pos=2,29|5,30|-1,-1|-1,-1|-1,-1|-1,-1|-1,-1|
#type=2,2,3,4,4,4,4,
lRL....
#0000110110010011000
#assigned_pet=-1,-1,-1,-1,-1,-1,-1,
#assigned_hub=-1,-1,1,2,4,8,3,
#moving_targetting_pos=2,1|5,1|6,16|-1,-1|-1,-1|-1,-1|-1,-1|
#setting_targetting_pos=2,29|5,30|-1,-1|-1,-1|-1,-1|-1,-1|-1,-1|
#type=2,2,3,4,4,4,4,
RuL....
#0000110110010011000
#assigned_pet=-1,-1,6,-1,-1,-1,-1,
#assigned_hub=-1,-1,1,2,4,8,3,
#moving_targetting_pos=2,1|5,1|-1,-1|-1,-1|-1,-1|-1,-1|-1,-1|
#setting_targetting_pos=2,29|5,30|4,17|-1,-1|-1,-1|-1,-1|-1,-1|
#type=2,2,4,4,4,4,4,
RRU....
#0000110110010011000
#assigned_pet=-1,-1,6,9,-1,-1,-1,
#assigned_hub=-1,-1,1,2,4,8,3,
#moving_targetting_pos=2,1|5,1|-1,-1|-1,-1|-1,-1|-1,-1|-1,-1|
#setting_targetting_pos=2,29|5,30|4,17|7,28|-1,-1|-1,-1|-1,-1|
#type=2,2,4,4,4,4,4,
.RU....
#0000110110010011000
#assigned_pet=-1,-1,6,9,-1,-1,-1,
#assigned_hub=-1,-1,1,2,4,8,3,
#moving_targetting_pos=2,1|5,1|-1,-1|-1,-1|-1,-1|-1,-1|-1,-1|
#setting_targetting_pos=2,29|5,30|4,17|7,28|-1,-1|-1,-1|-1,-1|
#type=2,2,4,4,4,4,4,
.R.....
#0000110110010011000
#assigned_pet=-1,-1,10,9,-1,-1,-1,
#assigned_hub=-1,-1,1,2,4,8,3,
#moving_targetting_pos=2,1|5,1|-1,-1|-1,-1|-1,-1|-1,-1|-1,-1|
#setting_targetting_pos=2,29|5,30|4,17|7,28|-1,-1|-1,-1|-1,-1|
#type=2,2,4,4,4,4,4,
.R.....
#0000110110010011000
#assigned_pet=-1,-1,10,9,-1,-1,-1,
#assigned_hub=-1,-1,1,2,4,8,3,
#moving_targetting_pos=2,1|5,1|-1,-1|-1,-1|-1,-1|-1,-1|-1,-1|
#setting_targetting_pos=2,29|5,30|4,17|7,28|-1,-1|-1,-1|-1,-1|
#type=2,2,4,4,4,4,4,
.u.....
#0000110110010011000
#assigned_pet=-1,-1,10,9,-1,-1,-1,
#assigned_hub=-1,-1,1,2,4,8,3,
#moving_targetting_pos=2,1|5,1|-1,-1|-1,-1|-1,-1|-1,-1|-1,-1|
#setting_targetting_pos=2,29|5,30|4,17|7,28|-1,-1|-1,-1|-1,-1|
#type=2,2,4,4,4,4,4,
.R.....
#0000110110010011000
#assigned_pet=-1,-1,-1,9,-1,-1,-1,
#assigned_hub=-1,-1,1,2,4,8,3,
#moving_targetting_pos=2,1|5,1|-1,-1|-1,-1|-1,-1|-1,-1|-1,-1|
#setting_targetting_pos=2,29|5,30|-1,-1|7,28|-1,-1|-1,-1|-1,-1|
#type=2,2,4,4,4,4,4,
.d.....
#0000110110010011000
#assigned_pet=-1,-1,10,9,-1,-1,-1,
#assigned_hub=-1,-1,1,2,4,8,3,
#moving_targetting_pos=2,1|5,1|-1,-1|-1,-1|-1,-1|-1,-1|-1,-1|
#setting_targetting_pos=2,29|5,30|4,17|7,28|-1,-1|-1,-1|-1,-1|
#type=2,2,4,4,4,4,4,
.R.....
#0000110110010011000
#assigned_pet=-1,-1,-1,9,-1,-1,-1,
#assigned_hub=-1,-1,1,2,4,8,3,
#moving_targetting_pos=2,1|5,1|-1,-1|-1,-1|-1,-1|-1,-1|-1,-1|
#setting_targetting_pos=2,29|5,30|-1,-1|7,28|-1,-1|-1,-1|-1,-1|
#type=2,2,4,4,4,4,4,
.d.....
#0000110111010011000
#assigned_pet=-1,-1,-1,9,-1,-1,-1,
#assigned_hub=-1,0,1,2,4,8,3,
#moving_targetting_pos=2,1|6,6|-1,-1|-1,-1|-1,-1|-1,-1|-1,-1|
#setting_targetting_pos=2,29|5,30|-1,-1|7,28|-1,-1|-1,-1|-1,-1|
#type=2,3,4,5,4,4,4,
.L.r...
#0000110111010011000
#assigned_pet=-1,-1,10,10,-1,-1,-1,
#assigned_hub=-1,0,1,2,4,8,3,
#moving_targetting_pos=2,1|6,6|-1,-1|-1,-1|-1,-1|-1,-1|-1,-1|
#setting_targetting_pos=2,29|-1,-1|5,18|5,24|-1,-1|-1,-1|-1,-1|
#type=2,3,4,4,4,4,4,
dL.L...
#0000110111010011000
#assigned_pet=-1,-1,10,10,-1,-1,-1,
#assigned_hub=-1,0,1,2,4,8,3,
#moving_targetting_pos=2,1|6,6|-1,-1|-1,-1|-1,-1|-1,-1|-1,-1|
#setting_targetting_pos=2,29|-1,-1|5,18|5,24|-1,-1|-1,-1|-1,-1|
#type=2,3,4,4,4,4,4,
RL.L...
#0000110111010011000
#assigned_pet=-1,-1,10,10,-1,-1,-1,
#assigned_hub=-1,0,1,2,4,8,3,
#moving_targetting_pos=2,1|6,6|-1,-1|-1,-1|-1,-1|-1,-1|-1,-1|
#setting_targetting_pos=2,29|-1,-1|5,18|5,24|-1,-1|-1,-1|-1,-1|
#type=2,3,4,4,4,4,4,
RL.L...
#0000110111010011000
#assigned_pet=-1,-1,10,10,-1,2,-1,
#assigned_hub=-1,0,1,2,4,8,3,
#moving_targetting_pos=2,1|6,6|-1,-1|-1,-1|-1,-1|-1,-1|-1,-1|
#setting_targetting_pos=2,29|-1,-1|5,18|5,24|-1,-1|25,28|-1,-1|
#type=2,3,4,4,4,4,4,
lL.U.R.
#0000110111010011000
#assigned_pet=-1,-1,10,10,-1,2,-1,
#assigned_hub=-1,0,1,2,4,8,3,
#moving_targetting_pos=2,1|6,6|-1,-1|-1,-1|-1,-1|-1,-1|-1,-1|
#setting_targetting_pos=2,29|-1,-1|5,18|5,24|-1,-1|25,28|-1,-1|
#type=2,3,4,4,4,4,4,
uL...R.
#0010110111010011000
#assigned_pet=-1,-1,-1,-1,-1,2,-1,
#assigned_hub=-1,0,1,2,4,8,3,
#moving_targetting_pos=2,1|6,6|-1,-1|-1,-1|-1,-1|-1,-1|-1,-1|
#setting_targetting_pos=2,29|-1,-1|-1,-1|-1,-1|-1,-1|25,28|-1,-1|
#type=2,3,4,4,4,5,4,
RL...r.
#0010110111010011000
#assigned_pet=-1,-1,-1,-1,-1,-1,-1,
#assigned_hub=-1,0,1,2,4,8,3,
#moving_targetting_pos=2,1|6,6|-1,-1|-1,-1|-1,-1|-1,-1|-1,-1|
#setting_targetting_pos=2,29|-1,-1|-1,-1|-1,-1|-1,-1|-1,-1|-1,-1|
#type=2,3,4,4,4,4,4,
RL.....
#0010110111010011000
#assigned_pet=-1,-1,-1,-1,-1,-1,-1,
#assigned_hub=-1,0,1,2,4,8,3,
#moving_targetting_pos=2,1|6,6|-1,-1|-1,-1|-1,-1|-1,-1|-1,-1|
#setting_targetting_pos=2,29|-1,-1|-1,-1|-1,-1|-1,-1|-1,-1|-1,-1|
#type=2,3,4,4,4,4,4,
lL.....
#0010110111010011000
#assigned_pet=-1,-1,16,16,-1,-1,-1,
#assigned_hub=-1,0,1,2,4,8,3,
#moving_targetting_pos=2,1|6,6|-1,-1|-1,-1|-1,-1|-1,-1|-1,-1|
#setting_targetting_pos=2,29|-1,-1|5,18|5,24|-1,-1|-1,-1|-1,-1|
#type=2,3,4,4,4,4,4,
dL.....
#0010110111010011000
#assigned_pet=-1,-1,16,16,-1,-1,-1,
#assigned_hub=-1,0,1,2,4,8,3,
#moving_targetting_pos=2,1|6,6|-1,-1|-1,-1|-1,-1|-1,-1|-1,-1|
#setting_targetting_pos=2,29|-1,-1|5,18|5,24|-1,-1|-1,-1|-1,-1|
#type=2,3,4,4,4,4,4,
RL.....
#0010110111010011000
#assigned_pet=-1,-1,-1,-1,-1,-1,-1,
#assigned_hub=-1,0,1,2,4,8,3,
#moving_targetting_pos=2,1|6,6|-1,-1|-1,-1|-1,-1|-1,-1|-1,-1|
#setting_targetting_pos=2,29|-1,-1|-1,-1|-1,-1|-1,-1|-1,-1|-1,-1|
#type=2,3,4,4,4,4,4,
RL.....
#0010110111010011000
#assigned_pet=-1,-1,16,16,-1,-1,-1,
#assigned_hub=-1,0,1,2,4,8,3,
#moving_targetting_pos=2,1|6,6|-1,-1|-1,-1|-1,-1|-1,-1|-1,-1|
#setting_targetting_pos=2,29|-1,-1|5,18|5,24|-1,-1|-1,-1|-1,-1|
#type=2,3,4,4,4,4,4,
RL.....
#0010110111010011000
#assigned_pet=-1,-1,16,16,-1,-1,-1,
#assigned_hub=-1,0,1,2,4,8,3,
#moving_targetting_pos=2,1|6,6|-1,-1|-1,-1|-1,-1|-1,-1|-1,-1|
#setting_targetting_pos=2,29|-1,-1|5,18|5,24|-1,-1|-1,-1|-1,-1|
#type=2,3,4,4,4,4,4,
dL.....
#0010110111010011100
#assigned_pet=-1,-1,16,16,-1,-1,-1,
#assigned_hub=-1,0,1,2,4,8,3,
#moving_targetting_pos=2,1|6,6|-1,-1|-1,-1|-1,-1|-1,-1|-1,-1|
#setting_targetting_pos=2,29|-1,-1|5,18|5,24|-1,-1|-1,-1|-1,-1|
#type=2,3,5,5,4,4,4,
uLru...
#0010110111010011100
#assigned_pet=-1,-1,10,10,-1,-1,-1,
#assigned_hub=-1,0,1,2,4,8,3,
#moving_targetting_pos=2,1|6,6|-1,-1|-1,-1|-1,-1|-1,-1|-1,-1|
#setting_targetting_pos=2,29|-1,-1|7,18|7,24|-1,-1|-1,-1|-1,-1|
#type=2,3,4,4,4,4,4,
RLD....
#0010110111010011100
#assigned_pet=-1,-1,1,-1,1,-1,-1,
#assigned_hub=-1,0,1,2,4,8,3,
#moving_targetting_pos=2,1|6,6|-1,-1|-1,-1|-1,-1|-1,-1|-1,-1|
#setting_targetting_pos=2,29|-1,-1|8,17|-1,-1|14,17|-1,-1|-1,-1|
#type=2,3,4,4,4,4,4,
lLD.L..
#0010110111010011100
#assigned_pet=-1,-1,1,-1,1,-1,-1,
#assigned_hub=-1,0,1,2,4,8,3,
#moving_targetting_pos=2,1|6,6|-1,-1|-1,-1|-1,-1|-1,-1|-1,-1|
#setting_targetting_pos=2,29|-1,-1|8,17|-1,-1|14,17|-1,-1|-1,-1|
#type=2,3,4,4,4,4,4,
RL..U..
#0110110111010011100
#assigned_pet=-1,-1,1,-1,1,-1,-1,
#assigned_hub=-1,0,1,2,4,8,3,
#moving_targetting_pos=2,1|6,6|-1,-1|-1,-1|-1,-1|-1,-1|-1,-1|
#setting_targetting_pos=2,29|-1,-1|8,17|-1,-1|14,17|-1,-1|-1,-1|
#type=2,3,5,4,5,4,4,
RLd.u..
#0110110111010011100
#assigned_pet=-1,-1,-1,-1,-1,-1,-1,
#assigned_hub=-1,0,1,2,4,8,3,
#moving_targetting_pos=2,1|6,6|-1,-1|-1,-1|-1,-1|-1,-1|-1,-1|
#setting_targetting_pos=2,29|-1,-1|-1,-1|-1,-1|-1,-1|-1,-1|-1,-1|
#type=2,3,4,4,4,4,4,
rL.....
#0110110111010011100
#assigned_pet=-1,-1,-1,-1,-1,-1,-1,
#assigned_hub=-1,0,1,2,4,8,3,
#moving_targetting_pos=2,1|6,6|-1,-1|-1,-1|-1,-1|-1,-1|-1,-1|
#setting_targetting_pos=2,29|-1,-1|-1,-1|-1,-1|-1,-1|-1,-1|-1,-1|
#type=2,3,4,4,4,4,4,
dL.....
#0110110111010011100
#assigned_pet=-1,-1,10,10,-1,-1,-1,
#assigned_hub=5,0,1,2,4,8,3,
#moving_targetting_pos=16,26|6,6|-1,-1|-1,-1|-1,-1|-1,-1|-1,-1|
#setting_targetting_pos=2,29|-1,-1|7,18|7,24|-1,-1|-1,-1|-1,-1|
#type=3,3,4,4,4,4,4,
LL.....
#0110110111110011100
#assigned_pet=-1,-1,10,10,-1,-1,-1,
#assigned_hub=5,0,1,2,4,8,3,
#moving_targetting_pos=16,26|6,6|-1,-1|-1,-1|-1,-1|-1,-1|-1,-1|
#setting_targetting_pos=-1,-1|-1,-1|7,18|7,24|-1,-1|-1,-1|-1,-1|
#type=3,3,5,5,4,4,4,
LLrd...
#0110110111110011100
#assigned_pet=-1,0,-1,-1,-1,-1,0,
#assigned_hub=7,0,1,2,4,8,3,
#moving_targetting_pos=26,16|-1,-1|-1,-1|6,26|-1,-1|-1,-1|-1,-1|
#setting_targetting_pos=-1,-1|8,7|-1,-1|-1,-1|-1,-1|-1,-1|14,7|
#type=3,4,4,4,4,4,4,
DD.....
#0110110111110011100
#assigned_pet=-1,0,-1,-1,-1,-1,0,
#assigned_hub=7,0,1,2,4,8,3,
#moving_targetting_pos=26,16|-1,-1|-1,-1|6,26|-1,-1|-1,-1|-1,-1|
#setting_targetting_pos=-1,-1|8,7|-1,-1|-1,-1|-1,-1|-1,-1|14,7|
#type=3,4,4,4,4,4,4,
DD.....
#0110110111110011100
#assigned_pet=-1,0,-1,-1,-1,-1,0,
#assigned_hub=7,0,1,2,4,8,3,
#moving_targetting_pos=26,16|-1,-1|-1,-1|6,26|-1,-1|-1,-1|-1,-1|
#setting_targetting_pos=-1,-1|8,7|-1,-1|-1,-1|-1,-1|-1,-1|14,7|
#type=3,4,4,4,4,4,4,
D......
#0110110111110011100
#assigned_pet=-1,0,-1,-1,-1,-1,0,
#assigned_hub=7,0,1,2,4,8,3,
#moving_targetting_pos=26,16|-1,-1|-1,-1|6,26|-1,-1|-1,-1|-1,-1|
#setting_targetting_pos=-1,-1|8,7|-1,-1|-1,-1|-1,-1|-1,-1|14,7|
#type=3,4,4,4,4,4,4,
D......
#0110110111110011100
#assigned_pet=-1,0,-1,-1,-1,-1,0,
#assigned_hub=7,0,1,2,4,8,3,
#moving_targetting_pos=26,16|-1,-1|-1,-1|6,26|-1,-1|-1,-1|-1,-1|
#setting_targetting_pos=-1,-1|8,7|-1,-1|-1,-1|-1,-1|-1,-1|14,7|
#type=3,4,4,4,4,4,4,
D......
#0110110111110011100
#assigned_pet=-1,0,-1,-1,-1,-1,0,
#assigned_hub=7,0,1,2,4,8,3,
#moving_targetting_pos=26,16|-1,-1|6,16|6,26|-1,-1|-1,-1|-1,-1|
#setting_targetting_pos=-1,-1|8,7|-1,-1|-1,-1|-1,-1|-1,-1|14,7|
#type=3,4,4,4,4,4,4,
D......
#1110110111110011110
#assigned_pet=-1,0,-1,-1,-1,-1,0,
#assigned_hub=7,0,1,2,4,8,3,
#moving_targetting_pos=26,16|-1,-1|6,16|6,26|16,16|-1,-1|-1,-1|
#setting_targetting_pos=-1,-1|8,7|-1,-1|-1,-1|-1,-1|-1,-1|14,7|
#type=3,5,4,4,4,4,5,
Dd....u
#1110110111110011110
#assigned_pet=-1,13,-1,-1,-1,-1,13,
#assigned_hub=7,0,1,2,4,8,3,
#moving_targetting_pos=26,16|-1,-1|6,16|6,26|-1,-1|-1,-1|-1,-1|
#setting_targetting_pos=-1,-1|8,5|-1,-1|-1,-1|-1,-1|-1,-1|14,5|
#type=3,4,4,4,4,4,4,
DL....L
#1110110111110011110
#assigned_pet=-1,13,-1,-1,-1,-1,13,
#assigned_hub=7,0,1,2,4,8,3,
#moving_targetting_pos=26,16|-1,-1|6,16|6,26|16,16|-1,-1|-1,-1|
#setting_targetting_pos=-1,-1|8,5|-1,-1|-1,-1|-1,-1|-1,-1|14,5|
#type=3,4,4,4,4,4,4,
DL....L
#1110110111110111110
#assigned_pet=-1,13,-1,-1,-1,-1,13,
#assigned_hub=7,0,6,2,4,8,3,
#moving_targetting_pos=26,16|-1,-1|26,6|6,26|16,16|-1,-1|-1,-1|
#setting_targetting_pos=-1,-1|8,5|-1,-1|-1,-1|-1,-1|-1,-1|14,5|
#type=3,5,3,4,4,4,5,
DdL...u
#1110110111110111110
#assigned_pet=-1,-1,-1,-1,-1,-1,-1,
#assigned_hub=7,0,6,2,4,8,3,
#moving_targetting_pos=26,16|6,6|26,6|6,26|16,16|-1,-1|16,6|
#setting_targetting_pos=-1,-1|-1,-1|-1,-1|-1,-1|-1,-1|-1,-1|-1,-1|
#type=3,4,3,4,4,4,4,
D.L....
#1110110111110111110
#assigned_pet=-1,-1,-1,-1,-1,-1,-1,
#assigned_hub=7,0,6,2,4,8,3,
#moving_targetting_pos=26,16|6,6|26,6|6,26|-1,-1|-1,-1|16,6|
#setting_targetting_pos=-1,-1|-1,-1|-1,-1|-1,-1|-1,-1|-1,-1|-1,-1|
#type=3,4,3,4,4,4,4,
D.D....
#1110110111110111110
#assigned_pet=-1,-1,-1,-1,-1,-1,-1,
#assigned_hub=7,0,6,2,4,8,3,
#moving_targetting_pos=26,16|6,6|26,6|6,26|-1,-1|-1,-1|16,6|
#setting_targetting_pos=-1,-1|-1,-1|-1,-1|-1,-1|-1,-1|-1,-1|-1,-1|
#type=3,4,3,4,4,4,4,
D.D....
#1110110111110111110
#assigned_pet=-1,-1,-1,-1,-1,-1,-1,
#assigned_hub=7,0,6,2,4,8,3,
#moving_targetting_pos=26,16|6,6|26,6|6,26|-1,-1|-1,-1|16,6|
#setting_targetting_pos=-1,-1|-1,-1|-1,-1|-1,-1|-1,-1|-1,-1|-1,-1|
#type=3,4,3,4,4,4,4,
D.D....
#1110110111110111110
#assigned_pet=-1,-1,-1,-1,-1,-1,-1,
#assigned_hub=7,0,6,2,4,8,3,
#moving_targetting_pos=26,16|6,6|26,6|6,26|-1,-1|-1,-1|16,6|
#setting_targetting_pos=-1,-1|-1,-1|-1,-1|-1,-1|-1,-1|-1,-1|-1,-1|
#type=3,4,3,4,4,4,4,
D.D....
#1110110111110111110
#assigned_pet=-1,-1,-1,-1,-1,-1,-1,
#assigned_hub=7,0,6,2,4,8,3,
#moving_targetting_pos=26,16|6,6|26,6|6,26|-1,-1|-1,-1|16,6|
#setting_targetting_pos=-1,-1|-1,-1|-1,-1|-1,-1|-1,-1|-1,-1|-1,-1|
#type=3,4,3,4,4,4,4,
D.D....
#1110110111110111110
#assigned_pet=-1,-1,-1,-1,-1,-1,-1,
#assigned_hub=7,0,6,2,4,8,3,
#moving_targetting_pos=26,16|6,6|26,6|6,26|-1,-1|-1,-1|16,6|
#setting_targetting_pos=-1,-1|-1,-1|-1,-1|-1,-1|-1,-1|-1,-1|-1,-1|
#type=3,4,3,4,4,4,4,
D.D....
#1110110111110111110
#assigned_pet=-1,-1,-1,-1,-1,-1,-1,
#assigned_hub=7,0,6,2,4,8,3,
#moving_targetting_pos=26,16|6,6|26,6|6,26|-1,-1|-1,-1|16,6|
#setting_targetting_pos=-1,-1|-1,-1|-1,-1|-1,-1|-1,-1|-1,-1|-1,-1|
#type=3,4,3,4,4,4,4,
D.D....
#1110110111110111110
#assigned_pet=-1,-1,-1,-1,-1,-1,-1,
#assigned_hub=7,0,6,2,4,8,3,
#moving_targetting_pos=26,16|6,6|26,6|6,26|-1,-1|-1,-1|16,6|
#setting_targetting_pos=-1,-1|-1,-1|-1,-1|-1,-1|-1,-1|-1,-1|-1,-1|
#type=3,4,3,4,4,4,4,
D.D....
#1110110111110111110
#assigned_pet=-1,-1,-1,-1,-1,-1,-1,
#assigned_hub=7,0,6,2,4,8,3,
#moving_targetting_pos=26,16|6,6|26,6|6,26|-1,-1|-1,-1|16,6|
#setting_targetting_pos=-1,-1|-1,-1|-1,-1|-1,-1|-1,-1|-1,-1|-1,-1|
#type=3,4,3,4,4,4,4,
D.D....
#1110110111110111110
#assigned_pet=-1,-1,-1,-1,-1,-1,-1,
#assigned_hub=7,0,6,2,4,8,3,
#moving_targetting_pos=26,16|6,6|26,6|6,26|-1,-1|-1,-1|16,6|
#setting_targetting_pos=-1,-1|-1,-1|-1,-1|-1,-1|-1,-1|-1,-1|-1,-1|
#type=3,4,3,4,4,4,4,
D.L....
#1110110111110111110
#assigned_pet=-1,-1,-1,-1,-1,-1,-1,
#assigned_hub=7,0,6,2,4,8,3,
#moving_targetting_pos=26,16|6,6|26,6|6,26|-1,-1|-1,-1|16,6|
#setting_targetting_pos=-1,-1|-1,-1|-1,-1|-1,-1|-1,-1|-1,-1|-1,-1|
#type=3,4,3,4,4,4,4,
D.D....
#1110110111110111110
#assigned_pet=-1,-1,-1,-1,-1,-1,-1,
#assigned_hub=7,0,6,2,4,8,3,
#moving_targetting_pos=26,16|6,6|26,6|6,26|-1,-1|-1,-1|-1,-1|
#setting_targetting_pos=-1,-1|-1,-1|-1,-1|-1,-1|-1,-1|-1,-1|-1,-1|
#type=3,4,3,4,4,4,4,
L.L....
#1110110111110111110
#assigned_pet=-1,-1,-1,-1,-1,-1,-1,
#assigned_hub=7,0,6,2,4,8,3,
#moving_targetting_pos=26,16|6,6|26,6|6,26|-1,-1|-1,-1|-1,-1|
#setting_targetting_pos=-1,-1|-1,-1|-1,-1|-1,-1|-1,-1|-1,-1|-1,-1|
#type=3,4,3,4,4,4,4,
D.L....
#1110110111110111110
#assigned_pet=-1,-1,-1,-1,-1,-1,-1,
#assigned_hub=7,0,6,2,4,8,3,
#moving_targetting_pos=26,16|6,6|26,6|6,26|-1,-1|-1,-1|-1,-1|
#setting_targetting_pos=-1,-1|-1,-1|-1,-1|-1,-1|-1,-1|-1,-1|-1,-1|
#type=3,4,3,4,4,4,4,
L.L....
#1110110111110111110
#assigned_pet=-1,-1,-1,-1,-1,-1,-1,
#assigned_hub=7,0,6,2,4,8,3,
#moving_targetting_pos=26,16|6,6|26,6|6,26|-1,-1|26,26|-1,-1|
#setting_targetting_pos=-1,-1|-1,-1|-1,-1|-1,-1|-1,-1|-1,-1|-1,-1|
#type=3,4,3,4,4,4,4,
L.L....
#1110110111110111110
#assigned_pet=-1,-1,-1,-1,-1,-1,-1,
#assigned_hub=7,0,6,2,4,8,3,
#moving_targetting_pos=26,16|6,6|26,6|6,26|-1,-1|26,26|-1,-1|
#setting_targetting_pos=-1,-1|-1,-1|-1,-1|-1,-1|-1,-1|-1,-1|-1,-1|
#type=3,4,3,4,4,4,4,
L.L....
#1110110111110111110
#assigned_pet=-1,-1,-1,-1,-1,-1,-1,
#assigned_hub=7,0,6,2,4,8,3,
#moving_targetting_pos=26,16|6,6|26,6|6,26|-1,-1|26,26|-1,-1|
#setting_targetting_pos=-1,-1|-1,-1|-1,-1|-1,-1|-1,-1|-1,-1|-1,-1|
#type=3,4,3,4,4,4,4,
L.L....
#1110110111110111110
#assigned_pet=-1,-1,-1,-1,-1,-1,-1,
#assigned_hub=7,0,6,2,4,8,3,
#moving_targetting_pos=26,16|6,6|26,6|6,26|-1,-1|26,26|-1,-1|
#setting_targetting_pos=-1,-1|-1,-1|-1,-1|-1,-1|-1,-1|-1,-1|-1,-1|
#type=3,4,3,4,4,4,4,
L.L....
#1110110111110111110
#assigned_pet=-1,-1,-1,-1,-1,-1,-1,
#assigned_hub=7,0,6,2,4,8,3,
#moving_targetting_pos=26,16|6,6|26,6|6,26|-1,-1|26,26|-1,-1|
#setting_targetting_pos=-1,-1|-1,-1|-1,-1|-1,-1|-1,-1|-1,-1|-1,-1|
#type=3,4,3,4,4,4,4,
L.D....
#1110110111110111110
#assigned_pet=-1,-1,-1,-1,-1,-1,-1,
#assigned_hub=7,0,6,2,4,8,3,
#moving_targetting_pos=26,16|6,6|26,6|6,26|-1,-1|-1,-1|-1,-1|
#setting_targetting_pos=-1,-1|-1,-1|-1,-1|-1,-1|-1,-1|-1,-1|-1,-1|
#type=3,4,3,4,4,4,4,
L.D....
#1110110111110111110
#assigned_pet=-1,-1,-1,-1,-1,-1,-1,
#assigned_hub=7,0,6,2,4,8,3,
#moving_targetting_pos=26,16|6,6|26,6|6,26|-1,-1|26,26|-1,-1|
#setting_targetting_pos=-1,-1|-1,-1|-1,-1|-1,-1|-1,-1|-1,-1|-1,-1|
#type=3,4,3,4,4,4,4,
L.D....
#1110110111110111110
#assigned_pet=-1,-1,-1,-1,-1,-1,-1,
#assigned_hub=7,0,6,2,4,8,3,
#moving_targetting_pos=26,16|6,6|26,6|6,26|-1,-1|26,26|-1,-1|
#setting_targetting_pos=-1,-1|-1,-1|-1,-1|-1,-1|-1,-1|-1,-1|-1,-1|
#type=3,4,3,4,4,4,4,
L.D....
#1110110111110111110
#assigned_pet=3,-1,-1,-1,3,-1,-1,
#assigned_hub=7,0,6,2,4,8,3,
#moving_targetting_pos=-1,-1|6,6|26,6|6,26|-1,-1|26,26|-1,-1|
#setting_targetting_pos=24,15|-1,-1|-1,-1|-1,-1|18,15|-1,-1|-1,-1|
#type=4,4,3,4,4,4,4,
L.D.L..
#1110110111110111110
#assigned_pet=3,-1,-1,-1,3,-1,-1,
#assigned_hub=7,0,6,2,4,8,3,
#moving_targetting_pos=-1,-1|6,6|26,6|6,26|-1,-1|26,26|-1,-1|
#setting_targetting_pos=24,15|-1,-1|-1,-1|-1,-1|18,15|-1,-1|-1,-1|
#type=4,4,3,4,4,4,4,
L.D.L..
#1110110111110111110
#assigned_pet=3,-1,-1,-1,3,-1,-1,
#assigned_hub=7,0,6,2,4,8,3,
#moving_targetting_pos=-1,-1|6,6|26,6|6,26|-1,-1|26,26|-1,-1|
#setting_targetting_pos=24,15|-1,-1|-1,-1|-1,-1|18,15|-1,-1|-1,-1|
#type=4,4,3,4,4,4,4,
..D.D..
#1110110111110111110
#assigned_pet=3,-1,-1,-1,3,-1,-1,
#assigned_hub=7,0,6,2,4,8,3,
#moving_targetting_pos=-1,-1|6,6|26,6|6,26|-1,-1|26,26|-1,-1|
#setting_targetting_pos=24,15|-1,-1|-1,-1|-1,-1|18,15|-1,-1|-1,-1|
#type=4,4,3,4,4,4,4,
..L.D..
#1111110111110111111
#assigned_pet=3,-1,12,-1,3,-1,12,
#assigned_hub=7,0,6,2,4,8,3,
#moving_targetting_pos=-1,-1|6,6|-1,-1|6,26|-1,-1|26,26|-1,-1|
#setting_targetting_pos=24,15|-1,-1|24,7|-1,-1|18,15|-1,-1|18,7|
#type=5,4,4,4,5,4,4,
u...d.R
#1111110111110111111
#assigned_pet=-1,-1,12,-1,-1,-1,12,
#assigned_hub=7,0,6,2,4,8,3,
#moving_targetting_pos=26,16|6,6|-1,-1|6,26|-1,-1|26,26|-1,-1|
#setting_targetting_pos=-1,-1|-1,-1|24,7|-1,-1|-1,-1|-1,-1|18,7|
#type=4,4,4,4,4,4,4,
......R
#1111110111110111111
#assigned_pet=-1,-1,12,-1,-1,-1,12,
#assigned_hub=7,0,6,2,4,8,3,
#moving_targetting_pos=-1,-1|6,6|-1,-1|6,26|-1,-1|26,26|-1,-1|
#setting_targetting_pos=-1,-1|-1,-1|24,7|-1,-1|-1,-1|-1,-1|18,7|
#type=4,4,4,4,4,4,4,
......D
#1111110111110111111
#assigned_pet=-1,-1,12,-1,-1,-1,12,
#assigned_hub=7,0,6,2,4,8,3,
#moving_targetting_pos=-1,-1|6,6|-1,-1|6,26|-1,-1|26,26|-1,-1|
#setting_targetting_pos=-1,-1|-1,-1|24,7|-1,-1|-1,-1|-1,-1|18,7|
#type=4,4,4,4,4,4,4,
......D
#1111110111110111111
#assigned_pet=-1,-1,12,-1,-1,-1,12,
#assigned_hub=7,1,6,2,4,8,3,
#moving_targetting_pos=-1,-1|6,16|-1,-1|6,26|-1,-1|26,26|-1,-1|
#setting_targetting_pos=-1,-1|-1,-1|24,7|-1,-1|-1,-1|-1,-1|18,7|
#type=4,3,4,4,4,4,4,
.R.....
#1111110111111111111
#assigned_pet=-1,-1,12,-1,-1,-1,12,
#assigned_hub=7,1,6,2,4,8,3,
#moving_targetting_pos=-1,-1|6,16|-1,-1|6,26|-1,-1|26,26|-1,-1|
#setting_targetting_pos=-1,-1|-1,-1|24,7|-1,-1|-1,-1|-1,-1|18,7|
#type=4,3,5,4,4,4,5,
.Rr...d
#1111110111111111111
#assigned_pet=-1,-1,-1,-1,-1,-1,-1,
#assigned_hub=7,1,6,2,4,8,3,
#moving_targetting_pos=26,16|6,16|26,6|6,26|-1,-1|26,26|16,6|
#setting_targetting_pos=-1,-1|-1,-1|-1,-1|-1,-1|-1,-1|-1,-1|-1,-1|
#type=4,3,4,4,4,4,4,
.R.....
#1111110111111111111
#assigned_pet=-1,-1,-1,-1,-1,-1,-1,
#assigned_hub=7,1,6,2,4,8,3,
#moving_targetting_pos=26,16|6,16|26,6|6,26|-1,-1|26,26|16,6|
#setting_targetting_pos=-1,-1|-1,-1|-1,-1|-1,-1|-1,-1|-1,-1|-1,-1|
#type=4,3,4,4,4,4,4,
.R.....
#1111110111111111111
#assigned_pet=-1,-1,-1,-1,-1,-1,-1,
#assigned_hub=7,1,6,2,4,8,3,
#moving_targetting_pos=26,16|6,16|26,6|6,26|-1,-1|26,26|16,6|
#setting_targetting_pos=-1,-1|-1,-1|-1,-1|-1,-1|-1,-1|-1,-1|-1,-1|
#type=4,3,4,4,4,4,4,
.R.....
#1111110111111111111
#assigned_pet=-1,-1,-1,-1,-1,-1,-1,
#assigned_hub=7,1,6,2,4,8,3,
#moving_targetting_pos=26,16|6,16|26,6|6,26|-1,-1|26,26|16,6|
#setting_targetting_pos=-1,-1|-1,-1|-1,-1|-1,-1|-1,-1|-1,-1|-1,-1|
#type=4,3,4,4,4,4,4,
.R.....
#1111110111111111111
#assigned_pet=-1,-1,-1,-1,-1,-1,-1,
#assigned_hub=7,1,6,2,4,8,3,
#moving_targetting_pos=26,16|6,16|26,6|6,26|-1,-1|26,26|16,6|
#setting_targetting_pos=-1,-1|-1,-1|-1,-1|-1,-1|-1,-1|-1,-1|-1,-1|
#type=4,3,4,4,4,4,4,
.R.....
#1111110111111111111
#assigned_pet=-1,-1,-1,-1,-1,-1,-1,
#assigned_hub=7,1,6,2,4,8,3,
#moving_targetting_pos=26,16|6,16|26,6|6,26|-1,-1|26,26|16,6|
#setting_targetting_pos=-1,-1|-1,-1|-1,-1|-1,-1|-1,-1|-1,-1|-1,-1|
#type=4,3,4,4,4,4,4,
.R.....
#1111110111111111111
#assigned_pet=-1,-1,-1,-1,-1,-1,-1,
#assigned_hub=7,1,6,2,4,8,3,
#moving_targetting_pos=26,16|6,16|26,6|6,26|-1,-1|26,26|16,6|
#setting_targetting_pos=-1,-1|-1,-1|-1,-1|-1,-1|-1,-1|-1,-1|-1,-1|
#type=4,3,4,4,4,4,4,
.R.....
#1111110111111111111
#assigned_pet=-1,-1,-1,-1,-1,-1,-1,
#assigned_hub=7,1,6,2,4,8,3,
#moving_targetting_pos=26,16|6,16|26,6|6,26|-1,-1|26,26|16,6|
#setting_targetting_pos=-1,-1|-1,-1|-1,-1|-1,-1|-1,-1|-1,-1|-1,-1|
#type=4,3,4,4,4,4,4,
.R.....
#1111110111111111111
#assigned_pet=-1,-1,-1,-1,-1,-1,-1,
#assigned_hub=7,1,6,2,4,8,3,
#moving_targetting_pos=26,16|-1,-1|26,6|6,26|-1,-1|26,26|16,6|
#setting_targetting_pos=-1,-1|-1,-1|-1,-1|-1,-1|-1,-1|-1,-1|-1,-1|
#type=4,4,4,4,4,4,4,
.......
#1111110111111111111
#assigned_pet=-1,-1,-1,-1,-1,-1,-1,
#assigned_hub=7,1,6,2,4,8,3,
#moving_targetting_pos=26,16|-1,-1|26,6|6,26|-1,-1|26,26|16,6|
#setting_targetting_pos=-1,-1|-1,-1|-1,-1|-1,-1|-1,-1|-1,-1|-1,-1|
#type=4,4,4,4,4,4,4,
.......
#1111110111111111111
#assigned_pet=-1,-1,-1,-1,-1,-1,-1,
#assigned_hub=7,1,6,2,4,8,3,
#moving_targetting_pos=26,16|-1,-1|26,6|6,26|-1,-1|26,26|16,6|
#setting_targetting_pos=-1,-1|-1,-1|-1,-1|-1,-1|-1,-1|-1,-1|-1,-1|
#type=4,4,4,4,4,4,4,
.......
#1111110111111111111
#assigned_pet=-1,6,-1,-1,6,-1,-1,
#assigned_hub=7,1,6,2,4,8,3,
#moving_targetting_pos=26,16|-1,-1|26,6|6,26|-1,-1|26,26|16,6|
#setting_targetting_pos=-1,-1|8,15|-1,-1|-1,-1|14,15|-1,-1|-1,-1|
#type=4,4,4,4,4,4,4,
....U..
#1111110111111111111
#assigned_pet=-1,6,-1,-1,6,-1,-1,
#assigned_hub=7,1,6,2,4,8,3,
#moving_targetting_pos=26,16|-1,-1|26,6|6,26|-1,-1|26,26|16,6|
#setting_targetting_pos=-1,-1|8,15|-1,-1|-1,-1|14,15|-1,-1|-1,-1|
#type=4,4,4,4,4,4,4,
....U..
#1111111111111111111
#assigned_pet=-1,6,-1,-1,6,-1,-1,
#assigned_hub=7,1,6,2,4,8,3,
#moving_targetting_pos=26,16|-1,-1|26,6|6,26|-1,-1|26,26|16,6|
#setting_targetting_pos=-1,-1|8,15|-1,-1|-1,-1|14,15|-1,-1|-1,-1|
#type=4,5,4,4,5,4,4,
.d..u..
#1111111111111111111
#assigned_pet=-1,-1,-1,-1,-1,-1,-1,
#assigned_hub=7,1,6,2,4,8,3,
#moving_targetting_pos=26,16|6,16|26,6|6,26|16,16|26,26|16,6|
#setting_targetting_pos=-1,-1|-1,-1|-1,-1|-1,-1|-1,-1|-1,-1|-1,-1|
#type=4,4,4,4,4,4,4,
.......
#1111111111111111111
#assigned_pet=-1,-1,-1,-1,-1,-1,-1,
#assigned_hub=7,1,6,2,4,8,3,
#moving_targetting_pos=26,16|6,16|26,6|6,26|16,16|26,26|16,6|
#setting_targetting_pos=-1,-1|-1,-1|-1,-1|-1,-1|-1,-1|-1,-1|-1,-1|
#type=4,4,4,4,4,4,4,
.......
#1111111111111111111
#assigned_pet=-1,-1,-1,-1,-1,-1,-1,
#assigned_hub=7,1,6,2,4,8,3,
#moving_targetting_pos=26,16|6,16|26,6|6,26|16,16|26,26|16,6|
#setting_targetting_pos=-1,-1|-1,-1|-1,-1|-1,-1|-1,-1|-1,-1|-1,-1|
#type=4,4,4,4,4,4,4,
.......
#1111111111111111111
#assigned_pet=-1,-1,-1,-1,-1,-1,-1,
#assigned_hub=7,1,6,2,4,8,3,
#moving_targetting_pos=26,16|6,16|26,6|6,26|16,16|26,26|16,6|
#setting_targetting_pos=-1,-1|-1,-1|-1,-1|-1,-1|-1,-1|-1,-1|-1,-1|
#type=4,4,4,4,4,4,4,
.......
#1111111111111111111
#assigned_pet=-1,-1,-1,-1,-1,-1,-1,
#assigned_hub=7,1,6,2,4,8,3,
#moving_targetting_pos=26,16|6,16|26,6|6,26|16,16|26,26|16,6|
#setting_targetting_pos=-1,-1|-1,-1|-1,-1|-1,-1|-1,-1|-1,-1|-1,-1|
#type=4,4,4,4,4,4,4,
.......
#1111111111111111111
#assigned_pet=-1,-1,-1,-1,-1,-1,-1,
#assigned_hub=7,1,6,2,4,8,3,
#moving_targetting_pos=26,16|6,16|26,6|6,26|16,16|26,26|16,6|
#setting_targetting_pos=-1,-1|-1,-1|-1,-1|-1,-1|-1,-1|-1,-1|-1,-1|
#type=4,4,4,4,4,4,4,
.......
#1111111111111111111
#assigned_pet=-1,-1,-1,-1,-1,-1,-1,
#assigned_hub=7,1,6,2,4,8,3,
#moving_targetting_pos=26,16|6,16|26,6|6,26|16,16|26,26|16,6|
#setting_targetting_pos=-1,-1|-1,-1|-1,-1|-1,-1|-1,-1|-1,-1|-1,-1|
#type=4,4,4,4,4,4,4,
.......
#1111111111111111111
#assigned_pet=-1,-1,-1,-1,-1,-1,-1,
#assigned_hub=7,1,6,2,4,8,3,
#moving_targetting_pos=26,16|6,16|26,6|6,26|16,16|26,26|16,6|
#setting_targetting_pos=-1,-1|-1,-1|-1,-1|-1,-1|-1,-1|-1,-1|-1,-1|
#type=4,4,4,4,4,4,4,
.......
#1111111111111111111
#assigned_pet=-1,-1,-1,-1,-1,-1,-1,
#assigned_hub=7,1,6,2,4,8,3,
#moving_targetting_pos=26,16|6,16|26,6|6,26|16,16|26,26|16,6|
#setting_targetting_pos=-1,-1|-1,-1|-1,-1|-1,-1|-1,-1|-1,-1|-1,-1|
#type=4,4,4,4,4,4,4,
.......
#1111111111111111111
#assigned_pet=-1,-1,-1,-1,-1,-1,-1,
#assigned_hub=7,1,6,2,4,8,3,
#moving_targetting_pos=26,16|6,16|26,6|6,26|16,16|26,26|16,6|
#setting_targetting_pos=-1,-1|-1,-1|-1,-1|-1,-1|-1,-1|-1,-1|-1,-1|
#type=4,4,4,4,4,4,4,
.......
#1111111111111111111
#assigned_pet=-1,-1,-1,-1,-1,-1,-1,
#assigned_hub=7,1,6,2,4,8,3,
#moving_targetting_pos=26,16|6,16|26,6|6,26|16,16|26,26|16,6|
#setting_targetting_pos=-1,-1|-1,-1|-1,-1|-1,-1|-1,-1|-1,-1|-1,-1|
#type=4,4,4,4,4,4,4,
.......
#1111111111111111111
#assigned_pet=-1,-1,-1,-1,-1,-1,-1,
#assigned_hub=7,1,6,2,4,8,3,
#moving_targetting_pos=26,16|6,16|26,6|6,26|16,16|26,26|16,6|
#setting_targetting_pos=-1,-1|-1,-1|-1,-1|-1,-1|-1,-1|-1,-1|-1,-1|
#type=4,4,4,4,4,4,4,
.......
#1111111111111111111
#assigned_pet=-1,-1,-1,-1,-1,-1,-1,
#assigned_hub=7,1,6,2,4,8,3,
#moving_targetting_pos=26,16|6,16|26,6|6,26|16,16|26,26|16,6|
#setting_targetting_pos=-1,-1|-1,-1|-1,-1|-1,-1|-1,-1|-1,-1|-1,-1|
#type=4,4,4,4,4,4,4,
.......
#1111111111111111111
#assigned_pet=-1,-1,-1,-1,-1,-1,-1,
#assigned_hub=7,1,6,2,4,8,3,
#moving_targetting_pos=26,16|6,16|26,6|6,26|16,16|26,26|16,6|
#setting_targetting_pos=-1,-1|-1,-1|-1,-1|-1,-1|-1,-1|-1,-1|-1,-1|
#type=4,4,4,4,4,4,4,
.......
#1111111111111111111
#assigned_pet=-1,-1,-1,-1,-1,-1,-1,
#assigned_hub=7,1,6,2,4,8,3,
#moving_targetting_pos=26,16|6,16|26,6|6,26|16,16|26,26|16,6|
#setting_targetting_pos=-1,-1|-1,-1|-1,-1|-1,-1|-1,-1|-1,-1|-1,-1|
#type=4,4,4,4,4,4,4,
.......
#1111111111111111111
#assigned_pet=-1,-1,-1,-1,-1,-1,-1,
#assigned_hub=7,1,6,2,4,8,3,
#moving_targetting_pos=26,16|6,16|26,6|6,26|16,16|26,26|16,6|
#setting_targetting_pos=-1,-1|-1,-1|-1,-1|-1,-1|-1,-1|-1,-1|-1,-1|
#type=4,4,4,4,4,4,4,
.......
#1111111111111111111
#assigned_pet=-1,-1,-1,-1,-1,-1,-1,
#assigned_hub=7,1,6,2,4,8,3,
#moving_targetting_pos=26,16|6,16|26,6|6,26|16,16|26,26|16,6|
#setting_targetting_pos=-1,-1|-1,-1|-1,-1|-1,-1|-1,-1|-1,-1|-1,-1|
#type=4,4,4,4,4,4,4,
.......
#1111111111111111111
#assigned_pet=-1,-1,-1,-1,-1,-1,-1,
#assigned_hub=7,1,6,2,4,8,3,
#moving_targetting_pos=26,16|6,16|26,6|6,26|16,16|26,26|16,6|
#setting_targetting_pos=-1,-1|-1,-1|-1,-1|-1,-1|-1,-1|-1,-1|-1,-1|
#type=4,4,4,4,4,4,4,
.......
#1111111111111111111
#assigned_pet=-1,-1,-1,-1,-1,-1,-1,
#assigned_hub=7,1,6,2,4,8,3,
#moving_targetting_pos=26,16|6,16|26,6|6,26|16,16|26,26|16,6|
#setting_targetting_pos=-1,-1|-1,-1|-1,-1|-1,-1|-1,-1|-1,-1|-1,-1|
#type=4,4,4,4,4,4,4,
.......
#1111111111111111111
#assigned_pet=-1,-1,-1,-1,-1,-1,-1,
#assigned_hub=7,1,6,2,4,8,3,
#moving_targetting_pos=26,16|6,16|26,6|6,26|16,16|26,26|16,6|
#setting_targetting_pos=-1,-1|-1,-1|-1,-1|-1,-1|-1,-1|-1,-1|-1,-1|
#type=4,4,4,4,4,4,4,
.......
#1111111111111111111
#assigned_pet=-1,-1,-1,-1,-1,-1,-1,
#assigned_hub=7,1,6,2,4,8,3,
#moving_targetting_pos=26,16|6,16|26,6|6,26|16,16|26,26|16,6|
#setting_targetting_pos=-1,-1|-1,-1|-1,-1|-1,-1|-1,-1|-1,-1|-1,-1|
#type=4,4,4,4,4,4,4,
.......
#1111111111111111111
#assigned_pet=-1,-1,-1,-1,-1,-1,-1,
#assigned_hub=7,1,6,2,4,8,3,
#moving_targetting_pos=26,16|6,16|26,6|6,26|16,16|26,26|16,6|
#setting_targetting_pos=-1,-1|-1,-1|-1,-1|-1,-1|-1,-1|-1,-1|-1,-1|
#type=4,4,4,4,4,4,4,
.......
#1111111111111111111
#assigned_pet=-1,-1,-1,-1,-1,-1,-1,
#assigned_hub=7,1,6,2,4,8,3,
#moving_targetting_pos=26,16|6,16|26,6|6,26|16,16|26,26|16,6|
#setting_targetting_pos=-1,-1|-1,-1|-1,-1|-1,-1|-1,-1|-1,-1|-1,-1|
#type=4,4,4,4,4,4,4,
.......
#1111111111111111111
#assigned_pet=-1,-1,-1,-1,-1,-1,-1,
#assigned_hub=7,1,6,2,4,8,3,
#moving_targetting_pos=26,16|6,16|26,6|6,26|16,16|26,26|16,6|
#setting_targetting_pos=-1,-1|-1,-1|-1,-1|-1,-1|-1,-1|-1,-1|-1,-1|
#type=4,4,4,4,4,4,4,
.......
#1111111111111111111
#assigned_pet=-1,-1,-1,-1,-1,-1,-1,
#assigned_hub=7,1,6,2,4,8,3,
#moving_targetting_pos=26,16|6,16|26,6|6,26|16,16|26,26|16,6|
#setting_targetting_pos=-1,-1|-1,-1|-1,-1|-1,-1|-1,-1|-1,-1|-1,-1|
#type=4,4,4,4,4,4,4,
.......
#1111111111111111111
#assigned_pet=-1,-1,-1,-1,-1,-1,-1,
#assigned_hub=7,1,6,2,4,8,3,
#moving_targetting_pos=26,16|6,16|26,6|6,26|16,16|26,26|16,6|
#setting_targetting_pos=-1,-1|-1,-1|-1,-1|-1,-1|-1,-1|-1,-1|-1,-1|
#type=4,4,4,4,4,4,4,
.......
#1111111111111111111
#assigned_pet=-1,-1,-1,-1,-1,-1,-1,
#assigned_hub=7,1,6,2,4,8,3,
#moving_targetting_pos=26,16|6,16|26,6|6,26|16,16|26,26|16,6|
#setting_targetting_pos=-1,-1|-1,-1|-1,-1|-1,-1|-1,-1|-1,-1|-1,-1|
#type=4,4,4,4,4,4,4,
.......
#1111111111111111111
#assigned_pet=-1,-1,-1,-1,-1,-1,-1,
#assigned_hub=7,1,6,2,4,8,3,
#moving_targetting_pos=26,16|6,16|26,6|6,26|16,16|26,26|16,6|
#setting_targetting_pos=-1,-1|-1,-1|-1,-1|-1,-1|-1,-1|-1,-1|-1,-1|
#type=4,4,4,4,4,4,4,
.......
#1111111111111111111
#assigned_pet=-1,-1,-1,-1,-1,-1,-1,
#assigned_hub=7,1,6,2,4,8,3,
#moving_targetting_pos=26,16|6,16|26,6|6,26|16,16|26,26|16,6|
#setting_targetting_pos=-1,-1|-1,-1|-1,-1|-1,-1|-1,-1|-1,-1|-1,-1|
#type=4,4,4,4,4,4,4,
.......
#1111111111111111111
#assigned_pet=-1,-1,-1,-1,-1,-1,-1,
#assigned_hub=7,1,6,2,4,8,3,
#moving_targetting_pos=26,16|6,16|26,6|6,26|16,16|26,26|16,6|
#setting_targetting_pos=-1,-1|-1,-1|-1,-1|-1,-1|-1,-1|-1,-1|-1,-1|
#type=4,4,4,4,4,4,4,
.......
#1111111111111111111
#assigned_pet=-1,-1,-1,-1,-1,-1,-1,
#assigned_hub=7,1,6,2,4,8,3,
#moving_targetting_pos=26,16|6,16|26,6|6,26|16,16|26,26|16,6|
#setting_targetting_pos=-1,-1|-1,-1|-1,-1|-1,-1|-1,-1|-1,-1|-1,-1|
#type=4,4,4,4,4,4,4,
.......
#1111111111111111111
#assigned_pet=-1,-1,-1,-1,-1,-1,-1,
#assigned_hub=7,1,6,2,4,8,3,
#moving_targetting_pos=26,16|6,16|26,6|6,26|16,16|26,26|16,6|
#setting_targetting_pos=-1,-1|-1,-1|-1,-1|-1,-1|-1,-1|-1,-1|-1,-1|
#type=4,4,4,4,4,4,4,
.......
#1111111111111111111
#assigned_pet=-1,-1,-1,-1,-1,-1,-1,
#assigned_hub=7,1,6,2,4,8,3,
#moving_targetting_pos=26,16|6,16|26,6|6,26|16,16|26,26|16,6|
#setting_targetting_pos=-1,-1|-1,-1|-1,-1|-1,-1|-1,-1|-1,-1|-1,-1|
#type=4,4,4,4,4,4,4,
.......
#1111111111111111111
#assigned_pet=-1,-1,-1,-1,-1,-1,-1,
#assigned_hub=7,1,6,2,4,8,3,
#moving_targetting_pos=26,16|6,16|26,6|6,26|16,16|26,26|16,6|
#setting_targetting_pos=-1,-1|-1,-1|-1,-1|-1,-1|-1,-1|-1,-1|-1,-1|
#type=4,4,4,4,4,4,4,
.......
#1111111111111111111
#assigned_pet=-1,-1,-1,-1,-1,-1,-1,
#assigned_hub=7,1,6,2,4,8,3,
#moving_targetting_pos=26,16|6,16|26,6|6,26|16,16|26,26|16,6|
#setting_targetting_pos=-1,-1|-1,-1|-1,-1|-1,-1|-1,-1|-1,-1|-1,-1|
#type=4,4,4,4,4,4,4,
.......
#1111111111111111111
#assigned_pet=-1,-1,-1,-1,-1,-1,-1,
#assigned_hub=7,1,6,2,4,8,3,
#moving_targetting_pos=26,16|6,16|26,6|6,26|16,16|26,26|16,6|
#setting_targetting_pos=-1,-1|-1,-1|-1,-1|-1,-1|-1,-1|-1,-1|-1,-1|
#type=4,4,4,4,4,4,4,
.......
#1111111111111111111
#assigned_pet=-1,-1,-1,-1,-1,-1,-1,
#assigned_hub=7,1,6,2,4,8,3,
#moving_targetting_pos=26,16|6,16|26,6|6,26|16,16|26,26|16,6|
#setting_targetting_pos=-1,-1|-1,-1|-1,-1|-1,-1|-1,-1|-1,-1|-1,-1|
#type=4,4,4,4,4,4,4,
.......
#1111111111111111111
#assigned_pet=-1,-1,-1,-1,-1,-1,-1,
#assigned_hub=7,1,6,2,4,8,3,
#moving_targetting_pos=26,16|6,16|26,6|6,26|16,16|26,26|16,6|
#setting_targetting_pos=-1,-1|-1,-1|-1,-1|-1,-1|-1,-1|-1,-1|-1,-1|
#type=4,4,4,4,4,4,4,
.......
#1111111111111111111
#assigned_pet=-1,-1,-1,-1,-1,-1,-1,
#assigned_hub=7,1,6,2,4,8,3,
#moving_targetting_pos=26,16|6,16|26,6|6,26|16,16|26,26|16,6|
#setting_targetting_pos=-1,-1|-1,-1|-1,-1|-1,-1|-1,-1|-1,-1|-1,-1|
#type=4,4,4,4,4,4,4,
.......
#1111111111111111111
#assigned_pet=-1,-1,-1,-1,-1,-1,-1,
#assigned_hub=7,1,6,2,4,8,3,
#moving_targetting_pos=26,16|6,16|26,6|6,26|16,16|26,26|16,6|
#setting_targetting_pos=-1,-1|-1,-1|-1,-1|-1,-1|-1,-1|-1,-1|-1,-1|
#type=4,4,4,4,4,4,4,
.......
#1111111111111111111
#assigned_pet=-1,-1,-1,-1,-1,-1,-1,
#assigned_hub=7,1,6,2,4,8,3,
#moving_targetting_pos=26,16|6,16|26,6|6,26|16,16|26,26|16,6|
#setting_targetting_pos=-1,-1|-1,-1|-1,-1|-1,-1|-1,-1|-1,-1|-1,-1|
#type=4,4,4,4,4,4,4,
.......
#1111111111111111111
#assigned_pet=-1,-1,-1,-1,-1,-1,-1,
#assigned_hub=7,1,6,2,4,8,3,
#moving_targetting_pos=26,16|6,16|26,6|6,26|16,16|26,26|16,6|
#setting_targetting_pos=-1,-1|-1,-1|-1,-1|-1,-1|-1,-1|-1,-1|-1,-1|
#type=4,4,4,4,4,4,4,
.......
#1111111111111111111
#assigned_pet=-1,-1,-1,-1,-1,-1,-1,
#assigned_hub=7,1,6,2,4,8,3,
#moving_targetting_pos=26,16|6,16|26,6|6,26|16,16|26,26|16,6|
#setting_targetting_pos=-1,-1|-1,-1|-1,-1|-1,-1|-1,-1|-1,-1|-1,-1|
#type=4,4,4,4,4,4,4,
.......
#1111111111111111111
#assigned_pet=-1,-1,-1,-1,-1,-1,-1,
#assigned_hub=7,1,6,2,4,8,3,
#moving_targetting_pos=26,16|6,16|26,6|6,26|16,16|26,26|16,6|
#setting_targetting_pos=-1,-1|-1,-1|-1,-1|-1,-1|-1,-1|-1,-1|-1,-1|
#type=4,4,4,4,4,4,4,
.......
#1111111111111111111
#assigned_pet=-1,-1,-1,-1,-1,-1,-1,
#assigned_hub=7,1,6,2,4,8,3,
#moving_targetting_pos=26,16|6,16|26,6|6,26|16,16|26,26|16,6|
#setting_targetting_pos=-1,-1|-1,-1|-1,-1|-1,-1|-1,-1|-1,-1|-1,-1|
#type=4,4,4,4,4,4,4,
.......
#1111111111111111111
#assigned_pet=-1,-1,-1,-1,-1,-1,-1,
#assigned_hub=7,1,6,2,4,8,3,
#moving_targetting_pos=26,16|6,16|26,6|6,26|16,16|26,26|16,6|
#setting_targetting_pos=-1,-1|-1,-1|-1,-1|-1,-1|-1,-1|-1,-1|-1,-1|
#type=4,4,4,4,4,4,4,
.......
#1111111111111111111
#assigned_pet=-1,-1,-1,-1,-1,-1,-1,
#assigned_hub=7,1,6,2,4,8,3,
#moving_targetting_pos=26,16|6,16|26,6|6,26|16,16|26,26|16,6|
#setting_targetting_pos=-1,-1|-1,-1|-1,-1|-1,-1|-1,-1|-1,-1|-1,-1|
#type=4,4,4,4,4,4,4,
.......
#1111111111111111111
#assigned_pet=-1,-1,-1,-1,-1,-1,-1,
#assigned_hub=7,1,6,2,4,8,3,
#moving_targetting_pos=26,16|6,16|26,6|6,26|16,16|26,26|16,6|
#setting_targetting_pos=-1,-1|-1,-1|-1,-1|-1,-1|-1,-1|-1,-1|-1,-1|
#type=4,4,4,4,4,4,4,
.......
#1111111111111111111
#assigned_pet=-1,-1,-1,-1,-1,-1,-1,
#assigned_hub=7,1,6,2,4,8,3,
#moving_targetting_pos=26,16|6,16|26,6|6,26|16,16|26,26|16,6|
#setting_targetting_pos=-1,-1|-1,-1|-1,-1|-1,-1|-1,-1|-1,-1|-1,-1|
#type=4,4,4,4,4,4,4,
.......
#1111111111111111111
#assigned_pet=-1,-1,-1,-1,-1,-1,-1,
#assigned_hub=7,1,6,2,4,8,3,
#moving_targetting_pos=26,16|6,16|26,6|6,26|16,16|26,26|16,6|
#setting_targetting_pos=-1,-1|-1,-1|-1,-1|-1,-1|-1,-1|-1,-1|-1,-1|
#type=4,4,4,4,4,4,4,
.......
#1111111111111111111
#assigned_pet=-1,-1,-1,-1,-1,-1,-1,
#assigned_hub=7,1,6,2,4,8,3,
#moving_targetting_pos=26,16|6,16|26,6|6,26|16,16|26,26|16,6|
#setting_targetting_pos=-1,-1|-1,-1|-1,-1|-1,-1|-1,-1|-1,-1|-1,-1|
#type=4,4,4,4,4,4,4,
.......
#1111111111111111111
#assigned_pet=-1,-1,-1,-1,-1,-1,-1,
#assigned_hub=7,1,6,2,4,8,3,
#moving_targetting_pos=26,16|6,16|26,6|6,26|16,16|26,26|16,6|
#setting_targetting_pos=-1,-1|-1,-1|-1,-1|-1,-1|-1,-1|-1,-1|-1,-1|
#type=4,4,4,4,4,4,4,
.......
#1111111111111111111
#assigned_pet=-1,-1,-1,-1,-1,-1,-1,
#assigned_hub=7,1,6,2,4,8,3,
#moving_targetting_pos=26,16|6,16|26,6|6,26|16,16|26,26|16,6|
#setting_targetting_pos=-1,-1|-1,-1|-1,-1|-1,-1|-1,-1|-1,-1|-1,-1|
#type=4,4,4,4,4,4,4,
.......
#1111111111111111111
#assigned_pet=-1,-1,-1,-1,-1,-1,-1,
#assigned_hub=7,1,6,2,4,8,3,
#moving_targetting_pos=26,16|6,16|26,6|6,26|16,16|26,26|16,6|
#setting_targetting_pos=-1,-1|-1,-1|-1,-1|-1,-1|-1,-1|-1,-1|-1,-1|
#type=4,4,4,4,4,4,4,
.......
#1111111111111111111
#assigned_pet=-1,-1,-1,-1,-1,-1,-1,
#assigned_hub=7,1,6,2,4,8,3,
#moving_targetting_pos=26,16|6,16|26,6|6,26|16,16|26,26|16,6|
#setting_targetting_pos=-1,-1|-1,-1|-1,-1|-1,-1|-1,-1|-1,-1|-1,-1|
#type=4,4,4,4,4,4,4,
.......
#1111111111111111111
#assigned_pet=-1,-1,-1,-1,-1,-1,-1,
#assigned_hub=7,1,6,2,4,8,3,
#moving_targetting_pos=26,16|6,16|26,6|6,26|16,16|26,26|16,6|
#setting_targetting_pos=-1,-1|-1,-1|-1,-1|-1,-1|-1,-1|-1,-1|-1,-1|
#type=4,4,4,4,4,4,4,
.......
#1111111111111111111
#assigned_pet=-1,-1,-1,-1,-1,-1,-1,
#assigned_hub=7,1,6,2,4,8,3,
#moving_targetting_pos=26,16|6,16|26,6|6,26|16,16|26,26|16,6|
#setting_targetting_pos=-1,-1|-1,-1|-1,-1|-1,-1|-1,-1|-1,-1|-1,-1|
#type=4,4,4,4,4,4,4,
.......
#1111111111111111111
#assigned_pet=-1,-1,-1,-1,-1,-1,-1,
#assigned_hub=7,1,6,2,4,8,3,
#moving_targetting_pos=26,16|6,16|26,6|6,26|16,16|26,26|16,6|
#setting_targetting_pos=-1,-1|-1,-1|-1,-1|-1,-1|-1,-1|-1,-1|-1,-1|
#type=4,4,4,4,4,4,4,
.......
#1111111111111111111
#assigned_pet=-1,-1,-1,-1,-1,-1,-1,
#assigned_hub=7,1,6,2,4,8,3,
#moving_targetting_pos=26,16|6,16|26,6|6,26|16,16|26,26|16,6|
#setting_targetting_pos=-1,-1|-1,-1|-1,-1|-1,-1|-1,-1|-1,-1|-1,-1|
#type=4,4,4,4,4,4,4,
.......
#1111111111111111111
#assigned_pet=-1,-1,-1,-1,-1,-1,-1,
#assigned_hub=7,1,6,2,4,8,3,
#moving_targetting_pos=26,16|6,16|26,6|6,26|16,16|26,26|16,6|
#setting_targetting_pos=-1,-1|-1,-1|-1,-1|-1,-1|-1,-1|-1,-1|-1,-1|
#type=4,4,4,4,4,4,4,
.......
#1111111111111111111
#assigned_pet=-1,-1,-1,-1,-1,-1,-1,
#assigned_hub=7,1,6,2,4,8,3,
#moving_targetting_pos=26,16|6,16|26,6|6,26|16,16|26,26|16,6|
#setting_targetting_pos=-1,-1|-1,-1|-1,-1|-1,-1|-1,-1|-1,-1|-1,-1|
#type=4,4,4,4,4,4,4,
.......
#1111111111111111111
#assigned_pet=-1,-1,-1,-1,-1,-1,-1,
#assigned_hub=7,1,6,2,4,8,3,
#moving_targetting_pos=26,16|6,16|26,6|6,26|16,16|26,26|16,6|
#setting_targetting_pos=-1,-1|-1,-1|-1,-1|-1,-1|-1,-1|-1,-1|-1,-1|
#type=4,4,4,4,4,4,4,
.......
#1111111111111111111
#assigned_pet=-1,-1,-1,-1,-1,-1,-1,
#assigned_hub=7,1,6,2,4,8,3,
#moving_targetting_pos=26,16|6,16|26,6|6,26|16,16|26,26|16,6|
#setting_targetting_pos=-1,-1|-1,-1|-1,-1|-1,-1|-1,-1|-1,-1|-1,-1|
#type=4,4,4,4,4,4,4,
.......
#1111111111111111111
#assigned_pet=-1,-1,-1,-1,-1,-1,-1,
#assigned_hub=7,1,6,2,4,8,3,
#moving_targetting_pos=26,16|6,16|26,6|6,26|16,16|26,26|16,6|
#setting_targetting_pos=-1,-1|-1,-1|-1,-1|-1,-1|-1,-1|-1,-1|-1,-1|
#type=4,4,4,4,4,4,4,
.......
#1111111111111111111
#assigned_pet=-1,-1,-1,-1,-1,-1,-1,
#assigned_hub=7,1,6,2,4,8,3,
#moving_targetting_pos=26,16|6,16|26,6|6,26|16,16|26,26|16,6|
#setting_targetting_pos=-1,-1|-1,-1|-1,-1|-1,-1|-1,-1|-1,-1|-1,-1|
#type=4,4,4,4,4,4,4,
.......
#1111111111111111111
#assigned_pet=-1,-1,-1,-1,-1,-1,-1,
#assigned_hub=7,1,6,2,4,8,3,
#moving_targetting_pos=26,16|6,16|26,6|6,26|16,16|26,26|16,6|
#setting_targetting_pos=-1,-1|-1,-1|-1,-1|-1,-1|-1,-1|-1,-1|-1,-1|
#type=4,4,4,4,4,4,4,
.......
#1111111111111111111
#assigned_pet=-1,-1,-1,-1,-1,-1,-1,
#assigned_hub=7,1,6,2,4,8,3,
#moving_targetting_pos=26,16|6,16|26,6|6,26|16,16|26,26|16,6|
#setting_targetting_pos=-1,-1|-1,-1|-1,-1|-1,-1|-1,-1|-1,-1|-1,-1|
#type=4,4,4,4,4,4,4,
.......
#1111111111111111111
#assigned_pet=-1,-1,-1,-1,-1,-1,-1,
#assigned_hub=7,1,6,2,4,8,3,
#moving_targetting_pos=26,16|6,16|26,6|6,26|16,16|26,26|16,6|
#setting_targetting_pos=-1,-1|-1,-1|-1,-1|-1,-1|-1,-1|-1,-1|-1,-1|
#type=4,4,4,4,4,4,4,
.......
#1111111111111111111
#assigned_pet=-1,-1,-1,-1,-1,-1,-1,
#assigned_hub=7,1,6,2,4,8,3,
#moving_targetting_pos=26,16|6,16|26,6|6,26|16,16|26,26|16,6|
#setting_targetting_pos=-1,-1|-1,-1|-1,-1|-1,-1|-1,-1|-1,-1|-1,-1|
#type=4,4,4,4,4,4,4,
.......
#1111111111111111111
#assigned_pet=-1,-1,-1,-1,-1,-1,-1,
#assigned_hub=7,1,6,2,4,8,3,
#moving_targetting_pos=26,16|6,16|26,6|6,26|16,16|26,26|16,6|
#setting_targetting_pos=-1,-1|-1,-1|-1,-1|-1,-1|-1,-1|-1,-1|-1,-1|
#type=4,4,4,4,4,4,4,
.......
#1111111111111111111
#assigned_pet=-1,-1,-1,-1,-1,-1,-1,
#assigned_hub=7,1,6,2,4,8,3,
#moving_targetting_pos=26,16|6,16|26,6|6,26|16,16|26,26|16,6|
#setting_targetting_pos=-1,-1|-1,-1|-1,-1|-1,-1|-1,-1|-1,-1|-1,-1|
#type=4,4,4,4,4,4,4,
.......
#1111111111111111111
#assigned_pet=-1,-1,-1,-1,-1,-1,-1,
#assigned_hub=7,1,6,2,4,8,3,
#moving_targetting_pos=26,16|6,16|26,6|6,26|16,16|26,26|16,6|
#setting_targetting_pos=-1,-1|-1,-1|-1,-1|-1,-1|-1,-1|-1,-1|-1,-1|
#type=4,4,4,4,4,4,4,
.......
#1111111111111111111
#assigned_pet=-1,-1,-1,-1,-1,-1,-1,
#assigned_hub=7,1,6,2,4,8,3,
#moving_targetting_pos=26,16|6,16|26,6|6,26|16,16|26,26|16,6|
#setting_targetting_pos=-1,-1|-1,-1|-1,-1|-1,-1|-1,-1|-1,-1|-1,-1|
#type=4,4,4,4,4,4,4,
.......
#1111111111111111111
#assigned_pet=-1,-1,-1,-1,-1,-1,-1,
#assigned_hub=7,1,6,2,4,8,3,
#moving_targetting_pos=26,16|6,16|26,6|6,26|16,16|26,26|16,6|
#setting_targetting_pos=-1,-1|-1,-1|-1,-1|-1,-1|-1,-1|-1,-1|-1,-1|
#type=4,4,4,4,4,4,4,
.......
#1111111111111111111
#assigned_pet=-1,-1,-1,-1,-1,-1,-1,
#assigned_hub=7,1,6,2,4,8,3,
#moving_targetting_pos=26,16|6,16|26,6|6,26|16,16|26,26|16,6|
#setting_targetting_pos=-1,-1|-1,-1|-1,-1|-1,-1|-1,-1|-1,-1|-1,-1|
#type=4,4,4,4,4,4,4,
.......
#1111111111111111111
#assigned_pet=-1,-1,-1,-1,-1,-1,-1,
#assigned_hub=7,1,6,2,4,8,3,
#moving_targetting_pos=26,16|6,16|26,6|6,26|16,16|26,26|16,6|
#setting_targetting_pos=-1,-1|-1,-1|-1,-1|-1,-1|-1,-1|-1,-1|-1,-1|
#type=4,4,4,4,4,4,4,
.......
#1111111111111111111
#assigned_pet=-1,-1,-1,-1,-1,-1,-1,
#assigned_hub=7,1,6,2,4,8,3,
#moving_targetting_pos=26,16|6,16|26,6|6,26|16,16|26,26|16,6|
#setting_targetting_pos=-1,-1|-1,-1|-1,-1|-1,-1|-1,-1|-1,-1|-1,-1|
#type=4,4,4,4,4,4,4,
.......
#1111111111111111111
#assigned_pet=-1,-1,-1,-1,-1,-1,-1,
#assigned_hub=7,1,6,2,4,8,3,
#moving_targetting_pos=26,16|6,16|26,6|6,26|16,16|26,26|16,6|
#setting_targetting_pos=-1,-1|-1,-1|-1,-1|-1,-1|-1,-1|-1,-1|-1,-1|
#type=4,4,4,4,4,4,4,
.......
#1111111111111111111
#assigned_pet=-1,-1,-1,-1,-1,-1,-1,
#assigned_hub=7,1,6,2,4,8,3,
#moving_targetting_pos=26,16|6,16|26,6|6,26|16,16|26,26|16,6|
#setting_targetting_pos=-1,-1|-1,-1|-1,-1|-1,-1|-1,-1|-1,-1|-1,-1|
#type=4,4,4,4,4,4,4,
.......
