#000000000000
#assigned_pet=-1,-1,-1,-1,-1,-1,-1,-1,
#assigned_hub=-1,-1,-1,-1,-1,-1,-1,-1,
#moving_targetting_pos=29,30|12,29|5,1|9,30|15,1|2,29|19,2|22,1|
#setting_targetting_pos=29,2|12,1|5,30|9,2|15,30|2,1|19,30|22,29|
#type=1,1,1,1,1,1,1,1,
RRLRLRDD
#000000000000
#assigned_pet=-1,-1,-1,-1,-1,-1,-1,-1,
#assigned_hub=-1,-1,-1,-1,-1,-1,-1,-1,
#moving_targetting_pos=29,30|12,29|5,1|9,30|15,1|2,29|19,2|22,1|
#setting_targetting_pos=29,2|12,1|5,30|9,2|15,30|2,1|19,30|22,29|
#type=1,1,1,1,1,1,1,1,
RULRLRDD
#000000000000
#assigned_pet=-1,-1,-1,-1,-1,-1,-1,-1,
#assigned_hub=-1,-1,-1,-1,-1,-1,-1,-1,
#moving_targetting_pos=29,30|12,29|5,1|9,30|15,1|2,29|19,2|22,1|
#setting_targetting_pos=29,2|12,1|5,30|9,2|15,30|2,1|19,30|22,29|
#type=1,1,2,1,1,1,1,1,
RUdRLRDD
#000000000000
#assigned_pet=-1,-1,-1,-1,-1,-1,-1,-1,
#assigned_hub=-1,-1,-1,-1,-1,-1,-1,-1,
#moving_targetting_pos=29,30|12,29|5,1|9,30|15,1|2,29|19,2|22,1|
#setting_targetting_pos=29,2|12,1|5,30|9,2|15,30|2,1|19,30|22,29|
#type=1,2,2,1,1,1,1,2,
RrRRLRDu
#000000000000
#assigned_pet=-1,-1,-1,-1,-1,-1,-1,-1,
#assigned_hub=-1,-1,-1,-1,-1,-1,-1,-1,
#moving_targetting_pos=29,30|12,29|5,1|9,30|15,1|2,29|19,2|22,1|
#setting_targetting_pos=29,2|12,1|5,30|9,2|15,30|2,1|19,30|22,29|
#type=1,2,2,1,1,1,1,2,
RddRLRDR
#000000000000
#assigned_pet=-1,-1,-1,-1,-1,-1,-1,-1,
#assigned_hub=-1,-1,-1,-1,-1,-1,-1,-1,
#moving_targetting_pos=29,30|12,29|5,1|9,30|15,1|2,29|19,2|22,1|
#setting_targetting_pos=29,2|12,1|5,30|9,2|15,30|2,1|19,30|22,29|
#type=1,2,2,1,1,1,1,2,
RLRDLRDR
#000000000000
#assigned_pet=-1,-1,-1,-1,-1,-1,-1,-1,
#assigned_hub=-1,-1,-1,-1,-1,-1,-1,-1,
#moving_targetting_pos=29,30|12,29|5,1|9,30|15,1|2,29|19,2|22,1|
#setting_targetting_pos=29,2|12,1|5,30|9,2|15,30|2,1|19,30|22,29|
#type=1,2,2,1,1,1,1,2,
RLdDLRDl
#000000000000
#assigned_pet=-1,-1,-1,-1,-1,-1,-1,-1,
#assigned_hub=-1,-1,-1,-1,-1,-1,-1,-1,
#moving_targetting_pos=29,30|12,29|5,1|9,30|15,1|2,29|19,2|22,1|
#setting_targetting_pos=29,2|12,1|5,30|9,2|15,30|2,1|19,30|22,29|
#type=1,2,2,2,1,1,1,2,
RLRdLRDd
#000000000000
#assigned_pet=-1,-1,-1,-1,-1,-1,-1,-1,
#assigned_hub=-1,-1,-1,-1,-1,-1,-1,-1,
#moving_targetting_pos=29,30|12,29|5,1|9,30|15,1|2,29|19,2|22,1|
#setting_targetting_pos=29,2|12,1|5,30|9,2|15,30|2,1|19,30|22,29|
#type=1,2,2,2,1,1,1,2,
UduLLRDR
#000000000000
#assigned_pet=-1,-1,-1,-1,-1,-1,-1,-1,
#assigned_hub=-1,-1,-1,-1,-1,-1,-1,-1,
#moving_targetting_pos=29,30|12,29|5,1|9,30|15,1|2,29|19,2|22,1|
#setting_targetting_pos=29,2|12,1|5,30|9,2|15,30|2,1|19,30|22,29|
#type=2,2,2,2,1,1,1,2,
duRLLUDR
#000000000000
#assigned_pet=-1,-1,-1,-1,-1,-1,-1,-1,
#assigned_hub=-1,-1,-1,-1,-1,-1,-1,-1,
#moving_targetting_pos=29,30|12,29|5,1|9,30|15,1|2,29|19,2|22,1|
#setting_targetting_pos=29,2|12,1|5,30|9,2|15,30|2,1|19,30|22,29|
#type=2,2,2,2,1,1,1,2,
LLRrDUDR
#000000000000
#assigned_pet=-1,-1,-1,-1,-1,-1,-1,-1,
#assigned_hub=-1,-1,-1,-1,-1,-1,-1,-1,
#moving_targetting_pos=29,30|12,29|5,1|9,30|15,1|2,29|19,2|22,1|
#setting_targetting_pos=29,2|12,1|5,30|9,2|15,30|2,1|19,30|22,29|
#type=2,2,2,2,1,1,1,2,
LrRuDUDd
#000000000000
#assigned_pet=-1,-1,-1,-1,-1,-1,-1,-1,
#assigned_hub=-1,-1,-1,-1,-1,-1,-1,-1,
#moving_targetting_pos=29,30|12,29|5,1|9,30|15,1|2,29|19,2|22,1|
#setting_targetting_pos=29,2|12,1|5,30|9,2|15,30|2,1|19,30|22,29|
#type=2,2,2,2,1,1,1,2,
rLRLDUDu
#000000000000
#assigned_pet=-1,-1,-1,-1,-1,-1,-1,-1,
#assigned_hub=-1,-1,-1,-1,-1,-1,-1,-1,
#moving_targetting_pos=29,30|12,29|5,1|9,30|15,1|2,29|19,2|22,1|
#setting_targetting_pos=29,2|12,1|5,30|9,2|15,30|2,1|19,30|22,29|
#type=2,2,2,2,1,1,1,2,
uLuLDUDR
#000000000000
#assigned_pet=-1,-1,-1,-1,-1,-1,-1,-1,
#assigned_hub=-1,-1,-1,-1,-1,-1,-1,-1,
#moving_targetting_pos=29,30|12,29|5,1|9,30|15,1|2,29|19,2|22,1|
#setting_targetting_pos=29,2|12,1|5,30|9,2|15,30|2,1|19,30|22,29|
#type=2,2,2,2,1,2,2,2,
LdR.Drdl
#000000000000
#assigned_pet=-1,-1,-1,-1,-1,-1,-1,-1,
#assigned_hub=-1,-1,-1,-1,-1,-1,-1,-1,
#moving_targetting_pos=29,30|12,29|5,1|9,30|15,1|2,29|19,2|22,1|
#setting_targetting_pos=29,2|12,1|5,30|9,2|15,30|2,1|19,30|22,29|
#type=2,2,2,2,2,2,2,2,
LLd.ddRR
#000000000000
#assigned_pet=-1,-1,-1,-1,-1,-1,-1,-1,
#assigned_hub=-1,-1,-1,-1,-1,-1,-1,-1,
#moving_targetting_pos=29,30|12,29|5,1|9,30|15,1|2,29|19,2|22,1|
#setting_targetting_pos=29,2|12,1|5,30|9,2|15,30|2,1|19,30|22,29|
#type=2,2,2,2,2,2,2,2,
dLR.RLRR
#000000000000
#assigned_pet=-1,-1,-1,-1,-1,-1,-1,-1,
#assigned_hub=-1,-1,-1,-1,-1,-1,-1,-1,
#moving_targetting_pos=29,30|12,29|5,1|9,30|15,1|2,29|19,2|22,1|
#setting_targetting_pos=29,2|12,1|5,30|9,2|15,30|2,1|19,30|22,29|
#type=2,2,2,2,2,2,2,2,
LrdddLl.
#000000000000
#assigned_pet=-1,-1,-1,-1,-1,-1,-1,-1,
#assigned_hub=-1,-1,-1,-1,-1,-1,-1,-1,
#moving_targetting_pos=29,30|12,29|5,1|9,30|15,1|2,29|19,2|22,1|
#setting_targetting_pos=29,2|12,1|5,30|9,2|15,30|2,1|19,30|22,29|
#type=2,2,2,2,2,2,2,2,
ruRLRLu.
#000000000000
#assigned_pet=-1,-1,-1,-1,-1,-1,-1,-1,
#assigned_hub=-1,-1,-1,-1,-1,-1,-1,-1,
#moving_targetting_pos=29,30|12,29|5,1|9,30|15,1|2,29|19,2|22,1|
#setting_targetting_pos=29,2|12,1|5,30|9,2|15,30|2,1|19,30|22,29|
#type=2,2,2,2,2,2,2,2,
LLd.ddR.
#000000000000
#assigned_pet=-1,-1,-1,-1,-1,-1,-1,-1,
#assigned_hub=-1,-1,-1,-1,-1,-1,-1,-1,
#moving_targetting_pos=29,30|12,29|5,1|9,30|15,1|2,29|19,2|22,1|
#setting_targetting_pos=29,2|12,1|5,30|9,2|15,30|2,1|19,30|22,29|
#type=2,2,2,2,2,2,2,2,
uLRrRuRd
#000000000000
#assigned_pet=-1,-1,-1,-1,-1,-1,-1,-1,
#assigned_hub=-1,-1,-1,-1,-1,-1,-1,-1,
#moving_targetting_pos=29,30|12,29|5,1|9,30|15,1|2,29|19,2|22,1|
#setting_targetting_pos=29,2|12,1|5,30|9,2|15,30|2,1|19,30|22,29|
#type=2,2,2,2,2,2,2,2,
LrdLuLdR
#000000000000
#assigned_pet=-1,-1,-1,-1,-1,-1,-1,-1,
#assigned_hub=-1,-1,-1,-1,-1,-1,-1,-1,
#moving_targetting_pos=29,30|12,29|5,1|9,30|15,1|2,29|19,2|22,1|
#setting_targetting_pos=29,2|12,1|5,30|9,2|15,30|2,1|19,30|22,29|
#type=2,2,2,2,2,2,2,2,
LdRuRrRR
#000000000000
#assigned_pet=-1,-1,-1,-1,-1,-1,-1,-1,
#assigned_hub=-1,-1,-1,-1,-1,-1,-1,-1,
#moving_targetting_pos=29,30|12,29|5,1|9,30|15,1|2,29|19,2|22,1|
#setting_targetting_pos=29,2|12,1|5,30|9,2|15,30|2,1|19,30|22,29|
#type=2,2,2,2,2,2,2,2,
rLdLRLll
#000000000000
#assigned_pet=-1,-1,-1,-1,-1,-1,-1,-1,
#assigned_hub=-1,-1,-1,-1,-1,-1,-1,-1,
#moving_targetting_pos=29,30|12,29|5,1|9,30|15,1|2,29|19,2|22,1|
#setting_targetting_pos=29,2|12,1|5,30|9,2|15,30|2,1|19,30|22,29|
#type=2,2,2,2,2,2,2,2,
dLRLRLRu
#000000000000
#assigned_pet=-1,-1,-1,-1,-1,-1,-1,-1,
#assigned_hub=-1,-1,-1,-1,-1,-1,-1,-1,
#moving_targetting_pos=29,30|12,29|5,1|9,30|15,1|2,29|19,2|22,1|
#setting_targetting_pos=29,2|12,1|5,30|9,2|15,30|2,1|19,30|22,29|
#type=2,2,2,2,2,2,2,2,
LLurRduR
#000000000000
#assigned_pet=-1,-1,-1,-1,-1,-1,-1,-1,
#assigned_hub=-1,-1,-1,-1,-1,-1,-1,-1,
#moving_targetting_pos=29,30|12,29|5,1|9,30|15,1|2,29|19,2|22,1|
#setting_targetting_pos=29,2|12,1|5,30|9,2|15,30|2,1|19,30|22,29|
#type=2,2,2,2,2,2,2,2,
LuRduLRR
#000000000000
#assigned_pet=-1,-1,-1,-1,-1,-1,-1,-1,
#assigned_hub=-1,-1,-1,-1,-1,-1,-1,-1,
#moving_targetting_pos=29,30|12,29|5,1|9,30|15,1|2,29|19,2|22,1|
#setting_targetting_pos=29,2|12,1|5,30|9,2|15,30|2,1|19,30|22,29|
#type=2,2,2,2,2,2,2,2,
d.RLRLRl
#000000000000
#assigned_pet=-1,-1,-1,-1,-1,-1,-1,-1,
#assigned_hub=-1,-1,-1,-1,-1,-1,-1,-1,
#moving_targetting_pos=29,30|12,29|5,1|9,30|15,1|2,29|19,2|22,1|
#setting_targetting_pos=29,2|12,1|5,30|9,2|15,30|2,1|19,30|22,29|
#type=2,2,2,2,2,2,2,2,
L.RLdrld
#000000000000
#assigned_pet=-1,-1,-1,-1,-1,-1,-1,-1,
#assigned_hub=-1,-1,-1,-1,-1,-1,-1,-1,
#moving_targetting_pos=29,30|12,29|5,1|9,30|15,1|2,29|19,2|22,1|
#setting_targetting_pos=29,2|12,1|5,30|9,2|15,30|2,1|19,30|22,29|
#type=2,2,2,2,2,2,2,2,
LdRdRudR
#000000000000
#assigned_pet=-1,-1,-1,-1,-1,-1,-1,-1,
#assigned_hub=-1,-1,-1,-1,-1,-1,-1,-1,
#moving_targetting_pos=29,30|12,29|5,1|9,30|15,1|2,29|19,2|22,1|
#setting_targetting_pos=29,2|12,1|5,30|9,2|15,30|2,1|19,30|22,29|
#type=2,2,2,2,2,2,2,2,
rLuLdLRR
#000000000000
#assigned_pet=-1,-1,-1,-1,-1,-1,-1,-1,
#assigned_hub=-1,-1,-1,-1,-1,-1,-1,-1,
#moving_targetting_pos=29,30|12,29|5,1|9,30|15,1|2,29|19,2|22,1|
#setting_targetting_pos=29,2|12,1|5,30|9,2|15,30|2,1|19,30|22,29|
#type=2,2,2,2,2,2,2,2,
urRLRLRR
#000000000000
#assigned_pet=-1,-1,-1,-1,-1,-1,-1,-1,
#assigned_hub=-1,-1,-1,-1,-1,-1,-1,-1,
#moving_targetting_pos=29,30|12,29|5,1|9,30|15,1|2,29|19,2|22,1|
#setting_targetting_pos=29,2|12,1|5,30|9,2|15,30|2,1|19,30|22,29|
#type=2,2,2,2,2,2,2,2,
LLdrdrdd
#000000000000
#assigned_pet=-1,-1,-1,-1,-1,-1,-1,-1,
#assigned_hub=-1,-1,-1,-1,-1,-1,-1,-1,
#moving_targetting_pos=29,30|12,29|5,1|9,30|15,1|2,29|19,2|22,1|
#setting_targetting_pos=29,2|12,1|5,30|9,2|15,30|2,1|19,30|22,29|
#type=2,2,2,2,2,2,2,2,
LLRuR.Ru
#000000000000
#assigned_pet=-1,-1,-1,-1,-1,-1,-1,-1,
#assigned_hub=-1,-1,-1,-1,-1,-1,-1,-1,
#moving_targetting_pos=29,30|12,29|5,1|9,30|15,1|2,29|19,2|22,1|
#setting_targetting_pos=29,2|12,1|5,30|9,2|15,30|2,1|19,30|22,29|
#type=2,2,2,2,2,2,2,2,
dddLd.RR
#000000000000
#assigned_pet=-1,-1,-1,-1,-1,-1,-1,-1,
#assigned_hub=-1,-1,-1,-1,-1,-1,-1,-1,
#moving_targetting_pos=29,30|12,29|5,1|9,30|15,1|2,29|19,2|22,1|
#setting_targetting_pos=29,2|12,1|5,30|9,2|15,30|2,1|19,30|22,29|
#type=2,2,2,2,2,2,2,2,
LLRLR.ll
#000000000000
#assigned_pet=-1,-1,-1,-1,-1,-1,-1,-1,
#assigned_hub=-1,-1,-1,-1,-1,-1,-1,-1,
#moving_targetting_pos=29,30|12,29|5,1|9,30|15,1|2,29|19,2|22,1|
#setting_targetting_pos=29,2|12,1|5,30|9,2|15,30|2,1|19,30|22,29|
#type=2,2,2,2,2,2,2,2,
rLddd.uR
#000000000000
#assigned_pet=-1,-1,-1,-1,-1,-1,-1,-1,
#assigned_hub=-1,-1,-1,-1,-1,-1,-1,-1,
#moving_targetting_pos=29,30|12,29|5,1|9,30|15,1|2,29|19,2|22,1|
#setting_targetting_pos=29,2|12,1|5,30|9,2|15,30|2,1|19,30|22,29|
#type=2,2,2,2,2,2,2,2,
LrRLR.RR
#000000000000
#assigned_pet=-1,-1,-1,-1,-1,-1,-1,-1,
#assigned_hub=-1,-1,-1,-1,-1,-1,-1,-1,
#moving_targetting_pos=29,30|12,29|5,1|9,30|15,1|2,29|19,2|22,1|
#setting_targetting_pos=29,2|12,1|5,30|9,2|15,30|2,1|19,30|22,29|
#type=2,2,2,2,2,2,2,2,
uudru.Rd
#000000000000
#assigned_pet=-1,-1,-1,-1,-1,-1,-1,-1,
#assigned_hub=-1,-1,-1,-1,-1,-1,-1,-1,
#moving_targetting_pos=29,30|12,29|5,1|9,30|15,1|2,29|19,2|22,1|
#setting_targetting_pos=29,2|12,1|5,30|9,2|15,30|2,1|19,30|22,29|
#type=2,2,2,2,2,2,2,2,
LLRLR.dR
#000000000000
#assigned_pet=-1,-1,-1,-1,-1,-1,-1,-1,
#assigned_hub=-1,-1,-1,-1,-1,-1,-1,-1,
#moving_targetting_pos=29,30|12,29|5,1|9,30|15,1|2,29|19,2|22,1|
#setting_targetting_pos=29,2|12,1|5,30|9,2|15,30|2,1|19,30|22,29|
#type=2,2,2,2,2,2,2,2,
LLduR.RR
#000000000000
#assigned_pet=-1,-1,-1,-1,-1,-1,-1,-1,
#assigned_hub=-1,-1,-1,-1,-1,-1,-1,-1,
#moving_targetting_pos=29,30|12,29|5,1|9,30|15,1|2,29|19,2|22,1|
#setting_targetting_pos=29,2|12,1|5,30|9,2|15,30|2,1|19,30|22,29|
#type=2,2,2,2,2,2,2,2,
rrRLR.ll
#000000000000
#assigned_pet=-1,-1,-1,-1,-1,-1,-1,-1,
#assigned_hub=-1,-1,-1,-1,-1,-1,-1,-1,
#moving_targetting_pos=29,30|12,29|5,1|9,30|15,1|2,29|19,2|22,1|
#setting_targetting_pos=29,2|12,1|5,30|9,2|15,30|2,1|19,30|22,29|
#type=2,2,2,2,2,2,2,2,
dduLR.Ru
#000000000000
#assigned_pet=-1,-1,-1,-1,-1,-1,-1,-1,
#assigned_hub=-1,-1,-1,-1,-1,-1,-1,-1,
#moving_targetting_pos=29,30|12,29|5,1|9,30|15,1|2,29|19,2|22,1|
#setting_targetting_pos=29,2|12,1|5,30|9,2|15,30|2,1|19,30|22,29|
#type=2,2,2,2,2,2,2,2,
LLRr.d.R
#000000000000
#assigned_pet=-1,-1,-1,-1,-1,-1,-1,-1,
#assigned_hub=-1,-1,-1,-1,-1,-1,-1,-1,
#moving_targetting_pos=29,30|12,29|5,1|9,30|15,1|2,29|19,2|22,1|
#setting_targetting_pos=29,2|12,1|5,30|9,2|15,30|2,1|19,30|22,29|
#type=2,2,2,2,2,2,2,2,
LLRd.LuR
#000000000000
#assigned_pet=-1,-1,-1,-1,-1,-1,-1,-1,
#assigned_hub=-1,-1,-1,-1,-1,-1,-1,-1,
#moving_targetting_pos=29,30|12,29|5,1|9,30|15,1|2,29|19,2|22,1|
#setting_targetting_pos=29,2|12,1|5,30|9,2|15,30|2,1|19,30|22,29|
#type=2,2,2,2,2,2,2,2,
dLRL.LRl
#000000000000
#assigned_pet=-1,-1,-1,-1,-1,-1,-1,-1,
#assigned_hub=-1,-1,-1,-1,-1,-1,-1,-1,
#moving_targetting_pos=29,30|12,29|5,1|9,30|15,1|2,29|19,2|22,1|
#setting_targetting_pos=29,2|12,1|5,30|9,2|15,30|2,1|19,30|22,29|
#type=2,2,2,2,2,2,2,2,
LdRLuLRd
#000000000000
#assigned_pet=-1,-1,-1,-1,-1,-1,-1,-1,
#assigned_hub=-1,-1,-1,-1,-1,-1,-1,-1,
#moving_targetting_pos=29,30|12,29|5,1|9,30|15,1|2,29|19,2|22,1|
#setting_targetting_pos=29,2|12,1|5,30|9,2|15,30|2,1|19,30|22,29|
#type=2,2,2,2,2,2,2,2,
LuudRd.R
#000000000000
#assigned_pet=-1,-1,-1,-1,-1,-1,-1,-1,
#assigned_hub=-1,-1,-1,-1,-1,-1,-1,-1,
#moving_targetting_pos=29,30|12,29|5,1|9,30|15,1|2,29|19,2|22,1|
#setting_targetting_pos=29,2|12,1|5,30|9,2|15,30|2,1|19,30|22,29|
#type=2,2,2,2,2,2,2,2,
rLRL.ulR
#000000000000
#assigned_pet=-1,-1,-1,-1,-1,-1,-1,-1,
#assigned_hub=-1,-1,-1,-1,-1,-1,-1,-1,
#moving_targetting_pos=29,30|12,29|5,1|9,30|15,1|2,29|19,2|22,1|
#setting_targetting_pos=29,2|12,1|5,30|9,2|15,30|2,1|19,30|22,29|
#type=2,2,2,2,2,2,2,2,
urdL.L.R
#000000000000
#assigned_pet=-1,-1,-1,-1,-1,-1,-1,-1,
#assigned_hub=-1,-1,-1,-1,-1,-1,-1,-1,
#moving_targetting_pos=29,30|12,29|5,1|9,30|15,1|2,29|19,2|22,1|
#setting_targetting_pos=29,2|12,1|5,30|9,2|15,30|2,1|19,30|22,29|
#type=2,2,2,2,2,2,2,2,
LLRr.r.d
#000000000000
#assigned_pet=-1,-1,-1,-1,-1,-1,-1,-1,
#assigned_hub=-1,-1,-1,-1,-1,-1,-1,-1,
#moving_targetting_pos=29,30|12,29|5,1|9,30|15,1|2,29|19,2|22,1|
#setting_targetting_pos=29,2|12,1|5,30|9,2|15,30|2,1|19,30|22,29|
#type=2,2,2,2,2,2,2,2,
LLdudL.u
#000000000000
#assigned_pet=-1,-1,-1,-1,-1,-1,-1,-1,
#assigned_hub=-1,-1,-1,-1,-1,-1,-1,-1,
#moving_targetting_pos=29,30|12,29|25,30|9,30|15,1|2,29|19,2|22,1|
#setting_targetting_pos=29,2|12,1|25,1|9,2|15,30|2,1|19,30|22,29|
#type=2,2,1,2,2,2,2,2,
ddLLRL.R
#000000000000
#assigned_pet=-1,-1,-1,-1,-1,-1,-1,-1,
#assigned_hub=-1,-1,-1,-1,-1,-1,-1,-1,
#moving_targetting_pos=29,30|12,29|25,30|9,30|15,1|2,29|19,2|22,1|
#setting_targetting_pos=29,2|12,1|25,1|9,2|15,30|2,1|19,30|22,29|
#type=2,2,1,2,2,2,2,2,
LLLLdd.l
#000000000000
#assigned_pet=-1,-1,-1,-1,-1,-1,-1,-1,
#assigned_hub=-1,-1,-1,-1,-1,-1,-1,-1,
#moving_targetting_pos=29,30|12,29|25,30|9,30|15,1|2,29|19,2|22,1|
#setting_targetting_pos=29,2|12,1|25,1|9,2|15,30|2,1|19,30|22,29|
#type=2,2,1,2,2,2,2,2,
rLLdRLdR
#000000000000
#assigned_pet=-1,-1,-1,-1,-1,-1,-1,-1,
#assigned_hub=-1,-1,-1,-1,-1,-1,-1,-1,
#moving_targetting_pos=29,30|12,29|25,30|9,30|15,1|2,29|19,2|22,1|
#setting_targetting_pos=29,2|12,1|25,1|9,2|15,30|2,1|19,30|22,29|
#type=2,2,1,2,2,2,2,2,
L.DLdLRR
#000000000000
#assigned_pet=-1,-1,-1,-1,-1,-1,-1,-1,
#assigned_hub=-1,-1,-1,-1,-1,-1,-1,-1,
#moving_targetting_pos=29,30|12,29|25,30|9,30|15,1|2,29|19,2|22,1|
#setting_targetting_pos=29,2|12,1|25,1|9,2|15,30|2,1|19,30|22,29|
#type=2,2,1,2,2,2,2,2,
urDrRrRr
#000000000000
#assigned_pet=-1,-1,-1,-1,-1,-1,-1,-1,
#assigned_hub=-1,-1,-1,-1,-1,-1,-1,-1,
#moving_targetting_pos=29,30|12,29|25,30|9,30|15,1|2,29|19,2|22,1|
#setting_targetting_pos=29,2|12,1|25,1|9,2|15,30|2,1|19,30|22,29|
#type=2,2,1,2,2,2,2,2,
LuDLdudd
#000000000000
#assigned_pet=-1,-1,-1,-1,-1,-1,-1,-1,
#assigned_hub=-1,3,-1,-1,-1,-1,-1,8,
#moving_targetting_pos=29,30|16,6|25,30|9,30|15,1|2,29|19,2|26,26|
#setting_targetting_pos=29,2|12,1|25,1|9,2|15,30|2,1|19,30|22,29|
#type=2,3,1,2,2,2,2,3,
LDD.RLRL
#000000000000
#assigned_pet=-1,-1,-1,-1,-1,-1,-1,-1,
#assigned_hub=-1,3,-1,-1,-1,-1,-1,8,
#moving_targetting_pos=29,30|16,6|25,30|9,30|15,1|2,29|19,2|26,26|
#setting_targetting_pos=29,2|-1,-1|25,1|9,2|15,30|2,1|19,30|-1,-1|
#type=2,3,1,2,2,2,2,3,
rRRudLRL
#000000000000
#assigned_pet=-1,-1,-1,-1,-1,-1,-1,-1,
#assigned_hub=-1,3,-1,-1,-1,-1,-1,8,
#moving_targetting_pos=29,30|16,6|25,30|9,30|15,1|2,29|19,2|26,26|
#setting_targetting_pos=29,2|-1,-1|25,1|9,2|15,30|2,1|19,30|-1,-1|
#type=2,3,1,2,2,2,2,3,
dDDLRrlD
#000000000000
#assigned_pet=-1,-1,-1,-1,-1,-1,-1,-1,
#assigned_hub=6,3,-1,-1,-1,-1,-1,8,
#moving_targetting_pos=26,6|16,6|25,30|9,30|15,1|2,29|19,2|26,26|
#setting_targetting_pos=29,2|-1,-1|25,1|9,2|15,30|2,1|19,30|-1,-1|
#type=3,3,1,2,2,2,2,3,
URDLuduD
#000000000000
#assigned_pet=-1,-1,-1,-1,-1,-1,-1,-1,
#assigned_hub=6,3,-1,-1,-1,-1,-1,8,
#moving_targetting_pos=26,6|16,6|25,30|9,30|15,1|2,29|19,2|26,26|
#setting_targetting_pos=-1,-1|-1,-1|25,1|9,2|15,30|2,1|19,30|-1,-1|
#type=3,3,1,2,2,2,2,3,
RDDrRLRL
#000000000000
#assigned_pet=-1,-1,-1,-1,-1,-1,-1,9,
#assigned_hub=6,3,-1,-1,-1,-1,-1,8,
#moving_targetting_pos=26,6|16,6|25,30|9,30|15,1|2,29|19,2|-1,-1|
#setting_targetting_pos=-1,-1|-1,-1|25,1|9,2|15,30|2,1|19,30|27,28|
#type=3,3,1,2,2,2,2,4,
URDdRLRR
#000000000000
#assigned_pet=-1,-1,-1,-1,-1,-1,-1,-1,
#assigned_hub=6,3,-1,0,-1,-1,-1,8,
#moving_targetting_pos=26,6|16,6|25,30|6,6|15,1|2,29|19,2|-1,-1|
#setting_targetting_pos=-1,-1|-1,-1|25,1|9,2|15,30|2,1|19,30|-1,-1|
#type=3,3,1,3,2,2,2,4,
RRDURLd.
#000000000000
#assigned_pet=-1,-1,-1,-1,-1,-1,-1,-1,
#assigned_hub=6,3,-1,0,-1,-1,-1,8,
#moving_targetting_pos=26,6|-1,-1|25,30|6,6|15,1|2,29|19,2|-1,-1|
#setting_targetting_pos=-1,-1|-1,-1|25,1|-1,-1|15,30|2,1|19,30|-1,-1|
#type=3,4,1,3,2,2,2,4,
R.DRRdR.
#000000000000
#assigned_pet=6,6,-1,-1,-1,-1,-1,-1,
#assigned_hub=6,3,-1,0,-1,-1,-1,8,
#moving_targetting_pos=-1,-1|-1,-1|25,30|6,6|15,1|2,29|19,2|-1,-1|
#setting_targetting_pos=24,5|18,5|25,1|-1,-1|15,30|2,1|19,30|-1,-1|
#type=4,4,1,3,2,2,2,4,
UDDUuul.
#000000000000
#assigned_pet=6,6,-1,-1,-1,-1,-1,9,
#assigned_hub=6,3,-1,0,-1,-1,-1,8,
#moving_targetting_pos=-1,-1|-1,-1|25,30|6,6|15,1|2,29|19,2|-1,-1|
#setting_targetting_pos=24,5|18,5|25,1|-1,-1|15,30|2,1|19,30|27,28|
#type=4,4,1,3,2,2,2,4,
UDDRRLRR
#000000000000
#assigned_pet=6,6,-1,-1,-1,-1,-1,9,
#assigned_hub=6,3,-1,0,-1,-1,-1,8,
#moving_targetting_pos=-1,-1|-1,-1|25,30|6,6|15,1|2,29|19,2|-1,-1|
#setting_targetting_pos=24,5|18,5|25,1|-1,-1|15,30|2,1|19,30|27,28|
#type=4,4,1,3,2,2,2,4,
..DR.r.D
#000000000000
#assigned_pet=6,6,-1,11,-1,-1,-1,9,
#assigned_hub=6,3,-1,0,-1,-1,-1,8,
#moving_targetting_pos=-1,-1|-1,-1|25,30|-1,-1|15,1|2,29|19,2|-1,-1|
#setting_targetting_pos=24,5|18,5|25,1|7,4|15,30|2,1|19,30|27,28|
#type=4,4,1,4,2,2,2,4,
..D..L.D
#000000000000
#assigned_pet=6,6,-1,11,-1,-1,-1,9,
#assigned_hub=6,3,-1,0,-1,-1,-1,8,
#moving_targetting_pos=-1,-1|-1,-1|25,30|-1,-1|15,1|2,29|19,2|-1,-1|
#setting_targetting_pos=24,5|18,5|25,1|7,4|15,30|2,1|19,30|27,28|
#type=4,4,1,4,2,2,2,4,
..D.dL..
#000000000001
#assigned_pet=6,6,-1,11,-1,-1,-1,9,
#assigned_hub=6,3,-1,0,-1,-1,-1,8,
#moving_targetting_pos=-1,-1|-1,-1|25,30|-1,-1|15,1|2,29|19,2|-1,-1|
#setting_targetting_pos=24,5|18,5|25,1|7,4|15,30|2,1|19,30|27,28|
#type=4,4,1,5,2,2,2,4,
..DlRdu.
#000000000001
#assigned_pet=6,6,-1,-1,-1,-1,-1,9,
#assigned_hub=6,3,-1,0,-1,-1,-1,8,
#moving_targetting_pos=-1,-1|-1,-1|25,30|-1,-1|15,1|2,29|19,2|-1,-1|
#setting_targetting_pos=24,5|18,5|25,1|-1,-1|15,30|2,1|19,30|27,28|
#type=4,4,1,4,2,2,2,4,
..D.dLR.
#000000000001
#assigned_pet=6,6,-1,-1,-1,-1,-1,9,
#assigned_hub=6,3,-1,0,5,-1,-1,8,
#moving_targetting_pos=-1,-1|-1,-1|25,30|-1,-1|16,26|2,29|19,2|-1,-1|
#setting_targetting_pos=24,5|18,5|25,1|-1,-1|15,30|2,1|19,30|27,28|
#type=4,4,1,4,3,2,2,4,
..D.LLR.
#000000000001
#assigned_pet=6,6,-1,-1,-1,-1,-1,9,
#assigned_hub=6,3,-1,0,5,-1,-1,8,
#moving_targetting_pos=-1,-1|-1,-1|25,30|-1,-1|16,26|2,29|19,2|-1,-1|
#setting_targetting_pos=24,5|18,5|25,1|-1,-1|-1,-1|2,1|19,30|27,28|
#type=4,4,1,4,3,2,2,4,
..D.Lrl.
#000000000001
#assigned_pet=6,6,-1,-1,-1,-1,-1,-1,
#assigned_hub=6,3,-1,0,5,-1,-1,8,
#moving_targetting_pos=-1,-1|-1,-1|25,30|-1,-1|16,26|2,29|19,2|-1,-1|
#setting_targetting_pos=24,5|18,5|25,1|-1,-1|-1,-1|2,1|19,30|-1,-1|
#type=4,4,1,4,3,2,2,4,
..R.Lud.
#000000000001
#assigned_pet=6,6,-1,-1,7,-1,-1,7,
#assigned_hub=6,3,-1,0,5,4,7,8,
#moving_targetting_pos=-1,-1|-1,-1|25,30|-1,-1|-1,-1|16,16|26,16|-1,-1|
#setting_targetting_pos=24,5|18,5|25,1|-1,-1|18,27|2,1|19,30|24,27|
#type=4,4,1,4,4,3,3,4,
..R.DDUL
#000000000001
#assigned_pet=6,6,-1,-1,-1,-1,-1,9,
#assigned_hub=6,3,-1,0,5,4,2,8,
#moving_targetting_pos=-1,-1|-1,-1|25,30|-1,-1|-1,-1|16,16|6,26|-1,-1|
#setting_targetting_pos=24,5|18,5|25,1|-1,-1|-1,-1|-1,-1|-1,-1|25,28|
#type=4,4,1,4,4,3,3,4,
..D..RLR
#000000000001
#assigned_pet=6,6,-1,-1,-1,-1,-1,9,
#assigned_hub=6,3,-1,0,5,4,2,8,
#moving_targetting_pos=-1,-1|-1,-1|25,30|-1,-1|-1,-1|16,16|6,26|-1,-1|
#setting_targetting_pos=24,5|18,5|25,1|-1,-1|-1,-1|-1,-1|-1,-1|25,28|
#type=4,4,2,4,4,3,3,4,
..d..DU.
#000000000001
#assigned_pet=6,6,-1,-1,3,-1,-1,3,
#assigned_hub=6,3,-1,0,5,4,7,8,
#moving_targetting_pos=-1,-1|-1,-1|25,30|-1,-1|-1,-1|16,16|26,16|-1,-1|
#setting_targetting_pos=24,5|18,5|25,1|-1,-1|18,25|-1,-1|-1,-1|24,25|
#type=4,4,2,4,4,3,3,4,
..L.LRLL
#000000000001
#assigned_pet=6,6,-1,-1,-1,-1,-1,9,
#assigned_hub=6,3,-1,0,5,4,7,8,
#moving_targetting_pos=-1,-1|-1,-1|25,30|-1,-1|-1,-1|16,16|26,16|-1,-1|
#setting_targetting_pos=24,5|18,5|25,1|-1,-1|-1,-1|-1,-1|-1,-1|27,28|
#type=4,4,2,4,4,3,3,4,
.....DLR
#000000000001
#assigned_pet=6,6,-1,-1,-1,-1,-1,9,
#assigned_hub=6,3,-1,0,5,4,7,8,
#moving_targetting_pos=-1,-1|-1,-1|25,30|-1,-1|-1,-1|16,16|26,16|-1,-1|
#setting_targetting_pos=24,5|18,5|25,1|-1,-1|-1,-1|-1,-1|-1,-1|27,28|
#type=4,4,2,4,4,3,3,4,
..d..RL.
#000000000101
#assigned_pet=6,6,-1,-1,-1,-1,-1,9,
#assigned_hub=6,3,-1,0,5,4,7,8,
#moving_targetting_pos=-1,-1|-1,-1|25,30|-1,-1|-1,-1|16,16|26,16|-1,-1|
#setting_targetting_pos=24,5|18,5|25,1|-1,-1|-1,-1|-1,-1|-1,-1|27,28|
#type=4,4,2,4,4,3,3,5,
..L..RLd
#000000000101
#assigned_pet=6,6,-1,-1,3,-1,-1,3,
#assigned_hub=6,3,-1,0,5,4,7,8,
#moving_targetting_pos=-1,-1|-1,-1|25,30|-1,-1|-1,-1|16,16|26,16|-1,-1|
#setting_targetting_pos=24,5|18,5|25,1|-1,-1|18,25|-1,-1|-1,-1|24,25|
#type=4,4,2,4,4,3,3,4,
..u.LRLL
#000000000101
#assigned_pet=-1,5,-1,5,3,-1,-1,3,
#assigned_hub=6,3,-1,0,5,4,7,8,
#moving_targetting_pos=-1,-1|-1,-1|25,30|-1,-1|-1,-1|16,16|26,16|-1,-1|
#setting_targetting_pos=-1,-1|14,5|25,1|8,5|18,25|-1,-1|-1,-1|24,25|
#type=4,4,2,4,4,3,3,4,
.UL.DRLL
#000000000101
#assigned_pet=6,5,-1,5,3,-1,-1,3,
#assigned_hub=6,3,-1,0,5,4,7,8,
#moving_targetting_pos=-1,-1|-1,-1|25,30|-1,-1|-1,-1|16,16|26,16|-1,-1|
#setting_targetting_pos=25,4|14,5|25,1|8,5|18,25|-1,-1|-1,-1|24,25|
#type=4,4,2,4,4,3,3,4,
.UL..RLL
#000001000101
#assigned_pet=-1,5,-1,5,3,-1,-1,3,
#assigned_hub=6,3,-1,0,5,4,7,8,
#moving_targetting_pos=-1,-1|-1,-1|25,30|-1,-1|-1,-1|16,16|26,16|-1,-1|
#setting_targetting_pos=-1,-1|14,5|25,1|8,5|18,25|-1,-1|-1,-1|24,25|
#type=4,5,2,5,4,3,3,4,
.uLd.RLU
#000001000101
#assigned_pet=-1,-1,-1,-1,3,-1,-1,3,
#assigned_hub=6,3,-1,0,5,4,7,8,
#moving_targetting_pos=-1,-1|-1,-1|25,30|-1,-1|-1,-1|16,16|26,16|-1,-1|
#setting_targetting_pos=-1,-1|-1,-1|25,1|-1,-1|18,25|-1,-1|-1,-1|24,25|
#type=4,4,2,4,4,3,3,4,
..L..RL.
#000001000101
#assigned_pet=-1,-1,-1,-1,-1,-1,-1,-1,
#assigned_hub=6,3,-1,0,5,4,7,8,
#moving_targetting_pos=-1,-1|-1,-1|25,30|-1,-1|-1,-1|16,16|26,16|-1,-1|
#setting_targetting_pos=-1,-1|-1,-1|25,1|-1,-1|-1,-1|-1,-1|-1,-1|-1,-1|
#type=4,4,2,4,4,3,3,4,
.....RL.
#000001000101
#assigned_pet=-1,-1,-1,-1,3,-1,-1,3,
#assigned_hub=6,3,-1,0,5,4,7,8,
#moving_targetting_pos=-1,-1|-1,-1|25,30|-1,-1|-1,-1|16,16|26,16|-1,-1|
#setting_targetting_pos=-1,-1|-1,-1|25,1|-1,-1|18,25|-1,-1|-1,-1|24,25|
#type=4,4,2,4,4,3,3,4,
.....RL.
#000001000101
#assigned_pet=-1,-1,-1,-1,-1,-1,-1,-1,
#assigned_hub=6,3,-1,0,5,4,7,8,
#moving_targetting_pos=-1,-1|-1,-1|25,30|-1,-1|-1,-1|16,16|26,16|-1,-1|
#setting_targetting_pos=-1,-1|-1,-1|25,1|-1,-1|-1,-1|-1,-1|-1,-1|-1,-1|
#type=4,4,2,4,4,3,3,4,
.....RL.
#000001000101
#assigned_pet=-1,4,-1,4,-1,-1,-1,-1,
#assigned_hub=6,3,-1,0,5,4,7,8,
#moving_targetting_pos=-1,-1|-1,-1|25,30|-1,-1|-1,-1|16,16|26,16|-1,-1|
#setting_targetting_pos=-1,-1|14,7|25,1|8,7|-1,-1|-1,-1|-1,-1|-1,-1|
#type=4,4,2,4,4,3,3,4,
.R.R.RD.
#000001000101
#assigned_pet=-1,4,-1,4,-1,-1,-1,-1,
#assigned_hub=6,3,-1,0,5,4,7,8,
#moving_targetting_pos=-1,-1|-1,-1|25,30|-1,-1|-1,-1|16,16|26,16|-1,-1|
#setting_targetting_pos=-1,-1|14,7|25,1|8,7|-1,-1|-1,-1|-1,-1|-1,-1|
#type=4,4,2,4,4,3,3,4,
.RuR.RD.
#000011000101
#assigned_pet=-1,4,-1,4,-1,-1,-1,-1,
#assigned_hub=6,3,-1,0,5,4,7,8,
#moving_targetting_pos=-1,-1|-1,-1|25,30|-1,-1|-1,-1|16,16|26,16|-1,-1|
#setting_targetting_pos=-1,-1|14,7|25,1|8,7|-1,-1|-1,-1|-1,-1|-1,-1|
#type=4,5,2,5,4,3,3,4,
.uLd.DD.
#000011000101
#assigned_pet=-1,-1,-1,-1,-1,-1,-1,-1,
#assigned_hub=6,3,-1,0,5,4,7,8,
#moving_targetting_pos=-1,-1|-1,-1|25,30|6,6|-1,-1|16,16|26,16|-1,-1|
#setting_targetting_pos=-1,-1|-1,-1|25,1|-1,-1|-1,-1|-1,-1|-1,-1|-1,-1|
#type=4,4,2,4,4,3,3,4,
..d..DD.
#000011000101
#assigned_pet=-1,-1,-1,-1,-1,-1,-1,-1,
#assigned_hub=6,3,-1,0,5,1,4,8,
#moving_targetting_pos=-1,-1|-1,-1|25,30|6,6|-1,-1|6,16|16,16|-1,-1|
#setting_targetting_pos=-1,-1|-1,-1|25,1|-1,-1|-1,-1|-1,-1|-1,-1|-1,-1|
#type=4,4,2,4,4,4,3,4,
..L...U.
#000011000101
#assigned_pet=-1,-1,-1,-1,-1,-1,-1,-1,
#assigned_hub=6,3,-1,0,5,1,4,8,
#moving_targetting_pos=-1,-1|-1,-1|25,30|6,6|-1,-1|-1,-1|16,16|-1,-1|
#setting_targetting_pos=-1,-1|-1,-1|25,1|-1,-1|-1,-1|-1,-1|-1,-1|-1,-1|
#type=4,4,2,4,4,4,3,4,
..d...U.
#000011000101
#assigned_pet=-1,-1,-1,-1,-1,-1,-1,-1,
#assigned_hub=6,7,-1,0,5,1,4,8,
#moving_targetting_pos=-1,-1|26,16|25,30|6,6|-1,-1|-1,-1|16,16|-1,-1|
#setting_targetting_pos=-1,-1|-1,-1|25,1|-1,-1|-1,-1|-1,-1|-1,-1|-1,-1|
#type=4,3,2,4,4,4,3,4,
.RL...U.
#000011000101
#assigned_pet=-1,-1,-1,-1,-1,-1,-1,-1,
#assigned_hub=6,7,-1,0,5,1,4,8,
#moving_targetting_pos=-1,-1|26,16|25,30|-1,-1|-1,-1|-1,-1|16,16|-1,-1|
#setting_targetting_pos=-1,-1|-1,-1|25,1|-1,-1|-1,-1|-1,-1|-1,-1|-1,-1|
#type=4,3,2,4,4,4,3,4,
.Rd...L.
#000011000101
#assigned_pet=-1,-1,-1,-1,0,-1,0,-1,
#assigned_hub=6,7,-1,0,5,1,4,8,
#moving_targetting_pos=-1,-1|26,16|25,30|-1,-1|-1,-1|-1,-1|-1,-1|-1,-1|
#setting_targetting_pos=-1,-1|-1,-1|25,1|-1,-1|17,24|-1,-1|17,18|-1,-1|
#type=4,3,2,4,4,4,4,4,
.RL...R.
#000011000101
#assigned_pet=-1,-1,-1,-1,0,-1,0,-1,
#assigned_hub=6,7,-1,0,5,1,4,8,
#moving_targetting_pos=-1,-1|26,16|25,30|-1,-1|-1,-1|-1,-1|-1,-1|-1,-1|
#setting_targetting_pos=-1,-1|-1,-1|25,1|-1,-1|17,24|-1,-1|17,18|-1,-1|
#type=4,3,2,4,4,4,4,4,
.Rd...U.
#100011000101
#assigned_pet=-1,-1,-1,-1,0,-1,0,-1,
#assigned_hub=6,7,-1,0,5,1,4,8,
#moving_targetting_pos=-1,-1|26,16|25,30|-1,-1|-1,-1|-1,-1|-1,-1|-1,-1|
#setting_targetting_pos=-1,-1|-1,-1|25,1|-1,-1|17,24|-1,-1|17,18|-1,-1|
#type=4,3,2,4,5,4,5,4,
.RL.l.r.
#100011000101
#assigned_pet=-1,-1,-1,-1,2,-1,2,-1,
#assigned_hub=6,7,-1,0,5,1,4,8,
#moving_targetting_pos=-1,-1|26,16|25,30|-1,-1|-1,-1|-1,-1|-1,-1|-1,-1|
#setting_targetting_pos=-1,-1|-1,-1|25,1|-1,-1|15,24|-1,-1|15,18|-1,-1|
#type=4,3,2,4,4,4,4,4,
.Rd.U.U.
#100011000101
#assigned_pet=-1,-1,-1,-1,2,-1,2,-1,
#assigned_hub=6,7,-1,0,5,1,4,8,
#moving_targetting_pos=-1,-1|26,16|25,30|-1,-1|-1,-1|-1,-1|-1,-1|-1,-1|
#setting_targetting_pos=-1,-1|-1,-1|25,1|-1,-1|15,24|-1,-1|15,18|-1,-1|
#type=4,3,2,4,4,4,4,4,
.RL.L.R.
#100011000101
#assigned_pet=6,-1,-1,-1,2,-1,2,-1,
#assigned_hub=6,7,-1,0,5,1,4,8,
#moving_targetting_pos=-1,-1|26,16|25,30|-1,-1|-1,-1|-1,-1|-1,-1|-1,-1|
#setting_targetting_pos=28,5|-1,-1|25,1|-1,-1|15,24|-1,-1|15,18|-1,-1|
#type=4,3,2,4,4,4,4,4,
DR......
#100011000101
#assigned_pet=-1,-1,-1,-1,10,-1,-1,10,
#assigned_hub=6,7,-1,0,5,1,4,8,
#moving_targetting_pos=-1,-1|26,16|25,30|-1,-1|-1,-1|-1,-1|-1,-1|-1,-1|
#setting_targetting_pos=-1,-1|-1,-1|25,1|-1,-1|18,27|-1,-1|-1,-1|24,27|
#type=4,3,2,4,4,4,4,4,
.D..R..R
#100011000101
#assigned_pet=-1,-1,-1,-1,10,-1,-1,10,
#assigned_hub=6,7,-1,0,5,1,4,8,
#moving_targetting_pos=-1,-1|26,16|25,30|-1,-1|-1,-1|-1,-1|-1,-1|-1,-1|
#setting_targetting_pos=-1,-1|-1,-1|25,1|-1,-1|18,27|-1,-1|-1,-1|24,27|
#type=4,3,2,4,4,4,4,4,
.Du.R..R
#100011000101
#assigned_pet=-1,-1,-1,-1,-1,-1,-1,-1,
#assigned_hub=6,7,-1,0,5,1,4,8,
#moving_targetting_pos=-1,-1|26,16|25,30|-1,-1|-1,-1|-1,-1|-1,-1|-1,-1|
#setting_targetting_pos=-1,-1|-1,-1|25,1|-1,-1|-1,-1|-1,-1|-1,-1|-1,-1|
#type=4,3,2,4,4,4,4,4,
.DL.....
#100011000101
#assigned_pet=-1,-1,-1,-1,-1,-1,-1,-1,
#assigned_hub=6,7,-1,0,5,1,4,8,
#moving_targetting_pos=-1,-1|26,16|25,30|-1,-1|-1,-1|-1,-1|-1,-1|-1,-1|
#setting_targetting_pos=-1,-1|-1,-1|25,1|-1,-1|-1,-1|-1,-1|-1,-1|-1,-1|
#type=4,3,2,4,4,4,4,4,
.DL.....
#100011001101
#assigned_pet=-1,-1,-1,8,-1,8,-1,-1,
#assigned_hub=6,7,-1,0,5,1,4,8,
#moving_targetting_pos=-1,-1|26,16|25,30|-1,-1|-1,-1|-1,-1|-1,-1|-1,-1|
#setting_targetting_pos=-1,-1|-1,-1|25,1|7,8|-1,-1|7,14|-1,-1|-1,-1|
#type=4,3,2,5,4,5,4,4,
.DLr.l..
#100011001101
#assigned_pet=-1,-1,-1,-1,-1,-1,-1,-1,
#assigned_hub=6,7,-1,0,5,2,4,8,
#moving_targetting_pos=-1,-1|26,16|25,30|6,6|-1,-1|6,26|-1,-1|-1,-1|
#setting_targetting_pos=-1,-1|-1,-1|25,1|-1,-1|-1,-1|-1,-1|-1,-1|-1,-1|
#type=4,3,2,4,4,3,4,4,
.DL..R..
#100011001101
#assigned_pet=-1,-1,-1,-1,-1,-1,-1,-1,
#assigned_hub=6,7,-1,0,5,2,4,8,
#moving_targetting_pos=-1,-1|26,16|25,30|6,6|-1,-1|6,26|-1,-1|-1,-1|
#setting_targetting_pos=-1,-1|-1,-1|25,1|-1,-1|-1,-1|-1,-1|-1,-1|-1,-1|
#type=4,3,2,4,4,3,4,4,
.Du..R..
#100011001101
#assigned_pet=-1,-1,-1,-1,-1,-1,-1,-1,
#assigned_hub=6,7,-1,0,5,2,4,8,
#moving_targetting_pos=-1,-1|26,16|25,30|6,6|-1,-1|6,26|-1,-1|-1,-1|
#setting_targetting_pos=-1,-1|-1,-1|25,1|-1,-1|-1,-1|-1,-1|-1,-1|-1,-1|
#type=4,3,2,4,4,3,4,4,
.DL..R..
#100011001101
#assigned_pet=-1,-1,-1,-1,-1,-1,-1,-1,
#assigned_hub=6,7,-1,3,5,2,4,8,
#moving_targetting_pos=-1,-1|26,16|25,30|16,6|-1,-1|6,26|-1,-1|-1,-1|
#setting_targetting_pos=-1,-1|-1,-1|25,1|-1,-1|-1,-1|-1,-1|-1,-1|-1,-1|
#type=4,3,2,3,4,3,4,4,
.DdU.R..
#100011001101
#assigned_pet=-1,-1,-1,-1,-1,-1,-1,-1,
#assigned_hub=6,7,-1,3,5,2,4,8,
#moving_targetting_pos=-1,-1|26,16|25,30|16,6|-1,-1|6,26|-1,-1|-1,-1|
#setting_targetting_pos=-1,-1|-1,-1|25,1|-1,-1|-1,-1|-1,-1|-1,-1|-1,-1|
#type=4,3,2,3,4,3,4,4,
.RLR.R..
#100011001101
#assigned_pet=-1,10,-1,-1,-1,-1,-1,10,
#assigned_hub=6,7,-1,3,5,2,4,8,
#moving_targetting_pos=-1,-1|-1,-1|25,30|16,6|-1,-1|6,26|-1,-1|-1,-1|
#setting_targetting_pos=-1,-1|25,18|25,1|-1,-1|-1,-1|-1,-1|-1,-1|25,24|
#type=4,4,2,3,4,3,4,4,
.RdU.R.L
#100011001101
#assigned_pet=-1,1,-1,-1,-1,-1,-1,-1,
#assigned_hub=6,7,-1,3,5,2,4,8,
#moving_targetting_pos=-1,-1|-1,-1|25,30|16,6|-1,-1|6,26|-1,-1|-1,-1|
#setting_targetting_pos=-1,-1|28,17|25,1|-1,-1|-1,-1|-1,-1|-1,-1|-1,-1|
#type=4,4,2,3,4,3,4,4,
.DLR.R..
#100011001101
#assigned_pet=-1,1,-1,-1,-1,-1,-1,-1,
#assigned_hub=6,7,-1,0,5,3,4,8,
#moving_targetting_pos=-1,-1|-1,-1|25,30|6,6|-1,-1|16,6|-1,-1|-1,-1|
#setting_targetting_pos=-1,-1|28,17|25,1|-1,-1|-1,-1|-1,-1|-1,-1|-1,-1|
#type=4,4,2,3,4,3,4,4,
.DdL.L..
#100011001101
#assigned_pet=-1,1,-1,-1,-1,-1,-1,-1,
#assigned_hub=6,7,-1,0,5,3,4,8,
#moving_targetting_pos=-1,-1|-1,-1|25,30|6,6|-1,-1|16,6|-1,-1|-1,-1|
#setting_targetting_pos=-1,-1|28,17|25,1|-1,-1|-1,-1|-1,-1|-1,-1|-1,-1|
#type=4,4,2,3,4,3,4,4,
.DLL.L..
#110011001101
#assigned_pet=-1,1,-1,-1,-1,-1,-1,-1,
#assigned_hub=6,7,-1,0,5,3,4,8,
#moving_targetting_pos=-1,-1|-1,-1|25,30|6,6|-1,-1|16,6|-1,-1|-1,-1|
#setting_targetting_pos=-1,-1|28,17|25,1|-1,-1|-1,-1|-1,-1|-1,-1|-1,-1|
#type=4,5,2,4,4,3,4,4,
.d...L..
#110011001101
#assigned_pet=-1,10,-1,-1,-1,-1,10,-1,
#assigned_hub=6,7,-1,0,5,3,4,8,
#moving_targetting_pos=-1,-1|-1,-1|25,30|6,6|-1,-1|16,6|-1,-1|-1,-1|
#setting_targetting_pos=-1,-1|24,17|25,1|-1,-1|-1,-1|-1,-1|18,17|-1,-1|
#type=4,4,2,4,4,3,4,4,
.Ud..LL.
#110011001101
#assigned_pet=-1,10,-1,-1,-1,-1,10,-1,
#assigned_hub=6,7,-1,0,5,3,4,8,
#moving_targetting_pos=-1,-1|-1,-1|25,30|6,6|-1,-1|16,6|-1,-1|-1,-1|
#setting_targetting_pos=-1,-1|24,17|25,1|-1,-1|-1,-1|-1,-1|18,17|-1,-1|
#type=4,4,2,4,4,3,4,4,
.UL..LD.
#110011001111
#assigned_pet=-1,10,-1,-1,-1,-1,10,-1,
#assigned_hub=6,7,-1,0,5,3,4,8,
#moving_targetting_pos=-1,-1|-1,-1|25,30|6,6|-1,-1|16,6|-1,-1|-1,-1|
#setting_targetting_pos=-1,-1|24,17|25,1|-1,-1|-1,-1|-1,-1|18,17|-1,-1|
#type=4,5,2,4,4,3,5,4,
.u...Ld.
#110011001111
#assigned_pet=7,7,-1,-1,-1,-1,-1,-1,
#assigned_hub=6,7,-1,0,5,3,4,8,
#moving_targetting_pos=-1,-1|-1,-1|25,30|6,6|-1,-1|16,6|16,16|-1,-1|
#setting_targetting_pos=25,8|25,14|25,1|-1,-1|-1,-1|-1,-1|-1,-1|-1,-1|
#type=4,4,2,4,4,3,4,4,
RLd..L..
#110011001111
#assigned_pet=7,7,-1,-1,-1,-1,-1,-1,
#assigned_hub=6,7,-1,0,5,3,4,8,
#moving_targetting_pos=-1,-1|-1,-1|25,30|6,6|-1,-1|16,6|-1,-1|-1,-1|
#setting_targetting_pos=25,8|25,14|25,1|-1,-1|-1,-1|-1,-1|-1,-1|-1,-1|
#type=4,4,2,4,4,3,4,4,
RLL..D..
#110011001111
#assigned_pet=7,7,-1,-1,-1,-1,-1,-1,
#assigned_hub=6,7,-1,0,5,3,4,8,
#moving_targetting_pos=-1,-1|-1,-1|25,30|6,6|-1,-1|16,6|-1,-1|-1,-1|
#setting_targetting_pos=25,8|25,14|25,1|-1,-1|-1,-1|-1,-1|-1,-1|-1,-1|
#type=4,4,2,4,4,3,4,4,
R....D..
#110011001111
#assigned_pet=3,3,-1,-1,-1,-1,-1,-1,
#assigned_hub=6,7,-1,0,5,3,4,8,
#moving_targetting_pos=-1,-1|-1,-1|25,30|6,6|-1,-1|16,6|-1,-1|26,26|
#setting_targetting_pos=25,8|25,14|25,1|-1,-1|-1,-1|-1,-1|-1,-1|-1,-1|
#type=4,4,2,4,4,3,4,4,
..u..D..
#110011001111
#assigned_pet=3,3,-1,-1,-1,-1,-1,-1,
#assigned_hub=6,7,-1,0,5,3,4,8,
#moving_targetting_pos=-1,-1|-1,-1|25,30|6,6|-1,-1|16,6|-1,-1|-1,-1|
#setting_targetting_pos=25,8|25,14|25,1|-1,-1|-1,-1|-1,-1|-1,-1|-1,-1|
#type=4,4,2,4,4,3,4,4,
..L..D..
#110011001111
#assigned_pet=3,3,-1,-1,-1,-1,-1,-1,
#assigned_hub=6,7,-1,0,5,3,4,8,
#moving_targetting_pos=-1,-1|-1,-1|25,30|6,6|-1,-1|16,6|-1,-1|-1,-1|
#setting_targetting_pos=25,8|25,14|25,1|-1,-1|-1,-1|-1,-1|-1,-1|-1,-1|
#type=4,4,2,4,4,3,4,4,
..L..D..
#110011001111
#assigned_pet=3,3,-1,-1,-1,-1,-1,-1,
#assigned_hub=6,7,-1,0,5,3,4,8,
#moving_targetting_pos=-1,-1|-1,-1|25,30|6,6|-1,-1|16,6|-1,-1|-1,-1|
#setting_targetting_pos=25,8|25,14|25,1|-1,-1|-1,-1|-1,-1|-1,-1|-1,-1|
#type=4,4,2,4,4,3,4,4,
..L..D..
#110011001111
#assigned_pet=3,3,-1,-1,-1,-1,-1,-1,
#assigned_hub=6,7,-1,0,5,3,4,8,
#moving_targetting_pos=-1,-1|-1,-1|25,30|6,6|-1,-1|16,6|-1,-1|-1,-1|
#setting_targetting_pos=25,8|25,14|25,1|-1,-1|-1,-1|-1,-1|-1,-1|-1,-1|
#type=4,4,2,4,4,3,4,4,
..L..D..
#110011001111
#assigned_pet=-1,-1,-1,-1,-1,-1,-1,-1,
#assigned_hub=6,7,-1,0,5,3,4,8,
#moving_targetting_pos=-1,-1|-1,-1|25,30|6,6|-1,-1|16,6|-1,-1|-1,-1|
#setting_targetting_pos=-1,-1|-1,-1|25,1|-1,-1|-1,-1|-1,-1|-1,-1|-1,-1|
#type=4,4,2,4,4,3,4,4,
..u..D..
#110011001111
#assigned_pet=-1,-1,-1,-1,2,-1,-1,2,
#assigned_hub=6,7,-1,0,5,3,4,8,
#moving_targetting_pos=-1,-1|-1,-1|25,30|6,6|-1,-1|16,6|-1,-1|-1,-1|
#setting_targetting_pos=-1,-1|-1,-1|25,1|-1,-1|18,27|-1,-1|-1,-1|24,27|
#type=4,4,2,4,4,3,4,4,
..L.RL.R
#110011001111
#assigned_pet=-1,7,-1,-1,-1,-1,-1,7,
#assigned_hub=6,7,-1,0,5,3,4,8,
#moving_targetting_pos=-1,-1|-1,-1|25,30|6,6|-1,-1|16,6|16,16|-1,-1|
#setting_targetting_pos=-1,-1|25,18|25,1|-1,-1|-1,-1|-1,-1|-1,-1|25,24|
#type=4,4,2,4,4,3,4,4,
.Rd..L.L
#110011001111
#assigned_pet=-1,7,-1,-1,-1,-1,-1,7,
#assigned_hub=6,7,-1,0,5,3,4,8,
#moving_targetting_pos=-1,-1|-1,-1|25,30|6,6|-1,-1|16,6|16,16|-1,-1|
#setting_targetting_pos=-1,-1|25,18|25,1|-1,-1|-1,-1|-1,-1|-1,-1|25,24|
#type=4,4,2,4,4,3,4,4,
.RL..L.L
#110011011111
#assigned_pet=-1,7,-1,-1,-1,-1,-1,7,
#assigned_hub=6,7,-1,0,5,3,4,8,
#moving_targetting_pos=-1,-1|-1,-1|25,30|6,6|-1,-1|16,6|16,16|-1,-1|
#setting_targetting_pos=-1,-1|25,18|25,1|-1,-1|-1,-1|-1,-1|-1,-1|25,24|
#type=4,5,2,4,4,3,4,5,
.rd..L.l
#110011011111
#assigned_pet=-1,-1,-1,-1,-1,-1,-1,-1,
#assigned_hub=6,7,-1,0,5,3,4,8,
#moving_targetting_pos=-1,-1|-1,-1|25,30|6,6|-1,-1|16,6|16,16|-1,-1|
#setting_targetting_pos=-1,-1|-1,-1|25,1|-1,-1|-1,-1|-1,-1|-1,-1|-1,-1|
#type=4,4,2,4,4,3,4,4,
..L..L..
#110011011111
#assigned_pet=-1,-1,-1,-1,-1,-1,-1,-1,
#assigned_hub=6,7,-1,0,5,3,4,8,
#moving_targetting_pos=-1,-1|-1,-1|25,30|6,6|-1,-1|16,6|16,16|-1,-1|
#setting_targetting_pos=-1,-1|-1,-1|25,1|-1,-1|-1,-1|-1,-1|-1,-1|-1,-1|
#type=4,4,2,4,4,3,4,4,
..d..L..
#110011011111
#assigned_pet=-1,3,-1,-1,-1,-1,-1,3,
#assigned_hub=6,7,-1,0,5,3,4,8,
#moving_targetting_pos=-1,-1|-1,-1|25,30|6,6|-1,-1|16,6|-1,-1|-1,-1|
#setting_targetting_pos=-1,-1|27,18|25,1|-1,-1|-1,-1|-1,-1|-1,-1|27,24|
#type=4,4,0,4,4,3,4,4,
.D...L.D
#110011011111
#assigned_pet=-1,-1,-1,-1,-1,-1,-1,-1,
#assigned_hub=6,7,-1,0,5,3,4,8,
#moving_targetting_pos=-1,-1|-1,-1|25,30|6,6|-1,-1|16,6|-1,-1|-1,-1|
#setting_targetting_pos=-1,-1|-1,-1|25,1|-1,-1|-1,-1|-1,-1|-1,-1|-1,-1|
#type=4,4,0,4,4,3,4,4,
.....L..
#110011011111
#assigned_pet=-1,3,-1,-1,-1,-1,-1,3,
#assigned_hub=6,7,-1,0,5,3,4,8,
#moving_targetting_pos=-1,-1|-1,-1|25,30|6,6|-1,-1|16,6|-1,-1|-1,-1|
#setting_targetting_pos=-1,-1|27,18|25,1|-1,-1|-1,-1|-1,-1|-1,-1|27,24|
#type=4,4,0,4,4,4,4,4,
.R.....L
#110111011111
#assigned_pet=-1,3,-1,-1,-1,-1,-1,3,
#assigned_hub=6,7,-1,0,5,3,4,8,
#moving_targetting_pos=-1,-1|-1,-1|25,30|6,6|-1,-1|16,6|-1,-1|-1,-1|
#setting_targetting_pos=-1,-1|27,18|25,1|-1,-1|-1,-1|-1,-1|-1,-1|27,24|
#type=4,5,0,4,4,4,4,5,
.d.....d
#110111011111
#assigned_pet=6,6,-1,-1,-1,-1,-1,-1,
#assigned_hub=6,7,-1,0,5,3,4,8,
#moving_targetting_pos=-1,-1|-1,-1|25,30|6,6|-1,-1|16,6|-1,-1|26,26|
#setting_targetting_pos=27,8|27,14|25,1|-1,-1|-1,-1|-1,-1|-1,-1|-1,-1|
#type=4,4,0,4,4,4,4,4,
.L......
#110111011111
#assigned_pet=6,6,-1,-1,-1,-1,-1,-1,
#assigned_hub=6,7,-1,0,5,3,4,8,
#moving_targetting_pos=-1,-1|-1,-1|25,30|6,6|-1,-1|16,6|16,16|26,26|
#setting_targetting_pos=27,8|27,14|25,1|-1,-1|-1,-1|-1,-1|-1,-1|-1,-1|
#type=4,4,0,4,4,4,4,4,
.L......
#110111011111
#assigned_pet=6,6,-1,-1,-1,-1,-1,-1,
#assigned_hub=6,7,-1,0,5,3,4,8,
#moving_targetting_pos=-1,-1|-1,-1|25,30|6,6|-1,-1|16,6|16,16|26,26|
#setting_targetting_pos=27,8|27,14|25,1|-1,-1|-1,-1|-1,-1|-1,-1|-1,-1|
#type=4,4,0,4,4,4,4,4,
.L......
#110111011111
#assigned_pet=6,6,-1,-1,-1,-1,-1,-1,
#assigned_hub=6,7,-1,0,5,3,4,8,
#moving_targetting_pos=-1,-1|-1,-1|25,30|6,6|-1,-1|16,6|16,16|26,26|
#setting_targetting_pos=27,8|27,14|25,1|-1,-1|-1,-1|-1,-1|-1,-1|-1,-1|
#type=4,4,0,4,4,4,4,4,
.L......
#110111111111
#assigned_pet=6,6,-1,-1,-1,-1,-1,-1,
#assigned_hub=6,7,-1,0,5,3,4,8,
#moving_targetting_pos=-1,-1|-1,-1|25,30|6,6|-1,-1|16,6|16,16|26,26|
#setting_targetting_pos=27,8|27,14|25,1|-1,-1|-1,-1|-1,-1|-1,-1|-1,-1|
#type=5,5,0,4,4,4,4,4,
dd......
#110111111111
#assigned_pet=-1,-1,-1,-1,-1,-1,-1,-1,
#assigned_hub=6,7,-1,0,5,3,4,8,
#moving_targetting_pos=26,6|26,16|25,30|6,6|-1,-1|16,6|16,16|26,26|
#setting_targetting_pos=-1,-1|-1,-1|25,1|-1,-1|-1,-1|-1,-1|-1,-1|-1,-1|
#type=4,4,0,4,4,4,4,4,
........
#110111111111
#assigned_pet=-1,-1,-1,-1,-1,-1,-1,-1,
#assigned_hub=6,7,-1,0,5,3,4,8,
#moving_targetting_pos=26,6|26,16|25,30|6,6|-1,-1|16,6|16,16|26,26|
#setting_targetting_pos=-1,-1|-1,-1|25,1|-1,-1|-1,-1|-1,-1|-1,-1|-1,-1|
#type=4,4,0,4,4,4,4,4,
........
#110111111111
#assigned_pet=-1,-1,-1,-1,-1,-1,-1,-1,
#assigned_hub=6,7,-1,0,5,3,4,8,
#moving_targetting_pos=26,6|26,16|25,30|6,6|-1,-1|16,6|16,16|26,26|
#setting_targetting_pos=-1,-1|-1,-1|25,1|-1,-1|-1,-1|-1,-1|-1,-1|-1,-1|
#type=4,4,0,4,4,4,4,4,
........
#110111111111
#assigned_pet=-1,-1,-1,-1,-1,-1,-1,-1,
#assigned_hub=6,7,-1,0,5,3,4,8,
#moving_targetting_pos=26,6|26,16|25,30|6,6|-1,-1|16,6|-1,-1|26,26|
#setting_targetting_pos=-1,-1|-1,-1|25,1|-1,-1|-1,-1|-1,-1|-1,-1|-1,-1|
#type=4,4,0,4,4,4,4,4,
........
#110111111111
#assigned_pet=-1,-1,-1,-1,-1,-1,-1,-1,
#assigned_hub=6,7,-1,0,5,3,4,8,
#moving_targetting_pos=26,6|26,16|25,30|6,6|-1,-1|16,6|16,16|26,26|
#setting_targetting_pos=-1,-1|-1,-1|25,1|-1,-1|-1,-1|-1,-1|-1,-1|-1,-1|
#type=4,4,0,4,4,4,4,4,
........
#110111111111
#assigned_pet=-1,-1,-1,-1,-1,-1,-1,-1,
#assigned_hub=6,7,-1,0,5,3,4,8,
#moving_targetting_pos=26,6|26,16|25,30|6,6|-1,-1|16,6|16,16|-1,-1|
#setting_targetting_pos=-1,-1|-1,-1|25,1|-1,-1|-1,-1|-1,-1|-1,-1|-1,-1|
#type=4,4,0,4,4,4,4,4,
........
#110111111111
#assigned_pet=-1,-1,-1,-1,-1,-1,-1,-1,
#assigned_hub=6,7,-1,0,5,3,4,8,
#moving_targetting_pos=26,6|26,16|25,30|6,6|-1,-1|16,6|16,16|-1,-1|
#setting_targetting_pos=-1,-1|-1,-1|25,1|-1,-1|-1,-1|-1,-1|-1,-1|-1,-1|
#type=4,4,0,4,4,4,4,4,
........
#110111111111
#assigned_pet=-1,-1,-1,-1,-1,-1,-1,-1,
#assigned_hub=6,7,-1,0,5,3,4,8,
#moving_targetting_pos=26,6|26,16|25,30|6,6|-1,-1|16,6|16,16|-1,-1|
#setting_targetting_pos=-1,-1|-1,-1|25,1|-1,-1|-1,-1|-1,-1|-1,-1|-1,-1|
#type=4,4,0,4,4,4,4,4,
........
#110111111111
#assigned_pet=-1,-1,-1,-1,-1,-1,-1,-1,
#assigned_hub=6,7,-1,0,5,3,4,8,
#moving_targetting_pos=26,6|26,16|25,30|6,6|-1,-1|16,6|16,16|26,26|
#setting_targetting_pos=-1,-1|-1,-1|25,1|-1,-1|-1,-1|-1,-1|-1,-1|-1,-1|
#type=4,4,0,4,4,4,4,4,
........
#110111111111
#assigned_pet=-1,-1,-1,-1,-1,-1,-1,-1,
#assigned_hub=6,7,-1,0,5,3,4,8,
#moving_targetting_pos=26,6|26,16|25,30|6,6|-1,-1|16,6|-1,-1|-1,-1|
#setting_targetting_pos=-1,-1|-1,-1|25,1|-1,-1|-1,-1|-1,-1|-1,-1|-1,-1|
#type=4,4,0,4,4,4,4,4,
........
#110111111111
#assigned_pet=-1,-1,-1,-1,-1,-1,-1,-1,
#assigned_hub=6,7,-1,0,5,3,4,8,
#moving_targetting_pos=26,6|26,16|25,30|6,6|-1,-1|16,6|-1,-1|-1,-1|
#setting_targetting_pos=-1,-1|-1,-1|25,1|-1,-1|-1,-1|-1,-1|-1,-1|-1,-1|
#type=4,4,0,4,4,4,4,4,
........
#110111111111
#assigned_pet=-1,-1,-1,-1,-1,-1,-1,-1,
#assigned_hub=6,7,-1,0,5,3,4,8,
#moving_targetting_pos=26,6|26,16|25,30|6,6|-1,-1|16,6|-1,-1|-1,-1|
#setting_targetting_pos=-1,-1|-1,-1|25,1|-1,-1|-1,-1|-1,-1|-1,-1|-1,-1|
#type=4,4,0,4,4,4,4,4,
........
#110111111111
#assigned_pet=-1,-1,-1,-1,-1,-1,-1,-1,
#assigned_hub=6,7,-1,0,5,3,4,8,
#moving_targetting_pos=26,6|26,16|25,30|6,6|-1,-1|16,6|16,16|-1,-1|
#setting_targetting_pos=-1,-1|-1,-1|25,1|-1,-1|-1,-1|-1,-1|-1,-1|-1,-1|
#type=4,4,0,4,4,4,4,4,
........
#110111111111
#assigned_pet=-1,-1,-1,-1,-1,-1,-1,-1,
#assigned_hub=6,7,-1,0,5,3,4,8,
#moving_targetting_pos=26,6|26,16|25,30|6,6|-1,-1|16,6|16,16|-1,-1|
#setting_targetting_pos=-1,-1|-1,-1|25,1|-1,-1|-1,-1|-1,-1|-1,-1|-1,-1|
#type=4,4,0,4,4,4,4,4,
........
#110111111111
#assigned_pet=-1,-1,-1,-1,-1,-1,-1,-1,
#assigned_hub=6,7,-1,0,5,3,4,8,
#moving_targetting_pos=26,6|26,16|25,30|6,6|-1,-1|16,6|16,16|-1,-1|
#setting_targetting_pos=-1,-1|-1,-1|25,1|-1,-1|-1,-1|-1,-1|-1,-1|-1,-1|
#type=4,4,0,4,4,4,4,4,
........
#110111111111
#assigned_pet=-1,-1,-1,-1,-1,-1,-1,-1,
#assigned_hub=6,7,-1,0,5,3,4,8,
#moving_targetting_pos=26,6|26,16|25,30|6,6|-1,-1|16,6|16,16|-1,-1|
#setting_targetting_pos=-1,-1|-1,-1|25,1|-1,-1|-1,-1|-1,-1|-1,-1|-1,-1|
#type=4,4,0,4,4,4,4,4,
........
#110111111111
#assigned_pet=-1,-1,-1,-1,-1,-1,-1,-1,
#assigned_hub=6,7,-1,0,5,3,4,8,
#moving_targetting_pos=26,6|26,16|25,30|6,6|-1,-1|16,6|16,16|-1,-1|
#setting_targetting_pos=-1,-1|-1,-1|25,1|-1,-1|-1,-1|-1,-1|-1,-1|-1,-1|
#type=4,4,0,4,4,4,4,4,
........
#110111111111
#assigned_pet=-1,-1,-1,-1,-1,-1,-1,-1,
#assigned_hub=6,7,-1,0,5,3,4,8,
#moving_targetting_pos=26,6|26,16|25,30|6,6|-1,-1|16,6|16,16|-1,-1|
#setting_targetting_pos=-1,-1|-1,-1|25,1|-1,-1|-1,-1|-1,-1|-1,-1|-1,-1|
#type=4,4,0,4,4,4,4,4,
........
#110111111111
#assigned_pet=-1,-1,-1,-1,-1,-1,-1,-1,
#assigned_hub=6,7,-1,0,5,3,4,8,
#moving_targetting_pos=26,6|26,16|25,30|6,6|-1,-1|16,6|16,16|-1,-1|
#setting_targetting_pos=-1,-1|-1,-1|25,1|-1,-1|-1,-1|-1,-1|-1,-1|-1,-1|
#type=4,4,0,4,4,4,4,4,
........
#110111111111
#assigned_pet=-1,-1,-1,-1,-1,-1,-1,-1,
#assigned_hub=6,7,-1,0,5,3,4,8,
#moving_targetting_pos=26,6|26,16|25,30|6,6|-1,-1|16,6|-1,-1|-1,-1|
#setting_targetting_pos=-1,-1|-1,-1|25,1|-1,-1|-1,-1|-1,-1|-1,-1|-1,-1|
#type=4,4,0,4,4,4,4,4,
........
#110111111111
#assigned_pet=-1,-1,-1,-1,-1,-1,-1,-1,
#assigned_hub=6,7,-1,0,5,3,4,8,
#moving_targetting_pos=26,6|26,16|25,30|6,6|-1,-1|16,6|-1,-1|26,26|
#setting_targetting_pos=-1,-1|-1,-1|25,1|-1,-1|-1,-1|-1,-1|-1,-1|-1,-1|
#type=4,4,0,4,4,4,4,4,
........
#110111111111
#assigned_pet=-1,-1,-1,-1,-1,-1,-1,-1,
#assigned_hub=6,7,-1,0,5,3,4,8,
#moving_targetting_pos=26,6|26,16|25,30|6,6|-1,-1|16,6|-1,-1|-1,-1|
#setting_targetting_pos=-1,-1|-1,-1|25,1|-1,-1|-1,-1|-1,-1|-1,-1|-1,-1|
#type=4,4,0,4,4,4,4,4,
........
#110111111111
#assigned_pet=-1,-1,-1,-1,-1,-1,-1,-1,
#assigned_hub=6,7,-1,0,5,3,4,8,
#moving_targetting_pos=26,6|26,16|25,30|6,6|-1,-1|16,6|-1,-1|-1,-1|
#setting_targetting_pos=-1,-1|-1,-1|25,1|-1,-1|-1,-1|-1,-1|-1,-1|-1,-1|
#type=4,4,0,4,4,4,4,4,
........
#110111111111
#assigned_pet=-1,-1,-1,-1,-1,-1,-1,-1,
#assigned_hub=6,7,-1,0,5,3,4,8,
#moving_targetting_pos=26,6|26,16|25,30|6,6|-1,-1|16,6|-1,-1|-1,-1|
#setting_targetting_pos=-1,-1|-1,-1|25,1|-1,-1|-1,-1|-1,-1|-1,-1|-1,-1|
#type=4,4,0,4,4,4,4,4,
........
#110111111111
#assigned_pet=-1,-1,-1,-1,-1,-1,-1,-1,
#assigned_hub=6,7,-1,0,5,3,4,8,
#moving_targetting_pos=26,6|26,16|25,30|6,6|-1,-1|16,6|-1,-1|26,26|
#setting_targetting_pos=-1,-1|-1,-1|25,1|-1,-1|-1,-1|-1,-1|-1,-1|-1,-1|
#type=4,4,0,4,4,4,4,4,
........
#110111111111
#assigned_pet=-1,-1,-1,-1,-1,-1,-1,-1,
#assigned_hub=6,7,-1,0,5,3,4,8,
#moving_targetting_pos=26,6|26,16|25,30|6,6|-1,-1|16,6|-1,-1|26,26|
#setting_targetting_pos=-1,-1|-1,-1|25,1|-1,-1|-1,-1|-1,-1|-1,-1|-1,-1|
#type=4,4,0,4,4,4,4,4,
........
#110111111111
#assigned_pet=-1,-1,-1,-1,-1,-1,-1,-1,
#assigned_hub=6,7,-1,0,5,3,4,8,
#moving_targetting_pos=26,6|26,16|25,30|6,6|-1,-1|16,6|-1,-1|26,26|
#setting_targetting_pos=-1,-1|-1,-1|25,1|-1,-1|-1,-1|-1,-1|-1,-1|-1,-1|
#type=4,4,0,4,4,4,4,4,
........
#110111111111
#assigned_pet=-1,-1,-1,-1,-1,-1,-1,-1,
#assigned_hub=6,7,-1,0,5,3,4,8,
#moving_targetting_pos=26,6|26,16|25,30|6,6|-1,-1|16,6|-1,-1|26,26|
#setting_targetting_pos=-1,-1|-1,-1|25,1|-1,-1|-1,-1|-1,-1|-1,-1|-1,-1|
#type=4,4,0,4,4,4,4,4,
........
#110111111111
#assigned_pet=-1,-1,-1,-1,-1,-1,-1,-1,
#assigned_hub=6,7,-1,0,5,3,4,8,
#moving_targetting_pos=26,6|26,16|25,30|6,6|-1,-1|16,6|-1,-1|26,26|
#setting_targetting_pos=-1,-1|-1,-1|25,1|-1,-1|-1,-1|-1,-1|-1,-1|-1,-1|
#type=4,4,0,4,4,4,4,4,
........
#110111111111
#assigned_pet=-1,-1,-1,-1,-1,-1,-1,-1,
#assigned_hub=6,7,-1,0,5,3,4,8,
#moving_targetting_pos=26,6|26,16|25,30|6,6|-1,-1|16,6|-1,-1|-1,-1|
#setting_targetting_pos=-1,-1|-1,-1|25,1|-1,-1|-1,-1|-1,-1|-1,-1|-1,-1|
#type=4,4,0,4,4,4,4,4,
........
#110111111111
#assigned_pet=-1,-1,-1,-1,-1,-1,-1,-1,
#assigned_hub=6,7,-1,0,5,3,4,8,
#moving_targetting_pos=26,6|26,16|25,30|6,6|-1,-1|16,6|-1,-1|-1,-1|
#setting_targetting_pos=-1,-1|-1,-1|25,1|-1,-1|-1,-1|-1,-1|-1,-1|-1,-1|
#type=4,4,0,4,4,4,4,4,
........
#110111111111
#assigned_pet=-1,-1,-1,-1,-1,-1,-1,-1,
#assigned_hub=6,7,-1,0,5,3,4,8,
#moving_targetting_pos=26,6|26,16|25,30|6,6|-1,-1|16,6|-1,-1|-1,-1|
#setting_targetting_pos=-1,-1|-1,-1|25,1|-1,-1|-1,-1|-1,-1|-1,-1|-1,-1|
#type=4,4,0,4,4,4,4,4,
........
#110111111111
#assigned_pet=-1,-1,-1,-1,-1,-1,-1,-1,
#assigned_hub=6,7,-1,0,5,3,4,8,
#moving_targetting_pos=26,6|26,16|25,30|6,6|-1,-1|16,6|16,16|-1,-1|
#setting_targetting_pos=-1,-1|-1,-1|25,1|-1,-1|-1,-1|-1,-1|-1,-1|-1,-1|
#type=4,4,0,4,4,4,4,4,
........
#110111111111
#assigned_pet=-1,-1,-1,-1,2,-1,-1,2,
#assigned_hub=6,7,-1,0,5,3,4,8,
#moving_targetting_pos=26,6|26,16|25,30|6,6|-1,-1|16,6|16,16|-1,-1|
#setting_targetting_pos=-1,-1|-1,-1|25,1|-1,-1|18,25|-1,-1|-1,-1|24,25|
#type=4,4,0,4,4,4,4,4,
....L..R
#110111111111
#assigned_pet=-1,-1,-1,-1,2,-1,-1,2,
#assigned_hub=6,7,-1,0,5,3,4,8,
#moving_targetting_pos=26,6|26,16|25,30|6,6|-1,-1|16,6|16,16|-1,-1|
#setting_targetting_pos=-1,-1|-1,-1|25,1|-1,-1|18,25|-1,-1|-1,-1|24,25|
#type=4,4,0,4,4,4,4,4,
....L..U
#110111111111
#assigned_pet=-1,-1,-1,-1,2,-1,-1,2,
#assigned_hub=6,7,-1,0,5,3,4,8,
#moving_targetting_pos=26,6|26,16|25,30|6,6|-1,-1|16,6|16,16|-1,-1|
#setting_targetting_pos=-1,-1|-1,-1|25,1|-1,-1|18,25|-1,-1|-1,-1|24,25|
#type=4,4,0,4,4,4,4,4,
....D...
#111111111111
#assigned_pet=-1,-1,-1,-1,2,-1,-1,2,
#assigned_hub=6,7,-1,0,5,3,4,8,
#moving_targetting_pos=26,6|26,16|25,30|6,6|-1,-1|16,6|16,16|-1,-1|
#setting_targetting_pos=-1,-1|-1,-1|25,1|-1,-1|18,25|-1,-1|-1,-1|24,25|
#type=4,4,0,4,5,4,4,5,
....d..u
#111111111111
#assigned_pet=-1,-1,-1,-1,-1,-1,-1,-1,
#assigned_hub=6,7,-1,0,5,3,4,8,
#moving_targetting_pos=26,6|26,16|25,30|6,6|16,26|16,6|16,16|26,26|
#setting_targetting_pos=-1,-1|-1,-1|25,1|-1,-1|-1,-1|-1,-1|-1,-1|-1,-1|
#type=4,4,0,4,4,4,4,4,
........
#111111111111
#assigned_pet=-1,-1,-1,-1,-1,-1,-1,-1,
#assigned_hub=6,7,-1,0,5,3,4,8,
#moving_targetting_pos=26,6|26,16|25,30|6,6|16,26|16,6|16,16|26,26|
#setting_targetting_pos=-1,-1|-1,-1|25,1|-1,-1|-1,-1|-1,-1|-1,-1|-1,-1|
#type=4,4,0,4,4,4,4,4,
........
#111111111111
#assigned_pet=-1,-1,-1,-1,-1,-1,-1,-1,
#assigned_hub=6,7,-1,0,5,3,4,8,
#moving_targetting_pos=26,6|26,16|25,30|6,6|16,26|16,6|16,16|26,26|
#setting_targetting_pos=-1,-1|-1,-1|25,1|-1,-1|-1,-1|-1,-1|-1,-1|-1,-1|
#type=4,4,0,4,4,4,4,4,
........
#111111111111
#assigned_pet=-1,-1,-1,-1,-1,-1,-1,-1,
#assigned_hub=6,7,-1,0,5,3,4,8,
#moving_targetting_pos=26,6|26,16|25,30|6,6|16,26|16,6|16,16|26,26|
#setting_targetting_pos=-1,-1|-1,-1|25,1|-1,-1|-1,-1|-1,-1|-1,-1|-1,-1|
#type=4,4,0,4,4,4,4,4,
........
#111111111111
#assigned_pet=-1,-1,-1,-1,-1,-1,-1,-1,
#assigned_hub=6,7,-1,0,5,3,4,8,
#moving_targetting_pos=26,6|26,16|25,30|6,6|16,26|16,6|16,16|26,26|
#setting_targetting_pos=-1,-1|-1,-1|25,1|-1,-1|-1,-1|-1,-1|-1,-1|-1,-1|
#type=4,4,0,4,4,4,4,4,
........
#111111111111
#assigned_pet=-1,-1,-1,-1,-1,-1,-1,-1,
#assigned_hub=6,7,-1,0,5,3,4,8,
#moving_targetting_pos=26,6|26,16|25,30|6,6|16,26|16,6|16,16|26,26|
#setting_targetting_pos=-1,-1|-1,-1|25,1|-1,-1|-1,-1|-1,-1|-1,-1|-1,-1|
#type=4,4,0,4,4,4,4,4,
........
#111111111111
#assigned_pet=-1,-1,-1,-1,-1,-1,-1,-1,
#assigned_hub=6,7,-1,0,5,3,4,8,
#moving_targetting_pos=26,6|26,16|25,30|6,6|16,26|16,6|16,16|26,26|
#setting_targetting_pos=-1,-1|-1,-1|25,1|-1,-1|-1,-1|-1,-1|-1,-1|-1,-1|
#type=4,4,0,4,4,4,4,4,
........
#111111111111
#assigned_pet=-1,-1,-1,-1,-1,-1,-1,-1,
#assigned_hub=6,7,-1,0,5,3,4,8,
#moving_targetting_pos=26,6|26,16|25,30|6,6|16,26|16,6|16,16|26,26|
#setting_targetting_pos=-1,-1|-1,-1|25,1|-1,-1|-1,-1|-1,-1|-1,-1|-1,-1|
#type=4,4,0,4,4,4,4,4,
........
#111111111111
#assigned_pet=-1,-1,-1,-1,-1,-1,-1,-1,
#assigned_hub=6,7,-1,0,5,3,4,8,
#moving_targetting_pos=26,6|26,16|25,30|6,6|16,26|16,6|16,16|26,26|
#setting_targetting_pos=-1,-1|-1,-1|25,1|-1,-1|-1,-1|-1,-1|-1,-1|-1,-1|
#type=4,4,0,4,4,4,4,4,
........
#111111111111
#assigned_pet=-1,-1,-1,-1,-1,-1,-1,-1,
#assigned_hub=6,7,-1,0,5,3,4,8,
#moving_targetting_pos=26,6|26,16|25,30|6,6|16,26|16,6|16,16|26,26|
#setting_targetting_pos=-1,-1|-1,-1|25,1|-1,-1|-1,-1|-1,-1|-1,-1|-1,-1|
#type=4,4,0,4,4,4,4,4,
........
#111111111111
#assigned_pet=-1,-1,-1,-1,-1,-1,-1,-1,
#assigned_hub=6,7,-1,0,5,3,4,8,
#moving_targetting_pos=26,6|26,16|25,30|6,6|16,26|16,6|16,16|26,26|
#setting_targetting_pos=-1,-1|-1,-1|25,1|-1,-1|-1,-1|-1,-1|-1,-1|-1,-1|
#type=4,4,0,4,4,4,4,4,
........
#111111111111
#assigned_pet=-1,-1,-1,-1,-1,-1,-1,-1,
#assigned_hub=6,7,-1,0,5,3,4,8,
#moving_targetting_pos=26,6|26,16|25,30|6,6|16,26|16,6|16,16|26,26|
#setting_targetting_pos=-1,-1|-1,-1|25,1|-1,-1|-1,-1|-1,-1|-1,-1|-1,-1|
#type=4,4,0,4,4,4,4,4,
........
#111111111111
#assigned_pet=-1,-1,-1,-1,-1,-1,-1,-1,
#assigned_hub=6,7,-1,0,5,3,4,8,
#moving_targetting_pos=26,6|26,16|25,30|6,6|16,26|16,6|16,16|26,26|
#setting_targetting_pos=-1,-1|-1,-1|25,1|-1,-1|-1,-1|-1,-1|-1,-1|-1,-1|
#type=4,4,0,4,4,4,4,4,
........
#111111111111
#assigned_pet=-1,-1,-1,-1,-1,-1,-1,-1,
#assigned_hub=6,7,-1,0,5,3,4,8,
#moving_targetting_pos=26,6|26,16|25,30|6,6|16,26|16,6|16,16|26,26|
#setting_targetting_pos=-1,-1|-1,-1|25,1|-1,-1|-1,-1|-1,-1|-1,-1|-1,-1|
#type=4,4,0,4,4,4,4,4,
........
#111111111111
#assigned_pet=-1,-1,-1,-1,-1,-1,-1,-1,
#assigned_hub=6,7,-1,0,5,3,4,8,
#moving_targetting_pos=26,6|26,16|25,30|6,6|16,26|16,6|16,16|26,26|
#setting_targetting_pos=-1,-1|-1,-1|25,1|-1,-1|-1,-1|-1,-1|-1,-1|-1,-1|
#type=4,4,0,4,4,4,4,4,
........
#111111111111
#assigned_pet=-1,-1,-1,-1,-1,-1,-1,-1,
#assigned_hub=6,7,-1,0,5,3,4,8,
#moving_targetting_pos=26,6|26,16|25,30|6,6|16,26|16,6|16,16|26,26|
#setting_targetting_pos=-1,-1|-1,-1|25,1|-1,-1|-1,-1|-1,-1|-1,-1|-1,-1|
#type=4,4,0,4,4,4,4,4,
........
#111111111111
#assigned_pet=-1,-1,-1,-1,-1,-1,-1,-1,
#assigned_hub=6,7,-1,0,5,3,4,8,
#moving_targetting_pos=26,6|26,16|25,30|6,6|16,26|16,6|16,16|26,26|
#setting_targetting_pos=-1,-1|-1,-1|25,1|-1,-1|-1,-1|-1,-1|-1,-1|-1,-1|
#type=4,4,0,4,4,4,4,4,
........
#111111111111
#assigned_pet=-1,-1,-1,-1,-1,-1,-1,-1,
#assigned_hub=6,7,-1,0,5,3,4,8,
#moving_targetting_pos=26,6|26,16|25,30|6,6|16,26|16,6|16,16|26,26|
#setting_targetting_pos=-1,-1|-1,-1|25,1|-1,-1|-1,-1|-1,-1|-1,-1|-1,-1|
#type=4,4,0,4,4,4,4,4,
........
#111111111111
#assigned_pet=-1,-1,-1,-1,-1,-1,-1,-1,
#assigned_hub=6,7,-1,0,5,3,4,8,
#moving_targetting_pos=26,6|26,16|25,30|6,6|16,26|16,6|16,16|26,26|
#setting_targetting_pos=-1,-1|-1,-1|25,1|-1,-1|-1,-1|-1,-1|-1,-1|-1,-1|
#type=4,4,0,4,4,4,4,4,
........
#111111111111
#assigned_pet=-1,-1,-1,-1,-1,-1,-1,-1,
#assigned_hub=6,7,-1,0,5,3,4,8,
#moving_targetting_pos=26,6|26,16|25,30|6,6|16,26|16,6|16,16|26,26|
#setting_targetting_pos=-1,-1|-1,-1|25,1|-1,-1|-1,-1|-1,-1|-1,-1|-1,-1|
#type=4,4,0,4,4,4,4,4,
........
#111111111111
#assigned_pet=-1,-1,-1,-1,-1,-1,-1,-1,
#assigned_hub=6,7,-1,0,5,3,4,8,
#moving_targetting_pos=26,6|26,16|25,30|6,6|16,26|16,6|16,16|26,26|
#setting_targetting_pos=-1,-1|-1,-1|25,1|-1,-1|-1,-1|-1,-1|-1,-1|-1,-1|
#type=4,4,0,4,4,4,4,4,
........
#111111111111
#assigned_pet=-1,-1,-1,-1,-1,-1,-1,-1,
#assigned_hub=6,7,-1,0,5,3,4,8,
#moving_targetting_pos=26,6|26,16|25,30|6,6|16,26|16,6|16,16|26,26|
#setting_targetting_pos=-1,-1|-1,-1|25,1|-1,-1|-1,-1|-1,-1|-1,-1|-1,-1|
#type=4,4,0,4,4,4,4,4,
........
#111111111111
#assigned_pet=-1,-1,-1,-1,-1,-1,-1,-1,
#assigned_hub=6,7,-1,0,5,3,4,8,
#moving_targetting_pos=26,6|26,16|25,30|6,6|16,26|16,6|16,16|26,26|
#setting_targetting_pos=-1,-1|-1,-1|25,1|-1,-1|-1,-1|-1,-1|-1,-1|-1,-1|
#type=4,4,0,4,4,4,4,4,
........
#111111111111
#assigned_pet=-1,-1,-1,-1,-1,-1,-1,-1,
#assigned_hub=6,7,-1,0,5,3,4,8,
#moving_targetting_pos=26,6|26,16|25,30|6,6|16,26|16,6|16,16|26,26|
#setting_targetting_pos=-1,-1|-1,-1|25,1|-1,-1|-1,-1|-1,-1|-1,-1|-1,-1|
#type=4,4,0,4,4,4,4,4,
........
#111111111111
#assigned_pet=-1,-1,-1,-1,-1,-1,-1,-1,
#assigned_hub=6,7,-1,0,5,3,4,8,
#moving_targetting_pos=26,6|26,16|25,30|6,6|16,26|16,6|16,16|26,26|
#setting_targetting_pos=-1,-1|-1,-1|25,1|-1,-1|-1,-1|-1,-1|-1,-1|-1,-1|
#type=4,4,0,4,4,4,4,4,
........
#111111111111
#assigned_pet=-1,-1,-1,-1,-1,-1,-1,-1,
#assigned_hub=6,7,-1,0,5,3,4,8,
#moving_targetting_pos=26,6|26,16|25,30|6,6|16,26|16,6|16,16|26,26|
#setting_targetting_pos=-1,-1|-1,-1|25,1|-1,-1|-1,-1|-1,-1|-1,-1|-1,-1|
#type=4,4,0,4,4,4,4,4,
........
#111111111111
#assigned_pet=-1,-1,-1,-1,-1,-1,-1,-1,
#assigned_hub=6,7,-1,0,5,3,4,8,
#moving_targetting_pos=26,6|26,16|25,30|6,6|16,26|16,6|16,16|26,26|
#setting_targetting_pos=-1,-1|-1,-1|25,1|-1,-1|-1,-1|-1,-1|-1,-1|-1,-1|
#type=4,4,0,4,4,4,4,4,
........
#111111111111
#assigned_pet=-1,-1,-1,-1,-1,-1,-1,-1,
#assigned_hub=6,7,-1,0,5,3,4,8,
#moving_targetting_pos=26,6|26,16|25,30|6,6|16,26|16,6|16,16|26,26|
#setting_targetting_pos=-1,-1|-1,-1|25,1|-1,-1|-1,-1|-1,-1|-1,-1|-1,-1|
#type=4,4,0,4,4,4,4,4,
........
#111111111111
#assigned_pet=-1,-1,-1,-1,-1,-1,-1,-1,
#assigned_hub=6,7,-1,0,5,3,4,8,
#moving_targetting_pos=26,6|26,16|25,30|6,6|16,26|16,6|16,16|26,26|
#setting_targetting_pos=-1,-1|-1,-1|25,1|-1,-1|-1,-1|-1,-1|-1,-1|-1,-1|
#type=4,4,0,4,4,4,4,4,
........
#111111111111
#assigned_pet=-1,-1,-1,-1,-1,-1,-1,-1,
#assigned_hub=6,7,-1,0,5,3,4,8,
#moving_targetting_pos=26,6|26,16|25,30|6,6|16,26|16,6|16,16|26,26|
#setting_targetting_pos=-1,-1|-1,-1|25,1|-1,-1|-1,-1|-1,-1|-1,-1|-1,-1|
#type=4,4,0,4,4,4,4,4,
........
#111111111111
#assigned_pet=-1,-1,-1,-1,-1,-1,-1,-1,
#assigned_hub=6,7,-1,0,5,3,4,8,
#moving_targetting_pos=26,6|26,16|25,30|6,6|16,26|16,6|16,16|26,26|
#setting_targetting_pos=-1,-1|-1,-1|25,1|-1,-1|-1,-1|-1,-1|-1,-1|-1,-1|
#type=4,4,0,4,4,4,4,4,
........
#111111111111
#assigned_pet=-1,-1,-1,-1,-1,-1,-1,-1,
#assigned_hub=6,7,-1,0,5,3,4,8,
#moving_targetting_pos=26,6|26,16|25,30|6,6|16,26|16,6|16,16|26,26|
#setting_targetting_pos=-1,-1|-1,-1|25,1|-1,-1|-1,-1|-1,-1|-1,-1|-1,-1|
#type=4,4,0,4,4,4,4,4,
........
#111111111111
#assigned_pet=-1,-1,-1,-1,-1,-1,-1,-1,
#assigned_hub=6,7,-1,0,5,3,4,8,
#moving_targetting_pos=26,6|26,16|25,30|6,6|16,26|16,6|16,16|26,26|
#setting_targetting_pos=-1,-1|-1,-1|25,1|-1,-1|-1,-1|-1,-1|-1,-1|-1,-1|
#type=4,4,0,4,4,4,4,4,
........
#111111111111
#assigned_pet=-1,-1,-1,-1,-1,-1,-1,-1,
#assigned_hub=6,7,-1,0,5,3,4,8,
#moving_targetting_pos=26,6|26,16|25,30|6,6|16,26|16,6|16,16|26,26|
#setting_targetting_pos=-1,-1|-1,-1|25,1|-1,-1|-1,-1|-1,-1|-1,-1|-1,-1|
#type=4,4,0,4,4,4,4,4,
........
#111111111111
#assigned_pet=-1,-1,-1,-1,-1,-1,-1,-1,
#assigned_hub=6,7,-1,0,5,3,4,8,
#moving_targetting_pos=26,6|26,16|25,30|6,6|16,26|16,6|16,16|26,26|
#setting_targetting_pos=-1,-1|-1,-1|25,1|-1,-1|-1,-1|-1,-1|-1,-1|-1,-1|
#type=4,4,0,4,4,4,4,4,
........
#111111111111
#assigned_pet=-1,-1,-1,-1,-1,-1,-1,-1,
#assigned_hub=6,7,-1,0,5,3,4,8,
#moving_targetting_pos=26,6|26,16|25,30|6,6|16,26|16,6|16,16|26,26|
#setting_targetting_pos=-1,-1|-1,-1|25,1|-1,-1|-1,-1|-1,-1|-1,-1|-1,-1|
#type=4,4,0,4,4,4,4,4,
........
#111111111111
#assigned_pet=-1,-1,-1,-1,-1,-1,-1,-1,
#assigned_hub=6,7,-1,0,5,3,4,8,
#moving_targetting_pos=26,6|26,16|25,30|6,6|16,26|16,6|16,16|26,26|
#setting_targetting_pos=-1,-1|-1,-1|25,1|-1,-1|-1,-1|-1,-1|-1,-1|-1,-1|
#type=4,4,0,4,4,4,4,4,
........
#111111111111
#assigned_pet=-1,-1,-1,-1,-1,-1,-1,-1,
#assigned_hub=6,7,-1,0,5,3,4,8,
#moving_targetting_pos=26,6|26,16|25,30|6,6|16,26|16,6|16,16|26,26|
#setting_targetting_pos=-1,-1|-1,-1|25,1|-1,-1|-1,-1|-1,-1|-1,-1|-1,-1|
#type=4,4,0,4,4,4,4,4,
........
#111111111111
#assigned_pet=-1,-1,-1,-1,-1,-1,-1,-1,
#assigned_hub=6,7,-1,0,5,3,4,8,
#moving_targetting_pos=26,6|26,16|25,30|6,6|16,26|16,6|16,16|26,26|
#setting_targetting_pos=-1,-1|-1,-1|25,1|-1,-1|-1,-1|-1,-1|-1,-1|-1,-1|
#type=4,4,0,4,4,4,4,4,
........
#111111111111
#assigned_pet=-1,-1,-1,-1,-1,-1,-1,-1,
#assigned_hub=6,7,-1,0,5,3,4,8,
#moving_targetting_pos=26,6|26,16|25,30|6,6|16,26|16,6|16,16|26,26|
#setting_targetting_pos=-1,-1|-1,-1|25,1|-1,-1|-1,-1|-1,-1|-1,-1|-1,-1|
#type=4,4,0,4,4,4,4,4,
........
#111111111111
#assigned_pet=-1,-1,-1,-1,-1,-1,-1,-1,
#assigned_hub=6,7,-1,0,5,3,4,8,
#moving_targetting_pos=26,6|26,16|25,30|6,6|16,26|16,6|16,16|26,26|
#setting_targetting_pos=-1,-1|-1,-1|25,1|-1,-1|-1,-1|-1,-1|-1,-1|-1,-1|
#type=4,4,0,4,4,4,4,4,
........
#111111111111
#assigned_pet=-1,-1,-1,-1,-1,-1,-1,-1,
#assigned_hub=6,7,-1,0,5,3,4,8,
#moving_targetting_pos=26,6|26,16|25,30|6,6|16,26|16,6|16,16|26,26|
#setting_targetting_pos=-1,-1|-1,-1|25,1|-1,-1|-1,-1|-1,-1|-1,-1|-1,-1|
#type=4,4,0,4,4,4,4,4,
........
#111111111111
#assigned_pet=-1,-1,-1,-1,-1,-1,-1,-1,
#assigned_hub=6,7,-1,0,5,3,4,8,
#moving_targetting_pos=26,6|26,16|25,30|6,6|16,26|16,6|16,16|26,26|
#setting_targetting_pos=-1,-1|-1,-1|25,1|-1,-1|-1,-1|-1,-1|-1,-1|-1,-1|
#type=4,4,0,4,4,4,4,4,
........
#111111111111
#assigned_pet=-1,-1,-1,-1,-1,-1,-1,-1,
#assigned_hub=6,7,-1,0,5,3,4,8,
#moving_targetting_pos=26,6|26,16|25,30|6,6|16,26|16,6|16,16|26,26|
#setting_targetting_pos=-1,-1|-1,-1|25,1|-1,-1|-1,-1|-1,-1|-1,-1|-1,-1|
#type=4,4,0,4,4,4,4,4,
........
#111111111111
#assigned_pet=-1,-1,-1,-1,-1,-1,-1,-1,
#assigned_hub=6,7,-1,0,5,3,4,8,
#moving_targetting_pos=26,6|26,16|25,30|6,6|16,26|16,6|16,16|26,26|
#setting_targetting_pos=-1,-1|-1,-1|25,1|-1,-1|-1,-1|-1,-1|-1,-1|-1,-1|
#type=4,4,0,4,4,4,4,4,
........
#111111111111
#assigned_pet=-1,-1,-1,-1,-1,-1,-1,-1,
#assigned_hub=6,7,-1,0,5,3,4,8,
#moving_targetting_pos=26,6|26,16|25,30|6,6|16,26|16,6|16,16|26,26|
#setting_targetting_pos=-1,-1|-1,-1|25,1|-1,-1|-1,-1|-1,-1|-1,-1|-1,-1|
#type=4,4,0,4,4,4,4,4,
........
#111111111111
#assigned_pet=-1,-1,-1,-1,-1,-1,-1,-1,
#assigned_hub=6,7,-1,0,5,3,4,8,
#moving_targetting_pos=26,6|26,16|25,30|6,6|16,26|16,6|16,16|26,26|
#setting_targetting_pos=-1,-1|-1,-1|25,1|-1,-1|-1,-1|-1,-1|-1,-1|-1,-1|
#type=4,4,0,4,4,4,4,4,
........
#111111111111
#assigned_pet=-1,-1,-1,-1,-1,-1,-1,-1,
#assigned_hub=6,7,-1,0,5,3,4,8,
#moving_targetting_pos=26,6|26,16|25,30|6,6|16,26|16,6|16,16|26,26|
#setting_targetting_pos=-1,-1|-1,-1|25,1|-1,-1|-1,-1|-1,-1|-1,-1|-1,-1|
#type=4,4,0,4,4,4,4,4,
........
#111111111111
#assigned_pet=-1,-1,-1,-1,-1,-1,-1,-1,
#assigned_hub=6,7,-1,0,5,3,4,8,
#moving_targetting_pos=26,6|26,16|25,30|6,6|16,26|16,6|16,16|26,26|
#setting_targetting_pos=-1,-1|-1,-1|25,1|-1,-1|-1,-1|-1,-1|-1,-1|-1,-1|
#type=4,4,0,4,4,4,4,4,
........
#111111111111
#assigned_pet=-1,-1,-1,-1,-1,-1,-1,-1,
#assigned_hub=6,7,-1,0,5,3,4,8,
#moving_targetting_pos=26,6|26,16|25,30|6,6|16,26|16,6|16,16|26,26|
#setting_targetting_pos=-1,-1|-1,-1|25,1|-1,-1|-1,-1|-1,-1|-1,-1|-1,-1|
#type=4,4,0,4,4,4,4,4,
........
#111111111111
#assigned_pet=-1,-1,-1,-1,-1,-1,-1,-1,
#assigned_hub=6,7,-1,0,5,3,4,8,
#moving_targetting_pos=26,6|26,16|25,30|6,6|16,26|16,6|16,16|26,26|
#setting_targetting_pos=-1,-1|-1,-1|25,1|-1,-1|-1,-1|-1,-1|-1,-1|-1,-1|
#type=4,4,0,4,4,4,4,4,
........
#111111111111
#assigned_pet=-1,-1,-1,-1,-1,-1,-1,-1,
#assigned_hub=6,7,-1,0,5,3,4,8,
#moving_targetting_pos=26,6|26,16|25,30|6,6|16,26|16,6|16,16|26,26|
#setting_targetting_pos=-1,-1|-1,-1|25,1|-1,-1|-1,-1|-1,-1|-1,-1|-1,-1|
#type=4,4,0,4,4,4,4,4,
........
#111111111111
#assigned_pet=-1,-1,-1,-1,-1,-1,-1,-1,
#assigned_hub=6,7,-1,0,5,3,4,8,
#moving_targetting_pos=26,6|26,16|25,30|6,6|16,26|16,6|16,16|26,26|
#setting_targetting_pos=-1,-1|-1,-1|25,1|-1,-1|-1,-1|-1,-1|-1,-1|-1,-1|
#type=4,4,0,4,4,4,4,4,
........
#111111111111
#assigned_pet=-1,-1,-1,-1,-1,-1,-1,-1,
#assigned_hub=6,7,-1,0,5,3,4,8,
#moving_targetting_pos=26,6|26,16|25,30|6,6|16,26|16,6|16,16|26,26|
#setting_targetting_pos=-1,-1|-1,-1|25,1|-1,-1|-1,-1|-1,-1|-1,-1|-1,-1|
#type=4,4,0,4,4,4,4,4,
........
#111111111111
#assigned_pet=-1,-1,-1,-1,-1,-1,-1,-1,
#assigned_hub=6,7,-1,0,5,3,4,8,
#moving_targetting_pos=26,6|26,16|25,30|6,6|16,26|16,6|16,16|26,26|
#setting_targetting_pos=-1,-1|-1,-1|25,1|-1,-1|-1,-1|-1,-1|-1,-1|-1,-1|
#type=4,4,0,4,4,4,4,4,
........
#111111111111
#assigned_pet=-1,-1,-1,-1,-1,-1,-1,-1,
#assigned_hub=6,7,-1,0,5,3,4,8,
#moving_targetting_pos=26,6|26,16|25,30|6,6|16,26|16,6|16,16|26,26|
#setting_targetting_pos=-1,-1|-1,-1|25,1|-1,-1|-1,-1|-1,-1|-1,-1|-1,-1|
#type=4,4,0,4,4,4,4,4,
........
#111111111111
#assigned_pet=-1,-1,-1,-1,-1,-1,-1,-1,
#assigned_hub=6,7,-1,0,5,3,4,8,
#moving_targetting_pos=26,6|26,16|25,30|6,6|16,26|16,6|16,16|26,26|
#setting_targetting_pos=-1,-1|-1,-1|25,1|-1,-1|-1,-1|-1,-1|-1,-1|-1,-1|
#type=4,4,0,4,4,4,4,4,
........
#111111111111
#assigned_pet=-1,-1,-1,-1,-1,-1,-1,-1,
#assigned_hub=6,7,-1,0,5,3,4,8,
#moving_targetting_pos=26,6|26,16|25,30|6,6|16,26|16,6|16,16|26,26|
#setting_targetting_pos=-1,-1|-1,-1|25,1|-1,-1|-1,-1|-1,-1|-1,-1|-1,-1|
#type=4,4,0,4,4,4,4,4,
........
#111111111111
#assigned_pet=-1,-1,-1,-1,-1,-1,-1,-1,
#assigned_hub=6,7,-1,0,5,3,4,8,
#moving_targetting_pos=26,6|26,16|25,30|6,6|16,26|16,6|16,16|26,26|
#setting_targetting_pos=-1,-1|-1,-1|25,1|-1,-1|-1,-1|-1,-1|-1,-1|-1,-1|
#type=4,4,0,4,4,4,4,4,
........
#111111111111
#assigned_pet=-1,-1,-1,-1,-1,-1,-1,-1,
#assigned_hub=6,7,-1,0,5,3,4,8,
#moving_targetting_pos=26,6|26,16|25,30|6,6|16,26|16,6|16,16|26,26|
#setting_targetting_pos=-1,-1|-1,-1|25,1|-1,-1|-1,-1|-1,-1|-1,-1|-1,-1|
#type=4,4,0,4,4,4,4,4,
........
#111111111111
#assigned_pet=-1,-1,-1,-1,-1,-1,-1,-1,
#assigned_hub=6,7,-1,0,5,3,4,8,
#moving_targetting_pos=26,6|26,16|25,30|6,6|16,26|16,6|16,16|26,26|
#setting_targetting_pos=-1,-1|-1,-1|25,1|-1,-1|-1,-1|-1,-1|-1,-1|-1,-1|
#type=4,4,0,4,4,4,4,4,
........
#111111111111
#assigned_pet=-1,-1,-1,-1,-1,-1,-1,-1,
#assigned_hub=6,7,-1,0,5,3,4,8,
#moving_targetting_pos=26,6|26,16|25,30|6,6|16,26|16,6|16,16|26,26|
#setting_targetting_pos=-1,-1|-1,-1|25,1|-1,-1|-1,-1|-1,-1|-1,-1|-1,-1|
#type=4,4,0,4,4,4,4,4,
........
#111111111111
#assigned_pet=-1,-1,-1,-1,-1,-1,-1,-1,
#assigned_hub=6,7,-1,0,5,3,4,8,
#moving_targetting_pos=26,6|26,16|25,30|6,6|16,26|16,6|16,16|26,26|
#setting_targetting_pos=-1,-1|-1,-1|25,1|-1,-1|-1,-1|-1,-1|-1,-1|-1,-1|
#type=4,4,0,4,4,4,4,4,
........
#111111111111
#assigned_pet=-1,-1,-1,-1,-1,-1,-1,-1,
#assigned_hub=6,7,-1,0,5,3,4,8,
#moving_targetting_pos=26,6|26,16|25,30|6,6|16,26|16,6|16,16|26,26|
#setting_targetting_pos=-1,-1|-1,-1|25,1|-1,-1|-1,-1|-1,-1|-1,-1|-1,-1|
#type=4,4,0,4,4,4,4,4,
........
#111111111111
#assigned_pet=-1,-1,-1,-1,-1,-1,-1,-1,
#assigned_hub=6,7,-1,0,5,3,4,8,
#moving_targetting_pos=26,6|26,16|25,30|6,6|16,26|16,6|16,16|26,26|
#setting_targetting_pos=-1,-1|-1,-1|25,1|-1,-1|-1,-1|-1,-1|-1,-1|-1,-1|
#type=4,4,0,4,4,4,4,4,
........
#111111111111
#assigned_pet=-1,-1,-1,-1,-1,-1,-1,-1,
#assigned_hub=6,7,-1,0,5,3,4,8,
#moving_targetting_pos=26,6|26,16|25,30|6,6|16,26|16,6|16,16|26,26|
#setting_targetting_pos=-1,-1|-1,-1|25,1|-1,-1|-1,-1|-1,-1|-1,-1|-1,-1|
#type=4,4,0,4,4,4,4,4,
........
#111111111111
#assigned_pet=-1,-1,-1,-1,-1,-1,-1,-1,
#assigned_hub=6,7,-1,0,5,3,4,8,
#moving_targetting_pos=26,6|26,16|25,30|6,6|16,26|16,6|16,16|26,26|
#setting_targetting_pos=-1,-1|-1,-1|25,1|-1,-1|-1,-1|-1,-1|-1,-1|-1,-1|
#type=4,4,0,4,4,4,4,4,
........
#111111111111
#assigned_pet=-1,-1,-1,-1,-1,-1,-1,-1,
#assigned_hub=6,7,-1,0,5,3,4,8,
#moving_targetting_pos=26,6|26,16|25,30|6,6|16,26|16,6|16,16|26,26|
#setting_targetting_pos=-1,-1|-1,-1|25,1|-1,-1|-1,-1|-1,-1|-1,-1|-1,-1|
#type=4,4,0,4,4,4,4,4,
........
#111111111111
#assigned_pet=-1,-1,-1,-1,-1,-1,-1,-1,
#assigned_hub=6,7,-1,0,5,3,4,8,
#moving_targetting_pos=26,6|26,16|25,30|6,6|16,26|16,6|16,16|26,26|
#setting_targetting_pos=-1,-1|-1,-1|25,1|-1,-1|-1,-1|-1,-1|-1,-1|-1,-1|
#type=4,4,0,4,4,4,4,4,
........
#111111111111
#assigned_pet=-1,-1,-1,-1,-1,-1,-1,-1,
#assigned_hub=6,7,-1,0,5,3,4,8,
#moving_targetting_pos=26,6|26,16|25,30|6,6|16,26|16,6|16,16|26,26|
#setting_targetting_pos=-1,-1|-1,-1|25,1|-1,-1|-1,-1|-1,-1|-1,-1|-1,-1|
#type=4,4,0,4,4,4,4,4,
........
#111111111111
#assigned_pet=-1,-1,-1,-1,-1,-1,-1,-1,
#assigned_hub=6,7,-1,0,5,3,4,8,
#moving_targetting_pos=26,6|26,16|25,30|6,6|16,26|16,6|16,16|26,26|
#setting_targetting_pos=-1,-1|-1,-1|25,1|-1,-1|-1,-1|-1,-1|-1,-1|-1,-1|
#type=4,4,0,4,4,4,4,4,
........
#111111111111
#assigned_pet=-1,-1,-1,-1,-1,-1,-1,-1,
#assigned_hub=6,7,-1,0,5,3,4,8,
#moving_targetting_pos=26,6|26,16|25,30|6,6|16,26|16,6|16,16|26,26|
#setting_targetting_pos=-1,-1|-1,-1|25,1|-1,-1|-1,-1|-1,-1|-1,-1|-1,-1|
#type=4,4,0,4,4,4,4,4,
........
#111111111111
#assigned_pet=-1,-1,-1,-1,-1,-1,-1,-1,
#assigned_hub=6,7,-1,0,5,3,4,8,
#moving_targetting_pos=26,6|26,16|25,30|6,6|16,26|16,6|16,16|26,26|
#setting_targetting_pos=-1,-1|-1,-1|25,1|-1,-1|-1,-1|-1,-1|-1,-1|-1,-1|
#type=4,4,0,4,4,4,4,4,
........
#111111111111
#assigned_pet=-1,-1,-1,-1,-1,-1,-1,-1,
#assigned_hub=6,7,-1,0,5,3,4,8,
#moving_targetting_pos=26,6|26,16|25,30|6,6|16,26|16,6|16,16|26,26|
#setting_targetting_pos=-1,-1|-1,-1|25,1|-1,-1|-1,-1|-1,-1|-1,-1|-1,-1|
#type=4,4,0,4,4,4,4,4,
........
#111111111111
#assigned_pet=-1,-1,-1,-1,-1,-1,-1,-1,
#assigned_hub=6,7,-1,0,5,3,4,8,
#moving_targetting_pos=26,6|26,16|25,30|6,6|16,26|16,6|16,16|26,26|
#setting_targetting_pos=-1,-1|-1,-1|25,1|-1,-1|-1,-1|-1,-1|-1,-1|-1,-1|
#type=4,4,0,4,4,4,4,4,
........
#111111111111
#assigned_pet=-1,-1,-1,-1,-1,-1,-1,-1,
#assigned_hub=6,7,-1,0,5,3,4,8,
#moving_targetting_pos=26,6|26,16|25,30|6,6|16,26|16,6|16,16|26,26|
#setting_targetting_pos=-1,-1|-1,-1|25,1|-1,-1|-1,-1|-1,-1|-1,-1|-1,-1|
#type=4,4,0,4,4,4,4,4,
........
#111111111111
#assigned_pet=-1,-1,-1,-1,-1,-1,-1,-1,
#assigned_hub=6,7,-1,0,5,3,4,8,
#moving_targetting_pos=26,6|26,16|25,30|6,6|16,26|16,6|16,16|26,26|
#setting_targetting_pos=-1,-1|-1,-1|25,1|-1,-1|-1,-1|-1,-1|-1,-1|-1,-1|
#type=4,4,0,4,4,4,4,4,
........
#111111111111
#assigned_pet=-1,-1,-1,-1,-1,-1,-1,-1,
#assigned_hub=6,7,-1,0,5,3,4,8,
#moving_targetting_pos=26,6|26,16|25,30|6,6|16,26|16,6|16,16|26,26|
#setting_targetting_pos=-1,-1|-1,-1|25,1|-1,-1|-1,-1|-1,-1|-1,-1|-1,-1|
#type=4,4,0,4,4,4,4,4,
........
#111111111111
#assigned_pet=-1,-1,-1,-1,-1,-1,-1,-1,
#assigned_hub=6,7,-1,0,5,3,4,8,
#moving_targetting_pos=26,6|26,16|25,30|6,6|16,26|16,6|16,16|26,26|
#setting_targetting_pos=-1,-1|-1,-1|25,1|-1,-1|-1,-1|-1,-1|-1,-1|-1,-1|
#type=4,4,0,4,4,4,4,4,
........
#111111111111
#assigned_pet=-1,-1,-1,-1,-1,-1,-1,-1,
#assigned_hub=6,7,-1,0,5,3,4,8,
#moving_targetting_pos=26,6|26,16|25,30|6,6|16,26|16,6|16,16|26,26|
#setting_targetting_pos=-1,-1|-1,-1|25,1|-1,-1|-1,-1|-1,-1|-1,-1|-1,-1|
#type=4,4,0,4,4,4,4,4,
........
#111111111111
#assigned_pet=-1,-1,-1,-1,-1,-1,-1,-1,
#assigned_hub=6,7,-1,0,5,3,4,8,
#moving_targetting_pos=26,6|26,16|25,30|6,6|16,26|16,6|16,16|26,26|
#setting_targetting_pos=-1,-1|-1,-1|25,1|-1,-1|-1,-1|-1,-1|-1,-1|-1,-1|
#type=4,4,0,4,4,4,4,4,
........
#111111111111
#assigned_pet=-1,-1,-1,-1,-1,-1,-1,-1,
#assigned_hub=6,7,-1,0,5,3,4,8,
#moving_targetting_pos=26,6|26,16|25,30|6,6|16,26|16,6|16,16|26,26|
#setting_targetting_pos=-1,-1|-1,-1|25,1|-1,-1|-1,-1|-1,-1|-1,-1|-1,-1|
#type=4,4,0,4,4,4,4,4,
........
#111111111111
#assigned_pet=-1,-1,-1,-1,-1,-1,-1,-1,
#assigned_hub=6,7,-1,0,5,3,4,8,
#moving_targetting_pos=26,6|26,16|25,30|6,6|16,26|16,6|16,16|26,26|
#setting_targetting_pos=-1,-1|-1,-1|25,1|-1,-1|-1,-1|-1,-1|-1,-1|-1,-1|
#type=4,4,0,4,4,4,4,4,
........
#111111111111
#assigned_pet=-1,-1,-1,-1,-1,-1,-1,-1,
#assigned_hub=6,7,-1,0,5,3,4,8,
#moving_targetting_pos=26,6|26,16|25,30|6,6|16,26|16,6|16,16|26,26|
#setting_targetting_pos=-1,-1|-1,-1|25,1|-1,-1|-1,-1|-1,-1|-1,-1|-1,-1|
#type=4,4,0,4,4,4,4,4,
........
#111111111111
#assigned_pet=-1,-1,-1,-1,-1,-1,-1,-1,
#assigned_hub=6,7,-1,0,5,3,4,8,
#moving_targetting_pos=26,6|26,16|25,30|6,6|16,26|16,6|16,16|26,26|
#setting_targetting_pos=-1,-1|-1,-1|25,1|-1,-1|-1,-1|-1,-1|-1,-1|-1,-1|
#type=4,4,0,4,4,4,4,4,
........
#111111111111
#assigned_pet=-1,-1,-1,-1,-1,-1,-1,-1,
#assigned_hub=6,7,-1,0,5,3,4,8,
#moving_targetting_pos=26,6|26,16|25,30|6,6|16,26|16,6|16,16|26,26|
#setting_targetting_pos=-1,-1|-1,-1|25,1|-1,-1|-1,-1|-1,-1|-1,-1|-1,-1|
#type=4,4,0,4,4,4,4,4,
........
#111111111111
#assigned_pet=-1,-1,-1,-1,-1,-1,-1,-1,
#assigned_hub=6,7,-1,0,5,3,4,8,
#moving_targetting_pos=26,6|26,16|25,30|6,6|16,26|16,6|16,16|26,26|
#setting_targetting_pos=-1,-1|-1,-1|25,1|-1,-1|-1,-1|-1,-1|-1,-1|-1,-1|
#type=4,4,0,4,4,4,4,4,
........
#111111111111
#assigned_pet=-1,-1,-1,-1,-1,-1,-1,-1,
#assigned_hub=6,7,-1,0,5,3,4,8,
#moving_targetting_pos=26,6|26,16|25,30|6,6|16,26|16,6|16,16|26,26|
#setting_targetting_pos=-1,-1|-1,-1|25,1|-1,-1|-1,-1|-1,-1|-1,-1|-1,-1|
#type=4,4,0,4,4,4,4,4,
........
#111111111111
#assigned_pet=-1,-1,-1,-1,-1,-1,-1,-1,
#assigned_hub=6,7,-1,0,5,3,4,8,
#moving_targetting_pos=26,6|26,16|25,30|6,6|16,26|16,6|16,16|26,26|
#setting_targetting_pos=-1,-1|-1,-1|25,1|-1,-1|-1,-1|-1,-1|-1,-1|-1,-1|
#type=4,4,0,4,4,4,4,4,
........
#111111111111
#assigned_pet=-1,-1,-1,-1,-1,-1,-1,-1,
#assigned_hub=6,7,-1,0,5,3,4,8,
#moving_targetting_pos=26,6|26,16|25,30|6,6|16,26|16,6|16,16|26,26|
#setting_targetting_pos=-1,-1|-1,-1|25,1|-1,-1|-1,-1|-1,-1|-1,-1|-1,-1|
#type=4,4,0,4,4,4,4,4,
........
#111111111111
#assigned_pet=-1,-1,-1,-1,-1,-1,-1,-1,
#assigned_hub=6,7,-1,0,5,3,4,8,
#moving_targetting_pos=26,6|26,16|25,30|6,6|16,26|16,6|16,16|26,26|
#setting_targetting_pos=-1,-1|-1,-1|25,1|-1,-1|-1,-1|-1,-1|-1,-1|-1,-1|
#type=4,4,0,4,4,4,4,4,
........
#111111111111
#assigned_pet=-1,-1,-1,-1,-1,-1,-1,-1,
#assigned_hub=6,7,-1,0,5,3,4,8,
#moving_targetting_pos=26,6|26,16|25,30|6,6|16,26|16,6|16,16|26,26|
#setting_targetting_pos=-1,-1|-1,-1|25,1|-1,-1|-1,-1|-1,-1|-1,-1|-1,-1|
#type=4,4,0,4,4,4,4,4,
........
#111111111111
#assigned_pet=-1,-1,-1,-1,-1,-1,-1,-1,
#assigned_hub=6,7,-1,0,5,3,4,8,
#moving_targetting_pos=26,6|26,16|25,30|6,6|16,26|16,6|16,16|26,26|
#setting_targetting_pos=-1,-1|-1,-1|25,1|-1,-1|-1,-1|-1,-1|-1,-1|-1,-1|
#type=4,4,0,4,4,4,4,4,
........
#111111111111
#assigned_pet=-1,-1,-1,-1,-1,-1,-1,-1,
#assigned_hub=6,7,-1,0,5,3,4,8,
#moving_targetting_pos=26,6|26,16|25,30|6,6|16,26|16,6|16,16|26,26|
#setting_targetting_pos=-1,-1|-1,-1|25,1|-1,-1|-1,-1|-1,-1|-1,-1|-1,-1|
#type=4,4,0,4,4,4,4,4,
........
#111111111111
#assigned_pet=-1,-1,-1,-1,-1,-1,-1,-1,
#assigned_hub=6,7,-1,0,5,3,4,8,
#moving_targetting_pos=26,6|26,16|25,30|6,6|16,26|16,6|16,16|26,26|
#setting_targetting_pos=-1,-1|-1,-1|25,1|-1,-1|-1,-1|-1,-1|-1,-1|-1,-1|
#type=4,4,0,4,4,4,4,4,
........
#111111111111
#assigned_pet=-1,-1,-1,-1,-1,-1,-1,-1,
#assigned_hub=6,7,-1,0,5,3,4,8,
#moving_targetting_pos=26,6|26,16|25,30|6,6|16,26|16,6|16,16|26,26|
#setting_targetting_pos=-1,-1|-1,-1|25,1|-1,-1|-1,-1|-1,-1|-1,-1|-1,-1|
#type=4,4,0,4,4,4,4,4,
........
#111111111111
#assigned_pet=-1,-1,-1,-1,-1,-1,-1,-1,
#assigned_hub=6,7,-1,0,5,3,4,8,
#moving_targetting_pos=26,6|26,16|25,30|6,6|16,26|16,6|16,16|26,26|
#setting_targetting_pos=-1,-1|-1,-1|25,1|-1,-1|-1,-1|-1,-1|-1,-1|-1,-1|
#type=4,4,0,4,4,4,4,4,
........
#111111111111
#assigned_pet=-1,-1,-1,-1,-1,-1,-1,-1,
#assigned_hub=6,7,-1,0,5,3,4,8,
#moving_targetting_pos=26,6|26,16|25,30|6,6|16,26|16,6|16,16|26,26|
#setting_targetting_pos=-1,-1|-1,-1|25,1|-1,-1|-1,-1|-1,-1|-1,-1|-1,-1|
#type=4,4,0,4,4,4,4,4,
........
#111111111111
#assigned_pet=-1,-1,-1,-1,-1,-1,-1,-1,
#assigned_hub=6,7,-1,0,5,3,4,8,
#moving_targetting_pos=26,6|26,16|25,30|6,6|16,26|16,6|16,16|26,26|
#setting_targetting_pos=-1,-1|-1,-1|25,1|-1,-1|-1,-1|-1,-1|-1,-1|-1,-1|
#type=4,4,0,4,4,4,4,4,
........
#111111111111
#assigned_pet=-1,-1,-1,-1,-1,-1,-1,-1,
#assigned_hub=6,7,-1,0,5,3,4,8,
#moving_targetting_pos=26,6|26,16|25,30|6,6|16,26|16,6|16,16|26,26|
#setting_targetting_pos=-1,-1|-1,-1|25,1|-1,-1|-1,-1|-1,-1|-1,-1|-1,-1|
#type=4,4,0,4,4,4,4,4,
........
#111111111111
#assigned_pet=-1,-1,-1,-1,-1,-1,-1,-1,
#assigned_hub=6,7,-1,0,5,3,4,8,
#moving_targetting_pos=26,6|26,16|25,30|6,6|16,26|16,6|16,16|26,26|
#setting_targetting_pos=-1,-1|-1,-1|25,1|-1,-1|-1,-1|-1,-1|-1,-1|-1,-1|
#type=4,4,0,4,4,4,4,4,
........
#111111111111
#assigned_pet=-1,-1,-1,-1,-1,-1,-1,-1,
#assigned_hub=6,7,-1,0,5,3,4,8,
#moving_targetting_pos=26,6|26,16|25,30|6,6|16,26|16,6|16,16|26,26|
#setting_targetting_pos=-1,-1|-1,-1|25,1|-1,-1|-1,-1|-1,-1|-1,-1|-1,-1|
#type=4,4,0,4,4,4,4,4,
........
#111111111111
#assigned_pet=-1,-1,-1,-1,-1,-1,-1,-1,
#assigned_hub=6,7,-1,0,5,3,4,8,
#moving_targetting_pos=26,6|26,16|25,30|6,6|16,26|16,6|16,16|26,26|
#setting_targetting_pos=-1,-1|-1,-1|25,1|-1,-1|-1,-1|-1,-1|-1,-1|-1,-1|
#type=4,4,0,4,4,4,4,4,
........
#111111111111
#assigned_pet=-1,-1,-1,-1,-1,-1,-1,-1,
#assigned_hub=6,7,-1,0,5,3,4,8,
#moving_targetting_pos=26,6|26,16|25,30|6,6|16,26|16,6|16,16|26,26|
#setting_targetting_pos=-1,-1|-1,-1|25,1|-1,-1|-1,-1|-1,-1|-1,-1|-1,-1|
#type=4,4,0,4,4,4,4,4,
........
#111111111111
#assigned_pet=-1,-1,-1,-1,-1,-1,-1,-1,
#assigned_hub=6,7,-1,0,5,3,4,8,
#moving_targetting_pos=26,6|26,16|25,30|6,6|16,26|16,6|16,16|26,26|
#setting_targetting_pos=-1,-1|-1,-1|25,1|-1,-1|-1,-1|-1,-1|-1,-1|-1,-1|
#type=4,4,0,4,4,4,4,4,
........
#111111111111
#assigned_pet=-1,-1,-1,-1,-1,-1,-1,-1,
#assigned_hub=6,7,-1,0,5,3,4,8,
#moving_targetting_pos=26,6|26,16|25,30|6,6|16,26|16,6|16,16|26,26|
#setting_targetting_pos=-1,-1|-1,-1|25,1|-1,-1|-1,-1|-1,-1|-1,-1|-1,-1|
#type=4,4,0,4,4,4,4,4,
........
#111111111111
#assigned_pet=-1,-1,-1,-1,-1,-1,-1,-1,
#assigned_hub=6,7,-1,0,5,3,4,8,
#moving_targetting_pos=26,6|26,16|25,30|6,6|16,26|16,6|16,16|26,26|
#setting_targetting_pos=-1,-1|-1,-1|25,1|-1,-1|-1,-1|-1,-1|-1,-1|-1,-1|
#type=4,4,0,4,4,4,4,4,
........
#111111111111
#assigned_pet=-1,-1,-1,-1,-1,-1,-1,-1,
#assigned_hub=6,7,-1,0,5,3,4,8,
#moving_targetting_pos=26,6|26,16|25,30|6,6|16,26|16,6|16,16|26,26|
#setting_targetting_pos=-1,-1|-1,-1|25,1|-1,-1|-1,-1|-1,-1|-1,-1|-1,-1|
#type=4,4,0,4,4,4,4,4,
........
#111111111111
#assigned_pet=-1,-1,-1,-1,-1,-1,-1,-1,
#assigned_hub=6,7,-1,0,5,3,4,8,
#moving_targetting_pos=26,6|26,16|25,30|6,6|16,26|16,6|16,16|26,26|
#setting_targetting_pos=-1,-1|-1,-1|25,1|-1,-1|-1,-1|-1,-1|-1,-1|-1,-1|
#type=4,4,0,4,4,4,4,4,
........
#111111111111
#assigned_pet=-1,-1,-1,-1,-1,-1,-1,-1,
#assigned_hub=6,7,-1,0,5,3,4,8,
#moving_targetting_pos=26,6|26,16|25,30|6,6|16,26|16,6|16,16|26,26|
#setting_targetting_pos=-1,-1|-1,-1|25,1|-1,-1|-1,-1|-1,-1|-1,-1|-1,-1|
#type=4,4,0,4,4,4,4,4,
........
#111111111111
#assigned_pet=-1,-1,-1,-1,-1,-1,-1,-1,
#assigned_hub=6,7,-1,0,5,3,4,8,
#moving_targetting_pos=26,6|26,16|25,30|6,6|16,26|16,6|16,16|26,26|
#setting_targetting_pos=-1,-1|-1,-1|25,1|-1,-1|-1,-1|-1,-1|-1,-1|-1,-1|
#type=4,4,0,4,4,4,4,4,
........
#111111111111
#assigned_pet=-1,-1,-1,-1,-1,-1,-1,-1,
#assigned_hub=6,7,-1,0,5,3,4,8,
#moving_targetting_pos=26,6|26,16|25,30|6,6|16,26|16,6|16,16|26,26|
#setting_targetting_pos=-1,-1|-1,-1|25,1|-1,-1|-1,-1|-1,-1|-1,-1|-1,-1|
#type=4,4,0,4,4,4,4,4,
........
#111111111111
#assigned_pet=-1,-1,-1,-1,-1,-1,-1,-1,
#assigned_hub=6,7,-1,0,5,3,4,8,
#moving_targetting_pos=26,6|26,16|25,30|6,6|16,26|16,6|16,16|26,26|
#setting_targetting_pos=-1,-1|-1,-1|25,1|-1,-1|-1,-1|-1,-1|-1,-1|-1,-1|
#type=4,4,0,4,4,4,4,4,
........
#111111111111
#assigned_pet=-1,-1,-1,-1,-1,-1,-1,-1,
#assigned_hub=6,7,-1,0,5,3,4,8,
#moving_targetting_pos=26,6|26,16|25,30|6,6|16,26|16,6|16,16|26,26|
#setting_targetting_pos=-1,-1|-1,-1|25,1|-1,-1|-1,-1|-1,-1|-1,-1|-1,-1|
#type=4,4,0,4,4,4,4,4,
........
#111111111111
#assigned_pet=-1,-1,-1,-1,-1,-1,-1,-1,
#assigned_hub=6,7,-1,0,5,3,4,8,
#moving_targetting_pos=26,6|26,16|25,30|6,6|16,26|16,6|16,16|26,26|
#setting_targetting_pos=-1,-1|-1,-1|25,1|-1,-1|-1,-1|-1,-1|-1,-1|-1,-1|
#type=4,4,0,4,4,4,4,4,
........
#111111111111
#assigned_pet=-1,-1,-1,-1,-1,-1,-1,-1,
#assigned_hub=6,7,-1,0,5,3,4,8,
#moving_targetting_pos=26,6|26,16|25,30|6,6|16,26|16,6|16,16|26,26|
#setting_targetting_pos=-1,-1|-1,-1|25,1|-1,-1|-1,-1|-1,-1|-1,-1|-1,-1|
#type=4,4,0,4,4,4,4,4,
........
