#000000000000000
#assigned_pet=-1,-1,-1,-1,-1,-1,-1,-1,
#assigned_hub=-1,-1,-1,-1,-1,-1,-1,-1,
#moving_targetting_pos=12,29|25,30|22,1|5,30|19,30|9,2|15,30|2,29|
#setting_targetting_pos=12,1|25,1|22,29|5,1|19,2|9,30|15,1|2,1|
#type=1,1,1,1,1,1,1,1,
LRLDRDRR
#000000000000000
#assigned_pet=-1,-1,-1,-1,-1,-1,-1,-1,
#assigned_hub=-1,-1,-1,-1,-1,-1,-1,-1,
#moving_targetting_pos=12,29|25,30|22,1|5,30|19,30|9,2|15,30|2,29|
#setting_targetting_pos=12,1|25,1|22,29|5,1|19,2|9,30|15,1|2,1|
#type=2,1,1,2,1,1,1,1,
rRLdRDRR
#000000000000000
#assigned_pet=-1,-1,-1,-1,-1,-1,-1,-1,
#assigned_hub=-1,-1,-1,-1,-1,-1,-1,-1,
#moving_targetting_pos=12,29|25,30|22,1|5,30|19,30|9,2|15,30|2,29|
#setting_targetting_pos=12,1|25,1|22,29|5,1|19,2|9,30|15,1|2,1|
#type=2,1,1,2,1,2,1,1,
dRLLRdRR
#000000000000000
#assigned_pet=-1,-1,-1,-1,-1,-1,-1,-1,
#assigned_hub=-1,-1,-1,-1,-1,-1,-1,-1,
#moving_targetting_pos=12,29|25,30|22,1|5,30|19,30|9,2|15,30|2,29|
#setting_targetting_pos=12,1|25,1|22,29|5,1|19,2|9,30|15,1|2,1|
#type=2,1,1,2,1,2,1,1,
LRLdRRDR
#000000000000000
#assigned_pet=-1,-1,-1,-1,-1,-1,-1,-1,
#assigned_hub=-1,-1,-1,-1,-1,-1,-1,-1,
#moving_targetting_pos=12,29|25,30|22,1|5,30|19,30|9,2|15,30|2,29|
#setting_targetting_pos=12,1|25,1|22,29|5,1|19,2|9,30|15,1|2,1|
#type=2,1,1,2,1,2,2,1,
LRLLRRdR
#000000000000000
#assigned_pet=-1,-1,-1,-1,-1,-1,-1,-1,
#assigned_hub=-1,-1,-1,-1,-1,-1,-1,-1,
#moving_targetting_pos=12,29|25,30|22,1|5,30|19,30|9,2|15,30|2,29|
#setting_targetting_pos=12,1|25,1|22,29|5,1|19,2|9,30|15,1|2,1|
#type=2,1,1,2,1,2,2,1,
LRLuRlLR
#000000000000000
#assigned_pet=-1,-1,-1,-1,-1,-1,-1,-1,
#assigned_hub=-1,-1,-1,-1,-1,-1,-1,-1,
#moving_targetting_pos=12,29|25,30|22,1|5,30|19,30|9,2|15,30|2,29|
#setting_targetting_pos=12,1|25,1|22,29|5,1|19,2|9,30|15,1|2,1|
#type=2,1,1,2,1,2,2,1,
dRLLRudR
#000000000000000
#assigned_pet=-1,-1,-1,-1,-1,-1,-1,-1,
#assigned_hub=-1,-1,-1,-1,-1,-1,-1,-1,
#moving_targetting_pos=12,29|25,30|22,1|5,30|19,30|9,2|15,30|2,29|
#setting_targetting_pos=12,1|25,1|22,29|5,1|19,2|9,30|15,1|2,1|
#type=2,1,1,2,1,2,2,1,
uRLLURLR
#000000000000000
#assigned_pet=-1,-1,-1,-1,-1,-1,-1,-1,
#assigned_hub=-1,-1,-1,-1,-1,-1,-1,-1,
#moving_targetting_pos=12,29|25,30|22,1|5,30|19,30|9,2|15,30|2,29|
#setting_targetting_pos=12,1|25,1|22,29|5,1|19,2|9,30|15,1|2,1|
#type=2,1,1,2,1,2,2,1,
LRULURuU
#000000000000000
#assigned_pet=-1,-1,-1,-1,-1,-1,-1,-1,
#assigned_hub=-1,-1,-1,-1,-1,-1,-1,-1,
#moving_targetting_pos=12,29|25,30|22,1|5,30|19,30|9,2|15,30|2,29|
#setting_targetting_pos=12,1|25,1|22,29|5,1|19,2|9,30|15,1|2,1|
#type=2,1,2,2,1,2,2,1,
rRuLUdLL
#000000000000000
#assigned_pet=-1,-1,-1,-1,-1,-1,-1,-1,
#assigned_hub=-1,-1,-1,-1,-1,-1,-1,-1,
#moving_targetting_pos=12,29|25,30|22,1|5,30|19,30|9,2|15,30|2,29|
#setting_targetting_pos=12,1|25,1|22,29|5,1|19,2|9,30|15,1|2,1|
#type=2,1,2,2,2,2,2,1,
LRRudRLU
#000000000000000
#assigned_pet=-1,-1,-1,-1,-1,-1,-1,-1,
#assigned_hub=-1,-1,-1,-1,-1,-1,-1,-1,
#moving_targetting_pos=12,29|25,30|22,1|5,30|19,30|9,2|15,30|2,29|
#setting_targetting_pos=12,1|25,1|22,29|5,1|19,2|9,30|15,1|2,1|
#type=2,1,2,2,2,2,2,1,
LRRLLlLU
#000000000000000
#assigned_pet=-1,-1,-1,-1,-1,-1,-1,-1,
#assigned_hub=-1,-1,-1,-1,-1,-1,-1,-1,
#moving_targetting_pos=12,29|25,30|22,1|5,30|19,30|9,2|15,30|2,29|
#setting_targetting_pos=12,1|25,1|22,29|5,1|19,2|9,30|15,1|2,1|
#type=2,1,2,2,2,2,2,1,
dRldLRLR
#000000000000000
#assigned_pet=-1,-1,-1,-1,-1,-1,-1,-1,
#assigned_hub=-1,-1,-1,-1,-1,-1,-1,-1,
#moving_targetting_pos=12,29|25,30|22,1|5,30|19,30|9,2|15,30|2,29|
#setting_targetting_pos=12,1|25,1|22,29|5,1|19,2|9,30|15,1|2,1|
#type=2,2,2,2,2,2,2,1,
LddL.uuU
#000000000000000
#assigned_pet=-1,-1,-1,-1,-1,-1,-1,-1,
#assigned_hub=-1,-1,-1,-1,-1,-1,-1,-1,
#moving_targetting_pos=12,29|25,30|22,1|5,30|19,30|9,2|15,30|2,29|
#setting_targetting_pos=12,1|25,1|22,29|5,1|19,2|9,30|15,1|2,1|
#type=2,2,2,2,2,2,2,1,
LLRdrRLU
#000000000000000
#assigned_pet=-1,-1,-1,-1,-1,-1,-1,-1,
#assigned_hub=-1,-1,-1,-1,-1,-1,-1,-1,
#moving_targetting_pos=12,29|25,30|22,1|5,30|19,30|9,2|15,30|2,29|
#setting_targetting_pos=12,1|25,1|22,29|5,1|19,2|9,30|15,1|2,1|
#type=2,2,2,2,2,2,2,1,
rdRLuRdU
#000000000000000
#assigned_pet=-1,-1,-1,-1,-1,-1,-1,-1,
#assigned_hub=-1,-1,-1,-1,-1,-1,-1,-1,
#moving_targetting_pos=12,29|25,30|22,1|5,30|19,30|9,2|15,30|2,29|
#setting_targetting_pos=12,1|25,1|22,29|5,1|19,2|9,30|15,1|2,1|
#type=2,2,2,2,2,2,2,1,
uLRdLlLU
#000000000000000
#assigned_pet=-1,-1,-1,-1,-1,-1,-1,-1,
#assigned_hub=-1,-1,-1,-1,-1,-1,-1,-1,
#moving_targetting_pos=12,29|25,30|22,1|5,30|19,30|9,2|15,30|2,29|
#setting_targetting_pos=12,1|25,1|22,29|5,1|19,2|9,30|15,1|2,1|
#type=2,2,2,2,2,2,2,1,
L.dLLddU
#000000000000000
#assigned_pet=-1,-1,-1,-1,-1,-1,-1,-1,
#assigned_hub=-1,-1,-1,-1,-1,-1,-1,-1,
#moving_targetting_pos=12,29|25,30|22,1|5,30|19,30|9,2|15,30|2,29|
#setting_targetting_pos=12,1|25,1|22,29|5,1|19,2|9,30|15,1|2,1|
#type=2,2,2,2,2,2,2,1,
Luud.RLU
#000000000000000
#assigned_pet=-1,-1,-1,-1,-1,-1,-1,-1,
#assigned_hub=-1,-1,-1,-1,-1,-1,-1,-1,
#moving_targetting_pos=12,29|25,30|22,1|5,30|19,30|9,2|15,30|2,29|
#setting_targetting_pos=12,1|25,1|22,29|5,1|19,2|9,30|15,1|2,1|
#type=2,2,2,2,2,2,2,1,
rLRL.RdU
#000000000000000
#assigned_pet=-1,-1,-1,-1,-1,-1,-1,-1,
#assigned_hub=-1,-1,-1,-1,-1,-1,-1,-1,
#moving_targetting_pos=12,29|25,30|22,1|5,30|19,30|9,2|15,30|2,29|
#setting_targetting_pos=12,1|25,1|22,29|5,1|19,2|9,30|15,1|2,1|
#type=2,2,2,2,2,2,2,1,
dLldddLU
#000000000000000
#assigned_pet=-1,-1,-1,-1,-1,-1,-1,-1,
#assigned_hub=-1,-1,-1,-1,-1,-1,-1,-1,
#moving_targetting_pos=12,29|25,30|22,1|5,30|19,30|9,2|15,30|2,29|
#setting_targetting_pos=12,1|25,1|22,29|5,1|19,2|9,30|15,1|2,1|
#type=2,2,2,2,2,2,2,1,
LLRLLRdR
#000000000000000
#assigned_pet=-1,-1,-1,-1,-1,-1,-1,-1,
#assigned_hub=-1,-1,-1,-1,-1,-1,-1,-1,
#moving_targetting_pos=12,29|25,30|22,1|5,30|19,30|9,2|15,30|2,29|
#setting_targetting_pos=12,1|25,1|22,29|5,1|19,2|9,30|15,1|2,1|
#type=2,2,2,2,2,2,2,1,
LLR.rRLU
#000000000000000
#assigned_pet=-1,-1,-1,-1,-1,-1,-1,-1,
#assigned_hub=-1,-1,-1,-1,-1,-1,-1,-1,
#moving_targetting_pos=12,29|25,30|22,1|5,30|19,30|9,2|15,30|2,29|
#setting_targetting_pos=12,1|25,1|22,29|5,1|19,2|9,30|15,1|2,1|
#type=2,2,2,2,2,2,2,1,
Lud.Ll.U
#000000000000000
#assigned_pet=-1,-1,-1,-1,-1,-1,-1,-1,
#assigned_hub=-1,-1,-1,-1,-1,-1,-1,-1,
#moving_targetting_pos=12,29|25,30|22,1|5,30|19,30|9,2|15,30|2,29|
#setting_targetting_pos=12,1|25,1|22,29|5,1|19,2|9,30|15,1|2,1|
#type=2,2,2,2,2,2,2,1,
uLR.uudU
#000000000000000
#assigned_pet=-1,-1,-1,-1,-1,-1,-1,-1,
#assigned_hub=-1,-1,-1,-1,-1,-1,-1,-1,
#moving_targetting_pos=12,29|25,30|22,1|5,30|19,30|9,2|15,30|2,29|
#setting_targetting_pos=12,1|25,1|22,29|5,1|19,2|9,30|15,1|2,1|
#type=2,2,2,2,2,2,2,2,
ddRuLRLd
#000000000000000
#assigned_pet=-1,-1,-1,-1,-1,-1,-1,-1,
#assigned_hub=-1,-1,-1,-1,-1,-1,-1,-1,
#moving_targetting_pos=12,29|25,30|22,1|5,30|19,30|9,2|15,30|2,29|
#setting_targetting_pos=12,1|25,1|22,29|5,1|19,2|9,30|15,1|2,1|
#type=2,2,2,2,2,2,2,2,
LLlLLRur
#000000000000000
#assigned_pet=-1,-1,-1,-1,-1,-1,-1,-1,
#assigned_hub=-1,-1,-1,-1,-1,-1,-1,-1,
#moving_targetting_pos=12,29|25,30|22,1|5,30|19,30|9,2|15,30|2,29|
#setting_targetting_pos=12,1|25,1|22,29|5,1|19,2|9,30|15,1|2,1|
#type=2,2,2,2,2,2,2,2,
rd.LrdLL
#000000000000000
#assigned_pet=-1,-1,-1,-1,-1,-1,-1,-1,
#assigned_hub=-1,-1,-1,-1,-1,-1,-1,-1,
#moving_targetting_pos=12,29|25,30|22,1|5,30|19,30|9,2|15,30|2,29|
#setting_targetting_pos=12,1|25,1|22,29|5,1|19,2|9,30|15,1|2,1|
#type=2,2,2,2,2,2,2,2,
LLuLdRLL
#000000000000000
#assigned_pet=-1,-1,-1,-1,-1,-1,-1,-1,
#assigned_hub=-1,-1,-1,-1,-1,-1,-1,-1,
#moving_targetting_pos=12,29|25,30|22,1|5,30|19,30|9,2|15,30|2,29|
#setting_targetting_pos=12,1|25,1|22,29|5,1|19,2|9,30|15,1|2,1|
#type=2,2,2,2,2,2,2,2,
LdRLLlLL
#000000000000000
#assigned_pet=-1,-1,-1,-1,-1,-1,-1,-1,
#assigned_hub=-1,-1,-1,-1,-1,-1,-1,-1,
#moving_targetting_pos=12,29|25,30|22,1|5,30|19,30|9,2|15,30|2,29|
#setting_targetting_pos=12,1|25,1|22,29|5,1|19,2|9,30|15,1|2,1|
#type=2,2,2,2,2,2,2,2,
dLRuLRLd
#000000000000000
#assigned_pet=-1,-1,-1,-1,-1,-1,-1,-1,
#assigned_hub=-1,-1,-1,-1,-1,-1,-1,-1,
#moving_targetting_pos=12,29|25,30|22,1|5,30|19,30|9,2|15,30|2,29|
#setting_targetting_pos=12,1|25,1|22,29|5,1|19,2|9,30|15,1|2,1|
#type=2,2,2,2,2,2,2,2,
Ld.Lduuu
#000000000000000
#assigned_pet=-1,-1,-1,-1,-1,-1,-1,-1,
#assigned_hub=-1,-1,-1,-1,-1,-1,-1,-1,
#moving_targetting_pos=12,29|25,30|22,1|5,30|19,30|9,2|15,30|2,29|
#setting_targetting_pos=12,1|25,1|22,29|5,1|19,2|9,30|15,1|2,1|
#type=2,2,2,2,2,2,2,2,
LLldLRLL
#000000000000000
#assigned_pet=-1,-1,-1,-1,-1,-1,-1,-1,
#assigned_hub=-1,-1,-1,-1,-1,-1,-1,-1,
#moving_targetting_pos=12,29|25,30|22,1|5,30|19,30|9,2|15,30|2,29|
#setting_targetting_pos=12,1|25,1|22,29|5,1|19,2|9,30|15,1|2,1|
#type=2,2,2,2,2,2,2,2,
rddLLR.r
#000000000000000
#assigned_pet=-1,-1,-1,-1,-1,-1,-1,-1,
#assigned_hub=-1,-1,-1,-1,-1,-1,-1,-1,
#moving_targetting_pos=12,29|25,30|22,1|5,30|19,30|9,2|15,30|2,29|
#setting_targetting_pos=12,1|25,1|22,29|5,1|19,2|9,30|15,1|2,1|
#type=2,2,2,2,2,2,2,2,
uLRdrldL
#000000000000000
#assigned_pet=-1,-1,-1,-1,-1,-1,-1,-1,
#assigned_hub=-1,-1,-1,-1,-1,-1,-1,-1,
#moving_targetting_pos=12,29|25,30|22,1|5,30|19,30|9,2|15,30|2,29|
#setting_targetting_pos=12,1|25,1|22,29|5,1|19,2|9,30|15,1|2,1|
#type=2,2,2,2,2,2,2,2,
LuRL.dLL
#000000000000000
#assigned_pet=-1,-1,-1,-1,-1,-1,-1,-1,
#assigned_hub=-1,-1,-1,-1,-1,-1,-1,-1,
#moving_targetting_pos=12,29|25,30|22,1|5,30|19,30|9,2|15,30|2,29|
#setting_targetting_pos=12,1|25,1|22,29|5,1|19,2|9,30|15,1|2,1|
#type=2,2,2,2,2,2,2,2,
LLRduRd.
#000000000000000
#assigned_pet=-1,-1,-1,-1,-1,-1,-1,-1,
#assigned_hub=-1,-1,-1,-1,-1,-1,-1,-1,
#moving_targetting_pos=12,29|25,30|22,1|5,30|19,30|9,2|15,30|2,29|
#setting_targetting_pos=12,1|25,1|22,29|5,1|19,2|9,30|15,1|2,1|
#type=2,2,2,2,2,2,2,2,
rLuLLRL.
#000000000000000
#assigned_pet=-1,-1,-1,-1,-1,-1,-1,-1,
#assigned_hub=-1,-1,-1,-1,-1,-1,-1,-1,
#moving_targetting_pos=12,29|25,30|22,1|5,30|19,30|9,2|15,30|2,29|
#setting_targetting_pos=12,1|25,1|22,29|5,1|19,2|9,30|15,1|2,1|
#type=2,2,2,2,2,2,2,2,
dLddLd..
#000000000000000
#assigned_pet=-1,-1,-1,-1,-1,-1,-1,-1,
#assigned_hub=-1,-1,-1,-1,-1,-1,-1,-1,
#moving_targetting_pos=12,29|25,30|22,1|5,30|19,30|9,2|15,30|2,29|
#setting_targetting_pos=12,1|25,1|22,29|5,1|19,2|9,30|15,1|2,1|
#type=2,2,2,2,2,2,2,2,
LLRLdR.d
#000000000000000
#assigned_pet=-1,-1,-1,-1,-1,-1,-1,-1,
#assigned_hub=-1,-1,-1,-1,-1,-1,-1,-1,
#moving_targetting_pos=12,29|25,30|22,1|5,30|19,30|9,2|15,30|2,29|
#setting_targetting_pos=12,1|25,1|22,29|5,1|19,2|9,30|15,1|2,1|
#type=2,2,2,2,2,2,2,2,
LuldLR.L
#000000000000000
#assigned_pet=-1,-1,-1,-1,-1,-1,-1,-1,
#assigned_hub=-1,-1,-1,-1,-1,-1,-1,-1,
#moving_targetting_pos=12,29|25,30|22,1|5,30|19,30|9,2|15,30|2,29|
#setting_targetting_pos=12,1|25,1|22,29|5,1|19,2|9,30|15,1|2,1|
#type=2,2,2,2,2,2,2,2,
LLRL.l.L
#000000000000000
#assigned_pet=-1,-1,-1,-1,-1,-1,-1,-1,
#assigned_hub=-1,-1,-1,-1,-1,-1,-1,-1,
#moving_targetting_pos=12,29|25,30|22,1|5,30|19,30|9,2|15,30|2,29|
#setting_targetting_pos=12,1|25,1|22,29|5,1|19,2|9,30|15,1|2,1|
#type=2,2,2,2,2,2,2,2,
ddRuru.r
#000000000000000
#assigned_pet=-1,-1,-1,-1,-1,-1,-1,-1,
#assigned_hub=-1,-1,-1,-1,-1,-1,-1,-1,
#moving_targetting_pos=12,29|25,30|22,1|5,30|19,30|9,2|15,30|2,29|
#setting_targetting_pos=12,1|25,1|22,29|5,1|19,2|9,30|15,1|2,1|
#type=2,2,2,2,2,2,2,2,
uL.LLR.u
#000000000000000
#assigned_pet=-1,-1,-1,-1,-1,-1,-1,-1,
#assigned_hub=-1,-1,-1,-1,-1,-1,-1,-1,
#moving_targetting_pos=12,29|25,30|22,1|5,30|19,30|9,2|15,30|2,29|
#setting_targetting_pos=12,1|25,1|22,29|5,1|19,2|9,30|15,1|2,1|
#type=2,2,2,2,2,2,2,2,
Ld.LuRdL
#000000000000000
#assigned_pet=-1,-1,-1,-1,-1,-1,-1,-1,
#assigned_hub=-1,-1,-1,-1,-1,-1,-1,-1,
#moving_targetting_pos=12,29|25,30|22,1|5,30|19,30|9,2|15,30|2,29|
#setting_targetting_pos=12,1|25,1|22,29|5,1|19,2|9,30|15,1|2,1|
#type=2,2,2,2,2,2,2,2,
rL.LLdLL
#000000000000000
#assigned_pet=-1,-1,-1,-1,-1,-1,-1,-1,
#assigned_hub=-1,-1,-1,-1,-1,-1,-1,-1,
#moving_targetting_pos=12,29|25,30|22,1|5,30|19,30|9,2|15,30|2,29|
#setting_targetting_pos=12,1|25,1|22,29|5,1|19,2|9,30|15,1|2,1|
#type=2,2,2,2,2,2,2,2,
Ld.LLRdr
#000000000000000
#assigned_pet=-1,-1,-1,-1,-1,-1,-1,-1,
#assigned_hub=-1,-1,-1,-1,-1,-1,-1,-1,
#moving_targetting_pos=12,29|25,30|22,1|5,30|19,30|9,2|15,30|2,29|
#setting_targetting_pos=12,1|25,1|22,29|5,1|19,2|9,30|15,1|2,1|
#type=2,2,2,2,2,2,2,2,
LLdur.Ld
#000000000000000
#assigned_pet=-1,-1,-1,-1,-1,-1,-1,-1,
#assigned_hub=-1,-1,-1,-1,-1,-1,-1,-1,
#moving_targetting_pos=12,29|25,30|22,1|5,30|19,30|9,2|15,30|2,29|
#setting_targetting_pos=12,1|25,1|22,29|5,1|19,2|9,30|15,1|2,1|
#type=2,2,2,2,2,2,2,2,
ddRLdl.L
#000000000000000
#assigned_pet=-1,-1,-1,-1,-1,-1,-1,-1,
#assigned_hub=-1,-1,-1,-1,-1,-1,-1,-1,
#moving_targetting_pos=12,29|25,30|22,1|5,30|19,30|9,2|15,30|2,29|
#setting_targetting_pos=12,1|25,1|22,29|5,1|19,2|9,30|15,1|2,1|
#type=2,2,2,2,2,2,2,2,
LLRdLRdL
#000000000000000
#assigned_pet=-1,-1,-1,-1,-1,-1,-1,-1,
#assigned_hub=-1,-1,-1,-1,-1,-1,-1,-1,
#moving_targetting_pos=12,29|25,30|22,1|5,30|19,30|9,2|15,30|2,29|
#setting_targetting_pos=12,1|25,1|22,29|5,1|19,2|9,30|15,1|2,1|
#type=2,2,2,2,2,2,2,2,
Ld.LLuLL
#000000000000000
#assigned_pet=-1,-1,-1,-1,-1,-1,-1,-1,
#assigned_hub=-1,-1,-1,-1,-1,-1,-1,-1,
#moving_targetting_pos=12,29|25,30|22,1|5,30|19,30|9,2|15,30|2,29|
#setting_targetting_pos=12,1|25,1|22,29|5,1|19,2|9,30|15,1|2,1|
#type=2,2,2,2,2,2,2,2,
rLlddRud
#000000000000000
#assigned_pet=-1,-1,-1,-1,-1,-1,-1,-1,
#assigned_hub=-1,-1,-1,-1,-1,-1,-1,-1,
#moving_targetting_pos=12,29|25,30|22,1|5,30|19,30|9,2|15,30|2,29|
#setting_targetting_pos=12,1|25,1|22,29|5,1|19,2|9,30|15,1|2,1|
#type=2,2,2,2,2,2,2,2,
uuuLLRL.
#000000000000000
#assigned_pet=-1,-1,-1,-1,-1,-1,-1,-1,
#assigned_hub=-1,-1,-1,-1,-1,-1,-1,-1,
#moving_targetting_pos=29,2|25,30|22,1|5,30|19,30|9,2|15,30|2,29|
#setting_targetting_pos=29,30|25,1|22,29|5,1|19,2|9,30|15,1|2,1|
#type=1,2,2,2,2,2,2,2,
DLRdLlLu
#000000000000000
#assigned_pet=-1,-1,-1,-1,-1,-1,-1,-1,
#assigned_hub=-1,-1,-1,0,-1,-1,-1,-1,
#moving_targetting_pos=29,2|25,30|22,1|6,6|19,30|9,2|15,30|2,29|
#setting_targetting_pos=29,30|25,1|22,29|5,1|19,2|9,30|15,1|2,1|
#type=1,2,2,3,2,2,2,2,
RLRRrdLL
#000000000000000
#assigned_pet=-1,-1,-1,-1,-1,-1,-1,-1,
#assigned_hub=-1,-1,-1,0,-1,2,-1,-1,
#moving_targetting_pos=29,2|25,30|22,1|6,6|19,30|6,26|15,30|2,29|
#setting_targetting_pos=29,30|25,1|22,29|-1,-1|19,2|9,30|15,1|2,1|
#type=1,2,2,3,2,3,2,2,
DLlRuULr
#000000000000000
#assigned_pet=-1,-1,-1,-1,-1,-1,-1,-1,
#assigned_hub=-1,-1,-1,0,-1,2,-1,-1,
#moving_targetting_pos=29,2|25,30|22,1|6,6|19,30|6,26|15,30|2,29|
#setting_targetting_pos=29,30|25,1|22,29|-1,-1|19,2|-1,-1|15,1|2,1|
#type=1,2,2,3,2,3,2,2,
RLdRLLuL
#000000000000000
#assigned_pet=-1,-1,-1,-1,-1,-1,-1,-1,
#assigned_hub=-1,-1,-1,0,-1,2,-1,-1,
#moving_targetting_pos=29,2|25,30|22,1|6,6|19,30|6,26|15,30|2,29|
#setting_targetting_pos=29,30|25,1|22,29|-1,-1|19,2|-1,-1|15,1|2,1|
#type=1,2,2,3,2,3,2,2,
DuRRLULL
#000000000000000
#assigned_pet=-1,-1,-1,-1,-1,-1,-1,-1,
#assigned_hub=-1,-1,-1,0,-1,2,-1,-1,
#moving_targetting_pos=29,2|25,30|22,1|-1,-1|19,30|6,26|15,30|2,29|
#setting_targetting_pos=29,30|25,1|22,29|-1,-1|19,2|-1,-1|15,1|2,1|
#type=1,2,2,4,2,3,2,2,
RLR.dLdd
#000000000000000
#assigned_pet=-1,-1,-1,-1,-1,-1,-1,-1,
#assigned_hub=-1,-1,-1,0,-1,2,-1,-1,
#moving_targetting_pos=29,2|25,30|22,1|-1,-1|19,30|6,26|15,30|2,29|
#setting_targetting_pos=29,30|25,1|22,29|-1,-1|19,2|-1,-1|15,1|2,1|
#type=1,2,2,4,2,3,2,2,
RdR.LLLL
#000000000000000
#assigned_pet=-1,-1,-1,6,-1,5,-1,-1,
#assigned_hub=-1,-1,-1,0,-1,2,-1,-1,
#moving_targetting_pos=29,2|25,30|22,1|-1,-1|19,30|-1,-1|15,30|2,29|
#setting_targetting_pos=29,30|25,1|22,29|5,4|19,2|4,25|15,1|2,1|
#type=1,2,2,4,2,4,2,2,
DLd.rLdL
#000000000000000
#assigned_pet=-1,-1,-1,-1,-1,5,-1,-1,
#assigned_hub=-1,-1,-1,0,-1,2,-1,-1,
#moving_targetting_pos=29,2|25,30|22,1|-1,-1|19,30|-1,-1|15,30|2,29|
#setting_targetting_pos=29,30|25,1|22,29|-1,-1|19,2|4,25|15,1|2,1|
#type=1,2,2,4,2,4,2,2,
Dd..LLL.
#000000000000000
#assigned_pet=-1,-1,-1,-1,-1,5,-1,-1,
#assigned_hub=-1,-1,-1,0,-1,2,-1,-1,
#moving_targetting_pos=29,2|25,30|22,1|-1,-1|19,30|-1,-1|15,30|2,29|
#setting_targetting_pos=29,30|25,1|22,29|-1,-1|19,2|4,25|15,1|2,1|
#type=1,2,2,4,2,4,2,2,
DL..uUdr
#000000000000000
#assigned_pet=-1,-1,-1,0,-1,5,-1,-1,
#assigned_hub=-1,-1,-1,0,-1,2,3,-1,
#moving_targetting_pos=29,2|25,30|22,1|-1,-1|19,30|-1,-1|16,6|2,29|
#setting_targetting_pos=29,30|25,1|22,29|4,7|19,2|4,25|15,1|2,1|
#type=1,2,2,4,2,4,3,2,
DduRLURu
#000001000000000
#assigned_pet=-1,-1,-1,0,-1,5,-1,-1,
#assigned_hub=-1,6,-1,0,-1,2,3,-1,
#moving_targetting_pos=29,2|26,6|22,1|-1,-1|19,30|-1,-1|16,6|2,29|
#setting_targetting_pos=29,30|25,1|22,29|4,7|19,2|4,25|-1,-1|2,1|
#type=1,3,2,4,2,5,3,2,
DRRRLuRL
#000001000000000
#assigned_pet=-1,-1,-1,0,-1,-1,-1,-1,
#assigned_hub=-1,6,-1,0,-1,2,3,-1,
#moving_targetting_pos=29,2|26,6|22,1|-1,-1|19,30|-1,-1|16,6|2,29|
#setting_targetting_pos=29,30|-1,-1|22,29|4,7|19,2|-1,-1|-1,-1|2,1|
#type=1,3,2,4,2,4,3,2,
DRl.r.RL
#000001000000000
#assigned_pet=-1,-1,-1,6,-1,-1,-1,-1,
#assigned_hub=-1,6,-1,0,-1,2,3,-1,
#moving_targetting_pos=29,2|26,6|22,1|-1,-1|19,30|-1,-1|16,6|2,29|
#setting_targetting_pos=29,30|-1,-1|22,29|7,4|19,2|-1,-1|-1,-1|2,1|
#type=1,3,2,4,2,4,3,2,
DRRLd.Rr
#000001000000000
#assigned_pet=-1,-1,-1,0,-1,10,-1,-1,
#assigned_hub=-1,6,-1,0,4,2,3,-1,
#moving_targetting_pos=29,2|26,6|22,1|-1,-1|16,16|-1,-1|-1,-1|2,29|
#setting_targetting_pos=29,30|-1,-1|22,29|4,5|19,2|7,28|-1,-1|2,1|
#type=1,3,2,4,3,4,4,2,
DRRLUR.d
#000001000000000
#assigned_pet=-1,12,-1,6,-1,10,-1,-1,
#assigned_hub=-1,6,-1,0,4,2,3,-1,
#moving_targetting_pos=29,2|-1,-1|22,1|-1,-1|16,16|-1,-1|-1,-1|2,29|
#setting_targetting_pos=29,30|25,4|22,29|7,4|-1,-1|7,28|-1,-1|2,1|
#type=1,4,2,4,3,4,4,2,
D.rLRR.L
#000001000000100
#assigned_pet=-1,12,-1,0,-1,10,-1,-1,
#assigned_hub=-1,6,-1,0,4,2,3,-1,
#moving_targetting_pos=29,2|-1,-1|22,1|-1,-1|16,16|-1,-1|-1,-1|2,29|
#setting_targetting_pos=29,30|25,4|22,29|5,4|-1,-1|7,28|-1,-1|2,1|
#type=1,5,2,4,3,4,4,2,
DldRUR.L
#000001000000100
#assigned_pet=-1,-1,-1,6,-1,10,-1,-1,
#assigned_hub=-1,6,8,0,4,2,3,-1,
#moving_targetting_pos=29,2|-1,-1|26,26|-1,-1|16,16|-1,-1|-1,-1|2,29|
#setting_targetting_pos=29,30|-1,-1|22,29|7,4|-1,-1|7,28|-1,-1|2,1|
#type=1,4,3,4,3,4,4,2,
D.LLRD.L
#000001000000100
#assigned_pet=-1,-1,-1,0,-1,-1,-1,-1,
#assigned_hub=-1,6,8,0,4,2,3,-1,
#moving_targetting_pos=29,2|-1,-1|26,26|-1,-1|16,16|-1,-1|-1,-1|2,29|
#setting_targetting_pos=29,30|-1,-1|-1,-1|5,4|-1,-1|-1,-1|-1,-1|2,1|
#type=1,4,3,4,3,4,4,2,
L.LRR..d
#000001000000100
#assigned_pet=-1,14,-1,0,-1,-1,14,-1,
#assigned_hub=-1,6,8,0,4,2,3,-1,
#moving_targetting_pos=29,2|-1,-1|26,26|-1,-1|16,16|-1,-1|-1,-1|2,29|
#setting_targetting_pos=29,30|24,5|-1,-1|5,4|-1,-1|-1,-1|18,5|2,1|
#type=1,4,3,4,3,4,4,2,
D.D.R.Du
#000001000000100
#assigned_pet=-1,14,-1,0,-1,-1,14,-1,
#assigned_hub=-1,6,8,0,4,2,3,-1,
#moving_targetting_pos=29,2|-1,-1|26,26|-1,-1|16,16|-1,-1|-1,-1|2,29|
#setting_targetting_pos=29,30|24,5|-1,-1|5,4|-1,-1|-1,-1|18,5|2,1|
#type=1,4,3,4,3,4,4,2,
L.D.R.DL
#000001000000101
#assigned_pet=-1,14,-1,0,-1,-1,14,-1,
#assigned_hub=-1,6,8,0,4,2,3,-1,
#moving_targetting_pos=29,2|-1,-1|26,26|-1,-1|16,16|-1,-1|-1,-1|2,29|
#setting_targetting_pos=29,30|24,5|-1,-1|5,4|-1,-1|-1,-1|18,5|2,1|
#type=1,5,3,4,3,4,5,2,
LuL.R.dr
#000001000000101
#assigned_pet=-1,-1,8,6,-1,-1,-1,-1,
#assigned_hub=-1,7,8,0,4,2,3,-1,
#moving_targetting_pos=29,2|26,16|-1,-1|-1,-1|16,16|-1,-1|-1,-1|2,29|
#setting_targetting_pos=29,30|-1,-1|28,25|7,4|-1,-1|-1,-1|-1,-1|2,1|
#type=1,3,4,4,3,4,4,2,
DRLLR..L
#000001000000101
#assigned_pet=-1,-1,-1,6,-1,-1,-1,-1,
#assigned_hub=-1,7,8,0,4,2,3,-1,
#moving_targetting_pos=29,2|26,16|-1,-1|-1,-1|16,16|-1,-1|-1,-1|2,29|
#setting_targetting_pos=29,30|-1,-1|-1,-1|7,4|-1,-1|-1,-1|-1,-1|2,1|
#type=1,3,4,4,3,4,4,2,
DR.DR..L
#000001100000101
#assigned_pet=-1,-1,-1,6,-1,-1,-1,-1,
#assigned_hub=-1,7,8,0,4,2,5,-1,
#moving_targetting_pos=29,2|26,16|-1,-1|-1,-1|16,16|-1,-1|16,26|2,29|
#setting_targetting_pos=29,30|-1,-1|-1,-1|7,4|-1,-1|-1,-1|-1,-1|2,1|
#type=2,3,4,5,3,4,3,2,
dR.dR.Rd
#000001100000101
#assigned_pet=-1,-1,-1,-1,-1,-1,-1,-1,
#assigned_hub=-1,7,8,0,4,2,5,-1,
#moving_targetting_pos=29,2|26,16|-1,-1|-1,-1|16,16|-1,-1|16,26|2,29|
#setting_targetting_pos=29,30|-1,-1|-1,-1|-1,-1|-1,-1|-1,-1|-1,-1|2,1|
#type=2,3,4,4,3,4,3,2,
RR..R.RL
#000001100000101
#assigned_pet=-1,-1,-1,-1,-1,10,-1,-1,
#assigned_hub=-1,7,8,0,4,2,5,-1,
#moving_targetting_pos=29,2|26,16|-1,-1|-1,-1|16,16|-1,-1|16,26|2,29|
#setting_targetting_pos=29,30|-1,-1|-1,-1|-1,-1|-1,-1|7,28|-1,-1|2,1|
#type=2,3,4,4,3,4,3,2,
RR..R.RL
#000001100000101
#assigned_pet=-1,-1,-1,-1,-1,10,-1,-1,
#assigned_hub=-1,7,8,0,4,2,1,-1,
#moving_targetting_pos=29,2|26,16|-1,-1|-1,-1|16,16|-1,-1|6,16|2,29|
#setting_targetting_pos=29,30|-1,-1|-1,-1|-1,-1|-1,-1|7,28|-1,-1|2,1|
#type=2,3,4,4,3,4,3,2,
lR..R.Rr
#000001100000101
#assigned_pet=-1,-1,-1,-1,-1,10,-1,-1,
#assigned_hub=-1,7,8,0,4,2,5,-1,
#moving_targetting_pos=29,2|26,16|-1,-1|-1,-1|16,16|-1,-1|16,26|2,29|
#setting_targetting_pos=29,30|-1,-1|-1,-1|-1,-1|-1,-1|7,28|-1,-1|2,1|
#type=2,3,4,4,3,4,3,2,
uR..R.Ru
#000001100000101
#assigned_pet=-1,-1,-1,-1,-1,4,-1,-1,
#assigned_hub=-1,7,8,0,4,2,1,5,
#moving_targetting_pos=29,2|26,16|-1,-1|-1,-1|-1,-1|-1,-1|6,16|16,26|
#setting_targetting_pos=29,30|-1,-1|-1,-1|-1,-1|-1,-1|5,28|-1,-1|2,1|
#type=2,3,4,4,4,4,3,3,
RR....RD
#000001100000101
#assigned_pet=-1,-1,-1,-1,-1,4,-1,-1,
#assigned_hub=-1,7,8,0,4,2,1,5,
#moving_targetting_pos=29,2|26,16|-1,-1|-1,-1|-1,-1|-1,-1|6,16|16,26|
#setting_targetting_pos=29,30|-1,-1|-1,-1|-1,-1|-1,-1|5,28|-1,-1|-1,-1|
#type=2,3,4,4,4,4,3,3,
RR....RR
#000001100000101
#assigned_pet=-1,-1,-1,-1,-1,4,-1,-1,
#assigned_hub=-1,7,8,0,4,2,1,5,
#moving_targetting_pos=29,2|26,16|-1,-1|-1,-1|-1,-1|-1,-1|6,16|16,26|
#setting_targetting_pos=29,30|-1,-1|-1,-1|-1,-1|-1,-1|5,28|-1,-1|-1,-1|
#type=2,3,4,4,4,4,3,3,
dR....RD
#000001100000101
#assigned_pet=-1,1,1,-1,-1,4,-1,-1,
#assigned_hub=-1,7,8,0,4,2,1,5,
#moving_targetting_pos=29,2|-1,-1|-1,-1|-1,-1|-1,-1|-1,-1|6,16|16,26|
#setting_targetting_pos=29,30|25,18|25,24|-1,-1|-1,-1|5,28|-1,-1|-1,-1|
#type=2,4,4,4,4,4,3,3,
RRD...RR
#000001100000101
#assigned_pet=-1,1,1,-1,-1,4,-1,-1,
#assigned_hub=-1,7,8,0,4,2,1,5,
#moving_targetting_pos=29,2|-1,-1|-1,-1|-1,-1|-1,-1|-1,-1|6,16|16,26|
#setting_targetting_pos=29,30|25,18|25,24|-1,-1|-1,-1|5,28|-1,-1|-1,-1|
#type=2,4,4,4,4,4,3,3,
lR....RD
#000011100000101
#assigned_pet=-1,1,1,-1,-1,4,-1,-1,
#assigned_hub=-1,7,8,0,4,2,1,5,
#moving_targetting_pos=29,2|-1,-1|-1,-1|-1,-1|-1,-1|-1,-1|6,16|16,26|
#setting_targetting_pos=29,30|25,18|25,24|-1,-1|-1,-1|5,28|-1,-1|-1,-1|
#type=2,4,4,4,4,5,3,3,
R....uUR
#010011101010101
#assigned_pet=-1,1,1,-1,-1,10,-1,-1,
#assigned_hub=-1,7,8,0,4,2,1,5,
#moving_targetting_pos=29,2|-1,-1|-1,-1|-1,-1|-1,-1|-1,-1|6,16|16,26|
#setting_targetting_pos=29,30|25,18|25,24|-1,-1|-1,-1|7,28|-1,-1|-1,-1|
#type=2,5,5,4,4,5,3,3,
url..dUR
#010011101010101
#assigned_pet=-1,-1,-1,-1,-1,-1,-1,-1,
#assigned_hub=-1,7,8,0,4,2,1,5,
#moving_targetting_pos=29,2|-1,-1|-1,-1|-1,-1|-1,-1|-1,-1|6,16|16,26|
#setting_targetting_pos=29,30|-1,-1|-1,-1|-1,-1|-1,-1|-1,-1|-1,-1|-1,-1|
#type=2,4,4,4,4,4,3,3,
R.....UR
#010011101010101
#assigned_pet=-1,-1,-1,-1,-1,-1,-1,-1,
#assigned_hub=-1,7,8,0,4,2,1,5,
#moving_targetting_pos=29,2|-1,-1|-1,-1|-1,-1|-1,-1|-1,-1|6,16|16,26|
#setting_targetting_pos=29,30|-1,-1|-1,-1|-1,-1|-1,-1|-1,-1|-1,-1|-1,-1|
#type=2,4,4,4,4,4,3,3,
R.....UR
#010011101010101
#assigned_pet=-1,-1,-1,-1,-1,-1,-1,-1,
#assigned_hub=-1,7,8,0,4,2,1,5,
#moving_targetting_pos=29,2|-1,-1|-1,-1|-1,-1|-1,-1|-1,-1|6,16|16,26|
#setting_targetting_pos=29,30|-1,-1|-1,-1|-1,-1|-1,-1|-1,-1|-1,-1|-1,-1|
#type=2,4,4,4,4,4,3,3,
l.....UR
#010011101010101
#assigned_pet=-1,-1,-1,-1,-1,-1,-1,-1,
#assigned_hub=-1,7,8,0,4,2,1,5,
#moving_targetting_pos=29,2|-1,-1|-1,-1|-1,-1|-1,-1|-1,-1|6,16|16,26|
#setting_targetting_pos=29,30|-1,-1|-1,-1|-1,-1|-1,-1|-1,-1|-1,-1|-1,-1|
#type=2,4,4,4,4,4,3,3,
d.....UR
#010011101010101
#assigned_pet=-1,-1,-1,-1,-1,-1,-1,-1,
#assigned_hub=-1,7,8,0,4,2,1,5,
#moving_targetting_pos=29,2|-1,-1|-1,-1|-1,-1|-1,-1|-1,-1|6,16|16,26|
#setting_targetting_pos=29,30|-1,-1|-1,-1|-1,-1|-1,-1|-1,-1|-1,-1|-1,-1|
#type=2,4,4,4,4,4,3,3,
R.....UR
#010011101010101
#assigned_pet=-1,-1,-1,-1,-1,-1,-1,-1,
#assigned_hub=-1,7,8,0,4,2,1,5,
#moving_targetting_pos=29,2|-1,-1|-1,-1|-1,-1|-1,-1|-1,-1|6,16|16,26|
#setting_targetting_pos=29,30|-1,-1|-1,-1|-1,-1|-1,-1|-1,-1|-1,-1|-1,-1|
#type=2,4,4,4,4,4,3,3,
R.....UR
#010011101010101
#assigned_pet=-1,-1,-1,-1,-1,-1,-1,-1,
#assigned_hub=-1,7,8,0,4,2,1,5,
#moving_targetting_pos=29,2|-1,-1|-1,-1|-1,-1|-1,-1|-1,-1|6,16|16,26|
#setting_targetting_pos=29,30|-1,-1|-1,-1|-1,-1|-1,-1|-1,-1|-1,-1|-1,-1|
#type=2,4,4,4,4,4,3,3,
d.....UR
#010011101010101
#assigned_pet=-1,-1,-1,-1,-1,-1,-1,-1,
#assigned_hub=-1,7,8,0,4,2,1,5,
#moving_targetting_pos=29,2|26,16|-1,-1|-1,-1|-1,-1|-1,-1|6,16|16,26|
#setting_targetting_pos=29,30|-1,-1|-1,-1|-1,-1|-1,-1|-1,-1|-1,-1|-1,-1|
#type=2,4,4,4,4,4,3,3,
R.....RR
#010011101010101
#assigned_pet=-1,-1,-1,0,-1,-1,0,-1,
#assigned_hub=-1,7,8,0,4,2,1,5,
#moving_targetting_pos=29,2|-1,-1|-1,-1|-1,-1|-1,-1|-1,-1|-1,-1|16,26|
#setting_targetting_pos=29,30|-1,-1|-1,-1|5,8|-1,-1|-1,-1|5,14|-1,-1|
#type=2,4,4,4,4,4,4,3,
R..R..LR
#010011101010101
#assigned_pet=-1,-1,-1,-1,-1,3,3,-1,
#assigned_hub=-1,7,8,0,4,2,1,5,
#moving_targetting_pos=29,2|-1,-1|-1,-1|-1,-1|-1,-1|-1,-1|-1,-1|16,26|
#setting_targetting_pos=29,30|-1,-1|-1,-1|-1,-1|-1,-1|7,24|7,18|-1,-1|
#type=2,4,4,4,4,4,4,3,
l....LRR
#010011101010101
#assigned_pet=-1,-1,-1,-1,-1,3,3,-1,
#assigned_hub=-1,7,8,0,4,2,1,5,
#moving_targetting_pos=29,2|-1,-1|-1,-1|-1,-1|-1,-1|-1,-1|-1,-1|16,26|
#setting_targetting_pos=29,30|-1,-1|-1,-1|-1,-1|-1,-1|7,24|7,18|-1,-1|
#type=2,4,4,4,4,4,4,3,
u....LRR
#010011101010101
#assigned_pet=-1,-1,-1,-1,-1,3,3,-1,
#assigned_hub=-1,7,8,0,4,2,1,5,
#moving_targetting_pos=29,2|-1,-1|-1,-1|-1,-1|-1,-1|-1,-1|-1,-1|16,26|
#setting_targetting_pos=29,30|-1,-1|-1,-1|-1,-1|-1,-1|7,24|7,18|-1,-1|
#type=2,4,4,4,4,4,4,3,
R....LUR
#010011101010101
#assigned_pet=-1,-1,-1,-1,-1,3,3,-1,
#assigned_hub=-1,7,8,0,4,2,1,5,
#moving_targetting_pos=29,2|-1,-1|26,26|-1,-1|-1,-1|-1,-1|-1,-1|16,26|
#setting_targetting_pos=29,30|-1,-1|-1,-1|-1,-1|-1,-1|7,24|7,18|-1,-1|
#type=2,4,4,4,4,4,4,3,
R....L.R
#010111101010101
#assigned_pet=-1,-1,-1,-1,-1,3,3,-1,
#assigned_hub=-1,7,8,0,4,2,1,5,
#moving_targetting_pos=29,2|-1,-1|-1,-1|6,6|-1,-1|-1,-1|-1,-1|16,26|
#setting_targetting_pos=29,30|-1,-1|-1,-1|-1,-1|-1,-1|7,24|7,18|-1,-1|
#type=2,4,4,4,4,5,5,3,
d....drR
#010111101010101
#assigned_pet=-1,-1,-1,-1,11,-1,11,-1,
#assigned_hub=-1,7,8,0,4,2,1,5,
#moving_targetting_pos=29,2|-1,-1|26,26|6,6|-1,-1|-1,-1|-1,-1|16,26|
#setting_targetting_pos=29,30|-1,-1|-1,-1|-1,-1|14,15|-1,-1|8,15|-1,-1|
#type=2,4,4,4,4,4,4,3,
R...U.LR
#010111101010101
#assigned_pet=-1,-1,-1,-1,11,-1,11,-1,
#assigned_hub=-1,7,8,0,4,2,1,5,
#moving_targetting_pos=29,2|-1,-1|26,26|6,6|-1,-1|-1,-1|-1,-1|16,26|
#setting_targetting_pos=29,30|-1,-1|-1,-1|-1,-1|14,15|-1,-1|8,15|-1,-1|
#type=2,4,4,4,4,4,4,3,
l...U.LR
#010111101011101
#assigned_pet=-1,-1,-1,-1,11,-1,11,-1,
#assigned_hub=-1,7,8,0,4,2,1,5,
#moving_targetting_pos=29,2|-1,-1|-1,-1|-1,-1|-1,-1|-1,-1|-1,-1|16,26|
#setting_targetting_pos=29,30|-1,-1|-1,-1|-1,-1|14,15|-1,-1|8,15|-1,-1|
#type=2,4,4,4,5,4,5,3,
R...u.dR
#010111101011101
#assigned_pet=-1,-1,-1,-1,-1,-1,-1,-1,
#assigned_hub=-1,7,8,0,4,2,1,5,
#moving_targetting_pos=29,2|-1,-1|-1,-1|6,6|-1,-1|-1,-1|-1,-1|16,26|
#setting_targetting_pos=29,30|-1,-1|-1,-1|-1,-1|-1,-1|-1,-1|-1,-1|-1,-1|
#type=2,4,4,4,4,4,4,3,
u......R
#010111101011101
#assigned_pet=-1,-1,-1,-1,-1,-1,-1,-1,
#assigned_hub=-1,7,8,0,4,2,1,5,
#moving_targetting_pos=29,2|-1,-1|-1,-1|-1,-1|-1,-1|-1,-1|-1,-1|16,26|
#setting_targetting_pos=29,30|-1,-1|-1,-1|-1,-1|-1,-1|-1,-1|-1,-1|-1,-1|
#type=2,4,4,4,4,4,4,3,
R......R
#010111101011101
#assigned_pet=-1,-1,-1,-1,-1,-1,-1,-1,
#assigned_hub=-1,7,8,0,4,2,1,5,
#moving_targetting_pos=29,2|-1,-1|-1,-1|-1,-1|-1,-1|-1,-1|-1,-1|16,26|
#setting_targetting_pos=29,30|-1,-1|-1,-1|-1,-1|-1,-1|-1,-1|-1,-1|-1,-1|
#type=2,4,4,4,4,4,4,3,
R......R
#010111101011101
#assigned_pet=-1,-1,-1,-1,-1,-1,-1,-1,
#assigned_hub=-1,7,8,0,4,2,1,5,
#moving_targetting_pos=29,2|-1,-1|-1,-1|6,6|-1,-1|-1,-1|-1,-1|16,26|
#setting_targetting_pos=29,30|-1,-1|-1,-1|-1,-1|-1,-1|-1,-1|-1,-1|-1,-1|
#type=2,4,4,4,4,4,4,3,
l......D
#010111101011101
#assigned_pet=-1,-1,-1,-1,-1,-1,-1,-1,
#assigned_hub=-1,7,8,0,4,2,1,5,
#moving_targetting_pos=29,2|-1,-1|-1,-1|6,6|-1,-1|-1,-1|-1,-1|16,26|
#setting_targetting_pos=29,30|-1,-1|-1,-1|-1,-1|-1,-1|-1,-1|-1,-1|-1,-1|
#type=2,4,4,4,4,4,4,3,
d......D
#010111101011101
#assigned_pet=-1,-1,-1,-1,-1,-1,-1,-1,
#assigned_hub=-1,7,8,0,4,2,1,5,
#moving_targetting_pos=29,2|-1,-1|-1,-1|-1,-1|-1,-1|-1,-1|-1,-1|16,26|
#setting_targetting_pos=29,30|-1,-1|-1,-1|-1,-1|-1,-1|-1,-1|-1,-1|-1,-1|
#type=2,4,4,4,4,4,4,3,
R......D
#010111101011101
#assigned_pet=-1,-1,-1,-1,-1,-1,-1,-1,
#assigned_hub=-1,7,8,0,4,2,1,5,
#moving_targetting_pos=29,2|-1,-1|-1,-1|6,6|-1,-1|-1,-1|-1,-1|16,26|
#setting_targetting_pos=29,30|-1,-1|-1,-1|-1,-1|-1,-1|-1,-1|-1,-1|-1,-1|
#type=2,4,4,4,4,4,4,3,
R......D
#010111101011101
#assigned_pet=-1,-1,-1,-1,-1,-1,-1,-1,
#assigned_hub=-1,7,8,0,4,2,1,5,
#moving_targetting_pos=29,2|-1,-1|26,26|-1,-1|-1,-1|-1,-1|-1,-1|16,26|
#setting_targetting_pos=29,30|-1,-1|-1,-1|-1,-1|-1,-1|-1,-1|-1,-1|-1,-1|
#type=2,4,4,4,4,4,4,3,
d......D
#010111101011101
#assigned_pet=-1,-1,-1,-1,-1,-1,0,-1,
#assigned_hub=-1,7,8,0,4,2,1,5,
#moving_targetting_pos=29,2|-1,-1|26,26|6,6|-1,-1|-1,-1|-1,-1|16,26|
#setting_targetting_pos=29,30|-1,-1|-1,-1|-1,-1|-1,-1|-1,-1|4,15|-1,-1|
#type=2,4,4,4,4,4,4,3,
R.....UD
#010111101011101
#assigned_pet=-1,-1,-1,-1,-1,-1,0,-1,
#assigned_hub=-1,7,8,0,4,2,1,5,
#moving_targetting_pos=29,2|-1,-1|-1,-1|6,6|-1,-1|-1,-1|-1,-1|16,26|
#setting_targetting_pos=29,30|-1,-1|-1,-1|-1,-1|-1,-1|-1,-1|4,15|-1,-1|
#type=2,4,4,4,4,4,4,3,
R.....UD
#110111101011101
#assigned_pet=-1,-1,-1,-1,-1,-1,0,-1,
#assigned_hub=-1,7,8,0,4,2,1,5,
#moving_targetting_pos=29,2|-1,-1|-1,-1|6,6|-1,-1|-1,-1|-1,-1|16,26|
#setting_targetting_pos=29,30|-1,-1|-1,-1|-1,-1|-1,-1|-1,-1|4,15|-1,-1|
#type=2,4,4,4,4,4,5,3,
l.....uD
#110111101011101
#assigned_pet=-1,-1,-1,-1,-1,-1,-1,-1,
#assigned_hub=-1,7,8,0,4,2,1,5,
#moving_targetting_pos=29,2|26,16|-1,-1|6,6|-1,-1|-1,-1|6,16|16,26|
#setting_targetting_pos=29,30|-1,-1|-1,-1|-1,-1|-1,-1|-1,-1|-1,-1|-1,-1|
#type=2,4,4,4,4,4,4,3,
u......D
#110111101011101
#assigned_pet=-1,-1,-1,-1,-1,-1,-1,-1,
#assigned_hub=-1,7,8,0,4,2,1,5,
#moving_targetting_pos=29,2|-1,-1|-1,-1|6,6|-1,-1|-1,-1|6,16|16,26|
#setting_targetting_pos=29,30|-1,-1|-1,-1|-1,-1|-1,-1|-1,-1|-1,-1|-1,-1|
#type=2,4,4,4,4,4,4,3,
R......R
#110111101011101
#assigned_pet=-1,-1,-1,-1,-1,2,-1,2,
#assigned_hub=-1,7,8,0,4,2,1,5,
#moving_targetting_pos=29,2|-1,-1|-1,-1|6,6|-1,-1|-1,-1|-1,-1|-1,-1|
#setting_targetting_pos=29,30|-1,-1|-1,-1|-1,-1|-1,-1|8,27|-1,-1|14,27|
#type=2,4,4,4,4,4,4,4,
R....R..
#110111101011101
#assigned_pet=-1,-1,-1,-1,-1,2,-1,2,
#assigned_hub=-1,7,8,0,4,2,1,5,
#moving_targetting_pos=29,2|26,16|-1,-1|6,6|-1,-1|-1,-1|-1,-1|-1,-1|
#setting_targetting_pos=29,30|-1,-1|-1,-1|-1,-1|-1,-1|8,27|-1,-1|14,27|
#type=2,4,4,4,4,4,4,4,
d....R..
#110111101011101
#assigned_pet=-1,-1,-1,-1,-1,2,-1,2,
#assigned_hub=-1,7,8,0,4,2,1,5,
#moving_targetting_pos=29,2|26,16|-1,-1|6,6|-1,-1|-1,-1|6,16|-1,-1|
#setting_targetting_pos=29,30|-1,-1|-1,-1|-1,-1|-1,-1|8,27|-1,-1|14,27|
#type=2,4,4,4,4,4,4,4,
R....R..
#110111101011101
#assigned_pet=-1,-1,-1,-1,-1,2,-1,2,
#assigned_hub=-1,7,8,0,4,2,1,5,
#moving_targetting_pos=29,2|26,16|-1,-1|6,6|-1,-1|-1,-1|6,16|-1,-1|
#setting_targetting_pos=29,30|-1,-1|-1,-1|-1,-1|-1,-1|8,27|-1,-1|14,27|
#type=2,4,4,4,4,4,4,4,
l....D..
#110111101011101
#assigned_pet=-1,-1,-1,-1,-1,2,-1,2,
#assigned_hub=-1,7,8,0,4,2,1,5,
#moving_targetting_pos=29,2|26,16|-1,-1|6,6|-1,-1|-1,-1|6,16|-1,-1|
#setting_targetting_pos=29,30|-1,-1|-1,-1|-1,-1|-1,-1|8,27|-1,-1|14,27|
#type=2,4,4,4,4,4,4,4,
R.......
#110111101011101
#assigned_pet=-1,-1,-1,-1,-1,2,-1,2,
#assigned_hub=-1,7,8,0,4,2,1,5,
#moving_targetting_pos=29,2|-1,-1|-1,-1|6,6|-1,-1|-1,-1|6,16|-1,-1|
#setting_targetting_pos=29,30|-1,-1|-1,-1|-1,-1|-1,-1|8,27|-1,-1|14,27|
#type=2,4,4,4,4,4,4,4,
u.......
#111111101011101
#assigned_pet=-1,-1,-1,-1,-1,2,-1,2,
#assigned_hub=-1,7,8,0,4,2,1,5,
#moving_targetting_pos=29,2|-1,-1|-1,-1|6,6|-1,-1|-1,-1|6,16|-1,-1|
#setting_targetting_pos=29,30|-1,-1|-1,-1|-1,-1|-1,-1|8,27|-1,-1|14,27|
#type=2,4,4,4,4,5,4,5,
R....d.r
#111111101011101
#assigned_pet=-1,-1,7,-1,-1,-1,-1,7,
#assigned_hub=-1,7,8,0,4,2,1,5,
#moving_targetting_pos=29,2|26,16|-1,-1|6,6|-1,-1|-1,-1|6,16|-1,-1|
#setting_targetting_pos=29,30|-1,-1|24,27|-1,-1|-1,-1|-1,-1|-1,-1|18,27|
#type=2,4,4,4,4,4,4,4,
R.R....D
#111111101011101
#assigned_pet=-1,-1,7,-1,-1,-1,-1,7,
#assigned_hub=-1,7,8,0,4,2,1,5,
#moving_targetting_pos=29,2|26,16|-1,-1|6,6|-1,-1|-1,-1|6,16|-1,-1|
#setting_targetting_pos=29,30|-1,-1|24,27|-1,-1|-1,-1|-1,-1|-1,-1|18,27|
#type=2,4,4,4,4,4,4,4,
l.R....R
#111111101011101
#assigned_pet=-1,-1,7,-1,-1,-1,-1,7,
#assigned_hub=-1,7,8,0,4,2,1,5,
#moving_targetting_pos=29,2|26,16|-1,-1|6,6|-1,-1|-1,-1|-1,-1|-1,-1|
#setting_targetting_pos=29,30|-1,-1|24,27|-1,-1|-1,-1|-1,-1|-1,-1|18,27|
#type=2,4,4,4,4,4,4,4,
d......D
#111111101011101
#assigned_pet=-1,-1,7,-1,-1,-1,-1,7,
#assigned_hub=-1,7,8,0,4,2,1,5,
#moving_targetting_pos=29,2|26,16|-1,-1|6,6|-1,-1|-1,-1|-1,-1|-1,-1|
#setting_targetting_pos=29,30|-1,-1|24,27|-1,-1|-1,-1|-1,-1|-1,-1|18,27|
#type=0,4,4,4,4,4,4,4,
.......D
#111111111011101
#assigned_pet=-1,-1,7,-1,-1,-1,-1,7,
#assigned_hub=-1,7,8,0,4,2,1,5,
#moving_targetting_pos=29,2|26,16|-1,-1|6,6|-1,-1|-1,-1|6,16|-1,-1|
#setting_targetting_pos=29,30|-1,-1|24,27|-1,-1|-1,-1|-1,-1|-1,-1|18,27|
#type=0,4,5,4,4,4,4,5,
..u....d
#111111111011101
#assigned_pet=-1,-1,-1,-1,-1,-1,-1,-1,
#assigned_hub=-1,7,8,0,4,2,1,5,
#moving_targetting_pos=29,2|26,16|-1,-1|6,6|-1,-1|-1,-1|-1,-1|-1,-1|
#setting_targetting_pos=29,30|-1,-1|-1,-1|-1,-1|-1,-1|-1,-1|-1,-1|-1,-1|
#type=0,4,4,4,4,4,4,4,
........
#111111111011101
#assigned_pet=-1,-1,-1,-1,-1,13,-1,13,
#assigned_hub=-1,7,8,0,4,2,1,5,
#moving_targetting_pos=29,2|26,16|26,26|6,6|-1,-1|-1,-1|-1,-1|-1,-1|
#setting_targetting_pos=29,30|-1,-1|-1,-1|-1,-1|-1,-1|8,25|-1,-1|14,25|
#type=0,4,4,4,4,4,4,4,
.....L.L
#111111111011101
#assigned_pet=-1,-1,-1,-1,-1,13,-1,13,
#assigned_hub=-1,7,8,0,4,2,1,5,
#moving_targetting_pos=29,2|26,16|26,26|6,6|16,16|-1,-1|-1,-1|-1,-1|
#setting_targetting_pos=29,30|-1,-1|-1,-1|-1,-1|-1,-1|8,25|-1,-1|14,25|
#type=0,4,4,4,4,4,4,4,
.....L.L
#111111111011101
#assigned_pet=-1,-1,-1,-1,-1,13,-1,13,
#assigned_hub=-1,7,8,0,4,2,1,5,
#moving_targetting_pos=29,2|26,16|26,26|6,6|16,16|-1,-1|-1,-1|-1,-1|
#setting_targetting_pos=29,30|-1,-1|-1,-1|-1,-1|-1,-1|8,25|-1,-1|14,25|
#type=0,4,4,4,4,4,4,4,
.......U
#111111111011101
#assigned_pet=-1,-1,-1,-1,-1,13,-1,13,
#assigned_hub=-1,7,8,0,4,2,1,5,
#moving_targetting_pos=29,2|26,16|26,26|6,6|16,16|-1,-1|-1,-1|-1,-1|
#setting_targetting_pos=29,30|-1,-1|-1,-1|-1,-1|-1,-1|8,25|-1,-1|14,25|
#type=0,4,4,4,4,4,4,4,
.......U
#111111111011111
#assigned_pet=-1,-1,-1,-1,-1,13,-1,13,
#assigned_hub=-1,7,8,0,4,2,1,5,
#moving_targetting_pos=29,2|26,16|26,26|6,6|16,16|-1,-1|-1,-1|-1,-1|
#setting_targetting_pos=29,30|-1,-1|-1,-1|-1,-1|-1,-1|8,25|-1,-1|14,25|
#type=0,4,4,4,4,5,4,5,
.....d.u
#111111111011111
#assigned_pet=-1,-1,-1,-1,-1,-1,-1,-1,
#assigned_hub=-1,7,8,0,4,2,1,5,
#moving_targetting_pos=29,2|26,16|26,26|6,6|16,16|-1,-1|-1,-1|16,26|
#setting_targetting_pos=29,30|-1,-1|-1,-1|-1,-1|-1,-1|-1,-1|-1,-1|-1,-1|
#type=0,4,4,4,4,4,4,4,
........
#111111111011111
#assigned_pet=-1,-1,-1,-1,-1,-1,-1,-1,
#assigned_hub=-1,7,8,0,4,2,1,5,
#moving_targetting_pos=29,2|26,16|26,26|6,6|16,16|-1,-1|-1,-1|16,26|
#setting_targetting_pos=29,30|-1,-1|-1,-1|-1,-1|-1,-1|-1,-1|-1,-1|-1,-1|
#type=0,4,4,4,4,4,4,4,
........
#111111111011111
#assigned_pet=-1,-1,-1,-1,-1,-1,-1,-1,
#assigned_hub=-1,7,8,0,4,2,1,5,
#moving_targetting_pos=29,2|26,16|26,26|6,6|16,16|-1,-1|-1,-1|16,26|
#setting_targetting_pos=29,30|-1,-1|-1,-1|-1,-1|-1,-1|-1,-1|-1,-1|-1,-1|
#type=0,4,4,4,4,4,4,4,
........
#111111111011111
#assigned_pet=-1,-1,-1,-1,-1,-1,-1,-1,
#assigned_hub=-1,7,8,0,4,2,1,5,
#moving_targetting_pos=29,2|26,16|26,26|6,6|16,16|-1,-1|-1,-1|16,26|
#setting_targetting_pos=29,30|-1,-1|-1,-1|-1,-1|-1,-1|-1,-1|-1,-1|-1,-1|
#type=0,4,4,4,4,4,4,4,
........
#111111111011111
#assigned_pet=-1,-1,-1,-1,-1,-1,-1,-1,
#assigned_hub=-1,7,8,0,4,2,1,5,
#moving_targetting_pos=29,2|26,16|26,26|6,6|16,16|-1,-1|-1,-1|16,26|
#setting_targetting_pos=29,30|-1,-1|-1,-1|-1,-1|-1,-1|-1,-1|-1,-1|-1,-1|
#type=0,4,4,4,4,4,4,4,
........
#111111111011111
#assigned_pet=-1,-1,-1,-1,-1,-1,-1,-1,
#assigned_hub=-1,7,8,0,4,2,1,5,
#moving_targetting_pos=29,2|26,16|26,26|6,6|16,16|-1,-1|-1,-1|16,26|
#setting_targetting_pos=29,30|-1,-1|-1,-1|-1,-1|-1,-1|-1,-1|-1,-1|-1,-1|
#type=0,4,4,4,4,4,4,4,
........
#111111111011111
#assigned_pet=-1,-1,-1,-1,-1,-1,-1,-1,
#assigned_hub=-1,7,8,0,4,2,1,5,
#moving_targetting_pos=29,2|26,16|26,26|6,6|16,16|-1,-1|-1,-1|16,26|
#setting_targetting_pos=29,30|-1,-1|-1,-1|-1,-1|-1,-1|-1,-1|-1,-1|-1,-1|
#type=0,4,4,4,4,4,4,4,
........
#111111111011111
#assigned_pet=-1,-1,-1,-1,-1,9,-1,-1,
#assigned_hub=-1,7,8,0,4,2,1,5,
#moving_targetting_pos=29,2|26,16|26,26|6,6|16,16|-1,-1|6,16|16,26|
#setting_targetting_pos=29,30|-1,-1|-1,-1|-1,-1|-1,-1|4,27|-1,-1|-1,-1|
#type=0,4,4,4,4,4,4,4,
.....R..
#111111111011111
#assigned_pet=-1,-1,-1,-1,-1,9,-1,-1,
#assigned_hub=-1,7,8,0,4,2,1,5,
#moving_targetting_pos=29,2|26,16|26,26|6,6|16,16|-1,-1|6,16|16,26|
#setting_targetting_pos=29,30|-1,-1|-1,-1|-1,-1|-1,-1|4,27|-1,-1|-1,-1|
#type=0,4,4,4,4,4,4,4,
.....R..
#111111111011111
#assigned_pet=-1,-1,-1,-1,-1,9,-1,-1,
#assigned_hub=-1,7,8,0,4,2,1,5,
#moving_targetting_pos=29,2|26,16|26,26|6,6|16,16|-1,-1|6,16|16,26|
#setting_targetting_pos=29,30|-1,-1|-1,-1|-1,-1|-1,-1|4,27|-1,-1|-1,-1|
#type=0,4,4,4,4,4,4,4,
.....U..
#111111111011111
#assigned_pet=-1,-1,-1,-1,-1,9,-1,-1,
#assigned_hub=-1,7,8,0,4,2,1,5,
#moving_targetting_pos=29,2|26,16|26,26|6,6|16,16|-1,-1|6,16|16,26|
#setting_targetting_pos=29,30|-1,-1|-1,-1|-1,-1|-1,-1|4,27|-1,-1|-1,-1|
#type=0,4,4,4,4,4,4,4,
.....U..
#111111111011111
#assigned_pet=-1,-1,-1,-1,-1,9,-1,-1,
#assigned_hub=-1,7,8,0,4,2,1,5,
#moving_targetting_pos=29,2|26,16|26,26|6,6|16,16|-1,-1|6,16|16,26|
#setting_targetting_pos=29,30|-1,-1|-1,-1|-1,-1|-1,-1|4,27|-1,-1|-1,-1|
#type=0,4,4,4,4,4,4,4,
........
#111111111111111
#assigned_pet=-1,-1,-1,-1,-1,9,-1,-1,
#assigned_hub=-1,7,8,0,4,2,1,5,
#moving_targetting_pos=29,2|26,16|26,26|6,6|16,16|-1,-1|6,16|16,26|
#setting_targetting_pos=29,30|-1,-1|-1,-1|-1,-1|-1,-1|4,27|-1,-1|-1,-1|
#type=0,4,4,4,4,5,4,4,
.....u..
#111111111111111
#assigned_pet=-1,-1,-1,-1,-1,-1,-1,-1,
#assigned_hub=-1,7,8,0,4,2,1,5,
#moving_targetting_pos=29,2|26,16|26,26|6,6|16,16|6,26|6,16|16,26|
#setting_targetting_pos=29,30|-1,-1|-1,-1|-1,-1|-1,-1|-1,-1|-1,-1|-1,-1|
#type=0,4,4,4,4,4,4,4,
........
#111111111111111
#assigned_pet=-1,-1,-1,-1,-1,-1,-1,-1,
#assigned_hub=-1,7,8,0,4,2,1,5,
#moving_targetting_pos=29,2|26,16|26,26|6,6|16,16|6,26|6,16|16,26|
#setting_targetting_pos=29,30|-1,-1|-1,-1|-1,-1|-1,-1|-1,-1|-1,-1|-1,-1|
#type=0,4,4,4,4,4,4,4,
........
#111111111111111
#assigned_pet=-1,-1,-1,-1,-1,-1,-1,-1,
#assigned_hub=-1,7,8,0,4,2,1,5,
#moving_targetting_pos=29,2|26,16|26,26|6,6|16,16|6,26|6,16|16,26|
#setting_targetting_pos=29,30|-1,-1|-1,-1|-1,-1|-1,-1|-1,-1|-1,-1|-1,-1|
#type=0,4,4,4,4,4,4,4,
........
#111111111111111
#assigned_pet=-1,-1,-1,-1,-1,-1,-1,-1,
#assigned_hub=-1,7,8,0,4,2,1,5,
#moving_targetting_pos=29,2|26,16|26,26|6,6|16,16|6,26|6,16|16,26|
#setting_targetting_pos=29,30|-1,-1|-1,-1|-1,-1|-1,-1|-1,-1|-1,-1|-1,-1|
#type=0,4,4,4,4,4,4,4,
........
#111111111111111
#assigned_pet=-1,-1,-1,-1,-1,-1,-1,-1,
#assigned_hub=-1,7,8,0,4,2,1,5,
#moving_targetting_pos=29,2|26,16|26,26|6,6|16,16|6,26|6,16|16,26|
#setting_targetting_pos=29,30|-1,-1|-1,-1|-1,-1|-1,-1|-1,-1|-1,-1|-1,-1|
#type=0,4,4,4,4,4,4,4,
........
#111111111111111
#assigned_pet=-1,-1,-1,-1,-1,-1,-1,-1,
#assigned_hub=-1,7,8,0,4,2,1,5,
#moving_targetting_pos=29,2|26,16|26,26|6,6|16,16|6,26|6,16|16,26|
#setting_targetting_pos=29,30|-1,-1|-1,-1|-1,-1|-1,-1|-1,-1|-1,-1|-1,-1|
#type=0,4,4,4,4,4,4,4,
........
#111111111111111
#assigned_pet=-1,-1,-1,-1,-1,-1,-1,-1,
#assigned_hub=-1,7,8,0,4,2,1,5,
#moving_targetting_pos=29,2|26,16|26,26|6,6|16,16|6,26|6,16|16,26|
#setting_targetting_pos=29,30|-1,-1|-1,-1|-1,-1|-1,-1|-1,-1|-1,-1|-1,-1|
#type=0,4,4,4,4,4,4,4,
........
#111111111111111
#assigned_pet=-1,-1,-1,-1,-1,-1,-1,-1,
#assigned_hub=-1,7,8,0,4,2,1,5,
#moving_targetting_pos=29,2|26,16|26,26|6,6|16,16|6,26|6,16|16,26|
#setting_targetting_pos=29,30|-1,-1|-1,-1|-1,-1|-1,-1|-1,-1|-1,-1|-1,-1|
#type=0,4,4,4,4,4,4,4,
........
#111111111111111
#assigned_pet=-1,-1,-1,-1,-1,-1,-1,-1,
#assigned_hub=-1,7,8,0,4,2,1,5,
#moving_targetting_pos=29,2|26,16|26,26|6,6|16,16|6,26|6,16|16,26|
#setting_targetting_pos=29,30|-1,-1|-1,-1|-1,-1|-1,-1|-1,-1|-1,-1|-1,-1|
#type=0,4,4,4,4,4,4,4,
........
#111111111111111
#assigned_pet=-1,-1,-1,-1,-1,-1,-1,-1,
#assigned_hub=-1,7,8,0,4,2,1,5,
#moving_targetting_pos=29,2|26,16|26,26|6,6|16,16|6,26|6,16|16,26|
#setting_targetting_pos=29,30|-1,-1|-1,-1|-1,-1|-1,-1|-1,-1|-1,-1|-1,-1|
#type=0,4,4,4,4,4,4,4,
........
#111111111111111
#assigned_pet=-1,-1,-1,-1,-1,-1,-1,-1,
#assigned_hub=-1,7,8,0,4,2,1,5,
#moving_targetting_pos=29,2|26,16|26,26|6,6|16,16|6,26|6,16|16,26|
#setting_targetting_pos=29,30|-1,-1|-1,-1|-1,-1|-1,-1|-1,-1|-1,-1|-1,-1|
#type=0,4,4,4,4,4,4,4,
........
#111111111111111
#assigned_pet=-1,-1,-1,-1,-1,-1,-1,-1,
#assigned_hub=-1,7,8,0,4,2,1,5,
#moving_targetting_pos=29,2|26,16|26,26|6,6|16,16|6,26|6,16|16,26|
#setting_targetting_pos=29,30|-1,-1|-1,-1|-1,-1|-1,-1|-1,-1|-1,-1|-1,-1|
#type=0,4,4,4,4,4,4,4,
........
#111111111111111
#assigned_pet=-1,-1,-1,-1,-1,-1,-1,-1,
#assigned_hub=-1,7,8,0,4,2,1,5,
#moving_targetting_pos=29,2|26,16|26,26|6,6|16,16|6,26|6,16|16,26|
#setting_targetting_pos=29,30|-1,-1|-1,-1|-1,-1|-1,-1|-1,-1|-1,-1|-1,-1|
#type=0,4,4,4,4,4,4,4,
........
#111111111111111
#assigned_pet=-1,-1,-1,-1,-1,-1,-1,-1,
#assigned_hub=-1,7,8,0,4,2,1,5,
#moving_targetting_pos=29,2|26,16|26,26|6,6|16,16|6,26|6,16|16,26|
#setting_targetting_pos=29,30|-1,-1|-1,-1|-1,-1|-1,-1|-1,-1|-1,-1|-1,-1|
#type=0,4,4,4,4,4,4,4,
........
#111111111111111
#assigned_pet=-1,-1,-1,-1,-1,-1,-1,-1,
#assigned_hub=-1,7,8,0,4,2,1,5,
#moving_targetting_pos=29,2|26,16|26,26|6,6|16,16|6,26|6,16|16,26|
#setting_targetting_pos=29,30|-1,-1|-1,-1|-1,-1|-1,-1|-1,-1|-1,-1|-1,-1|
#type=0,4,4,4,4,4,4,4,
........
#111111111111111
#assigned_pet=-1,-1,-1,-1,-1,-1,-1,-1,
#assigned_hub=-1,7,8,0,4,2,1,5,
#moving_targetting_pos=29,2|26,16|26,26|6,6|16,16|6,26|6,16|16,26|
#setting_targetting_pos=29,30|-1,-1|-1,-1|-1,-1|-1,-1|-1,-1|-1,-1|-1,-1|
#type=0,4,4,4,4,4,4,4,
........
#111111111111111
#assigned_pet=-1,-1,-1,-1,-1,-1,-1,-1,
#assigned_hub=-1,7,8,0,4,2,1,5,
#moving_targetting_pos=29,2|26,16|26,26|6,6|16,16|6,26|6,16|16,26|
#setting_targetting_pos=29,30|-1,-1|-1,-1|-1,-1|-1,-1|-1,-1|-1,-1|-1,-1|
#type=0,4,4,4,4,4,4,4,
........
#111111111111111
#assigned_pet=-1,-1,-1,-1,-1,-1,-1,-1,
#assigned_hub=-1,7,8,0,4,2,1,5,
#moving_targetting_pos=29,2|26,16|26,26|6,6|16,16|6,26|6,16|16,26|
#setting_targetting_pos=29,30|-1,-1|-1,-1|-1,-1|-1,-1|-1,-1|-1,-1|-1,-1|
#type=0,4,4,4,4,4,4,4,
........
#111111111111111
#assigned_pet=-1,-1,-1,-1,-1,-1,-1,-1,
#assigned_hub=-1,7,8,0,4,2,1,5,
#moving_targetting_pos=29,2|26,16|26,26|6,6|16,16|6,26|6,16|16,26|
#setting_targetting_pos=29,30|-1,-1|-1,-1|-1,-1|-1,-1|-1,-1|-1,-1|-1,-1|
#type=0,4,4,4,4,4,4,4,
........
#111111111111111
#assigned_pet=-1,-1,-1,-1,-1,-1,-1,-1,
#assigned_hub=-1,7,8,0,4,2,1,5,
#moving_targetting_pos=29,2|26,16|26,26|6,6|16,16|6,26|6,16|16,26|
#setting_targetting_pos=29,30|-1,-1|-1,-1|-1,-1|-1,-1|-1,-1|-1,-1|-1,-1|
#type=0,4,4,4,4,4,4,4,
........
#111111111111111
#assigned_pet=-1,-1,-1,-1,-1,-1,-1,-1,
#assigned_hub=-1,7,8,0,4,2,1,5,
#moving_targetting_pos=29,2|26,16|26,26|6,6|16,16|6,26|6,16|16,26|
#setting_targetting_pos=29,30|-1,-1|-1,-1|-1,-1|-1,-1|-1,-1|-1,-1|-1,-1|
#type=0,4,4,4,4,4,4,4,
........
#111111111111111
#assigned_pet=-1,-1,-1,-1,-1,-1,-1,-1,
#assigned_hub=-1,7,8,0,4,2,1,5,
#moving_targetting_pos=29,2|26,16|26,26|6,6|16,16|6,26|6,16|16,26|
#setting_targetting_pos=29,30|-1,-1|-1,-1|-1,-1|-1,-1|-1,-1|-1,-1|-1,-1|
#type=0,4,4,4,4,4,4,4,
........
#111111111111111
#assigned_pet=-1,-1,-1,-1,-1,-1,-1,-1,
#assigned_hub=-1,7,8,0,4,2,1,5,
#moving_targetting_pos=29,2|26,16|26,26|6,6|16,16|6,26|6,16|16,26|
#setting_targetting_pos=29,30|-1,-1|-1,-1|-1,-1|-1,-1|-1,-1|-1,-1|-1,-1|
#type=0,4,4,4,4,4,4,4,
........
#111111111111111
#assigned_pet=-1,-1,-1,-1,-1,-1,-1,-1,
#assigned_hub=-1,7,8,0,4,2,1,5,
#moving_targetting_pos=29,2|26,16|26,26|6,6|16,16|6,26|6,16|16,26|
#setting_targetting_pos=29,30|-1,-1|-1,-1|-1,-1|-1,-1|-1,-1|-1,-1|-1,-1|
#type=0,4,4,4,4,4,4,4,
........
#111111111111111
#assigned_pet=-1,-1,-1,-1,-1,-1,-1,-1,
#assigned_hub=-1,7,8,0,4,2,1,5,
#moving_targetting_pos=29,2|26,16|26,26|6,6|16,16|6,26|6,16|16,26|
#setting_targetting_pos=29,30|-1,-1|-1,-1|-1,-1|-1,-1|-1,-1|-1,-1|-1,-1|
#type=0,4,4,4,4,4,4,4,
........
#111111111111111
#assigned_pet=-1,-1,-1,-1,-1,-1,-1,-1,
#assigned_hub=-1,7,8,0,4,2,1,5,
#moving_targetting_pos=29,2|26,16|26,26|6,6|16,16|6,26|6,16|16,26|
#setting_targetting_pos=29,30|-1,-1|-1,-1|-1,-1|-1,-1|-1,-1|-1,-1|-1,-1|
#type=0,4,4,4,4,4,4,4,
........
#111111111111111
#assigned_pet=-1,-1,-1,-1,-1,-1,-1,-1,
#assigned_hub=-1,7,8,0,4,2,1,5,
#moving_targetting_pos=29,2|26,16|26,26|6,6|16,16|6,26|6,16|16,26|
#setting_targetting_pos=29,30|-1,-1|-1,-1|-1,-1|-1,-1|-1,-1|-1,-1|-1,-1|
#type=0,4,4,4,4,4,4,4,
........
#111111111111111
#assigned_pet=-1,-1,-1,-1,-1,-1,-1,-1,
#assigned_hub=-1,7,8,0,4,2,1,5,
#moving_targetting_pos=29,2|26,16|26,26|6,6|16,16|6,26|6,16|16,26|
#setting_targetting_pos=29,30|-1,-1|-1,-1|-1,-1|-1,-1|-1,-1|-1,-1|-1,-1|
#type=0,4,4,4,4,4,4,4,
........
#111111111111111
#assigned_pet=-1,-1,-1,-1,-1,-1,-1,-1,
#assigned_hub=-1,7,8,0,4,2,1,5,
#moving_targetting_pos=29,2|26,16|26,26|6,6|16,16|6,26|6,16|16,26|
#setting_targetting_pos=29,30|-1,-1|-1,-1|-1,-1|-1,-1|-1,-1|-1,-1|-1,-1|
#type=0,4,4,4,4,4,4,4,
........
#111111111111111
#assigned_pet=-1,-1,-1,-1,-1,-1,-1,-1,
#assigned_hub=-1,7,8,0,4,2,1,5,
#moving_targetting_pos=29,2|26,16|26,26|6,6|16,16|6,26|6,16|16,26|
#setting_targetting_pos=29,30|-1,-1|-1,-1|-1,-1|-1,-1|-1,-1|-1,-1|-1,-1|
#type=0,4,4,4,4,4,4,4,
........
#111111111111111
#assigned_pet=-1,-1,-1,-1,-1,-1,-1,-1,
#assigned_hub=-1,7,8,0,4,2,1,5,
#moving_targetting_pos=29,2|26,16|26,26|6,6|16,16|6,26|6,16|16,26|
#setting_targetting_pos=29,30|-1,-1|-1,-1|-1,-1|-1,-1|-1,-1|-1,-1|-1,-1|
#type=0,4,4,4,4,4,4,4,
........
#111111111111111
#assigned_pet=-1,-1,-1,-1,-1,-1,-1,-1,
#assigned_hub=-1,7,8,0,4,2,1,5,
#moving_targetting_pos=29,2|26,16|26,26|6,6|16,16|6,26|6,16|16,26|
#setting_targetting_pos=29,30|-1,-1|-1,-1|-1,-1|-1,-1|-1,-1|-1,-1|-1,-1|
#type=0,4,4,4,4,4,4,4,
........
#111111111111111
#assigned_pet=-1,-1,-1,-1,-1,-1,-1,-1,
#assigned_hub=-1,7,8,0,4,2,1,5,
#moving_targetting_pos=29,2|26,16|26,26|6,6|16,16|6,26|6,16|16,26|
#setting_targetting_pos=29,30|-1,-1|-1,-1|-1,-1|-1,-1|-1,-1|-1,-1|-1,-1|
#type=0,4,4,4,4,4,4,4,
........
#111111111111111
#assigned_pet=-1,-1,-1,-1,-1,-1,-1,-1,
#assigned_hub=-1,7,8,0,4,2,1,5,
#moving_targetting_pos=29,2|26,16|26,26|6,6|16,16|6,26|6,16|16,26|
#setting_targetting_pos=29,30|-1,-1|-1,-1|-1,-1|-1,-1|-1,-1|-1,-1|-1,-1|
#type=0,4,4,4,4,4,4,4,
........
#111111111111111
#assigned_pet=-1,-1,-1,-1,-1,-1,-1,-1,
#assigned_hub=-1,7,8,0,4,2,1,5,
#moving_targetting_pos=29,2|26,16|26,26|6,6|16,16|6,26|6,16|16,26|
#setting_targetting_pos=29,30|-1,-1|-1,-1|-1,-1|-1,-1|-1,-1|-1,-1|-1,-1|
#type=0,4,4,4,4,4,4,4,
........
#111111111111111
#assigned_pet=-1,-1,-1,-1,-1,-1,-1,-1,
#assigned_hub=-1,7,8,0,4,2,1,5,
#moving_targetting_pos=29,2|26,16|26,26|6,6|16,16|6,26|6,16|16,26|
#setting_targetting_pos=29,30|-1,-1|-1,-1|-1,-1|-1,-1|-1,-1|-1,-1|-1,-1|
#type=0,4,4,4,4,4,4,4,
........
#111111111111111
#assigned_pet=-1,-1,-1,-1,-1,-1,-1,-1,
#assigned_hub=-1,7,8,0,4,2,1,5,
#moving_targetting_pos=29,2|26,16|26,26|6,6|16,16|6,26|6,16|16,26|
#setting_targetting_pos=29,30|-1,-1|-1,-1|-1,-1|-1,-1|-1,-1|-1,-1|-1,-1|
#type=0,4,4,4,4,4,4,4,
........
#111111111111111
#assigned_pet=-1,-1,-1,-1,-1,-1,-1,-1,
#assigned_hub=-1,7,8,0,4,2,1,5,
#moving_targetting_pos=29,2|26,16|26,26|6,6|16,16|6,26|6,16|16,26|
#setting_targetting_pos=29,30|-1,-1|-1,-1|-1,-1|-1,-1|-1,-1|-1,-1|-1,-1|
#type=0,4,4,4,4,4,4,4,
........
#111111111111111
#assigned_pet=-1,-1,-1,-1,-1,-1,-1,-1,
#assigned_hub=-1,7,8,0,4,2,1,5,
#moving_targetting_pos=29,2|26,16|26,26|6,6|16,16|6,26|6,16|16,26|
#setting_targetting_pos=29,30|-1,-1|-1,-1|-1,-1|-1,-1|-1,-1|-1,-1|-1,-1|
#type=0,4,4,4,4,4,4,4,
........
#111111111111111
#assigned_pet=-1,-1,-1,-1,-1,-1,-1,-1,
#assigned_hub=-1,7,8,0,4,2,1,5,
#moving_targetting_pos=29,2|26,16|26,26|6,6|16,16|6,26|6,16|16,26|
#setting_targetting_pos=29,30|-1,-1|-1,-1|-1,-1|-1,-1|-1,-1|-1,-1|-1,-1|
#type=0,4,4,4,4,4,4,4,
........
#111111111111111
#assigned_pet=-1,-1,-1,-1,-1,-1,-1,-1,
#assigned_hub=-1,7,8,0,4,2,1,5,
#moving_targetting_pos=29,2|26,16|26,26|6,6|16,16|6,26|6,16|16,26|
#setting_targetting_pos=29,30|-1,-1|-1,-1|-1,-1|-1,-1|-1,-1|-1,-1|-1,-1|
#type=0,4,4,4,4,4,4,4,
........
#111111111111111
#assigned_pet=-1,-1,-1,-1,-1,-1,-1,-1,
#assigned_hub=-1,7,8,0,4,2,1,5,
#moving_targetting_pos=29,2|26,16|26,26|6,6|16,16|6,26|6,16|16,26|
#setting_targetting_pos=29,30|-1,-1|-1,-1|-1,-1|-1,-1|-1,-1|-1,-1|-1,-1|
#type=0,4,4,4,4,4,4,4,
........
#111111111111111
#assigned_pet=-1,-1,-1,-1,-1,-1,-1,-1,
#assigned_hub=-1,7,8,0,4,2,1,5,
#moving_targetting_pos=29,2|26,16|26,26|6,6|16,16|6,26|6,16|16,26|
#setting_targetting_pos=29,30|-1,-1|-1,-1|-1,-1|-1,-1|-1,-1|-1,-1|-1,-1|
#type=0,4,4,4,4,4,4,4,
........
#111111111111111
#assigned_pet=-1,-1,-1,-1,-1,-1,-1,-1,
#assigned_hub=-1,7,8,0,4,2,1,5,
#moving_targetting_pos=29,2|26,16|26,26|6,6|16,16|6,26|6,16|16,26|
#setting_targetting_pos=29,30|-1,-1|-1,-1|-1,-1|-1,-1|-1,-1|-1,-1|-1,-1|
#type=0,4,4,4,4,4,4,4,
........
#111111111111111
#assigned_pet=-1,-1,-1,-1,-1,-1,-1,-1,
#assigned_hub=-1,7,8,0,4,2,1,5,
#moving_targetting_pos=29,2|26,16|26,26|6,6|16,16|6,26|6,16|16,26|
#setting_targetting_pos=29,30|-1,-1|-1,-1|-1,-1|-1,-1|-1,-1|-1,-1|-1,-1|
#type=0,4,4,4,4,4,4,4,
........
#111111111111111
#assigned_pet=-1,-1,-1,-1,-1,-1,-1,-1,
#assigned_hub=-1,7,8,0,4,2,1,5,
#moving_targetting_pos=29,2|26,16|26,26|6,6|16,16|6,26|6,16|16,26|
#setting_targetting_pos=29,30|-1,-1|-1,-1|-1,-1|-1,-1|-1,-1|-1,-1|-1,-1|
#type=0,4,4,4,4,4,4,4,
........
#111111111111111
#assigned_pet=-1,-1,-1,-1,-1,-1,-1,-1,
#assigned_hub=-1,7,8,0,4,2,1,5,
#moving_targetting_pos=29,2|26,16|26,26|6,6|16,16|6,26|6,16|16,26|
#setting_targetting_pos=29,30|-1,-1|-1,-1|-1,-1|-1,-1|-1,-1|-1,-1|-1,-1|
#type=0,4,4,4,4,4,4,4,
........
#111111111111111
#assigned_pet=-1,-1,-1,-1,-1,-1,-1,-1,
#assigned_hub=-1,7,8,0,4,2,1,5,
#moving_targetting_pos=29,2|26,16|26,26|6,6|16,16|6,26|6,16|16,26|
#setting_targetting_pos=29,30|-1,-1|-1,-1|-1,-1|-1,-1|-1,-1|-1,-1|-1,-1|
#type=0,4,4,4,4,4,4,4,
........
#111111111111111
#assigned_pet=-1,-1,-1,-1,-1,-1,-1,-1,
#assigned_hub=-1,7,8,0,4,2,1,5,
#moving_targetting_pos=29,2|26,16|26,26|6,6|16,16|6,26|6,16|16,26|
#setting_targetting_pos=29,30|-1,-1|-1,-1|-1,-1|-1,-1|-1,-1|-1,-1|-1,-1|
#type=0,4,4,4,4,4,4,4,
........
#111111111111111
#assigned_pet=-1,-1,-1,-1,-1,-1,-1,-1,
#assigned_hub=-1,7,8,0,4,2,1,5,
#moving_targetting_pos=29,2|26,16|26,26|6,6|16,16|6,26|6,16|16,26|
#setting_targetting_pos=29,30|-1,-1|-1,-1|-1,-1|-1,-1|-1,-1|-1,-1|-1,-1|
#type=0,4,4,4,4,4,4,4,
........
#111111111111111
#assigned_pet=-1,-1,-1,-1,-1,-1,-1,-1,
#assigned_hub=-1,7,8,0,4,2,1,5,
#moving_targetting_pos=29,2|26,16|26,26|6,6|16,16|6,26|6,16|16,26|
#setting_targetting_pos=29,30|-1,-1|-1,-1|-1,-1|-1,-1|-1,-1|-1,-1|-1,-1|
#type=0,4,4,4,4,4,4,4,
........
#111111111111111
#assigned_pet=-1,-1,-1,-1,-1,-1,-1,-1,
#assigned_hub=-1,7,8,0,4,2,1,5,
#moving_targetting_pos=29,2|26,16|26,26|6,6|16,16|6,26|6,16|16,26|
#setting_targetting_pos=29,30|-1,-1|-1,-1|-1,-1|-1,-1|-1,-1|-1,-1|-1,-1|
#type=0,4,4,4,4,4,4,4,
........
#111111111111111
#assigned_pet=-1,-1,-1,-1,-1,-1,-1,-1,
#assigned_hub=-1,7,8,0,4,2,1,5,
#moving_targetting_pos=29,2|26,16|26,26|6,6|16,16|6,26|6,16|16,26|
#setting_targetting_pos=29,30|-1,-1|-1,-1|-1,-1|-1,-1|-1,-1|-1,-1|-1,-1|
#type=0,4,4,4,4,4,4,4,
........
#111111111111111
#assigned_pet=-1,-1,-1,-1,-1,-1,-1,-1,
#assigned_hub=-1,7,8,0,4,2,1,5,
#moving_targetting_pos=29,2|26,16|26,26|6,6|16,16|6,26|6,16|16,26|
#setting_targetting_pos=29,30|-1,-1|-1,-1|-1,-1|-1,-1|-1,-1|-1,-1|-1,-1|
#type=0,4,4,4,4,4,4,4,
........
#111111111111111
#assigned_pet=-1,-1,-1,-1,-1,-1,-1,-1,
#assigned_hub=-1,7,8,0,4,2,1,5,
#moving_targetting_pos=29,2|26,16|26,26|6,6|16,16|6,26|6,16|16,26|
#setting_targetting_pos=29,30|-1,-1|-1,-1|-1,-1|-1,-1|-1,-1|-1,-1|-1,-1|
#type=0,4,4,4,4,4,4,4,
........
#111111111111111
#assigned_pet=-1,-1,-1,-1,-1,-1,-1,-1,
#assigned_hub=-1,7,8,0,4,2,1,5,
#moving_targetting_pos=29,2|26,16|26,26|6,6|16,16|6,26|6,16|16,26|
#setting_targetting_pos=29,30|-1,-1|-1,-1|-1,-1|-1,-1|-1,-1|-1,-1|-1,-1|
#type=0,4,4,4,4,4,4,4,
........
#111111111111111
#assigned_pet=-1,-1,-1,-1,-1,-1,-1,-1,
#assigned_hub=-1,7,8,0,4,2,1,5,
#moving_targetting_pos=29,2|26,16|26,26|6,6|16,16|6,26|6,16|16,26|
#setting_targetting_pos=29,30|-1,-1|-1,-1|-1,-1|-1,-1|-1,-1|-1,-1|-1,-1|
#type=0,4,4,4,4,4,4,4,
........
#111111111111111
#assigned_pet=-1,-1,-1,-1,-1,-1,-1,-1,
#assigned_hub=-1,7,8,0,4,2,1,5,
#moving_targetting_pos=29,2|26,16|26,26|6,6|16,16|6,26|6,16|16,26|
#setting_targetting_pos=29,30|-1,-1|-1,-1|-1,-1|-1,-1|-1,-1|-1,-1|-1,-1|
#type=0,4,4,4,4,4,4,4,
........
#111111111111111
#assigned_pet=-1,-1,-1,-1,-1,-1,-1,-1,
#assigned_hub=-1,7,8,0,4,2,1,5,
#moving_targetting_pos=29,2|26,16|26,26|6,6|16,16|6,26|6,16|16,26|
#setting_targetting_pos=29,30|-1,-1|-1,-1|-1,-1|-1,-1|-1,-1|-1,-1|-1,-1|
#type=0,4,4,4,4,4,4,4,
........
#111111111111111
#assigned_pet=-1,-1,-1,-1,-1,-1,-1,-1,
#assigned_hub=-1,7,8,0,4,2,1,5,
#moving_targetting_pos=29,2|26,16|26,26|6,6|16,16|6,26|6,16|16,26|
#setting_targetting_pos=29,30|-1,-1|-1,-1|-1,-1|-1,-1|-1,-1|-1,-1|-1,-1|
#type=0,4,4,4,4,4,4,4,
........
#111111111111111
#assigned_pet=-1,-1,-1,-1,-1,-1,-1,-1,
#assigned_hub=-1,7,8,0,4,2,1,5,
#moving_targetting_pos=29,2|26,16|26,26|6,6|16,16|6,26|6,16|16,26|
#setting_targetting_pos=29,30|-1,-1|-1,-1|-1,-1|-1,-1|-1,-1|-1,-1|-1,-1|
#type=0,4,4,4,4,4,4,4,
........
#111111111111111
#assigned_pet=-1,-1,-1,-1,-1,-1,-1,-1,
#assigned_hub=-1,7,8,0,4,2,1,5,
#moving_targetting_pos=29,2|26,16|26,26|6,6|16,16|6,26|6,16|16,26|
#setting_targetting_pos=29,30|-1,-1|-1,-1|-1,-1|-1,-1|-1,-1|-1,-1|-1,-1|
#type=0,4,4,4,4,4,4,4,
........
#111111111111111
#assigned_pet=-1,-1,-1,-1,-1,-1,-1,-1,
#assigned_hub=-1,7,8,0,4,2,1,5,
#moving_targetting_pos=29,2|26,16|26,26|6,6|16,16|6,26|6,16|16,26|
#setting_targetting_pos=29,30|-1,-1|-1,-1|-1,-1|-1,-1|-1,-1|-1,-1|-1,-1|
#type=0,4,4,4,4,4,4,4,
........
#111111111111111
#assigned_pet=-1,-1,-1,-1,-1,-1,-1,-1,
#assigned_hub=-1,7,8,0,4,2,1,5,
#moving_targetting_pos=29,2|26,16|26,26|6,6|16,16|6,26|6,16|16,26|
#setting_targetting_pos=29,30|-1,-1|-1,-1|-1,-1|-1,-1|-1,-1|-1,-1|-1,-1|
#type=0,4,4,4,4,4,4,4,
........
#111111111111111
#assigned_pet=-1,-1,-1,-1,-1,-1,-1,-1,
#assigned_hub=-1,7,8,0,4,2,1,5,
#moving_targetting_pos=29,2|26,16|26,26|6,6|16,16|6,26|6,16|16,26|
#setting_targetting_pos=29,30|-1,-1|-1,-1|-1,-1|-1,-1|-1,-1|-1,-1|-1,-1|
#type=0,4,4,4,4,4,4,4,
........
#111111111111111
#assigned_pet=-1,-1,-1,-1,-1,-1,-1,-1,
#assigned_hub=-1,7,8,0,4,2,1,5,
#moving_targetting_pos=29,2|26,16|26,26|6,6|16,16|6,26|6,16|16,26|
#setting_targetting_pos=29,30|-1,-1|-1,-1|-1,-1|-1,-1|-1,-1|-1,-1|-1,-1|
#type=0,4,4,4,4,4,4,4,
........
#111111111111111
#assigned_pet=-1,-1,-1,-1,-1,-1,-1,-1,
#assigned_hub=-1,7,8,0,4,2,1,5,
#moving_targetting_pos=29,2|26,16|26,26|6,6|16,16|6,26|6,16|16,26|
#setting_targetting_pos=29,30|-1,-1|-1,-1|-1,-1|-1,-1|-1,-1|-1,-1|-1,-1|
#type=0,4,4,4,4,4,4,4,
........
#111111111111111
#assigned_pet=-1,-1,-1,-1,-1,-1,-1,-1,
#assigned_hub=-1,7,8,0,4,2,1,5,
#moving_targetting_pos=29,2|26,16|26,26|6,6|16,16|6,26|6,16|16,26|
#setting_targetting_pos=29,30|-1,-1|-1,-1|-1,-1|-1,-1|-1,-1|-1,-1|-1,-1|
#type=0,4,4,4,4,4,4,4,
........
#111111111111111
#assigned_pet=-1,-1,-1,-1,-1,-1,-1,-1,
#assigned_hub=-1,7,8,0,4,2,1,5,
#moving_targetting_pos=29,2|26,16|26,26|6,6|16,16|6,26|6,16|16,26|
#setting_targetting_pos=29,30|-1,-1|-1,-1|-1,-1|-1,-1|-1,-1|-1,-1|-1,-1|
#type=0,4,4,4,4,4,4,4,
........
#111111111111111
#assigned_pet=-1,-1,-1,-1,-1,-1,-1,-1,
#assigned_hub=-1,7,8,0,4,2,1,5,
#moving_targetting_pos=29,2|26,16|26,26|6,6|16,16|6,26|6,16|16,26|
#setting_targetting_pos=29,30|-1,-1|-1,-1|-1,-1|-1,-1|-1,-1|-1,-1|-1,-1|
#type=0,4,4,4,4,4,4,4,
........
#111111111111111
#assigned_pet=-1,-1,-1,-1,-1,-1,-1,-1,
#assigned_hub=-1,7,8,0,4,2,1,5,
#moving_targetting_pos=29,2|26,16|26,26|6,6|16,16|6,26|6,16|16,26|
#setting_targetting_pos=29,30|-1,-1|-1,-1|-1,-1|-1,-1|-1,-1|-1,-1|-1,-1|
#type=0,4,4,4,4,4,4,4,
........
#111111111111111
#assigned_pet=-1,-1,-1,-1,-1,-1,-1,-1,
#assigned_hub=-1,7,8,0,4,2,1,5,
#moving_targetting_pos=29,2|26,16|26,26|6,6|16,16|6,26|6,16|16,26|
#setting_targetting_pos=29,30|-1,-1|-1,-1|-1,-1|-1,-1|-1,-1|-1,-1|-1,-1|
#type=0,4,4,4,4,4,4,4,
........
#111111111111111
#assigned_pet=-1,-1,-1,-1,-1,-1,-1,-1,
#assigned_hub=-1,7,8,0,4,2,1,5,
#moving_targetting_pos=29,2|26,16|26,26|6,6|16,16|6,26|6,16|16,26|
#setting_targetting_pos=29,30|-1,-1|-1,-1|-1,-1|-1,-1|-1,-1|-1,-1|-1,-1|
#type=0,4,4,4,4,4,4,4,
........
#111111111111111
#assigned_pet=-1,-1,-1,-1,-1,-1,-1,-1,
#assigned_hub=-1,7,8,0,4,2,1,5,
#moving_targetting_pos=29,2|26,16|26,26|6,6|16,16|6,26|6,16|16,26|
#setting_targetting_pos=29,30|-1,-1|-1,-1|-1,-1|-1,-1|-1,-1|-1,-1|-1,-1|
#type=0,4,4,4,4,4,4,4,
........
#111111111111111
#assigned_pet=-1,-1,-1,-1,-1,-1,-1,-1,
#assigned_hub=-1,7,8,0,4,2,1,5,
#moving_targetting_pos=29,2|26,16|26,26|6,6|16,16|6,26|6,16|16,26|
#setting_targetting_pos=29,30|-1,-1|-1,-1|-1,-1|-1,-1|-1,-1|-1,-1|-1,-1|
#type=0,4,4,4,4,4,4,4,
........
#111111111111111
#assigned_pet=-1,-1,-1,-1,-1,-1,-1,-1,
#assigned_hub=-1,7,8,0,4,2,1,5,
#moving_targetting_pos=29,2|26,16|26,26|6,6|16,16|6,26|6,16|16,26|
#setting_targetting_pos=29,30|-1,-1|-1,-1|-1,-1|-1,-1|-1,-1|-1,-1|-1,-1|
#type=0,4,4,4,4,4,4,4,
........
#111111111111111
#assigned_pet=-1,-1,-1,-1,-1,-1,-1,-1,
#assigned_hub=-1,7,8,0,4,2,1,5,
#moving_targetting_pos=29,2|26,16|26,26|6,6|16,16|6,26|6,16|16,26|
#setting_targetting_pos=29,30|-1,-1|-1,-1|-1,-1|-1,-1|-1,-1|-1,-1|-1,-1|
#type=0,4,4,4,4,4,4,4,
........
#111111111111111
#assigned_pet=-1,-1,-1,-1,-1,-1,-1,-1,
#assigned_hub=-1,7,8,0,4,2,1,5,
#moving_targetting_pos=29,2|26,16|26,26|6,6|16,16|6,26|6,16|16,26|
#setting_targetting_pos=29,30|-1,-1|-1,-1|-1,-1|-1,-1|-1,-1|-1,-1|-1,-1|
#type=0,4,4,4,4,4,4,4,
........
#111111111111111
#assigned_pet=-1,-1,-1,-1,-1,-1,-1,-1,
#assigned_hub=-1,7,8,0,4,2,1,5,
#moving_targetting_pos=29,2|26,16|26,26|6,6|16,16|6,26|6,16|16,26|
#setting_targetting_pos=29,30|-1,-1|-1,-1|-1,-1|-1,-1|-1,-1|-1,-1|-1,-1|
#type=0,4,4,4,4,4,4,4,
........
#111111111111111
#assigned_pet=-1,-1,-1,-1,-1,-1,-1,-1,
#assigned_hub=-1,7,8,0,4,2,1,5,
#moving_targetting_pos=29,2|26,16|26,26|6,6|16,16|6,26|6,16|16,26|
#setting_targetting_pos=29,30|-1,-1|-1,-1|-1,-1|-1,-1|-1,-1|-1,-1|-1,-1|
#type=0,4,4,4,4,4,4,4,
........
#111111111111111
#assigned_pet=-1,-1,-1,-1,-1,-1,-1,-1,
#assigned_hub=-1,7,8,0,4,2,1,5,
#moving_targetting_pos=29,2|26,16|26,26|6,6|16,16|6,26|6,16|16,26|
#setting_targetting_pos=29,30|-1,-1|-1,-1|-1,-1|-1,-1|-1,-1|-1,-1|-1,-1|
#type=0,4,4,4,4,4,4,4,
........
#111111111111111
#assigned_pet=-1,-1,-1,-1,-1,-1,-1,-1,
#assigned_hub=-1,7,8,0,4,2,1,5,
#moving_targetting_pos=29,2|26,16|26,26|6,6|16,16|6,26|6,16|16,26|
#setting_targetting_pos=29,30|-1,-1|-1,-1|-1,-1|-1,-1|-1,-1|-1,-1|-1,-1|
#type=0,4,4,4,4,4,4,4,
........
#111111111111111
#assigned_pet=-1,-1,-1,-1,-1,-1,-1,-1,
#assigned_hub=-1,7,8,0,4,2,1,5,
#moving_targetting_pos=29,2|26,16|26,26|6,6|16,16|6,26|6,16|16,26|
#setting_targetting_pos=29,30|-1,-1|-1,-1|-1,-1|-1,-1|-1,-1|-1,-1|-1,-1|
#type=0,4,4,4,4,4,4,4,
........
#111111111111111
#assigned_pet=-1,-1,-1,-1,-1,-1,-1,-1,
#assigned_hub=-1,7,8,0,4,2,1,5,
#moving_targetting_pos=29,2|26,16|26,26|6,6|16,16|6,26|6,16|16,26|
#setting_targetting_pos=29,30|-1,-1|-1,-1|-1,-1|-1,-1|-1,-1|-1,-1|-1,-1|
#type=0,4,4,4,4,4,4,4,
........
#111111111111111
#assigned_pet=-1,-1,-1,-1,-1,-1,-1,-1,
#assigned_hub=-1,7,8,0,4,2,1,5,
#moving_targetting_pos=29,2|26,16|26,26|6,6|16,16|6,26|6,16|16,26|
#setting_targetting_pos=29,30|-1,-1|-1,-1|-1,-1|-1,-1|-1,-1|-1,-1|-1,-1|
#type=0,4,4,4,4,4,4,4,
........
#111111111111111
#assigned_pet=-1,-1,-1,-1,-1,-1,-1,-1,
#assigned_hub=-1,7,8,0,4,2,1,5,
#moving_targetting_pos=29,2|26,16|26,26|6,6|16,16|6,26|6,16|16,26|
#setting_targetting_pos=29,30|-1,-1|-1,-1|-1,-1|-1,-1|-1,-1|-1,-1|-1,-1|
#type=0,4,4,4,4,4,4,4,
........
#111111111111111
#assigned_pet=-1,-1,-1,-1,-1,-1,-1,-1,
#assigned_hub=-1,7,8,0,4,2,1,5,
#moving_targetting_pos=29,2|26,16|26,26|6,6|16,16|6,26|6,16|16,26|
#setting_targetting_pos=29,30|-1,-1|-1,-1|-1,-1|-1,-1|-1,-1|-1,-1|-1,-1|
#type=0,4,4,4,4,4,4,4,
........
#111111111111111
#assigned_pet=-1,-1,-1,-1,-1,-1,-1,-1,
#assigned_hub=-1,7,8,0,4,2,1,5,
#moving_targetting_pos=29,2|26,16|26,26|6,6|16,16|6,26|6,16|16,26|
#setting_targetting_pos=29,30|-1,-1|-1,-1|-1,-1|-1,-1|-1,-1|-1,-1|-1,-1|
#type=0,4,4,4,4,4,4,4,
........
#111111111111111
#assigned_pet=-1,-1,-1,-1,-1,-1,-1,-1,
#assigned_hub=-1,7,8,0,4,2,1,5,
#moving_targetting_pos=29,2|26,16|26,26|6,6|16,16|6,26|6,16|16,26|
#setting_targetting_pos=29,30|-1,-1|-1,-1|-1,-1|-1,-1|-1,-1|-1,-1|-1,-1|
#type=0,4,4,4,4,4,4,4,
........
#111111111111111
#assigned_pet=-1,-1,-1,-1,-1,-1,-1,-1,
#assigned_hub=-1,7,8,0,4,2,1,5,
#moving_targetting_pos=29,2|26,16|26,26|6,6|16,16|6,26|6,16|16,26|
#setting_targetting_pos=29,30|-1,-1|-1,-1|-1,-1|-1,-1|-1,-1|-1,-1|-1,-1|
#type=0,4,4,4,4,4,4,4,
........
#111111111111111
#assigned_pet=-1,-1,-1,-1,-1,-1,-1,-1,
#assigned_hub=-1,7,8,0,4,2,1,5,
#moving_targetting_pos=29,2|26,16|26,26|6,6|16,16|6,26|6,16|16,26|
#setting_targetting_pos=29,30|-1,-1|-1,-1|-1,-1|-1,-1|-1,-1|-1,-1|-1,-1|
#type=0,4,4,4,4,4,4,4,
........
#111111111111111
#assigned_pet=-1,-1,-1,-1,-1,-1,-1,-1,
#assigned_hub=-1,7,8,0,4,2,1,5,
#moving_targetting_pos=29,2|26,16|26,26|6,6|16,16|6,26|6,16|16,26|
#setting_targetting_pos=29,30|-1,-1|-1,-1|-1,-1|-1,-1|-1,-1|-1,-1|-1,-1|
#type=0,4,4,4,4,4,4,4,
........
#111111111111111
#assigned_pet=-1,-1,-1,-1,-1,-1,-1,-1,
#assigned_hub=-1,7,8,0,4,2,1,5,
#moving_targetting_pos=29,2|26,16|26,26|6,6|16,16|6,26|6,16|16,26|
#setting_targetting_pos=29,30|-1,-1|-1,-1|-1,-1|-1,-1|-1,-1|-1,-1|-1,-1|
#type=0,4,4,4,4,4,4,4,
........
#111111111111111
#assigned_pet=-1,-1,-1,-1,-1,-1,-1,-1,
#assigned_hub=-1,7,8,0,4,2,1,5,
#moving_targetting_pos=29,2|26,16|26,26|6,6|16,16|6,26|6,16|16,26|
#setting_targetting_pos=29,30|-1,-1|-1,-1|-1,-1|-1,-1|-1,-1|-1,-1|-1,-1|
#type=0,4,4,4,4,4,4,4,
........
#111111111111111
#assigned_pet=-1,-1,-1,-1,-1,-1,-1,-1,
#assigned_hub=-1,7,8,0,4,2,1,5,
#moving_targetting_pos=29,2|26,16|26,26|6,6|16,16|6,26|6,16|16,26|
#setting_targetting_pos=29,30|-1,-1|-1,-1|-1,-1|-1,-1|-1,-1|-1,-1|-1,-1|
#type=0,4,4,4,4,4,4,4,
........
#111111111111111
#assigned_pet=-1,-1,-1,-1,-1,-1,-1,-1,
#assigned_hub=-1,7,8,0,4,2,1,5,
#moving_targetting_pos=29,2|26,16|26,26|6,6|16,16|6,26|6,16|16,26|
#setting_targetting_pos=29,30|-1,-1|-1,-1|-1,-1|-1,-1|-1,-1|-1,-1|-1,-1|
#type=0,4,4,4,4,4,4,4,
........
#111111111111111
#assigned_pet=-1,-1,-1,-1,-1,-1,-1,-1,
#assigned_hub=-1,7,8,0,4,2,1,5,
#moving_targetting_pos=29,2|26,16|26,26|6,6|16,16|6,26|6,16|16,26|
#setting_targetting_pos=29,30|-1,-1|-1,-1|-1,-1|-1,-1|-1,-1|-1,-1|-1,-1|
#type=0,4,4,4,4,4,4,4,
........
#111111111111111
#assigned_pet=-1,-1,-1,-1,-1,-1,-1,-1,
#assigned_hub=-1,7,8,0,4,2,1,5,
#moving_targetting_pos=29,2|26,16|26,26|6,6|16,16|6,26|6,16|16,26|
#setting_targetting_pos=29,30|-1,-1|-1,-1|-1,-1|-1,-1|-1,-1|-1,-1|-1,-1|
#type=0,4,4,4,4,4,4,4,
........
#111111111111111
#assigned_pet=-1,-1,-1,-1,-1,-1,-1,-1,
#assigned_hub=-1,7,8,0,4,2,1,5,
#moving_targetting_pos=29,2|26,16|26,26|6,6|16,16|6,26|6,16|16,26|
#setting_targetting_pos=29,30|-1,-1|-1,-1|-1,-1|-1,-1|-1,-1|-1,-1|-1,-1|
#type=0,4,4,4,4,4,4,4,
........
#111111111111111
#assigned_pet=-1,-1,-1,-1,-1,-1,-1,-1,
#assigned_hub=-1,7,8,0,4,2,1,5,
#moving_targetting_pos=29,2|26,16|26,26|6,6|16,16|6,26|6,16|16,26|
#setting_targetting_pos=29,30|-1,-1|-1,-1|-1,-1|-1,-1|-1,-1|-1,-1|-1,-1|
#type=0,4,4,4,4,4,4,4,
........
#111111111111111
#assigned_pet=-1,-1,-1,-1,-1,-1,-1,-1,
#assigned_hub=-1,7,8,0,4,2,1,5,
#moving_targetting_pos=29,2|26,16|26,26|6,6|16,16|6,26|6,16|16,26|
#setting_targetting_pos=29,30|-1,-1|-1,-1|-1,-1|-1,-1|-1,-1|-1,-1|-1,-1|
#type=0,4,4,4,4,4,4,4,
........
#111111111111111
#assigned_pet=-1,-1,-1,-1,-1,-1,-1,-1,
#assigned_hub=-1,7,8,0,4,2,1,5,
#moving_targetting_pos=29,2|26,16|26,26|6,6|16,16|6,26|6,16|16,26|
#setting_targetting_pos=29,30|-1,-1|-1,-1|-1,-1|-1,-1|-1,-1|-1,-1|-1,-1|
#type=0,4,4,4,4,4,4,4,
........
#111111111111111
#assigned_pet=-1,-1,-1,-1,-1,-1,-1,-1,
#assigned_hub=-1,7,8,0,4,2,1,5,
#moving_targetting_pos=29,2|26,16|26,26|6,6|16,16|6,26|6,16|16,26|
#setting_targetting_pos=29,30|-1,-1|-1,-1|-1,-1|-1,-1|-1,-1|-1,-1|-1,-1|
#type=0,4,4,4,4,4,4,4,
........
#111111111111111
#assigned_pet=-1,-1,-1,-1,-1,-1,-1,-1,
#assigned_hub=-1,7,8,0,4,2,1,5,
#moving_targetting_pos=29,2|26,16|26,26|6,6|16,16|6,26|6,16|16,26|
#setting_targetting_pos=29,30|-1,-1|-1,-1|-1,-1|-1,-1|-1,-1|-1,-1|-1,-1|
#type=0,4,4,4,4,4,4,4,
........
#111111111111111
#assigned_pet=-1,-1,-1,-1,-1,-1,-1,-1,
#assigned_hub=-1,7,8,0,4,2,1,5,
#moving_targetting_pos=29,2|26,16|26,26|6,6|16,16|6,26|6,16|16,26|
#setting_targetting_pos=29,30|-1,-1|-1,-1|-1,-1|-1,-1|-1,-1|-1,-1|-1,-1|
#type=0,4,4,4,4,4,4,4,
........
#111111111111111
#assigned_pet=-1,-1,-1,-1,-1,-1,-1,-1,
#assigned_hub=-1,7,8,0,4,2,1,5,
#moving_targetting_pos=29,2|26,16|26,26|6,6|16,16|6,26|6,16|16,26|
#setting_targetting_pos=29,30|-1,-1|-1,-1|-1,-1|-1,-1|-1,-1|-1,-1|-1,-1|
#type=0,4,4,4,4,4,4,4,
........
#111111111111111
#assigned_pet=-1,-1,-1,-1,-1,-1,-1,-1,
#assigned_hub=-1,7,8,0,4,2,1,5,
#moving_targetting_pos=29,2|26,16|26,26|6,6|16,16|6,26|6,16|16,26|
#setting_targetting_pos=29,30|-1,-1|-1,-1|-1,-1|-1,-1|-1,-1|-1,-1|-1,-1|
#type=0,4,4,4,4,4,4,4,
........
#111111111111111
#assigned_pet=-1,-1,-1,-1,-1,-1,-1,-1,
#assigned_hub=-1,7,8,0,4,2,1,5,
#moving_targetting_pos=29,2|26,16|26,26|6,6|16,16|6,26|6,16|16,26|
#setting_targetting_pos=29,30|-1,-1|-1,-1|-1,-1|-1,-1|-1,-1|-1,-1|-1,-1|
#type=0,4,4,4,4,4,4,4,
........
#111111111111111
#assigned_pet=-1,-1,-1,-1,-1,-1,-1,-1,
#assigned_hub=-1,7,8,0,4,2,1,5,
#moving_targetting_pos=29,2|26,16|26,26|6,6|16,16|6,26|6,16|16,26|
#setting_targetting_pos=29,30|-1,-1|-1,-1|-1,-1|-1,-1|-1,-1|-1,-1|-1,-1|
#type=0,4,4,4,4,4,4,4,
........
#111111111111111
#assigned_pet=-1,-1,-1,-1,-1,-1,-1,-1,
#assigned_hub=-1,7,8,0,4,2,1,5,
#moving_targetting_pos=29,2|26,16|26,26|6,6|16,16|6,26|6,16|16,26|
#setting_targetting_pos=29,30|-1,-1|-1,-1|-1,-1|-1,-1|-1,-1|-1,-1|-1,-1|
#type=0,4,4,4,4,4,4,4,
........
#111111111111111
#assigned_pet=-1,-1,-1,-1,-1,-1,-1,-1,
#assigned_hub=-1,7,8,0,4,2,1,5,
#moving_targetting_pos=29,2|26,16|26,26|6,6|16,16|6,26|6,16|16,26|
#setting_targetting_pos=29,30|-1,-1|-1,-1|-1,-1|-1,-1|-1,-1|-1,-1|-1,-1|
#type=0,4,4,4,4,4,4,4,
........
#111111111111111
#assigned_pet=-1,-1,-1,-1,-1,-1,-1,-1,
#assigned_hub=-1,7,8,0,4,2,1,5,
#moving_targetting_pos=29,2|26,16|26,26|6,6|16,16|6,26|6,16|16,26|
#setting_targetting_pos=29,30|-1,-1|-1,-1|-1,-1|-1,-1|-1,-1|-1,-1|-1,-1|
#type=0,4,4,4,4,4,4,4,
........
#111111111111111
#assigned_pet=-1,-1,-1,-1,-1,-1,-1,-1,
#assigned_hub=-1,7,8,0,4,2,1,5,
#moving_targetting_pos=29,2|26,16|26,26|6,6|16,16|6,26|6,16|16,26|
#setting_targetting_pos=29,30|-1,-1|-1,-1|-1,-1|-1,-1|-1,-1|-1,-1|-1,-1|
#type=0,4,4,4,4,4,4,4,
........
#111111111111111
#assigned_pet=-1,-1,-1,-1,-1,-1,-1,-1,
#assigned_hub=-1,7,8,0,4,2,1,5,
#moving_targetting_pos=29,2|26,16|26,26|6,6|16,16|6,26|6,16|16,26|
#setting_targetting_pos=29,30|-1,-1|-1,-1|-1,-1|-1,-1|-1,-1|-1,-1|-1,-1|
#type=0,4,4,4,4,4,4,4,
........
#111111111111111
#assigned_pet=-1,-1,-1,-1,-1,-1,-1,-1,
#assigned_hub=-1,7,8,0,4,2,1,5,
#moving_targetting_pos=29,2|26,16|26,26|6,6|16,16|6,26|6,16|16,26|
#setting_targetting_pos=29,30|-1,-1|-1,-1|-1,-1|-1,-1|-1,-1|-1,-1|-1,-1|
#type=0,4,4,4,4,4,4,4,
........
#111111111111111
#assigned_pet=-1,-1,-1,-1,-1,-1,-1,-1,
#assigned_hub=-1,7,8,0,4,2,1,5,
#moving_targetting_pos=29,2|26,16|26,26|6,6|16,16|6,26|6,16|16,26|
#setting_targetting_pos=29,30|-1,-1|-1,-1|-1,-1|-1,-1|-1,-1|-1,-1|-1,-1|
#type=0,4,4,4,4,4,4,4,
........
#111111111111111
#assigned_pet=-1,-1,-1,-1,-1,-1,-1,-1,
#assigned_hub=-1,7,8,0,4,2,1,5,
#moving_targetting_pos=29,2|26,16|26,26|6,6|16,16|6,26|6,16|16,26|
#setting_targetting_pos=29,30|-1,-1|-1,-1|-1,-1|-1,-1|-1,-1|-1,-1|-1,-1|
#type=0,4,4,4,4,4,4,4,
........
#111111111111111
#assigned_pet=-1,-1,-1,-1,-1,-1,-1,-1,
#assigned_hub=-1,7,8,0,4,2,1,5,
#moving_targetting_pos=29,2|26,16|26,26|6,6|16,16|6,26|6,16|16,26|
#setting_targetting_pos=29,30|-1,-1|-1,-1|-1,-1|-1,-1|-1,-1|-1,-1|-1,-1|
#type=0,4,4,4,4,4,4,4,
........
#111111111111111
#assigned_pet=-1,-1,-1,-1,-1,-1,-1,-1,
#assigned_hub=-1,7,8,0,4,2,1,5,
#moving_targetting_pos=29,2|26,16|26,26|6,6|16,16|6,26|6,16|16,26|
#setting_targetting_pos=29,30|-1,-1|-1,-1|-1,-1|-1,-1|-1,-1|-1,-1|-1,-1|
#type=0,4,4,4,4,4,4,4,
........
#111111111111111
#assigned_pet=-1,-1,-1,-1,-1,-1,-1,-1,
#assigned_hub=-1,7,8,0,4,2,1,5,
#moving_targetting_pos=29,2|26,16|26,26|6,6|16,16|6,26|6,16|16,26|
#setting_targetting_pos=29,30|-1,-1|-1,-1|-1,-1|-1,-1|-1,-1|-1,-1|-1,-1|
#type=0,4,4,4,4,4,4,4,
........
#111111111111111
#assigned_pet=-1,-1,-1,-1,-1,-1,-1,-1,
#assigned_hub=-1,7,8,0,4,2,1,5,
#moving_targetting_pos=29,2|26,16|26,26|6,6|16,16|6,26|6,16|16,26|
#setting_targetting_pos=29,30|-1,-1|-1,-1|-1,-1|-1,-1|-1,-1|-1,-1|-1,-1|
#type=0,4,4,4,4,4,4,4,
........
#111111111111111
#assigned_pet=-1,-1,-1,-1,-1,-1,-1,-1,
#assigned_hub=-1,7,8,0,4,2,1,5,
#moving_targetting_pos=29,2|26,16|26,26|6,6|16,16|6,26|6,16|16,26|
#setting_targetting_pos=29,30|-1,-1|-1,-1|-1,-1|-1,-1|-1,-1|-1,-1|-1,-1|
#type=0,4,4,4,4,4,4,4,
........
#111111111111111
#assigned_pet=-1,-1,-1,-1,-1,-1,-1,-1,
#assigned_hub=-1,7,8,0,4,2,1,5,
#moving_targetting_pos=29,2|26,16|26,26|6,6|16,16|6,26|6,16|16,26|
#setting_targetting_pos=29,30|-1,-1|-1,-1|-1,-1|-1,-1|-1,-1|-1,-1|-1,-1|
#type=0,4,4,4,4,4,4,4,
........
#111111111111111
#assigned_pet=-1,-1,-1,-1,-1,-1,-1,-1,
#assigned_hub=-1,7,8,0,4,2,1,5,
#moving_targetting_pos=29,2|26,16|26,26|6,6|16,16|6,26|6,16|16,26|
#setting_targetting_pos=29,30|-1,-1|-1,-1|-1,-1|-1,-1|-1,-1|-1,-1|-1,-1|
#type=0,4,4,4,4,4,4,4,
........
#111111111111111
#assigned_pet=-1,-1,-1,-1,-1,-1,-1,-1,
#assigned_hub=-1,7,8,0,4,2,1,5,
#moving_targetting_pos=29,2|26,16|26,26|6,6|16,16|6,26|6,16|16,26|
#setting_targetting_pos=29,30|-1,-1|-1,-1|-1,-1|-1,-1|-1,-1|-1,-1|-1,-1|
#type=0,4,4,4,4,4,4,4,
........
#111111111111111
#assigned_pet=-1,-1,-1,-1,-1,-1,-1,-1,
#assigned_hub=-1,7,8,0,4,2,1,5,
#moving_targetting_pos=29,2|26,16|26,26|6,6|16,16|6,26|6,16|16,26|
#setting_targetting_pos=29,30|-1,-1|-1,-1|-1,-1|-1,-1|-1,-1|-1,-1|-1,-1|
#type=0,4,4,4,4,4,4,4,
........
#111111111111111
#assigned_pet=-1,-1,-1,-1,-1,-1,-1,-1,
#assigned_hub=-1,7,8,0,4,2,1,5,
#moving_targetting_pos=29,2|26,16|26,26|6,6|16,16|6,26|6,16|16,26|
#setting_targetting_pos=29,30|-1,-1|-1,-1|-1,-1|-1,-1|-1,-1|-1,-1|-1,-1|
#type=0,4,4,4,4,4,4,4,
........
#111111111111111
#assigned_pet=-1,-1,-1,-1,-1,-1,-1,-1,
#assigned_hub=-1,7,8,0,4,2,1,5,
#moving_targetting_pos=29,2|26,16|26,26|6,6|16,16|6,26|6,16|16,26|
#setting_targetting_pos=29,30|-1,-1|-1,-1|-1,-1|-1,-1|-1,-1|-1,-1|-1,-1|
#type=0,4,4,4,4,4,4,4,
........
#111111111111111
#assigned_pet=-1,-1,-1,-1,-1,-1,-1,-1,
#assigned_hub=-1,7,8,0,4,2,1,5,
#moving_targetting_pos=29,2|26,16|26,26|6,6|16,16|6,26|6,16|16,26|
#setting_targetting_pos=29,30|-1,-1|-1,-1|-1,-1|-1,-1|-1,-1|-1,-1|-1,-1|
#type=0,4,4,4,4,4,4,4,
........
#111111111111111
#assigned_pet=-1,-1,-1,-1,-1,-1,-1,-1,
#assigned_hub=-1,7,8,0,4,2,1,5,
#moving_targetting_pos=29,2|26,16|26,26|6,6|16,16|6,26|6,16|16,26|
#setting_targetting_pos=29,30|-1,-1|-1,-1|-1,-1|-1,-1|-1,-1|-1,-1|-1,-1|
#type=0,4,4,4,4,4,4,4,
........
#111111111111111
#assigned_pet=-1,-1,-1,-1,-1,-1,-1,-1,
#assigned_hub=-1,7,8,0,4,2,1,5,
#moving_targetting_pos=29,2|26,16|26,26|6,6|16,16|6,26|6,16|16,26|
#setting_targetting_pos=29,30|-1,-1|-1,-1|-1,-1|-1,-1|-1,-1|-1,-1|-1,-1|
#type=0,4,4,4,4,4,4,4,
........
#111111111111111
#assigned_pet=-1,-1,-1,-1,-1,-1,-1,-1,
#assigned_hub=-1,7,8,0,4,2,1,5,
#moving_targetting_pos=29,2|26,16|26,26|6,6|16,16|6,26|6,16|16,26|
#setting_targetting_pos=29,30|-1,-1|-1,-1|-1,-1|-1,-1|-1,-1|-1,-1|-1,-1|
#type=0,4,4,4,4,4,4,4,
........
#111111111111111
#assigned_pet=-1,-1,-1,-1,-1,-1,-1,-1,
#assigned_hub=-1,7,8,0,4,2,1,5,
#moving_targetting_pos=29,2|26,16|26,26|6,6|16,16|6,26|6,16|16,26|
#setting_targetting_pos=29,30|-1,-1|-1,-1|-1,-1|-1,-1|-1,-1|-1,-1|-1,-1|
#type=0,4,4,4,4,4,4,4,
........
#111111111111111
#assigned_pet=-1,-1,-1,-1,-1,-1,-1,-1,
#assigned_hub=-1,7,8,0,4,2,1,5,
#moving_targetting_pos=29,2|26,16|26,26|6,6|16,16|6,26|6,16|16,26|
#setting_targetting_pos=29,30|-1,-1|-1,-1|-1,-1|-1,-1|-1,-1|-1,-1|-1,-1|
#type=0,4,4,4,4,4,4,4,
........
#111111111111111
#assigned_pet=-1,-1,-1,-1,-1,-1,-1,-1,
#assigned_hub=-1,7,8,0,4,2,1,5,
#moving_targetting_pos=29,2|26,16|26,26|6,6|16,16|6,26|6,16|16,26|
#setting_targetting_pos=29,30|-1,-1|-1,-1|-1,-1|-1,-1|-1,-1|-1,-1|-1,-1|
#type=0,4,4,4,4,4,4,4,
........
#111111111111111
#assigned_pet=-1,-1,-1,-1,-1,-1,-1,-1,
#assigned_hub=-1,7,8,0,4,2,1,5,
#moving_targetting_pos=29,2|26,16|26,26|6,6|16,16|6,26|6,16|16,26|
#setting_targetting_pos=29,30|-1,-1|-1,-1|-1,-1|-1,-1|-1,-1|-1,-1|-1,-1|
#type=0,4,4,4,4,4,4,4,
........
#111111111111111
#assigned_pet=-1,-1,-1,-1,-1,-1,-1,-1,
#assigned_hub=-1,7,8,0,4,2,1,5,
#moving_targetting_pos=29,2|26,16|26,26|6,6|16,16|6,26|6,16|16,26|
#setting_targetting_pos=29,30|-1,-1|-1,-1|-1,-1|-1,-1|-1,-1|-1,-1|-1,-1|
#type=0,4,4,4,4,4,4,4,
........
#111111111111111
#assigned_pet=-1,-1,-1,-1,-1,-1,-1,-1,
#assigned_hub=-1,7,8,0,4,2,1,5,
#moving_targetting_pos=29,2|26,16|26,26|6,6|16,16|6,26|6,16|16,26|
#setting_targetting_pos=29,30|-1,-1|-1,-1|-1,-1|-1,-1|-1,-1|-1,-1|-1,-1|
#type=0,4,4,4,4,4,4,4,
........
#111111111111111
#assigned_pet=-1,-1,-1,-1,-1,-1,-1,-1,
#assigned_hub=-1,7,8,0,4,2,1,5,
#moving_targetting_pos=29,2|26,16|26,26|6,6|16,16|6,26|6,16|16,26|
#setting_targetting_pos=29,30|-1,-1|-1,-1|-1,-1|-1,-1|-1,-1|-1,-1|-1,-1|
#type=0,4,4,4,4,4,4,4,
........
#111111111111111
#assigned_pet=-1,-1,-1,-1,-1,-1,-1,-1,
#assigned_hub=-1,7,8,0,4,2,1,5,
#moving_targetting_pos=29,2|26,16|26,26|6,6|16,16|6,26|6,16|16,26|
#setting_targetting_pos=29,30|-1,-1|-1,-1|-1,-1|-1,-1|-1,-1|-1,-1|-1,-1|
#type=0,4,4,4,4,4,4,4,
........
#111111111111111
#assigned_pet=-1,-1,-1,-1,-1,-1,-1,-1,
#assigned_hub=-1,7,8,0,4,2,1,5,
#moving_targetting_pos=29,2|26,16|26,26|6,6|16,16|6,26|6,16|16,26|
#setting_targetting_pos=29,30|-1,-1|-1,-1|-1,-1|-1,-1|-1,-1|-1,-1|-1,-1|
#type=0,4,4,4,4,4,4,4,
........
#111111111111111
#assigned_pet=-1,-1,-1,-1,-1,-1,-1,-1,
#assigned_hub=-1,7,8,0,4,2,1,5,
#moving_targetting_pos=29,2|26,16|26,26|6,6|16,16|6,26|6,16|16,26|
#setting_targetting_pos=29,30|-1,-1|-1,-1|-1,-1|-1,-1|-1,-1|-1,-1|-1,-1|
#type=0,4,4,4,4,4,4,4,
........
#111111111111111
#assigned_pet=-1,-1,-1,-1,-1,-1,-1,-1,
#assigned_hub=-1,7,8,0,4,2,1,5,
#moving_targetting_pos=29,2|26,16|26,26|6,6|16,16|6,26|6,16|16,26|
#setting_targetting_pos=29,30|-1,-1|-1,-1|-1,-1|-1,-1|-1,-1|-1,-1|-1,-1|
#type=0,4,4,4,4,4,4,4,
........
#111111111111111
#assigned_pet=-1,-1,-1,-1,-1,-1,-1,-1,
#assigned_hub=-1,7,8,0,4,2,1,5,
#moving_targetting_pos=29,2|26,16|26,26|6,6|16,16|6,26|6,16|16,26|
#setting_targetting_pos=29,30|-1,-1|-1,-1|-1,-1|-1,-1|-1,-1|-1,-1|-1,-1|
#type=0,4,4,4,4,4,4,4,
........
#111111111111111
#assigned_pet=-1,-1,-1,-1,-1,-1,-1,-1,
#assigned_hub=-1,7,8,0,4,2,1,5,
#moving_targetting_pos=29,2|26,16|26,26|6,6|16,16|6,26|6,16|16,26|
#setting_targetting_pos=29,30|-1,-1|-1,-1|-1,-1|-1,-1|-1,-1|-1,-1|-1,-1|
#type=0,4,4,4,4,4,4,4,
........
#111111111111111
#assigned_pet=-1,-1,-1,-1,-1,-1,-1,-1,
#assigned_hub=-1,7,8,0,4,2,1,5,
#moving_targetting_pos=29,2|26,16|26,26|6,6|16,16|6,26|6,16|16,26|
#setting_targetting_pos=29,30|-1,-1|-1,-1|-1,-1|-1,-1|-1,-1|-1,-1|-1,-1|
#type=0,4,4,4,4,4,4,4,
........
#111111111111111
#assigned_pet=-1,-1,-1,-1,-1,-1,-1,-1,
#assigned_hub=-1,7,8,0,4,2,1,5,
#moving_targetting_pos=29,2|26,16|26,26|6,6|16,16|6,26|6,16|16,26|
#setting_targetting_pos=29,30|-1,-1|-1,-1|-1,-1|-1,-1|-1,-1|-1,-1|-1,-1|
#type=0,4,4,4,4,4,4,4,
........
#111111111111111
#assigned_pet=-1,-1,-1,-1,-1,-1,-1,-1,
#assigned_hub=-1,7,8,0,4,2,1,5,
#moving_targetting_pos=29,2|26,16|26,26|6,6|16,16|6,26|6,16|16,26|
#setting_targetting_pos=29,30|-1,-1|-1,-1|-1,-1|-1,-1|-1,-1|-1,-1|-1,-1|
#type=0,4,4,4,4,4,4,4,
........
#111111111111111
#assigned_pet=-1,-1,-1,-1,-1,-1,-1,-1,
#assigned_hub=-1,7,8,0,4,2,1,5,
#moving_targetting_pos=29,2|26,16|26,26|6,6|16,16|6,26|6,16|16,26|
#setting_targetting_pos=29,30|-1,-1|-1,-1|-1,-1|-1,-1|-1,-1|-1,-1|-1,-1|
#type=0,4,4,4,4,4,4,4,
........
#111111111111111
#assigned_pet=-1,-1,-1,-1,-1,-1,-1,-1,
#assigned_hub=-1,7,8,0,4,2,1,5,
#moving_targetting_pos=29,2|26,16|26,26|6,6|16,16|6,26|6,16|16,26|
#setting_targetting_pos=29,30|-1,-1|-1,-1|-1,-1|-1,-1|-1,-1|-1,-1|-1,-1|
#type=0,4,4,4,4,4,4,4,
........
