#00000000000000000000
#assigned_pet=-1,-1,-1,-1,-1,-1,-1,-1,-1,-1,
#assigned_hub=-1,-1,-1,-1,-1,-1,-1,-1,-1,7,
#moving_targetting_pos=2,29|9,30|19,30|5,1|12,1|15,30|25,1|22,1|29,2|26,16|
#setting_targetting_pos=2,1|9,2|19,2|5,30|12,29|15,1|25,30|22,29|29,30|0,0|
#type=1,1,1,1,1,1,1,1,1,4,
RRRLDRLLL.
#00000000000000000000
#assigned_pet=-1,-1,-1,-1,-1,-1,-1,-1,-1,-1,
#assigned_hub=-1,-1,-1,-1,-1,-1,-1,-1,-1,7,
#moving_targetting_pos=2,29|9,30|19,30|5,1|12,1|15,30|25,1|22,1|29,2|-1,-1|
#setting_targetting_pos=2,1|9,2|19,2|5,30|12,29|15,1|25,30|22,29|29,30|-1,-1|
#type=1,1,1,1,1,1,1,1,1,4,
RRRLDRLLL.
#00000000000000000000
#assigned_pet=-1,-1,-1,-1,-1,-1,-1,-1,-1,-1,
#assigned_hub=-1,-1,-1,-1,-1,-1,-1,-1,-1,7,
#moving_targetting_pos=2,29|9,30|19,30|5,1|12,1|15,30|25,1|22,1|29,2|-1,-1|
#setting_targetting_pos=2,1|9,2|19,2|5,30|12,29|15,1|25,30|22,29|29,30|-1,-1|
#type=1,1,1,1,1,1,1,1,1,4,
RRRLDRLLL.
#00000000000000000000
#assigned_pet=-1,-1,-1,-1,-1,-1,-1,-1,-1,-1,
#assigned_hub=-1,-1,-1,-1,-1,-1,-1,-1,-1,7,
#moving_targetting_pos=2,29|9,30|19,30|5,1|12,1|15,30|25,1|22,1|29,2|-1,-1|
#setting_targetting_pos=2,1|9,2|19,2|5,30|12,29|15,1|25,30|22,29|29,30|-1,-1|
#type=1,1,1,1,1,1,1,1,1,4,
RRRLDRLLL.
#00000000000000000000
#assigned_pet=-1,-1,-1,-1,-1,-1,-1,-1,-1,-1,
#assigned_hub=-1,-1,-1,-1,-1,-1,-1,-1,-1,7,
#moving_targetting_pos=2,29|9,30|19,30|5,1|12,1|15,30|25,1|22,1|29,2|-1,-1|
#setting_targetting_pos=2,1|9,2|19,2|5,30|12,29|15,1|25,30|22,29|29,30|-1,-1|
#type=1,1,1,1,1,1,1,1,1,4,
RRDLDRLLL.
#00000000000000000000
#assigned_pet=-1,-1,-1,-1,-1,-1,-1,-1,-1,-1,
#assigned_hub=-1,-1,-1,-1,-1,-1,-1,-1,-1,7,
#moving_targetting_pos=2,29|9,30|19,30|5,1|12,1|15,30|25,1|22,1|29,2|-1,-1|
#setting_targetting_pos=2,1|9,2|19,2|5,30|12,29|15,1|25,30|22,29|29,30|-1,-1|
#type=1,1,2,1,1,1,1,1,1,4,
RRdLDDLLL.
#00000000000000000000
#assigned_pet=-1,-1,-1,-1,-1,-1,-1,-1,-1,-1,
#assigned_hub=-1,-1,-1,-1,-1,-1,-1,-1,-1,7,
#moving_targetting_pos=2,29|9,30|19,30|5,1|12,1|15,30|25,1|22,1|29,2|-1,-1|
#setting_targetting_pos=2,1|9,2|19,2|5,30|12,29|15,1|25,30|22,29|29,30|-1,-1|
#type=1,1,2,1,1,1,1,1,1,4,
RRLLDDLLL.
#00000000000000000000
#assigned_pet=-1,-1,-1,-1,-1,-1,-1,-1,-1,-1,
#assigned_hub=-1,-1,-1,-1,-1,-1,-1,-1,-1,7,
#moving_targetting_pos=2,29|9,30|19,30|5,1|12,1|15,30|25,1|22,1|29,2|-1,-1|
#setting_targetting_pos=2,1|9,2|19,2|5,30|12,29|15,1|25,30|22,29|29,30|-1,-1|
#type=1,1,2,1,1,1,1,1,1,4,
RRLLDDLLL.
#00000000000000000000
#assigned_pet=-1,-1,-1,-1,-1,-1,-1,-1,-1,-1,
#assigned_hub=-1,-1,-1,-1,-1,-1,-1,-1,-1,7,
#moving_targetting_pos=2,29|9,30|19,30|5,1|12,1|15,30|25,1|22,1|29,2|-1,-1|
#setting_targetting_pos=2,1|9,2|19,2|5,30|12,29|15,1|25,30|22,29|29,30|-1,-1|
#type=1,1,2,1,1,1,1,1,1,4,
RRrLDDLLD.
#00000000000000000000
#assigned_pet=-1,-1,-1,-1,-1,-1,-1,-1,-1,-1,
#assigned_hub=-1,-1,-1,-1,-1,-1,-1,-1,-1,7,
#moving_targetting_pos=2,29|9,30|19,30|5,1|12,1|15,30|25,1|22,1|29,2|-1,-1|
#setting_targetting_pos=2,1|9,2|19,2|5,30|12,29|15,1|25,30|22,29|29,30|-1,-1|
#type=1,1,2,1,2,1,1,1,1,4,
RRuLuDLLD.
#00000000000000000000
#assigned_pet=-1,-1,-1,-1,-1,-1,-1,-1,-1,-1,
#assigned_hub=-1,-1,-1,-1,-1,-1,-1,-1,-1,7,
#moving_targetting_pos=2,29|9,30|19,30|5,1|12,1|15,30|25,1|22,1|29,2|-1,-1|
#setting_targetting_pos=2,1|9,2|19,2|5,30|12,29|15,1|25,30|22,29|29,30|-1,-1|
#type=1,1,2,1,2,1,1,1,1,4,
RDLURDLLD.
#00000000000000000000
#assigned_pet=-1,-1,-1,-1,-1,-1,-1,-1,-1,-1,
#assigned_hub=-1,-1,-1,-1,-1,-1,-1,-1,-1,7,
#moving_targetting_pos=2,29|9,30|19,30|5,1|12,1|15,30|25,1|22,1|29,2|-1,-1|
#setting_targetting_pos=2,1|9,2|19,2|5,30|12,29|15,1|25,30|22,29|29,30|-1,-1|
#type=1,2,2,1,2,1,1,1,1,4,
RdLURDLLD.
#00000000000000000000
#assigned_pet=-1,-1,-1,-1,-1,-1,-1,-1,-1,-1,
#assigned_hub=-1,-1,-1,-1,-1,-1,-1,-1,-1,7,
#moving_targetting_pos=2,29|9,30|19,30|5,1|12,1|15,30|25,1|22,1|29,2|-1,-1|
#setting_targetting_pos=2,1|9,2|19,2|5,30|12,29|15,1|25,30|22,29|29,30|-1,-1|
#type=1,2,2,2,2,2,1,1,1,4,
ULddldLLD.
#00000000000000000000
#assigned_pet=-1,-1,-1,-1,-1,-1,-1,-1,-1,-1,
#assigned_hub=-1,-1,-1,-1,-1,-1,-1,-1,-1,7,
#moving_targetting_pos=2,29|9,30|19,30|5,1|12,1|15,30|25,1|22,1|29,2|-1,-1|
#setting_targetting_pos=2,1|9,2|19,2|5,30|12,29|15,1|25,30|22,29|29,30|-1,-1|
#type=2,2,2,2,2,2,1,1,1,4,
rLLRdLUDR.
#00000000000000000000
#assigned_pet=-1,-1,-1,-1,-1,-1,-1,-1,-1,-1,
#assigned_hub=-1,-1,-1,-1,-1,-1,-1,-1,-1,7,
#moving_targetting_pos=2,29|9,30|19,30|5,1|12,1|15,30|25,1|22,1|29,2|-1,-1|
#setting_targetting_pos=2,1|9,2|19,2|5,30|12,29|15,1|25,30|22,29|29,30|-1,-1|
#type=2,2,2,2,2,2,2,1,1,4,
drrdRddDR.
#00000000000000000000
#assigned_pet=-1,-1,-1,-1,-1,-1,-1,-1,-1,18,
#assigned_hub=-1,-1,-1,-1,-1,-1,-1,-1,-1,7,
#moving_targetting_pos=2,29|9,30|19,30|5,1|12,1|15,30|25,1|22,1|29,2|-1,-1|
#setting_targetting_pos=2,1|9,2|19,2|5,30|12,29|15,1|25,30|22,29|29,30|28,15|
#type=2,2,2,2,2,2,2,1,1,4,
LuLRRLRDDL
#00000000000000000000
#assigned_pet=-1,-1,-1,-1,-1,-1,-1,-1,-1,-1,
#assigned_hub=-1,-1,-1,-1,-1,-1,-1,-1,-1,7,
#moving_targetting_pos=2,29|9,30|19,30|5,1|12,1|15,30|25,1|22,1|29,2|-1,-1|
#setting_targetting_pos=2,1|9,2|19,2|5,30|12,29|15,1|25,30|22,29|29,30|-1,-1|
#type=2,2,2,2,2,2,2,1,1,4,
LLudRudDD.
#00000000000000000000
#assigned_pet=-1,-1,-1,-1,-1,-1,-1,-1,-1,-1,
#assigned_hub=-1,-1,-1,-1,-1,-1,-1,-1,-1,7,
#moving_targetting_pos=2,29|9,30|19,30|5,1|12,1|15,30|25,1|22,1|29,2|-1,-1|
#setting_targetting_pos=2,1|9,2|19,2|5,30|12,29|15,1|25,30|22,29|29,30|-1,-1|
#type=2,2,2,2,2,2,2,1,1,4,
LLLRdLRDD.
#00000000000000000000
#assigned_pet=-1,-1,-1,-1,-1,-1,-1,-1,-1,-1,
#assigned_hub=-1,-1,-1,-1,-1,-1,-1,-1,-1,7,
#moving_targetting_pos=2,29|9,30|19,30|5,1|12,1|15,30|25,1|22,1|29,2|-1,-1|
#setting_targetting_pos=2,1|9,2|19,2|5,30|12,29|15,1|25,30|22,29|29,30|-1,-1|
#type=2,2,2,2,2,2,2,1,1,4,
ddLuuLdDL.
#00000000000000000000
#assigned_pet=-1,-1,-1,-1,-1,-1,-1,-1,-1,-1,
#assigned_hub=-1,-1,-1,-1,-1,-1,-1,-1,-1,7,
#moving_targetting_pos=2,29|9,30|19,30|5,1|12,1|15,30|25,1|22,1|29,2|-1,-1|
#setting_targetting_pos=2,1|9,2|19,2|5,30|12,29|15,1|25,30|22,29|29,30|-1,-1|
#type=2,2,2,2,2,2,2,1,1,4,
uLrRRLRDR.
#00000000000000000000
#assigned_pet=-1,-1,-1,-1,-1,-1,-1,-1,-1,-1,
#assigned_hub=-1,-1,-1,-1,-1,-1,-1,-1,-1,7,
#moving_targetting_pos=2,29|9,30|19,30|5,1|12,1|15,30|25,1|22,1|29,2|-1,-1|
#setting_targetting_pos=2,1|9,2|19,2|5,30|12,29|15,1|25,30|22,29|29,30|-1,-1|
#type=2,2,2,2,2,2,2,1,1,4,
L.dRlLuDD.
#00000000000000000000
#assigned_pet=-1,-1,-1,-1,-1,-1,-1,-1,-1,18,
#assigned_hub=-1,-1,-1,-1,-1,-1,-1,-1,-1,7,
#moving_targetting_pos=2,29|9,30|19,30|5,1|12,1|15,30|25,1|22,1|29,2|-1,-1|
#setting_targetting_pos=2,1|9,2|19,2|5,30|12,29|15,1|25,30|22,29|29,30|28,15|
#type=2,2,2,2,2,2,2,1,1,4,
r.LRRuRDRD
#00000000000000000000
#assigned_pet=-1,-1,-1,-1,-1,-1,-1,-1,-1,18,
#assigned_hub=-1,-1,-1,-1,-1,-1,-1,-1,-1,7,
#moving_targetting_pos=2,29|9,30|19,30|5,1|12,1|15,30|25,1|22,1|29,2|-1,-1|
#setting_targetting_pos=2,1|9,2|19,2|5,30|12,29|15,1|25,30|22,29|29,30|28,15|
#type=2,2,2,2,2,2,2,2,1,4,
L.LRRLRuDD
#00000000000000000000
#assigned_pet=-1,-1,-1,-1,-1,-1,-1,-1,-1,-1,
#assigned_hub=-1,-1,-1,-1,-1,-1,-1,-1,-1,7,
#moving_targetting_pos=2,29|9,30|19,30|5,1|12,1|15,30|25,1|22,1|29,2|-1,-1|
#setting_targetting_pos=2,1|9,2|19,2|5,30|12,29|15,1|25,30|22,29|29,30|-1,-1|
#type=2,2,2,2,2,2,2,2,1,4,
L.duddRRD.
#00000000000000000000
#assigned_pet=-1,-1,-1,-1,-1,-1,-1,-1,-1,-1,
#assigned_hub=-1,-1,-1,-1,-1,-1,-1,-1,-1,7,
#moving_targetting_pos=2,29|9,30|19,30|5,1|12,1|15,30|25,1|22,1|29,2|-1,-1|
#setting_targetting_pos=2,1|9,2|19,2|5,30|12,29|15,1|25,30|22,29|29,30|-1,-1|
#type=2,2,2,2,2,2,2,2,1,4,
d.LRRLRRD.
#00000000000000000000
#assigned_pet=-1,-1,-1,-1,-1,-1,-1,-1,-1,-1,
#assigned_hub=-1,-1,-1,-1,-1,-1,-1,-1,-1,7,
#moving_targetting_pos=2,29|9,30|19,30|5,1|12,1|15,30|25,1|22,1|29,2|-1,-1|
#setting_targetting_pos=2,1|9,2|19,2|5,30|12,29|15,1|25,30|22,29|29,30|-1,-1|
#type=2,2,2,2,2,2,2,2,1,4,
LrLdRdulD.
#00000000000000000000
#assigned_pet=-1,-1,-1,-1,-1,-1,-1,-1,-1,-1,
#assigned_hub=-1,-1,-1,-1,-1,-1,-1,-1,-1,7,
#moving_targetting_pos=2,29|9,30|19,30|5,1|12,1|15,30|25,1|22,1|29,2|-1,-1|
#setting_targetting_pos=2,1|9,2|19,2|5,30|12,29|15,1|25,30|22,29|29,30|-1,-1|
#type=2,2,2,2,2,2,2,2,1,4,
LLrRlLRdD.
#00000000000000000000
#assigned_pet=-1,-1,-1,-1,-1,-1,-1,-1,-1,-1,
#assigned_hub=-1,-1,-1,-1,-1,-1,-1,-1,-1,7,
#moving_targetting_pos=2,29|9,30|19,30|5,1|12,1|15,30|25,1|22,1|29,2|-1,-1|
#setting_targetting_pos=2,1|9,2|19,2|5,30|12,29|15,1|25,30|22,29|29,30|-1,-1|
#type=2,2,2,2,2,2,2,2,1,4,
ru.duddRD.
#00000000000000000000
#assigned_pet=-1,-1,-1,-1,-1,-1,-1,-1,-1,-1,
#assigned_hub=-1,-1,-1,-1,-1,-1,-1,-1,-1,7,
#moving_targetting_pos=2,29|9,30|19,30|5,1|12,1|15,30|25,1|22,1|29,2|-1,-1|
#setting_targetting_pos=2,1|9,2|19,2|5,30|12,29|15,1|25,30|22,29|29,30|-1,-1|
#type=2,2,2,2,2,2,2,2,1,4,
uLuRRLRRD.
#00000000000000000000
#assigned_pet=-1,-1,-1,-1,-1,-1,-1,-1,-1,-1,
#assigned_hub=-1,-1,-1,-1,-1,-1,-1,-1,-1,7,
#moving_targetting_pos=2,29|9,30|19,30|5,1|12,1|15,30|25,1|22,1|29,2|-1,-1|
#setting_targetting_pos=2,1|9,2|19,2|5,30|12,29|15,1|25,30|22,29|29,30|-1,-1|
#type=2,2,2,2,2,2,2,2,1,4,
LLLdRddRD.
#00000000000000000000
#assigned_pet=-1,-1,-1,-1,-1,-1,-1,-1,-1,-1,
#assigned_hub=-1,-1,-1,-1,-1,-1,-1,-1,-1,7,
#moving_targetting_pos=2,29|9,30|19,30|5,1|12,1|15,30|25,1|22,1|29,2|-1,-1|
#setting_targetting_pos=2,1|9,2|19,2|5,30|12,29|15,1|25,30|22,29|29,30|-1,-1|
#type=2,2,2,2,2,2,2,2,1,4,
LrLRdLRdD.
#00000000000000000000
#assigned_pet=-1,-1,-1,-1,-1,-1,-1,-1,-1,-1,
#assigned_hub=-1,-1,-1,-1,-1,-1,-1,-1,-1,7,
#moving_targetting_pos=2,29|9,30|19,30|5,1|12,1|15,30|25,1|22,1|29,2|-1,-1|
#setting_targetting_pos=2,1|9,2|19,2|5,30|12,29|15,1|25,30|22,29|29,30|-1,-1|
#type=2,2,2,2,2,2,2,2,1,4,
rddd..duD.
#00000000000000000000
#assigned_pet=-1,-1,-1,-1,-1,-1,-1,-1,-1,-1,
#assigned_hub=-1,-1,-1,-1,-1,-1,-1,-1,-1,7,
#moving_targetting_pos=2,29|9,30|19,30|5,1|12,1|15,30|25,1|22,1|29,2|-1,-1|
#setting_targetting_pos=2,1|9,2|19,2|5,30|12,29|15,1|25,30|22,29|29,30|-1,-1|
#type=2,2,2,2,2,2,2,2,1,4,
dLLRldRRL.
#00000000000000000000
#assigned_pet=-1,-1,-1,-1,-1,-1,-1,-1,-1,-1,
#assigned_hub=-1,-1,-1,-1,-1,-1,-1,-1,-1,7,
#moving_targetting_pos=2,29|9,30|19,30|5,1|12,1|15,30|25,1|22,1|29,2|-1,-1|
#setting_targetting_pos=2,1|9,2|19,2|5,30|12,29|15,1|25,30|22,29|29,30|-1,-1|
#type=2,2,2,2,2,2,2,2,1,4,
LLrdRL.lD.
#00000000000000000000
#assigned_pet=-1,-1,-1,-1,-1,-1,-1,-1,-1,-1,
#assigned_hub=-1,-1,-1,-1,-1,-1,-1,-1,-1,7,
#moving_targetting_pos=2,29|9,30|19,30|5,1|12,1|15,30|25,1|22,1|29,2|-1,-1|
#setting_targetting_pos=2,1|9,2|19,2|5,30|12,29|15,1|25,30|22,29|29,30|-1,-1|
#type=2,2,2,2,2,2,2,2,1,4,
LdLRRudRD.
#00000000000000000000
#assigned_pet=-1,-1,-1,-1,-1,-1,-1,-1,-1,-1,
#assigned_hub=-1,-1,-1,-1,-1,-1,-1,-1,-1,7,
#moving_targetting_pos=2,29|9,30|19,30|5,1|12,1|15,30|25,1|22,1|29,2|-1,-1|
#setting_targetting_pos=2,1|9,2|19,2|5,30|12,29|15,1|25,30|22,29|29,30|-1,-1|
#type=2,2,2,2,2,2,2,2,1,4,
LLuuRLRRL.
#00000000000000000000
#assigned_pet=-1,-1,-1,-1,-1,-1,-1,-1,-1,-1,
#assigned_hub=-1,-1,-1,-1,-1,-1,-1,-1,-1,7,
#moving_targetting_pos=2,29|9,30|19,30|5,1|12,1|15,30|25,1|22,1|29,2|-1,-1|
#setting_targetting_pos=2,1|9,2|19,2|5,30|12,29|15,1|25,30|22,29|29,30|-1,-1|
#type=2,2,2,2,2,2,2,2,1,4,
dLLRdL..L.
#00000000000000000000
#assigned_pet=-1,-1,-1,-1,-1,-1,-1,-1,-1,-1,
#assigned_hub=-1,-1,-1,-1,-1,-1,-1,-1,-1,7,
#moving_targetting_pos=2,29|9,30|19,30|5,1|12,1|15,30|25,1|22,1|29,2|-1,-1|
#setting_targetting_pos=2,1|9,2|19,2|5,30|12,29|15,1|25,30|22,29|29,30|-1,-1|
#type=2,2,2,2,2,2,2,2,1,4,
urLRuLd.D.
#00000000000000000000
#assigned_pet=-1,-1,-1,-1,-1,-1,-1,-1,-1,-1,
#assigned_hub=-1,-1,-1,-1,-1,-1,-1,-1,-1,7,
#moving_targetting_pos=2,29|9,30|19,30|5,1|12,1|15,30|25,1|22,1|29,2|-1,-1|
#setting_targetting_pos=2,1|9,2|19,2|5,30|12,29|15,1|25,30|22,29|29,30|-1,-1|
#type=2,2,2,2,2,2,2,2,1,4,
LurRRLRdD.
#00000000000000000000
#assigned_pet=-1,-1,-1,-1,-1,-1,-1,-1,-1,-1,
#assigned_hub=-1,-1,-1,-1,-1,-1,-1,-1,-1,7,
#moving_targetting_pos=2,29|9,30|19,30|5,1|12,1|15,30|25,1|22,1|29,2|-1,-1|
#setting_targetting_pos=2,1|9,2|19,2|5,30|12,29|15,1|25,30|22,29|29,30|-1,-1|
#type=2,2,2,2,2,2,2,2,2,4,
rL.Rlu.Rd.
#00000000000000000000
#assigned_pet=-1,-1,-1,-1,-1,-1,-1,-1,-1,-1,
#assigned_hub=-1,-1,-1,-1,-1,-1,-1,-1,-1,7,
#moving_targetting_pos=2,29|9,30|19,30|5,1|12,1|15,30|25,1|22,1|29,2|-1,-1|
#setting_targetting_pos=2,1|9,2|19,2|5,30|12,29|15,1|25,30|22,29|29,30|-1,-1|
#type=2,2,2,2,2,2,2,2,2,4,
LLduRLuRR.
#00000000000000000000
#assigned_pet=-1,-1,-1,-1,-1,-1,-1,-1,-1,-1,
#assigned_hub=-1,-1,-1,-1,-1,-1,-1,-1,-1,7,
#moving_targetting_pos=2,29|9,30|19,30|5,1|12,1|15,30|25,1|22,1|29,2|-1,-1|
#setting_targetting_pos=2,1|9,2|19,2|5,30|12,29|15,1|25,30|22,29|29,30|-1,-1|
#type=2,2,2,2,2,2,2,2,2,4,
LdLRRdRlR.
#00000000000000000000
#assigned_pet=-1,-1,-1,-1,-1,-1,-1,-1,-1,-1,
#assigned_hub=-1,-1,-1,-1,-1,-1,-1,-1,-1,7,
#moving_targetting_pos=2,29|9,30|19,30|5,1|12,1|15,30|25,1|22,1|29,2|-1,-1|
#setting_targetting_pos=2,1|9,2|19,2|5,30|12,29|15,1|25,30|22,29|29,30|-1,-1|
#type=2,2,2,2,2,2,2,2,2,4,
dLLddLRul.
#00000000000000000000
#assigned_pet=-1,-1,-1,-1,-1,-1,-1,-1,-1,-1,
#assigned_hub=-1,-1,-1,-1,-1,-1,-1,-1,-1,7,
#moving_targetting_pos=2,29|9,30|19,30|5,1|12,1|15,30|25,1|22,1|29,2|-1,-1|
#setting_targetting_pos=2,1|9,2|19,2|5,30|12,29|15,1|25,30|22,29|29,30|-1,-1|
#type=2,2,2,2,2,2,2,2,2,4,
Lr.RRdRRu.
#00000000000000000000
#assigned_pet=-1,-1,-1,-1,-1,-1,-1,-1,-1,-1,
#assigned_hub=-1,-1,-1,-1,-1,-1,-1,-1,-1,7,
#moving_targetting_pos=2,29|9,30|19,30|5,1|12,1|15,30|25,1|22,1|29,2|-1,-1|
#setting_targetting_pos=2,1|9,2|19,2|5,30|12,29|15,1|25,30|22,29|29,30|-1,-1|
#type=2,2,2,2,2,2,2,2,2,4,
LL..RLRRR.
#00000000000000000000
#assigned_pet=-1,-1,-1,-1,-1,-1,-1,-1,-1,-1,
#assigned_hub=-1,-1,-1,-1,-1,-1,-1,-1,-1,7,
#moving_targetting_pos=2,29|9,30|19,30|5,1|12,1|15,30|25,1|22,1|29,2|-1,-1|
#setting_targetting_pos=2,1|9,2|19,2|5,30|12,29|15,1|25,30|22,29|29,30|-1,-1|
#type=2,2,2,2,2,2,2,2,2,4,
r..dud.lR.
#00000000000000000000
#assigned_pet=-1,-1,-1,-1,-1,-1,-1,-1,-1,-1,
#assigned_hub=-1,-1,-1,-1,-1,-1,-1,-1,-1,7,
#moving_targetting_pos=2,29|9,30|19,30|5,1|12,1|15,30|25,1|22,1|29,2|-1,-1|
#setting_targetting_pos=2,1|9,2|19,2|5,30|12,29|15,1|25,30|22,29|29,30|-1,-1|
#type=2,2,2,2,2,2,2,2,2,4,
u.dR.Ludd.
#00000000000000000000
#assigned_pet=-1,-1,-1,-1,-1,-1,-1,-1,-1,-1,
#assigned_hub=-1,-1,-1,-1,-1,-1,-1,-1,-1,7,
#moving_targetting_pos=2,29|9,30|19,30|5,1|12,1|15,30|25,1|22,1|29,2|-1,-1|
#setting_targetting_pos=2,1|9,2|19,2|5,30|12,29|15,1|25,30|22,29|29,30|-1,-1|
#type=2,2,2,2,2,2,2,2,2,4,
L.L..dRRR.
#00000000000000000000
#assigned_pet=-1,-1,-1,-1,-1,-1,-1,-1,-1,-1,
#assigned_hub=-1,-1,-1,-1,-1,-1,-1,-1,-1,7,
#moving_targetting_pos=2,29|9,30|19,30|5,1|12,1|15,30|25,1|22,1|29,2|-1,-1|
#setting_targetting_pos=2,1|9,2|19,2|5,30|12,29|15,1|25,30|22,29|29,30|-1,-1|
#type=2,2,2,2,2,2,2,2,2,4,
LuLd.LdRl.
#00000000000000000000
#assigned_pet=-1,-1,-1,-1,-1,-1,-1,-1,-1,-1,
#assigned_hub=-1,-1,-1,-1,-1,-1,-1,-1,-1,7,
#moving_targetting_pos=2,29|9,30|19,30|5,1|12,1|15,30|25,1|22,1|29,2|-1,-1|
#setting_targetting_pos=2,1|9,2|19,2|5,30|12,29|15,1|25,30|22,29|29,30|-1,-1|
#type=2,2,2,2,2,2,2,2,2,4,
rLuRldRRR.
#00000000000000000000
#assigned_pet=-1,-1,-1,-1,-1,-1,-1,-1,-1,-1,
#assigned_hub=-1,-1,-1,-1,-1,-1,-1,-1,-1,7,
#moving_targetting_pos=2,29|9,30|19,30|5,1|12,1|15,30|25,1|22,1|29,2|-1,-1|
#setting_targetting_pos=2,1|9,2|19,2|5,30|12,29|15,1|25,30|22,29|29,30|-1,-1|
#type=2,2,2,2,2,2,2,2,2,4,
dLr.RLddu.
#00000000000000000000
#assigned_pet=-1,-1,-1,-1,-1,-1,-1,-1,-1,-1,
#assigned_hub=-1,-1,-1,-1,-1,-1,-1,-1,-1,7,
#moving_targetting_pos=2,29|9,30|19,30|5,1|12,1|15,30|25,1|22,1|29,2|-1,-1|
#setting_targetting_pos=2,1|9,2|19,2|5,30|12,29|15,1|25,30|22,29|29,30|-1,-1|
#type=2,2,2,2,2,2,2,2,2,4,
LrL.RuRuR.
#00000000000000000000
#assigned_pet=-1,-1,-1,-1,-1,-1,-1,-1,-1,-1,
#assigned_hub=-1,-1,-1,-1,-1,-1,-1,-1,-1,7,
#moving_targetting_pos=2,29|9,30|19,30|5,1|12,1|15,30|25,1|22,1|29,2|-1,-1|
#setting_targetting_pos=2,1|9,2|19,2|5,30|12,29|15,1|25,30|22,29|29,30|-1,-1|
#type=2,2,2,2,2,2,2,2,2,4,
LdL.lLdRR.
#00000000000000000000
#assigned_pet=-1,-1,-1,-1,-1,-1,-1,-1,-1,-1,
#assigned_hub=-1,-1,-1,-1,-1,-1,-1,-1,-1,7,
#moving_targetting_pos=2,29|9,30|19,30|5,1|12,1|15,30|25,1|22,1|29,2|-1,-1|
#setting_targetting_pos=2,1|9,2|19,2|5,30|12,29|15,1|25,30|22,29|29,30|-1,-1|
#type=2,2,2,2,2,2,2,2,2,4,
LLdddLRll.
#00000000000000000000
#assigned_pet=-1,-1,-1,-1,-1,-1,-1,-1,-1,18,
#assigned_hub=-1,-1,-1,-1,-1,-1,-1,-1,-1,7,
#moving_targetting_pos=2,29|9,30|19,30|5,1|12,1|15,30|25,1|22,1|29,2|-1,-1|
#setting_targetting_pos=2,1|9,2|19,2|5,30|12,29|15,1|25,30|22,29|29,30|28,17|
#type=2,2,2,2,2,2,2,2,2,4,
dLLRRLdRdR
#00000000000000000000
#assigned_pet=-1,-1,-1,-1,-1,-1,-1,-1,-1,-1,
#assigned_hub=-1,-1,-1,-1,-1,-1,-1,-1,-1,7,
#moving_targetting_pos=2,29|9,30|19,30|5,1|12,1|15,30|25,1|22,1|29,2|-1,-1|
#setting_targetting_pos=2,1|9,2|19,2|5,30|12,29|15,1|25,30|22,29|29,30|-1,-1|
#type=2,2,2,2,2,2,2,2,2,4,
u.rdRLRRR.
#00000000000000000000
#assigned_pet=-1,-1,-1,-1,-1,-1,-1,-1,-1,-1,
#assigned_hub=-1,-1,-1,-1,-1,-1,-1,-1,-1,7,
#moving_targetting_pos=2,29|9,30|19,30|5,1|12,1|15,30|25,1|22,1|29,2|-1,-1|
#setting_targetting_pos=2,1|9,2|19,2|5,30|12,29|15,1|25,30|22,29|29,30|-1,-1|
#type=2,2,2,2,2,2,2,2,2,4,
L.LRRud.R.
#00000000000000000000
#assigned_pet=-1,-1,-1,-1,-1,-1,-1,-1,-1,-1,
#assigned_hub=-1,-1,-1,-1,-1,-1,-1,-1,-1,7,
#moving_targetting_pos=2,29|9,30|19,30|5,1|12,1|15,30|25,1|22,1|29,2|-1,-1|
#setting_targetting_pos=2,1|9,2|19,2|5,30|12,29|15,1|25,30|22,29|29,30|-1,-1|
#type=2,2,2,2,2,2,2,2,2,4,
r.uudLR.d.
#00000000000000000000
#assigned_pet=-1,-1,-1,-1,-1,-1,-1,-1,-1,-1,
#assigned_hub=-1,-1,-1,-1,-1,-1,-1,-1,-1,7,
#moving_targetting_pos=2,29|9,30|19,30|5,1|12,1|15,30|25,1|22,1|29,2|-1,-1|
#setting_targetting_pos=2,1|9,2|19,2|5,30|12,29|15,1|25,30|22,29|29,30|-1,-1|
#type=2,2,2,2,2,2,2,2,2,4,
L.LRududR.
#00000000000000000000
#assigned_pet=-1,-1,-1,-1,-1,-1,-1,-1,-1,18,
#assigned_hub=-1,-1,-1,-1,-1,-1,-1,-1,-1,7,
#moving_targetting_pos=2,29|9,30|19,30|5,1|12,1|15,30|25,1|22,1|29,2|-1,-1|
#setting_targetting_pos=2,1|9,2|19,2|5,30|12,29|15,1|25,30|22,29|29,30|28,17|
#type=2,2,2,2,2,2,2,2,2,4,
L.LRRLRRRR
#00000000000000000000
#assigned_pet=-1,-1,-1,-1,-1,-1,-1,-1,-1,18,
#assigned_hub=-1,-1,-1,-1,-1,-1,-1,-1,-1,7,
#moving_targetting_pos=2,29|9,30|19,30|5,1|12,1|15,30|25,1|22,1|29,2|-1,-1|
#setting_targetting_pos=2,1|9,2|19,2|5,30|12,29|15,1|25,30|22,29|29,30|28,17|
#type=2,2,2,2,2,2,2,2,2,4,
ddrRldRRl.
#00000000000000000000
#assigned_pet=-1,-1,-1,-1,-1,-1,-1,-1,-1,18,
#assigned_hub=-1,-1,-1,-1,-1,-1,-1,-1,-1,7,
#moving_targetting_pos=2,29|9,30|19,30|5,1|12,1|15,30|25,1|22,1|29,2|-1,-1|
#setting_targetting_pos=2,1|9,2|19,2|5,30|12,29|15,1|25,30|22,29|29,30|28,17|
#type=2,2,2,2,2,2,2,2,2,4,
LLdRRLRlu.
#00000000000000000000
#assigned_pet=-1,-1,-1,-1,-1,-1,-1,-1,-1,18,
#assigned_hub=-1,-1,3,-1,-1,-1,-1,-1,-1,7,
#moving_targetting_pos=2,29|9,30|16,6|5,1|12,1|15,30|25,1|22,1|29,2|-1,-1|
#setting_targetting_pos=2,1|9,2|19,2|5,30|12,29|15,1|25,30|22,29|29,30|28,17|
#type=2,2,3,2,2,2,2,2,2,4,
LLU.RdRuR.
#00000000000000000000
#assigned_pet=-1,-1,-1,-1,-1,-1,-1,-1,-1,18,
#assigned_hub=-1,-1,3,-1,-1,0,-1,-1,-1,7,
#moving_targetting_pos=2,29|9,30|16,6|5,1|12,1|6,6|25,1|22,1|29,2|-1,-1|
#setting_targetting_pos=2,1|9,2|-1,-1|5,30|12,29|15,1|25,30|22,29|29,30|28,17|
#type=2,2,3,2,2,3,2,2,2,4,
rrRurRuRR.
#00000000000000000000
#assigned_pet=-1,-1,-1,-1,-1,-1,-1,-1,-1,-1,
#assigned_hub=-1,-1,3,-1,-1,0,-1,-1,-1,7,
#moving_targetting_pos=2,29|9,30|16,6|5,1|12,1|6,6|25,1|22,1|29,2|-1,-1|
#setting_targetting_pos=2,1|9,2|-1,-1|5,30|12,29|-1,-1|25,30|22,29|29,30|-1,-1|
#type=2,2,3,2,2,3,2,2,2,4,
uuURdRRRd.
#00000000000000000000
#assigned_pet=-1,-1,-1,-1,-1,-1,-1,-1,-1,18,
#assigned_hub=1,-1,3,-1,5,0,-1,-1,-1,7,
#moving_targetting_pos=6,16|9,30|16,6|5,1|16,26|6,6|25,1|22,1|29,2|-1,-1|
#setting_targetting_pos=2,1|9,2|-1,-1|5,30|12,29|-1,-1|25,30|22,29|29,30|28,17|
#type=3,2,3,2,3,3,2,2,2,4,
DLRdLRdlR.
#00000000000000000000
#assigned_pet=-1,-1,-1,-1,-1,-1,-1,-1,-1,-1,
#assigned_hub=1,-1,3,-1,5,0,-1,-1,-1,7,
#moving_targetting_pos=6,16|9,30|16,6|5,1|16,26|6,6|25,1|22,1|29,2|-1,-1|
#setting_targetting_pos=-1,-1|9,2|-1,-1|5,30|-1,-1|-1,-1|25,30|22,29|29,30|-1,-1|
#type=3,2,3,2,3,3,2,2,2,4,
RLRRLRRdl.
#00000000000000000000
#assigned_pet=-1,-1,-1,-1,-1,-1,-1,-1,-1,-1,
#assigned_hub=1,-1,3,-1,5,0,-1,-1,-1,7,
#moving_targetting_pos=6,16|9,30|-1,-1|5,1|16,26|6,6|25,1|22,1|29,2|-1,-1|
#setting_targetting_pos=-1,-1|9,2|-1,-1|5,30|-1,-1|-1,-1|25,30|22,29|29,30|-1,-1|
#type=3,2,4,2,3,3,2,2,2,4,
Dd.dDUdRR.
#00000000000000000000
#assigned_pet=-1,-1,-1,-1,-1,-1,-1,-1,-1,-1,
#assigned_hub=1,-1,3,2,5,0,8,-1,-1,7,
#moving_targetting_pos=6,16|9,30|-1,-1|6,26|16,26|6,6|26,26|22,1|29,2|-1,-1|
#setting_targetting_pos=-1,-1|9,2|-1,-1|5,30|-1,-1|-1,-1|25,30|22,29|29,30|-1,-1|
#type=3,2,4,3,3,3,3,2,2,4,
RL.LDULRu.
#00000000000000000000
#assigned_pet=-1,-1,-1,-1,-1,-1,-1,-1,-1,-1,
#assigned_hub=1,-1,3,2,5,0,8,-1,-1,7,
#moving_targetting_pos=6,16|9,30|-1,-1|6,26|16,26|6,6|26,26|22,1|29,2|-1,-1|
#setting_targetting_pos=-1,-1|9,2|-1,-1|-1,-1|-1,-1|-1,-1|-1,-1|22,29|29,30|-1,-1|
#type=3,2,4,3,3,3,3,2,2,4,
Dr.LLULRR.
#00000000000000000000
#assigned_pet=-1,-1,-1,-1,-1,-1,-1,-1,-1,-1,
#assigned_hub=1,-1,3,2,5,0,8,-1,-1,7,
#moving_targetting_pos=6,16|9,30|-1,-1|6,26|-1,-1|6,6|26,26|22,1|29,2|-1,-1|
#setting_targetting_pos=-1,-1|9,2|-1,-1|-1,-1|-1,-1|-1,-1|-1,-1|22,29|29,30|-1,-1|
#type=3,2,4,3,4,3,3,2,2,4,
RL.L.ULdR.
#00000000000000000000
#assigned_pet=-1,-1,-1,14,14,-1,6,-1,-1,6,
#assigned_hub=1,-1,3,2,5,0,8,-1,-1,7,
#moving_targetting_pos=6,16|9,30|-1,-1|-1,-1|-1,-1|6,6|-1,-1|22,1|29,2|-1,-1|
#setting_targetting_pos=-1,-1|9,2|-1,-1|8,27|14,27|-1,-1|25,24|22,29|29,30|25,18|
#type=3,2,4,4,4,3,4,2,2,4,
R..D.ULu.R
#00000000000000000000
#assigned_pet=-1,-1,-1,14,14,-1,6,-1,-1,6,
#assigned_hub=1,-1,3,2,5,0,8,-1,-1,7,
#moving_targetting_pos=6,16|9,30|-1,-1|-1,-1|-1,-1|6,6|-1,-1|22,1|29,2|-1,-1|
#setting_targetting_pos=-1,-1|9,2|-1,-1|8,27|14,27|-1,-1|25,24|22,29|29,30|25,18|
#type=3,2,4,4,4,3,4,2,2,4,
Ru.D.ULRlU
#00000010000000000000
#assigned_pet=-1,-1,-1,14,14,-1,6,-1,-1,6,
#assigned_hub=1,-1,3,2,5,0,8,-1,-1,7,
#moving_targetting_pos=6,16|9,30|-1,-1|-1,-1|-1,-1|6,6|-1,-1|22,1|29,2|-1,-1|
#setting_targetting_pos=-1,-1|9,2|-1,-1|8,27|14,27|-1,-1|25,24|22,29|29,30|25,18|
#type=3,2,4,4,4,3,5,2,2,5,
RL...Ull.u
#00000010000000000000
#assigned_pet=-1,-1,-1,-1,10,-1,10,-1,-1,-1,
#assigned_hub=1,-1,3,2,5,0,8,-1,-1,7,
#moving_targetting_pos=6,16|9,30|-1,-1|-1,-1|-1,-1|6,6|-1,-1|22,1|29,2|-1,-1|
#setting_targetting_pos=-1,-1|9,2|-1,-1|-1,-1|18,27|-1,-1|24,27|22,29|29,30|-1,-1|
#type=3,2,4,4,4,3,4,2,2,4,
RL..RRRRd.
#00000010000000000000
#assigned_pet=-1,-1,-1,-1,10,17,10,-1,-1,-1,
#assigned_hub=1,-1,3,2,5,0,8,-1,-1,7,
#moving_targetting_pos=6,16|9,30|-1,-1|-1,-1|-1,-1|-1,-1|-1,-1|22,1|29,2|-1,-1|
#setting_targetting_pos=-1,-1|9,2|-1,-1|-1,-1|18,27|7,4|24,27|22,29|29,30|-1,-1|
#type=3,2,4,4,4,4,4,2,2,4,
R...DLRRR.
#00000010000000000000
#assigned_pet=-1,-1,-1,-1,10,17,10,-1,-1,-1,
#assigned_hub=1,-1,3,2,5,0,8,-1,-1,7,
#moving_targetting_pos=6,16|9,30|-1,-1|-1,-1|-1,-1|-1,-1|-1,-1|22,1|29,2|-1,-1|
#setting_targetting_pos=-1,-1|9,2|-1,-1|-1,-1|18,27|7,4|24,27|22,29|29,30|-1,-1|
#type=3,2,4,4,4,4,4,2,2,4,
Rr..DU.rR.
#00000010000000000000
#assigned_pet=-1,-1,-1,-1,-1,17,16,-1,-1,-1,
#assigned_hub=1,-1,3,2,5,0,8,-1,-1,7,
#moving_targetting_pos=6,16|9,30|-1,-1|-1,-1|-1,-1|-1,-1|-1,-1|22,1|29,2|-1,-1|
#setting_targetting_pos=-1,-1|9,2|-1,-1|-1,-1|-1,-1|7,4|25,28|22,29|29,30|-1,-1|
#type=3,2,4,4,4,4,4,2,2,4,
Rd.....dd.
#00000010000000001000
#assigned_pet=-1,-1,-1,-1,-1,17,16,-1,-1,-1,
#assigned_hub=1,6,3,2,5,0,8,4,-1,7,
#moving_targetting_pos=6,16|26,6|-1,-1|-1,-1|-1,-1|-1,-1|-1,-1|16,16|29,2|-1,-1|
#setting_targetting_pos=-1,-1|9,2|-1,-1|-1,-1|-1,-1|7,4|25,28|22,29|29,30|-1,-1|
#type=3,3,4,4,4,4,5,3,2,4,
RU....rLR.
#00000010000000001000
#assigned_pet=-1,-1,-1,-1,10,17,10,-1,-1,-1,
#assigned_hub=1,6,3,2,5,0,8,4,-1,7,
#moving_targetting_pos=6,16|26,6|-1,-1|-1,-1|-1,-1|-1,-1|-1,-1|16,16|29,2|-1,-1|
#setting_targetting_pos=-1,-1|-1,-1|-1,-1|-1,-1|18,27|7,4|24,27|-1,-1|29,30|-1,-1|
#type=3,3,4,4,4,4,4,3,2,4,
RR..D..LR.
#00000010000000001000
#assigned_pet=-1,-1,-1,-1,10,17,10,-1,-1,-1,
#assigned_hub=1,6,3,2,5,0,8,4,-1,7,
#moving_targetting_pos=6,16|26,6|-1,-1|-1,-1|-1,-1|-1,-1|-1,-1|16,16|29,2|-1,-1|
#setting_targetting_pos=-1,-1|-1,-1|-1,-1|-1,-1|18,27|7,4|24,27|-1,-1|29,30|-1,-1|
#type=3,3,4,4,4,4,4,3,2,4,
RU.....Ul.
#00000010000000001000
#assigned_pet=-1,-1,-1,-1,10,17,10,-1,-1,-1,
#assigned_hub=1,6,3,2,5,0,8,4,-1,7,
#moving_targetting_pos=6,16|26,6|-1,-1|-1,-1|-1,-1|-1,-1|-1,-1|16,16|29,2|-1,-1|
#setting_targetting_pos=-1,-1|-1,-1|-1,-1|-1,-1|18,27|7,4|24,27|-1,-1|29,30|-1,-1|
#type=3,3,4,4,4,4,4,3,2,4,
RR.....Uu.
#00000010000000001000
#assigned_pet=12,-1,-1,-1,10,17,10,-1,-1,-1,
#assigned_hub=1,6,3,2,5,0,8,4,-1,7,
#moving_targetting_pos=-1,-1|26,6|-1,-1|-1,-1|-1,-1|-1,-1|-1,-1|16,16|29,2|-1,-1|
#setting_targetting_pos=4,17|-1,-1|-1,-1|-1,-1|18,27|7,4|24,27|-1,-1|29,30|-1,-1|
#type=4,3,4,4,4,4,4,3,2,4,
RR.....UR.
#00000010000000001000
#assigned_pet=12,-1,-1,-1,10,17,10,-1,-1,-1,
#assigned_hub=1,6,3,2,5,0,8,4,-1,7,
#moving_targetting_pos=-1,-1|26,6|-1,-1|-1,-1|-1,-1|-1,-1|-1,-1|16,16|29,2|-1,-1|
#setting_targetting_pos=4,17|-1,-1|-1,-1|-1,-1|18,27|7,4|24,27|-1,-1|29,30|-1,-1|
#type=4,3,4,4,4,4,4,3,2,4,
RD.....UR.
#00000010000010001100
#assigned_pet=12,-1,-1,-1,10,17,10,-1,-1,-1,
#assigned_hub=1,6,3,2,5,0,8,4,-1,7,
#moving_targetting_pos=-1,-1|26,6|-1,-1|-1,-1|-1,-1|-1,-1|-1,-1|16,16|29,2|-1,-1|
#setting_targetting_pos=4,17|-1,-1|-1,-1|-1,-1|18,27|7,4|24,27|-1,-1|29,30|-1,-1|
#type=5,3,4,4,4,5,4,3,2,4,
uD...l.Ld.
#00000010000010001100
#assigned_pet=8,-1,-1,-1,10,8,10,-1,-1,-1,
#assigned_hub=1,6,3,2,5,0,8,4,-1,7,
#moving_targetting_pos=-1,-1|26,6|-1,-1|-1,-1|-1,-1|-1,-1|-1,-1|16,16|29,2|-1,-1|
#setting_targetting_pos=7,14|-1,-1|-1,-1|-1,-1|18,27|7,8|24,27|-1,-1|29,30|-1,-1|
#type=4,3,4,4,4,4,4,3,2,4,
LD...R.LR.
#00000010001010101100
#assigned_pet=8,-1,-1,-1,10,8,10,-1,-1,-1,
#assigned_hub=1,6,3,2,5,0,8,4,-1,7,
#moving_targetting_pos=-1,-1|26,6|-1,-1|-1,-1|-1,-1|-1,-1|-1,-1|16,16|29,2|-1,-1|
#setting_targetting_pos=7,14|-1,-1|-1,-1|-1,-1|18,27|7,8|24,27|-1,-1|29,30|-1,-1|
#type=4,3,4,4,5,4,5,3,2,4,
LD..dRuUl.
#00000010001010101100
#assigned_pet=8,-1,-1,-1,-1,8,18,-1,-1,18,
#assigned_hub=1,6,3,2,5,0,8,4,-1,7,
#moving_targetting_pos=-1,-1|26,6|-1,-1|-1,-1|-1,-1|-1,-1|-1,-1|16,16|29,2|-1,-1|
#setting_targetting_pos=7,14|-1,-1|-1,-1|-1,-1|-1,-1|7,8|27,24|-1,-1|29,30|27,18|
#type=4,3,4,4,4,4,4,3,2,4,
LD....LLR.
#00000010001010101100
#assigned_pet=8,-1,-1,-1,-1,8,18,-1,-1,18,
#assigned_hub=1,6,3,2,5,0,8,4,-1,7,
#moving_targetting_pos=-1,-1|26,6|-1,-1|-1,-1|-1,-1|-1,-1|-1,-1|16,16|29,2|-1,-1|
#setting_targetting_pos=7,14|-1,-1|-1,-1|-1,-1|-1,-1|7,8|27,24|-1,-1|29,30|27,18|
#type=4,3,4,4,4,4,4,3,2,4,
DD....LLu.
#00000010001010101100
#assigned_pet=4,-1,-1,-1,-1,4,18,-1,-1,18,
#assigned_hub=1,6,3,2,5,0,8,4,-1,7,
#moving_targetting_pos=-1,-1|26,6|-1,-1|-1,-1|-1,-1|-1,-1|-1,-1|16,16|29,2|-1,-1|
#setting_targetting_pos=5,14|-1,-1|-1,-1|-1,-1|-1,-1|5,8|27,24|-1,-1|29,30|27,18|
#type=4,3,4,4,4,4,4,3,2,4,
.D...RDLR.
#00000010001010101100
#assigned_pet=4,-1,-1,-1,-1,4,18,-1,-1,18,
#assigned_hub=1,6,3,2,5,0,8,4,-1,7,
#moving_targetting_pos=-1,-1|26,6|-1,-1|-1,-1|-1,-1|-1,-1|-1,-1|16,16|29,2|-1,-1|
#setting_targetting_pos=5,14|-1,-1|-1,-1|-1,-1|-1,-1|5,8|27,24|-1,-1|29,30|27,18|
#type=4,3,4,4,4,4,4,3,2,4,
.D...ULLR.
#00000010001010101110
#assigned_pet=4,-1,-1,-1,-1,4,18,-1,-1,18,
#assigned_hub=1,6,3,2,5,0,8,4,-1,7,
#moving_targetting_pos=-1,-1|26,6|-1,-1|-1,-1|-1,-1|-1,-1|-1,-1|16,16|29,2|-1,-1|
#setting_targetting_pos=5,14|-1,-1|-1,-1|-1,-1|-1,-1|5,8|27,24|-1,-1|29,30|27,18|
#type=4,3,4,4,4,4,5,3,2,5,
.D....dLld
#00001010001110101110
#assigned_pet=4,-1,-1,-1,-1,4,-1,-1,-1,-1,
#assigned_hub=1,6,3,2,5,0,8,4,-1,7,
#moving_targetting_pos=-1,-1|26,6|-1,-1|-1,-1|-1,-1|-1,-1|26,26|16,16|29,2|26,16|
#setting_targetting_pos=5,14|-1,-1|-1,-1|-1,-1|-1,-1|5,8|-1,-1|-1,-1|29,30|-1,-1|
#type=5,3,4,4,4,5,4,3,2,4,
uD...u.Ld.
#00001010001110101110
#assigned_pet=8,-1,-1,-1,-1,8,-1,-1,-1,-1,
#assigned_hub=1,6,3,2,5,0,8,4,-1,7,
#moving_targetting_pos=-1,-1|26,6|-1,-1|-1,-1|-1,-1|-1,-1|26,26|16,16|29,2|26,16|
#setting_targetting_pos=7,14|-1,-1|-1,-1|-1,-1|-1,-1|7,8|-1,-1|-1,-1|29,30|-1,-1|
#type=4,3,4,4,4,4,4,3,0,4,
.D.....L..
#00001010001110101110
#assigned_pet=3,-1,-1,3,-1,-1,-1,-1,-1,-1,
#assigned_hub=1,6,3,2,5,0,8,4,-1,7,
#moving_targetting_pos=-1,-1|26,6|-1,-1|-1,-1|-1,-1|-1,-1|-1,-1|16,16|29,2|26,16|
#setting_targetting_pos=7,18|-1,-1|-1,-1|7,24|-1,-1|-1,-1|-1,-1|-1,-1|29,30|-1,-1|
#type=4,3,4,4,4,4,4,3,0,4,
RD.L...L..
#00001010001110101110
#assigned_pet=13,-1,0,-1,-1,13,-1,0,-1,-1,
#assigned_hub=1,6,3,2,5,0,8,4,-1,7,
#moving_targetting_pos=-1,-1|26,6|-1,-1|-1,-1|-1,-1|-1,-1|-1,-1|-1,-1|29,2|26,16|
#setting_targetting_pos=7,14|-1,-1|15,8|-1,-1|-1,-1|7,8|-1,-1|15,14|29,30|-1,-1|
#type=4,3,4,4,4,4,4,4,0,4,
LDR....L..
#00001010001111101110
#assigned_pet=13,-1,15,-1,-1,13,-1,-1,-1,-1,
#assigned_hub=1,6,3,2,5,0,8,4,-1,7,
#moving_targetting_pos=-1,-1|26,6|-1,-1|-1,-1|-1,-1|-1,-1|-1,-1|-1,-1|29,2|-1,-1|
#setting_targetting_pos=7,14|-1,-1|17,4|-1,-1|-1,-1|7,8|-1,-1|-1,-1|29,30|-1,-1|
#type=5,3,4,4,4,5,4,4,0,4,
dDL..d....
#00001010001111101110
#assigned_pet=5,-1,15,19,19,-1,-1,5,-1,-1,
#assigned_hub=1,6,3,2,5,0,8,4,-1,7,
#moving_targetting_pos=-1,-1|26,6|-1,-1|-1,-1|-1,-1|-1,-1|26,26|-1,-1|29,2|-1,-1|
#setting_targetting_pos=8,15|-1,-1|17,4|8,25|14,25|-1,-1|-1,-1|14,15|29,30|-1,-1|
#type=4,3,4,4,4,4,4,4,0,4,
RD.LL..L..
#00001010001111101110
#assigned_pet=5,-1,15,19,19,-1,-1,5,-1,-1,
#assigned_hub=1,6,3,2,5,0,8,4,-1,7,
#moving_targetting_pos=-1,-1|26,6|-1,-1|-1,-1|-1,-1|-1,-1|-1,-1|-1,-1|29,2|-1,-1|
#setting_targetting_pos=8,15|-1,-1|17,4|8,25|14,25|-1,-1|-1,-1|14,15|29,30|-1,-1|
#type=4,3,4,4,4,4,4,4,0,4,
DD..L..U..
#00001010001111111110
#assigned_pet=5,-1,15,19,19,-1,-1,5,-1,-1,
#assigned_hub=1,6,3,2,5,0,8,4,-1,7,
#moving_targetting_pos=-1,-1|26,6|-1,-1|-1,-1|-1,-1|-1,-1|-1,-1|-1,-1|29,2|-1,-1|
#setting_targetting_pos=8,15|-1,-1|17,4|8,25|14,25|-1,-1|-1,-1|14,15|29,30|-1,-1|
#type=4,3,5,4,4,4,4,4,0,4,
.Dl.U..U..
#00011110011111111110
#assigned_pet=3,-1,8,19,19,8,-1,3,-1,-1,
#assigned_hub=1,6,3,2,5,0,8,4,-1,7,
#moving_targetting_pos=-1,-1|26,6|-1,-1|-1,-1|-1,-1|-1,-1|-1,-1|-1,-1|29,2|-1,-1|
#setting_targetting_pos=8,15|-1,-1|14,7|8,25|14,25|8,7|-1,-1|14,15|29,30|-1,-1|
#type=5,3,4,4,4,4,4,5,0,4,
dRR.UL.u..
#00011110011111111111
#assigned_pet=-1,-1,0,19,19,-1,-1,0,-1,-1,
#assigned_hub=1,6,3,2,5,0,8,4,-1,7,
#moving_targetting_pos=-1,-1|26,6|-1,-1|-1,-1|-1,-1|-1,-1|26,26|-1,-1|29,2|-1,-1|
#setting_targetting_pos=-1,-1|-1,-1|15,8|8,25|14,25|-1,-1|-1,-1|15,14|29,30|-1,-1|
#type=4,4,4,5,5,4,4,4,0,4,
..Rdu.....
#00011110011111111111
#assigned_pet=-1,-1,0,-1,-1,-1,-1,0,-1,-1,
#assigned_hub=1,6,3,2,5,0,8,4,-1,7,
#moving_targetting_pos=-1,-1|26,6|-1,-1|-1,-1|-1,-1|-1,-1|26,26|-1,-1|29,2|-1,-1|
#setting_targetting_pos=-1,-1|-1,-1|15,8|-1,-1|-1,-1|-1,-1|-1,-1|15,14|29,30|-1,-1|
#type=4,4,4,4,4,4,4,4,0,4,
..R.......
#00011110011111111111
#assigned_pet=-1,-1,0,-1,-1,-1,-1,0,-1,-1,
#assigned_hub=1,6,3,2,5,0,8,4,-1,7,
#moving_targetting_pos=-1,-1|26,6|-1,-1|-1,-1|-1,-1|-1,-1|26,26|-1,-1|29,2|-1,-1|
#setting_targetting_pos=-1,-1|-1,-1|15,8|-1,-1|-1,-1|-1,-1|-1,-1|15,14|29,30|-1,-1|
#type=4,4,4,4,4,4,4,4,0,4,
..U.......
#10011110011111111111
#assigned_pet=-1,-1,0,-1,-1,-1,-1,0,-1,-1,
#assigned_hub=1,6,3,2,5,0,8,4,-1,7,
#moving_targetting_pos=-1,-1|26,6|-1,-1|-1,-1|-1,-1|-1,-1|-1,-1|-1,-1|29,2|-1,-1|
#setting_targetting_pos=-1,-1|-1,-1|15,8|-1,-1|-1,-1|-1,-1|-1,-1|15,14|29,30|-1,-1|
#type=4,4,5,4,4,4,4,5,0,4,
..u....l..
#10011110011111111111
#assigned_pet=-1,-1,8,-1,-1,8,-1,7,-1,7,
#assigned_hub=1,6,3,2,5,0,8,4,-1,7,
#moving_targetting_pos=-1,-1|26,6|-1,-1|-1,-1|-1,-1|-1,-1|26,26|-1,-1|29,2|-1,-1|
#setting_targetting_pos=-1,-1|-1,-1|14,7|-1,-1|-1,-1|8,7|-1,-1|18,17|29,30|24,17|
#type=4,4,4,4,4,4,4,4,0,4,
..L..D.R.L
#10011110011111111111
#assigned_pet=-1,-1,8,-1,-1,8,-1,-1,-1,-1,
#assigned_hub=1,6,3,2,5,0,8,4,-1,7,
#moving_targetting_pos=-1,-1|26,6|-1,-1|-1,-1|-1,-1|-1,-1|-1,-1|-1,-1|29,2|-1,-1|
#setting_targetting_pos=-1,-1|-1,-1|14,7|-1,-1|-1,-1|8,7|-1,-1|-1,-1|29,30|-1,-1|
#type=4,4,4,4,4,4,4,4,0,4,
..U.......
#10011110111111111111
#assigned_pet=-1,-1,8,-1,-1,8,-1,-1,-1,-1,
#assigned_hub=1,6,3,2,5,0,8,4,-1,7,
#moving_targetting_pos=-1,-1|26,6|-1,-1|-1,-1|-1,-1|-1,-1|-1,-1|-1,-1|29,2|-1,-1|
#setting_targetting_pos=-1,-1|-1,-1|14,7|-1,-1|-1,-1|8,7|-1,-1|-1,-1|29,30|-1,-1|
#type=4,4,5,4,4,5,4,4,0,4,
..u..d....
#10011110111111111111
#assigned_pet=-1,-1,-1,-1,-1,-1,-1,-1,-1,-1,
#assigned_hub=1,6,3,2,5,0,8,4,-1,7,
#moving_targetting_pos=-1,-1|26,6|16,6|-1,-1|-1,-1|6,6|-1,-1|-1,-1|29,2|-1,-1|
#setting_targetting_pos=-1,-1|-1,-1|-1,-1|-1,-1|-1,-1|-1,-1|-1,-1|-1,-1|29,30|-1,-1|
#type=4,4,4,4,4,4,4,4,0,4,
..........
#10011110111111111111
#assigned_pet=-1,-1,-1,-1,-1,-1,-1,-1,-1,-1,
#assigned_hub=1,6,3,2,5,0,8,4,-1,7,
#moving_targetting_pos=-1,-1|26,6|16,6|-1,-1|-1,-1|6,6|26,26|-1,-1|29,2|-1,-1|
#setting_targetting_pos=-1,-1|-1,-1|-1,-1|-1,-1|-1,-1|-1,-1|-1,-1|-1,-1|29,30|-1,-1|
#type=4,4,4,4,4,4,4,4,0,4,
..........
#10011110111111111111
#assigned_pet=-1,-1,-1,-1,2,-1,-1,2,-1,-1,
#assigned_hub=1,6,3,2,5,0,8,4,-1,7,
#moving_targetting_pos=-1,-1|26,6|16,6|-1,-1|-1,-1|6,6|26,26|-1,-1|29,2|-1,-1|
#setting_targetting_pos=-1,-1|-1,-1|-1,-1|-1,-1|15,24|-1,-1|-1,-1|15,18|29,30|-1,-1|
#type=4,4,4,4,4,4,4,4,0,4,
.......R..
#10111110111111111111
#assigned_pet=-1,-1,-1,-1,2,-1,-1,2,-1,-1,
#assigned_hub=1,6,3,2,5,0,8,4,-1,7,
#moving_targetting_pos=-1,-1|26,6|16,6|-1,-1|-1,-1|6,6|26,26|-1,-1|29,2|-1,-1|
#setting_targetting_pos=-1,-1|-1,-1|-1,-1|-1,-1|15,24|-1,-1|-1,-1|15,18|29,30|-1,-1|
#type=4,4,4,4,5,4,4,5,0,4,
....l..r..
#10111110111111111111
#assigned_pet=-1,-1,-1,-1,-1,-1,-1,-1,-1,-1,
#assigned_hub=1,6,3,2,5,0,8,4,-1,7,
#moving_targetting_pos=-1,-1|26,6|16,6|-1,-1|16,26|6,6|26,26|-1,-1|29,2|-1,-1|
#setting_targetting_pos=-1,-1|-1,-1|-1,-1|-1,-1|-1,-1|-1,-1|-1,-1|-1,-1|29,30|-1,-1|
#type=4,4,4,4,4,4,4,4,0,4,
..........
#10111110111111111111
#assigned_pet=-1,-1,-1,-1,-1,-1,-1,-1,-1,-1,
#assigned_hub=1,6,3,2,5,0,8,4,-1,7,
#moving_targetting_pos=-1,-1|-1,-1|16,6|-1,-1|16,26|6,6|26,26|-1,-1|29,2|-1,-1|
#setting_targetting_pos=-1,-1|-1,-1|-1,-1|-1,-1|-1,-1|-1,-1|-1,-1|-1,-1|29,30|-1,-1|
#type=4,4,4,4,4,4,4,4,0,4,
..........
#10111110111111111111
#assigned_pet=1,-1,-1,-1,-1,-1,-1,1,-1,-1,
#assigned_hub=1,6,3,2,5,0,8,4,-1,7,
#moving_targetting_pos=-1,-1|26,6|16,6|-1,-1|16,26|6,6|26,26|-1,-1|29,2|-1,-1|
#setting_targetting_pos=8,17|-1,-1|-1,-1|-1,-1|-1,-1|-1,-1|-1,-1|14,17|29,30|-1,-1|
#type=4,4,4,4,4,4,4,4,0,4,
R.........
#10111110111111111111
#assigned_pet=1,-1,-1,-1,-1,-1,-1,1,-1,-1,
#assigned_hub=1,6,3,2,5,0,8,4,-1,7,
#moving_targetting_pos=-1,-1|26,6|16,6|6,26|16,26|6,6|26,26|-1,-1|29,2|-1,-1|
#setting_targetting_pos=8,17|-1,-1|-1,-1|-1,-1|-1,-1|-1,-1|-1,-1|14,17|29,30|-1,-1|
#type=4,4,4,4,4,4,4,4,0,4,
R.........
#11111110111111111111
#assigned_pet=1,-1,-1,-1,-1,-1,-1,1,-1,-1,
#assigned_hub=1,6,3,2,5,0,8,4,-1,7,
#moving_targetting_pos=-1,-1|26,6|16,6|6,26|16,26|6,6|26,26|-1,-1|29,2|-1,-1|
#setting_targetting_pos=8,17|-1,-1|-1,-1|-1,-1|-1,-1|-1,-1|-1,-1|14,17|29,30|-1,-1|
#type=5,4,4,4,4,4,4,5,0,4,
d......u..
#11111110111111111111
#assigned_pet=-1,-1,-1,-1,-1,-1,-1,-1,-1,-1,
#assigned_hub=1,6,3,2,5,0,8,4,-1,7,
#moving_targetting_pos=6,16|26,6|16,6|6,26|16,26|6,6|26,26|-1,-1|29,2|-1,-1|
#setting_targetting_pos=-1,-1|-1,-1|-1,-1|-1,-1|-1,-1|-1,-1|-1,-1|-1,-1|29,30|-1,-1|
#type=4,4,4,4,4,4,4,4,0,4,
..........
#11111110111111111111
#assigned_pet=-1,-1,-1,-1,-1,-1,-1,-1,-1,-1,
#assigned_hub=1,6,3,2,5,0,8,4,-1,7,
#moving_targetting_pos=6,16|26,6|16,6|6,26|16,26|6,6|26,26|16,16|29,2|-1,-1|
#setting_targetting_pos=-1,-1|-1,-1|-1,-1|-1,-1|-1,-1|-1,-1|-1,-1|-1,-1|29,30|-1,-1|
#type=4,4,4,4,4,4,4,4,0,4,
..........
#11111110111111111111
#assigned_pet=-1,-1,-1,-1,-1,-1,-1,-1,-1,-1,
#assigned_hub=1,6,3,2,5,0,8,4,-1,7,
#moving_targetting_pos=6,16|26,6|16,6|6,26|16,26|6,6|26,26|-1,-1|29,2|-1,-1|
#setting_targetting_pos=-1,-1|-1,-1|-1,-1|-1,-1|-1,-1|-1,-1|-1,-1|-1,-1|29,30|-1,-1|
#type=4,4,4,4,4,4,4,4,0,4,
..........
#11111110111111111111
#assigned_pet=-1,-1,-1,-1,-1,-1,-1,-1,-1,-1,
#assigned_hub=1,6,3,2,5,0,8,4,-1,7,
#moving_targetting_pos=6,16|26,6|16,6|6,26|16,26|6,6|26,26|-1,-1|29,2|-1,-1|
#setting_targetting_pos=-1,-1|-1,-1|-1,-1|-1,-1|-1,-1|-1,-1|-1,-1|-1,-1|29,30|-1,-1|
#type=4,4,4,4,4,4,4,4,0,4,
..........
#11111110111111111111
#assigned_pet=-1,-1,-1,-1,-1,-1,-1,-1,-1,-1,
#assigned_hub=1,6,3,2,5,0,8,4,-1,7,
#moving_targetting_pos=6,16|26,6|16,6|6,26|16,26|6,6|26,26|-1,-1|29,2|-1,-1|
#setting_targetting_pos=-1,-1|-1,-1|-1,-1|-1,-1|-1,-1|-1,-1|-1,-1|-1,-1|29,30|-1,-1|
#type=4,4,4,4,4,4,4,4,0,4,
..........
#11111110111111111111
#assigned_pet=-1,-1,-1,-1,-1,-1,-1,-1,-1,-1,
#assigned_hub=1,6,3,2,5,0,8,4,-1,7,
#moving_targetting_pos=6,16|-1,-1|16,6|6,26|16,26|6,6|26,26|-1,-1|29,2|-1,-1|
#setting_targetting_pos=-1,-1|-1,-1|-1,-1|-1,-1|-1,-1|-1,-1|-1,-1|-1,-1|29,30|-1,-1|
#type=4,4,4,4,4,4,4,4,0,4,
..........
#11111110111111111111
#assigned_pet=-1,-1,-1,-1,-1,-1,-1,-1,-1,-1,
#assigned_hub=1,6,3,2,5,0,8,4,-1,7,
#moving_targetting_pos=6,16|-1,-1|16,6|6,26|16,26|6,6|26,26|-1,-1|29,2|-1,-1|
#setting_targetting_pos=-1,-1|-1,-1|-1,-1|-1,-1|-1,-1|-1,-1|-1,-1|-1,-1|29,30|-1,-1|
#type=4,4,4,4,4,4,4,4,0,4,
..........
#11111110111111111111
#assigned_pet=-1,-1,-1,-1,-1,-1,-1,-1,-1,-1,
#assigned_hub=1,6,3,2,5,0,8,4,-1,7,
#moving_targetting_pos=6,16|-1,-1|16,6|6,26|16,26|6,6|26,26|-1,-1|29,2|-1,-1|
#setting_targetting_pos=-1,-1|-1,-1|-1,-1|-1,-1|-1,-1|-1,-1|-1,-1|-1,-1|29,30|-1,-1|
#type=4,4,4,4,4,4,4,4,0,4,
..........
#11111110111111111111
#assigned_pet=-1,-1,-1,-1,-1,-1,-1,7,-1,7,
#assigned_hub=1,6,3,2,5,0,8,4,-1,7,
#moving_targetting_pos=6,16|26,6|16,6|6,26|16,26|6,6|26,26|-1,-1|29,2|-1,-1|
#setting_targetting_pos=-1,-1|-1,-1|-1,-1|-1,-1|-1,-1|-1,-1|-1,-1|18,15|29,30|24,15|
#type=4,4,4,4,4,4,4,4,0,4,
.......L.L
#11111110111111111111
#assigned_pet=-1,-1,-1,-1,-1,-1,-1,-1,-1,-1,
#assigned_hub=1,6,3,2,5,0,8,4,-1,7,
#moving_targetting_pos=6,16|-1,-1|16,6|6,26|16,26|6,6|26,26|-1,-1|29,2|-1,-1|
#setting_targetting_pos=-1,-1|-1,-1|-1,-1|-1,-1|-1,-1|-1,-1|-1,-1|-1,-1|29,30|-1,-1|
#type=4,4,4,4,4,4,4,4,0,4,
..........
#11111110111111111111
#assigned_pet=-1,-1,-1,-1,-1,-1,-1,7,-1,7,
#assigned_hub=1,6,3,2,5,0,8,4,-1,7,
#moving_targetting_pos=6,16|26,6|16,6|6,26|16,26|6,6|26,26|-1,-1|29,2|-1,-1|
#setting_targetting_pos=-1,-1|-1,-1|-1,-1|-1,-1|-1,-1|-1,-1|-1,-1|18,15|29,30|24,15|
#type=4,4,4,4,4,4,4,4,0,4,
.......L.L
#11111110111111111111
#assigned_pet=-1,-1,-1,-1,-1,-1,-1,7,-1,7,
#assigned_hub=1,6,3,2,5,0,8,4,-1,7,
#moving_targetting_pos=6,16|26,6|16,6|6,26|16,26|6,6|26,26|-1,-1|29,2|-1,-1|
#setting_targetting_pos=-1,-1|-1,-1|-1,-1|-1,-1|-1,-1|-1,-1|-1,-1|18,15|29,30|24,15|
#type=4,4,4,4,4,4,4,4,0,4,
.......D.U
#11111110111111111111
#assigned_pet=-1,-1,-1,-1,-1,-1,-1,7,-1,7,
#assigned_hub=1,6,3,2,5,0,8,4,-1,7,
#moving_targetting_pos=6,16|26,6|16,6|6,26|16,26|6,6|26,26|-1,-1|29,2|-1,-1|
#setting_targetting_pos=-1,-1|-1,-1|-1,-1|-1,-1|-1,-1|-1,-1|-1,-1|18,15|29,30|24,15|
#type=4,4,4,4,4,4,4,4,0,4,
.......D..
#11111111111111111111
#assigned_pet=-1,-1,-1,-1,-1,-1,-1,7,-1,7,
#assigned_hub=1,6,3,2,5,0,8,4,-1,7,
#moving_targetting_pos=6,16|26,6|16,6|6,26|16,26|6,6|26,26|-1,-1|29,2|-1,-1|
#setting_targetting_pos=-1,-1|-1,-1|-1,-1|-1,-1|-1,-1|-1,-1|-1,-1|18,15|29,30|24,15|
#type=4,4,4,4,4,4,4,5,0,5,
.......d.u
#11111111111111111111
#assigned_pet=-1,-1,-1,-1,-1,-1,-1,-1,-1,-1,
#assigned_hub=1,6,3,2,5,0,8,4,-1,7,
#moving_targetting_pos=6,16|26,6|16,6|6,26|16,26|6,6|26,26|16,16|29,2|26,16|
#setting_targetting_pos=-1,-1|-1,-1|-1,-1|-1,-1|-1,-1|-1,-1|-1,-1|-1,-1|29,30|-1,-1|
#type=4,4,4,4,4,4,4,4,0,4,
..........
#11111111111111111111
#assigned_pet=-1,-1,-1,-1,-1,-1,-1,-1,-1,-1,
#assigned_hub=1,6,3,2,5,0,8,4,-1,7,
#moving_targetting_pos=6,16|26,6|16,6|6,26|16,26|6,6|26,26|16,16|29,2|26,16|
#setting_targetting_pos=-1,-1|-1,-1|-1,-1|-1,-1|-1,-1|-1,-1|-1,-1|-1,-1|29,30|-1,-1|
#type=4,4,4,4,4,4,4,4,0,4,
..........
#11111111111111111111
#assigned_pet=-1,-1,-1,-1,-1,-1,-1,-1,-1,-1,
#assigned_hub=1,6,3,2,5,0,8,4,-1,7,
#moving_targetting_pos=6,16|26,6|16,6|6,26|16,26|6,6|26,26|16,16|29,2|26,16|
#setting_targetting_pos=-1,-1|-1,-1|-1,-1|-1,-1|-1,-1|-1,-1|-1,-1|-1,-1|29,30|-1,-1|
#type=4,4,4,4,4,4,4,4,0,4,
..........
#11111111111111111111
#assigned_pet=-1,-1,-1,-1,-1,-1,-1,-1,-1,-1,
#assigned_hub=1,6,3,2,5,0,8,4,-1,7,
#moving_targetting_pos=6,16|26,6|16,6|6,26|16,26|6,6|26,26|16,16|29,2|26,16|
#setting_targetting_pos=-1,-1|-1,-1|-1,-1|-1,-1|-1,-1|-1,-1|-1,-1|-1,-1|29,30|-1,-1|
#type=4,4,4,4,4,4,4,4,0,4,
..........
#11111111111111111111
#assigned_pet=-1,-1,-1,-1,-1,-1,-1,-1,-1,-1,
#assigned_hub=1,6,3,2,5,0,8,4,-1,7,
#moving_targetting_pos=6,16|26,6|16,6|6,26|16,26|6,6|26,26|16,16|29,2|26,16|
#setting_targetting_pos=-1,-1|-1,-1|-1,-1|-1,-1|-1,-1|-1,-1|-1,-1|-1,-1|29,30|-1,-1|
#type=4,4,4,4,4,4,4,4,0,4,
..........
#11111111111111111111
#assigned_pet=-1,-1,-1,-1,-1,-1,-1,-1,-1,-1,
#assigned_hub=1,6,3,2,5,0,8,4,-1,7,
#moving_targetting_pos=6,16|26,6|16,6|6,26|16,26|6,6|26,26|16,16|29,2|26,16|
#setting_targetting_pos=-1,-1|-1,-1|-1,-1|-1,-1|-1,-1|-1,-1|-1,-1|-1,-1|29,30|-1,-1|
#type=4,4,4,4,4,4,4,4,0,4,
..........
#11111111111111111111
#assigned_pet=-1,-1,-1,-1,-1,-1,-1,-1,-1,-1,
#assigned_hub=1,6,3,2,5,0,8,4,-1,7,
#moving_targetting_pos=6,16|26,6|16,6|6,26|16,26|6,6|26,26|16,16|29,2|26,16|
#setting_targetting_pos=-1,-1|-1,-1|-1,-1|-1,-1|-1,-1|-1,-1|-1,-1|-1,-1|29,30|-1,-1|
#type=4,4,4,4,4,4,4,4,0,4,
..........
#11111111111111111111
#assigned_pet=-1,-1,-1,-1,-1,-1,-1,-1,-1,-1,
#assigned_hub=1,6,3,2,5,0,8,4,-1,7,
#moving_targetting_pos=6,16|26,6|16,6|6,26|16,26|6,6|26,26|16,16|29,2|26,16|
#setting_targetting_pos=-1,-1|-1,-1|-1,-1|-1,-1|-1,-1|-1,-1|-1,-1|-1,-1|29,30|-1,-1|
#type=4,4,4,4,4,4,4,4,0,4,
..........
#11111111111111111111
#assigned_pet=-1,-1,-1,-1,-1,-1,-1,-1,-1,-1,
#assigned_hub=1,6,3,2,5,0,8,4,-1,7,
#moving_targetting_pos=6,16|26,6|16,6|6,26|16,26|6,6|26,26|16,16|29,2|26,16|
#setting_targetting_pos=-1,-1|-1,-1|-1,-1|-1,-1|-1,-1|-1,-1|-1,-1|-1,-1|29,30|-1,-1|
#type=4,4,4,4,4,4,4,4,0,4,
..........
#11111111111111111111
#assigned_pet=-1,-1,-1,-1,-1,-1,-1,-1,-1,-1,
#assigned_hub=1,6,3,2,5,0,8,4,-1,7,
#moving_targetting_pos=6,16|26,6|16,6|6,26|16,26|6,6|26,26|16,16|29,2|26,16|
#setting_targetting_pos=-1,-1|-1,-1|-1,-1|-1,-1|-1,-1|-1,-1|-1,-1|-1,-1|29,30|-1,-1|
#type=4,4,4,4,4,4,4,4,0,4,
..........
#11111111111111111111
#assigned_pet=-1,-1,-1,-1,-1,-1,-1,-1,-1,-1,
#assigned_hub=1,6,3,2,5,0,8,4,-1,7,
#moving_targetting_pos=6,16|26,6|16,6|6,26|16,26|6,6|26,26|16,16|29,2|26,16|
#setting_targetting_pos=-1,-1|-1,-1|-1,-1|-1,-1|-1,-1|-1,-1|-1,-1|-1,-1|29,30|-1,-1|
#type=4,4,4,4,4,4,4,4,0,4,
..........
#11111111111111111111
#assigned_pet=-1,-1,-1,-1,-1,-1,-1,-1,-1,-1,
#assigned_hub=1,6,3,2,5,0,8,4,-1,7,
#moving_targetting_pos=6,16|26,6|16,6|6,26|16,26|6,6|26,26|16,16|29,2|26,16|
#setting_targetting_pos=-1,-1|-1,-1|-1,-1|-1,-1|-1,-1|-1,-1|-1,-1|-1,-1|29,30|-1,-1|
#type=4,4,4,4,4,4,4,4,0,4,
..........
#11111111111111111111
#assigned_pet=-1,-1,-1,-1,-1,-1,-1,-1,-1,-1,
#assigned_hub=1,6,3,2,5,0,8,4,-1,7,
#moving_targetting_pos=6,16|26,6|16,6|6,26|16,26|6,6|26,26|16,16|29,2|26,16|
#setting_targetting_pos=-1,-1|-1,-1|-1,-1|-1,-1|-1,-1|-1,-1|-1,-1|-1,-1|29,30|-1,-1|
#type=4,4,4,4,4,4,4,4,0,4,
..........
#11111111111111111111
#assigned_pet=-1,-1,-1,-1,-1,-1,-1,-1,-1,-1,
#assigned_hub=1,6,3,2,5,0,8,4,-1,7,
#moving_targetting_pos=6,16|26,6|16,6|6,26|16,26|6,6|26,26|16,16|29,2|26,16|
#setting_targetting_pos=-1,-1|-1,-1|-1,-1|-1,-1|-1,-1|-1,-1|-1,-1|-1,-1|29,30|-1,-1|
#type=4,4,4,4,4,4,4,4,0,4,
..........
#11111111111111111111
#assigned_pet=-1,-1,-1,-1,-1,-1,-1,-1,-1,-1,
#assigned_hub=1,6,3,2,5,0,8,4,-1,7,
#moving_targetting_pos=6,16|26,6|16,6|6,26|16,26|6,6|26,26|16,16|29,2|26,16|
#setting_targetting_pos=-1,-1|-1,-1|-1,-1|-1,-1|-1,-1|-1,-1|-1,-1|-1,-1|29,30|-1,-1|
#type=4,4,4,4,4,4,4,4,0,4,
..........
#11111111111111111111
#assigned_pet=-1,-1,-1,-1,-1,-1,-1,-1,-1,-1,
#assigned_hub=1,6,3,2,5,0,8,4,-1,7,
#moving_targetting_pos=6,16|26,6|16,6|6,26|16,26|6,6|26,26|16,16|29,2|26,16|
#setting_targetting_pos=-1,-1|-1,-1|-1,-1|-1,-1|-1,-1|-1,-1|-1,-1|-1,-1|29,30|-1,-1|
#type=4,4,4,4,4,4,4,4,0,4,
..........
#11111111111111111111
#assigned_pet=-1,-1,-1,-1,-1,-1,-1,-1,-1,-1,
#assigned_hub=1,6,3,2,5,0,8,4,-1,7,
#moving_targetting_pos=6,16|26,6|16,6|6,26|16,26|6,6|26,26|16,16|29,2|26,16|
#setting_targetting_pos=-1,-1|-1,-1|-1,-1|-1,-1|-1,-1|-1,-1|-1,-1|-1,-1|29,30|-1,-1|
#type=4,4,4,4,4,4,4,4,0,4,
..........
#11111111111111111111
#assigned_pet=-1,-1,-1,-1,-1,-1,-1,-1,-1,-1,
#assigned_hub=1,6,3,2,5,0,8,4,-1,7,
#moving_targetting_pos=6,16|26,6|16,6|6,26|16,26|6,6|26,26|16,16|29,2|26,16|
#setting_targetting_pos=-1,-1|-1,-1|-1,-1|-1,-1|-1,-1|-1,-1|-1,-1|-1,-1|29,30|-1,-1|
#type=4,4,4,4,4,4,4,4,0,4,
..........
#11111111111111111111
#assigned_pet=-1,-1,-1,-1,-1,-1,-1,-1,-1,-1,
#assigned_hub=1,6,3,2,5,0,8,4,-1,7,
#moving_targetting_pos=6,16|26,6|16,6|6,26|16,26|6,6|26,26|16,16|29,2|26,16|
#setting_targetting_pos=-1,-1|-1,-1|-1,-1|-1,-1|-1,-1|-1,-1|-1,-1|-1,-1|29,30|-1,-1|
#type=4,4,4,4,4,4,4,4,0,4,
..........
#11111111111111111111
#assigned_pet=-1,-1,-1,-1,-1,-1,-1,-1,-1,-1,
#assigned_hub=1,6,3,2,5,0,8,4,-1,7,
#moving_targetting_pos=6,16|26,6|16,6|6,26|16,26|6,6|26,26|16,16|29,2|26,16|
#setting_targetting_pos=-1,-1|-1,-1|-1,-1|-1,-1|-1,-1|-1,-1|-1,-1|-1,-1|29,30|-1,-1|
#type=4,4,4,4,4,4,4,4,0,4,
..........
#11111111111111111111
#assigned_pet=-1,-1,-1,-1,-1,-1,-1,-1,-1,-1,
#assigned_hub=1,6,3,2,5,0,8,4,-1,7,
#moving_targetting_pos=6,16|26,6|16,6|6,26|16,26|6,6|26,26|16,16|29,2|26,16|
#setting_targetting_pos=-1,-1|-1,-1|-1,-1|-1,-1|-1,-1|-1,-1|-1,-1|-1,-1|29,30|-1,-1|
#type=4,4,4,4,4,4,4,4,0,4,
..........
#11111111111111111111
#assigned_pet=-1,-1,-1,-1,-1,-1,-1,-1,-1,-1,
#assigned_hub=1,6,3,2,5,0,8,4,-1,7,
#moving_targetting_pos=6,16|26,6|16,6|6,26|16,26|6,6|26,26|16,16|29,2|26,16|
#setting_targetting_pos=-1,-1|-1,-1|-1,-1|-1,-1|-1,-1|-1,-1|-1,-1|-1,-1|29,30|-1,-1|
#type=4,4,4,4,4,4,4,4,0,4,
..........
#11111111111111111111
#assigned_pet=-1,-1,-1,-1,-1,-1,-1,-1,-1,-1,
#assigned_hub=1,6,3,2,5,0,8,4,-1,7,
#moving_targetting_pos=6,16|26,6|16,6|6,26|16,26|6,6|26,26|16,16|29,2|26,16|
#setting_targetting_pos=-1,-1|-1,-1|-1,-1|-1,-1|-1,-1|-1,-1|-1,-1|-1,-1|29,30|-1,-1|
#type=4,4,4,4,4,4,4,4,0,4,
..........
#11111111111111111111
#assigned_pet=-1,-1,-1,-1,-1,-1,-1,-1,-1,-1,
#assigned_hub=1,6,3,2,5,0,8,4,-1,7,
#moving_targetting_pos=6,16|26,6|16,6|6,26|16,26|6,6|26,26|16,16|29,2|26,16|
#setting_targetting_pos=-1,-1|-1,-1|-1,-1|-1,-1|-1,-1|-1,-1|-1,-1|-1,-1|29,30|-1,-1|
#type=4,4,4,4,4,4,4,4,0,4,
..........
#11111111111111111111
#assigned_pet=-1,-1,-1,-1,-1,-1,-1,-1,-1,-1,
#assigned_hub=1,6,3,2,5,0,8,4,-1,7,
#moving_targetting_pos=6,16|26,6|16,6|6,26|16,26|6,6|26,26|16,16|29,2|26,16|
#setting_targetting_pos=-1,-1|-1,-1|-1,-1|-1,-1|-1,-1|-1,-1|-1,-1|-1,-1|29,30|-1,-1|
#type=4,4,4,4,4,4,4,4,0,4,
..........
#11111111111111111111
#assigned_pet=-1,-1,-1,-1,-1,-1,-1,-1,-1,-1,
#assigned_hub=1,6,3,2,5,0,8,4,-1,7,
#moving_targetting_pos=6,16|26,6|16,6|6,26|16,26|6,6|26,26|16,16|29,2|26,16|
#setting_targetting_pos=-1,-1|-1,-1|-1,-1|-1,-1|-1,-1|-1,-1|-1,-1|-1,-1|29,30|-1,-1|
#type=4,4,4,4,4,4,4,4,0,4,
..........
#11111111111111111111
#assigned_pet=-1,-1,-1,-1,-1,-1,-1,-1,-1,-1,
#assigned_hub=1,6,3,2,5,0,8,4,-1,7,
#moving_targetting_pos=6,16|26,6|16,6|6,26|16,26|6,6|26,26|16,16|29,2|26,16|
#setting_targetting_pos=-1,-1|-1,-1|-1,-1|-1,-1|-1,-1|-1,-1|-1,-1|-1,-1|29,30|-1,-1|
#type=4,4,4,4,4,4,4,4,0,4,
..........
#11111111111111111111
#assigned_pet=-1,-1,-1,-1,-1,-1,-1,-1,-1,-1,
#assigned_hub=1,6,3,2,5,0,8,4,-1,7,
#moving_targetting_pos=6,16|26,6|16,6|6,26|16,26|6,6|26,26|16,16|29,2|26,16|
#setting_targetting_pos=-1,-1|-1,-1|-1,-1|-1,-1|-1,-1|-1,-1|-1,-1|-1,-1|29,30|-1,-1|
#type=4,4,4,4,4,4,4,4,0,4,
..........
#11111111111111111111
#assigned_pet=-1,-1,-1,-1,-1,-1,-1,-1,-1,-1,
#assigned_hub=1,6,3,2,5,0,8,4,-1,7,
#moving_targetting_pos=6,16|26,6|16,6|6,26|16,26|6,6|26,26|16,16|29,2|26,16|
#setting_targetting_pos=-1,-1|-1,-1|-1,-1|-1,-1|-1,-1|-1,-1|-1,-1|-1,-1|29,30|-1,-1|
#type=4,4,4,4,4,4,4,4,0,4,
..........
#11111111111111111111
#assigned_pet=-1,-1,-1,-1,-1,-1,-1,-1,-1,-1,
#assigned_hub=1,6,3,2,5,0,8,4,-1,7,
#moving_targetting_pos=6,16|26,6|16,6|6,26|16,26|6,6|26,26|16,16|29,2|26,16|
#setting_targetting_pos=-1,-1|-1,-1|-1,-1|-1,-1|-1,-1|-1,-1|-1,-1|-1,-1|29,30|-1,-1|
#type=4,4,4,4,4,4,4,4,0,4,
..........
#11111111111111111111
#assigned_pet=-1,-1,-1,-1,-1,-1,-1,-1,-1,-1,
#assigned_hub=1,6,3,2,5,0,8,4,-1,7,
#moving_targetting_pos=6,16|26,6|16,6|6,26|16,26|6,6|26,26|16,16|29,2|26,16|
#setting_targetting_pos=-1,-1|-1,-1|-1,-1|-1,-1|-1,-1|-1,-1|-1,-1|-1,-1|29,30|-1,-1|
#type=4,4,4,4,4,4,4,4,0,4,
..........
#11111111111111111111
#assigned_pet=-1,-1,-1,-1,-1,-1,-1,-1,-1,-1,
#assigned_hub=1,6,3,2,5,0,8,4,-1,7,
#moving_targetting_pos=6,16|26,6|16,6|6,26|16,26|6,6|26,26|16,16|29,2|26,16|
#setting_targetting_pos=-1,-1|-1,-1|-1,-1|-1,-1|-1,-1|-1,-1|-1,-1|-1,-1|29,30|-1,-1|
#type=4,4,4,4,4,4,4,4,0,4,
..........
#11111111111111111111
#assigned_pet=-1,-1,-1,-1,-1,-1,-1,-1,-1,-1,
#assigned_hub=1,6,3,2,5,0,8,4,-1,7,
#moving_targetting_pos=6,16|26,6|16,6|6,26|16,26|6,6|26,26|16,16|29,2|26,16|
#setting_targetting_pos=-1,-1|-1,-1|-1,-1|-1,-1|-1,-1|-1,-1|-1,-1|-1,-1|29,30|-1,-1|
#type=4,4,4,4,4,4,4,4,0,4,
..........
#11111111111111111111
#assigned_pet=-1,-1,-1,-1,-1,-1,-1,-1,-1,-1,
#assigned_hub=1,6,3,2,5,0,8,4,-1,7,
#moving_targetting_pos=6,16|26,6|16,6|6,26|16,26|6,6|26,26|16,16|29,2|26,16|
#setting_targetting_pos=-1,-1|-1,-1|-1,-1|-1,-1|-1,-1|-1,-1|-1,-1|-1,-1|29,30|-1,-1|
#type=4,4,4,4,4,4,4,4,0,4,
..........
#11111111111111111111
#assigned_pet=-1,-1,-1,-1,-1,-1,-1,-1,-1,-1,
#assigned_hub=1,6,3,2,5,0,8,4,-1,7,
#moving_targetting_pos=6,16|26,6|16,6|6,26|16,26|6,6|26,26|16,16|29,2|26,16|
#setting_targetting_pos=-1,-1|-1,-1|-1,-1|-1,-1|-1,-1|-1,-1|-1,-1|-1,-1|29,30|-1,-1|
#type=4,4,4,4,4,4,4,4,0,4,
..........
#11111111111111111111
#assigned_pet=-1,-1,-1,-1,-1,-1,-1,-1,-1,-1,
#assigned_hub=1,6,3,2,5,0,8,4,-1,7,
#moving_targetting_pos=6,16|26,6|16,6|6,26|16,26|6,6|26,26|16,16|29,2|26,16|
#setting_targetting_pos=-1,-1|-1,-1|-1,-1|-1,-1|-1,-1|-1,-1|-1,-1|-1,-1|29,30|-1,-1|
#type=4,4,4,4,4,4,4,4,0,4,
..........
#11111111111111111111
#assigned_pet=-1,-1,-1,-1,-1,-1,-1,-1,-1,-1,
#assigned_hub=1,6,3,2,5,0,8,4,-1,7,
#moving_targetting_pos=6,16|26,6|16,6|6,26|16,26|6,6|26,26|16,16|29,2|26,16|
#setting_targetting_pos=-1,-1|-1,-1|-1,-1|-1,-1|-1,-1|-1,-1|-1,-1|-1,-1|29,30|-1,-1|
#type=4,4,4,4,4,4,4,4,0,4,
..........
#11111111111111111111
#assigned_pet=-1,-1,-1,-1,-1,-1,-1,-1,-1,-1,
#assigned_hub=1,6,3,2,5,0,8,4,-1,7,
#moving_targetting_pos=6,16|26,6|16,6|6,26|16,26|6,6|26,26|16,16|29,2|26,16|
#setting_targetting_pos=-1,-1|-1,-1|-1,-1|-1,-1|-1,-1|-1,-1|-1,-1|-1,-1|29,30|-1,-1|
#type=4,4,4,4,4,4,4,4,0,4,
..........
#11111111111111111111
#assigned_pet=-1,-1,-1,-1,-1,-1,-1,-1,-1,-1,
#assigned_hub=1,6,3,2,5,0,8,4,-1,7,
#moving_targetting_pos=6,16|26,6|16,6|6,26|16,26|6,6|26,26|16,16|29,2|26,16|
#setting_targetting_pos=-1,-1|-1,-1|-1,-1|-1,-1|-1,-1|-1,-1|-1,-1|-1,-1|29,30|-1,-1|
#type=4,4,4,4,4,4,4,4,0,4,
..........
#11111111111111111111
#assigned_pet=-1,-1,-1,-1,-1,-1,-1,-1,-1,-1,
#assigned_hub=1,6,3,2,5,0,8,4,-1,7,
#moving_targetting_pos=6,16|26,6|16,6|6,26|16,26|6,6|26,26|16,16|29,2|26,16|
#setting_targetting_pos=-1,-1|-1,-1|-1,-1|-1,-1|-1,-1|-1,-1|-1,-1|-1,-1|29,30|-1,-1|
#type=4,4,4,4,4,4,4,4,0,4,
..........
#11111111111111111111
#assigned_pet=-1,-1,-1,-1,-1,-1,-1,-1,-1,-1,
#assigned_hub=1,6,3,2,5,0,8,4,-1,7,
#moving_targetting_pos=6,16|26,6|16,6|6,26|16,26|6,6|26,26|16,16|29,2|26,16|
#setting_targetting_pos=-1,-1|-1,-1|-1,-1|-1,-1|-1,-1|-1,-1|-1,-1|-1,-1|29,30|-1,-1|
#type=4,4,4,4,4,4,4,4,0,4,
..........
#11111111111111111111
#assigned_pet=-1,-1,-1,-1,-1,-1,-1,-1,-1,-1,
#assigned_hub=1,6,3,2,5,0,8,4,-1,7,
#moving_targetting_pos=6,16|26,6|16,6|6,26|16,26|6,6|26,26|16,16|29,2|26,16|
#setting_targetting_pos=-1,-1|-1,-1|-1,-1|-1,-1|-1,-1|-1,-1|-1,-1|-1,-1|29,30|-1,-1|
#type=4,4,4,4,4,4,4,4,0,4,
..........
#11111111111111111111
#assigned_pet=-1,-1,-1,-1,-1,-1,-1,-1,-1,-1,
#assigned_hub=1,6,3,2,5,0,8,4,-1,7,
#moving_targetting_pos=6,16|26,6|16,6|6,26|16,26|6,6|26,26|16,16|29,2|26,16|
#setting_targetting_pos=-1,-1|-1,-1|-1,-1|-1,-1|-1,-1|-1,-1|-1,-1|-1,-1|29,30|-1,-1|
#type=4,4,4,4,4,4,4,4,0,4,
..........
#11111111111111111111
#assigned_pet=-1,-1,-1,-1,-1,-1,-1,-1,-1,-1,
#assigned_hub=1,6,3,2,5,0,8,4,-1,7,
#moving_targetting_pos=6,16|26,6|16,6|6,26|16,26|6,6|26,26|16,16|29,2|26,16|
#setting_targetting_pos=-1,-1|-1,-1|-1,-1|-1,-1|-1,-1|-1,-1|-1,-1|-1,-1|29,30|-1,-1|
#type=4,4,4,4,4,4,4,4,0,4,
..........
#11111111111111111111
#assigned_pet=-1,-1,-1,-1,-1,-1,-1,-1,-1,-1,
#assigned_hub=1,6,3,2,5,0,8,4,-1,7,
#moving_targetting_pos=6,16|26,6|16,6|6,26|16,26|6,6|26,26|16,16|29,2|26,16|
#setting_targetting_pos=-1,-1|-1,-1|-1,-1|-1,-1|-1,-1|-1,-1|-1,-1|-1,-1|29,30|-1,-1|
#type=4,4,4,4,4,4,4,4,0,4,
..........
#11111111111111111111
#assigned_pet=-1,-1,-1,-1,-1,-1,-1,-1,-1,-1,
#assigned_hub=1,6,3,2,5,0,8,4,-1,7,
#moving_targetting_pos=6,16|26,6|16,6|6,26|16,26|6,6|26,26|16,16|29,2|26,16|
#setting_targetting_pos=-1,-1|-1,-1|-1,-1|-1,-1|-1,-1|-1,-1|-1,-1|-1,-1|29,30|-1,-1|
#type=4,4,4,4,4,4,4,4,0,4,
..........
#11111111111111111111
#assigned_pet=-1,-1,-1,-1,-1,-1,-1,-1,-1,-1,
#assigned_hub=1,6,3,2,5,0,8,4,-1,7,
#moving_targetting_pos=6,16|26,6|16,6|6,26|16,26|6,6|26,26|16,16|29,2|26,16|
#setting_targetting_pos=-1,-1|-1,-1|-1,-1|-1,-1|-1,-1|-1,-1|-1,-1|-1,-1|29,30|-1,-1|
#type=4,4,4,4,4,4,4,4,0,4,
..........
#11111111111111111111
#assigned_pet=-1,-1,-1,-1,-1,-1,-1,-1,-1,-1,
#assigned_hub=1,6,3,2,5,0,8,4,-1,7,
#moving_targetting_pos=6,16|26,6|16,6|6,26|16,26|6,6|26,26|16,16|29,2|26,16|
#setting_targetting_pos=-1,-1|-1,-1|-1,-1|-1,-1|-1,-1|-1,-1|-1,-1|-1,-1|29,30|-1,-1|
#type=4,4,4,4,4,4,4,4,0,4,
..........
#11111111111111111111
#assigned_pet=-1,-1,-1,-1,-1,-1,-1,-1,-1,-1,
#assigned_hub=1,6,3,2,5,0,8,4,-1,7,
#moving_targetting_pos=6,16|26,6|16,6|6,26|16,26|6,6|26,26|16,16|29,2|26,16|
#setting_targetting_pos=-1,-1|-1,-1|-1,-1|-1,-1|-1,-1|-1,-1|-1,-1|-1,-1|29,30|-1,-1|
#type=4,4,4,4,4,4,4,4,0,4,
..........
#11111111111111111111
#assigned_pet=-1,-1,-1,-1,-1,-1,-1,-1,-1,-1,
#assigned_hub=1,6,3,2,5,0,8,4,-1,7,
#moving_targetting_pos=6,16|26,6|16,6|6,26|16,26|6,6|26,26|16,16|29,2|26,16|
#setting_targetting_pos=-1,-1|-1,-1|-1,-1|-1,-1|-1,-1|-1,-1|-1,-1|-1,-1|29,30|-1,-1|
#type=4,4,4,4,4,4,4,4,0,4,
..........
#11111111111111111111
#assigned_pet=-1,-1,-1,-1,-1,-1,-1,-1,-1,-1,
#assigned_hub=1,6,3,2,5,0,8,4,-1,7,
#moving_targetting_pos=6,16|26,6|16,6|6,26|16,26|6,6|26,26|16,16|29,2|26,16|
#setting_targetting_pos=-1,-1|-1,-1|-1,-1|-1,-1|-1,-1|-1,-1|-1,-1|-1,-1|29,30|-1,-1|
#type=4,4,4,4,4,4,4,4,0,4,
..........
#11111111111111111111
#assigned_pet=-1,-1,-1,-1,-1,-1,-1,-1,-1,-1,
#assigned_hub=1,6,3,2,5,0,8,4,-1,7,
#moving_targetting_pos=6,16|26,6|16,6|6,26|16,26|6,6|26,26|16,16|29,2|26,16|
#setting_targetting_pos=-1,-1|-1,-1|-1,-1|-1,-1|-1,-1|-1,-1|-1,-1|-1,-1|29,30|-1,-1|
#type=4,4,4,4,4,4,4,4,0,4,
..........
#11111111111111111111
#assigned_pet=-1,-1,-1,-1,-1,-1,-1,-1,-1,-1,
#assigned_hub=1,6,3,2,5,0,8,4,-1,7,
#moving_targetting_pos=6,16|26,6|16,6|6,26|16,26|6,6|26,26|16,16|29,2|26,16|
#setting_targetting_pos=-1,-1|-1,-1|-1,-1|-1,-1|-1,-1|-1,-1|-1,-1|-1,-1|29,30|-1,-1|
#type=4,4,4,4,4,4,4,4,0,4,
..........
#11111111111111111111
#assigned_pet=-1,-1,-1,-1,-1,-1,-1,-1,-1,-1,
#assigned_hub=1,6,3,2,5,0,8,4,-1,7,
#moving_targetting_pos=6,16|26,6|16,6|6,26|16,26|6,6|26,26|16,16|29,2|26,16|
#setting_targetting_pos=-1,-1|-1,-1|-1,-1|-1,-1|-1,-1|-1,-1|-1,-1|-1,-1|29,30|-1,-1|
#type=4,4,4,4,4,4,4,4,0,4,
..........
#11111111111111111111
#assigned_pet=-1,-1,-1,-1,-1,-1,-1,-1,-1,-1,
#assigned_hub=1,6,3,2,5,0,8,4,-1,7,
#moving_targetting_pos=6,16|26,6|16,6|6,26|16,26|6,6|26,26|16,16|29,2|26,16|
#setting_targetting_pos=-1,-1|-1,-1|-1,-1|-1,-1|-1,-1|-1,-1|-1,-1|-1,-1|29,30|-1,-1|
#type=4,4,4,4,4,4,4,4,0,4,
..........
#11111111111111111111
#assigned_pet=-1,-1,-1,-1,-1,-1,-1,-1,-1,-1,
#assigned_hub=1,6,3,2,5,0,8,4,-1,7,
#moving_targetting_pos=6,16|26,6|16,6|6,26|16,26|6,6|26,26|16,16|29,2|26,16|
#setting_targetting_pos=-1,-1|-1,-1|-1,-1|-1,-1|-1,-1|-1,-1|-1,-1|-1,-1|29,30|-1,-1|
#type=4,4,4,4,4,4,4,4,0,4,
..........
#11111111111111111111
#assigned_pet=-1,-1,-1,-1,-1,-1,-1,-1,-1,-1,
#assigned_hub=1,6,3,2,5,0,8,4,-1,7,
#moving_targetting_pos=6,16|26,6|16,6|6,26|16,26|6,6|26,26|16,16|29,2|26,16|
#setting_targetting_pos=-1,-1|-1,-1|-1,-1|-1,-1|-1,-1|-1,-1|-1,-1|-1,-1|29,30|-1,-1|
#type=4,4,4,4,4,4,4,4,0,4,
..........
#11111111111111111111
#assigned_pet=-1,-1,-1,-1,-1,-1,-1,-1,-1,-1,
#assigned_hub=1,6,3,2,5,0,8,4,-1,7,
#moving_targetting_pos=6,16|26,6|16,6|6,26|16,26|6,6|26,26|16,16|29,2|26,16|
#setting_targetting_pos=-1,-1|-1,-1|-1,-1|-1,-1|-1,-1|-1,-1|-1,-1|-1,-1|29,30|-1,-1|
#type=4,4,4,4,4,4,4,4,0,4,
..........
#11111111111111111111
#assigned_pet=-1,-1,-1,-1,-1,-1,-1,-1,-1,-1,
#assigned_hub=1,6,3,2,5,0,8,4,-1,7,
#moving_targetting_pos=6,16|26,6|16,6|6,26|16,26|6,6|26,26|16,16|29,2|26,16|
#setting_targetting_pos=-1,-1|-1,-1|-1,-1|-1,-1|-1,-1|-1,-1|-1,-1|-1,-1|29,30|-1,-1|
#type=4,4,4,4,4,4,4,4,0,4,
..........
#11111111111111111111
#assigned_pet=-1,-1,-1,-1,-1,-1,-1,-1,-1,-1,
#assigned_hub=1,6,3,2,5,0,8,4,-1,7,
#moving_targetting_pos=6,16|26,6|16,6|6,26|16,26|6,6|26,26|16,16|29,2|26,16|
#setting_targetting_pos=-1,-1|-1,-1|-1,-1|-1,-1|-1,-1|-1,-1|-1,-1|-1,-1|29,30|-1,-1|
#type=4,4,4,4,4,4,4,4,0,4,
..........
#11111111111111111111
#assigned_pet=-1,-1,-1,-1,-1,-1,-1,-1,-1,-1,
#assigned_hub=1,6,3,2,5,0,8,4,-1,7,
#moving_targetting_pos=6,16|26,6|16,6|6,26|16,26|6,6|26,26|16,16|29,2|26,16|
#setting_targetting_pos=-1,-1|-1,-1|-1,-1|-1,-1|-1,-1|-1,-1|-1,-1|-1,-1|29,30|-1,-1|
#type=4,4,4,4,4,4,4,4,0,4,
..........
#11111111111111111111
#assigned_pet=-1,-1,-1,-1,-1,-1,-1,-1,-1,-1,
#assigned_hub=1,6,3,2,5,0,8,4,-1,7,
#moving_targetting_pos=6,16|26,6|16,6|6,26|16,26|6,6|26,26|16,16|29,2|26,16|
#setting_targetting_pos=-1,-1|-1,-1|-1,-1|-1,-1|-1,-1|-1,-1|-1,-1|-1,-1|29,30|-1,-1|
#type=4,4,4,4,4,4,4,4,0,4,
..........
#11111111111111111111
#assigned_pet=-1,-1,-1,-1,-1,-1,-1,-1,-1,-1,
#assigned_hub=1,6,3,2,5,0,8,4,-1,7,
#moving_targetting_pos=6,16|26,6|16,6|6,26|16,26|6,6|26,26|16,16|29,2|26,16|
#setting_targetting_pos=-1,-1|-1,-1|-1,-1|-1,-1|-1,-1|-1,-1|-1,-1|-1,-1|29,30|-1,-1|
#type=4,4,4,4,4,4,4,4,0,4,
..........
#11111111111111111111
#assigned_pet=-1,-1,-1,-1,-1,-1,-1,-1,-1,-1,
#assigned_hub=1,6,3,2,5,0,8,4,-1,7,
#moving_targetting_pos=6,16|26,6|16,6|6,26|16,26|6,6|26,26|16,16|29,2|26,16|
#setting_targetting_pos=-1,-1|-1,-1|-1,-1|-1,-1|-1,-1|-1,-1|-1,-1|-1,-1|29,30|-1,-1|
#type=4,4,4,4,4,4,4,4,0,4,
..........
#11111111111111111111
#assigned_pet=-1,-1,-1,-1,-1,-1,-1,-1,-1,-1,
#assigned_hub=1,6,3,2,5,0,8,4,-1,7,
#moving_targetting_pos=6,16|26,6|16,6|6,26|16,26|6,6|26,26|16,16|29,2|26,16|
#setting_targetting_pos=-1,-1|-1,-1|-1,-1|-1,-1|-1,-1|-1,-1|-1,-1|-1,-1|29,30|-1,-1|
#type=4,4,4,4,4,4,4,4,0,4,
..........
#11111111111111111111
#assigned_pet=-1,-1,-1,-1,-1,-1,-1,-1,-1,-1,
#assigned_hub=1,6,3,2,5,0,8,4,-1,7,
#moving_targetting_pos=6,16|26,6|16,6|6,26|16,26|6,6|26,26|16,16|29,2|26,16|
#setting_targetting_pos=-1,-1|-1,-1|-1,-1|-1,-1|-1,-1|-1,-1|-1,-1|-1,-1|29,30|-1,-1|
#type=4,4,4,4,4,4,4,4,0,4,
..........
#11111111111111111111
#assigned_pet=-1,-1,-1,-1,-1,-1,-1,-1,-1,-1,
#assigned_hub=1,6,3,2,5,0,8,4,-1,7,
#moving_targetting_pos=6,16|26,6|16,6|6,26|16,26|6,6|26,26|16,16|29,2|26,16|
#setting_targetting_pos=-1,-1|-1,-1|-1,-1|-1,-1|-1,-1|-1,-1|-1,-1|-1,-1|29,30|-1,-1|
#type=4,4,4,4,4,4,4,4,0,4,
..........
#11111111111111111111
#assigned_pet=-1,-1,-1,-1,-1,-1,-1,-1,-1,-1,
#assigned_hub=1,6,3,2,5,0,8,4,-1,7,
#moving_targetting_pos=6,16|26,6|16,6|6,26|16,26|6,6|26,26|16,16|29,2|26,16|
#setting_targetting_pos=-1,-1|-1,-1|-1,-1|-1,-1|-1,-1|-1,-1|-1,-1|-1,-1|29,30|-1,-1|
#type=4,4,4,4,4,4,4,4,0,4,
..........
#11111111111111111111
#assigned_pet=-1,-1,-1,-1,-1,-1,-1,-1,-1,-1,
#assigned_hub=1,6,3,2,5,0,8,4,-1,7,
#moving_targetting_pos=6,16|26,6|16,6|6,26|16,26|6,6|26,26|16,16|29,2|26,16|
#setting_targetting_pos=-1,-1|-1,-1|-1,-1|-1,-1|-1,-1|-1,-1|-1,-1|-1,-1|29,30|-1,-1|
#type=4,4,4,4,4,4,4,4,0,4,
..........
#11111111111111111111
#assigned_pet=-1,-1,-1,-1,-1,-1,-1,-1,-1,-1,
#assigned_hub=1,6,3,2,5,0,8,4,-1,7,
#moving_targetting_pos=6,16|26,6|16,6|6,26|16,26|6,6|26,26|16,16|29,2|26,16|
#setting_targetting_pos=-1,-1|-1,-1|-1,-1|-1,-1|-1,-1|-1,-1|-1,-1|-1,-1|29,30|-1,-1|
#type=4,4,4,4,4,4,4,4,0,4,
..........
#11111111111111111111
#assigned_pet=-1,-1,-1,-1,-1,-1,-1,-1,-1,-1,
#assigned_hub=1,6,3,2,5,0,8,4,-1,7,
#moving_targetting_pos=6,16|26,6|16,6|6,26|16,26|6,6|26,26|16,16|29,2|26,16|
#setting_targetting_pos=-1,-1|-1,-1|-1,-1|-1,-1|-1,-1|-1,-1|-1,-1|-1,-1|29,30|-1,-1|
#type=4,4,4,4,4,4,4,4,0,4,
..........
#11111111111111111111
#assigned_pet=-1,-1,-1,-1,-1,-1,-1,-1,-1,-1,
#assigned_hub=1,6,3,2,5,0,8,4,-1,7,
#moving_targetting_pos=6,16|26,6|16,6|6,26|16,26|6,6|26,26|16,16|29,2|26,16|
#setting_targetting_pos=-1,-1|-1,-1|-1,-1|-1,-1|-1,-1|-1,-1|-1,-1|-1,-1|29,30|-1,-1|
#type=4,4,4,4,4,4,4,4,0,4,
..........
#11111111111111111111
#assigned_pet=-1,-1,-1,-1,-1,-1,-1,-1,-1,-1,
#assigned_hub=1,6,3,2,5,0,8,4,-1,7,
#moving_targetting_pos=6,16|26,6|16,6|6,26|16,26|6,6|26,26|16,16|29,2|26,16|
#setting_targetting_pos=-1,-1|-1,-1|-1,-1|-1,-1|-1,-1|-1,-1|-1,-1|-1,-1|29,30|-1,-1|
#type=4,4,4,4,4,4,4,4,0,4,
..........
#11111111111111111111
#assigned_pet=-1,-1,-1,-1,-1,-1,-1,-1,-1,-1,
#assigned_hub=1,6,3,2,5,0,8,4,-1,7,
#moving_targetting_pos=6,16|26,6|16,6|6,26|16,26|6,6|26,26|16,16|29,2|26,16|
#setting_targetting_pos=-1,-1|-1,-1|-1,-1|-1,-1|-1,-1|-1,-1|-1,-1|-1,-1|29,30|-1,-1|
#type=4,4,4,4,4,4,4,4,0,4,
..........
#11111111111111111111
#assigned_pet=-1,-1,-1,-1,-1,-1,-1,-1,-1,-1,
#assigned_hub=1,6,3,2,5,0,8,4,-1,7,
#moving_targetting_pos=6,16|26,6|16,6|6,26|16,26|6,6|26,26|16,16|29,2|26,16|
#setting_targetting_pos=-1,-1|-1,-1|-1,-1|-1,-1|-1,-1|-1,-1|-1,-1|-1,-1|29,30|-1,-1|
#type=4,4,4,4,4,4,4,4,0,4,
..........
#11111111111111111111
#assigned_pet=-1,-1,-1,-1,-1,-1,-1,-1,-1,-1,
#assigned_hub=1,6,3,2,5,0,8,4,-1,7,
#moving_targetting_pos=6,16|26,6|16,6|6,26|16,26|6,6|26,26|16,16|29,2|26,16|
#setting_targetting_pos=-1,-1|-1,-1|-1,-1|-1,-1|-1,-1|-1,-1|-1,-1|-1,-1|29,30|-1,-1|
#type=4,4,4,4,4,4,4,4,0,4,
..........
#11111111111111111111
#assigned_pet=-1,-1,-1,-1,-1,-1,-1,-1,-1,-1,
#assigned_hub=1,6,3,2,5,0,8,4,-1,7,
#moving_targetting_pos=6,16|26,6|16,6|6,26|16,26|6,6|26,26|16,16|29,2|26,16|
#setting_targetting_pos=-1,-1|-1,-1|-1,-1|-1,-1|-1,-1|-1,-1|-1,-1|-1,-1|29,30|-1,-1|
#type=4,4,4,4,4,4,4,4,0,4,
..........
#11111111111111111111
#assigned_pet=-1,-1,-1,-1,-1,-1,-1,-1,-1,-1,
#assigned_hub=1,6,3,2,5,0,8,4,-1,7,
#moving_targetting_pos=6,16|26,6|16,6|6,26|16,26|6,6|26,26|16,16|29,2|26,16|
#setting_targetting_pos=-1,-1|-1,-1|-1,-1|-1,-1|-1,-1|-1,-1|-1,-1|-1,-1|29,30|-1,-1|
#type=4,4,4,4,4,4,4,4,0,4,
..........
#11111111111111111111
#assigned_pet=-1,-1,-1,-1,-1,-1,-1,-1,-1,-1,
#assigned_hub=1,6,3,2,5,0,8,4,-1,7,
#moving_targetting_pos=6,16|26,6|16,6|6,26|16,26|6,6|26,26|16,16|29,2|26,16|
#setting_targetting_pos=-1,-1|-1,-1|-1,-1|-1,-1|-1,-1|-1,-1|-1,-1|-1,-1|29,30|-1,-1|
#type=4,4,4,4,4,4,4,4,0,4,
..........
#11111111111111111111
#assigned_pet=-1,-1,-1,-1,-1,-1,-1,-1,-1,-1,
#assigned_hub=1,6,3,2,5,0,8,4,-1,7,
#moving_targetting_pos=6,16|26,6|16,6|6,26|16,26|6,6|26,26|16,16|29,2|26,16|
#setting_targetting_pos=-1,-1|-1,-1|-1,-1|-1,-1|-1,-1|-1,-1|-1,-1|-1,-1|29,30|-1,-1|
#type=4,4,4,4,4,4,4,4,0,4,
..........
#11111111111111111111
#assigned_pet=-1,-1,-1,-1,-1,-1,-1,-1,-1,-1,
#assigned_hub=1,6,3,2,5,0,8,4,-1,7,
#moving_targetting_pos=6,16|26,6|16,6|6,26|16,26|6,6|26,26|16,16|29,2|26,16|
#setting_targetting_pos=-1,-1|-1,-1|-1,-1|-1,-1|-1,-1|-1,-1|-1,-1|-1,-1|29,30|-1,-1|
#type=4,4,4,4,4,4,4,4,0,4,
..........
#11111111111111111111
#assigned_pet=-1,-1,-1,-1,-1,-1,-1,-1,-1,-1,
#assigned_hub=1,6,3,2,5,0,8,4,-1,7,
#moving_targetting_pos=6,16|26,6|16,6|6,26|16,26|6,6|26,26|16,16|29,2|26,16|
#setting_targetting_pos=-1,-1|-1,-1|-1,-1|-1,-1|-1,-1|-1,-1|-1,-1|-1,-1|29,30|-1,-1|
#type=4,4,4,4,4,4,4,4,0,4,
..........
#11111111111111111111
#assigned_pet=-1,-1,-1,-1,-1,-1,-1,-1,-1,-1,
#assigned_hub=1,6,3,2,5,0,8,4,-1,7,
#moving_targetting_pos=6,16|26,6|16,6|6,26|16,26|6,6|26,26|16,16|29,2|26,16|
#setting_targetting_pos=-1,-1|-1,-1|-1,-1|-1,-1|-1,-1|-1,-1|-1,-1|-1,-1|29,30|-1,-1|
#type=4,4,4,4,4,4,4,4,0,4,
..........
#11111111111111111111
#assigned_pet=-1,-1,-1,-1,-1,-1,-1,-1,-1,-1,
#assigned_hub=1,6,3,2,5,0,8,4,-1,7,
#moving_targetting_pos=6,16|26,6|16,6|6,26|16,26|6,6|26,26|16,16|29,2|26,16|
#setting_targetting_pos=-1,-1|-1,-1|-1,-1|-1,-1|-1,-1|-1,-1|-1,-1|-1,-1|29,30|-1,-1|
#type=4,4,4,4,4,4,4,4,0,4,
..........
#11111111111111111111
#assigned_pet=-1,-1,-1,-1,-1,-1,-1,-1,-1,-1,
#assigned_hub=1,6,3,2,5,0,8,4,-1,7,
#moving_targetting_pos=6,16|26,6|16,6|6,26|16,26|6,6|26,26|16,16|29,2|26,16|
#setting_targetting_pos=-1,-1|-1,-1|-1,-1|-1,-1|-1,-1|-1,-1|-1,-1|-1,-1|29,30|-1,-1|
#type=4,4,4,4,4,4,4,4,0,4,
..........
#11111111111111111111
#assigned_pet=-1,-1,-1,-1,-1,-1,-1,-1,-1,-1,
#assigned_hub=1,6,3,2,5,0,8,4,-1,7,
#moving_targetting_pos=6,16|26,6|16,6|6,26|16,26|6,6|26,26|16,16|29,2|26,16|
#setting_targetting_pos=-1,-1|-1,-1|-1,-1|-1,-1|-1,-1|-1,-1|-1,-1|-1,-1|29,30|-1,-1|
#type=4,4,4,4,4,4,4,4,0,4,
..........
#11111111111111111111
#assigned_pet=-1,-1,-1,-1,-1,-1,-1,-1,-1,-1,
#assigned_hub=1,6,3,2,5,0,8,4,-1,7,
#moving_targetting_pos=6,16|26,6|16,6|6,26|16,26|6,6|26,26|16,16|29,2|26,16|
#setting_targetting_pos=-1,-1|-1,-1|-1,-1|-1,-1|-1,-1|-1,-1|-1,-1|-1,-1|29,30|-1,-1|
#type=4,4,4,4,4,4,4,4,0,4,
..........
#11111111111111111111
#assigned_pet=-1,-1,-1,-1,-1,-1,-1,-1,-1,-1,
#assigned_hub=1,6,3,2,5,0,8,4,-1,7,
#moving_targetting_pos=6,16|26,6|16,6|6,26|16,26|6,6|26,26|16,16|29,2|26,16|
#setting_targetting_pos=-1,-1|-1,-1|-1,-1|-1,-1|-1,-1|-1,-1|-1,-1|-1,-1|29,30|-1,-1|
#type=4,4,4,4,4,4,4,4,0,4,
..........
#11111111111111111111
#assigned_pet=-1,-1,-1,-1,-1,-1,-1,-1,-1,-1,
#assigned_hub=1,6,3,2,5,0,8,4,-1,7,
#moving_targetting_pos=6,16|26,6|16,6|6,26|16,26|6,6|26,26|16,16|29,2|26,16|
#setting_targetting_pos=-1,-1|-1,-1|-1,-1|-1,-1|-1,-1|-1,-1|-1,-1|-1,-1|29,30|-1,-1|
#type=4,4,4,4,4,4,4,4,0,4,
..........
#11111111111111111111
#assigned_pet=-1,-1,-1,-1,-1,-1,-1,-1,-1,-1,
#assigned_hub=1,6,3,2,5,0,8,4,-1,7,
#moving_targetting_pos=6,16|26,6|16,6|6,26|16,26|6,6|26,26|16,16|29,2|26,16|
#setting_targetting_pos=-1,-1|-1,-1|-1,-1|-1,-1|-1,-1|-1,-1|-1,-1|-1,-1|29,30|-1,-1|
#type=4,4,4,4,4,4,4,4,0,4,
..........
#11111111111111111111
#assigned_pet=-1,-1,-1,-1,-1,-1,-1,-1,-1,-1,
#assigned_hub=1,6,3,2,5,0,8,4,-1,7,
#moving_targetting_pos=6,16|26,6|16,6|6,26|16,26|6,6|26,26|16,16|29,2|26,16|
#setting_targetting_pos=-1,-1|-1,-1|-1,-1|-1,-1|-1,-1|-1,-1|-1,-1|-1,-1|29,30|-1,-1|
#type=4,4,4,4,4,4,4,4,0,4,
..........
#11111111111111111111
#assigned_pet=-1,-1,-1,-1,-1,-1,-1,-1,-1,-1,
#assigned_hub=1,6,3,2,5,0,8,4,-1,7,
#moving_targetting_pos=6,16|26,6|16,6|6,26|16,26|6,6|26,26|16,16|29,2|26,16|
#setting_targetting_pos=-1,-1|-1,-1|-1,-1|-1,-1|-1,-1|-1,-1|-1,-1|-1,-1|29,30|-1,-1|
#type=4,4,4,4,4,4,4,4,0,4,
..........
#11111111111111111111
#assigned_pet=-1,-1,-1,-1,-1,-1,-1,-1,-1,-1,
#assigned_hub=1,6,3,2,5,0,8,4,-1,7,
#moving_targetting_pos=6,16|26,6|16,6|6,26|16,26|6,6|26,26|16,16|29,2|26,16|
#setting_targetting_pos=-1,-1|-1,-1|-1,-1|-1,-1|-1,-1|-1,-1|-1,-1|-1,-1|29,30|-1,-1|
#type=4,4,4,4,4,4,4,4,0,4,
..........
#11111111111111111111
#assigned_pet=-1,-1,-1,-1,-1,-1,-1,-1,-1,-1,
#assigned_hub=1,6,3,2,5,0,8,4,-1,7,
#moving_targetting_pos=6,16|26,6|16,6|6,26|16,26|6,6|26,26|16,16|29,2|26,16|
#setting_targetting_pos=-1,-1|-1,-1|-1,-1|-1,-1|-1,-1|-1,-1|-1,-1|-1,-1|29,30|-1,-1|
#type=4,4,4,4,4,4,4,4,0,4,
..........
#11111111111111111111
#assigned_pet=-1,-1,-1,-1,-1,-1,-1,-1,-1,-1,
#assigned_hub=1,6,3,2,5,0,8,4,-1,7,
#moving_targetting_pos=6,16|26,6|16,6|6,26|16,26|6,6|26,26|16,16|29,2|26,16|
#setting_targetting_pos=-1,-1|-1,-1|-1,-1|-1,-1|-1,-1|-1,-1|-1,-1|-1,-1|29,30|-1,-1|
#type=4,4,4,4,4,4,4,4,0,4,
..........
#11111111111111111111
#assigned_pet=-1,-1,-1,-1,-1,-1,-1,-1,-1,-1,
#assigned_hub=1,6,3,2,5,0,8,4,-1,7,
#moving_targetting_pos=6,16|26,6|16,6|6,26|16,26|6,6|26,26|16,16|29,2|26,16|
#setting_targetting_pos=-1,-1|-1,-1|-1,-1|-1,-1|-1,-1|-1,-1|-1,-1|-1,-1|29,30|-1,-1|
#type=4,4,4,4,4,4,4,4,0,4,
..........
#11111111111111111111
#assigned_pet=-1,-1,-1,-1,-1,-1,-1,-1,-1,-1,
#assigned_hub=1,6,3,2,5,0,8,4,-1,7,
#moving_targetting_pos=6,16|26,6|16,6|6,26|16,26|6,6|26,26|16,16|29,2|26,16|
#setting_targetting_pos=-1,-1|-1,-1|-1,-1|-1,-1|-1,-1|-1,-1|-1,-1|-1,-1|29,30|-1,-1|
#type=4,4,4,4,4,4,4,4,0,4,
..........
#11111111111111111111
#assigned_pet=-1,-1,-1,-1,-1,-1,-1,-1,-1,-1,
#assigned_hub=1,6,3,2,5,0,8,4,-1,7,
#moving_targetting_pos=6,16|26,6|16,6|6,26|16,26|6,6|26,26|16,16|29,2|26,16|
#setting_targetting_pos=-1,-1|-1,-1|-1,-1|-1,-1|-1,-1|-1,-1|-1,-1|-1,-1|29,30|-1,-1|
#type=4,4,4,4,4,4,4,4,0,4,
..........
#11111111111111111111
#assigned_pet=-1,-1,-1,-1,-1,-1,-1,-1,-1,-1,
#assigned_hub=1,6,3,2,5,0,8,4,-1,7,
#moving_targetting_pos=6,16|26,6|16,6|6,26|16,26|6,6|26,26|16,16|29,2|26,16|
#setting_targetting_pos=-1,-1|-1,-1|-1,-1|-1,-1|-1,-1|-1,-1|-1,-1|-1,-1|29,30|-1,-1|
#type=4,4,4,4,4,4,4,4,0,4,
..........
#11111111111111111111
#assigned_pet=-1,-1,-1,-1,-1,-1,-1,-1,-1,-1,
#assigned_hub=1,6,3,2,5,0,8,4,-1,7,
#moving_targetting_pos=6,16|26,6|16,6|6,26|16,26|6,6|26,26|16,16|29,2|26,16|
#setting_targetting_pos=-1,-1|-1,-1|-1,-1|-1,-1|-1,-1|-1,-1|-1,-1|-1,-1|29,30|-1,-1|
#type=4,4,4,4,4,4,4,4,0,4,
..........
#11111111111111111111
#assigned_pet=-1,-1,-1,-1,-1,-1,-1,-1,-1,-1,
#assigned_hub=1,6,3,2,5,0,8,4,-1,7,
#moving_targetting_pos=6,16|26,6|16,6|6,26|16,26|6,6|26,26|16,16|29,2|26,16|
#setting_targetting_pos=-1,-1|-1,-1|-1,-1|-1,-1|-1,-1|-1,-1|-1,-1|-1,-1|29,30|-1,-1|
#type=4,4,4,4,4,4,4,4,0,4,
..........
#11111111111111111111
#assigned_pet=-1,-1,-1,-1,-1,-1,-1,-1,-1,-1,
#assigned_hub=1,6,3,2,5,0,8,4,-1,7,
#moving_targetting_pos=6,16|26,6|16,6|6,26|16,26|6,6|26,26|16,16|29,2|26,16|
#setting_targetting_pos=-1,-1|-1,-1|-1,-1|-1,-1|-1,-1|-1,-1|-1,-1|-1,-1|29,30|-1,-1|
#type=4,4,4,4,4,4,4,4,0,4,
..........
#11111111111111111111
#assigned_pet=-1,-1,-1,-1,-1,-1,-1,-1,-1,-1,
#assigned_hub=1,6,3,2,5,0,8,4,-1,7,
#moving_targetting_pos=6,16|26,6|16,6|6,26|16,26|6,6|26,26|16,16|29,2|26,16|
#setting_targetting_pos=-1,-1|-1,-1|-1,-1|-1,-1|-1,-1|-1,-1|-1,-1|-1,-1|29,30|-1,-1|
#type=4,4,4,4,4,4,4,4,0,4,
..........
#11111111111111111111
#assigned_pet=-1,-1,-1,-1,-1,-1,-1,-1,-1,-1,
#assigned_hub=1,6,3,2,5,0,8,4,-1,7,
#moving_targetting_pos=6,16|26,6|16,6|6,26|16,26|6,6|26,26|16,16|29,2|26,16|
#setting_targetting_pos=-1,-1|-1,-1|-1,-1|-1,-1|-1,-1|-1,-1|-1,-1|-1,-1|29,30|-1,-1|
#type=4,4,4,4,4,4,4,4,0,4,
..........
#11111111111111111111
#assigned_pet=-1,-1,-1,-1,-1,-1,-1,-1,-1,-1,
#assigned_hub=1,6,3,2,5,0,8,4,-1,7,
#moving_targetting_pos=6,16|26,6|16,6|6,26|16,26|6,6|26,26|16,16|29,2|26,16|
#setting_targetting_pos=-1,-1|-1,-1|-1,-1|-1,-1|-1,-1|-1,-1|-1,-1|-1,-1|29,30|-1,-1|
#type=4,4,4,4,4,4,4,4,0,4,
..........
#11111111111111111111
#assigned_pet=-1,-1,-1,-1,-1,-1,-1,-1,-1,-1,
#assigned_hub=1,6,3,2,5,0,8,4,-1,7,
#moving_targetting_pos=6,16|26,6|16,6|6,26|16,26|6,6|26,26|16,16|29,2|26,16|
#setting_targetting_pos=-1,-1|-1,-1|-1,-1|-1,-1|-1,-1|-1,-1|-1,-1|-1,-1|29,30|-1,-1|
#type=4,4,4,4,4,4,4,4,0,4,
..........
#11111111111111111111
#assigned_pet=-1,-1,-1,-1,-1,-1,-1,-1,-1,-1,
#assigned_hub=1,6,3,2,5,0,8,4,-1,7,
#moving_targetting_pos=6,16|26,6|16,6|6,26|16,26|6,6|26,26|16,16|29,2|26,16|
#setting_targetting_pos=-1,-1|-1,-1|-1,-1|-1,-1|-1,-1|-1,-1|-1,-1|-1,-1|29,30|-1,-1|
#type=4,4,4,4,4,4,4,4,0,4,
..........
#11111111111111111111
#assigned_pet=-1,-1,-1,-1,-1,-1,-1,-1,-1,-1,
#assigned_hub=1,6,3,2,5,0,8,4,-1,7,
#moving_targetting_pos=6,16|26,6|16,6|6,26|16,26|6,6|26,26|16,16|29,2|26,16|
#setting_targetting_pos=-1,-1|-1,-1|-1,-1|-1,-1|-1,-1|-1,-1|-1,-1|-1,-1|29,30|-1,-1|
#type=4,4,4,4,4,4,4,4,0,4,
..........
#11111111111111111111
#assigned_pet=-1,-1,-1,-1,-1,-1,-1,-1,-1,-1,
#assigned_hub=1,6,3,2,5,0,8,4,-1,7,
#moving_targetting_pos=6,16|26,6|16,6|6,26|16,26|6,6|26,26|16,16|29,2|26,16|
#setting_targetting_pos=-1,-1|-1,-1|-1,-1|-1,-1|-1,-1|-1,-1|-1,-1|-1,-1|29,30|-1,-1|
#type=4,4,4,4,4,4,4,4,0,4,
..........
#11111111111111111111
#assigned_pet=-1,-1,-1,-1,-1,-1,-1,-1,-1,-1,
#assigned_hub=1,6,3,2,5,0,8,4,-1,7,
#moving_targetting_pos=6,16|26,6|16,6|6,26|16,26|6,6|26,26|16,16|29,2|26,16|
#setting_targetting_pos=-1,-1|-1,-1|-1,-1|-1,-1|-1,-1|-1,-1|-1,-1|-1,-1|29,30|-1,-1|
#type=4,4,4,4,4,4,4,4,0,4,
..........
#11111111111111111111
#assigned_pet=-1,-1,-1,-1,-1,-1,-1,-1,-1,-1,
#assigned_hub=1,6,3,2,5,0,8,4,-1,7,
#moving_targetting_pos=6,16|26,6|16,6|6,26|16,26|6,6|26,26|16,16|29,2|26,16|
#setting_targetting_pos=-1,-1|-1,-1|-1,-1|-1,-1|-1,-1|-1,-1|-1,-1|-1,-1|29,30|-1,-1|
#type=4,4,4,4,4,4,4,4,0,4,
..........
#11111111111111111111
#assigned_pet=-1,-1,-1,-1,-1,-1,-1,-1,-1,-1,
#assigned_hub=1,6,3,2,5,0,8,4,-1,7,
#moving_targetting_pos=6,16|26,6|16,6|6,26|16,26|6,6|26,26|16,16|29,2|26,16|
#setting_targetting_pos=-1,-1|-1,-1|-1,-1|-1,-1|-1,-1|-1,-1|-1,-1|-1,-1|29,30|-1,-1|
#type=4,4,4,4,4,4,4,4,0,4,
..........
#11111111111111111111
#assigned_pet=-1,-1,-1,-1,-1,-1,-1,-1,-1,-1,
#assigned_hub=1,6,3,2,5,0,8,4,-1,7,
#moving_targetting_pos=6,16|26,6|16,6|6,26|16,26|6,6|26,26|16,16|29,2|26,16|
#setting_targetting_pos=-1,-1|-1,-1|-1,-1|-1,-1|-1,-1|-1,-1|-1,-1|-1,-1|29,30|-1,-1|
#type=4,4,4,4,4,4,4,4,0,4,
..........
#11111111111111111111
#assigned_pet=-1,-1,-1,-1,-1,-1,-1,-1,-1,-1,
#assigned_hub=1,6,3,2,5,0,8,4,-1,7,
#moving_targetting_pos=6,16|26,6|16,6|6,26|16,26|6,6|26,26|16,16|29,2|26,16|
#setting_targetting_pos=-1,-1|-1,-1|-1,-1|-1,-1|-1,-1|-1,-1|-1,-1|-1,-1|29,30|-1,-1|
#type=4,4,4,4,4,4,4,4,0,4,
..........
#11111111111111111111
#assigned_pet=-1,-1,-1,-1,-1,-1,-1,-1,-1,-1,
#assigned_hub=1,6,3,2,5,0,8,4,-1,7,
#moving_targetting_pos=6,16|26,6|16,6|6,26|16,26|6,6|26,26|16,16|29,2|26,16|
#setting_targetting_pos=-1,-1|-1,-1|-1,-1|-1,-1|-1,-1|-1,-1|-1,-1|-1,-1|29,30|-1,-1|
#type=4,4,4,4,4,4,4,4,0,4,
..........
#11111111111111111111
#assigned_pet=-1,-1,-1,-1,-1,-1,-1,-1,-1,-1,
#assigned_hub=1,6,3,2,5,0,8,4,-1,7,
#moving_targetting_pos=6,16|26,6|16,6|6,26|16,26|6,6|26,26|16,16|29,2|26,16|
#setting_targetting_pos=-1,-1|-1,-1|-1,-1|-1,-1|-1,-1|-1,-1|-1,-1|-1,-1|29,30|-1,-1|
#type=4,4,4,4,4,4,4,4,0,4,
..........
#11111111111111111111
#assigned_pet=-1,-1,-1,-1,-1,-1,-1,-1,-1,-1,
#assigned_hub=1,6,3,2,5,0,8,4,-1,7,
#moving_targetting_pos=6,16|26,6|16,6|6,26|16,26|6,6|26,26|16,16|29,2|26,16|
#setting_targetting_pos=-1,-1|-1,-1|-1,-1|-1,-1|-1,-1|-1,-1|-1,-1|-1,-1|29,30|-1,-1|
#type=4,4,4,4,4,4,4,4,0,4,
..........
#11111111111111111111
#assigned_pet=-1,-1,-1,-1,-1,-1,-1,-1,-1,-1,
#assigned_hub=1,6,3,2,5,0,8,4,-1,7,
#moving_targetting_pos=6,16|26,6|16,6|6,26|16,26|6,6|26,26|16,16|29,2|26,16|
#setting_targetting_pos=-1,-1|-1,-1|-1,-1|-1,-1|-1,-1|-1,-1|-1,-1|-1,-1|29,30|-1,-1|
#type=4,4,4,4,4,4,4,4,0,4,
..........
#11111111111111111111
#assigned_pet=-1,-1,-1,-1,-1,-1,-1,-1,-1,-1,
#assigned_hub=1,6,3,2,5,0,8,4,-1,7,
#moving_targetting_pos=6,16|26,6|16,6|6,26|16,26|6,6|26,26|16,16|29,2|26,16|
#setting_targetting_pos=-1,-1|-1,-1|-1,-1|-1,-1|-1,-1|-1,-1|-1,-1|-1,-1|29,30|-1,-1|
#type=4,4,4,4,4,4,4,4,0,4,
..........
#11111111111111111111
#assigned_pet=-1,-1,-1,-1,-1,-1,-1,-1,-1,-1,
#assigned_hub=1,6,3,2,5,0,8,4,-1,7,
#moving_targetting_pos=6,16|26,6|16,6|6,26|16,26|6,6|26,26|16,16|29,2|26,16|
#setting_targetting_pos=-1,-1|-1,-1|-1,-1|-1,-1|-1,-1|-1,-1|-1,-1|-1,-1|29,30|-1,-1|
#type=4,4,4,4,4,4,4,4,0,4,
..........
#11111111111111111111
#assigned_pet=-1,-1,-1,-1,-1,-1,-1,-1,-1,-1,
#assigned_hub=1,6,3,2,5,0,8,4,-1,7,
#moving_targetting_pos=6,16|26,6|16,6|6,26|16,26|6,6|26,26|16,16|29,2|26,16|
#setting_targetting_pos=-1,-1|-1,-1|-1,-1|-1,-1|-1,-1|-1,-1|-1,-1|-1,-1|29,30|-1,-1|
#type=4,4,4,4,4,4,4,4,0,4,
..........
#11111111111111111111
#assigned_pet=-1,-1,-1,-1,-1,-1,-1,-1,-1,-1,
#assigned_hub=1,6,3,2,5,0,8,4,-1,7,
#moving_targetting_pos=6,16|26,6|16,6|6,26|16,26|6,6|26,26|16,16|29,2|26,16|
#setting_targetting_pos=-1,-1|-1,-1|-1,-1|-1,-1|-1,-1|-1,-1|-1,-1|-1,-1|29,30|-1,-1|
#type=4,4,4,4,4,4,4,4,0,4,
..........
#11111111111111111111
#assigned_pet=-1,-1,-1,-1,-1,-1,-1,-1,-1,-1,
#assigned_hub=1,6,3,2,5,0,8,4,-1,7,
#moving_targetting_pos=6,16|26,6|16,6|6,26|16,26|6,6|26,26|16,16|29,2|26,16|
#setting_targetting_pos=-1,-1|-1,-1|-1,-1|-1,-1|-1,-1|-1,-1|-1,-1|-1,-1|29,30|-1,-1|
#type=4,4,4,4,4,4,4,4,0,4,
..........
#11111111111111111111
#assigned_pet=-1,-1,-1,-1,-1,-1,-1,-1,-1,-1,
#assigned_hub=1,6,3,2,5,0,8,4,-1,7,
#moving_targetting_pos=6,16|26,6|16,6|6,26|16,26|6,6|26,26|16,16|29,2|26,16|
#setting_targetting_pos=-1,-1|-1,-1|-1,-1|-1,-1|-1,-1|-1,-1|-1,-1|-1,-1|29,30|-1,-1|
#type=4,4,4,4,4,4,4,4,0,4,
..........
#11111111111111111111
#assigned_pet=-1,-1,-1,-1,-1,-1,-1,-1,-1,-1,
#assigned_hub=1,6,3,2,5,0,8,4,-1,7,
#moving_targetting_pos=6,16|26,6|16,6|6,26|16,26|6,6|26,26|16,16|29,2|26,16|
#setting_targetting_pos=-1,-1|-1,-1|-1,-1|-1,-1|-1,-1|-1,-1|-1,-1|-1,-1|29,30|-1,-1|
#type=4,4,4,4,4,4,4,4,0,4,
..........
#11111111111111111111
#assigned_pet=-1,-1,-1,-1,-1,-1,-1,-1,-1,-1,
#assigned_hub=1,6,3,2,5,0,8,4,-1,7,
#moving_targetting_pos=6,16|26,6|16,6|6,26|16,26|6,6|26,26|16,16|29,2|26,16|
#setting_targetting_pos=-1,-1|-1,-1|-1,-1|-1,-1|-1,-1|-1,-1|-1,-1|-1,-1|29,30|-1,-1|
#type=4,4,4,4,4,4,4,4,0,4,
..........
#11111111111111111111
#assigned_pet=-1,-1,-1,-1,-1,-1,-1,-1,-1,-1,
#assigned_hub=1,6,3,2,5,0,8,4,-1,7,
#moving_targetting_pos=6,16|26,6|16,6|6,26|16,26|6,6|26,26|16,16|29,2|26,16|
#setting_targetting_pos=-1,-1|-1,-1|-1,-1|-1,-1|-1,-1|-1,-1|-1,-1|-1,-1|29,30|-1,-1|
#type=4,4,4,4,4,4,4,4,0,4,
..........
#11111111111111111111
#assigned_pet=-1,-1,-1,-1,-1,-1,-1,-1,-1,-1,
#assigned_hub=1,6,3,2,5,0,8,4,-1,7,
#moving_targetting_pos=6,16|26,6|16,6|6,26|16,26|6,6|26,26|16,16|29,2|26,16|
#setting_targetting_pos=-1,-1|-1,-1|-1,-1|-1,-1|-1,-1|-1,-1|-1,-1|-1,-1|29,30|-1,-1|
#type=4,4,4,4,4,4,4,4,0,4,
..........
#11111111111111111111
#assigned_pet=-1,-1,-1,-1,-1,-1,-1,-1,-1,-1,
#assigned_hub=1,6,3,2,5,0,8,4,-1,7,
#moving_targetting_pos=6,16|26,6|16,6|6,26|16,26|6,6|26,26|16,16|29,2|26,16|
#setting_targetting_pos=-1,-1|-1,-1|-1,-1|-1,-1|-1,-1|-1,-1|-1,-1|-1,-1|29,30|-1,-1|
#type=4,4,4,4,4,4,4,4,0,4,
..........
#11111111111111111111
#assigned_pet=-1,-1,-1,-1,-1,-1,-1,-1,-1,-1,
#assigned_hub=1,6,3,2,5,0,8,4,-1,7,
#moving_targetting_pos=6,16|26,6|16,6|6,26|16,26|6,6|26,26|16,16|29,2|26,16|
#setting_targetting_pos=-1,-1|-1,-1|-1,-1|-1,-1|-1,-1|-1,-1|-1,-1|-1,-1|29,30|-1,-1|
#type=4,4,4,4,4,4,4,4,0,4,
..........
#11111111111111111111
#assigned_pet=-1,-1,-1,-1,-1,-1,-1,-1,-1,-1,
#assigned_hub=1,6,3,2,5,0,8,4,-1,7,
#moving_targetting_pos=6,16|26,6|16,6|6,26|16,26|6,6|26,26|16,16|29,2|26,16|
#setting_targetting_pos=-1,-1|-1,-1|-1,-1|-1,-1|-1,-1|-1,-1|-1,-1|-1,-1|29,30|-1,-1|
#type=4,4,4,4,4,4,4,4,0,4,
..........
#11111111111111111111
#assigned_pet=-1,-1,-1,-1,-1,-1,-1,-1,-1,-1,
#assigned_hub=1,6,3,2,5,0,8,4,-1,7,
#moving_targetting_pos=6,16|26,6|16,6|6,26|16,26|6,6|26,26|16,16|29,2|26,16|
#setting_targetting_pos=-1,-1|-1,-1|-1,-1|-1,-1|-1,-1|-1,-1|-1,-1|-1,-1|29,30|-1,-1|
#type=4,4,4,4,4,4,4,4,0,4,
..........
#11111111111111111111
#assigned_pet=-1,-1,-1,-1,-1,-1,-1,-1,-1,-1,
#assigned_hub=1,6,3,2,5,0,8,4,-1,7,
#moving_targetting_pos=6,16|26,6|16,6|6,26|16,26|6,6|26,26|16,16|29,2|26,16|
#setting_targetting_pos=-1,-1|-1,-1|-1,-1|-1,-1|-1,-1|-1,-1|-1,-1|-1,-1|29,30|-1,-1|
#type=4,4,4,4,4,4,4,4,0,4,
..........
#11111111111111111111
#assigned_pet=-1,-1,-1,-1,-1,-1,-1,-1,-1,-1,
#assigned_hub=1,6,3,2,5,0,8,4,-1,7,
#moving_targetting_pos=6,16|26,6|16,6|6,26|16,26|6,6|26,26|16,16|29,2|26,16|
#setting_targetting_pos=-1,-1|-1,-1|-1,-1|-1,-1|-1,-1|-1,-1|-1,-1|-1,-1|29,30|-1,-1|
#type=4,4,4,4,4,4,4,4,0,4,
..........
#11111111111111111111
#assigned_pet=-1,-1,-1,-1,-1,-1,-1,-1,-1,-1,
#assigned_hub=1,6,3,2,5,0,8,4,-1,7,
#moving_targetting_pos=6,16|26,6|16,6|6,26|16,26|6,6|26,26|16,16|29,2|26,16|
#setting_targetting_pos=-1,-1|-1,-1|-1,-1|-1,-1|-1,-1|-1,-1|-1,-1|-1,-1|29,30|-1,-1|
#type=4,4,4,4,4,4,4,4,0,4,
..........
#11111111111111111111
#assigned_pet=-1,-1,-1,-1,-1,-1,-1,-1,-1,-1,
#assigned_hub=1,6,3,2,5,0,8,4,-1,7,
#moving_targetting_pos=6,16|26,6|16,6|6,26|16,26|6,6|26,26|16,16|29,2|26,16|
#setting_targetting_pos=-1,-1|-1,-1|-1,-1|-1,-1|-1,-1|-1,-1|-1,-1|-1,-1|29,30|-1,-1|
#type=4,4,4,4,4,4,4,4,0,4,
..........
#11111111111111111111
#assigned_pet=-1,-1,-1,-1,-1,-1,-1,-1,-1,-1,
#assigned_hub=1,6,3,2,5,0,8,4,-1,7,
#moving_targetting_pos=6,16|26,6|16,6|6,26|16,26|6,6|26,26|16,16|29,2|26,16|
#setting_targetting_pos=-1,-1|-1,-1|-1,-1|-1,-1|-1,-1|-1,-1|-1,-1|-1,-1|29,30|-1,-1|
#type=4,4,4,4,4,4,4,4,0,4,
..........
#11111111111111111111
#assigned_pet=-1,-1,-1,-1,-1,-1,-1,-1,-1,-1,
#assigned_hub=1,6,3,2,5,0,8,4,-1,7,
#moving_targetting_pos=6,16|26,6|16,6|6,26|16,26|6,6|26,26|16,16|29,2|26,16|
#setting_targetting_pos=-1,-1|-1,-1|-1,-1|-1,-1|-1,-1|-1,-1|-1,-1|-1,-1|29,30|-1,-1|
#type=4,4,4,4,4,4,4,4,0,4,
..........
#11111111111111111111
#assigned_pet=-1,-1,-1,-1,-1,-1,-1,-1,-1,-1,
#assigned_hub=1,6,3,2,5,0,8,4,-1,7,
#moving_targetting_pos=6,16|26,6|16,6|6,26|16,26|6,6|26,26|16,16|29,2|26,16|
#setting_targetting_pos=-1,-1|-1,-1|-1,-1|-1,-1|-1,-1|-1,-1|-1,-1|-1,-1|29,30|-1,-1|
#type=4,4,4,4,4,4,4,4,0,4,
..........
#11111111111111111111
#assigned_pet=-1,-1,-1,-1,-1,-1,-1,-1,-1,-1,
#assigned_hub=1,6,3,2,5,0,8,4,-1,7,
#moving_targetting_pos=6,16|26,6|16,6|6,26|16,26|6,6|26,26|16,16|29,2|26,16|
#setting_targetting_pos=-1,-1|-1,-1|-1,-1|-1,-1|-1,-1|-1,-1|-1,-1|-1,-1|29,30|-1,-1|
#type=4,4,4,4,4,4,4,4,0,4,
..........
#11111111111111111111
#assigned_pet=-1,-1,-1,-1,-1,-1,-1,-1,-1,-1,
#assigned_hub=1,6,3,2,5,0,8,4,-1,7,
#moving_targetting_pos=6,16|26,6|16,6|6,26|16,26|6,6|26,26|16,16|29,2|26,16|
#setting_targetting_pos=-1,-1|-1,-1|-1,-1|-1,-1|-1,-1|-1,-1|-1,-1|-1,-1|29,30|-1,-1|
#type=4,4,4,4,4,4,4,4,0,4,
..........
#11111111111111111111
#assigned_pet=-1,-1,-1,-1,-1,-1,-1,-1,-1,-1,
#assigned_hub=1,6,3,2,5,0,8,4,-1,7,
#moving_targetting_pos=6,16|26,6|16,6|6,26|16,26|6,6|26,26|16,16|29,2|26,16|
#setting_targetting_pos=-1,-1|-1,-1|-1,-1|-1,-1|-1,-1|-1,-1|-1,-1|-1,-1|29,30|-1,-1|
#type=4,4,4,4,4,4,4,4,0,4,
..........
#11111111111111111111
#assigned_pet=-1,-1,-1,-1,-1,-1,-1,-1,-1,-1,
#assigned_hub=1,6,3,2,5,0,8,4,-1,7,
#moving_targetting_pos=6,16|26,6|16,6|6,26|16,26|6,6|26,26|16,16|29,2|26,16|
#setting_targetting_pos=-1,-1|-1,-1|-1,-1|-1,-1|-1,-1|-1,-1|-1,-1|-1,-1|29,30|-1,-1|
#type=4,4,4,4,4,4,4,4,0,4,
..........
#11111111111111111111
#assigned_pet=-1,-1,-1,-1,-1,-1,-1,-1,-1,-1,
#assigned_hub=1,6,3,2,5,0,8,4,-1,7,
#moving_targetting_pos=6,16|26,6|16,6|6,26|16,26|6,6|26,26|16,16|29,2|26,16|
#setting_targetting_pos=-1,-1|-1,-1|-1,-1|-1,-1|-1,-1|-1,-1|-1,-1|-1,-1|29,30|-1,-1|
#type=4,4,4,4,4,4,4,4,0,4,
..........
#11111111111111111111
#assigned_pet=-1,-1,-1,-1,-1,-1,-1,-1,-1,-1,
#assigned_hub=1,6,3,2,5,0,8,4,-1,7,
#moving_targetting_pos=6,16|26,6|16,6|6,26|16,26|6,6|26,26|16,16|29,2|26,16|
#setting_targetting_pos=-1,-1|-1,-1|-1,-1|-1,-1|-1,-1|-1,-1|-1,-1|-1,-1|29,30|-1,-1|
#type=4,4,4,4,4,4,4,4,0,4,
..........
#11111111111111111111
#assigned_pet=-1,-1,-1,-1,-1,-1,-1,-1,-1,-1,
#assigned_hub=1,6,3,2,5,0,8,4,-1,7,
#moving_targetting_pos=6,16|26,6|16,6|6,26|16,26|6,6|26,26|16,16|29,2|26,16|
#setting_targetting_pos=-1,-1|-1,-1|-1,-1|-1,-1|-1,-1|-1,-1|-1,-1|-1,-1|29,30|-1,-1|
#type=4,4,4,4,4,4,4,4,0,4,
..........
#11111111111111111111
#assigned_pet=-1,-1,-1,-1,-1,-1,-1,-1,-1,-1,
#assigned_hub=1,6,3,2,5,0,8,4,-1,7,
#moving_targetting_pos=6,16|26,6|16,6|6,26|16,26|6,6|26,26|16,16|29,2|26,16|
#setting_targetting_pos=-1,-1|-1,-1|-1,-1|-1,-1|-1,-1|-1,-1|-1,-1|-1,-1|29,30|-1,-1|
#type=4,4,4,4,4,4,4,4,0,4,
..........
#11111111111111111111
#assigned_pet=-1,-1,-1,-1,-1,-1,-1,-1,-1,-1,
#assigned_hub=1,6,3,2,5,0,8,4,-1,7,
#moving_targetting_pos=6,16|26,6|16,6|6,26|16,26|6,6|26,26|16,16|29,2|26,16|
#setting_targetting_pos=-1,-1|-1,-1|-1,-1|-1,-1|-1,-1|-1,-1|-1,-1|-1,-1|29,30|-1,-1|
#type=4,4,4,4,4,4,4,4,0,4,
..........
#11111111111111111111
#assigned_pet=-1,-1,-1,-1,-1,-1,-1,-1,-1,-1,
#assigned_hub=1,6,3,2,5,0,8,4,-1,7,
#moving_targetting_pos=6,16|26,6|16,6|6,26|16,26|6,6|26,26|16,16|29,2|26,16|
#setting_targetting_pos=-1,-1|-1,-1|-1,-1|-1,-1|-1,-1|-1,-1|-1,-1|-1,-1|29,30|-1,-1|
#type=4,4,4,4,4,4,4,4,0,4,
..........
#11111111111111111111
#assigned_pet=-1,-1,-1,-1,-1,-1,-1,-1,-1,-1,
#assigned_hub=1,6,3,2,5,0,8,4,-1,7,
#moving_targetting_pos=6,16|26,6|16,6|6,26|16,26|6,6|26,26|16,16|29,2|26,16|
#setting_targetting_pos=-1,-1|-1,-1|-1,-1|-1,-1|-1,-1|-1,-1|-1,-1|-1,-1|29,30|-1,-1|
#type=4,4,4,4,4,4,4,4,0,4,
..........
#11111111111111111111
#assigned_pet=-1,-1,-1,-1,-1,-1,-1,-1,-1,-1,
#assigned_hub=1,6,3,2,5,0,8,4,-1,7,
#moving_targetting_pos=6,16|26,6|16,6|6,26|16,26|6,6|26,26|16,16|29,2|26,16|
#setting_targetting_pos=-1,-1|-1,-1|-1,-1|-1,-1|-1,-1|-1,-1|-1,-1|-1,-1|29,30|-1,-1|
#type=4,4,4,4,4,4,4,4,0,4,
..........
#11111111111111111111
#assigned_pet=-1,-1,-1,-1,-1,-1,-1,-1,-1,-1,
#assigned_hub=1,6,3,2,5,0,8,4,-1,7,
#moving_targetting_pos=6,16|26,6|16,6|6,26|16,26|6,6|26,26|16,16|29,2|26,16|
#setting_targetting_pos=-1,-1|-1,-1|-1,-1|-1,-1|-1,-1|-1,-1|-1,-1|-1,-1|29,30|-1,-1|
#type=4,4,4,4,4,4,4,4,0,4,
..........
#11111111111111111111
#assigned_pet=-1,-1,-1,-1,-1,-1,-1,-1,-1,-1,
#assigned_hub=1,6,3,2,5,0,8,4,-1,7,
#moving_targetting_pos=6,16|26,6|16,6|6,26|16,26|6,6|26,26|16,16|29,2|26,16|
#setting_targetting_pos=-1,-1|-1,-1|-1,-1|-1,-1|-1,-1|-1,-1|-1,-1|-1,-1|29,30|-1,-1|
#type=4,4,4,4,4,4,4,4,0,4,
..........
#11111111111111111111
#assigned_pet=-1,-1,-1,-1,-1,-1,-1,-1,-1,-1,
#assigned_hub=1,6,3,2,5,0,8,4,-1,7,
#moving_targetting_pos=6,16|26,6|16,6|6,26|16,26|6,6|26,26|16,16|29,2|26,16|
#setting_targetting_pos=-1,-1|-1,-1|-1,-1|-1,-1|-1,-1|-1,-1|-1,-1|-1,-1|29,30|-1,-1|
#type=4,4,4,4,4,4,4,4,0,4,
..........
#11111111111111111111
#assigned_pet=-1,-1,-1,-1,-1,-1,-1,-1,-1,-1,
#assigned_hub=1,6,3,2,5,0,8,4,-1,7,
#moving_targetting_pos=6,16|26,6|16,6|6,26|16,26|6,6|26,26|16,16|29,2|26,16|
#setting_targetting_pos=-1,-1|-1,-1|-1,-1|-1,-1|-1,-1|-1,-1|-1,-1|-1,-1|29,30|-1,-1|
#type=4,4,4,4,4,4,4,4,0,4,
..........
#11111111111111111111
#assigned_pet=-1,-1,-1,-1,-1,-1,-1,-1,-1,-1,
#assigned_hub=1,6,3,2,5,0,8,4,-1,7,
#moving_targetting_pos=6,16|26,6|16,6|6,26|16,26|6,6|26,26|16,16|29,2|26,16|
#setting_targetting_pos=-1,-1|-1,-1|-1,-1|-1,-1|-1,-1|-1,-1|-1,-1|-1,-1|29,30|-1,-1|
#type=4,4,4,4,4,4,4,4,0,4,
..........
#11111111111111111111
#assigned_pet=-1,-1,-1,-1,-1,-1,-1,-1,-1,-1,
#assigned_hub=1,6,3,2,5,0,8,4,-1,7,
#moving_targetting_pos=6,16|26,6|16,6|6,26|16,26|6,6|26,26|16,16|29,2|26,16|
#setting_targetting_pos=-1,-1|-1,-1|-1,-1|-1,-1|-1,-1|-1,-1|-1,-1|-1,-1|29,30|-1,-1|
#type=4,4,4,4,4,4,4,4,0,4,
..........
#11111111111111111111
#assigned_pet=-1,-1,-1,-1,-1,-1,-1,-1,-1,-1,
#assigned_hub=1,6,3,2,5,0,8,4,-1,7,
#moving_targetting_pos=6,16|26,6|16,6|6,26|16,26|6,6|26,26|16,16|29,2|26,16|
#setting_targetting_pos=-1,-1|-1,-1|-1,-1|-1,-1|-1,-1|-1,-1|-1,-1|-1,-1|29,30|-1,-1|
#type=4,4,4,4,4,4,4,4,0,4,
..........
#11111111111111111111
#assigned_pet=-1,-1,-1,-1,-1,-1,-1,-1,-1,-1,
#assigned_hub=1,6,3,2,5,0,8,4,-1,7,
#moving_targetting_pos=6,16|26,6|16,6|6,26|16,26|6,6|26,26|16,16|29,2|26,16|
#setting_targetting_pos=-1,-1|-1,-1|-1,-1|-1,-1|-1,-1|-1,-1|-1,-1|-1,-1|29,30|-1,-1|
#type=4,4,4,4,4,4,4,4,0,4,
..........
#11111111111111111111
#assigned_pet=-1,-1,-1,-1,-1,-1,-1,-1,-1,-1,
#assigned_hub=1,6,3,2,5,0,8,4,-1,7,
#moving_targetting_pos=6,16|26,6|16,6|6,26|16,26|6,6|26,26|16,16|29,2|26,16|
#setting_targetting_pos=-1,-1|-1,-1|-1,-1|-1,-1|-1,-1|-1,-1|-1,-1|-1,-1|29,30|-1,-1|
#type=4,4,4,4,4,4,4,4,0,4,
..........
#11111111111111111111
#assigned_pet=-1,-1,-1,-1,-1,-1,-1,-1,-1,-1,
#assigned_hub=1,6,3,2,5,0,8,4,-1,7,
#moving_targetting_pos=6,16|26,6|16,6|6,26|16,26|6,6|26,26|16,16|29,2|26,16|
#setting_targetting_pos=-1,-1|-1,-1|-1,-1|-1,-1|-1,-1|-1,-1|-1,-1|-1,-1|29,30|-1,-1|
#type=4,4,4,4,4,4,4,4,0,4,
..........
#11111111111111111111
#assigned_pet=-1,-1,-1,-1,-1,-1,-1,-1,-1,-1,
#assigned_hub=1,6,3,2,5,0,8,4,-1,7,
#moving_targetting_pos=6,16|26,6|16,6|6,26|16,26|6,6|26,26|16,16|29,2|26,16|
#setting_targetting_pos=-1,-1|-1,-1|-1,-1|-1,-1|-1,-1|-1,-1|-1,-1|-1,-1|29,30|-1,-1|
#type=4,4,4,4,4,4,4,4,0,4,
..........
#11111111111111111111
#assigned_pet=-1,-1,-1,-1,-1,-1,-1,-1,-1,-1,
#assigned_hub=1,6,3,2,5,0,8,4,-1,7,
#moving_targetting_pos=6,16|26,6|16,6|6,26|16,26|6,6|26,26|16,16|29,2|26,16|
#setting_targetting_pos=-1,-1|-1,-1|-1,-1|-1,-1|-1,-1|-1,-1|-1,-1|-1,-1|29,30|-1,-1|
#type=4,4,4,4,4,4,4,4,0,4,
..........
#11111111111111111111
#assigned_pet=-1,-1,-1,-1,-1,-1,-1,-1,-1,-1,
#assigned_hub=1,6,3,2,5,0,8,4,-1,7,
#moving_targetting_pos=6,16|26,6|16,6|6,26|16,26|6,6|26,26|16,16|29,2|26,16|
#setting_targetting_pos=-1,-1|-1,-1|-1,-1|-1,-1|-1,-1|-1,-1|-1,-1|-1,-1|29,30|-1,-1|
#type=4,4,4,4,4,4,4,4,0,4,
..........
#11111111111111111111
#assigned_pet=-1,-1,-1,-1,-1,-1,-1,-1,-1,-1,
#assigned_hub=1,6,3,2,5,0,8,4,-1,7,
#moving_targetting_pos=6,16|26,6|16,6|6,26|16,26|6,6|26,26|16,16|29,2|26,16|
#setting_targetting_pos=-1,-1|-1,-1|-1,-1|-1,-1|-1,-1|-1,-1|-1,-1|-1,-1|29,30|-1,-1|
#type=4,4,4,4,4,4,4,4,0,4,
..........
#11111111111111111111
#assigned_pet=-1,-1,-1,-1,-1,-1,-1,-1,-1,-1,
#assigned_hub=1,6,3,2,5,0,8,4,-1,7,
#moving_targetting_pos=6,16|26,6|16,6|6,26|16,26|6,6|26,26|16,16|29,2|26,16|
#setting_targetting_pos=-1,-1|-1,-1|-1,-1|-1,-1|-1,-1|-1,-1|-1,-1|-1,-1|29,30|-1,-1|
#type=4,4,4,4,4,4,4,4,0,4,
..........
#11111111111111111111
#assigned_pet=-1,-1,-1,-1,-1,-1,-1,-1,-1,-1,
#assigned_hub=1,6,3,2,5,0,8,4,-1,7,
#moving_targetting_pos=6,16|26,6|16,6|6,26|16,26|6,6|26,26|16,16|29,2|26,16|
#setting_targetting_pos=-1,-1|-1,-1|-1,-1|-1,-1|-1,-1|-1,-1|-1,-1|-1,-1|29,30|-1,-1|
#type=4,4,4,4,4,4,4,4,0,4,
..........
#11111111111111111111
#assigned_pet=-1,-1,-1,-1,-1,-1,-1,-1,-1,-1,
#assigned_hub=1,6,3,2,5,0,8,4,-1,7,
#moving_targetting_pos=6,16|26,6|16,6|6,26|16,26|6,6|26,26|16,16|29,2|26,16|
#setting_targetting_pos=-1,-1|-1,-1|-1,-1|-1,-1|-1,-1|-1,-1|-1,-1|-1,-1|29,30|-1,-1|
#type=4,4,4,4,4,4,4,4,0,4,
..........
#11111111111111111111
#assigned_pet=-1,-1,-1,-1,-1,-1,-1,-1,-1,-1,
#assigned_hub=1,6,3,2,5,0,8,4,-1,7,
#moving_targetting_pos=6,16|26,6|16,6|6,26|16,26|6,6|26,26|16,16|29,2|26,16|
#setting_targetting_pos=-1,-1|-1,-1|-1,-1|-1,-1|-1,-1|-1,-1|-1,-1|-1,-1|29,30|-1,-1|
#type=4,4,4,4,4,4,4,4,0,4,
..........
