#00000000000
#assigned_pet=-1,-1,-1,-1,-1,-1,-1,-1,-1,
#assigned_hub=-1,-1,-1,-1,-1,-1,-1,-1,-1,
#moving_targetting_pos=12,1|2,29|22,29|5,30|25,30|29,30|19,2|15,30|9,2|
#setting_targetting_pos=12,29|2,1|22,1|5,1|25,1|29,2|19,30|15,1|9,30|
#type=1,1,1,1,1,1,1,1,1,
LRRRRRRRR
#00000000000
#assigned_pet=-1,-1,-1,-1,-1,-1,-1,-1,-1,
#assigned_hub=-1,-1,-1,-1,-1,-1,-1,-1,-1,
#moving_targetting_pos=12,1|2,29|22,29|5,30|25,30|29,30|19,2|15,30|9,2|
#setting_targetting_pos=12,29|2,1|22,1|5,1|25,1|29,2|19,30|15,1|9,30|
#type=1,1,1,1,1,1,2,1,1,
LRRRRRdRU
#00000000000
#assigned_pet=-1,-1,-1,-1,-1,-1,-1,-1,-1,
#assigned_hub=-1,-1,-1,-1,-1,-1,-1,-1,-1,
#moving_targetting_pos=12,1|2,29|22,29|5,30|25,30|29,30|19,2|15,30|9,2|
#setting_targetting_pos=12,29|2,1|22,1|5,1|25,1|29,2|19,30|15,1|9,30|
#type=1,1,1,1,1,1,2,1,1,
LRRRRURRR
#00000000000
#assigned_pet=-1,-1,-1,-1,-1,-1,-1,-1,-1,
#assigned_hub=-1,-1,-1,-1,-1,-1,-1,-1,-1,
#moving_targetting_pos=12,1|2,29|22,29|5,30|25,30|29,30|19,2|15,30|9,2|
#setting_targetting_pos=12,29|2,1|22,1|5,1|25,1|29,2|19,30|15,1|9,30|
#type=2,1,1,1,1,2,2,1,1,
uRRRRdRUU
#00000000000
#assigned_pet=-1,-1,-1,-1,-1,-1,-1,-1,-1,
#assigned_hub=-1,-1,-1,-1,-1,-1,-1,-1,-1,
#moving_targetting_pos=12,1|2,29|22,29|5,30|25,30|29,30|19,2|15,30|9,2|
#setting_targetting_pos=12,29|2,1|22,1|5,1|25,1|29,2|19,30|15,1|9,30|
#type=2,1,1,1,1,2,2,1,1,
RRRRRLlUU
#00000000000
#assigned_pet=-1,-1,-1,-1,-1,-1,-1,-1,-1,
#assigned_hub=-1,-1,-1,-1,-1,-1,-1,-1,-1,
#moving_targetting_pos=12,1|2,29|22,29|5,30|25,30|29,30|19,2|15,30|9,2|
#setting_targetting_pos=12,29|2,1|22,1|5,1|25,1|29,2|19,30|15,1|9,30|
#type=2,1,1,1,1,2,2,1,1,
RRRRRLuUR
#00000000000
#assigned_pet=-1,-1,-1,-1,-1,-1,-1,-1,-1,
#assigned_hub=-1,-1,-1,-1,-1,-1,-1,-1,-1,
#moving_targetting_pos=12,1|2,29|22,29|5,30|25,30|29,30|19,2|15,30|9,2|
#setting_targetting_pos=12,29|2,1|22,1|5,1|25,1|29,2|19,30|15,1|9,30|
#type=2,1,1,1,1,2,2,1,1,
lRRRRrRUR
#00000000000
#assigned_pet=-1,-1,-1,-1,-1,-1,-1,-1,-1,
#assigned_hub=-1,-1,-1,-1,-1,-1,-1,-1,-1,
#moving_targetting_pos=12,1|2,29|22,29|5,30|25,30|29,30|19,2|15,30|9,2|
#setting_targetting_pos=12,29|2,1|22,1|5,1|25,1|29,2|19,30|15,1|9,30|
#type=2,1,1,1,1,2,2,1,1,
dRRRRuRUU
#00000000000
#assigned_pet=-1,-1,-1,-1,-1,-1,-1,-1,-1,
#assigned_hub=-1,-1,-1,-1,-1,-1,-1,-1,-1,
#moving_targetting_pos=12,1|2,29|22,29|5,30|25,30|29,30|19,2|15,30|9,2|
#setting_targetting_pos=12,29|2,1|22,1|5,1|25,1|29,2|19,30|15,1|9,30|
#type=2,1,1,1,1,2,2,1,1,
RRURRLdUU
#00000000000
#assigned_pet=-1,-1,-1,-1,-1,-1,-1,-1,-1,
#assigned_hub=-1,-1,-1,-1,-1,-1,-1,-1,-1,
#moving_targetting_pos=12,1|2,29|22,29|5,30|25,30|29,30|19,2|15,30|9,2|
#setting_targetting_pos=12,29|2,1|22,1|5,1|25,1|29,2|19,30|15,1|9,30|
#type=2,1,2,1,1,2,2,2,1,
RRrRULRdU
#00000000000
#assigned_pet=-1,-1,-1,-1,-1,-1,-1,-1,-1,
#assigned_hub=-1,-1,-1,-1,-1,-1,-1,-1,-1,
#moving_targetting_pos=12,1|2,29|22,29|5,30|25,30|29,30|19,2|15,30|9,2|
#setting_targetting_pos=12,29|2,1|22,1|5,1|25,1|29,2|19,30|15,1|9,30|
#type=2,1,2,2,2,2,2,2,1,
RRddddlLU
#00000000000
#assigned_pet=-1,-1,-1,-1,-1,-1,-1,-1,-1,
#assigned_hub=-1,-1,-1,-1,-1,-1,-1,-1,-1,
#moving_targetting_pos=12,1|2,29|22,29|5,30|25,30|29,30|19,2|15,30|9,2|
#setting_targetting_pos=12,29|2,1|22,1|5,1|25,1|29,2|19,30|15,1|9,30|
#type=2,1,2,2,2,2,2,2,1,
dRLLLLRdL
#00000000000
#assigned_pet=-1,-1,-1,-1,-1,-1,-1,-1,-1,
#assigned_hub=-1,-1,-1,-1,-1,-1,-1,-1,-1,
#moving_targetting_pos=12,1|2,29|22,29|5,30|25,30|29,30|19,2|15,30|9,2|
#setting_targetting_pos=12,29|2,1|22,1|5,1|25,1|29,2|19,30|15,1|9,30|
#type=2,2,2,2,2,2,2,2,1,
urLddruLU
#00000000000
#assigned_pet=-1,-1,-1,-1,-1,-1,-1,-1,-1,
#assigned_hub=-1,-1,-1,-1,-1,-1,-1,-1,-1,
#moving_targetting_pos=12,1|2,29|22,29|5,30|25,30|29,30|19,2|15,30|9,2|
#setting_targetting_pos=12,29|2,1|22,1|5,1|25,1|29,2|19,30|15,1|9,30|
#type=2,2,2,2,2,2,2,2,1,
RdLLLLRuU
#00000000000
#assigned_pet=-1,-1,-1,-1,-1,-1,-1,-1,-1,
#assigned_hub=-1,-1,-1,-1,-1,-1,-1,-1,-1,
#moving_targetting_pos=12,1|2,29|22,29|5,30|25,30|29,30|19,2|15,30|9,2|
#setting_targetting_pos=12,29|2,1|22,1|5,1|25,1|29,2|19,30|15,1|9,30|
#type=2,2,2,2,2,2,2,2,1,
lLduuuRLU
#00000000000
#assigned_pet=-1,-1,-1,-1,-1,-1,-1,-1,-1,
#assigned_hub=-1,-1,-1,-1,-1,-1,-1,-1,-1,
#moving_targetting_pos=12,1|2,29|22,29|5,30|25,30|29,30|19,2|15,30|9,2|
#setting_targetting_pos=12,29|2,1|22,1|5,1|25,1|29,2|19,30|15,1|9,30|
#type=2,2,2,2,2,2,2,2,1,
RLuLLLlLU
#00000000000
#assigned_pet=-1,-1,-1,-1,-1,-1,-1,-1,-1,
#assigned_hub=-1,-1,-1,-1,-1,-1,-1,-1,-1,
#moving_targetting_pos=12,1|2,29|22,29|5,30|25,30|29,30|19,2|15,30|9,2|
#setting_targetting_pos=12,29|2,1|22,1|5,1|25,1|29,2|19,30|15,1|9,30|
#type=2,2,2,2,2,2,2,2,1,
RLLLLLdLU
#00000000000
#assigned_pet=-1,-1,-1,-1,-1,-1,-1,-1,-1,
#assigned_hub=-1,-1,-1,-1,-1,-1,-1,-1,-1,
#moving_targetting_pos=12,1|2,29|22,29|5,30|25,30|29,30|19,2|15,30|9,2|
#setting_targetting_pos=12,29|2,1|22,1|5,1|25,1|29,2|19,30|15,1|9,30|
#type=2,2,2,2,2,2,2,2,1,
dd.LLrRLL
#00000000000
#assigned_pet=-1,-1,-1,-1,-1,-1,-1,-1,-1,
#assigned_hub=-1,-1,-1,-1,-1,-1,-1,-1,-1,
#moving_targetting_pos=12,1|2,29|22,29|5,30|25,30|29,30|19,2|15,30|9,2|
#setting_targetting_pos=12,29|2,1|22,1|5,1|25,1|29,2|19,30|15,1|9,30|
#type=2,2,2,2,2,2,2,2,1,
RurLLdRuU
#00000000000
#assigned_pet=-1,-1,-1,-1,-1,-1,-1,-1,-1,
#assigned_hub=-1,-1,-1,-1,-1,-1,-1,-1,-1,
#moving_targetting_pos=12,1|2,29|22,29|5,30|25,30|29,30|19,2|15,30|9,2|
#setting_targetting_pos=12,29|2,1|22,1|5,1|25,1|29,2|19,30|15,1|9,30|
#type=2,2,2,2,2,2,2,2,1,
RLLuuLdLL
#00000000000
#assigned_pet=-1,-1,-1,-1,-1,-1,-1,-1,-1,
#assigned_hub=-1,-1,-1,-1,-1,-1,-1,-1,-1,
#moving_targetting_pos=12,1|2,29|22,29|5,30|25,30|29,30|19,2|15,30|9,2|
#setting_targetting_pos=12,29|2,1|22,1|5,1|25,1|29,2|19,30|15,1|9,30|
#type=2,2,2,2,2,2,2,2,1,
lrLLLLRdU
#00000000000
#assigned_pet=-1,-1,-1,-1,-1,-1,-1,-1,-1,
#assigned_hub=-1,-1,-1,-1,-1,-1,-1,-1,-1,
#moving_targetting_pos=12,1|2,29|22,29|5,30|25,30|29,30|19,2|15,30|9,2|
#setting_targetting_pos=12,29|2,1|22,1|5,1|25,1|29,2|19,30|15,1|9,30|
#type=2,2,2,2,2,2,2,2,1,
uLd.ddRLU
#00000000000
#assigned_pet=-1,-1,-1,-1,-1,-1,-1,-1,-1,
#assigned_hub=-1,-1,-1,-1,-1,-1,-1,-1,-1,
#moving_targetting_pos=12,1|2,29|22,29|5,30|25,30|29,30|19,2|15,30|9,2|
#setting_targetting_pos=12,29|2,1|22,1|5,1|25,1|29,2|19,30|15,1|9,30|
#type=2,2,2,2,2,2,2,2,2,
RLLdLLldd
#00000000000
#assigned_pet=-1,-1,-1,-1,-1,-1,-1,-1,-1,
#assigned_hub=-1,-1,-1,-1,-1,-1,-1,-1,-1,
#moving_targetting_pos=12,1|2,29|22,29|5,30|25,30|29,30|19,2|15,30|9,2|
#setting_targetting_pos=12,29|2,1|22,1|5,1|25,1|29,2|19,30|15,1|9,30|
#type=2,2,2,2,2,2,2,2,2,
RdLLdLuLR
#00000000000
#assigned_pet=-1,-1,-1,-1,-1,-1,-1,-1,-1,
#assigned_hub=-1,-1,-1,-1,-1,-1,-1,-1,-1,
#moving_targetting_pos=12,1|2,29|22,29|5,30|25,30|29,30|19,2|15,30|9,2|
#setting_targetting_pos=12,29|2,1|22,1|5,1|25,1|29,2|19,30|15,1|9,30|
#type=2,2,2,2,2,2,2,2,2,
lLr.LrRdR
#00000000000
#assigned_pet=-1,-1,-1,-1,-1,-1,-1,-1,-1,
#assigned_hub=-1,-1,-1,-1,-1,-1,-1,-1,-1,
#moving_targetting_pos=12,1|2,29|22,29|5,30|25,30|29,30|19,2|15,30|9,2|
#setting_targetting_pos=12,29|2,1|22,1|5,1|25,1|29,2|19,30|15,1|9,30|
#type=2,2,2,2,2,2,2,2,2,
dLudduRLl
#00000000000
#assigned_pet=-1,-1,-1,-1,-1,-1,-1,-1,-1,
#assigned_hub=-1,-1,-1,-1,-1,-1,-1,-1,-1,
#moving_targetting_pos=12,1|2,29|22,29|5,30|25,30|29,30|19,2|15,30|9,2|
#setting_targetting_pos=12,29|2,1|22,1|5,1|25,1|29,2|19,30|15,1|9,30|
#type=2,2,2,2,2,2,2,2,2,
RrLLLLd.u
#00000000000
#assigned_pet=-1,-1,-1,-1,-1,-1,-1,-1,-1,
#assigned_hub=-1,-1,-1,-1,-1,-1,-1,-1,-1,
#moving_targetting_pos=12,1|2,29|22,29|5,30|25,30|29,30|19,2|15,30|9,2|
#setting_targetting_pos=12,29|2,1|22,1|5,1|25,1|29,2|19,30|15,1|9,30|
#type=2,2,2,2,2,2,2,2,2,
RuLddLR.R
#00000000000
#assigned_pet=-1,-1,-1,-1,-1,-1,-1,-1,-1,
#assigned_hub=-1,-1,-1,-1,-1,-1,-1,-1,-1,
#moving_targetting_pos=12,1|2,29|22,29|5,30|25,30|29,30|19,2|15,30|9,2|
#setting_targetting_pos=12,29|2,1|22,1|5,1|25,1|29,2|19,30|15,1|9,30|
#type=2,2,2,2,2,2,2,2,2,
RLrLLd..R
#00000000000
#assigned_pet=-1,-1,-1,-1,-1,-1,-1,-1,-1,
#assigned_hub=-1,-1,-1,-1,-1,-1,-1,-1,-1,
#moving_targetting_pos=12,1|2,29|22,29|5,30|25,30|29,30|19,2|15,30|9,2|
#setting_targetting_pos=12,29|2,1|22,1|5,1|25,1|29,2|19,30|15,1|9,30|
#type=2,2,2,2,2,2,2,2,2,
dLdddLl.d
#00000000000
#assigned_pet=-1,-1,-1,-1,-1,-1,-1,-1,-1,
#assigned_hub=-1,-1,-1,-1,-1,-1,-1,-1,-1,
#moving_targetting_pos=12,1|2,29|22,29|5,30|25,30|29,30|19,2|15,30|9,2|
#setting_targetting_pos=12,29|2,1|22,1|5,1|25,1|29,2|19,30|15,1|9,30|
#type=2,2,2,2,2,2,2,2,2,
u.LLLrRdR
#00000000000
#assigned_pet=-1,-1,-1,-1,-1,-1,-1,-1,-1,
#assigned_hub=-1,-1,-1,-1,-1,-1,-1,-1,-1,
#moving_targetting_pos=12,1|2,29|22,29|5,30|25,30|29,30|19,2|15,30|9,2|
#setting_targetting_pos=12,29|2,1|22,1|5,1|25,1|29,2|19,30|15,1|9,30|
#type=2,2,2,2,2,2,2,2,2,
RrLduL.L.
#00000000000
#assigned_pet=-1,-1,-1,-1,-1,-1,-1,-1,-1,
#assigned_hub=-1,-1,-1,-1,-1,-1,-1,-1,-1,
#moving_targetting_pos=12,1|2,29|22,29|5,30|25,30|29,30|19,2|15,30|9,2|
#setting_targetting_pos=12,29|2,1|22,1|5,1|25,1|29,2|19,30|15,1|9,30|
#type=2,2,2,2,2,2,2,2,2,
l.LLLu.d.
#00000000000
#assigned_pet=-1,-1,-1,-1,-1,-1,-1,-1,-1,
#assigned_hub=-1,-1,-1,-1,-1,-1,-1,-1,-1,
#moving_targetting_pos=12,1|2,29|22,29|5,30|25,30|29,30|19,2|15,30|9,2|
#setting_targetting_pos=12,29|2,1|22,1|5,1|25,1|29,2|19,30|15,1|9,30|
#type=2,2,2,2,2,2,2,2,2,
Rdd.LLuLl
#00000000000
#assigned_pet=-1,-1,-1,-1,-1,-1,-1,-1,-1,
#assigned_hub=-1,-1,-1,-1,-1,-1,-1,-1,-1,
#moving_targetting_pos=12,1|2,29|22,29|5,30|25,30|29,30|19,2|15,30|9,2|
#setting_targetting_pos=12,29|2,1|22,1|5,1|25,1|29,2|19,30|15,1|9,30|
#type=2,2,2,2,2,2,2,2,2,
RLuuLLR.R
#00000000000
#assigned_pet=-1,-1,-1,-1,-1,-1,-1,-1,-1,
#assigned_hub=-1,-1,-1,-1,-1,-1,-1,-1,-1,
#moving_targetting_pos=12,1|2,29|22,29|5,30|25,30|29,30|19,2|15,30|9,2|
#setting_targetting_pos=12,29|2,1|22,1|5,1|25,1|29,2|19,30|15,1|9,30|
#type=2,2,2,2,2,2,2,2,2,
dLLLLrR.u
#00000000000
#assigned_pet=-1,-1,-1,-1,-1,-1,-1,-1,-1,
#assigned_hub=-1,-1,-1,-1,-1,-1,-1,-1,-1,
#moving_targetting_pos=12,1|2,29|22,29|5,30|25,30|29,30|19,2|15,30|9,2|
#setting_targetting_pos=12,29|2,1|22,1|5,1|25,1|29,2|19,30|15,1|9,30|
#type=2,2,2,2,2,2,2,2,2,
RLrLudl.R
#00000000000
#assigned_pet=-1,-1,-1,-1,-1,-1,-1,-1,-1,
#assigned_hub=-1,-1,-1,-1,-1,-1,-1,-1,-1,
#moving_targetting_pos=12,1|2,29|22,29|5,30|25,30|29,30|19,2|15,30|9,2|
#setting_targetting_pos=12,29|2,1|22,1|5,1|25,1|29,2|19,30|15,1|9,30|
#type=2,2,2,2,2,2,2,2,2,
RdLLLLd.R
#00000000000
#assigned_pet=-1,-1,-1,-1,-1,-1,-1,-1,-1,
#assigned_hub=-1,-1,-1,-1,-1,-1,-1,-1,-1,
#moving_targetting_pos=12,1|2,29|22,29|5,30|25,30|29,30|19,2|15,30|9,2|
#setting_targetting_pos=12,29|2,1|22,1|5,1|25,1|29,2|19,30|15,1|9,30|
#type=2,2,2,2,2,2,2,2,2,
luLLdLR.l
#00000000000
#assigned_pet=-1,-1,-1,-1,-1,-1,-1,-1,-1,
#assigned_hub=-1,-1,-1,-1,-1,-1,-1,-1,-1,
#moving_targetting_pos=12,1|2,29|22,29|5,30|25,30|29,30|19,2|15,30|9,2|
#setting_targetting_pos=12,29|2,1|22,1|5,1|25,1|29,2|19,30|15,1|9,30|
#type=2,2,2,2,2,2,2,2,2,
uLduLdR.d
#00000000000
#assigned_pet=-1,-1,-1,-1,-1,-1,-1,-1,-1,
#assigned_hub=-1,-1,-1,-1,-1,-1,-1,-1,-1,
#moving_targetting_pos=12,1|2,29|22,29|5,30|25,30|29,30|19,2|15,30|9,2|
#setting_targetting_pos=12,29|2,1|22,1|5,1|25,1|29,2|19,30|15,1|9,30|
#type=2,2,2,2,2,2,2,2,2,
RrLLdLduR
#00000000000
#assigned_pet=-1,-1,-1,-1,-1,-1,-1,-1,-1,
#assigned_hub=-1,-1,-1,-1,-1,-1,-1,-1,-1,
#moving_targetting_pos=12,1|2,29|22,29|5,30|25,30|29,30|19,2|15,30|9,2|
#setting_targetting_pos=12,29|2,1|22,1|5,1|25,1|29,2|19,30|15,1|9,30|
#type=2,2,2,2,2,2,2,2,2,
RLLdLLRLR
#00000000000
#assigned_pet=-1,-1,-1,-1,-1,-1,-1,-1,-1,
#assigned_hub=-1,-1,-1,-1,-1,-1,-1,-1,-1,
#moving_targetting_pos=12,1|2,29|22,29|5,30|25,30|29,30|19,2|15,30|9,2|
#setting_targetting_pos=12,29|2,1|22,1|5,1|25,1|29,2|19,30|15,1|9,30|
#type=2,2,2,2,2,2,2,2,2,
lLrLdrRLd
#00000000000
#assigned_pet=-1,-1,-1,-1,-1,-1,-1,-1,-1,
#assigned_hub=-1,-1,-1,-1,-1,-1,-1,-1,-1,
#moving_targetting_pos=12,1|2,29|22,29|5,30|25,30|29,30|19,2|15,30|9,2|
#setting_targetting_pos=12,29|2,1|22,1|5,1|25,1|29,2|19,30|15,1|9,30|
#type=2,2,2,2,2,2,2,2,2,
ddudLulLR
#00000000000
#assigned_pet=-1,-1,-1,-1,-1,-1,-1,-1,-1,
#assigned_hub=-1,-1,-1,-1,-1,-1,-1,-1,-1,
#moving_targetting_pos=12,1|2,29|22,29|5,30|25,30|29,30|19,2|15,30|9,2|
#setting_targetting_pos=12,29|2,1|22,1|5,1|25,1|29,2|19,30|15,1|9,30|
#type=2,2,2,2,2,2,2,2,2,
RLLLdLuLR
#00000000000
#assigned_pet=-1,-1,-1,-1,-1,-1,-1,-1,-1,
#assigned_hub=-1,-1,-1,-1,-1,-1,-1,-1,-1,
#moving_targetting_pos=12,1|2,29|22,29|5,30|25,30|29,30|19,2|15,30|9,2|
#setting_targetting_pos=12,29|2,1|22,1|5,1|25,1|29,2|19,30|15,1|9,30|
#type=2,2,2,2,2,2,2,2,2,
RLLdLLRul
#00000000000
#assigned_pet=-1,-1,-1,-1,-1,-1,-1,-1,-1,
#assigned_hub=-1,-1,-1,-1,-1,-1,-1,-1,-1,
#moving_targetting_pos=12,1|2,29|22,29|5,30|25,30|29,30|19,2|15,30|9,2|
#setting_targetting_pos=12,29|2,1|22,1|5,1|25,1|29,2|19,30|15,1|9,30|
#type=2,2,2,2,2,2,2,2,2,
RrrLddRLu
#00000000000
#assigned_pet=-1,-1,-1,-1,-1,-1,-1,-1,-1,
#assigned_hub=-1,-1,-1,-1,-1,-1,-1,-1,-1,
#moving_targetting_pos=12,1|2,29|22,29|5,30|25,30|29,30|19,2|15,30|9,2|
#setting_targetting_pos=12,29|2,1|22,1|5,1|25,1|29,2|19,30|15,1|9,30|
#type=2,2,2,2,2,2,2,2,2,
duddLLddR
#00000000000
#assigned_pet=-1,-1,-1,-1,-1,-1,-1,-1,-1,
#assigned_hub=-1,-1,-1,-1,-1,-1,-1,-1,-1,
#moving_targetting_pos=12,1|2,29|22,29|5,30|25,30|29,30|19,2|15,30|9,2|
#setting_targetting_pos=12,29|2,1|22,1|5,1|25,1|29,2|19,30|15,1|9,30|
#type=2,2,2,2,2,2,2,2,2,
uLLLurRLR
#00000000000
#assigned_pet=-1,-1,-1,-1,-1,-1,-1,-1,-1,
#assigned_hub=-1,-1,-1,-1,-1,-1,-1,-1,-1,
#moving_targetting_pos=12,1|2,29|22,29|5,30|25,30|29,30|19,2|15,30|9,2|
#setting_targetting_pos=12,29|2,1|22,1|5,1|25,1|29,2|19,30|15,1|9,30|
#type=2,2,2,2,2,2,2,2,2,
RLL.LLldd
#00000000000
#assigned_pet=-1,-1,-1,-1,-1,-1,-1,-1,-1,
#assigned_hub=-1,-1,-1,-1,-1,-1,-1,-1,-1,
#moving_targetting_pos=12,1|2,29|22,29|5,30|25,30|29,30|19,2|15,30|9,2|
#setting_targetting_pos=12,29|2,1|22,1|5,1|25,1|29,2|19,30|15,1|9,30|
#type=2,2,2,2,2,2,2,2,2,
lrLdLuRLR
#00000000000
#assigned_pet=-1,-1,-1,-1,-1,-1,-1,-1,-1,
#assigned_hub=-1,-1,-1,-1,-1,-1,-1,-1,-1,
#moving_targetting_pos=12,1|2,29|22,29|5,30|25,30|29,30|19,2|15,30|9,2|
#setting_targetting_pos=12,29|2,1|22,1|5,1|25,1|29,2|19,30|15,1|9,30|
#type=2,2,2,2,2,2,2,2,2,
RddLLLudl
#00000000000
#assigned_pet=-1,-1,-1,-1,-1,-1,-1,-1,-1,
#assigned_hub=-1,-1,-1,-1,-1,-1,-1,-1,-1,
#moving_targetting_pos=12,1|2,29|22,29|5,30|25,30|29,30|19,2|15,30|9,2|
#setting_targetting_pos=12,29|2,1|22,1|5,1|25,1|29,2|19,30|15,1|9,30|
#type=2,2,2,2,2,2,2,2,2,
RLuuLLRLR
#00000000000
#assigned_pet=-1,-1,-1,-1,-1,-1,-1,-1,-1,
#assigned_hub=-1,-1,-1,-1,-1,-1,-1,-1,-1,
#moving_targetting_pos=12,1|2,29|22,29|5,30|25,30|29,30|19,2|15,30|9,2|
#setting_targetting_pos=12,29|2,1|22,1|5,1|25,1|29,2|19,30|15,1|9,30|
#type=2,2,2,2,2,2,2,2,2,
rLLLurRdu
#00000000000
#assigned_pet=-1,-1,-1,-1,-1,-1,-1,-1,-1,
#assigned_hub=-1,-1,-1,-1,-1,-1,-1,-1,-1,
#moving_targetting_pos=12,1|2,29|22,29|5,30|25,30|29,30|19,2|15,30|9,2|
#setting_targetting_pos=12,29|2,1|22,1|5,1|25,1|29,2|19,30|15,1|9,30|
#type=2,2,2,2,2,2,2,2,2,
dLrLLdlLR
#00000000000
#assigned_pet=-1,-1,-1,-1,-1,-1,-1,-1,-1,
#assigned_hub=2,-1,-1,-1,-1,6,-1,-1,-1,
#moving_targetting_pos=6,26|2,29|22,29|5,30|25,30|26,6|19,2|15,30|9,2|
#setting_targetting_pos=12,29|2,1|22,1|5,1|25,1|29,2|19,30|15,1|9,30|
#type=3,2,2,2,2,3,2,2,2,
LuLLdUd.R
#00000000000
#assigned_pet=-1,-1,-1,-1,-1,-1,-1,-1,-1,
#assigned_hub=5,-1,-1,-1,-1,6,4,-1,-1,
#moving_targetting_pos=16,26|2,29|22,29|5,30|25,30|26,6|16,16|15,30|9,2|
#setting_targetting_pos=-1,-1|2,1|22,1|5,1|25,1|-1,-1|19,30|15,1|9,30|
#type=3,2,2,2,2,3,3,2,2,
L.LLLRUdl
#00000000000
#assigned_pet=-1,-1,-1,-1,-1,-1,-1,-1,-1,
#assigned_hub=1,-1,-1,-1,-1,6,4,-1,-1,
#moving_targetting_pos=6,16|2,29|22,29|5,30|25,30|26,6|16,16|15,30|9,2|
#setting_targetting_pos=-1,-1|2,1|22,1|5,1|25,1|-1,-1|-1,-1|15,1|9,30|
#type=3,2,2,2,2,3,3,2,2,
U.dudULLd
#00000000000
#assigned_pet=-1,-1,-1,-1,-1,-1,-1,-1,-1,
#assigned_hub=2,-1,-1,-1,-1,6,4,-1,-1,
#moving_targetting_pos=6,26|2,29|22,29|5,30|25,30|26,6|16,16|15,30|9,2|
#setting_targetting_pos=-1,-1|2,1|22,1|5,1|25,1|-1,-1|-1,-1|15,1|9,30|
#type=3,2,2,2,2,3,3,2,2,
U.LLLRU.R
#00000000000
#assigned_pet=-1,-1,-1,-1,-1,-1,-1,-1,-1,
#assigned_hub=1,-1,-1,-1,-1,6,4,-1,-1,
#moving_targetting_pos=6,16|2,29|22,29|5,30|25,30|26,6|16,16|15,30|9,2|
#setting_targetting_pos=-1,-1|2,1|22,1|5,1|25,1|-1,-1|-1,-1|15,1|9,30|
#type=3,2,2,2,2,3,3,2,2,
LdL.dRLuR
#00000000000
#assigned_pet=-1,-1,-1,-1,-1,-1,-1,-1,-1,
#assigned_hub=2,-1,-1,-1,3,6,4,-1,-1,
#moving_targetting_pos=6,26|2,29|22,29|5,30|16,6|-1,-1|16,16|15,30|9,2|
#setting_targetting_pos=-1,-1|2,1|22,1|5,1|25,1|-1,-1|-1,-1|15,1|9,30|
#type=3,2,2,2,3,4,3,2,2,
ULrdR.LLd
#00000000000
#assigned_pet=-1,-1,-1,-1,-1,-1,-1,-1,-1,
#assigned_hub=1,-1,-1,-1,3,6,4,-1,-1,
#moving_targetting_pos=6,16|2,29|22,29|5,30|16,6|-1,-1|16,16|15,30|9,2|
#setting_targetting_pos=-1,-1|2,1|22,1|5,1|-1,-1|-1,-1|-1,-1|15,1|9,30|
#type=3,2,2,2,3,4,3,2,2,
LruLR.LLR
#00000000000
#assigned_pet=-1,-1,-1,-1,-1,-1,-1,-1,-1,
#assigned_hub=2,-1,7,-1,3,6,5,-1,-1,
#moving_targetting_pos=6,26|2,29|26,16|5,30|16,6|-1,-1|16,26|15,30|9,2|
#setting_targetting_pos=-1,-1|2,1|22,1|5,1|-1,-1|-1,-1|-1,-1|15,1|9,30|
#type=3,2,3,2,3,4,4,2,2,
RLD.R..LR
#00000000000
#assigned_pet=-1,-1,-1,-1,-1,-1,-1,-1,-1,
#assigned_hub=1,-1,7,-1,3,6,5,-1,-1,
#moving_targetting_pos=6,16|2,29|26,16|5,30|16,6|-1,-1|-1,-1|15,30|9,2|
#setting_targetting_pos=-1,-1|2,1|-1,-1|5,1|-1,-1|-1,-1|-1,-1|15,1|9,30|
#type=3,2,3,2,3,4,4,2,2,
LLRdR..Ll
#00000000000
#assigned_pet=-1,-1,-1,-1,-1,-1,-1,-1,-1,
#assigned_hub=2,-1,7,-1,3,6,5,-1,-1,
#moving_targetting_pos=6,26|2,29|26,16|5,30|16,6|-1,-1|-1,-1|15,30|9,2|
#setting_targetting_pos=-1,-1|2,1|-1,-1|5,1|-1,-1|-1,-1|-1,-1|15,1|9,30|
#type=3,2,3,2,3,4,4,2,2,
RdDLU...u
#00000000000
#assigned_pet=-1,-1,-1,-1,-1,-1,-1,-1,-1,
#assigned_hub=2,-1,7,-1,3,6,5,-1,-1,
#moving_targetting_pos=6,26|2,29|26,16|5,30|16,6|-1,-1|-1,-1|15,30|9,2|
#setting_targetting_pos=-1,-1|2,1|-1,-1|5,1|-1,-1|-1,-1|-1,-1|15,1|9,30|
#type=3,2,3,2,3,4,4,2,2,
ULR.U..uR
#00000000000
#assigned_pet=10,-1,-1,-1,-1,-1,10,-1,-1,
#assigned_hub=2,-1,7,-1,3,6,5,-1,-1,
#moving_targetting_pos=-1,-1|2,29|26,16|5,30|16,6|-1,-1|-1,-1|15,30|9,2|
#setting_targetting_pos=8,27|2,1|-1,-1|5,1|-1,-1|-1,-1|14,27|15,1|9,30|
#type=4,2,3,2,3,4,4,2,2,
.LDdU.RLR
#00000000000
#assigned_pet=10,-1,-1,-1,-1,-1,10,-1,-1,
#assigned_hub=2,-1,7,0,3,6,5,-1,-1,
#moving_targetting_pos=-1,-1|2,29|26,16|6,6|16,6|-1,-1|-1,-1|15,30|9,2|
#setting_targetting_pos=8,27|2,1|-1,-1|5,1|-1,-1|-1,-1|14,27|15,1|9,30|
#type=4,2,3,3,3,4,4,2,2,
.uRRU.Udd
#00000000000
#assigned_pet=-1,-1,-1,-1,-1,-1,-1,-1,-1,
#assigned_hub=2,-1,7,0,3,6,5,-1,-1,
#moving_targetting_pos=-1,-1|2,29|26,16|6,6|16,6|-1,-1|-1,-1|15,30|9,2|
#setting_targetting_pos=-1,-1|2,1|-1,-1|-1,-1|-1,-1|-1,-1|-1,-1|15,1|9,30|
#type=4,2,3,3,3,4,4,2,2,
..RRU..LR
#00000000000
#assigned_pet=-1,-1,-1,-1,-1,-1,-1,-1,-1,
#assigned_hub=2,-1,7,0,3,6,5,-1,-1,
#moving_targetting_pos=-1,-1|2,29|26,16|6,6|16,6|-1,-1|-1,-1|15,30|9,2|
#setting_targetting_pos=-1,-1|2,1|-1,-1|-1,-1|-1,-1|-1,-1|-1,-1|15,1|9,30|
#type=4,2,3,3,3,4,4,2,2,
..RRU..dl
#00000000000
#assigned_pet=-1,-1,-1,-1,-1,-1,-1,-1,-1,
#assigned_hub=2,-1,7,0,3,6,5,-1,-1,
#moving_targetting_pos=-1,-1|2,29|26,16|6,6|16,6|-1,-1|-1,-1|15,30|9,2|
#setting_targetting_pos=-1,-1|2,1|-1,-1|-1,-1|-1,-1|-1,-1|-1,-1|15,1|9,30|
#type=4,2,3,3,3,4,4,2,2,
.rRRU..LR
#01000000000
#assigned_pet=0,-1,-1,1,-1,-1,0,-1,-1,
#assigned_hub=2,1,7,0,3,6,5,-1,-1,
#moving_targetting_pos=-1,-1|6,16|26,16|-1,-1|16,6|-1,-1|-1,-1|15,30|9,2|
#setting_targetting_pos=8,25|2,1|-1,-1|4,5|-1,-1|-1,-1|14,25|15,1|9,30|
#type=4,3,3,5,3,4,4,2,2,
.DRuR.Ldu
#01000000000
#assigned_pet=0,-1,-1,3,3,-1,0,-1,-1,
#assigned_hub=2,1,7,0,3,6,5,4,-1,
#moving_targetting_pos=-1,-1|6,16|26,16|-1,-1|-1,-1|-1,-1|-1,-1|16,16|9,2|
#setting_targetting_pos=8,25|-1,-1|-1,-1|8,7|14,7|-1,-1|14,25|15,1|9,30|
#type=4,3,3,4,4,4,4,3,2,
.RRRR.LRR
#01000000000
#assigned_pet=0,-1,-1,-1,6,6,0,-1,-1,
#assigned_hub=2,1,7,0,3,6,5,4,-1,
#moving_targetting_pos=-1,-1|6,16|26,16|-1,-1|-1,-1|-1,-1|-1,-1|16,16|9,2|
#setting_targetting_pos=8,25|-1,-1|-1,-1|-1,-1|18,5|24,5|14,25|-1,-1|9,30|
#type=4,3,3,4,4,4,4,3,2,
.DR.LUURR
#11000000000
#assigned_pet=0,-1,-1,-1,6,6,0,-1,-1,
#assigned_hub=2,1,7,0,3,6,5,4,-1,
#moving_targetting_pos=-1,-1|6,16|26,16|-1,-1|-1,-1|-1,-1|-1,-1|16,16|9,2|
#setting_targetting_pos=8,25|-1,-1|-1,-1|-1,-1|18,5|24,5|14,25|-1,-1|9,30|
#type=5,3,3,4,4,4,5,3,2,
lRR..UuRl
#11000000000
#assigned_pet=10,-1,-1,-1,7,7,-1,-1,-1,
#assigned_hub=2,1,7,0,3,6,5,4,-1,
#moving_targetting_pos=-1,-1|6,16|26,16|-1,-1|-1,-1|-1,-1|-1,-1|16,16|9,2|
#setting_targetting_pos=4,27|-1,-1|-1,-1|-1,-1|18,5|24,5|-1,-1|-1,-1|9,30|
#type=4,3,3,4,4,4,4,3,2,
RDR....Rd
#11000001000
#assigned_pet=-1,-1,-1,-1,7,7,-1,-1,-1,
#assigned_hub=2,1,7,0,3,6,5,4,8,
#moving_targetting_pos=-1,-1|6,16|26,16|-1,-1|-1,-1|-1,-1|-1,-1|16,16|26,26|
#setting_targetting_pos=-1,-1|-1,-1|-1,-1|-1,-1|18,5|24,5|-1,-1|-1,-1|9,30|
#type=4,3,3,4,5,5,4,3,3,
.RR.lu.RU
#11000001000
#assigned_pet=-1,-1,-1,-1,-1,-1,-1,-1,-1,
#assigned_hub=2,1,7,0,3,6,5,4,8,
#moving_targetting_pos=-1,-1|6,16|26,16|-1,-1|-1,-1|-1,-1|-1,-1|16,16|26,26|
#setting_targetting_pos=-1,-1|-1,-1|-1,-1|-1,-1|-1,-1|-1,-1|-1,-1|-1,-1|-1,-1|
#type=4,3,3,4,4,4,4,3,3,
.RR....RL
#11000001000
#assigned_pet=-1,-1,-1,-1,-1,-1,-1,-1,-1,
#assigned_hub=2,1,7,0,3,6,5,4,8,
#moving_targetting_pos=-1,-1|6,16|26,16|-1,-1|-1,-1|-1,-1|-1,-1|16,16|26,26|
#setting_targetting_pos=-1,-1|-1,-1|-1,-1|-1,-1|-1,-1|-1,-1|-1,-1|-1,-1|-1,-1|
#type=4,3,3,4,4,4,4,3,3,
.RR....RU
#11000001000
#assigned_pet=-1,-1,-1,-1,-1,-1,-1,-1,-1,
#assigned_hub=2,1,7,0,3,6,5,4,8,
#moving_targetting_pos=-1,-1|6,16|-1,-1|-1,-1|-1,-1|-1,-1|-1,-1|16,16|26,26|
#setting_targetting_pos=-1,-1|-1,-1|-1,-1|-1,-1|-1,-1|-1,-1|-1,-1|-1,-1|-1,-1|
#type=4,3,4,4,4,4,4,3,3,
.R.....RL
#11000001000
#assigned_pet=-1,-1,-1,-1,6,6,-1,-1,-1,
#assigned_hub=2,1,7,0,3,6,5,4,8,
#moving_targetting_pos=-1,-1|6,16|-1,-1|-1,-1|-1,-1|-1,-1|-1,-1|16,16|26,26|
#setting_targetting_pos=-1,-1|-1,-1|-1,-1|-1,-1|18,7|24,7|-1,-1|-1,-1|-1,-1|
#type=4,3,4,4,4,4,4,3,3,
.R...R.RL
#11000001000
#assigned_pet=-1,-1,-1,-1,6,6,-1,-1,-1,
#assigned_hub=2,1,7,0,3,6,5,4,8,
#moving_targetting_pos=-1,-1|6,16|-1,-1|-1,-1|-1,-1|-1,-1|-1,-1|16,16|26,26|
#setting_targetting_pos=-1,-1|-1,-1|-1,-1|-1,-1|18,7|24,7|-1,-1|-1,-1|-1,-1|
#type=4,3,4,4,4,4,4,3,3,
.R...R.RD
#11000011000
#assigned_pet=-1,-1,-1,-1,6,6,-1,-1,-1,
#assigned_hub=2,1,7,0,3,6,5,4,8,
#moving_targetting_pos=-1,-1|6,16|-1,-1|-1,-1|-1,-1|-1,-1|-1,-1|16,16|26,26|
#setting_targetting_pos=-1,-1|-1,-1|-1,-1|-1,-1|18,7|24,7|-1,-1|-1,-1|-1,-1|
#type=4,3,4,4,5,5,4,3,3,
.R..ru.RD
#11000011000
#assigned_pet=-1,-1,-1,-1,-1,-1,-1,-1,-1,
#assigned_hub=2,1,7,0,3,6,5,4,8,
#moving_targetting_pos=-1,-1|6,16|-1,-1|-1,-1|-1,-1|-1,-1|-1,-1|16,16|26,26|
#setting_targetting_pos=-1,-1|-1,-1|-1,-1|-1,-1|-1,-1|-1,-1|-1,-1|-1,-1|-1,-1|
#type=4,3,4,4,4,4,4,3,3,
.R.....RD
#11000011000
#assigned_pet=-1,-1,-1,-1,-1,-1,-1,-1,-1,
#assigned_hub=2,1,7,0,3,6,5,4,8,
#moving_targetting_pos=-1,-1|6,16|-1,-1|-1,-1|-1,-1|-1,-1|-1,-1|16,16|26,26|
#setting_targetting_pos=-1,-1|-1,-1|-1,-1|-1,-1|-1,-1|-1,-1|-1,-1|-1,-1|-1,-1|
#type=4,3,4,4,4,4,4,3,3,
.R.....RD
#11000011000
#assigned_pet=-1,-1,-1,-1,-1,-1,-1,-1,-1,
#assigned_hub=2,1,7,0,3,6,5,4,8,
#moving_targetting_pos=-1,-1|6,16|-1,-1|-1,-1|-1,-1|-1,-1|-1,-1|16,16|26,26|
#setting_targetting_pos=-1,-1|-1,-1|-1,-1|-1,-1|-1,-1|-1,-1|-1,-1|-1,-1|-1,-1|
#type=4,3,4,4,4,4,4,3,3,
.R.....RD
#11000011000
#assigned_pet=-1,-1,-1,2,2,-1,-1,-1,-1,
#assigned_hub=2,1,7,0,3,6,5,4,8,
#moving_targetting_pos=-1,-1|6,16|-1,-1|-1,-1|-1,-1|-1,-1|-1,-1|-1,-1|26,26|
#setting_targetting_pos=-1,-1|-1,-1|-1,-1|8,5|14,5|-1,-1|-1,-1|-1,-1|-1,-1|
#type=4,3,4,4,4,4,4,4,3,
.R.LU...D
#11000011000
#assigned_pet=10,-1,-1,2,2,-1,-1,-1,-1,
#assigned_hub=2,1,7,0,3,6,5,4,8,
#moving_targetting_pos=-1,-1|6,16|-1,-1|-1,-1|-1,-1|-1,-1|16,26|-1,-1|26,26|
#setting_targetting_pos=5,28|-1,-1|-1,-1|8,5|14,5|-1,-1|-1,-1|-1,-1|-1,-1|
#type=4,3,4,4,4,4,4,4,3,
UR.DL...D
#11000011000
#assigned_pet=-1,8,-1,2,2,-1,-1,8,-1,
#assigned_hub=2,1,7,0,3,6,5,4,8,
#moving_targetting_pos=-1,-1|-1,-1|-1,-1|-1,-1|-1,-1|-1,-1|-1,-1|-1,-1|26,26|
#setting_targetting_pos=-1,-1|8,15|-1,-1|8,5|14,5|-1,-1|-1,-1|14,15|-1,-1|
#type=4,4,4,4,4,4,4,4,3,
.D.DU...D
#11000011000
#assigned_pet=-1,-1,9,2,2,-1,-1,-1,-1,
#assigned_hub=2,1,7,0,3,6,5,4,8,
#moving_targetting_pos=-1,-1|-1,-1|-1,-1|-1,-1|-1,-1|26,6|-1,-1|-1,-1|26,26|
#setting_targetting_pos=-1,-1|-1,-1|28,15|8,5|14,5|-1,-1|-1,-1|-1,-1|-1,-1|
#type=4,4,4,4,4,4,4,4,3,
..D.U...D
#11100011000
#assigned_pet=-1,-1,9,2,2,-1,-1,-1,-1,
#assigned_hub=2,1,7,0,3,6,5,4,8,
#moving_targetting_pos=-1,-1|-1,-1|-1,-1|-1,-1|-1,-1|-1,-1|-1,-1|-1,-1|26,26|
#setting_targetting_pos=-1,-1|-1,-1|28,15|8,5|14,5|-1,-1|-1,-1|-1,-1|-1,-1|
#type=4,4,4,5,5,4,4,4,3,
..Ddu...D
#11100011010
#assigned_pet=-1,-1,9,-1,-1,-1,-1,-1,-1,
#assigned_hub=2,1,7,0,3,6,5,4,8,
#moving_targetting_pos=-1,-1|-1,-1|-1,-1|-1,-1|-1,-1|26,6|-1,-1|-1,-1|26,26|
#setting_targetting_pos=-1,-1|-1,-1|28,15|-1,-1|-1,-1|-1,-1|-1,-1|-1,-1|-1,-1|
#type=4,4,5,4,4,4,4,4,3,
..d.....D
#11100011010
#assigned_pet=-1,-1,-1,-1,-1,-1,-1,-1,-1,
#assigned_hub=2,1,7,0,3,6,5,4,8,
#moving_targetting_pos=-1,-1|-1,-1|-1,-1|-1,-1|-1,-1|26,6|-1,-1|-1,-1|26,26|
#setting_targetting_pos=-1,-1|-1,-1|-1,-1|-1,-1|-1,-1|-1,-1|-1,-1|-1,-1|-1,-1|
#type=4,4,4,4,4,4,4,4,3,
........D
#11100011010
#assigned_pet=-1,-1,8,-1,-1,-1,-1,8,-1,
#assigned_hub=2,1,7,0,3,6,5,4,8,
#moving_targetting_pos=-1,-1|-1,-1|-1,-1|-1,-1|-1,-1|26,6|-1,-1|-1,-1|26,26|
#setting_targetting_pos=-1,-1|-1,-1|24,15|-1,-1|-1,-1|-1,-1|-1,-1|18,15|-1,-1|
#type=4,4,4,4,4,4,4,4,3,
..U....DD
#11100011010
#assigned_pet=-1,-1,8,-1,-1,-1,-1,8,-1,
#assigned_hub=2,1,7,0,3,6,5,4,8,
#moving_targetting_pos=-1,-1|-1,-1|-1,-1|-1,-1|16,6|26,6|-1,-1|-1,-1|26,26|
#setting_targetting_pos=-1,-1|-1,-1|24,15|-1,-1|-1,-1|-1,-1|-1,-1|18,15|-1,-1|
#type=4,4,4,4,4,4,4,4,3,
..U....DD
#11100011110
#assigned_pet=10,-1,8,-1,-1,-1,-1,8,-1,
#assigned_hub=2,1,7,0,3,6,5,4,8,
#moving_targetting_pos=-1,-1|6,16|-1,-1|-1,-1|16,6|26,6|-1,-1|-1,-1|26,26|
#setting_targetting_pos=4,25|-1,-1|24,15|-1,-1|-1,-1|-1,-1|-1,-1|18,15|-1,-1|
#type=4,4,5,4,4,4,4,5,3,
L.u....dD
#11100011110
#assigned_pet=-1,-1,-1,5,-1,-1,-1,-1,-1,
#assigned_hub=2,1,7,0,3,6,5,4,8,
#moving_targetting_pos=-1,-1|-1,-1|-1,-1|-1,-1|16,6|26,6|-1,-1|-1,-1|26,26|
#setting_targetting_pos=-1,-1|-1,-1|-1,-1|5,4|-1,-1|-1,-1|-1,-1|-1,-1|-1,-1|
#type=4,4,4,4,4,4,4,4,3,
...L....D
#11100011110
#assigned_pet=-1,-1,-1,5,-1,-1,-1,-1,-1,
#assigned_hub=2,1,7,0,3,6,5,4,8,
#moving_targetting_pos=-1,-1|-1,-1|26,16|-1,-1|-1,-1|26,6|-1,-1|-1,-1|26,26|
#setting_targetting_pos=-1,-1|-1,-1|-1,-1|5,4|-1,-1|-1,-1|-1,-1|-1,-1|-1,-1|
#type=4,4,4,4,4,4,4,4,3,
...U....D
#11100111110
#assigned_pet=-1,-1,-1,5,-1,-1,-1,-1,-1,
#assigned_hub=2,1,7,0,3,6,5,4,8,
#moving_targetting_pos=-1,-1|-1,-1|-1,-1|-1,-1|16,6|26,6|-1,-1|-1,-1|26,26|
#setting_targetting_pos=-1,-1|-1,-1|-1,-1|5,4|-1,-1|-1,-1|-1,-1|-1,-1|-1,-1|
#type=4,4,4,5,4,4,4,4,3,
...u....L
#11100111110
#assigned_pet=10,-1,-1,-1,-1,-1,-1,-1,4,
#assigned_hub=2,1,7,0,3,6,5,4,8,
#moving_targetting_pos=-1,-1|6,16|-1,-1|6,6|16,6|26,6|-1,-1|-1,-1|-1,-1|
#setting_targetting_pos=4,27|-1,-1|-1,-1|-1,-1|-1,-1|-1,-1|-1,-1|-1,-1|28,25|
#type=4,4,4,4,4,4,4,4,4,
R.......L
#11100111110
#assigned_pet=10,-1,3,-1,-1,-1,-1,3,4,
#assigned_hub=2,1,7,0,3,6,5,4,8,
#moving_targetting_pos=-1,-1|6,16|-1,-1|6,6|16,6|26,6|16,26|-1,-1|-1,-1|
#setting_targetting_pos=4,27|-1,-1|24,17|-1,-1|-1,-1|-1,-1|-1,-1|18,17|28,25|
#type=4,4,4,4,4,4,4,4,4,
U.R....RD
#11100111110
#assigned_pet=10,-1,3,-1,-1,-1,-1,3,4,
#assigned_hub=2,1,7,0,3,6,5,4,8,
#moving_targetting_pos=-1,-1|6,16|-1,-1|6,6|16,6|26,6|16,26|-1,-1|-1,-1|
#setting_targetting_pos=4,27|-1,-1|24,17|-1,-1|-1,-1|-1,-1|-1,-1|18,17|28,25|
#type=4,4,4,4,4,4,4,4,4,
U.R....RD
#11110111110
#assigned_pet=-1,-1,3,-1,-1,-1,-1,3,-1,
#assigned_hub=2,1,7,0,3,6,5,4,8,
#moving_targetting_pos=-1,-1|6,16|-1,-1|6,6|16,6|26,6|-1,-1|-1,-1|-1,-1|
#setting_targetting_pos=-1,-1|-1,-1|24,17|-1,-1|-1,-1|-1,-1|-1,-1|18,17|-1,-1|
#type=4,4,5,4,4,4,4,5,4,
..u....d.
#11110111110
#assigned_pet=-1,-1,-1,-1,-1,-1,-1,-1,-1,
#assigned_hub=2,1,7,0,3,6,5,4,8,
#moving_targetting_pos=-1,-1|6,16|-1,-1|6,6|16,6|26,6|-1,-1|16,16|-1,-1|
#setting_targetting_pos=-1,-1|-1,-1|-1,-1|-1,-1|-1,-1|-1,-1|-1,-1|-1,-1|-1,-1|
#type=4,4,4,4,4,4,4,4,4,
.........
#11110111110
#assigned_pet=-1,-1,-1,-1,-1,-1,-1,-1,-1,
#assigned_hub=2,1,7,0,3,6,5,4,8,
#moving_targetting_pos=-1,-1|-1,-1|-1,-1|6,6|16,6|26,6|-1,-1|16,16|-1,-1|
#setting_targetting_pos=-1,-1|-1,-1|-1,-1|-1,-1|-1,-1|-1,-1|-1,-1|-1,-1|-1,-1|
#type=4,4,4,4,4,4,4,4,4,
.........
#11110111110
#assigned_pet=-1,-1,-1,-1,-1,-1,4,-1,4,
#assigned_hub=2,1,7,0,3,6,5,4,8,
#moving_targetting_pos=-1,-1|6,16|-1,-1|6,6|16,6|26,6|-1,-1|16,16|-1,-1|
#setting_targetting_pos=-1,-1|-1,-1|-1,-1|-1,-1|-1,-1|-1,-1|18,25|-1,-1|24,25|
#type=4,4,4,4,4,4,4,4,4,
......D.U
#11110111110
#assigned_pet=-1,-1,-1,-1,-1,-1,4,-1,4,
#assigned_hub=2,1,7,0,3,6,5,4,8,
#moving_targetting_pos=-1,-1|6,16|-1,-1|6,6|16,6|26,6|-1,-1|-1,-1|-1,-1|
#setting_targetting_pos=-1,-1|-1,-1|-1,-1|-1,-1|-1,-1|-1,-1|18,25|-1,-1|24,25|
#type=4,4,4,4,4,4,4,4,4,
......D..
#11111111110
#assigned_pet=-1,-1,-1,-1,-1,-1,4,-1,4,
#assigned_hub=2,1,7,0,3,6,5,4,8,
#moving_targetting_pos=-1,-1|6,16|-1,-1|6,6|16,6|26,6|-1,-1|-1,-1|-1,-1|
#setting_targetting_pos=-1,-1|-1,-1|-1,-1|-1,-1|-1,-1|-1,-1|18,25|-1,-1|24,25|
#type=4,4,4,4,4,4,5,4,5,
......d.u
#11111111110
#assigned_pet=-1,-1,-1,-1,-1,-1,-1,-1,-1,
#assigned_hub=2,1,7,0,3,6,5,4,8,
#moving_targetting_pos=-1,-1|6,16|26,16|6,6|16,6|26,6|16,26|16,16|26,26|
#setting_targetting_pos=-1,-1|-1,-1|-1,-1|-1,-1|-1,-1|-1,-1|-1,-1|-1,-1|-1,-1|
#type=4,4,4,4,4,4,4,4,4,
.........
#11111111110
#assigned_pet=-1,-1,-1,-1,-1,-1,-1,-1,-1,
#assigned_hub=2,1,7,0,3,6,5,4,8,
#moving_targetting_pos=-1,-1|6,16|26,16|6,6|16,6|26,6|16,26|16,16|26,26|
#setting_targetting_pos=-1,-1|-1,-1|-1,-1|-1,-1|-1,-1|-1,-1|-1,-1|-1,-1|-1,-1|
#type=4,4,4,4,4,4,4,4,4,
.........
#11111111110
#assigned_pet=-1,-1,-1,-1,-1,-1,-1,-1,-1,
#assigned_hub=2,1,7,0,3,6,5,4,8,
#moving_targetting_pos=-1,-1|-1,-1|26,16|6,6|16,6|26,6|16,26|16,16|26,26|
#setting_targetting_pos=-1,-1|-1,-1|-1,-1|-1,-1|-1,-1|-1,-1|-1,-1|-1,-1|-1,-1|
#type=4,4,4,4,4,4,4,4,4,
.........
#11111111110
#assigned_pet=-1,-1,-1,-1,-1,-1,-1,-1,-1,
#assigned_hub=2,1,7,0,3,6,5,4,8,
#moving_targetting_pos=-1,-1|6,16|26,16|6,6|16,6|26,6|16,26|16,16|26,26|
#setting_targetting_pos=-1,-1|-1,-1|-1,-1|-1,-1|-1,-1|-1,-1|-1,-1|-1,-1|-1,-1|
#type=4,4,4,4,4,4,4,4,4,
.........
#11111111110
#assigned_pet=-1,-1,-1,-1,-1,-1,-1,-1,-1,
#assigned_hub=2,1,7,0,3,6,5,4,8,
#moving_targetting_pos=-1,-1|6,16|26,16|6,6|16,6|26,6|16,26|16,16|26,26|
#setting_targetting_pos=-1,-1|-1,-1|-1,-1|-1,-1|-1,-1|-1,-1|-1,-1|-1,-1|-1,-1|
#type=4,4,4,4,4,4,4,4,4,
.........
#11111111110
#assigned_pet=-1,-1,-1,-1,-1,-1,-1,-1,-1,
#assigned_hub=2,1,7,0,3,6,5,4,8,
#moving_targetting_pos=-1,-1|6,16|26,16|6,6|16,6|26,6|16,26|16,16|26,26|
#setting_targetting_pos=-1,-1|-1,-1|-1,-1|-1,-1|-1,-1|-1,-1|-1,-1|-1,-1|-1,-1|
#type=4,4,4,4,4,4,4,4,4,
.........
#11111111110
#assigned_pet=-1,-1,-1,-1,-1,-1,-1,-1,-1,
#assigned_hub=2,1,7,0,3,6,5,4,8,
#moving_targetting_pos=-1,-1|-1,-1|26,16|6,6|16,6|26,6|16,26|16,16|26,26|
#setting_targetting_pos=-1,-1|-1,-1|-1,-1|-1,-1|-1,-1|-1,-1|-1,-1|-1,-1|-1,-1|
#type=4,4,4,4,4,4,4,4,4,
.........
#11111111110
#assigned_pet=10,10,-1,-1,-1,-1,-1,-1,-1,
#assigned_hub=2,1,7,0,3,6,5,4,8,
#moving_targetting_pos=-1,-1|-1,-1|26,16|6,6|16,6|26,6|16,26|16,16|26,26|
#setting_targetting_pos=5,24|5,18|-1,-1|-1,-1|-1,-1|-1,-1|-1,-1|-1,-1|-1,-1|
#type=4,4,4,4,4,4,4,4,4,
LR.......
#11111111110
#assigned_pet=-1,-1,-1,-1,-1,-1,-1,-1,-1,
#assigned_hub=2,1,7,0,3,6,5,4,8,
#moving_targetting_pos=-1,-1|-1,-1|26,16|6,6|16,6|26,6|16,26|16,16|26,26|
#setting_targetting_pos=-1,-1|-1,-1|-1,-1|-1,-1|-1,-1|-1,-1|-1,-1|-1,-1|-1,-1|
#type=4,4,4,4,4,4,4,4,4,
.........
#11111111110
#assigned_pet=-1,-1,-1,-1,-1,-1,-1,-1,-1,
#assigned_hub=2,1,7,0,3,6,5,4,8,
#moving_targetting_pos=-1,-1|-1,-1|26,16|6,6|16,6|26,6|-1,-1|16,16|26,26|
#setting_targetting_pos=-1,-1|-1,-1|-1,-1|-1,-1|-1,-1|-1,-1|-1,-1|-1,-1|-1,-1|
#type=4,4,4,4,4,4,4,4,4,
.........
#11111111110
#assigned_pet=-1,-1,-1,-1,-1,-1,-1,-1,-1,
#assigned_hub=2,1,7,0,3,6,5,4,8,
#moving_targetting_pos=-1,-1|6,16|26,16|6,6|16,6|26,6|-1,-1|16,16|26,26|
#setting_targetting_pos=-1,-1|-1,-1|-1,-1|-1,-1|-1,-1|-1,-1|-1,-1|-1,-1|-1,-1|
#type=4,4,4,4,4,4,4,4,4,
.........
#11111111110
#assigned_pet=-1,-1,-1,-1,-1,-1,-1,-1,-1,
#assigned_hub=2,1,7,0,3,6,5,4,8,
#moving_targetting_pos=-1,-1|-1,-1|26,16|6,6|16,6|26,6|-1,-1|16,16|26,26|
#setting_targetting_pos=-1,-1|-1,-1|-1,-1|-1,-1|-1,-1|-1,-1|-1,-1|-1,-1|-1,-1|
#type=4,4,4,4,4,4,4,4,4,
.........
#11111111110
#assigned_pet=-1,-1,-1,-1,-1,-1,-1,-1,-1,
#assigned_hub=2,1,7,0,3,6,5,4,8,
#moving_targetting_pos=-1,-1|-1,-1|26,16|6,6|16,6|26,6|16,26|16,16|26,26|
#setting_targetting_pos=-1,-1|-1,-1|-1,-1|-1,-1|-1,-1|-1,-1|-1,-1|-1,-1|-1,-1|
#type=4,4,4,4,4,4,4,4,4,
.........
#11111111110
#assigned_pet=10,10,-1,-1,-1,-1,-1,-1,-1,
#assigned_hub=2,1,7,0,3,6,5,4,8,
#moving_targetting_pos=-1,-1|-1,-1|26,16|6,6|16,6|26,6|16,26|16,16|26,26|
#setting_targetting_pos=5,24|5,18|-1,-1|-1,-1|-1,-1|-1,-1|-1,-1|-1,-1|-1,-1|
#type=4,4,4,4,4,4,4,4,4,
LR.......
#11111111110
#assigned_pet=10,10,-1,-1,-1,-1,-1,-1,-1,
#assigned_hub=2,1,7,0,3,6,5,4,8,
#moving_targetting_pos=-1,-1|-1,-1|26,16|6,6|16,6|26,6|16,26|16,16|26,26|
#setting_targetting_pos=5,24|5,18|-1,-1|-1,-1|-1,-1|-1,-1|-1,-1|-1,-1|-1,-1|
#type=4,4,4,4,4,4,4,4,4,
.R.......
#11111111110
#assigned_pet=-1,-1,-1,-1,-1,-1,-1,-1,-1,
#assigned_hub=2,1,7,0,3,6,5,4,8,
#moving_targetting_pos=-1,-1|-1,-1|26,16|6,6|16,6|26,6|16,26|16,16|26,26|
#setting_targetting_pos=-1,-1|-1,-1|-1,-1|-1,-1|-1,-1|-1,-1|-1,-1|-1,-1|-1,-1|
#type=4,4,4,4,4,4,4,4,4,
.........
#11111111110
#assigned_pet=-1,-1,-1,-1,-1,-1,-1,-1,-1,
#assigned_hub=2,1,7,0,3,6,5,4,8,
#moving_targetting_pos=-1,-1|-1,-1|26,16|6,6|16,6|26,6|16,26|16,16|26,26|
#setting_targetting_pos=-1,-1|-1,-1|-1,-1|-1,-1|-1,-1|-1,-1|-1,-1|-1,-1|-1,-1|
#type=4,4,4,4,4,4,4,4,4,
.........
#11111111110
#assigned_pet=10,-1,-1,-1,-1,-1,-1,-1,-1,
#assigned_hub=2,1,7,0,3,6,5,4,8,
#moving_targetting_pos=-1,-1|-1,-1|26,16|6,6|16,6|26,6|16,26|16,16|26,26|
#setting_targetting_pos=4,27|-1,-1|-1,-1|-1,-1|-1,-1|-1,-1|-1,-1|-1,-1|-1,-1|
#type=4,4,4,4,4,4,4,4,4,
R........
#11111111110
#assigned_pet=10,-1,-1,-1,-1,-1,-1,-1,-1,
#assigned_hub=2,1,7,0,3,6,5,4,8,
#moving_targetting_pos=-1,-1|6,16|26,16|6,6|16,6|26,6|16,26|16,16|26,26|
#setting_targetting_pos=4,27|-1,-1|-1,-1|-1,-1|-1,-1|-1,-1|-1,-1|-1,-1|-1,-1|
#type=4,4,4,4,4,4,4,4,4,
R........
#11111111111
#assigned_pet=10,-1,-1,-1,-1,-1,-1,-1,-1,
#assigned_hub=2,1,7,0,3,6,5,4,8,
#moving_targetting_pos=-1,-1|6,16|26,16|6,6|16,6|26,6|16,26|16,16|26,26|
#setting_targetting_pos=4,27|-1,-1|-1,-1|-1,-1|-1,-1|-1,-1|-1,-1|-1,-1|-1,-1|
#type=5,4,4,4,4,4,4,4,4,
u........
#11111111111
#assigned_pet=-1,-1,-1,-1,-1,-1,-1,-1,-1,
#assigned_hub=2,1,7,0,3,6,5,4,8,
#moving_targetting_pos=6,26|6,16|26,16|6,6|16,6|26,6|16,26|16,16|26,26|
#setting_targetting_pos=-1,-1|-1,-1|-1,-1|-1,-1|-1,-1|-1,-1|-1,-1|-1,-1|-1,-1|
#type=4,4,4,4,4,4,4,4,4,
.........
#11111111111
#assigned_pet=-1,-1,-1,-1,-1,-1,-1,-1,-1,
#assigned_hub=2,1,7,0,3,6,5,4,8,
#moving_targetting_pos=6,26|6,16|26,16|6,6|16,6|26,6|16,26|16,16|26,26|
#setting_targetting_pos=-1,-1|-1,-1|-1,-1|-1,-1|-1,-1|-1,-1|-1,-1|-1,-1|-1,-1|
#type=4,4,4,4,4,4,4,4,4,
.........
#11111111111
#assigned_pet=-1,-1,-1,-1,-1,-1,-1,-1,-1,
#assigned_hub=2,1,7,0,3,6,5,4,8,
#moving_targetting_pos=6,26|6,16|26,16|6,6|16,6|26,6|16,26|16,16|26,26|
#setting_targetting_pos=-1,-1|-1,-1|-1,-1|-1,-1|-1,-1|-1,-1|-1,-1|-1,-1|-1,-1|
#type=4,4,4,4,4,4,4,4,4,
.........
#11111111111
#assigned_pet=-1,-1,-1,-1,-1,-1,-1,-1,-1,
#assigned_hub=2,1,7,0,3,6,5,4,8,
#moving_targetting_pos=6,26|6,16|26,16|6,6|16,6|26,6|16,26|16,16|26,26|
#setting_targetting_pos=-1,-1|-1,-1|-1,-1|-1,-1|-1,-1|-1,-1|-1,-1|-1,-1|-1,-1|
#type=4,4,4,4,4,4,4,4,4,
.........
#11111111111
#assigned_pet=-1,-1,-1,-1,-1,-1,-1,-1,-1,
#assigned_hub=2,1,7,0,3,6,5,4,8,
#moving_targetting_pos=6,26|6,16|26,16|6,6|16,6|26,6|16,26|16,16|26,26|
#setting_targetting_pos=-1,-1|-1,-1|-1,-1|-1,-1|-1,-1|-1,-1|-1,-1|-1,-1|-1,-1|
#type=4,4,4,4,4,4,4,4,4,
.........
#11111111111
#assigned_pet=-1,-1,-1,-1,-1,-1,-1,-1,-1,
#assigned_hub=2,1,7,0,3,6,5,4,8,
#moving_targetting_pos=6,26|6,16|26,16|6,6|16,6|26,6|16,26|16,16|26,26|
#setting_targetting_pos=-1,-1|-1,-1|-1,-1|-1,-1|-1,-1|-1,-1|-1,-1|-1,-1|-1,-1|
#type=4,4,4,4,4,4,4,4,4,
.........
#11111111111
#assigned_pet=-1,-1,-1,-1,-1,-1,-1,-1,-1,
#assigned_hub=2,1,7,0,3,6,5,4,8,
#moving_targetting_pos=6,26|6,16|26,16|6,6|16,6|26,6|16,26|16,16|26,26|
#setting_targetting_pos=-1,-1|-1,-1|-1,-1|-1,-1|-1,-1|-1,-1|-1,-1|-1,-1|-1,-1|
#type=4,4,4,4,4,4,4,4,4,
.........
#11111111111
#assigned_pet=-1,-1,-1,-1,-1,-1,-1,-1,-1,
#assigned_hub=2,1,7,0,3,6,5,4,8,
#moving_targetting_pos=6,26|6,16|26,16|6,6|16,6|26,6|16,26|16,16|26,26|
#setting_targetting_pos=-1,-1|-1,-1|-1,-1|-1,-1|-1,-1|-1,-1|-1,-1|-1,-1|-1,-1|
#type=4,4,4,4,4,4,4,4,4,
.........
#11111111111
#assigned_pet=-1,-1,-1,-1,-1,-1,-1,-1,-1,
#assigned_hub=2,1,7,0,3,6,5,4,8,
#moving_targetting_pos=6,26|6,16|26,16|6,6|16,6|26,6|16,26|16,16|26,26|
#setting_targetting_pos=-1,-1|-1,-1|-1,-1|-1,-1|-1,-1|-1,-1|-1,-1|-1,-1|-1,-1|
#type=4,4,4,4,4,4,4,4,4,
.........
#11111111111
#assigned_pet=-1,-1,-1,-1,-1,-1,-1,-1,-1,
#assigned_hub=2,1,7,0,3,6,5,4,8,
#moving_targetting_pos=6,26|6,16|26,16|6,6|16,6|26,6|16,26|16,16|26,26|
#setting_targetting_pos=-1,-1|-1,-1|-1,-1|-1,-1|-1,-1|-1,-1|-1,-1|-1,-1|-1,-1|
#type=4,4,4,4,4,4,4,4,4,
.........
#11111111111
#assigned_pet=-1,-1,-1,-1,-1,-1,-1,-1,-1,
#assigned_hub=2,1,7,0,3,6,5,4,8,
#moving_targetting_pos=6,26|6,16|26,16|6,6|16,6|26,6|16,26|16,16|26,26|
#setting_targetting_pos=-1,-1|-1,-1|-1,-1|-1,-1|-1,-1|-1,-1|-1,-1|-1,-1|-1,-1|
#type=4,4,4,4,4,4,4,4,4,
.........
#11111111111
#assigned_pet=-1,-1,-1,-1,-1,-1,-1,-1,-1,
#assigned_hub=2,1,7,0,3,6,5,4,8,
#moving_targetting_pos=6,26|6,16|26,16|6,6|16,6|26,6|16,26|16,16|26,26|
#setting_targetting_pos=-1,-1|-1,-1|-1,-1|-1,-1|-1,-1|-1,-1|-1,-1|-1,-1|-1,-1|
#type=4,4,4,4,4,4,4,4,4,
.........
#11111111111
#assigned_pet=-1,-1,-1,-1,-1,-1,-1,-1,-1,
#assigned_hub=2,1,7,0,3,6,5,4,8,
#moving_targetting_pos=6,26|6,16|26,16|6,6|16,6|26,6|16,26|16,16|26,26|
#setting_targetting_pos=-1,-1|-1,-1|-1,-1|-1,-1|-1,-1|-1,-1|-1,-1|-1,-1|-1,-1|
#type=4,4,4,4,4,4,4,4,4,
.........
#11111111111
#assigned_pet=-1,-1,-1,-1,-1,-1,-1,-1,-1,
#assigned_hub=2,1,7,0,3,6,5,4,8,
#moving_targetting_pos=6,26|6,16|26,16|6,6|16,6|26,6|16,26|16,16|26,26|
#setting_targetting_pos=-1,-1|-1,-1|-1,-1|-1,-1|-1,-1|-1,-1|-1,-1|-1,-1|-1,-1|
#type=4,4,4,4,4,4,4,4,4,
.........
#11111111111
#assigned_pet=-1,-1,-1,-1,-1,-1,-1,-1,-1,
#assigned_hub=2,1,7,0,3,6,5,4,8,
#moving_targetting_pos=6,26|6,16|26,16|6,6|16,6|26,6|16,26|16,16|26,26|
#setting_targetting_pos=-1,-1|-1,-1|-1,-1|-1,-1|-1,-1|-1,-1|-1,-1|-1,-1|-1,-1|
#type=4,4,4,4,4,4,4,4,4,
.........
#11111111111
#assigned_pet=-1,-1,-1,-1,-1,-1,-1,-1,-1,
#assigned_hub=2,1,7,0,3,6,5,4,8,
#moving_targetting_pos=6,26|6,16|26,16|6,6|16,6|26,6|16,26|16,16|26,26|
#setting_targetting_pos=-1,-1|-1,-1|-1,-1|-1,-1|-1,-1|-1,-1|-1,-1|-1,-1|-1,-1|
#type=4,4,4,4,4,4,4,4,4,
.........
#11111111111
#assigned_pet=-1,-1,-1,-1,-1,-1,-1,-1,-1,
#assigned_hub=2,1,7,0,3,6,5,4,8,
#moving_targetting_pos=6,26|6,16|26,16|6,6|16,6|26,6|16,26|16,16|26,26|
#setting_targetting_pos=-1,-1|-1,-1|-1,-1|-1,-1|-1,-1|-1,-1|-1,-1|-1,-1|-1,-1|
#type=4,4,4,4,4,4,4,4,4,
.........
#11111111111
#assigned_pet=-1,-1,-1,-1,-1,-1,-1,-1,-1,
#assigned_hub=2,1,7,0,3,6,5,4,8,
#moving_targetting_pos=6,26|6,16|26,16|6,6|16,6|26,6|16,26|16,16|26,26|
#setting_targetting_pos=-1,-1|-1,-1|-1,-1|-1,-1|-1,-1|-1,-1|-1,-1|-1,-1|-1,-1|
#type=4,4,4,4,4,4,4,4,4,
.........
#11111111111
#assigned_pet=-1,-1,-1,-1,-1,-1,-1,-1,-1,
#assigned_hub=2,1,7,0,3,6,5,4,8,
#moving_targetting_pos=6,26|6,16|26,16|6,6|16,6|26,6|16,26|16,16|26,26|
#setting_targetting_pos=-1,-1|-1,-1|-1,-1|-1,-1|-1,-1|-1,-1|-1,-1|-1,-1|-1,-1|
#type=4,4,4,4,4,4,4,4,4,
.........
#11111111111
#assigned_pet=-1,-1,-1,-1,-1,-1,-1,-1,-1,
#assigned_hub=2,1,7,0,3,6,5,4,8,
#moving_targetting_pos=6,26|6,16|26,16|6,6|16,6|26,6|16,26|16,16|26,26|
#setting_targetting_pos=-1,-1|-1,-1|-1,-1|-1,-1|-1,-1|-1,-1|-1,-1|-1,-1|-1,-1|
#type=4,4,4,4,4,4,4,4,4,
.........
#11111111111
#assigned_pet=-1,-1,-1,-1,-1,-1,-1,-1,-1,
#assigned_hub=2,1,7,0,3,6,5,4,8,
#moving_targetting_pos=6,26|6,16|26,16|6,6|16,6|26,6|16,26|16,16|26,26|
#setting_targetting_pos=-1,-1|-1,-1|-1,-1|-1,-1|-1,-1|-1,-1|-1,-1|-1,-1|-1,-1|
#type=4,4,4,4,4,4,4,4,4,
.........
#11111111111
#assigned_pet=-1,-1,-1,-1,-1,-1,-1,-1,-1,
#assigned_hub=2,1,7,0,3,6,5,4,8,
#moving_targetting_pos=6,26|6,16|26,16|6,6|16,6|26,6|16,26|16,16|26,26|
#setting_targetting_pos=-1,-1|-1,-1|-1,-1|-1,-1|-1,-1|-1,-1|-1,-1|-1,-1|-1,-1|
#type=4,4,4,4,4,4,4,4,4,
.........
#11111111111
#assigned_pet=-1,-1,-1,-1,-1,-1,-1,-1,-1,
#assigned_hub=2,1,7,0,3,6,5,4,8,
#moving_targetting_pos=6,26|6,16|26,16|6,6|16,6|26,6|16,26|16,16|26,26|
#setting_targetting_pos=-1,-1|-1,-1|-1,-1|-1,-1|-1,-1|-1,-1|-1,-1|-1,-1|-1,-1|
#type=4,4,4,4,4,4,4,4,4,
.........
#11111111111
#assigned_pet=-1,-1,-1,-1,-1,-1,-1,-1,-1,
#assigned_hub=2,1,7,0,3,6,5,4,8,
#moving_targetting_pos=6,26|6,16|26,16|6,6|16,6|26,6|16,26|16,16|26,26|
#setting_targetting_pos=-1,-1|-1,-1|-1,-1|-1,-1|-1,-1|-1,-1|-1,-1|-1,-1|-1,-1|
#type=4,4,4,4,4,4,4,4,4,
.........
#11111111111
#assigned_pet=-1,-1,-1,-1,-1,-1,-1,-1,-1,
#assigned_hub=2,1,7,0,3,6,5,4,8,
#moving_targetting_pos=6,26|6,16|26,16|6,6|16,6|26,6|16,26|16,16|26,26|
#setting_targetting_pos=-1,-1|-1,-1|-1,-1|-1,-1|-1,-1|-1,-1|-1,-1|-1,-1|-1,-1|
#type=4,4,4,4,4,4,4,4,4,
.........
#11111111111
#assigned_pet=-1,-1,-1,-1,-1,-1,-1,-1,-1,
#assigned_hub=2,1,7,0,3,6,5,4,8,
#moving_targetting_pos=6,26|6,16|26,16|6,6|16,6|26,6|16,26|16,16|26,26|
#setting_targetting_pos=-1,-1|-1,-1|-1,-1|-1,-1|-1,-1|-1,-1|-1,-1|-1,-1|-1,-1|
#type=4,4,4,4,4,4,4,4,4,
.........
#11111111111
#assigned_pet=-1,-1,-1,-1,-1,-1,-1,-1,-1,
#assigned_hub=2,1,7,0,3,6,5,4,8,
#moving_targetting_pos=6,26|6,16|26,16|6,6|16,6|26,6|16,26|16,16|26,26|
#setting_targetting_pos=-1,-1|-1,-1|-1,-1|-1,-1|-1,-1|-1,-1|-1,-1|-1,-1|-1,-1|
#type=4,4,4,4,4,4,4,4,4,
.........
#11111111111
#assigned_pet=-1,-1,-1,-1,-1,-1,-1,-1,-1,
#assigned_hub=2,1,7,0,3,6,5,4,8,
#moving_targetting_pos=6,26|6,16|26,16|6,6|16,6|26,6|16,26|16,16|26,26|
#setting_targetting_pos=-1,-1|-1,-1|-1,-1|-1,-1|-1,-1|-1,-1|-1,-1|-1,-1|-1,-1|
#type=4,4,4,4,4,4,4,4,4,
.........
#11111111111
#assigned_pet=-1,-1,-1,-1,-1,-1,-1,-1,-1,
#assigned_hub=2,1,7,0,3,6,5,4,8,
#moving_targetting_pos=6,26|6,16|26,16|6,6|16,6|26,6|16,26|16,16|26,26|
#setting_targetting_pos=-1,-1|-1,-1|-1,-1|-1,-1|-1,-1|-1,-1|-1,-1|-1,-1|-1,-1|
#type=4,4,4,4,4,4,4,4,4,
.........
#11111111111
#assigned_pet=-1,-1,-1,-1,-1,-1,-1,-1,-1,
#assigned_hub=2,1,7,0,3,6,5,4,8,
#moving_targetting_pos=6,26|6,16|26,16|6,6|16,6|26,6|16,26|16,16|26,26|
#setting_targetting_pos=-1,-1|-1,-1|-1,-1|-1,-1|-1,-1|-1,-1|-1,-1|-1,-1|-1,-1|
#type=4,4,4,4,4,4,4,4,4,
.........
#11111111111
#assigned_pet=-1,-1,-1,-1,-1,-1,-1,-1,-1,
#assigned_hub=2,1,7,0,3,6,5,4,8,
#moving_targetting_pos=6,26|6,16|26,16|6,6|16,6|26,6|16,26|16,16|26,26|
#setting_targetting_pos=-1,-1|-1,-1|-1,-1|-1,-1|-1,-1|-1,-1|-1,-1|-1,-1|-1,-1|
#type=4,4,4,4,4,4,4,4,4,
.........
#11111111111
#assigned_pet=-1,-1,-1,-1,-1,-1,-1,-1,-1,
#assigned_hub=2,1,7,0,3,6,5,4,8,
#moving_targetting_pos=6,26|6,16|26,16|6,6|16,6|26,6|16,26|16,16|26,26|
#setting_targetting_pos=-1,-1|-1,-1|-1,-1|-1,-1|-1,-1|-1,-1|-1,-1|-1,-1|-1,-1|
#type=4,4,4,4,4,4,4,4,4,
.........
#11111111111
#assigned_pet=-1,-1,-1,-1,-1,-1,-1,-1,-1,
#assigned_hub=2,1,7,0,3,6,5,4,8,
#moving_targetting_pos=6,26|6,16|26,16|6,6|16,6|26,6|16,26|16,16|26,26|
#setting_targetting_pos=-1,-1|-1,-1|-1,-1|-1,-1|-1,-1|-1,-1|-1,-1|-1,-1|-1,-1|
#type=4,4,4,4,4,4,4,4,4,
.........
#11111111111
#assigned_pet=-1,-1,-1,-1,-1,-1,-1,-1,-1,
#assigned_hub=2,1,7,0,3,6,5,4,8,
#moving_targetting_pos=6,26|6,16|26,16|6,6|16,6|26,6|16,26|16,16|26,26|
#setting_targetting_pos=-1,-1|-1,-1|-1,-1|-1,-1|-1,-1|-1,-1|-1,-1|-1,-1|-1,-1|
#type=4,4,4,4,4,4,4,4,4,
.........
#11111111111
#assigned_pet=-1,-1,-1,-1,-1,-1,-1,-1,-1,
#assigned_hub=2,1,7,0,3,6,5,4,8,
#moving_targetting_pos=6,26|6,16|26,16|6,6|16,6|26,6|16,26|16,16|26,26|
#setting_targetting_pos=-1,-1|-1,-1|-1,-1|-1,-1|-1,-1|-1,-1|-1,-1|-1,-1|-1,-1|
#type=4,4,4,4,4,4,4,4,4,
.........
#11111111111
#assigned_pet=-1,-1,-1,-1,-1,-1,-1,-1,-1,
#assigned_hub=2,1,7,0,3,6,5,4,8,
#moving_targetting_pos=6,26|6,16|26,16|6,6|16,6|26,6|16,26|16,16|26,26|
#setting_targetting_pos=-1,-1|-1,-1|-1,-1|-1,-1|-1,-1|-1,-1|-1,-1|-1,-1|-1,-1|
#type=4,4,4,4,4,4,4,4,4,
.........
#11111111111
#assigned_pet=-1,-1,-1,-1,-1,-1,-1,-1,-1,
#assigned_hub=2,1,7,0,3,6,5,4,8,
#moving_targetting_pos=6,26|6,16|26,16|6,6|16,6|26,6|16,26|16,16|26,26|
#setting_targetting_pos=-1,-1|-1,-1|-1,-1|-1,-1|-1,-1|-1,-1|-1,-1|-1,-1|-1,-1|
#type=4,4,4,4,4,4,4,4,4,
.........
#11111111111
#assigned_pet=-1,-1,-1,-1,-1,-1,-1,-1,-1,
#assigned_hub=2,1,7,0,3,6,5,4,8,
#moving_targetting_pos=6,26|6,16|26,16|6,6|16,6|26,6|16,26|16,16|26,26|
#setting_targetting_pos=-1,-1|-1,-1|-1,-1|-1,-1|-1,-1|-1,-1|-1,-1|-1,-1|-1,-1|
#type=4,4,4,4,4,4,4,4,4,
.........
#11111111111
#assigned_pet=-1,-1,-1,-1,-1,-1,-1,-1,-1,
#assigned_hub=2,1,7,0,3,6,5,4,8,
#moving_targetting_pos=6,26|6,16|26,16|6,6|16,6|26,6|16,26|16,16|26,26|
#setting_targetting_pos=-1,-1|-1,-1|-1,-1|-1,-1|-1,-1|-1,-1|-1,-1|-1,-1|-1,-1|
#type=4,4,4,4,4,4,4,4,4,
.........
#11111111111
#assigned_pet=-1,-1,-1,-1,-1,-1,-1,-1,-1,
#assigned_hub=2,1,7,0,3,6,5,4,8,
#moving_targetting_pos=6,26|6,16|26,16|6,6|16,6|26,6|16,26|16,16|26,26|
#setting_targetting_pos=-1,-1|-1,-1|-1,-1|-1,-1|-1,-1|-1,-1|-1,-1|-1,-1|-1,-1|
#type=4,4,4,4,4,4,4,4,4,
.........
#11111111111
#assigned_pet=-1,-1,-1,-1,-1,-1,-1,-1,-1,
#assigned_hub=2,1,7,0,3,6,5,4,8,
#moving_targetting_pos=6,26|6,16|26,16|6,6|16,6|26,6|16,26|16,16|26,26|
#setting_targetting_pos=-1,-1|-1,-1|-1,-1|-1,-1|-1,-1|-1,-1|-1,-1|-1,-1|-1,-1|
#type=4,4,4,4,4,4,4,4,4,
.........
#11111111111
#assigned_pet=-1,-1,-1,-1,-1,-1,-1,-1,-1,
#assigned_hub=2,1,7,0,3,6,5,4,8,
#moving_targetting_pos=6,26|6,16|26,16|6,6|16,6|26,6|16,26|16,16|26,26|
#setting_targetting_pos=-1,-1|-1,-1|-1,-1|-1,-1|-1,-1|-1,-1|-1,-1|-1,-1|-1,-1|
#type=4,4,4,4,4,4,4,4,4,
.........
#11111111111
#assigned_pet=-1,-1,-1,-1,-1,-1,-1,-1,-1,
#assigned_hub=2,1,7,0,3,6,5,4,8,
#moving_targetting_pos=6,26|6,16|26,16|6,6|16,6|26,6|16,26|16,16|26,26|
#setting_targetting_pos=-1,-1|-1,-1|-1,-1|-1,-1|-1,-1|-1,-1|-1,-1|-1,-1|-1,-1|
#type=4,4,4,4,4,4,4,4,4,
.........
#11111111111
#assigned_pet=-1,-1,-1,-1,-1,-1,-1,-1,-1,
#assigned_hub=2,1,7,0,3,6,5,4,8,
#moving_targetting_pos=6,26|6,16|26,16|6,6|16,6|26,6|16,26|16,16|26,26|
#setting_targetting_pos=-1,-1|-1,-1|-1,-1|-1,-1|-1,-1|-1,-1|-1,-1|-1,-1|-1,-1|
#type=4,4,4,4,4,4,4,4,4,
.........
#11111111111
#assigned_pet=-1,-1,-1,-1,-1,-1,-1,-1,-1,
#assigned_hub=2,1,7,0,3,6,5,4,8,
#moving_targetting_pos=6,26|6,16|26,16|6,6|16,6|26,6|16,26|16,16|26,26|
#setting_targetting_pos=-1,-1|-1,-1|-1,-1|-1,-1|-1,-1|-1,-1|-1,-1|-1,-1|-1,-1|
#type=4,4,4,4,4,4,4,4,4,
.........
#11111111111
#assigned_pet=-1,-1,-1,-1,-1,-1,-1,-1,-1,
#assigned_hub=2,1,7,0,3,6,5,4,8,
#moving_targetting_pos=6,26|6,16|26,16|6,6|16,6|26,6|16,26|16,16|26,26|
#setting_targetting_pos=-1,-1|-1,-1|-1,-1|-1,-1|-1,-1|-1,-1|-1,-1|-1,-1|-1,-1|
#type=4,4,4,4,4,4,4,4,4,
.........
#11111111111
#assigned_pet=-1,-1,-1,-1,-1,-1,-1,-1,-1,
#assigned_hub=2,1,7,0,3,6,5,4,8,
#moving_targetting_pos=6,26|6,16|26,16|6,6|16,6|26,6|16,26|16,16|26,26|
#setting_targetting_pos=-1,-1|-1,-1|-1,-1|-1,-1|-1,-1|-1,-1|-1,-1|-1,-1|-1,-1|
#type=4,4,4,4,4,4,4,4,4,
.........
#11111111111
#assigned_pet=-1,-1,-1,-1,-1,-1,-1,-1,-1,
#assigned_hub=2,1,7,0,3,6,5,4,8,
#moving_targetting_pos=6,26|6,16|26,16|6,6|16,6|26,6|16,26|16,16|26,26|
#setting_targetting_pos=-1,-1|-1,-1|-1,-1|-1,-1|-1,-1|-1,-1|-1,-1|-1,-1|-1,-1|
#type=4,4,4,4,4,4,4,4,4,
.........
#11111111111
#assigned_pet=-1,-1,-1,-1,-1,-1,-1,-1,-1,
#assigned_hub=2,1,7,0,3,6,5,4,8,
#moving_targetting_pos=6,26|6,16|26,16|6,6|16,6|26,6|16,26|16,16|26,26|
#setting_targetting_pos=-1,-1|-1,-1|-1,-1|-1,-1|-1,-1|-1,-1|-1,-1|-1,-1|-1,-1|
#type=4,4,4,4,4,4,4,4,4,
.........
#11111111111
#assigned_pet=-1,-1,-1,-1,-1,-1,-1,-1,-1,
#assigned_hub=2,1,7,0,3,6,5,4,8,
#moving_targetting_pos=6,26|6,16|26,16|6,6|16,6|26,6|16,26|16,16|26,26|
#setting_targetting_pos=-1,-1|-1,-1|-1,-1|-1,-1|-1,-1|-1,-1|-1,-1|-1,-1|-1,-1|
#type=4,4,4,4,4,4,4,4,4,
.........
#11111111111
#assigned_pet=-1,-1,-1,-1,-1,-1,-1,-1,-1,
#assigned_hub=2,1,7,0,3,6,5,4,8,
#moving_targetting_pos=6,26|6,16|26,16|6,6|16,6|26,6|16,26|16,16|26,26|
#setting_targetting_pos=-1,-1|-1,-1|-1,-1|-1,-1|-1,-1|-1,-1|-1,-1|-1,-1|-1,-1|
#type=4,4,4,4,4,4,4,4,4,
.........
#11111111111
#assigned_pet=-1,-1,-1,-1,-1,-1,-1,-1,-1,
#assigned_hub=2,1,7,0,3,6,5,4,8,
#moving_targetting_pos=6,26|6,16|26,16|6,6|16,6|26,6|16,26|16,16|26,26|
#setting_targetting_pos=-1,-1|-1,-1|-1,-1|-1,-1|-1,-1|-1,-1|-1,-1|-1,-1|-1,-1|
#type=4,4,4,4,4,4,4,4,4,
.........
#11111111111
#assigned_pet=-1,-1,-1,-1,-1,-1,-1,-1,-1,
#assigned_hub=2,1,7,0,3,6,5,4,8,
#moving_targetting_pos=6,26|6,16|26,16|6,6|16,6|26,6|16,26|16,16|26,26|
#setting_targetting_pos=-1,-1|-1,-1|-1,-1|-1,-1|-1,-1|-1,-1|-1,-1|-1,-1|-1,-1|
#type=4,4,4,4,4,4,4,4,4,
.........
#11111111111
#assigned_pet=-1,-1,-1,-1,-1,-1,-1,-1,-1,
#assigned_hub=2,1,7,0,3,6,5,4,8,
#moving_targetting_pos=6,26|6,16|26,16|6,6|16,6|26,6|16,26|16,16|26,26|
#setting_targetting_pos=-1,-1|-1,-1|-1,-1|-1,-1|-1,-1|-1,-1|-1,-1|-1,-1|-1,-1|
#type=4,4,4,4,4,4,4,4,4,
.........
#11111111111
#assigned_pet=-1,-1,-1,-1,-1,-1,-1,-1,-1,
#assigned_hub=2,1,7,0,3,6,5,4,8,
#moving_targetting_pos=6,26|6,16|26,16|6,6|16,6|26,6|16,26|16,16|26,26|
#setting_targetting_pos=-1,-1|-1,-1|-1,-1|-1,-1|-1,-1|-1,-1|-1,-1|-1,-1|-1,-1|
#type=4,4,4,4,4,4,4,4,4,
.........
#11111111111
#assigned_pet=-1,-1,-1,-1,-1,-1,-1,-1,-1,
#assigned_hub=2,1,7,0,3,6,5,4,8,
#moving_targetting_pos=6,26|6,16|26,16|6,6|16,6|26,6|16,26|16,16|26,26|
#setting_targetting_pos=-1,-1|-1,-1|-1,-1|-1,-1|-1,-1|-1,-1|-1,-1|-1,-1|-1,-1|
#type=4,4,4,4,4,4,4,4,4,
.........
#11111111111
#assigned_pet=-1,-1,-1,-1,-1,-1,-1,-1,-1,
#assigned_hub=2,1,7,0,3,6,5,4,8,
#moving_targetting_pos=6,26|6,16|26,16|6,6|16,6|26,6|16,26|16,16|26,26|
#setting_targetting_pos=-1,-1|-1,-1|-1,-1|-1,-1|-1,-1|-1,-1|-1,-1|-1,-1|-1,-1|
#type=4,4,4,4,4,4,4,4,4,
.........
#11111111111
#assigned_pet=-1,-1,-1,-1,-1,-1,-1,-1,-1,
#assigned_hub=2,1,7,0,3,6,5,4,8,
#moving_targetting_pos=6,26|6,16|26,16|6,6|16,6|26,6|16,26|16,16|26,26|
#setting_targetting_pos=-1,-1|-1,-1|-1,-1|-1,-1|-1,-1|-1,-1|-1,-1|-1,-1|-1,-1|
#type=4,4,4,4,4,4,4,4,4,
.........
#11111111111
#assigned_pet=-1,-1,-1,-1,-1,-1,-1,-1,-1,
#assigned_hub=2,1,7,0,3,6,5,4,8,
#moving_targetting_pos=6,26|6,16|26,16|6,6|16,6|26,6|16,26|16,16|26,26|
#setting_targetting_pos=-1,-1|-1,-1|-1,-1|-1,-1|-1,-1|-1,-1|-1,-1|-1,-1|-1,-1|
#type=4,4,4,4,4,4,4,4,4,
.........
#11111111111
#assigned_pet=-1,-1,-1,-1,-1,-1,-1,-1,-1,
#assigned_hub=2,1,7,0,3,6,5,4,8,
#moving_targetting_pos=6,26|6,16|26,16|6,6|16,6|26,6|16,26|16,16|26,26|
#setting_targetting_pos=-1,-1|-1,-1|-1,-1|-1,-1|-1,-1|-1,-1|-1,-1|-1,-1|-1,-1|
#type=4,4,4,4,4,4,4,4,4,
.........
#11111111111
#assigned_pet=-1,-1,-1,-1,-1,-1,-1,-1,-1,
#assigned_hub=2,1,7,0,3,6,5,4,8,
#moving_targetting_pos=6,26|6,16|26,16|6,6|16,6|26,6|16,26|16,16|26,26|
#setting_targetting_pos=-1,-1|-1,-1|-1,-1|-1,-1|-1,-1|-1,-1|-1,-1|-1,-1|-1,-1|
#type=4,4,4,4,4,4,4,4,4,
.........
#11111111111
#assigned_pet=-1,-1,-1,-1,-1,-1,-1,-1,-1,
#assigned_hub=2,1,7,0,3,6,5,4,8,
#moving_targetting_pos=6,26|6,16|26,16|6,6|16,6|26,6|16,26|16,16|26,26|
#setting_targetting_pos=-1,-1|-1,-1|-1,-1|-1,-1|-1,-1|-1,-1|-1,-1|-1,-1|-1,-1|
#type=4,4,4,4,4,4,4,4,4,
.........
#11111111111
#assigned_pet=-1,-1,-1,-1,-1,-1,-1,-1,-1,
#assigned_hub=2,1,7,0,3,6,5,4,8,
#moving_targetting_pos=6,26|6,16|26,16|6,6|16,6|26,6|16,26|16,16|26,26|
#setting_targetting_pos=-1,-1|-1,-1|-1,-1|-1,-1|-1,-1|-1,-1|-1,-1|-1,-1|-1,-1|
#type=4,4,4,4,4,4,4,4,4,
.........
#11111111111
#assigned_pet=-1,-1,-1,-1,-1,-1,-1,-1,-1,
#assigned_hub=2,1,7,0,3,6,5,4,8,
#moving_targetting_pos=6,26|6,16|26,16|6,6|16,6|26,6|16,26|16,16|26,26|
#setting_targetting_pos=-1,-1|-1,-1|-1,-1|-1,-1|-1,-1|-1,-1|-1,-1|-1,-1|-1,-1|
#type=4,4,4,4,4,4,4,4,4,
.........
#11111111111
#assigned_pet=-1,-1,-1,-1,-1,-1,-1,-1,-1,
#assigned_hub=2,1,7,0,3,6,5,4,8,
#moving_targetting_pos=6,26|6,16|26,16|6,6|16,6|26,6|16,26|16,16|26,26|
#setting_targetting_pos=-1,-1|-1,-1|-1,-1|-1,-1|-1,-1|-1,-1|-1,-1|-1,-1|-1,-1|
#type=4,4,4,4,4,4,4,4,4,
.........
#11111111111
#assigned_pet=-1,-1,-1,-1,-1,-1,-1,-1,-1,
#assigned_hub=2,1,7,0,3,6,5,4,8,
#moving_targetting_pos=6,26|6,16|26,16|6,6|16,6|26,6|16,26|16,16|26,26|
#setting_targetting_pos=-1,-1|-1,-1|-1,-1|-1,-1|-1,-1|-1,-1|-1,-1|-1,-1|-1,-1|
#type=4,4,4,4,4,4,4,4,4,
.........
#11111111111
#assigned_pet=-1,-1,-1,-1,-1,-1,-1,-1,-1,
#assigned_hub=2,1,7,0,3,6,5,4,8,
#moving_targetting_pos=6,26|6,16|26,16|6,6|16,6|26,6|16,26|16,16|26,26|
#setting_targetting_pos=-1,-1|-1,-1|-1,-1|-1,-1|-1,-1|-1,-1|-1,-1|-1,-1|-1,-1|
#type=4,4,4,4,4,4,4,4,4,
.........
#11111111111
#assigned_pet=-1,-1,-1,-1,-1,-1,-1,-1,-1,
#assigned_hub=2,1,7,0,3,6,5,4,8,
#moving_targetting_pos=6,26|6,16|26,16|6,6|16,6|26,6|16,26|16,16|26,26|
#setting_targetting_pos=-1,-1|-1,-1|-1,-1|-1,-1|-1,-1|-1,-1|-1,-1|-1,-1|-1,-1|
#type=4,4,4,4,4,4,4,4,4,
.........
#11111111111
#assigned_pet=-1,-1,-1,-1,-1,-1,-1,-1,-1,
#assigned_hub=2,1,7,0,3,6,5,4,8,
#moving_targetting_pos=6,26|6,16|26,16|6,6|16,6|26,6|16,26|16,16|26,26|
#setting_targetting_pos=-1,-1|-1,-1|-1,-1|-1,-1|-1,-1|-1,-1|-1,-1|-1,-1|-1,-1|
#type=4,4,4,4,4,4,4,4,4,
.........
#11111111111
#assigned_pet=-1,-1,-1,-1,-1,-1,-1,-1,-1,
#assigned_hub=2,1,7,0,3,6,5,4,8,
#moving_targetting_pos=6,26|6,16|26,16|6,6|16,6|26,6|16,26|16,16|26,26|
#setting_targetting_pos=-1,-1|-1,-1|-1,-1|-1,-1|-1,-1|-1,-1|-1,-1|-1,-1|-1,-1|
#type=4,4,4,4,4,4,4,4,4,
.........
#11111111111
#assigned_pet=-1,-1,-1,-1,-1,-1,-1,-1,-1,
#assigned_hub=2,1,7,0,3,6,5,4,8,
#moving_targetting_pos=6,26|6,16|26,16|6,6|16,6|26,6|16,26|16,16|26,26|
#setting_targetting_pos=-1,-1|-1,-1|-1,-1|-1,-1|-1,-1|-1,-1|-1,-1|-1,-1|-1,-1|
#type=4,4,4,4,4,4,4,4,4,
.........
#11111111111
#assigned_pet=-1,-1,-1,-1,-1,-1,-1,-1,-1,
#assigned_hub=2,1,7,0,3,6,5,4,8,
#moving_targetting_pos=6,26|6,16|26,16|6,6|16,6|26,6|16,26|16,16|26,26|
#setting_targetting_pos=-1,-1|-1,-1|-1,-1|-1,-1|-1,-1|-1,-1|-1,-1|-1,-1|-1,-1|
#type=4,4,4,4,4,4,4,4,4,
.........
#11111111111
#assigned_pet=-1,-1,-1,-1,-1,-1,-1,-1,-1,
#assigned_hub=2,1,7,0,3,6,5,4,8,
#moving_targetting_pos=6,26|6,16|26,16|6,6|16,6|26,6|16,26|16,16|26,26|
#setting_targetting_pos=-1,-1|-1,-1|-1,-1|-1,-1|-1,-1|-1,-1|-1,-1|-1,-1|-1,-1|
#type=4,4,4,4,4,4,4,4,4,
.........
#11111111111
#assigned_pet=-1,-1,-1,-1,-1,-1,-1,-1,-1,
#assigned_hub=2,1,7,0,3,6,5,4,8,
#moving_targetting_pos=6,26|6,16|26,16|6,6|16,6|26,6|16,26|16,16|26,26|
#setting_targetting_pos=-1,-1|-1,-1|-1,-1|-1,-1|-1,-1|-1,-1|-1,-1|-1,-1|-1,-1|
#type=4,4,4,4,4,4,4,4,4,
.........
#11111111111
#assigned_pet=-1,-1,-1,-1,-1,-1,-1,-1,-1,
#assigned_hub=2,1,7,0,3,6,5,4,8,
#moving_targetting_pos=6,26|6,16|26,16|6,6|16,6|26,6|16,26|16,16|26,26|
#setting_targetting_pos=-1,-1|-1,-1|-1,-1|-1,-1|-1,-1|-1,-1|-1,-1|-1,-1|-1,-1|
#type=4,4,4,4,4,4,4,4,4,
.........
#11111111111
#assigned_pet=-1,-1,-1,-1,-1,-1,-1,-1,-1,
#assigned_hub=2,1,7,0,3,6,5,4,8,
#moving_targetting_pos=6,26|6,16|26,16|6,6|16,6|26,6|16,26|16,16|26,26|
#setting_targetting_pos=-1,-1|-1,-1|-1,-1|-1,-1|-1,-1|-1,-1|-1,-1|-1,-1|-1,-1|
#type=4,4,4,4,4,4,4,4,4,
.........
#11111111111
#assigned_pet=-1,-1,-1,-1,-1,-1,-1,-1,-1,
#assigned_hub=2,1,7,0,3,6,5,4,8,
#moving_targetting_pos=6,26|6,16|26,16|6,6|16,6|26,6|16,26|16,16|26,26|
#setting_targetting_pos=-1,-1|-1,-1|-1,-1|-1,-1|-1,-1|-1,-1|-1,-1|-1,-1|-1,-1|
#type=4,4,4,4,4,4,4,4,4,
.........
#11111111111
#assigned_pet=-1,-1,-1,-1,-1,-1,-1,-1,-1,
#assigned_hub=2,1,7,0,3,6,5,4,8,
#moving_targetting_pos=6,26|6,16|26,16|6,6|16,6|26,6|16,26|16,16|26,26|
#setting_targetting_pos=-1,-1|-1,-1|-1,-1|-1,-1|-1,-1|-1,-1|-1,-1|-1,-1|-1,-1|
#type=4,4,4,4,4,4,4,4,4,
.........
#11111111111
#assigned_pet=-1,-1,-1,-1,-1,-1,-1,-1,-1,
#assigned_hub=2,1,7,0,3,6,5,4,8,
#moving_targetting_pos=6,26|6,16|26,16|6,6|16,6|26,6|16,26|16,16|26,26|
#setting_targetting_pos=-1,-1|-1,-1|-1,-1|-1,-1|-1,-1|-1,-1|-1,-1|-1,-1|-1,-1|
#type=4,4,4,4,4,4,4,4,4,
.........
#11111111111
#assigned_pet=-1,-1,-1,-1,-1,-1,-1,-1,-1,
#assigned_hub=2,1,7,0,3,6,5,4,8,
#moving_targetting_pos=6,26|6,16|26,16|6,6|16,6|26,6|16,26|16,16|26,26|
#setting_targetting_pos=-1,-1|-1,-1|-1,-1|-1,-1|-1,-1|-1,-1|-1,-1|-1,-1|-1,-1|
#type=4,4,4,4,4,4,4,4,4,
.........
#11111111111
#assigned_pet=-1,-1,-1,-1,-1,-1,-1,-1,-1,
#assigned_hub=2,1,7,0,3,6,5,4,8,
#moving_targetting_pos=6,26|6,16|26,16|6,6|16,6|26,6|16,26|16,16|26,26|
#setting_targetting_pos=-1,-1|-1,-1|-1,-1|-1,-1|-1,-1|-1,-1|-1,-1|-1,-1|-1,-1|
#type=4,4,4,4,4,4,4,4,4,
.........
#11111111111
#assigned_pet=-1,-1,-1,-1,-1,-1,-1,-1,-1,
#assigned_hub=2,1,7,0,3,6,5,4,8,
#moving_targetting_pos=6,26|6,16|26,16|6,6|16,6|26,6|16,26|16,16|26,26|
#setting_targetting_pos=-1,-1|-1,-1|-1,-1|-1,-1|-1,-1|-1,-1|-1,-1|-1,-1|-1,-1|
#type=4,4,4,4,4,4,4,4,4,
.........
#11111111111
#assigned_pet=-1,-1,-1,-1,-1,-1,-1,-1,-1,
#assigned_hub=2,1,7,0,3,6,5,4,8,
#moving_targetting_pos=6,26|6,16|26,16|6,6|16,6|26,6|16,26|16,16|26,26|
#setting_targetting_pos=-1,-1|-1,-1|-1,-1|-1,-1|-1,-1|-1,-1|-1,-1|-1,-1|-1,-1|
#type=4,4,4,4,4,4,4,4,4,
.........
#11111111111
#assigned_pet=-1,-1,-1,-1,-1,-1,-1,-1,-1,
#assigned_hub=2,1,7,0,3,6,5,4,8,
#moving_targetting_pos=6,26|6,16|26,16|6,6|16,6|26,6|16,26|16,16|26,26|
#setting_targetting_pos=-1,-1|-1,-1|-1,-1|-1,-1|-1,-1|-1,-1|-1,-1|-1,-1|-1,-1|
#type=4,4,4,4,4,4,4,4,4,
.........
#11111111111
#assigned_pet=-1,-1,-1,-1,-1,-1,-1,-1,-1,
#assigned_hub=2,1,7,0,3,6,5,4,8,
#moving_targetting_pos=6,26|6,16|26,16|6,6|16,6|26,6|16,26|16,16|26,26|
#setting_targetting_pos=-1,-1|-1,-1|-1,-1|-1,-1|-1,-1|-1,-1|-1,-1|-1,-1|-1,-1|
#type=4,4,4,4,4,4,4,4,4,
.........
#11111111111
#assigned_pet=-1,-1,-1,-1,-1,-1,-1,-1,-1,
#assigned_hub=2,1,7,0,3,6,5,4,8,
#moving_targetting_pos=6,26|6,16|26,16|6,6|16,6|26,6|16,26|16,16|26,26|
#setting_targetting_pos=-1,-1|-1,-1|-1,-1|-1,-1|-1,-1|-1,-1|-1,-1|-1,-1|-1,-1|
#type=4,4,4,4,4,4,4,4,4,
.........
#11111111111
#assigned_pet=-1,-1,-1,-1,-1,-1,-1,-1,-1,
#assigned_hub=2,1,7,0,3,6,5,4,8,
#moving_targetting_pos=6,26|6,16|26,16|6,6|16,6|26,6|16,26|16,16|26,26|
#setting_targetting_pos=-1,-1|-1,-1|-1,-1|-1,-1|-1,-1|-1,-1|-1,-1|-1,-1|-1,-1|
#type=4,4,4,4,4,4,4,4,4,
.........
#11111111111
#assigned_pet=-1,-1,-1,-1,-1,-1,-1,-1,-1,
#assigned_hub=2,1,7,0,3,6,5,4,8,
#moving_targetting_pos=6,26|6,16|26,16|6,6|16,6|26,6|16,26|16,16|26,26|
#setting_targetting_pos=-1,-1|-1,-1|-1,-1|-1,-1|-1,-1|-1,-1|-1,-1|-1,-1|-1,-1|
#type=4,4,4,4,4,4,4,4,4,
.........
#11111111111
#assigned_pet=-1,-1,-1,-1,-1,-1,-1,-1,-1,
#assigned_hub=2,1,7,0,3,6,5,4,8,
#moving_targetting_pos=6,26|6,16|26,16|6,6|16,6|26,6|16,26|16,16|26,26|
#setting_targetting_pos=-1,-1|-1,-1|-1,-1|-1,-1|-1,-1|-1,-1|-1,-1|-1,-1|-1,-1|
#type=4,4,4,4,4,4,4,4,4,
.........
#11111111111
#assigned_pet=-1,-1,-1,-1,-1,-1,-1,-1,-1,
#assigned_hub=2,1,7,0,3,6,5,4,8,
#moving_targetting_pos=6,26|6,16|26,16|6,6|16,6|26,6|16,26|16,16|26,26|
#setting_targetting_pos=-1,-1|-1,-1|-1,-1|-1,-1|-1,-1|-1,-1|-1,-1|-1,-1|-1,-1|
#type=4,4,4,4,4,4,4,4,4,
.........
#11111111111
#assigned_pet=-1,-1,-1,-1,-1,-1,-1,-1,-1,
#assigned_hub=2,1,7,0,3,6,5,4,8,
#moving_targetting_pos=6,26|6,16|26,16|6,6|16,6|26,6|16,26|16,16|26,26|
#setting_targetting_pos=-1,-1|-1,-1|-1,-1|-1,-1|-1,-1|-1,-1|-1,-1|-1,-1|-1,-1|
#type=4,4,4,4,4,4,4,4,4,
.........
#11111111111
#assigned_pet=-1,-1,-1,-1,-1,-1,-1,-1,-1,
#assigned_hub=2,1,7,0,3,6,5,4,8,
#moving_targetting_pos=6,26|6,16|26,16|6,6|16,6|26,6|16,26|16,16|26,26|
#setting_targetting_pos=-1,-1|-1,-1|-1,-1|-1,-1|-1,-1|-1,-1|-1,-1|-1,-1|-1,-1|
#type=4,4,4,4,4,4,4,4,4,
.........
#11111111111
#assigned_pet=-1,-1,-1,-1,-1,-1,-1,-1,-1,
#assigned_hub=2,1,7,0,3,6,5,4,8,
#moving_targetting_pos=6,26|6,16|26,16|6,6|16,6|26,6|16,26|16,16|26,26|
#setting_targetting_pos=-1,-1|-1,-1|-1,-1|-1,-1|-1,-1|-1,-1|-1,-1|-1,-1|-1,-1|
#type=4,4,4,4,4,4,4,4,4,
.........
#11111111111
#assigned_pet=-1,-1,-1,-1,-1,-1,-1,-1,-1,
#assigned_hub=2,1,7,0,3,6,5,4,8,
#moving_targetting_pos=6,26|6,16|26,16|6,6|16,6|26,6|16,26|16,16|26,26|
#setting_targetting_pos=-1,-1|-1,-1|-1,-1|-1,-1|-1,-1|-1,-1|-1,-1|-1,-1|-1,-1|
#type=4,4,4,4,4,4,4,4,4,
.........
#11111111111
#assigned_pet=-1,-1,-1,-1,-1,-1,-1,-1,-1,
#assigned_hub=2,1,7,0,3,6,5,4,8,
#moving_targetting_pos=6,26|6,16|26,16|6,6|16,6|26,6|16,26|16,16|26,26|
#setting_targetting_pos=-1,-1|-1,-1|-1,-1|-1,-1|-1,-1|-1,-1|-1,-1|-1,-1|-1,-1|
#type=4,4,4,4,4,4,4,4,4,
.........
#11111111111
#assigned_pet=-1,-1,-1,-1,-1,-1,-1,-1,-1,
#assigned_hub=2,1,7,0,3,6,5,4,8,
#moving_targetting_pos=6,26|6,16|26,16|6,6|16,6|26,6|16,26|16,16|26,26|
#setting_targetting_pos=-1,-1|-1,-1|-1,-1|-1,-1|-1,-1|-1,-1|-1,-1|-1,-1|-1,-1|
#type=4,4,4,4,4,4,4,4,4,
.........
#11111111111
#assigned_pet=-1,-1,-1,-1,-1,-1,-1,-1,-1,
#assigned_hub=2,1,7,0,3,6,5,4,8,
#moving_targetting_pos=6,26|6,16|26,16|6,6|16,6|26,6|16,26|16,16|26,26|
#setting_targetting_pos=-1,-1|-1,-1|-1,-1|-1,-1|-1,-1|-1,-1|-1,-1|-1,-1|-1,-1|
#type=4,4,4,4,4,4,4,4,4,
.........
#11111111111
#assigned_pet=-1,-1,-1,-1,-1,-1,-1,-1,-1,
#assigned_hub=2,1,7,0,3,6,5,4,8,
#moving_targetting_pos=6,26|6,16|26,16|6,6|16,6|26,6|16,26|16,16|26,26|
#setting_targetting_pos=-1,-1|-1,-1|-1,-1|-1,-1|-1,-1|-1,-1|-1,-1|-1,-1|-1,-1|
#type=4,4,4,4,4,4,4,4,4,
.........
#11111111111
#assigned_pet=-1,-1,-1,-1,-1,-1,-1,-1,-1,
#assigned_hub=2,1,7,0,3,6,5,4,8,
#moving_targetting_pos=6,26|6,16|26,16|6,6|16,6|26,6|16,26|16,16|26,26|
#setting_targetting_pos=-1,-1|-1,-1|-1,-1|-1,-1|-1,-1|-1,-1|-1,-1|-1,-1|-1,-1|
#type=4,4,4,4,4,4,4,4,4,
.........
#11111111111
#assigned_pet=-1,-1,-1,-1,-1,-1,-1,-1,-1,
#assigned_hub=2,1,7,0,3,6,5,4,8,
#moving_targetting_pos=6,26|6,16|26,16|6,6|16,6|26,6|16,26|16,16|26,26|
#setting_targetting_pos=-1,-1|-1,-1|-1,-1|-1,-1|-1,-1|-1,-1|-1,-1|-1,-1|-1,-1|
#type=4,4,4,4,4,4,4,4,4,
.........
#11111111111
#assigned_pet=-1,-1,-1,-1,-1,-1,-1,-1,-1,
#assigned_hub=2,1,7,0,3,6,5,4,8,
#moving_targetting_pos=6,26|6,16|26,16|6,6|16,6|26,6|16,26|16,16|26,26|
#setting_targetting_pos=-1,-1|-1,-1|-1,-1|-1,-1|-1,-1|-1,-1|-1,-1|-1,-1|-1,-1|
#type=4,4,4,4,4,4,4,4,4,
.........
#11111111111
#assigned_pet=-1,-1,-1,-1,-1,-1,-1,-1,-1,
#assigned_hub=2,1,7,0,3,6,5,4,8,
#moving_targetting_pos=6,26|6,16|26,16|6,6|16,6|26,6|16,26|16,16|26,26|
#setting_targetting_pos=-1,-1|-1,-1|-1,-1|-1,-1|-1,-1|-1,-1|-1,-1|-1,-1|-1,-1|
#type=4,4,4,4,4,4,4,4,4,
.........
#11111111111
#assigned_pet=-1,-1,-1,-1,-1,-1,-1,-1,-1,
#assigned_hub=2,1,7,0,3,6,5,4,8,
#moving_targetting_pos=6,26|6,16|26,16|6,6|16,6|26,6|16,26|16,16|26,26|
#setting_targetting_pos=-1,-1|-1,-1|-1,-1|-1,-1|-1,-1|-1,-1|-1,-1|-1,-1|-1,-1|
#type=4,4,4,4,4,4,4,4,4,
.........
#11111111111
#assigned_pet=-1,-1,-1,-1,-1,-1,-1,-1,-1,
#assigned_hub=2,1,7,0,3,6,5,4,8,
#moving_targetting_pos=6,26|6,16|26,16|6,6|16,6|26,6|16,26|16,16|26,26|
#setting_targetting_pos=-1,-1|-1,-1|-1,-1|-1,-1|-1,-1|-1,-1|-1,-1|-1,-1|-1,-1|
#type=4,4,4,4,4,4,4,4,4,
.........
#11111111111
#assigned_pet=-1,-1,-1,-1,-1,-1,-1,-1,-1,
#assigned_hub=2,1,7,0,3,6,5,4,8,
#moving_targetting_pos=6,26|6,16|26,16|6,6|16,6|26,6|16,26|16,16|26,26|
#setting_targetting_pos=-1,-1|-1,-1|-1,-1|-1,-1|-1,-1|-1,-1|-1,-1|-1,-1|-1,-1|
#type=4,4,4,4,4,4,4,4,4,
.........
#11111111111
#assigned_pet=-1,-1,-1,-1,-1,-1,-1,-1,-1,
#assigned_hub=2,1,7,0,3,6,5,4,8,
#moving_targetting_pos=6,26|6,16|26,16|6,6|16,6|26,6|16,26|16,16|26,26|
#setting_targetting_pos=-1,-1|-1,-1|-1,-1|-1,-1|-1,-1|-1,-1|-1,-1|-1,-1|-1,-1|
#type=4,4,4,4,4,4,4,4,4,
.........
#11111111111
#assigned_pet=-1,-1,-1,-1,-1,-1,-1,-1,-1,
#assigned_hub=2,1,7,0,3,6,5,4,8,
#moving_targetting_pos=6,26|6,16|26,16|6,6|16,6|26,6|16,26|16,16|26,26|
#setting_targetting_pos=-1,-1|-1,-1|-1,-1|-1,-1|-1,-1|-1,-1|-1,-1|-1,-1|-1,-1|
#type=4,4,4,4,4,4,4,4,4,
.........
#11111111111
#assigned_pet=-1,-1,-1,-1,-1,-1,-1,-1,-1,
#assigned_hub=2,1,7,0,3,6,5,4,8,
#moving_targetting_pos=6,26|6,16|26,16|6,6|16,6|26,6|16,26|16,16|26,26|
#setting_targetting_pos=-1,-1|-1,-1|-1,-1|-1,-1|-1,-1|-1,-1|-1,-1|-1,-1|-1,-1|
#type=4,4,4,4,4,4,4,4,4,
.........
#11111111111
#assigned_pet=-1,-1,-1,-1,-1,-1,-1,-1,-1,
#assigned_hub=2,1,7,0,3,6,5,4,8,
#moving_targetting_pos=6,26|6,16|26,16|6,6|16,6|26,6|16,26|16,16|26,26|
#setting_targetting_pos=-1,-1|-1,-1|-1,-1|-1,-1|-1,-1|-1,-1|-1,-1|-1,-1|-1,-1|
#type=4,4,4,4,4,4,4,4,4,
.........
#11111111111
#assigned_pet=-1,-1,-1,-1,-1,-1,-1,-1,-1,
#assigned_hub=2,1,7,0,3,6,5,4,8,
#moving_targetting_pos=6,26|6,16|26,16|6,6|16,6|26,6|16,26|16,16|26,26|
#setting_targetting_pos=-1,-1|-1,-1|-1,-1|-1,-1|-1,-1|-1,-1|-1,-1|-1,-1|-1,-1|
#type=4,4,4,4,4,4,4,4,4,
.........
#11111111111
#assigned_pet=-1,-1,-1,-1,-1,-1,-1,-1,-1,
#assigned_hub=2,1,7,0,3,6,5,4,8,
#moving_targetting_pos=6,26|6,16|26,16|6,6|16,6|26,6|16,26|16,16|26,26|
#setting_targetting_pos=-1,-1|-1,-1|-1,-1|-1,-1|-1,-1|-1,-1|-1,-1|-1,-1|-1,-1|
#type=4,4,4,4,4,4,4,4,4,
.........
#11111111111
#assigned_pet=-1,-1,-1,-1,-1,-1,-1,-1,-1,
#assigned_hub=2,1,7,0,3,6,5,4,8,
#moving_targetting_pos=6,26|6,16|26,16|6,6|16,6|26,6|16,26|16,16|26,26|
#setting_targetting_pos=-1,-1|-1,-1|-1,-1|-1,-1|-1,-1|-1,-1|-1,-1|-1,-1|-1,-1|
#type=4,4,4,4,4,4,4,4,4,
.........
#11111111111
#assigned_pet=-1,-1,-1,-1,-1,-1,-1,-1,-1,
#assigned_hub=2,1,7,0,3,6,5,4,8,
#moving_targetting_pos=6,26|6,16|26,16|6,6|16,6|26,6|16,26|16,16|26,26|
#setting_targetting_pos=-1,-1|-1,-1|-1,-1|-1,-1|-1,-1|-1,-1|-1,-1|-1,-1|-1,-1|
#type=4,4,4,4,4,4,4,4,4,
.........
#11111111111
#assigned_pet=-1,-1,-1,-1,-1,-1,-1,-1,-1,
#assigned_hub=2,1,7,0,3,6,5,4,8,
#moving_targetting_pos=6,26|6,16|26,16|6,6|16,6|26,6|16,26|16,16|26,26|
#setting_targetting_pos=-1,-1|-1,-1|-1,-1|-1,-1|-1,-1|-1,-1|-1,-1|-1,-1|-1,-1|
#type=4,4,4,4,4,4,4,4,4,
.........
#11111111111
#assigned_pet=-1,-1,-1,-1,-1,-1,-1,-1,-1,
#assigned_hub=2,1,7,0,3,6,5,4,8,
#moving_targetting_pos=6,26|6,16|26,16|6,6|16,6|26,6|16,26|16,16|26,26|
#setting_targetting_pos=-1,-1|-1,-1|-1,-1|-1,-1|-1,-1|-1,-1|-1,-1|-1,-1|-1,-1|
#type=4,4,4,4,4,4,4,4,4,
.........
#11111111111
#assigned_pet=-1,-1,-1,-1,-1,-1,-1,-1,-1,
#assigned_hub=2,1,7,0,3,6,5,4,8,
#moving_targetting_pos=6,26|6,16|26,16|6,6|16,6|26,6|16,26|16,16|26,26|
#setting_targetting_pos=-1,-1|-1,-1|-1,-1|-1,-1|-1,-1|-1,-1|-1,-1|-1,-1|-1,-1|
#type=4,4,4,4,4,4,4,4,4,
.........
#11111111111
#assigned_pet=-1,-1,-1,-1,-1,-1,-1,-1,-1,
#assigned_hub=2,1,7,0,3,6,5,4,8,
#moving_targetting_pos=6,26|6,16|26,16|6,6|16,6|26,6|16,26|16,16|26,26|
#setting_targetting_pos=-1,-1|-1,-1|-1,-1|-1,-1|-1,-1|-1,-1|-1,-1|-1,-1|-1,-1|
#type=4,4,4,4,4,4,4,4,4,
.........
#11111111111
#assigned_pet=-1,-1,-1,-1,-1,-1,-1,-1,-1,
#assigned_hub=2,1,7,0,3,6,5,4,8,
#moving_targetting_pos=6,26|6,16|26,16|6,6|16,6|26,6|16,26|16,16|26,26|
#setting_targetting_pos=-1,-1|-1,-1|-1,-1|-1,-1|-1,-1|-1,-1|-1,-1|-1,-1|-1,-1|
#type=4,4,4,4,4,4,4,4,4,
.........
#11111111111
#assigned_pet=-1,-1,-1,-1,-1,-1,-1,-1,-1,
#assigned_hub=2,1,7,0,3,6,5,4,8,
#moving_targetting_pos=6,26|6,16|26,16|6,6|16,6|26,6|16,26|16,16|26,26|
#setting_targetting_pos=-1,-1|-1,-1|-1,-1|-1,-1|-1,-1|-1,-1|-1,-1|-1,-1|-1,-1|
#type=4,4,4,4,4,4,4,4,4,
.........
#11111111111
#assigned_pet=-1,-1,-1,-1,-1,-1,-1,-1,-1,
#assigned_hub=2,1,7,0,3,6,5,4,8,
#moving_targetting_pos=6,26|6,16|26,16|6,6|16,6|26,6|16,26|16,16|26,26|
#setting_targetting_pos=-1,-1|-1,-1|-1,-1|-1,-1|-1,-1|-1,-1|-1,-1|-1,-1|-1,-1|
#type=4,4,4,4,4,4,4,4,4,
.........
#11111111111
#assigned_pet=-1,-1,-1,-1,-1,-1,-1,-1,-1,
#assigned_hub=2,1,7,0,3,6,5,4,8,
#moving_targetting_pos=6,26|6,16|26,16|6,6|16,6|26,6|16,26|16,16|26,26|
#setting_targetting_pos=-1,-1|-1,-1|-1,-1|-1,-1|-1,-1|-1,-1|-1,-1|-1,-1|-1,-1|
#type=4,4,4,4,4,4,4,4,4,
.........
#11111111111
#assigned_pet=-1,-1,-1,-1,-1,-1,-1,-1,-1,
#assigned_hub=2,1,7,0,3,6,5,4,8,
#moving_targetting_pos=6,26|6,16|26,16|6,6|16,6|26,6|16,26|16,16|26,26|
#setting_targetting_pos=-1,-1|-1,-1|-1,-1|-1,-1|-1,-1|-1,-1|-1,-1|-1,-1|-1,-1|
#type=4,4,4,4,4,4,4,4,4,
.........
#11111111111
#assigned_pet=-1,-1,-1,-1,-1,-1,-1,-1,-1,
#assigned_hub=2,1,7,0,3,6,5,4,8,
#moving_targetting_pos=6,26|6,16|26,16|6,6|16,6|26,6|16,26|16,16|26,26|
#setting_targetting_pos=-1,-1|-1,-1|-1,-1|-1,-1|-1,-1|-1,-1|-1,-1|-1,-1|-1,-1|
#type=4,4,4,4,4,4,4,4,4,
.........
#11111111111
#assigned_pet=-1,-1,-1,-1,-1,-1,-1,-1,-1,
#assigned_hub=2,1,7,0,3,6,5,4,8,
#moving_targetting_pos=6,26|6,16|26,16|6,6|16,6|26,6|16,26|16,16|26,26|
#setting_targetting_pos=-1,-1|-1,-1|-1,-1|-1,-1|-1,-1|-1,-1|-1,-1|-1,-1|-1,-1|
#type=4,4,4,4,4,4,4,4,4,
.........
#11111111111
#assigned_pet=-1,-1,-1,-1,-1,-1,-1,-1,-1,
#assigned_hub=2,1,7,0,3,6,5,4,8,
#moving_targetting_pos=6,26|6,16|26,16|6,6|16,6|26,6|16,26|16,16|26,26|
#setting_targetting_pos=-1,-1|-1,-1|-1,-1|-1,-1|-1,-1|-1,-1|-1,-1|-1,-1|-1,-1|
#type=4,4,4,4,4,4,4,4,4,
.........
#11111111111
#assigned_pet=-1,-1,-1,-1,-1,-1,-1,-1,-1,
#assigned_hub=2,1,7,0,3,6,5,4,8,
#moving_targetting_pos=6,26|6,16|26,16|6,6|16,6|26,6|16,26|16,16|26,26|
#setting_targetting_pos=-1,-1|-1,-1|-1,-1|-1,-1|-1,-1|-1,-1|-1,-1|-1,-1|-1,-1|
#type=4,4,4,4,4,4,4,4,4,
.........
#11111111111
#assigned_pet=-1,-1,-1,-1,-1,-1,-1,-1,-1,
#assigned_hub=2,1,7,0,3,6,5,4,8,
#moving_targetting_pos=6,26|6,16|26,16|6,6|16,6|26,6|16,26|16,16|26,26|
#setting_targetting_pos=-1,-1|-1,-1|-1,-1|-1,-1|-1,-1|-1,-1|-1,-1|-1,-1|-1,-1|
#type=4,4,4,4,4,4,4,4,4,
.........
#11111111111
#assigned_pet=-1,-1,-1,-1,-1,-1,-1,-1,-1,
#assigned_hub=2,1,7,0,3,6,5,4,8,
#moving_targetting_pos=6,26|6,16|26,16|6,6|16,6|26,6|16,26|16,16|26,26|
#setting_targetting_pos=-1,-1|-1,-1|-1,-1|-1,-1|-1,-1|-1,-1|-1,-1|-1,-1|-1,-1|
#type=4,4,4,4,4,4,4,4,4,
.........
#11111111111
#assigned_pet=-1,-1,-1,-1,-1,-1,-1,-1,-1,
#assigned_hub=2,1,7,0,3,6,5,4,8,
#moving_targetting_pos=6,26|6,16|26,16|6,6|16,6|26,6|16,26|16,16|26,26|
#setting_targetting_pos=-1,-1|-1,-1|-1,-1|-1,-1|-1,-1|-1,-1|-1,-1|-1,-1|-1,-1|
#type=4,4,4,4,4,4,4,4,4,
.........
#11111111111
#assigned_pet=-1,-1,-1,-1,-1,-1,-1,-1,-1,
#assigned_hub=2,1,7,0,3,6,5,4,8,
#moving_targetting_pos=6,26|6,16|26,16|6,6|16,6|26,6|16,26|16,16|26,26|
#setting_targetting_pos=-1,-1|-1,-1|-1,-1|-1,-1|-1,-1|-1,-1|-1,-1|-1,-1|-1,-1|
#type=4,4,4,4,4,4,4,4,4,
.........
#11111111111
#assigned_pet=-1,-1,-1,-1,-1,-1,-1,-1,-1,
#assigned_hub=2,1,7,0,3,6,5,4,8,
#moving_targetting_pos=6,26|6,16|26,16|6,6|16,6|26,6|16,26|16,16|26,26|
#setting_targetting_pos=-1,-1|-1,-1|-1,-1|-1,-1|-1,-1|-1,-1|-1,-1|-1,-1|-1,-1|
#type=4,4,4,4,4,4,4,4,4,
.........
#11111111111
#assigned_pet=-1,-1,-1,-1,-1,-1,-1,-1,-1,
#assigned_hub=2,1,7,0,3,6,5,4,8,
#moving_targetting_pos=6,26|6,16|26,16|6,6|16,6|26,6|16,26|16,16|26,26|
#setting_targetting_pos=-1,-1|-1,-1|-1,-1|-1,-1|-1,-1|-1,-1|-1,-1|-1,-1|-1,-1|
#type=4,4,4,4,4,4,4,4,4,
.........
#11111111111
#assigned_pet=-1,-1,-1,-1,-1,-1,-1,-1,-1,
#assigned_hub=2,1,7,0,3,6,5,4,8,
#moving_targetting_pos=6,26|6,16|26,16|6,6|16,6|26,6|16,26|16,16|26,26|
#setting_targetting_pos=-1,-1|-1,-1|-1,-1|-1,-1|-1,-1|-1,-1|-1,-1|-1,-1|-1,-1|
#type=4,4,4,4,4,4,4,4,4,
.........
#11111111111
#assigned_pet=-1,-1,-1,-1,-1,-1,-1,-1,-1,
#assigned_hub=2,1,7,0,3,6,5,4,8,
#moving_targetting_pos=6,26|6,16|26,16|6,6|16,6|26,6|16,26|16,16|26,26|
#setting_targetting_pos=-1,-1|-1,-1|-1,-1|-1,-1|-1,-1|-1,-1|-1,-1|-1,-1|-1,-1|
#type=4,4,4,4,4,4,4,4,4,
.........
#11111111111
#assigned_pet=-1,-1,-1,-1,-1,-1,-1,-1,-1,
#assigned_hub=2,1,7,0,3,6,5,4,8,
#moving_targetting_pos=6,26|6,16|26,16|6,6|16,6|26,6|16,26|16,16|26,26|
#setting_targetting_pos=-1,-1|-1,-1|-1,-1|-1,-1|-1,-1|-1,-1|-1,-1|-1,-1|-1,-1|
#type=4,4,4,4,4,4,4,4,4,
.........
#11111111111
#assigned_pet=-1,-1,-1,-1,-1,-1,-1,-1,-1,
#assigned_hub=2,1,7,0,3,6,5,4,8,
#moving_targetting_pos=6,26|6,16|26,16|6,6|16,6|26,6|16,26|16,16|26,26|
#setting_targetting_pos=-1,-1|-1,-1|-1,-1|-1,-1|-1,-1|-1,-1|-1,-1|-1,-1|-1,-1|
#type=4,4,4,4,4,4,4,4,4,
.........
#11111111111
#assigned_pet=-1,-1,-1,-1,-1,-1,-1,-1,-1,
#assigned_hub=2,1,7,0,3,6,5,4,8,
#moving_targetting_pos=6,26|6,16|26,16|6,6|16,6|26,6|16,26|16,16|26,26|
#setting_targetting_pos=-1,-1|-1,-1|-1,-1|-1,-1|-1,-1|-1,-1|-1,-1|-1,-1|-1,-1|
#type=4,4,4,4,4,4,4,4,4,
.........
#11111111111
#assigned_pet=-1,-1,-1,-1,-1,-1,-1,-1,-1,
#assigned_hub=2,1,7,0,3,6,5,4,8,
#moving_targetting_pos=6,26|6,16|26,16|6,6|16,6|26,6|16,26|16,16|26,26|
#setting_targetting_pos=-1,-1|-1,-1|-1,-1|-1,-1|-1,-1|-1,-1|-1,-1|-1,-1|-1,-1|
#type=4,4,4,4,4,4,4,4,4,
.........
#11111111111
#assigned_pet=-1,-1,-1,-1,-1,-1,-1,-1,-1,
#assigned_hub=2,1,7,0,3,6,5,4,8,
#moving_targetting_pos=6,26|6,16|26,16|6,6|16,6|26,6|16,26|16,16|26,26|
#setting_targetting_pos=-1,-1|-1,-1|-1,-1|-1,-1|-1,-1|-1,-1|-1,-1|-1,-1|-1,-1|
#type=4,4,4,4,4,4,4,4,4,
.........
#11111111111
#assigned_pet=-1,-1,-1,-1,-1,-1,-1,-1,-1,
#assigned_hub=2,1,7,0,3,6,5,4,8,
#moving_targetting_pos=6,26|6,16|26,16|6,6|16,6|26,6|16,26|16,16|26,26|
#setting_targetting_pos=-1,-1|-1,-1|-1,-1|-1,-1|-1,-1|-1,-1|-1,-1|-1,-1|-1,-1|
#type=4,4,4,4,4,4,4,4,4,
.........
#11111111111
#assigned_pet=-1,-1,-1,-1,-1,-1,-1,-1,-1,
#assigned_hub=2,1,7,0,3,6,5,4,8,
#moving_targetting_pos=6,26|6,16|26,16|6,6|16,6|26,6|16,26|16,16|26,26|
#setting_targetting_pos=-1,-1|-1,-1|-1,-1|-1,-1|-1,-1|-1,-1|-1,-1|-1,-1|-1,-1|
#type=4,4,4,4,4,4,4,4,4,
.........
#11111111111
#assigned_pet=-1,-1,-1,-1,-1,-1,-1,-1,-1,
#assigned_hub=2,1,7,0,3,6,5,4,8,
#moving_targetting_pos=6,26|6,16|26,16|6,6|16,6|26,6|16,26|16,16|26,26|
#setting_targetting_pos=-1,-1|-1,-1|-1,-1|-1,-1|-1,-1|-1,-1|-1,-1|-1,-1|-1,-1|
#type=4,4,4,4,4,4,4,4,4,
.........
#11111111111
#assigned_pet=-1,-1,-1,-1,-1,-1,-1,-1,-1,
#assigned_hub=2,1,7,0,3,6,5,4,8,
#moving_targetting_pos=6,26|6,16|26,16|6,6|16,6|26,6|16,26|16,16|26,26|
#setting_targetting_pos=-1,-1|-1,-1|-1,-1|-1,-1|-1,-1|-1,-1|-1,-1|-1,-1|-1,-1|
#type=4,4,4,4,4,4,4,4,4,
.........
#11111111111
#assigned_pet=-1,-1,-1,-1,-1,-1,-1,-1,-1,
#assigned_hub=2,1,7,0,3,6,5,4,8,
#moving_targetting_pos=6,26|6,16|26,16|6,6|16,6|26,6|16,26|16,16|26,26|
#setting_targetting_pos=-1,-1|-1,-1|-1,-1|-1,-1|-1,-1|-1,-1|-1,-1|-1,-1|-1,-1|
#type=4,4,4,4,4,4,4,4,4,
.........
#11111111111
#assigned_pet=-1,-1,-1,-1,-1,-1,-1,-1,-1,
#assigned_hub=2,1,7,0,3,6,5,4,8,
#moving_targetting_pos=6,26|6,16|26,16|6,6|16,6|26,6|16,26|16,16|26,26|
#setting_targetting_pos=-1,-1|-1,-1|-1,-1|-1,-1|-1,-1|-1,-1|-1,-1|-1,-1|-1,-1|
#type=4,4,4,4,4,4,4,4,4,
.........
#11111111111
#assigned_pet=-1,-1,-1,-1,-1,-1,-1,-1,-1,
#assigned_hub=2,1,7,0,3,6,5,4,8,
#moving_targetting_pos=6,26|6,16|26,16|6,6|16,6|26,6|16,26|16,16|26,26|
#setting_targetting_pos=-1,-1|-1,-1|-1,-1|-1,-1|-1,-1|-1,-1|-1,-1|-1,-1|-1,-1|
#type=4,4,4,4,4,4,4,4,4,
.........
#11111111111
#assigned_pet=-1,-1,-1,-1,-1,-1,-1,-1,-1,
#assigned_hub=2,1,7,0,3,6,5,4,8,
#moving_targetting_pos=6,26|6,16|26,16|6,6|16,6|26,6|16,26|16,16|26,26|
#setting_targetting_pos=-1,-1|-1,-1|-1,-1|-1,-1|-1,-1|-1,-1|-1,-1|-1,-1|-1,-1|
#type=4,4,4,4,4,4,4,4,4,
.........
#11111111111
#assigned_pet=-1,-1,-1,-1,-1,-1,-1,-1,-1,
#assigned_hub=2,1,7,0,3,6,5,4,8,
#moving_targetting_pos=6,26|6,16|26,16|6,6|16,6|26,6|16,26|16,16|26,26|
#setting_targetting_pos=-1,-1|-1,-1|-1,-1|-1,-1|-1,-1|-1,-1|-1,-1|-1,-1|-1,-1|
#type=4,4,4,4,4,4,4,4,4,
.........
#11111111111
#assigned_pet=-1,-1,-1,-1,-1,-1,-1,-1,-1,
#assigned_hub=2,1,7,0,3,6,5,4,8,
#moving_targetting_pos=6,26|6,16|26,16|6,6|16,6|26,6|16,26|16,16|26,26|
#setting_targetting_pos=-1,-1|-1,-1|-1,-1|-1,-1|-1,-1|-1,-1|-1,-1|-1,-1|-1,-1|
#type=4,4,4,4,4,4,4,4,4,
.........
#11111111111
#assigned_pet=-1,-1,-1,-1,-1,-1,-1,-1,-1,
#assigned_hub=2,1,7,0,3,6,5,4,8,
#moving_targetting_pos=6,26|6,16|26,16|6,6|16,6|26,6|16,26|16,16|26,26|
#setting_targetting_pos=-1,-1|-1,-1|-1,-1|-1,-1|-1,-1|-1,-1|-1,-1|-1,-1|-1,-1|
#type=4,4,4,4,4,4,4,4,4,
.........
#11111111111
#assigned_pet=-1,-1,-1,-1,-1,-1,-1,-1,-1,
#assigned_hub=2,1,7,0,3,6,5,4,8,
#moving_targetting_pos=6,26|6,16|26,16|6,6|16,6|26,6|16,26|16,16|26,26|
#setting_targetting_pos=-1,-1|-1,-1|-1,-1|-1,-1|-1,-1|-1,-1|-1,-1|-1,-1|-1,-1|
#type=4,4,4,4,4,4,4,4,4,
.........
#11111111111
#assigned_pet=-1,-1,-1,-1,-1,-1,-1,-1,-1,
#assigned_hub=2,1,7,0,3,6,5,4,8,
#moving_targetting_pos=6,26|6,16|26,16|6,6|16,6|26,6|16,26|16,16|26,26|
#setting_targetting_pos=-1,-1|-1,-1|-1,-1|-1,-1|-1,-1|-1,-1|-1,-1|-1,-1|-1,-1|
#type=4,4,4,4,4,4,4,4,4,
.........
#11111111111
#assigned_pet=-1,-1,-1,-1,-1,-1,-1,-1,-1,
#assigned_hub=2,1,7,0,3,6,5,4,8,
#moving_targetting_pos=6,26|6,16|26,16|6,6|16,6|26,6|16,26|16,16|26,26|
#setting_targetting_pos=-1,-1|-1,-1|-1,-1|-1,-1|-1,-1|-1,-1|-1,-1|-1,-1|-1,-1|
#type=4,4,4,4,4,4,4,4,4,
.........
#11111111111
#assigned_pet=-1,-1,-1,-1,-1,-1,-1,-1,-1,
#assigned_hub=2,1,7,0,3,6,5,4,8,
#moving_targetting_pos=6,26|6,16|26,16|6,6|16,6|26,6|16,26|16,16|26,26|
#setting_targetting_pos=-1,-1|-1,-1|-1,-1|-1,-1|-1,-1|-1,-1|-1,-1|-1,-1|-1,-1|
#type=4,4,4,4,4,4,4,4,4,
.........
#11111111111
#assigned_pet=-1,-1,-1,-1,-1,-1,-1,-1,-1,
#assigned_hub=2,1,7,0,3,6,5,4,8,
#moving_targetting_pos=6,26|6,16|26,16|6,6|16,6|26,6|16,26|16,16|26,26|
#setting_targetting_pos=-1,-1|-1,-1|-1,-1|-1,-1|-1,-1|-1,-1|-1,-1|-1,-1|-1,-1|
#type=4,4,4,4,4,4,4,4,4,
.........
#11111111111
#assigned_pet=-1,-1,-1,-1,-1,-1,-1,-1,-1,
#assigned_hub=2,1,7,0,3,6,5,4,8,
#moving_targetting_pos=6,26|6,16|26,16|6,6|16,6|26,6|16,26|16,16|26,26|
#setting_targetting_pos=-1,-1|-1,-1|-1,-1|-1,-1|-1,-1|-1,-1|-1,-1|-1,-1|-1,-1|
#type=4,4,4,4,4,4,4,4,4,
.........
#11111111111
#assigned_pet=-1,-1,-1,-1,-1,-1,-1,-1,-1,
#assigned_hub=2,1,7,0,3,6,5,4,8,
#moving_targetting_pos=6,26|6,16|26,16|6,6|16,6|26,6|16,26|16,16|26,26|
#setting_targetting_pos=-1,-1|-1,-1|-1,-1|-1,-1|-1,-1|-1,-1|-1,-1|-1,-1|-1,-1|
#type=4,4,4,4,4,4,4,4,4,
.........
#11111111111
#assigned_pet=-1,-1,-1,-1,-1,-1,-1,-1,-1,
#assigned_hub=2,1,7,0,3,6,5,4,8,
#moving_targetting_pos=6,26|6,16|26,16|6,6|16,6|26,6|16,26|16,16|26,26|
#setting_targetting_pos=-1,-1|-1,-1|-1,-1|-1,-1|-1,-1|-1,-1|-1,-1|-1,-1|-1,-1|
#type=4,4,4,4,4,4,4,4,4,
.........
#11111111111
#assigned_pet=-1,-1,-1,-1,-1,-1,-1,-1,-1,
#assigned_hub=2,1,7,0,3,6,5,4,8,
#moving_targetting_pos=6,26|6,16|26,16|6,6|16,6|26,6|16,26|16,16|26,26|
#setting_targetting_pos=-1,-1|-1,-1|-1,-1|-1,-1|-1,-1|-1,-1|-1,-1|-1,-1|-1,-1|
#type=4,4,4,4,4,4,4,4,4,
.........
#11111111111
#assigned_pet=-1,-1,-1,-1,-1,-1,-1,-1,-1,
#assigned_hub=2,1,7,0,3,6,5,4,8,
#moving_targetting_pos=6,26|6,16|26,16|6,6|16,6|26,6|16,26|16,16|26,26|
#setting_targetting_pos=-1,-1|-1,-1|-1,-1|-1,-1|-1,-1|-1,-1|-1,-1|-1,-1|-1,-1|
#type=4,4,4,4,4,4,4,4,4,
.........
#11111111111
#assigned_pet=-1,-1,-1,-1,-1,-1,-1,-1,-1,
#assigned_hub=2,1,7,0,3,6,5,4,8,
#moving_targetting_pos=6,26|6,16|26,16|6,6|16,6|26,6|16,26|16,16|26,26|
#setting_targetting_pos=-1,-1|-1,-1|-1,-1|-1,-1|-1,-1|-1,-1|-1,-1|-1,-1|-1,-1|
#type=4,4,4,4,4,4,4,4,4,
.........
#11111111111
#assigned_pet=-1,-1,-1,-1,-1,-1,-1,-1,-1,
#assigned_hub=2,1,7,0,3,6,5,4,8,
#moving_targetting_pos=6,26|6,16|26,16|6,6|16,6|26,6|16,26|16,16|26,26|
#setting_targetting_pos=-1,-1|-1,-1|-1,-1|-1,-1|-1,-1|-1,-1|-1,-1|-1,-1|-1,-1|
#type=4,4,4,4,4,4,4,4,4,
.........
#11111111111
#assigned_pet=-1,-1,-1,-1,-1,-1,-1,-1,-1,
#assigned_hub=2,1,7,0,3,6,5,4,8,
#moving_targetting_pos=6,26|6,16|26,16|6,6|16,6|26,6|16,26|16,16|26,26|
#setting_targetting_pos=-1,-1|-1,-1|-1,-1|-1,-1|-1,-1|-1,-1|-1,-1|-1,-1|-1,-1|
#type=4,4,4,4,4,4,4,4,4,
.........
#11111111111
#assigned_pet=-1,-1,-1,-1,-1,-1,-1,-1,-1,
#assigned_hub=2,1,7,0,3,6,5,4,8,
#moving_targetting_pos=6,26|6,16|26,16|6,6|16,6|26,6|16,26|16,16|26,26|
#setting_targetting_pos=-1,-1|-1,-1|-1,-1|-1,-1|-1,-1|-1,-1|-1,-1|-1,-1|-1,-1|
#type=4,4,4,4,4,4,4,4,4,
.........
#11111111111
#assigned_pet=-1,-1,-1,-1,-1,-1,-1,-1,-1,
#assigned_hub=2,1,7,0,3,6,5,4,8,
#moving_targetting_pos=6,26|6,16|26,16|6,6|16,6|26,6|16,26|16,16|26,26|
#setting_targetting_pos=-1,-1|-1,-1|-1,-1|-1,-1|-1,-1|-1,-1|-1,-1|-1,-1|-1,-1|
#type=4,4,4,4,4,4,4,4,4,
.........
#11111111111
#assigned_pet=-1,-1,-1,-1,-1,-1,-1,-1,-1,
#assigned_hub=2,1,7,0,3,6,5,4,8,
#moving_targetting_pos=6,26|6,16|26,16|6,6|16,6|26,6|16,26|16,16|26,26|
#setting_targetting_pos=-1,-1|-1,-1|-1,-1|-1,-1|-1,-1|-1,-1|-1,-1|-1,-1|-1,-1|
#type=4,4,4,4,4,4,4,4,4,
.........
#11111111111
#assigned_pet=-1,-1,-1,-1,-1,-1,-1,-1,-1,
#assigned_hub=2,1,7,0,3,6,5,4,8,
#moving_targetting_pos=6,26|6,16|26,16|6,6|16,6|26,6|16,26|16,16|26,26|
#setting_targetting_pos=-1,-1|-1,-1|-1,-1|-1,-1|-1,-1|-1,-1|-1,-1|-1,-1|-1,-1|
#type=4,4,4,4,4,4,4,4,4,
.........
#11111111111
#assigned_pet=-1,-1,-1,-1,-1,-1,-1,-1,-1,
#assigned_hub=2,1,7,0,3,6,5,4,8,
#moving_targetting_pos=6,26|6,16|26,16|6,6|16,6|26,6|16,26|16,16|26,26|
#setting_targetting_pos=-1,-1|-1,-1|-1,-1|-1,-1|-1,-1|-1,-1|-1,-1|-1,-1|-1,-1|
#type=4,4,4,4,4,4,4,4,4,
.........
#11111111111
#assigned_pet=-1,-1,-1,-1,-1,-1,-1,-1,-1,
#assigned_hub=2,1,7,0,3,6,5,4,8,
#moving_targetting_pos=6,26|6,16|26,16|6,6|16,6|26,6|16,26|16,16|26,26|
#setting_targetting_pos=-1,-1|-1,-1|-1,-1|-1,-1|-1,-1|-1,-1|-1,-1|-1,-1|-1,-1|
#type=4,4,4,4,4,4,4,4,4,
.........
#11111111111
#assigned_pet=-1,-1,-1,-1,-1,-1,-1,-1,-1,
#assigned_hub=2,1,7,0,3,6,5,4,8,
#moving_targetting_pos=6,26|6,16|26,16|6,6|16,6|26,6|16,26|16,16|26,26|
#setting_targetting_pos=-1,-1|-1,-1|-1,-1|-1,-1|-1,-1|-1,-1|-1,-1|-1,-1|-1,-1|
#type=4,4,4,4,4,4,4,4,4,
.........
#11111111111
#assigned_pet=-1,-1,-1,-1,-1,-1,-1,-1,-1,
#assigned_hub=2,1,7,0,3,6,5,4,8,
#moving_targetting_pos=6,26|6,16|26,16|6,6|16,6|26,6|16,26|16,16|26,26|
#setting_targetting_pos=-1,-1|-1,-1|-1,-1|-1,-1|-1,-1|-1,-1|-1,-1|-1,-1|-1,-1|
#type=4,4,4,4,4,4,4,4,4,
.........
#11111111111
#assigned_pet=-1,-1,-1,-1,-1,-1,-1,-1,-1,
#assigned_hub=2,1,7,0,3,6,5,4,8,
#moving_targetting_pos=6,26|6,16|26,16|6,6|16,6|26,6|16,26|16,16|26,26|
#setting_targetting_pos=-1,-1|-1,-1|-1,-1|-1,-1|-1,-1|-1,-1|-1,-1|-1,-1|-1,-1|
#type=4,4,4,4,4,4,4,4,4,
.........
